0,0,0,1,1,0,1,0,0,0,0,0,0,1,0,0,0,0,0,0,0,0,0,0,0,0,0,0,0,0,0,0,0,0,0,0,0,0,0,0,0,0,0,0,0,0,0,0,0,0,0,0,0,0,1,0,0,0,0,0,0,0,0,0,0,0,0,0,0,0,0,0,0,0,0,0,0,0,0,0,0,0,0,0,0,0,0,0,0,0,0,0,0,0,0,0,0,1,0,0,0,0,0,0,0,0,0,0,0,0,0,0,0,0,0,0,0,0,0,0,0,0,0,0,0,0,0,0,0,0,0,0,0,0,0,0,0,0,0,0,0,0,0,0,0,0,0,0,0,0,0,0,0,0,0,0,0,0,0,0,0,0,0,0,0,0,0,0,0,0,0,0,0,0,0,0,0,0,0,0,0,0,0,0,0,0,0,0,0,0,0,0,0,0,0,0,0,0,0,0,0,0,0,0,0,0,0,0,0,0,0,0,0,0,0,0,0,0,0,0,0,0,0,0,0,0,0,0,0,0,0,0,0,0,0,0,0,0,0,0,0,0,0,0,0,0,0,0,0,0,0,0,0,0,0,0,0,0,0,0,0,0,0,0,0,0,0,0,0,0,0,0,0,0,0,0,0,0,0,0,0,0,0,0,0,0,0,0,0,0,0,0,0,0,0,0,0,0,0,0,0,0,0,0,0,0,0,0,0,0,0,0,0,0,0,0,0,0,0,0,0,0,0,0,0,0,0,0,0,0,0,0,0,0,0,0,0,0,0,0,0,0,0,0,0,0,0,0,0,0,0,0,0,0,0,0,0,0,0,0,0,0,0,0,0,0,0,0,0,0,0,0,0,0,0,0,0,0,0,0,0,0,0,0,0,0,0,0,0,0,0,0,0,0,0,0,0,0,0,0,0,0,0,0,0,0,0,0,0,0,0,0,0,0,0,0,0,0,0,0,0,0,0,0,0,0,0,0,0,0,0,0,0,0,0,0,0,0,0,0,0,0,0,0,0,0,0,0,0,0,0,0,0,0,0,0,0,0,0,0,0,0,0,0,0,0,0,0,0,0,0,0,0,0,0,0,0,0,0,0,0,0,0,0,0,0,0,0,0,0,0,0,0,0,0,0,0,0,0,0,0,0,0,0,0,0,0,0,0,0,0,0,0,0,0,0,0,0,0,0,0,0,0,0,0,0,0,0,0,0,0,0,0,0,0,0,0,0,0,0,0,0,0,0,0,0,0,0,0,0,0,0,0,0,0,0,0,0,0,0,0,0,0,0,0,0,0,0,0,0,0,0,0,0,0,0,0,0,0,0,0,0,0,0,0,0,0,0,0,0,0,0,0,0,0,0,0,0,0,0,0,0,0,0,0,0,0,0,0,0,0,0,0,0,0,0,0,0,0,0,0,0,0,0,0,0,0,0,0,0,0,0,0,0,0,0,0,0,0,0,0,0,0,0,0,0,0,0,0,0,0,0,0,0,0,0,0,0,0,0,0,0,0,0,0,0,0,0,0,0,0,0,0,0,0,0,0,0,0,0,0,0,0,0,0,0,0,0,0,0,0,0,0,0,0,0,0,0,0,0,0,0,0,0,0,0,0,0,0,0,0,0,0,0,0,0,0,0,0,0,0,0,0,0,0,0,0,0,0,0,0,0,0,0,0,0,0,0,0,0,0,0,0,0,0,0,0,0,0,0,0,0,0,0,0,0,0,0,0,0,0,0,0,0,0,0,0,0,0,0,0,0,0,0,0,0,0,0,0,0,0,0,0,0,0,0,0,0,0,0,0,0,0,0,0,0,0,0,0,0,0,0,0,0,0,0,0,0,0,0,0,0,0,0,0,0,0,0,0,0,0,0,0,0,0,0,0,0,0,0,0,0,0,0,0,0,0,0,0,0,0,0,0,0,0,0,0,0,0,0,0,0,0,0,0,0,0,0,0,0,0,0,0,0,0,0,0,0,0,0,0,0,0,0,0,0,0,0,0,0,0,0,0,0,0,0,0,0,0,0,0,0,0,0,0,0,0,0,0,0,0,0,0,0,0,0,0,0,0,0,0,0,0,0,0,0,0,0,0,0,0,0,0,0,0,0,0,0,0,0,0,0,0,0,0,0,0,0,0,0,0,0,0,0,0,0,0,0,0,0,0,0,0,0,0,0,0,0,0,0,0,0,0,0,0,0,0,0,0,0,0,0,0,0,0,0,0,0,0,0,0,0,0,0,0,0,0,0,0,0,0,0,0,0,0,0,0,0,0,0,0,0,0,0,0,0,0,0,0,0,0,0,0,0,0,0,0,0,0,0,0,0,0,0,0,0,0,0,0,0,0,0,0,0,0,0,0,0,0,0,0,0,0,0,0,0,0,0,0,0,0,0,0,0,0,0,0,0,0,0,0,0,0,0,0,0,0,0,0,0,0,0,0,0,0,0,0,0,0,0,0,0,0,0,0,0,0,0,0,0,0,0,0,0,0,0,0,0,0,0,0,0,0,0,0,0,0,0,0,0,0,0,0,0,0,0,0,0,0,0,0,0,0,0,0,0,0,0,0,0,0,0,0,0,0,0,0,0,0,0,0,0,0,0,0,0,0,0,0,0,0,0,0,0,0,0,0,0,0,0,0,0,0,0,0,0,0,0,0,0,0,0,0,0,0,0,0,0,0,0,0,0,0,0,0,0,0,0,0,0,0,0,0,0,0,0,0,0,0,0,0,0,0,0,0,0,0,0,0,0,0,0,0,0,0,0,0,0,0,0,0,0,0,0,0,0,0,0,0,0,0,0,0,0,0,0,0,0,0,0,0,0,0,0,0,0,0,0,0,0,0,0,0,0,0,0,0,0,0,0,0,0,0,0,0,0,0,0,0,0,0,0,0,0,0,0,0,0,0,0,0,0,0,0,0,0,0,0,0,0,0,0,0,0,0,0,0,0,0,0,0,0,0,0,0,0,0,0,0,0,0,0,0,0,0,0,0,0,0,0,0,0,0,0,0,0,0,0,0,0,0,0,0,0,0,0,0,0,0,0,0,0,0,0,0,0,0,0,0,0,0,0,0,0,0,0,0,0,0,0,0,0,0,0,0,0,0,0,0,0,0,0,0,0,0,0,0,0,0,0,0,0,0,0,0,0,0,0,0,0,0,0,0,0,0,0,0,0,0,0,0,0,0,0,0,0,0,0,0,0,0,0,0,0,0,0,0,0,0,0,0,0,0,0,0,0,0,0,0,0,0,0,0,0,0,0,0,0,0,0,0,0,0,0,0,0,0,0,0,0,0,0,0,0,0,0,0,0,0,0,0,0,0,0,0,0,0,0,0,0,0,0,0,0,0,0,0,0,0,0,0,0,0,0,0,0,0,0,0,0,0,0,0,0,0,0,0,0,0,0,0,0,0,0,0,0,0,0,0,0,0,0,0,0,0,0,0,0,0,0,0,0,0,0,0,0,0,0,0,0,0,0,0,0,0,0,0,0,0,0,0,0,0,0,0,0,0,0,0,0,0,0,0,0,0,0,0,0,0,0,0,0,0,0,0,0,0,0,0,0,0,0,0,0,0,0,0,0,0,0,0,0,0,0,0,0,0,0,0,0,0,0,0,0,0,0,0,0,0,0,0,0,0,0,0,0,0,0,0,0,0,0,0,0,0,0,0,0,0,0,0,0,0,0,0,0,0,0,0,0,0,0,0,0,0,0,0,0,0,0,0,0,0,0,0,0,0,0,0,0,0,0,0,0,0,0,0,0,0,0,0,0,0,0,0,0,0,0,0,0,0,0,0,0,0,0,0,0,0,0,0,0,0,0,0,0,0,0,0,0,0,0,0,0,0,0,0,0,0,0,0,0,0,0,0,0,0,0,0,0,0,0,0,0,0,0,0,0,0,0,0,0,0,0,0,0,0,0,0,0,0,0,0,0,0,0,0,0,0,0,0,0,0,0,0,0,0,0,0,0,0,0,0,0,0,0,0,0,0,0,0,0,0,0,0,0,0,0,0,0,0,0,0,0,0,0,0,0,0,0,0,0,0,0,0,0,0,0,0,0,0,0,0,0,0,0,0,0,0,0,0,0,0,0,0,0,0,0,0,0,0,0,0,0,0,0,0,0,0,0,0,0,0,0,0,0,0,0,0,0,0,0,0,0,0,0,0,0,0,0,0,0,0,0,0,0,0,0,0,0,0,0,0,0,0,0,0,0,0,0,0,0,0,0,0,0,0,0,0,0,0,0,0,0,0,0,0,0,0,0,0,0,0,0,0,0,0,0,0,0,0,0,0,0,0,0,0,0,0,0,0,0,0,0,0,0,0,0,0,0,0,0,0,0,0,0,0,0,0,0,0,0,0,0,0,0,0,0,0,0,0,0,0,0,0,0,0,0,0,0,0,0,0,0,0,0,0,0,0,0,0,0,0,0,0,0,0,0,0,0,0,0,0,0,0,0,0,0,0,0,0,0,0,0,0,0,0,0,0,0,0,0,0,0,0,0,0,0,0,0,0,0,0,0,0,0,0,0,0,0,0,0,0,0,0,0,0,0,0,0,0,0,0,0,0,0,0,0,0,0,0,0,0,0,0,0,0,0,0,0,0,0,0,0,0,0,0,0,0,0,0,0,0,0,0,0,0,0,0,0,0,0,0,0,0,0,0,0,0,0,0,0,0,0,0,0,0,0,0,0,0,0,0,0,0,0,0,0,0,0,0,0,0,0,0,0,0,0,0,0,0,0,0,0,0,0,0,0,0,0,0,0,0,0,0,0,0,0,0,0,0,0,0,0,0,0,0,0,0,0,0,0,0,0,0,0,0,0,0,0,0,0,0,0,0,0,0,0,0,0,0,0,0,0,0,0,0,0,0,0,0,0,0,0,0,0,0,0,0,0,0,0,0,0,0,0,0,0,0,0,0,0,0,0,0,0,0,0,0,0,0,0,0,0,0,0,0,0,0,0,0,0,0,0,0,0,0,0,0,0,0,0,0,0,0,0,0,0,0,0,0,0,0,0,0,0,0,0,0,0,0,0,0,0,0,0,0,0,0,0,0,0,0,0,0,0,0,0,0,0,0,0,0,0,0,0,0,0,0,0,0,0,0,0,0,0,0,0,0,0,0,0,0,0,0,0,0,0,0,0,0,0,0,0,0,0,0,0,0,0,0,0,0,0,0,0,0,0,0,0,0,0,0,0,0,0,0,0,0,0,0,0,0,0,0,0,0,0,0,0,0,0,0,0,0,0,0,0,0,0,0,0,0,0,0,0,0,0,0,0,0,0,0,0,0,0,0,0,0,0,0,0,0,0,0,0,0,0,0,0,0,0,0,0,0,0,0,0,0,0,0,0,0,0,0,0,0,0,0,0,0,0,0,0,0,0,0,0,0,0,0,0,0,0,0,0,0,0,0,0,0,0,0,0,0,0,0,0,0,0,0,0,0,0,0,0,0,0,0,0,0,0,0,0,0,0,0,0,0,0,0,0,0,0,0,0,0,0,0,0,0,0,0,0,0,0,0,0,0,0,0,0,0,0,0,0,0,0,0,0,0,0,0,0,0,0,0,0,0,0,0,0,0,0,0,0,0,0,0,0,0,0,0,0,0,0,0,0,0,0,0,0,0,0,0,0,0,0,0,0,0,0,0,0,0,0,0,0,0,0,0,0,0,0,0,0,0,0,0,0,0,0,0,0,0,0,0,0,0,0,0,0,0,0,0,0,0,0,0,0,0,0,0,0,0,0,0,0,0,0,0,0,0,0,0,0,0,0,0,0,0,0,0,0,0,0,0,0,0,0,0,0,0,0,0,0,0,0,0,0,0,0,0,0,0,0,0,0,0,0,0,0,0,0,0,0,0,0,0,0,0,0,0,0,0,0,0,0,0,0,0,0,0,0,0,0,0,0,0,0,0,0,0,0,0,0,0,0,0,0,0,0,0,0,0,0,0,0,0,0,0,0,0,0,0,0,0,0,0,0,0,0,0,0,0,0,0,0,0,0,0,0,0,0,0,0,0,0,0,0,0,0,0,0,0,0,0,0,0,0,0,0,0,0,0,0,0,0,0,0,0,0,0,0,0,0,0,0,0,0,0,0,0,0,0,0,0,0,0,0,0,0,0,0,0,0,0,0,0,0,0,0,0,0,0,0,0,0,0,0,0,0,0,0,0,0,0,0,0,0,0,0,0,0,0,0,0,0,0,0,0,0,0,0,0,0,0,0,0,0,0,0,0,0,0,0,0,0,0,0,0,0,0,0,0,0,0,0,0,0,0,0,0,0,0,0,0,0,0,0,0,0,0,0,0,0,0,0,0,0,0,0,0,0,0,0,0,0,0,0,0,0,0,0,0,0,0,0,0,0,0,0,0,0,0,0,0,0,0,0,0,0,0,0,0,0,0,0,0,0,0,0,0,0,0,0,0,0,0,0,0,0,0,0,0,0,0,0,0,0,0,0,0,0,0,0,0,0,0,0,0,0,0,0,0,0,0,0,0,0,0,0,0,0,0,0,0,0,0,0,0,0,0,0,0,0,0,0,0,0,0,0,0,0,0,0,0,0,0,0,0,0,0,0,0,0,0,0,0,0,0,0,0,0,0,0,0,0,0,0,0,0,0,0,0,0,0,0,0,0,0,0,0,0,0,0,0,0,0,0,0,0,0,0,0,0,0,0,0,0,0,0,0,0,0,0,0,0,0,0,0,0,0,0,0,0,0,0,0,0,0,0,0,0,0,0,0,0,0,0,0,0,0,0,0,0,0,0,0,0,0,0,0,0,0,0,0,0,0,0,0,0,0,0,0,0,0,0,0,0,0,0,0,0,0,0,0,0,0,0,0,0,0,0,0,0,0,0,0,0,0,0,0,0,0,0,0,0,0,0,0,0,0,0,0,0,0,0,0,0,0,0,0,0,0,0,0,0,0,0,0,0,0,0,0,0,0,0,0,0,0,0,0,0,0,0,0,0,0,0,0,0,0,0,0,0,0,0,0,0,0,0,0,0,0,0,0,0,0,0,0,0,0,0,0,0,0,0,0,0,0,0,0,0,0,0,0,0,0,0,0,0,0,0,0,0,0,0,0,0,0,0,0,0,0,0,0,0,0,0,0,0,0,0,0,0,0,0,0,0,0,0,0,0,0,0,0,0,0,0,0,0,0,0,0,0,0,0,0,0,0,0,0,0,0,0,0,0,0,0,0,0,0,0,0,0,0,0,0,0,0,0,0,0,0,0,0,0,0,0,0,0,0,0,0,0,0,0,0,0,0,0,0,0,0,0,0,0,0,0,0,0,0,0,0,0,0,0,0,0,0,0,0,0,0,0,0,0,0,0,0,0,0,0,0,0,0,0,0,0,0,0,0,0,0,0,0,0,0,0,0,0,0,0,0,0,0,0,0,0,0,0,0,0,0,0,0,0,0,0,0,0,0,0,0,0,0,0,0,0,0,0,0,0,0,0,0,0,0,0,0,0,0,0,0,0,0,0,0,0,0,0,0,0,0,0,0,0,0,0,0,0,0,0,0,0,0,0,0,0,0,0,0,0,0,0,0,0,0,0,0,0,0,0,0,0,0,0,0,0,0,0,0,0,0,0,0,0,0,0,0,0,0,0,0,0,0,0,0,0,0,0,0,0,0,0,0,0,0,0,0,0,0,0,0,0,0,0,0,0,0,0,0,0,0,0,0,0,0,0,0,0,0,0,0,0,0,0,0,0,0,0,0,0,0,0,0,0,0,0,0,0,0,0,0,0,0,0,0,0,0,0,0,0,0,0,0,0,0,0,0,0,0,0,0,0,0,0,0,0,0,0,0,0,0,0,0,0,0,0,0,0,0,0,0,0,0,0,0,0,0,0,0,0,0,0,0,0,0,0,0,0,0,0,0,0,0,0,0,0,0,0,0,0,0,0,0,0,0,0,0,0,0,0,0,0,0,0,0,0,0,0,0,0,0,0,0,0,0,0,0,0,0,0,0,0,0,0,0,0,0,0,0,0,0,0,0,0,0,0,0,0,0,0,0,0,0,0,0,0,0,0,0,0,0,0,0,0,0,0,0,0,0,0,0,0,0,0,0,0,0,0,0,0,0,0,0,0,0,0,0,0,0,0,0,0,0,0,0,0,0,0,0,0,0,0,0,0,0,0,0,0,0,0,0,0,0,0,0,0,0,0,0,0,0,0,0,0,0,0,0,0,0,0,0,0,0,0,0,0,0,0,0,0,0,0,0,0,0,0,0,0,0,0,0,0,0,0,0,0,0,0,0,0,0,0,0,0,0,0,0,0,0,0,0,0,0,0,0,0,0,0,0,0,0,0,0,0,0,0,0,0,0,0,0,0,0,0,0,0,0,0,0,0,0,0,0,0,0,0,0,0,0,0,0,0,0,0,0,0,0,0,0,0,0,0,0,0,0,0,0,0,0,0,0,0,0,0,0,0,0,0,0,0,0,0,0,0,0,0,0,0,0,0,0,0,0,0,0,0,0,0,0,0,0,0,0,0,0,0,0,0,0,0,0,0,0,0,0,0,0,0,0,0,0,0,0,0,0,0,0,0,0,0,0,0,0,0,0,0,0,0,0,0,0,0,0,0,0,0,0,0,0,0,0,0,0,0,0,0,0,0,0,0,0,0,0,0,0,0,0,0,0,0,0,0,0,0,0,0,0,0,0,0,0,0,0,0,0,0,0,0,0,0,0,0,0,0,0,0,0,0,0,0,0,0,0,0,0,0,0,0,-1.1901519,0.61137486,1.4507103,-0.13450153,0.36829746,-0.17898588,0.18682761,0.0012266595,-0.21580672,-0.3702746,-0.30094367,0.24526198,0.6474772,0.72991997,-0.4903165,1.6631335,-0.46912208,-0.19455242,-1.0680743,0.22083451,0.32632768,0.20957871,-0.6650209,-0.31585163,-0.53971034,0.8466091,0.06552841,0.8864834,-0.33626774,-0.16898738,-0.025715414,-0.0024853596,0.3663816,0.43942454,0.1979038,0.1562334,-0.044574868,-0.32201836,-0.42080596,-0.58772707,-1.1989529,0.576889,-0.36344928,-0.52426356,-0.73447156,-0.5790458,-0.6963336,0.10121169,0.47504795,-0.026374,0.4386462,0.8360119,0.107617915,-0.82421863,0.7014811,0.24047229,0.35883778,-0.24945438,0.76512426,-0.3948817,0.48151404,-0.86876285,0.2070641,-0.8244581,-0.29789025,-0.33219647,0.1351587,-0.4580459,-0.8927114,0.2120933,0.8849866,-0.24238956,-0.38171002,0.36147213,0.33405107,-0.31854582,-0.4088916,-0.13396268,-0.0078139035,-0.21478891,-0.25119063,-0.5058232,-0.20485027,-0.08840064,0.1268366,-0.14438029,-0.15617493,-0.68429947,0.5469533,0.22538473,0.07193464,-0.6331095,0.3725483,-0.10300923,0.49737993,0.3175266,-0.2662782,-1.1617728,0.49989453,0.21724223,0.08402864,0.3606938,0.3398586,0.7044148,0.17030315,0.2560987,0.060020253,0.45529044,0.21101561,-0.633349,0.47223398,-0.12444315,-0.4157768,-0.24430545,0.17934372,0.49300933,0.15749069,-0.3233954,-0.77494454,0.2678933,-0.27927026,-0.2681342,0.6923208,-0.87421113,-0.197067,0.34596547,-0.20227581,-0.22478741,0.063013814,-0.49690238,0.24466327,0.41793075,0.44619,-0.023260692,0.37440434,1.0114347,-0.025775285,-0.045951907,-0.23969536,-0.34393126,-0.50420666,-0.5082779,0.46295395,0.21778107,-0.33986,0.55054563,1.0155059,-0.21215457,0.16814777,0.8360119,0.49552393,0.14096622,-0.058465004,0.96240014,0.4603196,-0.004940082,0.18922247,0.046429474,0.4572063,0.29944548,-0.15821055,-0.1614436,0.16114284,-0.03619289,0.33261418,-0.38356602,-0.48792168,0.50863576,0.053554155,-0.014519487,0.026013369,-0.09666288,-0.92761636,-0.4378094,-0.4595427,-0.28268293,0.6114347,-0.29639345,0.30531287,-0.50276977,0.40607622,0.8900756,-0.93988997,-0.32543102,0.40589663,-0.34309307,0.4011668,-0.073193334,0.38338503,-0.82601476,0.49175203,-0.23915651,-0.1591685,-0.26741576,-0.36524543,0.22658214,-0.36536518,0.6185594,0.25945148,0.16760893,0.38536078,-1.048197,0.0077526285,-0.56773007,-0.49043626,-0.3592583,1.1384816,-0.14779295,0.87163526,0.84912366,0.73417085,0.3254895,0.5438999,-0.101153225,0.74213374,0.3221367,-0.11965345,0.67244357,0.050859947,0.5279143,-0.06109934,0.067983136,0.35913715,-0.27100804,0.16090335,-0.14096762,-0.20473053,0.20293298,1.0272408,-0.72177887,-0.3086072,-0.20922087,0.31890365,0.5794036,-0.08666437,-0.5708434,0.29537424,0.5031874,-0.24723914,-0.21287303,0.20059802,-0.32872394,-0.20419168,-0.014459615,-0.63646233,0.58754605,-0.66621834,-0.30022523,-0.13408242,0.1977242,-0.005838151,0.23741885,-0.5168395,-1.1563246,-0.2020962,0.07109644,-0.25149,0.8610381,-0.21383096,0.29687104,-0.1537202,0.2814841,-0.06355406,-1.2143997,0.25256628,-0.36542505,-0.47624677,-0.43050513,-0.62101555,-0.16922687,-0.6840001,-1.0678349,0.19341345,0.9610231,-0.07331308,0.954078,0.44355565,-0.5125886,-0.03260061,-0.107679196,-0.4151182,0.33458993,-0.19754598,-0.94952923,-0.031822287,-0.2535855,-0.45858476,0.36608222,-0.47235513,0.5571913,-0.15958759,-0.013142447,0.22837828,0.14192416,0.30992296,0.15958619,0.9228851,-0.3075295,0.67178494,-0.34961903,-0.04900534,0.4457709,0.2341858,0.050321106,0.06756403,0.45319492,-0.11618091,-0.20089877,-0.06858325,-0.2046108,0.64556134,-0.10630216,-0.34668532,-0.20173697,-0.14072813,-0.11067276,0.18107997,-0.10408691,0.4687016,0.6297553,-0.24999322,0.21353021,-0.5662333,0.2285579,-0.9079187,0.50737846,0.116059765,0.6998047,0.40398073,0.22975533,-0.08923884,-0.30830783,-0.27016982,-0.12408392,0.43337753,-0.16174296,0.068043,-0.45936307,-0.47277424,0.7064504,-0.20742474,0.016134607,-0.39362442,-0.7281252,-0.29543552,-0.36099458,0.9626995,-0.5553966,0.91486233,0.50456446,-0.038288385,0.34596547,0.07510781,-0.23101403,-0.1591685,0.45044085,0.25059053,0.60760295,0.24352571,0.25783494,-0.4236798,0.6260433,-0.28896943,0.05984064,-0.09055601,-0.049304698,0.08313057,0.017811004,-0.13258564,0.4286477,-0.13186719,-0.16234167,-0.043078084,-0.20455092,-0.17132236,-0.22825995,0.6407716,-0.4778633,-0.34560764,-0.46439227,0.40972838,-0.27238506,-0.48103648,0.21454802,-0.16312,-0.4042815,0.6481358,0.33285367,0.5207297,-0.13994981,-0.096962236,0.5467139,0.6132907,0.2199963,0.27016842,0.3732069,0.35554487,-0.50917596,0.3892524,0.4324196,-0.090615876,0.2571165,0.28076565,-0.16569446,0.6044896,0.4849267,-0.15066677,-0.010567982,-0.33896193,0.1216278,-0.3056735,0.013320657,-0.5248024,-1.1332142,-0.7588991,0.54737246,-0.28974774,0.62538475,0.043196425,0.048165742,0.10534281,0.0584636,0.067264676,-0.44858626,0.5771883,-0.37500444,0.15910722,0.06965953,-0.21652517,0.3187839,-0.5776088,-0.43433687,-0.54569745,-0.07852188,0.15389842,0.24077164,-1.2317026,0.81715244,-0.29196298,-0.5780878,-0.37500444,-0.11606117,-0.13114874,-0.002126132,-0.08959807,-0.083251715,-0.38913408,0.18551046,-0.25388485,0.10749818,-0.22353011,0.49899647,0.33584723,-0.23592347,0.085884646,0.5744941,0.5607237,-0.79769564,0.19964007,-0.014100388,-0.87552834,0.49253035,0.13455999,0.8672048,-0.19090027,-0.23993485,-0.22616445,0.042777326,-1.1737472,-0.36243147,-0.08935858,0.16311859,0.6012566,-0.24945438,-0.1779082,-0.19940199,-0.4824135,0.04397475,-0.09468713,-0.17730948,-0.2692119,0.37979275,0.25957122,0.33435044,0.0524166,0.1333027,0.2796281,0.23304825,0.0017056298,-0.054932598,0.14521708,0.16533382,0.13294347,-0.89546543,-0.34291345,0.36686054,-0.34884068,0.8500816,0.27495813,0.3262678,0.034814447,0.21700273,-0.33105892,-0.008113259,-0.4078139,0.20760295,-0.8446347,0.05187776,-0.537076,0.30980322,0.28591457,0.66430104,-0.4501429,-0.29094517,0.1018104,-0.01751305,0.0688812,0.024336973,-0.24215008,0.27346134,-0.04361693,-0.24825695,0.16910572,0.18814479,0.21957721,-0.41691434,-0.36650273,-0.15845004,0.033317663,0.43134192,0.3663816,0.054571968,0.5047441,0.6156257,0.17090186,-0.32082093,-0.19305563,-0.0055387947,0.14617503,1.0270611,-0.04361693,-0.49833927,-0.38314694,0.40110692,-0.45523196,0.1860493,0.06540867,-0.8393661,-0.5128281,0.9978439,0.16671087,-0.68801147,-0.27765375,0.021283537,0.06397176,0.81817025,-0.03487572,-0.8098495,0.03134191,0.09300933,0.34991696,-0.5032487,0.2298152,-0.93779445,-0.3832068,-0.41475898,0.18263663,-0.4111667,0.613171,0.11743681,-0.116121046,-0.09486674,0.23197056,0.036490843,0.20993793,0.48666298,-0.5400097,0.09582328,-0.351954,-0.17323825,-0.49109486,-0.17575283,0.16311859,-0.5546183,0.03313805,-0.2446048,-0.012064764,-0.42984653,0.008950055,-0.008113259,0.26639655,-0.064092904,0.011704133,-0.48941845,-0.1852125,0.07666447,0.30393583,0.21071626,-0.20634706,-0.6313134,-0.091992915,-0.31872544,0.020145983,0.0011667883,0.015116796,0.18946195,0.6554401,-0.2621471,0.14719284,0.14922845,-0.43379804,0.30040342,-0.5393511,0.18161881,-0.10444614,0.2602298,-0.6341872,-0.31788725,-0.12546097,0.043196425,-0.08073712,0.09294946,-0.3748847,0.5234838,-0.010867339,-0.36494607,-0.13863264,-0.09091523,-0.9622818,0.14773168,-0.03152293,-0.45630965,0.55862826,-0.8086521,0.21754158,0.04391488,0.3067498,-0.03445662,0.24238816,-0.5751541,-0.14575732,-0.37105295,-0.01236412,-0.27304366,-0.7304003,0.122406125,-0.38129094,0.42397773,-0.31417522,-0.10773906,0.07343142,0.18359457,0.383864,-0.048227016,0.5631785,-0.16802944,-0.344051,1.262894,-0.24729902,0.5294709,-0.534741,-0.23664193,0.6287974,-0.2440061,-0.13168758,-0.16078502,0.42290005,0.81667346,-0.0649311,-0.62825996,-0.7671613,0.24574095,-0.5703046,-0.0070954477,0.85439235,0.5109707,0.6748384,-0.0012280628,0.2617266,-0.8167946,0.2314916,-0.52552086,0.32507038,0.588983,0.43433547,-0.5450987,-0.106062666,-0.2860956,-0.18527237,-0.12881376,0.12965055,-0.68328166,-1.1008838,0.04433398,-0.06325471,0.785241,0.16425614,0.21287163,-0.68477845,-0.32201836,-0.026134513,-0.34387138,0.40475908,0.3763202,-0.35602525,0.067444295,0.5231845,-0.3067512,0.099056326,0.4146977,0.2635826,0.19694586,-0.10085387,0.4432563,0.2114347,0.367579,-0.88546693,-0.35165465,-0.4930706,0.020325597,-0.13653715,0.52803403,0.18113984,0.54611516,-0.48289248,-0.35422912,0.5853907,0.2008375,-0.40625724,0.0246962,-0.17012493,-0.43798903,-0.32435334,0.54384005,0.68184334,0.15713146,-0.30124304,0.3767393,-0.6527473,0.25130898,-0.16521549,1.0524465,0.39170712,-0.004101884,0.52881235,-0.34542802,-0.1735376,0.11737694,-0.52611953,0.21987656,-0.10372769,0.3104618,-0.53821355,-0.26807433,0.25645792,0.008650698,0.30076265,0.4067947,0.06840223,0.2560388,0.2629839,0.032000497,0.39996937,-0.020506615,0.51156944,0.15276086,-0.13971032,-0.2456825,0.37751764,-0.019907901,-0.33788425,-0.3759025,-0.36332953,-0.16928674,-0.21131638,0.008710569,-0.1139058,-1.0451436,0.5416248,-0.2008389,-0.04391628,0.22143322,0.13018939,0.37117127,0.15365893,-0.25202885,-0.33309454,0.3192629,0.17641002,0.42834836,0.03265908,0.11839475,0.28052616,-0.0072750617,-0.27076855,-0.94276375,0.66735446,-0.14545797,-0.76452696,-0.056608994,0.786199,-0.74973875,0.30447468,-0.35710293,-0.1255807,0.81793076,-0.09127446,0.052177116,-0.22053654,-0.510074,0.0003285904,-0.040264137,0.29160234,0.11935269,0.29842767,-0.11420516,0.23071326,0.10354667,0.09229087,0.022660576,-0.5848533,0.46073872,-0.18533224,-0.68196446,-0.37434587,-0.14964896,0.0588827,-0.37536368,0.39901143,0.44110093,-0.27974924,0.65334463,-0.026613483,0.027929248,0.5034269,-0.45607015,-0.47498947,-0.0057782796,0.0728327,-0.054274015,-0.07259463,0.22298987,0.14168468,-0.7038175,-0.40541905,0.18113984,0.62867767,-0.52067125,0.6596311,0.25705662,0.49582326,0.039544277,0.35728115,-0.36446708,0.7334524,0.024875814,0.40589663,0.014697697,-0.3121396,-0.4138609,-0.12947233,0.13659562,0.05612862,0.15096472,0.090075634,-0.5058232,0.0020049862,-0.24179085,-0.20790371,-0.095884554,0.6467588,-0.04750856,0.22742034,0.20903987,-0.5245629,-0.4514002,0.33369187,-0.7916487,-0.30106342,0.055529907,0.10055311,-0.52647877,-0.9703644,0.07444923,0.248974,-0.20664641,0.4155359,-0.18844554,-0.29896793,-0.48678413,0.37703866,-0.042539243,0.11312608,0.6487345,0.04624986,-0.5074996,-0.06163818,0.085705034,-0.034636237,-0.2225123,0.16006516,0.11103058,0.52587867,1.2575655,0.36260968,0.025833754,-0.6841198,-0.7730886,0.74488777,-0.120791,0.22556433,-0.26544002,-1.0064069,0.27615556,-0.40925083,-0.19539061,0.5519227,-0.69298077,-0.28405997,0.2617266,0.10444474,-0.38188964,0.22448665,0.6587929,-0.021464555,0.6625049,0.6802268,-0.09959657,-0.9196535,0.8710366,0.7352485,-0.7296819,-0.7031589,-0.18359597,0.3975745,0.30219957,0.6152665,0.37171012,0.11210826,0.548989,-0.35542655,-0.061398696,-0.1947919,-0.37171152,0.21382956,0.35698178,0.37057257,-0.26705652,-0.5193541,-0.2116756,-0.67472005,0.28040642,-0.26041082,0.7623702,-0.21760286,-0.1293526,0.7750629,0.4630737,-1.0619076,0.19065937,-0.33554927,0.18586968,0.32770473,-0.67448056,-0.17689039,0.0061959755,-0.18461378,-0.07564806,0.0005680755,-0.49905774,-0.22137475,0.13461986,-0.69501644,-0.2033535,0.15629327,-0.19107988,-0.16485626,-0.21113676,-0.23610309,1.1348294,0.69435644,0.17976281,0.30136138,-0.45373517,-0.007754032,-0.33848298,0.12959068,0.0029030554,-0.007334933,-0.2566988,-0.040084522,0.23454502,-0.48792168,0.3748833,0.44565114,0.5082765,-0.037090957,0.59257525,0.12043037,0.27094677,1.1600951,0.43206036,0.41517666,-0.52528137,0.33991846,0.2466989,-0.5356391,-0.12923285,0.525699,0.2018553,0.54683363,0.20736347,0.16180143,-0.5600067,0.018289974,0.18113984,-0.029906405,0.2008375,0.2466989,-0.6593331,-0.13342384,-0.31375614,-0.3626111,-0.957073,0.28238216,-0.2660986,0.80439985,-0.9921576,-0.5438414,-1.2084725,0.7139942,0.7780565,1.141535,0.13156644,0.8765447,-0.5085773,-0.62694275,-0.68016833,-0.37009498,0.5779667,1.0610081,-0.7213598,0.43289855,1.0180805,0.24352571,-0.08367081,-0.030984087,-0.011525922,-0.6354445,1.222002,0.8886986,-0.6546632,0.25675726,-0.4163755,0.39571851,-0.758001,0.65687704,0.12959068,0.7619511,0.18856388,-0.060740113,0.48887822,0.7648249,-0.6516696,1.2972602,-0.33165765,-1.1435121,0.8630737,0.44193912,-0.036312632,0.6934584,0.26058903,-0.39158878,0.89821815,0.29788885,0.32357362,-0.42727208,-0.9364773,-0.17359747,-0.059123587,-0.42984653,0.7659026,-0.7425542,0.03319792,0.7121981,-0.14731398,0.30974334,-0.44259912,0.42008612,0.7485998,-0.15994681,-1.5665627,-0.19886315,0.6581942,0.7802717,0.18491174,0.2099978,0.044932693,-0.14815217,0.6710665,-0.53222644,-0.33249584,0.4874413,-0.018590733,0.12492072,-0.0050598243,-0.64328766,-0.19628868,0.35608372,0.60185534,-0.8254161,-0.33369327,0.32375324,0.11701771,0.4332578,0.23556283,-0.7849431,-0.36781988,0.5969459,-0.20760435,-0.616585,-0.0259549,0.24777658,-0.15976721,-0.07732446,0.7627893,-0.13144809,-0.36793962,0.56856686,0.42331916,-0.7108823,-0.27118766,0.20113686,-0.24969386,0.37626034,0.110431865,-0.22879879,-0.62574536,0.7087854,0.19598792,-0.26238656,-0.53090924,0.26567808,0.007872371,0.54360056,-0.10426653,-0.06349419,0.7492584,0.11797565,-0.5380339,0.015176667,-1.140279,
0,0,0,0,0,0,0,0,1,0,0,0,0,0,0,0,0,0,0,0,0,0,0,0,0,0,0,0,0,0,0,0,0,0,0,0,0,0,0,0,0,0,0,0,0,0,0,0,0,0,0,0,0,0,0,0,0,0,0,0,0,0,0,0,0,0,0,0,0,0,0,0,0,0,0,0,0,0,0,0,0,0,0,0,0,0,0,0,0,0,0,0,0,0,0,0,0,0,0,0,0,0,0,0,0,0,0,0,0,0,0,0,0,0,0,0,0,0,0,0,0,0,0,0,0,0,0,0,0,0,0,0,0,0,0,0,0,0,0,0,0,0,0,0,0,0,0,0,0,0,0,0,0,0,0,0,0,0,0,0,0,0,0,0,0,0,0,0,0,0,0,0,0,0,0,0,0,0,0,0,0,0,0,0,0,0,0,0,0,0,0,0,0,0,0,0,0,0,0,0,0,0,0,0,0,0,1,0,0,0,0,0,0,0,0,0,0,0,0,0,0,0,0,0,0,0,0,0,0,0,0,0,0,0,0,0,0,0,0,0,0,0,0,0,0,0,0,0,0,0,0,0,0,0,0,0,0,0,0,0,0,0,0,0,0,0,0,0,0,0,0,0,0,0,0,0,0,0,0,0,0,0,0,0,0,0,0,0,0,0,0,0,0,0,0,0,0,0,0,0,0,0,0,0,0,0,0,0,0,0,0,0,0,0,0,0,0,0,0,0,0,0,0,0,0,0,0,0,0,0,0,0,0,0,0,0,0,0,0,0,0,0,0,0,0,0,0,0,0,0,0,0,0,0,0,0,0,0,0,0,0,0,0,0,0,0,0,0,0,0,0,0,0,0,0,0,0,0,0,0,0,0,0,0,0,0,0,0,0,0,0,0,0,0,0,0,0,0,0,0,0,0,0,0,0,0,0,0,0,0,0,0,0,0,0,0,0,0,0,0,0,0,0,0,0,0,0,0,0,0,0,0,0,0,0,0,0,0,0,0,0,0,0,0,0,0,0,0,0,0,0,0,0,0,0,0,0,0,0,0,0,0,0,0,0,0,0,0,0,0,0,0,0,0,0,0,0,0,0,0,0,0,0,0,0,0,0,0,0,0,0,0,0,0,0,0,0,0,0,0,0,0,0,0,0,0,0,0,0,0,0,0,0,0,0,0,0,0,0,0,0,0,0,0,0,0,0,0,0,0,0,0,0,0,0,0,0,0,0,0,0,0,0,0,0,0,0,0,0,0,0,0,0,0,0,0,0,0,0,0,0,0,0,0,0,0,0,0,0,0,0,0,0,0,0,0,0,0,0,0,0,0,0,0,0,0,0,0,0,0,0,0,0,0,0,0,0,0,0,0,0,0,0,0,0,0,0,0,0,0,0,0,0,0,0,0,0,0,0,0,0,0,0,0,0,0,0,0,0,0,0,0,0,0,0,0,0,0,0,0,0,0,0,0,0,0,0,0,0,0,0,0,0,0,0,0,0,0,0,0,0,0,0,0,0,0,0,0,0,0,0,0,0,0,0,0,0,0,0,0,0,0,0,0,0,0,0,0,0,0,0,0,0,0,0,0,0,0,0,0,0,0,0,0,0,0,0,0,0,0,0,0,0,0,0,0,0,0,0,0,0,0,0,0,0,0,0,0,0,0,0,0,0,0,0,0,0,0,0,0,0,0,0,0,0,0,0,0,0,0,0,0,0,0,0,0,0,0,0,0,0,0,0,0,0,0,0,0,0,0,0,0,0,0,0,0,0,0,0,0,0,0,0,0,0,0,0,0,0,0,0,0,0,0,0,0,0,0,0,0,0,0,0,0,0,0,0,0,0,0,0,0,0,0,0,0,0,0,0,0,0,0,0,0,0,0,0,0,0,0,0,0,0,0,0,0,0,0,0,0,0,0,0,0,0,0,0,0,0,0,0,0,0,0,0,0,0,0,0,0,0,0,0,0,0,0,0,0,0,0,0,0,0,0,0,0,0,0,0,0,0,0,0,0,0,0,0,0,0,0,0,0,0,0,0,0,0,0,0,0,0,0,0,0,0,0,0,0,0,0,0,0,0,0,0,0,0,0,0,0,0,0,0,0,0,0,0,0,0,0,0,0,0,0,0,0,0,0,0,0,0,0,0,0,0,0,0,0,0,0,0,0,0,0,0,0,0,0,0,0,0,0,0,0,0,0,0,0,0,0,0,0,0,0,0,0,0,0,0,0,0,0,0,0,0,0,0,0,0,0,0,0,0,0,0,0,0,0,0,0,0,0,0,0,0,0,0,0,0,0,0,0,0,0,0,0,0,0,0,0,0,0,0,0,0,0,0,0,0,0,0,0,0,0,0,0,0,0,0,0,0,0,0,0,0,0,0,0,0,0,0,0,0,0,0,0,0,0,0,0,0,0,0,0,0,0,0,0,0,0,0,0,0,0,0,0,0,0,0,0,0,0,0,0,0,0,0,0,0,0,0,0,0,0,0,0,0,0,0,0,0,0,0,0,0,0,0,0,0,0,0,0,0,0,0,0,0,0,0,0,0,0,0,0,0,0,0,0,0,0,0,0,0,0,0,0,0,0,0,0,0,0,0,0,0,0,0,0,0,0,0,0,0,0,0,0,0,0,0,0,0,0,0,0,0,0,0,0,0,0,0,0,0,0,0,0,0,0,0,0,0,0,0,0,0,0,0,0,0,0,0,0,0,0,0,0,0,0,0,0,0,0,0,0,0,0,0,0,0,0,0,0,0,0,0,0,0,0,0,0,0,0,0,0,0,0,0,0,0,0,0,0,0,0,0,0,0,0,0,0,0,0,0,0,0,0,0,0,0,0,0,0,0,0,0,0,0,0,0,0,0,0,0,0,0,0,0,0,0,0,0,0,0,0,0,0,0,0,0,0,0,0,0,0,0,0,0,0,0,0,0,0,0,0,0,0,0,0,0,0,0,0,0,0,0,0,0,0,0,0,0,0,0,0,0,0,0,0,0,0,0,0,0,0,0,0,0,0,0,0,0,0,0,0,0,0,0,0,0,0,0,0,0,0,0,0,0,0,0,0,0,0,0,0,0,0,0,0,0,0,0,0,0,0,0,0,0,0,0,0,0,0,0,0,0,0,0,0,0,0,0,0,0,0,0,0,0,0,0,0,0,0,0,0,0,0,0,0,0,0,0,0,0,0,0,0,0,0,0,0,0,0,0,0,0,0,0,0,0,0,0,0,0,0,0,0,0,0,0,0,0,0,0,0,0,0,0,0,0,0,0,0,0,0,0,0,0,0,0,0,0,0,0,0,0,0,0,0,0,0,0,0,0,0,0,0,0,0,0,0,0,0,0,0,0,0,0,0,0,0,0,0,0,0,0,0,0,0,0,0,0,0,0,0,0,0,0,0,0,0,0,0,0,0,0,0,0,0,0,0,0,0,0,0,0,0,0,0,0,0,0,0,0,0,0,0,0,0,0,0,0,0,0,0,0,0,0,0,0,0,0,0,0,0,0,0,0,0,0,0,0,0,0,0,0,0,0,0,0,0,0,0,0,0,0,0,0,0,0,0,0,0,0,0,0,0,0,0,0,0,0,0,0,0,0,0,0,0,0,0,0,0,0,0,0,0,0,0,0,0,0,0,0,0,0,0,0,0,0,0,0,0,0,0,0,0,0,0,0,0,0,0,0,0,0,0,0,0,0,0,0,0,0,0,0,0,0,0,0,0,0,0,0,0,0,0,0,0,0,0,0,0,0,0,0,0,0,0,0,0,0,0,0,0,0,0,0,0,0,0,0,0,0,0,0,0,0,0,0,0,0,0,0,0,0,0,0,0,0,0,0,0,0,0,0,0,0,0,0,0,0,0,0,0,0,0,0,0,0,0,0,0,0,0,0,0,0,0,0,0,0,0,0,0,0,0,0,0,0,0,0,0,0,0,0,0,0,0,0,0,0,0,0,0,0,0,0,0,0,0,0,0,0,0,0,0,0,0,0,0,0,0,0,0,0,0,0,0,0,0,0,0,0,0,0,0,0,0,0,0,0,0,0,0,0,0,0,0,0,0,0,0,0,0,0,0,0,0,0,0,0,0,0,0,0,0,0,0,0,0,0,0,0,0,0,0,0,0,0,0,0,0,0,0,0,0,0,0,0,0,0,0,0,0,0,0,0,0,0,0,0,0,0,0,0,0,0,0,0,0,0,0,0,0,0,0,0,0,0,0,0,0,0,0,0,0,0,0,0,0,0,0,0,0,0,0,0,0,0,0,0,0,0,0,0,0,0,0,0,0,0,0,0,0,0,0,0,0,0,0,0,0,0,0,0,0,0,0,0,0,0,0,0,0,0,0,0,0,0,0,0,0,0,0,0,0,0,0,0,0,0,0,0,0,0,0,0,0,0,0,0,0,0,0,0,0,0,0,0,0,0,0,0,0,0,0,0,0,0,0,0,0,0,0,0,0,0,0,0,0,0,0,0,0,0,0,0,0,0,0,0,0,0,0,0,0,0,0,0,0,0,0,0,0,0,0,0,0,0,0,0,0,0,0,0,0,0,0,0,0,0,0,0,0,0,0,0,0,0,0,0,0,0,0,0,0,0,0,0,0,0,0,0,0,0,0,0,0,0,0,0,0,0,0,0,0,0,0,0,0,0,0,0,0,0,0,0,0,0,0,0,0,0,0,0,0,0,0,0,0,0,0,0,0,0,0,0,0,0,0,0,0,0,0,0,0,0,0,0,0,0,0,0,0,0,0,0,0,0,0,0,0,0,0,0,0,0,0,0,0,0,0,0,0,0,0,0,0,0,0,0,0,0,0,0,0,0,0,0,0,0,0,0,0,0,0,0,0,0,0,0,0,0,0,0,0,0,0,0,0,0,0,0,0,0,0,0,0,0,0,0,0,0,0,0,0,0,0,0,0,0,0,0,0,0,0,0,0,0,0,0,0,0,0,0,0,0,0,0,0,0,0,0,0,0,0,0,0,0,0,0,0,0,0,0,0,0,0,0,0,0,0,0,0,0,0,0,0,0,0,0,0,0,0,0,0,0,0,0,0,0,0,0,0,0,0,0,0,0,0,0,0,0,0,0,0,0,0,0,0,0,0,0,0,0,0,0,0,0,0,0,0,0,0,0,0,0,0,0,0,0,0,0,0,0,0,0,0,0,0,0,0,0,0,0,0,0,0,0,0,0,0,0,0,0,0,0,0,0,0,0,0,0,0,0,0,0,0,0,0,0,0,0,0,0,0,0,0,0,0,0,0,0,0,0,0,0,0,0,0,0,0,0,0,0,0,0,0,0,0,0,0,0,0,0,0,0,0,0,0,0,0,0,0,0,0,0,0,0,0,0,0,0,0,0,0,0,0,0,0,0,0,0,0,0,0,0,0,0,0,0,0,0,0,0,0,0,0,0,0,0,0,0,0,0,0,0,0,0,0,0,0,0,0,0,0,0,0,0,0,0,0,0,0,0,0,0,0,0,0,0,0,0,0,0,0,0,0,0,0,0,0,0,0,0,0,0,0,0,0,0,0,0,0,0,0,0,0,0,0,0,0,0,0,0,0,0,0,0,0,0,0,0,0,0,0,0,0,0,0,0,0,0,0,0,0,0,0,0,0,0,0,0,0,0,0,0,0,0,0,0,0,0,0,0,0,0,0,0,0,0,0,0,0,0,0,0,0,0,0,0,0,0,0,0,0,0,0,0,0,0,0,0,0,0,0,0,0,0,0,0,0,0,0,0,0,0,0,0,0,0,0,0,0,0,0,0,0,0,0,0,0,0,0,0,0,0,0,0,0,0,0,0,0,0,0,0,0,0,0,0,0,0,0,0,0,0,0,0,0,0,0,0,0,0,0,0,0,0,0,0,0,0,0,0,0,0,0,0,0,0,0,0,0,0,0,0,0,0,0,0,0,0,0,0,0,0,0,0,0,0,0,0,0,0,0,0,0,0,0,0,0,0,0,0,0,0,0,0,0,0,0,0,0,0,0,0,0,0,0,0,0,0,0,0,0,0,0,0,0,0,0,0,0,0,0,0,0,0,0,0,0,0,0,0,0,0,0,0,0,0,0,0,0,0,0,0,0,0,0,0,0,0,0,0,0,0,0,0,0,0,0,0,0,0,0,0,0,0,0,0,0,0,0,0,0,0,0,0,0,0,0,0,0,0,0,0,0,0,0,0,0,0,0,0,0,0,0,0,0,0,0,0,0,0,0,0,0,0,0,0,0,0,0,0,0,0,0,0,0,0,0,0,0,0,0,0,0,0,0,0,0,0,0,0,0,0,0,0,0,0,0,0,0,0,0,0,0,0,0,0,0,0,0,0,0,0,0,0,0,0,0,0,0,0,0,0,0,0,0,0,0,0,0,0,0,0,0,0,0,0,0,0,0,0,0,0,0,0,0,0,0,0,0,0,0,0,0,0,0,0,0,0,0,0,0,0,0,0,0,0,0,0,0,0,0,0,0,0,0,0,0,0,0,0,0,0,0,0,0,0,0,0,0,0,0,0,0,0,0,0,0,0,0,0,0,0,0,0,0,0,0,0,0,0,0,0,0,0,0,0,0,0,0,0,0,0,0,0,0,0,0,0,0,0,0,0,0,0,0,0,0,0,0,0,0,0,0,0,0,0,0,0,0,0,0,0,0,0,0,0,0,0,0,0,0,0,0,0,0,0,0,0,0,0,0,0,0,0,0,0,0,0,0,0,0,0,0,0,0,0,0,0,0,0,0,0,0,0,0,0,0,0,0,0,0,0,0,0,0,0,0,0,0,0,0,0,0,0,0,0,0,0,0,0,0,0,0,0,0,0,0,0,0,0,0,0,0,0,0,0,0,0,0,0,0,0,0,0,0,0,0,0,0,0,0,0,0,0,0,0,0,0,0,0,0,0,0,0,0,0,0,0,0,0,0,0,0,0,0,0,0,0,0,0,0,0,0,0,0,0,0,0,0,0,0,0,0,0,0,0,0,0,0,0,0,0,0,0,0,0,0,0,0,0,0,0,0,0,0,0,0,0,0,0,0,0,0,0,0,0,0,0,0,0,0,0,0,0,0,0,0,0,0,0,0,0,0,0,0,0,0,0,0,0,0,0,0,0,0,0,0,0,0,0,0,0,0,0,0,0,0,0,0,0,0,0,0,0,0,0,0,0,0,0,0,0,0,0,0,0,0,0,0,0,0,0,0,0,0,0,0,0,0,0,0,0,0,0,0,0,0,0,0,0,0,0,0,0,0,0,0,0,0,0,0,0,0,0,0,0,0,0,0,0,0,0,0,0,0,0,0,0,0,0,0,0,0,0,0,0,0,0,0,0,0,0,0,0,0,0,0,0,0,0,0,0,0,0,0,0,0,0,0,0,0,0,0,0,0,0,0,0,0,0,0,0,0,0,0,0,0,0,0,0,0,0,0,0,0,0,0,0,0,0,0,0,0,0,0,0,0,0,0,0,0,0,0,0,0,0,0,0,0,0,0,0,0,0,0,0,0,0,0,0,0,0,0,0,0,0,0,0,0,0,0,0,0,0,0,0,0,0,0,0,0,0,0,0,0,0,0,0,0,0,0,0,0,0,0,0,0,0,0,0,0,0,0,0,0,0,0,0,0,0,0,0,0,0,0,0,0,0,0,0,0,0,0,0,0,0,0,0,0,0,0,0,0,0,0,0,0,0,0,0,0,0,0,0,0,0,0,0,0,0,0,0,0,0,0,0,0,0,0,0,0,0,0,0,0,0,0,0,0,0,0,0,0,0,0,0,0,0,0,0,0,0,0,0,0,0,0,0,0,0,0,0,0,0,0,0,0,0,0,0,0,0,0,0,0,0,0,0,0,0,0,0,0,0,0,0,0,0,0,0,0,0,0,0,0,0,0,0,0,0,0,0,0,0,0,0,0,0,0,0,0,0,0,0,0,0,0,0,0,0,0,0,0,0,0,0,0,0,0,0,0,0,0,0,0,0,0,0,0,0,0,0,0,0,0,0,0,0,0,0,0,0,0,0,0,0,0,0,0,0,0,0,0,0,0,0,0,0,0,0,0,0,0,0,0,0,0,0,0,0,0,0,0,0,0,0,0,0,0,0,0,0,0,0,0,0,0,0,0,0,0,0,0,0,0,0,0,0,0,0,0,0,0,0,0,0,0,0,0,0,0,0,0,0,0,0,0,0,0,0,0,0,0,0,0,0,0,0,0,0,0,0,0,0,0,0,0,0,0,0,0,0,0,0,0,0,0,0,0,0,0,0,0,0,0,0,0,0,0,0,0,0,0,0,0,0,0,0,0,0,0,0,0,0,0,0,0,0,0,0,0,0,0,0,0,0,0,0,0,0,0,0,0,0,0,0,0,0,0,0,0,0,0,0,0,0,0,0,0,0,0,0,0,0,0,0,0,0,0,0,0,0,0,0,0,0,0,0,0,0,0,0,0,0,0,0,0,0,0,0,0,0,0,0,0,0,0,0,0,0,0,0,0,0,0,0,0,0,0,0,0,0,0,0,0,0,0,0,0,0,0,0,0,0,0,0,0,0,0,0,0,0,0,0,0,0,0,0,0,0,0,0,0,0,0,0,0,0,0,0,0,0,0,0,0,0,0,0,0,0,0,0,0,0,0,0,0,0,0,0,0,0,0,0,0,0,0,0,0,0,0,0,0,0,0,0,0,0,0,0,0,0,0,0,0,0,0,0,0,0,0,0,0,0,0,0,0,0,0,0,0,0,0,0,0,0,0,0.8733907,0.56807494,0.31822777,0.07350996,-0.13369201,-0.5863275,0.14883986,0.12229845,0.5092663,1.2956675,-0.24641848,-1.2869016,1.4018332,0.30224326,0.22876233,-0.44872966,-0.879297,-0.37381727,-0.42350042,0.9327361,0.813926,0.2112271,-0.2073519,0.08174078,-1.0039523,-0.19154634,1.0284641,0.69022506,1.210079,-0.535869,-0.22011563,0.43155065,-0.83235747,1.1622448,0.63523364,-0.5065243,-1.167495,-1.5261322,-1.2998443,0.18933788,-0.15510407,0.49686044,-0.30433244,-0.957967,0.04482137,-0.26616052,0.95617604,0.259777,-0.1342288,0.38914403,0.71193534,-0.6361896,0.3266375,0.37113166,0.2681271,0.010347354,0.5285312,-0.90709096,-0.4456282,0.12939604,0.17335339,-0.10303518,0.31250197,-0.38675994,-0.0513838,-0.0733923,0.7297688,-0.22309782,-0.31703654,-0.60779923,-0.4189675,0.13327287,0.33725408,-0.012854017,-0.1852241,0.5098031,0.3439938,-0.34041682,0.19118685,0.042733844,0.043807432,0.41318044,-0.06289502,0.39218587,-0.5749952,-0.12182293,-0.8102893,-0.023530228,-0.28244323,0.13327287,0.07977254,0.14621554,0.11269582,-0.17854401,0.07923575,0.7125318,-0.25697538,-0.37322083,-1.1558049,0.46095496,0.15319385,-0.14436822,-0.24874458,0.11806375,-0.3227623,-0.4498629,0.4639968,-0.13524275,0.16136502,0.8059337,-0.15987556,0.36886522,0.62008417,-0.62968844,-0.30385527,-0.21081123,-0.81535906,0.28071192,0.68139786,0.42916492,-0.43256623,0.6156109,0.0020568897,-0.12486476,-0.16536278,-0.25888398,0.27695438,0.02012891,0.5112942,0.081382915,-0.025080962,0.7423536,-0.76555663,-0.35383666,-0.26890412,0.08925588,0.22035258,-0.49340275,0.8228725,1.0987242,0.66803765,-0.61030424,-0.1581459,-0.33731535,0.33707514,0.62181383,-0.07112584,0.2355617,-0.21218303,-0.27236345,-0.29150906,-0.0046828403,-0.353777,-0.7354962,0.3459024,0.40405494,0.28536412,0.16035108,-0.47837254,0.5010951,0.17567949,0.610064,0.10100567,0.021023564,0.026152916,-0.36481106,0.064444125,0.42636168,-0.11490427,0.24510469,0.7575031,-0.013211879,-0.16828531,0.1367322,0.087406926,0.23293738,-0.49942675,0.19816515,-0.18051226,0.25822628,0.022991804,-0.4483718,-0.030389244,-0.26252225,-0.062298585,-0.56372255,-0.17257966,-0.66803926,0.06969277,-0.07464482,0.24289787,-0.40691948,0.18182279,0.20907992,0.7468269,0.9478259,-0.63875425,-0.38228667,-0.29973987,0.19190256,-0.67430186,-0.43489233,-0.042854764,-0.4942974,0.21236032,-0.3075532,-0.20908156,0.04446351,0.14221942,-0.1898763,-0.0071878727,0.3927823,0.0834108,-0.22578177,-0.28315896,-0.8247827,-0.39582577,0.16792582,0.8525154,-0.4656088,-0.20908156,0.105180725,-0.36886683,0.5904413,0.12420704,0.03891665,0.41031754,-0.21605986,-0.048043758,1.0304323,0.059314772,0.3268761,0.3230589,-0.1421614,-0.09313434,0.40500924,0.007961609,-0.30999857,-0.057527095,-0.51213086,0.026987927,0.47103474,-0.01947446,-0.12611727,-0.85842174,0.19106755,-0.6664885,-0.31143004,-0.23711406,0.27611938,0.2220226,-0.12713121,0.17848274,0.35127035,-0.18880272,0.06879811,-0.5015739,-0.6273027,0.15784605,0.29329672,0.26448885,0.015059201,-0.42904726,0.4760448,0.4604182,0.3166174,0.071661,0.7070446,-0.30355707,0.13422717,-0.13124663,-0.35174912,-0.11627607,-0.3350489,0.41228577,0.58865196,0.19363223,-0.28900403,-0.515113,0.21200247,-0.4330434,-0.19959822,0.18558034,-0.21492663,0.5285312,0.18164386,-0.49393952,0.8842458,0.04625282,-0.15426907,-0.29944167,0.75213516,0.3922455,-0.5571618,0.22631693,-0.31375614,0.209736,0.6307604,0.22053151,0.76197636,-0.17120786,-0.10905919,-0.26472905,0.019055324,0.02227608,-0.7714017,0.76633036,0.14341229,0.8169082,0.12939604,0.14842236,-0.124268316,0.4378729,-0.0523381,0.08657191,0.36689696,0.016550291,0.27403185,0.6533653,0.11090651,-0.21790881,0.14675233,-0.10679273,0.39254373,0.5707589,-0.13971601,0.29604033,0.2248855,-0.10392984,0.40321994,0.35991865,-0.3231798,-0.82197946,-0.0490577,-0.20138752,0.32425177,0.21677396,0.69946986,-0.2999188,-0.2377105,-0.28059426,0.14866093,-0.38443384,-0.06629471,-0.0011042226,0.10935578,-0.062000368,-0.24969886,0.2556616,-0.7229711,-0.075420186,0.13052927,-0.41216812,0.647401,0.3946909,0.08698942,0.1527167,0.012136663,-0.4527258,-0.14335428,0.32872504,0.57547075,0.0393938,0.11901805,0.5682539,0.3361805,0.9579653,0.42266378,-0.057467453,0.09182055,-0.404653,0.25285834,-0.0865139,-0.43656236,0.024781112,-0.23395295,-0.35186842,-0.06909796,0.4756273,-0.4474175,0.13691114,0.32508677,-0.2981295,-0.7077023,-0.34166935,0.03641162,-0.28769186,0.24474682,-0.12552084,-0.39332074,0.27767012,0.08263543,-0.69261247,-0.14293677,0.19965623,-0.10941705,0.14048976,0.16756797,0.26502565,-0.029077085,-0.23818766,-0.078104146,0.07052778,-0.45368007,-0.22572213,-0.0046231966,0.18057027,-0.23490725,0.46489146,0.10530001,-0.008500033,-0.4348327,0.33063364,-0.36314106,0.014403121,0.039572734,-0.20759046,0.30904266,0.3025415,-0.49847245,-0.36218676,0.7166472,0.21510394,0.35329822,0.7297688,-0.18146656,0.2810698,-0.122061506,0.37626103,-0.22315745,0.0033690496,0.1577864,0.12522098,-0.55191314,-0.4825476,0.10166175,-0.3738769,0.122119516,-0.15206225,0.18736964,0.08293365,0.186475,-0.26258188,0.148482,0.2555423,-0.34226578,0.12516133,-0.094625436,0.3080287,0.3115477,0.7336456,-0.5075979,-0.104168415,-0.05824282,0.11078723,-0.561814,0.0038461986,-0.15051152,-0.0014024407,0.1344061,0.13219929,0.31804883,0.45874816,0.31494737,0.69356513,0.71271074,0.31381413,-0.49203095,0.17251839,0.14418766,0.071661,0.67215306,0.11323261,0.06599486,0.18892038,-0.41109452,-0.028242074,0.3014679,0.5312152,-0.13625668,0.3140527,-0.21122873,-0.16369276,-0.006889655,-0.04971378,0.0922977,-0.013152236,-0.53300613,0.23490562,0.13709007,0.43930432,-0.105480574,-0.6538441,0.048996426,-0.15862305,0.28512555,-0.06879974,0.12873995,0.33474904,0.08800336,0.106970035,0.44491082,0.093729146,-0.34202722,0.18015277,-0.3519877,0.2458204,0.08448438,0.18969575,-0.77843964,-0.32312018,0.16512257,-0.7413413,0.016788866,0.35496825,-0.030866394,-0.19924036,-0.280475,-0.40882808,-0.060986426,0.011659514,-0.2800575,-0.5188109,-0.482309,-0.41711855,-0.098621555,-0.23842622,0.10023031,0.05973228,-0.8557378,0.1307082,-0.37178937,-0.26031545,-0.37954304,0.24015425,0.22595908,0.34238344,0.6641012,0.037485205,0.1774688,-0.004146048,0.34757245,-0.032894276,0.88168114,-0.37322083,0.071661,0.017087085,0.5745164,-0.3781116,-0.09796548,0.13929687,-0.47717968,-0.33779252,0.0048004966,0.1461559,0.3394609,0.59849316,-0.28930223,0.05102431,0.5104592,-0.6189526,0.19005361,-0.16655564,0.15259741,0.4138365,-0.1403721,0.10756647,-0.021084838,0.06611415,-0.1262962,0.5853716,0.69809806,0.28548342,0.08991195,-0.14019316,-0.2012086,0.56920815,0.49185038,-0.03677111,0.29275993,-0.24355558,-0.60141736,-0.19536352,0.69278973,0.14043011,-0.17723186,0.34244308,-0.06862081,-0.102259815,0.04315135,0.24188392,-0.66994786,-0.24510631,-0.12987483,-0.8609268,-0.119735405,-0.102796614,0.05054716,0.39642057,0.020069266,-0.45421687,-0.23782979,-0.8393358,0.077267505,0.7832095,0.21057102,-0.18295765,0.3240132,-0.082816,-0.5123694,0.343457,-0.014524039,-0.17794758,0.26568174,0.57105714,-0.24868493,-0.051562734,0.20389093,0.27009535,0.4034585,-0.61954904,-0.6186544,-0.004861771,-0.26282048,-0.3655268,-0.060449634,0.07303281,-0.16118772,-0.37840983,0.029254384,-0.0714837,0.10804362,0.15713033,-0.0312839,-0.39976224,0.53240806,-0.837129,-0.25787005,-0.22023492,-0.25512645,-0.026810627,0.511831,-0.27838746,-0.33952218,0.03653091,0.30230293,-0.81589586,-0.55930895,0.19888087,0.2968157,-0.092716835,0.53246766,0.13607612,0.1311257,-0.16345417,0.3423238,-0.49745852,-0.3108336,0.40244457,-0.06730865,0.12432633,0.13923724,-0.2724231,-0.055200994,-0.4385306,-0.36117283,0.28005585,0.12665243,0.07720786,-0.088124275,0.4059039,-0.1922024,-0.6065467,0.21927899,-0.37381727,-0.6541423,0.3264586,0.19613726,0.13553934,0.30283973,-0.28113106,-0.07697092,0.48797354,0.19065005,0.22416976,0.14048976,-0.33606285,0.009035194,0.27349505,-0.6161493,-0.15438835,-0.043510843,-0.5804228,0.2491008,-0.19333564,0.47025937,-0.59730196,0.055080075,-0.44789466,-0.10482449,-0.06522112,-0.014941544,-0.47431678,-0.028719222,0.117467314,-0.29490873,-0.3963029,-0.11573928,0.39272267,-0.14770827,0.5290083,-0.06414754,-0.06665257,0.11585694,0.11728838,-0.16422954,0.08991195,-0.15450764,0.4650704,0.16548043,0.18534176,0.41884658,-0.09283613,-0.08895929,0.047386046,0.035815183,-0.66577286,0.3835972,-0.028719222,-0.26550442,0.16774689,0.085498326,-0.12617691,-0.37280333,0.045000304,0.19894052,-0.23544404,-0.2006718,0.533422,-0.30707604,-0.15880197,0.20102803,0.16154395,-0.23967874,0.22923948,-0.24397308,0.35132998,-0.3702983,0.16989407,-0.061105713,0.45403633,-0.4241565,-0.22297852,-0.46811384,-0.24826743,0.2955632,-0.15051152,0.1395951,-0.2226803,-0.1566548,-0.2282868,0.011778802,-0.11299567,-0.0967726,-0.3623657,-0.12719086,-0.50234926,-0.21755095,0.033250507,0.13643399,-0.10715059,-0.38860887,0.43220675,0.21969649,0.3816886,0.00074472994,0.087287635,0.2257205,-0.5533446,-0.4851719,-0.24337664,0.27397218,-0.39964294,0.099633865,-0.20335577,-0.898204,0.10225819,0.08943481,-0.2921055,-0.67406327,-0.3791852,0.15659353,0.08490189,-0.26699552,0.4767009,-0.568673,-0.3663618,0.095518455,0.1963162,-0.14371213,0.056809742,0.02293216,-0.07112584,0.54457533,-0.067666516,-0.045658015,0.22524334,0.16536115,-0.516962,-0.1727586,0.26896214,0.07291352,0.4891664,0.3983888,-0.16208237,0.26520458,-0.5070611,-0.47950578,-0.16750994,-0.10941705,-0.03724826,0.06378805,0.5582934,0.25864378,-0.22106993,-0.07500268,-0.20878334,-0.18790807,0.052455757,0.07995147,-0.64036465,0.12856103,0.30850586,-0.3079707,0.29114956,-0.16691351,0.57356215,0.17699166,-0.040767238,-0.049952354,-0.122061506,0.25339514,-0.057348166,0.20102803,-0.41884822,-0.36451286,0.09671133,0.11275546,0.54952574,-0.41443458,-0.29651913,-0.27785066,-0.4515329,0.30779013,-0.24677633,0.2584052,0.82197785,-0.12510332,-0.045538727,-0.38884747,0.29973826,-0.48797518,0.30832693,0.504972,-0.012734731,-0.48964518,-0.423739,-0.07470446,0.012434881,0.71384394,-0.43161193,0.41872728,0.10714897,0.13941617,-0.0135697415,-0.22017527,0.063609116,0.51302385,0.17603736,0.032713715,0.19279721,0.15045024,0.06366876,0.11913733,0.4620882,-0.06367039,-0.35270342,-0.18886237,0.16601722,-0.20335577,0.12772602,-0.31107217,0.35025638,-0.3869985,-0.16315596,-0.010348985,-0.10559986,0.16082823,-0.23765086,0.34620064,0.02162,0.12587707,-0.06563863,0.27009535,-0.047506966,-0.0061142873,0.029791178,-0.18456803,0.35973972,0.25029367,0.02555648,-0.08621568,-0.08824357,-0.04834198,0.14502268,0.23991568,-0.5396862,0.2143882,-0.2921055,0.112039745,0.096830614,-0.32306054,0.40828964,-0.44717893,0.19023255,0.083172224,0.042256694,-0.61877364,-0.07661305,0.8727346,-0.01732729,0.21522322,0.0899716,-0.37888697,0.3788257,0.15844248,-0.341729,0.06474234,0.008558045,0.0055162203,0.22846411,-0.42916656,-0.03736755,-0.07404838,-0.3516895,0.4650704,0.4747923,-0.19005524,-0.15772839,-0.6286745,0.6339215,-0.07172228,-0.25751218,-0.26502728,-0.04201975,-0.22524498,0.10875934,-0.14043175,-0.3111318,0.07106457,-0.5663469,-0.2952666,-0.60648704,0.051620744,-0.70776194,-0.44515103,0.3219853,0.07744644,-0.07196085,0.2248855,-0.5155902,-0.41753605,-0.36159033,-0.5638419,0.021858575,0.098262064,0.22029293,-0.075300895,0.633504,0.126891,0.536762,0.33075294,-0.20061216,-0.20478721,-0.14746968,0.050905023,-0.22727287,-0.28369573,-0.07410803,0.02442325,-0.025975617,-0.13112733,0.034503024,-0.5742795,-0.23448974,-0.0743466,-0.058123533,0.6498464,-0.61907184,-0.29234406,-0.56044215,-0.19810712,0.061342657,0.19464616,0.28017512,0.11221867,0.09641311,0.23764923,-0.05842175,-0.16476634,0.18611713,-0.19840536,0.081860065,0.10714897,0.3057026,0.14377016,-0.22464855,-0.7737278,0.04875785,-0.13112733,0.043568857,-0.469426,0.37465063,0.8028919,0.9006478,1.1128002,1.2002378,-0.44157243,0.18200172,-1.1274145,-0.83343107,-0.079475954,1.0129567,-0.17299716,0.8921784,-0.24951994,0.32508677,-1.3758899,-0.82997173,-0.5577582,0.5968828,-0.5156498,0.08036897,-1.415016,-0.043749418,-1.2822493,0.93595684,0.85066646,-0.48881018,-0.38264453,-0.06396861,-0.38675994,0.14496303,-0.71348774,1.3952128,1.4249749,-1.179543,0.6728091,-0.39707828,-0.39063677,-1.2805197,-1.3434438,-0.07750771,0.17633557,0.5767829,1.1506739,-0.40650198,-1.5625148,-0.028898153,0.3968977,0.14895914,-0.5090294,-0.23723336,-0.5567443,0.6722723,1.5366875,1.1052254,-0.93786705,-0.39773434,-0.15492514,0.2004316,-0.73734516,-0.36451286,0.5226861,-1.4942229,0.49739724,0.3942734,0.22733088,0.8376641,0.3383873,0.96959585,0.2112271,-0.08836285,0.43888682,-0.42409685,0.40751427,0.09909707,0.79317,0.390993,0.34387454,0.99315506,-0.5698659,0.30874443,-1.3838822,-0.33099315,-0.94579965,-0.24266092,0.87649214,0.18599784,-0.5008582,0.30969873,0.71354574,-0.42153215,0.120688066,0.29699463,-0.84088653,-0.27069342,-0.069396175,-0.37942377,-0.5536428,-0.31465077,-0.34673905,-0.5777388,0.80032724,0.5202407,-0.1898763,0.912994,-0.28482896,0.048519276,-0.387416,-0.766332,0.71133894,0.18719071,0.74312896,0.18450676,-0.115083195,0.2968157,0.8288965,0.9313643,0.9964951,1.3253105,0.9626772,0.22446798,-1.2310154,0.12539992,0.77813977,0.40650034,-0.7446217,-0.14746968,0.29067242,-0.32115194,0.3295004,
0,0,0,0,0,0,0,0,0,0,0,0,0,0,0,0,0,0,0,0,0,0,0,0,0,0,0,0,0,0,0,1,0,0,0,0,0,0,0,0,1,0,0,0,0,0,0,0,0,0,0,0,0,0,0,0,0,1,0,0,0,0,0,0,0,0,0,0,0,0,0,0,0,0,0,0,0,0,0,0,0,0,0,0,0,0,0,0,0,0,0,0,0,0,0,0,0,0,0,0,0,0,0,0,0,0,0,0,0,0,0,0,0,0,0,0,0,1,0,0,0,0,0,0,0,0,0,0,0,0,0,0,0,0,0,0,0,0,0,0,0,0,0,0,0,0,0,0,0,0,0,0,0,0,0,0,0,0,0,0,0,0,0,0,0,0,0,0,0,0,0,0,0,0,0,0,0,0,0,0,0,0,0,0,0,0,0,0,0,0,0,0,0,0,0,0,0,0,0,0,0,0,0,0,0,0,0,0,0,0,0,0,0,0,0,0,0,0,0,0,0,0,0,0,0,0,0,0,0,0,0,0,0,0,0,0,0,0,0,0,0,0,0,0,0,0,0,0,0,0,0,0,0,0,0,0,0,0,0,0,0,0,0,0,0,0,0,0,0,0,0,0,0,0,0,0,0,0,0,0,0,0,0,0,0,0,0,0,0,0,0,0,0,0,0,0,0,0,0,0,0,0,0,0,0,0,0,0,0,0,0,0,0,0,0,0,0,0,0,0,0,0,0,0,0,0,0,0,0,0,0,0,0,0,0,0,0,0,0,0,0,0,0,0,0,0,0,0,0,0,0,0,0,0,0,0,0,0,0,0,0,0,0,0,0,0,0,0,0,0,0,0,0,0,0,0,0,0,0,0,0,0,0,0,0,0,0,0,0,0,0,0,0,0,0,0,0,0,0,0,0,0,0,0,0,0,0,0,0,0,0,0,0,0,0,0,0,0,0,0,0,0,0,0,0,0,0,0,0,0,0,0,0,0,0,0,0,0,0,0,0,0,0,0,0,0,0,0,0,0,0,0,0,0,0,0,0,0,0,0,0,0,0,0,0,0,0,0,0,0,0,0,0,0,0,0,0,0,0,0,0,0,0,0,0,0,0,0,0,0,0,0,1,0,0,0,0,0,0,0,0,0,0,0,0,0,0,0,0,0,0,0,0,0,0,0,0,0,0,0,0,0,0,0,0,0,0,0,0,0,0,0,0,0,0,0,0,0,0,0,0,0,0,0,0,0,0,0,0,0,0,0,0,0,0,0,0,0,0,0,0,0,0,0,0,0,0,0,0,0,0,0,0,0,0,0,0,0,0,0,0,0,0,0,0,0,0,0,0,0,0,0,0,0,0,0,0,0,0,0,0,0,0,0,0,0,0,0,0,0,0,0,0,0,0,0,0,0,0,0,0,0,0,0,0,0,0,0,0,0,0,0,0,0,0,0,0,0,0,0,0,0,0,0,0,0,0,0,0,0,0,0,0,0,0,0,0,0,0,0,0,0,0,0,0,0,0,0,0,0,0,0,0,0,0,0,0,0,0,0,0,0,0,0,0,0,0,0,0,0,0,0,0,0,0,0,0,0,0,0,0,0,0,0,0,0,0,0,0,0,0,0,0,0,0,0,0,0,0,0,0,0,0,0,0,0,0,0,0,0,0,0,0,0,0,0,0,0,0,0,0,0,0,0,0,0,0,0,0,0,0,0,0,0,0,0,0,0,0,0,0,0,0,0,0,0,0,0,0,0,0,0,0,0,0,0,0,0,0,0,0,0,0,0,0,0,0,0,0,0,0,0,0,0,0,0,0,0,0,0,0,0,0,0,0,0,0,0,0,0,0,0,0,0,0,0,0,0,0,0,0,0,0,0,0,0,0,0,0,0,0,0,0,0,0,0,0,0,0,0,0,0,0,0,0,0,0,0,0,0,0,0,0,0,0,0,0,0,0,0,0,0,0,0,0,0,0,0,0,0,0,0,0,0,0,0,0,0,0,0,0,0,0,0,0,0,0,0,0,0,0,0,0,0,0,0,0,0,0,0,0,0,0,0,0,0,0,0,0,0,0,0,0,0,0,0,0,0,0,0,0,0,0,0,0,0,0,0,0,0,0,0,0,0,0,0,0,0,0,0,0,0,0,0,0,0,0,0,0,0,0,0,0,0,0,0,0,0,0,0,0,0,0,0,0,0,0,0,0,0,0,0,0,0,0,0,0,0,0,0,0,0,0,0,0,0,0,0,0,0,0,0,0,0,0,0,0,0,0,0,0,0,0,0,0,0,0,0,0,0,0,0,0,0,0,0,0,0,0,0,0,0,0,0,0,0,0,0,0,0,0,0,0,0,0,0,0,0,0,0,0,0,0,0,0,0,0,0,0,0,0,0,0,0,0,0,0,0,0,0,0,0,0,0,0,0,0,0,0,0,0,0,0,0,0,0,0,0,0,0,0,0,0,0,0,0,0,0,0,0,0,0,0,0,0,0,0,0,0,0,0,0,0,0,0,0,0,0,0,0,0,0,0,0,0,0,0,0,0,0,0,0,0,0,0,0,0,0,0,0,0,0,0,0,0,0,0,0,0,0,0,0,0,0,0,0,0,0,0,0,0,0,0,0,0,0,0,0,0,0,0,0,0,0,0,0,0,0,0,0,0,0,0,0,0,0,0,0,0,0,0,0,0,0,0,0,0,0,0,0,0,0,0,0,0,0,0,0,0,0,0,0,0,0,0,0,0,0,0,0,0,0,0,0,0,0,0,0,0,0,0,0,0,0,0,0,0,0,0,0,0,0,0,0,0,0,0,0,0,0,0,0,0,0,0,0,0,0,0,0,0,0,0,0,0,0,0,0,0,0,0,0,0,0,0,0,0,0,0,0,0,0,0,0,0,0,0,0,0,0,0,0,0,0,0,0,0,0,0,0,0,0,0,0,0,0,0,0,0,0,0,0,0,0,0,0,0,0,0,0,0,0,0,0,0,0,0,0,0,0,0,0,0,0,0,0,0,0,0,0,0,0,0,0,0,0,0,0,0,0,0,0,0,0,0,0,0,0,0,0,0,0,0,0,1,0,0,0,0,0,0,0,0,0,0,0,0,0,0,0,0,0,0,0,0,0,0,0,0,0,0,0,0,0,0,0,0,0,0,0,0,0,0,0,0,0,0,0,0,0,0,0,0,0,0,0,0,0,0,0,0,0,0,0,0,0,0,0,0,0,0,0,0,0,0,0,0,0,0,0,0,0,0,0,0,0,0,0,0,0,0,0,0,0,0,0,0,0,0,0,0,0,0,0,0,0,0,0,0,0,0,0,0,0,0,0,0,0,0,0,0,0,0,0,0,0,0,0,0,0,0,0,0,0,0,0,0,0,0,0,0,0,0,0,0,0,0,0,0,0,0,0,0,0,0,0,0,0,0,0,0,0,0,0,0,0,0,0,0,0,0,0,0,0,0,0,0,0,0,0,0,0,0,0,0,0,0,0,0,0,0,0,0,0,0,0,0,0,0,0,0,0,0,0,0,0,0,0,0,0,0,0,0,0,0,0,0,0,0,0,0,0,0,0,0,0,0,0,0,0,0,0,0,0,0,0,0,0,0,0,0,0,0,0,0,0,0,0,0,0,0,0,0,0,0,0,0,0,0,0,0,0,0,0,0,0,0,0,0,0,0,0,0,0,0,0,0,0,0,0,0,0,0,0,0,0,0,0,0,0,0,0,0,0,0,0,0,0,0,0,0,0,0,0,0,0,0,0,0,0,0,0,0,0,0,0,0,0,0,0,0,0,0,0,0,0,0,0,0,0,0,0,0,0,0,0,0,0,0,0,0,0,0,0,0,0,0,0,0,0,0,0,0,0,0,0,0,0,0,0,0,0,0,0,0,0,0,0,0,0,0,0,0,0,0,0,0,0,0,0,0,0,0,0,0,0,0,0,0,0,0,0,0,0,0,0,0,0,0,0,0,0,0,0,0,0,0,0,0,0,0,0,0,0,0,0,0,0,0,0,0,0,0,0,0,0,0,0,0,0,0,0,0,0,0,0,0,0,0,0,0,0,0,0,0,0,0,0,0,0,0,0,0,0,0,0,0,0,0,0,0,0,0,0,0,0,0,0,0,0,0,0,0,0,0,0,0,0,0,0,0,0,0,0,0,0,0,0,0,0,0,0,0,0,0,0,0,0,0,0,0,0,0,0,0,0,0,0,0,0,0,0,0,0,0,0,0,0,0,0,0,0,0,0,0,0,0,0,0,0,0,0,0,0,0,0,0,0,0,0,0,0,0,0,0,0,0,0,0,0,0,0,0,0,0,0,0,0,0,0,0,0,0,0,0,0,0,0,0,0,0,0,0,0,0,0,0,0,0,0,0,0,0,0,0,0,0,0,0,0,0,0,0,0,0,0,0,0,0,0,0,0,0,0,0,0,0,0,0,0,0,0,0,0,0,0,0,0,0,0,0,0,0,0,0,0,0,0,0,0,0,0,0,0,0,0,0,0,0,0,0,0,0,0,0,0,0,0,0,0,0,0,0,0,0,0,0,0,0,0,0,0,0,0,0,0,0,0,0,0,0,0,0,0,0,0,0,0,0,0,0,0,0,0,0,0,0,0,0,0,0,0,0,0,0,0,0,0,0,0,0,0,0,0,0,0,0,0,0,0,0,0,0,0,0,0,0,0,0,0,0,0,0,0,0,0,0,0,0,0,0,0,0,0,0,0,0,0,0,0,0,0,0,0,0,0,0,0,0,0,0,0,0,0,0,0,0,0,0,0,0,0,0,0,0,0,0,0,0,0,0,0,0,0,0,0,0,0,0,0,0,0,0,0,0,0,0,0,0,0,0,0,0,0,0,0,0,0,0,0,0,0,0,0,0,0,0,0,0,0,0,0,0,0,0,0,0,0,0,0,0,0,0,0,0,0,0,0,0,0,0,0,0,0,0,0,0,0,0,0,0,0,0,0,0,0,0,0,0,0,0,0,0,0,0,0,0,0,0,0,0,0,0,0,0,0,0,0,0,0,0,0,0,0,0,0,0,0,0,0,0,0,0,0,0,0,0,0,0,0,0,0,0,0,0,0,0,0,0,0,0,0,0,0,0,0,0,0,0,0,0,0,0,0,0,0,0,0,0,0,0,0,0,0,0,0,0,0,0,0,0,0,0,0,0,0,0,0,0,0,0,0,0,0,0,0,0,0,0,0,0,0,0,0,0,0,0,0,0,0,0,0,0,0,0,0,0,0,0,0,0,0,0,0,0,0,0,0,0,0,0,0,0,0,0,0,0,0,0,0,0,0,0,0,0,0,0,0,0,0,0,0,0,0,0,0,0,0,0,0,0,0,0,0,0,0,0,0,0,0,0,0,0,0,0,0,0,0,0,0,0,0,0,0,0,0,0,0,0,0,0,0,0,0,0,0,0,0,0,0,0,0,0,0,0,0,0,0,0,0,0,0,0,0,0,0,0,0,0,0,0,0,0,0,0,0,0,0,0,0,0,0,0,0,0,0,0,0,0,0,0,0,0,0,0,0,0,0,0,0,0,0,0,0,0,0,0,0,0,0,0,0,0,0,0,0,0,0,0,0,0,0,0,0,0,0,0,0,0,0,0,0,0,0,0,0,0,0,0,0,0,0,0,0,0,0,0,0,0,0,0,0,0,0,0,0,0,0,0,0,0,0,0,0,0,0,0,0,0,0,0,0,0,0,0,0,0,0,0,0,0,0,0,0,0,0,0,0,0,0,0,0,0,0,0,0,0,0,0,0,0,0,0,0,0,0,0,0,0,0,0,0,0,0,0,0,0,0,0,0,0,0,0,0,0,0,0,0,0,0,0,0,0,0,0,0,0,0,0,0,0,0,0,0,0,0,0,0,0,0,0,0,0,0,0,0,0,0,0,0,0,0,0,0,0,0,0,0,0,0,0,0,0,0,0,0,0,0,0,0,0,0,0,0,0,0,0,0,0,0,0,0,0,0,0,0,0,0,0,0,0,0,0,0,0,0,0,0,0,0,0,0,0,0,0,0,0,0,0,0,0,0,0,0,0,0,0,0,0,0,0,0,0,0,0,0,0,0,0,0,0,0,0,0,0,0,0,0,0,0,0,0,0,0,0,0,0,0,0,0,0,0,0,0,0,0,0,0,0,0,0,0,0,0,0,0,0,0,0,0,0,0,0,0,0,0,0,0,0,0,0,0,0,0,0,0,0,0,0,0,0,0,0,0,0,0,0,0,0,0,0,0,0,0,0,0,0,0,0,0,0,0,0,0,0,0,0,0,0,0,0,0,0,0,0,0,0,0,0,0,0,0,0,0,0,0,0,0,0,0,0,0,0,0,0,0,0,0,0,0,0,0,0,0,0,0,0,0,0,0,0,0,0,0,0,0,0,0,0,0,0,0,0,0,0,0,0,0,0,0,0,0,0,0,0,0,0,0,0,0,0,0,0,0,0,0,0,0,0,0,0,0,0,0,0,0,0,0,0,0,0,0,0,0,0,0,0,0,0,0,0,0,0,0,0,0,0,0,0,0,0,0,0,0,0,0,0,0,0,0,0,0,0,0,0,0,0,0,0,0,0,0,0,0,0,0,0,0,0,0,0,0,0,0,0,0,0,0,0,0,0,0,0,0,0,0,0,0,0,0,0,0,0,0,0,0,0,0,0,0,0,0,0,0,0,0,0,0,0,0,0,0,0,0,0,0,0,0,0,0,0,0,0,0,0,0,0,0,0,0,0,0,0,0,0,0,0,0,0,0,0,0,0,0,0,0,0,0,0,0,0,0,0,0,0,0,0,0,0,0,0,0,0,0,0,0,0,0,0,0,0,0,0,0,0,0,0,0,0,0,0,0,0,0,0,0,0,0,0,0,0,0,0,0,0,0,0,0,0,0,0,0,0,0,0,0,0,0,0,0,0,0,0,0,0,0,0,0,0,0,0,0,0,0,0,0,0,0,0,0,0,0,0,0,0,0,0,0,0,0,0,0,0,0,0,0,0,0,0,0,0,0,0,0,0,0,0,0,0,0,0,0,0,0,0,0,0,0,0,0,0,0,0,0,0,0,0,0,0,0,0,0,0,0,0,0,0,0,0,0,0,0,0,0,0,0,0,0,0,0,0,0,0,0,0,0,0,0,0,0,0,0,0,0,0,0,0,0,0,0,0,0,0,0,0,0,0,0,0,0,0,0,0,0,0,0,0,0,0,0,0,0,0,0,0,0,0,0,0,0,0,0,0,0,0,0,0,0,0,0,0,0,0,0,0,0,0,0,0,0,0,0,0,0,0,0,0,0,0,0,0,0,0,0,0,0,0,0,0,0,0,0,0,0,0,0,0,0,0,0,0,0,0,0,0,0,0,0,0,0,0,0,0,0,0,0,0,0,0,0,0,0,0,0,0,0,0,0,0,0,0,0,0,0,0,0,0,0,0,0,0,0,0,0,0,0,0,0,0,0,0,0,0,0,0,0,0,0,0,0,0,0,0,0,0,0,0,0,0,0,0,0,0,0,0,0,0,0,0,0,0,0,0,0,0,0,0,0,0,0,0,0,0,0,0,0,0,0,0,0,0,0,0,0,0,0,0,0,0,0,0,0,0,0,0,0,0,0,0,0,0,0,0,0,0,0,0,0,0,0,0,0,0,0,0,0,0,0,0,0,0,0,0,0,0,0,0,0,0,0,0,0,0,0,0,0,0,0,0,0,0,0,0,0,0,0,0,0,0,0,0,0,0,0,0,0,0,0,0,0,0,0,0,0,0,0,0,0,0,0,0,0,0,0,0,0,0,0,0,0,0,0,0,0,0,0,0,0,0,0,0,0,0,0,0,0,0,0,0,0,0,0,0,0,0,0,0,0,0,0,0,0,0,0,0,0,0,0,0,0,0,0,0,0,0,0,0,0,0,0,0,0,0,0,0,0,0,0,0,0,0,0,0,0,0,0,0,0,0,0,0,0,0,0,0,0,0,0,0,0,0,0,0,0,0,0,0,0,0,0,0,0,0,0,0,0,0,0,0,0,0,0,0,0,0,0,0,0,0,0,0,0,0,0,0,0,0,0,0,0,0,0,0,0,0,0,0,0,0,0,0,0,0,0,0,0,0,0,0,0,0,0,0,0,0,0,0,0,0,0,0,0,0,0,0,0,0,0,0,0,0,0,0,0,0,0,0,0,0,0,0,0,0,0,0,0,0,0,0,0,0,0,0,0,0,0,0,0,0,0,0,0,0,0,0,0,0,0,0,0,0,0,0,0,0,0,0,0,0,0,0,0,0,0,0,0,0,0,0,0,0,0,0,0,0,0,0,0,0,0,0,0,0,0,0,0,0,0,0,0,0,0,0,0,0,0,0,0,0,0,0,0,0,0,0,0,0,0,0,0,0,0,0,0,0,0,0,0,0,0,0,0,0,0,0,0,0,0,0,0,0,0,0,0,0,0,0,0,0,0,0,0,0,0,0,0,0,0,0,0,0,0,0,0,0,0,0,0,0,0,0,0,0,0,0,0,0,0,0,0,0,0,0,0,0,0,0,0,0,0,0,0,0,0,0,0,0,0,0,0,0,0,0,0,0,0,0,0,0,0,0,0,0,0,0,0,0,0,0,0,0,0,0,0,0,0,0,0,0,0,0,0,0,0,0,0,0,0,0,0,0,0,0,0,0,0,0,0,0,0,0,0,0,0,0,0,0,0,0,0,0,0,0,0,0,0,0,0,0,0,0,0,-0.399386,0.13201341,-0.5533478,0.05282996,-0.6066382,0.96628684,0.019953247,-1.6257088,0.82285416,-1.0095391,-1.839515,0.27340478,0.2726527,0.08731827,-1.3419592,-0.6541268,0.28533062,-1.2841563,-0.5244464,-0.4520317,0.3378689,0.5739151,-1.4359694,0.7639769,1.3446914,0.1095584,1.0999424,0.20894063,0.69843835,0.25922266,-1.2275354,-0.5996546,0.92621166,0.36300993,-0.2765818,0.42586246,0.31337252,1.6978474,0.05282996,-1.6960822,0.44831747,-0.495545,0.30832285,-0.3414757,-0.4910325,0.14232768,0.39491966,-0.524339,0.24976791,-0.14872792,-0.6345727,1.168167,-0.14002526,-0.22844858,1.5783739,0.01673004,0.6384867,-0.19729091,-0.23887028,-1.2194773,0.57896477,-1.2502053,-0.5624803,0.85336715,0.53555894,0.41973835,0.37901852,1.4701816,0.6168912,0.10321943,1.3903534,-0.30537578,1.977192,-0.9317524,-0.32235134,0.9221289,-0.013675547,0.43456513,0.29585978,0.20894063,0.40308514,-0.4682552,-0.16398443,0.20002308,-0.620498,1.3221289,-1.0051341,0.8766817,-0.11058664,0.26749554,-1.0216799,-1.8482176,1.4403132,0.82983774,-0.7295498,0.28157023,0.6758759,0.35140637,-1.6295767,-1.1493188,-1.0019108,-0.22629978,1.0423546,-0.11037176,-0.56323236,0.17402254,0.102037586,0.45272252,-0.7450212,-0.2618625,-0.29678056,-0.4071217,0.064218625,0.72411656,-1.7079006,0.17509694,1.2540118,0.72411656,-1.4343578,-1.2617013,0.14920385,0.7055294,-0.32987216,-0.46288317,0.03016007,-0.64671344,-0.500917,-0.31654957,0.513856,1.3118147,-0.41335323,0.608296,-0.1077932,1.4396685,-1.0689535,-0.11133872,0.3618281,0.8927977,1.7199801,1.1041327,-0.034411512,-0.35791406,0.93878216,0.6840413,0.81511843,0.77729946,-0.21963848,1.0838264,0.78557235,0.1287902,0.17756808,0.31423205,0.04380498,-0.003468725,-1.0757223,-0.13143004,0.033705596,-1.661379,0.22269297,0.4609954,0.27286756,-0.1428187,-1.3245538,1.4673882,0.9464104,-0.27260652,-0.7233183,-0.009807698,-0.41689876,0.7415219,-0.21415903,1.251863,0.24772654,0.24256942,-1.1311615,0.52943486,0.81060594,1.3402863,-0.071585834,0.72723234,-0.33621114,-0.15495946,-0.034841273,-1.6508498,-0.26444107,0.583155,1.0110894,-0.1913817,0.36300993,-0.7996009,0.8432678,0.9400714,-0.3492114,0.099996224,-0.6720693,-0.22135752,-0.92401665,0.82908565,0.05250764,0.60399836,-0.008625857,0.6480489,0.39728335,-0.70430136,0.74624926,0.69392586,0.8317717,0.0831281,0.31401718,-0.05461028,0.4614252,-0.13121517,-0.52208275,-0.016146673,-0.0009975993,0.28801665,-0.3114999,0.66857,-1.3092973,-1.3922412,1.6285485,0.56198925,-1.3213307,-0.01947732,-1.7115536,0.30058715,-1.4965657,-0.80830353,0.11385601,0.13803007,-0.14131455,0.8671195,0.35806766,-0.12347947,0.653206,1.341683,-0.8810406,-0.31579748,-0.14786841,-0.7375004,-1.2189401,1.0074365,-1.017812,-0.34770724,0.3271249,0.31627342,-0.8520317,-0.1590422,0.33647218,1.1321746,0.020597888,0.12460004,-0.9259506,-0.09995006,-1.1138636,0.19024602,0.15629491,0.6205442,-0.062883176,-0.65735,-0.017758276,-0.5407773,0.49870694,-0.3650051,0.44778028,0.059383813,0.8661525,-0.15979427,1.0803884,0.9229884,-0.8734123,1.2476728,1.3170792,-0.6391926,0.5932543,0.72057104,0.11912058,-0.46008974,-0.9200414,-0.53239703,-0.9096197,0.14028631,0.07302872,1.0573962,-0.611473,0.82446575,-0.5039253,-0.3974521,-0.5586124,-0.09533013,0.08850012,0.06647487,0.16381572,-0.76779854,-0.8461225,0.24869351,-0.19363794,0.59089065,-0.015287151,-0.16022404,-0.23349828,1.2458464,0.9811136,0.32508352,-0.31622726,-0.22694442,0.607329,-0.22167985,0.6802809,0.36161318,-0.7575917,-0.5462568,-0.83484125,-0.043758813,0.34764597,1.7137486,0.45411924,1.2276889,1.3038641,-0.4199071,0.16112971,-0.4675031,-0.030113904,0.7208933,-0.38767502,-1.2959747,-1.0805571,-0.3134338,-0.9480833,0.2030314,-0.40497288,1.3133188,-0.13497557,0.79717594,0.2769503,0.28350416,0.10816168,0.2828595,0.18841954,0.6332221,-0.43613055,-0.2159855,0.230751,0.03520976,0.3148767,0.20335373,-0.24853991,0.41329196,0.33475313,0.31369486,0.002762809,-0.4736272,-0.32310343,-1.0355396,0.22505666,1.2512183,-0.1929933,0.043052897,-1.4478953,-0.09275156,0.10160783,-0.41636154,-1.111285,0.3130502,0.009961305,0.845524,-0.7954107,-0.53314906,-0.5962165,-0.98880315,-0.47824714,0.6472968,-0.010667221,-0.23371315,0.8342428,1.3707993,0.6406355,0.22280042,-0.42431214,0.28060326,-1.3951421,-0.45536235,-0.020444281,0.35828254,-0.18783617,0.32400912,0.8173747,0.41694492,-0.44332907,-0.38724524,0.55382377,0.3655885,-0.92326456,-0.04708946,-0.118322335,0.091615885,0.13534406,0.1672538,-0.5874064,-0.7281531,-0.5532404,-0.2517631,-0.12315715,0.89226055,0.44401985,0.4901117,0.5224512,-0.30548322,-0.6418786,-0.20298524,0.36924145,-0.48920605,-0.04236209,0.09634326,0.08570667,0.6668509,0.585841,-0.24391997,-0.29989633,-0.495545,0.5055831,0.23483372,0.27845445,0.46024334,0.18068384,0.8153333,0.01253987,-1.0474654,-0.3862783,0.32067847,-0.6221096,0.22785011,0.41114315,-0.47384208,-0.05192427,-0.19288586,0.53695565,0.64461076,0.033275835,-0.7734929,-0.15635619,-0.48909858,1.3808987,0.91965777,-0.38670805,-0.12584315,-1.3330417,0.1167569,0.032416314,0.7778367,1.1405549,-0.15753803,0.8550862,-0.08340426,0.027796384,0.71348,-0.5561413,0.26652858,0.26964435,0.24450333,0.24504054,-0.3510379,0.20775878,-0.5783814,0.2695369,0.8911861,-0.012601145,0.35753047,0.85325974,-0.58085257,-0.3646828,1.173539,0.5026822,-0.48093313,-0.07394952,1.493711,-1.0586393,0.5269637,1.095645,-0.12369435,0.5777829,0.5464104,0.048532348,-0.6692759,0.36762986,1.2080274,1.3358812,0.10998817,-0.25487888,-1.8049191,0.45444158,-0.036775198,-0.50080955,-0.37553427,-0.33545905,-0.66358155,0.5725184,0.47926027,0.8924754,0.5098807,-0.35555038,-0.12541339,-0.5563562,0.23676765,0.3936304,0.6390239,0.26405746,-0.113272645,-0.46621382,0.2769503,0.6125936,-1.1816584,1.1500096,-0.26787916,1.3956181,0.64751166,0.19443619,0.19744451,0.14555088,0.19615524,-0.054717716,-0.45471773,-0.1935305,0.62387484,-0.07137095,1.0359081,-0.29302016,0.3995396,1.1577454,0.12298843,-0.46889982,0.1960478,1.0952151,-0.11241312,0.27211547,0.7797706,0.39599407,0.4259699,-0.32235134,0.18132848,0.5402863,-0.4274279,-0.13787647,-0.8493457,0.45841685,-1.0284486,1.3254596,-1.0889374,0.4644335,-0.895545,0.61946976,1.021726,0.2043207,-0.3801542,0.1327655,-1.2277502,-0.17902607,-0.40379104,0.36924145,0.36934888,-0.41571692,0.980469,0.010713386,0.86873114,-1.1306243,-0.3152603,-0.049668025,0.9699398,-0.72202903,0.32701746,0.049821634,-0.8684701,0.29285145,0.18863441,1.2261847,-0.2386554,0.38073757,0.5196578,-1.3560338,-1.3435708,0.26018962,-0.69022673,0.6485861,0.31917432,-0.41453508,-0.27271396,0.47206175,0.21302335,0.23247004,-0.34964117,-0.2755074,0.2988681,0.096128374,-0.20148107,0.6205442,0.31777757,-0.08361914,0.5640306,-0.16828205,0.1376003,-1.1445915,0.08796292,-0.5251985,0.5526419,0.5484518,-0.20502661,0.95049316,0.06529303,-0.26949075,-0.44311416,-0.5446452,-0.027750218,-0.25487888,-0.3660795,-1.0621848,-0.37102178,-0.4274279,0.46507815,-0.9840758,-0.8734123,-0.2695982,0.31294277,0.072276644,-0.8484862,0.52083963,-0.48576796,0.0435901,0.06583023,-0.2925904,-1.2595525,-0.3907908,-0.29721034,0.22032928,0.943617,-0.15796779,0.79491967,0.27125597,-0.072123036,0.4793677,0.66298306,0.006952978,0.36343968,0.19970076,-0.23693636,-0.2695982,-0.7231034,-0.98643947,-0.72933495,0.042193376,0.47926027,-0.73008704,0.83628416,-0.5525958,-0.5889106,-1.1482445,0.09559117,-0.10478487,-0.60384476,-0.6131921,-0.047948983,0.18970881,-0.45536235,0.28694224,0.94845176,0.5701547,0.059383813,-0.14346336,0.19583291,0.01748212,-0.68582165,-0.026998136,0.49559116,-0.7834848,0.8807644,-0.5687118,-0.11692561,0.3936304,-0.14475264,-0.8507424,-0.07846201,-0.46567664,-0.44096535,0.09064892,-0.72428524,0.36967123,0.3281993,0.43725112,-0.103065826,0.78310126,-0.37327802,-0.40755147,-0.3991711,-0.40271664,0.5446914,0.23408164,0.42693686,0.6457926,0.8062009,-0.80970025,0.43628415,0.104723595,0.43435025,-0.016468994,-0.316657,0.5562949,0.16650173,0.40158096,-0.46847007,-0.74319476,0.38653934,0.63569325,0.50622773,0.51117,-0.26658985,-0.38294765,0.54415417,0.19798172,-0.08802419,0.6450406,0.20937039,-0.27969757,-0.16119099,-0.661755,0.19411387,0.50880635,0.17864248,1.3671464,-1.149104,0.92169917,0.11321137,0.6115192,-0.80669194,0.5631711,0.2454703,-0.25122592,0.9645678,-0.056007,-0.26143274,-0.35888103,-0.49887565,-0.16151331,-0.20115876,-0.5523809,0.69263655,-0.12004138,0.61882514,-0.2640113,-0.55076927,0.9466253,-0.012278824,-0.17451358,-0.6764744,1.1104716,-0.6772264,0.5098807,0.002870249,0.42102766,0.23429652,-0.7184835,0.2812479,-1.0315644,-0.44676715,-0.624903,-0.579993,0.11353369,0.64396614,-0.07556112,-1.4023407,0.18208057,-0.009915139,0.80555624,0.68436366,-0.1363723,-0.7621042,-0.6564905,-0.24939942,0.7128353,0.046705864,-0.41474995,0.4732436,-0.031080866,-0.5587199,-1.2102375,0.12545955,0.023821095,-1.4996815,-0.5859023,-0.64467204,-1.013192,-0.3794021,-0.43645287,0.3197115,0.14007144,-0.5825716,0.40426698,0.65062743,1.134001,-0.853321,-0.22006825,-0.9110164,0.26395002,0.31713295,-0.1946049,0.7968536,0.41866398,0.20217189,-0.6763669,0.30853772,0.6374123,-0.21448135,-0.35221973,-0.10553695,0.35570398,0.10375663,0.34367067,-0.2215724,-0.26594523,-0.67937523,-0.025601413,0.4038372,-0.01507227,0.51321137,-0.5459345,0.11503786,-0.6026629,0.5800392,-0.30451626,1.078347,-0.3384674,1.1398028,0.16499756,-0.21158046,-0.8404282,0.11761642,0.3984652,-0.14260383,0.8121101,-0.5114462,-0.5086527,-0.30666506,0.00082888466,-0.39336935,0.26867738,-0.25638303,0.3168106,0.30166155,0.12223635,-0.06696591,0.72809184,1.4282799,0.9959403,0.26545417,-0.3662944,0.3175627,-0.3406162,0.73905075,-0.0027166433,-0.3636084,-0.17591031,-0.027535338,0.20883319,-0.48705724,-0.21233255,1.1544147,0.37450603,0.50912863,0.3797706,-0.36210424,-0.13121517,-0.35780662,0.22827986,0.8871034,-1.2223783,0.23515604,0.3421665,-0.34845933,-0.6866812,-0.24456462,0.03918505,-0.17601775,-0.49371853,-0.53035563,-0.43075854,-0.8196922,0.14501368,-0.2616476,-0.6868961,-0.66444105,-0.3292275,1.3279307,-0.32310343,-0.26390386,0.2994053,-0.43484128,-1.1146157,0.67920655,-0.3967,-0.69323504,-0.08694979,0.7569933,-0.92014885,0.2390239,0.41490355,0.48001233,0.056160606,0.051218357,-0.66519314,0.29338863,0.059276372,-0.16731508,0.23118076,1.7396417,-0.68925977,-0.45031267,0.30241364,-0.57881117,-1.4743255,-0.0714784,-0.2199608,-0.07942897,-0.029684143,-0.058370687,-0.2925904,0.020168127,-0.21136558,-0.56043893,0.633437,0.8471356,0.03574696,-0.1881585,-0.95442224,0.52578187,-0.46363527,-0.38842708,0.82682943,-0.06847007,-0.6666973,0.07302872,0.22548641,0.09483909,-0.49404085,0.18594842,-0.8287172,-0.18353856,0.9346994,0.49720278,0.07958258,-0.47856945,-0.512628,0.2774875,0.65707386,0.082053706,0.53469944,-0.6413414,0.21388288,0.014473795,0.24396613,-0.5622654,-0.21243998,-0.0067993724,0.5049385,-0.916281,-0.33545905,-0.00572497,-1.2513871,0.34915012,0.29424816,0.022854133,-0.4933962,-0.29194576,-0.4365603,-0.27368093,-0.00013807749,0.5632785,-0.18504272,0.21108943,1.0181805,-0.9133801,0.3941676,-1.0804497,0.20947783,-0.30870643,-0.20373732,-0.9861171,0.95371634,0.7930932,-0.3342772,0.40426698,-0.7051609,-0.3866006,0.69897556,0.12803812,0.10837656,-0.13143004,0.09451677,-0.042576972,-0.13239701,-0.80959284,0.7170255,0.34818316,-0.63801074,-0.74620306,0.40372977,-0.5683895,0.51643455,0.010713386,0.6573962,-0.9390583,-0.54883534,0.16209668,-0.19858019,-0.5238018,0.9164346,-1.5379301,-0.2293081,0.0015809663,0.15070802,-0.3594182,0.45820197,-0.23425035,0.2633054,0.4164077,0.097632535,0.18584096,0.6406355,-1.1020452,-0.04225465,-0.7355665,-0.7910057,-0.41077465,0.48839268,1.8020644,0.60990757,-0.88426375,0.788903,-0.5683895,-0.7457733,-0.8588005,-0.5676374,-0.7275085,-0.81582433,0.7891179,-1.0027703,0.7858947,-0.06728823,1.8020644,-1.3868692,0.84079665,-0.11509913,-1.103227,-1.1867081,1.9001573,0.832094,0.6827521,-0.71837604,0.52739346,1.1452823,1.2098539,-0.25165567,0.30488476,0.04380498,-0.09790869,-1.6160393,-1.1782203,0.47592962,-0.32202902,1.2791529,-1.0445646,-0.026675817,-0.9169256,0.69607466,-0.1302482,0.41952348,-0.009270498,-0.2773339,0.16682404,-0.84784156,0.5032194,-0.04075049,-1.5990636,0.76333225,0.057342447,-0.4923218,0.6088332,-1.445639,-1.1299796,1.0874795,0.4558383,-0.085875385,0.8029777,-0.2864663,0.8924754,-0.2541268,0.091078684,-0.45804837,0.98895675,0.38181198,-0.5172479,1.0365528,0.63225514,-0.3806914,1.1791259,-0.1363723,-0.03344455,-0.7505007,-0.26712707,-0.3943363,-0.06653614,0.22290786,0.2785619,-1.140079,-0.46943703,-0.102850944,0.060458217,-0.7613522,0.06357399,1.0833967,-1.1662945,-0.46019718,-0.15377761,0.68081814,-0.7473849,-0.35125276,0.7297034,0.081194185,0.26674348,-0.93207467,-0.026890697,-0.45428795,1.1629025,0.37085307,1.1375465,-0.15571155,-0.4749165,-0.74190545,-0.8274279,-0.59879506,-0.13153748,-0.10134678,1.3899237,-0.027320458,0.2807107,0.3423814,0.63623047,0.2544953,0.45562342,0.41587052,0.067764156,-0.3051609,-0.048486184,-0.14432287,-0.25992855,
0,0,1,0,0,0,0,0,0,0,0,0,0,0,0,0,0,0,0,0,0,0,0,0,0,0,0,0,0,0,1,0,0,0,0,0,0,0,0,0,0,0,0,0,0,0,0,0,0,0,0,0,0,0,0,1,0,0,0,0,0,0,0,0,0,0,0,0,0,0,0,0,0,0,0,0,0,0,0,0,0,0,0,0,0,0,0,0,0,0,0,0,0,0,0,0,0,0,0,0,0,0,0,0,0,0,0,0,0,0,0,0,0,0,0,0,0,0,0,0,0,0,0,0,0,0,0,0,0,0,0,0,0,0,0,0,0,0,0,0,0,0,0,0,0,0,0,0,0,0,0,0,0,0,0,0,0,0,0,0,0,0,0,0,0,0,0,0,0,0,0,0,0,0,0,0,0,0,0,0,0,0,0,0,0,0,0,0,0,0,0,0,0,0,0,0,0,0,0,0,0,0,0,0,0,0,0,0,0,0,0,0,0,0,0,0,0,0,0,0,0,0,0,0,0,0,0,0,0,0,0,0,0,0,0,0,0,0,0,0,0,0,0,0,0,0,0,0,0,0,0,0,0,0,0,0,0,0,0,0,0,0,0,0,0,0,0,0,0,0,0,0,0,0,0,0,0,0,0,0,0,0,0,0,0,0,0,0,0,0,0,0,0,0,0,0,0,0,0,0,0,0,0,0,0,0,0,0,0,0,0,0,0,0,0,0,0,0,0,0,0,0,0,0,0,0,0,0,0,0,0,0,0,0,0,0,0,0,0,0,0,0,0,0,0,0,0,0,0,0,0,0,0,0,0,0,0,0,0,0,0,0,0,0,0,0,0,0,0,0,0,0,0,0,0,0,0,0,0,0,0,0,0,0,0,0,0,0,0,0,0,0,0,0,0,0,0,0,0,0,0,0,0,0,0,0,0,0,0,0,0,0,0,0,0,0,0,0,0,0,0,0,0,0,0,0,0,0,0,0,0,0,0,0,0,0,0,0,0,0,0,0,0,0,0,0,0,0,0,0,0,0,0,0,0,0,0,0,0,0,0,0,0,0,0,0,0,0,0,0,0,0,0,0,0,0,0,0,0,0,0,0,0,0,0,0,0,0,0,0,0,0,0,0,0,0,0,0,0,0,0,0,0,0,0,0,0,0,0,0,0,0,0,0,0,0,0,0,0,0,0,0,0,0,0,0,0,0,0,0,0,0,0,0,0,0,0,0,0,0,0,0,0,0,0,0,0,0,0,0,0,0,0,0,0,0,0,0,0,0,0,0,0,0,0,0,0,0,0,0,0,0,0,0,0,0,0,0,0,0,0,0,0,0,0,0,0,0,0,0,0,0,0,0,0,0,0,0,0,0,0,0,0,0,0,0,0,0,0,0,0,0,0,0,0,0,0,0,0,0,0,0,0,0,0,0,0,0,0,0,0,0,0,0,0,0,0,0,0,0,0,0,0,0,0,0,0,0,0,0,0,0,0,0,0,0,0,0,0,0,0,0,0,0,0,0,0,0,0,0,0,0,0,0,0,0,0,0,0,0,0,0,0,0,0,0,0,0,0,0,0,0,0,0,0,0,0,0,0,0,0,0,0,0,0,0,0,0,0,0,0,0,0,0,0,0,0,0,0,0,0,0,0,0,0,0,0,0,0,0,0,0,0,0,0,0,0,0,0,0,0,0,0,0,0,0,0,0,0,0,0,0,0,0,0,0,0,0,0,0,0,0,0,0,0,0,0,0,0,0,0,0,0,0,0,0,0,0,0,0,0,0,0,0,0,0,0,0,0,0,0,0,0,0,0,0,0,0,0,0,0,0,0,0,0,0,0,0,0,0,0,0,0,0,0,0,0,0,0,0,0,0,0,0,0,0,0,0,0,0,0,0,0,0,0,0,0,0,0,0,0,0,0,0,0,0,0,0,0,0,0,0,0,0,0,0,0,0,0,0,0,0,0,0,0,0,0,0,0,0,0,0,0,0,0,0,0,0,0,0,0,0,0,0,0,0,0,0,0,0,0,0,0,0,0,0,0,0,0,0,0,0,0,0,0,0,0,0,0,0,0,0,0,0,0,0,0,0,0,0,0,0,0,0,0,0,0,0,0,0,0,0,0,0,0,0,0,0,0,0,0,0,0,0,0,0,0,0,0,0,0,0,0,0,0,0,0,0,0,0,0,0,0,0,0,0,0,0,0,0,0,0,0,0,0,0,0,0,0,0,0,0,0,0,0,0,0,0,0,0,0,0,0,0,0,0,0,0,0,0,0,0,0,0,0,0,0,0,0,0,0,0,0,0,0,0,0,0,0,0,0,0,0,0,0,0,0,0,0,0,0,0,0,0,0,0,0,0,0,0,0,0,0,0,0,0,0,0,0,0,0,0,0,0,0,0,0,0,0,0,0,0,0,0,0,0,0,0,0,0,0,0,0,0,0,0,0,0,0,0,0,0,0,0,0,0,0,0,0,0,0,0,0,0,0,0,0,0,0,0,0,0,0,0,0,0,0,0,0,0,0,0,0,0,0,0,0,0,0,0,0,0,0,0,0,0,0,0,0,0,0,0,0,0,0,0,0,0,0,0,0,0,0,0,0,0,0,0,0,0,0,0,0,0,0,0,0,0,0,0,0,0,0,0,0,0,0,0,0,0,0,0,0,0,0,0,0,0,0,0,0,0,0,0,0,0,0,0,0,0,0,0,0,0,0,0,0,0,0,0,0,0,0,0,0,0,0,0,0,0,0,0,0,0,0,0,0,0,0,0,0,0,0,0,0,0,0,0,0,0,0,0,0,0,0,0,0,0,0,0,0,0,0,0,0,0,0,0,0,0,0,0,0,0,0,0,0,0,0,0,0,0,0,0,0,0,0,0,0,0,0,0,0,0,0,0,0,0,0,0,0,0,0,0,0,0,0,0,0,0,0,0,0,0,0,0,0,0,0,0,0,0,0,0,0,0,0,0,0,0,0,0,0,0,0,0,0,0,0,0,0,0,0,0,0,0,0,0,0,0,0,0,0,0,0,0,0,0,0,0,0,0,0,0,0,0,0,0,0,0,0,0,0,0,0,0,0,0,0,0,0,0,0,0,0,0,0,0,0,0,0,0,0,0,0,0,0,0,0,0,0,0,0,0,0,0,0,0,0,0,0,0,0,0,0,0,0,0,0,0,0,0,0,0,0,0,0,0,0,0,0,0,0,0,0,0,0,0,0,0,0,0,0,0,0,0,0,0,0,0,0,0,0,0,0,0,0,0,0,0,0,0,0,0,0,0,0,0,0,0,0,0,0,0,0,0,0,0,0,0,0,0,0,0,0,0,0,0,0,0,0,0,0,0,0,0,0,0,0,0,0,0,0,0,0,0,0,0,0,0,0,0,0,0,0,0,0,0,0,0,0,0,0,0,0,0,0,0,0,0,0,0,0,0,0,0,0,0,0,0,0,0,0,0,0,0,0,0,0,0,0,0,0,0,0,0,0,0,0,0,0,0,0,0,0,0,0,0,0,0,0,0,0,0,0,0,0,0,0,0,0,0,0,0,0,0,0,0,0,0,0,0,0,0,0,0,0,0,0,0,0,0,0,0,0,0,0,0,0,0,0,0,0,0,0,0,0,0,0,0,0,0,0,0,0,0,0,0,0,0,0,0,0,0,0,0,0,0,0,0,0,0,0,0,0,0,0,0,0,0,0,0,0,0,0,0,0,0,0,0,0,0,0,0,0,0,0,0,0,0,0,0,0,0,0,0,0,0,0,0,0,0,0,0,0,0,0,0,0,0,0,0,0,0,0,0,0,0,0,0,0,0,0,0,0,0,0,0,0,0,0,0,0,0,0,0,0,0,0,0,0,0,0,0,0,0,0,0,0,0,0,0,0,0,0,0,0,0,0,0,0,0,0,0,0,0,0,0,0,0,0,0,0,0,0,0,0,0,0,0,0,0,0,0,0,0,0,0,0,0,0,0,0,0,0,0,0,0,0,0,0,0,0,0,0,0,0,0,0,0,0,0,0,0,0,0,0,0,0,0,0,0,0,0,0,0,0,0,0,0,0,0,0,0,0,0,0,0,0,0,0,0,0,0,0,0,0,0,0,0,0,0,0,0,0,0,0,0,0,0,0,0,0,0,0,0,0,0,0,0,0,0,0,0,0,0,0,0,0,0,0,0,0,0,0,0,0,0,0,0,0,0,0,0,0,0,0,0,0,0,0,0,0,0,0,0,0,0,0,0,0,0,0,0,0,0,0,0,0,0,0,0,0,0,0,0,0,0,0,0,0,0,0,0,0,0,0,0,0,0,0,0,0,0,0,0,0,0,0,0,0,0,0,0,0,0,0,0,0,0,0,0,0,0,0,0,0,0,0,0,0,0,0,0,0,0,0,0,0,0,0,0,0,0,0,0,0,0,0,0,0,0,0,0,0,0,0,0,0,0,0,0,0,0,0,0,0,0,0,0,0,0,0,0,0,0,0,0,0,0,0,0,0,0,0,0,0,0,0,0,0,0,0,0,0,0,0,0,0,0,0,0,0,0,0,0,0,0,0,0,0,0,0,0,0,0,0,0,0,0,0,0,0,0,0,0,0,0,0,0,0,0,0,0,0,0,0,0,0,0,0,0,0,0,0,0,0,0,0,0,0,0,0,0,0,0,0,0,0,0,0,0,0,0,0,0,0,0,0,0,0,0,0,0,0,0,0,0,0,0,0,0,0,0,0,0,0,0,0,0,0,0,0,0,0,0,0,0,0,0,0,0,0,0,0,0,0,0,0,0,0,0,0,0,0,0,0,0,0,0,0,0,0,0,0,0,0,0,0,0,0,0,0,0,0,0,0,0,0,0,0,0,0,0,0,0,0,0,0,0,0,0,0,0,0,0,0,0,0,0,0,0,0,0,0,0,0,0,0,0,0,0,0,0,0,0,0,0,0,0,0,0,0,0,0,0,0,0,0,0,0,0,0,0,0,0,0,0,0,0,0,0,0,0,0,0,0,0,0,0,0,0,0,0,0,0,0,0,0,0,0,0,0,0,0,0,0,0,0,0,0,0,0,0,0,0,0,0,0,0,0,0,0,0,0,0,0,0,0,0,0,0,0,0,0,0,0,0,0,0,0,0,0,0,0,0,0,0,0,0,0,0,0,0,0,0,0,0,0,0,0,0,0,0,0,0,0,0,0,0,0,0,0,0,0,0,0,0,0,0,0,0,0,0,0,0,0,0,0,0,0,0,0,0,0,0,0,0,0,0,0,0,0,0,0,0,0,0,0,0,0,0,0,0,0,0,0,0,0,0,0,0,0,0,0,0,0,0,0,0,0,0,0,0,0,0,0,0,0,0,0,0,0,0,0,0,0,0,0,0,0,0,0,0,0,0,0,0,0,0,0,0,0,0,0,0,0,0,0,0,0,0,0,0,0,0,0,0,0,0,0,0,0,0,0,0,0,0,0,0,0,0,0,0,0,0,0,0,0,0,0,0,0,0,0,0,0,0,0,0,0,0,0,0,0,0,0,0,0,0,0,0,0,0,0,0,0,0,0,0,0,0,0,0,0,0,0,0,0,0,0,0,0,0,0,0,0,0,0,0,0,0,0,0,0,0,0,0,0,0,0,0,0,0,0,0,0,0,0,0,0,0,0,0,0,0,0,0,0,0,0,0,0,0,0,0,0,0,0,0,0,0,0,0,0,0,0,0,0,0,0,0,0,0,0,0,0,0,0,0,0,0,0,0,0,0,0,0,0,0,0,0,0,0,0,0,0,0,0,0,0,0,0,0,0,0,0,0,0,0,0,0,0,0,0,0,0,0,0,0,0,0,0,0,0,0,0,0,0,0,0,0,0,0,0,0,0,0,0,0,0,0,0,0,0,0,0,0,0,0,0,0,0,0,0,0,0,0,0,0,0,0,0,0,0,0,0,0,0,0,0,0,0,0,0,0,0,0,0,0,0,0,0,0,0,0,0,0,0,0,0,0,0,0,0,0,0,0,0,0,0,0,0,0,0,0,0,0,0,0,0,0,0,0,0,0,0,0,0,0,0,0,0,0,0,0,0,0,0,0,0,0,0,0,0,0,0,0,0,0,0,0,0,0,0,0,0,0,0,0,0,0,0,0,0,0,0,0,0,0,0,0,0,0,0,0,0,0,0,0,0,0,0,0,0,0,0,0,0,0,0,0,0,0,0,0,0,0,0,0,0,0,0,0,0,0,0,0,0,0,0,0,0,0,0,0,0,0,0,0,0,0,0,0,0,0,0,0,0,0,0,0,0,0,0,0,0,0,0,0,0,0,0,0,0,0,0,0,0,0,0,0,0,0,0,0,0,0,0,0,0,0,0,0,0,0,0,0,0,0,0,0,0,0,0,0,0,0,0,0,0,0,0,0,0,0,0,0,0,0,0,0,0,0,0,0,0,0,0,0,0,0,0,0,0,0,0,0,0,0,0,0,0,0,0,0,0,0,0,0,0,0,0,0,0,0,0,0,0,0,0,0,0,0,0,0,0,0,0,0,0,0,0,0,0,0,0,0,0,0,0,0,0,0,0,0,0,0,0,0,0,0,0,0,0,0,0,0,0,0,0,0,0,0,0,0,0,0,0,0,0,0,0,0,0,0,0,0,0,0,0,0,0,0,0,0,0,0,0,0,0,0,0,0,0,0,0,0,0,0,0,0,0,0,0,0,0,0,0,0,0,0,0,0,0,0,0,0,0,0,0,0,0,0,0,0,0,0,0,0,0,0,0,0,0,0,0,0,0,0,0,0,0,0,0,0,0,0,0,0,0,0,0,0,0,0,0,0,0,0,0,0,0,0,0,0,0,0,0,0,0,0,0,0,0,0,0,0,0,0,0,0,0,0,0,0,0,0,0,0,0,0,0,0,0,0,0,0,0,0,0,0,0,0,0,0,0,0,0,0,0,0,0,0,0,0,0,0,0,0,0,0,0,0,0,0,0,0,0,0,0,0,0,0,0,0,0,0,0,0,0,0,0,0,0,0,0,0,0,0,0,0,0,0,0,0,0,0,0,0,0,0,0,0,0,0,0,0,0,0,0,0,0,0,0,0,0,0,0,0,0,0,0,0,0,0,0,0,0,0,0,0,0,0,0,0,0,0,0,0,0,0,0,0,0,0,0,0,0,0,0,0,0,0,0,0,0,0,0,0,0,0,0,0,0,0,0,0,0,0,0,0,0,0,0,0,0,0,0,0,0,0,0,0,0,0,0,0,0,0,0,0,0,0,0,0,0,0,0,0,0,0,0,0,0,0,0,0,0,0,0,0,0,0,0,0,0,0,0,0,0,0,0,0,0,0,0,0,0,0,0,0,0,0,0,0,0,0,0,0,0,0,0,0,0,0,0,0,0,0,0,0,0,0,0,0,0,0,0,0,0,0,0,0,0,0,0,0,0,0,0,0,0,0,0,0,0,0,0,0,0,0,0,0,0,0,0,0,0,0,0,0,0,0,0,0,0,0,0,0,0,0,0,0,0,0,0,0,0,0,0,0,0,0,0,0,0,0,0,0,0,0,0,0,0,0,0,0,0,0,0,0,0,0,0,0,0,0,0,0,0,0,0,0,0,0,0,0,0,0,0,0,0,0,0,0,0,0,0,0,0,0,0,0,0,0,0,0,0,0,0,0,0,0,0,0,0,0,0,0,0,0,0,0,0,0,0,0,0,0,0,0,0,0,0,0,0,0,0,0,0,0,0,0,0,0,0,0,0,0,0,0,0,0,0,0,0,0,0,0,0,0,0,0,0,0,0,0,0,0,0,0,0,0,0,0,0,0,0,0,0,0,0,0,0,0,0,0,0,0,0,0,0,0,0,0,0,0,0,0,0,0,0,0,0,0,0,0,0,0,0,0,0,0,0,0,0,0,0,0,0,0,0,0,0,0,0,0,0,0,0,0,0,0,0,0,0,0,0,0,0,0,0,0,0,0,0,0,0,0,0,0,0,0,0,0,0,0,0,0,0,0,0,0,0,0,0,0,0,0,0,0,0,0,0,0,0,0,0,0,0,0,0,0,0,0,0,0,0,0,0,0,0,0,0,0,0,0,0,0,0,0,0,0,0,0,0,0,0,0,0,0,0,0,0,0,0,0,0,0,0,0,0,0,0,0,0,0,0,0,0,0,0,0,0,0,0,0,0,0,0,0,0,0,0,0,0,0,0,0,0,0,0,0,0,0,0,0,0,0,0,0,0,0,0,0,0,0,0,0,0,0,0,0,0,0,0,0,0,0,0,0,0,0,0,0,0,0,0,0,0,0,0,0,0,0,0,0,0,0,0,0,0,0,0,0,0,0,0,0,0,0,0,0,0,0,0,0,0,0,0,0,0,0,0,0,0,0,0,0,0,0,0,0,0,0,0,0,0,0,0,0,0,0,0,0,0,0,0,0,0,0,0,0,0,0,0,0,0,0,0,0,0,0,0,0,0,0,0,0,0,0,0,0,0,0,0,0,0,0,0,0,0,0,0,0,0,0,0,0,0,0,0,0,0,0,0,0,0,0,0,0,0,0,0,0,0,0,0,0,0,0,0,0,0,0,0,0,0,0,0,0,0,0,0,0,0,0,0,0,0,0,0,0,0,0,0,0,0,0,0,0,0,0,0,0,0,0,0,0,0,0,0,0,0,0,0,0,0,0,0,0,0,0,0,0,0,0,0,0,0,0,0,0,0,0,0,0,0,0,0,0,0,0,0,0,0,0,0,0,0,0,0.081563294,0.8694191,-0.41356638,0.7352002,-0.61748797,-0.034565743,-0.15866442,0.5788435,-0.85771567,0.50370115,0.020462722,0.19996937,-0.19535005,0.02602882,-0.19370553,-0.29870236,-0.6120483,-0.010909827,-0.31653917,0.46347347,-0.05037852,0.011354562,-0.21394588,0.77049434,-0.3294424,0.011860571,-0.20003064,-0.49591932,-0.14323114,-0.56815207,-0.32653284,-0.6307707,0.20351143,-0.44696295,0.5426639,-0.5814348,-0.20686176,0.0004753716,-0.06011919,0.019956712,-0.067962326,0.07814773,0.23134191,0.2587929,-0.25898066,0.9796025,-0.006988259,0.78175306,0.04905222,-0.29617232,-0.14905025,-0.21596992,0.034883972,0.14797695,-0.306166,0.2128726,-0.12805088,0.26613003,-0.27416092,-0.6964253,-0.33133993,0.7979453,-0.15233931,-0.12691236,-0.11185859,-0.08314259,-0.22216852,0.6829548,0.16050068,0.056136347,0.0035114246,0.008571513,0.08674988,0.08991244,-0.031782694,0.29054496,-0.54917675,0.019071197,0.4133786,-0.51881623,-0.48541963,0.080171764,-0.29085922,-0.4310237,-0.038360808,0.40338492,-0.29136524,-0.26442027,0.5688498,0.017553171,0.7034482,-0.15094778,0.10205665,-0.12944241,-0.12741837,0.2980086,-0.016475925,0.17517492,0.492063,-0.5757422,-0.2660648,-0.03165619,0.015908642,0.09041844,0.009583531,0.08333432,-0.35626087,0.36050066,0.15569359,-0.0043317126,0.51242983,0.10850826,0.07346715,0.43981755,0.1850421,-0.2887087,-0.1407011,-0.5847239,0.63361895,0.21767968,-0.21862647,-0.46821532,-0.10945505,-0.09073272,0.39452976,-0.010403818,-0.31021407,0.20553546,0.26170245,0.5410193,0.51230335,0.208192,-0.2608782,-0.07896802,-0.5418396,0.02273976,0.1048397,0.29434,-0.40673524,0.17542793,0.41578215,-0.34247214,-0.16878459,0.07169612,0.17808448,0.120019965,0.3389953,0.14215785,0.06916607,0.13482073,-0.535641,0.44399214,0.0819428,-0.082510084,0.26106992,-0.09047972,-0.25923368,0.03918505,-0.25290856,-0.40648225,0.10648423,0.42868537,0.26726854,0.06790105,0.6326069,0.17568094,-0.08023304,-0.010656823,0.13165817,-0.07454044,-0.047215965,0.12356202,0.21261959,-0.25379407,0.19490927,0.15822363,0.2820693,-0.028999643,0.34392887,-0.16587503,-0.08225708,0.37137985,-0.49085924,-0.09958788,0.10724324,-0.07175739,-0.19117548,-0.31451514,-0.19117548,0.23437797,0.17011485,0.16480175,-0.110340565,-0.096425325,-0.1468997,-0.17055562,0.077894725,-0.24734247,-0.11147909,0.38731915,0.27903324,0.14949498,0.064991504,-0.17624822,-0.046456948,-0.29085922,-0.0083797835,0.23134191,-0.06770932,0.39731282,0.28080428,-0.15158029,-0.39370552,-0.067962326,0.036022495,0.35000098,-0.5448757,-0.06568529,0.03184792,0.10888777,-0.11603317,-0.05784215,-0.17004961,0.11230333,0.13279669,-0.0098978095,0.16290422,0.2310889,-0.14487568,0.26094344,0.09079795,-0.034312736,-0.027228612,0.21704715,-0.020144489,-0.3811818,0.13773027,0.13532673,0.119387455,-0.27542597,-0.29781684,-0.07365493,0.03235393,0.27422616,0.14633243,-0.19901861,-0.13753854,-0.18320584,0.08232231,-0.114262134,-0.25417358,-0.087443665,0.05752787,0.1854216,0.1453204,0.10926727,0.0591724,0.16733178,0.61995673,0.0012343848,-0.023180543,-0.031150183,-0.01331337,0.2818163,-0.22545758,0.058413386,0.1449409,-0.0009161527,0.021854246,0.059298903,0.18782514,-0.4087593,0.29180998,0.0008548782,-0.12020774,-0.36498952,0.030835902,-0.20584974,-0.090100214,-0.20774727,-0.062649235,0.0086980155,-0.2434209,-0.11982823,-0.07998004,-0.33070743,-0.62027097,-0.051390536,-0.12071375,0.27814773,0.13848929,0.1455734,0.06144944,-0.011542339,-0.09338927,-0.17131464,0.11862844,0.052973792,0.40148738,-0.03911982,-0.250252,0.2078125,-0.16068844,0.029697383,0.096743554,-0.053414572,0.33557972,-0.035451256,-0.29022673,-0.33779156,0.044751145,-0.18472387,-0.03342722,-0.17080863,0.092189476,0.09231598,-0.14778522,-0.18181431,0.03703451,0.20857151,0.08232231,-0.048354484,0.38630712,-0.10768402,-0.13399649,0.13684475,0.21730016,0.08877391,-0.3692906,0.17833748,-0.1868744,-0.37220016,-0.18472387,0.083207816,0.06954558,-0.15562835,-0.109708056,-0.10528048,0.07473217,-0.0005366461,-0.04127036,0.25246778,-0.48200408,0.09661705,-0.10186492,0.09269548,0.029444378,0.15139252,-0.14930324,0.14354938,-0.1465202,0.11015279,0.1053457,-0.05898067,0.11420086,-0.072895914,-0.21141584,-0.25670362,0.19225273,-0.056577127,0.014011108,-0.23469225,0.14974798,-0.39522356,-0.28858218,-0.13298446,0.04500415,0.2594254,0.12356202,0.18010852,0.01527613,-0.08491363,0.1109118,-0.04405341,-0.02824063,-0.3579054,-0.034692243,-0.081498064,-0.0067352545,0.0069269845,0.08105728,0.27245513,0.00072837604,0.04955823,-0.0081267785,0.19187322,0.23437797,-0.20736776,0.23146841,-0.06745632,-0.23494525,0.30180365,-0.049619503,0.103448175,-0.26290223,-0.21040381,0.15278403,0.06549751,-0.23342723,0.08864742,0.026787832,0.14582641,0.035642985,-0.071883895,-0.39636207,-0.20774727,0.0362755,-0.17675424,0.10433369,-0.19130199,-0.010656823,-0.21179534,0.16910282,-0.114262134,0.13836278,0.053732805,-0.064293765,-0.06935385,-0.06732982,0.047534194,-0.06239623,-0.0607517,-0.1690376,-0.22988516,0.07549118,-0.12172577,-0.04772197,-0.028493635,0.19807182,-0.32805088,-0.021662517,0.116351396,-0.041143857,-0.097057834,-0.07365493,-0.048986994,-0.24468592,-0.08794968,-0.008000277,-0.21318686,-0.20622924,0.105725214,0.38301808,0.16037416,0.07397316,0.17593394,-0.2034462,-0.028873142,0.20895103,0.07713571,0.0819428,-0.40749428,-0.120334245,0.22223376,-0.101738416,0.10041212,-0.036463276,-0.013692876,-0.13020141,-0.11527415,-0.14158662,0.17669296,-0.045571435,0.00022236718,-0.20230767,-0.110973075,0.09876759,-0.039246324,-0.17359167,0.011354562,0.31230333,0.06878657,0.28637037,0.264612,0.14671193,-0.16461001,0.06613002,0.19857784,-0.30565998,-0.17979029,-0.19104898,0.31964046,0.17112686,-0.12602684,0.12318252,0.015149629,-0.21748795,-0.07340192,0.25727487,-0.08402811,-0.012427854,0.10332167,-0.087443665,0.37125337,-0.006861757,-0.03393323,0.0019933982,-0.20281368,-0.0950338,0.105092704,0.13203767,-0.34689972,0.11786943,0.12242351,0.09231598,0.20300542,0.08067778,0.04373913,-0.26821533,0.12849562,-0.12299079,0.03134191,0.13823628,0.0591724,0.11344185,-0.10717801,-0.21963848,0.35759112,0.18921667,-0.1004734,0.16847031,0.09965311,-0.020777,0.03766702,-0.14930324,-0.17700723,0.16847031,0.08940643,0.041968096,-0.02533108,-0.22874664,0.08953293,0.15341654,0.14241086,0.14405538,-0.097690344,-0.09870236,0.03285994,0.046395674,0.061196435,-0.0031931926,0.18263856,-0.37561572,-0.4096448,-0.057462644,-0.025710586,0.22033621,0.07612369,0.1395013,-0.14221913,0.1334292,-0.1525923,0.08700289,-0.014072383,-0.111985095,0.034883972,-0.10945505,0.18112053,0.32368854,0.18959618,0.017300166,0.024637295,0.28029826,0.1623982,0.14114584,0.1739099,0.24373913,-0.19332603,0.07941275,-0.027228612,-0.4045847,-0.09680483,-0.2435474,0.16429573,0.022107251,0.24563666,-0.15967643,0.21236658,0.084219836,0.041841596,0.08080428,0.1677113,0.04943173,0.084219836,-0.072263405,-0.19003697,0.21274608,-0.30300343,-0.23570426,-0.016855432,0.2542388,-0.1178042,0.10433369,0.1049662,-0.23051767,0.17580745,0.25006425,-0.12640634,0.0056619626,-0.08630515,-0.22925265,0.009077522,-0.09225075,0.15986817,0.033239447,0.08940643,0.3054722,-0.28137156,0.01527613,0.13520023,0.034377966,0.40047538,-0.13412298,-0.112617604,0.09079795,0.06613002,-0.13930957,0.11685741,-0.1637245,0.21148106,-0.23115018,-0.11944873,-0.1121116,-0.019764982,-0.072263405,0.16454874,0.042221103,-0.35588136,-0.21774095,-0.09566631,-0.18257333,-0.21255435,-0.23001166,0.04032357,0.0075594955,-0.081118554,-0.13753854,-0.03671628,0.05423881,0.053732805,-0.14057459,0.12862211,-0.025963591,0.040070564,-0.020650499,0.057780873,-0.13298446,-0.36549553,0.11192382,0.012493082,-0.12703887,-0.058854166,-0.18358535,0.22134824,0.17568094,-0.22545758,0.031468414,-0.013566374,-0.0016751661,-0.19079597,0.1453204,-0.3697966,0.13051964,0.23703451,0.19832483,0.0011078827,-0.19395854,-0.12134626,0.06322047,-0.14993577,-0.041143857,0.12950763,0.11280934,-0.015084401,-0.34500217,0.054491818,0.2590459,0.016288148,-0.063914254,-0.04076435,0.18200605,-0.32843038,-0.39610907,0.3735304,0.13633876,-0.110087566,-0.00648225,-0.22103001,0.10420719,-0.047215965,-0.26593828,-0.12438232,-0.0024341794,0.034504466,0.12520656,0.022613259,-0.22710212,-0.03671628,0.044118635,0.0003488694,0.04538366,-0.29996738,0.019197699,-0.25936016,0.207939,0.19971636,0.15506108,0.04538366,0.14076632,-0.16827857,0.01578214,-0.14259863,0.24095608,0.12343553,-0.14436966,-0.10996106,0.1498745,0.27625018,0.31242985,-0.20534372,0.08599087,0.23994406,-0.08529313,-0.12843038,-0.23608376,-0.10312994,0.19174671,0.17036785,-0.19939813,-0.42912614,-0.09250376,0.035389982,0.13747726,0.03931155,-0.1977536,-0.044938922,0.22058922,-0.027228612,0.1277366,0.11559238,-0.24392691,0.24386562,-0.024319062,0.14658543,-0.01394588,-0.04633045,0.15139252,-0.13905656,0.2304564,0.018312184,0.12912813,0.068027556,0.12318252,-0.13133994,-0.09326277,0.030203393,0.21008953,0.0056619626,0.03766702,0.13393521,0.113062344,0.21641465,0.29041845,0.06322047,0.04424514,-0.3401951,-0.4845341,-0.21369287,0.22071573,0.1845361,0.092821985,0.26941907,0.27232862,-0.3811818,-0.11679218,-0.23152968,0.047534194,-0.11919572,-0.056071118,0.012493082,0.08700289,0.1570851,-0.024951573,0.113062344,-0.1460142,-0.18434437,0.09864109,-0.05961318,0.47726223,-0.095413305,0.1735304,0.044118635,-0.13956258,-0.103382945,-0.043800402,-0.0034461971,-0.14310464,-0.25733614,0.21843868,0.10863476,0.077894725,-0.033047713,0.15038049,-0.077576496,-0.14399016,-0.02128301,0.16796431,0.088520914,0.104080684,-0.2608782,-0.23152968,0.21198708,-0.24291489,0.00439694,-0.064926274,0.0051559536,0.027673347,-0.10932855,0.16543426,-0.10983456,-0.098069854,-0.014957898,-0.095413305,0.28839442,-0.005723237,-0.035957266,-0.046456948,0.38668662,-0.22381306,0.057654373,0.007179989,0.017932678,0.028179357,-0.2551856,-0.02128301,-0.1751097,-0.29705784,-0.14487568,0.0824488,-0.0011691572,0.3104058,0.049305227,0.18643363,-0.022295026,0.05588334,0.07422616,0.041335586,-0.08807618,-0.096045814,-0.026722604,-0.10717801,0.0536063,0.028052853,-0.13867706,0.11407436,0.027673347,0.04841971,-0.35524887,0.30357468,0.038932044,0.074605666,0.117363416,0.04588967,-0.032541707,0.2833343,0.08181629,-0.13652653,0.023119267,-0.035830762,-0.21748795,0.13089916,0.24361263,-0.11451514,0.22096872,0.025269806,-0.17763975,-0.18902494,-0.26935384,-0.34854424,0.14683843,0.21616165,-0.07972703,0.06195545,0.21590865,0.11875494,0.24171509,-0.03330072,0.058413386,0.27625018,-0.012933863,0.020842228,0.29155695,0.049811237,0.19478278,0.22046272,-0.10135891,0.023498775,-0.2496195,-0.22824062,-0.22001798,0.09687006,-0.18282634,0.02602882,0.10420719,0.07878024,0.012113575,-0.052529056,0.055503834,-0.16207998,0.22666132,0.113315344,-0.11476815,-0.08668465,-0.19560306,-0.15638737,0.0086980155,-0.028367134,0.020462722,0.021348236,0.08978593,0.05689536,-0.20534372,0.0033849226,0.110405795,-0.015969915,-0.096045814,-0.23633677,0.060184415,-0.12248478,0.051329263,-0.25202304,0.25816038,-0.20066315,-0.010403818,-0.3127441,0.2246373,0.018944696,-0.25328806,-0.018879468,-0.0780825,-0.067582816,-0.23342723,0.32077897,0.22337227,-0.35069478,-0.031403188,-0.044812422,0.11723691,0.0824488,0.07966576,-0.09199775,0.024131285,0.13671826,-0.0026871837,0.08181629,-0.0091387965,-0.041649867,-0.10199142,0.27334064,-0.015084401,-0.3070515,0.0041439356,0.08232231,-0.24152337,-0.22103001,-0.24506542,-0.004711219,0.004902949,-0.13184595,0.047407694,0.0056619626,-0.1976271,-0.02191552,-0.1403216,0.034504466,-0.23557776,-0.12248478,-0.0015486638,0.12647158,0.06081693,0.068660066,0.12381503,-0.30806354,0.09750257,0.12381503,0.007179989,0.11344185,-0.07365493,0.14253736,-0.13867706,0.057401367,0.08257531,0.059931412,-0.04873399,-0.052529056,0.12191749,0.021854246,-0.21685544,0.10205665,-0.27036586,-0.04607744,0.117363416,0.2538593,-0.042282376,-0.11653917,-0.114262134,0.14367588,0.0074329935,0.094466515,0.124321036,0.031468414,-0.028367134,-0.24405341,0.10458669,0.18946968,0.11723691,0.104460195,0.039691057,0.050823253,-0.038234305,-0.0322887,0.12255001,0.12027297,0.17542793,1.3532901,-0.62862015,-0.46834183,-0.14323114,-0.07542596,0.71192384,0.5307726,0.5474709,-0.52299076,-0.6147049,-0.75967646,0.44323313,0.8033849,0.2305829,-0.6052172,0.68346083,-0.5862419,0.029444378,-0.45973969,-0.2850401,-0.6120483,0.7971863,0.4424741,0.6255228,-0.59142846,-0.29237726,-0.30983457,-0.34310463,-0.29047972,-0.020017987,-0.78105533,0.57783145,0.45702186,-0.5570199,-0.071883895,-0.964357,0.26790106,-1.0283672,0.0068004825,-1.0298852,0.06625652,1.2484198,0.8644855,0.45006424,0.782006,0.14367588,0.031974424,0.5106588,-0.7329845,-0.18877193,-0.11413563,0.27169612,0.11192382,0.3097733,0.42337227,0.18238555,0.3793495,0.32495356,-0.36233297,0.11685741,0.11723691,1.0135051,-0.15651387,0.7193875,0.16669928,0.68978596,-0.07618497,0.5341882,-0.1690376,0.30357468,0.27346715,-0.40091616,0.22564931,-0.7792843,0.32280302,-0.13930957,0.58150005,0.7922527,-0.30034688,-1.1529719,0.22122173,-0.24860749,-0.027734622,-0.08137156,-0.2148314,0.44943172,0.72001994,0.90699023,1.0584134,-0.068594836,0.4016139,-0.4159699,0.29079795,0.51344186,0.3340617,0.45853987,-0.7990186,-0.56435704,1.1029421,0.9203995,-0.6209035,-0.7280509,-0.48023304,-0.07378143,-0.21217485,0.18036152,0.009710033,-0.43443924,0.10964678,-0.20319319,0.07372015,-0.11413563,-0.12134626,-0.363345,-0.79889214,0.025016801,0.6467752,-0.5456347,0.179223,0.5564526,0.048799217,1.1449409,-0.53728557,0.031468414,-0.85088456,0.24032357,0.53899527,-0.878462,
0,0,0,0,0,0,0,0,0,0,0,0,0,0,0,0,0,0,0,0,0,0,0,0,0,0,0,0,0,0,0,0,0,0,0,0,0,0,0,0,0,0,0,0,0,0,0,0,0,0,0,0,1,0,0,0,0,0,0,0,0,0,0,0,0,0,0,0,0,0,0,0,0,0,0,0,0,0,0,0,0,0,0,0,0,0,0,0,0,0,0,0,0,0,0,0,0,0,0,0,0,0,0,0,0,0,0,0,0,0,0,0,0,0,0,0,0,0,0,0,0,0,0,0,0,0,0,0,0,0,0,0,0,0,0,0,0,0,0,0,0,0,0,0,0,0,0,0,0,0,0,0,0,0,0,0,0,0,0,0,0,0,0,0,0,0,0,0,0,0,0,0,0,0,0,0,0,0,0,0,0,0,0,0,0,0,0,0,0,0,0,0,0,0,0,0,0,0,0,0,0,0,0,0,0,0,0,0,0,0,0,0,0,0,0,0,0,0,0,0,0,0,0,0,0,0,0,0,0,0,0,0,0,0,0,0,0,0,0,0,0,0,0,0,0,0,0,0,0,0,0,0,0,0,0,0,0,0,0,0,0,0,0,0,0,0,0,0,0,0,0,0,0,0,0,0,0,0,0,0,0,0,0,0,0,0,0,0,0,0,0,0,0,0,0,0,0,0,0,0,0,0,0,0,0,0,0,0,0,0,0,0,0,0,0,0,0,0,0,0,0,0,0,0,0,0,0,0,0,0,0,0,0,0,0,0,0,0,0,0,0,0,0,0,0,0,0,0,0,0,0,0,0,0,0,0,0,0,0,0,0,0,0,0,0,0,0,0,0,0,0,0,0,0,0,0,0,0,0,0,0,0,0,0,0,0,0,0,0,0,0,0,0,0,0,0,0,0,0,0,0,0,0,0,0,0,0,0,0,0,0,0,0,0,0,0,0,0,0,0,0,0,0,0,0,0,0,0,0,0,0,0,0,0,0,0,0,0,0,0,0,0,0,0,0,0,0,0,0,0,0,0,0,0,0,0,0,0,0,0,0,0,0,0,0,0,0,0,0,0,0,0,0,0,0,0,0,0,0,0,0,0,0,0,0,0,0,0,0,0,0,0,0,0,0,0,0,0,0,0,0,0,0,0,0,0,0,0,0,0,0,0,0,0,0,0,0,0,0,0,0,0,0,0,0,0,0,0,0,0,0,0,0,0,0,0,0,0,0,0,0,0,0,0,0,0,0,0,0,0,0,0,0,0,0,0,0,0,0,0,0,0,0,0,0,0,0,0,0,0,0,0,0,0,0,0,0,0,0,0,0,0,0,0,0,0,0,0,0,0,0,0,0,0,0,0,0,0,0,0,0,0,0,0,0,0,0,0,0,0,0,0,0,0,0,0,0,0,0,0,0,0,0,0,0,0,0,0,0,0,0,0,0,0,0,0,0,0,0,0,0,0,0,0,0,0,0,0,0,0,0,0,0,0,0,0,0,0,0,0,0,0,0,0,0,0,0,0,0,0,0,0,0,0,0,0,0,0,0,0,0,0,0,0,0,0,0,0,0,0,0,0,0,0,0,0,0,0,0,0,0,0,0,0,0,0,0,0,0,0,0,0,0,0,0,0,0,0,0,0,0,0,0,0,0,0,0,0,0,0,0,0,0,0,0,0,0,0,0,0,0,0,0,0,0,0,0,0,0,0,0,0,0,0,0,0,0,0,0,0,0,0,0,0,0,0,0,0,0,0,0,0,0,0,0,0,0,0,0,0,0,0,0,0,0,0,0,0,0,0,0,0,0,0,0,0,0,0,0,0,0,0,0,0,0,0,0,0,0,0,0,0,0,0,0,0,0,0,0,0,0,0,0,0,0,0,0,0,0,0,0,0,0,0,0,0,0,0,0,0,0,0,0,0,0,0,0,0,0,0,0,0,0,0,0,0,0,0,0,0,0,0,0,0,0,0,0,0,0,0,0,0,0,0,0,0,0,0,0,0,0,0,0,0,0,0,0,0,0,0,0,0,0,0,0,0,0,0,0,0,0,0,0,0,0,0,0,0,0,0,0,0,0,0,0,0,0,0,0,0,0,0,0,0,0,0,0,0,0,0,0,0,0,0,0,0,0,0,0,0,0,0,0,0,0,0,0,0,0,0,0,0,0,0,0,0,0,0,0,0,0,0,0,0,0,0,0,0,0,0,0,0,0,0,0,0,0,0,0,0,0,0,0,0,0,0,0,0,0,0,0,0,0,0,0,0,0,0,0,0,0,0,0,0,0,0,0,0,0,0,0,0,0,0,0,0,0,0,0,0,0,0,0,0,0,0,0,0,0,0,0,0,0,0,0,0,0,0,0,0,0,0,0,0,0,0,0,0,0,0,0,0,0,0,0,0,0,0,0,0,0,0,0,0,0,0,0,0,0,0,0,0,0,0,0,0,0,0,0,0,0,0,0,0,0,0,0,0,0,0,0,0,0,0,0,0,0,0,0,0,0,0,0,0,0,0,0,0,0,0,0,0,0,0,0,0,0,0,0,0,0,0,0,0,0,0,0,0,0,0,0,0,0,0,0,0,0,0,0,0,0,0,0,0,0,0,0,0,0,0,0,0,0,0,0,0,0,0,0,0,0,0,0,0,0,0,0,0,0,0,0,0,0,0,0,0,0,0,0,0,0,0,0,0,0,0,0,0,0,0,0,0,0,0,0,0,0,0,0,0,0,0,0,0,0,0,0,0,0,0,0,0,0,0,0,0,0,0,0,0,0,0,0,0,0,0,0,0,0,0,0,0,0,0,0,0,0,0,0,0,0,0,0,0,0,0,0,0,0,0,0,0,0,0,0,0,0,0,0,0,0,0,0,0,0,0,0,0,0,0,0,0,0,0,0,0,0,0,0,0,0,0,0,0,0,0,0,0,0,0,0,0,0,0,0,0,0,0,0,0,0,0,0,0,0,0,0,0,0,0,0,0,0,0,0,0,0,0,0,0,0,0,0,0,0,0,0,0,0,0,0,0,0,0,0,0,0,0,0,0,0,0,0,0,0,0,0,0,0,0,0,0,0,0,0,0,0,0,0,0,0,0,0,0,0,0,0,0,0,0,0,0,0,0,0,0,0,0,0,0,0,0,0,0,0,0,0,0,0,0,0,0,0,0,0,0,0,0,0,0,0,0,0,0,0,0,0,0,0,0,0,0,0,0,0,0,0,0,0,0,0,0,0,0,0,0,0,0,0,0,0,0,0,0,0,0,0,0,0,0,0,0,0,0,0,0,0,0,0,0,0,0,0,0,0,0,0,0,0,0,0,0,0,0,0,0,0,0,0,0,0,0,0,0,0,0,0,0,0,0,0,0,0,0,0,0,0,0,0,0,0,0,0,0,0,0,0,0,0,0,0,0,0,0,0,0,0,0,0,0,0,0,0,0,0,0,0,0,0,0,0,0,0,0,0,0,0,0,0,0,0,0,0,0,0,0,0,0,0,0,0,0,0,0,0,0,0,0,0,0,0,0,0,0,0,0,0,0,0,0,0,0,0,0,0,0,0,0,0,0,0,0,0,0,0,0,0,0,0,0,0,0,0,0,0,0,0,0,0,0,0,0,0,0,0,0,0,0,0,0,0,0,0,0,0,0,0,0,0,0,0,0,0,0,0,0,0,0,0,0,0,0,0,0,0,0,0,0,0,0,0,0,0,0,0,0,0,0,0,0,0,0,0,0,0,0,0,0,0,0,0,0,0,0,0,0,0,0,0,0,0,0,0,0,0,0,0,0,0,0,0,0,0,0,0,0,0,0,0,0,0,0,0,0,0,0,0,0,0,0,0,0,0,0,0,0,0,0,0,0,0,0,0,0,0,0,0,0,0,0,0,0,0,0,0,0,0,0,0,0,0,0,0,0,0,0,0,0,0,0,0,0,0,0,0,0,0,0,0,0,0,0,0,0,0,0,0,0,0,0,0,0,0,0,0,0,0,0,0,0,0,0,0,0,0,0,0,0,0,0,0,0,0,0,0,0,0,0,0,0,0,0,0,0,0,0,0,0,0,0,0,0,0,0,0,0,0,0,0,0,0,0,0,0,0,0,0,0,0,0,0,0,0,0,0,0,0,0,0,0,0,0,0,0,0,0,0,0,0,0,0,0,0,0,0,0,0,0,0,0,0,0,0,0,0,0,0,0,0,0,0,0,0,0,0,0,0,0,0,0,0,0,0,0,0,0,0,0,0,0,0,0,0,0,0,0,0,0,0,0,0,0,0,0,0,0,0,0,0,0,0,0,0,0,0,0,0,0,0,0,0,0,0,0,0,0,0,0,0,0,0,0,0,0,0,0,0,0,0,0,0,0,0,0,0,0,0,0,0,0,0,0,0,0,0,0,0,0,0,0,0,0,0,0,0,0,0,0,0,0,0,0,0,0,0,0,0,0,0,0,0,0,0,0,0,0,0,0,0,0,0,0,0,0,0,0,0,0,0,0,0,0,0,0,0,0,0,0,0,0,0,0,0,0,0,0,0,0,0,0,0,0,0,0,0,0,0,0,0,0,0,0,0,0,0,0,0,0,0,0,0,0,0,0,0,0,0,0,0,0,0,0,0,0,0,0,0,0,0,0,0,0,0,0,0,0,0,0,0,0,0,0,0,0,0,0,0,0,0,0,0,0,0,0,0,0,0,0,0,0,0,0,0,0,0,0,0,0,0,0,0,0,0,0,0,0,0,0,0,0,0,0,0,0,0,0,0,0,0,0,0,0,0,0,0,0,0,0,0,0,0,0,0,0,0,0,0,0,0,0,0,0,0,0,0,0,0,0,0,0,0,0,0,0,0,0,0,0,0,0,0,0,0,0,0,0,0,0,0,0,0,0,0,0,0,0,0,0,0,0,0,0,0,0,0,0,0,0,0,0,0,0,0,0,0,0,0,0,0,0,0,0,0,0,0,0,0,0,0,0,0,0,0,0,0,0,0,0,0,0,0,0,0,0,0,0,0,0,0,0,0,0,0,0,0,0,0,0,0,0,0,0,0,0,0,0,0,0,0,0,0,0,0,0,0,0,0,0,0,0,0,0,0,0,0,0,0,0,0,0,0,0,0,0,0,0,0,0,0,0,0,0,0,0,0,0,0,0,0,0,0,0,0,0,0,0,0,0,0,0,0,0,0,0,0,0,0,0,0,0,0,0,0,0,0,0,0,0,0,0,0,0,0,0,0,0,0,0,0,0,0,0,0,0,0,0,0,0,0,0,0,0,0,0,0,0,0,0,0,0,0,0,0,0,0,0,0,0,0,0,0,0,0,0,0,0,0,0,0,0,0,0,0,0,0,0,0,0,0,0,0,0,0,0,0,0,0,0,0,0,0,0,0,0,0,0,0,0,0,0,0,0,0,0,0,0,0,0,0,0,0,0,0,0,0,0,0,0,0,0,0,0,0,0,0,0,0,0,0,0,0,0,0,0,0,0,0,0,0,0,0,0,0,0,0,0,0,0,0,0,0,0,0,0,0,0,0,0,0,0,0,0,0,0,0,0,0,0,0,0,0,0,0,0,0,0,0,0,0,0,0,0,0,0,0,0,0,0,0,0,0,0,0,0,0,0,0,0,0,0,0,0,0,0,0,0,0,0,0,0,0,0,0,0,0,0,0,0,0,0,0,0,0,0,0,0,0,0,0,0,0,0,0,0,0,0,0,0,0,0,0,0,0,0,0,0,0,0,0,0,0,0,0,0,0,0,0,0,0,0,0,0,0,0,0,0,0,0,0,0,0,0,0,0,0,0,0,0,0,0,0,0,0,0,0,0,0,0,0,0,0,0,0,0,0,0,0,0,0,0,0,0,0,0,0,0,0,0,0,0,0,0,0,0,0,0,0,0,0,0,0,0,0,0,0,0,0,0,0,0,0,0,0,0,0,0,0,0,0,0,0,0,0,0,0,0,0,0,0,0,0,0,0,0,0,0,0,0,0,0,0,0,0,0,0,0,0,0,0,0,0,0,0,0,0,0,0,0,0,0,0,0,0,0,0,0,0,0,0,0,0,0,0,0,0,0,0,0,0,0,0,0,0,0,0,0,0,0,0,0,0,0,0,0,0,0,0,0,0,0,0,0,0,0,0,0,0,0,0,0,0,0,0,0,0,0,0,0,0,0,0,0,0,0,0,0,0,0,0,0,0,0,0,0,0,0,0,0,0,0,0,0,0,0,0,0,0,0,0,0,0,0,0,0,0,0,0,0,0,0,0,0,0,0,0,0,0,0,0,0,0,0,0,0,0,0,0,0,0,0,0,0,0,0,0,0,0,0,0,0,0,0,0,0,0,0,0,0,0,0,0,0,0,0,0,0,0,0,0,0,0,0,0,0,0,0,0,0,0,0,0,0,0,0,0,0,0,0,0,0,0,0,0,0,0,0,0,0,0,0,0,0,0,0,0,0,0,0,0,0,0,0,0,0,0,0,0,0,0,0,0,0,0,0,0,0,0,0,0,0,0,0,0,0,0,0,0,0,0,0,0,0,0,0,0,0,0,0,0,0,0,0,0,0,0,0,0,0,0,0,0,0,0,0,0,0,0,0,0,0,0,0,0,0,0,0,0,0,0,0,0,0,0,0,0,0,0,0,0,0,0,0,0,0,0,0,0,0,0,0,0,0,0,0,0,0,0,0,0,0,0,0,0,0,0,0,0,0,0,0,0,0,0,0,0,0,0,0,0,0,0,0,0,0,0,0,0,0,0,0,0,0,0,0,0,0,0,0,0,0,0,0,0,0,0,0,0,0,0,0,0,0,0,0,0,0,0,0,0,0,0,0,0,0,0,0,0,0,0,0,0,0,0,0,0,0,0,0,0,0,0,0,0,0,0,0,0,0,0,0,0,0,0,0,0,0,0,0,0,0,0,0,0,0,0,0,0,0,0,0,0,0,0,0,0,0,0,0,0,0,0,0,0,0,0,0,0,0,0,0,0,0,0,0,0,0,0,0,0,0,0,0,0,0,0,0,0,0,0,0,0,0,0,0,0,0,0,0,0,0,0,0,0,0,0,0,0,0,0,0,0,0,0,0,0,0,0,0,0,0,0,0,0,0,0,0,0,0,0,0,0,0,0,0,0,0,0,0,0,0,0,0,0,0,0,0,0,0,0,0,0,0,0,0,0,0,0,0,0,0,0,0,0,0,0,0,0,0,0,0,0,0,0,0,0,0,0,0,0,0,0,0,0,0,0,0,0,0,0,0,0,0,0,0,0,0,0,0,0,0,0,0,0,0,0,0,0,0,0,0,0,0,0,0,0,0,0,0,0,0,0,0,0,0,0,0,0,0,0,0,0,0,0,0,0,0,0,0,0,0,0,0,0,0,0,0,0,0,0,0,0,0,0,0,0,0,0,0,0,0,0,0,0,0,0,0,0,0,0,0,0,0,0,0,0,0,0,0,0,0,0,0,0,0,0,0,0,0,0,0,0,0,0,0,0,0,0,0,0,0,0,0,0,0,0,0,0,0,0,0,0,0,0,0,0,0,0,0,0,0,0,0,0,0,0,0,0,0,0,0,0,0,0,0,0,0,0,0,0,0,0,0,0,0,0,0,0,0,0,0,0,0,0,0,0,0,0,0,0,0,0,0,0,0,0,0,0,0,0,0,0,0,0,0,0,0,0,0,0,0,0,0,0,0,0,0,0,0,0,0,0,0,0,0,0,0,0,0,0,0,0,0,0,0,0,0,0,0,0,0,0,0,0,0,0,0,0,0,0,0,0,0,0,0,0,0,0,0,0,0,0,0,0,0,0,0,0,0,0,0,0,0,0,0,0,0,0,0,0,0,0,0,0,0,0,0,0,0,0,0,0,0,0,0,0,0,0,0,0,0,0,0,0,0,0,0,0,0,0,0,0,0,0,0,0,0,0,0,0,0,0,0,0,0,0,0,0,0,0,0,0,0,0,0,0,0,0,0,0,0,0,0,0,0,0,0,0,0,0,0,0,0,0,0,0,0,0,0,0,0,0,0,0,0,0,0,0,0,0,0,0,0,0,0,0,0,0,0,0,0,0,0,0,0,0,0,0,0,0,0,0,0,0,0,0,0,0,0,0,0,0,0,0,0,0,0,0,0,0,0,0,0,0,0,0,0,0,0,0,0,0,0,0,0,0,0,0,0,0,0,0,0,0,0,0,0,0,0,0,0,0,0,0,0,0,0,0,0,0,0,0,0,0,0,0,0,0,0,0,0,0,0,0,0,0,0,0,0,0,0,0,0,0,0,0,0,0,0,0,0,0,0,0,0,0,0,0,0,0,0,0,0,0,0,0,0,0,0,0,0,0,0,0,0,0,0,0,0,0,0,0,0,0,0,0,0,0,0,0,0,0,0,0,0,0,0,0,0,0,0,0,0,0,0,0,0,0,0,0,0,0,0,0,0,0,0,0,0,0,0,0,0,0,0,0,0,0,0,0,0,0,0,0,0,0,0,0,0,0,0,0,0,0,0,0,0,0,0,0,0,0,0,0,0,0,0,0,0,0,0,0,0,0,0,0,0,0,0,0,0,0,0,0,0,0,0,0,0,0,0,0,0,0,0,0,0,0,0,0,0,0,0,0,0,0,0,0,0,0,0,0,0,0,0,0,0,0,0,0,0,0,0,0,0,0,0,0,0,0,0,0,0,0,0,0,0,0,0,0,0,0,0,0,0,0,0,0,0,0,0,0,0,0,0,0,0,0,0,0,0,0,0,0.35332334,0.41606843,0.44571474,1.1113682,0.29237953,-1.6013817,1.979292,-0.9138875,1.2668799,-0.5093467,0.8743478,0.06744286,0.45659757,-0.52683425,-0.1573437,-0.2580661,0.059712302,0.12403353,-0.25536415,0.60918224,1.1793671,-1.1274159,0.30453828,0.3642812,0.013178857,-0.2536379,-0.1847384,-0.88048846,0.9623861,-0.45290613,-1.5558989,-1.5454664,-0.8959496,-0.44810268,1.4874635,1.9523476,-0.6936792,-1.5339831,-0.28966382,-1.9885099,1.9196241,0.26415926,1.5602658,-1.1849823,-0.8473897,-1.1036988,-0.16334802,0.229034,-1.9458792,0.651963,0.7958414,-1.0035019,0.7803052,-1.5528967,-0.611345,-0.8894199,0.32840544,0.4288276,-0.3074516,-0.11231134,0.18655346,-0.4187566,1.2526947,1.2650036,-0.6605804,0.9418964,0.9082722,-0.6905269,0.050780885,-1.7111105,1.088777,0.44368827,0.13986991,0.31189355,0.4334059,-0.8716321,1.087501,-0.04859054,0.23443788,0.5721056,-0.28516057,0.8874072,0.8983651,-1.8703749,0.18835476,0.79899365,0.89874035,-1.1619408,-0.17002782,-0.46108702,1.4026525,-0.6846727,-0.38873503,-0.96559966,-0.44389966,1.0294843,0.05415831,-1.148281,1.2490171,-0.26527128,0.78195643,0.4203465,-0.044312466,1.1242775,-0.46709135,-0.26452073,0.5443356,0.05963725,1.5847334,-0.5655621,-0.5655621,-1.2616124,-0.52270633,0.7553873,-0.14413421,-0.10510616,0.55296683,-1.2730956,0.24269383,-1.7785089,-0.43819556,-0.13452731,-0.18338743,-0.466641,-1.9629165,-0.89602464,-0.100978196,1.2978022,-0.47181973,-0.79672825,-0.7122175,-1.7614716,1.2616261,-0.4951615,0.14099573,0.135817,0.405711,0.026613513,0.7663452,0.9393445,0.3861219,-0.8913713,0.5019301,-0.47046876,-0.07035618,1.3618983,-0.14638583,-1.9351465,1.3208437,-1.7463108,-1.0709754,0.58028644,1.7354417,-0.44765237,-0.6704125,1.7088727,1.8615323,-0.118540816,0.010627023,-0.7658811,1.0059174,0.49074712,1.5489327,-0.56976515,0.033518475,0.17522033,1.2819659,-0.9276974,0.11360104,0.8660919,-0.6569028,1.6776502,-0.005809791,-1.8992708,-1.105125,-0.8041586,0.034269016,-1.2795503,-0.12484535,-0.1172649,-0.30542514,0.54703754,-1.3516772,1.7199806,-0.5702905,0.2992845,0.7704732,0.69684523,0.4322801,-0.17738311,-0.34437814,0.17176785,0.4035344,-0.7443406,-0.88814396,0.6755299,0.7186109,0.011602724,-0.23532476,-1.7323507,0.5549933,1.471477,-0.20522812,-1.7733302,0.61098355,-0.5217306,-0.20695436,-0.996672,1.5509591,-0.30955312,0.29380557,-0.33342025,0.94489855,1.8825475,1.1578265,-1.4565275,-1.1713225,-1.7958463,-0.42303467,0.3774907,-1.1695963,1.2117903,-0.07906244,0.26438442,-0.98631454,-0.35300934,-0.01721799,-0.88881946,-0.068705,-0.3798036,-0.5112981,0.75546235,1.5824817,0.746606,0.9380686,0.80492294,0.611659,-0.33799854,-0.030427486,-1.116383,1.6218101,0.19263284,-0.08416611,-0.29987115,-0.8641267,0.8888332,0.27804422,0.25680396,0.838472,-0.41372797,1.1685593,1.5595903,1.7082722,-0.059023038,-1.0449317,-0.2735272,0.907972,0.71981174,0.8277393,-0.99637175,-0.32328796,-0.21070705,0.0006448483,-1.8919154,-1.0947675,0.14692499,0.05490885,0.48691934,-1.2375951,0.24299404,0.7514845,-0.19892359,0.071795985,0.2829978,-0.20702942,1.2929237,-0.95546734,0.7638684,-0.07508458,-0.6111949,1.4822848,-0.23817681,-0.35931388,-0.31338087,-0.32989272,0.43723366,0.7449548,0.482266,-1.3883785,-0.48713073,0.6469344,-0.22361635,-0.13347656,0.34011385,1.1724621,0.30243677,-1.3631604,0.025337595,-0.5925815,-0.49133375,0.22475593,-0.422134,1.1185733,-0.41770583,-0.18946679,-1.3490503,0.21589956,0.98512745,-0.8882941,-1.351452,-0.45463237,0.01400445,1.6501054,0.5370554,1.1254033,0.5038065,-0.26872376,1.4920418,1.2659043,0.8140044,-0.5107727,1.3826132,-1.2035958,0.008600567,-1.8318722,-0.32133657,-0.053093776,-0.0145911025,-1.3507015,0.23811553,-0.0354561,0.55536854,0.23646434,0.5178416,0.7638684,1.370004,-1.0490596,-1.9514332,0.3669081,-0.87170714,0.9042944,-0.10262938,0.21147138,-0.41267723,-1.4762666,-0.7080145,0.06601684,-0.12477029,-0.7695587,0.47603655,0.13664259,-0.5339644,-0.30640084,-1.3898796,1.9819939,-0.6837721,1.7262101,-1.4737148,-0.45012915,-0.2679732,1.9547493,-1.2634137,0.6632961,0.9830259,-1.074653,0.63650185,-1.3533283,1.1015362,-0.1221434,-1.5095155,-0.550101,-0.5446971,0.735498,1.0784194,-0.19276917,-0.45936078,1.0116966,-0.7523714,-0.3848322,-0.9634981,1.1798924,-0.5795972,-0.85234326,1.0339125,-0.2274441,0.6721525,0.95142823,1.6223354,0.49960348,0.48001438,0.055209067,-0.9704781,0.3184983,0.49870282,1.6512312,-1.7542665,0.35677582,-0.08881945,0.90774685,0.19706102,1.0286587,0.87142074,-0.5566307,-0.12522061,-0.17182912,0.21987742,0.6209657,-1.6079113,0.77430093,-0.74539137,-0.15937017,-1.6903205,-0.79169965,-0.27172592,0.116603196,0.16141039,0.33951342,-0.75214624,-0.25356287,-0.8001057,0.38191888,-0.314957,-0.69960845,0.42950308,0.8861313,1.575952,0.054833796,-0.67386496,-0.62943304,0.9840767,0.3329837,0.4392601,0.24824782,1.4207405,1.3913945,0.55341715,0.14872628,-0.72212464,-1.1376983,-0.48840666,0.27706853,-0.6632073,1.1075405,-0.5155762,0.09821498,0.8072496,0.27819434,-0.24575725,0.82916534,-0.5185033,0.23631424,1.1672083,-0.14053163,-0.6319098,-1.6926472,-1.1639673,-1.1566119,-0.02712511,-0.8001057,-0.7619032,0.84800386,-0.073583506,-1.5058379,1.1898746,1.1177478,0.85896176,-1.1100785,-0.033054374,-1.088463,0.9999131,-0.7301554,-0.75409764,-1.3650367,-0.7255771,1.2427126,-0.6013628,-0.40224472,0.01648123,-1.9614904,0.5437352,0.8343441,0.64355695,0.3838703,-1.6285511,-0.1485624,-1.1226125,0.61616224,-0.8540695,0.77647746,0.31692216,0.13544174,-0.2846352,1.753905,0.26663604,-0.27075022,-1.6288513,-0.60931855,0.124408804,-1.1772518,-0.6722138,-0.43084028,0.5038816,-0.95809424,-0.87921256,0.060688004,0.29200426,-0.9346774,0.020158874,0.72926855,-1.4519492,-1.6982012,0.88890827,-0.31555742,-1.1431022,-1.2674667,-1.6861925,-0.15779403,-1.1475304,-0.29191542,0.072996855,-0.61742437,0.5179166,-1.2330168,0.6268199,-0.050917212,-1.3831998,-0.63731366,-0.3217869,0.5727811,-1.02174,-0.28163305,1.1512969,0.30243677,0.48774496,1.1148957,-0.75274664,-1.4525496,-0.71319324,-0.8084367,-0.34280202,0.1071464,0.066617265,-0.70921534,0.24644652,0.5111618,-1.4866992,0.9238084,0.750809,-0.24755855,-0.61126995,-0.40434623,-0.4063727,0.8519067,-0.0611996,0.34461707,1.136061,0.2461463,-1.1816049,1.3691785,0.9987873,-0.26842356,-1.6870182,0.70960444,-0.029752,0.36180443,-0.27330205,-0.08604246,0.009651322,0.73302126,-0.4634137,-0.18158613,0.3633055,-0.74103826,1.8997349,0.490597,-0.4728705,-0.4358689,0.9298877,-0.5339644,0.49014667,0.9432473,0.37869158,-0.37612596,-0.85512024,0.12253246,-0.23382367,0.60783124,1.109717,-0.8188692,-0.22324108,-0.751771,0.6638215,0.20651782,-0.19817305,-0.999524,1.410308,0.5724058,0.9067711,1.0890021,0.5583707,-1.1133809,0.4592995,0.7800801,-0.7788654,-0.44495043,1.2385846,0.48504302,0.31684712,1.0250561,-0.78486973,1.0355637,0.3933271,0.8098765,0.26521,-0.78186756,0.012128102,-0.23209743,-1.2117015,0.115852654,0.7562129,0.62539387,0.18572788,0.6349257,1.6048479,-1.0131838,0.7574138,0.35595024,-0.4559083,0.79396504,-0.016092181,0.6025775,0.47836322,0.99555993,1.4309479,0.19180724,0.15398006,-0.0810889,0.9255346,-0.34640458,0.23728994,-0.5665378,0.44346312,1.3465122,0.008300351,-0.6267311,1.2289027,0.41396692,0.18362637,0.5790856,-0.07613534,-1.4090934,0.135817,-0.97340524,0.56700194,0.18272571,0.9206561,1.4008512,1.2782881,-1.7574939,1.1702856,-1.0536379,-1.7937449,1.140339,1.2996035,0.08215343,0.94242173,1.1851462,-0.9586196,-0.47309566,-0.018794123,-1.6040835,-0.49928948,1.1002601,-1.614441,0.073447175,0.44744098,-0.9096845,0.11255028,0.1977365,-0.8139156,-0.40622258,-1.034199,0.20479158,-1.6843162,0.063164786,-1.3119736,1.5764024,-0.43969664,-1.760571,-1.2589104,0.82946557,0.6822848,1.3348038,-0.7378109,-1.0185877,-0.96267253,0.79381496,0.36263004,0.7117059,0.23158583,0.7671708,-0.7989799,0.22438066,-0.27292678,1.2190706,0.8158808,0.37681523,-0.83440536,-0.49741313,-0.77931577,0.9118748,-0.2057535,-0.56353563,0.20419115,0.2774438,-0.054744963,0.2712143,-1.0475585,0.508685,0.7541114,-0.6493974,0.67890733,-0.20612878,0.60242736,1.4518129,-0.053093776,0.34003878,0.7083285,0.6504619,-0.08161428,0.74960816,1.3391569,0.83922255,-0.7096657,0.27714357,1.0402921,0.72378963,-0.4748219,-0.24087875,-1.9629165,-0.42828846,-1.5790155,0.3770404,0.0007199022,-0.9983982,-0.751846,0.11097415,-0.39654064,-1.7797098,0.568503,0.43858463,-0.55070144,1.118123,-1.1958652,-0.32381335,-0.56931484,-0.029226622,0.8448516,1.1050637,0.14392284,-0.068705,0.44278765,-0.54267067,0.11983051,0.465529,-1.3145255,-1.5553735,0.13056323,-0.96492416,1.8004384,0.50305593,-1.3914558,1.549458,0.77977985,-0.34092566,-0.21168277,1.4310229,-0.87500954,1.1850711,0.13161398,-0.69878286,-0.9407568,-1.1228377,-0.63919,0.08125278,-0.083490625,-0.9647741,0.18692873,0.07614911,0.036145363,-1.4311593,-0.48472902,1.198731,-0.9719792,1.169535,1.0643094,-1.7001526,0.9821253,0.27038872,-0.9391807,0.43197986,0.10451951,-1.3539288,-0.5109979,1.9236771,1.5853338,1.2214723,0.8345692,-0.69330394,-0.40337053,-0.9509641,0.024512002,0.66427183,0.6178134,0.087557316,-0.34640458,0.8597123,-1.1431022,1.6480789,1.0826976,-0.50649464,0.5041067,-0.8040085,-0.7279038,-0.6380642,-0.08341557,0.7899121,0.81175286,0.93589205,0.7042005,-1.7541164,0.082378596,1.2332557,1.3180667,0.17454484,1.0712894,0.6862626,-0.0458886,-1.5366851,0.37951717,0.48932108,-1.2440498,-1.038402,1.514558,-0.2567902,0.19540983,-0.5900297,0.9534547,0.6638215,1.4891897,-1.4231285,-0.7811921,-0.9371542,0.003571952,-1.00778,-1.308296,0.9136761,-0.017518206,-0.9275473,-0.9389555,-0.118165545,-0.21791224,1.891629,0.8979898,-0.5272095,0.09543798,0.78308225,-0.26879883,0.59559745,0.48234108,1.7933084,0.17124246,0.43513215,-1.5105664,-1.8688738,0.8794515,-0.29491758,1.4577421,-0.5227814,-0.3903862,-0.41507897,-0.09992744,-0.88259,-1.6321537,0.9688407,-1.1546606,0.28539953,0.70630205,0.25860527,0.4624518,1.5846584,-0.4956869,1.1394384,0.29665762,1.0552279,1.041568,0.48204085,0.66344625,0.30296212,0.16141039,0.56092256,-0.44344935,0.57570815,0.4153179,0.36630768,0.6956444,0.8262382,-0.65922946,0.15067768,1.348989,-0.7561991,-0.45568314,-1.405716,-0.9024042,-1.6686299,0.6343253,0.8949126,-1.2418733,-0.20064983,-0.73856145,0.8155806,-0.47932512,0.36608252,-1.0066541,-0.7968784,0.22888389,0.9060206,0.13183914,-0.3087275,-0.117715225,-1.2509547,1.4484354,1.6168565,-0.20042467,1.0991344,-1.0889133,-0.11884103,0.9480508,0.20404103,0.7260412,0.40578604,0.059261978,-1.5927504,-1.1668943,-1.0007249,-0.9234193,-0.09122118,1.4474597,0.24554586,1.0656604,-0.15554242,-0.2570904,0.81287867,0.07397255,-0.32854176,-0.575094,0.22175378,0.8708953,-0.081389114,-0.31045374,-1.3930318,0.66427183,0.40398476,-1.4602802,1.0128974,-1.7024043,-0.17760827,0.1957851,0.8043975,-0.863151,-0.35120803,-0.8698308,-0.4646896,-0.43774524,1.752554,1.3049324,0.17634614,0.3308822,-0.90187883,1.5271671,-1.1605898,0.6943685,-0.6608806,0.12778623,1.1990312,0.7042756,0.40458518,1.047122,-0.39286298,-0.100227654,-1.229189,0.89806485,-0.24335553,-0.9418826,1.1079907,-1.4467704,1.7315389,0.6963199,0.55927134,-0.3020477,1.9372618,-0.18541388,0.27316573,0.8695444,0.087557316,0.45479628,-0.07681082,0.03704601,-1.7904425,0.9433224,0.06774308,0.48744473,-1.1996928,-1.2002933,-0.042436115,-1.213878,1.3231704,-1.2023948,1.6649661,0.10992339,-0.72565216,-0.44262376,-0.87110674,1.7477506,-0.26692247,1.4831854,1.0223542,1.0020146,1.0525259,-0.46018636,-0.86757916,0.72994405,1.7656884,-1.5052375,-0.48938236,0.34461707,1.4376277,-1.041254,-1.6969253,-0.02044531,-0.8994771,1.0480977,-0.62680614,-1.9391994,-0.8745592,0.9213316,0.96741474,0.12335805,-0.6235788,0.9294374,-1.1157826,-0.5425205,1.2175695,0.022260385,-0.6743903,-0.058797877,-0.3858079,-0.8449879,1.6502556,0.90789694,0.67500454,0.963662,0.16568847,-1.7131369,0.5222698,-1.144153,-1.5355593,0.8401983,-1.7900672,0.5727811,0.7180855,-0.99689716,0.26453453,1.4286963,0.58036155,1.0412678,0.9578829,-0.22504236,0.43310568,-0.032378886,-1.35573,-0.3824305,-0.03733245,-1.4565275,0.13611722,-0.6498477,0.9018926,-0.7461419,-1.3644363,0.6040786,0.18039905,-0.29739437,1.6474785,0.9139763,-1.2469769,-1.3587322,-0.7869713,-0.7412634,-1.6013066,0.681234,0.45404574,-0.696231,0.15510587,-0.91831565,-0.7754129,1.4999975,0.68491167,-0.94721144,-1.5421641,-0.5406442,-1.5252769,0.102568105,1.0780442,-1.1560866,1.2996786,-0.72978014,-1.2936604,1.2938243,-1.1160078,0.6656979,0.1470751,-0.84206086,-0.007010654,-1.0759289,0.686788,1.0155994,0.7174851,1.0691128,0.36338055,-0.43714482,0.33718672,1.186122,1.1206748,-0.5995616,1.1643562,-0.7605523,-0.5921312,-0.8797379,1.2304788,0.18745412,0.53765583,1.2692066,0.28652534,-1.0340488,1.2075123,-0.36539325,-0.93280107,1.0640092,0.7634181,0.6894149,0.34581795,1.2748357,
1,1,0,0,0,0,0,0,0,0,0,0,0,0,0,0,0,0,0,0,0,0,0,0,0,0,0,0,0,0,0,0,0,0,0,1,0,0,0,0,0,0,0,0,0,0,0,0,0,0,0,0,0,0,0,0,0,0,0,0,0,0,0,0,0,0,0,0,0,0,0,0,0,0,0,0,0,0,0,0,0,0,0,0,0,1,0,0,0,0,0,0,0,0,0,0,0,0,0,0,0,0,0,0,0,0,0,0,0,0,0,0,0,0,0,0,0,0,0,0,0,0,0,0,0,0,0,0,0,0,0,0,0,0,0,0,0,0,0,0,0,0,0,0,0,0,0,0,0,0,0,0,0,0,0,0,0,0,0,0,0,0,0,0,0,0,0,0,0,0,0,0,0,0,0,0,0,0,0,0,0,0,0,0,0,0,0,0,0,0,0,0,0,0,0,0,0,0,0,0,0,0,0,0,0,0,0,0,0,0,0,0,0,0,0,0,0,0,0,0,0,0,0,0,0,0,0,0,0,0,0,0,0,0,0,0,0,0,0,0,0,0,0,0,0,0,0,0,0,0,0,0,0,0,0,0,0,0,0,0,0,0,0,0,0,0,0,0,0,0,0,0,0,0,0,0,0,0,0,0,0,0,0,0,0,0,0,0,0,0,0,0,0,0,0,0,0,0,0,0,0,0,0,0,0,0,0,0,0,0,0,0,0,0,0,0,0,0,0,0,0,0,0,0,0,0,0,0,0,0,0,0,0,0,0,0,0,0,0,0,0,0,0,0,0,0,0,0,0,0,0,0,0,0,0,0,0,0,0,0,0,0,0,0,0,0,0,0,0,0,0,0,0,0,0,0,0,0,0,0,0,0,0,0,0,0,0,0,0,0,0,0,0,0,0,0,0,0,0,0,0,0,0,0,0,0,0,0,0,0,0,0,0,0,0,0,0,0,0,0,0,0,0,0,0,0,0,0,0,0,0,0,0,0,0,0,0,0,0,0,0,0,0,0,0,0,0,0,0,0,0,0,0,0,0,0,0,0,0,0,0,0,0,0,0,0,0,0,0,0,0,0,0,0,0,0,0,0,0,0,0,0,0,0,0,0,0,0,0,0,0,0,0,0,0,0,0,0,0,0,0,0,0,0,0,0,0,0,0,0,0,0,0,0,0,0,0,0,0,0,0,0,0,0,0,0,0,0,0,0,0,0,0,0,0,0,0,0,0,0,0,0,0,0,0,0,0,0,0,0,0,0,0,0,0,0,0,0,0,0,0,0,0,0,0,0,0,0,0,0,0,0,0,0,0,0,0,0,0,0,0,0,0,0,0,0,0,0,0,0,0,0,0,0,0,0,0,0,0,0,0,0,0,0,0,0,0,0,0,0,0,0,0,0,0,0,0,0,0,0,0,0,0,0,0,0,0,0,0,0,0,0,0,0,0,0,0,0,0,0,0,0,0,0,0,0,0,0,0,0,0,0,0,0,0,0,0,0,0,0,0,0,0,0,0,0,0,0,0,0,0,0,0,0,0,0,0,0,0,0,0,0,0,0,0,0,0,0,0,0,0,0,0,0,0,0,0,0,0,0,0,0,0,0,0,0,0,0,0,0,0,0,0,0,0,0,0,0,0,0,0,0,0,0,0,0,0,0,0,0,0,0,0,0,0,0,0,0,0,0,0,0,0,0,0,0,0,0,0,0,0,0,0,0,0,0,0,0,0,0,0,0,0,0,0,0,0,0,0,0,0,0,0,0,0,0,0,0,0,0,0,0,0,0,0,0,0,0,0,0,0,0,0,0,0,0,0,0,0,0,0,0,0,0,0,0,0,0,0,0,0,0,0,0,0,0,0,0,0,0,0,0,0,0,0,0,0,0,0,0,0,0,0,0,0,0,0,0,0,0,0,0,0,0,0,0,0,0,0,0,0,0,0,0,0,0,0,0,0,0,0,0,0,0,0,0,0,0,0,0,0,0,0,0,0,0,0,0,0,0,0,0,0,0,0,0,0,0,0,0,0,0,0,0,0,0,0,0,0,0,0,0,0,0,0,0,0,0,0,0,0,0,0,0,0,0,0,0,0,0,0,0,0,0,0,0,0,0,0,0,0,0,0,0,0,0,0,0,0,0,0,0,0,0,0,0,0,0,0,0,0,0,0,0,0,0,0,0,0,0,0,0,0,0,0,0,0,0,0,0,0,0,0,0,0,0,0,0,0,0,0,0,0,0,0,0,0,0,0,0,0,0,0,0,0,0,0,0,0,0,0,0,0,0,0,0,0,0,0,0,0,0,0,0,0,0,0,0,0,0,0,0,0,0,0,0,0,0,0,0,0,0,0,0,0,0,0,0,0,0,0,0,0,0,0,0,0,0,0,0,0,0,0,0,0,0,0,0,0,0,0,0,0,0,0,0,0,0,0,0,0,0,0,0,0,0,0,0,0,0,0,0,0,0,0,0,0,0,0,0,0,0,0,0,0,0,0,0,0,0,0,0,0,0,0,0,0,0,0,0,0,0,0,0,0,0,0,0,0,0,0,0,0,0,0,0,0,0,0,0,0,0,0,0,0,0,0,0,0,0,0,0,0,0,0,0,0,0,0,0,0,0,0,0,0,0,0,0,0,0,0,0,0,0,0,0,0,0,0,0,0,0,0,0,0,0,0,0,0,0,0,0,0,0,0,0,0,0,0,0,0,0,0,0,0,0,0,0,0,0,0,0,0,0,0,0,0,0,0,0,0,0,0,0,0,0,0,0,0,0,0,0,0,0,0,0,0,0,0,0,0,0,0,0,0,0,0,0,0,0,0,0,0,0,0,0,0,0,0,0,0,0,0,0,0,0,0,0,0,0,0,0,0,0,0,0,0,0,0,0,0,0,0,0,0,0,0,0,0,0,0,0,0,0,0,0,0,0,0,0,0,0,0,0,0,0,0,0,0,0,0,0,0,0,0,0,0,0,0,0,0,0,0,0,0,0,0,0,0,0,0,0,0,0,0,0,0,0,0,0,0,0,0,0,0,0,0,0,0,0,0,0,0,0,0,0,0,0,0,0,0,0,0,0,0,0,0,0,0,0,0,0,0,0,0,0,0,0,0,0,0,0,0,0,0,0,0,0,0,0,0,0,0,0,0,0,0,0,0,0,0,0,0,0,0,0,0,0,0,0,0,0,0,0,0,0,0,0,0,0,0,0,0,0,0,0,0,0,0,0,0,0,0,0,0,0,0,0,0,0,0,0,0,0,0,0,0,0,0,0,0,0,0,0,0,0,0,0,0,0,0,0,0,0,0,0,0,0,0,0,0,0,0,0,0,0,0,0,0,0,0,0,0,0,0,0,0,0,0,0,0,0,0,0,0,0,0,0,0,0,0,0,0,0,0,0,0,0,0,0,0,0,0,0,0,0,0,0,0,0,0,0,0,0,0,0,0,0,0,0,0,0,0,0,0,0,0,0,0,0,0,0,0,0,0,0,0,0,0,0,0,0,0,0,0,0,0,0,0,0,0,0,0,0,0,0,0,0,0,0,0,0,0,0,0,0,0,0,0,0,0,0,0,0,0,0,0,0,0,0,0,0,0,0,0,0,0,0,0,0,0,0,0,0,0,0,0,0,0,0,0,0,0,0,0,0,0,0,0,0,0,0,0,0,0,0,0,0,0,0,0,0,0,0,0,0,0,0,0,0,0,0,0,0,0,0,0,0,0,0,0,0,0,0,0,0,0,0,0,0,0,0,0,0,0,0,0,0,0,0,0,0,0,0,0,0,0,0,0,0,0,0,0,0,0,0,0,0,0,0,0,0,0,0,0,0,0,0,0,0,0,0,0,0,0,0,0,0,0,0,0,0,0,0,0,0,0,0,0,0,0,0,0,0,0,0,0,0,0,0,0,0,0,0,0,0,0,0,0,0,0,0,0,0,0,0,0,0,0,0,0,0,0,0,0,0,0,0,0,0,0,0,0,0,0,0,0,0,0,0,0,0,0,0,0,0,0,0,0,0,0,0,0,0,0,0,0,0,0,0,0,0,0,0,0,0,0,0,0,0,0,0,0,0,0,0,0,0,0,0,0,0,0,0,0,0,0,0,0,0,0,0,0,0,0,0,0,0,0,0,0,0,0,0,0,0,0,0,0,0,0,0,0,0,0,0,0,0,0,0,0,0,0,0,0,0,0,0,0,0,0,0,0,0,0,0,0,0,0,0,0,0,0,0,0,0,0,0,0,0,0,0,0,0,0,0,0,0,0,0,0,0,0,0,0,0,0,0,0,0,0,0,0,0,0,0,0,0,0,0,0,0,0,0,0,0,0,0,0,0,0,0,0,0,0,0,0,0,0,0,0,0,0,0,0,0,0,0,0,0,0,0,0,0,0,0,0,0,0,0,0,0,0,0,0,0,0,0,0,0,0,0,0,0,0,0,0,0,0,0,0,0,0,0,0,0,0,0,0,0,0,0,0,0,0,0,0,0,0,0,0,0,0,0,0,0,0,0,0,0,0,0,0,0,0,0,0,0,0,0,0,0,0,0,0,0,0,0,0,0,0,0,0,0,0,0,0,0,0,0,0,0,0,0,0,0,0,0,0,0,0,0,0,0,0,0,0,0,0,0,0,0,0,0,0,0,0,0,0,0,0,0,0,0,0,0,0,0,0,0,0,0,0,0,0,0,0,0,0,0,0,0,0,0,0,0,0,0,0,0,0,0,0,0,0,0,0,0,0,0,0,0,0,0,0,0,0,0,0,0,0,0,0,0,0,0,0,0,0,0,0,0,0,0,0,0,0,0,0,0,0,0,0,0,0,0,0,0,0,0,0,0,0,0,0,0,0,0,0,0,0,0,0,0,0,0,0,0,0,0,0,0,0,0,0,0,0,0,0,0,0,0,0,0,0,0,0,0,0,0,0,0,0,0,0,0,0,0,0,0,0,0,0,0,0,0,0,0,0,0,0,0,0,0,0,0,0,0,0,0,0,0,0,0,0,0,0,0,0,0,0,0,0,0,0,0,0,0,0,0,0,0,0,0,0,0,0,0,0,0,0,0,0,0,0,0,0,0,0,0,0,0,0,0,0,0,0,0,0,0,0,0,0,0,0,0,0,0,0,0,0,0,0,0,0,0,0,0,0,0,0,0,0,0,0,0,0,0,0,0,0,0,0,0,0,0,0,0,0,0,0,0,0,0,0,0,0,0,0,0,0,0,0,0,0,0,0,0,0,0,0,0,0,0,0,0,0,0,0,0,0,0,0,0,0,0,0,0,0,0,0,0,0,0,0,0,0,0,0,0,0,0,0,0,0,0,0,0,0,0,0,0,0,0,0,0,0,0,0,0,0,0,0,0,0,0,0,0,0,0,0,0,0,0,0,0,0,0,0,0,0,0,0,0,0,0,0,0,0,0,0,0,0,0,0,0,0,0,0,0,0,0,0,0,0,0,0,0,0,0,0,0,0,0,0,0,0,0,0,0,0,0,0,0,0,0,0,0,0,0,0,0,0,0,0,0,0,0,0,0,0,0,0,0,0,0,0,0,0,0,0,0,0,0,0,0,0,0,0,0,0,0,0,0,0,0,0,0,0,0,0,0,0,0,0,0,0,0,0,0,0,0,0,0,0,0,0,0,0,0,0,0,0,0,0,0,0,0,0,0,0,0,0,0,0,0,0,0,0,0,0,0,0,0,0,0,0,0,0,0,0,0,0,0,0,0,0,0,0,0,0,0,0,0,0,0,0,0,0,0,0,0,0,0,0,0,0,0,0,0,0,0,0,0,0,0,0,0,0,0,0,0,0,0,0,0,0,0,0,0,0,0,0,0,0,0,0,0,0,0,0,0,0,0,0,0,0,0,0,0,0,0,0,0,0,0,0,0,0,0,0,0,0,0,0,0,0,0,0,0,0,0,0,0,0,0,0,0,0,0,0,0,0,0,0,0,0,0,0,0,0,0,0,0,0,0,0,0,0,0,0,0,0,0,0,0,0,0,0,0,0,0,0,0,0,0,0,0,0,0,0,0,0,0,0,0,0,0,0,0,0,0,0,0,0,0,0,0,0,0,0,0,0,0,0,0,0,0,0,0,0,0,0,0,0,0,0,0,0,0,0,0,0,0,0,0,0,0,0,0,0,0,0,0,0,0,0,0,0,0,0,0,0,0,0,0,0,0,0,0,0,0,0,0,0,0,0,0,0,0,0,0,0,0,0,0,0,0,0,0,0,0,0,0,0,0,0,0,0,0,0,0,0,0,0,0,0,0,0,0,0,0,0,0,0,0,0,0,0,0,0,0,0,0,0,0,0,0,0,0,0,0,0,0,0,0,0,0,0,0,0,0,0,0,0,0,0,0,0,0,0,0,0,0,0,0,0,0,0,0,0,0,0,0,0,0,0,0,0,0,0,0,0,0,0,0,0,0,0,0,0,0,0,0,0,0,0,0,0,0,0,0,0,0,0,0,0,0,0,0,0,0,0,0,0,0,0,0,0,0,0,0,0,0,0,0,0,0,0,0,0,0,0,0,0,0,0,0,0,0,0,0,0,0,0,0,0,0,0,0,0,0,0,0,0,0,0,0,0,0,0,0,0,0,0,0,0,0,0,0,0,0,0,0,0,0,0,0,0,0,0,0,0,0,0,0,0,0,0,0,0,0,0,0,0,0,0,0,0,0,0,0,0,0,0,0,0,0,0,0,0,0,0,0,0,0,0,0,0,0,0,0,0,0,0,0,0,0,0,0,0,0,0,0,0,0,0,0,0,0,0,0,0,0,0,0,0,0,0,0,0,0,0,0,0,0,0,0,0,0,0,0,0,0,0,0,0,0,0,0,0,0,0,0,0,0,0,0,0,0,0,0,0,0,0,0,0,0,0,0,0,0,0,0,0,0,0,0,0,0,0,0,0,0,0,0,0,0,0,0,0,0,0,0,0,0,0,0,0,0,0,0,0,0,0,0,0,0,0,0,0,0,0,0,0,0,0,0,0,0,0,0,0,0,0,0,0,0,0,0,0,0,0,0,0,0,0,0,0,0,0,0,0,0,0,0,0,0,0,0,0,0,0,0,0,0,0,0,0,0,0,0,0,0,0,0,0,0,0,0,0,0,0,0,0,0,0,0,0,0,0,0,0,0,0,0,0,0,0,0,0,0,0,0,0,0,0,0,0,0,0,0,0,0,0,0,0,0,0,0,0,0,0,0,0,0,0,0,0,0,0,0,0,0,0,0,0,0,0,0,0,0,0,0,0,0,0,0,0,0,0,0,0,0,0,0,0,0,0,0,0,0,0,0,0,0,0,0,0,0,0,0,0,0,0,0,0,0,0,0,0,0,0,0,0,0,0,0,0,0,0,0,0,0,0,0,0,0,0,0,0,0,0,0,0,0,0,0,0,0,0,0,0,0,0,0,0,0,0,0,0,0,0,0,0,0,0,0,0,0,0,0,0,0,0,0,0,0,0,0,0,0,0,0,0,0,0,0,0,0,0,0,0,0,0,0,0,0,0,0,0,0,0,0,0,0,0,0,0,0,0,0,0,0,0,0,0,0,0,0,0,0,0,0,0,0,0,0,0,0,0,0,0,0,0,0,0,0,0,0,0,0,0,0,0,0,0,0,0,0,0,0,0,0,0,0,0,0,0,0,0,0,0,0,0,0,0,0,0,0,0,0,0,0,0,0,0,0,0,0,0,0,0,0,0,0,0,0,0,0,0,0,0,0,0,0,0,0,0,0,0,0,0,0,0,0,0,0,0,0,0,0,0,0,0,0,0,0,0,0,0,0,0,0,0,0,0,0,0,0,0,0,0,0,0,0,0,0,0,0,0,0,0,0,0,0,0,0,0,0,0,0,0,0,0,0,0,0,0,0,0,0,0,0,0,0,0,0,0,0,0,0,0,0,0,0,0,0,0,0,0,0,0,0,0,0,0,0,0,0,0,0,0,0,0,0,0,0,0,0,0,0,0,0,0,0,0,0,0,0,0,0,0,0,0,0,0,0,0,0,0,0,0,0,0,0,0,0,0,0,0,0,0,0,0,0,0,0,0,0,0,0,0,0,0,0,0,0,0,0,0,0,0,0,0,0,0,0,0,0,0,0,0,0,0,0,0,0,0,0,0,0,0,0,0,0,0,0,0,0,0,0,0,0,0,0,0,0,0,0,0,0,0,0,0,0,0,0,0,0,0,0,0,0,0,0,0,0,0,0,0,0,0,0,0,0,0,0,0,0,0,0,0,0,0,0,0,0,0,0,0,0,0,0,0,0,0,0,0,0,0,0,0,0,0,0,0,0,0,0,0,0,0,0,0,0,0,0,0,0,0,0,0,0,0,0,0,0,0,0,0,0,0,0,0,0,0,0,0,0,0,0,0,0,0,0,0,0,0,0,0,0,0,0,0,0,0,0,0,0,0,0,0,0,0,0,0,0,0,0,0,0,0,0,0,0,0,0,0,0,0,0,0,0,0,0,0,0,0,0,0,0,0,0,0,0,0,0,0,0,0,0,0,0,0,0,0,0,0,0,0,0,0,0,0,0,0,0,0,0,0,0,0,0,0,0,0,0,0,0,0,0,0,0,0,0,0,0,0,0,0,0,0,0,0,0,0,0,0,0,0,0,0,0,0,0,0,0,0,0,0,0,0,0,0,0,0,0,0,0,0,0,0,0,0,0,0,0,0,0,0,0,0,0,0,0,0,0,0,0,0,0,0,0,0,0,0,0,0,0,0,0,1.2306099,0.6226099,-0.12792607,0.69492364,-1.4128934,0.23379943,0.3555772,-0.14016135,-0.21969077,-0.38617444,0.11390401,0.65518504,-1.001181,-1.5755601,-0.30434436,0.60561645,0.12995629,1.2673157,0.17345956,-0.039350897,-0.47046202,0.2053027,-0.8174947,-0.5965274,0.6828452,0.34627002,-0.7774424,-0.20578226,-1.3602921,-1.4672202,0.93643993,0.2667406,-1.7193509,-0.15814829,0.7855903,-0.048814952,0.06611315,-0.5316385,-0.5229065,-0.4536254,-0.061311685,-0.20881495,-0.6355339,-0.11129861,-0.41033128,0.006400735,0.6846752,-1.4204751,-0.24034436,-0.12552084,-0.39610907,-0.17901103,0.26538113,0.62830925,0.8730674,-0.11020057,0.20535499,0.753538,0.5401524,-0.20374306,0.2381393,-0.25979534,0.14182557,0.49466217,-0.53273654,-0.23276266,-0.7082136,0.502453,0.14966871,-0.8631418,0.17440073,-0.21791299,-1.0139391,0.042792894,0.5419824,-0.1172594,-0.20578226,-0.44008294,0.05910662,1.0328059,1.4749497,-0.09210907,-0.041180965,-0.14533782,1.1021394,0.20075367,-0.05859273,0.47908047,-0.35281494,-0.09153391,-0.45519403,-0.22957312,-0.89634436,0.3247798,-0.4595862,-0.55668426,-0.24295874,0.7525445,1.2061393,0.6889628,-0.35699797,0.481904,-0.5118215,-0.022828022,-1.2023836,0.37267524,0.6053027,-0.029363971,-0.8906973,0.6939824,0.9842831,0.12875368,-0.28154698,0.053145833,-0.06434436,-0.46188685,-0.20907639,-0.70758617,1.1195511,-0.13838358,0.48179942,0.6156033,-0.017546978,-1.2311418,-0.49210906,-0.26068422,-0.85226595,-1.1293378,-0.9096777,0.8717602,0.12415237,0.10747263,-0.13686724,0.33121118,0.63866216,-1.1213378,0.60582554,-0.09399142,-0.2650764,0.7088321,-1.0218868,-0.20625286,0.8643877,0.81236154,-0.92337704,-0.47391298,0.4052504,-0.33587378,0.6869236,-0.5320045,0.7429759,0.36681902,-0.6649718,0.9810935,-0.49210906,0.14574714,-0.56536394,-0.121965274,-0.094096,0.33199552,-0.087455474,-0.113808416,0.017590277,1.0220348,0.6033158,-0.11490645,0.30271447,0.48122427,-0.20254044,0.23568179,-0.4086581,-1.024449,0.2714465,0.36681902,-0.20034437,-0.1967888,-0.40363848,-0.022514297,-0.790096,-0.45048815,-0.00081495097,0.81225693,-0.05556005,0.09492361,-0.39532477,0.28206086,-0.19579534,0.5245184,-0.30110252,-0.326462,-0.28342932,-0.47872344,0.35761642,0.038453024,-0.088448934,-0.36635745,-0.036579657,0.5661393,-0.66324633,0.22747263,-0.10146855,-0.2638738,-0.54152083,-0.088710375,0.29429615,-0.3723705,-0.21357313,-0.49937704,-0.5401614,-0.6545143,-1.0581744,0.5573027,0.119132765,-0.689547,-0.8680568,-0.47004372,0.40342033,0.30653146,-0.2418607,-0.43359926,0.51719815,-0.5946973,-0.5054424,0.15249224,-0.08468423,0.6243877,-0.061991423,-0.041180965,0.47453144,0.5350805,0.027211193,0.021093545,-0.762279,-0.92463195,0.2364138,0.009799428,-1.4467758,-0.12667117,0.59071445,0.10768178,-0.13247508,-0.30021363,0.15406087,0.19019158,0.5005184,0.52671444,-0.47312868,0.4087014,0.7394726,0.68159026,0.14145955,-0.015089461,-0.2919522,-0.57477576,0.26193014,-0.16044894,0.05403472,-0.23072344,0.2654334,-0.41101104,-0.60928553,-1.2054162,0.2356295,-0.15412214,0.10810008,-0.28708947,-0.286828,-0.2920045,-0.4911156,-0.6097561,0.14961642,0.054400735,-0.1538607,-0.06559926,0.066008575,-0.45341626,-0.17352083,-0.08154698,0.20305432,0.9716295,0.010479167,0.66940725,-0.09310253,0.23845302,0.1278125,0.10025694,-0.09404371,-0.31532475,0.15186478,0.33230925,0.0764661,0.6927275,-0.3391679,-0.17378227,0.5606491,-0.3778607,-0.6917431,-0.23223978,0.69952494,-0.0241875,0.044152368,0.21189094,-0.7522921,0.16012622,0.5047014,-0.21540318,-0.40959927,-0.23354697,-0.24044894,-0.102566585,-0.96201754,-1.0624098,-0.2638738,0.5536426,-0.17671038,-0.121965274,0.6919432,-0.15699796,0.5767537,-0.510828,0.4069759,1.1021916,0.061720997,1.0794988,0.000439951,-0.48625287,0.14370793,0.589355,-0.7027757,-0.19239666,-0.06073652,-0.31035742,0.1231589,0.11604779,-0.16881496,0.23651838,0.6714988,0.48091054,0.09973407,-0.14183456,-0.16065809,0.13513276,-0.021939134,-0.8582267,0.7383223,-0.23856659,-0.2705143,0.15782557,-0.8683182,0.26815236,0.10825694,-0.31772998,0.5518648,-0.066488154,-0.150096,-0.48170385,0.10428309,0.6218256,-0.033390116,-0.5068542,-0.12876266,0.36593014,0.07745956,-0.4267496,0.10491054,0.2708713,-0.3994555,0.30867526,-0.51025283,-0.029259395,-0.20698489,0.025590278,-0.37163848,-0.2511679,-0.008762663,-0.5151679,0.5312112,-0.61545545,0.33821774,0.03934191,-0.5720045,0.5238909,0.10559028,0.1867929,-0.55757314,-0.19616136,-0.8385666,0.09738113,0.20875368,-0.4524228,0.35406086,-0.10701103,-0.4065666,-0.37315482,-0.90957314,0.37105432,0.03249224,0.8797602,0.10715891,0.22731577,-0.059952207,-0.14136396,0.05215237,-0.5626973,-0.33179533,0.47285825,-0.51333785,1.162636,0.7383223,-0.53477573,-0.22978227,-0.5525012,-0.028004494,0.7937994,0.28075367,0.7318909,0.4200478,0.11427002,0.01063603,-0.6146189,-0.39940318,1.0850935,0.07777329,0.32718503,-0.43982148,0.17612623,0.4238125,0.9505053,-0.56923324,0.6747406,0.1442308,-0.45561233,-0.29226592,0.010897467,0.7315772,0.2979563,0.3297994,0.8154465,-0.05916789,-0.036684234,0.18747263,-0.23156005,0.34313276,-0.25106332,0.37691054,-0.0052593956,-0.2826973,-0.697181,-0.6165535,0.67123735,0.10454453,0.3544269,0.20200858,0.5342439,-0.22115482,0.1164661,-0.3791156,-0.42099795,0.17518505,0.58496284,-0.19114175,-0.106435865,0.63735497,-0.14591299,0.3484661,0.8566491,-0.09989992,-0.38999143,0.3345576,0.65528965,0.20812623,-0.26570383,0.10062296,-0.72667116,-0.08180842,-1.0036907,-0.8772594,-0.78068423,0.1564661,0.48394322,0.13910662,-0.31271037,-0.103873774,0.6130413,-0.046200573,-0.433547,0.40305433,0.21868832,-0.24003063,0.46914583,0.07589093,0.16315891,0.097904004,-0.32865807,-0.71391296,-1.0092332,0.2587929,0.57058376,-0.21477574,-0.3345666,-0.6229849,0.29931578,-0.16154698,-0.44933784,0.1607014,0.2983223,-0.26523325,-0.021939134,-0.65205675,-0.41231823,0.29565564,0.4647537,-0.2772594,0.0705576,-0.45216134,0.39583865,0.17042688,-0.0070894607,0.15301512,0.24153799,0.37393016,-0.12322018,0.6214073,-0.032344364,-0.54533786,-0.24871038,-0.49221364,-0.6572855,-0.3791156,0.7784269,-0.082645014,0.41696283,-0.3972071,-0.185913,-0.13697182,0.09717198,0.112073936,-0.14465809,0.5564661,-0.03631822,0.07463603,-0.513913,0.69053143,-0.17090645,0.31322426,0.16059682,0.3210674,0.23291054,0.120387666,-0.07830515,0.32545957,-0.45791298,0.26245302,0.21800858,0.06334191,-0.42884108,0.0928844,0.24598244,0.27359027,-0.64384764,0.098217726,-0.36170384,0.22893669,0.8341132,-0.048762664,0.13419159,0.4878648,-0.4810764,-0.009285539,-0.2077692,0.06266218,0.123002045,0.3613811,0.07798243,-0.74748164,0.669355,0.045721,0.2536687,0.03196936,0.10119812,-0.7350895,0.21800858,-0.5722659,0.20237459,-0.17707638,0.4077602,0.24054453,-0.43328553,0.5432896,0.0055118464,-0.15380841,-0.124475084,-0.57383454,0.17147262,0.31876674,-0.21665809,-0.3946973,-0.5197692,-0.14941625,0.4478648,0.14993015,0.14470139,0.47155106,0.026322303,-0.34701103,-0.055873774,0.71186477,0.6229759,0.42993015,-0.015612337,0.16247916,-0.01963848,0.16645302,-0.051743057,-0.39773,0.33685824,0.16247916,0.905172,0.358087,0.6039432,-0.5074293,-0.14925939,-0.53859276,0.49591708,0.4389759,-0.09336397,-0.4330241,-0.1008411,0.26062295,0.0764661,0.05821773,-0.084841095,0.38072753,-0.0574424,-0.41765156,0.4339563,0.42020467,0.21759027,0.5604922,0.1013027,0.83876675,0.09811316,0.2911066,0.5712112,-0.46397835,-0.39072344,-0.6005535,0.4432112,0.08007394,0.42449224,-0.74057966,-0.16416135,0.25759026,0.12352492,-0.6789326,-0.18026593,-0.47417444,0.3981393,0.13560335,0.5501916,-0.37901103,0.12681903,-0.020422794,-0.2548803,-0.17681494,0.4630282,-0.5309587,0.24551184,-0.598828,0.044466093,-0.14188685,0.4091197,0.01732884,0.029198121,-0.87657964,-0.2120045,-1.0340176,-0.19783457,-0.79014826,-0.3189849,-0.07239665,-0.49796528,0.06689747,-0.6915339,-0.17901103,-0.65765154,-0.19119404,-0.19684109,-0.6344359,-0.61399144,-0.3214947,-0.101573125,-0.56792605,0.6817994,0.7053288,0.149721,-0.0734424,0.1922308,-0.067743056,0.015707925,-0.36295873,-0.43793914,-0.035324756,-0.030618872,-0.50319403,0.37168178,0.052256946,0.13053146,0.13523734,0.17989093,0.56660986,-0.39914176,0.19395629,0.3619563,0.3467929,-0.60421365,-0.25519404,-0.41142932,0.44091055,0.038191587,-0.70774305,-0.21477574,-0.13759926,-0.05749469,0.5039694,-0.07114175,0.2503746,-0.4232986,0.033485703,0.566087,0.42522427,0.6368844,-0.023926063,0.091420345,0.24111968,-0.29540318,-0.8135731,0.5494596,0.020309232,-0.24473652,0.25257066,-0.20165156,-0.078723446,-0.37686723,0.06579943,-0.21310253,-0.89148164,-0.0031156046,0.015655637,0.56504124,-0.34528553,0.2953942,0.6690413,-0.4405012,0.3396295,-0.27705026,0.28519812,-0.70444894,-0.26769078,-0.21346855,-0.3071679,-0.6923182,0.13785172,-0.31286722,0.3050674,0.00085825165,0.51034844,-0.069677696,-0.17712867,0.17377329,-0.3176254,-0.45733783,-0.088971816,-0.4561352,0.109721,0.4373027,0.13800858,-0.054096,0.20467524,-0.38178226,0.3101393,0.45691055,0.20002165,0.36007392,-0.8890764,-0.13231821,0.117877856,-0.29514176,-0.30617443,0.41549876,-0.06795221,-0.1576254,0.6836818,-0.6520045,0.68174714,0.04195629,-0.068370506,0.26072752,0.39667526,-0.121546976,0.10104126,-0.19020057,0.19876675,-0.6898607,-0.29718095,-0.28787377,0.14569485,0.31238768,-0.41184762,-0.44620058,0.17800857,-0.6927365,0.69006085,0.4629759,0.5514465,-0.53315485,-0.27997833,0.21089746,0.9163615,0.40132883,-0.10695874,-1.0516908,-0.4733901,-0.5493117,0.69047916,-0.24212214,0.3748713,0.1029759,0.20326348,-0.29634437,0.039028186,-0.12871037,0.25298896,-0.053677697,-0.7841352,-0.1900437,-0.41519403,0.49806085,-0.43522018,0.3286491,0.41309354,0.10219158,0.3165184,0.9930674,-0.19511561,-0.32510254,-0.4232986,-0.041546978,0.42731577,0.3927014,0.13523734,-0.21440972,-0.7871679,0.1349236,-0.24688031,0.5109236,0.56462294,-0.07171691,0.08650531,-0.49169075,0.23327655,0.6104269,0.45100203,-0.21524632,-0.71647507,0.6718648,-0.37639666,-0.37806985,-0.23882802,0.23808701,-0.18172999,-0.42774305,0.07871446,0.83447915,0.22349878,-0.1412594,-0.3353509,0.6814857,0.16462296,0.010479167,-0.374828,0.7644661,-0.015612337,-0.66539013,0.57978636,-0.5007888,-0.100318216,0.45487133,0.10642688,0.096962824,0.6317079,0.064073935,0.08028309,-0.0911156,-0.44792607,0.1842308,-0.49299794,0.20378636,-0.2334424,-0.5705927,-0.60410905,0.5588713,0.46836153,0.25460988,0.093354985,0.059943218,-0.4629326,0.34600857,-0.08076266,0.3804138,-0.031664625,-0.114279,0.49136806,-0.38518095,0.89518505,0.20854452,-0.48756006,-0.44447508,0.07029616,-0.47522017,0.19092362,-0.58340317,-0.15757312,-0.4246058,0.24723734,-0.20437051,0.13178636,-0.023455475,0.23040074,0.18559028,-0.3206581,-0.034279004,0.017904004,0.24232231,0.17142034,-0.06596528,0.12770793,0.054139297,-0.22606985,0.06166871,-0.3403705,-0.39741626,-0.18737704,0.025694853,0.5337733,-0.27914175,-0.33712867,0.25628307,-0.10366462,0.15923734,-0.32996526,0.3791066,-0.3927104,0.46443996,-0.5989849,-0.058174428,0.40901512,0.04373407,0.017433414,0.043629494,0.16514583,-0.0658607,0.55353796,-0.35663193,-0.5389587,0.45382556,-0.2410764,-0.3976777,-0.07929861,-0.018958742,-0.03825286,-0.21174306,-0.031141749,-0.27537704,-0.02612214,0.15275368,0.31719813,0.7322047,-0.4081352,-0.13937704,0.29210007,0.11636152,-0.2856254,0.1863223,0.4296687,-0.18366462,-0.4074032,0.03489747,0.12410008,0.30072755,0.6631328,-0.4026973,0.40796936,0.46119812,-0.26612213,0.5997079,-0.44159925,-0.19778228,-0.26601756,0.20922427,-0.23239665,-0.10178227,-0.64797837,0.28802165,0.007080474,0.6285707,-0.36416134,0.1029759,0.34830922,-0.048919525,0.33314583,0.043524917,0.043420345,0.06621773,0.80227,0.43118504,-0.44337705,-0.058174428,-0.19589992,0.48504126,-0.14261888,0.2941916,0.4014334,-0.42899796,-1.6060437,-0.80593914,-0.7807888,1.0296687,-1.1105666,-0.5669326,-0.99945545,-0.3138084,-1.2264359,0.89419156,1.5479954,0.3517602,1.519342,0.745904,-0.15046202,0.22177328,-0.76295877,-0.57712865,-0.5879522,-0.5285535,-0.43835744,-0.03605678,0.05210008,-0.7807365,-0.7590372,-0.46240973,-0.9218084,0.61727655,-0.41592607,-0.86769074,-0.53979534,-0.83961236,0.56462294,0.73800856,-0.5867496,0.06365564,0.49586478,0.043420345,0.30308047,0.46642688,1.1629498,1.228257,0.09121119,-0.25383455,-0.5289718,-1.2824881,-0.5679783,-0.2554032,0.64629614,-0.46303716,1.2507929,0.11317198,-0.9157953,-0.90643585,-1.4552987,-0.7976777,-0.073180966,0.5006229,0.83233535,0.22480597,0.6177994,-1.6438476,0.3294334,0.86653143,0.9783746,0.6363092,0.4541393,-0.48740318,1.282636,0.712806,1.3547406,-0.61142933,0.13680597,-1.3194555,-0.033390116,-0.59333783,-0.27736396,0.16603473,0.54574716,-1.0287888,-0.8084489,0.33251837,0.96582556,0.39447916,-0.040501226,-1.1628019,-0.931743,0.024283089,0.26559028,-0.84091955,-0.09189992,0.47840074,1.0980086,0.5724138,-0.59401757,-1.2420698,-0.07276266,-0.7520306,-0.47255352,0.6975903,0.66135496,0.057590276,-1.1588804,0.62789094,0.5125968,0.72132885,-0.06277574,0.046609886,0.5921785,0.8970151,0.7311589,-0.78957313,1.3085184,-0.8717169,-0.44714174,-0.1799522,-1.0176516,-1.2114294,0.54376024,-0.4069849,0.19662295,1.0917864,-0.2843182,0.5407798,0.15453145,0.085302696,-0.7429849,-0.51480186,
0,0,0,0,0,1,0,0,0,0,0,0,0,0,0,0,1,0,0,0,0,0,0,0,0,0,0,0,0,0,0,0,0,0,0,0,0,0,0,0,0,0,0,0,0,0,0,0,0,0,0,0,0,0,0,0,0,0,0,0,0,0,0,0,0,0,0,0,0,0,0,0,0,0,0,0,0,0,0,0,0,0,0,0,1,0,0,0,0,0,0,0,0,0,0,0,0,0,0,0,0,0,0,0,0,0,0,0,0,0,0,0,0,0,0,0,0,0,0,0,0,0,0,0,0,0,0,0,0,0,0,0,0,0,0,0,0,0,0,0,0,0,0,0,0,0,0,0,0,0,0,0,0,0,0,0,0,0,0,0,0,0,0,0,0,0,0,0,0,1,0,0,0,0,0,0,0,0,0,0,0,0,0,0,0,0,0,0,0,0,0,0,0,0,0,0,0,0,0,0,0,0,0,0,0,0,0,0,0,0,0,0,0,0,0,0,0,0,0,0,0,0,0,0,0,0,0,0,0,0,0,0,0,0,0,0,0,0,0,0,0,0,0,0,0,0,0,0,0,0,0,0,0,0,0,0,0,0,0,0,0,0,0,0,0,0,0,0,0,0,0,0,0,0,0,0,0,0,0,0,0,0,0,0,0,0,0,0,0,0,0,0,0,0,0,0,0,0,0,0,0,0,0,0,0,0,0,0,0,0,0,0,0,0,0,0,0,0,0,0,0,0,0,0,0,0,0,0,0,0,0,0,0,0,0,0,0,0,0,0,0,0,0,0,0,0,0,0,0,0,0,0,0,0,0,0,0,0,0,0,0,0,0,0,0,0,0,0,0,0,0,0,0,0,0,0,0,0,0,0,0,0,0,0,0,0,0,0,0,0,0,0,0,0,0,0,0,0,0,0,0,0,0,0,0,0,0,0,0,0,0,0,0,0,0,0,0,0,0,0,0,0,0,0,0,0,0,0,0,0,0,0,0,0,0,0,0,0,0,0,0,0,0,0,0,0,0,0,0,0,0,0,0,0,0,0,0,0,0,0,0,0,0,0,0,0,0,0,0,0,0,0,0,0,0,0,0,0,0,0,0,0,0,0,0,0,0,0,0,0,0,0,0,0,0,0,0,0,0,0,0,0,0,0,0,0,0,0,0,0,0,0,0,0,0,0,0,0,0,0,0,0,0,0,0,0,0,0,0,0,0,0,0,0,0,0,0,0,0,0,0,0,0,0,0,0,0,0,0,0,0,0,0,0,0,0,0,0,0,0,0,0,0,0,0,0,0,0,0,0,0,0,0,0,0,0,0,0,0,0,0,0,0,0,0,0,0,0,0,0,0,0,0,0,0,0,0,0,0,0,0,0,0,0,0,0,0,0,0,0,0,0,0,0,0,0,0,0,0,0,0,0,0,0,0,0,0,0,0,0,0,0,0,0,0,0,0,0,0,0,0,0,0,0,0,0,0,0,0,0,0,0,0,0,0,0,0,0,0,0,0,0,0,0,0,0,0,0,0,0,0,0,0,0,0,0,0,0,0,0,0,0,0,0,0,0,0,0,0,0,0,0,0,0,0,0,0,0,0,0,0,0,0,0,0,0,0,0,0,0,0,0,0,0,0,0,0,0,0,0,0,0,0,0,0,0,0,0,0,0,0,0,0,0,0,0,0,0,0,0,0,0,0,0,0,0,0,0,0,0,0,0,0,0,0,0,0,0,0,0,0,0,0,0,0,0,0,0,0,0,0,0,0,0,0,0,0,0,0,0,0,0,0,0,0,0,0,0,0,0,0,0,0,0,0,0,0,0,0,0,0,0,0,0,0,0,0,0,0,0,0,0,0,0,0,0,0,0,0,0,0,0,0,0,0,0,0,0,0,0,0,0,0,0,0,0,0,0,0,0,0,0,0,0,0,0,0,0,0,0,0,0,0,0,0,0,0,0,0,0,0,0,0,0,0,0,0,0,0,0,0,0,0,0,0,0,0,0,0,0,0,0,0,0,0,0,0,0,0,0,0,0,0,0,0,0,0,0,0,0,0,0,0,0,0,0,0,0,0,0,0,0,0,0,0,0,0,0,0,0,0,0,0,0,0,0,0,0,0,0,0,0,0,0,0,0,0,0,0,0,0,0,0,0,0,0,0,0,0,0,0,0,0,0,0,0,0,0,0,0,0,0,0,0,0,0,0,0,0,0,0,0,0,0,0,0,0,0,0,0,0,0,0,0,0,0,0,0,0,0,0,0,0,0,0,0,0,0,0,0,0,0,0,0,0,0,0,0,0,0,0,0,0,0,0,0,0,0,0,0,0,0,0,0,0,0,0,0,0,0,0,0,0,0,0,0,0,0,0,0,0,0,0,0,0,0,0,0,0,0,0,0,0,0,0,0,0,0,0,0,0,0,0,0,0,0,0,0,0,0,0,0,0,0,0,0,0,0,0,0,0,0,0,0,0,0,0,0,0,0,0,0,0,0,0,0,0,0,0,0,0,0,0,0,0,0,0,0,0,0,0,0,0,0,0,0,0,0,0,0,0,0,0,0,0,0,0,0,0,0,0,0,0,0,0,0,0,0,0,0,0,0,0,0,0,0,0,0,0,0,0,0,0,0,0,0,0,0,0,0,0,0,0,0,0,0,0,0,0,0,0,0,0,0,0,0,0,0,0,0,0,0,0,0,0,0,0,0,0,0,0,0,0,0,0,0,0,0,0,0,0,0,0,0,0,0,0,0,0,0,0,0,0,0,0,0,0,0,0,0,0,0,0,0,0,0,0,0,0,0,0,0,0,0,0,0,0,0,0,0,0,0,0,0,0,0,0,0,0,0,0,0,0,0,0,0,0,0,0,0,0,0,0,0,0,0,0,0,0,0,0,0,0,0,0,0,0,0,0,0,0,0,0,0,0,0,0,0,0,0,0,0,0,0,0,0,0,0,0,0,0,0,0,0,0,0,0,0,0,0,0,0,0,0,0,0,0,0,0,0,0,0,0,0,0,0,0,0,0,0,0,0,0,0,0,0,0,0,0,0,0,0,0,0,0,0,0,0,0,0,0,0,0,0,0,0,0,0,0,0,0,0,0,0,0,0,0,0,0,0,0,0,0,0,0,0,0,0,0,0,0,0,0,0,0,0,0,0,0,0,0,0,0,0,0,0,0,0,0,0,0,0,0,0,0,0,0,0,0,0,0,0,0,0,0,0,0,0,0,0,0,0,0,0,0,0,0,0,0,0,0,0,0,0,0,0,0,0,0,0,0,0,0,0,0,0,0,0,0,0,0,0,0,0,0,0,0,0,0,0,0,0,0,0,0,0,0,0,0,0,0,0,0,0,0,0,0,0,0,0,0,0,0,0,0,0,0,0,0,0,0,0,0,0,0,0,0,0,0,0,0,0,0,0,0,0,0,0,0,0,0,0,0,0,0,0,0,0,0,0,0,0,0,0,0,0,0,0,0,0,0,0,0,0,0,0,0,0,0,0,0,0,0,0,0,0,0,0,0,0,0,0,0,0,0,0,0,0,0,0,0,0,0,0,0,0,0,0,0,0,0,0,0,0,0,0,0,0,0,0,0,0,0,0,0,0,0,0,0,0,0,0,0,0,0,0,0,0,0,0,0,0,0,0,0,0,0,0,0,0,0,0,0,0,0,0,0,0,0,0,0,0,0,0,0,0,0,0,0,0,0,0,0,0,0,0,0,0,0,0,0,0,0,0,0,0,0,0,0,0,0,0,0,0,0,0,0,0,0,0,0,0,0,0,0,0,0,0,0,0,0,0,0,0,0,0,0,0,0,0,0,0,0,0,0,0,0,0,0,0,0,0,0,0,0,0,0,0,0,0,0,0,0,0,0,0,0,0,0,0,0,0,0,0,0,0,0,0,0,0,0,0,0,0,0,0,0,0,0,0,0,0,0,0,0,0,0,0,0,0,0,0,0,0,0,0,0,0,0,0,0,0,0,0,0,0,0,0,0,0,0,0,0,0,0,0,0,0,0,0,0,0,0,0,0,0,0,0,0,0,0,0,0,0,0,0,0,0,0,0,0,0,0,0,0,0,0,0,0,0,0,0,0,0,0,0,0,0,0,0,0,0,0,0,0,0,0,0,0,0,0,0,0,0,0,0,0,0,0,0,0,0,0,0,0,0,0,0,0,0,0,0,0,0,0,0,0,0,0,0,0,0,0,0,0,0,0,0,0,0,0,0,0,0,0,0,0,0,0,0,0,0,0,0,0,0,0,0,0,0,0,0,0,0,0,0,0,0,0,0,0,0,0,0,0,0,0,0,0,0,0,0,0,0,0,0,0,0,0,0,0,0,0,0,0,0,0,0,0,0,0,0,0,0,0,0,0,0,0,0,0,0,0,0,0,0,0,0,0,0,0,0,0,0,0,0,0,0,0,0,0,0,0,0,0,0,0,0,0,0,0,0,0,0,0,0,0,0,0,0,0,0,0,0,0,0,0,0,0,0,0,0,0,0,0,0,0,0,0,0,0,0,0,0,0,0,0,0,0,0,0,0,0,0,0,0,0,0,0,0,0,0,0,0,0,0,0,0,0,0,0,0,0,0,0,0,0,0,0,0,0,0,0,0,0,0,0,0,0,0,0,0,0,0,0,0,0,0,0,0,0,0,0,0,0,0,0,0,0,0,0,0,0,0,0,0,0,0,0,0,0,0,0,0,0,0,0,0,0,0,0,0,0,0,0,0,0,0,0,0,0,0,0,0,0,0,0,0,0,0,0,0,0,0,0,0,0,0,0,0,0,0,0,0,0,0,0,0,0,0,0,0,0,0,0,0,0,0,0,0,0,0,0,0,0,0,0,0,0,0,0,0,0,0,0,0,0,0,0,0,0,0,0,0,0,0,0,0,0,0,0,0,0,0,0,0,0,0,0,0,0,0,0,0,0,0,0,0,0,0,0,0,0,0,0,0,0,0,0,0,0,0,0,0,0,0,0,0,0,0,0,0,0,0,0,0,0,0,0,0,0,0,0,0,0,0,0,0,0,0,0,0,0,0,0,0,0,0,0,0,0,0,0,0,0,0,0,0,0,0,0,0,0,0,0,0,0,0,0,0,0,0,0,0,0,0,0,0,0,0,0,0,0,0,0,0,0,0,0,0,0,0,0,0,0,0,0,0,0,0,0,0,0,0,0,0,0,0,0,0,0,0,0,0,0,0,0,0,0,0,0,0,0,0,0,0,0,0,0,0,0,0,0,0,0,0,0,0,0,0,0,0,0,0,0,0,0,0,0,0,0,0,0,0,0,0,0,0,0,0,0,0,0,0,0,0,0,0,0,0,0,0,0,0,0,0,0,0,0,0,0,0,0,0,0,0,0,0,0,0,0,0,0,0,0,0,0,0,0,0,0,0,0,0,0,0,0,0,0,0,0,0,0,0,0,0,0,0,0,0,0,0,0,0,0,0,0,0,0,0,0,0,0,0,0,0,0,0,0,0,0,0,0,0,0,0,0,0,0,0,0,0,0,0,0,0,0,0,0,0,0,0,0,0,0,0,0,0,0,0,0,0,0,0,0,0,0,0,0,0,0,0,0,0,0,0,0,0,0,0,0,0,0,0,0,0,0,0,0,0,0,0,0,0,0,0,0,0,0,0,0,0,0,0,0,0,0,0,0,0,0,0,0,0,0,0,0,0,0,0,0,0,0,0,0,0,0,0,0,0,0,0,0,0,0,0,0,0,0,0,0,0,0,0,0,0,0,0,0,0,0,0,0,0,0,0,0,0,0,0,0,0,0,0,0,0,0,0,0,0,0,0,0,0,0,0,0,0,0,0,0,0,0,0,0,0,0,0,0,0,0,0,0,0,0,0,0,0,0,0,0,0,0,0,0,0,0,0,0,0,0,0,0,0,0,0,0,0,0,0,0,0,0,0,0,0,0,0,0,0,0,0,0,0,0,0,0,0,0,0,0,0,0,0,0,0,0,0,0,0,0,0,0,0,0,0,0,0,0,0,0,0,0,0,0,0,0,0,0,0,0,0,0,0,0,0,0,0,0,0,0,0,0,0,0,0,0,0,0,0,0,0,0,0,0,0,0,0,0,0,0,0,0,0,0,0,0,0,0,0,0,0,0,0,0,0,0,0,0,0,0,0,0,0,0,0,0,0,0,0,0,0,0,0,0,0,0,0,0,0,0,0,0,0,0,0,0,0,0,0,0,0,0,0,0,0,0,0,0,0,0,0,0,0,0,0,0,0,0,0,0,0,0,0,0,0,0,0,0,0,0,0,0,0,0,0,0,0,0,0,0,0,0,0,0,0,0,0,0,0,0,0,0,0,0,0,0,0,0,0,0,0,0,0,0,0,0,0,0,0,0,0,0,0,0,0,0,0,0,0,0,0,0,0,0,0,0,0,0,0,0,0,0,0,0,0,0,0,0,0,0,0,0,0,0,0,0,0,0,0,0,0,0,0,0,0,0,0,0,0,0,0,0,0,0,0,0,0,0,0,0,0,0,0,0,0,0,0,0,0,0,0,0,0,0,0,0,0,0,0,0,0,0,0,0,0,0,0,0,0,0,0,0,0,0,0,0,0,0,0,0,0,0,0,0,0,0,0,0,0,0,0,0,0,0,0,0,0,0,0,0,0,0,0,0,0,0,0,0,0,0,0,0,0,0,0,0,0,0,0,0,0,0,0,0,0,0,0,0,0,0,0,0,0,0,0,0,0,0,0,0,0,0,0,0,0,0,0,0,0,0,0,0,0,0,0,0,0,0,0,0,0,0,0,0,0,0,0,0,0,0,0,0,0,0,0,0,0,0,0,0,0,0,0,0,0,0,0,0,0,0,0,0,0,0,0,0,0,0,0,0,0,0,0,0,0,0,0,0,0,0,0,0,0,0,0,0,0,0,0,0,0,0,0,0,0,0,0,0,0,0,0,0,0,0,0,0,0,0,0,0,0,0,0,0,0,0,0,0,0,0,0,0,0,0,0,0,0,0,0,0,0,0,0,0,0,0,0,0,0,0,0,0,0,0,0,0,0,0,0,0,0,0,0,0,0,0,0,0,0,0,0,0,0,0,0,0,0,0,0,0,0,0,0,0,0,0,0,0,0,0,0,0,0,0,0,0,0,0,0,0,0,0,0,0,0,0,0,0,0,0,0,0,0,0,0,0,0,0,0,0,0,0,0,0,0,0,0,0,0,0,0,0,0,0,0,0,0,0,0,0,0,0,0,0,0,0,0,0,0,0,0,0,0,0,0,0,0,0,0,0,0,0,0,0,0,0,0,0,0,0,0,0,0,0,0,0,0,0,0,0,0,0,0,0,0,0,0,0,0,0,0,0,0,0,0,0,0,0,0,0,0,0,0,0,0,0,0,0,0,0,0,0,0,0,0,0,0,0,0,0,0,0,0,0,0,0,0,0,0,0,0,0,0,0,0,0,0,0,0,0,0,0,0,0,0,0,0,0,0,0,0,0,0,0,0,0,0,0,0,0,0,0,0,0,0,0,0,0,0,0,0,0,0,0,0,0,0,0,0,0,0,0,0,0,0,0,0,0,0,0,0,0,0,0,0,0,0,0,0,0,0,0,0,0,0,0,0,0,0,0,0,0,0,0,0,0,0,0,0,0,0,0,0,0,0,0,0,0,0,0,0,0,0,0,0,0,0,0,0,0,0,0,0,0,0,0,0,0,0,0,0,0,0,0,0,0,0,0,0,0,0,0,0,0,0,0,0,0,0,0,0,0,0,0,0,0,0,0,0,0,0,0,0,0,0,0,0,0,0,0,0,0,0,0,0,0,0,0,0,0,0,0,0,0,0,0,0,0,0,0,0,0,0,0,0,0,0,0,0,0,0,0,0,0,0,0,0,0,0,0,0,0,0,0,0,0,0,0,0,0,0,0,0,0,0,0,0,0,0,0,0,0,0,0,0,0,0,0,0,0,0,0,0,0,0,0,0,0,0,0,0,0,0,0,0,0,0,0,0,0,0,0,0,0,0,0,0,0,0,0,0,0,0,0,0,0,0,0,0,0,0,0,0,0,0,0,0,0,0,0,0,0,0,0,0,0,0,0,0,0,0,0,0,0,0,0,0,0,0,0,0,0,0,0,0,0,0,0,0,0,0,0,0,0,0,0,0,0,0,0,0,0,0,0,0,0,0,0,0,0,0,0,0,0,0,0,0,0,0,0,0,0,0,0,0,0,0,0,0,0,0,0,0,0,0,0,0,0,0,0,0,0,0,0,0,0,0,0,0,0,0,0,0,0,0,0,0,0,0,0,0,0,0,0,0,0,0,0,0,0,0,0,0,0,0,0,0,0,0,0,0,0,0,0,0,0,0,0,0,0,0,0,0,0,0,0,0,0,0,0,0,0,0,0,0,0,0,0,0,0,0,0,0,0,0,0,0,0,0,0,0,0,0,0,0,0,0,0,0,0,0,0,0,0,0,0,0,0,0,0,0,0,0,0,0,0,0,0,0,0,0,0,0,0,0,0,0,0,0,0,0,0,0,0,0,0,0,0,0,0,0,0,0,0,0,0,0,0,0,0,0,0,0,0,0,0,0,0,0,0,0,0,0,0,0,0,0,0,0,0,0,0,0,0,0,0,0,0,0,0,0,0,0,0,0,0,0,0,0,0,0,0,0,0,0,0,0,0,0,0,0,0,0,0,0,0,0,0,0,0,0,0,0,0,0,0,0,0,0,0,0,0,0,0,0,0,0,0,0,0,0,-0.30656207,-1.2514708,-0.30326256,-0.27832678,-0.50366825,-0.59962493,-1.1829921,0.4424305,0.05622359,0.46568945,0.46103767,-0.0911733,0.2788605,0.28140277,-0.49944916,0.65208566,-0.10680549,0.039942317,-0.034702715,-0.28871217,0.3901249,-0.09571691,0.034425076,0.026473757,0.6865414,-0.061964378,-0.028482294,0.002132987,-0.15110569,-0.21120034,0.13470905,-0.6546351,0.11610188,-0.28368175,-0.008522862,0.28654137,-0.05806985,-0.34550732,0.42241696,-0.30104482,0.7933703,-0.31202522,-0.39656883,-0.030862281,-0.044060387,0.18501331,-0.25793463,-0.027833207,-0.103992775,0.09479019,-0.35070002,0.17684563,0.40683886,0.42988145,0.3209971,-0.3668731,0.17933379,-0.024912314,0.15061168,0.117724605,0.2000505,0.12897545,0.10268742,0.13243724,-0.02464186,-0.09999007,0.06687944,-0.23759656,0.5697598,-0.38077438,0.254682,-0.08679196,0.63196397,0.44318774,0.24245752,0.15964481,-0.019719616,-0.04249176,-0.14191028,-0.18945593,-0.027454572,-0.26356006,-0.45525715,0.20064549,0.054330416,0.53865767,-0.011714207,-0.16533151,0.37297815,-0.106210485,-0.2823836,0.25938788,0.18820466,0.049840897,0.04205185,0.24921885,0.019874705,-0.04519629,-0.4571503,0.14796124,-0.10404687,-0.44021997,-0.43848905,0.02944874,0.21227497,-0.46082848,0.2703142,0.005378423,0.12621683,-0.5475357,0.024580587,0.21925266,-0.070618875,0.09808972,-0.48852286,0.03934732,0.0267983,-0.01658236,0.11593961,-0.41712326,0.048055906,-0.44097722,-0.02994274,0.39877936,-0.3664404,-0.066021174,0.08018573,-0.15115978,0.06298491,0.028258748,-0.07348567,-0.035838615,-0.05687986,-0.11216045,-0.031132733,-0.0026810768,-0.20573719,-0.3560009,0.048704997,-0.51848906,-0.4308082,0.13838722,0.14704171,-0.07478385,-0.29796168,-0.07673111,0.11112555,0.0699626,0.2414839,-0.052660793,0.09046294,0.33657518,-0.27329636,-0.40744105,0.07926618,-0.01723145,-0.05309352,-0.079652004,0.06271446,0.25662926,0.11864414,-0.19751543,-0.0462781,-0.124114476,0.09711608,-0.27378318,0.36848864,0.08451297,0.07764347,0.19588552,-0.04887445,-0.041950855,0.0722885,0.31564212,-0.2747568,-0.17295828,-0.15981427,-0.27567634,-0.0130664725,0.19231555,-0.10139643,-0.0272923,-0.1976777,0.15645348,-0.4226405,-0.114973165,-0.07418885,0.09603427,0.24197072,-0.43475682,0.115398705,0.23023306,0.057575855,0.031504184,0.1637557,0.22341764,0.2531134,0.3289484,-0.45249853,-0.059854843,-0.47948974,0.022903778,-0.009496492,0.12280912,0.083917975,-0.15121387,0.02317423,0.15564212,0.030097827,0.27469552,0.22347173,0.15023306,0.055790864,-0.25609556,-0.16662969,0.019712433,0.048759084,-0.004195614,-0.034648623,0.28535137,-0.33674464,0.31753528,-0.07375613,-0.35259318,-0.14044984,-0.46964523,0.007974772,-0.15921928,0.034425076,0.30092946,-0.22374937,0.07423576,-0.12427675,0.35685915,0.399753,0.07109851,-0.14504755,-0.09084876,0.047190458,0.06168674,0.42663604,-0.17798872,-0.014472828,-0.31667703,-0.04362766,-0.28119358,-0.0658589,0.020253338,-0.19264726,0.20881318,0.38514853,0.018955164,-0.06731935,0.16981386,0.015114731,-0.19443226,-0.009658764,0.024093771,-0.08998331,-0.2201253,-0.057961673,-0.10253233,-0.23283659,0.08110526,0.42149743,-0.11545998,0.2207672,0.041510943,-0.014148285,-0.16073382,-0.08825241,-0.17068648,-0.013391016,0.12892136,-0.11145727,-0.41890827,-0.07840792,-0.041842673,-0.16057155,0.10777193,-0.14223483,-0.3461023,-0.01999007,-0.2132017,0.40234935,-0.2126067,-0.055311233,0.23883346,-0.3807203,0.01765699,-0.01912462,-0.2720523,0.10349877,-0.024695951,-0.029726377,0.22282264,0.118806414,-0.1585161,0.09197748,0.038481873,0.18961102,0.112748265,-0.11259318,-0.122167215,0.177657,0.032477815,-0.24262698,0.2932486,-0.017069178,0.03756233,0.105229676,0.046433188,0.115398705,-0.12817128,0.038049147,0.12562183,0.018684711,0.074073486,0.046865914,0.015817909,-0.01723145,-0.012363294,0.100686066,0.03842778,-0.12422266,-0.044060387,0.5505035,-0.06028757,-0.0658589,-0.17939508,0.038968686,-0.40635923,-0.17203875,0.054925416,-0.07824565,0.4521668,-0.11351272,0.15093623,-0.08435789,-0.15667702,0.24873205,0.22233583,-0.14683253,0.013600195,-0.13060535,-0.19432408,0.20589228,0.089976124,-0.12503402,-0.033188175,0.07807619,-0.0024106237,-0.16392516,-0.111565456,-0.13742076,0.060280383,-0.059692573,-0.09263375,0.009002494,0.05979357,-0.104750045,0.11837369,0.10344468,-0.035946798,-0.013607378,-0.1464539,0.03767051,-0.004411976,-0.10231596,0.046108644,-0.23943564,-0.03637952,-0.08284335,0.17381656,0.254682,-0.06050393,0.17635882,-0.2034113,-0.14477709,-0.36611584,0.2714501,0.0026738928,0.088840224,0.02128106,-0.14093666,0.021551512,0.026636029,-0.022910962,0.0837557,-0.02718412,-0.17717735,0.3756286,-0.13698804,-0.23916519,-0.13401306,0.22990851,0.014195191,0.035020072,0.19366781,-0.04616992,-0.23115978,-0.1775019,-0.16122063,-0.009550584,0.10295787,-0.13882712,0.0055947853,-0.027562754,-0.18799548,-0.1764201,-0.101342335,0.012464291,-0.31581157,0.19155827,-0.079706095,0.023011958,-0.32982105,0.19415462,-0.09193057,-0.08381698,0.18128106,-0.0026810768,0.012410201,0.15488485,-0.07040251,0.00061845,0.09273475,0.29990175,0.008840221,0.19707552,0.1465008,-0.055798046,0.06969215,0.1079883,0.062119465,-0.017772354,0.29643995,-0.29769123,-0.05152489,0.07277531,0.0078125,0.30585173,-0.114973165,-0.11502726,-0.15018615,-0.17479737,-0.22434436,-0.0756493,-0.10339778,0.0051620607,0.22947578,0.21979357,0.2604697,0.060280383,0.0015379902,0.10728512,-0.07651475,-0.094148286,-0.062667556,-0.122221306,-0.10978047,0.031774636,0.16413434,0.29865766,0.38579762,0.051193163,-0.22212665,-0.02182915,-0.019503254,0.19512825,-0.1970827,-0.059422117,-0.18128824,-0.13990894,0.16646023,-0.21103807,-0.01820508,0.18306606,-0.21006444,-0.37309352,0.10128106,0.03215327,-0.20676492,0.0918152,0.03383008,-0.16403334,-0.09728554,-0.25798872,0.17576382,-0.06131529,-0.2507406,-0.091497846,-0.11794815,-0.29395896,0.25625062,-0.08571015,-0.21065944,-0.12314085,-0.004141523,-0.11832678,0.39591256,0.048759084,-0.052660793,-0.22201847,-0.16684605,0.108204655,0.12919182,0.24083482,-0.03962496,0.10750148,0.28140277,-0.009009677,0.06579763,-0.043303117,0.21167998,-0.12552084,-0.09328283,-0.20838763,-0.11064592,0.056061316,0.1816597,-0.058989394,0.13779221,0.04275503,-0.0040874323,0.0023493492,0.40413433,-0.29168716,0.32889432,0.14119992,0.18117288,0.13508768,-0.18923956,0.030855097,-0.095230095,-0.10004416,-0.12070677,0.08792068,-0.0577994,0.17836016,-0.074729756,0.17754881,0.11112555,0.03767051,-0.25198466,0.018901072,-0.2534992,-0.08116654,0.06774489,-0.017177358,-0.19194409,0.17435746,0.015222913,0.14525671,0.012626563,-0.20833355,0.06368809,0.23948255,0.19815733,0.096466996,0.03750824,0.09289702,-0.4865756,-0.010902848,0.20394503,0.04172731,0.045459557,0.1798747,-0.08744105,-0.25122738,-0.25090286,-0.11827269,0.018306077,-0.36465538,-0.055798046,-0.07337749,0.15710256,-0.07667702,-0.15500021,-0.060395747,-0.011335573,-0.20162632,-0.0905783,0.40391797,0.17549336,-0.18680549,0.056656312,0.052491337,-0.2604769,-0.099773705,-0.19383727,-0.16922604,0.17754881,0.3069876,0.011544752,-0.40641332,-0.049144905,-0.0008419963,0.074776664,0.15585847,0.05568268,-0.13222806,0.12399911,0.16786659,0.028258748,0.143039,-0.015608731,-0.062938005,0.07423576,-0.22677843,-0.12276221,0.027771931,0.36275503,0.1159937,0.112423725,-0.051254436,0.011923386,-0.2672382,0.13708904,-0.039462686,0.17495246,0.17268066,0.043404117,0.030043738,0.04286321,-0.16289744,0.13822494,0.25900924,-0.020314613,-0.12460129,0.17890108,-0.15602793,-0.1509975,-0.04606174,-0.28146404,-0.33874598,0.10149742,-0.10415505,0.24975976,-0.177556,0.18982737,0.12800182,-0.0026269862,0.06325537,0.015872,-0.16625106,0.043566387,0.0059734196,0.07126077,0.18149742,-0.11556816,0.3180221,0.1736002,-0.22017938,-0.015662821,0.2334244,-0.19924632,0.009543399,-0.12270812,0.13195044,-0.0012206305,-0.16754924,0.25262657,0.17311338,-0.28351948,0.18901601,-0.021504607,-0.024371408,-0.10626458,0.2179004,-0.12649447,-0.09344511,0.26885375,-0.06255937,-0.13504077,0.14439127,-0.058178034,-0.3276574,-0.15299886,-0.39829972,-0.00928013,-0.23224159,-0.12470947,-0.34880683,0.120753676,-0.11329636,0.22758262,0.025986942,-0.21806985,-0.34518278,-0.2517683,-0.07900292,-0.16884741,0.45130134,-0.115730435,0.11145009,0.23526348,0.3106117,0.04216003,0.077805735,0.102525145,0.08640614,-0.014743281,0.05378951,0.07358667,-0.0018156271,-0.0036547077,-0.1015587,-0.21541941,0.010246577,0.045459557,0.22060493,0.22049674,0.20362048,-0.043519482,0.0019166244,-0.09582509,-0.47364795,-0.10734639,0.14314719,-0.044114478,-0.25723144,-0.089117855,0.15477666,0.06147038,0.17808971,0.15840073,0.058387212,-0.3921875,0.2788605,0.16824523,0.0463791,-0.06282982,0.114587344,0.37346497,-0.115730435,-0.11859724,0.21438451,-0.28957763,-0.026697304,0.12881318,0.05898221,0.088840224,0.097981535,-0.056284864,0.058765847,0.034425076,-0.13060535,0.051301345,-0.108915016,0.16494569,-0.034973167,-0.034648623,-0.0854397,0.15088214,0.18604103,-0.12882036,0.21854949,-0.18653503,-0.20492584,0.078238465,-0.30028757,0.20686592,-0.102424145,0.021335151,-0.10377641,0.3069876,-0.07640657,0.25430337,0.23309986,0.07650756,0.05113907,0.023390593,0.026203305,-0.13163307,0.01143657,-0.119192235,-0.08971286,0.026203305,-0.0037628887,0.305419,0.042376395,-0.018854167,0.1822006,0.15677802,0.04648728,-0.24468243,-0.062126648,0.028583292,-0.1527825,0.20356639,-0.16825241,0.2477584,0.13249134,-0.13428351,0.045459557,0.25349203,0.33116612,-0.007819684,-0.10653503,0.05184225,0.2949795,0.17570972,0.039509594,0.060442656,-0.107021846,-0.0946351,-0.23976019,0.14255218,0.2702601,-0.1826946,0.07353258,-0.14099075,-0.039246324,0.047515,-0.060233478,0.021876056,-0.14223483,0.27231553,-0.11216045,0.116913244,0.14677125,0.17197748,-0.13639304,-0.08111245,-0.048441727,-0.09360738,0.09684563,-0.24479061,0.08348525,0.047136366,0.12243049,0.09408701,0.0047834264,-0.01999007,-0.022694599,0.23731892,-0.15197113,0.025175583,0.075858474,0.0038097955,-0.003600617,-0.059043482,0.12962453,0.18842103,0.06785307,-0.07305295,-0.29801577,-0.2097399,0.0007807218,0.028150566,-0.02009825,-0.09642009,0.093492016,0.11653461,-0.006305147,0.07834665,-0.05980075,-0.10826593,0.0073797754,0.14568944,0.21568269,-0.022045512,0.10766375,-0.04779264,0.23704848,-0.40506107,-0.20995626,-0.069807515,-0.12822536,0.1436881,-0.23186296,-0.11827269,0.032748267,0.022849686,-0.0011665398,-0.025182767,-0.015013734,-0.1475898,0.17619655,-0.13309352,-0.17625782,-0.14564253,0.177657,-0.13790758,-0.0750543,-0.16165335,0.20432365,0.1309768,0.18896192,0.022362871,-0.21715032,0.06660899,0.28042912,-0.04070677,-0.01193057,-0.12898263,-0.05406715,0.14147037,-0.11756951,0.25105792,-0.12600765,-0.32527742,-0.18723822,-0.05044308,0.016575178,-0.2431138,0.21324861,0.18641967,0.08132163,0.07769756,-0.14218074,0.3019572,-0.2620455,0.1010647,-0.123681754,-0.16208608,-0.24998331,0.038698234,0.19723779,0.3341952,-0.032917723,0.06639262,0.10209242,-0.1516466,-0.078948826,0.10279559,0.19009782,0.020253338,-0.1383944,-0.15234977,-0.19637953,0.14395854,0.054763142,0.21189635,0.38844806,-0.06153165,-0.012417385,-0.05428351,0.020631973,0.1356286,0.20946227,-0.121355854,-0.056230772,0.12253866,0.07753529,0.00067254057,0.17111203,0.4320451,-0.020476885,0.15980709,0.16499978,0.082024805,0.008299315,0.18631148,0.21216679,0.2144386,-0.09279602,0.1833365,0.032423723,-0.13677168,-0.16219427,-0.29687986,0.023011958,0.056061316,0.08792068,0.054222237,0.030638734,-0.063370734,0.123025484,-0.08852286,-0.06677844,0.07147714,-0.34118006,0.07840074,-0.15067296,-0.04443902,0.054979503,0.13189635,-0.07765065,-0.1251963,-0.24781968,0.16197072,0.060118113,-0.10837411,-0.09279602,0.11750824,-0.08846877,0.12951635,-0.0791111,-0.029618196,-0.025885945,0.022471054,0.05286997,-0.12232949,0.13990174,0.23704848,-0.048333544,0.18284969,0.08938113,0.1447699,-0.08825241,-0.041301765,-0.09285011,0.06260628,-0.11930042,-0.09041603,-0.12768446,0.15840073,0.19961777,0.08775841,-0.005385607,-0.020422794,0.07618302,0.14920533,-0.050983984,0.20140277,-0.0078737745,-0.0020860801,-0.23624429,0.03923914,0.10501331,-0.051849432,-0.10118006,1.0237422,-0.321437,-1.4279684,0.35015193,0.31147712,-0.3714708,-0.82869864,0.7016327,-0.66426325,-0.79143023,-1.3366094,-0.68422264,0.56478345,-0.54104483,1.1481506,0.2511661,0.48786658,0.72186255,1.0725859,-1.1012071,0.545419,-1.2563931,0.2449457,0.833776,0.3945603,-0.30369526,-0.37850258,-0.47775882,-0.14602117,-0.66361415,0.5565076,-0.5038846,1.2363182,0.7077449,0.2524643,0.32624388,0.5999423,-0.06223483,-0.39494613,-0.012417385,-0.8793275,-0.582316,-0.9452098,-0.99259317,-0.34469596,0.16045618,0.89971244,-0.40516925,0.9776029,0.0033770707,-0.03600089,-0.75935453,0.15396531,0.4485968,0.77249134,-0.9062105,-0.5217345,0.6213081,-0.03237682,-0.54742754,1.0351012,-1.015149,-0.6656155,0.58257926,-0.3693072,0.4424846,-0.02458777,0.2310985,0.8918693,0.5112878,0.40759614,1.0399693,0.5223764,0.9736002,-0.07234977,0.60621685,-0.50875276,-0.4566635,-0.32581833,1.0166023,-0.190105,0.224229,0.24770431,0.7713013,0.3290566,0.51177466,-1.1224107,-0.61590624,0.3456083,-1.1846689,0.64802885,0.11653461,-0.1395303,0.07704847,0.5844724,-0.5137291,0.6853514,0.98441833,-0.96982104,0.5238909,-0.16154517,0.16186254,-0.09193057,-0.20065267,-0.3807203,0.06330946,-0.48614287,-0.022802781,-0.089875124,-0.06385755,0.47661576,0.67063874,0.097170174,0.08272798,-0.58020645,0.019658342,-0.2856831,0.7410106,0.020848336,-0.6373261,-0.13969257,-0.91665,0.07245077,0.3956421,0.0814839,-0.14558844,0.054384507,0.800943,
0,1,0,0,0,0,0,0,0,0,0,0,0,0,0,0,0,0,0,0,0,0,0,0,0,1,0,0,0,0,0,0,0,0,0,0,0,0,0,0,0,0,0,0,0,0,0,0,0,0,0,0,0,0,0,0,0,0,0,0,0,0,0,0,0,0,0,0,0,0,0,0,0,0,0,0,0,0,0,0,0,0,0,0,0,0,0,0,0,0,0,0,0,0,0,0,0,0,0,0,0,0,0,0,0,0,0,0,0,0,0,0,0,0,0,0,0,0,0,0,0,0,0,0,0,0,0,0,0,0,0,0,0,0,0,0,0,0,0,0,0,0,0,0,0,0,0,0,0,0,0,0,0,0,0,0,0,1,0,0,0,0,0,0,0,0,0,0,0,0,0,0,0,0,0,0,0,0,0,0,0,0,0,0,0,0,0,0,0,0,0,0,0,0,0,0,0,0,0,0,0,0,0,0,0,0,0,0,0,0,0,0,0,0,0,0,0,0,0,0,0,0,0,0,0,0,0,0,0,0,0,0,0,0,0,0,0,0,0,0,0,0,0,0,0,0,0,0,0,0,0,0,0,0,0,0,0,0,0,0,0,0,0,0,0,0,0,0,0,0,0,0,0,0,0,0,0,0,0,0,0,0,0,0,0,0,0,0,0,0,0,0,0,0,0,0,0,0,0,0,0,0,0,0,0,0,0,0,0,0,0,0,0,0,0,0,0,0,0,0,0,0,0,0,0,0,0,0,0,0,0,0,0,0,0,0,0,0,0,0,0,0,0,0,0,0,0,0,0,0,0,0,0,0,0,0,0,0,0,0,0,0,0,0,0,0,0,0,0,0,0,0,0,0,0,0,0,0,0,0,0,0,0,0,0,0,0,0,0,0,0,0,0,0,0,0,0,0,0,0,0,0,0,0,0,0,0,0,0,0,0,0,0,0,0,0,0,0,0,0,0,0,0,0,0,0,0,0,0,0,0,0,0,0,0,0,0,0,0,0,0,0,0,0,0,0,0,0,0,0,0,0,0,0,0,0,0,0,0,0,0,0,0,0,0,0,0,0,0,0,0,0,0,0,0,0,0,0,0,0,0,1,0,0,0,0,0,0,0,0,0,0,0,0,0,0,0,0,0,0,0,0,0,0,0,0,0,0,0,0,0,0,0,0,0,0,0,0,0,0,0,0,0,0,0,0,0,0,0,0,0,0,0,0,0,0,0,0,0,0,0,0,0,0,0,0,0,0,0,0,0,0,0,0,0,0,0,0,0,0,0,0,0,0,0,0,0,0,0,0,0,0,0,0,0,0,0,0,0,0,0,0,0,0,0,0,0,0,0,0,0,0,0,0,0,0,0,0,0,0,0,0,0,0,0,0,0,0,0,0,0,0,0,0,0,0,0,0,0,0,0,0,0,0,0,0,0,0,0,0,0,0,0,0,0,0,0,0,0,0,0,0,0,0,0,0,0,0,0,0,0,0,0,0,0,0,0,0,0,0,0,0,0,0,0,0,0,0,0,0,0,0,0,0,0,0,0,0,0,0,0,0,0,0,0,0,0,0,0,0,0,0,0,0,0,0,0,0,0,0,0,0,0,0,0,0,0,0,0,0,0,0,0,0,0,0,0,0,0,0,0,0,0,0,0,0,0,0,0,0,0,0,0,0,0,0,0,0,0,0,0,0,0,0,0,0,0,0,0,0,0,0,0,0,0,0,0,0,0,0,0,0,0,0,0,0,0,0,0,0,0,0,0,0,0,0,0,0,0,0,0,0,0,0,0,0,0,0,0,0,0,0,0,0,0,0,0,0,0,0,0,0,0,0,0,0,0,0,0,0,0,0,0,0,0,0,0,0,0,0,0,0,0,0,0,0,0,0,0,0,0,0,0,0,0,0,0,0,0,0,0,0,0,0,0,0,0,0,0,0,0,0,0,0,0,0,0,0,0,0,0,0,0,0,0,0,0,0,0,0,0,0,0,0,0,0,0,0,0,0,0,0,0,0,0,0,0,0,0,0,0,0,0,0,0,0,0,0,0,0,0,0,0,0,0,0,0,0,0,0,0,0,0,0,0,0,0,0,0,0,0,0,0,0,0,0,0,0,0,0,0,0,0,0,0,0,0,0,0,0,0,0,0,0,0,0,0,0,0,0,0,0,0,0,0,0,0,0,0,0,0,0,0,0,0,0,0,0,0,0,0,0,0,0,0,0,0,0,0,0,0,0,0,0,0,0,0,0,0,0,0,0,0,0,0,0,0,0,0,0,0,0,0,0,0,0,0,0,0,0,0,0,0,0,0,0,0,0,0,0,0,0,0,0,0,0,0,0,0,0,0,0,0,0,0,0,0,0,0,0,0,0,0,0,0,0,0,0,0,0,0,0,0,0,0,0,0,0,0,0,0,0,0,0,0,0,0,0,0,0,0,0,0,0,0,0,0,0,0,0,0,0,0,0,0,0,0,0,0,0,0,0,0,0,0,0,0,0,0,0,0,0,0,0,0,0,0,0,0,0,0,0,0,0,0,0,0,0,0,0,0,0,0,0,0,0,0,0,0,0,0,0,0,0,0,0,0,0,0,0,0,0,0,0,0,0,0,0,0,0,0,0,0,0,0,0,0,0,0,0,0,0,0,0,0,0,0,0,0,0,0,0,0,0,0,0,0,0,0,0,0,0,0,0,0,0,0,0,0,0,0,0,0,0,0,0,0,0,0,0,0,0,0,0,0,0,0,0,0,0,0,0,0,0,0,0,0,0,0,0,0,0,0,0,0,0,0,0,0,0,0,0,0,0,0,0,0,0,0,0,0,0,0,0,0,0,0,0,0,0,0,0,0,0,0,0,0,0,0,0,0,0,0,0,0,0,0,0,0,0,0,0,0,0,0,0,0,0,0,0,0,0,0,0,0,0,0,0,0,0,0,0,0,0,0,0,0,0,0,0,0,0,0,0,0,0,0,0,0,0,0,0,0,0,0,0,0,0,0,0,0,0,0,0,0,0,0,0,0,0,0,0,0,0,0,0,0,0,0,0,0,0,0,0,0,0,0,0,0,0,0,0,0,0,0,0,0,0,0,0,0,0,0,0,0,0,0,0,0,0,0,0,0,0,0,0,0,0,0,0,0,0,0,0,0,0,0,0,0,0,0,0,0,0,0,0,0,0,0,0,0,0,0,0,0,0,0,0,0,0,0,0,0,0,0,0,0,0,0,0,0,0,0,0,0,0,0,0,0,0,0,0,0,0,0,0,0,0,0,0,0,0,0,0,0,0,0,0,0,0,0,0,0,0,0,0,0,0,0,0,0,0,0,0,0,0,0,0,0,0,0,0,0,0,0,0,0,0,0,0,0,0,0,0,0,0,0,0,0,0,0,0,0,0,0,0,0,0,0,0,0,0,0,0,0,0,0,0,0,0,0,0,0,0,0,0,0,0,0,0,0,0,0,0,0,0,0,0,0,0,0,0,0,0,0,0,0,0,0,0,0,0,0,0,0,0,0,0,0,0,0,0,0,0,0,0,0,0,0,0,0,0,0,0,0,0,0,0,0,0,0,0,0,0,0,0,0,0,0,0,0,0,0,0,0,0,0,0,0,0,0,0,0,0,0,0,0,0,0,0,0,0,0,0,0,0,0,0,0,0,0,0,0,0,0,0,0,0,0,0,0,0,0,0,0,0,0,0,0,0,0,0,0,0,0,0,0,0,0,0,0,0,0,0,0,0,0,0,0,0,0,0,0,0,0,0,0,0,0,0,0,0,0,0,0,0,0,0,0,0,0,0,0,0,0,0,0,0,0,0,0,0,0,0,0,0,0,0,0,0,0,0,0,0,0,0,0,0,0,0,0,0,0,0,0,0,0,0,0,0,0,0,0,0,0,0,0,0,0,0,0,0,0,0,0,0,0,0,0,0,0,0,0,0,0,0,0,0,0,0,0,0,0,0,0,0,0,0,0,0,0,0,0,0,0,0,0,0,0,0,0,0,0,0,0,0,0,0,0,0,0,0,0,0,0,0,0,0,0,0,0,0,0,0,0,0,0,0,0,0,0,0,0,0,0,0,0,0,0,0,0,0,0,0,0,0,0,0,0,0,0,0,0,0,0,0,0,0,0,0,0,0,0,0,0,0,0,0,0,0,0,0,0,0,0,0,0,0,0,0,0,0,0,0,0,0,0,0,0,0,0,0,0,0,0,0,0,0,0,0,0,0,0,0,0,0,0,0,0,0,0,0,0,0,0,0,0,0,0,0,0,0,0,0,0,0,0,0,0,0,0,0,0,0,0,0,0,0,0,0,0,0,0,0,0,0,0,0,0,0,0,0,0,0,0,0,0,0,0,0,0,0,0,0,0,0,0,0,0,0,0,0,0,0,0,0,0,0,0,0,0,0,0,0,0,0,0,0,0,0,0,0,0,0,0,0,0,0,0,0,0,0,0,0,0,0,0,0,0,0,0,0,0,0,0,0,0,0,0,0,0,0,0,0,0,0,0,0,0,0,0,0,0,0,0,0,0,0,0,0,0,0,0,0,0,0,0,0,0,0,0,0,0,0,0,0,0,0,0,0,0,0,0,0,0,0,0,0,0,0,0,0,0,0,0,0,0,0,0,0,0,0,0,0,0,0,0,0,0,0,0,0,0,0,0,0,0,0,0,0,0,0,0,0,0,0,0,0,0,0,0,0,0,0,0,0,0,0,0,0,0,0,0,0,0,0,0,0,0,0,0,0,0,0,0,0,0,0,0,0,0,0,0,0,0,0,0,0,0,0,0,0,0,0,0,0,0,0,0,0,0,0,0,0,0,0,0,0,0,0,0,0,0,0,0,0,0,0,0,0,0,0,0,0,0,0,0,0,0,0,0,0,0,0,0,0,0,0,0,0,0,0,0,0,0,0,0,0,0,0,0,0,0,0,0,0,0,0,0,0,0,0,0,0,0,0,0,0,0,0,0,0,0,0,0,0,0,0,0,0,0,0,0,0,0,0,0,0,0,0,0,0,0,0,0,0,0,0,0,0,0,0,0,0,0,0,0,0,0,0,0,0,0,0,0,0,0,0,0,0,0,0,0,0,0,0,0,0,0,0,0,0,0,0,0,0,0,0,0,0,0,0,0,0,0,0,0,0,0,0,0,0,0,0,0,0,0,0,0,0,0,0,0,0,0,0,0,0,0,0,0,0,0,0,0,0,0,0,0,0,0,0,0,0,0,0,0,0,0,0,0,0,0,0,0,0,0,0,0,0,0,0,0,0,0,0,0,0,0,0,0,0,0,0,0,0,0,0,0,0,0,0,0,0,0,0,0,0,0,0,0,0,0,0,0,0,0,0,0,0,0,0,0,0,0,0,0,0,0,0,0,0,0,0,0,0,0,0,0,0,0,0,0,0,0,0,0,0,0,0,0,0,0,0,0,0,0,0,0,0,0,0,0,0,0,0,0,0,0,0,0,0,0,0,0,0,0,0,0,0,0,0,0,0,0,0,0,0,0,0,0,0,0,0,0,0,0,0,0,0,0,0,0,0,0,0,0,0,0,0,0,0,0,0,0,0,0,0,0,0,0,0,0,0,0,0,0,0,0,0,0,0,0,0,0,0,0,0,0,0,0,0,0,0,0,0,0,0,0,0,0,0,0,0,0,0,0,0,0,0,0,0,0,0,0,0,0,0,0,0,0,0,0,0,0,0,0,0,0,0,0,0,0,0,0,0,0,0,0,0,0,0,0,0,0,0,0,0,0,0,0,0,0,0,0,0,0,0,0,0,0,0,0,0,0,0,0,0,0,0,0,0,0,0,0,0,0,0,0,0,0,0,0,0,0,0,0,0,0,0,0,0,0,0,0,0,0,0,0,0,0,0,0,0,0,0,0,0,0,0,0,0,0,0,0,0,0,0,0,0,0,0,0,0,0,0,0,0,0,0,0,0,0,0,0,0,0,0,0,0,0,0,0,0,0,0,0,0,0,0,0,0,0,0,0,0,0,0,0,0,0,0,0,0,0,0,0,0,0,0,0,0,0,0,0,0,0,0,0,0,0,0,0,0,0,0,0,0,0,0,0,0,0,0,0,0,0,0,0,0,0,0,0,0,0,0,0,0,0,0,0,0,0,0,0,0,0,0,0,0,0,0,0,0,0,0,0,0,0,0,0,0,0,0,0,0,0,0,0,0,0,0,0,0,0,0,0,0,0,0,0,0,0,0,0,0,0,0,0,0,0,0,0,0,0,0,0,0,0,0,0,0,0,0,0,0,0,0,0,0,0,0,0,0,0,0,0,0,0,0,0,0,0,0,0,0,0,0,0,0,0,0,0,0,0,0,0,0,0,0,0,0,0,0,0,0,0,0,0,0,0,0,0,0,0,0,0,0,0,0,0,0,0,0,0,0,0,0,0,0,0,0,0,0,0,0,0,0,0,0,0,0,0,0,0,0,0,0,0,0,0,0,0,0,0,0,0,0,0,0,0,0,0,0,0,0,0,0,0,0,0,0,0,0,0,0,0,0,0,0,0,0,0,0,0,0,0,0,0,0,0,0,0,0,0,0,0,0,0,0,0,0,0,0,0,0,0,0,0,0,0,0,0,0,0,0,0,0,0,0,0,0,0,0,0,0,0,0,0,0,0,0,0,0,0,0,0,0,0,0,0,0,0,0,0,0,0,0,0,0,0,0,0,0,0,0,0,0,0,0,0,0,0,0,0,0,0,0,0,0,0,0,0,0,0,0,0,0,0,0,0,0,0,0,0,0,0,0,0,0,0,0,0,0,0,0,0,0,0,0,0,0,0,0,0,0,0,0,0,0,0,0,0,0,0,0,0,0,0,0,0,0,0,0,0,0,0,0,0,0,0,0,0,0,0,0,0,0,0,0,0,0,0,0,0,0,0,0,0,0,0,0,0,0,0,0,0,0,0,0,0,0,0,0,0,0,0,0,0,0,0,0,0,0,0,0,0,0,0,0,0,0,0,0,0,0,0,0,0,0,0,0,0,0,0,0,0,0,0,0,0,0,0,0,0,0,0,0,0,0,0,0,0,0,0,0,0,0,0,0,0,0,0,0,0,0,0,0,0,0,0,0,0,0,0,0,0,0,0,0,0,0,0,0,0,0,0,0,0,0,0,0,0,0,0,0,0,0,0,0,0,0,0,0,0,0,0,0,0,0,0,0,0,0,0,0,0,0,0,0,0,0,0,0,0,0,0,0,0,0,0,0,0,0,0,0,0,0,0,0,0,0,0,0,0,0,0,0,0,0,0,0,0,0,0,0,0,0,0,0,0,0,0,0,0,0,0,0,0,0,0,0,0,0,0,0,0,0,0,0,0,0,0,0,0,0,0,0,0,0,0,0,0,0,0,0,0,0,0,0,0,0,0,0,0,0,0,0,0,0,0,0,0,0,0,0,0,0,0,0,0,0,0,0,0,0,0,0,0,0,0,0,0,0,0,0,0,0,0,0,0,0,0,0,0,0,0,0,0,0,0,0,0,0,0,0,0,0,0,0,0,0,0,0,0,0,0,0,0,0,0,0,0,0,0,0,0,0,0,0,0,0,0,0,0,0,0,0,0,0,0,0,0,0,0,0,0,0,0,0,0,0,0,0,0,0,0,0,0,0,0,0,0,0,0,0,0,0,0,0,0,0,0,0,0,0,0,0,0,0,0,0,0,0,0,0,0,0,0,0,0,0,0,0,0,0,0,0,0,0,0,0,0,0,0,0,0,0,0,0,0,0,0,0,0,0,0,0,0,0,0,0,0,0,0,0,0,0,0,0,0,0,0,0,0,0,0,0,0,0,0,0,0,0,0,0,0,0,0,0,0,0,0,0,0,0,0,0,0,0,0,0,0,0,0,0,0,0,0,0,0,0,0,0,0,0,0,0,0,0,0,0,0,0,0,0,0,0,0,0,0,0,0,0,0,0,0,0,0,0,0,0,0,0,0,0,0,0,0,0,0,0,0,0,0,0,0,0,0,0,0,0,0,0,0,0,0,0,0,0,0,0,0,0,0,0,0,0,0,0,0,0,0,0,0,0,0,0,0,0,0,0,0,0,0,0,0,0,0,0,0,0,0,0,0,0,0,0,0,0,0,0,0,0,0,0,0,0,0,0,0,0,0,0,0,0,0,0,0,0,0,0,0,0,0,0,0,0,0,0,0,0,0,0,0,0,0,0,0,0,0,0,0,0,0,0,0,0,0,0,0,0,0,0,0,0,0,0,0,0,0,0,0,0,0,0,0,0,0,0,0,0,0,0,0,0,0,0,0,0,0,0,0,0,0,0,0,0,0,0,0,0,0,0,0,0,0,0,0,0,0,0,0,0,0,0,0,0,0,0,0,0,0,0,0,0,0,0,0,0,0,0,0,0,0,0,0,0,0,0,0,0,0,0,0,0,0,0,0,0,0,0,0,0,0,0,0,0,0,0,0,0,0,0,0,0,0,0,0,0,0,0,0,0,0,0,0,0,0,0,0,0,0,0,0,0,0,0,0,0,0,0,0,0,0,0,0,0,0,0,0,0,0,0,0,0,0,0,0,0,0,0,0,0,0,0,0,0,0,0,0,0,0,0,0,0,0,0,0,0,0,0,0,0,0,0,0,0,0,0,0,0,0,0,0,0,0,0,0,0,0,0,0,0,0,0,0,0,0,0,0,0,0,0,0,0,0,0,0,0,0,0,0,0,0,0,0,0,0,0,0,0,0,0,0,0,0,0,0,0,0,0,-0.42412028,-1.2528038,-0.36159927,0.017672444,-1.2749887,-0.3266413,-1.2077618,0.8772803,-0.9505068,0.024395132,0.8193531,-0.2289382,0.4928545,-0.11229955,-0.4689382,0.6906136,-0.85605305,-0.8823836,0.20837273,-0.44955444,1.3746473,-0.5572295,1.4018741,0.32288253,-0.053027835,-0.66961044,-0.57504463,-0.33739758,0.25991336,0.015879726,-1.165857,-0.6352127,0.2750394,-0.014932598,0.42988533,0.10652398,-0.6610951,0.10910101,0.5213139,-0.12327994,0.73543155,-0.968322,-0.58131915,-0.9285461,0.5868601,-0.02266369,-0.6855208,0.02618785,-0.008546043,-0.074652486,0.65621585,0.55425507,-0.27084297,-0.25190738,0.6053475,0.038848914,0.2983447,-0.65257967,-0.74905026,-0.22389619,0.0748153,-0.014820553,0.58517945,0.12893295,-0.21896622,0.49229428,-0.19510067,0.68747634,0.97296655,0.40893295,0.56198615,0.7180646,-0.5722435,-0.24708946,-0.097957805,-0.3172295,-0.09280375,-0.50871414,0.7733027,1.1462998,-0.01683736,-0.14647321,-0.641039,-0.28888217,0.19347076,0.3585128,0.16277048,0.32176208,0.25643995,0.053302698,-1.1096104,0.27672008,-0.78053486,0.46686012,0.06327468,0.8428825,-0.85504466,0.44691613,-0.7694424,0.5750954,-0.042719714,-0.34165528,-0.2831679,0.10450718,-0.78255165,-0.1686581,0.2752635,0.18450718,-0.29952642,-0.3081539,0.07604779,0.47862482,-0.20227154,0.059129026,0.3820422,-0.3292183,1.0306697,-0.18445641,-0.090002626,-0.6381259,-0.09482055,0.09061362,0.10753239,0.20030549,0.1343111,-0.24451242,-0.343448,-0.54412025,-0.43487656,-0.39308387,-0.87330794,-0.90479255,-0.5162211,-0.85863006,0.2995772,0.13935311,-0.7161091,0.16366684,-0.2846245,-0.112075455,-0.014260329,-0.50557685,-0.42557687,-0.27353203,-0.36260766,-0.14322391,-0.07577293,0.32736433,1.1270282,0.3127985,-0.2979578,-0.16888218,-0.57750964,0.30092174,-0.26221552,-0.07431635,0.20646796,-0.06389619,0.0026584384,0.22573967,0.042322304,0.11739233,-0.44608107,0.54573965,-0.077341564,0.26966125,-0.77426034,-0.044848565,-0.37381214,0.53845674,0.83033353,0.14024948,-0.48462448,-0.12417629,-0.63678133,-0.3131959,-0.27577293,0.062266283,0.78573966,0.09319065,-0.9311231,-0.14759366,-0.057621673,0.12411502,-0.030506827,0.15055759,-0.31622112,-0.92384017,-0.1824396,-0.19375613,-0.2214312,0.7560478,0.73341477,-0.4772295,0.13173407,-0.47521272,0.2817621,-0.56832194,-0.010786939,0.50271446,-1.1948766,0.45845675,-0.506025,-0.2756609,0.23526348,-0.2596385,-0.07129114,0.844115,0.066748075,-0.1911791,-0.27879813,-0.77302784,0.96792454,0.027420344,-0.1196945,0.38316265,0.4878125,-0.19073091,-0.048658088,0.3767761,0.28321865,0.087476365,0.3052915,0.14842875,-0.5375096,0.36859682,-0.17784576,-0.31106704,0.116608016,-0.015156687,0.07716824,0.03593575,-0.19073091,-0.47454044,0.15447916,0.20041755,0.55750436,-0.5311231,0.5847313,-0.53896624,-0.7269774,-0.3678738,0.23683211,0.1462999,-0.44686538,0.4743671,0.8838909,-0.23207545,-0.93750966,-0.26255164,0.17061362,-0.18524072,0.37643996,0.40814865,-0.14714548,-0.34849003,-0.22815388,0.3517901,0.095767684,-0.08215949,0.6050114,-0.2194144,-0.20552084,0.33240634,-0.006865371,1.0893811,0.008260679,-0.53201944,0.9995212,-0.6973976,0.6394091,-0.2986301,-0.44227153,0.083218664,-1.1425517,-0.46120712,-1.0415993,-0.19689338,0.41968924,-0.037229516,-0.32585695,-0.018854167,0.41587973,-0.099526435,-0.60462445,-0.91846204,-0.5156609,0.27772847,-0.75801384,0.9725184,-0.09739758,-0.023223914,0.68770045,0.062154237,0.20646796,-0.07073092,0.4738069,-0.5651847,0.06204219,0.3026024,0.16344275,0.72837275,-0.71655726,-0.7228318,0.6380646,-0.5296665,-0.21515669,0.52243435,0.3052915,-0.36608106,-0.06288778,-0.41874212,-0.15364408,-0.016501226,0.11716824,-0.18748161,0.5178405,0.13285452,-0.55353206,-0.8539242,-1.1864733,-0.5032239,-0.57650125,-0.73806983,-0.22479254,-0.611011,0.17442314,-0.41627714,-0.2699466,0.27739233,0.45139793,0.356608,-0.5664172,-0.07431635,0.24893294,0.5802495,-0.05986257,0.25498337,0.2518461,0.35952118,-0.6306189,0.918961,-0.6882099,0.03851278,0.7648993,0.4167761,-0.4007029,-0.65806985,0.6935268,-0.2831679,0.19145396,0.46361083,-0.57650125,-0.46490458,0.06999737,0.22327468,-0.13459647,1.0792971,-0.94356006,-0.37863007,0.21341474,0.90316266,0.15447916,0.16501138,-0.058518033,0.56859684,0.4630506,-0.023448003,-0.73157126,0.6602495,0.37274247,-0.18658526,0.023050595,-0.52731353,0.008036589,0.4697733,-0.32462448,0.9256837,0.8757117,0.09509541,-0.5706749,-0.5773976,-0.44115108,0.3980646,-0.116445206,-0.121711306,0.33823267,0.86193013,0.40971726,-0.36014268,0.0025463935,1.001426,0.3142551,-0.045520835,0.60243434,-0.017397584,-0.9301147,0.21935311,-0.59498864,0.5512299,0.7848433,0.43212622,0.9280366,0.3032747,0.23044555,-0.42356005,0.0673083,-0.014148285,-0.47902223,-0.4389102,-0.638462,-0.41235557,0.15246236,0.1718461,-0.5120755,0.0048993346,1.1420422,-0.29874212,-0.28484857,0.008372724,-0.018518033,0.70372283,-0.06972251,0.7450674,0.37061363,-0.015156687,0.15761642,0.19840074,-0.061991423,0.47515145,0.52310663,0.5793531,-0.36854604,0.29195815,-0.9679858,-0.43498862,0.53240633,-0.02288778,-0.24059086,-0.74680936,-0.8512351,0.32445115,-1.0047365,-0.2616553,-0.23666929,-0.6470895,0.30988532,-0.5547645,0.5480926,-0.09213148,-0.17213148,0.45419905,-0.32731354,0.38596377,-0.27846202,-0.8727477,0.68198615,0.35694414,-0.59341997,-0.15655725,0.90697217,-0.02008666,-0.04451243,0.013078607,-0.05313988,0.6034427,-0.26098302,0.94943714,-0.5156609,-0.36025473,0.6727985,0.1408097,-0.1964452,-1.2654648,0.6670842,-0.19173932,-0.15151523,0.048148636,0.22753239,-0.8811511,-0.18456845,-0.99935836,0.07593575,0.3578405,0.09901698,-0.4191903,-0.80159926,-0.08384016,-0.02983456,-0.7791903,-0.47185138,-1.0117954,-0.03285977,0.94148195,0.66820467,0.23436712,0.25274247,0.09935312,0.6276444,0.27784052,0.249045,0.08232231,0.69475925,-0.11252364,-0.7249606,-0.8380138,0.7348713,0.08041754,-0.47084296,0.060025387,-0.41661328,-0.31017068,-0.3152127,-0.24552083,-0.20764968,0.17307861,0.7050674,-0.6372295,-0.5989102,-0.54400826,-0.6868654,0.7028265,-0.16238357,0.27963322,-0.11431635,0.43324667,0.2545352,0.19940914,1.0853475,-0.28406426,0.006692052,-0.8135881,-0.7700026,0.5417061,0.1913419,0.27615985,0.7033867,-0.9291063,-0.7324676,0.008260679,-1.2244564,-0.40204746,-0.42356005,0.85968924,-0.01986257,0.027868522,-0.025240721,-0.5945404,-0.40563288,0.56288254,-0.33728555,0.42529148,0.47369486,0.63066965,-0.8329718,-0.15924633,-0.23689339,-0.8439522,0.40310663,0.24310662,1.031454,0.20165004,-1.0004789,-0.07689338,0.73991334,0.13666405,-0.28339198,-0.08731355,0.154031,-0.15980655,-0.07274772,0.5155996,0.43896097,0.52209824,0.6324624,-0.77840596,0.48523548,-0.12708946,0.01778449,-0.120927,-0.22154324,0.23828869,0.72691613,0.47940913,0.65139794,0.34204218,0.8823223,-0.0024956232,0.57240635,-0.22938637,-0.230955,0.6662999,0.52366686,0.344059,0.26383492,-0.4354368,-0.82871413,0.19896096,0.56445116,-0.22255164,-0.120254725,-0.60552084,0.32310662,-0.39834997,-0.9218234,0.26596376,0.028428746,-0.5629438,0.8082607,0.25139794,0.45274246,0.20579569,-0.038349964,-0.17482056,-0.42658526,0.6279806,0.37957722,0.83638394,0.5370002,-0.6228878,0.5105576,-0.37257966,-0.27778974,0.5085408,0.06742034,0.43918505,-0.24484856,1.024171,0.3747593,0.7033867,1.0798573,0.779017,-0.11689338,0.5773363,0.41711223,-0.73571694,-0.49000263,0.66865283,-0.4628878,-0.28283176,0.30954918,-0.3347085,0.5576164,0.3070842,-0.538406,-0.48249564,0.4208097,0.6184568,0.4498293,-0.43689337,-0.8450726,0.4208097,-0.8578458,0.7897733,-0.04473652,0.08770046,-0.40182334,0.17677608,0.28994134,0.43873686,-0.1824396,-0.32036677,0.65240633,-0.054372374,0.99201417,-0.19846201,-0.21504465,-0.21190739,0.0975604,0.17509541,0.184059,-0.6282659,0.039745275,0.8861318,-0.19431636,0.23235032,-0.7413192,-0.07398022,0.083330706,-0.3754928,0.015207458,0.19559962,0.19324668,0.032126226,0.6053475,-0.07510067,0.7530226,0.27470326,-0.51252365,-0.37325191,0.2078125,-0.2774536,-0.41616508,-0.645857,-0.59879816,-0.15521272,0.22652398,0.19716825,0.56422704,-0.24731354,0.7745352,0.48971727,0.26865283,0.394031,-0.22837798,0.16848476,-0.101095065,-0.58636117,-0.4506749,-0.0013751751,0.54764444,0.626524,-0.60910624,-0.05526873,0.35044554,0.47772846,0.42036152,-0.7976777,0.28803658,0.36512342,0.014759279,0.5775604,0.18383491,-0.48496062,-0.6464172,0.3862999,-0.6515713,-0.75610906,0.69016546,-0.114876576,0.017448355,0.5054035,-0.23599702,-0.8144844,0.3408097,-0.010674895,-1.1278738,0.030109419,0.2230506,-0.012019433,0.5078685,0.29263043,-0.42378414,0.024171043,-0.35834998,0.057336308,0.65240633,-0.46154323,-0.30557686,-0.8236721,-0.6177337,-0.13022672,0.9647873,0.62461925,0.5857397,-0.39420432,0.012294292,-0.6823836,0.1645632,-0.47386816,0.2950954,-0.4976217,-0.31409225,0.17912902,0.9777845,1.0610338,0.2260758,0.6888209,0.5512299,-0.32865807,-0.8887701,0.32646796,-0.34434438,0.29487133,-0.6015993,-0.52809787,0.16187413,-0.70905024,0.05968925,-0.07700542,0.34719625,-0.453476,-0.45022672,-0.035324756,0.77621585,-0.25683737,0.24758841,0.33375087,-0.1617113,0.82013744,-0.31756565,-0.14602503,-0.22580095,0.3448433,-0.041823354,-0.5843444,0.7932467,0.07694415,0.4581206,0.40097776,-0.5295544,-0.22804184,-0.2114592,0.506636,0.41016543,-0.10288778,-0.18882616,0.9912299,-0.39778975,-0.42053485,-0.7954368,0.32803658,0.5822663,0.694087,0.29554358,0.22775647,-0.10658526,-0.32227153,-0.18949842,-0.27263567,0.16837272,-0.46826592,-0.4076497,0.23873687,0.0012018557,-0.22277574,0.12041754,0.0003054972,-0.85482055,0.31851277,-0.16003063,-0.33952644,-1.0817113,0.27447918,0.21991333,0.5263559,-0.008097864,0.30271447,-1.090899,0.548989,-0.080927,-0.17459646,0.5058517,0.59795254,0.34618786,-0.87342,-0.718462,0.23649597,0.5170562,-1.1515152,0.26092175,0.15940914,-0.46759367,-0.06736957,-0.75857407,0.58047354,1.0668601,0.65643996,0.5562719,1.0628265,0.10529149,-0.04776173,-0.011795343,-0.042495623,0.021706058,-0.5786301,0.16097777,0.3608657,-0.5172295,0.28938112,-0.13313988,-0.21201943,-0.17157125,0.29789653,-0.48652923,-0.34613708,0.35425508,-0.96854603,-0.44809785,-0.061095063,0.14876488,-0.14535277,-0.9531959,0.43470326,0.55391896,0.0077004554,0.4987929,0.6069161,0.57812065,-0.37078694,0.25375086,-0.21661326,0.05778449,0.31862482,-0.20115109,0.37733632,-0.6286021,0.10876488,-0.50299984,0.5672523,-0.31017068,-0.2277057,-0.05638918,-0.25661328,-0.41762167,-0.43241158,-0.13538077,-0.09605305,0.18775648,-0.5238402,-0.5098346,0.18450718,-0.15398021,0.0034427522,0.31391895,-0.28305584,-0.45863008,-0.4557169,0.11167805,0.44534752,0.78036153,-0.14131916,-0.40697742,0.70988536,-0.25806984,0.9245632,0.22988532,0.46047357,0.93240637,0.09621586,-0.28361607,0.57094973,-0.046305146,-0.051347163,-0.37874213,-0.6519074,0.120865725,0.6660758,0.046131827,-0.8305068,0.419017,0.6229386,0.29038954,0.4110618,0.55772847,-0.34849003,-0.14456846,-0.16540879,-0.06983456,-0.10299982,-0.027145483,-0.06512868,0.22260241,-0.07846201,0.0038909314,0.3718461,-0.53739756,0.44052958,0.10641194,0.07862482,0.27358282,0.38148198,0.06742034,0.36108983,0.33296657,-0.22905025,-0.9390783,0.38966125,-0.047649685,0.7576164,-0.43061888,0.02338673,0.23750438,0.41218224,-0.18109506,-0.16585697,-0.46860206,-0.25952643,0.34361082,0.05150998,0.30193016,0.20624387,-0.08529674,-0.35823792,-0.107705705,-0.39274773,0.46193016,0.40646797,-0.455941,-0.19734156,-0.12977853,-0.9038962,-0.09941439,-0.62456846,-0.4396945,-0.40664127,0.35078168,0.14069766,0.21475928,-0.35106707,0.6302215,-0.18624912,0.09520746,0.04108981,-0.40529674,0.117952555,-0.006417192,0.41151,0.1828265,0.27638394,0.2863559,0.5038349,0.32960522,-0.0764452,0.49307862,-0.30860206,-0.525857,0.26719627,-0.3751567,0.04243435,-0.1554368,-0.46255165,-0.19610907,-0.11958246,0.48041755,-1.1080419,-0.06445641,-0.26187938,0.4353755,-1.0678178,0.02618785,0.55772847,0.45890495,-0.015716912,0.6075884,-0.91028273,0.1718461,-0.004400385,0.3558237,-0.7816553,0.116495974,0.956608,0.8425464,1.0842271,-0.6926917,-0.061767332,-0.08260767,0.34327468,-0.27274773,-0.17000262,-0.14479254,0.74910104,0.78798056,-0.5312351,0.30092174,-0.33975053,-0.1424396,-0.59207547,0.096552,0.35470325,0.14092174,0.08288253,0.4167761,0.27795255,-0.2061931,0.050725665,-0.71532476,0.077840514,0.25722426,-0.18512867,0.15369485,-0.7489382,0.44601977,-0.7282099,-0.36585698,-0.018181898,0.6308937,-0.53773373,-0.49683735,0.5576164,-0.8542603,0.27940914,-0.250899,0.44288254,-0.038237922,0.4463559,-0.16854605,-0.29134718,-0.07140318,0.067980565,-0.11790179,-0.117453605,-0.18703344,-0.022999825,-0.53605306,-0.29874212,-0.22557686,-0.2394704,0.17061362,0.14036152,0.36108983,0.28568366,0.2525184,-0.39935836,0.25587973,0.3475324,-0.016949404,0.052854516,-0.28283176,-0.0839522,0.02921306,-0.082943805,-0.53582895,-0.033644084,0.11436712,0.36736432,-0.094148286,0.20545956,0.032126226,0.0031066176,0.28848478,0.20736432,-0.09089898,-0.09504464,-0.23700543,-0.38658527,-0.24888217,0.08658001,0.431566,0.419129,-0.37224352,-0.25045082,-0.23207545,-0.14557685,-0.08451243,-0.56574494,-0.27722952,0.06282651,-0.099302344,0.005235469,-0.40003064,0.32579568,-0.20305584,-0.13101102,0.009044993,-0.19689338,0.0128545165,-0.30378413,-0.14736958,-0.28787377,0.015095413,0.24658,
0,0,0,0,0,0,0,0,0,0,0,1,0,0,0,0,0,0,1,0,0,0,0,0,0,0,0,0,0,0,0,0,1,0,0,0,0,0,0,0,0,0,0,1,0,0,0,0,0,0,0,0,0,0,0,0,0,0,0,1,0,0,0,0,0,0,0,0,0,0,0,0,0,0,0,0,0,0,0,0,0,0,0,0,0,0,0,0,0,0,0,0,0,0,0,0,0,0,0,0,0,0,0,0,0,0,0,0,0,0,0,0,0,0,0,0,0,0,0,0,0,0,0,0,0,0,0,0,0,0,0,0,0,0,0,0,0,0,0,0,0,0,0,0,0,0,0,0,0,0,0,0,0,0,0,0,0,0,0,0,0,0,0,0,0,0,0,0,0,0,0,0,0,0,0,0,0,0,0,0,0,0,0,0,0,0,0,0,0,0,0,0,0,0,0,0,0,0,0,0,0,0,0,0,0,0,0,0,0,0,0,0,0,0,0,0,0,0,0,0,0,0,0,0,0,0,0,0,0,0,0,0,0,0,0,0,0,0,0,0,0,0,0,0,0,0,0,0,0,0,0,0,0,0,0,0,0,0,0,0,0,0,0,0,0,0,0,0,0,0,0,0,0,0,0,0,0,0,0,0,0,0,0,0,0,0,0,0,0,0,0,0,0,0,0,0,0,0,0,0,0,0,0,0,0,0,0,0,0,0,0,0,0,0,0,0,0,0,0,0,0,0,0,0,0,0,0,0,0,0,0,0,0,0,0,0,0,0,0,0,0,0,0,0,0,0,0,0,0,0,0,0,0,0,0,0,0,0,0,0,0,0,0,0,0,0,0,0,0,0,0,0,0,0,0,0,0,0,0,0,0,0,0,0,0,0,0,0,0,0,0,0,0,0,0,0,0,0,0,0,0,0,0,0,0,0,0,0,0,0,0,0,0,0,0,0,0,0,0,0,0,0,0,0,0,0,0,0,0,0,0,0,0,0,0,0,0,0,0,0,0,0,0,0,0,0,0,0,0,0,0,0,0,0,0,0,0,0,0,0,0,0,0,0,0,0,0,0,0,0,0,0,0,0,0,0,0,0,0,0,0,0,0,0,0,0,0,0,0,0,0,0,0,0,0,0,0,0,0,0,0,0,0,0,0,0,0,0,0,0,0,0,0,0,0,0,0,0,0,0,0,0,0,0,0,0,0,0,0,0,0,0,0,0,0,0,0,0,0,0,0,0,0,0,0,0,0,0,0,0,0,0,0,0,0,0,0,0,0,0,0,0,0,0,0,0,0,0,0,0,0,0,0,0,0,0,0,0,0,0,0,0,0,0,0,0,0,0,0,0,0,0,0,0,0,0,0,0,0,0,0,0,0,0,1,0,0,0,0,0,0,0,0,0,0,0,0,0,0,0,0,0,0,0,0,0,0,0,0,0,0,0,0,0,0,0,0,0,0,0,0,0,0,0,0,0,0,0,0,0,0,0,0,0,0,0,0,0,0,0,0,0,0,0,0,0,0,0,0,0,0,0,0,0,0,0,0,0,0,0,0,0,0,0,0,0,0,0,0,0,0,0,0,0,0,0,0,0,0,0,0,0,0,0,0,0,0,0,0,0,0,0,0,0,0,0,0,0,0,0,0,0,0,0,0,0,0,0,0,0,0,0,0,0,0,0,0,0,0,0,0,0,0,0,0,0,0,0,0,0,0,0,0,0,0,0,0,0,0,0,0,0,0,0,0,0,0,0,0,0,0,0,0,0,0,0,0,0,0,0,0,0,0,0,0,0,0,0,0,0,0,0,0,0,0,0,0,0,0,0,0,0,0,0,0,0,0,0,0,0,0,0,0,0,0,0,0,0,0,0,0,0,0,0,0,0,0,0,0,0,0,0,0,0,0,0,0,0,0,0,0,0,0,0,0,0,0,0,0,0,0,0,0,0,0,0,0,0,0,0,0,0,0,0,0,0,0,0,0,0,0,0,0,0,0,0,0,0,0,0,0,0,0,0,0,0,0,0,0,0,0,0,0,0,0,0,0,0,0,0,0,0,0,0,0,0,0,0,0,0,0,0,0,0,0,0,0,0,0,0,0,0,0,0,0,0,0,0,0,0,0,0,0,0,0,0,0,0,0,0,0,0,0,0,0,0,0,0,0,0,0,0,0,0,0,0,0,0,0,0,0,0,0,0,0,0,0,0,0,0,0,0,0,0,0,0,0,0,0,0,0,0,0,0,0,0,0,0,0,0,0,1,0,0,0,0,0,0,0,0,0,0,0,0,0,0,0,0,0,0,0,0,0,0,0,0,0,0,0,0,0,0,0,0,0,0,0,0,0,0,0,0,0,0,0,0,0,0,0,0,0,0,0,0,0,0,0,0,0,0,0,0,0,0,0,0,0,0,0,0,0,0,0,0,0,0,0,0,0,0,0,0,0,0,0,0,0,0,0,0,0,0,0,0,0,0,0,0,0,0,0,0,0,0,0,0,0,0,0,0,0,0,0,0,0,0,0,0,0,0,0,0,0,0,0,0,0,0,0,0,0,0,0,0,0,0,0,0,0,0,0,0,0,0,0,0,0,0,0,0,0,0,0,0,0,0,0,0,0,0,0,0,0,0,0,0,0,0,0,0,0,0,0,0,0,0,0,0,0,0,0,0,0,0,0,0,0,0,0,0,0,0,0,0,0,0,0,0,0,0,0,0,0,0,0,0,0,0,0,0,0,0,0,0,0,0,0,0,0,0,0,0,0,0,0,0,0,0,0,0,0,0,0,0,0,0,0,0,0,0,0,0,0,0,0,0,0,0,0,0,0,0,0,0,0,0,0,0,0,0,0,0,0,0,0,0,0,0,0,0,0,0,0,0,0,0,0,0,0,0,0,0,0,0,0,0,0,0,0,0,0,0,0,0,0,0,0,0,0,0,0,0,0,0,0,0,0,0,0,0,0,0,0,0,0,0,0,0,0,0,0,0,0,0,0,0,0,0,0,0,0,0,0,0,0,0,0,0,0,0,0,0,0,0,0,0,0,0,0,0,0,0,0,0,0,0,0,0,0,0,0,0,0,0,0,0,0,0,0,0,0,0,0,0,0,0,0,0,0,0,0,0,0,0,0,0,0,0,0,0,0,0,0,0,0,0,0,0,0,0,0,0,0,0,0,0,0,0,0,0,0,0,0,0,0,0,0,0,0,0,0,0,0,0,0,0,0,0,0,0,0,0,0,0,0,0,0,0,0,0,0,0,0,0,0,0,0,0,0,0,0,0,0,0,0,0,0,0,0,0,0,0,0,0,0,0,0,0,0,0,0,0,0,0,0,0,0,0,0,0,0,0,0,0,0,0,0,0,0,0,0,0,0,0,0,0,0,0,0,0,0,0,0,0,0,0,0,0,0,0,0,0,0,0,0,0,0,0,0,0,0,0,0,0,0,0,0,0,0,0,0,0,0,0,0,0,0,0,0,0,0,0,0,0,0,0,0,0,0,0,0,0,0,0,0,0,0,0,0,0,0,0,0,0,0,0,0,0,0,0,0,0,0,0,0,0,0,0,0,0,0,0,0,0,0,0,0,0,0,0,0,0,0,0,0,0,0,0,0,0,0,0,0,0,0,0,0,0,0,0,0,0,0,0,0,0,0,0,0,0,0,0,0,0,0,0,0,0,0,0,0,0,0,0,0,0,0,0,0,0,0,0,0,0,0,0,0,0,0,0,0,0,0,0,0,0,0,0,0,0,0,0,0,0,0,0,0,0,0,0,0,0,0,0,0,0,0,0,0,0,0,0,0,0,0,0,0,0,0,0,0,0,0,0,0,0,0,0,0,0,0,0,0,0,0,0,0,0,0,0,0,0,0,0,0,0,0,0,0,0,0,0,0,0,0,0,0,0,0,0,0,0,0,0,0,0,0,0,0,0,0,0,0,0,0,0,0,0,0,0,0,0,0,0,0,0,0,0,0,0,0,0,0,0,0,0,0,0,0,0,0,0,0,0,0,0,0,0,0,0,0,0,0,0,0,0,0,0,0,0,0,0,0,0,0,0,0,0,0,0,0,0,0,0,0,0,0,0,0,0,0,0,0,0,0,0,0,0,0,0,0,0,0,0,0,0,0,0,0,0,0,0,0,0,0,0,0,0,0,0,0,0,0,0,0,0,0,0,0,0,0,0,0,0,0,0,0,0,0,0,0,0,0,0,0,0,0,0,0,0,0,0,0,0,0,0,0,0,0,0,0,0,0,0,0,0,0,0,0,0,0,0,0,0,0,0,0,0,0,0,0,0,0,0,0,0,0,0,0,0,0,0,0,0,0,0,0,0,0,0,0,0,0,0,0,0,0,0,0,0,0,0,0,0,0,0,0,0,0,0,0,0,0,0,0,0,0,0,0,0,0,0,0,0,0,0,0,0,0,0,0,0,0,0,0,0,0,0,0,0,0,0,0,0,0,0,0,0,0,0,0,0,0,0,0,0,0,0,0,0,0,0,0,0,0,0,0,0,0,0,0,0,0,0,0,0,0,0,0,0,0,0,0,0,0,0,0,0,0,0,0,0,0,0,0,0,0,0,0,0,0,0,0,0,0,0,0,0,0,0,0,0,0,0,0,0,0,0,0,0,0,0,0,0,0,0,0,0,0,0,0,0,0,0,0,0,0,0,0,0,0,0,0,0,0,0,0,0,0,0,0,0,0,0,0,0,0,0,0,0,0,0,0,0,0,0,0,0,0,0,0,0,0,0,0,0,0,0,0,0,0,0,0,0,0,0,0,0,0,0,0,0,0,0,0,0,0,0,0,0,0,0,0,0,0,0,0,0,0,0,0,0,0,0,0,0,0,0,0,0,0,0,0,0,0,0,0,0,0,0,0,0,0,0,0,0,0,0,0,0,0,0,0,0,0,0,0,0,0,0,0,0,0,0,0,0,0,0,0,0,0,0,0,0,0,0,0,0,0,0,0,0,0,0,0,0,0,0,0,0,0,0,0,0,0,0,0,0,0,0,0,0,0,0,0,0,0,0,0,0,0,0,0,0,0,0,0,0,0,0,0,0,0,0,0,0,0,0,0,0,0,0,0,0,0,0,0,0,0,0,0,0,0,0,0,0,0,0,0,0,0,0,0,0,0,0,0,0,0,0,0,0,0,0,0,0,0,0,0,0,0,0,0,0,0,0,0,0,0,0,0,0,0,0,0,0,0,0,0,0,0,0,0,0,0,0,0,0,0,0,0,0,0,0,0,0,0,0,0,0,0,0,0,0,0,0,0,0,0,0,0,0,0,0,0,0,0,0,0,0,0,0,0,0,0,0,0,0,0,0,0,0,0,0,0,0,0,0,0,0,0,0,0,0,0,0,0,0,0,0,0,0,0,0,0,0,0,0,0,0,0,0,0,0,0,0,0,0,0,0,0,0,0,0,0,0,0,0,0,0,0,0,0,0,0,0,0,0,0,0,0,0,0,0,0,0,0,0,0,0,0,0,0,0,0,0,0,0,0,0,0,0,0,0,0,0,0,0,0,0,0,0,0,0,0,0,0,0,0,0,0,0,0,0,0,0,0,0,0,0,0,0,0,0,0,0,0,0,0,0,0,0,0,0,0,0,0,0,0,0,0,0,0,0,0,0,0,0,0,0,0,0,0,0,0,0,0,0,0,0,0,0,0,0,0,0,0,0,0,0,0,0,0,0,0,0,0,0,0,0,0,0,0,0,0,0,0,0,0,0,0,0,0,0,0,0,0,0,0,0,0,0,0,0,0,0,0,0,0,0,0,0,0,0,0,0,0,0,0,0,0,0,0,0,0,0,0,0,0,0,0,0,0,0,0,0,0,0,0,0,0,0,0,0,0,0,0,0,0,0,0,0,0,0,0,0,0,0,0,0,0,0,0,0,0,0,0,0,0,0,0,0,0,0,0,0,0,0,0,0,0,0,0,0,0,0,0,0,0,0,0,0,0,0,0,0,0,0,0,0,0,0,0,0,0,0,0,0,0,0,0,0,0,0,0,0,0,0,0,0,0,0,0,0,0,0,0,0,0,0,0,0,0,0,0,0,0,0,0,0,0,0,0,0,0,0,0,0,0,0,0,0,0,0,0,0,0,0,0,0,0,0,0,0,0,0,0,0,0,0,0,0,0,0,0,0,0,0,0,0,0,0,0,0,0,0,0,0,0,0,0,0,0,0,0,0,0,0,0,0,0,0,0,0,0,0,0,0,0,0,0,0,0,0,0,0,0,0,0,0,0,0,0,0,0,0,0,0,0,0,0,0,0,0,0,0,0,0,0,0,0,0,0,0,0,0,0,0,0,0,0,0,0,0,0,0,0,0,0,0,0,0,0,0,0,0,0,0,0,0,0,0,0,0,0,0,0,0,0,0,0,0,0,0,0,0,0,0,0,0,0,0,0,0,0,0,0,0,0,0,0,0,0,0,0,0,0,0,0,0,0,0,0,0,0,0,0,0,0,0,0,0,0,0,0,0,0,0,0,0,0,0,0,0,0,0,0,0,0,0,0,0,0,0,0,0,0,0,0,0,0,0,0,0,0,0,0,0,0,0,0,0,0,0,0,0,0,0,0,0,0,0,0,0,0,0,0,0,0,0,0,0,0,0,0,0,0,0,0,0,0,0,0,0,0,0,0,0,0,0,0,0,0,0,0,0,0,0,0,0,0,0,0,0,0,0,0,0,0,0,0,0,0,0,0,0,0,0,0,0,0,0,0,0,0,0,0,0,0,0,0,0,0,0,0,0,0,0,0,0,0,0,0,0,0,0,0,0,0,0,0,0,0,0,0,0,0,0,0,0,0,0,0,0,0,0,0,0,0,0,0,0,0,0,0,0,0,0,0,0,0,0,0,0,0,0,0,0,0,0,0,0,0,0,0,0,0,0,0,0,0,0,0,0,0,0,0,0,0,0,0,0,0,0,0,0,0,0,0,0,0,0,0,0,0,0,0,0,0,0,0,0,0,0,0,0,0,0,0,0,0,0,0,0,0,0,0,0,0,0,0,0,0,0,0,0,0,0,0,0,0,0,0,0,0,0,0,0,0,0,0,0,0,0,0,0,0,0,0,0,0,0,0,0,0,0,0,0,0,0,0,0,0,0,0,0,0,0,0,0,0,0,0,0,0,0,0,0,0,0,0,0,0,0,0,0,0,0,0,0,0,0,0,0,0,0,0,0,0,0,0,0,0,0,0,0,0,0,0,0,0,0,0,0,0,0,0,0,0,0,0,0,0,0,0,0,0,0,0,0,0,0,0,0,0,0,0,0,0,0,0,0,0,0,0,0,0,0,0,0,0,0,0,0,0,0,0,0,0,0,0,0,0,0,0,0,0,0,0,0,0,0,0,0,0,0,0,0,0,0,0,0,0,0,0,0,0,0,0,0,0,0,0,0,0,0,0,0,0,0,0,0,0,0,0,0,0,0,0,0,0,0,0,0,0,0,0,0,0,0,0,0,0,0,0,0,0,0,0,0,0,0,0,0,0,0,0,0,0,0,0,0,0,0,0,0,0,0,0,0,0,0,0,0,0,0,0,0,0,0,0,0,0,0,0,0,0,0,0,0,0,0,0,0,0,0,0,0,0,0,0,0,0,0,0,0,0,0,0,0,0,0,0,0,0,0,0,0,0,0,0,0,0,0,0,0,0,0,0,0,0,0,0,0,0,0,0,0,0,0,0,0,0,0,0,0,0,0,0,0,0,0,0,0,0,0,0,0,0,0,0,0,0,0,0,0,0,0,0,0,0,0,0,0,0,0,0,0,0,0,0,0,0,0,0,0,0,0,0,0,0,0,0,0,0,0,0,0,0,0,0,0,0,0,0,0,0,0,0,0,0,0,0,0,0,0,0,0,0,0,0,0,0,0,0,0,0,0,0,0,0,0,0,0,0,0,0,0,0,0,0,0,0,0,0,0,0,0,0,0,0,0,0,0,0,0,0,0,0,0,0,0,0,0,0,0,0,0,0,0,0,0,0,0,0,0,0,0,0,0,0,0,0,0,0,0,0,0,0,0,0,0,0,0,0,0,0,0,0,0,0,0,0,0,0,0,0,0,0,0,0,0,0,0,0,0,0,0,0,0,0,0,0,0,0,0,0,0,0,0,0,0,0,0,0,0,0,0,0,0,0,0,0,0,0,0,0,0,0,0,0,0,0,0,0,0,0,0,0,0,0,0,0,0,0,0,0,0,0,0,0,0,0,0,0,0,0,0,0,0,0,0,0,0,0,0,0,0,0,0,0,0,0,0,0,0,0,0,0,0,0,0,0,0,0,0,0,0,0,0,0,0,0,0,0,0,0,0,0,0,0,0,0,0,0,0,0,0,0,0,0,0,0,0,0,0,0,0,0,0,0,0,0,0,0,0,0,0,0,0,0,0,0,0,0,0,0,0,0,0,0,0,0,0,0,0,0,0,0,0,0,0,0,0,0,0,0,0,0,0,0,0,0,0,0,0,0,0,0,0,0,0,0,0,0,0,0,0,0,0,0,0,0,0,0,0,0,0,0,0,0,0,0,0,0,0,0,0,0,0,0,0,0,0,0,0,0,0,0,0,0,0,0,0,0,0,0,0,0,0,0,0,0,0,0,0,0,0,0,0,0,0,0,0,0,0,0,0,0,0,0,0,0,0,0,0,0,0,0,0,0,0,0,0,0,0,0,0,0,0,0,0,0,0,0,0,0,0,0,0,0,0,0,0,0,0,0,0,0,0,0,0,0.14417851,0.6310282,-0.6555601,0.36096284,-0.13712868,0.26689747,0.16619158,0.66532886,0.06909355,-0.5703313,0.5603877,-0.42983454,0.05016544,0.35113275,0.96640074,-0.07281495,0.12807393,-0.66999143,-0.27401757,-0.5269849,-0.22805679,-0.31286722,0.31270137,-0.05184763,0.03615237,0.009694853,0.85398245,0.49314582,0.23343341,0.4836295,0.07008701,0.23991707,-0.1866973,-0.16248815,-0.16379534,-0.053468544,-0.15872344,0.33173406,0.3114465,-0.56672347,-0.30559927,0.4418517,0.10815237,-0.1025143,-0.36290646,0.23698898,0.07191707,-0.28787377,0.1291197,-0.17838357,-0.43067116,-0.45806986,-0.13440973,0.513172,0.6238125,0.4137733,-0.21817443,-0.43438357,0.15672754,-0.017860703,-0.014409722,0.14093669,0.48425695,-0.09927247,-0.019063316,-0.03694567,-0.4343313,-0.28389993,-0.046357434,0.4312896,0.2124138,-0.28661886,-0.18225285,0.1370674,0.30647916,-0.14852737,0.17518505,-0.46005678,-0.41336396,0.055289622,-0.45101103,-0.21608293,0.00974714,-0.32552084,0.13968179,0.29868832,0.38569486,-0.28928554,-0.079037175,0.07965564,0.37523735,-0.46423978,-0.55642277,0.021720996,-0.029886845,-0.18575613,-0.24813521,-0.34235743,-0.28452736,-0.2431156,-0.026017565,-0.31422672,0.11960335,-0.038043708,0.0035249183,-0.040501226,-0.20369077,0.1922308,0.32687134,-0.18010907,0.2839955,-0.1749326,-0.08008292,-0.15987377,0.16498896,0.052413806,-0.020527368,0.056805965,-0.041128676,0.019681782,0.08718505,0.42637458,-0.051899917,0.24964257,-0.06638358,0.50109357,0.034688316,0.3665576,0.119185045,0.11610008,-0.13880187,-0.011063317,0.41612622,-0.017546978,0.14579943,-0.07417443,-0.36337703,-0.028997958,0.1387406,-0.22220057,-0.46429208,0.13152492,-0.27835745,0.12802166,-0.07401756,0.15259682,-0.17074959,-0.2789326,0.1256687,0.25440073,-0.26356006,-0.008082924,-0.5012594,0.2347406,0.0027406046,0.32352492,-0.43584764,0.2733811,0.17994322,-0.14277573,-0.003952206,0.12441381,0.010583742,-0.112867236,0.09894975,0.2570674,-0.21148162,-0.30288032,-0.1239522,0.048805963,0.06161642,0.23719811,-0.121546976,-0.33315483,-0.24656658,0.31390402,0.17021772,-0.29655352,0.13173407,0.2570151,0.068518385,0.13722427,-0.040082924,0.00891054,0.030139297,0.11228309,-0.026174428,-0.12301103,-0.254096,-0.09498489,0.122374594,0.031289626,-0.414096,0.18689747,0.12373407,0.019838644,-0.037677698,0.1867406,-0.2869326,-0.1896777,0.06161642,0.20535499,-0.12243587,0.15165564,-0.12797835,0.0726491,-0.27093259,-0.26183456,0.05257067,-0.33979535,-0.16154698,0.11960335,-0.16353391,-0.055194035,-0.08970384,-0.25184762,-0.004684232,-0.1656777,-0.22722018,-0.2957169,0.13779943,0.15359028,0.18266217,0.02705433,0.12294976,-0.02507639,-0.09895874,-0.06633129,0.22260989,0.30538112,-0.3547496,-0.17127247,-0.027167892,0.20227002,0.06140727,-0.052161355,-0.09043586,-0.24546854,-0.40133783,-0.03156005,0.13973407,-0.021468546,-0.47485417,-0.024710376,-0.103821486,-0.13765155,-0.21508946,-0.042854168,-0.13467117,0.1164661,0.024492238,0.11610008,0.20253146,-0.021259395,-0.17399143,0.17225695,-0.06821364,-0.16369076,0.28765565,0.13617851,0.09701511,0.3475249,-0.028213644,-0.022723448,0.13298897,-0.2527365,-0.075533904,-0.01294567,0.12153799,0.16169485,0.06287132,-0.11657966,-0.06769077,0.15824388,0.54579943,0.14025694,0.28132883,0.12760335,-0.14120711,0.1471589,0.26668832,-0.07731168,0.012256945,0.25994322,-0.32463196,0.021773284,0.15960334,-0.1745143,-0.034958743,0.2789759,0.04828309,-0.070357434,0.0139301475,0.019002043,-0.03150776,0.17994322,0.13549878,-0.29963848,-0.2923705,0.099838644,0.1934857,-0.028318219,-0.068109065,-0.18413521,-0.10570384,0.13293669,0.16457067,0.06428309,0.30742034,0.36498898,-0.1825143,0.05131577,-0.4086581,0.038453024,-0.019690769,-0.29038358,-0.17106332,0.23793015,0.073015116,0.1792112,-0.26905024,-0.057024103,0.19510661,0.23233537,-0.27108946,0.07270139,-0.14622672,0.071446486,-0.18272345,0.087551065,0.12132884,-0.008553513,0.016335376,-0.50387377,-0.34826595,0.13570793,0.037511848,0.21230923,0.20127656,-0.25043586,-0.38528553,0.1029759,-0.017390115,0.06783865,-0.2208411,-0.044841096,0.054243874,-0.433913,-0.28708947,0.044047795,0.09257067,-0.07114175,0.022923611,0.010949755,0.19667524,-0.027533906,-0.095141746,-0.09456658,-0.0068803104,0.019734068,-0.21503717,-0.18821365,0.11766871,-0.052056782,-0.044997957,0.054139297,-0.2641352,0.03620466,0.1842831,0.2036295,-0.034854166,0.07463603,0.13607393,0.38266218,0.35379943,-0.009494689,0.06318505,-0.034435865,0.21021773,-0.15145548,0.37696284,0.2036295,0.0848844,-0.11359926,-0.18444894,0.02574714,0.11902819,-0.36285415,0.05079289,0.1404138,0.2461393,0.059211195,0.1025576,0.11908048,0.046819035,0.01947263,-0.015612337,0.06700204,-0.18711561,-0.03156005,0.1286491,0.09126348,0.018008579,-0.15710253,-0.20301104,-0.15830515,0.037825573,0.17549877,0.041224264,0.40812624,-0.04348162,-0.11914175,0.05037459,-0.006305147,-0.17833129,-0.008658088,0.095028184,-0.25305024,0.007707925,0.09131577,0.09058374,-0.10748162,0.16802165,0.10825694,-0.1441875,0.080805965,-0.12327246,-0.13038358,0.08514583,0.00049223856,0.028936682,-0.18319404,-0.08541626,0.117511846,0.12964256,-0.09169077,0.112387665,-0.0029587417,0.002688317,-0.03830515,0.38517198,0.12321119,0.06250531,-0.017285539,0.39902818,-0.028579656,0.2793419,-0.09153391,0.24247916,0.042322304,0.065381125,-0.04170384,0.118819036,0.0035772058,0.22067524,-0.014252859,0.26370794,0.100466095,0.020884395,-0.07150776,0.25142035,-0.09587377,0.029511847,0.038662173,0.091106616,-0.03459273,-0.11474959,-0.047507763,-0.052684233,0.07191707,0.15620466,0.16080597,-0.15208292,-0.26575613,0.22658375,0.16007394,-0.10047508,-0.15537705,-0.068056785,-0.12813522,-0.3206058,0.093354985,0.098217726,0.08974714,-0.06476267,0.08666217,-0.42638358,-0.08928554,-0.14805678,-0.031141749,0.23463602,-0.11846201,0.14543341,-0.005207108,0.008858251,0.12127655,-0.089024104,0.115890935,-0.14810906,0.049485702,-0.15354697,0.24734192,0.06966871,-0.070984885,-0.061991423,0.06872753,0.08572099,-0.06559926,-0.047560047,0.0015379902,-0.26178226,0.089224264,-0.19271037,-0.3095731,0.05779943,0.08619159,0.09973407,-0.2734947,0.18742034,0.04760335,-0.053886846,-0.20839664,0.19029616,-0.053102534,0.032073937,0.17591707,0.046714462,-0.058226716,0.028413808,0.3951066,-0.023664623,-0.0010763889,0.13027002,-0.32044894,-0.049337827,-0.010017565,0.002949755,-0.08055352,-0.14946854,-0.072553515,-0.15574306,-0.10779534,0.17298897,0.060256943,-0.120971814,-0.018592728,-0.006984886,0.06030923,0.061982434,-0.10183456,0.2654334,-0.035377044,-0.06282802,0.041590277,-0.10392606,-0.21372998,0.17147262,0.09006087,0.16911969,-0.06899796,0.025171977,-0.03825286,0.2832112,-0.036004495,-0.05122018,-0.11156005,0.032805964,-0.21995221,0.06836152,0.1324138,0.025276553,0.17345956,0.21879289,-0.19265808,0.010060866,0.12650532,0.13795629,0.12200858,0.0001262255,0.21785171,0.09921119,-0.003952206,0.31374714,0.15928963,0.09523734,-0.06706332,-0.21765155,0.24979943,0.0077602123,0.0233942,-0.03563848,0.06961642,-0.052370507,0.09989093,-0.033128675,0.075629495,-0.05723325,-0.0646058,0.18522426,0.31003472,-0.27129862,0.011734068,0.19824387,0.12776022,-0.11919404,0.0033680554,0.02360335,0.17910662,-0.0072463234,-0.30152082,-0.098383576,0.26114583,-0.24374306,0.24817851,0.23594321,-0.08050123,-0.09184763,0.04389093,0.060675245,0.02511969,-0.07830515,0.193904,0.25654453,-0.08541626,0.0684661,0.2789236,0.058165442,-0.1736777,0.16713277,0.10810008,-0.10078881,-0.05169077,-0.010435866,0.24979943,-0.022357434,0.035577204,-0.0038999184,0.17210008,0.20838766,0.0022177286,-0.055194035,0.049224265,0.23411316,0.0047798203,0.13983865,0.16436152,0.114688314,-0.12912868,-0.04342933,-0.10648815,0.10830923,0.2002308,0.08843995,-0.008971814,0.1029759,0.06621773,-0.042435866,0.085302696,-0.023455475,-0.10366462,-0.16421364,-0.13268423,0.11667524,0.03876675,-0.06115482,-0.31244895,0.20127656,-0.27187377,0.02140727,-0.013416259,0.06815237,-0.083899915,0.07521119,-0.22795221,-0.06716789,-0.27276266,0.049851716,0.07928962,0.091420345,0.14449224,-0.18993914,0.14198244,-0.07276266,0.009956291,-0.20191298,0.13502818,0.013616421,-0.13922018,-0.1268803,-0.0869326,-0.35642278,0.084309235,-0.039612338,-0.11349469,-0.06444894,-0.12745547,0.2162308,0.06977329,0.1795772,0.007185049,0.24457067,0.23740727,0.035577204,0.27542034,0.014609885,-0.16118096,-0.10408293,0.008962827,-0.22319403,-0.12295874,-0.26361233,0.29027003,-0.3209195,0.020466095,-0.06978227,-0.15354697,-0.06329861,0.17701511,0.10867524,-0.026906455,0.27594322,0.0045183823,-0.18026593,0.15228309,-0.08630515,-0.15783456,-0.42131168,-0.044475082,-0.009076389,0.11489747,0.08666217,-0.029207109,0.3232112,0.26402166,0.16002165,0.09779943,-0.018592728,-0.2132594,0.040283088,0.4225576,0.24091054,-0.015612337,-0.09890646,-0.052370507,-0.029468546,0.10898897,-0.061259396,-0.4127365,-0.041965276,0.35285825,0.104335375,0.16200858,0.2002831,0.27636153,0.12917198,0.31484517,-0.021729983,0.18538113,-0.12803064,-0.20593913,0.0074987747,-0.04039665,0.26987785,0.48927656,0.048805963,0.08483211,-0.1976777,-0.3071156,-0.14701103,0.069145836,0.017642565,-0.16280188,-0.096501224,0.11578636,-0.071298614,-0.23694567,-0.09336397,0.117511846,-0.20682803,0.390453,-0.1433509,-0.4666973,-0.009337827,0.13978636,-0.011899918,-0.031716913,-0.07694567,0.14245303,-0.15903717,0.15217851,0.13419159,-0.036004495,-0.071246326,0.0229759,0.06993014,-0.050279003,0.22517198,0.07965564,-0.119350895,0.04525041,0.25691053,0.22778636,0.0072896243,-0.16065809,0.18694976,-0.055821486,0.0010151144,0.038557597,-0.07992606,0.041171975,-0.022723448,0.2629236,0.24509354,-0.18350776,0.015707925,-0.009756127,-0.14314175,0.0633942,-0.2321875,0.054243874,0.10825694,0.07479289,-0.10972998,-0.05556005,0.30715892,-0.009756127,0.030400734,0.15040073,-0.027690768,-0.107063316,-0.1669326,-0.015507761,0.13089746,0.5585053,0.042897467,-0.12965155,0.03573407,0.18914583,-0.2443705,0.21847917,-0.07412214,0.35798243,0.12681903,0.2647014,0.17790401,0.10935498,-0.07203063,0.0032111928,0.2810674,0.28655759,-0.023560049,0.058531456,0.0057209968,0.16932884,-0.19490646,0.24033538,0.12540728,-0.12076266,0.14904127,-0.036004495,-0.27542934,0.0010151144,-0.093886845,0.083995506,-0.22350776,0.03824387,0.21487132,0.048492238,0.12582557,-0.26946855,-0.19312868,0.26768178,-0.01838358,0.03359028,0.08927655,-0.1753509,-0.09315482,0.027158905,0.21126348,-0.18952084,-0.040919527,-0.0032724673,-0.22308946,0.1905576,-0.103246324,-0.17200449,-0.07234436,-0.17587377,0.043838643,0.058688316,0.16681904,-0.07396528,0.0806491,-0.15234436,0.078243874,-0.02701103,-0.11244894,-0.0107495915,-0.060213644,-0.29848814,0.0570674,0.16749877,0.16331577,0.024073938,0.0983223,-0.044370506,0.038400736,0.19698897,0.20660989,-0.008448938,0.05466217,0.0928844,-0.06763848,-0.12473652,0.10391708,0.10945956,0.34830922,-0.38936397,-0.07088031,-0.15966463,-0.089024104,-0.13346854,0.038400736,-0.07365155,-0.018488154,-0.005311683,0.10454453,-0.07783456,-0.04708946,0.08551185,-0.015507761,-0.16421364,0.042322304,-0.15129861,0.18747263,0.2683615,-0.0075077615,0.26977327,-0.1749326,0.06496283,0.124936685,-0.09833129,0.20148571,-0.09916789,0.07233538,0.23317198,0.15573406,-0.25006986,0.15144649,0.12702818,0.14867525,-0.3226973,-0.08829208,0.087289624,-0.04923325,0.2120478,-0.0566058,-0.011743056,-0.13895874,-0.03129861,-0.1155339,0.21142034,0.11761642,0.0057732845,-0.08850122,-0.10486724,-0.033651553,0.1396295,0.22098897,0.25351185,-0.026069853,0.33257067,-0.19192606,0.32420465,-0.047194038,0.09027001,-0.04384763,0.14579943,-0.16112867,-0.41519403,0.18313277,0.018740604,-0.053782273,0.18501511,0.05016544,0.17931576,0.25884518,0.24336806,0.022034721,0.020936683,-0.14010906,0.035211194,-0.0966058,-0.120971814,-0.02481495,-0.052631944,-0.10392606,-0.11501103,-0.19908947,0.09262296,-0.030514298,-0.27621365,-0.10763848,0.13419159,0.021825572,0.13717198,-0.06465809,0.032544527,0.04828309,-0.10962541,0.063080475,0.14867525,-0.24165155,-0.0486058,-0.21425286,0.15118505,-0.0040044934,0.1749759,0.089851715,-0.013991422,0.09654453,0.026217729,0.069721,-0.12212214,-0.866279,-0.6694685,0.23819159,-0.013102532,0.41000858,-0.6967627,1.1482569,0.11808701,-0.32206985,0.44629616,0.15207393,-0.36452737,-0.46324632,0.649904,0.027995506,0.597721,0.12776022,1.1514465,-0.6132071,0.01732884,0.19500205,-0.9779653,0.49947262,-0.633913,0.477721,0.508989,0.5556295,0.2906883,0.51536804,0.6726491,-0.12797835,-0.34847507,0.37842688,0.21445303,-0.6848411,1.1073681,-0.8806058,-0.79757315,-0.28175613,0.30030924,0.8569105,0.9715772,-0.3648411,-0.76426595,-0.08891953,0.25508046,-0.39490646,-0.6584359,-0.17090645,0.7624792,0.12504126,-0.78178227,-0.13822672,-0.060213644,-1.2319261,-0.30439666,-0.061311685,-0.044893384,-1.192449,-0.50026596,0.29968178,0.3481001,0.122060865,-0.10664502,0.825904,0.15102819,1.1633158,0.10600858,0.52080595,-0.4620437,0.15620466,-0.67746854,0.29100204,-0.3433509,0.19416544,0.9796818,0.30527654,0.55280596,-0.40834436,0.3783223,-0.11820057,-0.120292075,0.94742036,-0.48677573,-0.42026594,-1.0239784,-0.377913,-0.05169077,-1.2626711,-0.24620058,0.8902177,0.07249224,0.1509759,0.28169486,-0.060109068,0.0313942,0.31458375,0.19965564,-0.21216136,1.0819563,-0.10596528,-0.7000045,-0.4894424,-0.35354698,-0.46716788,-1.0549326,-0.3463313,-0.330279,0.83604777,0.062766746,-0.3093117,-0.5572594,-0.27532476,-0.01963848,0.08389093,-0.89205676,-0.046828024,-0.28672343,-0.24400449,0.7681785,0.39191708,-0.69268423,-0.71736395,-0.42450124,0.19568178,-0.21979535,-0.03589992,0.42072752,
0,0,0,0,0,0,0,0,0,0,0,0,0,0,0,0,0,0,0,0,0,0,0,0,0,0,0,0,0,0,0,1,0,0,0,0,0,0,0,0,1,0,0,0,0,0,0,1,0,0,0,0,0,0,0,0,0,0,0,0,0,0,0,0,0,0,0,0,0,0,0,0,0,0,0,0,0,0,0,0,0,0,0,0,0,0,0,0,0,0,0,0,0,0,0,0,0,0,0,0,0,0,0,0,0,0,0,0,0,0,0,0,0,0,0,0,0,0,0,0,0,0,0,0,0,0,0,0,0,0,0,0,0,0,0,0,0,0,0,0,0,0,0,0,0,0,0,0,0,0,0,0,0,0,0,0,0,0,0,0,0,0,0,0,0,0,0,0,0,0,0,0,0,0,0,0,0,0,0,0,0,0,0,0,0,0,0,0,0,0,0,0,0,0,0,0,0,0,0,0,0,0,0,0,0,0,0,0,0,0,0,0,0,0,0,0,0,0,0,0,0,0,0,0,0,0,0,0,0,0,0,0,0,0,0,0,0,0,0,0,0,0,0,0,0,0,0,0,0,0,0,0,0,0,0,0,0,0,0,0,0,0,0,0,0,0,0,0,0,0,0,0,0,0,0,0,0,0,0,0,0,0,0,0,0,0,0,0,0,0,0,0,0,0,0,0,0,0,0,0,0,0,0,0,0,0,0,0,0,0,0,0,0,0,0,0,0,0,0,0,0,0,0,0,0,0,0,0,0,0,0,0,0,0,0,0,0,0,0,0,0,0,0,0,0,0,0,0,0,0,0,0,0,0,0,0,0,0,0,0,0,0,0,0,0,0,0,0,0,0,0,0,0,0,0,0,0,0,0,0,0,0,0,0,0,0,0,0,0,0,0,0,0,0,0,0,0,0,0,0,0,0,0,0,0,0,0,0,0,0,0,0,0,0,0,0,0,0,0,0,0,0,0,0,0,0,0,0,0,0,0,0,0,0,0,0,0,0,0,0,0,0,0,0,0,0,0,0,0,0,0,0,0,0,0,0,0,0,0,0,0,0,0,0,0,0,0,0,0,0,0,0,0,0,0,0,0,0,0,0,0,0,0,0,0,0,0,0,0,0,0,0,0,0,0,0,0,0,0,0,0,0,0,0,0,0,0,0,0,0,0,0,0,0,0,0,0,0,0,0,0,0,0,0,0,0,0,0,0,0,0,0,0,0,0,0,0,0,0,0,0,0,0,0,0,0,0,0,0,0,0,0,0,0,0,0,0,0,0,0,0,0,0,0,0,0,0,0,0,0,0,0,0,0,0,0,0,0,0,0,0,0,0,0,0,0,0,0,0,0,0,0,0,0,0,0,0,0,0,0,0,0,0,0,0,0,0,0,0,0,0,0,0,0,0,0,0,0,0,0,0,0,0,0,0,0,0,0,0,0,0,0,0,0,0,0,0,0,0,0,0,0,0,0,0,0,0,0,0,0,0,0,0,0,0,0,0,0,0,0,0,0,0,0,0,0,0,0,0,0,0,0,0,0,0,0,0,0,0,0,0,0,0,0,0,0,0,0,0,0,0,0,0,0,0,0,0,0,0,0,0,0,0,0,0,0,0,0,0,0,0,0,0,0,0,0,0,0,0,0,0,0,0,0,0,0,0,0,0,0,0,0,0,0,0,0,0,0,0,0,0,0,0,0,0,0,0,0,0,0,0,0,0,0,0,0,0,0,0,0,0,0,0,0,0,0,0,0,0,0,0,0,0,0,0,0,0,0,0,0,0,0,0,0,0,0,0,0,0,0,0,0,0,0,0,0,0,0,0,0,0,0,0,0,0,0,0,0,0,0,0,0,0,0,0,0,0,0,0,0,0,0,0,0,0,0,0,0,0,0,0,0,0,0,0,0,0,0,0,0,0,0,0,0,0,0,0,0,0,0,0,0,0,0,0,0,0,0,0,0,0,0,0,0,0,0,0,0,0,0,0,0,0,0,0,0,0,0,0,0,0,0,0,0,0,0,0,0,0,0,0,0,0,0,0,0,0,0,0,0,0,0,0,0,0,0,0,0,0,0,0,0,0,0,0,0,0,0,0,0,0,0,0,0,0,0,0,0,0,0,0,0,0,0,0,0,0,0,0,0,0,0,0,0,0,0,0,0,0,0,0,0,0,0,0,0,0,0,0,0,0,0,0,0,0,0,0,0,0,0,0,0,0,0,0,0,0,0,0,0,0,0,0,0,0,0,0,0,0,0,0,0,0,0,0,0,0,0,0,0,0,0,0,0,0,0,0,0,0,0,0,0,0,0,0,0,0,0,0,0,0,0,0,0,0,0,0,0,0,0,0,0,0,0,0,0,0,0,0,0,0,0,0,0,0,0,0,0,0,0,0,0,0,0,0,0,0,0,0,0,0,0,0,0,0,0,0,0,0,0,0,0,0,0,0,0,0,0,0,0,0,0,0,0,0,0,0,0,0,0,0,0,0,0,0,0,0,0,0,0,0,0,0,0,0,0,0,0,0,0,0,0,0,0,0,0,0,0,0,0,0,0,0,0,0,0,0,0,0,0,0,0,0,0,0,0,0,0,0,0,0,0,0,0,0,0,0,0,0,0,0,0,0,0,0,0,0,0,0,0,0,0,0,0,0,0,0,0,0,0,0,0,0,0,0,0,0,0,0,0,0,0,0,0,0,0,0,0,0,0,0,0,0,0,0,0,0,0,0,0,0,0,0,0,0,0,0,0,0,0,0,0,0,0,0,0,0,0,0,0,0,0,0,0,0,0,0,0,0,0,0,0,0,0,0,0,0,0,0,0,0,0,0,0,0,0,0,0,0,0,0,0,0,0,0,0,0,0,0,0,0,0,0,0,0,0,0,0,0,0,0,0,0,0,0,0,0,0,0,0,0,0,0,0,0,0,0,0,0,0,0,0,0,0,0,0,0,0,0,0,0,0,0,0,0,0,0,0,0,0,0,0,0,0,0,0,0,0,0,0,0,0,0,0,0,0,0,0,0,0,0,0,0,0,0,0,0,0,0,0,0,0,0,0,0,0,0,0,0,0,0,0,0,0,0,0,0,0,0,0,0,0,0,0,0,0,0,0,0,0,0,0,0,0,0,0,0,0,0,0,0,0,0,0,0,0,0,0,0,0,0,0,0,0,0,0,0,0,0,0,0,0,0,0,0,0,0,0,0,0,0,0,0,0,0,0,0,0,0,0,0,0,0,0,0,0,0,0,0,0,0,0,0,0,0,0,0,0,0,0,0,0,0,0,0,0,0,0,0,0,0,0,0,0,0,0,0,0,0,0,0,0,0,0,0,0,0,0,0,0,0,0,0,0,0,0,0,0,0,0,0,0,0,0,0,0,0,0,0,0,0,0,0,0,0,0,0,0,0,0,0,0,0,0,0,0,0,0,0,0,0,0,0,0,0,0,0,0,0,0,0,0,0,0,0,0,0,0,0,0,0,0,0,0,0,0,0,0,0,0,0,0,0,0,0,0,0,0,0,0,0,0,0,0,0,0,0,0,0,0,0,0,0,0,0,0,0,0,0,0,0,0,0,0,0,0,0,0,0,0,0,0,0,0,0,0,0,0,0,0,0,0,0,0,0,0,0,0,0,0,0,0,0,0,0,0,0,0,0,0,0,0,0,0,0,0,0,0,0,0,0,0,0,0,0,0,0,0,0,0,0,0,0,0,0,0,0,0,0,0,0,0,0,0,0,0,0,0,0,0,0,0,0,0,0,0,0,0,0,0,0,0,0,0,0,0,0,0,0,0,0,0,0,0,0,0,0,0,0,0,0,0,0,0,0,0,0,0,0,0,0,0,0,0,0,0,0,0,0,0,0,0,0,0,0,0,0,0,0,0,0,0,0,0,0,0,0,0,0,0,0,0,0,0,0,0,0,0,0,0,0,0,0,0,0,0,0,0,0,0,0,0,0,0,0,0,0,0,0,0,0,0,0,0,0,0,0,0,0,0,0,0,0,0,0,0,0,0,0,0,0,0,0,0,0,0,0,0,0,0,0,0,0,0,0,0,0,0,0,0,0,0,0,0,0,0,0,0,0,0,0,0,0,0,0,0,0,0,0,0,0,0,0,0,0,0,0,0,0,0,0,0,0,0,0,0,0,0,0,0,0,0,0,0,0,0,0,0,0,0,0,0,0,0,0,0,0,0,0,0,0,0,0,0,0,0,0,0,0,0,0,0,0,0,0,0,0,0,0,0,0,0,0,0,0,0,0,0,0,0,0,0,0,0,0,0,0,0,0,0,0,0,0,0,0,0,0,0,0,0,0,0,0,0,0,0,0,0,0,0,0,0,0,0,0,0,0,0,0,0,0,0,0,0,0,0,0,0,0,0,0,0,0,0,0,0,0,0,0,0,0,0,0,0,0,0,0,0,0,0,0,0,0,0,0,0,0,0,0,0,0,0,0,0,0,0,0,0,0,0,0,0,0,0,0,0,0,0,0,0,0,0,0,0,0,0,0,0,0,0,0,0,0,0,0,0,0,0,0,0,0,0,0,0,0,0,0,0,0,0,0,0,0,0,0,0,0,0,0,0,0,0,0,0,0,0,0,0,0,0,0,0,0,0,0,0,0,0,0,0,0,0,0,0,0,0,0,0,0,0,0,0,0,0,0,0,0,0,0,0,0,0,0,0,0,0,0,0,0,0,0,0,0,0,0,0,0,0,0,0,0,0,0,0,0,0,0,0,0,0,0,0,0,0,0,0,0,0,0,0,0,0,0,0,0,0,0,0,0,0,0,0,0,0,0,0,0,0,0,0,0,0,0,0,0,0,0,0,0,0,0,0,0,0,0,0,0,0,0,0,0,0,0,0,0,0,0,0,0,0,0,0,0,0,0,0,0,0,0,0,0,0,0,0,0,0,0,0,0,0,0,0,0,0,0,0,0,0,0,0,0,0,0,0,0,0,0,0,0,0,0,0,0,0,0,0,0,0,0,0,0,0,0,0,0,0,0,0,0,0,0,0,0,0,0,0,0,0,0,0,0,0,0,0,0,0,0,0,0,0,0,0,0,0,0,0,0,0,0,0,0,0,0,0,0,0,0,0,0,0,0,0,0,0,0,0,0,0,0,0,0,0,0,0,0,0,0,0,0,0,0,0,0,0,0,0,0,0,0,0,0,0,0,0,0,0,0,0,0,0,0,0,0,0,0,0,0,0,0,0,0,0,0,0,0,0,0,0,0,0,0,0,0,0,0,0,0,0,0,0,0,0,0,0,0,0,0,0,0,0,0,0,0,0,0,0,0,0,0,0,0,0,0,0,0,0,0,0,0,0,0,0,0,0,0,0,0,0,0,0,0,0,0,0,0,0,0,0,0,0,0,0,0,0,0,0,0,0,0,0,0,0,0,0,0,0,0,0,0,0,0,0,0,0,0,0,0,0,0,0,0,0,0,0,0,0,0,0,0,0,0,0,0,0,0,0,0,0,0,0,0,0,0,0,0,0,0,0,0,0,0,0,0,0,0,0,0,0,0,0,0,0,0,0,0,0,0,0,0,0,0,0,0,0,0,0,0,0,0,0,0,0,0,0,0,0,0,0,0,0,0,0,0,0,0,0,0,0,0,0,0,0,0,0,0,0,0,0,0,0,0,0,0,0,0,0,0,0,0,0,0,0,0,0,0,0,0,0,0,0,0,0,0,0,0,0,0,0,0,0,0,0,0,0,0,0,0,0,0,0,0,0,0,0,0,0,0,0,0,0,0,0,0,0,0,0,0,0,0,0,0,0,0,0,0,0,0,0,0,0,0,0,0,0,0,0,0,0,0,0,0,0,0,0,0,0,0,0,0,0,0,0,0,0,0,0,0,0,0,0,0,0,0,0,0,0,0,0,0,0,0,0,0,0,0,0,0,0,0,0,0,0,0,0,0,0,0,0,0,0,0,0,0,0,0,0,0,0,0,0,0,0,0,0,0,0,0,0,0,0,0,0,0,0,0,0,0,0,0,0,0,0,0,0,0,0,0,0,0,0,0,0,0,0,0,0,0,0,0,0,0,0,0,0,0,0,0,0,0,0,0,0,0,0,0,0,0,0,0,0,0,0,0,0,0,0,0,0,0,0,0,0,0,0,0,0,0,0,0,0,0,0,0,0,0,0,0,0,0,0,0,0,0,0,0,0,0,0,0,0,0,0,0,0,0,0,0,0,0,0,0,0,0,0,0,0,0,0,0,0,0,0,0,0,0,0,0,0,0,0,0,0,0,0,0,0,0,0,0,0,0,0,0,0,0,0,0,0,0,0,0,0,0,0,0,0,0,0,0,0,0,0,0,0,0,0,0,0,0,0,0,0,0,0,0,0,0,0,0,0,0,0,0,0,0,0,0,0,0,0,0,0,0,0,0,0,0,0,0,0,0,0,0,0,0,0,0,0,0,0,0,0,0,0,0,0,0,0,0,0,0,0,0,0,0,0,0,0,0,0,0,0,0,0,0,0,0,0,0,0,0,0,0,0,0,0,0,0,0,0,0,0,0,0,0,0,0,0,0,0,0,0,0,0,0,0,0,0,0,0,0,0,0,0,0,0,0,0,0,0,0,0,0,0,0,0,0,0,0,0,0,0,0,0,0,0,0,0,0,0,0,0,0,0,0,0,0,0,0,0,0,0,0,0,0,0,0,0,0,0,0,0,0,0,0,0,0,0,0,0,0,0,0,0,0,0,0,0,0,0,0,0,0,0,0,0,0,0,0,0,0,0,0,0,0,0,0,0,0,0,0,0,0,0,0,0,0,0,0,0,0,0,0,0,0,0,0,0,0,0,0,0,0,0,0,0,0,0,0,0,0,0,0,0,0,0,0,0,0,0,0,0,0,0,0,0,0,0,0,0,0,0,0,0,0,0,0,0,0,0,0,0,0,0,0,0,0,0,0,0,0,0,0,0,0,0,0,0,0,0,0,0,0,0,0,0,0,0,0,0,0,0,0,0,0,0,0,0,0,0,0,0,0,0,0,0,0,0,0,0,0,0,0,0,0,0,0,0,0,0,0,0,0,0,0,0,0,0,0,0,0,0,0,0,0,0,0,0,0,0,0,0,0,0,0,0,0,0,0,0,0,0,0,0,0,0,0,0,0,0,0,0,0,0,0,0,0,0,0,0,0,0,0,0,0,0,0,0,0,0,0,0,0,0,0,0,0,0,0,0,0,0,0,0,0,0,0,0,0,0,0,0,0,0,0,0,0,0,0,0,0,0,0,0,0,0,0,0,0,0,0,0,0,0,0,0,0,0,0,0,0,0,0,0,0,0,0,0,0,0,0,0,0,0,0,0,0,0,0,0,0,0,0,0,0,0,0,0,0,0,0,0,0,0,0,0,0,0,0,0,0,0,0,0,0,0,0,0,0,0,0,0,0,0,0,0,0,0,0,0,0,0,0,0,0,0,0,0,0,0,0,0,0,0,0,0,0,0,0,0,0,0,0,0,0,0,0,0,0,0,0,0,0,0,0,0,0,0,0,0,0,0,0,0,0,0,0,0,0,0,0,0,0,0,0,0,0,0,0,0,0,0,0,0,0,0,0,0,0,0,0,0,0,0,0,0,0,0,0,0,0,0,0,0,0,0,0,0,0,0,0,0,0,0,0,0,0,0,0,0,0,0,0,0,0,0,0,0,0,0,0,0,0,0,0,0,0,0,0,0,0,0,0,0,0,0,0,0,0,0,0,0,0,0,0,0,0,0,0,0,0,0,0,0,0,0,0,0,0,0,0,0,0,0,0,0,0,0,0,0,0,0,0,0,0,0,0,0,0,0,0,0,0,0,0,0,0,0,0,0,0,0,0,0,0,0,0,0,0,0,0,0,0,0,0,0,0,0,0,0,0,0,0,0,0,0,0,0,0,0,0,0,0,0,0,0,0,0,0,0,0,0,0,0,0,0,0,0,0,0,0,0,0,0,0,0,0,0,0,0,0,0,0,0,0,0,0,0,0,0,0,0,0,0,0,0,0,0,0,0,0,0,0,0,0,0,0,0,0,0,0,0,0,0,0,0,0,0,0,0,0,0,0,0,0,0,0,0,0,0,0,0,0,0,0,0,0,0,0,0,0,0,0,0,0,0,0,0,0,0,0,0,0,0,0,0,0,0,0,0,0,0,0,0,0,0,0,0,0,0,0,0,0,0,0,0,0,0,0,0,0,0,0,0,0,0,0,0,0,0,0,0,0,0,0,0,0,0,0,0,0,0,0,0,0,0,0,0,0,0,0,0,0,0,0,0,0,0,0,0,0,0,0,0,0,0,0,0,0,0,0,0,0,0,0,0,0,0,0,0,0,0,0,0,0,0,0,0,0,0,0,0,0,0,0,0,0,0,0,0,0,0,0,0,0,0,0,0,0,0,0,0,0,0,0,0,0,0,0,0,0,0,0,0,0,0,0,0,0,0,0,0,0,0,0,0,0,0,0,0,0,0,0,0,0,0,0,0,0,0,0,0,0,0,0,0,0,0,0,0,0,0,0,0,0,0,0,0,0,0,0,0,0,0,0,0,0,0,0,0,0,0,0,0,0,0,0,0,0,0,0,0,0,0,0,0,0,0,0,0,0,0,0,0,0,0,0,0,0,0,0,0,0,0,0,0,0,0,0,0,0,0,0,0,0,0,0,0,0,0,0,0,0,0,0,0,0,0,0,0,0,0,0,0,0,0,0,0,0,0,0,0,0,0,0,0,0,0,0,0,0,0,-1.3119893,1.3026197,0.4638349,-0.30505112,0.8633178,0.7431713,0.5703637,0.35575476,0.15390171,0.013328552,0.37506095,-1.5444392,0.8306524,0.009019136,-1.1945146,0.19794394,0.034789443,0.047286753,-0.76521057,-0.516902,0.30473128,0.3487735,-1.2988025,0.7866964,0.36851063,0.262499,-0.38968804,1.8223352,0.024360659,0.8182413,-0.76538295,0.22733416,0.99337596,0.22793747,0.033151865,-1.5091882,1.9996246,-0.50802463,0.8522857,-1.5673653,-0.29220906,1.397944,1.5462741,-1.0531658,1.1833351,0.14269723,1.9080064,-1.7073351,-1.7154368,-1.3786129,-1.3117307,1.4082866,-0.18619741,0.33386293,-0.09345878,1.8337983,1.1292088,-0.34461156,-0.38873997,-1.367236,-0.98654217,-1.7387077,0.020482183,1.0960263,-0.6637669,-1.3061285,-0.7279772,-0.11302353,0.7075755,-0.660147,0.3295535,0.8146214,-0.09044219,-1.6860466,-0.7806383,1.8514669,0.21190645,0.94778234,-0.7583155,-0.51672965,-1.3662018,0.23164357,-0.6668697,-0.8215777,1.1139535,-0.29143336,-0.5259518,0.32757118,0.42082694,0.09693123,0.24362375,0.6855113,0.63776296,0.016948462,0.66525704,0.082710154,1.346231,0.65784484,-0.72556394,0.74256796,0.12046064,-0.87070507,0.53752595,0.7203314,-0.277988,0.466162,0.68292564,-1.4454088,-0.1855941,1.2193618,0.4616802,0.1989782,0.7347248,-0.23963417,-0.81933683,-1.2142518,-0.0030472286,-0.26445642,-0.2438574,-0.51233405,-0.20791687,-0.71358377,-0.3147042,-1.3808538,-0.29315713,-0.351679,0.22733416,0.20027103,0.4343585,1.2222922,-0.4587249,0.43254855,0.99846107,0.32248607,-0.7894295,-0.23230816,-0.2838488,-0.18292226,-0.07277358,-0.25773373,0.09581078,-0.21696664,0.87848693,-0.85010606,0.10865284,0.5878599,0.23043694,-0.2129158,0.13459553,0.6683598,-0.078806765,0.36592498,-0.96370226,-0.3575398,-0.6042108,0.3547205,-0.6277402,-1.2139932,0.563641,0.33282867,-0.5331916,-0.26290503,-0.33659604,0.8247054,-0.9886969,0.694992,-0.012097002,-0.3539199,0.54761,0.24707128,0.09813786,0.0521133,-0.23773803,-0.4704465,-0.6115368,0.51029044,0.8988274,0.45780173,-0.41821638,-0.13336398,-1.3900759,-0.2616122,0.11735786,-0.36848572,0.9806201,0.3753195,0.3783361,0.38143888,0.5037401,0.6462094,0.6301784,0.1045158,0.25508678,0.69775003,-1.5771908,0.8869334,0.9501956,0.26215425,-0.41847494,-0.7407331,-0.48337474,-0.73745793,-0.18128468,0.49072567,-0.2283435,0.57010514,0.36549404,0.7267955,-0.7665896,0.018930793,0.773251,-0.46260336,0.9202021,0.9776035,0.41987887,0.776009,0.29171684,0.30654123,-0.5526702,-0.3287529,-0.3228059,-0.07665206,-1.0786775,-0.38968804,1.1418785,0.66723937,0.07305706,0.2846494,0.4830549,-0.06613708,0.16777803,-0.40727046,1.4782715,-0.033988837,0.45107904,-0.020284893,-0.27324763,0.21259595,-0.26109508,-0.6448917,-0.5134545,-0.48259905,0.3716134,0.029704334,-0.09888864,-0.92103904,0.12502861,0.26224044,0.49899974,0.41143242,0.13950826,-0.32384017,-0.30789533,0.8988274,0.76316696,-0.2645426,0.46357635,-1.2426077,1.1636841,0.4750394,-0.3692614,-0.9673222,0.70947164,0.55079895,0.28499416,-0.12474514,0.12563193,0.84745914,-0.85467404,0.5467481,0.051165227,-0.8588111,0.28559747,0.25008786,0.52433914,0.3702344,-0.76521057,-0.7783112,-0.06639565,0.72481316,-1.1140147,0.09503508,-0.009338976,0.10615338,0.49727598,0.07322944,0.082710154,-0.116729625,0.25698292,-0.5531011,0.36316696,-0.1855941,0.16389956,-0.5084556,-0.699966,0.4668515,-0.3612459,1.5269679,-0.13439824,0.14261104,0.23974527,0.19199695,0.14157678,-0.094148286,0.28378752,0.56338245,0.22104241,0.9612277,0.9258043,-0.15637626,0.13890494,0.20406331,0.44211546,-0.21860422,-0.689882,0.31507388,-0.51517826,0.28628698,0.58691186,-0.3080677,0.025050165,-0.16732217,-0.51888436,0.42935959,-0.086563714,-0.7390955,1.0187154,-0.9458613,-0.4195954,0.37773278,-0.674799,-0.6292054,-0.18524934,-1.018949,0.052888993,-0.059328202,0.6029429,0.04332209,0.21974958,0.27249685,-0.9774924,0.13968064,0.7222275,-0.5510326,0.6273342,0.64896744,0.22224905,0.16243435,0.7081788,-0.840022,0.14252485,0.111324675,-0.36314204,0.07814217,0.3813527,-0.4380397,-0.61791474,-1.2076153,-0.106990345,0.6839599,-0.021663906,-0.24196126,-0.10371519,0.510549,-0.04872704,0.41177717,0.80764014,0.011432409,-0.49802676,-0.2897958,0.37144104,0.5776897,-0.1294855,0.82367116,-0.63765186,0.4565951,0.29292348,0.18096484,-0.84415907,0.21906008,-0.44372812,0.018413663,0.11166943,0.27378967,0.14131822,0.9725184,-0.8882013,-0.6047279,-0.27083436,0.111841805,0.1850157,1.6454768,0.34248176,-0.3746051,-0.20705499,0.80074507,-0.4896665,0.5006373,-0.41330364,0.18217148,0.27594438,0.50382626,0.07460845,0.18536045,-0.31754842,1.132053,1.3271834,0.22345568,0.34618786,0.613975,0.6907688,0.9539879,-0.17473437,-0.07587636,0.73972374,0.551747,0.11761642,0.6353497,0.67758197,-0.25368288,0.4890019,-0.18843831,0.77057916,-0.56111664,-0.18300845,0.81927556,-0.5364668,-0.096733935,0.082623966,-0.73745793,0.6420724,0.4933975,-0.2904853,0.3850588,-0.3383198,0.37083772,0.36308077,0.7092131,-0.13224353,-0.011062742,-0.49725106,0.006950617,0.23681487,-0.050019864,0.098568805,0.36687306,0.5621758,0.65405256,-0.077255376,-0.3891709,-0.6925538,-0.437264,0.042460207,0.34110275,0.8860715,0.10701526,0.33765522,-0.84441763,-0.13560487,-0.09242452,-0.24799444,0.73808616,0.20458044,0.29680195,1.153083,-0.26997247,-0.9492226,-0.24428834,-0.26419786,0.8035893,0.0030721424,0.11890925,-0.3715885,0.37144104,0.7186938,0.6321607,0.23043694,0.59570307,0.60389096,0.24827792,-0.20369364,-0.13775958,-0.4999229,-0.0073566446,-0.17663051,-0.66712826,0.0074677467,-0.3605564,-1.3755963,-0.14232756,-0.056053046,1.3551946,-0.00080633216,0.059439305,0.7179181,-0.057776812,-0.27816036,0.5784654,0.62087005,-0.37994877,-0.6571304,0.90348154,-0.00046157886,-0.0364883,0.5083081,0.5097733,0.5275281,0.698181,-0.5975743,-0.55223924,0.6749101,-0.19903947,-0.82149154,0.23845245,0.88271016,0.4971898,0.58837706,-0.38313773,-0.15844478,0.53373367,0.68663174,0.29145828,-0.006925703,-0.48415044,0.90494674,-0.23308386,-0.28419355,0.13769831,0.4550437,0.7490321,-1.159436,-0.21972467,0.030307652,0.016948462,0.55441886,-0.48940793,-0.45674255,-0.512765,0.005313039,0.035220385,0.23914196,-0.32642582,-0.28212503,-0.24101318,0.73144966,0.401176,0.58777374,-0.7333209,-0.74917954,0.32412365,-0.567236,0.5952721,0.3406718,0.36420122,-0.9266413,-0.11604012,0.44633868,-1.5349585,0.3244684,0.10244728,0.110893734,0.11003185,-0.04002202,0.771872,-0.8858742,-0.04415906,0.07633222,0.13088942,-0.011838437,-0.819423,-0.38244823,-0.10500801,0.35049728,0.7656664,0.3761814,0.5298552,0.13571598,-0.061741475,-1.3162125,0.527011,-0.42226723,0.023584964,0.026515367,0.26568797,-0.025887134,-0.9546525,0.18027534,-0.4659647,0.9526951,0.8228093,-0.53146785,-0.61757,-0.22937776,0.07262612,-0.39623836,-0.42011252,-0.50130194,-0.90026766,-0.34383586,-1.0896235,0.62155956,0.18294717,0.8485796,0.6877522,0.30740312,0.35739234,-0.017526867,-0.9256932,-0.10940362,1.0906826,0.54778236,0.40014175,-0.46277574,-0.15258397,-0.7061716,0.13968064,-0.27359238,0.72412366,-0.86786085,1.3385602,-1.2262319,-0.5655984,0.20699371,-0.49371734,0.71472913,0.75308293,0.11011804,0.12089158,0.9467481,0.9421801,-0.3043616,-0.052002195,-1.0928986,-0.54836076,-0.9515497,-0.35710886,0.036340833,-0.12646891,0.098999746,0.746705,0.18587758,0.0068644285,-0.09001125,-0.15801384,0.09451795,-1.2661371,-0.04553807,0.27413443,0.1148584,0.17079462,0.35721996,0.102705844,-0.6624741,0.13976683,0.9596763,-0.10095716,-0.3110843,-0.21541525,0.4772803,0.28034,0.3135225,0.20302905,0.055216078,-0.21248485,-0.7729675,-0.48501232,-0.370899,0.17881013,0.14062871,-0.34900716,0.9600211,0.82737726,0.53614694,-1.1149628,-0.91733295,0.13580216,0.6768063,0.034617066,-0.14784361,-0.91957384,-0.61636335,-0.06725753,0.58699805,-0.611623,0.8040202,-0.3679686,0.0058301687,0.46512774,0.5276143,0.09451795,-0.9469817,-0.059672955,0.40738156,-0.29203668,-0.3081539,-1.0687659,-0.74685246,-1.2148551,0.13106179,-0.8283866,0.20328762,-0.41244176,0.5643305,-0.10483564,-0.33487228,0.289045,0.29602626,-0.17025258,0.81194955,-0.68186647,1.1692002,-1.1967555,-1.0036937,0.7398961,0.7651493,0.09865499,-0.11354066,-0.30324116,0.22397281,-0.10716272,-0.5357773,0.2853389,-0.016751172,0.51408273,-0.2142948,0.5615725,0.42427447,0.115461715,0.62828225,0.3172286,0.55959016,0.34972158,-0.43821207,0.33153585,-0.017785432,0.8892605,0.21190645,-1.0154153,-0.669283,-0.57585484,0.56476146,-0.6275678,0.5036539,-1.1572813,0.09072567,-0.8128727,-0.052519325,-0.84433144,-0.22308601,0.0587498,-0.5635299,0.48701957,0.48288253,-0.09233833,0.23974527,0.7767847,0.6154402,0.9150308,0.18561901,0.5495923,-0.37477747,0.5793273,0.48814002,0.73748285,-0.19481625,-0.43166175,-0.28410736,-0.08208192,-0.3339242,-0.37408796,-0.64437455,0.64681274,-0.4815648,-0.3760703,-0.7264258,-0.08113385,-0.19990136,-0.26635256,0.33248392,0.07521177,-0.4954411,0.22810985,-0.093717344,-0.10604227,0.34920445,0.095983155,0.13416459,0.46883383,-0.20679642,-0.56689125,-0.2704896,0.11175562,-0.49863008,0.18742897,-0.90561134,0.087795265,0.1724322,0.5327856,-0.6780742,0.7192971,0.10399867,0.35368624,0.53821546,-0.45760444,1.3826886,-0.67092055,0.46702388,-0.44872704,-0.5209529,0.1547636,-0.29083005,-0.11190308,0.7088683,0.48271015,-0.009252788,-0.5304336,0.020482183,0.003244519,0.12623525,0.8099672,0.3738543,-0.22213794,0.62690324,-0.49242452,-0.2874687,1.0718074,-1.4911748,0.16734709,0.031600475,1.0472437,-0.38460293,0.74842876,0.5145137,0.18656708,-0.7777079,0.31946948,-0.2727305,-0.6763504,0.13666405,0.3450674,-0.29376045,0.15407409,-0.40054777,0.041425947,0.08124495,-0.76908904,-0.5354325,-0.10742129,0.472109,-0.9812847,0.60837275,0.15088512,0.07771123,-0.9501707,-0.65471715,-0.12776174,-0.6342905,0.5077909,-0.26135364,-0.6255855,0.05814648,-0.10052622,0.09020854,-0.31168762,-0.59498864,0.17398359,-0.4430386,-0.54991215,-0.099319585,-1.454631,0.3724753,-0.32970098,0.21250977,0.15295364,-0.09656156,0.92175347,0.18768753,0.08029688,0.94192153,-0.51164454,0.04642487,-0.1391386,-0.22067274,0.28654554,-0.5106965,0.94321436,0.21138932,0.057801727,-0.42898992,-0.066050895,-0.5450856,-0.097768195,0.20173623,1.2220336,0.51675457,-0.46260336,-0.3096191,-0.043728117,-1.4971218,0.49382845,-0.21705283,-0.16094424,-0.9488779,0.053319935,-0.38598195,0.9913936,0.23052312,0.02789438,-0.06725753,0.283098,1.1284331,0.78764445,-0.48397806,-0.34883478,-0.13586344,-0.11500586,0.81255287,0.63560826,-0.39684168,-0.909576,0.29826716,0.13269937,0.8389265,0.40608874,0.013500929,0.03746128,-0.6625603,-0.06829179,-0.7183241,-0.23730709,-0.5643918,-0.18085374,0.30576554,-0.21713902,0.046511058,-0.7134976,-0.5576691,0.4306524,-0.5607719,-0.0460552,0.4742637,0.639142,-0.13129546,-0.1088003,-0.07966865,-0.4357126,0.71757334,-0.020112516,-0.10931743,0.75454813,-0.11388541,0.7679935,0.37109628,-0.17809571,-0.09682012,-0.74685246,-0.010631801,-0.18869688,-0.21644951,0.4698681,-0.16982163,-0.128796,0.46590343,-0.84933037,0.7053346,0.72636455,-0.5209529,0.9847571,-1.0548896,0.11373795,-0.9781819,-1.1583155,-1.7813709,0.59354836,-0.056139234,-0.9213838,1.1267093,-0.27660897,-0.48027197,-0.06467188,-0.14706792,0.016086578,0.12347723,0.40221027,0.42056838,-0.74107784,0.13080323,1.507317,-0.17025258,0.008415818,0.3236927,-0.06001771,-0.43838444,0.59139365,0.14174916,0.67853004,0.20906223,-0.11267877,-0.8343336,-0.009683729,-0.008563281,0.13063085,0.17725874,-0.0431248,0.99647874,0.07581509,-0.46544757,0.10649813,-0.60688263,-0.18171562,0.615354,-0.6062793,-0.43907395,0.6065628,-0.68333167,0.4035031,-0.48208192,-0.67454046,0.6441409,0.87331563,0.33351818,0.333432,-0.27255812,-0.21463956,0.5570045,0.025739672,1.0069075,-1.4843659,-1.7781819,-1.6621724,-0.050364617,1.9273126,0.33317342,-0.8526917,1.8166468,-1.6615691,-0.6986732,-1.5041031,-1.4210175,-1.4854002,-0.744353,1.09956,-1.4420475,1.6621974,1.7301137,1.8202667,-1.6672575,-0.8925969,-1.1316833,-0.18912782,-0.97266585,1.282624,-0.3022069,0.8411674,-0.18869688,1.7781206,1.8058733,1.8758582,0.7703206,0.9548498,-0.23885848,1.4133717,0.19578923,1.1196419,0.346705,-0.30505112,0.7171424,-1.3839566,-0.8956997,-0.30324116,0.35144535,1.3570045,0.2019086,1.7957892,-0.16206469,1.4874936,-0.7184965,-0.015716912,0.72420985,-0.8608796,0.10804952,1.0889589,-0.33306232,-1.265189,0.2994738,0.6491398,0.5347679,-0.16973545,1.5079203,0.6604305,-0.4224396,0.78540355,0.6691355,-0.3781388,0.502792,-0.27376476,-0.09759582,0.38738587,-0.6079169,-0.2772123,0.7332596,-0.09613062,-1.2155446,1.020353,-0.80011684,-1.1100501,-0.91569537,-0.29143336,-0.40908042,0.27335873,0.8373751,0.9221844,-0.5931787,-0.27229956,0.4335828,-0.13724245,-0.7001384,0.7401547,1.0937854,1.2712471,0.039960746,-0.96370226,0.41358712,-1.0861759,1.0746516,-1.6764797,0.09986163,0.063834906,-0.2941052,0.35799566,-1.3000091,0.6520702,0.5333027,-0.20826162,0.18898036,0.3429127,-0.95491105,0.14941992,0.9820853,0.19587542,0.046942,0.005657792,-0.7124633,-0.8512265,-0.8682918,-0.5431033,-1.0531658,0.44780388,0.83323807,-0.3878781,-0.8968201,-0.5229352,
1,1,0,0,0,0,0,0,0,0,0,0,0,0,0,0,0,0,0,0,0,0,0,0,0,0,0,0,0,0,0,0,0,0,0,0,0,0,0,0,0,0,0,0,0,0,0,0,0,0,0,0,0,0,0,0,0,0,0,0,0,0,0,1,0,0,0,0,0,0,0,0,0,0,0,0,0,0,0,0,0,0,0,0,0,0,0,0,0,0,0,0,0,0,0,0,0,0,0,0,0,0,0,0,0,0,0,0,0,0,0,0,0,0,0,0,0,0,0,0,0,0,0,0,0,0,0,0,0,0,0,0,0,0,0,0,0,0,0,0,0,0,0,0,0,0,0,0,0,0,0,0,0,0,0,0,0,0,0,0,0,0,0,0,0,0,0,1,0,0,0,0,0,0,0,0,0,0,0,0,0,0,0,0,0,0,0,0,0,0,0,0,0,0,0,0,0,0,0,0,0,0,0,0,0,0,0,0,0,0,0,0,0,0,0,0,0,0,0,0,0,0,0,0,0,0,0,0,0,0,0,0,0,0,0,0,0,0,0,0,0,0,0,0,0,0,0,0,0,0,0,0,0,0,0,0,0,0,0,0,0,0,0,0,0,0,0,0,0,0,0,0,0,0,0,0,0,0,0,0,0,0,0,0,0,0,0,0,0,0,0,0,0,0,0,0,0,0,0,0,0,0,0,0,0,0,0,0,0,0,0,0,0,0,0,0,0,0,0,0,0,0,0,0,0,0,0,0,0,0,0,0,0,0,0,0,0,0,0,0,0,0,0,0,0,0,0,0,0,0,0,0,0,0,0,0,0,0,0,0,0,0,0,0,0,0,0,0,0,0,0,0,0,0,0,0,0,0,0,0,0,0,0,0,0,0,0,0,0,0,0,0,0,0,0,0,0,0,0,0,0,0,0,0,0,0,0,0,0,0,0,0,0,0,0,0,0,0,0,0,0,0,0,0,0,0,0,0,0,0,0,0,0,0,0,0,0,0,0,0,0,0,0,0,0,0,0,0,0,0,0,0,0,0,0,0,0,0,0,0,0,0,0,0,0,0,0,0,0,0,0,0,0,0,0,0,0,0,0,0,0,0,0,0,0,0,0,0,0,0,0,0,0,0,0,0,0,0,0,0,0,0,0,0,0,0,0,0,0,0,0,0,0,0,0,0,0,0,0,0,0,0,0,0,0,0,0,0,0,0,0,0,0,0,0,0,0,0,0,0,0,0,0,0,0,0,0,0,0,0,0,0,0,0,0,0,0,0,0,0,0,0,0,0,0,0,0,0,0,0,0,0,0,0,0,0,0,0,0,0,0,0,0,0,0,0,0,0,0,0,0,0,0,0,0,0,0,0,0,0,0,0,0,0,0,0,0,0,0,0,0,0,0,0,0,0,0,0,0,0,0,0,0,0,0,0,0,0,0,0,0,0,0,0,0,0,0,0,0,0,0,0,0,0,0,0,0,0,0,0,0,0,0,0,0,0,0,0,0,0,0,0,0,0,0,0,0,0,0,0,0,0,0,0,0,0,0,0,0,0,0,0,0,0,0,0,0,0,0,0,0,0,0,0,0,0,0,0,0,0,0,0,0,0,0,0,0,0,0,0,0,0,0,0,0,0,0,0,0,0,0,0,0,0,0,0,0,0,0,0,0,0,0,0,0,0,0,0,0,0,0,0,0,0,0,0,0,0,0,0,0,0,0,0,0,0,0,0,0,0,0,0,0,0,0,0,0,0,0,0,0,0,0,0,0,0,0,0,0,0,0,0,0,0,0,0,0,0,0,0,0,0,0,0,0,0,0,0,0,0,0,0,0,0,0,0,0,0,0,0,0,0,0,0,0,0,0,0,0,0,0,0,0,0,0,0,0,0,0,0,0,0,0,0,0,0,0,0,0,0,0,0,0,0,0,0,0,0,0,0,0,0,0,0,0,0,0,0,0,0,0,0,0,0,0,0,0,0,0,0,0,0,0,0,0,0,0,0,0,0,0,0,0,0,0,0,0,0,0,0,0,0,0,0,0,0,0,0,0,0,0,0,0,0,0,0,0,0,0,0,0,0,0,0,0,0,0,0,0,0,0,0,0,0,0,0,0,0,0,0,0,0,0,0,0,0,0,0,0,0,0,0,0,0,0,0,0,0,0,0,0,0,0,0,0,0,0,0,0,0,0,0,0,0,0,0,0,0,0,0,0,0,0,0,0,0,0,0,0,0,0,0,0,0,0,0,0,0,0,0,0,0,0,0,0,0,0,0,0,0,0,0,0,0,0,0,0,0,0,0,0,0,0,0,0,0,0,0,0,0,0,0,0,0,0,0,0,0,0,0,0,0,0,0,0,0,0,0,0,0,0,0,0,0,0,0,0,0,0,0,0,0,0,0,0,0,0,0,0,0,0,0,0,0,0,0,0,0,0,0,0,0,0,0,0,0,0,0,0,0,0,0,0,0,0,0,0,0,0,0,0,0,0,0,0,0,0,0,0,0,0,0,0,0,0,0,0,0,0,0,0,0,0,0,0,0,0,0,0,0,0,0,0,0,0,0,0,0,0,0,0,0,0,0,0,0,0,0,0,0,0,0,0,0,0,0,0,0,0,0,0,0,0,0,0,0,0,0,0,0,0,0,0,0,0,0,0,0,0,0,0,0,0,0,0,0,0,0,0,0,0,0,0,0,0,0,0,0,0,0,0,0,0,0,0,0,0,0,0,0,0,0,0,0,0,0,0,0,0,0,0,0,0,0,0,0,0,0,0,0,0,0,0,0,0,0,0,0,0,0,0,0,0,0,0,0,0,0,0,0,0,0,0,0,0,0,0,0,0,0,0,0,0,0,0,0,0,0,0,0,0,0,0,0,0,0,0,0,0,0,0,0,0,0,0,0,0,0,0,0,0,0,0,0,0,0,0,0,0,0,0,0,0,0,0,0,0,0,0,0,0,0,0,0,0,0,0,0,0,0,0,0,0,0,0,0,0,0,0,0,0,0,0,0,0,0,0,0,0,0,0,0,0,0,0,0,0,0,0,0,0,0,0,0,0,0,0,0,0,0,0,0,0,0,0,0,0,0,0,0,0,0,0,0,0,0,0,0,0,0,0,0,0,0,0,0,0,0,0,0,0,0,0,0,0,0,0,0,0,0,0,0,0,0,0,0,0,0,0,0,0,0,0,0,0,0,0,0,0,0,0,0,0,0,0,0,0,0,0,0,0,0,0,0,0,0,0,0,0,0,0,0,0,0,0,0,0,0,0,0,0,0,0,0,0,0,0,0,0,0,0,0,0,0,0,0,0,0,0,0,0,0,0,0,0,0,0,0,0,0,0,0,0,0,0,0,0,0,0,0,0,0,0,0,0,0,0,0,0,0,0,0,0,0,0,0,0,0,0,0,0,0,0,0,0,0,0,0,0,0,0,0,0,0,0,0,0,0,0,0,0,0,0,0,0,0,0,0,0,0,0,0,0,0,0,0,0,0,0,0,0,0,0,0,0,0,0,0,0,0,0,0,0,0,0,0,0,0,0,0,0,0,0,0,0,0,0,0,0,0,0,0,0,0,0,0,0,0,0,0,0,0,0,0,0,0,0,0,0,0,0,0,0,0,0,0,0,0,0,0,0,0,0,0,0,0,0,0,0,0,0,0,0,0,0,0,0,0,0,0,0,0,0,0,0,0,0,0,0,0,0,0,0,0,0,0,0,0,0,0,0,0,0,0,0,0,0,0,0,0,0,0,0,0,0,0,0,0,0,0,0,0,0,0,0,0,0,0,0,0,0,0,0,0,0,0,0,0,0,0,0,0,0,0,0,0,0,0,0,0,0,0,0,0,0,0,0,0,0,0,0,0,0,0,0,0,0,0,0,0,0,0,0,0,0,0,0,0,0,0,0,0,0,0,0,0,0,0,0,0,0,0,0,0,0,0,0,0,0,0,0,0,0,0,0,0,0,0,0,0,0,0,0,0,0,0,0,0,0,0,0,0,0,0,0,0,0,0,0,0,0,0,0,0,0,0,0,0,0,0,0,0,0,0,0,0,0,0,0,0,0,0,0,0,0,0,0,0,0,0,0,0,0,0,0,0,0,0,0,0,0,0,0,0,0,0,0,0,0,0,0,0,0,0,0,0,0,0,0,0,0,0,0,0,0,0,0,0,0,0,0,0,0,0,0,0,0,0,0,0,0,0,0,0,0,0,0,0,0,0,0,0,0,0,0,0,0,0,0,0,0,0,0,0,0,0,0,0,0,0,0,0,0,0,0,0,0,0,0,0,0,0,0,0,0,0,0,0,0,0,0,0,0,0,0,0,0,0,0,0,0,0,0,0,0,0,0,0,0,0,0,0,0,0,0,0,0,0,0,0,0,0,0,0,0,0,0,0,0,0,0,0,0,0,0,0,0,0,0,0,0,0,0,0,0,0,0,0,0,0,0,0,0,0,0,0,0,0,0,0,0,0,0,0,0,0,0,0,0,0,0,0,0,0,0,0,0,0,0,0,0,0,0,0,0,0,0,0,0,0,0,0,0,0,0,0,0,0,0,0,0,0,0,0,0,0,0,0,0,0,0,0,0,0,0,0,0,0,0,0,0,0,0,0,0,0,0,0,0,0,0,0,0,0,0,0,0,0,0,0,0,0,0,0,0,0,0,0,0,0,0,0,0,0,0,0,0,0,0,0,0,0,0,0,0,0,0,0,0,0,0,0,0,0,0,0,0,0,0,0,0,0,0,0,0,0,0,0,0,0,0,0,0,0,0,0,0,0,0,0,0,0,0,0,0,0,0,0,0,0,0,0,0,0,0,0,0,0,0,0,0,0,0,0,0,0,0,0,0,0,0,0,0,0,0,0,0,0,0,0,0,0,0,0,0,0,0,0,0,0,0,0,0,0,0,0,0,0,0,0,0,0,0,0,0,0,0,0,0,0,0,0,0,0,0,0,0,0,0,0,0,0,0,0,0,0,0,0,0,0,0,0,0,0,0,0,0,0,0,0,0,0,0,0,0,0,0,0,0,0,0,0,0,0,0,0,0,0,0,0,0,0,0,0,0,0,0,0,0,0,0,0,0,0,0,0,0,0,0,0,0,0,0,0,0,0,0,0,0,0,0,0,0,0,0,0,0,0,0,0,0,0,0,0,0,0,0,0,0,0,0,0,0,0,0,0,0,0,0,0,0,0,0,0,0,0,0,0,0,0,0,0,0,0,0,0,0,0,0,0,0,0,0,0,0,0,0,0,0,0,0,0,0,0,0,0,0,0,0,0,0,0,0,0,0,0,0,0,0,0,0,0,0,0,0,0,0,0,0,0,0,0,0,0,0,0,0,0,0,0,0,0,0,0,0,0,0,0,0,0,0,0,0,0,0,0,0,0,0,0,0,0,0,0,0,0,0,0,0,0,0,0,0,0,0,0,0,0,0,0,0,0,0,0,0,0,0,0,0,0,0,0,0,0,0,0,0,0,0,0,0,0,0,0,0,0,0,0,0,0,0,0,0,0,0,0,0,0,0,0,0,0,0,0,0,0,0,0,0,0,0,0,0,0,0,0,0,0,0,0,0,0,0,0,0,0,0,0,0,0,0,0,0,0,0,0,0,0,0,0,0,0,0,0,0,0,0,0,0,0,0,0,0,0,0,0,0,0,0,0,0,0,0,0,0,0,0,0,0,0,0,0,0,0,0,0,0,0,0,0,0,0,0,0,0,0,0,0,0,0,0,0,0,0,0,0,0,0,0,0,0,0,0,0,0,0,0,0,0,0,0,0,0,0,0,0,0,0,0,0,0,0,0,0,0,0,0,0,0,0,0,0,0,0,0,0,0,0,0,0,0,0,0,0,0,0,0,0,0,0,0,0,0,0,0,0,0,0,0,0,0,0,0,0,0,0,0,0,0,0,0,0,0,0,0,0,0,0,0,0,0,0,0,0,0,0,0,0,0,0,0,0,0,0,0,0,0,0,0,0,0,0,0,0,0,0,0,0,0,0,0,0,0,0,0,0,0,0,0,0,0,0,0,0,0,0,0,0,0,0,0,0,0,0,0,0,0,0,0,0,0,0,0,0,0,0,0,0,0,0,0,0,0,0,0,0,0,0,0,0,0,0,0,0,0,0,0,0,0,0,0,0,0,0,0,0,0,0,0,0,0,0,0,0,0,0,0,0,0,0,0,0,0,0,0,0,0,0,0,0,0,0,0,0,0,0,0,0,0,0,0,0,0,0,0,0,0,0,0,0,0,0,0,0,0,0,0,0,0,0,0,0,0,0,0,0,0,0,0,0,0,0,0,0,0,0,0,0,0,0,0,0,0,0,0,0,0,0,0,0,0,0,0,0,0,0,0,0,0,0,0,0,0,0,0,0,0,0,0,0,0,0,0,0,0,0,0,0,0,0,0,0,0,0,0,0,0,0,0,0,0,0,0,0,0,0,0,0,0,0,0,0,0,0,0,0,0,0,0,0,0,0,0,0,0,0,0,0,0,0,0,0,0,0,0,0,0,0,0,0,0,0,0,0,0,0,0,0,0,0,0,0,0,0,0,0,0,0,0,0,0,0,0,0,0,0,0,0,0,0,0,0,0,0,0,0,0,0,0,0,0,0,0,0,0,0,0,0,0,0,0,0,0,0,0,0,0,0,0,0,0,0,0,0,0,0,0,0,0,0,0,0,0,0,0,0,0,0,0,0,0,0,0,0,0,0,0,0,0,0,0,0,0,0,0,0,0,0,0,0,0,0,0,0,0,0,0,0,0,0,0,0,0,0,0,0,0,0,0,0,0,0,0,0,0,0,0,0,0,0,0,0,0,0,0,0,0,0,0,0,0,0,0,0,0,0,0,0,0,0,0,0,0,0,0,0,0,0,0,0,0,0,0,0,0,0,0,0,0,0,0,0,0,0,0,0,0,0,0,0,0,0,0,0,0,0,0,0,0,0,0,0,0,0,0,0,0,0,0,0,0,0,0,0,0,0,0,0,0,0,0,0,0,0,0,0,0,0,0,0,0,0,0,0,0,0,0,0,0,0,0,0,0,0,0,0,0,0,0,0,0,0,0,0,0,0,0,0,0,0,0,0,0,0,0,0,0,0,0,0,0,0,0,0,0,0,0,0,0,0,0,0,0,0,0,0,0,0,0,0,0,0,0,0,0,0,0,0,0,0,0,0,0,0,0,0,0,0,0,0,0,0,0,0,0,0,0,0,0,0,0,0,0,0,0,0,0,0,0,0,0,0,0,0,0,0,0,0,0,0,0,0,0,0,0,0,0,0,0,0,0,0,0,0,0,0,0,0,0,0,0,0,0,0,0,0,0,0,0,0,0,0,0,0,0,0,0,0,0,0,0,0,0,0,0,0,0,0,0,0,0,0,0,0,0,0,0,0,0,0,0,0,0,0,0,0,0,0,0,0,0,0,0,0,0,0,0,0,0,0,0,0,0,0,0,0,0,0,0,0,0,0,0,0,0,0,0,0,0,0,0,0,0,0,0,0,0,0,0,0,0,0,0,0,0,0,0,0,0,0,0,0,0,0,0,0,0,0,0,0,0,0,0,0,0,0,0,0,0,0,0,0,0,0,0,0,0,0,0,0,0,0,0,0,0,0,0,0,0,0,0,0,0,0,0,0,0,0,0,0,0,0,0,0,0,0,0,0,0,0,0,0,0,0,0,0,0,0,0,0,0,0,0,0,0,0,0,0,0,0,0,0,0,0,0,0,0,0,0,0,0,0,0,0,0,0,0,0,0,0,0,0,0,0,0,0,0,0,0,0,0,0,0,0,0,0,0,0,0,0,0,0,0,0,0,0,0,0,0,0,0,0,0,0,0,0,0,0,0,0,0,0,0,0,0,0,0,0,0,0,0,0,0,0,0,0,0,0,0,0,0,0,0,0,0,0,0,0,0,0,0,0,0,0,0,0,0,0,0,0,0,0,0,0,0,0,0,0,0,0,0,0,0,0,0,0,0,0,0,0,0,0,0,0,0,0,0,0,0,0,0,0,0,0,0,0,0,0,0,0,0,0,0,0,0,0,0,0,0,0,0,0,0,0,0,0,0,0,0,0,0,0,0,0,0,0,0,0,0,0,0,0,0,0,0,0,0,0,0,0,0,0,0,0,0,0,0,0,0,0,0,0,0,0,0,0,0,0,0,0,0,0,0,0,0,0,0,0,0,0,0,0,0,0,0,0,0,0,0,0,0,0,0,0,0,0,0,0,0,0,0,0,0,0,0,0,0,0,0,0,0,0,0,0,0,0,0,0,0,0,0,0,0,0,0,0,0,0,0,0,0,0,0,0,0,0,0,0,0,0,0,0,0,0,0,0,0,0,0,0,0,0,0,0,0,0,0,0,0,0,0,0,0,0,0,0,0,0,0,0,0,0,0,0,0,0,0,0,0,0,0,0,0,0,0,0,0,0,0,0,0,0,0,0,0,0,0,0,0,0,0,0,0,0,0,0,0,0,0,0,0,0,0,0,0,0,0,0,0,0,0,0,0,0,0,0,0,0,0,0,0,0,0,0,0,0,0,0,0,0,0,0,0,0,0,0,0,0,0,0,0,0,0,0,0,0,0,0,0,0,0,0,0,0,0,0,0,0,0,0,0,0,0,0,0,0,0,0,0,0,0,0,0,0,0,0,0,0,0,0,0,0,0,0,0,0,0,0,0,0,0,0,0,0,0,0,0,0,0,0,0,0,0,0,0,0,0,0,0,0,0,0,0.2914478,-0.69028634,-0.12021255,0.8931327,0.32777074,-0.20228219,0.9954215,-1.3398055,0.43900612,-0.9031545,-0.2929405,1.3354498,-0.6070835,-0.20389256,-0.22548355,0.118004106,1.0426593,0.36808985,0.73949075,0.06301268,0.29645786,0.9321993,0.9876082,0.22518371,-0.44914716,-0.3311124,-0.38186914,0.10034959,0.68086106,0.8945045,-0.63463885,0.99643546,0.15188168,0.22774838,-0.093193986,0.092715204,0.09605525,-0.5895483,-0.29687697,-0.91615677,0.60171396,0.7317967,0.019890334,-0.16124737,0.2854238,-0.20478721,-0.42069715,-0.3440551,-0.40745628,-0.76066583,0.5177357,0.18617678,-0.010885778,-0.0944465,-0.193276,-0.13184306,0.85346967,0.46799293,0.01798174,-0.50199145,-0.55847394,-0.19059204,0.11925662,0.26562208,0.28918132,-0.41031915,-0.1670328,-0.49590778,0.12885925,0.007782678,-0.13566025,-0.21677558,-0.70913374,0.028657949,-0.49578848,-0.41634318,0.05382756,-0.21164623,0.5655699,-0.8998741,0.4273756,-0.30284134,-0.6098271,0.94633484,-0.0523381,-0.057884958,0.079056814,-0.12432796,-0.67895406,-0.16715209,0.16989407,-0.44532996,0.44479156,-0.08466495,-0.23085149,-0.70066434,-0.36821076,-0.23514582,0.48624387,0.17269732,-0.13404988,-0.03999187,-0.2559018,0.23860352,-0.005517851,-0.2814293,-0.060807496,-0.5835839,-0.1608895,0.52942586,0.34977925,-0.58006495,0.43548715,0.24134713,0.5696257,-0.7207643,-0.24307843,0.113411546,0.28548342,0.1330343,-0.23103042,0.1447841,0.28989705,0.8861544,0.22566086,-0.18588018,0.26419064,-0.12569976,0.8546626,0.53246766,-0.015180119,-0.41186988,-0.05770603,-0.13196234,-0.3175733,-0.3266988,0.49542898,0.08627369,-0.14800648,-0.14860292,-0.07840236,-0.4302998,-0.24564311,0.24110855,-0.1557005,0.094623804,-0.039395433,0.7409818,-0.1801544,-0.30898464,-0.46918744,-0.31119144,-0.5369426,-0.43089622,-0.75398576,0.6397666,-0.27045485,0.3834779,-0.33051598,0.078579664,0.52423686,-0.28727436,0.064086266,0.08937516,0.16184217,0.22416976,0.04410565,0.024125032,0.56014234,-0.00665108,-0.78285325,0.06575628,-0.14263855,0.31590167,0.17150444,0.7211205,-0.25285998,-0.088601425,0.07345031,-0.18933952,-0.38145164,0.34393418,-0.24784991,-0.4749132,0.060865507,-0.20204361,0.31667703,-0.2926423,0.1054193,0.08484225,-0.3085075,-0.7283986,-0.66988826,0.075001046,0.07482212,-0.4809372,-0.022993434,-0.65622985,-0.30707604,0.05460293,-0.2519653,-0.33719608,0.023230378,0.46184963,-0.21772988,-0.26431155,-0.44574746,-0.42117432,-0.070708334,0.066293076,0.5613352,-0.3534788,0.46047783,0.03772378,-0.22464855,0.09641311,-0.26991805,-0.3061814,0.0069476673,0.41282257,-0.010050767,0.058956914,-0.03605539,-0.1324395,-0.028480649,-0.06605613,-0.017446578,0.31166697,-0.22297852,-0.24504666,-0.05365026,-0.18432945,0.18027206,-0.6776419,-0.44348103,0.36749342,0.025675766,0.007782678,-0.09557973,-0.44807357,-0.33928362,0.6531864,-0.09379042,-0.038918283,-0.18886237,0.6676798,-0.5862679,0.062475886,0.4733012,0.113829054,-0.45964444,0.1737709,0.10219854,-0.20979728,-0.3734594,-0.809514,-0.049833067,0.40655997,0.1283821,0.30671656,0.07708857,0.1527167,0.3965995,-0.42672116,-0.9023195,0.2842309,-0.110073134,-0.35825026,0.45904636,-0.08126526,-0.46578774,0.28429055,0.06498092,-0.036830757,0.097784914,-0.026273834,-0.5002618,0.1110258,-0.5665855,0.50401765,-0.23174614,-0.074406244,-0.23317759,0.9446052,-0.025379179,-0.023768801,-0.089436434,0.14716984,0.075955346,-0.47103637,-0.38145164,-0.078998804,0.28757095,-0.079058446,0.021798931,0.28041372,-0.53622687,0.29627892,0.27778938,-0.6985172,-0.14317535,-0.20943943,-0.24093126,-0.116455,-0.06003213,0.47157153,-0.53300613,-0.010945422,-0.03802363,0.2031752,0.314172,0.17633557,0.105180725,-0.11263781,0.19118685,-0.66714466,-0.3575942,0.19637583,0.43548715,0.25590017,-0.011661145,0.09170126,0.5130835,0.12450526,-0.14007388,-0.3730419,-0.10565951,0.55268687,0.6180563,0.5569216,0.03032797,-0.503065,-0.2896601,0.23848423,0.33492798,-0.06909796,0.6278975,-0.16900104,-0.26812875,-0.13560061,-0.46393877,0.17007299,-0.082696706,-0.063014306,-0.08126526,-0.041244384,-0.14234033,0.1194952,-0.85782534,0.1689994,-0.19542317,0.21134639,-0.71652955,-0.18552232,0.012792743,0.1737709,0.045000304,0.023767171,-0.05347133,-0.24391344,0.13237822,-0.2087237,-0.41019988,0.0008640172,0.08609477,-0.30474994,0.079056814,-0.1496765,0.5270998,-0.13172378,0.103808925,-0.17896153,-0.22232245,0.4761641,0.45642206,0.20377165,-0.23663692,-0.15444799,-0.22971825,-0.29514733,-0.09886013,0.0988585,-0.34727585,0.35467002,-0.30146953,0.09396772,0.06879811,0.091045186,0.5624088,0.4007149,-0.25226355,-0.057825316,-0.2385455,-0.61161643,-0.053292397,-0.15778804,0.2714075,-0.103333406,-0.024663456,0.50371945,-0.423739,-0.4697242,-0.37614337,-0.14782755,0.039930593,-0.26413262,0.06515985,-0.012913661,0.2814873,-0.0065914365,-0.3637375,0.5556094,0.20311557,0.24659577,0.49077678,-0.25983828,-0.081742406,0.36492872,0.35198605,0.1915447,-0.64853585,0.020367485,0.095160596,0.17430769,0.0040251296,-0.27701566,0.3187049,0.6720338,0.1714448,-0.34697762,0.5524483,-0.1954828,0.24277858,0.25065154,0.36129045,0.10631395,-0.039097216,0.705136,-0.15325512,0.28828666,0.1994773,-0.10035122,0.36135012,0.1662558,-0.35365772,-0.0036688987,-0.012615443,0.5726079,-0.27057415,-0.36576536,0.06545807,0.0034286932,-0.022158423,-0.19989644,0.19142541,-0.62163657,-0.012615443,0.3216871,-0.21349518,0.15563923,-0.27629992,0.5208968,-0.028659578,0.019293899,-0.77128243,0.18903966,0.011898088,0.49674115,0.011838445,-0.68479913,0.036650196,-0.013689028,-0.36475143,-0.13917923,-0.25369498,-0.43268552,0.09867957,0.6768649,-0.24200484,0.49191,-0.09456579,-0.5887133,-0.49232915,0.66284865,0.3473935,-0.11532177,0.54618573,-0.16715209,0.07118385,0.12927675,-0.16649601,-0.27928212,-0.12230008,0.11460442,0.16506293,0.32371497,-0.5451734,-0.4876173,0.29711393,-0.32365698,-0.1253419,-0.32156944,-0.31268254,-0.33671892,0.24737114,-0.16780816,-0.71104234,0.19542153,-0.161307,0.14007224,0.54045993,-0.15194297,-0.25787005,-0.43423626,0.117884815,-0.30176777,0.23800708,-0.33308065,-0.08436673,-0.18307693,0.455766,0.08197936,0.2921635,-0.09802512,0.12361061,0.25309694,-0.06999262,0.04064632,0.2992611,-0.10888026,0.36946166,-0.60887283,0.013150604,0.3439938,0.09295378,0.12301417,-0.4000008,0.023409309,0.32520607,-0.0051599895,-0.52227026,-0.20609938,0.29490712,-0.25655788,-0.05579743,0.28262052,0.03987095,0.43101388,0.14388944,-0.4174764,0.0689174,0.1831946,0.06498092,-0.13673383,0.23931925,-0.1098942,0.27611938,-0.042377613,0.5794072,0.48117417,0.186475,-0.08699105,-0.14234033,-0.063551106,0.76000816,0.03933416,-0.19417065,0.17526199,-0.15075009,-0.052934535,0.006470518,-0.1956021,0.041540973,-0.38079557,-0.40662125,-0.3257445,-0.37351903,0.025258262,0.37876606,0.2619838,0.033250507,0.08979267,0.12832245,0.0557958,-0.1685239,0.45463276,-0.49847245,0.27409148,-0.5241192,0.4988883,-0.29944167,-0.302901,0.37327883,0.014701339,-0.1894588,0.11985306,-0.39296287,-0.106375225,-0.032715347,-0.552271,-0.28292036,0.331409,0.42994028,0.15062918,-0.10357198,0.153671,0.21063066,0.14239834,0.10810326,0.05740618,0.2106903,-0.5063454,0.3927823,-0.24462916,0.28172585,0.2895392,0.25834557,0.24516432,0.369402,0.48147237,-0.19244099,0.37065452,-0.14067031,0.10685074,-0.22709394,0.2947282,0.23019378,0.038558792,-0.41878855,-0.40972272,0.22977626,0.17222017,-0.028361361,0.31685597,0.17383054,-0.046373736,-0.28244323,0.32753217,-0.5331254,-0.030747106,0.012315594,0.1860575,0.16685224,0.24230143,0.006410875,0.31262127,-0.3847917,-0.63076204,0.15724961,0.14621554,-0.77736604,-0.26705515,-0.31966084,-0.33129135,0.5690889,0.09522024,-0.2063976,0.04726676,-0.13876171,0.852754,-0.20436971,0.4025042,-0.10589808,-0.06337217,0.21617752,0.007901966,-0.018520162,-0.036472894,0.3264586,-0.32115194,0.35168785,0.2728986,0.016908154,-0.2837554,0.17997384,-0.38759494,-0.16965713,-0.062954664,-0.41849035,-0.028361361,-0.23126899,0.18623641,0.28745165,0.5016319,0.17657416,0.43984112,-0.49203095,0.04643175,0.35383502,-0.7229114,0.1722798,-0.12349295,-0.30313957,-0.08728927,-0.3841356,-0.021621631,0.35663825,-0.038441133,-0.36946326,-0.28429216,-0.24558346,-0.23955946,0.06826132,0.33963984,-0.09337292,-0.10977492,-0.48141438,-0.09265719,-0.22136815,0.24206285,0.39671877,-0.20478721,0.32138887,0.15623567,-0.40918595,-0.009036825,0.14561911,0.18158421,-0.11597785,-0.058362108,-0.43942526,0.30779013,0.0042040604,0.28864452,0.19613726,0.24134713,0.60201216,-0.022993434,-0.09659367,-0.029136728,0.15384993,0.0077230344,-0.008261458,-0.39415574,0.12796459,0.513501,-0.4027444,-0.31321934,-0.27290025,0.124803476,-0.14353321,-0.06808402,0.23627742,-0.0809074,0.48159167,-0.26109082,0.53515166,0.15868106,0.13506219,-0.1487222,-0.12480511,-0.47604644,-0.3119668,0.2112271,0.4935204,0.23430918,0.56783634,0.28590092,-0.0033110369,0.41550654,-0.320973,-0.5408194,0.053708274,0.040586673,0.28315732,-0.115142845,-0.10768739,-0.09915835,-0.23842622,-0.7677038,-0.030031383,-0.10064944,0.08150221,-0.012615443,0.0712435,0.21265854,-0.513443,0.16500328,0.29562283,-0.24790956,0.09957422,0.08251615,-0.027585994,0.73955035,-0.1693589,0.26299778,-0.23615977,-0.2092605,-0.034802873,-0.22154708,-0.17896153,-0.09880049,0.6725109,0.0069476673,-0.24093126,0.29657713,0.4456862,-0.3191837,0.4891664,0.075001046,0.09450451,-0.23568262,-0.5149937,0.105657876,-0.13369201,-0.38365847,0.19733013,0.093311645,-0.04196011,-0.43393803,-0.3921875,0.31876457,-0.05704995,-0.0043249787,0.5851927,0.51576746,-0.41401708,-0.08669283,-0.14842398,0.19876158,0.20985529,0.52638406,0.009214126,-0.32962134,0.030447258,-0.09098717,-0.16029307,-0.075300895,-0.04267583,0.25655624,-0.062596805,-0.0158362,-0.4438389,-0.00945433,0.13601649,0.1975687,-0.15355334,-0.23013575,0.13524112,0.24033318,-0.15426907,0.122000225,-0.44187063,0.409065,-0.086394615,0.33200544,0.07392746,0.2272116,0.20377165,0.063609116,0.07607464,0.10750683,-0.3782309,0.13184142,0.026808996,0.07488176,-0.21325661,0.1241474,-0.33648035,-0.16834496,0.27224252,0.31584203,0.29061276,-0.011303283,-0.060151417,-0.06617542,-0.4641177,0.08758585,-0.053948477,-0.065757915,0.083291516,-0.41455385,-0.27755246,-0.03772541,-0.28154856,-0.022993434,0.13178179,0.0670088,0.2518444,0.5112346,-0.39278394,-0.09891977,-0.4329241,-0.4051898,-0.43435556,0.5736814,-0.5845978,-0.0424969,0.23741065,-0.11729001,0.04804213,-0.18313658,0.14705056,0.38240433,0.18444711,-0.04422657,0.017266015,0.055497583,-0.12522261,-0.75887656,-0.47616574,-0.10172302,-0.12355259,0.17532164,0.3071937,0.012017376,0.2891217,-0.1815262,-0.00861932,-0.3549699,0.14120547,0.0787586,0.06742631,0.021321783,0.18140528,0.069394544,-0.27904353,-0.19118847,-0.29419303,0.19160435,0.5010355,0.28029442,-0.071185485,0.026749352,-0.53050107,0.5502415,0.0337873,0.109653994,-0.10518236,0.2635942,0.058002613,0.14406838,0.0025340389,0.27134788,-0.5106397,0.27182502,0.54541034,0.006351231,-0.35741526,0.018757107,-0.4390674,-0.6426311,0.35514718,0.60666436,-0.6862306,-0.10655416,0.5375374,-0.25721398,0.2065749,-0.034027506,0.26472744,0.31834707,0.09623418,0.28661665,0.27701402,-0.13041161,0.18349281,-0.14508395,0.082217924,-0.22888324,-0.20741154,-0.06522112,-0.095937595,-0.09599724,0.06325126,-0.06337217,0.0149399135,0.62139636,-0.051145226,0.041779548,-0.012317225,0.15444636,-0.14675397,-0.15921949,0.21003422,-0.0065317927,0.2743897,0.099693514,0.05585544,-0.10625594,0.22047186,0.2430768,0.29437032,0.1162148,0.21307606,0.051322527,0.34870565,0.19601797,0.09772527,-0.16357347,-0.07959524,0.09820242,-0.08734891,-0.15420942,0.064026624,0.29854536,0.43029815,0.042733844,-0.03999187,0.0031901188,-0.0025953134,-0.58942896,-0.4323873,0.42892635,-0.17466718,0.43948326,-0.053292397,0.28124872,-0.33570498,-0.12951696,0.24862365,0.41216648,-0.6336846,0.3222239,0.024125032,0.16870119,0.15516208,-0.098621555,0.18862216,-0.11991433,-0.7434288,0.3882494,-0.24773063,0.32001707,-1.3449348,-0.42713866,-0.6029681,1.8399754,-1.5315597,0.7501073,-1.7738322,-0.89122576,-0.1098942,0.53240806,1.4076782,0.08030933,0.358189,-0.06551934,-0.7306651,1.873674,-1.2276158,-1.9238359,0.9883836,-0.9272505,-0.7813025,0.9319011,0.9017214,0.5396249,-0.76084477,0.90989256,-0.814703,1.8335935,0.78780204,-1.8185649,0.551494,-1.6365921,0.26150668,0.98653466,1.1759628,-0.221726,1.3774986,-0.12051077,1.6615813,1.4938633,-1.6470895,-0.5120712,-0.7689563,-0.25512645,-0.882816,-1.134691,-1.0455835,-0.8426162,-1.3722516,0.67597026,-0.49376062,-0.10846276,0.038618434,0.8588376,0.30439046,-0.65593165,0.66559225,1.2001184,-0.7116388,-1.3019317,-0.51922846,-0.09736904,-0.9269523,1.1129194,-0.623903,-0.36314106,1.1345105,-0.4442564,-0.3227623,1.1832393,-0.94574004,1.544799,-0.8064125,1.1207924,1.7385812,0.68968827,0.13744792,0.15826355,-0.43614486,-0.67239326,-0.74891603,-0.04130403,-0.48672265,-0.93208164,0.11740767,0.51439565,0.044046003,0.9882643,1.4932669,1.2099596,0.22929911,0.17192194,-0.6245591,-0.98498553,-1.0768367,-0.6206226,1.1475724,0.66529405,0.62700284,1.163378,-0.9793194,1.2998426,-0.06701043,0.22166473,-0.1417439,0.34286058,0.21253926,-1.2582726,-1.0366966,-1.248491,-1.0807732,1.1100566,-0.39326108,-0.09259755,-0.8877664,0.6198456,0.8500104,1.1833587,1.253082,1.187653,-0.68122053,1.2593446,0.3487653,0.9175866,0.75756276,-0.89015216,-0.8554992,0.34387454,
0,0,0,0,0,0,0,0,0,0,0,0,0,0,0,0,0,0,0,0,0,0,0,0,0,0,0,0,0,0,0,0,0,0,0,0,0,0,0,0,0,0,0,0,0,0,0,0,0,1,0,0,0,0,0,0,0,0,0,0,0,0,0,0,0,0,0,0,0,0,0,0,0,0,0,0,0,0,0,0,0,0,0,0,0,0,0,0,0,0,0,0,0,0,0,0,0,0,0,0,0,0,0,0,0,0,0,0,0,0,0,0,0,0,0,0,0,0,0,0,0,0,0,0,0,0,0,0,0,0,0,0,0,0,0,0,0,0,0,0,0,0,0,0,0,0,0,0,0,0,0,0,0,0,0,0,0,0,0,0,0,0,0,0,0,0,0,0,0,0,0,0,0,0,0,0,0,0,0,0,0,0,0,0,0,0,0,0,0,0,0,0,0,0,0,0,0,0,0,0,0,0,0,0,0,0,0,0,0,0,0,0,0,0,0,0,0,0,0,0,0,0,0,0,0,0,0,0,0,0,0,0,0,0,0,0,0,0,0,0,0,0,0,0,0,0,0,0,0,0,0,0,0,0,0,0,0,0,0,0,1,0,0,0,0,0,0,0,0,0,0,0,0,0,0,0,0,0,0,0,0,0,0,0,0,0,0,0,0,0,0,0,0,0,0,0,0,0,0,0,0,0,0,0,0,0,0,0,0,0,0,0,0,0,0,0,0,0,0,0,0,0,0,0,0,0,0,0,0,0,0,0,0,0,0,0,0,0,0,0,0,0,0,0,0,0,0,0,0,0,0,0,0,0,0,0,0,0,0,0,0,0,0,0,0,0,0,0,0,0,0,1,0,0,0,0,0,0,0,0,0,0,0,0,0,0,0,0,0,0,0,0,0,0,0,0,0,0,0,0,0,0,0,0,0,0,0,0,0,0,0,0,0,0,0,0,0,0,0,0,0,0,0,0,0,0,0,0,0,0,0,0,0,0,0,0,0,0,0,0,0,0,0,0,0,0,0,0,0,0,0,0,0,0,0,0,0,0,0,0,0,0,0,0,0,0,0,0,0,0,0,0,0,0,0,0,0,0,0,0,0,0,0,0,0,0,0,0,0,0,0,0,0,0,0,0,0,0,0,0,0,0,0,0,0,0,0,0,0,0,0,0,0,0,0,0,0,0,0,0,0,0,0,0,0,0,0,0,0,0,0,0,0,0,0,0,0,0,0,0,0,0,0,0,0,0,0,0,0,0,0,0,0,0,0,0,0,0,0,0,0,0,0,0,0,0,0,0,0,0,0,0,0,0,0,0,0,0,0,0,0,0,0,0,0,0,0,0,0,0,0,0,0,0,0,0,0,0,0,0,0,0,0,0,0,0,0,0,0,0,0,0,0,0,0,0,0,0,0,0,0,0,0,0,0,0,0,0,0,0,0,0,0,0,0,0,0,0,0,0,0,0,0,0,0,0,0,0,0,0,0,0,0,0,0,0,0,0,0,0,0,0,0,0,0,0,0,0,0,0,0,0,0,0,0,0,0,0,0,0,0,0,0,0,0,0,0,0,0,0,0,0,0,0,0,0,0,0,0,0,0,0,0,0,0,0,0,0,0,0,0,0,0,0,0,0,0,0,0,0,0,0,0,0,0,0,0,0,0,0,0,0,0,0,0,0,0,0,0,0,0,0,0,0,0,0,0,0,0,0,0,0,0,0,0,0,0,0,0,0,0,0,0,0,0,0,0,0,0,0,0,0,0,0,0,0,0,0,0,0,0,0,0,0,0,0,0,0,0,0,0,0,0,0,0,0,0,0,0,0,0,0,0,0,0,0,0,0,0,0,0,0,0,0,0,0,0,0,0,0,0,0,0,0,0,0,0,0,0,0,0,0,0,0,0,0,0,0,0,0,0,0,0,0,0,0,0,0,0,0,0,0,0,0,0,0,0,0,0,0,0,0,0,0,0,0,0,0,0,0,0,0,0,0,0,0,0,0,0,0,0,0,0,0,0,0,0,0,0,0,0,0,0,0,0,0,0,0,0,0,0,0,0,0,0,0,0,0,0,0,0,0,0,0,0,0,0,0,0,0,0,0,0,0,0,0,0,0,0,0,0,0,0,0,0,0,0,0,0,0,0,0,0,0,0,0,0,0,0,0,0,0,0,0,0,0,0,0,0,0,0,0,0,0,0,0,0,0,0,0,0,0,0,0,0,0,0,0,0,0,0,0,0,0,0,0,0,0,0,0,0,0,0,0,0,0,0,0,0,0,0,0,0,0,0,0,0,0,0,0,0,0,0,0,0,0,0,0,0,0,0,0,0,0,0,0,0,0,0,0,0,0,0,0,0,0,0,0,0,0,0,0,0,0,0,0,0,0,0,0,0,0,0,0,0,0,0,0,0,0,0,0,0,0,0,0,0,0,0,0,0,0,0,0,0,0,0,0,0,0,0,0,0,0,0,0,0,0,0,0,0,0,0,0,0,0,0,0,0,0,0,0,0,0,0,0,0,0,0,0,0,0,0,0,0,0,0,0,0,0,0,0,0,0,0,0,0,0,0,0,0,0,0,0,0,0,0,0,0,0,0,0,0,0,0,0,0,0,0,0,0,0,0,0,0,0,0,0,0,0,0,0,0,0,0,0,0,0,0,0,0,0,0,0,0,0,0,0,0,0,0,0,0,0,0,0,0,0,0,0,0,0,0,0,0,0,0,0,0,0,0,0,0,0,0,0,0,0,0,0,0,0,0,0,0,0,0,0,0,0,0,0,0,0,0,0,0,0,0,0,0,0,0,0,0,0,0,0,0,0,0,0,0,0,0,0,0,0,0,0,0,0,0,0,0,0,0,0,0,0,0,0,0,0,0,0,0,0,0,0,0,0,0,0,0,0,0,0,0,0,0,0,0,0,0,0,0,0,0,0,0,0,0,0,0,0,0,0,0,0,0,0,0,0,0,0,0,0,0,0,0,0,0,0,0,0,0,0,0,0,0,0,0,0,0,0,0,0,0,0,0,0,0,0,0,0,0,0,0,0,0,0,0,0,0,0,0,0,0,0,0,0,0,0,0,0,0,0,0,0,0,0,0,0,0,0,0,0,0,0,0,0,0,0,0,0,0,0,0,0,0,0,0,0,0,0,0,0,0,0,0,0,0,0,0,0,0,0,0,0,0,0,0,0,0,0,0,0,0,0,0,0,0,0,0,0,0,0,0,0,0,0,0,0,0,0,0,0,0,0,0,0,0,0,0,0,0,0,0,0,0,0,0,0,0,0,0,0,0,0,0,0,0,0,0,0,0,0,0,0,0,0,0,0,0,0,0,0,0,0,0,0,0,0,0,0,0,0,0,0,0,0,0,0,0,0,0,0,0,0,0,0,0,0,0,0,0,0,0,0,0,0,0,0,0,0,0,0,0,0,0,0,0,0,0,0,0,0,0,0,0,0,0,0,0,0,0,0,0,0,0,0,0,0,0,0,0,0,0,0,0,0,0,0,0,0,0,0,0,0,0,0,0,0,0,0,0,0,0,0,0,0,0,0,0,0,0,0,0,0,0,0,0,0,0,0,0,0,0,0,0,0,0,0,0,0,0,0,0,0,0,0,0,0,0,0,0,0,0,0,0,0,0,0,0,0,0,0,0,0,0,0,0,0,0,0,0,0,0,0,0,0,0,0,0,0,0,0,0,0,0,0,0,0,0,0,0,0,0,0,0,0,0,0,0,0,0,0,0,0,0,0,0,0,0,0,0,0,0,0,0,0,0,0,0,0,0,0,0,0,0,0,0,0,0,0,0,0,0,0,0,0,0,0,0,0,0,0,0,0,0,0,0,0,0,0,0,0,0,0,0,0,0,0,0,0,0,0,0,0,0,0,0,0,0,0,0,0,0,0,0,0,0,0,0,0,0,0,0,0,0,0,0,0,0,0,0,0,0,0,0,0,0,0,0,0,0,0,0,0,0,0,0,0,0,0,0,0,0,0,0,0,0,0,0,0,0,0,0,0,0,0,0,0,0,0,0,0,0,0,0,0,0,0,0,0,0,0,0,0,0,0,0,0,0,0,0,0,0,0,0,0,0,0,0,0,0,0,0,0,0,0,0,0,0,0,0,0,0,0,0,0,0,0,0,0,0,0,0,0,0,0,0,0,0,0,0,0,0,0,0,0,0,0,0,0,0,0,0,0,0,0,0,0,0,0,0,0,0,0,0,0,0,0,0,0,0,0,0,0,0,0,0,0,0,0,0,0,0,0,0,0,0,0,0,0,0,0,0,0,0,0,0,0,0,0,0,0,0,0,0,0,0,0,0,0,0,0,0,0,0,0,0,0,0,0,0,0,0,0,0,0,0,0,0,0,0,0,0,0,0,0,0,0,0,0,0,0,0,0,0,0,0,0,0,0,0,0,0,0,0,0,0,0,0,0,0,0,0,0,0,0,0,0,0,0,0,0,0,0,0,0,0,0,0,0,0,0,0,0,0,0,0,0,0,0,0,0,0,0,0,0,0,0,0,0,0,0,0,0,0,0,0,0,0,0,0,0,0,0,0,0,0,0,0,0,0,0,0,0,0,0,0,0,0,0,0,0,0,0,0,0,0,0,0,0,0,0,0,0,0,0,0,0,0,0,0,0,0,0,0,0,0,0,0,0,0,0,0,0,0,0,0,0,0,0,0,0,0,0,0,0,0,0,0,0,0,0,0,0,0,0,0,0,0,0,0,0,0,0,0,0,0,0,0,0,0,0,0,0,0,0,0,0,0,0,0,0,0,0,0,0,0,0,0,0,0,0,0,0,0,0,0,0,0,0,0,0,0,0,0,0,0,0,0,0,0,0,0,0,0,0,0,0,0,0,0,0,0,0,0,0,0,0,0,0,0,0,0,0,0,0,0,0,0,0,0,0,0,0,0,0,0,0,0,0,0,0,0,0,0,0,0,0,0,0,0,0,0,0,0,0,0,0,0,0,0,0,0,0,0,0,0,0,0,0,0,0,0,0,0,0,0,0,0,0,0,0,0,0,0,0,0,0,0,0,0,0,0,0,0,0,0,0,0,0,0,0,0,0,0,0,0,0,0,0,0,0,0,0,0,0,0,0,0,0,0,0,0,0,0,0,0,0,0,0,0,0,0,0,0,0,0,0,0,0,0,0,0,0,0,0,0,0,0,0,0,0,0,0,0,0,0,0,0,0,0,0,0,0,0,0,0,0,0,0,0,0,0,0,0,0,0,0,0,0,0,0,0,0,0,0,0,0,0,0,0,0,0,0,0,0,0,0,0,0,0,0,0,0,0,0,0,0,0,0,0,0,0,0,0,0,0,0,0,0,0,0,0,0,0,0,0,0,0,0,0,0,0,0,0,0,0,0,0,0,0,0,0,0,0,0,0,0,0,0,0,0,0,0,0,0,0,0,0,0,0,0,0,0,0,0,0,0,0,0,0,0,0,0,0,0,0,0,0,0,0,0,0,0,0,0,0,0,0,0,0,0,0,0,0,0,0,0,0,0,0,0,0,0,0,0,0,0,0,0,0,0,0,0,0,0,0,0,0,0,0,0,0,0,0,0,0,0,0,0,0,0,0,0,0,0,0,0,0,0,0,0,0,0,0,0,0,0,0,0,0,0,0,0,0,0,0,0,0,0,0,0,0,0,0,0,0,0,0,0,0,0,0,0,0,0,0,0,0,0,0,0,0,0,0,0,0,0,0,0,0,0,0,0,0,0,0,0,0,0,0,0,0,0,0,0,0,0,0,0,0,0,0,0,0,0,0,0,0,0,0,0,0,0,0,0,0,0,0,0,0,0,0,0,0,0,0,0,0,0,0,0,0,0,0,0,0,0,0,0,0,0,0,0,0,0,0,0,0,0,0,0,0,0,0,0,0,0,0,0,0,0,0,0,0,0,0,0,0,0,0,0,0,0,0,0,0,0,0,0,0,0,0,0,0,0,0,0,0,0,0,0,0,0,0,0,0,0,0,0,0,0,0,0,0,0,0,0,0,0,0,0,0,0,0,0,0,0,0,0,0,0,0,0,0,0,0,0,0,0,0,0,0,0,0,0,0,0,0,0,0,0,0,0,0,0,0,0,0,0,0,0,0,0,0,0,0,0,0,0,0,0,0,0,0,0,0,0,0,0,0,0,0,0,0,0,0,0,0,0,0,0,0,0,0,0,0,0,0,0,0,0,0,0,0,0,0,0,0,0,0,0,0,0,0,0,0,0,0,0,0,0,0,0,0,0,0,0,0,0,0,0,0,0,0,0,0,0,0,0,0,0,0,0,0,0,0,0,0,0,0,0,0,0,0,0,0,0,0,0,0,0,0,0,0,0,0,0,0,0,0,0,0,0,0,0,0,0,0,0,0,0,0,0,0,0,0,0,0,0,0,0,0,0,0,0,0,0,0,0,0,0,0,0,0,0,0,0,0,0,0,0,0,0,0,0,0,0,0,0,0,0,0,0,0,0,0,0,0,0,0,0,0,0,0,0,0,0,0,0,0,0,0,0,0,0,0,0,0,0,0,0,0,0,0,0,0,0,0,0,0,0,0,0,0,0,0,0,0,0,0,0,0,0,0,0,0,0,0,0,0,0,0,0,0,0,0,0,0,0,0,0,0,0,0,0,0,0,0,0,0,0,0,0,0,0,0,0,0,0,0,0,0,0,0,0,0,0,0,0,0,0,0,0,0,0,0,0,0,0,0,0,0,0,0,0,0,0,0,0,0,0,0,0,0,0,0,0,0,0,0,0,0,0,0,0,0,0,0,0,0,0,0,0,0,0,0,0,0,0,0,0,0,0,0,0,0,0,0,0,0,0,0,0,0,0,0,0,0,0,0,0,0,0,0,0,0,0,0,0,0,0,0,0,0,0,0,0,0,0,0,0,0,0,0,0,0,0,0,0,0,0,0,0,0,0,0,0,0,0,0,0,0,0,0,0,0,0,0,0,0,0,0,0,0,0,0,0,0,0,0,0,0,0,0,0,0,0,0,0,0,0,0,0,0,0,0,0,0,0,0,0,0,0,0,0,0,0,0,0,0,0,0,0,0,0,0,0,0,0,0,0,0,0,0,0,0,0,0,0,0,0,0,0,0,0,0,0,0,0,0,0,0,0,0,0,0,0,0,0,0,0,0,0,0,0,0,0,0,0,0,0,0,0,0,0,0,0,0,0,0,0,0,0,0,0,0,0,0,0,0,0,0,0,0,0,0,0,0,0,0,0,0,0,0,0,0,0,0,0,0,0,0,0,0,0,0,0,0,0,0,0,0,0,0,0,0,0,0,0,0,0,0,0,0,0,0,0,0,0,0,0,0,0,0,0,0,0,0,0,0,0,0,0,0,0,0,0,0,0,0,0,0,0,0,0,0,0,0,0,0,0,0,0,0,0,0,0,0,0,0,0,0,0,0,0,0,0,0,0,0,0,0,0,0,0,0,0,0,0,0,0,0,0,0,0,0,0,0,0,0,0,0,0,0,0,0,0,0,0,0,0,0,0,0,0,0,0,0,0,0,0,0,0,0,0,0,0,0,0,0,0,0,0,0,0,0,0,0,0,0,0,0,0,0,0,0,0,0,0,0,0,0,0,0,0,0,0,0,0,0,0,0,0,0,0,0,0,0,0,0,0,0,0,0,0,0,0,0,0,0,0,0,0,0,0,0,0,0,0,0,0,0,0,0,0,0,0,0,0,0,0,0,0,0,0,0,0,0,0,0,0,0,0,0,0,0,0,0,0,0,0,0,0,0,0,0,0,0,0,0,0,0,0,0,0,0,0,0,0,0,0,0,0,0,0,0,0,0,0,0,0,0,0,0,0,0,0,0,0,0,0,0,0,0,0,0,0,0,0,0,0,0,0,0,0,0,0,0,0,0,0,0,0,0,0,0,0,0,0,0,0,0,0,0,0,0,0,0,0,0,0,0,0,0,0,0,0,0,0,0,0,0,0,0,0,0,0,0,0,0,0,0,0,0,0,0,0,0,0,0,0,0,0,0,0,0,0,0,0,0,0,0,0,0,0,0,0,0,0,0,0,0,0,0,0,0,0,0,0,0,0,0,0,0,0,0,0,0,0,0,0,0,0,0,0,0,0,0,0,0,0,0,0,0,0,0,0,0,0,0,0,0,0,0,0,0,0,0,0,0,0,0,0,0,0,0,0,0,0,0,0,0,0,0,0,0,0,0,0,0,0,0,0,0,0,0,0,0,0,0,0,0,0,0,0,0,0,0,0,0,0,0,0,0,0,0,0,0,0,0,0,0,0,0,0,0,0,0,0,0,0,0,0,0,0,0,0,0,0,0,0,0,0,0,0,0,0,0,0,0,0,0,0,0,0,0,0,0,0,0,0,0,0,0,0,0,0,0,0,0,0,0,0,0,0,0,0,0,0,0,0,0,0,0,0,0,0,0,0,0,0,0,0,0,0,0,0,0,0,0,0,0,0,0,0,0,0,0,0,0,0,0,0,0,0,0,0,0,0,0,0,0,0,0,0,0,0,0,0,0,0,0,0,0,0,0,0,0,0,0,0,0,0,0,0,0,0,0,0,0,0,0,0,0,0,0,0,0,0,0,0,0,0,0,0,0,0,0,0,0,0,0,0,0,0,0,0,0,0,0,0,0,0,0,0,0,0,0,0,0,0,0,0,0,0,0,0,0,0,0,0,0,0,0,0,0,0,0,0,0,0,0,0,0,0,0,0,0,0,0,0,0,0,0,0,1.326536,0.94906586,-0.2680814,-0.74089956,0.6961631,-0.51137245,-0.93851584,-0.5310572,1.0454903,0.07963103,0.3960478,-0.21133398,-0.47892338,1.0798618,-1.2818453,0.6078894,-0.609873,0.20850454,-0.7800383,-0.5322875,0.51638615,0.6818609,-0.32605907,0.30500588,-0.46408293,-0.104452014,0.009888625,0.5900501,-1.1281352,0.2871666,-0.77042663,0.16951953,-0.6321721,0.1333796,-0.252472,-1.1881121,0.88755107,0.14445226,0.7132335,0.5186929,0.3476049,-0.67231053,-0.3211379,-0.70306796,-0.77603984,-0.5211379,0.82980406,0.023268094,-0.055624638,0.4730951,-0.34397528,-0.057316296,0.1972781,-0.8991464,-0.53736246,-1.0819222,0.6894734,0.5638294,-0.16189146,0.9522185,0.29439458,-0.45508638,0.12422926,-0.48522863,-0.09368692,-0.5198307,-0.22494413,0.32415238,0.22096129,0.20281442,-0.2230987,-0.25693184,0.85356414,0.041491855,0.47255683,-1.1734254,-0.31337166,-0.6725412,-0.049011797,-0.23378688,-0.71168,0.6657133,0.42603627,-0.061084077,0.00081519125,-0.78826594,-0.5375931,0.388666,-0.2593924,0.90454453,-0.31613982,-0.24163002,0.31923118,-0.5838061,-0.1259822,1.360523,-0.5520491,0.4158863,1.1106191,0.7925107,-0.93236434,-0.62801987,-0.96888876,0.8247291,0.8885507,-0.5818069,-0.43863118,0.92745876,-0.47177228,0.65071905,-0.61025745,-0.98203754,-0.29668576,-0.3090656,-1.3830372,-0.43455583,0.6807844,0.2893965,-0.5545097,-0.5396692,-1.299454,-0.099915296,-0.34705102,0.6460286,-0.4583928,0.23757029,-0.30868116,-1.427251,1.4118879,-0.10837358,-0.1554324,-0.43517098,0.2055057,0.17428693,-0.7135255,0.45356414,-0.08422902,0.90262216,0.8022762,-0.90429825,-0.56796604,0.09485594,0.51346415,-0.07554006,-0.8164858,0.6386468,-1.3654286,-1.0483197,0.31354105,-0.11944625,0.40350646,0.41865447,1.0039679,-1.1711187,-0.5284428,0.09377944,-0.05700872,-0.0703113,-0.17165694,-0.19495566,-0.7142175,-0.52444434,-0.29022673,-1.0923797,-0.02225286,-0.29199526,-0.3130641,-0.122214414,-0.79257196,0.07886209,-0.0046442472,0.59081906,-1.1688888,-1.069081,1.4281124,1.1328413,-1.0217915,-0.36519787,-0.3791156,-0.5627373,-1.1036062,0.7441447,0.38728192,0.3582162,-0.08261426,0.9183853,-0.28738165,-0.782422,-1.056163,-0.54928094,-0.061622333,0.42941958,0.44256836,0.30715892,-0.38895798,0.37274906,0.83188015,-0.2854593,-0.6679276,0.580746,0.18243764,-1.1187541,0.015886318,0.38020775,0.8021993,-0.41794682,-0.20026132,-1.2830756,-0.28307563,0.19681673,0.16321427,-0.6475508,0.5367629,-0.417101,0.2953942,0.10923503,-0.47469422,0.0145791285,-1.625021,-0.02379073,-0.43271038,-0.24847354,0.759062,-0.49576303,-0.5249826,0.4494119,-0.5102959,0.5536026,0.017193507,-0.64608985,-0.4324797,0.12592092,-0.32644355,0.26186863,0.19466372,0.90900433,-0.22702026,-0.35604754,-0.7841906,-0.68084574,-0.090380505,-0.71752393,-0.26746625,-0.3994155,0.26279137,1.1911266,1.0268052,0.9689044,-0.21387146,0.8115803,0.92545956,0.10708201,0.13983865,-0.11813906,-0.37603986,0.061484165,-0.7538945,-0.49853122,-0.14389838,0.5788236,-0.18426748,-0.6197923,0.027651023,-0.52059966,-0.23370999,-0.6310187,0.37728578,-0.04439819,-0.82348317,-0.040322833,-0.4701575,-0.2939176,-0.2678507,0.51723194,-0.4655439,0.46978867,0.47824696,-0.7048365,0.1344561,-0.17050353,-0.5367473,-0.85093415,-0.50960386,0.8724799,0.39681673,0.2764015,0.4470282,-0.22948085,-0.64362925,0.028035492,0.37274906,0.9380701,-0.53951544,0.6476433,-0.65216446,-1.2085658,-0.16127631,0.40835077,-0.00272191,-0.9699653,1.0570244,-0.2716185,-0.051626176,0.17474829,-1.1721952,0.4609459,0.41204163,0.5775933,-0.2324028,-0.7836523,0.21388708,-0.14089954,-0.7538176,0.6050443,0.54014623,0.42357567,0.42103818,-0.55796987,-0.3047596,0.113694854,-0.29061118,-0.81625515,0.51584786,-0.6471664,1.0002769,-0.3720414,0.4743254,-0.009180964,-0.066851094,0.45118043,-0.25293335,0.27148032,0.44118428,0.033725612,-0.36442894,1.0205,0.09916198,-0.8207919,0.24433692,0.5591389,0.7829759,-0.20933475,-0.11860042,-0.015793806,0.44164565,-0.69768536,0.1888967,0.24779712,-0.26031515,-0.3743482,-0.47407907,-0.7859591,0.49477905,-0.06154544,0.31823158,-0.67715484,0.047874015,-0.50329864,0.9083892,-0.095532365,-0.49430206,-0.111372426,0.10769716,-0.32252198,-0.7233678,-0.6515493,0.49993092,-0.67569387,0.77982324,0.58597475,0.770596,-0.113986805,-0.5885735,-0.43778536,0.73953104,-0.7558169,-0.6242521,0.5216918,-0.14412907,0.4729413,-0.1884966,1.0772474,0.6234219,-0.22694336,0.5898963,0.25540957,0.29708585,-0.85331786,0.47824696,-0.25400987,0.20435229,0.7557556,0.32392168,0.1274588,-0.54743546,-1.4661591,0.08939651,-1.2894578,-0.7981083,0.5440678,-0.035939902,-0.6780006,0.41319504,-0.5675816,-1.3468204,-0.24339858,0.21888517,0.09993092,0.58351415,0.16313738,0.5217687,0.1759017,-0.16335243,0.6989313,-0.23309484,-0.70199144,-0.2501652,0.13645533,0.7675972,0.77728575,0.5206153,-0.22578996,-0.68507487,0.59527886,-0.20725863,0.16505972,0.23549417,-0.55850816,0.1333027,-0.22502102,-0.011103301,1.0042754,0.02603626,0.12269139,0.65348727,-0.787497,0.67294127,-0.6073355,-0.056547362,0.2954711,-0.7295962,-0.23624748,-0.45562464,-0.36196837,-0.17273344,0.5838217,-0.08699719,0.7719032,0.023729455,0.560523,-0.07277189,0.44641304,0.48785862,0.55137265,0.052718304,-0.3638138,-0.07238742,-0.0667742,-0.36112252,-0.17288724,0.81880826,-0.42555928,-0.061314758,-0.124751896,0.308543,-0.039092537,0.12761258,0.013041258,0.7925876,0.24733576,-0.46785071,-0.29230285,1.0645599,-0.60825825,-0.50898874,0.19858529,-0.5910341,-0.8086427,-0.13336398,-0.5129872,-0.47815445,0.019115845,0.42880443,-0.34551314,-0.32898104,-0.48622826,-1.1084505,-0.71375614,-0.09330246,0.07909278,-0.7861129,0.75983095,0.044644486,0.55621696,0.30677444,0.2670205,0.035571054,0.3548329,1.2519494,0.45617852,0.019654099,-0.498685,-0.5305958,-0.99733937,-0.61310256,0.102775976,-0.12382918,-0.37119558,0.30792785,-0.9189849,-0.75412524,0.4550251,0.45110354,0.24256836,-0.062237483,-0.37834668,-0.6099499,-0.26515943,0.26194552,-0.27015752,-0.02140703,-0.19487877,0.037185818,0.18897359,-0.3543559,-0.025943747,0.43687823,-0.043091,0.025113538,0.19166486,-0.38403678,0.20835075,-0.85078037,0.120153904,0.17859297,-0.34997296,-0.28276804,-0.48753545,-0.063698456,-0.27769306,0.3498348,0.13468678,0.041107386,0.7708267,0.31492513,0.02272984,-0.47538626,0.22941957,0.17159566,-0.6320183,0.3840524,0.5881278,0.6977779,0.036955137,-1.0030295,0.21703972,0.4743254,0.29362565,0.41165718,0.37643996,0.5559863,-0.20887339,-0.22625132,-0.60895026,-0.11168,-0.5024528,-0.48884264,0.17544034,0.102852866,-0.03870807,0.48647454,-0.054163665,-0.0869203,0.43188018,-0.099838406,0.47486365,-0.2534716,0.08093822,-0.28053814,0.34245303,0.037724074,0.4339563,0.48808932,0.19327962,-0.4350941,-0.9084505,-0.10868116,-0.40933475,-0.043398574,0.87009627,0.054409962,-0.13405602,0.23441765,-0.026328215,0.10746648,0.6017379,0.35275674,-0.8729257,-0.44793528,0.33976176,-0.627174,0.5119263,-0.69822365,0.8347252,1.1650597,-0.16842741,-0.3232909,-0.16581303,-0.35458657,0.85971564,-0.36811984,0.777132,-0.670542,0.2433373,-0.13813137,0.17520966,0.83672446,-0.77142626,0.15790862,0.45702434,0.5862054,0.20835075,0.07909278,-0.21333322,0.03633999,-0.08169153,-0.23124939,0.015040489,0.018193122,-0.5991848,0.73753184,0.98451376,-0.8278661,-0.014102148,-0.09268731,0.26886594,0.084936686,0.29385632,-0.19549392,1.1323031,0.3770551,-0.30160695,0.46109968,0.9073127,0.33491746,0.8056595,-0.03517097,-0.34828132,0.40504435,0.6063515,0.21450223,-0.028173659,0.3120032,0.29585555,0.32545957,-0.7344405,0.09085748,-0.010795727,-0.3540483,-0.605567,0.41827002,0.6690197,0.18282211,-0.09714713,-0.13098027,-0.039707683,-0.25885418,0.4115803,-1.0248673,-0.13090338,-0.47369462,0.22188401,-0.30422133,-0.2550864,0.4290351,0.95783174,0.6365707,0.034648333,-0.79518634,-0.9393617,-0.28269115,-0.7365166,-0.30245277,-0.613487,-0.65347165,0.44241458,0.40504435,-0.10422134,0.18666679,-0.94282186,0.16698205,0.24833538,0.14606702,0.29577866,-0.18349853,-0.34566694,-0.06615905,0.4057364,-0.24808908,-0.404106,0.19189554,-0.50891185,0.8072742,0.03395629,-0.03301795,-0.18134552,-0.080384344,0.6601001,0.333072,-0.80948853,-0.8096423,-0.56904256,0.17213391,0.27463296,-0.029557742,0.22780481,-0.09760849,-0.6952248,-0.23532476,0.04402934,0.92000014,-0.6161014,-0.18665117,0.28739727,-0.46539012,-0.07538627,0.02119197,-0.76081496,0.021345757,-0.46285263,0.1036218,-0.043014105,-0.5342867,0.3536026,-0.10299104,0.6112727,1.0283431,-0.86977303,0.3898963,0.6219609,-0.4713878,-0.4573932,0.71507895,-0.055932213,-0.2547788,-0.31114176,-0.5074509,0.34322196,-0.20679727,0.41058066,0.034494545,-0.41648585,0.30508277,-0.38941935,0.30885056,-0.34466732,0.44979635,-0.1863436,-0.62994224,0.4788621,-0.4596231,0.5825145,-0.24939626,0.56229156,-0.2016454,-0.40772,-0.015409337,-0.25823903,-0.17273344,-0.26285264,0.038031645,-0.40948853,-0.34612828,0.41680905,0.29716274,0.5793619,-0.3675047,0.12238382,0.1594465,1.0759401,-0.3957246,-0.06454428,-0.30060732,0.32315275,-0.055317067,-1.0530871,0.8873973,0.15598628,0.06402165,-0.14920403,-0.52759695,0.3755941,0.45587093,0.9489121,0.007889394,-0.28607446,-0.080384344,-0.35804677,0.0028144224,-1.1408995,-0.31206447,0.07025003,-0.48638204,0.20865832,0.08409085,-0.24093798,0.89447147,-0.47999987,-0.42033052,0.19527885,-0.22894259,0.26978865,0.1592927,1.658716,0.20096898,0.30062297,0.29977712,0.10146879,-0.64047664,0.6801693,-0.21356389,0.6948559,-0.25277957,-0.13105716,0.6610997,0.26394475,0.13576329,-0.26139164,-0.35251045,-0.47223362,-0.1708111,-0.028096765,0.052948985,0.60950416,0.23464833,0.95283365,0.09793168,0.13491745,0.058792893,-0.27008063,-0.11506332,0.112387665,-0.19649354,0.15752415,-0.40510562,0.28701282,0.54998857,0.22995783,-0.09491722,0.1783623,-0.25577843,-0.2159476,0.6056595,0.624806,0.20012315,0.20688978,-0.10783533,-0.26738936,-0.16058427,0.16967332,-0.28369078,0.58674365,-0.19064963,0.18459067,0.037493393,-0.7009149,-0.50845045,-0.008796496,-0.076385885,-0.17496336,-0.04247585,-0.052856475,-0.24255274,0.52953494,0.09662449,0.40835077,-0.20272191,0.56436765,0.77544034,0.23011161,-0.094840325,-0.25547084,0.2018148,0.03395629,-0.2690041,-0.5922644,0.581438,0.19743188,0.16236845,-0.180269,-0.22602063,0.629112,0.20596705,0.29962334,0.4045061,-0.14028439,-0.29430208,0.49846995,0.6055057,0.6888583,-0.37634745,0.44156876,-0.04485955,-0.064928755,-0.18472883,-0.3599691,0.9774396,-0.8970702,0.6776318,-0.42402142,0.069788665,0.56728965,-0.7154478,-0.14236051,-0.42471346,-0.6723874,0.6571012,-0.1578161,0.7732104,0.33022696,0.64056915,0.059946295,0.53391784,0.3532181,-0.3565858,0.29585555,0.2564861,-0.2594693,0.116155446,-0.21533245,-0.14359081,-0.22302179,-0.73128784,0.37305665,0.07709355,-0.36588994,0.009504157,-0.0021067618,0.15614006,0.0060439496,0.98013085,-0.3426681,0.22988093,0.27940035,-0.23217212,0.18420619,0.62749726,0.83311045,0.72922736,0.3318417,0.06309893,0.64871985,0.7093888,-0.1354401,0.07309508,-0.38649738,-0.53989995,-0.25393298,0.79228,-0.47669345,0.033187356,-0.4348634,0.465944,-0.21425593,-0.16881187,0.27132654,-0.039784577,0.049565673,0.1356864,0.2811689,0.58351415,0.35960028,-0.30837357,-0.0738484,0.011580282,-0.036785733,0.26271448,0.06840458,0.68093824,0.30093053,0.5842062,0.3873588,0.76975024,-0.83294106,-0.03786224,-0.5948019,0.47132653,0.21111892,0.00027693674,0.06432922,0.15137267,-0.81387144,0.041491855,0.93299514,0.22242227,-0.10506716,0.62995785,-0.62256044,-0.36412138,0.58043844,-0.5128334,0.7013919,0.3286891,-0.066927984,-0.0762321,-0.050242096,0.3097733,-0.29184148,-0.75120324,0.16944264,0.31853914,-0.5012994,-0.450319,0.10592861,-0.5067588,0.6546406,-0.3568165,0.4337256,0.65440995,0.33722427,0.2930874,0.25371793,-0.68461347,-0.3885735,-0.8492425,-0.84293723,1.3885123,-0.20956543,-0.118984886,1.0049675,0.6379548,0.63380253,-0.5215993,-0.9626604,-0.26838896,-0.110142134,0.026190046,0.10969639,0.027420344,-0.7290579,0.2706345,1.5113881,1.3026991,0.7572166,0.15391016,-0.7984928,0.85564023,-1.032249,-0.08176843,0.7046983,-0.07792375,0.34160718,-0.64624363,1.016809,-0.4952248,1.0280355,-0.20841204,0.58789706,-0.6402459,-0.44855043,-0.3944943,-0.98811215,0.24602857,-1.6230987,0.11392553,1.0728644,-1.0317876,-0.004105993,0.09485594,0.621884,0.07770869,0.4609459,0.07094207,0.3854365,1.2422608,0.39520195,0.8350328,1.1130797,-0.8146404,0.59543264,-0.0442444,-0.9728872,1.021884,-0.25031897,0.554756,-1.1395923,0.10885056,0.2800155,-1.2310957,-1.1942636,-1.1436677,-1.1307496,-0.75281805,0.9344561,-1.0230218,0.52684367,0.2126568,0.19812392,1.0705576,-0.85031897,-0.53236437,0.0681739,-0.6974547,0.5913573,0.8166553,-0.23324864,0.3486045,0.24279904,1.1340716,0.14791246,0.76298356,0.7354557,0.5768244,0.999508,0.60258377,0.9876664,-0.38788146,-0.8335562,0.34160718,-0.89114946,0.5564476,-0.48961157,0.5105422,0.7650597,-0.90514404,-0.6438599,1.0106575,0.6801693,-0.4502421,0.23334114,0.46286824,-0.2407073,-0.900838,-1.0017223,-0.61325634,0.5316879,0.45302588,-0.44024593,-0.24255274,-0.6222529,0.3639832,0.7558325,-0.32682803,0.5615226,-0.29237974,-0.82855815,0.31392553,0.81327194,-0.39749315,-0.25101104,-0.46808138,0.35144955,
0,0,1,0,0,0,0,1,0,0,0,0,0,0,0,0,0,0,0,0,0,0,0,0,0,0,0,0,0,0,0,0,0,0,0,0,0,0,0,0,0,0,0,0,0,0,0,0,0,0,0,0,0,0,0,0,0,0,0,0,0,0,0,0,0,0,0,0,0,0,0,0,0,0,0,0,0,0,0,0,0,0,0,0,0,0,0,0,0,0,0,0,0,0,0,0,0,0,0,0,0,0,0,0,0,0,0,0,0,0,0,0,0,0,0,0,0,0,0,0,0,0,0,0,0,0,0,0,0,0,0,0,0,0,0,0,0,0,0,0,0,0,0,0,0,0,0,0,0,0,0,0,0,0,0,0,0,0,0,0,0,0,0,0,0,0,0,0,0,0,0,0,0,0,0,0,0,0,0,0,0,0,0,0,0,0,0,0,0,0,0,0,0,0,0,0,0,0,0,0,0,0,0,0,0,0,0,0,0,0,0,0,0,0,0,0,0,0,0,0,0,0,0,0,0,0,0,0,0,0,0,0,0,0,0,0,0,0,0,0,0,0,0,0,0,0,0,0,0,0,0,0,0,0,0,0,0,0,0,0,0,0,0,0,0,0,0,0,0,0,0,0,0,0,0,0,0,0,0,0,0,0,0,0,0,0,0,0,0,0,0,0,0,0,0,0,0,0,0,0,0,0,0,0,0,0,0,0,0,0,0,0,0,0,0,0,0,0,0,0,0,0,0,0,0,0,0,0,0,0,0,0,0,0,0,0,0,0,0,0,0,0,0,0,0,0,0,0,0,0,0,0,0,0,0,0,0,0,0,0,0,0,0,0,0,0,0,0,0,0,0,0,0,0,0,0,0,0,0,0,0,0,0,0,0,0,0,0,0,0,0,0,0,0,0,0,0,0,0,0,0,0,0,0,0,0,0,0,0,0,0,0,0,0,0,0,0,0,0,0,0,0,0,0,0,0,0,0,0,0,0,0,0,0,0,0,0,0,0,0,0,0,0,0,0,0,0,0,0,0,0,0,0,0,0,0,0,0,0,0,0,0,0,0,0,0,0,0,0,0,0,0,0,0,0,0,0,0,0,0,0,0,0,0,0,0,0,0,0,0,0,0,0,0,0,0,0,0,0,0,0,0,0,0,0,0,0,0,0,0,0,0,0,0,0,0,0,0,0,0,0,0,0,0,0,0,0,0,0,0,0,0,0,0,0,0,0,0,0,0,0,0,0,0,0,0,0,0,0,0,0,0,0,0,0,0,0,0,0,0,0,0,0,0,0,0,0,0,0,0,0,0,0,0,0,0,0,0,0,0,0,0,0,0,0,0,0,0,0,0,0,0,0,0,0,0,0,0,0,0,0,0,0,0,0,0,0,0,0,0,0,0,0,0,0,0,0,0,0,0,0,0,0,0,0,0,0,0,0,0,0,0,0,0,0,0,0,0,0,0,0,0,0,0,0,0,0,0,0,0,0,0,0,0,0,0,0,0,0,0,0,0,0,0,0,0,0,0,0,0,0,0,0,0,0,0,0,0,0,0,0,0,0,0,0,0,0,0,0,0,0,0,0,0,0,0,0,0,0,0,0,0,0,0,0,0,0,0,0,0,0,0,0,0,0,0,0,0,0,0,0,0,0,0,0,0,0,0,0,0,0,0,0,0,0,0,0,0,0,0,0,0,0,0,0,0,0,0,0,0,0,0,0,0,0,0,0,0,0,0,0,0,0,0,0,0,0,0,0,0,0,0,0,0,0,0,0,0,0,0,0,0,0,0,0,0,0,0,0,0,0,0,0,0,0,0,0,0,0,0,0,0,0,0,0,0,0,0,0,0,0,0,0,0,0,0,0,0,0,0,0,0,0,0,0,0,0,0,0,0,0,0,0,0,0,0,0,0,0,0,0,0,0,0,0,0,0,0,0,0,0,0,0,0,0,0,0,0,0,0,0,0,0,0,0,0,0,0,0,0,0,0,0,0,0,0,0,0,0,0,0,0,0,0,0,0,0,0,0,0,0,0,0,0,0,0,0,0,0,0,0,0,0,0,0,0,0,0,0,0,0,0,0,0,0,0,0,0,0,0,0,0,0,0,0,0,0,0,0,0,0,0,0,0,0,0,0,0,0,0,0,0,0,0,0,0,0,0,0,0,0,0,0,0,0,0,0,0,0,0,0,0,0,0,0,0,0,0,0,0,0,0,0,0,0,0,0,0,0,0,0,0,0,0,0,0,0,0,0,0,0,0,0,0,0,0,0,0,0,0,0,0,0,0,0,0,0,0,0,0,0,0,0,0,0,0,0,0,0,0,0,0,0,0,0,0,0,0,0,0,0,0,0,0,0,0,0,0,0,0,0,0,0,0,0,0,0,0,0,0,0,0,0,0,0,0,0,0,0,0,0,0,0,0,0,0,0,0,0,0,0,0,0,0,0,0,0,0,0,0,0,0,0,0,0,0,0,0,0,0,0,0,0,0,0,0,0,0,0,0,0,0,0,0,0,0,0,0,0,0,0,0,0,0,0,0,0,0,0,0,0,0,0,0,0,0,0,0,0,0,0,0,0,0,0,0,0,0,0,0,0,0,0,0,0,0,0,0,0,0,0,0,0,0,0,0,0,0,0,0,0,0,0,0,0,0,0,0,0,0,0,0,0,0,0,0,0,0,0,0,0,0,0,0,0,0,0,0,0,0,0,0,0,0,0,0,0,0,0,0,0,0,0,0,0,0,0,0,0,0,0,0,0,0,0,0,0,0,0,0,0,0,0,0,0,0,0,0,0,0,0,0,0,0,0,0,0,0,0,0,0,0,0,0,0,0,0,0,0,0,0,0,0,0,0,0,0,0,0,0,0,0,0,0,0,0,0,0,0,0,0,0,0,0,0,0,0,0,0,0,0,0,0,0,0,0,0,0,0,0,0,0,0,0,0,0,0,0,0,0,0,0,0,0,0,0,0,0,0,0,0,0,0,0,0,0,0,0,0,0,0,0,0,0,0,0,0,0,0,0,0,0,0,0,0,0,0,0,0,0,0,0,0,0,0,0,0,0,0,0,0,0,0,0,0,0,0,0,0,0,0,0,0,0,0,0,0,0,0,0,0,0,0,0,0,0,0,0,0,0,0,0,0,0,0,0,0,0,0,0,0,0,0,0,0,0,0,0,0,0,0,0,0,0,0,0,0,0,0,0,0,0,0,0,0,0,0,0,0,0,0,0,0,0,0,0,0,0,0,0,0,0,0,0,0,0,0,0,0,0,0,0,0,0,0,0,0,0,0,0,0,0,0,0,0,0,0,0,0,0,0,0,0,0,0,0,0,0,0,0,0,0,0,0,0,0,0,0,0,0,0,0,0,0,0,0,0,0,0,0,0,0,0,0,0,0,0,0,0,0,0,0,0,0,0,0,0,0,0,0,0,0,0,0,0,0,0,0,0,0,0,0,0,0,0,0,0,0,0,0,0,0,0,0,0,0,0,0,0,0,0,0,0,0,0,0,0,0,0,0,0,0,0,0,0,0,0,0,0,0,0,0,0,0,0,0,0,0,0,0,0,0,0,0,0,0,0,0,0,0,0,0,0,0,0,0,0,0,0,0,0,0,0,0,0,0,0,0,0,0,0,0,0,0,0,0,0,0,0,0,0,0,0,0,0,0,0,0,0,0,0,0,0,0,0,0,0,0,0,0,0,0,0,0,0,0,0,0,0,0,0,0,0,0,0,0,0,0,0,0,0,0,0,0,0,0,0,0,0,0,0,0,0,0,0,0,0,0,0,0,0,0,0,0,0,0,0,0,0,0,0,0,0,0,0,0,0,0,0,0,0,0,0,0,0,0,0,0,0,0,0,0,0,0,0,0,0,0,0,0,0,0,0,0,0,0,0,0,0,0,0,0,0,0,0,0,0,0,0,0,0,0,0,0,0,0,0,0,0,0,0,0,0,0,0,0,0,0,0,0,0,0,0,0,0,0,0,0,0,0,0,0,0,0,0,0,0,0,0,0,0,0,0,0,0,0,0,0,0,0,0,0,0,0,0,0,0,0,0,1,0,0,0,0,0,0,0,0,0,0,0,0,0,0,0,0,0,0,0,0,0,0,0,0,0,0,0,0,0,0,0,0,0,0,0,0,0,0,0,0,0,0,0,0,0,0,0,0,0,0,0,0,0,0,0,0,0,0,0,0,0,0,0,0,0,0,0,0,0,0,0,0,0,0,0,0,0,0,0,0,0,0,0,0,0,0,0,0,0,0,0,0,0,0,0,0,0,0,0,0,0,0,0,0,0,0,0,0,0,0,0,0,0,0,0,0,0,0,0,0,0,0,0,0,0,0,0,0,0,0,0,0,0,0,0,0,0,0,0,0,0,0,0,0,0,0,0,0,0,0,0,0,0,0,0,0,0,0,0,0,0,0,0,0,0,0,0,0,0,0,0,0,0,0,0,0,0,0,0,0,0,0,0,0,0,0,0,0,0,0,0,0,0,0,0,0,0,0,0,0,0,0,0,0,0,0,0,0,0,0,0,0,0,0,0,0,0,0,0,0,0,0,0,0,0,0,0,0,0,0,0,0,0,0,0,0,0,0,0,0,0,0,0,0,0,0,0,0,0,0,0,0,0,0,0,0,0,0,0,0,0,0,0,0,0,0,0,0,0,0,0,0,0,0,0,0,0,0,0,0,0,0,0,0,0,0,0,0,0,0,0,0,0,0,0,0,0,0,0,0,0,0,0,0,0,0,0,0,0,0,0,0,0,0,0,0,0,0,0,0,0,0,0,0,0,0,0,0,0,0,0,0,0,0,0,0,0,0,0,0,0,0,0,0,0,0,0,0,0,0,0,0,0,0,0,0,0,0,0,0,0,0,0,0,0,0,0,0,0,0,0,0,0,0,0,0,0,0,0,0,0,0,0,0,0,0,0,0,0,0,0,0,0,0,0,0,0,0,0,0,0,0,0,0,0,0,0,0,0,0,0,0,0,0,0,0,0,0,0,0,0,0,0,0,0,0,0,0,0,0,0,0,0,0,0,0,0,0,0,0,0,0,0,0,0,0,0,0,0,0,0,0,0,0,0,0,0,0,0,0,0,0,0,0,0,0,0,0,0,0,0,0,0,0,0,0,0,0,0,0,0,0,0,0,0,0,0,0,0,0,0,0,0,0,0,0,0,0,0,0,0,0,0,0,0,0,0,0,0,0,0,0,0,0,0,0,0,0,0,0,0,0,0,0,0,0,0,0,0,0,0,0,0,0,0,0,0,0,0,0,0,0,0,0,0,0,0,0,0,0,0,0,0,0,0,0,0,0,0,0,0,0,0,0,0,0,0,0,0,0,0,0,0,0,0,0,0,0,0,0,0,0,0,0,0,0,0,0,0,0,0,0,0,0,0,0,0,0,0,0,0,0,0,0,0,0,0,0,0,0,0,0,0,0,0,0,0,0,0,0,0,0,0,0,0,0,0,0,0,0,0,0,0,0,0,0,0,0,0,0,0,0,0,0,0,0,0,0,0,0,0,0,0,0,0,0,0,0,0,0,0,0,0,0,0,0,0,0,0,0,0,0,0,0,0,0,0,0,0,0,0,0,0,0,0,0,0,0,0,0,0,0,0,0,0,0,0,0,0,0,0,0,0,0,0,0,0,0,0,0,0,0,0,0,0,0,0,0,0,0,0,0,0,0,0,0,0,0,0,0,0,0,0,0,0,0,0,0,0,0,0,0,0,0,0,0,0,0,0,0,0,0,0,0,0,0,0,0,0,0,0,0,0,0,0,0,0,0,0,0,0,0,0,0,0,0,0,0,0,0,0,0,0,0,0,0,0,0,0,0,0,0,0,0,0,0,0,0,0,0,0,0,0,0,0,0,0,0,0,0,0,0,0,0,0,0,0,0,0,0,0,0,0,0,0,0,0,0,0,0,0,0,0,0,0,0,0,0,0,0,0,0,0,0,0,0,0,0,0,0,0,0,0,0,0,0,0,0,0,0,0,0,0,0,0,0,0,0,0,0,0,0,0,0,0,0,0,0,0,0,0,0,0,0,0,0,0,0,0,0,0,0,0,0,0,0,0,0,0,0,0,0,0,0,0,0,0,0,0,0,0,0,0,0,0,0,0,0,0,0,0,0,0,0,0,0,0,0,0,0,0,0,0,0,0,0,0,0,0,0,0,0,0,0,0,0,0,0,0,0,0,0,0,0,0,0,0,0,0,0,0,0,0,0,0,0,0,0,0,0,0,0,0,0,0,0,0,0,0,0,0,0,0,0,0,0,0,0,0,0,0,0,0,0,0,0,0,0,0,0,0,0,0,0,0,0,0,0,0,0,0,0,0,0,0,0,0,0,0,0,0,0,0,0,0,0,0,0,0,0,0,0,0,0,0,0,0,0,0,0,0,0,0,0,0,0,0,0,0,0,0,0,0,0,0,0,0,0,0,0,0,0,0,0,0,0,0,0,0,0,0,0,0,0,0,0,0,0,0,0,0,0,0,0,0,0,0,0,0,0,0,0,0,0,0,0,0,0,0,0,0,0,0,0,0,0,0,0,0,0,0,0,0,0,0,0,0,0,0,0,0,0,0,0,0,0,0,0,0,0,0,0,0,0,0,0,0,0,0,0,0,0,0,0,0,0,0,0,0,0,0,0,0,0,0,0,0,0,0,0,0,0,0,0,0,0,0,0,0,0,0,0,0,0,0,0,0,0,0,0,0,0,0,0,0,0,0,0,0,0,0,0,0,0,0,0,0,0,0,0,0,0,0,0,0,0,0,0,0,0,0,0,0,0,0,0,0,0,0,0,0,0,0,0,0,0,0,0,0,0,0,0,0,0,0,0,0,0,0,0,0,0,0,0,0,0,0,0,0,0,0,0,0,0,0,0,0,0,0,0,0,0,0,0,0,0,0,0,0,0,0,0,0,0,0,0,0,0,0,0,0,0,0,0,0,0,0,0,0,0,0,0,0,0,0,0,0,0,0,0,0,0,0,0,0,0,0,0,0,0,0,0,0,0,0,0,0,0,0,0,0,0,0,0,0,0,0,0,0,0,0,0,0,0,0,0,0,0,0,0,0,0,0,0,0,0,0,0,0,0,0,0,0,0,0,0,0,0,0,0,0,0,0,0,0,0,0,0,0,0,0,0,0,0,0,0,0,0,0,0,0,0,0,0,0,0,0,0,0,0,0,0,0,0,0,0,0,0,0,0,0,0,0,0,0,0,0,0,0,0,0,0,0,0,0,0,0,0,0,0,0,0,0,0,0,0,0,0,0,0,0,0,0,0,0,0,0,0,0,0,0,0,0,0,0,0,0,0,0,0,0,0,0,0,0,0,0,0,0,0,0,0,0,0,0,0,0,0,0,0,0,0,0,0,0,0,0,0,0,0,0,0,0,0,0,0,0,0,0,0,0,0,0,0,0,0,0,0,0,0,0,0,0,0,0,0,0,0,0,0,0,0,0,0,0,0,0,0,0,0,0,0,0,0,0,0,0,0,0,0,0,0,0,0,0,0,0,0,0,0,0,0,0,0,0,0,0,0,0,0,0,0,0,0,0,0,0,0,0,0,0,0,0,0,0,0,0,0,0,0,0,0,0,0,0,0,0,0,0,0,0,0,0,0,0,0,0,0,0,0,0,0,0,0,0,0,0,0,0,0,0,0,0,0,0,0,0,0,0,0,0,0,0,0,0,0,0,0,0,0,0,0,0,0,0,0,0,0,0,0,0,0,0,0,0,0,0,0,0,0,0,0,0,0,0,0,0,0,0,0,0,0,0,0,0,0,0,0,0,0,0,0,0,0,0,0,0,0,0,0,0,0,0,0,0,0,0,0,0,0,0,0,0,0,0,0,0,0,0,0,0,0,0,0,0,0,0,0,0,0,0,0,0,0,0,0,0,0,0,0,0,0,0,0,0,0,0,0,0,0,0,0,0,0,0,0,0,0,0,0,0,0,0,0,0,0,0,0,0,0,0,0,0,0,0,0,0,0,0,0,0,0,0,0,0,0,0,0,0,0,0,0,0,0,0,0,0,0,0,0,0,0,0,0,0,0,0,0,0,0,0,0,0,0,0,0,0,0,0,0,0,0,0,0,0,0,0,0,0,0,0,0,0,0,0,0,0,0,0,0,0,0,0,0,0,0,0,0,0,0,0,0,0,0,0,0,0,0,0,0,0,0,0,0,0,0,0,0,0,0,0,0,0,0,0,0,0,0,0,0,0,0,0,0,0,0,0,0,0,0,0,0,0,0,0,0,0,0,0,0,0,0,0,0,0,0,0,0,0,0,0,0,0,0,0,0,0,0,0,0,0,0,0,0,0,0,0,0,0,0,0,0,0,0,0,0,0,0,0,0,0,0,0,0,0,0,0,0,0,0,0,0,0,0,0,0,0,0,0,0,0,0,0,0,0,0,0,0,0,0,0,0,0,0,0,0,0,0,0,0,0,0,0,0,0,0,0,0,0,0,0,0,0,0,0,0,0,0,0,0,0,0,0,0,0,0,0,0,0,0,0,0,0,0,0,0,0,0,0,0,0,0,0,0,0,0,0,0,0,0,0,0,0,0,0,0,0,0,0,0,0,0,0,0,0,0,0,0,0,0,0,0,0,0,0,0,0,0,0,0,0,0,0,0,0,0,0,0,0,0,0,0,0,0,0,0,0,0,0,0,0,0,0,0,0,0,0,0,0,0,0,0,0,0,0,0,0,0,0,0,0,0,0.23902819,0.8200478,-0.36633652,0.063592896,-0.5801718,0.7318282,0.29223603,0.36389095,-0.29317573,-0.057003185,0.17703603,-0.049097303,-1.1190267,-0.91636,-0.46810907,-0.2217718,0.12420466,0.27654976,-0.2117326,0.1927223,-0.31250122,0.5348086,-0.22541103,-0.48254043,0.071247794,0.1966125,-0.24222672,-0.04043848,0.12997721,-0.42606986,0.06635368,-0.17973259,-0.5265875,-0.51102674,-0.39394435,-0.68997574,0.04840858,-0.51428944,0.36225957,-0.004171814,0.08116152,-0.33508947,-0.3038424,-0.15676789,-0.3189012,0.49603212,-0.5354973,-0.18236789,0.46465957,0.64235365,0.44069093,0.94854975,-0.12941103,-0.12301103,0.28922427,0.3246125,0.44244778,-0.08486201,-0.07181103,0.46189877,0.021302696,-0.2998267,-0.24787377,0.23689485,-0.20608553,0.039875247,-0.3650816,-0.0021639706,-0.14748162,-0.23406985,-0.2964385,-0.49521494,0.34732622,0.36702818,0.4179772,0.0378674,-0.32505023,0.06723211,-0.4036071,-0.26092476,0.32800072,0.46478504,-0.8233718,-0.37662673,0.1813027,0.026573284,0.5242674,0.60947526,-0.22001494,0.21355368,-0.4457718,-0.20332475,-0.3845326,-0.055497304,-0.14585024,-0.49684632,0.5045654,0.08229093,-0.07896397,0.61687917,-0.5053797,-0.26368552,0.06911446,0.08618113,0.052173283,-0.3629483,-0.1758424,-0.19529338,-0.18964632,0.15168701,0.31582817,-0.07833652,0.4946517,0.13976544,-0.26255614,0.4117027,0.21819681,0.10487916,-0.40072083,0.17791446,0.3578674,0.31645563,0.10663603,0.5146046,0.43278503,0.021679167,-0.060642403,-0.33534044,0.05380466,0.085804656,0.14566348,-0.39494827,0.22422035,0.14340466,-0.017975735,-0.3678424,0.3128164,-0.25414827,-0.79764634,0.14993015,0.020173285,0.04828309,-0.39268947,0.14742035,0.029459558,0.121318385,0.16486348,0.593538,-0.47576398,0.08128701,0.1121576,0.012643873,0.072377205,0.6355772,0.12683995,0.08869093,-0.10782672,-0.3232934,0.005239951,0.0012242647,-0.43987378,0.0903223,-0.24887769,-0.27899534,-0.04094044,0.39927918,-0.4280777,0.0013497549,-0.19303456,0.65025955,-0.60552084,0.072628185,0.1363772,0.6345733,-0.2678267,0.11240858,-0.46221104,-0.36420318,-0.05323848,-0.6665091,-0.26330906,-0.33358356,-0.1452228,0.09207917,0.5870125,-0.1644228,0.4821027,0.44771838,0.10400073,-0.39645416,0.53016543,0.01076152,-0.38503456,-0.031277698,0.18092622,-0.0145875,-0.40185025,0.12834583,-0.017097304,0.06522427,0.4831066,-0.009442402,0.5053184,0.15281641,0.10500465,0.057318382,-0.33508947,0.0506674,-0.5677483,-0.1260228,0.09258113,0.083922304,0.040879168,0.28897327,-0.43849337,0.09145172,0.6126125,-0.44690123,0.1530674,-0.36859533,0.18080074,0.21154584,0.5252713,-0.23256397,0.06823603,0.41483995,0.298887,0.28018898,-0.4561875,0.273287,-0.59234434,0.38522425,0.21493407,-0.65232867,0.45211053,0.30240074,-0.44627377,0.30867526,0.072126225,-0.61292475,-0.02123848,0.22058113,0.33289486,0.19912231,-0.76878357,0.24618113,0.2594831,-0.11096397,0.35523212,0.3170831,0.31645563,-0.3948228,-0.546415,-0.21123064,0.2877184,0.18105172,-0.7433091,0.29989094,-0.13819534,0.016283087,0.3335223,0.41722426,0.023059558,0.05606348,0.06522427,-0.22503456,0.13600074,-0.3332071,-0.43146592,-0.13970123,0.1697576,-0.19843064,0.42086348,-0.09076005,-0.44865808,-0.04558358,0.12721643,0.16285564,0.30340466,-0.28665024,-0.3038424,0.015781127,-0.30723065,-0.061771814,-0.30961496,0.49327132,-0.25176397,0.27905956,-0.20646201,0.0890674,-0.25678357,0.122322306,-0.47363064,0.56454974,0.15030661,0.25584388,0.11617328,-0.13192083,0.3374125,0.18732622,0.09069877,0.25471446,0.06710662,-0.27585807,-0.33132476,0.14252622,0.03761642,-0.35466594,0.20025171,0.497287,-0.22666593,-0.51077574,-0.17396004,-0.02814044,0.28934976,-0.43535614,0.13612622,0.17829093,-0.1605326,0.09320858,0.42801642,0.17377329,-0.35617182,0.4167223,-0.24661887,0.2005027,0.19774191,-0.1093326,0.3361576,0.15607917,0.08793799,0.16498896,-0.42857966,0.0029811275,-0.4868071,-0.13970123,0.22673015,-0.56473655,-0.011199265,-0.26343456,-0.5090189,0.25120074,-0.19730122,0.21531054,-0.03830515,0.3730517,-0.037426714,-0.07168554,0.120941915,-0.23883848,-0.4230581,-0.3894267,0.4755772,-0.053991422,-0.17345808,-0.5378816,-0.10406201,-0.4652228,-0.1758424,0.6741027,0.24643211,0.29825956,0.27065173,0.30980465,0.09019681,-0.10883064,-0.09628162,0.04401642,0.052298773,0.10651054,-0.41716003,0.097726226,0.19736545,0.05054191,0.059075244,-0.010697304,0.122322306,-0.07670515,-0.05160711,0.23451054,-0.565113,0.23325564,-0.18977182,0.16787525,0.04903603,0.43542033,-0.4280777,-0.050477695,-0.054869853,-0.40323064,-0.26920712,0.3321419,0.022808578,-0.018226715,-0.15990515,-0.07294044,-0.4830424,-0.17822671,0.097977206,-0.16894044,0.42738897,0.08806348,-0.2682032,0.05505956,-0.17006986,0.21631446,0.22334191,-0.39770907,0.29060465,0.058698773,-0.6686424,0.16511446,-0.19855613,-0.27134043,-0.16517574,0.43228307,-0.34901887,0.5230125,-0.20081495,-0.46785808,0.19372623,0.36539683,-0.462713,0.01653407,0.06020466,-0.12100319,-0.16241495,0.10400073,-0.6053953,-0.14622672,-0.11272083,0.07689485,-0.0060541667,0.29963994,-0.0078110294,0.22020465,-0.25477573,-0.07243848,-0.09552868,0.22773407,0.42299682,0.108267404,-0.23181103,0.30767134,0.38622817,0.18230662,0.12269878,0.10224387,0.6525184,0.013020343,-0.18500319,0.30654192,-0.193662,-0.2974424,-0.106195346,-0.016218873,-0.26243064,-0.09076005,0.058573283,0.19611055,0.09885564,0.4257576,0.18556936,0.0007223039,0.14051838,-0.15865025,0.05393015,0.05405564,0.17979681,-0.04056397,-0.23770908,-0.23570122,-0.16467378,-0.1669326,0.12822035,0.052298773,-0.20771691,-0.17345808,-0.1233875,0.17051055,-0.13919927,0.25960857,0.04916152,-0.30522278,0.027200736,0.22685564,-0.26167768,-0.016595343,0.3002674,0.13424388,0.20840858,-0.16329338,0.15796152,-0.0015365196,-0.37976396,0.2081576,0.36514583,0.1018674,0.21029094,0.20753014,0.21618897,-0.104689464,-0.13430515,-0.25577965,0.10600858,-0.08950514,-0.13518357,0.027451716,-0.00078357843,0.31921643,0.19309877,-0.12276005,-0.20721495,0.017914461,-0.27385023,0.008377206,0.26914585,-0.41490123,-0.057003185,0.497538,0.118808575,0.10563211,-0.08486201,0.2937419,0.06785956,0.011890931,-0.22905025,-0.30183455,-0.60025024,0.16900466,0.47745955,0.04326348,-0.22566201,0.08680858,-0.07294044,-0.18525417,0.28822035,0.045647793,0.21606348,-0.2974424,0.23965564,-0.09063456,0.04853407,0.13323995,-0.07996789,-0.19328554,-0.17396004,-0.020360049,-0.07532475,-0.07908946,0.33703604,-0.33496398,0.5834988,-0.38076788,0.1787929,-0.6404071,-0.16065809,-0.30585024,-0.43510514,0.17465171,-0.38503456,-0.12552084,0.24229093,-0.061395343,-0.2949326,-0.36596006,0.7308243,-0.28840712,-0.092391424,-0.42682278,0.120314464,0.073506616,-0.2986973,-0.52608556,-0.17107378,0.02368701,0.21179682,0.69945174,-0.14848554,0.12985171,-0.21976396,-0.276862,-0.06440711,0.28571054,0.024188971,0.37543604,0.30917722,0.21769485,-0.392313,-0.14120711,0.42262036,-0.18826593,-0.7183365,-0.18650907,-0.06478358,-0.016469853,0.01753799,-0.12037574,0.3415537,-0.27221888,-0.22641495,-0.3498973,0.38183603,-0.4406267,0.34582034,-0.21838358,0.2120478,0.1811772,-0.06465809,0.0049889707,-0.37988946,0.18017328,0.23589092,-0.24712083,0.1825576,-0.07833652,-0.04671299,-0.04683848,-0.20395221,-0.53512084,0.2592321,0.1608478,-0.15312868,0.0890674,0.032220345,-0.2950581,0.14127132,-0.069552206,0.04891054,0.4307772,0.07664387,-0.37311298,0.1914674,0.45336545,-0.3742424,-0.24461102,0.029334068,-0.3102424,0.3223537,-0.07030515,0.035106618,0.0494125,-0.49885416,-0.20596005,0.33854192,-0.03943456,-0.43535614,0.29198503,-0.21574828,0.0558125,-0.20683847,0.1558282,0.08342034,0.29612622,0.29738113,-0.03328554,-0.03905809,-0.5376306,-0.39959142,-0.31865025,0.5782282,0.08605564,-0.16505024,-0.17822671,0.1134125,0.04878505,-0.093395345,0.27040073,-0.40586594,0.27479288,0.3976478,0.30127132,0.09358505,0.008879167,0.057694852,0.058698773,-0.09540319,-0.007560049,0.24605563,0.2594831,-0.19541888,-0.19203064,-0.10832868,0.34105173,-0.37499535,-0.18174045,-0.029144363,-0.105567895,0.4537419,0.08342034,-0.26230514,-0.022744363,-0.030022794,-0.03479142,-0.14748162,0.118808575,0.286087,-0.46083063,0.66845566,-0.13480711,0.32373407,0.23338112,-0.14196005,0.2515772,-0.22654045,0.17490269,0.05656544,0.118432105,0.06949093,0.21782035,-0.47777182,-0.3948228,-0.25577965,-0.0017875,-0.16643064,0.13298897,-0.2845169,-0.33734828,0.42651054,-0.12025025,-0.11686201,-0.09728554,-0.25188947,0.33189094,-0.34650907,0.4217419,0.073632106,-0.10042279,0.26400074,-0.18839142,-0.14974044,-0.13179535,0.021679167,-0.12652476,0.37957722,0.05531054,-0.03843064,-0.1169875,0.025443872,0.22007917,-0.24636789,0.356738,-0.3038424,-0.26167768,-0.22239926,-0.45581102,-0.45405418,-0.22126985,0.34945956,0.63005567,-0.5140385,-0.2950581,-0.14296398,-0.2501326,0.03196936,-0.061144363,0.18205564,0.01778897,-0.14421888,0.3923772,-0.3935679,0.21167132,-0.29179534,0.22673015,-0.18374829,0.27153015,0.22472231,-0.35679927,0.36276153,0.072628185,0.22045563,-0.3023365,-0.35604632,-0.6077797,-0.17408554,-0.1873875,0.24040858,0.024063481,0.30064386,-0.1541326,-0.02086201,-0.39294043,0.2120478,0.25258112,-0.12188162,0.19761643,-0.11159142,0.12558505,0.022306617,0.057694852,0.15143603,-0.08461103,-0.24323064,0.2911066,0.09120073,0.24580465,-0.21486986,0.03560858,0.13047917,-0.411513,0.5016792,0.13336544,0.083545834,-0.3167679,-0.14911298,0.26902035,-0.006807108,-0.018854167,-0.42933258,0.11943603,0.48009485,0.6138674,0.25345957,0.2877184,0.21418113,0.027702697,0.13625172,-0.18312083,-0.2846424,-0.03353652,-0.15701887,-0.13028947,0.31143603,-0.11071299,0.44269878,0.009632108,0.2824478,0.17728701,0.022432107,-0.39055613,-0.06766985,0.362887,0.097098775,0.12345172,-0.12137966,-0.069928676,-0.23457181,0.42550662,-0.321662,-0.17822671,0.25120074,0.15507525,0.18431446,-0.020360049,0.052800734,0.26036152,-0.25828946,0.30315366,0.23174976,0.04213407,-0.19692476,-0.18512867,-0.08724632,0.11353799,0.24731053,-0.19027378,0.31871447,0.15156151,-0.06415613,-0.07193652,0.41722426,-0.08561495,0.01653407,0.24128701,0.30202428,0.1838125,-0.025756128,0.1657419,-0.20508161,-0.094650246,0.120816424,-0.5242032,-0.026383579,-0.15827377,-0.14070515,0.37518504,0.3705419,0.15105955,0.063718386,-0.23017965,0.35573408,-0.1464777,-0.07356789,-0.03353652,0.32034582,-0.037803188,0.16561642,0.1313576,0.03008701,-0.26594436,0.24555367,0.1813027,-0.16592868,0.18343604,-0.24511299,0.039875247,0.2593576,-0.2399679,0.09998505,0.37041643,-0.14421888,0.23275368,0.0009732843,-0.0657875,0.04351446,-0.51341105,0.073004656,0.14729485,0.10651054,-0.15325417,-0.22139534,-0.105567895,0.36514583,-0.23783456,0.008502696,0.18243212,-0.08674436,0.018541912,0.108769365,0.084047794,0.06949093,0.03636152,0.09107524,-0.18851691,0.31093407,-0.07745809,0.43052623,-0.06641495,0.10161642,-0.15463457,-0.30622673,-0.08950514,0.21894975,-0.0047992645,0.17854191,-0.29656398,-0.016344363,-0.18776397,0.13687916,0.06723211,0.34167916,0.08881642,0.15808702,0.083545834,0.12734191,0.2569733,-0.12777966,-0.15563849,0.04476936,-0.018728677,-0.09992083,-0.22014044,-0.14685416,0.2951223,-0.25465024,-0.2373326,-0.050979655,-0.33283064,-0.037928678,0.0008477941,0.17138897,-0.45970124,0.15909094,0.30227524,-0.55796003,-0.1719522,0.23551446,0.2299929,0.32649484,0.28018898,-0.2142424,0.32385957,0.23287916,-0.13806985,0.17189093,0.14064388,-0.16090907,0.108267404,-0.1527522,-0.25665808,-0.20495613,0.44006348,-0.17998357,-0.1642973,0.13173407,0.06120858,-0.03855613,-0.12489338,-0.15676789,0.31783602,0.03686348,-0.21123064,-0.2653169,0.04251054,0.32247916,-0.17634436,-0.08436005,0.18720074,0.096220344,-0.42456397,-0.06779534,-0.22892475,0.10048701,0.17653407,-0.09126201,-0.1246424,0.04200858,-0.20031299,-0.22980319,0.11629877,0.40065956,-0.25966984,0.37267524,0.2824478,-0.23231299,0.08091054,-0.05901103,-0.52846986,0.1351223,0.22560073,-0.24574044,0.35372624,-0.05976397,-0.17370906,0.18142818,0.14177328,0.008628186,-0.45844632,0.44721642,-0.712062,0.122447796,-0.73841494,-0.23444632,0.57345957,-0.24059534,0.48561642,0.07902819,0.10563211,-0.13041495,-0.011073775,-0.52608556,-1.20436,0.17540465,-0.12865809,-0.47990516,0.37756938,0.06020466,0.09534191,0.14880073,-0.043324754,0.20062819,-0.1656777,-0.17170122,0.040000737,0.1416478,0.44972622,-0.13919927,-0.5431522,-0.18901888,0.04489485,-0.44414043,-0.64467376,0.20238505,0.06472231,0.29687917,-0.119120836,0.6117341,0.07990662,0.48134977,-0.17923063,-0.28037575,0.47921643,-0.01471299,0.5296635,0.31018114,0.13198505,0.2709027,-0.16404632,-0.13556005,-0.32040712,0.14001642,-0.4840463,-0.21825808,-0.5673718,0.31658113,-0.5879522,0.5550125,0.31883994,0.06685564,0.03774191,-0.068297304,0.045145832,-0.4162816,0.0545576,0.033475246,-0.19679926,-0.09214044,0.21932623,0.3566125,-0.16969338,-0.635011,-0.016218873,-0.15927769,-0.0965326,0.3081733,-0.35316005,0.49389878,0.071498774,0.2736635,-0.042195342,0.33841643,0.13236152,-0.50174046,-0.009442402,-0.105944365,0.3414282,-0.13116789,-0.0073090685,0.38409486,0.024816422,0.35849485,-0.13593651,-0.45568553,0.5009262,-0.3434973,0.08065956,-0.30810907,0.7069811,0.3387929,0.32536545,0.17665955,0.09094975,-0.22340319,-0.347513,-0.15764633,0.18958504,0.052173283,0.46754584,0.8260713,-0.049599264,-0.4282032,0.10211838,0.452738,-0.19692476,0.021553677,0.13022819,0.5580243,0.14302818,-0.04445417,0.22961642,-0.10883064,-0.4740071,
1,1,0,0,0,0,0,0,0,0,0,0,0,0,0,0,0,0,0,0,0,0,0,0,0,0,0,0,0,0,0,0,0,0,0,0,0,0,0,0,0,0,0,0,0,0,0,0,1,0,0,0,0,0,0,0,0,0,0,0,0,0,0,0,0,0,0,0,0,0,0,0,0,0,0,0,0,0,0,0,0,0,0,0,0,1,0,0,0,0,0,0,0,0,0,0,0,0,0,0,0,0,0,0,0,0,0,0,0,0,0,0,0,0,0,0,0,0,0,0,0,0,0,0,0,0,0,0,0,0,0,0,0,0,0,0,0,0,0,0,0,0,0,0,0,0,0,0,0,0,0,0,0,0,0,0,0,0,0,0,0,0,0,0,0,0,0,0,0,0,0,0,0,0,0,0,0,0,0,0,0,0,0,0,0,0,0,0,0,0,0,0,0,0,0,0,0,0,0,0,0,0,0,0,0,0,0,0,0,0,0,0,0,0,0,0,0,0,0,0,0,0,0,0,0,0,0,0,0,0,0,0,0,0,0,0,0,0,0,0,0,0,0,0,0,0,0,0,0,0,0,0,0,0,0,0,0,0,0,0,0,0,0,0,0,0,0,0,0,0,0,0,0,0,0,0,0,0,0,0,0,0,0,0,0,0,0,0,0,0,0,0,0,0,0,0,0,0,0,0,0,0,0,0,0,0,0,0,0,0,0,0,0,0,0,0,0,0,0,0,0,0,0,0,0,0,0,0,0,0,0,0,0,0,0,0,0,0,0,0,0,0,0,0,0,0,0,0,0,0,0,0,0,0,0,0,0,0,0,0,0,0,0,0,0,0,0,0,0,0,0,0,0,0,0,0,0,0,0,0,0,0,0,0,0,0,0,0,0,0,0,0,0,0,0,0,0,0,0,0,0,0,0,0,0,0,0,0,0,0,0,0,0,0,0,0,0,0,0,0,0,0,0,0,0,0,0,0,0,0,0,0,0,0,0,0,0,0,0,0,0,0,0,0,0,0,0,0,0,0,0,0,0,0,0,0,0,0,0,0,0,0,0,0,0,0,0,0,0,0,0,0,0,0,0,0,0,0,0,0,0,0,0,0,0,0,0,0,0,0,0,0,0,0,0,0,0,0,0,0,0,0,0,0,0,0,0,0,0,0,0,0,0,0,0,0,0,0,0,0,0,0,0,0,0,0,0,0,0,0,0,0,0,0,0,0,0,0,0,0,0,0,0,0,0,0,0,0,0,0,0,0,0,0,0,0,0,0,0,0,0,0,0,0,0,0,0,0,0,0,0,0,0,0,0,0,0,0,0,0,0,0,0,0,0,0,0,0,0,0,0,0,0,0,0,0,0,0,0,0,0,0,0,0,0,0,0,0,0,0,0,0,0,0,0,0,0,0,0,0,0,0,0,0,0,0,0,0,0,0,0,0,0,0,0,0,0,0,0,0,0,0,0,0,0,0,0,0,0,0,0,0,0,0,0,0,0,0,0,0,0,0,0,0,0,0,0,0,0,0,0,0,0,0,0,0,0,0,0,0,0,0,0,0,0,0,0,0,0,0,0,0,0,0,0,0,0,0,0,0,0,0,0,0,0,0,0,0,0,0,0,0,0,0,0,0,0,0,0,0,0,0,0,0,0,0,0,0,0,0,0,0,0,0,0,0,0,0,0,0,0,0,0,0,0,0,0,0,0,0,0,0,0,0,0,0,0,0,0,0,0,0,0,0,0,0,0,0,0,0,0,0,0,0,0,0,0,0,0,0,0,0,0,0,0,0,0,0,0,0,0,0,0,0,0,0,0,0,0,0,0,0,0,0,0,0,0,0,0,0,0,0,0,0,0,0,0,0,0,0,0,0,0,0,0,0,0,0,0,0,0,0,0,0,0,0,0,0,0,0,0,0,0,0,0,0,0,0,0,0,0,0,0,0,0,0,0,0,0,0,0,0,0,0,0,0,0,0,0,0,0,0,0,0,0,0,0,0,0,0,0,0,0,0,0,0,0,0,0,0,0,0,0,0,0,0,0,0,0,0,0,0,0,0,0,0,0,0,0,0,0,0,0,0,0,0,0,0,0,0,0,0,0,0,0,0,0,0,0,0,0,0,0,0,0,0,0,0,0,0,0,0,0,0,0,0,0,0,0,0,0,0,0,0,0,0,0,0,0,0,0,0,0,0,0,0,0,0,0,0,0,0,0,0,0,0,0,0,0,0,0,0,0,0,0,0,0,0,0,0,0,0,0,0,0,0,0,0,0,0,0,0,0,0,0,0,0,0,0,0,0,0,0,0,0,0,0,0,0,0,0,0,0,0,0,0,0,0,0,0,0,0,0,0,0,0,0,0,0,0,0,0,0,0,0,0,0,0,0,0,0,0,0,0,0,0,0,0,0,0,0,0,0,0,0,0,0,0,0,0,0,0,0,0,0,0,0,0,0,0,0,0,0,0,0,0,0,0,0,0,0,0,0,0,0,0,0,0,0,0,0,0,0,0,0,0,0,0,0,0,0,0,0,0,0,0,0,0,0,0,0,0,0,0,0,0,0,0,0,0,0,0,0,0,0,0,0,0,0,0,0,0,0,0,0,0,0,0,0,0,0,0,0,0,0,0,0,0,0,0,0,0,0,0,0,0,0,0,0,0,0,0,0,0,0,0,0,0,0,0,0,0,0,0,0,0,0,0,0,0,0,0,0,0,0,0,0,0,0,0,0,0,0,0,0,0,0,0,0,0,0,0,0,0,0,0,0,0,0,0,0,0,0,0,0,0,0,0,0,0,0,0,0,0,0,0,0,0,0,0,0,0,0,0,0,0,0,0,0,0,0,0,0,0,0,0,0,0,0,0,0,0,0,0,0,0,0,0,0,0,0,0,0,0,0,0,0,0,0,0,0,0,0,0,0,0,0,0,0,0,0,0,0,0,0,0,0,0,0,0,0,0,0,0,0,0,0,0,0,0,0,0,0,0,0,0,0,0,0,0,0,0,0,0,0,0,0,0,0,0,0,0,0,0,0,0,0,0,0,0,0,0,0,0,0,0,0,0,0,0,0,0,0,0,0,0,0,0,0,0,0,0,0,0,0,0,0,0,0,0,0,0,0,0,0,0,0,0,0,0,0,0,0,0,0,0,0,0,0,0,0,0,0,0,0,0,0,0,0,0,0,0,0,0,0,0,0,0,0,0,0,0,0,0,0,0,0,0,0,0,0,0,0,0,0,0,0,0,0,0,0,0,0,0,0,0,0,0,0,0,0,0,0,0,0,0,0,0,0,0,0,0,0,0,0,0,0,0,0,0,0,0,0,0,0,0,0,0,0,0,0,0,0,0,0,0,0,0,0,0,0,0,0,0,0,0,0,0,0,0,0,0,0,0,0,0,0,0,0,0,0,0,0,0,0,0,0,0,0,0,0,0,0,0,0,0,0,0,0,0,0,0,0,0,0,0,0,0,0,0,0,0,0,0,0,0,0,0,0,0,0,0,0,0,0,0,0,0,0,0,0,0,0,0,0,0,0,0,0,0,0,0,0,0,0,0,0,0,0,0,0,0,0,0,0,0,0,0,0,0,0,0,0,0,0,0,0,0,0,0,0,0,0,0,0,0,0,0,0,0,0,0,0,0,0,0,0,0,0,0,0,0,0,0,0,0,0,0,0,0,0,0,0,0,0,0,0,0,0,0,0,0,0,0,0,0,0,0,0,0,0,0,0,0,0,0,0,0,0,0,0,0,0,0,0,0,0,0,0,0,0,0,0,0,0,0,0,0,0,0,0,0,0,0,0,0,0,0,0,0,0,0,0,0,0,0,0,0,0,0,0,0,0,0,0,0,0,0,0,0,0,0,0,0,0,0,0,0,0,0,0,0,0,0,0,0,0,0,0,0,0,0,0,0,0,0,0,0,0,0,0,0,0,0,0,0,0,0,0,0,0,0,0,0,0,0,0,0,0,0,0,0,0,0,0,0,0,0,0,0,0,0,0,0,0,0,0,0,0,0,0,0,0,0,0,0,0,0,0,0,0,0,0,0,0,0,0,0,0,0,0,0,0,0,0,0,0,0,0,0,0,0,0,0,0,0,0,0,0,0,0,0,0,0,0,0,0,0,0,0,0,0,0,0,0,0,0,0,0,0,0,0,0,0,0,0,0,0,0,0,0,0,0,0,0,0,0,0,0,0,0,0,0,0,0,0,0,0,0,0,0,0,0,0,0,0,0,0,0,0,0,0,0,0,0,0,0,0,0,0,0,0,0,0,0,0,0,0,0,0,0,0,0,0,0,0,0,0,0,0,0,0,0,0,0,0,0,0,0,0,0,0,0,0,0,0,0,0,0,0,0,0,0,0,0,0,0,0,0,0,0,0,0,0,0,0,0,0,0,0,0,0,0,0,0,0,0,0,0,0,0,0,0,0,0,0,0,0,0,0,0,0,0,0,0,0,0,0,0,0,0,0,0,0,0,0,0,0,0,0,0,0,0,0,0,0,0,0,0,0,0,0,0,0,0,0,0,0,0,0,0,0,0,0,0,0,0,0,0,0,0,0,0,0,0,0,0,0,0,0,0,0,0,0,0,0,0,0,0,0,0,0,0,0,0,0,0,0,0,0,0,0,0,0,0,0,0,0,0,0,0,0,0,0,0,0,0,0,0,0,0,0,0,0,0,0,0,0,0,0,0,0,0,0,0,0,0,0,0,0,0,0,0,0,0,0,0,0,0,0,0,0,0,0,0,0,0,0,0,0,0,0,0,0,0,0,0,0,0,0,0,0,0,0,0,0,0,0,0,0,0,0,0,0,0,0,0,0,0,0,0,0,0,0,0,0,0,0,0,0,0,0,0,0,0,0,0,0,0,0,0,0,0,0,0,0,0,0,0,0,0,0,0,0,0,0,0,0,0,0,0,0,0,0,0,0,0,0,0,0,0,0,0,0,0,0,0,0,0,0,0,0,0,0,0,0,0,0,0,0,0,0,0,0,0,0,0,0,0,0,0,0,0,0,0,0,0,0,0,0,0,0,0,0,0,0,0,0,0,0,0,0,0,0,0,0,0,0,0,0,0,0,0,0,0,0,0,0,0,0,0,0,0,0,0,0,0,0,0,0,0,0,0,0,0,0,0,0,0,0,0,0,0,0,0,0,0,0,0,0,0,0,0,0,0,0,0,0,0,0,0,0,0,0,0,0,0,0,0,0,0,0,0,0,0,0,0,0,0,0,0,0,0,0,0,0,0,0,0,0,0,0,0,0,0,0,0,0,0,0,0,0,0,0,0,0,0,0,0,0,0,0,0,0,0,0,0,0,0,0,0,0,0,0,0,0,0,0,0,0,0,0,0,0,0,0,0,0,0,0,0,0,0,0,0,0,0,0,0,0,0,0,0,0,0,0,0,0,0,0,0,0,0,0,0,0,0,0,0,0,0,0,0,0,0,0,0,0,0,0,0,0,0,0,0,0,0,0,0,0,0,0,0,0,0,0,0,0,0,0,0,0,0,0,0,0,0,0,0,0,0,0,0,0,0,0,0,0,0,0,0,0,0,0,0,0,0,0,0,0,0,0,0,0,0,0,0,0,0,0,0,0,0,0,0,0,0,0,0,0,0,0,0,0,0,0,0,0,0,0,0,0,0,0,0,0,0,0,0,0,0,0,0,0,0,0,0,0,0,0,0,0,0,0,0,0,0,0,0,0,0,0,0,0,0,0,0,0,0,0,0,0,0,0,0,0,0,0,0,0,0,0,0,0,0,0,0,0,0,0,0,0,0,0,0,0,0,0,0,0,0,0,0,0,0,0,0,0,0,0,0,0,0,0,0,0,0,0,0,0,0,0,0,0,0,0,0,0,0,0,0,0,0,0,0,0,0,0,0,0,0,0,0,0,0,0,0,0,0,0,0,0,0,0,0,0,0,0,0,0,0,0,0,0,0,0,0,0,0,0,0,0,0,0,0,0,0,0,0,0,0,0,0,0,0,0,0,0,0,0,0,0,0,0,0,0,0,0,0,0,0,0,0,0,0,0,0,0,0,0,0,0,0,0,0,0,0,0,0,0,0,0,0,0,0,0,0,0,0,0,0,0,0,0,0,0,0,0,0,0,0,0,0,0,0,0,0,0,0,0,0,0,0,0,0,0,0,0,0,0,0,0,0,0,0,0,0,0,0,0,0,0,0,0,0,0,0,0,0,0,0,0,0,0,0,0,0,0,0,0,0,0,0,0,0,0,0,0,0,0,0,0,0,0,0,0,0,0,0,0,0,0,0,0,0,0,0,0,0,0,0,0,0,0,0,0,0,0,0,0,0,0,0,0,0,0,0,0,0,0,0,0,0,0,0,0,0,0,0,0,0,0,0,0,0,0,0,0,0,0,0,0,0,0,0,0,0,0,0,0,0,0,0,0,0,0,0,0,0,0,0,0,0,0,0,0,0,0,0,0,0,0,0,0,0,0,0,0,0,0,0,0,0,0,0,0,0,0,0,0,0,0,0,0,0,0,0,0,0,0,0,0,0,0,0,0,0,0,0,0,0,0,0,0,0,0,0,0,0,0,0,0,0,0,0,0,0,0,0,0,0,0,0,0,0,0,0,0,0,0,0,0,0,0,0,0,0,0,0,0,0,0,0,0,0,0,0,0,0,0,0,0,0,0,0,0,0,0,0,0,0,0,0,0,0,0,0,0,0,0,0,0,0,0,0,0,0,0,0,0,0,0,0,0,0,0,0,0,0,0,0,0,0,0,0,0,0,0,0,0,0,0,0,0,0,0,0,0,0,0,0,0,0,0,0,0,0,0,0,0,0,0,0,0,0,0,0,0,0,0,0,0,0,0,0,0,0,0,0,0,0,0,0,0,0,0,0,0,0,0,0,0,0,0,0,0,0,0,0,0,0,0,0,0,0,0,0,0,0,0,0,0,0,0,0,0,0,0,0,0,0,0,0,0,0,0,0,0,0,0,0,0,0,0,0,0,0,0,0,0,0,0,0,0,0,0,0,0,0,0,0,0,0,0,0,0,0,0,0,0,0,0,0,0,0,0,0,0,0,0,0,0,0,0,0,0,0,0,0,0,0,0,0,0,0,0,0,0,0,0,0,0,0,0,0,0,0,0,0,0,0,0,0,0,0,0,0,0,0,0,0,0,0,0,0,0,0,0,0,0,0,0,0,0,0,0,0,0,0,0,0,0,0,0,0,0,0,0,0,0,0,0,0,0,0,0,0,0,0,0,0,0,0,0,0,0,0,0,0,0,0,0,0,0,0,0,0,0,0,0,0,0,0,0,0,0,0,0,0,0,0,0,0,0,0,0,0,0,0,0,0,0,0,0,0,0,0,0,0,0,0,0,0,0,0,0,0,0,0,0,0,0,0,0,0,0,0,0,0,0,0,0,0,0,0,0,0,0,0,0,0,0,0,0,0,0,0,0,0,0,0,0,0,0,0,0,0,0,0,0,0,0,0,0,0,0,0,0,0,0,0,0,0,0,0,0,0,0,0,0,0,0,0,0,0,0,0,0,0,0,0,0,0,0,0,0,0,0,0,0,0,0,0,0,0,0,0,0,0,0,0,0,0,0,0,0,0,0,0,0,0,0,0,0,0,0,0,0,0,0,0,0,0,0,0,0,0,0,0,0,0,0,0,0,0,0,0,0,0,0,0,0,0,0,0,0,0,0,0,0,0,0,0,0,0,0,0,0,0,0,0,0,0,0,0,0,0,0,0,0,0,0,0,0,0,0,0,0,0,0,0,0,0,0,0,0,0,0,0,0,0,0,0,0,0,0,0,0,0,0,0,0,0,0,0,0,0,0,0,0,0,0,0,0,0,0,0,0,0,0,0,0,0,0,0,0,0,0,0,0,0,0,0,0,0,0,0,0,0,0,0,0,0,0,0,0,0,0,0,0,0,0,0,0,0,0,0,0,0,0,0,0,0,0,0,0,0,0,0,0,0,0,0,0,0,0,0,0,0,0,0,0,0,0,0,0,0,0,0,0,0,0,0,0,0,0,0,0,0,0,0,0,0,0,0,0,0,0,0,0,0,0,0,0,0,0,0,0,0,0,0,0,0,0,0,0,0,0,0,0,0,0,0,0,0,0,0,0,0,0,0,0,0,0,0,0,0,0,0,0,0,0,0,0,0,0,0,0,0,0,0,0,0,0,0,0,0,0,0,0,0,0,0,0,0,0,0,0,0,0,0,0,0,0,0,0,0,0,0,0,0,0,0,0,0,0,0,0,0,0,0,0,0,0,0,0,0,0,0,0,0,0,0,0,0,0,0,0,0,0,0,0,0,0,0,0,0,0,0,0,0,0,0,0,0,0,0,0,0,0,0,0,0,0,0,0,0,0,0,0,0,0,0,0,0,0,0,0,0,0,0,0,0,0,0,0,0,0,0,0,0,0,0,0,0,0,0,0,0,0,0,0,0,0,0,0,0,0,0,0,0,0,0,0,0,0,0,0,0,0,0,0,0,0,0,0,0,0,0,0,0,0,0,0,0,0,0,0,0,0,0,0,0,0,0,0,0,0,0,0,0,0,0,0,0,0,0,0,0,0,0,0,0,0,0,0,0,0,0,0,0,0,0,0,0,0,0,0,0,0,0,0,0,0,0,0,0,0,0,0,0,0,0,0,0,0,0,0,0,0,0,0,0,0,0,0,0,0,0,0,0,0,0,0,0,0,0,0,0,0,0,0,0,0,0,0,0,0,0,0,0,0,0.17751475,0.31415963,-0.100771375,0.5224966,-0.59552807,0.7450093,0.27686116,0.4987929,0.22480597,0.15125477,0.0704995,-0.25263774,-1.0425289,-1.5492536,-0.70730734,1.1434407,0.0553942,0.34169775,0.17065927,-0.4507496,-0.45760506,0.5348132,-0.7644751,0.16391999,0.3213637,-0.42507058,-0.17037196,-0.112158455,0.8531865,-1.0505463,-0.23032838,0.13800858,-1.0501977,-1.0330008,0.4685823,-0.122035,0.6503107,-0.045927513,-0.68093115,0.18344067,1.1641233,1.1113709,-0.3577939,-0.91448236,-0.41077864,0.82158154,0.8137965,-0.545332,-0.110531725,-0.048716184,-0.57263774,-0.44900668,-0.000727805,-0.9398128,-0.22916643,0.12697008,0.7188655,-0.08113448,0.44360045,0.791371,0.75418866,-0.119013935,0.2519955,-0.5011781,-0.59041554,0.26419595,-0.35000885,-0.23846202,0.12789965,-0.29644313,-0.41472927,-0.031286992,0.26570648,0.43430486,0.30951184,1.2639345,-0.4675978,-0.30422816,0.587217,0.7596498,0.8880449,-0.45318967,0.9071008,-0.047670435,0.6776164,0.32717344,-0.03651575,0.6026709,0.11314293,-0.16014683,-0.47259417,-0.6664068,-0.73263776,-0.6180698,0.4941451,-0.2734366,0.16368759,1.0453724,0.65356416,0.21167597,-0.21452592,0.04040509,-0.1456225,-0.5389413,-0.44517225,0.52749294,-0.31305897,0.453477,-0.44563702,-0.57507783,0.39572826,-0.24241263,-0.088570945,0.033201024,-0.28087306,-0.7207859,-0.16874523,-1.0020931,0.15671591,-0.41333494,0.6023223,-0.44331312,1.0346825,-0.67849106,-0.55474377,-0.2949326,0.29475513,-0.32491082,0.06689747,-0.28098923,-0.43843296,-0.31282657,0.65728235,0.031690497,0.079330295,0.015655637,0.15741308,0.48043415,0.39619303,-0.18373434,-0.24415554,0.3100928,0.06503835,-0.087060414,0.32810298,-0.25902846,-0.5627612,0.1116324,0.2786041,-0.44284835,-0.08218024,-0.537547,-0.69382876,0.8514436,0.49728236,-0.3037634,0.4291923,-0.028963098,0.3318212,0.19052856,-0.40171546,0.18251112,-0.19024125,0.102801606,0.7216542,0.15659972,0.080492236,0.42663604,0.8736368,0.49263456,-0.12668277,-0.44261596,0.6995772,-1.0668135,-0.65095294,0.4680013,-0.34617442,-0.6293407,-0.026174428,-0.15491807,0.3276382,0.048538715,0.23781976,0.57129836,-0.11843296,0.49298316,0.2786041,0.19715165,0.08583719,0.41931576,-0.5197692,0.18959899,0.5626999,0.2736077,0.36156705,0.64089894,0.5888437,0.09792143,-0.77179533,0.51017994,0.12731868,0.47369486,-0.29586217,-0.19663194,-0.08752519,-0.08903572,0.32031795,-0.6427031,-0.5308077,-0.34210762,-0.72926813,0.7604632,0.16694105,-0.6739595,-0.4072928,0.074914895,0.40362948,-0.4179827,-0.0136254085,-0.2819188,0.4336077,-0.3878883,0.011356436,0.21225694,-0.26611632,0.5446898,0.12034699,-0.020829475,-0.19233274,-0.047902822,0.5778052,0.42826274,0.5099476,0.27035427,0.35285243,-0.8655644,-0.6945259,-0.81443876,0.21876384,-0.26356006,0.48624387,0.5409715,0.08455905,-0.49013957,0.36354235,0.66773987,-0.63724196,0.19041236,0.6649512,-0.2795949,0.57548136,-0.045695126,0.81251836,-0.5968062,-0.47352374,-0.40752518,-0.14039375,-0.067655906,0.7279287,0.11291054,-0.3211926,0.010078295,-0.14736542,-0.038723446,-0.33513594,0.031109523,0.5266796,0.46091345,-0.5341773,-0.41670457,0.2568757,-0.30085853,-0.08868714,-0.54475105,0.029482799,-0.70265955,-0.15201321,-0.78248525,-0.44598562,0.5874494,-0.16560797,0.27500203,-0.05336397,-0.0893843,-0.00049541576,-0.04557893,-0.48595655,-0.2901686,-0.11657385,-0.01920275,0.018676698,0.26535788,-0.05231822,-0.5370822,0.3970064,0.14149442,-0.5255789,0.4597515,-0.2799435,-0.16491081,0.46277255,-0.1716501,-0.3662761,0.3709788,0.4942613,0.6935351,-0.1738578,-0.10541917,0.09501657,0.008567765,-0.5087307,0.09582993,0.108030364,0.06991853,0.027972268,-0.47573143,-0.34338576,-0.5197692,0.11860408,0.29847336,0.73071736,0.49612042,0.9190689,0.017282361,-0.26751065,-0.07137414,0.28116035,0.11709355,-0.39927536,0.23537968,-0.64037925,-0.44935524,0.032155275,0.3002163,-0.053480167,0.050978802,-0.4481933,0.19901076,-0.056733616,-0.036748137,0.64705724,0.20005651,-0.37545547,0.11767452,0.46149442,0.2410732,-0.06219476,-0.1717663,-0.51547,0.62532884,0.54480594,-0.37859273,0.47334626,-0.050226714,-0.29307348,-0.34954408,-0.2539159,-0.12110544,-0.07393042,-0.032913715,0.61231506,0.52970064,0.9688001,-0.34814975,-0.19070601,-0.0678883,-0.04674088,0.23933029,-0.5905317,-0.21568786,0.43302673,0.7809135,-0.18861452,-0.37545547,-0.15933347,-0.34954408,-0.2973727,0.16252564,0.037732616,-0.048483796,0.11023806,-0.5058258,-0.00990718,-0.006537536,0.14521265,0.25919956,0.48949733,-0.07962395,0.53237313,-0.33862177,-0.32363266,-0.052666802,-0.66338575,0.3586622,0.15427582,0.22213349,0.45254743,-0.0074670934,-0.38939884,0.053186502,0.34041962,0.12511097,0.35738403,-0.61865085,0.37876385,-0.113436595,-0.18826593,-0.027917348,0.6981829,0.11872027,-0.4089195,-0.2555426,0.10651983,-0.12691517,-0.39056078,0.24397808,0.14567742,-0.4136835,0.5933753,0.18193014,-0.26739448,1.0640798,-0.11041553,0.086185776,-0.010836737,0.10710081,0.22015817,0.3277544,0.41780522,0.40432665,0.36400712,-0.37626883,-0.38614538,0.54062295,-0.040698756,0.36923587,0.6991124,-0.25984183,0.10466072,-0.58646494,-0.043836012,-0.5093117,-0.08252882,0.37667233,-0.19918823,0.6152199,0.41850242,-0.139348,0.27535063,-0.49072054,0.16368759,0.5285387,-0.27657384,-0.38730732,-0.31561524,-0.11273942,-0.9328411,-0.6710546,0.07758737,0.048073936,-0.15247798,-0.08659563,-0.30806258,0.121857524,0.19877836,-0.11796818,-0.07207131,-0.32990718,0.13266362,-0.26785925,-0.22033565,-0.13016862,0.40293232,0.19947554,0.010426879,-0.14504153,0.08665055,-0.15549904,-0.33420637,-0.3878883,0.41954815,-0.55718386,0.06492216,0.31567016,-0.33327684,-0.59692246,-0.073233254,0.13789238,-0.46085852,0.39816836,-0.06312432,-0.10576775,0.03982412,0.123484254,-0.5971548,0.26791418,-0.109021194,-0.12110544,0.1484661,-0.2971403,-0.26925358,-0.047670435,0.19006377,-0.105070576,0.55596066,0.26814654,-0.34106186,-0.7789994,-0.085433684,0.11093523,-0.5890212,0.17484227,0.2912693,-0.1003066,0.23840074,-0.2966755,0.357965,-0.12331314,0.6341596,0.5502671,-0.4308803,-0.10844022,0.28383285,-0.05743078,-0.38556442,-0.08787377,0.31392723,-0.21638504,0.030993327,-0.23032838,-0.10321146,-0.24241263,-1.1173582,0.05086261,0.29487133,-0.11250704,-0.1284257,-0.006305147,-0.3794061,-0.65629786,-0.7099798,-0.12366172,-0.07509237,-0.38463485,-0.13958038,-0.26820785,-0.572173,0.1462584,0.6764545,0.15439202,0.46044865,-0.40659565,0.09501657,-0.20906477,-0.3361817,0.49065927,-0.15596382,0.49356413,0.28580815,-0.56578225,-0.28493986,-0.20546274,0.1397515,-0.4010183,-0.57960945,0.04505288,0.4296571,0.09780524,-0.14910834,0.3540144,0.27964982,0.2262003,0.1787929,-0.19791009,-0.415775,0.3686549,-0.43599287,-0.8326813,0.2517631,0.12638912,0.35935935,-0.11517951,-0.3486145,-0.50059706,-0.10948598,0.33077547,0.17251839,-0.1563124,0.4423223,0.19703545,0.03982412,0.58582264,-0.23590572,-0.22254334,0.06422499,-0.532783,0.42233682,-0.8226886,0.6152199,-0.01013957,0.42768177,0.014028912,0.9388219,-0.86719114,-0.3402485,0.80705726,0.42570648,-0.17943513,-0.2819188,0.55015093,0.111051425,-0.25089484,-0.5671766,0.019025281,-0.84081495,0.28278708,0.068291806,0.3862003,0.30439928,-0.35593477,0.16601148,-0.040350173,-0.3120132,0.027042711,0.015307053,-0.018389389,-0.7213669,0.20168324,-0.15968205,0.10454453,0.018792892,1.0715162,0.3217123,-0.59424996,0.0111240465,-0.13806985,0.09385462,-0.0829936,-0.08241263,0.020884395,0.44964257,0.11453726,-0.22056803,0.08630197,-0.2108077,-0.017692221,0.600347,0.2219011,0.27988222,0.12139275,0.12394903,0.4269846,-0.13539737,-0.25670457,-0.41519403,-0.21882512,-0.3508222,0.5755975,-0.30434436,0.18413785,-0.30724922,-0.784112,-0.38021946,-0.4767772,-0.2706479,-0.19732912,-0.012463463,0.52842253,0.531676,-0.11587668,-0.6386363,-0.68093115,0.59720975,-0.2818026,-0.102281906,-0.26960218,0.30904707,-0.09461306,0.070848085,-0.024199119,-0.29435164,-0.37615263,0.035873502,-0.02745257,-0.5634584,-0.063356705,-0.0893843,0.024951207,0.032271467,-0.23404661,-0.4918825,0.31113857,0.08688294,0.21934481,0.62846607,0.3174131,-0.04151212,0.509018,0.20795774,0.037732616,-0.62992173,0.4491778,-0.4201904,-0.30295002,0.47822645,0.5115743,0.17054307,0.27651256,-0.044997957,0.58849514,0.1763528,-0.13714029,0.75093526,0.25978056,-0.2991156,-0.24647944,-0.5914613,-0.2794787,0.90605503,0.022627315,-0.41496164,0.2762802,-0.30817878,-0.17850558,0.46986043,-0.49234727,-0.27215844,-0.04011778,0.7044574,0.29731143,-0.07834581,0.41338983,0.0576019,0.063876405,0.34762368,-0.36162832,-0.333974,-0.114598535,-0.6464213,0.14881468,-0.25972563,-0.02873071,-0.061032817,0.17797953,-0.20674087,0.17054307,-0.16595656,-0.60354555,-0.042906456,0.7312983,0.25373843,0.46939564,0.47834265,-0.66629064,0.20365854,-0.37847653,0.31090617,-0.7102122,-0.2321875,-0.058708925,-0.075905725,0.5236585,-0.13226013,0.20586625,0.07003472,-0.0056079794,-0.10274669,-0.2148745,0.660071,0.2262003,-0.15817152,-0.25705314,0.49995485,-0.10751066,0.6951618,0.13092071,0.52993304,0.32089892,-0.31979826,0.37214074,0.19877836,0.03250386,0.093157455,-0.38614538,0.5351618,0.37446463,-0.2705317,0.4384879,-0.5504446,0.24235135,0.34866944,0.30927947,0.6183572,0.07874932,-0.52476555,0.10895992,0.06922136,0.5839636,0.5372533,-0.08322599,0.4165271,-0.4185637,0.26651984,0.23352057,0.12557575,-0.2899362,-0.2706479,-0.047786627,-0.8350052,0.3059098,0.31555396,0.45208266,0.14010008,-0.2561236,-0.020132307,-0.13481641,0.31323007,0.4053724,0.16670865,0.2712838,-0.28493986,0.13057213,-0.19953682,-0.48165736,-0.04151212,-0.25937703,-0.11669004,-0.19674814,-0.03953681,0.08107321,-0.020480892,0.16136369,-0.4985056,-0.10274669,-0.0829936,0.5150601,0.46672317,-0.09844749,0.35703546,-0.1974453,0.33286697,-0.12075686,-0.057779368,-0.078578204,0.10756559,-0.2256806,-0.027336374,0.35017997,0.047492966,-0.38742352,-0.09054625,-0.120059684,0.11476965,-0.1632841,0.595583,-0.13156295,0.4209425,-0.0613814,0.22968614,-0.10379244,-0.24345838,0.057485703,-0.30457675,-0.2601904,-0.69138867,-0.13841844,-0.30283383,0.007405819,-0.4830517,0.25722426,0.12557575,0.27500203,0.0021770606,0.055045616,0.022627315,-0.20883238,-0.4162398,0.19447917,0.25025257,0.048771106,-0.17548452,0.3251981,-0.015716912,0.09106595,-0.22939883,-0.42995074,-0.3918389,0.03029616,0.31671593,-0.14748162,0.61800855,-0.5270895,-0.16560797,-0.13307348,-0.1198273,0.11744213,0.12615673,0.1851836,-0.070444584,-0.37092388,0.37911242,-0.74077135,-0.087409,-0.29830223,-0.21127246,-0.3144533,-0.21011052,0.052373137,0.22736225,0.15683211,-0.32502702,0.3365852,0.56897444,-0.26867262,0.14579362,-0.33955133,-0.02071328,0.349018,0.6037166,-0.26425722,-0.06440246,-0.3378084,-0.5800742,-0.043487426,-0.2709965,-0.07939157,0.24595338,-0.34338576,0.57943195,-0.33443877,0.19122572,0.1656629,-0.29214394,-0.24880333,-0.23915918,-0.42088756,-0.50989264,0.17089166,-0.9517808,-0.14446056,-0.106464915,-0.1523618,0.33739856,0.13068831,0.33821192,-0.37777936,-0.4695731,0.089904,-0.026987791,-0.54300815,0.112329565,0.02878563,-0.24973288,-0.42995074,-0.50838214,0.12267089,0.5156411,0.057485703,0.074914895,-0.3531461,-0.0613814,-0.17072055,0.20133466,0.005779094,-0.5222093,0.30707175,-0.4377358,-0.4160074,-0.20000158,-0.49745983,0.113840096,-0.04104734,-0.052434415,-0.2865666,-0.739958,-0.038723446,0.14509645,0.24862586,0.080492236,-0.22126521,-0.13214393,0.44975877,0.28743488,0.06643269,-0.3555862,-0.62968934,-0.29191154,0.5631647,-0.041860703,-0.17350921,0.07177764,-0.03000885,0.22364402,0.24758011,-0.1389994,0.2370064,-0.05510689,-0.3897474,-0.07195511,-0.07253608,0.67750025,-0.35477284,-0.21592025,-0.23381422,0.44371665,-0.19244894,-0.22370529,0.32589528,0.2347987,0.041683234,-0.05987087,-0.1219188,0.54910517,0.057834286,0.034130584,-0.03372708,0.03180669,-0.048483796,-0.08775758,-0.43878156,-0.11018314,0.34007102,-0.1976777,-0.21812795,-1.6703284,-0.115992874,-1.4937125,1.8774421,-1.7023981,0.67285246,-1.708905,-1.372754,-1.4942936,0.24862586,1.933448,1.4138256,-0.3575615,-0.28935525,-1.3546276,1.6285533,-1.3729863,-1.8361381,0.9629904,-1.3406842,-0.53011054,0.3927072,-0.5373146,-0.33966753,-0.5478883,0.33484226,-0.4484257,1.7064036,-0.14202046,-1.7086726,0.71630925,-0.53568786,1.2251256,1.3650239,-0.6493262,1.1296135,1.3791996,1.3372533,1.633782,1.8094683,-1.5157895,0.57036877,-0.7749326,-0.7012652,-1.5444896,-0.12087305,-0.2410183,-1.2537707,-0.47933346,0.84911966,1.5347842,1.4525183,0.8345954,0.4463891,-1.4287598,1.4520535,0.6432228,1.7492795,0.51029617,-1.6466247,0.9050093,-0.8854337,-0.14341481,-0.10414102,-1.1173582,0.7252562,-0.38858548,-0.2276559,0.58256924,0.41269267,1.0004051,-0.49037197,1.1988655,0.012402188,1.2054886,1.0413055,0.2711676,-1.2686436,-0.45632693,-1.7398127,-0.8735818,-1.4415412,0.2996353,0.54887277,-1.3165158,-0.5347583,0.38492215,1.0655903,1.2762511,1.1714436,0.78079724,1.2038618,0.42535788,-0.33897036,-0.51442426,-1.2588832,-1.1973001,-0.4377358,-0.7814395,-1.2536545,-0.9517808,-0.7935237,-1.7567772,0.30149442,0.74198824,0.12127655,-0.9873364,-1.1106188,-0.891592,-1.2815411,-1.3289486,1.1310079,-0.07149033,0.4338401,0.8556266,0.609294,1.1957283,-0.00862904,0.9100057,0.87421775,-0.96793187,0.44069558,-1.712507,0.64392,0.29196647,-0.91006696,-0.09101103,1.4074348,
0,0,0,0,0,0,0,0,0,0,0,0,0,0,0,0,0,0,0,0,0,0,0,0,0,0,0,0,0,0,0,0,0,0,0,0,0,0,0,0,0,0,0,0,0,0,0,0,0,0,0,0,0,0,0,0,0,0,0,0,0,0,0,0,0,0,0,0,0,0,0,0,0,0,0,0,0,0,0,0,0,0,0,0,0,0,0,0,0,1,0,0,0,0,0,0,0,0,0,0,0,0,0,0,0,0,0,0,0,0,0,0,0,0,0,0,0,0,0,0,0,0,0,0,0,0,0,0,0,0,0,0,0,0,0,0,0,0,0,0,0,0,0,0,0,0,0,0,0,0,0,0,0,0,0,0,0,0,0,0,0,0,0,0,0,0,0,0,0,0,0,0,0,0,0,0,0,0,0,0,0,0,0,0,0,0,0,0,0,0,0,0,0,0,0,0,0,0,0,0,0,0,0,0,0,0,0,0,0,0,0,0,0,0,0,0,0,0,0,0,0,0,0,0,0,0,0,0,0,0,0,0,0,0,0,0,0,0,0,0,0,0,0,0,0,0,0,0,0,0,0,0,0,0,0,0,0,0,0,0,0,0,0,0,0,0,0,0,0,0,0,0,0,0,0,0,0,0,0,0,0,0,0,0,0,0,0,0,0,0,0,0,0,0,0,0,0,0,0,0,0,0,0,0,0,0,0,0,0,0,0,0,0,0,0,0,0,0,0,0,0,0,0,0,0,0,0,0,0,0,0,0,0,0,0,0,0,0,0,0,0,0,0,0,0,0,0,0,0,0,0,0,0,0,0,0,0,0,0,0,0,0,0,0,0,0,0,0,0,0,0,0,0,0,0,0,0,0,0,0,0,0,0,0,0,0,0,0,0,0,0,0,0,0,0,0,0,0,0,0,0,0,0,0,0,0,0,0,0,0,0,0,0,0,0,0,0,0,0,0,0,0,0,0,0,0,0,0,0,0,0,0,0,0,0,0,0,0,0,0,0,0,0,0,0,0,0,0,0,0,0,0,0,0,0,0,0,0,0,0,0,0,0,0,0,0,0,0,0,0,0,0,0,0,0,0,0,0,0,0,0,0,0,0,0,0,0,0,0,0,0,0,0,0,0,0,0,0,0,0,0,0,0,0,0,0,0,0,0,0,0,0,0,0,0,0,0,0,0,0,0,0,0,0,0,0,0,0,0,0,0,0,0,0,0,0,0,0,0,0,0,0,0,0,0,0,0,0,0,0,0,0,0,0,0,0,0,0,0,0,0,0,0,0,0,0,0,0,0,0,0,0,0,0,0,0,0,0,0,0,0,0,0,0,0,0,0,0,0,0,0,0,0,0,0,0,0,0,0,0,0,0,0,0,0,0,0,0,0,0,0,0,0,0,0,0,0,0,0,0,0,0,0,0,0,0,0,0,0,0,0,0,0,0,0,0,0,0,0,0,0,0,0,0,0,0,0,0,0,0,0,0,0,0,0,0,0,0,0,0,0,0,0,0,0,0,0,0,0,0,0,0,0,0,0,0,0,0,0,0,0,0,0,0,0,0,0,0,0,0,0,0,0,0,0,0,0,0,0,0,0,0,0,0,0,0,0,0,0,0,0,0,0,0,0,0,0,0,0,0,0,0,0,0,0,0,0,0,0,0,0,0,0,0,0,0,0,0,0,0,0,0,0,0,0,0,0,0,0,0,0,0,0,0,0,0,0,0,0,0,0,0,0,0,0,0,0,0,0,0,0,0,0,0,0,0,0,0,0,0,0,0,0,0,0,0,0,0,0,0,0,0,0,0,0,0,0,0,0,0,0,0,0,0,0,0,0,0,0,0,0,0,0,0,0,0,0,0,0,0,0,0,0,0,0,0,0,0,0,0,0,0,0,0,0,0,0,0,0,0,0,0,0,0,0,0,0,0,0,0,0,0,0,0,0,0,0,0,0,0,0,0,0,0,0,0,0,0,0,0,0,0,0,0,0,0,0,0,0,0,0,0,0,0,0,0,0,0,0,0,0,0,0,0,0,0,0,0,0,0,0,0,0,0,0,0,0,0,0,0,0,0,0,0,0,0,0,0,0,0,0,0,0,0,0,0,0,0,0,0,0,0,0,0,0,0,0,0,0,0,0,0,0,0,0,0,0,0,0,0,0,0,0,0,0,0,0,0,0,0,0,0,0,0,0,0,0,0,0,0,0,0,0,0,0,0,0,0,0,0,0,0,0,0,0,0,0,0,0,0,0,0,0,0,0,0,0,0,0,0,0,0,0,0,0,0,0,0,0,0,0,0,0,0,0,0,0,0,0,0,0,0,0,0,0,0,0,0,0,0,0,0,0,0,0,0,0,0,0,0,0,0,0,0,0,0,0,0,0,0,0,0,0,0,0,0,0,0,0,0,0,0,0,0,0,0,0,0,0,0,0,0,0,0,0,0,0,0,0,0,0,0,0,0,0,0,0,0,0,0,0,0,0,0,0,0,0,0,0,0,0,0,0,0,0,0,0,0,0,0,0,0,0,0,0,0,0,0,0,0,0,0,0,0,0,0,0,0,0,0,0,0,0,0,0,0,0,0,0,0,0,0,0,0,0,0,0,0,0,0,0,0,0,0,0,0,0,0,0,0,0,0,0,0,0,0,0,0,0,0,0,0,0,0,0,0,0,0,0,0,0,0,0,0,0,0,0,0,0,0,0,0,0,0,0,0,0,0,0,0,0,0,0,0,0,0,0,0,0,0,0,0,0,0,0,0,0,0,0,0,0,0,0,0,0,0,0,0,0,0,0,0,0,0,0,0,0,0,0,0,0,0,0,0,0,0,0,0,0,0,0,0,0,0,0,0,0,0,0,0,0,0,0,0,0,0,0,0,0,0,0,0,0,0,0,0,0,0,0,0,0,0,0,0,0,0,0,0,0,0,0,0,0,0,0,0,0,0,0,0,0,0,0,0,0,0,0,0,0,0,0,0,0,0,0,0,0,0,0,0,0,0,0,0,0,0,0,0,0,0,0,0,0,0,0,0,0,0,0,0,0,0,0,0,0,0,0,0,0,0,0,0,0,0,0,0,0,0,0,0,0,0,0,0,0,0,0,0,0,0,0,0,0,0,0,0,0,0,0,0,0,0,0,0,0,0,0,0,0,0,0,0,0,0,0,0,0,0,0,0,0,0,0,0,0,0,0,0,0,0,0,0,0,0,0,0,0,0,0,0,0,0,0,0,0,0,0,0,0,0,0,0,0,0,0,0,0,0,0,0,0,0,0,0,0,0,0,0,0,0,0,0,0,0,0,0,0,0,0,0,0,0,0,0,0,0,0,0,0,0,0,0,0,0,0,0,0,0,0,0,0,0,0,0,0,0,0,0,0,0,0,0,0,0,0,0,0,0,0,0,0,0,0,0,0,0,0,0,0,0,0,0,0,0,0,0,0,0,0,0,0,0,0,0,0,0,0,0,0,0,0,0,0,0,0,0,0,0,0,0,0,0,0,0,0,0,0,0,0,0,0,0,0,0,0,0,0,0,0,0,0,0,0,0,0,0,0,0,0,0,0,0,0,0,0,0,0,0,0,0,0,0,0,0,0,0,0,0,0,0,0,0,0,0,0,0,0,0,0,0,0,0,0,0,0,0,0,0,0,0,0,0,0,0,0,0,0,0,0,0,0,0,0,0,0,0,0,0,0,0,0,0,0,0,0,0,0,0,0,0,0,0,0,0,0,0,0,0,0,0,0,0,0,0,0,0,0,0,0,0,0,0,0,0,0,0,0,0,0,0,0,0,0,0,0,0,0,0,0,0,0,0,0,0,0,0,0,0,0,0,0,0,0,0,0,0,0,0,0,0,0,0,0,0,0,0,0,0,0,0,0,0,0,0,0,0,0,0,0,0,0,0,0,0,0,0,0,0,0,0,0,0,0,0,0,0,0,0,0,0,0,0,0,0,0,0,0,0,0,0,0,0,0,0,0,0,0,0,0,0,0,0,0,0,0,0,0,0,0,0,0,0,0,0,0,0,0,0,0,0,0,0,0,0,0,0,0,0,0,0,0,0,0,0,0,0,0,0,0,0,0,0,0,0,0,0,0,0,0,0,0,0,0,0,0,0,0,0,0,0,0,0,0,0,0,0,0,0,0,0,0,0,0,0,0,0,0,0,0,0,0,0,0,0,0,0,0,0,0,0,0,0,0,0,0,0,0,0,0,0,0,0,0,0,0,0,0,0,0,0,0,0,0,0,0,0,0,0,0,0,0,0,0,0,0,0,0,0,0,0,0,0,0,0,0,0,0,0,0,0,0,0,0,0,0,0,0,0,0,0,0,0,0,0,0,0,0,0,0,0,0,0,0,0,0,0,0,0,0,0,0,0,0,0,0,0,0,0,0,0,0,0,0,0,0,0,0,0,0,0,0,0,0,0,0,0,0,0,0,0,0,0,0,0,0,0,0,0,0,0,0,0,0,0,0,0,0,0,0,0,0,0,0,0,0,0,0,0,0,0,0,0,0,0,0,0,0,0,0,0,0,0,0,0,0,0,0,0,0,0,0,0,0,0,0,0,0,0,0,0,0,0,0,0,0,0,0,0,0,0,0,0,0,0,0,0,0,0,0,0,0,0,0,0,0,0,0,0,0,0,0,0,0,0,0,0,0,0,0,0,0,0,0,0,0,0,0,0,0,0,0,0,0,0,0,0,0,0,0,0,0,0,0,0,0,0,0,0,0,0,0,0,0,0,0,0,0,0,0,0,0,0,0,0,0,0,0,0,0,0,0,0,0,0,0,0,0,0,0,0,0,0,0,0,0,0,0,0,0,0,0,0,0,0,0,0,0,0,0,0,0,0,0,0,0,0,0,0,0,0,0,0,0,0,0,0,0,0,0,0,0,0,0,0,0,0,0,0,0,0,0,0,0,0,0,0,0,0,0,0,0,0,0,0,0,0,0,0,0,0,0,0,0,0,0,0,0,0,0,0,0,0,0,0,0,0,0,0,0,0,0,0,0,0,0,0,0,0,0,0,0,0,0,0,0,0,0,0,0,0,0,0,0,0,0,0,0,0,0,0,0,0,0,0,0,0,0,0,0,0,0,0,0,0,0,0,0,0,0,0,0,0,0,0,0,0,0,0,0,0,0,0,0,0,0,0,0,0,0,0,0,0,0,0,0,0,0,0,0,0,0,0,0,0,0,0,0,0,0,0,0,0,0,0,0,0,0,0,0,0,0,0,0,0,0,0,0,0,0,0,0,0,0,0,0,0,0,0,0,0,0,0,0,0,0,0,0,0,0,0,0,0,0,0,0,0,0,0,0,0,0,0,0,0,0,0,0,0,0,0,0,0,0,0,0,0,0,0,0,0,0,0,0,0,0,0,0,0,0,0,0,0,0,0,0,0,0,0,0,0,0,0,0,0,0,0,0,0,0,0,0,0,0,0,0,0,0,0,0,0,0,0,0,0,0,0,0,0,0,0,0,0,0,0,0,0,0,0,0,0,0,0,0,0,0,0,0,0,0,0,0,0,0,0,0,0,0,0,0,0,0,0,0,0,0,0,0,0,0,0,0,0,0,0,0,0,0,0,0,0,0,0,0,0,0,0,0,0,0,0,0,0,0,0,0,0,0,0,0,0,0,0,0,0,0,0,0,0,0,0,0,0,0,0,0,0,0,0,0,0,0,0,0,0,0,0,0,0,0,0,0,0,0,0,0,0,0,0,0,0,0,0,0,0,0,0,0,0,0,0,0,0,0,0,0,0,0,0,0,0,0,0,0,0,0,0,0,0,0,0,0,0,0,0,0,0,0,0,0,0,0,0,0,0,0,0,0,0,0,0,0,0,0,0,0,0,0,0,0,0,0,0,0,0,0,0,0,0,0,0,0,0,0,0,0,0,0,0,0,0,0,0,0,0,0,0,0,0,0,0,0,0,0,0,0,0,0,0,0,0,0,0,0,0,0,0,0,0,0,0,0,0,0,0,0,0,0,0,0,0,0,0,0,0,0,0,0,0,0,0,0,0,0,0,0,0,0,0,0,0,0,0,0,0,0,0,0,0,0,0,0,0,0,0,0,0,0,0,0,0,0,0,0,0,0,0,0,0,0,0,0,0,0,0,0,0,0,0,0,0,0,0,0,0,0,0,0,0,0,0,0,0,0,0,0,0,0,0,0,0,0,0,0,0,0,0,0,0,0,0,0,0,0,0,0,0,0,0,0,0,0,0,0,0,0,0,0,0,0,0,0,0,0,0,0,0,0,0,0,0,0,0,0,0,0,0,0,0,0,0,0,0,0,0,0,0,0,0,0,0,0,0,0,0,0,0,0,0,0,0,0,0,0,0,0,0,0,0,0,0,0,0,0,0,0,0,0,0,0,0,0,0,0,0,0,0,0,0,0,0,0,0,0,0,0,0,0,0,0,0,0,0,0,0,0,0,0,0,0,0,0,0,0,0,0,0,0,0,0,0,0,0,0,0,0,0,0,0,0,0,0,0,0,0,0,0,0,0,0,0,0,0,0,0,0,0,0,0,0,0,0,0,0,0,0,0,0,0,0,0,0,0,0,0,0,0,0,0,0,0,0,0,0,0,0,0,0,0,0,0,0,0,0,0,0,0,0,0,0,0,0,0,0,0,0,0,0,0,0,0,0,0,0,0,0,0,0,0,0,0,0,0,0,0,0,0,0,0,0,0,0,0,0,0,0,0,0,0,0,0,0,0,0,0,0,0,0,0,0,0,0,0,0,0,0,0,0,0,0,0,0,0,0,0,0,0,0,0,0,0,0,0,0,0,0,0,0,0,0,0,0,0,0,0,0,0,0,0,0,0,0,0,0,0,0,0,0,0,0,0,0,0,0,0,0,0,0,0,0,0,0,0,0,0,0,0,0,0,0,0,0,0,0,0,0,0,0,0,0,0,0,0,0,0,0,0,0,0,0,0,0,0,0,0,0,0,0,0,0,0,0,0,0,0,0,0,0,0,0,0,0,0,0,0,0,0,0,0,0,0,0,0,0,0,0,0,0,0,0,0,0,0,0,0,0,0,0,0,0,0,0,0,0,0,0,0,0,0,0,0,0,0,0,0,0,0,0,0,0,0,0,0,0,0,0,0,0,0,0,0,0,0,0,0,0,0,0,0,0,0,0,0,0,0,0,0,0,0,0,0,0,0,0,0,0,0,0,0,0,0,0,0,0,0,0,0,0,0,0,0,0,0,0,0,0,0,0,0,0,0,0,0,0,0,0,0,0,0,0,0,0,0,0,0,0,0,0,0,0,0,0,0,0,0,0,0,0,0,0,0,0,0,0,0,0,0,0,0,0,0,0,0,0,0,0,0,0,0,0,0,0,0,0,0,0,0,0,0,0,0,0,0,0,0,0,0,0,0,0,0,0,0,0,0,0,0,0,0,0,0,0,0,0,0,0,0,0,0,0,0,0,0,0,0,0,0,0,0,0,0,0,0,0,0,0,0,0,0,0,0,0,0,0,0,0,0,0,0,0,0,0,0,0,0,0,0,0,0,0,0,0,0,0,0,0,0,0,0,0,0,0,0,0,0,0,0,0,0,0,0,0,0,0,0,0,0,0,0,0,0,0,0,0,0,0,0,0,0,0,0,0,0,0,0,0,0,0,0,0,0,0,0,0,0,0,0,0,0,0,0,0,0,0,0,0,0,0,0,0,0,0,0,0,0,0,0,0,0,0,0,0,0,0,0,0,0,0,0,0,0,0,0,0,0,0,0,0,0,0,0,0,0,0,0,0,0,0,0,0,0,0,0,0,0,0,0,0,0,0,0,0,0,0,0,0,0,0,0,0,0,0,0,0,0,0,0,0,0,0,0,0,0,0,0,0,0,0,0,0,0,0,0,0,0,0,0,0,0,0,0,0,0,0,0,0,0,0,0,0,0,0,0,0,0,0,0,0,0,0,0,0,0,0,0,0,0,0,0,0,0,0,0,0,0,0,0,0,0,0,0,0,0,0,0,0,0,0,0,0,0,0,0,0,0,0,0,0,0,0,0,0,0,0,0,0,0,0,0,0,0,0,0,0,0,0,0,0,0,0,0,0,0,0,0,0,0,0,0,0,0,0,0,0,0,0,0,0,0,0,0,0,0,0,0,0,0,0,0,0,0,0,0,0,0,0,0,0,0,0,0,0,0,0,0,0,0,0,0,0,0,0,0,0,0,0,0,0,0,0,0,0,0,0,0,0,0,0,0,0,0,0,0,0,0,0,0,0,0,0,0,0,0,0,0,0,0,0,0,0,0,0,0,0,0,0,0,0,0,0,0,0,0,0,0,0,0,0,0,0,0,0,0,0,0,0,0,0,0,0,0,0,0,0,0,0,0,0,0,0,0,0,0,0,0,0,0,0,0,0,0,0,0,0,0,0,0,0,0,0,0,0,0,0,0,0,0,0,0,0,0,0,0,0,0,0,0,0,0,0,0,0,0,0,0,0,0,0,0,0,0,0,0,0,0,0,0,0,0,0,0,0,0,0,0,0,0,0,0,0,0,0,0,0,0,0,0,0,0,0,0,0,0,0,0,0,0,0,0,0,0,0,0,0,0,0,0,0,0,0,0,0,0,0,0,0,0,0,0,0,0,0,0,0,0,0,0,0,0,0,0,0,0,0,0,0,0,0,0,0,0,0,0,0,0,0,0,0,0,0,0,0,0,0,0,0,0,0,0,0,0,0,0,0,0,0,0,0,0,0,0,0,0,0.7139563,0.5783223,1.0415903,0.47641382,0.98177326,-1.1698607,0.14187786,-0.46570385,0.23280597,0.67573404,-0.89634436,-0.5118738,-1.4800307,0.91385174,-0.7300699,0.22684518,-1.6751156,0.29842687,-1.7327365,-0.12076266,1.3574072,-0.96416134,-0.49299794,-0.062984884,-0.094828025,0.5919694,0.92796934,-1.6990111,0.27583864,0.8965445,1.0968059,0.40383863,0.034740604,-0.27208292,0.0027406046,-1.8719261,0.19270138,0.8972766,-0.4797169,0.6827406,0.726453,-0.20688032,-1.3396908,0.21314584,0.92059684,0.5110805,0.26496282,-0.29697183,-0.63454044,-0.48494568,-0.9990895,0.10135499,0.185538,-0.4539914,0.74663603,-0.35412213,-0.52008295,0.5872112,-0.554279,0.44007394,-1.4784098,0.14219159,1.077355,-0.18580842,-0.12891953,0.32598242,1.2972765,1.3231589,-0.3412594,0.5944269,-0.41608292,-0.44928554,0.1459563,-0.53472346,-0.1631156,-0.4705143,-0.59417444,0.32415238,-0.3955862,-0.32813522,0.0066098855,-0.33043587,0.22778636,-0.5927104,0.058113154,-1.3798476,0.3786883,0.34836152,-0.65420055,0.6042569,0.17011315,0.18993014,-0.1412594,0.5573027,-0.13885416,0.5593942,0.44054452,-0.498279,-0.1197692,-0.7549065,-0.6234032,-1.3558999,-0.65634435,0.47630924,-1.4239783,-0.5230633,0.805721,-0.4397692,0.9278125,-0.36719403,0.11489747,0.101773284,0.4199432,-0.59490645,-0.60750777,0.25325042,0.23902819,1.3276033,0.29931578,0.33225694,0.09246609,0.5303223,-0.9844489,-0.8118476,-0.29263195,0.21325041,-0.5570502,-0.45195222,0.12953798,-0.20342933,0.47071445,-0.19987378,0.42501512,0.8202047,-0.40583456,0.34627002,-0.1437692,-0.09237051,0.0073941993,-0.9522921,-0.62606984,0.4562308,0.8379824,0.28943342,-0.33393914,-0.39485416,0.14208701,-0.6174947,0.30945957,-0.53216136,0.43385172,-0.79072344,-0.46152082,0.048544526,-0.72285414,-0.72510254,0.5952635,-0.013729984,-0.50533783,-0.6720306,0.26370794,-0.56850123,-1.103194,0.008283088,-0.5096777,-0.0033770425,-0.25456658,0.1922831,-0.17848815,0.15468831,0.9914465,-0.7685012,0.32169485,-0.24813521,0.27238765,0.38036153,-0.6940437,0.2725968,-0.17430514,0.16849224,0.34522426,-0.055194035,0.17136806,-0.31480187,-0.031455472,0.11102819,-0.67600447,-1.0738606,-0.5272986,0.07505433,0.533355,-0.3505143,0.6723354,-0.3761352,0.84336805,-0.39652738,0.7628975,0.4201001,0.21434845,-1.2662268,0.20833537,-1.1403183,0.57047915,0.26579943,-0.10648815,-0.56719404,-0.05922018,0.47803473,0.034060866,-0.3842398,-0.7698607,0.22694975,0.20828308,-0.7619653,-0.119612336,0.66360337,0.26266217,-1.0338085,0.31714582,-0.021468546,0.4152896,-0.048135214,-0.3167888,0.43238765,-0.998462,0.31238768,0.19155106,0.4087014,-0.99961233,-1.4141483,-1.222828,-0.9169457,-0.17613521,0.0011719771,0.55285823,-0.64055353,-0.22220057,-0.98533785,-0.57137704,-0.32426593,0.6372504,0.69978637,-0.16933782,0.1383746,1.215185,-0.15971692,0.39923733,0.47406086,0.4768844,0.2629236,0.87709355,1.0695641,-0.8468803,-0.17378227,-0.56301105,0.3155772,-0.22282802,-0.5635862,-0.7475862,0.023864787,-0.17739011,0.17570792,-0.12233129,-0.83250123,-0.30105025,-0.30852738,0.19233538,-0.101939134,0.15693669,0.77576023,0.71918505,-0.44123325,0.69058377,1.1125969,0.7091981,0.5039171,-0.42591298,1.2135642,0.1687014,-0.37796527,0.14454453,-0.46471038,-0.74732476,-0.83877575,0.79411316,-0.2662267,0.3005184,-0.022200571,-0.16886725,-0.8137823,0.3294334,-0.77420056,-0.9771287,0.28938112,-0.38026592,1.3439693,0.12901512,0.45617852,-0.99757314,0.99369484,0.65330267,-0.43574306,0.010008578,-0.7606058,0.3409367,-0.097076386,0.7081001,1.2010674,-0.41006985,0.6678909,-0.67454046,-0.7963705,0.5995511,-0.23616135,0.05900204,0.27672753,-0.24970384,0.845355,-0.06565155,-0.6551418,-0.14857966,0.8059824,-0.32965156,0.24012622,0.8431589,-1.1317431,0.7705315,0.36331576,0.2023223,-0.04646201,0.041694853,-0.27914175,-0.4801875,-0.35867116,-0.56635743,0.15207393,-0.30439666,0.4399171,-0.35495874,0.13393015,-0.3538084,0.8412765,-0.691011,0.12666218,0.55421776,0.14919811,-0.29733783,0.29356414,-1.2316123,-0.09231822,0.8660086,-1.1803182,0.2706099,-0.41142932,0.046609886,-0.37210906,0.25555107,-0.57739013,0.8763092,0.5919694,-0.35825285,1.2534072,0.6634465,0.1644661,0.49942034,0.20911969,0.46705434,0.7083615,0.39552492,0.62820464,-0.6103313,-0.94633126,-0.2486058,0.1687014,-0.494462,0.06773407,-0.6557169,1.2913158,-0.10199142,0.9973027,-0.78366464,-0.77461886,0.24561642,-0.6599522,0.7319432,-0.44980842,-0.45331168,0.00932884,-0.5605012,0.3488844,-0.19354698,0.5029236,0.0040477943,1.1474726,0.45006087,0.41565564,0.47568178,1.2035772,0.2238648,0.34281904,0.88002163,0.52253145,0.7185053,0.19259681,-0.21697181,-0.19464502,0.5430282,-0.67072344,0.29225695,0.12477982,0.10485825,-0.72107637,0.64268833,0.16932884,0.7993942,-0.28834435,0.2608321,-0.342462,-0.34010908,0.09921119,-0.51208293,-0.07668423,0.69220465,-1.3493117,0.64336807,0.22778636,-0.23840973,1.0621916,-0.38999143,0.29774714,-0.47945547,-0.24897182,-0.12013521,0.3076295,-0.8585404,-0.12337704,0.062819034,0.109773286,0.41680595,-1.0127366,0.4503746,-0.27281496,-0.6021221,-0.4447888,-0.21848816,-0.02742933,-0.35835743,-0.43072346,-0.75799143,0.7319432,-0.16750777,0.79928964,-0.50701106,0.14145955,-0.24714175,-0.3766058,0.9366491,-0.9923444,-0.07365155,0.7999694,-0.72081494,-0.3792202,-0.23422672,0.18088439,-0.12238358,-0.6127888,0.15719812,0.29267526,-0.582462,0.04713276,0.61037457,-0.027167892,0.21121119,-0.8964489,0.06036152,-0.20797835,-0.05942933,1.1733027,0.7395249,-0.999194,0.08938113,0.43212622,-0.6548803,-0.41859272,-0.2490764,-0.15631822,-0.04515482,-0.14533782,-0.029207109,0.36938113,0.15866217,-0.60494566,0.029825572,0.0058778594,0.81691056,-0.02742933,-0.92808294,-0.2490764,0.15536806,-0.2456254,-0.20505024,-0.7069588,0.8146099,-0.0052593956,0.6281001,0.12321119,0.42292362,0.103341915,1.3087798,-0.7407888,-0.17033128,0.17053145,0.13544649,0.8688321,0.49481905,-0.3012594,1.0011197,0.0781393,0.56342036,-0.70685416,-0.2107496,0.3138517,0.19458374,0.36185172,0.7004138,-0.38486725,0.7709498,1.1622177,0.23134191,-0.7374947,-0.322279,-0.47961235,0.35698897,-0.4503313,-0.4814424,-0.32499796,0.78564256,0.2090674,-0.24023978,0.5590282,-0.038671162,0.2334857,-0.33697182,-0.49859273,0.28258374,-0.04384763,-0.08384763,0.04760335,0.21633537,-1.086096,0.091420345,-0.40954697,0.1522308,0.7057471,-0.53216136,-0.10361233,-0.97634435,0.3122308,-0.28034437,-0.87208295,-1.0415993,0.3598125,0.6039432,-0.6380437,-0.23950776,0.32488438,0.42543343,-0.74936396,-0.027377043,0.13743341,-1.1979392,0.38077983,0.96451837,0.07385171,-0.26915482,0.51076674,0.4482308,-0.10465809,-0.2928411,0.6382962,0.65633535,0.77821773,0.3918125,-0.20301104,0.55081904,0.96598244,0.33236152,0.33513275,-0.05488031,0.6801785,0.3496164,-0.23961234,-0.582462,-0.7265143,0.2658517,0.20122427,-0.25461888,-0.84844893,-0.57352084,0.5567275,-0.19720711,-0.326096,-0.21927246,-0.4157692,-0.93038356,-0.08086724,1.5203876,0.28096282,-0.4603705,0.14658374,1.038453,-0.5672463,-0.081965275,0.1572504,-0.27616134,-0.8763705,0.45513275,-0.49932477,0.71745956,-0.92546856,0.28294975,0.90982556,-0.7290764,0.73670137,0.055707924,-0.02115482,0.3041785,-0.63825285,-0.66983455,1.0536164,0.7029236,1.239917,-0.361913,0.19740728,-0.5151679,0.29659683,0.5384269,1.1244661,-0.44029206,0.0621393,-0.81038356,-0.34946856,0.8604661,0.61398244,-0.15563849,-0.00029207516,0.19040073,-0.35443586,-0.04165155,0.3476295,0.55667526,0.269721,0.14747263,-0.47731167,-0.40091953,0.249904,0.39667526,0.4094857,0.50412625,0.19594322,-0.019533906,0.8329628,-0.8286842,-0.5082659,0.5442831,-0.6089195,-1.3358215,0.65047914,-0.390096,0.6372504,-0.18758619,0.44101512,-0.23971692,-0.5239522,0.5652504,0.113015115,-0.856815,0.611002,-0.19135089,-0.2140437,-0.47035745,-0.16912867,0.764623,0.837721,-0.8041091,0.43677983,0.015707925,-0.50570387,0.20331576,-0.99542934,0.6187406,-1.0955077,0.4612504,-0.12076266,0.24791707,-0.41535088,-0.25221366,0.2161785,0.2153942,0.1960478,-1.1572593,-0.980998,-0.24254043,-0.6239784,-0.67814827,-1.0593771,-0.48756006,-0.41111562,-0.07830515,0.7411981,-0.35694566,0.16441381,0.51521116,-0.06230515,-0.43448815,0.78778636,0.14857067,0.41340727,-0.5361875,0.374087,0.048126224,-0.7396908,0.037302695,-0.8077692,-1.2209979,-0.4310372,0.2785576,-0.71736395,0.07374714,0.22193015,-0.27250123,0.4970674,0.20263603,-0.3047104,0.4220347,0.00080596405,-1.051743,-0.24902411,0.69058377,0.2658517,0.1910282,0.5042308,0.10125041,0.90093666,-0.6216254,0.06747263,-0.20646201,-0.046723448,-0.041337825,0.020675246,0.9484138,-0.15814829,-0.6553509,0.014714461,0.18810008,0.106531456,-0.07375613,-0.03908946,0.5562047,0.038348448,0.11709355,-0.41806984,-0.0112201795,0.76713276,1.2972243,-0.014618873,0.036518384,0.27359027,-0.36170384,-0.008605801,1.3509237,0.13957721,-0.35616136,-0.23145548,0.5105576,-0.20238358,-1.0929457,-0.16572998,-0.16557312,-0.10491952,-0.7887888,1.2771981,0.09424387,0.089485705,-0.5401614,0.94815236,0.020413807,-0.41655353,0.7081001,-0.77101105,-0.94978225,-0.7040829,-0.83108944,-0.27396527,-0.47699797,0.6269497,-0.32342932,0.27453145,0.56462294,0.42077982,0.110819034,0.6179563,-0.31056657,0.46778634,0.14412622,-0.34172997,0.16054453,0.45889747,-0.124422796,0.15191707,0.36336806,0.1774857,0.8611981,-0.41880187,-1.2344881,0.67066216,0.44462296,-0.102828026,-0.12233129,-0.37341624,-0.39668423,-0.44572997,0.43202165,0.26151183,0.02166871,0.04070139,-0.11166462,0.3914465,0.45701513,-0.40322018,-0.74005675,0.44671446,-0.14774306,0.2612504,-0.23129861,0.3576687,-0.17210907,0.19285825,0.32352492,0.24875368,-0.23203063,-0.3985143,-0.5290764,1.030819,-0.3201352,0.034165442,-0.17728554,-0.46439666,0.20436151,-0.6150895,0.29722425,0.80838764,0.44582558,-1.188109,0.26736805,-0.5952725,0.12723733,0.35040075,0.4528321,-0.42580843,-0.48855352,-0.24154697,0.44854453,-0.31370384,-0.4676385,0.41126347,-0.34319404,-0.6671679,0.30951184,-0.35490644,-0.3610241,0.24289747,-0.44248816,-0.57885414,0.14391707,0.46522427,0.24681903,0.7705315,-0.22570384,0.26627,-0.025546977,0.26527655,-0.7311156,-0.46099797,-0.11469731,0.45487133,-1.0812856,0.27536806,0.20326348,0.13189094,-0.034331292,0.49649224,-0.21691953,-0.6086581,0.3859563,-0.03997835,0.41555107,-0.30512866,0.65189093,0.5695903,0.89889747,-0.11166462,-0.66753393,-0.28829208,1.3108714,-0.6275339,-0.085154824,0.23176022,-0.06350776,-0.12238358,0.5693811,-0.35746855,0.6357341,-0.11689338,0.31500205,0.48838767,-0.12959926,0.27881902,-0.6561875,1.193172,0.16943341,0.11034845,0.09811316,-0.019063316,0.09089747,0.89936805,0.09183864,0.374453,0.35040075,0.028675245,-0.34905025,0.49393016,0.11536805,0.34229615,0.58527654,0.080126226,0.4561262,1.3924923,-0.052631944,0.5312635,0.7600216,-0.2912202,0.59630924,0.62945956,0.28545955,-0.81759924,0.60755104,0.018270016,0.022453023,0.06585172,-0.5266189,0.14480597,0.43458375,0.5097733,0.3239955,-0.005573121,-0.4397169,-0.6056777,-0.3505143,-0.72536397,-0.34659272,-0.41111562,-0.78021365,-0.21922018,0.30041382,-0.5623313,0.07991707,-0.09456658,-0.17728554,0.393538,-0.30115482,-0.5033509,-0.19762541,0.33722427,-0.19082803,0.020832108,0.20274061,-0.063246325,-0.29477572,-1.0647104,0.7162569,-0.6594293,-0.7192463,-0.8127888,1.0363616,-0.7049195,0.27704126,0.05471446,1.4674203,-0.14105025,-0.38659272,-0.023821486,-0.5153248,-1.1052855,0.25764257,-0.0894424,-0.077102534,-0.23401757,-0.68918097,0.57304126,-0.64301103,0.11798243,0.24974714,-0.12682803,-0.4633509,-0.43166462,-0.06575613,-0.010801879,0.92922425,0.46663603,0.20718504,0.6283615,-0.05937704,-0.36797836,-0.6364751,-0.064501226,0.39427,0.26135498,0.22015236,0.050583743,0.3956295,-0.34314173,-0.4562398,0.9958909,0.6625576,1.6150805,0.7854857,-0.63773,-0.20280188,0.035577204,-1.0361613,-0.52123326,1.3234726,0.9677602,0.87793016,1.0768844,-0.0081875,-0.2952986,0.46940726,-0.76834434,1.0793942,-0.49833128,1.5810935,-0.57294565,-0.92750776,-0.08928554,1.7664007,-0.993181,1.0907929,0.47641382,-1.5333639,-0.080658086,0.34705433,-0.12191299,-1.4793509,0.97947264,-0.36750776,-0.9108803,-1.6549848,0.49100205,0.10187786,0.12885825,-0.89838356,0.2835772,0.028256945,0.10182557,-1.021364,-1.4387758,-0.32505023,0.026792891,-0.027481617,0.96383864,-0.49012214,-1.6038476,0.84279287,0.29063603,0.17466217,0.8701393,-0.005939134,-0.9298607,-0.37242278,1.0409105,0.5887798,-0.59788686,-0.30397835,1.0159171,-0.08489338,-0.6260176,-0.8118999,0.019211194,0.49487132,0.84922427,-0.48389992,-0.91014826,0.19630924,0.7327275,-0.60044897,-0.35145548,-0.56206983,-0.4785666,0.4890151,-0.5941221,-0.4768411,-0.19495875,0.86731577,-0.36133784,-0.4809718,0.41717198,-0.7479522,0.36875367,-0.4149326,-0.2027496,-0.8703051,-0.70685416,0.0023223038,0.7463746,0.9926491,-0.70356005,0.20289747,0.7016687,-0.3024097,-0.56672347,0.5026099,-0.19328554,0.4567014,-0.06654044,0.5559955,0.102662176,-0.9113509,-0.20384763,0.021511847,0.77288437,-0.2789326,0.06208701,-0.05969077,-0.20332475,0.39040074,0.012309232,-0.22105025,-0.013102532,-0.21901102,0.67196935,-0.14748162,0.29868832,0.32174715,0.2170674,0.32938114,0.48671445,-0.49843585,-0.10136397,-0.46999142,-0.3045535,
0,0,0,0,0,0,0,0,0,0,0,0,0,0,0,0,0,0,0,0,0,0,0,0,0,0,0,0,0,0,0,0,0,0,0,0,0,0,0,0,0,0,0,0,0,0,0,0,0,0,1,0,0,0,0,0,0,0,0,0,0,0,0,0,0,1,0,0,0,0,0,0,0,0,0,0,0,0,0,0,0,0,0,0,0,0,0,0,0,0,0,0,0,0,0,0,0,0,0,0,0,0,0,0,0,0,0,0,0,0,0,0,0,0,0,0,0,0,0,0,0,0,0,0,0,0,0,0,0,0,0,0,0,0,0,0,0,0,0,0,0,0,0,0,0,0,0,0,0,0,0,0,0,0,0,0,0,0,0,0,0,0,0,0,0,0,0,0,0,0,0,0,0,0,0,0,0,0,0,0,0,0,0,0,0,0,0,0,0,0,0,0,0,0,0,0,0,0,0,0,0,0,0,0,0,0,0,0,0,0,0,0,0,0,0,0,0,0,0,0,0,0,0,0,0,0,0,0,0,0,0,0,0,0,0,0,0,0,0,0,0,0,0,0,0,0,0,0,0,0,0,0,0,0,0,0,0,0,0,0,0,0,0,0,0,0,0,0,0,0,0,0,0,0,0,0,0,0,0,0,0,0,0,0,0,0,0,0,0,0,0,0,0,0,0,0,0,0,0,0,0,0,0,0,0,0,0,0,0,0,0,0,0,0,0,0,0,0,0,0,0,0,0,0,0,0,0,0,0,0,0,0,0,0,0,0,0,0,0,0,0,0,0,0,0,0,0,0,0,0,0,0,0,0,0,1,0,0,0,0,0,0,0,0,0,0,0,0,0,0,0,0,0,0,0,0,0,0,0,0,0,0,0,0,0,0,0,0,0,0,0,0,0,0,0,0,0,0,0,0,0,0,0,0,0,0,0,0,0,0,0,0,0,0,0,0,0,0,0,0,0,0,0,0,0,0,0,0,0,0,0,0,0,0,0,0,0,0,0,0,0,0,0,0,0,0,0,0,0,0,0,0,0,0,0,0,0,0,0,0,0,0,0,0,0,0,0,0,0,0,0,0,0,0,0,0,0,0,0,0,0,0,0,0,0,0,0,0,0,0,0,0,0,0,0,0,0,0,0,0,0,0,0,0,0,0,0,0,0,0,0,0,0,0,0,0,0,0,0,0,0,0,0,0,0,0,0,0,0,0,0,0,0,0,0,0,0,0,0,0,0,0,0,0,0,0,0,0,0,0,0,0,0,0,0,0,0,0,0,0,0,0,0,0,0,0,0,0,0,0,0,0,0,0,0,0,0,0,0,0,0,0,0,0,0,0,0,0,0,0,0,0,0,0,0,0,0,0,0,0,0,0,0,0,0,0,0,0,0,0,0,0,0,0,0,0,0,0,0,0,0,0,0,0,0,0,0,0,0,0,0,0,0,0,0,0,0,0,0,0,0,0,0,0,0,0,0,0,0,0,0,0,0,0,0,0,0,0,0,0,0,0,0,0,0,0,0,0,0,0,0,0,0,0,0,0,0,0,0,0,0,0,0,0,0,0,0,0,0,0,0,0,0,0,0,0,0,0,0,0,0,0,0,0,0,0,0,0,0,0,0,0,0,0,0,0,0,0,0,0,0,0,0,0,0,0,0,0,0,0,0,0,0,0,0,0,0,0,0,0,0,0,0,0,0,0,0,0,0,0,0,0,0,0,0,0,0,0,0,0,0,0,0,0,0,0,0,0,0,0,0,0,0,0,0,0,0,0,0,0,0,0,0,0,0,0,0,0,0,0,0,0,0,0,0,0,0,0,0,0,0,0,0,0,0,0,0,0,0,0,0,0,0,0,0,0,0,0,0,0,0,0,0,0,0,0,0,0,0,0,0,0,0,0,0,0,0,0,0,0,0,0,0,0,0,0,0,0,0,0,0,0,0,0,0,0,0,0,0,0,0,0,0,0,0,0,0,0,0,0,0,0,0,0,0,0,0,0,0,0,0,0,0,0,0,0,0,0,0,0,0,0,0,0,0,0,0,0,0,0,0,0,0,0,0,0,0,0,0,0,0,0,0,0,0,0,0,0,0,0,0,0,0,0,0,0,0,1,0,0,0,0,0,0,0,0,0,0,0,0,0,0,0,0,0,0,0,0,0,0,0,0,0,0,0,0,0,0,0,0,0,0,0,0,0,0,0,0,0,0,0,0,0,0,0,0,0,0,0,0,0,0,0,0,0,0,0,0,0,0,0,0,0,0,0,0,0,0,0,0,0,0,0,0,0,0,0,0,0,0,0,0,0,0,0,0,0,0,0,0,0,0,0,0,0,0,0,0,0,0,0,0,0,0,0,0,0,0,0,0,0,0,0,0,0,0,0,0,0,0,0,0,0,0,0,0,0,0,0,0,0,0,0,0,0,0,0,0,0,0,0,0,0,0,0,0,0,0,0,0,0,0,0,0,0,0,0,0,0,0,0,0,0,0,0,0,0,0,0,0,0,0,0,0,0,0,0,0,0,0,0,0,0,0,0,0,0,0,0,0,0,0,0,0,0,0,0,0,0,0,0,0,0,0,0,0,0,0,0,0,0,0,0,0,0,0,0,0,0,0,0,0,0,0,0,0,0,0,0,0,0,0,0,0,0,0,0,0,0,0,0,0,0,0,0,0,0,0,0,0,0,0,0,0,0,0,0,0,0,0,0,0,0,0,0,0,0,0,0,0,0,0,0,0,0,0,0,0,0,0,0,0,0,0,0,0,0,0,0,0,0,0,0,0,0,0,0,0,0,0,0,0,0,0,0,0,0,0,0,0,0,0,0,0,0,0,0,0,0,0,0,0,0,0,0,0,0,0,0,0,0,0,0,0,0,0,0,0,0,0,0,0,0,0,0,0,0,0,0,0,0,0,0,0,0,0,0,0,0,0,0,0,0,0,0,0,0,0,0,0,0,0,0,0,0,0,0,0,0,0,0,0,0,0,0,0,0,0,0,0,0,0,0,0,0,0,0,0,0,0,0,0,0,0,0,0,0,0,0,0,0,0,0,0,0,0,0,0,0,0,0,0,0,0,0,0,0,0,0,0,0,0,0,0,0,0,0,0,0,0,0,0,0,0,0,0,0,0,0,0,0,0,0,0,0,0,0,0,0,0,0,0,0,0,0,0,0,0,0,0,0,0,0,0,0,0,0,0,0,0,0,0,0,0,0,0,0,0,0,0,0,0,0,0,0,0,0,0,0,0,0,0,0,0,0,0,0,0,0,0,0,0,0,0,0,0,0,0,0,0,0,0,0,0,0,0,0,0,0,0,0,0,0,0,0,0,0,0,0,0,0,0,0,0,0,0,0,0,0,0,0,0,0,0,0,0,0,0,0,0,0,0,0,0,0,0,0,0,0,0,0,0,0,0,0,0,0,0,0,0,0,0,0,0,0,0,0,0,0,0,0,0,0,0,0,0,0,0,0,0,0,0,0,0,0,0,0,0,0,0,0,0,0,0,0,0,0,0,0,0,0,0,0,0,0,0,0,0,0,0,0,0,0,0,0,0,0,0,0,0,0,0,0,0,0,0,0,0,0,0,0,0,0,0,0,0,0,0,0,0,0,0,0,0,0,0,0,0,0,0,0,0,0,0,0,0,0,0,0,0,0,0,0,0,0,0,0,0,0,0,0,0,0,0,0,0,0,0,0,0,0,0,0,0,0,0,0,0,0,0,0,0,0,0,0,0,0,0,0,0,0,0,0,0,0,0,0,0,0,0,0,0,0,0,0,0,0,0,0,0,0,0,0,0,0,0,0,0,0,0,0,0,0,0,0,0,0,0,0,0,0,0,0,0,0,0,0,0,0,0,0,0,0,0,0,0,0,0,0,0,0,0,0,0,0,0,0,0,0,0,0,0,0,0,0,0,0,0,0,0,0,0,0,0,0,0,0,0,0,0,0,0,0,0,0,0,0,0,0,0,0,0,0,0,0,0,0,0,0,0,0,0,0,0,0,0,0,0,0,0,0,0,0,0,0,0,0,0,0,0,0,0,0,0,0,0,0,0,0,0,0,0,0,0,0,0,0,0,0,0,0,0,0,0,0,0,0,0,0,0,0,0,0,0,0,0,0,0,0,0,0,0,0,0,0,0,0,0,0,0,0,0,0,0,0,0,0,0,0,0,0,0,0,0,0,0,0,0,0,0,0,0,0,0,0,0,0,0,0,0,0,0,0,0,0,0,0,0,0,0,0,0,0,0,0,0,0,0,0,0,0,0,0,0,0,0,0,0,0,0,0,0,0,0,0,0,0,0,0,0,0,0,0,0,0,0,0,0,0,0,0,0,0,0,0,0,0,0,0,0,0,0,0,0,0,0,0,0,0,0,0,0,0,0,0,0,0,0,0,0,0,0,0,0,0,0,0,0,0,0,0,0,0,0,0,0,0,0,0,0,0,0,0,0,0,0,0,0,0,0,0,0,0,0,0,0,0,0,0,0,0,0,0,0,0,0,0,0,0,0,0,0,0,0,0,0,0,0,0,0,0,0,0,0,0,0,0,0,0,0,0,0,0,0,0,0,0,0,0,0,0,0,0,0,0,0,0,0,0,0,0,0,0,0,0,0,0,0,0,0,0,0,0,0,0,0,0,0,0,0,0,0,0,0,0,0,0,0,0,0,0,0,0,0,0,0,0,0,0,0,0,0,0,0,0,0,0,0,0,0,0,0,0,0,0,0,0,0,0,0,0,0,0,0,0,0,0,0,0,0,0,0,0,0,0,0,0,0,0,0,0,0,0,0,0,0,0,0,0,0,0,0,0,0,0,0,0,0,0,0,0,0,0,0,0,0,0,0,0,0,0,0,0,0,0,0,0,0,0,0,0,0,0,0,0,0,0,0,0,0,0,0,0,0,0,0,0,0,0,0,0,0,0,0,0,0,0,0,0,0,0,0,0,0,0,0,0,0,0,0,0,0,0,0,0,0,0,0,0,0,0,0,0,0,0,0,0,0,0,0,0,0,0,0,0,0,0,0,0,0,0,0,0,0,0,0,0,0,0,0,0,0,0,0,0,0,0,0,0,0,0,0,0,0,0,0,0,0,0,0,0,0,0,0,0,0,0,0,0,0,0,0,0,0,0,0,0,0,0,0,0,0,0,0,0,0,0,0,0,0,0,0,0,0,0,0,0,0,0,0,0,0,0,0,0,0,0,0,0,0,0,0,0,0,0,0,0,0,0,0,0,0,0,0,0,0,0,0,0,0,0,0,0,0,0,0,0,0,0,0,0,0,0,0,0,0,0,0,0,0,0,0,0,0,0,0,0,0,0,0,0,0,0,0,0,0,0,0,0,0,0,0,0,0,0,0,0,0,0,0,0,0,0,0,0,0,0,0,0,0,0,0,0,0,0,0,0,0,0,0,0,0,0,0,0,0,0,0,0,0,0,0,0,0,0,0,0,0,0,0,0,0,0,0,0,0,0,0,0,0,0,0,0,0,0,0,0,0,0,0,0,0,0,0,0,0,0,0,0,0,0,0,0,0,0,0,0,0,0,0,0,0,0,0,0,0,0,0,0,0,0,0,0,0,0,0,0,0,0,0,0,0,0,0,0,0,0,0,0,0,0,0,0,0,0,0,0,0,0,0,0,0,0,0,0,0,0,0,0,0,0,0,0,0,0,0,0,0,0,0,0,0,0,0,0,0,0,0,0,0,0,0,0,0,0,0,0,0,0,0,0,0,0,0,0,0,0,0,0,0,0,0,0,0,0,0,0,0,0,0,0,0,0,0,0,0,0,0,0,0,0,0,0,0,0,0,0,0,0,0,0,0,0,0,0,0,0,0,0,0,0,0,0,0,0,0,0,0,0,0,0,0,0,0,0,0,0,0,0,0,0,0,0,0,0,0,0,0,0,0,0,0,0,0,0,0,0,0,0,0,0,0,0,0,0,0,0,0,0,0,0,0,0,0,0,0,0,0,0,0,0,0,0,0,0,0,0,0,0,0,0,0,0,0,0,0,0,0,0,0,0,0,0,0,0,0,0,0,0,0,0,0,0,0,0,0,0,0,0,0,0,0,0,0,0,0,0,0,0,0,0,0,0,0,0,0,0,0,0,0,0,0,0,0,0,0,0,0,0,0,0,0,0,0,0,0,0,0,0,0,0,0,0,0,0,0,0,0,0,0,0,0,0,0,0,0,0,0,0,0,0,0,0,0,0,0,0,0,0,0,0,0,0,0,0,0,0,0,0,0,0,0,0,0,0,0,0,0,0,0,0,0,0,0,0,0,0,0,0,0,0,0,0,0,0,0,0,0,0,0,0,0,0,0,0,0,0,0,0,0,0,0,0,0,0,0,0,0,0,0,0,0,0,0,0,0,0,0,0,0,0,0,0,0,0,0,0,0,0,0,0,0,0,0,0,0,0,0,0,0,0,0,0,0,0,0,0,0,0,0,0,0,0,0,0,0,0,0,0,0,0,0,0,0,0,0,0,0,0,0,0,0,0,0,0,0,0,0,0,0,0,0,0,0,0,0,0,0,0,0,0,0,0,0,0,0,0,0,0,0,0,0,0,0,0,0,0,0,0,0,0,0,0,0,0,0,0,0,0,0,0,0,0,0,0,0,0,0,0,0,0,0,0,0,0,0,0,0,0,0,0,0,0,0,0,0,0,0,0,0,0,0,0,0,0,0,0,0,0,0,0,0,0,0,0,0,0,0,0,0,0,0,0,0,0,0,0,0,0,0,0,0,0,0,0,0,0,0,0,0,0,0,0,0,0,0,0,0,0,0,0,0,0,0,0,0,0,0,0,0,0,0,0,0,0,0,0,0,0,0,0,0,0,0,0,0,0,0,0,0,0,0,0,0,0,0,0,0,0,0,0,0,0,0,0,0,0,0,0,0,0,0,0,0,0,0,0,0,0,0,0,0,0,0,0,0,0,0,0,0,0,0,0,0,0,0,0,0,0,0,0,0,0,0,0,0,0,0,0,0,0,0,0,0,0,0,0,0,0,0,0,0,0,0,0,0,0,0,0,0,0,0,0,0,0,0,0,0,0,0,0,0,0,0,0,0,0,0,0,0,0,0,0,0,0,0,0,0,0,0,0,0,0,0,0,0,0,0,0,0,0,0,0,0,0,0,0,0,0,0,0,0,0,0,0,0,0,0,0,0,0,0,0,0,0,0,0,0,0,0,0,0,0,0,0,0,0,0,0,0,0,0,0,0,0,0,0,0,0,0,0,0,0,0,0,0,0,0,0,0,0,0,0,0,0,0,0,0,0,0,0,0,0,0,0,0,0,0,0,0,0,0,0,0,0,0,0,0,0,0,0,0,0,0,0,0,0,0,0,0,0,0,0,0,0,0,0,0,0,0,0,0,0,0,0,0,0,0,0,0,0,0,0,0,0,0,0,0,0,0,0,0,0,0,0,0,0,0,0,0,0,0,0,0,0,0,0,0,0,0,0,0,0,0,0,0,0,0,0,0,0,0,0,0,0,0,0,0,0,0,0,0,0,0,0,0,0,0,0,0,0,0,0,0,0,0,0,0,0,0,0,0,0,0,0,0,0,0,0,0,0,0,0,0,0,0,0,0,0,0,0,0,0,0,0,0,0,0,0,0,0,0,0,0,0,0,0,0,0,0,0,0,0,0,0,0,0,0,0,0,0,0,0,0,0,0,0,0,0,0,0,0,0,0,0,0,0,0,0,0,0,0,0,0,0,0,0,0,0,0,0,0,0,0,0,0,0,0,0,0,0,0,0,0,0,0,0,0,0,0,0,0,0,0,0,0,0,0,0,0,0,0,0,0,0,0,0,0,0,0,0,0,0,0,0,0,0,0,0,0,0,0,0,0,0,0,0,0,0,0,0,0,0,0,0,0,0,0,0,0,0,0,0,0,0,0,0,0,0,0,0,0,0,0,0,0,0,0,0,0,0,0,0,0,0,0,0,0,0,0,0,0,0,0,0,0,0,0,0,0,0,0,0,0,0,0,0,0,0,0,0,0,0,0,0,0,0,0,0,0,0,0,0,0,0,0,0,0,0,0,0,0,0,0,0,0,0,0,0,0,0,0,0,0,0,0,0,0,0,0,0,0,0,0,0,0,0,0,0,0,0,0,0,0,0,0,0,0,0,0,0,0,0,0,0,0,0,0,0,0,0,0,0,0,0,0,0,0,0,0,0,0,0,0,0,0,0,0,0,0,0,0,0,0,0,0,0,0,0,0,0,0,0,0,0,0,0,0,0,0,0,0,0,0,0,0,0,0,0,0,0,0,0,0,0,0,0,0,0,0,0,0,0,0,0,0,0,0,0,0,0,0,0,0,0,0,0,0,0,0,0,0,0,0,0,0,0,0,0,0,0,0,0,0,0,0,0,0,0,0,0,0,0,0,0,0,0,0,0,0,0,0,0,0,0,0,0,0,0,0,0,0,0,0,0,0,0,0,0,0,0,0,0,0,0,0,0,0,0,0,0,0,0,0,0,0,0,0,0,0,0,0,0,0,0,0,0,0,0,0,0,0,0,0,0,0,0,0,0,0,0,0,0,0,0,0,0,0,0,0,0,0,0,0,0,0,0,0,0,0,0,0,0,0,0,0,0,0,0,0,0,0,0,0,0,0,0,0,0,0,0,0,0,0,0,0,0,0,0,0,0,0,0,0,0,0,0,0,0,0,0,0,0,0,0,0,0,0,0,0,0,0,0,0,0,0,0,0,0,0,0,0,0.8730674,0.7802569,-0.25310254,-1.4901744,0.61110663,-0.15061887,-0.51773,0.48603472,0.65157723,-0.07506332,-0.10946854,-0.42920712,-1.0774163,0.42694977,0.27625695,0.19029616,-0.019272467,-0.21780841,-0.17404372,0.9315772,1.4961262,-0.49582148,-0.80363846,0.43850532,-0.71323323,0.5287537,-0.33425286,0.7511328,0.22778636,-0.071664624,-0.36008292,0.7078909,0.06287132,0.86830926,-0.0705143,0.5471589,-0.61137706,0.31390402,0.69727653,-0.17299795,0.06229616,-0.91490644,0.096596815,0.04776021,0.13189094,0.10841381,1.0441524,0.03243995,0.60593015,-0.4890241,0.12514584,-0.5499914,0.34496284,0.046034724,-0.4840045,0.12415237,0.19500205,-0.601913,0.10287132,-0.26722017,0.59672755,-0.35067117,-0.7085274,0.05168178,0.6252243,0.08953799,0.097224265,-0.639194,-0.3340437,-0.30308947,0.014557598,-0.11710253,0.20770793,-0.022618873,0.7210674,0.5210674,0.4802308,0.1416687,-0.055141747,-0.26089337,-0.053050246,0.33304125,0.3161001,1.134819,-0.79417443,0.36132884,0.967185,0.0144007355,0.502087,0.19202165,-0.89205676,0.65084517,-0.3892071,0.14731577,0.76854455,-0.28729862,0.14653145,-0.05273652,-0.6854163,-0.25545546,-0.97545546,0.2823746,-0.06397835,-0.5705404,0.018897468,-0.16254044,-0.59276265,-0.47213522,-1.2643967,0.534087,-0.59616137,-0.7498869,-0.8313509,0.49434844,-0.069050245,0.37419158,0.35583866,-0.42533782,-0.09006985,-0.50690645,0.39976022,-0.17210907,0.76383865,-0.09038358,0.084047794,-0.24996528,-0.08322018,0.72509354,0.073694855,0.24671446,-0.7167888,-0.0317692,-0.3934424,-0.4490241,-0.4485535,-0.07762541,-0.6282659,-0.7012071,0.19819158,-0.59589994,0.34125042,-0.4672202,0.38208702,-0.42539012,0.15311968,0.30647916,-0.15244894,-0.097128674,-0.5224882,-0.036161356,-0.8741744,-0.2675862,0.7781131,0.6196295,-0.2616254,-0.3403705,-0.09294567,-0.36259273,-0.7128149,-0.2746973,0.7255641,0.054871324,-0.06899796,0.25654453,-0.06638358,-0.13263194,0.83803475,-0.2503836,0.2490674,0.10485825,-0.82701105,-0.23203063,0.6310282,0.003838644,-0.17169076,0.37738112,-0.014043709,0.7432373,1.0119956,-0.5054424,0.0009628268,0.42318505,-0.38868424,0.13900204,0.25732884,0.24326348,0.35604778,-0.2776254,0.113694854,-0.66643584,-0.36782148,0.05199551,-0.09142933,-1.190462,-0.3551156,-0.14852737,-0.100997955,-0.7620699,-0.6585404,-0.5475862,0.89429617,-0.8957692,0.019838644,0.43662295,0.20587786,-0.4292594,0.18559028,0.17366871,0.5050674,-0.46319404,-0.2788803,-0.4360045,-0.08180842,-1.0813378,-0.6675862,1.0664792,-0.28421363,0.27196935,0.16990401,0.10250531,0.008335376,-0.009024101,-0.14889339,0.19677982,-0.20876266,-0.2890241,0.4676818,0.42993015,0.10438766,-0.17488031,0.08938113,0.31871447,-0.31192607,0.6878648,0.34161642,-0.29252738,-0.3024097,-0.29712868,-0.23689339,0.39285824,-0.34727246,-0.48238358,0.47411317,-0.14105025,-0.009128677,0.4802308,0.13947263,0.545904,-0.49336398,-0.09017443,-0.21006985,-0.22539012,-0.35082802,-0.16970384,0.20002165,-0.6317692,-0.27401757,-0.55929863,-0.064239785,-0.103821486,-0.23276266,0.7257733,0.59793013,-0.17268424,0.10600858,-0.21597835,0.43970793,-0.103194036,0.3143746,-0.16065809,0.8165968,-0.80034435,0.018374592,-1.1235862,-0.0059914216,0.24477983,-0.44212213,0.061982434,0.90036154,-0.5732594,0.7518648,-0.37524632,0.004936683,-0.24876267,0.5571981,0.75338113,0.07934191,0.05340727,-0.14899796,-0.05749469,-0.22026592,-0.527194,0.52713275,-0.21571691,0.18057068,0.051890932,0.7365968,0.3442308,-0.44844893,-0.32416135,-0.26230514,0.45889747,-0.60248816,0.0048843953,-0.040710375,-0.07239665,-0.18157312,-0.37718096,-0.48154697,-0.049651552,0.54747266,-0.10952083,0.5315249,0.50067526,-0.41226593,0.5669236,0.5415641,0.31547263,-0.17639665,-0.23799142,0.17006087,-0.72640973,0.19463603,-0.1850241,-0.096762665,0.52556413,-0.06288031,-0.07867116,-0.15265809,0.030191585,0.49110663,0.46276674,-0.053729985,0.4894334,0.010479167,-0.20123325,0.5188713,0.37523735,0.02898897,-0.021782272,-0.0814424,-0.67025286,-0.22183456,-0.7652594,-0.39291954,0.5744007,0.05215237,0.37827003,0.046139296,0.69549876,-0.17074959,-0.31825286,0.45942035,-0.039612338,-0.7101483,2.1650327e-05,-0.04797835,-0.43882802,0.06830923,0.05298897,-0.08912867,0.016178513,0.00974714,-0.35877573,0.8805968,-0.7873247,0.46930268,-0.09054044,0.30909353,0.98229617,-0.09054044,-0.054409724,0.21236151,-0.22722018,-0.16907638,0.19196936,-0.25184762,0.26982558,0.46313277,0.4759432,-0.0074554738,-0.4562398,0.6777733,-0.28191298,0.22877982,0.2196295,0.16891053,-0.33503717,-0.5490503,0.47709355,0.18072753,-0.15783456,0.037354983,0.32932884,-0.74272346,0.6269497,-0.5265143,0.5118648,-0.069311686,0.57403475,-0.23020057,0.3092504,-0.39025286,-0.5775993,0.5112373,-0.08996528,0.3771197,-0.48949468,-0.34225285,-0.10246201,0.5365445,-0.6055731,0.4094857,-0.43417442,0.31353799,-0.37085417,0.48206088,0.25126347,-0.23443587,0.43908048,0.3118125,0.35672754,-0.4936254,-0.053102534,0.21534191,0.7577733,0.14480597,0.39552492,-0.0961875,-0.23203063,0.4705576,-0.44217443,0.5296426,-0.21493259,0.01408701,0.318453,0.12723733,-0.6536777,0.48556414,0.12441381,-0.2755862,-0.69728553,-0.5647888,-0.85932475,0.49691054,0.090792894,-0.49278882,0.13978636,-0.15705025,-0.080292076,-0.6418084,-0.40034437,-0.82863194,-0.53273654,0.0566491,0.744806,-0.20050122,-0.07814828,0.3948452,-0.16123325,-0.10659273,0.10260989,-0.12865809,-0.7564751,0.3247798,0.12483211,-0.09006985,-0.077468544,-0.4591156,0.06883211,-0.21158619,0.056073938,-0.2595862,-0.2545143,-0.24834436,-0.14481495,-0.38152084,0.22694975,-0.13498488,-0.56834435,-0.012893382,-0.37268424,-0.330279,0.32425696,0.16483212,-0.19657965,0.9826622,0.11965564,0.3792112,-0.0321875,-0.25263193,0.17717198,-0.40572998,-0.2658084,0.2733811,0.21936806,0.51291054,0.027995506,0.0144007355,0.18799551,-0.33974305,0.13257067,-0.4848411,0.029041259,-0.09927247,0.597721,0.13293669,0.31960335,-0.8663313,-0.2675339,-0.4334947,0.2494857,-0.2047888,-0.30659273,0.034583744,0.085982434,-0.5967365,-0.4326058,-0.02350776,0.3067406,-0.3370764,0.22443995,0.1214857,-0.6794032,0.17743342,-0.77101105,-0.6481352,0.6553942,0.50914586,0.21555106,0.14412622,0.19704126,0.29894975,-0.13205679,-0.026435865,0.809904,0.66998243,-0.79067117,-0.42816135,0.023185048,0.31118506,0.9472635,0.45900205,-0.020579657,0.28964257,0.62951183,0.18945956,0.3910282,-0.0022267157,0.28049225,-0.094200574,-0.36959925,-0.21629207,-0.43213522,-0.55328554,-0.036579657,0.30951184,-0.116684236,0.5226883,-0.29691952,0.2912112,0.25602165,0.23923734,-0.6123705,0.21978636,0.16132884,0.09513276,0.5784792,0.24206087,0.044466093,0.08425695,0.29429615,-0.3690764,0.24389093,-0.010906454,-0.013573121,-0.13289338,0.25508046,0.06365564,-0.3878999,0.082060866,0.65947264,-0.51448816,-0.17796528,-0.16672345,0.13800858,-0.18188685,0.044309232,0.02684518,0.21774714,-0.20620057,-0.30727246,-0.18397835,-0.02915482,-0.0083443625,0.36770794,0.3956295,-0.2887104,-0.2313509,0.6466099,-0.5374424,-0.039350897,-0.4520568,-0.5366058,-0.39919403,0.036884397,0.102034725,0.0086491015,-0.36489338,-0.22528554,0.7316295,0.6688844,-0.22371691,0.23113276,-0.25305024,0.22260989,-0.1732071,0.4229759,-0.39877573,0.7417733,-0.4355339,0.0903223,-0.43098488,-0.1618607,-0.15271038,-0.4110633,0.6343223,0.52227,0.076256946,-0.48855352,0.036047794,-0.29006985,0.3168321,-0.17597835,-0.1201875,-0.15929861,-0.6741744,-0.1479522,0.014243873,0.08122426,-0.27281496,0.30851838,0.06867524,0.17565563,-0.17033128,0.81753796,0.33847916,-0.15856658,0.18637459,-0.18319404,-0.08426593,0.0022177286,-0.26340318,-0.015821487,0.12174714,0.74187785,-0.35893258,-0.2612594,0.35536805,-0.11375613,-0.35208294,-0.33550775,0.18443996,-0.27710253,0.15369485,-0.86523324,0.021198122,-0.3597692,0.2558648,0.71960336,0.48394322,0.5296426,0.18151185,-0.24400449,-0.53477573,-0.19867116,0.09518505,0.4524661,-0.5891025,-0.7861744,0.26318505,0.11479289,-0.0966058,-0.26282802,0.65225697,0.14836152,-0.16384763,0.06679289,0.2120478,-0.21399142,-0.2591156,0.017747141,0.07620466,0.38872755,-0.57712865,0.05450531,-0.1538607,-0.3548019,0.35934192,0.23777328,0.44964257,-0.28965154,0.61628306,-0.17095874,0.041433416,-0.29759926,0.8693027,-0.32050124,0.055498775,-0.32405677,0.35573408,0.25691053,0.13884518,0.4313942,0.0882308,-0.70314175,-0.0062528593,0.6302962,-0.5997692,-0.14847508,-0.34084108,-0.92363846,-0.1513509,-0.031194037,-0.073860705,-0.047403187,-0.08191299,0.4086491,0.3977733,0.09863603,-0.026226716,-0.647194,0.08043995,-0.27192608,-0.27746853,-0.5708542,0.003943219,-0.29974306,0.20143342,-0.107063316,-0.26115483,-0.0317692,0.60206085,-0.25054044,0.30234843,0.33847916,-0.1846581,-0.14774306,-0.013677696,0.40049225,-0.084841095,0.038505312,-0.10805678,-0.27820057,-0.044997957,0.51719815,-0.25048816,-0.08792606,0.2486491,0.1715772,-0.049546976,-0.3454424,-0.32959926,-0.3429326,0.27416545,0.16786478,-0.34565157,-0.41090646,0.23066217,-0.4271679,0.3223223,0.06271446,-0.1884228,-0.29461887,0.40253145,-0.2503836,-0.09346855,0.11610008,-0.33409598,-0.069363974,-0.302096,-0.0004489379,-0.22941625,0.17894976,0.055760212,-0.22591299,-0.2271156,0.04153799,-0.14465809,0.29518506,0.012152369,-0.26810908,0.40017852,-0.0051025325,0.19379942,-0.55328554,-0.15971692,0.43500203,0.2263746,-0.74491954,-0.3239522,-0.4132594,-0.16071038,-0.87867117,-0.16996528,-0.30476266,0.18694976,-0.052527368,-0.024605801,0.09764256,-0.09770384,-0.068422794,-0.16766462,0.25643995,-0.507377,0.21105433,0.6826883,-0.083167896,0.02271446,-0.18073653,0.23453145,0.18323734,0.2393942,-0.34915483,-0.30324632,-0.2709849,-0.4920568,-0.13069731,-0.22737704,0.26977327,0.029511847,-0.12567769,0.31620467,0.19620466,0.35186478,-0.7926581,-0.42957312,-0.2619914,-0.4312463,-0.090017565,0.07447917,0.027002042,0.46365565,0.39902818,-0.09231822,-0.45404372,-0.014566585,-0.09655351,0.13795629,-0.37189993,0.28043994,-0.058854166,0.2966491,-0.37796527,0.053720996,-0.6044751,-0.48348162,0.1799955,0.48305434,0.26104125,-0.2684751,0.25942034,0.58010006,-0.08803064,-0.6276908,0.25570792,0.14260988,0.21168178,0.05560335,0.30077982,0.41711968,0.5613811,-0.10235743,0.23745956,-0.0746973,-0.32918096,-0.3101483,-0.23846202,0.0941393,0.1619563,-0.27239665,0.2793942,-0.15584762,-0.0136254085,0.008283088,-0.43213522,0.3910282,-0.7517692,0.12127655,-0.46042278,0.26522428,-0.21989992,0.29314584,0.075995505,0.10428309,-0.1960045,-0.29482803,-0.40630513,-0.13545547,-0.174096,0.7226883,0.13617851,0.08776021,0.5154203,0.123002045,0.20802166,0.06266218,-0.31312868,-0.20118096,0.89476675,-0.19333783,-0.0953509,-0.17106332,-0.11652737,-0.024658088,-0.1686058,-0.40688032,0.17100205,0.3842308,0.29900205,-0.36384764,-0.07412214,-0.0022790034,0.039028186,0.085616425,-0.22356005,0.04441381,0.046139296,0.20985171,0.04457067,0.41513276,0.30104125,0.22862296,-0.11793914,-0.2949326,-0.6095993,0.42077982,-0.14115483,0.12901512,-0.068788804,-0.075481616,0.15568177,-0.0037953432,0.23019159,0.6451981,-0.5038215,0.08075368,0.31238768,-0.6322921,0.12875368,-0.25514174,-0.15349469,-0.6216777,-0.47297183,0.35787785,-0.3614947,0.16347264,0.22559027,0.25602165,-0.06857966,0.029511847,-0.124161355,-0.21582149,-0.27365154,0.15008701,0.30778635,-0.18758619,-0.28091952,-0.4940437,-0.20243587,-0.3016254,0.2962308,0.14930269,0.3316818,0.23845302,-0.08238358,0.17471446,0.5450151,0.40718505,0.15986478,-0.027533906,-0.021468546,-0.13059273,0.24629617,0.16477983,-0.19145547,-0.0071417484,-0.19464502,0.22334191,-0.22523326,-0.72081494,-0.10784763,0.5977733,-0.13650122,0.07777329,0.017694853,-0.48536396,0.36394322,-0.011115605,-0.4224097,-0.09691953,0.22234845,-0.35448816,0.019368056,0.20891054,-0.2552986,-0.00086723856,0.86491054,0.19934191,-0.31877574,-0.48159927,-0.49038357,0.23531577,0.5027667,0.45471445,-0.21095875,-0.1441352,-0.11312868,0.7812504,0.022505311,0.18010008,0.071080476,0.15913276,-0.4325535,0.41230923,-0.69969076,-0.17305024,0.04561642,0.35149878,0.6353158,-0.73676264,0.24043995,0.38726348,-0.5917692,0.7787929,0.8428452,-0.6249718,-0.43574306,0.2149236,-0.6245012,0.41440073,0.5818779,-0.0776777,0.30836153,0.13058375,-0.5156385,0.4406491,-0.32259274,0.46407393,0.6081262,-0.37890646,0.21513276,-0.36855352,-0.11412214,0.22072753,0.53973407,0.15714583,0.13926348,0.5643615,-0.7382267,0.1374857,0.2899563,-0.049808417,0.17016543,0.53183866,0.581721,-0.86622673,1.004989,-0.21759926,0.40169486,-0.9993509,0.3067406,0.34454453,0.07421773,-0.10742933,0.6328583,-0.50444895,0.521904,-0.79490644,-0.3012594,0.32258373,-0.55040973,0.57534194,0.22093669,-0.11584763,-0.67072344,-0.011795343,-0.02031822,0.4965968,-0.28745547,-0.25634435,-0.1201875,-0.13461888,-0.039612338,-1.0384097,0.18067524,-0.2586973,0.4032112,0.12514584,0.11050531,-0.81550777,-0.14565155,0.18783864,0.71076673,0.010897467,-0.51203066,-0.43537703,0.16990401,0.53142035,0.08002165,-0.6969195,0.12446609,0.15092361,0.353904,0.22810008,0.17994322,-0.4343313,-0.46952084,0.32593015,-0.09054044,0.014819036,0.47887132,-0.47166464,0.36901513,0.45560336,-0.091324754,0.63244,0.16111968,-0.23778227,-0.76797837,0.28080598,-0.13430515,-0.33106333,-0.24708946,0.09910662,0.5838125,0.09612623,-0.2566058,-0.64039665,-0.40677574,0.1358125,0.301721,0.26030922,0.3378517,0.37779942,-0.8035339,-0.16923325,-0.13775612,0.5677602,0.7134857,0.49126348,0.6531981,
0,0,0,0,0,1,0,0,0,0,0,0,0,0,0,0,0,0,0,0,0,0,0,0,0,0,0,0,0,0,0,0,0,0,0,0,0,0,0,0,0,0,0,0,0,0,0,0,0,0,0,0,0,0,0,0,0,0,0,0,0,0,0,0,0,0,0,0,0,0,0,0,0,0,0,0,0,0,0,0,0,0,0,0,0,0,0,0,0,0,0,0,0,0,0,0,0,0,0,0,0,0,0,0,0,0,0,0,0,0,0,0,0,0,0,0,0,0,0,0,0,0,0,0,0,0,0,0,0,0,0,0,0,0,0,0,0,0,0,0,0,0,0,0,0,0,0,0,0,0,0,0,0,0,0,0,0,0,0,0,0,0,0,0,0,0,0,0,0,0,0,0,0,0,0,0,0,0,0,0,0,0,0,0,0,0,0,0,0,0,0,0,0,0,0,0,0,0,0,0,0,0,0,0,0,0,0,0,0,0,0,0,0,0,0,0,0,0,0,0,0,0,0,0,0,0,0,0,0,0,0,0,0,0,0,0,0,0,0,0,0,0,0,0,0,0,0,0,0,0,0,0,0,0,0,0,0,0,0,0,0,0,0,0,0,0,0,0,0,0,0,0,0,0,0,0,0,0,0,0,0,0,0,0,0,0,0,0,0,0,0,0,0,0,0,0,0,0,0,0,0,0,0,0,0,0,0,0,0,0,0,0,0,0,0,0,0,0,0,0,0,0,0,0,0,0,0,0,0,0,0,0,0,0,0,0,0,0,0,0,0,0,0,0,0,0,0,0,0,0,0,0,0,0,0,0,0,0,0,0,0,0,0,0,0,0,0,0,0,0,0,0,0,0,0,0,0,0,0,0,0,0,0,0,0,0,0,0,0,0,0,0,0,0,0,0,0,0,0,0,0,0,0,0,0,0,0,0,0,0,0,0,0,0,0,0,0,0,0,0,0,0,0,0,0,0,0,0,0,0,0,0,0,0,0,0,0,0,0,0,0,0,0,0,0,0,0,0,0,0,0,0,0,0,0,0,0,0,0,0,0,0,0,0,0,0,0,0,0,0,0,0,0,0,0,0,0,0,0,0,0,0,0,0,0,0,0,0,0,0,0,0,0,0,0,0,0,0,0,0,0,0,0,0,0,0,0,0,0,0,0,0,0,0,0,0,0,0,0,0,0,0,0,0,0,0,0,0,0,0,0,0,0,0,0,0,0,0,0,0,0,0,0,0,0,0,0,0,0,0,0,0,0,0,0,0,0,0,0,0,0,0,0,0,0,0,0,0,0,0,0,0,0,0,0,0,0,0,0,0,0,0,0,0,0,0,0,0,0,0,0,0,0,0,0,0,0,0,0,0,0,0,0,0,0,0,0,0,0,0,0,0,0,0,0,0,0,0,0,0,0,0,0,0,0,0,0,0,0,0,0,0,0,0,0,0,0,0,0,0,0,0,0,0,0,0,0,0,0,0,0,0,0,0,0,0,0,0,0,0,0,0,0,0,0,0,0,0,0,0,0,0,0,0,0,0,0,0,0,0,0,0,0,0,0,0,0,0,0,0,0,0,0,0,0,0,0,0,0,0,0,0,0,0,0,0,0,0,0,0,0,0,0,0,0,0,0,0,0,0,0,0,0,0,0,0,0,0,0,0,0,0,0,0,0,0,0,0,0,0,0,0,0,0,0,0,0,0,0,0,0,0,0,0,0,0,0,0,0,0,0,0,0,0,0,0,0,0,0,0,0,0,0,0,0,0,0,0,0,0,0,0,0,0,0,0,0,0,0,0,0,0,0,0,0,0,0,0,0,0,0,0,0,0,0,0,0,0,0,0,0,0,0,0,0,0,0,0,0,0,0,0,0,0,0,0,0,0,0,0,0,0,0,0,0,0,0,0,0,0,0,0,0,0,0,0,0,0,0,0,0,0,0,0,0,0,0,0,0,0,0,0,0,0,0,0,0,0,0,0,0,0,0,0,0,0,0,0,0,0,0,0,0,0,0,0,0,0,0,0,0,0,0,0,0,0,0,0,0,0,0,0,0,0,0,0,0,0,0,0,0,0,0,0,0,0,0,0,0,0,0,0,0,0,0,0,0,0,0,0,0,0,0,0,0,0,0,0,0,0,0,0,0,0,0,0,0,0,0,0,0,0,0,0,0,0,0,0,0,0,0,0,0,0,0,0,0,0,0,0,0,0,0,0,0,0,0,0,0,0,0,0,0,0,0,0,0,0,0,0,0,0,0,0,0,0,0,0,0,0,0,0,0,0,0,0,0,0,0,0,0,0,0,0,0,0,0,0,0,0,0,0,0,0,0,0,0,0,0,0,0,0,0,0,0,0,0,0,0,0,0,0,0,0,0,0,0,0,0,0,0,0,0,0,0,0,0,0,0,0,0,0,0,0,0,0,0,0,0,0,0,0,0,0,0,0,0,0,0,0,0,0,0,0,0,0,0,0,0,0,0,0,0,0,0,0,0,0,0,0,0,0,0,0,0,0,0,0,0,0,0,0,0,0,0,0,0,0,0,0,0,0,0,0,0,0,0,0,0,0,0,0,0,0,0,0,0,0,0,0,0,0,0,0,0,0,0,0,0,0,0,0,0,0,0,0,0,0,0,0,0,0,0,0,0,0,0,0,0,0,0,0,0,0,0,0,0,0,0,0,0,0,0,0,0,0,0,0,0,0,0,0,0,0,0,0,0,0,0,0,0,0,0,0,0,0,0,0,0,0,0,0,0,0,0,0,0,0,0,0,0,0,0,0,0,0,0,0,0,0,0,0,0,0,0,0,0,0,0,0,0,0,0,0,0,0,0,0,0,0,0,1,0,0,0,0,0,0,0,0,0,0,0,0,0,0,0,0,0,0,0,0,0,0,0,0,0,0,0,0,0,0,0,0,0,0,0,0,0,0,0,0,0,0,0,0,0,0,0,0,0,0,0,0,0,0,0,0,0,0,0,0,0,0,0,0,0,0,0,0,0,0,0,0,0,0,0,0,0,0,0,0,0,0,0,0,0,0,0,0,0,0,0,0,0,0,0,0,0,0,0,0,0,0,0,0,0,0,0,0,0,0,0,0,0,0,0,0,0,0,0,0,0,0,0,0,0,0,0,0,0,0,0,0,0,0,0,0,0,0,0,0,0,0,0,0,0,0,0,0,0,0,0,0,0,0,0,0,0,0,0,0,0,0,0,0,0,0,0,0,0,0,0,0,0,0,0,0,0,0,0,0,0,0,0,0,0,0,0,0,0,0,0,0,0,0,0,0,0,0,0,0,0,0,0,0,0,0,0,0,0,0,0,0,0,0,0,0,0,0,0,0,0,0,0,0,0,0,0,0,0,0,0,0,0,0,0,0,0,0,0,0,0,0,0,0,0,0,0,0,0,0,0,0,0,0,0,0,0,0,0,0,0,0,0,0,0,0,0,0,0,0,0,0,0,0,0,0,0,0,0,0,0,0,0,0,0,0,0,0,0,0,0,0,0,0,0,0,0,0,0,0,0,0,0,0,0,0,0,0,0,0,0,0,0,0,0,0,0,0,0,0,0,0,0,0,0,0,0,0,0,0,0,0,0,0,0,0,0,0,0,0,0,0,0,0,0,0,0,0,0,0,0,0,0,0,0,0,0,0,0,0,0,0,0,0,0,0,0,0,0,0,0,0,0,0,0,0,0,0,0,0,0,0,0,0,0,0,0,0,0,0,0,0,0,0,0,0,0,0,0,0,0,0,0,0,0,0,0,0,0,0,0,0,0,0,0,0,0,0,0,0,0,0,0,0,0,0,0,0,0,0,0,0,0,0,0,0,0,0,0,0,0,0,0,0,0,0,0,0,0,0,0,0,0,0,0,0,0,0,0,0,0,0,0,0,0,0,0,0,0,0,0,0,0,0,0,0,0,0,0,0,0,0,0,0,0,0,0,0,0,0,0,0,0,0,0,0,0,0,0,0,0,0,0,0,0,0,0,0,0,0,0,0,0,0,0,0,0,0,0,0,0,0,0,0,0,0,0,0,0,0,0,0,0,0,0,0,0,0,0,0,0,0,0,0,0,0,0,0,0,0,0,0,0,0,0,0,0,0,0,0,0,0,0,0,0,0,0,0,0,0,0,0,0,0,0,0,0,0,0,0,0,0,0,0,0,0,0,0,0,0,0,0,0,0,0,0,0,0,0,0,0,0,0,0,0,0,0,0,0,0,0,0,0,0,0,0,0,0,0,0,0,0,0,0,0,0,0,0,0,0,0,0,0,0,0,0,0,0,0,0,0,0,0,0,0,0,0,0,0,0,0,0,0,0,0,0,0,0,0,0,0,0,0,0,0,0,0,0,0,0,0,0,0,0,0,0,0,0,0,0,0,0,0,0,0,0,0,0,0,0,0,0,0,0,0,0,0,0,0,0,0,0,0,0,0,0,0,0,0,0,0,0,0,0,0,0,0,0,0,0,0,0,0,0,0,0,0,0,0,0,0,0,0,0,0,0,0,0,0,0,0,0,0,0,0,0,0,0,0,0,0,0,0,0,0,0,0,0,0,0,0,0,0,0,0,0,0,0,0,0,0,0,0,0,0,0,0,0,0,0,0,0,0,0,0,0,0,0,0,0,0,0,0,0,0,0,0,0,0,0,0,0,0,0,0,0,0,0,0,0,0,0,0,0,0,0,0,0,0,0,0,0,0,0,0,0,0,0,0,0,0,0,0,0,0,0,0,0,0,0,0,0,0,0,0,0,0,0,0,0,0,0,0,0,0,0,0,0,0,0,0,0,0,0,0,0,0,0,0,0,0,0,0,0,0,0,0,0,0,0,0,0,0,0,0,0,0,0,0,0,0,0,0,0,0,0,0,0,0,0,0,0,0,0,0,0,0,0,0,0,0,0,0,0,0,0,0,0,0,0,0,0,0,0,0,0,0,0,0,0,0,0,0,0,0,0,0,0,0,0,0,0,0,0,0,0,0,0,0,0,0,0,0,0,0,0,0,0,0,0,0,0,0,0,0,0,0,0,0,0,0,0,0,0,0,0,0,0,0,0,0,0,0,0,0,0,0,0,0,0,0,0,0,0,0,0,0,0,0,0,0,0,0,0,0,0,0,0,0,0,0,0,0,0,0,0,0,0,0,0,0,0,0,0,0,0,0,0,0,0,0,0,0,0,0,0,0,0,0,0,0,0,0,0,0,0,0,0,0,0,0,0,0,0,0,0,0,0,0,0,0,0,0,0,0,0,0,0,0,0,0,0,0,0,0,0,0,0,0,0,0,0,0,0,0,0,0,0,0,0,0,0,0,0,0,0,0,0,0,0,0,0,0,0,0,0,0,0,0,0,0,0,0,0,0,0,0,0,0,0,0,0,0,0,0,0,0,0,0,0,0,0,0,0,0,0,0,0,0,0,0,0,0,0,0,0,0,0,0,0,0,0,0,0,0,0,0,0,0,0,0,0,0,0,0,0,0,0,0,0,0,0,0,0,0,0,0,0,0,0,0,0,0,0,0,0,0,0,0,0,0,0,0,0,0,0,0,0,0,0,0,0,0,0,0,0,0,0,0,0,0,0,0,0,0,0,0,0,0,0,0,0,0,0,0,0,0,0,0,0,0,0,0,0,0,0,0,0,0,0,0,0,0,0,0,0,0,0,0,0,0,0,0,0,0,0,0,0,0,0,0,0,0,0,0,0,0,0,0,0,0,0,0,0,0,0,0,0,0,0,0,0,0,0,0,0,0,0,0,0,0,0,0,0,0,0,0,0,0,0,0,0,0,0,0,0,0,0,0,0,0,0,0,0,0,0,0,0,0,0,0,0,0,0,0,0,0,0,0,0,0,0,0,0,0,0,0,0,0,0,0,0,0,0,0,0,0,0,0,0,0,0,0,0,0,0,0,0,0,0,0,0,0,0,0,0,0,0,0,0,0,0,0,0,0,0,0,0,0,0,0,0,0,0,0,0,0,0,0,0,0,0,0,0,0,0,0,0,0,0,0,0,0,0,0,0,0,0,0,0,0,0,0,0,0,0,0,0,0,0,0,0,0,0,0,0,0,0,0,0,0,0,0,0,0,0,0,0,0,0,0,0,0,0,0,0,0,0,0,0,0,0,0,0,0,0,0,0,0,0,0,0,0,0,0,0,0,0,0,0,0,0,0,0,0,0,0,0,0,0,0,0,0,0,0,0,0,0,0,0,0,0,0,0,0,0,0,0,0,0,0,0,0,0,0,0,0,0,0,0,0,0,0,0,0,0,0,0,0,0,0,0,0,0,0,0,0,0,0,0,0,0,0,0,0,0,0,0,0,0,0,0,0,0,0,0,0,0,0,0,0,0,0,0,0,0,0,0,0,0,0,0,0,0,0,0,0,0,0,0,0,0,0,0,0,0,0,0,0,0,0,0,0,0,0,0,0,0,0,0,0,0,0,0,0,0,0,0,0,0,0,0,0,0,0,0,0,0,0,0,0,0,0,0,0,0,0,0,0,0,0,0,0,0,0,0,0,0,0,0,0,0,0,0,0,0,0,0,0,0,0,0,0,0,0,0,0,0,0,0,0,0,0,0,0,0,0,0,0,0,0,0,0,0,0,0,0,0,0,0,0,0,0,0,0,0,0,0,0,0,0,0,0,0,0,0,0,0,0,0,0,0,0,0,0,0,0,0,0,0,0,0,0,0,0,0,0,0,0,0,0,0,0,0,0,0,0,0,0,0,0,0,0,0,0,0,0,0,0,0,0,0,0,0,0,0,0,0,0,0,0,0,0,0,0,0,0,0,0,0,0,0,0,0,0,0,0,0,0,0,0,0,0,0,0,0,0,0,0,0,0,0,0,0,0,0,0,0,0,0,0,0,0,0,0,0,0,0,0,0,0,0,0,0,0,0,0,0,0,0,0,0,0,0,0,0,0,0,0,0,0,0,0,0,0,0,0,0,0,0,0,0,0,0,0,0,0,0,0,0,0,0,0,0,0,0,0,0,0,0,0,0,0,0,0,0,0,0,0,0,0,0,0,0,0,0,0,0,0,0,0,0,0,0,0,0,0,0,0,0,0,0,0,0,0,0,0,0,0,0,0,0,0,0,0,0,0,0,0,0,0,0,0,0,0,0,0,0,0,0,0,0,0,0,0,0,0,0,0,0,0,0,0,0,0,0,0,0,0,0,0,0,0,0,0,0,0,0,0,0,0,0,0,0,0,0,0,0,0,0,0,0,0,0,0,0,0,0,0,0,0,0,0,0,0,0,0,0,0,0,0,0,0,0,0,0,0,0,0,0,0,0,0,0,0,0,0,0,0,0,0,0,0,0,0,0,0,0,0,0,0,0,0,0,0,0,0,0,0,0,0,0,0,0,0,0,0,0,0,0,0,0,0,0,0,0,0,0,0,0,0,0,0,0,0,0,0,0,0,0,0,0,0,0,0,0,0,0,0,0,0,0,0,0,0,0,0,0,0,0,0,0,0,0,0,0,0,0,0,0,0,0,0,0,0,0,0,0,0,0,0,0,0,0,0,0,0,0,0,0,0,0,0,0,0,0,0,0,0,0,0,0,0,0,0,0,0,0,0,0,0,0,0,0,0,0,0,0,0,0,0,0,0,0,0,0,0,0,0,0,0,0,0,0,0,0,0,0,0,0,0,0,0,0,0,0,0,0,0,0,0,0,0,0,0,0,0,0,0,0,0,0,0,0,0,0,0,0,0,0,0,0,0,0,0,0,0,0,0,0,0,0,0,0,0,0,0,0,0,0,0,0,0,0,0,0,0,0,0,0,0,0,0,0,0,0,0,0,0,0,0,0,0,0,0,0,0,0,0,0,0,0,0,0,0,0,0,0,0,0,0,0,0,0,0,0,0,0,0,0,0,0,0,0,0,0,0,0,0,0,0,0,0,0,0,0,0,0,0,0,0,0,0,0,0,0,0,0,0,0,0,0,0,0,0,0,0,0,0,0,0,0,0,0,0,0,0,0,0,0,0,0,0,0,0,0,0,0,0,0,0,0,0,0,0,0,0,0,0,0,0,0,0,0,0,0,0,0,0,0,0,0,0,0,0,0,0,0,0,0,0,0,0,0,0,0,0,0,0,0,0,0,0,0,0,0,0,0,0,0,0,0,0,0,0,0,0,0,0,0,0,0,0,0,0,0,0,0,0,0,0,0,0,0,0,0,0,0,0,0,0,0,0,0,0,0,0,0,0,0,0,0,0,0,0,0,0,0,0,0,0,0,0,0,0,0,0,0,0,0,0,0,0,0,0,0,0,0,0,0,0,0,0,0,0,0,0,0,0,0,0,0,0,0,0,0,0,0,0,0,0,0,0,0,0,0,0,0,0,0,0,0,0,0,0,0,0,0,0,0,0,0,0,0,0,0,0,0,0,0,0,0,0,0,0,0,0,0,0,0,0,0,0,0,0,0,0,0,0,0,0,0,0,0,0,0,0,0,0,0,0,0,0,0,0,0,0,0,0,0,0,0,0,0,0,0,0,0,0,0,0,0,0,0,0,0,0,0,0,0,0,0,0,0,0,0,0,0,0,0,0,0,0,0,0,0,0,0,0,0,0,0,0,0,0,0,0,0,0,0,0,0,0,0,0,0,0,0,0,0,0,0,0,0,0,0,0,0,0,0,0,0,0,0,0,0,0,0,0,0,0,0,0,0,0,0,0,0,0,0,0,0,0,0,0,0,0,0,0,0,0,0,0,0,0,0,0,0,0,0,-0.4420778,-1.7725797,-0.43720767,0.30995733,0.019166645,-0.110740624,-0.44683462,0.35157976,-0.14607722,0.26204908,0.83423,0.2991978,0.24953403,0.27671602,0.60471207,0.5056677,-0.3086595,-0.38958254,-0.39869985,0.48833916,0.29098657,0.111585416,0.37955454,0.17336781,0.22286169,0.36868176,-0.05841529,-0.2630164,0.25887784,-0.02313533,-0.117252976,-0.20321603,-0.30820647,-0.056263383,0.1727449,0.18152241,0.54315615,-0.69266176,1.014877,0.16702536,-0.24902901,-0.11181658,-0.23860924,0.09204836,0.0050659864,0.20785497,-0.03491419,-0.11311905,-0.6649135,0.06294098,-0.3037894,-0.19726996,0.37162647,0.31488407,-0.039104752,-0.53370374,-0.16272618,-0.036669698,0.07086906,0.338102,0.59876597,-0.20293288,0.25485715,0.57871926,0.015712267,0.3287016,-0.38125807,0.42225292,0.35220268,-0.4885703,0.37621343,-0.23770317,0.49898544,0.2820958,0.22892101,0.16238177,0.34653977,-0.15123047,0.34031054,0.6619641,-0.033611722,0.21912417,-0.2350416,-0.17348573,0.20921408,0.43442822,-0.090693906,0.21300822,-0.005920069,0.32275552,0.015599008,0.42423496,0.2662396,-0.15428844,-0.030950153,0.15400065,-0.008241864,-0.037066102,0.09063263,-0.0068261353,-0.011073321,-0.35469902,0.04555583,-0.20123401,0.37394828,-0.32157096,0.39609027,-0.0479389,-0.12297252,-0.2771737,0.165553,-0.022116005,-0.24155396,0.07500298,0.18627927,0.42208305,0.42400843,0.035079435,-0.34563833,-0.17388213,0.31024048,-0.39014885,-0.30718714,-0.25548473,-0.08859863,-0.45770743,-0.17535448,-0.28425235,-0.15513788,0.46523446,0.07806096,-0.19290952,0.08836746,0.18939386,-0.018888144,0.07545602,0.038533814,0.090859145,-0.77194256,-0.15644035,0.014862829,0.343142,0.08768792,-0.40373984,0.14607257,-0.28617772,0.24392775,-0.5905594,0.26556006,-0.013961408,0.25253537,-0.09731951,-0.40974253,-0.14222643,0.035362583,0.46857557,0.56291974,0.47927848,0.12019305,0.3701541,0.18871433,-0.19777963,0.281303,-0.14347227,-0.019058032,-0.06713618,0.11203845,0.34767234,0.119117096,-0.040633738,-0.32910264,0.38323545,-0.016906124,0.11974002,-0.17512797,-0.29920244,-0.12484128,0.058863677,0.010842159,-0.043578453,0.014239908,0.19375432,-0.13339229,-0.3382199,-0.3779736,0.06067581,-0.10553075,0.3811968,-0.061020233,0.1167953,-0.028684987,0.1785777,0.15247166,0.009313173,0.24336144,0.12585597,0.041025497,-0.21567445,-0.013961408,0.353222,-0.13418509,0.05223807,0.17161232,-0.021209938,0.55595434,0.14318448,-0.19194682,0.27801847,0.18922397,-0.101226926,0.1235908,0.30067015,0.23611292,-0.5264552,-0.03383824,0.11294451,-0.03044049,0.15666223,-0.10451142,0.23701899,-0.26947212,0.5681296,-0.2499917,0.44971806,-0.09782918,-0.096356824,0.44830233,0.31896135,0.27801847,0.22263518,-0.38182437,0.07205827,-0.036839586,0.015259233,0.26052007,-0.21250321,-0.14035767,-0.21493827,-0.17223988,0.12421372,-0.07880179,-0.045277327,0.33209932,0.27949086,-0.035423856,-0.046919573,0.10988654,0.050482564,-0.23764655,0.11611575,0.11532294,0.032531124,-0.13973475,-0.0039946777,-0.13412847,0.20224869,0.08593241,0.17648242,0.037174713,0.054333348,0.11226497,0.12795123,0.028000792,0.06582906,-0.2276232,0.14777145,-0.38154122,-0.1273896,-0.36075833,-0.031289928,-0.23979846,0.28849488,-0.27966538,-0.12727633,-0.39886975,-0.23894902,-0.026193304,-0.06798562,-0.09227952,0.06866052,-0.3543026,0.22977045,0.05557919,0.0073877815,-0.10207637,0.16153233,0.14329775,-0.093921766,-0.036782954,0.44716975,0.054276716,-0.7243741,0.42751944,-0.036160033,0.0002525085,0.15541638,-0.017585674,0.022224618,-0.08474784,0.13695528,0.02947315,-0.29880604,-0.04046385,-0.21369243,0.1276681,-0.08859863,0.18061635,-0.09907502,0.06475311,0.20666575,-0.01656635,0.2912131,0.22897765,0.10173195,0.19720869,0.075852424,-0.21737331,0.18010668,-0.06764584,-0.15049429,-0.46421978,-0.069344714,0.038477186,-0.014980732,0.06333738,-0.013678262,0.45368212,-0.16635045,-0.28810313,-0.21533467,-0.2793256,-0.17025787,0.40277252,-0.052072827,-0.2903683,0.14550628,-0.23419218,-0.0339515,0.03864707,0.049859643,-0.04997755,0.41200307,0.17750175,-0.19693018,0.13248158,-0.092732556,-0.13933834,-0.31268018,-0.35130125,-0.28408244,-0.21046455,-0.0452207,0.060958955,0.25027022,-0.09788581,-0.014414442,0.04130864,-0.03519734,-0.22796297,-0.153439,-0.08701301,0.44615042,0.3761568,0.27071333,-0.12229297,0.1231944,-0.012375792,-0.2779665,-0.120310955,-0.2663009,-0.294842,-0.020077357,-0.46376675,0.3780822,0.1523584,0.13927707,-0.28561145,0.23718888,-0.021040052,0.035079435,0.23078978,-0.051280018,0.04527268,-0.26749012,-0.32021186,-0.055923607,0.20462711,-0.22660387,-0.033441834,0.117871255,0.082931064,0.5272434,0.2498738,0.20219205,0.39354196,0.04159179,0.1342937,-0.14534104,0.31137305,0.11266137,0.081175566,0.10178857,0.11345418,0.009596318,0.22705226,0.039779656,0.1253463,-0.3383898,-0.04238924,0.33175954,0.10235487,-0.23011488,-0.20729333,0.14578943,-0.2190722,0.08242141,-0.0007101871,-0.035763633,-0.29688063,-0.38063514,-0.07982111,0.11492654,-0.104284905,0.09397375,-0.049467884,0.23288506,0.37179637,0.1626649,0.18254174,0.1140771,0.07296434,0.21397091,0.24681583,-0.014584329,-0.045900248,-0.31517187,-0.07778246,-0.28130764,0.043120775,0.06554592,-0.15428844,0.25361133,0.22926079,-0.13967812,0.11249148,0.019279903,-0.08067054,-0.024041397,-0.2912177,0.42519766,0.1239872,0.19732195,0.22512686,0.0864987,-0.30424243,0.08814095,0.16192873,-0.013565004,0.17036648,-0.23300296,0.07421018,0.20762846,-0.15610057,-0.20497154,-0.18713334,-0.30316648,0.24585313,0.016108671,-0.032252625,-0.11798916,0.082591295,0.1853732,-0.16414191,0.21170576,-0.026249934,-0.021719601,0.09867397,-0.058698438,0.038590442,-0.11895185,-0.20916209,-0.21142726,0.27156276,0.26878795,0.2500437,0.063903674,-0.088655256,0.28084993,0.010332497,-0.46608853,-0.05365844,0.10377059,0.09034949,-0.24846272,0.36613345,0.13463348,-0.09669659,-0.03791554,-0.16861561,0.047934253,0.18718533,0.23973718,0.06333738,0.010275868,0.15439706,-0.08650335,-0.22094095,-0.38884637,-0.23204027,0.23418753,0.05348391,-0.21374905,0.20598622,-0.6008659,-0.2559944,0.27292186,-0.21612747,-0.48290738,-0.17784616,-0.011413096,0.00415992,0.1342937,0.31443104,-0.13339229,-0.1551945,-0.2041221,0.5617305,0.35695952,0.45045424,0.030379217,0.16708198,-0.2208277,0.21181901,-0.07257258,-0.06277574,-0.16623719,0.264201,-0.13299587,-0.14534104,0.13604921,0.3044643,-0.012942083,0.13633236,0.10235487,0.3462566,0.1113589,0.28906116,-0.09907502,0.45798594,-0.026986113,-0.020756906,0.27722567,-0.1639154,0.10682857,0.19301814,0.18548645,0.025678996,0.015372491,0.24902436,0.24993043,0.011578338,0.018487094,0.114190355,0.013277213,-0.15247631,0.13944696,-0.179092,0.14052291,-0.17580752,-0.1417734,0.124553494,-0.097999066,-0.39230075,-0.13214645,-0.026136676,0.27909443,0.2679385,-0.08327549,-0.19585423,0.25327155,-0.19341919,0.07268119,-0.18005471,0.018090691,-0.012942083,0.30367148,0.07313422,0.009539689,-0.032932173,0.13282135,0.5316038,-0.03729262,-0.17841245,0.10586587,-0.22535802,-0.33940914,0.28509712,-0.21397556,0.07573917,0.2533848,-0.0022391742,-0.1250678,0.13310449,-0.16889876,-0.28487527,0.3776858,-0.38103154,-0.0916566,0.033097416,0.117078446,0.10212835,0.07919354,-0.26188383,0.050256047,-0.14171676,0.2426819,0.14295797,0.082364775,0.38963455,0.00614194,0.06407356,0.23769854,-0.006033327,-0.4102522,0.20864777,0.08089242,-0.2482362,0.15111256,0.31024048,0.14040965,0.22846799,0.16821456,0.034909546,-0.010620289,-0.17677021,-0.07529078,-0.069627866,-0.32174084,0.09544611,0.109150365,0.2471556,0.5255445,0.16997007,0.26737222,-0.04776901,0.18928061,-0.19104075,-0.14233969,0.1820887,-0.20066771,-0.20468839,-0.2763809,0.17602938,-0.22932206,-0.15389204,0.22286169,-0.17948842,0.16447705,-0.13237296,-0.2185059,0.117644735,0.007954073,0.17070624,-0.014924103,-0.3620608,0.046008863,-0.07410157,0.1913759,0.008010702,0.22076643,0.1641939,-0.075687185,-0.08689975,-0.031573072,0.32841843,0.29308185,0.40968126,0.18412736,-0.08231279,-0.19551446,0.0018381247,-0.107286245,0.19533993,0.18061635,0.043177404,0.15354761,0.10003307,0.059656486,-0.10722962,0.25061,0.021148665,-0.06119012,0.033776965,-0.16889876,-0.09120357,0.34172627,0.12681866,0.29364812,-0.4749227,-0.42554206,0.14629908,-0.07093033,0.29002386,-0.13979138,-0.11561073,-0.053375296,-0.13979138,-0.025570383,0.28673938,-0.076310106,0.34149978,0.37270242,0.47287938,0.4379392,-0.0058068107,-0.028741617,-0.13599722,0.092897795,0.0874614,-0.21448523,0.14947031,-0.2737193,0.30939105,-0.13996127,-0.042275984,-0.2748519,-0.13899857,0.19630262,-0.416085,-0.11770601,-0.27830628,-0.10411502,0.18299477,-0.25820294,0.17891748,-0.35396284,0.035249323,0.06616884,0.0287936,0.035758987,0.19154577,0.19641589,0.36675638,0.07047266,-0.51529926,-0.05643327,0.10518632,0.19675566,0.17886084,-0.031799592,-0.33091477,-0.14324576,0.035815615,0.26080322,-0.023984767,-0.050204065,0.23701899,0.01741114,-0.009091301,-0.17308933,0.08757466,0.06135536,-0.042049468,0.120532826,0.23883112,0.076871745,0.17229186,0.14023976,0.21629271,0.22824146,0.28373805,0.26227558,0.0793068,0.14426044,-0.032932173,-0.12523769,0.06254458,-0.015263879,-0.042332612,-0.019850839,0.35492086,0.070982315,0.10637554,0.05065245,0.033267304,0.20774171,0.06458322,0.2193507,-0.08372852,0.111585416,-0.15360889,0.26720232,0.09063263,-0.15377878,-0.13509116,0.1329346,0.032417867,0.15785143,-0.032195993,0.029303262,0.35390154,-0.07149662,-0.0520162,-0.37151787,0.017127994,-0.27841952,-0.088655256,-0.10739951,0.14488336,-0.29416245,0.030322587,0.13723843,0.030662362,-0.014074666,0.059090193,0.058863677,-0.2107477,-0.19115402,0.24806167,-0.07025078,-0.23974183,0.16198537,0.035136066,-0.06045394,0.04765111,-0.12427499,-0.12903184,-0.1814138,-0.07296898,-0.23679711,-0.048165414,0.06973647,-0.32649767,0.03400348,0.30327508,0.17399074,-0.11617702,-0.38357988,-0.11113703,0.09408701,0.33119327,0.28617308,0.25242212,0.47129378,-0.04301216,-0.18911538,0.2156698,-0.010960063,0.057164803,-0.16952169,0.45589066,-0.10066064,0.41041744,0.08389376,-0.07325213,0.16883749,0.06605558,-0.036103405,-0.05728271,-0.31369948,0.109716654,0.01882687,0.12393057,-0.1567235,-0.03038386,0.097201616,-0.18843582,-0.3220806,-0.028854875,0.0495765,-0.35747382,-0.2822137,0.08327084,0.06781109,-0.28345954,-0.014357812,-0.00059692876,-0.043974858,0.018600354,-0.08780582,-0.09890513,0.11741822,-0.25882584,0.15677547,-0.3233831,-0.091486715,0.40328217,0.16102266,0.09856071,-0.18418863,-0.14284936,0.06605558,0.07404029,-0.05569709,-0.21063444,-0.17999807,-0.007449056,-0.31211388,0.1284609,-0.10722962,0.0771549,-0.082142904,-0.32259026,-0.16635045,-0.1874165,-0.021776231,-0.14958823,0.2988014,0.047084816,-0.14013116,0.2395673,-0.16833247,0.2716194,-0.22003488,-0.4349425,0.01684485,-0.040237334,0.0016682373,0.0044430657,0.20417407,-0.090920426,-0.27473864,0.1614757,0.032644384,-0.06685303,0.012484405,0.47072747,0.12596922,0.08049601,0.11526631,-0.0049573733,0.14941369,0.060392667,0.14703527,0.085592635,-0.0329888,-0.1355442,-0.08876851,0.081741855,-0.24059127,0.26471063,0.006425086,0.08366725,0.25638616,0.17738849,0.08304433,-0.04454115,-0.27530494,-0.039727673,-0.08667324,0.13672876,-0.23838273,-0.2806847,0.18446714,0.12698855,0.14743167,-0.17065427,-0.12665342,0.31652632,-0.02783555,-0.09075054,-0.074837744,0.25202572,-0.20718007,-0.25344607,0.043290664,0.061242104,-0.19466503,0.25349808,-0.11119366,0.008860139,-0.20655714,-0.16448168,-0.015886799,-0.042729016,0.008860139,0.22988372,0.015372491,0.13995662,-0.08367189,0.20530666,0.16702536,0.20983699,0.15320784,0.0051792446,0.11985327,0.026641693,0.08219489,0.23458393,0.14097595,0.03417337,0.27558345,-0.096356824,-0.29767343,0.12902719,0.0052358736,-0.017019382,0.11877732,0.13967347,0.15122582,0.30089667,0.16702536,-0.10638018,-0.48398334,0.15541638,0.24630617,0.041761674,0.09827757,-0.24330947,-0.007392427,-0.14822912,-0.012432421,-0.4483636,0.38821882,-0.08050066,0.010389126,-0.18854907,-0.14126374,0.10065599,0.08983982,0.07103895,0.08950005,0.022621023,-0.111363545,1.1238881,-0.14069745,-1.0472735,0.5498384,-0.1850947,-0.5324579,0.2970459,-0.66887754,-0.01118658,-0.9596116,-1.2957056,-1.2949128,-0.07251595,0.27518705,0.46110052,0.7697294,0.26391783,-0.0037681612,-0.3552653,-1.0350416,0.10150543,1.1171492,-0.5589603,-0.23843935,0.32122654,-0.24704699,-0.45306385,-1.0612609,-0.30260018,0.18242848,-0.46665484,-0.08797571,0.025905514,0.62226707,-0.27286988,0.46053424,0.4736722,0.09357735,0.52662045,-0.5325145,0.7063047,0.921269,-0.74447745,0.13610584,-0.279722,-0.22263983,-0.245518,0.014183279,0.17325456,-0.39065853,0.24319156,0.031058766,0.3557137,0.018034061,0.25213897,-0.6000731,-0.22088432,-0.4778674,-0.31868285,0.38164982,-0.28940558,-0.7037611,0.10405374,0.48641375,-0.043238677,0.17178221,0.27620634,-0.70228875,0.33385482,-0.08791908,0.3907105,-0.6732946,0.6859749,0.70879644,-0.22898228,0.46461153,-0.16487809,-0.22547129,0.023413831,0.7770912,0.49128386,-0.020303873,0.77216446,0.20394756,0.43012437,0.98497677,0.19324465,-0.30781007,-1.054069,0.07902366,-0.2655081,-0.7820792,0.5820038,0.2962531,0.19596285,0.65720725,-0.48064223,0.67136455,-0.079934366,0.0857059,0.010672272,0.8540502,-0.35515204,-0.52062243,0.07132209,0.634952,-0.76763874,-0.6482079,-0.5674547,-0.5837639,-0.13690329,-0.47950965,-0.21425872,0.39410824,0.48443174,-0.24608429,0.04555583,-0.25944877,-0.09850873,-0.26986852,-0.1588754,-0.69164246,0.892105,0.14527977,-0.24953867,0.29421443,-0.3199287,-0.24670722,
0,0,0,0,0,0,0,0,0,0,0,0,0,0,0,0,0,0,0,0,0,0,0,0,0,0,0,0,0,0,0,1,0,0,0,0,0,0,0,0,1,0,0,0,0,0,0,0,0,0,0,0,0,0,0,0,0,1,0,0,0,0,0,0,0,0,0,0,0,0,0,0,0,0,0,0,0,0,0,0,0,0,0,0,0,0,0,0,0,0,0,0,0,0,0,0,0,1,0,0,0,0,0,0,0,0,0,0,0,0,0,0,0,0,0,0,0,1,0,0,0,0,0,0,0,0,0,0,0,0,0,0,0,0,0,0,0,0,0,0,0,0,0,0,0,0,0,0,0,0,0,0,0,0,0,0,0,0,0,0,0,0,0,0,0,0,0,0,0,0,0,0,0,0,0,0,0,0,0,0,0,0,0,0,0,0,0,0,0,0,0,0,0,0,0,0,0,0,0,0,0,0,0,0,0,0,0,0,0,0,0,0,0,0,0,0,0,0,0,0,0,0,0,0,0,0,0,0,0,0,0,0,0,0,0,0,0,0,0,0,0,0,0,0,0,0,0,0,0,0,0,0,0,0,0,0,0,0,0,0,0,0,0,0,0,0,0,0,0,0,0,0,0,0,0,0,0,0,0,0,0,0,0,0,0,0,0,0,0,0,0,0,0,0,0,0,0,0,0,0,0,0,0,0,0,0,0,0,0,0,0,0,0,0,0,0,0,0,0,0,0,0,0,0,0,0,0,0,0,0,0,0,0,0,0,0,0,0,0,0,0,0,0,0,0,0,0,0,0,0,0,0,0,0,0,0,0,0,0,0,0,0,0,0,0,0,0,0,0,0,0,0,0,0,0,0,0,0,0,0,0,0,0,0,0,0,0,0,0,0,0,0,0,0,0,0,0,0,0,0,0,0,0,0,0,0,0,0,0,0,0,0,0,0,0,0,0,0,0,0,0,0,0,0,0,0,0,0,0,0,0,0,0,0,0,0,0,0,0,0,0,0,0,0,0,0,0,0,0,0,0,0,0,0,0,0,0,0,0,0,0,0,0,0,0,0,0,0,0,0,0,0,0,0,0,0,0,0,0,0,0,0,0,0,0,0,0,0,0,0,0,0,0,0,0,0,0,0,0,0,0,0,0,0,0,0,0,0,0,0,0,0,0,0,0,0,0,0,0,0,0,0,0,0,0,0,0,0,0,0,0,0,0,0,0,0,0,0,0,0,0,0,0,0,0,0,0,0,0,0,0,0,0,0,0,0,0,0,0,0,0,0,0,0,0,0,0,0,0,0,0,0,0,0,0,0,0,0,0,0,0,0,0,0,0,0,0,0,0,0,0,0,0,0,0,0,0,0,0,0,0,0,0,0,0,0,0,0,0,0,0,0,0,0,0,0,0,0,0,0,0,0,0,0,0,0,0,0,0,0,0,0,0,0,0,0,0,0,0,0,0,0,0,0,0,0,0,0,0,0,0,0,0,0,0,0,0,0,0,0,0,0,0,0,0,0,0,0,0,0,0,0,0,0,0,0,0,0,0,0,0,0,0,0,0,0,0,0,0,0,0,0,0,0,0,0,0,0,0,0,0,0,0,0,0,0,0,0,0,0,0,0,0,0,0,0,0,0,0,0,0,0,0,0,0,0,0,0,0,0,0,0,0,0,0,0,0,0,0,0,0,0,0,0,0,0,0,0,0,0,0,0,0,0,0,0,0,0,0,0,0,0,0,0,0,0,0,0,0,0,0,0,0,0,0,0,0,0,0,0,0,0,0,0,0,0,0,0,0,0,0,0,0,0,0,0,0,0,0,0,0,0,0,0,0,0,0,0,0,0,0,0,0,0,0,0,0,0,0,0,0,0,0,0,0,0,0,0,0,0,0,0,0,0,0,0,0,0,0,0,0,0,0,0,0,0,0,0,0,0,0,0,0,0,0,0,0,0,0,0,0,0,0,0,0,0,0,0,0,0,0,0,0,0,0,0,0,0,0,0,0,0,0,0,0,0,0,0,0,0,0,0,0,0,0,0,0,0,0,0,0,0,0,0,0,0,0,0,0,0,0,0,0,0,0,0,0,0,0,0,0,0,0,0,0,0,0,0,0,0,0,0,0,0,0,0,0,0,0,0,0,0,0,0,0,0,0,0,0,0,0,0,0,0,0,0,0,0,0,0,0,0,0,0,0,0,0,0,0,0,0,0,0,0,0,0,0,0,0,0,0,0,0,0,0,0,0,0,0,0,0,0,0,0,0,0,0,0,0,0,0,0,0,0,0,0,0,0,0,0,0,0,0,0,0,0,0,0,0,0,0,0,0,0,0,0,0,0,0,0,0,0,0,0,0,0,0,0,0,0,0,0,0,0,0,0,0,0,0,0,0,0,0,0,0,0,0,0,0,0,0,0,0,0,0,0,0,0,0,0,0,0,0,0,0,0,0,0,0,0,0,0,0,0,0,0,0,0,0,0,0,0,0,0,0,0,0,0,0,0,0,0,0,0,0,0,0,0,0,0,0,0,0,0,0,0,0,0,0,0,0,0,0,0,0,0,0,0,0,0,0,0,0,0,0,0,0,0,0,0,0,0,0,0,0,0,0,0,0,0,0,0,0,0,0,0,0,0,0,0,0,0,0,0,0,0,0,0,0,0,0,0,0,0,0,0,0,0,0,0,0,0,0,0,0,0,0,0,0,0,0,0,0,0,0,0,0,0,0,0,0,0,0,0,0,0,0,0,0,0,0,0,0,0,0,0,0,0,0,0,0,0,0,0,0,0,0,0,0,0,0,0,0,0,0,0,0,0,0,0,0,0,0,0,0,0,0,0,0,0,0,0,0,0,0,0,0,0,0,0,0,0,0,0,0,0,0,0,0,0,0,0,0,0,0,0,0,0,0,0,0,0,0,0,0,0,0,0,0,0,0,0,0,0,0,0,0,0,0,0,0,0,0,0,0,0,0,0,0,0,0,0,0,0,0,0,0,0,0,0,0,0,0,0,0,0,0,0,0,0,0,0,0,0,0,0,0,0,0,0,0,0,0,0,0,0,0,0,0,0,0,0,0,0,0,0,0,0,0,0,0,0,0,0,0,0,0,0,0,0,0,0,0,0,0,0,0,0,0,0,0,0,0,0,0,0,0,0,0,0,0,0,0,0,0,0,0,0,0,0,0,0,0,0,0,0,0,0,0,0,0,0,0,0,0,0,0,0,0,0,0,0,0,0,0,0,0,0,0,0,0,0,0,0,0,0,0,0,0,0,0,0,0,0,0,0,0,0,0,0,0,0,0,0,0,0,0,0,0,0,0,0,0,0,0,0,0,0,0,0,0,0,0,0,0,0,0,0,0,0,0,0,0,0,0,0,0,0,0,0,0,0,0,0,0,0,0,0,0,0,0,0,0,0,0,0,0,0,0,0,0,0,0,0,0,0,0,0,0,0,0,0,0,0,0,0,0,0,0,0,0,0,0,0,0,0,0,0,0,0,0,0,0,0,0,0,0,0,0,0,0,0,0,0,0,0,0,0,0,0,0,0,0,0,0,0,0,0,0,0,0,0,0,0,0,0,0,0,0,0,0,0,0,0,0,0,0,0,0,0,0,0,0,0,0,0,0,0,0,0,0,0,0,0,0,0,0,0,0,0,0,0,0,0,0,0,0,0,0,0,0,0,0,0,0,0,0,0,0,0,0,0,0,0,0,0,0,0,0,0,0,0,0,0,0,0,0,0,0,0,0,0,0,0,0,0,0,0,0,0,0,0,0,0,0,0,0,0,0,0,0,0,0,0,0,0,0,0,0,0,0,0,0,0,0,0,0,0,0,0,0,0,0,0,0,0,0,0,0,0,0,0,0,0,0,0,0,0,0,0,0,0,0,0,0,0,0,0,0,0,0,0,0,0,0,0,0,0,0,0,0,0,0,0,0,0,0,0,0,0,0,0,0,0,0,0,0,0,0,0,0,0,0,0,0,0,0,0,0,0,0,0,0,0,0,0,0,0,0,0,0,0,0,0,0,0,0,0,0,0,0,0,0,0,0,0,0,0,0,0,0,0,0,0,0,0,0,0,0,0,0,0,0,0,0,0,0,0,0,0,0,0,0,0,0,0,0,0,0,0,0,0,0,0,0,0,0,0,0,0,0,0,0,0,0,0,0,0,0,0,0,0,0,0,0,0,0,0,0,0,0,0,0,0,0,0,0,0,0,0,0,0,0,0,0,0,0,0,0,0,0,0,0,0,0,0,0,0,0,0,0,0,0,0,0,0,0,0,0,0,0,0,0,0,0,0,0,0,0,0,0,0,0,0,0,0,0,0,0,0,0,0,0,0,0,0,0,0,0,0,0,0,0,0,0,0,0,0,0,0,0,0,0,0,0,0,0,0,0,0,0,0,0,0,0,0,0,0,0,0,0,0,0,0,0,0,0,0,0,0,0,0,0,0,0,0,0,0,0,0,0,0,0,0,0,0,0,0,0,0,0,0,0,0,0,0,0,0,0,0,0,0,0,0,0,0,0,0,0,0,0,0,0,0,0,0,0,0,0,0,0,0,0,0,0,0,0,0,0,0,0,0,0,0,0,0,0,0,0,0,0,0,0,0,0,0,0,0,0,0,0,0,0,0,0,0,0,0,0,0,0,0,0,0,0,0,0,0,0,0,0,0,0,0,0,0,0,0,0,0,0,0,0,0,0,0,0,0,0,0,0,0,0,0,0,0,0,0,0,0,0,0,0,0,0,0,0,0,0,0,0,0,0,0,0,0,0,0,0,0,0,0,0,0,0,0,0,0,0,0,0,0,0,0,0,0,0,0,0,0,0,0,0,0,0,0,0,0,0,0,0,0,0,0,0,0,0,0,0,0,0,0,0,0,0,0,0,0,0,0,0,0,0,0,0,0,0,0,0,0,0,0,0,0,0,0,0,0,0,0,0,0,0,0,0,0,0,0,0,0,0,0,0,0,0,0,0,0,0,0,0,0,0,0,0,0,0,0,0,0,0,0,0,0,0,0,0,0,0,0,0,0,0,0,0,0,0,0,0,0,0,0,0,0,0,0,0,0,0,0,0,0,0,0,0,0,0,0,0,0,0,0,0,0,0,0,0,0,0,0,0,0,0,0,0,0,0,0,0,0,0,0,0,0,0,0,0,0,0,0,0,0,0,0,0,0,0,0,0,0,0,0,0,0,0,0,0,0,0,0,0,0,0,0,0,0,0,0,0,0,0,0,0,0,0,0,0,0,0,0,0,0,0,0,0,0,0,0,0,0,0,0,0,0,0,0,0,0,0,0,0,0,0,0,0,0,0,0,0,0,0,0,0,0,0,0,0,0,0,0,0,0,0,0,0,0,0,0,0,0,0,0,0,0,0,0,0,0,0,0,0,0,0,0,0,0,0,0,0,0,0,0,0,0,0,0,0,0,0,0,0,0,0,0,0,0,0,0,0,0,0,0,0,0,0,0,0,0,0,0,0,0,0,0,0,0,0,0,0,0,0,0,0,0,0,0,0,0,0,0,0,0,0,0,0,0,0,0,0,0,0,0,0,0,0,0,0,0,0,0,0,0,0,0,0,0,0,0,0,0,0,0,0,0,0,0,0,0,0,0,0,0,0,0,0,0,0,0,0,0,0,0,0,0,0,0,0,0,0,0,0,0,0,0,0,0,0,0,0,0,0,0,0,0,0,0,0,0,0,0,0,0,0,0,0,0,0,0,0,0,0,0,0,0,0,0,0,0,0,0,0,0,0,0,0,0,0,0,0,0,0,0,0,0,0,0,0,0,0,0,0,0,0,0,0,0,0,0,0,0,0,0,0,0,0,0,0,0,0,0,0,0,0,0,0,0,0,0,0,0,0,0,0,0,0,0,0,0,0,0,0,0,0,0,0,0,0,0,0,0,0,0,0,0,0,0,0,0,0,0,0,0,0,0,0,0,0,0,0,0,0,0,0,0,0,0,0,0,0,0,0,0,0,0,0,0,0,0,0,0,0,0,0,0,0,0,0,0,0,0,0,0,0,0,0,0,0,0,0,0,0,0,0,0,0,0,0,0,0,0,0,0,0,0,0,0,0,0,0,0,0,0,0,0,0,0,0,0,0,0,0,0,0,0,0,0,0,0,0,0,0,0,0,0,0,0,0,0,0,0,0,0,0,0,0,0,0,0,0,0,0,0,0,0,0,0,0,0,0,0,0,0,0,0,0,0,0,0,0,0,0,0,0,0,0,0,0,0,0,0,0,0,0,0,0,0,0,0,0,0,0,0,0,0,0,0,0,0,0,0,0,0,0,0,0,0,0,0,0,0,0,0,0,0,0,0,0,0,0,0,0,0,0,0,0,0,0,0,0,0,0,0,0,0,0,0,0,0,0,0,0,0,0,0,0,0,0,0,0,0,0,0,0,0,0,0,0,0,0,0,0,0,0,0,0,0,0,0,0,0,0,0,0,0,0,0,0,0,0,0,0,0,0,0,0,0,0,0,0,0,0,0,0,0,0,0,0,0,0,0,0,0,0,0,0,0,0,0,0,0,0,0,0,0,0,0,0,0,0,0,0,0,0,0,0,0,0,0,0,0,0,0,0,0,0,0,0,0,0,0,0,0,0,0,0,0,0,0,0,0,0,0,0,0,0,0,0,0,0,0,0,0,0,0,0,0,0,0,0,0,0,0,0,0,0,0,0,0,0,0,0,0,0,0,0,0,0,0,0,0,0,0,0,0,0,0,0,0,0,0,0,0,0,0,0,0,0,0,0,0,0,0,0,0,0,0,0,0,0,0,0,0,0,0,0,0,0,0,0,0,0,0,0,0,0,0,0,0,0,0,0,0,0,0,0,0,0,0,0,0,0,0,0,0,0,0,0,0,0,0,0,0,0,0,0,0,0,0,0,0,0,0,0,0,0,0,0,0,0,0,0,0,0,0,0,0,0,0,0,0,0,0,0,0,0,0,0,0,0,0,0,0,0,0,0,0,0,0,0,0,0,0,0,0,0,0,0,0,0,0,0,0,0,0,0,0,0,0,0,0,0,0,0,0,0,0,0,0,0,0,0,0,0,0,0,0,0,0,0,0,0,0,0,0,0,0,0,0,0,0,0,0,0,0,0,0,0,0,0,0,0,0,0,0,0,0,0,0,0,0,0,0,0,0,0,0,0,0,0,0,0,0,0,0,0,0,0,0,0,0,0,0,0,0,0,0,0,0,0,0,0,0,0,0,0,0,0,0,0,0,0,0,0,0,0,0,0,0,0,0,0,0,0,0,0,0,0,0,0,0,0,0,0,0,0,0,0,0,0,0,0,0,0,0,0,0,0,0,0,0,0,0,0,0,0,0,0,0,0,0,0,0,0,0,0,0,0,0,0,0,0,0,0,0,0,0,0,0,0,0,0,0,0,0,0,0,0,0,0,0,0,0,0,0,0,0,0,0,0,0,0,0,0,0,0,0,0,0,0,0,0,0,0,0,0,0,0,0,0,0,0,0,0,0,0,0,0,0,0,0,0,0,0,0,0,0,0,0,0,0,0,0,0,0,0,0,0,0,0,0,0,0,0,0,0,0,0,0,0,0,0,0,0,0,0,0,0,0,0,0,0,0,0,0,0,0,0,0,0,0,0,0,0,0,0,0,0,0,0,0,0,0,0,0,0,0,0,0,0,0,0,0,0,0,0,0,0,0,0,0,0,0,0,0,0,0,0,0,0,0,0,0,0,0,0,0,0,0,0,0,0,0,0,0,0,0,0,0,0,0,0,0,0,0,0,0,0,0,0,0,0,0,0,0,0,0,0,0,0,0,0,0,0,0,0,0,0,0,0,0,0,0,0,0,0,0,0,0,0,0,0,0,0,0,0,0,0,0,0,0,0,0,0,0,0,0,0,0,0,0,0,0,0,0,0,0,0,0,0,0,0,0,0,0,0,0,0,0,0,0,0,0,0,0,0,0,0,0,0,0,0,0,0,0,0,0,0,0,0,0,0,0,0,0,0,0,0,0,0,0,0,0,0,0,0,0,0,0,0,0,0,0,0,0,0,0,0,0,0,0,0,0,0,0,0,0,0,0,0,0,0,0,0,0,0,0,0,0,0,0,0,0,0,0,0,0,0,0,0,0,0,0,0,0,0,0,0,0,0,0,0,0,0,0,0,0,0,0,0,0,0,0,0,0,0,0,0,0,0,0,0,0,0,0,0,0,0,0,0,0,0,0,0,0,0,0,0,0,0,0,0,0,0,0,0,0,0,0,0,0,0,0,0,0,0,0,0,0,0,0,0,0,0,0,0,0,0,0,0,0,0,0,0,0,0,0,0,0,0,0,0,0,0,0,0,0,0,0,0,0,0,0,0,0,0,0,0,0,0,0,0,0,0,0,0,0,0,0,0,0,0,0,0,0,0,0,0,0,0,0,0,0,0,0,0,0,0,0,0,0,0,0,0,0,0,0,0,0,0,0,0,0,0,0,0,0,0,0,0,0,0,0,0,0,0,0,0,0,0,0,0,0,0,0,0,0,0,0,0,0,0,0,0,0,0,0,0,0,0,0,0,0,0,0,0,0,0,0,0,0,0,0,0,0,0,0,0,0,0,0,0,0,0,0,0,0,0,0,0,0,0,0,0,0,0,0,0,0,0,0,0,0,0,0,0,0,0,0,0,0,0,0,0,0,0,0,0,0,0,0,0,0,0,0,0,0,0,0,0,0,0,0,0,0,0,0,0,0,0,0,0,0,-0.66460127,0.7654866,-0.2151084,0.2660275,-0.0809637,1.6888132,0.09888755,-0.3687257,1.1376976,-0.8503349,-0.62220776,0.16934057,0.037697557,0.12856977,-0.895771,-0.20827946,-0.28333017,-1.1886716,-1.2659535,0.2685292,-0.30882037,0.07177464,-0.8203146,0.8619707,0.9424305,0.26163265,-0.5952977,1.0172783,0.33370838,-0.39543295,-0.40368176,-0.22376288,1.1571702,1.0972649,-1.0247095,-0.83573043,0.08556774,-0.0114572765,-1.1925256,-1.4727825,0.27197748,0.8159937,1.0626469,-0.6065215,0.17387065,-0.2803552,1.1735326,-1.318151,-0.5631814,-0.12538561,-0.86750865,0.70848864,-0.3177453,-1.0479684,-0.42369527,0.65311337,-0.5455344,-0.36230245,-1.1257237,-1.2234924,-1.0230868,-0.8391787,0.31673744,0.53560156,-0.09022672,-0.5013829,0.15642643,-0.14140995,-0.095230095,-0.51206577,0.057643466,0.42701465,0.6715042,-1.3152436,0.08049674,1.3890836,-0.35256612,0.52735275,-1.1098346,0.71234256,-0.26297858,-0.15229568,0.091450095,-0.57156545,1.0642695,0.17028715,0.23796801,-0.16392516,0.7622412,-0.6094289,-0.12971285,0.24013163,0.22721751,0.13296463,-0.40598062,-0.32450664,0.08009107,0.36372867,-0.3141618,-0.03559521,0.01383008,-0.49752894,-0.8915114,0.6756962,0.8800235,-0.42011178,0.50591934,-0.548915,-0.10212665,0.16886726,0.6942222,-0.18130177,0.9064602,0.6815786,-0.5239657,-0.5973261,0.28171378,0.43918505,-1.3918494,-0.13613611,-0.50936127,-0.87954384,-0.25729907,0.3623764,0.110381804,-0.6595303,-0.5579076,-0.57271487,-0.17136262,0.3022006,0.74594635,-0.16642685,0.22687943,-0.07372908,-0.685629,-0.89759654,-1.4351895,0.13600722,0.27853596,0.045337856,0.4001722,0.05311338,-0.16135585,-0.689483,0.7858382,-0.46473652,-0.43613613,-0.29232273,0.21998289,0.68002343,0.16149743,1.3893541,-1.376366,0.024851039,-0.7698075,-0.15155193,0.6696786,-0.069334224,-0.1330259,-0.7585161,0.32735273,-0.12504753,-0.34026054,-0.07129501,0.21531758,-0.44965875,0.41558802,-0.4865756,-0.27298534,-0.17271489,-0.23397249,-0.69752896,-0.36358708,0.020185726,0.10997613,-0.72768444,0.3532486,0.321538,0.5879342,-0.3140266,0.78888077,1.0356692,0.5710985,0.07116612,0.23093623,0.41558802,0.4163994,-0.31544647,0.28644672,-0.16473652,0.16318776,1.119442,-0.2441821,-0.31943563,-0.46608877,0.09388417,-0.9191652,0.53472257,-0.07352624,0.39773813,-0.018150989,0.5573054,-0.605913,0.67846835,0.536751,-0.074675664,0.049462263,-0.55973315,-0.3722416,-0.04790082,0.9052432,0.6618355,-1.1326878,-0.117677696,-0.156961,0.6606861,-0.5510786,0.19773813,-0.25080818,0.94554067,-0.07988189,0.38982737,0.16744739,-1.0973262,-0.6279549,0.5107875,-1.1057777,-0.40469596,0.12884022,0.86163265,0.47995585,0.36170027,-0.13931394,-0.015176006,-0.07670406,0.011936909,0.58624387,-0.5094965,-0.049050245,0.5437828,0.29145008,-0.012268635,-0.04688662,0.7909768,-0.549794,-0.40557492,-0.43573043,-0.36473653,0.26528376,0.5058517,-0.1656831,-0.43971962,-0.5992869,0.619442,-0.17237681,-0.09448635,-0.8309975,0.01883346,-0.20070677,-0.8566905,0.5413487,-0.667103,-0.35919222,-0.30577776,-0.3380969,-0.7825188,-0.57555467,-0.6886716,0.25399235,-0.315176,0.20159209,0.8608213,0.32241696,-0.34384403,0.5487861,-0.666224,-0.01963848,-0.8656831,0.060483225,-0.036338955,-0.36642686,-0.8938102,0.27569622,-0.12903672,-0.1207879,0.89996934,-0.25121388,0.016940288,0.9351283,-0.26223484,0.5597395,0.5108551,0.79949605,0.0039585447,0.09293758,-0.16000359,1.4616326,-0.07967905,-0.7027352,-0.012268635,-0.31057832,0.2572378,-0.39570338,-0.015176006,-0.076298386,0.09949607,0.6118693,0.068393975,-0.096041456,1.147772,-0.34742752,-0.18826593,-0.62464184,-0.03687986,-0.32234302,-0.6961767,0.39158532,0.35149065,0.51531756,-0.3048988,0.0071363673,-0.96520984,-0.25330988,0.7616326,0.32072663,-0.36284333,0.09408701,-0.54181564,-0.30111244,-0.1738643,-0.69698805,0.55040884,0.53364074,-0.56750864,0.41220737,-0.15371557,0.2201181,0.03337031,-0.7227487,-0.44945592,-0.16906376,0.093816556,0.2900302,-0.1156493,-0.78799546,0.08746091,-0.21348567,-0.32105836,-0.5222078,0.5249187,-0.18021995,0.17218031,-0.45405364,0.22322832,-0.41700158,0.8049051,0.28015867,0.45304576,-0.23059183,-0.1963119,0.09780574,-0.6070624,0.0028091194,0.34067255,-0.19097047,0.022416962,0.31105793,0.102335826,1.1953716,0.3725184,-0.009631719,-1.0046959,-0.21348567,0.9368186,0.92748797,-0.34032813,-0.884412,-0.08630515,0.90902954,-0.8964471,-0.8685229,-0.6220049,-0.48698127,0.14527024,0.5690025,0.55034125,-0.20090961,0.07177464,-0.83539236,0.526947,0.7310038,-0.24195085,-1.2392464,-0.361153,0.2833365,1.0677178,0.56264687,0.072788835,0.053654283,0.7358044,0.1440532,-1.3313355,-0.20429027,-0.6665621,0.09780574,0.4853649,0.6865143,-0.2636547,0.39949608,0.69172055,0.4159261,0.11112555,0.08719046,-0.020111773,0.15602075,-0.7397196,0.22376923,0.36582467,-0.6095641,-0.15858372,0.17657518,-0.023221983,-0.15723145,0.24445888,-0.5039522,0.18644671,0.9798206,0.10057788,-0.97562224,1.1166699,0.21376246,-0.090835236,-0.3390435,-0.70929366,-0.5533775,-0.5349191,0.5829308,-0.65276897,-0.480558,-1.2635195,0.20571649,-0.39861077,-0.45925984,0.20666307,0.33877936,-0.34391165,-0.028428202,0.6238368,0.28367457,-0.27508134,0.40923238,0.88245755,0.9713013,0.37508768,-0.38475004,0.2251891,-0.7856966,0.4037557,0.31078747,-0.043303117,0.13911743,-0.0030056203,0.51362723,0.6809024,0.0019301471,-0.7111868,0.6589281,0.022890255,0.068393975,-0.27907053,0.77955014,-0.23086227,0.9072716,-0.07717736,0.75236964,0.69794095,0.49368134,0.177657,-0.89462155,0.89929324,-0.07264727,-0.30354652,0.33729187,0.5157909,-0.3401929,-0.38731936,-0.49861076,0.17447917,0.15723778,-0.007535708,-0.29671758,0.543039,-0.8113897,-0.40232947,-0.06777912,0.24209242,-0.29698804,0.22742034,0.5039585,-0.22470948,0.8031472,-0.29604146,-0.22335722,0.49496597,0.51011133,1.2323561,-0.9119982,-0.515176,0.6508821,1.1354663,0.430801,-0.33971962,0.9483128,0.17711608,0.32755557,-1.0243714,-0.019368028,-0.03748838,0.47589904,-0.8420185,-1.0773802,-0.20895559,-0.13106512,-0.14364119,0.09800858,0.39030066,0.47529054,-0.46608877,0.59537166,-0.5572314,-0.02626458,0.48475638,-0.5652774,-0.52700835,-0.513959,0.13019249,-0.8069272,-0.317272,0.03134191,0.17488484,-1.0913762,-0.2554059,1.2716395,1.0143033,-0.7150408,-0.5687933,-0.2120658,-0.15263374,-0.38975343,-0.37927336,-0.123965725,0.2694758,0.014370985,0.9068659,-0.05432408,-0.53268784,-0.44803604,-0.008685133,0.4082858,-0.34100428,0.25602075,0.59841424,0.36521617,-1.0932693,0.24797477,-0.6349867,-0.46473652,-0.7462781,-0.1748109,0.40355286,0.36927295,-0.13032137,0.6001722,0.3832689,0.6262033,0.47150418,-0.06351948,0.3077449,0.22187606,-1.3581104,0.9035529,0.6983467,0.4541952,0.1628497,0.5945603,-0.6094289,0.16724455,-0.06162631,0.07867119,0.45034122,0.14641967,0.083201274,0.7920586,0.022416962,0.6548037,0.76920533,0.5487861,0.13850892,-0.6836006,0.94141626,0.39117965,-0.15101103,-0.76595354,-0.40429026,0.35108498,0.37285644,0.3654866,0.7470958,-1.0760956,-0.74032813,-1.3576372,-1.2060483,-0.727414,0.6077449,-0.47568986,-0.115784526,0.12356639,-0.59401304,0.787799,-0.2391111,0.10463468,0.33823848,0.08225469,-0.4839387,-0.4698075,0.6259329,0.0025386664,0.7975353,0.48881316,-0.34343836,-0.044858225,-0.6971909,-0.19536532,0.21815732,0.64046973,0.2792797,0.60132164,0.41308632,0.83424926,-0.9727825,0.16690648,-0.2243714,0.11322156,-0.71490556,-0.04458777,-0.029848082,0.7501384,-0.6312004,0.4583196,0.2384413,-0.34249175,0.29672393,0.69672394,0.2108551,-0.04621049,-0.666224,-0.54296505,-0.80273515,0.53593963,-0.13904348,0.022957869,-0.27704212,-0.08650798,0.4349254,-0.14458777,-0.11483794,0.3342493,0.29787335,0.67380303,-0.06987513,-0.043438345,-0.39076763,0.080226295,0.5420248,0.45061168,-0.30334368,-0.14992921,0.19821142,-0.4070624,0.108150564,0.042836163,0.19726484,0.10733921,0.26792067,0.3834041,0.8429038,-0.25317466,0.19293758,-0.006859576,0.9280289,0.023160709,-0.6040874,-0.32268107,-0.48163983,0.84371513,0.9721127,1.1286374,-0.02295153,0.37907687,0.26940817,0.4317476,-0.4988136,0.2291783,-0.10814423,0.27481723,-0.36149108,0.14614922,-1.272174,-0.41673112,-0.08447959,-0.41747487,0.099969365,0.60301197,0.37630472,0.0019977603,0.5770485,-0.48177505,-0.583533,-1.2630461,-0.78265405,-0.088739224,0.6765076,0.368394,-0.39110568,0.9507469,-0.56507456,-0.33174124,0.42897543,-0.12443902,-0.12748162,-0.36804956,0.41579086,0.34236288,-0.68319494,-0.6588542,-0.19915166,-0.92761683,0.3558179,0.12174083,-0.86223483,0.5638639,0.5648781,0.05149066,-0.3677791,0.49564213,-0.4640604,-0.1370827,0.42755556,0.4261357,-0.19874598,-0.33559522,-1.0786649,0.33945552,0.3900302,0.7560884,0.03979357,0.4995637,-0.48880684,0.430801,0.5527753,-0.006386283,0.01633177,0.70348525,-1.3182862,-0.2931341,-0.26095018,0.079888225,-0.3177453,-0.13086228,-0.19617668,0.032018043,-0.24100427,0.16636558,0.26068607,-0.2891449,0.062241167,-0.031606026,0.7589281,-0.25790757,-0.23275545,0.30179492,-0.20827946,-0.5111192,-0.67934096,0.046825346,-0.37710974,-0.67609555,-0.077988714,-0.2651422,0.41991526,0.40902954,-0.29705566,0.25507417,-0.26588595,0.12850216,-0.080558024,0.50233585,-0.13289067,0.487799,-0.23072705,-0.4411395,-0.080084726,0.051017366,0.2690025,0.2681235,0.70335,1.0653514,0.42221412,-0.5474951,0.64777195,-0.42362767,0.23499303,0.5631201,-0.76351947,-0.5833978,-0.34026054,0.1843507,0.035601545,-0.11395897,-0.2610854,-0.076906905,0.08759614,0.01051703,-0.2952977,0.32755557,0.09374894,0.55595315,-0.25189,0.8034176,0.014844278,-0.40976694,0.37549338,0.7032148,0.680632,0.4097733,0.03965834,0.9220789,0.6833365,-0.20780616,1.3050404,-0.41321522,-0.52531797,0.008556246,0.3944927,0.044526495,-0.4794086,0.13871175,-0.20571016,-0.36122063,0.49922562,-0.5888068,0.0007807218,0.34946227,0.021470377,0.23965834,-0.22342482,-0.1896182,-0.20685957,-0.39482442,0.708421,0.05047646,0.0066630747,-0.5656155,0.3485157,0.20470229,0.7268118,-0.71558166,0.085094444,-0.36081496,0.020456178,0.16744739,-0.03268784,0.8653514,0.36663604,-0.28278926,0.008556246,-0.9074005,-0.14249176,0.58915126,-0.302938,0.543039,-0.026737873,-0.85013205,0.40774488,-0.5961767,0.30659547,0.18482399,-0.47312057,-0.4854262,-0.9924579,-0.21686634,0.37299168,0.42823172,0.22491865,-0.7349191,-0.6241686,0.60044265,-0.028698657,-0.17203875,0.03404644,-0.96378994,-0.4533099,-0.23735315,0.27407348,0.032491338,0.34621683,-0.07677168,-0.8647365,-0.5057101,0.6489214,0.021673217,0.057981532,0.0049051302,0.74060494,-0.5887392,0.25919858,-0.0462781,0.19827904,-0.12166688,0.46433717,-0.76744103,0.20517558,-0.29955736,-0.9039522,-0.80679196,-0.23877303,-0.18562901,-0.41632542,0.3705576,0.89374894,0.051423047,-0.054526918,-0.26507458,-0.5681172,0.1838098,-0.13491908,-0.24715707,0.32329592,-0.21166012,-0.8529042,-0.06581833,-0.08928013,0.14175436,-0.4101726,0.5644048,0.83012486,-0.23363443,0.48164618,0.10010459,-0.5493883,-0.932485,0.79063874,0.09023306,-0.5628433,-0.9017886,-0.59448636,0.45662928,0.5956421,0.5853649,0.29888755,0.13850892,0.21775165,-0.027278777,0.37123373,-0.06142347,0.005175583,0.01863062,-0.32362765,0.32444537,-0.47900292,0.21775165,-0.8072653,-0.010172625,0.62850213,0.25946903,-0.383533,-0.16703537,0.3633906,0.3082858,-0.22004417,0.19145009,-0.18123415,0.74527025,-0.51375616,0.5777246,0.3781979,-0.3951625,-0.35033488,-0.038840644,-0.11537885,0.21051703,0.19550689,-0.17305295,-0.93904346,0.22748795,-0.52775204,-0.0011124493,0.09239668,0.6671093,-0.05019967,0.3205238,-0.31382373,0.29009783,-0.1926608,0.23364076,-0.9334992,0.39185578,0.31315395,0.79151773,0.6420248,0.664202,-0.31720442,0.15838721,0.11112555,-0.065547876,-0.097731784,-0.22450663,0.027082277,-0.028766269,0.34445888,-1.0930665,0.45311338,0.0078125,1.0569674,1.0068659,0.04817761,0.6132892,-0.83890826,-0.22477709,-0.6115249,0.13215327,0.4159937,0.40686592,0.6247834,1.1024034,-0.7630462,0.19990174,-0.2568934,-0.20679197,-0.5283606,-0.10212665,-0.02694071,-0.33228216,-0.10827945,0.15520939,0.034925412,0.1424981,0.81058466,0.40666306,0.87434393,0.4226874,-0.23106512,1.2541952,-0.16142347,0.9307334,-0.716055,-0.4039522,-0.29583862,-0.17251204,0.6008483,0.65101737,-1.0593275,-0.72416854,0.057373013,0.32620332,0.56981385,-0.6477656,0.50564885,0.352302,0.20693353,0.09117964,0.61714315,0.06102413,0.010584643,0.78353935,1.1080153,-0.40185618,-0.44972637,0.0041613844,1.3180221,-0.86602116,0.4966563,-0.08461481,-0.09070001,0.13255896,-0.26500696,0.33053055,0.37143657,0.1445265,0.4996313,0.4339112,0.08962453,-0.17839439,0.332897,-0.41348568,-0.18231596,0.27116612,0.819442,0.75439805,-0.20969933,1.0549389,0.19496599,0.29848188,0.34019926,-0.21470271,0.36183548,0.4303277,0.3486509,-0.3769069,0.41024658,0.69084156,-0.42450663,-0.43329635,-0.23187648,0.7198477,0.6456759,-0.5366094,0.0715718,-0.4998278,-0.0605445,0.46940818,-0.25107864,-0.123492435,-0.3543917,-0.057772353,-0.58414155,-0.30726525,-0.82890147,0.12518911,0.4823223,0.7608213,0.22505388,-0.08738696,0.7568997,0.11213975,-0.09536532,-0.23464862,0.03965834,-0.23715031,0.2414839,0.017481195,-0.047359914,-0.40530446,-0.5455344,-0.41889474,-0.42247823,-0.071092166,0.43877938,-0.9391111,0.20213298,0.11917153,-0.17190352,
0,0,0,0,1,0,0,0,0,1,1,0,0,0,0,0,0,0,0,0,0,0,0,0,0,0,0,0,0,0,0,0,0,0,1,0,0,0,0,0,0,0,0,0,0,0,0,0,0,0,0,0,0,0,0,0,0,0,0,0,0,0,0,0,0,0,0,0,0,0,0,0,0,0,0,0,0,0,0,0,0,0,0,0,0,0,0,0,0,0,0,0,0,0,0,0,0,0,0,0,0,0,0,0,0,0,0,0,0,0,0,0,0,0,0,0,0,0,0,0,0,0,0,0,0,0,0,0,0,0,0,0,0,0,0,0,0,0,0,0,0,0,0,0,0,0,0,0,0,0,0,0,0,0,0,0,0,0,0,0,0,0,0,0,0,0,0,0,0,0,0,0,0,0,0,0,0,0,0,0,0,0,0,0,0,0,0,0,0,0,0,0,0,0,0,0,0,0,0,0,0,0,0,0,0,0,0,0,0,0,0,0,0,0,0,0,0,0,0,0,0,0,0,0,0,0,0,0,0,0,0,0,0,0,0,0,0,0,0,0,0,0,0,0,0,0,0,0,0,0,0,0,0,0,0,0,0,0,0,0,0,0,0,0,0,0,0,0,0,0,0,0,0,0,0,0,0,0,0,0,0,0,0,0,0,0,0,0,0,0,0,0,0,0,0,0,0,0,0,0,0,0,0,0,0,0,0,0,0,0,0,0,0,0,0,0,0,0,0,0,0,0,0,0,0,0,0,0,0,0,0,0,0,0,0,0,0,0,0,0,0,0,0,0,0,0,0,0,0,0,0,0,0,0,0,0,0,0,0,0,0,0,0,0,0,0,0,0,0,0,0,0,0,0,0,0,0,0,0,0,0,0,0,0,0,0,0,0,0,0,0,0,0,0,0,0,0,0,0,0,0,0,0,0,0,0,0,0,0,0,0,0,0,0,0,0,0,0,0,0,0,0,0,0,0,0,0,0,0,0,0,0,0,0,0,0,0,0,0,0,0,0,0,0,0,0,0,0,0,0,0,0,0,0,0,0,0,0,0,0,0,0,0,0,0,0,0,0,0,0,0,0,0,0,0,0,0,0,0,0,0,0,0,0,0,0,0,0,0,0,0,0,0,0,0,0,0,0,0,0,0,0,0,0,0,0,0,0,0,0,0,0,0,0,0,0,0,0,0,0,0,0,0,0,0,0,0,0,0,0,0,0,0,0,0,0,0,0,0,0,0,0,0,0,0,0,0,0,0,0,0,0,0,0,0,0,0,0,0,0,0,0,0,0,0,0,0,0,0,0,0,0,0,0,0,0,0,0,0,0,0,0,0,0,0,0,0,0,0,0,0,0,0,0,0,0,0,0,0,0,0,0,0,0,0,0,0,0,0,0,0,0,0,0,0,0,0,0,0,0,0,0,0,0,0,0,0,0,0,0,0,0,0,0,0,0,0,0,0,0,0,0,0,0,0,0,0,0,0,0,0,0,0,0,0,0,0,0,0,0,0,0,0,0,0,0,0,0,0,0,0,0,0,0,0,0,0,0,0,0,0,0,0,0,0,0,0,0,0,0,0,0,0,0,0,0,0,0,0,0,0,0,0,0,0,0,0,0,0,0,0,0,0,0,0,0,0,0,0,0,0,0,0,0,0,0,0,0,0,0,0,0,0,0,0,0,0,0,0,0,0,0,0,0,0,0,0,0,0,0,0,0,0,0,0,0,0,0,0,0,0,0,0,0,0,0,0,0,0,0,0,0,0,0,0,0,0,0,0,0,0,0,0,0,0,0,0,0,0,0,0,0,0,0,0,0,0,0,0,0,0,0,0,0,0,0,0,0,0,0,0,0,0,0,0,0,0,0,0,0,0,0,0,0,0,0,0,0,0,0,0,0,0,0,0,0,0,0,0,0,0,0,0,0,0,0,0,0,0,0,0,0,0,0,0,0,0,0,0,0,0,0,0,0,0,0,0,0,0,0,0,0,0,0,0,0,0,0,0,0,0,0,0,0,0,0,0,0,0,0,0,0,0,0,0,0,0,0,0,0,0,0,0,0,0,0,0,0,0,0,0,0,0,0,0,0,0,0,0,0,0,0,0,0,0,0,0,0,0,0,0,0,0,0,0,0,0,0,0,0,0,0,0,0,0,0,0,0,0,0,0,0,0,0,0,0,0,0,0,0,0,0,0,0,0,0,0,0,0,0,0,0,0,0,0,0,0,0,0,0,0,0,0,0,0,0,0,0,0,0,0,0,0,0,0,0,0,0,0,0,0,0,0,0,0,0,0,0,0,0,0,0,0,0,0,0,0,0,0,0,0,0,0,0,0,0,0,0,0,0,0,0,0,0,0,0,0,0,0,0,0,0,0,0,0,0,0,0,0,0,0,0,0,0,0,0,0,0,0,0,0,0,0,0,0,0,0,0,0,0,0,0,0,0,0,0,0,0,0,0,0,0,0,0,0,0,0,0,0,0,0,0,0,0,0,0,0,0,0,0,0,0,0,0,0,0,0,0,0,0,0,0,0,0,0,0,0,0,0,0,0,0,0,0,0,0,0,0,0,0,0,0,0,0,0,0,0,0,0,0,0,0,0,0,0,0,0,0,0,0,0,0,0,0,0,0,0,0,0,0,0,0,0,0,0,0,0,0,0,0,0,0,0,0,0,0,0,0,0,0,0,0,0,0,0,0,0,0,0,0,0,0,0,0,0,0,0,0,0,0,0,0,0,0,0,0,0,0,0,0,0,0,0,0,0,0,0,0,0,0,0,0,0,0,0,0,0,0,0,0,0,0,0,0,0,0,0,0,0,0,0,0,0,0,0,0,0,0,0,0,0,0,0,0,0,0,0,0,0,0,0,0,0,0,0,0,0,0,0,0,0,0,0,0,0,0,0,0,0,0,0,0,0,0,0,0,0,0,0,0,0,0,0,0,0,0,0,0,0,0,0,0,0,0,0,0,0,0,0,0,0,0,0,0,0,0,0,0,0,0,0,0,0,0,0,0,0,0,0,0,0,0,0,0,0,0,0,0,0,0,0,0,0,0,0,0,0,0,0,0,0,0,0,0,0,0,0,0,0,0,0,0,0,0,0,0,0,0,0,0,0,0,0,0,0,0,0,0,0,0,0,0,0,0,0,0,0,0,0,0,0,0,0,0,0,0,0,0,0,0,0,0,0,0,0,0,0,0,0,0,0,0,0,0,0,0,0,0,0,0,0,0,0,0,0,0,0,0,0,0,0,0,0,0,0,0,0,0,0,0,0,0,0,0,0,0,0,0,0,0,0,0,0,0,0,0,0,0,0,0,0,0,0,0,0,0,0,0,0,0,0,0,0,0,0,0,0,0,0,0,0,0,0,0,0,0,0,0,0,0,0,0,0,0,0,0,0,0,0,0,0,0,0,0,0,0,0,0,0,0,0,0,0,0,0,0,0,0,0,0,0,0,0,0,0,0,0,0,0,0,0,0,0,0,0,0,0,0,0,0,0,0,0,0,0,0,0,0,0,0,0,0,0,0,0,0,0,0,0,0,0,0,0,0,0,0,0,0,0,0,0,0,0,0,0,0,0,0,0,0,0,0,0,0,0,0,0,0,0,0,0,0,0,0,0,0,0,0,0,0,0,0,0,0,0,0,0,0,0,0,0,0,0,0,0,0,0,0,0,0,0,0,0,0,0,0,0,0,0,0,0,0,0,0,0,0,0,0,0,0,0,0,0,0,0,0,0,0,0,0,0,0,0,0,0,0,0,0,0,0,0,0,0,0,0,0,0,0,0,0,0,0,0,0,0,0,0,0,0,0,0,0,0,0,0,0,0,0,0,0,0,0,0,0,0,0,0,0,0,0,0,0,0,0,0,0,0,0,0,0,0,0,0,0,0,0,0,0,0,0,0,0,0,0,0,0,0,0,0,0,0,0,0,0,0,0,0,0,0,0,0,0,0,0,0,0,0,0,0,0,0,0,0,0,0,0,0,0,0,0,0,0,0,0,0,0,0,0,0,0,0,0,0,0,0,0,0,0,0,0,0,0,0,0,0,0,0,0,0,0,0,0,0,0,0,0,0,0,0,0,0,0,0,0,0,0,0,0,0,0,0,0,0,0,0,0,0,0,0,0,0,0,0,0,0,0,0,0,0,0,0,0,0,0,0,0,0,0,0,0,0,0,0,0,0,0,0,0,0,0,0,0,0,0,0,0,0,0,0,0,0,0,0,0,0,0,0,0,0,0,0,0,0,0,0,0,0,0,0,0,0,0,0,0,0,0,0,0,0,0,0,0,0,0,0,0,0,0,0,0,0,0,0,0,0,0,0,0,0,0,0,0,0,0,0,0,0,0,0,0,0,0,0,0,0,0,0,0,0,0,0,0,0,0,0,0,0,0,0,0,0,0,0,0,0,0,0,0,0,0,0,0,0,0,0,0,0,0,0,0,0,0,0,0,0,0,0,0,0,0,0,0,0,0,0,0,0,0,0,0,0,0,0,0,0,0,0,0,0,0,0,0,0,0,0,0,0,0,0,0,0,0,0,0,0,0,0,0,0,0,0,0,0,0,0,0,0,0,0,0,0,0,0,0,0,0,0,0,0,0,0,0,0,0,0,0,0,0,0,0,0,0,0,0,0,0,0,0,0,0,0,0,0,0,0,0,0,0,0,0,0,0,0,0,0,0,0,0,0,0,0,0,0,0,0,0,0,0,0,0,0,0,0,0,0,0,0,0,0,0,0,0,0,0,0,0,0,0,0,0,0,0,0,0,0,0,0,0,0,0,0,0,0,0,0,0,0,0,0,0,0,0,0,0,0,0,0,0,0,0,0,0,0,0,0,0,0,0,0,0,0,0,0,0,0,0,0,0,0,0,0,0,0,0,0,0,0,0,0,0,0,0,0,0,0,0,0,0,0,0,0,0,0,0,0,0,0,0,0,0,0,0,0,0,0,0,0,0,0,0,0,0,0,0,0,0,0,0,0,0,0,0,0,0,0,0,0,0,0,0,0,0,0,0,0,0,0,0,0,0,0,0,0,0,0,0,0,0,0,0,0,0,0,0,0,0,0,0,0,0,0,0,0,0,0,0,0,0,0,0,0,0,0,0,0,0,0,0,0,0,0,0,0,0,0,0,0,0,0,0,0,0,0,0,0,0,0,0,0,0,0,0,0,0,0,0,0,0,0,0,0,0,0,0,0,0,0,0,0,0,0,0,0,0,0,0,0,0,0,0,0,0,0,0,0,0,0,0,0,0,0,0,0,0,0,0,0,0,0,0,0,0,0,0,0,0,0,0,0,0,0,0,0,0,0,0,0,0,0,0,0,0,0,0,0,0,0,0,0,0,0,0,0,0,0,0,0,0,0,0,0,0,0,0,0,0,0,0,0,0,0,0,0,0,0,0,0,0,0,0,0,0,0,0,0,0,0,0,0,0,0,0,0,0,0,0,0,0,0,0,0,0,0,0,0,0,0,0,0,0,0,0,0,0,0,0,0,0,0,0,0,0,0,0,0,0,0,0,0,0,0,0,0,0,0,0,0,0,0,0,0,0,0,0,0,0,0,0,0,0,0,0,0,0,0,0,0,0,0,0,0,0,0,0,0,0,0,0,0,0,0,0,0,0,0,0,0,0,0,0,0,0,0,0,0,0,0,0,0,0,0,0,0,0,0,0,0,0,0,0,0,0,0,0,0,0,0,0,0,0,0,0,0,0,0,0,0,0,0,0,0,0,0,0,0,0,0,0,0,0,0,0,0,0,0,0,0,0,0,0,0,0,0,0,0,0,0,0,0,0,0,0,0,0,0,0,0,0,0,0,0,0,0,0,0,0,0,0,0,0,0,0,0,0,0,0,0,0,0,0,0,0,0,0,0,0,0,0,0,0,0,0,0,0,0,0,0,0,0,0,0,0,0,0,0,0,0,0,0,0,0,0,0,0,0,0,0,0,0,0,0,0,0,0,0,0,0,0,0,0,0,0,0,0,0,0,0,0,0,0,0,0,0,0,0,0,0,0,0,0,0,0,0,0,0,0,0,0,0,0,0,0,0,0,0,0,0,0,0,0,0,0,0,0,0,0,0,0,0,0,0,0,0,0,0,0,0,0,0,0,0,0,0,0,0,0,0,0,0,0,0,0,0,0,0,0,0,0,0,0,0,0,0,0,0,0,0,0,0,0,0,0,0,0,0,0,0,0,0,0,0,0,0,0,0,0,0,0,0,0,0,0,0,0,0,0,0,0,0,0,0,0,0,0,0,0,0,0,0,0,0,0,0,0,0,0,0,0,0,0,0,0,0,0,0,0,0,0,0,0,0,0,0,0,0,0,0,0,0,0,0,0,0,0,0,0,0,0,0,0,0,0,0,0,0,0,0,0,0,0,0,0,0,0,0,0,0,0,0,0,0,0,0,0,0,0,0,0,0,0,0,0,0,0,0,0,0,0,0,0,0,0,0,0,0,0,0,0,0,0,0,0,0,0,0,0,0,0,0,0,0,0,0,0,0,0,0,0,0,0,0,0,0,0,0,0,0,0,0,0,0,0,0,0,0,0,0,0,0,0,0,0,0,0,0,0,0,0,0,0,0,0,0,0,0,0,0,0,0,0,0,0,0,0,0,0,0,0,0,0,0,0,0,0,0,0,0,0,0,0,0,0,0,0,0,0,0,0,0,0,0,0,0,0,0,0,0,0,0,0,0,0,0,0,0,0,0,0,0,0,0,0,0,0,0,0,0,0,0,0,0,0,0,0,0,0,0,0,0,0,0,0,0,0,0,0,0,0,0,0,0,0,0,0,0,0,0,0,0,0,0,0,0,0,0,0,0,0,0,0,0,0,0,0,0,0,0,0,0,0,0,0,0,0,0,0,0,0,0,0,0,0,0,0,0,0,0,0,0,0,0,0,0,0,0,0,0,0,0,0,0,0,0,0,0,0,0,0,0,0,0,0,0,0,0,0,0,0,0,0,0,0,0,0,0,0,0,0,0,0,0,0,0,0,0,0,0,0,0,0,0,0,0,0,0,0,0,0,0,0,0,0,0,0,0,0,0,0,0,0,0,0,0,0,0,0,0,0,0,0,0,0,0,0,0,0,0,0,0,0,0,0,0,0,0,0,0,0,0,0,0,0,0,0,0,0,0,0,0,0,0,0,0,0,0,0,0,0,0,0,0,0,0,0,0,0,0,0,0,0,0,0,0,0,0,0,0,0,0,0,0,0,0,0,0,0,0,0,0,0,0,0,0,0,0,0,0,0,0,0,0,0,0,0,0,0,0,0,0,0,0,0,0,0,0,0,0,0,0,0,0,0,0,0,0,0,0,0,0,0,0,0,0,0,0,0,0,0,0,0,0,0,0,0,0,0,0,0,0,0,0,0,0,0,0,0,0,0,0,0,0,0,0,0,0,0,0,0,0,0,0,0,0,0,0,0,0,0,0,0,0,0,0,0,0,0,0,0,0,0,0,0,0,0,0,0,0,0,0,0,0,0,0,0,0,0,0,0,0,0,0,0,0,0,0,0,0,0,0,0,0,0,0,0,0,0,0,0,0,0,0,0,0,0,0,0,0,0,0,0,0,0,0,0,0,0,0,0,0,0,0,0,0,0,0,0,0,0,0,0,0,0,0,0,0,0,0,0,0,0,0,0,0,0,0,0,0,0,0,0,0,0,0,0,0,0,0,0,0,0,0,0,0,0,0,0,0,0,0,0,0,0,0,0,0,0,0,0,0,0,0,0,0,0,0,0,0,0,0,0,0,0,0,0,0,0,0,0,0,0,0,0,0,0,0,0,0,0,0,0,0,0,0,0,0,0,0,0,0,0,0,0,0,0,0,0,0,0,0,0,0,0,0,0,0,0,0,0,0,0,0,0,0,0,0,0,0,0,0,0,0,0,0,0,0,0,0,0,0,0,0,0,0,0,0,0,0,0,0,0,0,0,0,0,0,0,0,0,0,0,0,0,0,0,0,0,0,0,0,0,0,0,0,0,0,0,0,0,0,0,0,0,0,0,0,0,0,0,0,0,0,0,0,0,0,0,0,0,0,0,0,0,0,0,0,0,0,0,0,0,0,0,0,0,0,0,0,0,0,0,0,0,0,0,0,0,0,0,0,0,0,0,0,0,0,0,0,0,0,0,0,0,0,0,0,0,0,0,0,0,0,0,0,0,0,0,0,0,0,0,0,0,0,0,0,0,0,0,0,0,0,0,0,0,0,0,0,0,0,0,0,0,0,0,0,0,0,0,0,0,0,0,0,0,0,0,0,0,0,0,0,0,0,0,0,0,0,0,0,0,0,0,0,0,0,0,0,0,0,0,0,0,0,0,0,0,0,0,0,0,0,0,0,0,0,0,0,0,0,0,0,0,0,0,0,0,0,0,0,0,0,0,0,0,0,0,0,0,0,0,0,0,0,0,0,0,0,0,0,0,0,0,0,0,0,0,0,0,0,0,0,0,0,0,0,0,0,0,0,0,0,0,0,0,0,0,0,0,0,0,0,0,0,0,0,0,0,0,0,0,0,0,0,0,0,0,0,0,0,0,0,0,0,0,0,0,0,0,0,0,0,0,0,0,0,0,0,0,0,0,0,0,0,0,0,0,0,0,0,0,0,0,0,0,0,0,0,0,0,0,0,0,0,0,0,0,0,0,0,0,0,0,0,0,0,0,0,0,0,0,0,0,0,0,0,0,0,0,0,0,0,0,0,0,0,0,0,0,0,0,0,0,-0.16948658,0.8472491,1.0661205,-0.23863876,0.5982571,0.86860603,-0.6469238,-0.44557974,-1.5542974,-0.47135532,-0.43843624,0.32179573,0.4462549,0.6886189,0.25190714,-0.12559448,0.1189052,0.4145878,0.1301728,0.966185,0.10918413,-0.22354163,0.06875331,-0.2279603,-0.76909995,-0.3408573,0.2983768,-0.4810764,0.003062431,0.45148367,-0.15637787,-0.12493168,0.0066710105,-0.57025987,0.051888723,-0.6693853,-0.058430713,-0.9415017,0.08223025,1.0100034,0.4005217,-0.39027274,0.13275036,-0.04627937,-0.36331886,0.6521649,0.13275036,-0.6419896,0.104029015,0.0795054,0.33203232,-0.23532476,0.012341635,-0.31279874,0.4478751,0.31200102,0.00107403,-0.06402769,-0.152622,-0.26065844,-0.6898585,0.12509133,-0.24224734,0.52711654,-0.29203102,-0.0138758,0.4575225,0.1488785,0.2586088,-0.3087483,0.051815078,0.27724084,0.12575413,0.08208296,-0.028751984,-0.031403188,0.39890152,0.19505359,-0.47665772,-0.05430662,-0.27111596,-0.28105798,0.28850845,-0.06270209,0.27429506,-0.392703,0.485802,0.03841178,-0.5001503,-0.36759025,0.8211053,-0.38924173,0.14387068,0.12641694,0.19497995,-0.4091994,0.14283966,-0.28982168,-0.34166738,0.39072698,-0.49308044,-0.25115833,0.38483542,-0.61245817,-0.7869219,0.14460713,0.22311214,0.08664892,0.025008487,0.12803711,0.41819638,-0.07124485,0.03259387,-0.026910873,-0.50707287,-0.7207155,0.33446258,-0.31316698,-0.25336766,-0.40964124,-0.334082,0.23158126,-0.18414184,-0.047163107,0.0695634,0.15094055,-0.056884177,-0.21941754,-0.15770347,-0.51841414,1.0045537,0.2344534,-0.09459015,0.58043516,-0.03029852,0.26022896,0.22311214,0.2183989,-0.12920305,0.10999422,-0.34623334,-0.21853381,-0.5735738,0.2586088,-0.24342565,-0.13634658,0.030384533,-0.34041542,-0.23981707,0.12428125,0.015213771,-0.6703427,0.23806196,0.1854798,-0.4943324,-0.19504122,0.011236968,-0.29858536,0.32010192,-0.06940374,-0.23812324,0.36207926,0.39779684,-0.34836903,-0.08472179,0.32179573,0.47644916,-0.084353566,-0.012697488,-0.1332535,0.15616931,0.14666916,-0.3830556,-0.16447876,0.6187303,0.27974474,0.68184364,0.32643536,0.31745073,-0.5584031,0.15410726,0.101304166,0.22664708,-0.19651411,0.06138886,-0.15026538,-0.83515906,-0.08450086,0.14865758,-0.29924816,-0.06896187,0.41282034,0.27422142,0.40295196,0.391758,0.23732552,0.42467707,-0.48667336,-0.08626833,-0.14871885,-0.24791797,0.01108968,-0.25366223,-0.5933106,-0.09922975,0.006597366,0.22789903,0.12553321,-0.18752949,-0.19482028,-0.050698042,-0.25815454,-0.019620068,0.009395856,-0.090024196,-0.49823555,-0.34888455,-0.23576662,-0.2307588,-0.438068,-0.16271129,0.14976224,-0.38231915,-0.3256129,-0.05813613,-0.21227403,-0.21639812,-0.023817806,0.3748198,-0.1206603,-0.14790876,-0.03913586,-0.1786185,0.55112463,0.12597507,0.011678835,0.052404232,0.28887665,-0.09201259,0.15639023,0.40030077,-0.18892874,-0.29917452,0.41635525,0.41127378,-0.15078089,0.13039374,-0.116315275,-0.13443181,0.106827505,-0.33577582,0.13731632,-0.39712167,-0.45787838,-0.42724228,-0.57239556,0.080536425,0.080389135,0.36266842,-0.077210054,0.58802056,0.005934566,-0.25071645,0.23504254,-0.032876074,-0.24909627,0.3051521,-0.55832946,0.03693889,-0.096652195,-0.08928775,-0.25373587,0.0995367,-0.021829404,0.20624755,-0.35838467,-0.35484976,0.36149013,-0.13030772,-0.2534413,0.32849738,-0.2567553,-0.45301783,-0.061818358,-0.16307952,0.03686525,0.20315449,-0.20667705,-0.21595626,0.21479031,0.037675336,-0.23178981,0.38505635,0.38240516,-0.50353795,0.35721874,-0.3623615,0.13171934,0.28607818,0.3937464,0.091656744,0.037012536,-0.16300587,-0.07802014,-0.37605935,-0.14768782,-0.36331886,0.0988739,-0.15836628,0.498027,0.09128852,0.0548345,0.44912705,0.06138886,-0.20468865,-0.34851632,0.17377034,-0.027794607,0.21118173,0.13702174,-0.12935035,-0.27222064,0.009543145,0.16942531,-0.46229705,-0.67535055,0.09121487,0.33004394,-0.11307491,0.18525888,0.14379704,0.2831324,-0.028604696,-0.23768137,-0.42201352,0.074203,-0.630722,-0.060345467,-0.03184505,0.56003565,0.28526807,0.18849924,0.044818852,0.24653108,0.04312503,0.108226754,-0.13295892,0.20448008,-0.23171617,-0.12522626,0.21442209,-0.021534827,-0.13995515,0.37680817,-0.46244434,-0.78449166,-0.171475,0.019779729,-0.21411514,0.27274853,-0.022197627,0.28556266,-0.059535377,-0.2272975,0.42460343,0.53536475,0.044082407,-0.70488197,0.7456934,0.20094515,-0.33260912,-0.06844636,-0.16698268,0.1215564,-0.19555673,-0.1486452,-0.021829404,-0.00813153,0.66770387,-0.29725978,0.34933877,0.034508623,-0.44359136,0.22929828,-0.21875475,0.8809783,-0.32539195,0.30110165,-0.11521061,0.08385043,-0.103943,-0.114989676,-0.214557,-0.11815639,-0.27774397,0.27429506,-0.25579792,-0.30793822,-0.28599215,-0.03707381,0.3773237,0.3307804,-0.16521521,-0.15564142,0.06595482,-0.0372211,-0.02750003,-0.5580349,-0.1206603,0.30522573,0.12906814,-0.12610999,-0.13833497,-0.5086194,0.15005681,-0.011813754,-0.3635398,0.11905249,0.3846145,0.044229697,-0.12935035,-0.23237897,0.2938845,-0.114842385,0.46879014,0.41223118,0.012857147,-0.37164068,-0.49786732,-0.027647318,0.39448285,0.16456477,-0.21831287,0.07560225,-0.9708858,0.28703555,0.13731632,-0.14378467,-0.085900106,-0.004081084,-0.388358,0.15852593,-0.13951328,-0.31309333,0.1429133,0.30765602,-0.08207059,-0.3181748,0.08524967,0.262291,0.11971529,0.15977788,-0.62667155,-0.15313752,-0.15159097,0.52711654,0.19777843,0.13657987,-0.21087478,-0.20689799,-0.03869399,-0.038399413,0.13444419,-0.16330045,-0.057031468,-0.10880353,-0.6094387,-0.1266255,0.42946398,-0.31530267,-0.04325995,-0.24850711,-0.23547204,-0.19968082,0.3124429,0.012194347,-0.85364383,0.19851488,-0.40485436,0.022946442,-0.34873727,-0.00032521517,0.045187075,-0.19452572,-0.1339163,-0.06218658,-0.29460856,0.19321248,0.5548069,0.40066898,0.09393972,-0.012992066,-0.15571506,-0.21050656,-0.039577723,0.54051983,-0.088551305,-0.28334096,-0.1613857,-0.1052686,0.1768634,0.10852133,-0.18583566,-0.004081084,0.37562987,0.32179573,0.41333583,0.37010652,-0.23422009,-0.25160018,0.35589314,-0.18797135,0.39853328,0.38638195,-0.44175023,0.010132302,-0.18333176,0.25558937,0.26302746,0.09629635,-0.08766757,-0.02440696,-0.15711431,-0.21971212,-0.5833686,-0.32782224,-0.3448341,-0.16609894,-0.17346339,0.20013507,-0.19717692,-0.106594205,-0.16860285,-0.29107362,0.011163324,0.056381036,0.14401796,0.44647586,-0.45633185,0.17818901,-0.35006285,0.012562569,0.0017368303,-0.1799441,-0.4374052,-0.40478072,-0.08383806,-0.077210054,0.06470286,0.039442804,0.03097369,0.016318437,-0.06439591,-0.13980787,-0.59014386,-0.4630335,0.16051432,0.28173316,-0.07949303,0.39845964,0.193728,0.055865522,0.27547336,0.51282954,-0.47938257,-0.7584215,-0.155936,0.1369481,-0.30300403,0.35677686,-0.27406174,0.2588297,-0.6869127,0.7107859,-0.10688878,0.3026482,-0.6057565,0.063819125,0.5835282,0.020737106,0.1536654,-0.08604739,-0.12250141,-0.14805605,0.3310013,0.010353235,0.40280467,0.0281752,-0.37797412,0.3846145,-0.27803856,0.09386608,-0.09157073,0.18135571,0.20337541,0.1569794,-0.05334924,-0.37222984,-0.50935584,0.066617616,-0.27538735,0.14740561,0.13414961,-0.47606856,0.3089816,0.45708066,-0.66607136,0.61217594,-0.3242873,-0.19739784,0.2023444,-0.00894162,0.14696375,0.0301636,-0.04267079,-0.0041547283,0.07795887,0.2526436,0.3092762,0.014845548,-0.23024328,-0.19872345,-0.36854762,0.04121027,0.5730707,-0.023523226,-0.3319463,-0.39771083,0.109331414,-0.16035467,-0.07220223,0.11500204,0.12104089,-0.06874094,-0.20822358,0.41318855,0.28210136,0.07633869,-0.33393472,0.050784055,-0.11035007,0.13584343,-0.19813429,0.20757316,0.23084481,-0.051802706,-0.3314308,-0.22125866,-0.07286503,0.004167098,0.14254507,0.40891716,-0.2782595,0.683832,-0.2188284,0.030089956,-0.14761418,-0.7095216,-0.1832581,-0.0378839,0.04990032,0.021031685,-0.8998189,0.30242726,-0.3855595,-0.06837272,-0.1499708,0.32385778,0.015213771,0.1463746,-0.41575372,0.06566024,0.14563815,-0.45139766,0.033772178,0.06330362,0.11397102,0.41304126,-0.30977932,-0.1367148,-0.19894437,-0.071981296,-0.2279603,-0.6101752,0.15778948,0.043861475,-0.43438578,-0.15645151,-0.096946776,0.26184914,0.24520549,-0.14172262,-0.32988426,-0.39115646,0.15756856,-0.018073535,-0.328485,-0.09716771,-0.29416668,-0.2801006,-0.058283422,0.08591247,-0.11823003,-0.027941896,0.058074858,0.30257455,-0.33312464,-0.38482305,0.5674001,0.48138332,-0.45854118,-0.03950408,0.22649978,0.2613336,-0.3254656,0.66365343,0.17413856,0.0634509,0.42003748,-0.018957268,-0.24519311,-0.21116936,-0.4865997,0.24793033,0.35810247,0.12273471,-0.038914923,0.3856455,-0.20829722,0.4854338,0.4958913,-0.12500532,-0.18686669,-0.037294745,-0.36133045,-0.27906957,0.10837404,0.006597366,0.46024737,0.50458133,0.20072421,0.19225511,0.119420715,0.057412058,-0.084353566,0.28784564,-0.061008267,0.16176629,-0.2985117,0.24793033,0.44345644,0.0334776,-0.35978392,-0.12824568,-0.3270858,-0.16042832,0.035686936,-0.25167382,-0.6553192,0.23541076,-0.25484055,-0.41759485,0.015802925,-0.05018253,-0.08766757,0.29167515,0.41407228,-0.30712813,0.06087335,0.5834546,0.33983865,0.06470286,0.39102155,-0.08995055,-0.08118685,-0.4837276,-0.15247472,0.037012536,-0.043186303,0.059989616,-0.2981435,-0.19062255,-0.14584671,-0.4236337,0.009837723,-0.007763308,0.045555297,0.13392867,-0.4704716,0.057853926,-0.34144646,-0.19297917,0.11367644,0.15130877,-0.11940834,0.4927246,-0.37583843,0.11816876,0.17796807,0.19741021,0.0689006,-0.67800176,0.06507108,0.44897977,0.5336709,-0.31508172,-0.32524467,-0.106299624,0.12413396,0.49714327,0.3490442,-0.19239002,-0.46575832,0.19586368,-0.036779232,0.03657067,0.0801682,0.110804304,-0.20255296,0.09460252,-0.10305927,-0.35963663,0.18791008,0.76462,0.32393143,-0.10409029,-0.572101,-0.044511903,0.44596034,-0.21330506,0.095780835,0.27591524,0.009248568,-0.40993583,0.27547336,-0.1279511,0.24866678,-0.007321441,-0.1908435,-0.18620388,0.18599533,-0.12647821,-0.13148604,0.36723438,-0.26780197,-0.110423714,0.34926513,0.0040198094,-0.014833178,-0.12927671,0.21118173,-0.10578411,0.034655914,-0.0019453937,0.027586043,-0.22877039,-0.2814262,0.030826401,-0.111970246,0.01455097,0.13982023,-0.20991741,0.11043608,-0.2819417,-0.30005825,0.33755568,-0.44182387,0.38468814,0.30890796,0.026334086,-0.050256174,-0.27023223,-0.04149248,0.40030077,-0.3211206,0.17318118,-0.04885693,0.4028783,0.2183989,-0.18642482,-0.55420536,0.27805093,-0.44388592,-0.021019315,-0.24696058,0.098284744,0.30169082,-0.00894162,-0.092380814,0.10174604,0.32466787,-0.081334144,-0.30396143,-0.081481434,-0.09503202,0.3278346,0.62675756,0.20904605,0.24380624,0.007849323,0.27525243,0.20013507,-0.30963203,-0.022934072,0.25013965,-0.2619104,0.08782723,-0.21779737,0.18511158,-0.06469049,-0.2420264,-0.3368805,0.18702635,0.009837723,-0.6324158,0.108153105,-0.13737759,0.26199642,0.25949252,0.2463838,-0.11675714,0.09254047,-0.4430022,0.3167143,-0.16226943,-0.116167985,0.26781434,0.05925317,-0.3013102,0.18864653,0.06713313,0.18084021,-0.20999105,0.057853926,0.06831144,0.016097505,0.12884721,0.14917308,0.032078356,0.034803204,0.50060457,0.10145146,0.23364331,0.12818441,-0.17154863,0.042020362,0.03686525,0.08119923,-0.08339619,-0.11130745,-0.26102668,0.39065334,-0.09591575,-0.3221516,0.20315449,-0.0002515707,0.26074448,0.20705764,-0.10946634,0.22672072,0.13179298,-0.56134886,0.053877123,0.36237386,0.13996752,-0.20203745,0.23158126,0.23931393,-0.34034178,-0.3112522,-0.023891449,-0.04561657,0.19799937,0.07538131,-0.46494824,-0.057399686,0.31104365,0.19137137,-0.21978576,-0.045469284,-0.27104232,0.069342464,-0.51480556,0.06919517,0.10542826,-0.2700113,-0.15166463,-0.17663011,-0.226782,-0.40441248,0.11750595,0.113602795,0.18577439,-0.2047623,0.1768634,-0.15203285,0.2980086,0.3528737,0.028985288,-0.27951145,-0.25800726,0.06882695,-0.35183033,0.09806381,-0.036042787,-0.4375525,0.07633869,-0.16440512,0.2237013,-0.1612384,-0.35588077,0.019779729,0.10623835,-0.13781947,0.51216674,-0.21595626,-0.3201632,0.11279271,-0.120439366,0.24918228,-0.18207979,-0.45088214,0.3339471,0.16795242,1.106846,-0.5729111,-0.2226579,-0.2764184,0.00077945204,0.9209672,0.5196785,1.2009636,-1.0353984,0.56423336,-0.73036295,0.94033575,0.95859957,-0.054601196,-0.9532848,0.14077762,-0.9438583,-0.5678296,0.070962645,-0.9433428,0.15705304,-0.28606582,-0.15843992,-0.067562625,-0.06822543,-0.3054343,-0.3327564,-0.034054387,0.23143397,-0.71430844,-0.66128445,-0.11417958,-0.9334744,-1.550026,-0.16197485,-1.5182116,-0.86822546,-0.31427163,-0.21846017,-0.34277207,-0.1478351,0.05910588,1.1360828,-0.30653897,0.64148647,-0.46546376,0.03951645,-0.43247104,0.018085904,-0.6215901,-0.09584211,-0.4329129,-0.5828531,-0.14938165,-0.51274353,0.19409622,0.4044985,-0.3436558,-0.81070906,-0.4355641,0.78538775,0.3998589,-0.20218474,0.21788338,-0.15004444,-0.5094295,-1.1928504,0.45693338,0.20028235,0.30338463,0.45214647,-0.4087575,0.1930652,0.17922004,0.14615366,0.71432084,1.1189237,0.5547332,-0.7202,0.34359452,-0.06675254,0.35559857,-0.94673043,-0.58830273,-0.9075516,-0.78530174,0.18783644,0.1495413,0.015729282,-0.59588814,-0.5447789,0.01388817,-0.715855,0.10299799,-0.3383534,-0.92625725,-1.0378287,0.43123144,-0.11300127,-0.15070724,-0.041566126,-1.2010984,-0.18288988,0.30478388,0.25227535,-1.2378471,1.252883,-0.43004078,0.9803247,0.35662958,-0.24990636,0.4413944,0.49014702,-1.2961735,-0.033686165,-0.17699833,0.19321248,-0.8104145,0.9661113,-0.59522533,-0.71894807,0.38196328,0.85593915,0.13945201,-0.06535329,-0.44742087,-0.20675069,-0.13943964,
0,0,0,0,0,1,0,0,0,0,0,0,0,0,0,0,1,0,0,0,0,0,0,0,0,0,0,0,0,0,0,0,0,0,0,0,0,0,0,0,0,0,0,0,0,0,0,0,0,0,0,0,0,0,0,0,0,0,0,0,0,0,0,0,0,0,0,0,0,0,0,0,0,0,0,0,0,0,0,0,0,0,0,0,0,0,0,0,0,0,0,0,0,0,0,0,0,0,0,0,0,0,0,0,0,0,0,0,0,0,0,0,0,0,0,0,0,0,0,0,0,0,0,0,0,0,0,0,0,0,0,0,0,0,0,0,0,0,0,0,0,0,0,0,0,0,0,0,0,0,0,0,0,0,0,0,0,0,0,0,0,0,0,0,0,0,0,0,0,0,0,0,0,0,0,0,0,0,0,0,0,0,0,0,0,0,0,0,0,0,0,0,0,0,0,0,0,0,0,0,0,0,0,0,0,0,0,0,0,0,0,0,0,0,0,0,0,0,0,0,0,0,0,0,0,0,0,0,0,0,0,0,0,0,0,0,0,0,0,0,0,0,0,0,0,0,0,0,0,0,0,0,0,0,0,0,0,0,0,0,0,0,0,0,0,0,0,0,0,0,0,0,0,0,0,0,0,0,0,0,0,0,0,0,0,0,0,0,0,0,0,0,0,0,0,0,0,0,0,0,0,0,0,0,0,0,0,0,0,0,0,0,0,0,0,0,0,0,0,0,0,0,0,0,0,0,0,0,0,0,0,0,0,0,0,0,0,0,0,0,0,0,0,0,0,0,0,0,0,0,0,0,0,0,0,0,0,0,0,0,0,0,0,0,0,0,0,0,0,0,0,0,0,0,0,0,0,0,0,0,0,0,0,0,0,0,0,0,0,0,0,0,0,0,0,0,0,0,0,0,0,0,0,0,0,0,0,0,0,0,0,0,0,0,0,0,0,0,0,0,0,0,0,0,0,0,0,0,0,0,0,0,0,0,0,0,0,0,0,0,0,0,0,0,0,0,0,0,0,0,0,0,0,0,0,0,0,0,0,0,0,0,0,0,0,0,0,0,0,0,0,0,0,0,0,0,0,0,0,0,0,0,0,0,0,0,0,0,0,0,0,0,0,0,0,0,0,0,0,0,0,0,0,0,0,0,0,0,0,0,0,0,0,0,0,0,0,0,0,0,0,0,0,0,0,0,0,0,0,0,0,0,0,0,0,0,0,0,0,0,0,0,0,0,0,0,0,0,0,0,0,0,0,0,0,0,0,0,0,0,0,0,0,0,0,0,0,0,0,0,0,0,0,0,0,0,0,0,0,0,0,0,0,0,0,0,0,0,0,0,0,0,0,0,0,0,0,0,0,0,0,0,0,0,0,0,0,0,0,0,0,0,0,0,0,0,0,0,0,0,0,0,0,0,0,0,0,0,0,0,0,0,0,0,0,0,0,0,0,0,0,0,0,0,0,0,0,0,0,0,0,0,0,0,0,0,0,0,0,0,0,0,0,0,0,0,0,0,0,0,0,0,0,0,0,0,0,0,0,0,0,0,0,0,0,0,0,0,0,0,0,0,0,0,0,0,0,0,0,0,0,0,0,0,0,0,0,0,0,0,0,0,0,0,0,0,0,0,0,0,0,0,0,0,0,0,0,0,0,0,0,0,0,0,0,0,0,0,0,0,0,0,0,0,0,0,0,0,0,0,0,0,0,0,0,0,0,0,0,0,0,0,0,0,0,0,0,0,0,0,0,0,0,0,0,0,0,0,0,0,0,0,0,0,0,0,0,0,0,0,0,0,0,0,0,0,0,0,0,0,0,0,0,0,0,0,0,0,0,0,0,0,0,0,0,0,0,0,0,0,0,0,0,0,0,0,0,0,0,0,0,0,0,0,0,0,0,0,0,0,0,0,0,0,0,0,0,0,0,0,0,0,0,0,0,0,0,0,0,0,0,0,0,0,0,0,0,0,0,0,0,0,0,0,0,0,0,0,0,0,0,0,0,0,0,0,0,0,0,0,0,0,0,0,0,0,0,0,0,0,0,0,0,0,0,0,0,0,0,0,0,0,0,0,0,0,0,0,0,0,0,0,0,0,0,0,0,0,0,0,0,0,0,0,0,0,0,0,0,0,0,0,0,0,0,0,0,0,0,0,0,0,0,0,0,0,0,0,0,0,0,0,0,0,0,0,0,0,0,0,0,0,0,0,0,0,0,0,0,0,0,0,0,0,0,0,0,0,0,0,0,0,0,0,0,0,0,0,0,0,0,0,0,0,0,0,0,0,0,0,0,0,0,0,0,0,0,0,0,0,0,0,0,0,0,0,0,0,0,0,0,0,0,0,0,0,0,0,0,0,0,0,0,0,0,0,0,0,0,0,0,0,0,0,0,0,0,0,0,0,0,0,0,0,0,0,0,0,0,0,0,0,0,0,0,0,0,0,0,0,0,0,0,0,0,0,0,0,0,0,0,0,0,0,0,0,0,0,0,0,0,0,0,0,0,0,0,0,0,0,0,0,0,0,0,0,0,0,0,0,0,0,0,0,0,0,0,0,0,0,0,0,0,0,0,0,0,0,0,0,0,0,0,0,0,0,0,0,0,0,0,0,0,0,0,0,0,0,0,0,0,0,0,0,0,0,0,0,0,0,0,0,0,0,0,0,0,0,0,0,0,0,0,0,0,0,0,0,0,0,0,0,0,0,0,0,0,0,0,0,0,0,0,0,0,0,0,0,0,0,0,0,0,0,0,0,0,0,0,0,0,0,0,0,0,0,0,0,0,0,0,0,0,0,0,0,0,0,0,0,0,0,0,0,0,0,0,0,0,0,0,0,0,0,0,0,0,0,0,0,0,0,0,0,0,0,0,0,0,0,0,0,0,0,0,0,0,0,0,0,0,0,0,0,0,0,0,0,0,0,0,0,0,0,0,0,0,0,0,0,0,0,0,0,0,0,0,0,0,0,0,0,0,0,0,0,0,0,0,0,0,0,0,0,0,0,0,0,0,0,0,0,0,0,0,0,0,0,0,0,0,0,0,0,0,0,0,0,0,0,0,0,0,0,0,0,0,0,0,0,0,0,0,0,0,0,0,0,0,0,0,0,0,0,0,0,0,0,0,0,0,0,0,0,0,0,0,0,0,0,0,0,0,0,0,0,0,0,0,0,0,0,0,0,0,0,0,0,0,0,0,0,0,0,0,0,0,0,0,0,0,0,0,0,0,0,0,0,0,0,0,0,0,0,0,0,0,0,0,0,0,0,0,0,0,0,0,0,0,0,0,0,0,0,0,0,0,0,0,0,0,0,0,0,0,0,0,0,0,0,0,0,0,0,0,0,0,0,0,0,0,0,0,0,0,0,0,0,0,0,0,0,0,0,0,0,0,0,0,0,0,0,0,0,0,0,0,0,0,0,0,0,0,0,0,0,0,0,0,0,0,0,0,0,0,0,0,0,0,0,0,0,0,0,0,0,0,0,0,0,0,0,0,0,0,0,0,0,0,0,0,0,0,0,0,0,0,0,0,0,0,0,0,0,0,0,0,0,0,0,0,0,0,0,0,0,0,0,0,0,0,0,0,0,0,0,0,0,0,0,0,0,0,0,0,0,0,0,0,0,0,0,0,0,0,0,0,0,0,0,0,0,0,0,0,0,0,0,0,0,0,0,0,0,0,0,0,0,0,0,0,0,0,0,0,0,0,0,0,0,0,0,0,0,0,0,0,0,0,0,0,0,0,0,0,0,0,0,0,0,0,0,0,0,0,0,0,0,0,0,0,0,0,0,0,0,0,0,0,0,0,0,0,0,0,0,0,0,0,0,0,0,0,0,0,0,0,0,0,0,0,0,0,0,0,0,0,0,0,0,0,0,0,0,0,0,0,0,0,0,0,0,0,0,0,0,0,0,0,0,0,0,0,0,0,0,0,0,0,0,0,0,0,0,0,0,0,0,0,0,0,0,0,0,0,0,0,0,0,0,0,0,0,0,0,0,0,0,0,0,0,0,0,0,0,0,0,0,0,0,0,0,0,0,0,0,0,0,0,0,0,0,0,0,0,0,0,0,0,0,0,0,0,0,0,0,0,0,0,0,0,0,0,0,0,0,0,0,0,0,0,0,0,0,0,0,0,0,0,0,0,0,0,0,0,0,0,0,0,0,0,0,0,0,0,0,0,0,0,0,0,0,0,0,0,0,0,0,0,0,0,0,0,0,0,0,0,0,0,0,0,0,0,0,0,0,0,0,0,0,0,0,0,0,0,0,0,0,0,0,0,0,0,0,0,0,0,0,0,0,0,0,0,0,0,0,0,0,0,0,0,0,0,0,0,0,0,0,0,0,0,0,0,0,0,0,0,0,0,0,0,0,0,0,0,0,0,0,0,0,0,0,0,0,0,0,0,0,0,0,0,0,0,0,0,0,0,0,0,0,0,0,0,0,0,0,0,0,0,0,0,0,0,0,0,0,0,0,0,0,0,0,0,0,0,0,0,0,0,0,0,0,0,0,0,0,0,0,0,0,0,0,0,0,0,0,0,0,0,0,0,0,0,0,0,0,0,0,0,0,0,0,0,0,0,0,0,0,0,0,0,0,0,0,0,0,0,0,0,0,0,0,0,0,0,0,0,0,0,0,0,0,0,0,0,0,0,0,0,0,0,0,0,0,0,0,0,0,0,0,0,0,0,0,0,0,0,0,0,0,0,0,0,0,0,0,0,0,0,0,0,0,0,0,0,0,0,0,0,0,0,0,0,0,0,0,0,0,0,0,0,0,0,0,0,0,0,0,0,0,0,0,0,0,0,0,0,0,0,0,0,0,0,0,0,0,0,0,0,0,0,0,0,0,0,0,0,0,0,0,0,0,0,0,0,0,0,0,0,0,0,0,0,0,0,0,0,0,0,0,0,0,0,0,0,0,0,0,0,0,0,0,0,0,0,0,0,0,0,0,0,0,0,0,0,0,0,0,0,0,0,0,0,0,0,0,0,0,0,0,0,0,0,0,0,0,0,0,0,0,0,0,0,0,0,0,0,0,0,0,0,0,0,0,0,0,0,0,0,0,0,0,0,0,0,0,0,0,0,0,0,0,0,0,0,0,0,0,0,0,0,0,0,0,0,0,0,0,0,0,0,0,0,0,0,0,0,0,0,0,0,0,0,0,0,0,0,0,0,0,0,0,0,0,0,0,0,0,0,0,0,0,0,0,0,0,0,0,0,0,0,0,0,0,0,0,0,0,0,0,0,0,0,0,0,0,0,0,0,0,0,0,0,0,0,0,0,0,0,0,0,0,0,0,0,0,0,0,0,0,0,0,0,0,0,0,0,0,0,0,0,0,0,0,0,0,0,0,0,0,0,0,0,0,0,0,0,0,0,0,0,0,0,0,0,0,0,0,0,0,0,0,0,0,0,0,0,0,0,0,0,0,0,0,0,0,0,0,0,0,0,0,0,0,0,0,0,0,0,0,0,0,0,0,0,0,0,0,0,0,0,0,0,0,0,0,0,0,0,0,0,0,0,0,0,0,0,0,0,0,0,0,0,0,0,0,0,0,0,0,0,0,0,0,0,0,0,0,0,0,0,0,0,0,0,0,0,0,0,0,0,0,0,0,0,0,0,0,0,0,0,0,0,0,0,0,0,0,0,0,0,0,0,0,0,0,0,0,0,0,0,0,0,0,0,0,0,0,0,0,0,0,0,0,0,0,0,0,0,0,0,0,0,0,0,0,0,0,0,0,0,0,0,0,0,0,0,0,0,0,0,0,0,0,0,0,0,0,0,0,0,0,0,0,0,0,0,0,0,0,0,0,0,0,0,0,0,0,0,0,0,0,0,0,0,0,0,0,0,0,0,0,0,0,0,0,0,0,0,0,0,0,0,0,0,0,0,0,0,0,0,0,0,0,0,0,0,0,0,0,0,0,0,0,0,0,0,0,0,0,0,0,0,0,0,0,0,0,0,0,0,0,0,0,0,0,0,0,0,0,0,0,0,0,0,0,0,0,0,0,0,0,0,0,0,0,0,0,0,0,0,0,0,0,0,0,0,0,0,0,0,0,0,0,0,0,0,0,0,0,0,0,0,0,0,0,0,0,0,0,0,0,0,0,0,0,0,0,0,0,0,0,0,0,0,0,0,0,0,0,0,0,0,0,0,0,0,0,0,0,0,0,0,0,0,0,0,0,0,0,0,0,0,0,0,0,0,0,0,0,0,0,0,0,0,0,0,0,0,0,0,0,0,0,0,0,0,0,0,0,0,0,0,0,0,0,0,0,0,0,0,0,0,0,0,0,0,0,0,0,0,0,0,0,0,0,0,0,0,0,0,0,0,0,0,0,0,0,0,0,0,0,0,0,0,0,0,0,0,0,0,0,0,0,0,0,0,0,0,0,0,0,0,0,0,0,0,0,0,0,0,0,0,0,0,0,0,0,0,0,0,0,0,0,0,0,0,0,0,0,0,0,0,0,0,0,0,0,0,0,0,0,0,0,0,0,0,0,0,0,0,0,0,0,0,0,0,0,0,0,0,0,0,0,0,0,0,0,0,0,0,0,0,0,0,0,0,0,0,0,0,0,0,0,0,0,0,0,0,0,0,0,0,0,0,0,0,0,0,0,0,0,0,0,0,0,0,0,0,0,0,0,0,0,0,0,0,0,0,0,0,0,0,0,0,0,0,0,0,0,0,0,0,0,0,0,0,0,0,0,0,0,0,0,0,0,0,0,0,0,0,0,0,0,0,0,0,0,0,0,0,0,0,0,0,0,0,0,0,0,0,0,0,0,0,0,0,0,0,0,0,0,0,0,0,0,0,0,0,0,0,0,0,0,0,0,0,0,0,0,0,0,0,0,0,0,0,0,0,0,0,0,0,0,0,0,0,0,0,0,0,0,0,0,0,0,0,0,0,0,0,0,0,0,0,0,0,0,0,0,0,0,0,0,0,0,0,0,0,0,0,0,0,0,0,0,0,0,0,0,0,0,0,0,0,0,0,0,0,0,0,0,0,0,0,0,0,0,0,0,0,0,0,0,0,0,0,0,0,0,0,0,0,0,0,0,0,0,0,0,0,0,0,0,0,0,0,0,0,0,0,0,0,0,0,0,0,0,0,0,0,0,0,0,0,0,0,0,0,0,0,0,0,0,0,0,0,0,0,0,0,0,0,0,0,0,0,0,0,0,0,0,0,0,0,0,0,0,0,0,0,0,0,0,0,0,0,0,0,0,0,0,0,0,0,0,0,0,0,0,0,0,0,0,0,0,0,0,0,0,0,0,0,0,0,0,0,0,0,0,0,0,0,0,0,0,0,0,0,0,0,0,0,0,0,0,0,0,0,0,0,0,0,0,0,0,0,0,0,0,0,0,0,0,0,0,0,0,0,0,0,0,0,0,0,0,0,0,0,0,0,0,0,0,0,0,0,0,0,0,0,0,0,0,0,0,0,0,0,0,0,0,0,0,0,0,0,0,0,0,0,0,0,0,0,0,0,0,0,0,0,0,0,0,0,0,0,0,0,0,0,0,0,0,0,0,0,0,1,0,0,0,0,0,0,0,0,0,0,0,0,0,0,0,0,0,0,0,0,0,0,0,0,0,0,0,0,0,0,0,0,0,0,0,0,0,0,0,0,0,0,0,0,0,0,0,0,0,0,0,0,0,0,0,0,0,0,0,0,0,0,0,0,0,0,0,0,0,0,0,0,0,0,0,0,0,0,0,0,0,0,0,0,0,0,0,0,0,0,0,0,0,0,0,0,0,0,0,0,0,0,0,0,0,0,0,0,0,0,0,0,0,0,0,0,0,0,0,0,0,0,0,0,0,0,0,0,0,0,0,0,0,0,0,0,0,0,0,0,0,0,0,0,0,0,0,0,0,0,0,0,0,0,0,0,0,0,0,0,0,0,0,0,0,0,0,0,0,0,0,0,0,0,0,0,0,0,0,0,0,0,0,0,0,0,0,0,0,0,0,0,0,0,0,0,0,0,0,0,0,0,0,0,0,0,0,0,0,0,0,0,0,0,0,0,0,0,0,0,0,0,0,0,0,0,0,0,0,0,0,0,0,0,0,0,0,0,0,0,0,0,0,0,0,0,0,0,0,0,0,0,0,0,0,0,0,0,0,0,0,0,0,0,0,0,0,0,0,0,0,0,0,0,0,0,0,0,0,0,0,0,0,0,0,0,0,0,0,0,0,0,0,0,0,0,0,0,0,0,0,0,0,0,0,0,0,0,0,0,0,0,0,0,0,0,0,0,0,0,0,0,0,0,0,0,0,0,0,0,0,0,0,0,0,0,0,0,0,0,0,0,0,0,0,0,0,0,0,0,0,0,0,0,0,0,0,0,0,0,0,0,0,0,0,0,0,0,0,0,0,0,0,0,0,0,0,0,0,0,0,0,0,0,0,0,0,0,0,0,0,0,0,0,0,0,0,0,0,0,0,0,0,0,0,0,0,0,0,0,0,0,0,0,0,0,0,0,0,0,0,0,0,0,0,0,0,0,0,0,0,0,0,0,0,0,0,0,0,0,0,0,0,0,0,0,0,0,0,0,0,0,0,0,0,0,0,0,0,0,0,0,0,0,0,0,0,0,0,0,0,0,0,0,0,0,0,0,0,0,0,0,0,0,0,0,0,0,0,0,0,0,0,0,0,0,0,0,0,0,0,0,0,0,0,0,0,0,0,0,0,0,0,0,0,0,0,0,0,0,0,0,0,-0.5143201,-0.81005096,-0.3117101,-0.033711534,0.2804861,-0.27524868,-0.09504014,-0.12898335,0.25220886,1.3888605,1.0949132,0.282742,0.74986774,0.6331912,-0.067602284,0.4680394,0.51525563,-0.28380007,-0.011257603,-0.5673596,-0.64505655,0.6737447,-0.21591365,-0.26884827,0.5566485,-0.08575429,0.56184226,-0.044990964,-0.39780098,-0.08066543,0.11538677,-0.37272394,-0.20573594,-0.050289672,0.2943362,0.3871423,-0.28621334,-0.23941682,0.13464049,0.2666885,-0.20725735,-0.20877875,-0.031350724,0.42722362,0.4237611,0.35340893,-0.50849676,-0.25966734,0.15216295,-0.4619101,-0.06099201,-0.2801277,0.20719607,0.005320533,0.029243413,-0.2527423,-0.3964894,-0.21140188,0.00888798,-0.14404008,0.2113406,-0.19508605,-0.23700355,0.58697176,0.17661045,-0.09121039,-0.074789636,-0.64458436,-0.023743667,-0.36758262,-0.08475751,-0.30704093,0.15106124,0.16627535,0.048234824,0.2842634,0.38394207,0.11942638,0.10636322,0.17865649,0.20236953,0.3032548,0.0028023354,-0.13984309,0.16401947,-0.03790853,-0.2949221,0.24077204,0.1631276,0.19219181,-0.11728423,0.10363518,0.14497559,-0.16644154,-0.33059657,0.15830106,-0.035390332,-0.37859973,-0.010942828,-0.37644875,0.20111042,-0.7601592,-0.17410107,-0.025894629,0.19360828,-0.34638777,0.29066384,-0.28217372,-0.34114152,-0.36553657,0.32429227,0.35136288,-0.18842332,0.31915095,-0.49202356,0.08007953,0.2056222,0.31511134,-0.075838886,-0.2425121,-0.40708685,-0.0012372738,0.112711184,0.17293808,-0.55015194,-0.02038607,-0.18679698,-0.16911714,-0.03528541,-0.23112775,-0.1626118,-0.18018672,0.07939752,0.16706228,-0.24256457,-0.5435941,-0.1491814,0.04881191,-0.18086873,-0.022641957,-0.071904205,-0.3948631,0.015655637,-0.06817937,0.033965036,0.33861452,0.18248625,0.60297287,0.73764396,-0.30966407,0.23347975,0.034594584,-0.2521652,-0.48000965,0.15578286,-0.3328,0.0024875607,0.055107404,0.18049267,-0.20431945,-0.16775312,0.0039565093,-0.0478764,0.0456117,0.0614029,-0.25683436,-0.23296395,0.25320563,0.21280955,0.013871914,0.1963888,0.024574256,0.07147569,0.13385355,0.032705937,0.3730299,-0.17116317,0.09581827,-0.16528738,0.16391455,-0.09288918,0.07735149,-0.06807444,0.18783742,0.04902176,-0.14849938,-0.15883449,-0.05128646,0.11738034,-0.080508046,0.09896602,0.115754,0.024731642,-0.17536017,0.32628584,0.096185505,0.0034318848,0.39406735,-0.20799181,0.2784401,0.0746759,-0.013775801,0.15415652,-0.066133335,0.10673046,-0.24162024,-0.32666188,-0.16586447,0.092198364,0.13506019,0.027879389,-0.109257475,0.09571335,-0.23758064,-0.06692027,-0.15002081,0.23017462,-0.121848464,-0.11780885,-0.057214715,-0.48614776,0.11077007,-0.48966274,0.048234824,0.18196163,0.1934509,0.1207904,0.1764006,0.3512055,0.023787318,-0.42702258,-0.12300263,0.37738428,-0.07473718,0.1997464,-0.049607657,-0.3169039,0.020587109,0.04068023,0.1818567,-0.031455647,-0.23689863,-0.008582017,-0.02657664,-0.38389844,-0.06754982,0.21905258,-0.044623725,0.013714527,0.119951,0.21653438,-0.07704552,0.17986313,-0.27120906,-0.31186748,-0.23259671,-0.20510638,0.08569302,-0.05133892,-0.2173826,0.27130517,0.14508052,0.19570678,0.15085138,0.21459328,0.060930736,0.08207311,-0.04299739,-0.4464337,-0.17373383,-0.033973847,-0.14225636,0.014081763,-0.00029294952,-0.026891416,0.24454933,-0.058106575,-0.053857118,-0.13674779,0.05778299,0.18080746,0.15441884,-0.24256457,0.0041138967,0.117747575,-0.16376597,0.286939,-0.16843513,0.00080876204,0.03511921,-0.18627235,-0.09052838,-0.16943191,0.13359123,0.20415324,-0.06812691,-0.018917121,0.13264692,-0.15710323,-0.1213763,0.57149535,0.2900343,0.22178063,0.19434276,0.4142654,-0.25541788,0.3463265,-0.26428404,0.1502743,-0.022169793,0.08632257,0.04241149,-0.105270326,0.06764593,0.040627766,0.18568645,-0.06382498,0.16569826,0.2942313,0.035748757,-0.11167075,-0.007585231,0.010461854,-0.31129038,-0.031088412,0.15578286,0.27817777,-0.055955615,0.10736001,-0.1312917,0.0015432364,-0.17347153,-0.14466964,0.20483525,-0.29077756,0.41809514,0.31484902,0.1129735,0.087214425,-0.30604413,-0.05453913,-0.37340593,-0.18611497,0.08406668,0.05694359,0.33300105,0.1532122,-0.35698518,-0.3731961,0.24790694,0.16386208,0.17744985,0.00332696,-0.074789636,0.16706228,-0.5495224,0.25792727,-0.028570214,0.07268233,-0.050079823,0.08380437,0.21312432,-0.29077756,-0.23941682,0.11071761,0.028561402,-0.007585231,0.015865488,0.26228166,0.31532118,-0.21544148,0.21375388,-0.0028111474,-0.07185174,0.12892208,-0.15385056,0.018121373,-0.013670876,0.19581172,-0.1873216,-3.0637257e-05,0.069587044,-0.5001552,0.15310727,0.09849386,0.2856799,-0.116077594,-0.17336659,0.19549693,-0.06025754,-0.2599821,-0.000922499,-0.084075496,0.12850238,-0.1234748,0.0023301733,-0.19508605,-0.26129368,-0.1430433,0.10033004,0.32990575,0.10216623,0.12687604,0.053428605,-0.15023065,-0.139266,0.35078582,0.17944343,-0.4484797,0.14801842,-0.1466632,0.23101403,-0.4183138,-0.09267934,0.2880407,-0.049397808,-0.125993,-0.15448011,-0.28212127,0.34181473,-0.04299739,-0.017448172,-0.4441778,-0.30447027,0.048287284,-0.42230096,0.055107404,-0.058054116,-0.0316655,0.18122715,0.0033794225,0.120947786,0.3361488,-0.16292657,-0.18737407,-0.20279804,-0.19718455,-0.062146187,0.099752955,0.33399782,-0.3337968,0.21658684,-0.20998539,-0.07683568,0.06166521,0.47653833,0.096133046,-0.3151726,-0.02253703,0.118744366,0.26632124,-0.07998342,-0.2763504,-0.24723373,-0.12342233,0.44999233,0.3017859,-0.35147664,0.091883585,0.004690984,0.06859025,0.30697966,-0.17766851,0.089312926,0.18479459,-0.09540738,-0.43961355,0.18343057,0.3165803,-0.0031783846,-0.24245965,-0.12982276,-0.09724357,-0.03575757,0.071423225,0.2077207,-0.5103854,-0.17745866,0.06911488,-0.1849608,-0.019022046,0.100487426,0.12304629,0.5004612,0.1551533,-0.12588806,-0.008739405,-0.01099529,0.2560911,-0.26779902,-0.14293838,-0.059575524,0.16113403,0.0609832,-0.07762261,0.1029007,0.15079893,0.123098746,-0.020963157,0.088211216,0.3654753,0.014186689,-0.27210093,-0.3128118,-0.026052015,-0.016818624,0.141618,-0.02741604,0.0746759,0.2151179,0.40508446,0.2071436,0.21742624,-0.10946732,-0.27572083,-0.049397808,0.095031336,0.1652261,0.027197378,0.08007953,-0.06907123,0.3703543,-0.2102477,-0.093466274,0.110245444,0.1810173,-0.00076511165,0.3772269,0.24942835,0.105523825,-0.009683729,-0.14687306,0.33730295,-0.24324659,-0.36474964,0.12598418,0.04923161,0.17152159,-0.17945224,-0.04047919,-0.034183696,0.15588778,-0.043994177,0.19035561,0.25850436,0.21800333,0.16081925,-0.31900236,0.18631601,0.048759446,-0.17635696,-0.37503228,-0.16686125,0.27817777,0.015393325,-0.021855019,-0.17231734,0.121315025,0.22062646,0.19114256,0.096133046,-0.2313376,-0.096718945,0.06119305,0.30026448,-0.31317905,0.2151179,-0.09514507,0.123833224,0.08637503,-0.02400598,0.34249675,0.105104126,0.17634813,0.5342995,0.027512152,-0.2506438,-0.18317707,-0.08968898,0.26002577,0.16297022,0.21784595,-0.32419616,0.43724394,-0.34030214,0.3685181,-0.09603693,0.20682883,0.016442575,-0.10448339,-0.029671926,-0.118228555,-0.29098743,-0.20122416,0.16365223,-0.059523065,-0.059942763,-0.32477325,-0.040793967,0.10473689,-0.04834856,0.03543398,0.1466544,-0.14561395,-0.103171825,-0.1081033,0.16270791,-0.066867806,-0.12945552,-0.040584117,0.23111895,0.21244231,-0.030249013,-0.27467158,0.02279053,-0.25725406,-0.13795443,-0.016871085,0.07415128,-0.10847054,0.10284824,-0.1554769,-0.19844365,-0.03449847,0.35015625,0.45649767,-0.16617924,-0.028307902,0.20845516,0.15289742,-0.16979915,0.014344076,-0.11749408,-0.055116218,-0.13533132,-0.07290099,0.35199246,-0.20190617,-0.15941158,-0.20421451,0.24885125,0.2845782,-0.29670584,-0.36301836,0.463685,-0.008739405,-0.41600546,-0.0056441203,-0.27771443,-0.28568873,0.0136620635,-0.090948075,0.056051727,-0.121796,-0.31454307,-0.17116317,0.04923161,0.04026053,-0.17257966,0.12210196,-0.14099726,0.17760724,0.20614682,0.029768039,-0.098450206,0.33814237,-0.14131203,0.12257412,-0.13931847,0.24523135,-0.0624085,-0.27671763,-0.00947388,-0.0049096458,-0.043994177,0.25598615,-0.17845546,-0.042262916,-0.20075199,0.15646487,-0.21045755,-0.21376269,-0.011467453,-0.24906991,0.3187837,0.049126685,0.06271446,-0.08596414,0.37638748,-0.051443845,0.048549596,0.043775514,0.12713836,0.06245215,0.014291613,0.14644454,-0.021907482,-0.18044902,0.14266725,-0.019126972,0.014291613,-0.31543493,-0.08223931,-0.00066018675,0.340031,-0.078357086,0.34496248,0.13385355,-0.0478764,0.1490152,-0.0872757,-0.0997093,0.011143866,-0.061411712,-0.15474242,-0.12169107,0.27078056,-0.061411712,-0.013670876,-0.45257178,0.26474738,-0.07248129,0.23893586,0.034017496,0.1601897,-0.17829807,-0.073373154,-0.527016,-0.03019655,0.14172292,-0.5198287,0.030502513,0.38509625,-0.20389974,0.18374535,-0.40897548,0.33483723,0.28169274,-0.1578377,-0.06912369,-0.18795116,0.2556189,-0.09477784,-0.006431057,0.15205802,-0.06392991,-0.288784,0.34228688,0.25310072,-0.055640843,-0.05023721,-0.0041751713,0.009884767,-0.2728879,0.17634813,-0.10521786,-0.08690847,0.25824204,0.24607074,-0.04792886,-0.005171958,0.40062514,-0.008319706,-0.11623498,-0.03318691,-0.31260195,0.2553566,-0.25494573,0.074256204,-0.13171141,0.16727214,-0.16806789,0.026935065,0.032128848,-0.09640417,0.114127666,0.36390144,-0.19099398,-0.17425846,-0.51605135,0.056576353,0.48031563,-0.08061297,0.17036742,-0.12420927,0.22471853,0.41667867,-0.095197536,-0.009316492,-0.16072313,0.0010186118,0.012402965,-0.14813215,0.046293713,-0.023271505,0.21081598,0.18038775,0.13946703,-0.3752946,0.07666948,0.34202456,0.18747018,-0.2418301,-0.1862199,0.14429358,-0.07578643,0.046975724,-0.170009,0.101851456,0.39154914,-0.060887087,0.042568877,0.10951097,-0.11712684,0.053218756,-0.044833574,0.0135046765,0.1658032,0.078610584,-0.039954565,0.048339747,0.20908472,0.096552745,-0.0013421987,-0.3298621,0.086112715,-0.009211567,-0.0008175741,0.008258431,-0.096718945,0.33698818,0.23075171,-0.1445647,0.086112715,0.08411914,-0.14461717,-0.15542443,0.02620059,0.2283909,0.29984477,0.12483001,0.35493034,0.06990182,0.09665767,0.35298923,-0.14881416,0.07782365,-0.2047916,-0.04000703,0.12719081,0.07367911,0.20336631,-0.024163367,-0.005486733,0.06895749,0.32497427,-0.07143204,0.17204621,-0.2168055,-0.07363547,-0.042210452,0.03921128,-0.013565951,-0.00024048708,-0.0043325587,0.32109207,0.06948212,-0.014667663,-0.14078741,-0.24618448,0.066019595,-0.37534705,0.13112551,-0.2300785,-0.14125957,-0.000345412,0.17729247,-0.2986994,-0.021120545,0.019800171,-0.097086184,-0.09656156,0.08254527,-0.25206026,-0.024950305,-0.22829479,-0.058106575,-0.22682583,0.017439362,0.15315974,-0.13412468,0.13275184,-0.089531586,-0.1894201,0.03406996,-0.3721993,-0.20505391,-0.23086545,-0.04750916,0.0023826358,0.34999886,0.06953458,0.30220556,-0.09640417,0.11113731,0.33982116,-0.3337968,-0.2205828,0.13778824,-0.041003816,0.2697313,0.15048414,0.3436509,0.19544448,-0.54244,0.21438342,-0.38295412,0.14182785,0.2578748,0.04555924,-0.012988864,-0.26412666,-0.20400468,0.011773416,0.026567828,-0.03785607,0.018383685,0.027407227,0.14125076,0.014711313,-0.010575591,-0.00947388,0.34401816,0.071738005,-0.32256982,0.093982086,-0.0889545,-0.14104973,0.042988576,0.16559334,0.042044252,0.012822664,-0.14125957,-0.12746194,-0.030511325,-0.2377905,-0.16355611,-0.057004865,0.17325285,-0.01760556,-0.015716912,-0.047771472,0.1129735,-0.029934237,-0.09163009,0.2199969,-0.008004931,0.33483723,-0.0436794,0.06203245,-0.03339676,-0.1613527,-0.0050145704,-0.0059064324,0.10053989,0.046765875,0.032443624,-0.051233996,-0.1716878,0.064917885,0.20593697,-0.29812232,0.1174328,-0.27162877,0.16276036,-0.39743376,0.041677017,0.27754822,-0.16381843,0.14686424,0.23977526,-0.11754654,0.010776629,-0.26250032,0.014553926,-0.1957156,0.023052843,-0.103486605,0.30461884,-0.09587955,0.058674853,0.033597797,0.3781712,0.24475919,-0.17331412,0.044877227,-0.104168616,0.06948212,-0.038485616,-0.46810067,-0.121533684,-0.020228684,0.020901883,-0.15065035,-0.2215796,0.07262986,0.030502513,0.3017334,0.07955491,0.05668128,-0.11733669,0.0776138,-0.29114482,-0.23364596,0.11538677,-0.10049624,-0.07169435,-0.33778393,-0.16219209,-0.13018999,-0.1841214,-0.12027459,-0.21245113,-0.029934237,-0.15647368,-0.09325642,-0.075156875,1.1515727,-0.13286558,-1.0586181,1.27423,-1.213802,0.8616652,0.29821843,-1.3495224,-1.3904431,-0.99283016,0.06906242,0.18495199,0.744569,-0.45194224,-0.456454,0.77048546,-0.13349512,0.40702558,0.69037527,0.47575137,-0.68812823,-0.15070282,-0.007113069,0.090414636,-0.03386892,-0.45147008,-0.6817803,-0.1395283,-0.09178747,0.79844797,-0.22756031,1.0020547,0.17776462,-1.0057884,-0.19345972,-0.5897086,1.1027826,0.55040544,0.3048287,0.9342208,0.2096618,-0.27823904,0.01717705,-0.059050903,-0.33201307,0.5647277,-0.8366494,0.22566286,0.33300105,-1.1671629,-1.0114019,0.8873193,-1.4749076,0.3908671,-0.26297247,-0.44806,0.4933263,0.12797776,0.3206199,0.6429492,-0.6109035,-0.047561623,-0.12987521,-0.17871776,-0.38221964,-0.082029454,-0.24712881,-0.20877875,0.84860206,-0.24377121,0.2740857,0.50371385,-0.11271999,-0.5843575,-0.41527098,-0.19214815,-0.37859973,-0.074789636,0.021951132,0.9025335,-0.74410564,0.6481955,0.4781122,1.3707085,-0.67170745,-0.17646188,-0.12615038,0.6413229,-0.42922598,0.5127899,-0.3241437,0.68628323,0.34307382,0.27623665,0.94812334,0.52107894,-0.62328464,0.18684064,-0.3664809,0.46782956,-0.6874462,0.40692064,-0.45105037,-0.66908437,0.87981725,-0.22199929,1.0996349,1.1126456,-0.14697798,0.40702558,0.25714034,0.5059173,0.051907193,0.19082779,-0.4390365,0.77463,0.08663734,0.6791483,-0.21208389,0.116593406,0.16380961,-0.30646384,0.43976215,-0.4533587,-0.046879612,
0,0,0,1,1,0,0,0,0,0,1,0,0,1,0,0,0,0,0,0,0,0,0,0,0,0,0,0,0,0,0,0,0,0,0,0,0,0,0,0,0,0,0,0,0,0,0,0,0,0,0,0,0,0,0,0,0,0,0,0,0,0,0,0,0,0,0,0,0,0,0,0,0,0,0,0,0,0,0,0,0,0,0,0,0,0,0,0,0,0,0,0,0,0,0,0,0,0,0,0,0,0,0,0,0,0,0,0,0,0,0,0,0,0,0,0,0,0,0,0,0,0,0,0,0,0,0,0,0,0,0,0,0,0,0,0,0,0,0,0,0,0,0,0,0,0,0,0,0,0,0,0,0,0,0,0,0,0,0,0,0,0,0,0,0,0,0,0,0,0,0,0,0,0,0,0,0,0,0,0,0,0,0,0,0,0,0,0,0,0,0,0,0,0,0,0,0,0,0,0,0,0,0,0,0,0,0,0,0,0,0,0,0,0,0,0,0,0,0,0,0,0,0,0,0,0,0,0,0,0,0,0,0,0,0,0,0,0,0,0,0,0,0,0,0,0,0,0,0,0,0,0,0,0,0,0,0,0,0,0,0,0,0,0,0,0,0,0,0,0,0,0,0,0,0,0,0,0,0,0,0,0,0,0,0,0,0,0,0,0,0,0,0,0,0,0,0,0,0,0,0,0,0,0,0,0,0,0,0,0,0,0,0,0,0,0,0,0,0,0,0,0,0,0,0,0,0,0,0,0,0,0,0,0,0,0,0,0,0,0,0,0,0,0,0,0,0,0,0,0,0,0,0,0,0,0,0,0,0,0,0,0,0,0,0,0,0,0,0,0,0,0,0,0,0,0,0,0,0,0,0,0,0,0,0,0,0,0,0,0,0,0,0,0,0,0,0,0,0,0,0,0,0,0,0,0,0,0,0,0,0,0,0,0,0,0,0,0,0,0,0,0,0,0,0,0,0,0,0,0,0,0,0,0,0,0,0,0,0,0,0,0,0,0,0,0,0,0,0,0,0,0,0,0,0,0,0,0,0,0,0,0,0,0,0,0,0,0,0,0,0,0,0,0,0,0,0,0,0,0,0,0,0,0,0,0,0,0,0,0,0,0,0,0,0,0,0,0,0,0,0,0,0,0,0,0,0,0,0,0,0,0,0,0,0,0,0,0,0,0,0,0,0,0,0,0,0,0,0,0,0,0,0,0,0,0,0,0,0,0,0,0,0,0,0,0,0,0,0,0,0,0,0,0,0,0,0,0,0,0,0,0,0,0,0,0,0,0,0,0,0,0,0,0,0,0,0,0,0,0,0,0,0,0,0,0,0,0,0,0,0,0,0,0,0,0,0,0,0,0,0,0,0,0,0,0,0,0,0,0,0,0,0,0,0,0,0,0,0,0,0,0,0,0,0,0,0,0,0,0,0,0,0,0,0,0,0,0,0,0,0,0,0,0,0,0,0,0,0,0,0,0,0,0,0,0,0,0,0,0,0,0,0,0,0,0,0,0,0,0,0,0,0,0,0,0,0,0,0,0,0,0,0,0,0,0,0,0,0,0,0,0,0,0,0,0,0,0,0,0,0,0,0,0,0,0,0,0,0,0,0,0,0,0,0,0,0,0,0,0,0,0,0,0,0,0,0,0,0,0,0,0,0,0,0,0,0,0,0,0,0,0,0,0,0,0,0,0,0,0,0,0,0,0,0,0,0,0,0,0,0,0,0,0,0,0,0,0,0,0,0,0,0,0,0,0,0,0,0,0,0,0,0,0,0,0,0,0,0,0,0,0,0,0,0,0,0,0,0,0,0,0,0,0,0,0,0,0,0,0,0,0,0,0,0,0,0,0,0,0,0,0,0,0,0,0,0,0,0,0,0,0,0,0,0,0,0,0,0,0,0,0,0,0,0,0,0,0,0,0,0,0,0,0,0,0,0,0,0,0,0,0,0,0,0,0,0,0,0,0,0,0,0,0,0,0,0,0,0,0,0,0,0,0,0,0,0,0,0,0,0,0,0,0,0,0,0,0,0,0,0,0,0,0,0,0,0,0,0,0,0,0,0,0,0,0,0,0,0,0,0,0,0,0,0,0,0,0,0,0,0,0,0,0,0,0,0,0,0,0,0,0,0,0,0,0,0,0,0,0,0,0,0,0,0,0,0,0,0,0,0,0,0,0,0,0,0,0,0,0,0,0,0,0,0,0,0,0,0,0,0,0,0,0,0,0,0,0,0,0,0,0,0,0,0,0,0,0,0,0,0,0,0,0,0,0,0,0,0,0,0,0,0,0,0,0,0,0,0,0,0,0,0,0,0,0,0,0,0,0,0,0,0,0,0,0,0,0,0,0,0,0,0,0,0,0,0,0,0,0,0,0,0,0,0,0,0,0,0,0,0,0,0,0,0,0,0,0,0,0,0,0,0,0,0,0,0,0,0,0,0,0,0,0,0,0,0,0,0,0,0,0,0,0,0,0,0,0,0,0,0,0,0,0,0,0,0,0,0,0,0,0,0,0,0,0,0,0,0,0,0,0,0,0,0,0,0,0,0,0,0,0,0,0,0,0,0,0,0,0,0,0,0,0,0,0,0,0,0,0,0,0,0,0,0,0,0,0,0,0,0,0,0,0,0,0,0,0,0,0,0,0,0,0,0,0,0,0,0,0,0,0,0,0,0,0,0,0,0,0,0,0,0,0,0,0,0,0,0,0,0,0,0,0,0,0,0,0,0,0,0,0,0,0,0,0,0,0,0,0,0,0,0,0,0,0,0,0,0,0,0,0,0,0,0,0,0,0,0,0,0,0,0,0,0,0,0,0,0,0,0,0,0,0,0,0,0,0,0,0,0,0,0,0,0,0,0,0,0,0,0,0,0,0,0,0,0,0,0,0,0,0,0,0,0,0,0,0,0,0,0,0,0,0,0,0,0,0,0,0,0,0,0,0,0,0,0,0,0,0,0,0,0,0,0,0,0,0,0,0,0,0,0,0,0,0,0,0,0,0,0,0,0,0,0,0,0,0,0,0,0,0,0,0,0,0,0,0,0,0,0,0,0,0,0,0,0,0,0,0,0,0,0,0,0,0,0,0,0,0,0,0,0,0,0,0,0,0,0,0,0,0,0,0,0,0,0,0,0,0,0,0,0,0,0,0,0,0,0,0,0,0,0,0,0,0,0,0,0,0,0,0,0,0,0,0,0,0,0,0,0,0,0,0,0,0,0,0,0,0,0,0,0,0,0,0,0,0,0,0,0,0,0,0,0,0,0,0,0,0,0,0,0,0,0,0,0,0,0,0,0,0,0,0,0,0,0,0,0,0,0,0,0,0,0,0,0,0,0,0,0,0,0,0,0,0,0,0,0,0,0,0,0,0,0,0,0,0,0,0,0,0,0,0,0,0,0,0,0,0,0,0,0,0,0,0,0,0,0,0,0,0,0,0,0,0,0,0,0,0,0,0,0,0,0,0,0,0,0,0,0,0,0,0,0,0,0,0,0,0,0,0,0,0,0,0,0,0,0,0,0,0,0,0,0,0,0,0,0,0,0,0,0,0,0,0,0,0,0,0,0,0,0,0,0,0,0,0,0,0,0,0,0,0,0,0,0,0,0,0,0,0,0,0,0,0,0,0,0,0,0,0,0,0,0,0,0,0,0,0,0,0,0,0,0,0,0,0,0,0,0,0,0,0,0,0,0,0,0,0,0,0,0,0,0,0,0,0,0,0,0,0,0,0,0,0,0,0,0,0,0,0,0,0,0,0,0,0,0,0,0,0,0,0,0,0,0,0,0,0,0,0,0,0,0,0,0,0,0,0,0,0,0,0,0,0,0,0,0,0,0,0,0,0,0,0,0,0,0,0,0,0,0,0,0,0,0,0,0,0,0,0,0,0,0,0,0,0,0,0,0,0,0,0,0,0,0,0,0,0,0,0,0,0,0,0,0,0,0,0,0,0,0,0,0,0,0,0,0,0,0,0,0,0,0,0,0,0,0,0,0,0,0,0,0,0,0,0,0,0,0,0,0,0,0,0,0,0,0,0,0,0,0,0,0,0,0,0,0,0,0,0,0,0,0,0,0,0,0,0,0,0,0,0,0,0,0,0,0,0,0,0,0,0,0,0,0,0,0,0,0,0,0,0,0,0,0,0,0,0,0,0,0,0,0,0,0,0,0,0,0,0,0,0,0,0,0,0,0,0,0,0,0,0,0,0,0,0,0,0,0,0,0,0,0,0,0,0,0,0,0,0,0,0,0,0,0,0,0,0,0,0,0,0,0,0,0,0,0,0,0,0,0,0,0,0,0,0,0,0,0,0,0,0,0,0,0,0,0,0,0,0,0,0,0,0,0,0,0,0,0,0,0,0,0,0,0,0,0,0,0,0,0,0,0,0,0,0,0,0,0,0,0,0,0,0,0,0,0,0,0,0,0,0,0,0,0,0,0,0,0,0,0,0,0,0,0,0,0,0,0,0,0,0,0,0,0,0,0,0,0,0,0,0,0,0,0,0,0,0,0,0,0,0,0,0,0,0,0,0,0,0,0,0,0,0,0,0,0,0,0,0,0,0,0,0,0,0,0,0,0,0,0,0,0,0,0,0,0,0,0,0,0,0,0,0,0,0,0,0,0,0,0,0,0,0,0,0,0,0,0,0,0,0,0,0,0,0,0,0,0,0,0,0,0,0,0,0,0,0,0,0,0,0,0,0,0,0,0,0,0,0,0,0,0,0,0,0,0,0,0,0,0,0,0,0,0,0,0,0,0,0,0,0,0,0,0,0,0,0,0,0,0,0,0,0,0,0,0,0,0,0,0,0,0,0,0,0,0,0,0,0,0,0,0,0,0,0,0,0,0,0,0,0,0,0,0,0,0,0,0,0,0,0,0,0,0,0,0,0,0,0,0,0,0,0,0,0,0,0,0,0,0,0,0,0,0,0,0,0,0,0,0,0,0,0,0,0,0,0,0,0,0,0,0,0,0,0,0,0,0,0,0,0,0,0,0,0,0,0,0,0,0,0,0,0,0,0,0,0,0,0,0,0,0,0,0,0,0,0,0,0,0,0,0,0,0,0,0,0,0,0,0,0,0,0,0,0,0,0,0,0,0,0,0,0,0,0,0,0,0,0,0,0,0,0,0,0,0,0,0,0,0,0,0,0,0,0,0,0,0,0,0,0,0,0,0,0,0,0,0,0,0,0,0,0,0,0,0,0,0,0,0,0,0,0,0,0,0,0,0,0,0,0,0,0,0,0,0,0,0,0,0,0,0,0,0,0,0,0,0,0,0,0,0,0,0,0,0,0,0,0,0,0,0,0,0,0,0,0,0,0,0,0,0,0,0,0,0,0,0,0,0,0,0,0,0,0,0,0,0,0,0,0,0,0,0,0,0,0,0,0,0,0,0,0,0,0,0,0,0,0,0,0,0,0,0,0,0,0,0,0,0,0,0,0,0,0,0,0,0,0,0,0,0,0,0,0,0,0,0,0,0,0,0,0,0,0,0,0,0,0,0,0,0,0,0,0,0,0,0,0,0,0,0,0,0,0,0,0,0,0,0,0,0,0,0,0,0,0,0,0,0,0,0,0,0,0,0,0,0,0,0,0,0,0,0,0,0,0,0,0,0,0,0,0,0,0,0,0,0,0,0,0,0,0,0,0,0,0,0,0,0,0,0,0,0,0,0,0,0,0,0,0,0,0,0,0,0,0,0,0,0,0,0,0,0,0,0,0,0,0,0,0,0,0,0,0,0,0,0,0,0,0,0,0,0,0,0,0,0,0,0,0,0,0,0,0,0,0,0,0,0,0,0,0,0,0,0,0,0,0,0,0,0,0,0,0,0,0,0,0,0,0,0,0,0,0,0,0,0,0,0,0,0,0,0,0,0,0,0,0,0,0,0,0,0,0,0,0,0,0,0,0,0,0,0,0,0,0,0,0,0,0,0,0,0,0,0,0,0,0,0,0,0,0,0,0,0,0,0,0,0,0,0,0,0,0,0,0,0,0,0,0,0,0,0,0,0,0,0,0,0,0,0,0,0,0,0,0,0,0,0,0,0,0,0,0,0,0,0,0,0,0,0,0,0,0,0,0,0,0,0,0,0,0,0,0,0,0,0,0,0,0,0,0,0,0,0,0,0,0,0,0,0,0,0,0,0,0,0,0,0,0,0,0,0,0,0,0,0,0,0,0,0,0,0,0,0,0,0,0,0,0,0,0,0,0,0,0,0,0,0,0,0,0,0,0,0,0,0,0,0,0,0,0,0,0,0,0,0,0,0,0,0,0,0,0,0,0,0,0,0,0,0,0,0,0,0,0,0,0,0,0,0,0,0,0,0,0,0,0,0,0,0,0,0,0,0,0,0,0,0,0,0,0,0,0,0,0,0,0,0,0,0,0,0,0,0,0,0,0,0,0,0,0,0,0,0,0,0,0,0,0,0,0,0,0,0,0,0,0,0,0,0,0,0,0,0,0,0,0,0,0,0,0,0,0,0,0,0,0,0,0,0,0,0,0,0,0,0,0,0,0,0,0,0,0,0,0,0,0,0,0,0,0,0,0,0,0,0,0,0,0,0,0,0,0,0,0,0,0,0,0,0,0,0,0,0,0,0,0,0,0,0,0,0,0,0,0,0,0,0,0,0,0,0,0,0,0,0,0,0,0,0,0,0,0,0,0,0,0,0,0,0,0,0,0,0,0,0,0,0,0,0,0,0,0,0,0,0,0,0,0,0,0,0,0,0,0,0,0,0,0,0,0,0,0,0,0,0,0,0,0,0,0,0,0,0,0,0,0,0,0,0,0,0,0,0,0,0,0,0,0,0,0,0,0,0,0,0,0,0,0,0,0,0,0,0,0,0,0,0,0,0,0,0,0,0,0,0,0,0,0,0,0,0,0,0,0,0,0,0,0,0,0,0,0,0,0,0,0,0,0,0,0,0,0,0,0,0,0,0,0,0,0,0,0,0,0,0,0,0,0,0,0,0,0,0,0,0,0,0,0,0,0,0,0,0,0,0,0,0,0,0,0,0,0,0,0,0,0,0,0,0,0,0,0,0,0,0,0,0,0,0,0,0,0,0,0,0,0,0,0,0,0,0,0,0,0,0,0,0,0,0,0,0,0,0,0,0,0,0,0,0,0,0,0,0,0,0,0,0,0,0,0,0,0,0,0,0,0,0,0,0,0,0,0,0,0,0,0,0,0,0,0,0,0,0,0,0,0,0,0,0,0,0,0,0,0,0,0,0,0,0,0,0,0,0,0,0,0,0,0,0,0,0,0,0,0,0,0,0,0,0,0,0,0,0,0,0,0,0,0,0,0,0,0,0,0,0,0,0,0,0,0,0,0,0,0,0,0,0,0,0,0,0,0,0,0,0,0,0,0,0,0,0,0,0,0,0,0,0,0,0,0,0,0,0,0,0,0,0,0,0,0,0,0,0,0,0,0,0,0,0,0,0,0,0,0,0,0,0,0,0,0,0,0,0,0,0,0,0,0,0,0,0,0,0,0,0,0,0,0,0,0,0,0,0,0,0,0,0,0,0,0,0,0,0,0,0,0,0,0,0,0,0,0,0,0,0,0,0,0,0,0,0,0,0,0,0,0,0,0,0,0,0,0,0,0,0,0,0,0,0,0,0,0,0,0,0,0,0,0,0,0,0,0,0,0,0,0,0,0,0,0,0,0,0,0,0,0,0,0,0,0,0,0,0,0,0,0,0,0,0,0,0,0,0,0,0,0,0,0,0,0,0,0,0,0,0,0,0,0,0,0,0,0,0,0,0,0,0,0,0,0,0,0,0,0,0,0,0,0,0,0,0,0,0,0,0,0,0,0,0,0,0,0,0,0,0,0,0,0,0,0,0,0,0,0,0,0,0,0,0,0,0,0,0,0,0,0,0,0,0,0,0,0,0,0,0,0,0,0,0,0,0,0,0,0,0,0,0,0,0,0,0,0,0,0,0,0,0,0,0,0,0,0,0,0,0,0,0,0,0,0,0,0,0,0,0,0,0,0,0,0,0,0,0,0,0,0,0,0,0,0,0,0,0,0,0,0,0,0,0,0,0,0,0,0,0,0,0,0,0,0,0,0,0,0,0,0,0,0,0,0,0,0,0,0,0,0,0,0,0,0,0,0,0,0,0,0,0,0,0,0,0,0,0,0,0,0,0,0,0,0,0,0,0,0,0,0,0,0,0,0,0,0,0,0,0,0,0,0,0,0,0,0,0,0,0,0,0,0,0,0,0,0,0,0,0,0,0,0,0,0,0,0,0,0,0,0,0,0,0,0,0,0,0,0,0,0,0,0,0,0,0,0,0,0,0,0,0,0,0,0,0,0,0,0,0,0,0,0,0,0,0,0,0,0,0,0,0,0,0,0,0,0,0,0,0,0,0,0,0,0,0,0,0,0,0,0,0,0,0,0,0,0,0,0,0,0,0,0,0,0,0,0,0,0,0,0,0,0,0,0,0,0,0,0,0,0,0,0,0,0,0,0,0,0,0,0,0,0,0,0,0,0,0,0,0,0,0,0,0,0,0,0,0,0,0,0,0,0,0,0,0,0,0,0,0,0,0,0,0,0,0,0,0,0,0,0,0,0,0,0,0,0,0,0,0,0,0,0,0,0,0,0,0,0,0,0,0,0,0,0,0,0,0,0,0,0,0,0,0,0,0,0,0,0,0,0,0,0,0,0,0,0,0,0,0,0,-0.39070922,0.5544094,1.7749001,-0.47480735,0.6579716,0.44304502,-0.4255311,0.35196608,-0.8898777,-0.2655475,-0.3358483,0.48829705,0.48944682,-0.12888804,0.4118367,-0.22555164,0.59226996,-0.019576885,-0.03493465,-0.04117631,0.32576755,-0.29535967,0.6306233,-0.37543356,0.16274525,0.05228432,-0.48515537,0.00851058,0.38366714,-0.35991156,-0.06885314,0.021568788,-0.19828543,0.10591331,0.28519675,0.7991481,0.0828356,0.48492983,-0.2602914,-0.45715004,0.37619358,0.32207182,-0.07460204,0.16290951,0.6651988,0.05926512,-0.0018374333,0.3623141,0.1868085,0.111087315,-0.04741797,0.5824147,0.57313436,-0.37198424,0.9073916,0.17169711,-0.03526316,-0.076819465,-0.5548813,-0.22686566,-0.058176618,0.31550166,0.31706205,0.38793775,-0.16247803,-0.03550954,-0.45903894,0.2771483,-0.79214644,-0.23951323,-0.42815918,-0.099486545,0.058690235,0.3037575,-0.09735124,-0.28993928,0.097618476,-0.40015382,-0.27950913,-0.6044039,-0.69301903,0.43425742,0.22581886,0.4375425,-0.006682932,0.17563921,0.09934314,0.44247013,-0.055959187,-0.08421091,0.78411883,0.19058634,-0.38274288,-0.19327569,-0.1996816,-0.20370582,0.09663295,0.29997963,0.121106826,0.30843872,-0.10507119,-0.33896914,-0.23795283,-0.37929356,-0.07484842,0.28823546,-0.2858329,0.2314035,-0.36270386,-0.19417909,0.16512695,0.07996115,0.19526759,-0.14309603,-0.15385468,0.1143724,0.40592358,-0.09940442,0.08899513,-0.31441313,0.32240033,0.2680322,-0.08174709,0.47745627,-0.31392038,-0.31079954,-0.280084,0.078154355,0.42226687,0.31812972,0.25448123,0.027481938,0.22918607,0.13794288,-0.20132414,0.32880625,0.36822724,-0.35564095,0.115111545,0.41972092,0.064849764,-0.17274392,-0.38471395,0.121928096,-0.090945326,-0.023847494,-0.3930909,0.02715343,-0.03468827,-0.21955635,0.076511815,-0.19491823,0.2852789,-0.4400676,-0.52047,0.45232537,-0.01662031,-0.23984174,-0.13890755,-0.1220715,0.039143987,0.40321338,-0.07747649,-0.4734112,0.28224018,0.12266724,0.40017468,-0.1881838,-0.07320587,-0.05891576,-0.03148531,-0.24361959,0.08685982,-0.014485005,0.314434,-0.35079545,0.24938934,0.3581256,-0.13554034,0.09507254,-0.25388548,-0.10219674,0.2443796,0.1713686,-0.15722188,0.1850017,0.2741917,0.077825844,-0.514639,0.36091793,-0.10884903,0.41725713,-0.5476541,0.26737517,-0.17635751,-0.19598588,0.29603752,0.37816462,0.44567308,-0.18719828,-0.0009340353,-0.018673487,0.11700047,-0.52572614,0.06575316,0.09876826,0.1450058,-0.054809406,-0.4828558,-0.035920177,-0.10696011,0.2174419,-0.2736781,0.117493235,0.066492304,0.034709122,-0.058833636,0.21185726,-0.64505684,-0.33716235,0.26482925,0.23969835,-0.010789286,-0.001591052,0.17284688,0.08620281,0.586521,-0.050620925,-0.4642951,-0.1645312,0.28667504,-0.37896505,-0.25528163,0.13966754,0.06534253,-0.30414724,0.08562792,0.09416914,0.1977314,0.09252659,-0.10383928,-0.1799711,-0.422246,0.32699946,-0.10909542,0.11782174,-0.28221932,0.42169198,-0.07476629,0.23000735,0.1868085,-0.2351605,0.03815846,0.035941027,0.41462904,-0.037069954,0.026414286,-0.3552303,0.35796136,0.11240135,0.15798189,0.21111812,0.13958542,0.063207224,-0.19656077,0.1592138,-0.082486235,-0.124945946,0.17999195,0.15913166,-0.07534118,-0.2333537,-0.16970521,-0.57598794,-0.0250794,-0.4064776,0.03167042,-0.23384647,-0.2572527,-0.07731223,-0.30981404,-0.26957175,0.19830629,-0.30447575,0.10919839,0.3404683,0.08037178,0.11897152,-0.21347895,-0.35761198,-0.24903998,-0.24994338,0.07659394,0.07823648,-0.28747547,-0.27203557,0.353855,-0.34233636,-0.23023288,-0.31810886,0.14418453,0.031588294,-0.18218853,-0.00898249,0.06944888,0.2966124,0.1674265,-0.066635706,0.09457977,-0.33987254,0.06460338,0.09104831,0.21391043,-0.2048556,-0.19639651,-0.42323154,-0.04454352,-0.015306276,-0.44515947,0.29094565,0.1810596,-0.07624458,0.2895495,-0.2670258,0.21596362,-0.12625998,-0.21988486,-0.12658848,-0.36138985,0.12340638,0.6563291,0.19099697,-0.008900363,0.22401206,-0.46183127,-0.083636016,0.16775501,0.3316807,-0.03411338,-0.34956354,-0.40836653,-0.14022158,-0.23811707,-0.15508659,0.35032353,-0.24066302,-0.061379574,0.6030286,0.14829089,-0.09102745,0.17596772,-0.21495724,-0.06491104,-0.106303096,0.09687933,-0.33658746,-0.19779268,0.22861119,0.0050612423,-0.2615233,-0.0084076,0.038651224,-0.35440904,0.07527991,0.095236786,-0.10121121,-0.34406102,-0.3654962,0.087516844,0.24158727,0.10665245,-0.032060202,-0.29470265,-0.06745698,-0.3700953,-0.14219263,-0.176029,-0.07394502,0.20101649,-0.16748777,0.15757126,0.07601905,0.11034817,-0.1720869,0.01105652,-0.13545822,0.20569773,-0.14301391,-0.30718595,-0.26505476,-0.012924591,-0.13562247,-0.14555985,0.21423894,0.010399504,0.21029684,0.5075148,-0.2679292,0.39064795,-0.011446303,0.38301012,-0.12281064,-0.18580212,-0.3140025,-0.010050142,0.24602214,-0.21659978,0.37274423,-0.12108597,0.014670112,0.06558891,-0.18695189,0.08743472,-0.07345226,-0.44852668,-0.2457549,0.018858593,-0.07320587,0.16414142,-0.086510465,-0.03189595,0.10763798,0.042593323,0.15141173,-0.13430843,-0.18276341,0.114783034,-0.06852463,0.1495228,0.34252146,-0.03074617,-0.2951954,0.2371524,0.48000222,0.15757126,0.05680131,-0.10531757,0.07076292,-0.022451334,0.47137886,-0.17611112,0.1638129,-0.4146082,0.33742958,-0.009310999,-0.21503936,-0.48876897,-0.14925556,-0.26587602,-0.22653715,-0.42035708,0.051545177,0.507022,-0.26571178,0.0067859115,-0.13356929,-0.21774955,0.20356242,0.1371216,-0.07016718,0.17448944,-0.19565737,-0.12782039,-0.27901638,0.019679865,0.10221759,-0.044215012,0.20364454,0.05770471,0.0722412,0.1104303,0.26918197,0.33940062,-0.13077697,0.5278002,0.21070749,-0.3094034,0.24175152,-0.04856775,-0.14736664,-0.43571487,-0.3303458,-0.19869608,-0.030581916,-0.35761198,0.15592872,0.18376979,-0.15171938,0.066820815,0.09827549,-0.087660246,0.031177657,0.15798189,0.5830717,-0.11788301,0.57190245,-0.037069954,-0.44138163,-0.17184052,0.008921215,-0.19343995,-0.13562247,-0.36295027,0.07667606,0.036926553,-0.09817251,0.46768314,-0.14441006,0.14484155,0.42226687,-0.008079092,-0.19434334,0.32814923,0.1055848,0.082999855,0.21152875,0.11576856,-0.07361651,0.22696865,-0.17652176,0.48928258,-0.2793449,-0.08938491,-0.058340874,-0.14145349,0.075772665,-0.29281372,-0.05949065,-0.26587602,-0.12166086,0.30843872,-0.21282193,0.16874054,-0.2758134,-0.099486545,0.28815332,-0.3482495,-0.031403188,0.5265683,-0.08273262,0.3963147,-0.19023699,0.31279147,-0.33510917,0.21464957,-0.13816841,0.015245002,-0.38537094,0.16989031,-0.37600845,-0.18555574,0.17990983,-0.37469444,-0.049881782,0.4920749,-0.23934898,0.103778005,-0.09924016,0.22064486,-0.15837167,-0.38750625,0.14779812,-0.101868235,0.4920749,0.3129557,0.23690602,-0.028446611,0.24610426,0.037172936,-0.32771772,0.12849826,0.22721502,-0.33749086,-0.008818236,0.4286728,0.10673458,-0.30242258,-0.32295436,0.28724992,0.14295264,0.11930003,-0.19795693,-0.0014267978,-0.15689339,-0.053988136,-0.060229797,0.15913166,-0.16223164,-0.19261867,0.016559035,-0.10285375,0.046206914,-0.42503834,-0.045200538,0.14229561,-0.39604747,0.26942834,-0.08889215,-0.17126562,-0.43530422,0.1052563,-0.025982799,0.2772304,-0.29223883,-0.15311554,-0.25207868,-0.2709679,0.16923329,-0.099486545,0.20857218,0.6373577,0.30605704,-0.17069073,-0.4285698,0.020911772,0.089980654,0.2737811,-0.20354158,-0.05283836,-0.124617435,-0.107617125,-0.11468006,0.023457712,-0.18621275,-0.01916625,0.061811063,-0.068196125,-0.052345596,0.3771791,-0.16099973,-0.0408478,0.3527052,0.048506472,-0.044461396,0.01754456,0.25127825,0.516056,0.05368048,0.39787513,0.023047075,-0.21035811,0.25053912,0.0058825132,-0.2694075,-0.028692992,0.32864198,-0.21035811,-0.23762432,-0.10901329,0.18902592,0.07043441,-0.03074617,0.20027734,-0.49303958,0.33036664,0.3669132,-0.35268438,0.0770867,-0.55783784,0.44879392,0.014834367,0.07593692,0.14631984,0.03421636,-0.10383928,-0.21668191,-0.116486855,0.024935998,-0.3291139,0.34999502,-0.27893424,0.22179464,0.54841405,0.2865108,0.24142301,-0.03526316,-0.19417909,-0.116486855,0.3028541,0.4312187,0.035448268,0.221384,0.50850034,0.14492369,-0.047582224,0.33644405,0.08357474,-0.017113073,-0.086838976,-0.114926435,0.33849722,0.13933904,0.18418042,-0.19836757,0.33283046,-0.014567132,0.13654672,0.16118485,0.12915528,0.008182072,-0.030253407,-0.18350255,-0.27647042,0.33940062,-0.093327016,0.22631162,0.3165693,0.039143987,-0.19738203,0.18393405,-0.2145466,0.074540764,-0.23507838,-0.22505887,0.43015108,0.50529736,0.1407352,0.22976096,-0.27770233,-0.24608341,0.29193118,-0.109998815,0.13671097,0.41553244,-0.006190169,0.124802545,0.31418762,0.048752856,-0.14646325,-0.24148428,0.08423176,-0.09759762,-0.4398212,-0.28665417,-0.112462625,0.15420404,-0.11320177,0.21941295,-0.16666651,-0.0672106,0.05926512,-0.30242258,0.2086543,-0.03074617,0.23296392,0.16274525,0.23936984,0.26343307,-0.07911903,-0.16009633,0.14911216,-0.12223575,-0.24682255,-0.109588176,-0.18194215,-0.14703813,-0.53623843,-0.086017706,-0.45805344,-0.22826183,0.4354072,0.08357474,0.07486927,-0.49230042,0.19132549,-0.32229733,0.37857527,-0.41321203,0.19461057,0.29308096,-0.059737034,0.06460338,0.19148974,0.029945752,-0.28410825,-0.20304881,0.35098055,-0.2093726,-0.038137607,0.035201885,0.18253788,-0.10424992,0.11691834,-0.2457549,0.09490828,-0.17200477,-0.08560707,-0.06918165,0.063617855,0.16332015,0.121271074,0.26310456,-0.24649404,0.47737414,-0.15032321,0.5206551,0.17498219,-0.15738614,0.34252146,-0.10170398,-0.024011748,-0.39374793,-0.20124201,-0.05645195,0.0692025,-0.19081187,0.11371539,0.12422765,0.22006997,0.09228022,0.309917,-0.17487921,0.11314049,-0.2881325,0.124063395,0.52320105,-0.013663734,-0.08429303,-0.07000292,0.066328056,0.2732883,0.05080603,-0.03559167,-0.09726911,0.082260706,0.07971477,-0.018919868,-0.117308125,-0.2430447,0.16791926,0.15289001,-0.2881325,-0.07764074,0.090309165,0.22089124,0.17695324,0.3439176,0.11084094,0.5506315,-0.23598178,0.019022848,-0.4840877,-0.10531757,0.2543991,0.10180695,0.20265903,0.14065307,-0.111312844,-0.15369043,-0.16863756,-0.13849692,0.049491998,0.39615044,0.17613198,-0.26415136,-0.25914162,-0.07591607,-0.17438646,0.052530702,-0.00701144,0.06074341,-0.10498906,-0.11591196,-0.039944403,-0.45164752,-0.16830905,0.07421225,-0.02787172,-0.071481206,-0.3322347,0.07552629,-0.06959228,0.31410548,-0.25963438,0.3302024,-0.28476527,0.14443092,0.06821698,0.05844385,-0.07657309,-0.070249304,-0.107124366,0.19699225,-0.23852772,-0.12198937,-0.10071845,0.2980086,0.1274306,-0.2588131,0.0032544464,-0.11829365,-0.269736,-0.21052237,0.09958953,-0.22702992,0.39910704,-0.61852974,0.09457977,0.30967063,-0.014238624,-0.094641045,0.40214574,-0.12782039,-0.2660403,0.08644919,0.20208414,0.1401603,0.18828678,0.07396587,-0.13849692,-0.004054865,0.16110271,0.2586697,0.37340125,-0.114926435,0.1267736,-0.20740154,-0.2643156,-0.09398403,-0.11673324,-0.17898557,-0.008900363,-0.17520772,-0.08043306,-0.28443676,-0.27466363,-0.22407335,0.022882821,-0.08675685,0.23394945,-0.030828297,0.21210364,-0.24739744,-0.25889522,0.06821698,-0.00011276435,0.15543595,-0.42257452,0.31057402,-0.27811298,-0.15746827,0.11256561,0.11560431,0.040540148,0.15510744,0.27131727,-0.37362677,-0.005368898,-0.27991977,0.18212725,0.2883176,0.23657751,-0.23803495,-0.44121736,0.15724275,-0.2439481,-0.27318534,0.24782893,0.06862761,-0.22982223,-0.2351605,0.24733616,0.16151336,0.08053604,0.24183364,-0.004547627,0.038569096,-0.091355965,-0.29864475,0.05261283,0.43286127,-0.412555,0.07265184,0.17678899,-0.25281784,0.42883703,0.16627672,-0.13521183,0.029617243,0.20717601,0.16841203,-0.40130362,-0.19237229,-0.07008505,0.054666005,0.276327,-0.28870738,-0.31482378,-0.20715517,0.14484155,-0.21561426,-0.15607211,0.069284625,-0.22087039,0.3046609,-0.21922785,0.16668735,0.49733102,0.12866251,-0.18686977,-0.269736,0.45700663,-0.044789903,0.07306247,-0.28525802,0.24257278,-0.1627244,-0.25503525,0.25103188,-0.06433615,-0.13816841,0.21292491,0.0061288946,-0.17356518,-0.12954506,-0.14120711,0.15477893,0.122749366,0.22475122,-0.14104286,0.42744088,-0.18777317,-0.33839425,0.034873378,1.3107177,0.10928052,0.39434364,0.28281507,0.18278427,0.50735056,1.2427166,0.14607346,-1.115645,0.28618228,-0.695565,0.59547293,0.6200289,1.6733088,-0.7786776,0.7404272,0.103285246,-0.47957072,-0.40984482,0.2647471,-0.14769515,-0.5349244,-0.6287956,-0.9904012,-0.77859545,0.048834983,-0.20033862,-0.1951646,-0.9139409,0.22384782,-0.2557744,0.80473274,-0.528847,-0.20904408,-0.32114756,0.118314505,0.99641734,0.6739864,0.27279556,0.10205334,1.1655992,-0.21273981,0.18114173,-0.08043306,0.47195375,-0.40146786,0.3884305,-0.8463503,-0.19245441,0.6964892,0.0031723194,-0.2849295,-0.31539866,0.2847861,-0.38241437,0.47679925,0.6463917,0.63021266,-0.34619632,0.15420404,-0.09127384,-0.009475253,-0.005204644,-1.0549531,0.06575316,-0.043311615,-0.6947437,0.36461365,-0.19072974,-0.60120094,-0.57032114,-0.118129395,-0.18884082,-0.08191135,0.42062432,0.5265683,0.12061406,-0.18613063,-0.23811707,-0.32722497,0.61280173,-0.38586372,-0.44671988,-0.34866014,-0.18916933,-0.19155101,-0.30447575,0.20791516,-0.15853593,-0.36878127,-0.44080675,0.39705384,0.051298793,-0.119361304,0.9441024,0.92841613,-0.34685335,0.4101942,0.3651064,0.29299882,0.05852598,-0.20904408,0.8489171,-0.05563068,0.04916349,0.4138899,-0.37707612,0.22877544,-0.76151305,0.03897973,0.63341564,-0.13192675,-0.32402202,0.7094653,-0.13866116,-0.38528883,-0.3245969,0.7509395,0.41150823,-0.13792202,-0.82319045,-0.027789595,-0.3112102,-0.6119596,-0.14326029,-0.7700542,0.9597887,0.76695424,
0,0,0,0,0,0,0,0,0,0,0,0,0,0,0,0,0,0,0,0,0,0,0,0,0,0,0,0,0,0,0,0,0,0,0,0,0,0,0,0,0,0,0,0,0,0,0,0,0,0,0,0,0,0,0,0,0,0,0,0,0,0,0,0,0,0,0,0,0,0,0,0,0,0,0,0,0,0,0,0,0,0,0,0,0,0,0,0,0,0,0,0,0,0,0,0,0,0,0,0,0,0,0,0,0,0,0,0,0,0,0,0,0,0,0,0,0,0,0,0,0,0,0,0,0,0,0,0,0,0,0,0,0,0,0,0,0,0,0,0,0,0,0,0,0,0,1,0,0,0,0,0,0,0,0,0,0,0,0,0,0,0,0,0,0,0,0,0,0,0,0,0,0,0,0,0,0,0,0,0,0,0,0,0,0,0,0,0,0,0,0,0,0,0,0,0,0,0,0,0,0,0,0,0,0,0,0,0,0,0,0,0,0,0,0,0,0,0,0,0,0,0,0,0,0,0,0,0,0,0,0,0,0,0,0,0,0,0,0,0,0,0,0,0,0,0,0,0,0,0,0,0,0,0,0,0,0,0,0,0,0,0,0,0,0,0,0,0,0,0,0,0,0,0,0,0,0,0,0,0,0,0,0,0,0,0,0,0,0,0,0,0,0,0,0,0,0,0,0,0,0,0,0,0,0,0,0,0,0,0,0,0,0,0,0,0,0,0,0,0,0,0,0,0,0,0,0,0,0,0,0,0,0,0,0,0,0,0,0,0,0,0,0,1,0,0,0,0,0,0,0,0,0,0,0,0,0,0,0,0,0,0,0,0,0,0,0,0,0,0,0,0,0,0,0,0,0,0,0,0,0,0,0,0,0,0,0,0,0,0,0,0,0,0,0,0,0,0,0,0,0,0,0,0,0,0,0,0,0,0,0,0,0,0,0,0,0,0,0,0,0,0,0,0,0,0,0,0,0,0,0,0,0,0,0,0,0,0,0,0,0,0,0,0,0,0,0,0,0,0,0,0,0,0,0,0,0,0,0,0,0,0,0,0,0,0,0,0,0,0,0,0,0,0,0,0,0,0,0,0,0,0,0,0,0,0,0,0,0,0,0,0,0,0,0,0,0,0,0,0,0,0,0,0,0,0,0,0,0,0,0,0,0,0,0,0,0,0,0,0,0,0,0,0,0,0,0,0,0,0,0,0,0,0,0,0,0,0,0,0,0,0,0,0,0,0,0,0,0,0,0,0,0,0,0,0,0,0,0,0,0,0,0,0,0,0,0,0,0,0,0,0,0,0,0,0,0,0,0,0,0,0,0,0,0,0,0,0,0,0,0,0,0,0,0,0,0,0,0,0,0,0,0,0,0,0,0,0,0,0,0,0,0,0,0,0,0,0,0,0,0,0,0,0,0,0,0,0,0,0,0,0,0,0,0,0,0,0,0,0,0,0,0,0,0,0,0,0,0,0,0,0,0,0,0,0,0,0,0,0,0,0,0,0,0,0,0,0,0,0,0,0,0,0,0,0,0,0,0,0,0,0,0,0,0,0,0,0,0,0,0,0,0,0,0,0,0,0,0,0,0,0,0,0,0,0,0,0,0,0,0,0,0,0,0,0,0,0,0,0,0,0,0,0,0,0,0,0,0,0,0,0,0,0,0,0,0,0,0,0,0,0,0,0,0,0,0,0,0,0,0,0,0,0,0,0,0,0,0,0,0,0,0,0,0,0,0,0,0,0,0,0,0,0,0,0,0,0,0,0,0,0,0,0,0,0,0,0,0,0,0,0,0,0,0,0,0,0,0,0,0,0,0,0,0,0,0,0,0,0,0,0,0,0,0,0,0,0,0,0,0,0,0,0,0,0,0,0,0,0,0,0,0,0,0,0,0,0,0,0,0,0,0,0,0,0,0,0,0,0,0,0,0,0,0,0,0,0,0,0,0,0,0,0,0,0,0,0,0,0,0,0,0,0,0,0,0,0,0,0,0,0,0,0,0,0,0,0,0,0,0,0,0,0,0,0,0,0,0,0,0,0,0,0,0,0,0,0,0,0,0,0,0,0,0,0,0,0,0,0,0,0,0,0,0,0,0,0,0,0,0,0,0,0,0,0,0,0,0,0,0,0,0,0,0,0,0,0,0,0,0,0,0,0,0,0,0,0,0,0,0,0,0,0,0,0,0,0,0,0,0,0,0,0,0,0,0,0,0,0,0,0,0,0,0,0,0,0,0,0,0,0,0,0,0,0,0,0,0,0,0,0,0,0,0,0,0,0,0,0,0,0,0,0,0,0,0,0,0,0,0,0,0,0,0,0,0,0,0,0,0,0,0,0,0,0,0,0,0,0,0,0,0,0,0,0,0,0,0,0,0,0,0,0,0,0,0,0,0,0,0,0,0,0,0,0,0,0,0,0,0,0,0,0,0,0,0,0,0,0,0,0,0,0,0,0,0,0,0,0,0,0,0,0,0,0,0,0,0,0,0,0,0,0,0,0,0,0,0,0,0,0,0,0,0,0,0,0,0,0,0,0,0,0,0,0,0,0,0,0,0,0,0,0,0,0,0,0,0,0,0,0,0,0,0,0,0,0,0,0,0,0,0,0,0,0,0,0,0,0,0,0,0,0,0,0,0,0,0,0,0,0,0,0,0,0,0,0,0,0,0,0,0,0,0,0,0,0,0,0,0,0,0,0,0,0,0,0,0,0,0,0,0,0,0,0,0,0,0,0,0,0,0,0,0,0,0,0,0,0,0,0,0,0,0,0,0,0,0,0,0,0,0,0,0,0,0,0,0,0,0,0,0,0,0,0,0,0,0,0,0,0,0,0,0,0,0,0,0,0,0,0,0,0,0,0,0,0,0,0,0,0,0,0,0,0,0,0,0,0,0,0,0,0,0,0,0,0,0,0,0,0,0,0,0,0,0,0,0,0,0,0,0,0,0,0,0,0,0,0,0,0,0,0,0,0,0,0,0,0,0,0,0,0,0,0,0,0,0,0,0,0,0,0,0,0,0,0,0,0,0,0,0,0,0,0,0,0,0,0,0,0,0,0,0,0,0,0,0,0,0,0,0,0,0,0,0,0,0,0,0,0,0,0,0,0,0,0,0,0,0,0,0,0,0,0,0,0,0,0,0,0,0,0,0,0,0,0,0,0,0,0,0,0,0,0,0,0,0,0,0,0,0,0,0,0,0,0,0,0,0,0,0,0,0,0,0,0,0,0,0,0,0,0,0,0,0,0,0,0,0,0,0,0,0,0,0,0,0,0,0,0,0,0,0,0,0,0,0,0,0,0,0,0,0,0,0,0,0,0,0,0,0,0,0,0,0,0,0,0,0,0,0,0,0,0,0,0,0,0,0,0,0,0,0,0,0,0,0,0,0,0,0,0,0,0,0,0,0,0,0,0,0,0,0,0,0,0,0,0,0,0,0,0,0,0,0,0,0,0,0,0,0,0,0,0,0,0,0,0,0,0,0,0,0,0,0,0,0,0,0,0,0,0,0,0,0,0,0,0,0,0,0,0,0,0,0,0,0,0,0,0,0,0,0,0,0,0,0,0,0,0,0,0,0,0,0,0,0,0,0,0,0,0,0,0,0,0,0,0,0,0,0,0,0,0,0,0,0,0,0,0,0,0,0,0,0,0,0,0,0,0,0,0,0,0,0,0,0,0,0,0,0,0,0,0,0,0,0,0,0,0,0,0,0,0,0,0,0,0,0,0,0,0,0,0,0,0,0,0,0,0,0,0,0,0,0,0,0,0,0,0,0,0,0,0,0,0,0,0,0,0,0,0,0,0,0,0,0,0,0,0,0,0,0,0,0,0,0,0,0,0,0,0,0,0,0,0,0,0,0,0,0,0,0,0,0,0,0,0,0,0,0,0,0,0,0,0,0,0,0,0,0,0,0,0,0,0,0,0,0,0,0,0,0,0,0,0,0,0,0,0,0,0,0,0,0,0,0,0,0,0,0,0,0,0,0,0,0,0,0,0,0,0,0,0,0,0,0,0,0,0,0,0,0,0,0,0,0,0,0,0,0,0,0,0,0,0,0,0,0,0,0,0,0,0,0,0,0,0,0,0,0,0,0,0,0,0,0,0,0,0,0,0,0,0,0,0,0,0,0,0,0,0,0,0,0,0,0,0,0,0,0,0,0,0,0,0,0,0,0,0,0,0,0,0,0,0,0,0,0,0,0,0,0,0,0,0,0,0,0,0,0,0,0,0,0,0,0,0,0,0,0,0,0,0,0,0,0,0,0,0,0,0,0,0,0,0,0,0,0,0,0,0,0,0,0,0,0,0,0,0,0,0,0,0,0,0,0,0,0,0,0,0,0,0,0,0,0,0,0,0,0,0,1,0,0,0,0,0,0,0,0,0,0,0,0,0,0,0,0,0,0,0,0,0,0,0,0,0,0,0,0,0,0,0,0,0,0,0,0,0,0,0,0,0,0,0,0,0,0,0,0,0,0,0,0,0,0,0,0,0,0,0,0,0,0,0,0,0,0,0,0,0,0,0,0,0,0,0,0,0,0,0,0,0,0,0,0,0,0,0,0,0,0,0,0,0,0,0,0,0,0,0,0,0,0,0,0,0,0,0,0,0,0,0,0,0,0,0,0,0,0,0,0,0,0,0,0,0,0,0,0,0,0,0,0,0,0,0,0,0,0,0,0,0,0,0,0,0,0,0,0,0,0,0,0,0,0,0,0,0,0,0,0,0,0,0,0,0,0,0,0,0,0,0,0,0,0,0,0,0,0,0,0,0,0,0,0,0,0,0,0,0,0,0,0,0,0,0,0,0,0,0,0,0,0,0,0,0,0,0,0,0,0,0,0,0,0,0,0,0,0,0,0,0,0,0,0,0,0,0,0,0,0,0,0,0,0,0,0,0,0,0,0,0,0,0,0,0,0,0,0,0,0,0,0,0,0,0,0,0,0,0,0,0,0,0,0,0,0,0,0,0,0,0,0,0,0,0,0,0,0,0,0,0,0,0,0,0,0,0,0,0,0,0,0,0,0,0,0,0,0,0,0,0,0,0,0,0,0,0,0,0,0,0,0,0,0,0,0,0,0,0,0,0,0,0,0,0,0,0,0,0,0,0,0,0,0,0,0,0,0,0,0,0,0,0,0,0,0,0,0,0,0,0,0,0,0,0,0,0,0,0,0,0,0,0,0,0,0,0,0,0,0,0,0,0,0,0,0,0,0,0,0,0,0,0,0,0,0,0,0,0,0,0,0,0,0,0,0,0,0,0,0,0,0,0,0,0,0,0,0,0,0,0,0,0,0,0,0,0,0,0,0,0,0,0,0,0,0,0,0,0,0,0,0,0,0,0,0,0,0,0,0,0,0,0,0,0,0,0,0,0,0,0,0,0,0,0,0,0,0,0,0,0,0,0,0,0,0,0,0,0,0,0,0,0,0,0,0,0,0,0,0,0,0,0,0,0,0,0,0,0,0,0,0,0,0,0,0,0,0,0,0,0,0,0,0,0,0,0,0,0,0,0,0,0,0,0,0,0,0,0,0,0,0,0,0,0,0,0,0,0,0,0,0,0,0,0,0,0,0,0,0,0,0,0,0,0,0,0,0,0,0,0,0,0,0,0,0,0,0,0,0,0,0,0,0,0,0,0,0,0,0,0,0,0,0,0,0,0,0,0,0,0,0,0,0,0,0,0,0,0,0,0,0,0,0,0,0,0,0,0,0,0,0,0,0,0,0,0,0,0,0,0,0,0,0,0,0,0,0,0,0,0,0,0,0,0,0,0,0,0,0,0,0,0,0,0,0,0,0,0,0,0,0,0,0,0,0,0,0,0,0,0,0,0,0,0,0,0,0,0,0,0,0,0,0,0,0,0,0,0,0,0,0,0,0,0,0,0,0,0,0,0,0,0,0,0,0,0,0,0,0,0,0,0,0,0,0,0,0,0,0,0,0,0,0,0,0,0,0,0,0,0,0,0,0,0,0,0,0,0,0,0,0,0,0,0,0,0,0,0,0,0,0,0,0,0,0,0,0,0,0,0,0,0,0,0,0,0,0,0,0,0,0,0,0,0,0,0,0,0,0,0,0,0,0,0,0,0,0,0,0,0,0,0,0,0,0,0,0,0,0,0,0,0,0,0,0,0,0,0,0,0,0,0,0,0,0,0,0,0,0,0,0,0,0,0,0,0,0,0,0,0,0,0,0,0,0,0,0,0,0,0,0,0,0,0,0,0,0,0,0,0,0,0,0,0,0,0,0,0,0,0,0,0,0,0,0,0,0,0,0,0,0,0,0,0,0,0,0,0,0,0,0,0,0,0,0,0,0,0,0,0,0,0,0,0,0,0,0,0,0,0,0,0,0,0,0,0,0,0,0,0,0,0,0,0,0,0,0,0,0,0,0,0,0,0,0,0,0,0,0,0,0,0,0,0,0,0,0,0,0,0,0,0,0,0,0,0,0,0,0,0,0,0,0,0,0,0,0,0,0,0,0,0,0,0,0,0,0,0,0,0,0,0,0,0,0,0,0,0,0,0,0,0,0,0,0,0,0,0,0,0,0,0,0,0,0,0,0,0,0,0,0,0,0,0,0,0,0,0,0,0,0,0,0,0,0,0,0,0,0,0,0,0,0,0,0,0,0,0,0,0,0,0,0,0,0,0,0,0,0,0,0,0,0,0,0,0,0,0,0,0,0,0,0,0,0,0,0,0,0,0,0,0,0,0,0,0,0,0,0,0,0,0,0,0,0,0,0,0,0,0,0,0,0,0,0,0,0,0,0,0,0,0,0,0,0,0,0,0,0,0,0,0,0,0,0,0,0,0,0,0,0,0,0,0,0,0,0,0,0,0,0,0,0,0,0,0,0,0,0,0,0,0,0,0,0,0,0,0,0,0,0,0,0,0,0,0,0,0,0,0,0,0,0,0,0,0,0,0,0,0,0,0,0,0,0,0,0,0,0,0,0,0,0,0,0,0,0,0,0,0,0,0,0,0,0,0,0,0,0,0,0,0,0,0,0,0,0,0,0,0,0,0,0,0,0,0,0,0,0,0,0,0,0,0,0,0,0,0,0,0,0,0,0,0,0,0,0,0,0,0,0,0,0,0,0,0,0,0,0,0,0,0,0,0,0,0,0,0,0,0,0,0,0,0,0,0,0,0,0,0,0,0,0,0,0,0,0,0,0,0,0,0,0,0,0,0,0,0,0,0,0,0,0,0,0,0,0,0,0,0,0,0,0,0,0,0,0,0,0,0,0,0,0,0,0,0,0,0,0,0,0,0,0,0,0,0,0,0,0,0,0,0,0,0,0,0,0,0,0,0,0,0,0,0,0,0,0,0,0,0,0,0,0,0,0,0,0,0,0,0,0,0,0,0,0,0,0,0,0,0,0,0,0,0,0,0,0,0,0,0,0,0,0,0,0,0,0,0,0,0,0,0,0,0,0,0,0,0,0,0,0,0,0,0,0,0,0,0,0,0,0,0,0,0,0,0,0,0,0,0,0,0,0,0,0,0,0,0,0,0,0,0,0,0,0,0,0,0,0,0,0,0,0,0,0,0,0,0,0,0,0,0,0,0,0,0,0,0,0,0,0,0,0,0,0,0,0,0,0,0,0,0,0,0,0,0,0,0,0,0,0,0,0,0,0,0,0,0,0,0,0,0,0,0,0,0,0,0,0,0,0,0,0,0,0,0,0,0,0,0,0,0,0,0,0,0,0,0,0,0,0,0,0,0,0,0,0,0,0,0,0,0,0,0,0,0,0,0,0,0,0,0,0,0,0,0,0,0,0,0,0,0,0,0,0,0,0,0,0,0,0,0,0,0,0,0,0,0,0,0,0,0,0,0,0,0,0,0,0,0,0,0,0,0,0,0,0,0,0,0,0,0,0,0,0,0,0,0,0,0,0,0,0,0,0,0,0,0,0,0,0,0,0,0,0,0,0,0,0,0,0,0,0,0,0,0,0,0,0,0,0,0,0,0,0,0,0,0,0,0,0,0,0,0,0,0,0,0,0,0,0,0,0,0,0,0,0,0,0,0,0,0,0,0,0,0,0,0,0,0,0,0,0,0,0,0,0,0,0,0,0,0,0,0,0,0,0,0,0,0,0,0,0,0,0,0,0,0,0,0,0,0,0,0,0,0,0,0,0,0,0,0,0,0,0,0,0,0,0,0,0,0,0,0,0,0,0,0,0,0,0,0,0,0,0,0,0,0,0,0,0,0,0,0,0,0,0,0,0,0,0,0,0,0,0,0,0,0,0,0,0,0,0,0,0,0,0,0,0,0,0,0,0,0,0,0,0,0,0,0,0,0,0,0,0,0,0,0,0,0,0,0,0,0,0,0,0,0,0,0,0,0,0,0,0,0,0,0,0,0,0,0,0,0,0,0,0,0,0,0,0,0,0,0,0,0,0,0,0,0,0,0,0,0,0,0,0,0,0,0,0,0,0,0,0,0,0,0,0,0,0,0,0,0,0,0,0,0,0,0,0,0,0,0,0,0,0,0,0,0,0,0,0,0,0,0,0,0,0,0,0,0,0,0,0,0,0,0,0,0,0,0,0,0,0,0,0,0,0,0,0,0,0,0,0,0,0,0,0,0,0,0,0,0,0,0,0,0,0,0,0,0,0,0,0,0,0,0,0,0,0,0,0,0,0,0,0,0,0,0,0,0,0,0,0,0,0,0,0,0,0,0,0,0,0,0,-1.3775992,1.1735641,-0.82889336,0.42109355,-0.48248816,0.6146622,0.19991708,-0.34831822,0.5534857,0.06998243,-0.105442405,0.91165566,-0.6397692,-0.202279,-0.7257823,-0.24823979,-0.09770384,-0.61310256,0.25555107,0.31275368,-0.26392606,-0.4679522,0.39128962,0.7727798,0.24326348,0.42271447,-0.9854424,0.2608321,0.42538112,0.44007394,-0.79846203,-0.35459274,-0.8837953,0.009694853,1.2939824,0.35745955,-0.06612214,0.056387663,-0.7858607,0.18893668,-0.049651552,-0.90272343,-0.63291955,0.9821393,-1.0162921,-0.30601758,-0.94026595,-0.3698607,-0.58690643,0.053564135,-0.13305025,-0.7340437,0.12561642,0.6945576,1.2662177,0.06365564,-0.017651552,0.28038767,-1.0493379,-0.2789326,0.07876675,-0.17508946,0.8322308,0.31630924,-0.19365156,-0.023664623,-0.61817443,1.1152635,0.31332883,-0.52295876,-0.5966842,-0.43077573,1.5406753,-0.8203182,-1.3750894,0.23050532,-0.2772071,-1.7448672,-0.029886845,0.36394322,-0.12803064,0.25194323,-1.4931026,0.7939563,-0.5020437,-1.5262005,-0.048501227,-0.434279,0.9746622,0.21696283,-0.8113248,-0.03454044,0.5471066,0.5067406,0.23385172,0.05152492,0.23134191,1.0930413,-0.47365156,-1.2223052,-0.21440972,0.31149876,2.0072896,-1.4528934,0.020256944,0.21816544,0.20300204,0.42250532,0.07829616,0.72294974,1.0719694,-0.5749326,-0.5250502,0.14402165,-0.826279,-0.46471038,1.9287014,1.4288844,-1.0438477,-0.43746856,1.6263746,0.173721,0.31526348,1.3494073,0.14893669,-0.9297561,-1.1970502,1.2892766,1.3933811,-0.10732476,-0.68546855,0.22553799,0.17006087,0.7753419,0.48676676,0.33874062,-0.29179534,-1.7011025,0.39165562,-0.058854166,1.1642569,1.3346622,-0.044161357,-0.36912867,-0.7050764,0.47562948,-0.91056657,-0.82915485,0.6733288,-1.9231156,-0.47417444,0.38945955,0.08556414,-0.29843587,2.007551,0.12352492,-0.21806985,-0.12238358,-0.6952986,0.0069236113,0.00028308824,-0.66423976,0.36498898,1.3576164,-1.66356,-1.2435862,-0.64337707,-0.18345547,-1.361547,1.2207276,-1.1115078,-0.61456656,0.28498897,-0.090958744,-1.1138607,0.8489105,2.0078125,0.485355,0.82370794,-0.7874816,-0.027533906,1.2119433,-0.5036646,-1.7742529,0.80634844,1.2516818,1.7564662,-0.52442276,-0.14308946,0.3674988,-0.40437052,0.02057067,-1.374462,0.009956291,-0.3357169,0.6666883,-1.7151679,-0.23391299,-0.068788804,-0.7432986,-0.17122018,-0.29848814,0.8113158,-0.4573901,-1.4904358,-0.45038357,0.22956413,1.529538,0.4401785,0.9189759,1.9982439,-0.06183456,-0.1761875,-1.6569718,0.75427,0.011002042,-0.022932598,0.76885825,0.55196935,0.08420466,-0.6846842,-1.1483182,-0.3929718,0.5279171,-0.33221364,1.213355,-1.905913,-1.3404751,0.504806,-1.3052856,-0.6226712,-0.31731167,1.6503747,0.64169484,0.888806,-0.8860437,0.70355105,1.060989,0.97555107,-1.0376776,-1.884632,0.16085826,0.5751328,0.7551066,0.6848321,1.1395249,1.4642831,0.112753674,-1.3291286,-0.6761091,0.24038766,-0.18220057,0.61827004,1.2848845,-0.7006319,-1.5599784,0.87165564,-0.14183456,-0.8571287,0.0941393,-1.9237953,1.3063745,1.9994465,-0.48599142,0.3383223,1.0198909,0.5422962,-1.1348803,1.288806,-0.17080188,-0.8919522,0.9799432,0.11693668,0.8317602,1.5120217,1.29644,-0.6283182,0.33183864,0.7715249,0.1231589,-0.13399142,-0.6182267,0.44326347,-1.0125797,1.2113158,0.48796937,-0.41341627,-1.2184359,-0.82774305,1.0576949,1.1565707,-0.08437051,-0.5155339,1.0198387,-1.2479261,0.82443994,-1.5649979,-0.09231822,-0.9767104,1.5021393,0.5837602,1.9050151,-0.5380176,0.35714585,1.2279432,-0.03474959,2.005878,-0.9866973,-1.222096,-0.08217443,-1.2500699,-0.7248934,-1.740266,0.7004661,-1.8062006,0.2452504,-1.2234032,1.1767536,1.2390804,-0.8060437,0.04070139,-0.59961236,0.21549878,-0.9609195,-0.91443586,-0.6372594,0.40791708,-0.218279,-0.4836385,0.1581393,-0.58141625,-0.21231821,-0.5589849,-0.62115484,0.45403472,-0.5182006,-0.9011548,1.7534335,0.8469236,0.48200858,-0.16614829,0.48164257,-1.2506973,0.7914988,-0.9406319,-0.2288411,-1.6606319,1.132257,0.44206086,0.88002163,-0.674645,-0.84337705,-0.13984764,-0.6975993,-0.9328411,-0.35694566,-0.501364,-1.9921875,-0.9256254,-0.06507639,0.8607798,-1.5449195,-0.5406842,-0.26957312,0.8134596,-1.2781483,-1.2264881,0.5762831,0.23610008,-0.8852594,0.33863604,0.7552635,-1.174096,0.42564258,1.6807537,0.2731197,-0.28039664,1.4221393,-0.062148284,1.6548713,-0.59161234,0.57983863,1.0641785,0.48117197,0.017119689,-0.48525938,2.0034726,0.33236152,-1.8262267,-0.72238356,-0.1673509,0.63003474,-1.928292,0.0814857,-1.0882398,0.45853147,-0.33587378,0.31019157,0.30276674,-0.3084228,-0.34769076,-0.3640568,-0.7162659,0.8813288,-1.0142006,-1.3836646,0.5137994,0.9288583,-0.41927245,-0.52510256,0.29968178,0.3833942,0.69513273,-0.8183836,-1.2603182,0.3677602,-0.06894567,0.6445184,0.63735497,0.36289746,-0.7628019,-1.3492072,0.016387664,0.9812504,-0.2983313,-0.12076266,0.24509354,-0.31082803,-0.03715482,0.5637863,0.11766871,-0.92797834,1.2307668,0.5509759,-1.2353771,-0.35082802,-1.091377,-1.0153509,-1.433024,0.06773407,0.5115511,-0.54554695,-1.00573,1.0905315,1.0382439,-1.2152987,-1.1612333,-1.2278999,1.4320216,0.6439955,1.0038387,0.8438909,-0.42690647,-0.40128553,0.45983866,-0.58282804,1.5797863,0.9950543,-0.37718096,1.8125184,1.2587929,-0.7167888,-1.651534,0.13136806,0.13293669,-0.8418607,0.06836152,0.5178779,0.29764256,-1.2225666,-0.008553513,0.28922427,-0.71966463,-1.6243443,1.3527014,0.28802165,-0.12201756,-0.53806984,0.45053145,1.2330151,1.3963615,-1.1065404,1.506636,-0.84740317,-0.055716913,-0.9634816,0.35745955,-0.8173378,-1.89556,0.94731575,-0.16285416,1.3067406,-0.3315339,0.09277982,-1.4270633,-0.13927247,-1.6867757,-1.4676908,0.4726491,0.38768178,-1.6038476,-0.56243587,-1.1483182,-0.10972998,-0.990096,1.0157602,-0.6518476,1.0934596,0.0033680554,-0.09137704,-1.2560829,0.805355,0.79427004,0.13429616,-0.80750775,-0.36316788,-0.29801756,0.23719811,0.31494975,0.881538,-0.15631822,-0.294462,-0.1454424,0.41612622,-0.5796385,1.1830804,-0.7483705,-0.56447506,-0.49550775,-0.5825143,0.83191705,0.16216545,-0.7622267,1.0497994,1.028989,-0.059481617,-0.2254424,1.1099825,-0.24410906,-0.59192604,0.97633535,0.66391706,0.18888439,0.12969485,-0.25671038,-0.19684109,0.1733027,-0.05922018,-0.093259394,-0.47103718,1.3750805,0.94872755,-1.0152986,0.12111969,0.69983864,-0.36039665,-0.5550633,-0.92348164,0.7374857,-0.061311685,-0.28599143,-0.24217443,-1.3500437,-0.8500699,1.2926753,0.25434846,-1.7376516,-0.5987235,0.61152494,-0.4687888,-0.7269326,-0.35082802,-0.24091953,0.2752112,0.28927654,-1.2855731,1.1635772,0.66323733,-0.17770384,0.9449628,1.2687275,-0.5296515,-0.6535208,-0.33425286,-0.6203705,-0.9487888,-0.26659274,-1.0848933,0.8212504,0.27845302,0.53717196,0.002583742,-0.10444894,0.64802164,-1.0549326,-0.07004371,0.34407395,0.21304126,1.9285445,-0.35971692,1.0131458,0.4894857,0.96765566,0.27207392,0.2419563,-0.50172997,-0.4868803,1.6203616,-0.9615993,0.5902439,-1.2139914,-1.9921875,0.5500347,0.4626099,-1.9623836,0.66653144,-0.85634434,-0.16604371,0.6754726,0.23416544,-1.1534424,0.98203474,1.2042569,0.7492504,1.972989,0.93649226,-0.65848815,-1.3827235,0.5406752,1.0814857,0.0482308,0.13759027,-1.4957691,-0.9986712,0.9181393,-0.17989992,0.71834844,0.7251458,0.41236153,0.15782557,0.36744648,1.986636,-0.33352083,-1.9416254,0.8595249,-0.9119261,2.0010674,-0.00055351306,-0.20834437,-0.23867115,0.3374857,-0.96071035,0.07317198,0.4734334,0.04587786,-1.6115339,-0.66539013,-0.23783456,0.8322308,0.82057065,0.24660988,-1.052632,0.24043995,0.22815236,0.91944647,0.6487537,-0.33331168,-1.1529195,0.051577207,-0.26105025,1.9516556,-0.6205274,-1.7633247,0.011002042,-0.31825286,0.19970793,-0.22021364,1.4692504,-0.79558617,-0.5825143,-0.20965156,0.3742439,0.13121119,0.8756295,0.91620463,-0.083167896,1.7244138,-0.88086724,0.938636,0.10313276,-0.66606987,-0.37440974,-0.33561233,-0.5279261,-1.2785666,-0.6441091,1.0962307,-0.18523325,-1.0168673,0.7214334,-0.787011,0.40007395,-0.9292855,0.12755106,0.27238765,-0.13671038,1.0800216,0.4545576,0.07243995,1.0638125,-0.94057965,-0.35271037,0.3812504,-1.5724227,-1.7394816,-0.13603064,-0.44865808,0.09460989,0.5620609,0.3021916,0.08383864,-1.3775992,0.3101393,0.04284518,0.3715772,-1.0218868,1.2988452,1.1392635,-0.9580437,-0.7467496,-0.45001757,-0.110932596,0.17894976,0.49910662,-0.40620056,-0.040971816,0.069825575,1.681538,-0.5236385,1.9509236,0.7622177,-0.6851548,0.25314584,-0.52369076,1.1899302,0.74945956,-0.7440829,-0.11752083,0.25246608,0.7163615,-0.0801875,-1.3871679,-1.3558476,0.21586479,0.031707924,1.8507929,-0.19354698,-0.24191299,0.32368177,0.2133027,-0.57106334,-0.5863313,-0.0957692,1.9286491,0.10475367,0.22705433,0.6018517,-0.4620437,0.44833538,-0.2098607,-0.97765154,-1.921181,-0.382096,0.51458377,0.8718125,1.4059824,-1.2584358,-0.25644892,-1.774096,-0.79501104,-1.2743313,0.43672752,1.6949759,0.37089747,0.41853145,-0.26324633,1.6802309,1.5624269,-0.7146973,-0.34005678,0.18072753,0.28117198,-1.3098868,1.8513157,-0.13440973,-0.9778084,-0.6958738,-0.5745666,-0.20081495,-1.1000044,-0.4423836,0.68085825,-0.51323324,0.037877858,0.23296283,0.38276675,-1.880292,-0.74565154,0.89978635,-0.598462,-0.092265934,1.6534595,-0.7359261,0.12577328,-1.0466712,0.42778635,-0.46575612,-0.27820057,0.9014596,0.37142035,-0.016710376,-0.21623978,0.01429616,1.3331459,-1.5329456,-0.5201352,-0.92578226,-0.12782149,1.2561785,-0.18826593,-0.82172996,-0.50073653,1.4070805,0.46966872,0.22475368,0.94396937,0.8029497,0.00802165,-1.3440306,0.6946099,0.21931577,0.31249225,-0.64243585,0.3239955,0.1463746,0.08002165,-1.6988542,0.1833419,-0.19223979,0.337904,-0.7912986,-0.85054046,-0.38952082,-0.19762541,-0.5343574,0.2503746,1.6250674,0.98893666,-0.2072986,-0.2887104,0.21016544,-0.55124635,0.182087,-1.809913,-0.8621483,0.5359694,-0.70742935,-1.6856254,0.44274062,0.8500609,-1.1619653,-0.39459273,1.0682046,-0.27161235,-1.8195862,-0.62188685,-0.40478882,1.6057733,0.07803472,-0.6056777,-0.29289338,-1.3122921,1.0523093,0.8882308,1.7782177,0.71860987,-0.9679261,1.4534073,-0.4478215,0.9948975,-0.550462,-0.25095874,0.97131574,-0.6489195,-0.14423978,-0.7888934,-0.22481495,-0.22010908,-1.4402398,-1.839926,-0.13268423,1.3857472,1.9276034,-0.6586973,0.3644138,0.08357721,-0.29221365,-0.77895874,0.3235772,1.2411197,0.57952493,-0.14423978,-0.6420699,0.33361644,0.035106618,-0.09252737,0.15510662,-1.6698346,0.25722426,-0.30737704,-0.03830515,-0.3518738,-1.971011,-1.0264882,-1.804841,0.11332884,0.14224388,-1.8859391,-1.9838737,0.3774857,0.38051838,-1.115011,-1.0568672,-0.8749065,1.2492243,1.1416165,-0.14748162,-1.3578346,-0.430096,0.9359171,-0.48217443,0.6184792,0.4381916,-1.5515077,0.06935498,0.44519812,-0.6149326,1.2975903,1.1747144,0.41727656,0.037877858,0.23280597,0.16007394,-0.12620057,0.540989,0.43311968,0.94825697,-0.058697306,-0.09848815,0.74705434,-0.18528554,-0.5808411,-0.9605535,-0.62763846,0.8078648,0.7278648,0.53100204,-1.0717692,-0.036213644,1.8012766,-0.12714174,-1.110096,-0.7397953,0.2639171,0.025276553,0.17806086,1.393538,0.56687135,0.7666099,-0.76975614,1.8197863,-0.09754698,1.1003615,-0.80693257,1.0478648,-0.20912868,0.02208701,0.005198121,0.6677341,0.79876673,1.2756817,-0.7336777,-1.110096,-0.72667116,-1.6243967,0.96629614,-0.005573121,0.2166491,0.80519813,-0.58570385,1.2981131,0.5192896,-0.24719404,1.8023223,-0.21582149,-1.4860437,-0.39485416,0.07066217,0.34663603,0.23871446,-0.58774304,-1.3521352,-0.2536777,0.39876676,-1.7366581,0.4448844,0.6355772,-0.6108019,-0.012579657,-1.5648934,-1.7030895,-1.387011,-0.57806987,0.13178636,-1.4000306,-0.5109326,0.4865576,-1.1533902,0.73126346,-0.6171287,-0.51527244,0.43113276,1.2812243,0.28425694,-0.4527888,1.1623746,1.0695641,0.22057067,-0.07020057,-0.09597835,-0.76745546,0.067577206,-0.1530764,0.95709354,0.4709236,-1.2413901,-1.2916385,-0.16405678,-0.31459272,0.8965968,0.7622177,-0.9564228,0.91918504,0.6876556,-0.98434436,-0.7842921,0.29884517,0.057642564,-0.4280045,-1.385913,1.0176948,0.12802166,0.821355,0.49314582,0.59542036,1.2089106,0.9511328,-0.23741625,0.13387786,-0.17608292,0.09084518,0.6424792,0.8197341,0.17058374,0.17335498,-0.18680188,-1.1843966,1.1177733,-0.22518097,-1.8558215,-1.0463574,0.72749877,0.08702818,-0.3605535,-0.029991422,-0.20431823,-0.03349469,-0.8858346,-0.6459391,0.71259683,0.40190402,-0.07040972,-1.5644228,0.29691052,0.626636,0.6116295,0.6602569,-0.03673652,-0.32583457,0.076256946,-0.35522017,0.30067524,0.1829759,0.53387785,-0.48337704,0.08749878,-0.39412215,-1.2066189,0.23756413,-0.28086725,0.31379944,0.23803473,-1.4278476,0.073381126,-0.70225286,0.33173406,1.1151066,0.70187783,-0.74680185,0.5317864,-0.17697181,-0.18648815,0.2356295,0.81853145,-0.07312868,0.38977328,-0.026697304,0.17889747,0.6793942,-1.158096,-0.5475339,-0.45122018,1.2604138,1.3829236,0.20702818,-0.04583456,0.8831066,-0.3512986,0.37654454,1.2034204,0.60321116,1.1402047,0.34721118,-1.0867234,-1.5063313,-0.07406985,-0.44076267,0.5177733,-0.5118215,-0.6356385,-0.56761235,-0.22371691,
0,0,0,0,0,1,0,0,0,0,0,0,0,0,1,0,1,0,0,0,0,0,0,0,0,0,0,0,0,0,0,0,0,0,0,0,0,0,0,0,0,0,0,0,0,0,0,0,0,0,0,0,0,0,0,0,0,0,0,0,0,0,0,0,0,0,0,0,0,0,0,0,0,0,0,0,0,0,0,0,0,0,0,0,0,0,0,0,0,0,0,0,0,0,0,0,0,0,0,0,0,0,0,0,0,0,0,0,0,0,0,0,0,0,0,0,0,0,0,0,0,0,0,0,0,0,0,0,0,0,0,0,0,0,0,0,0,0,0,0,0,0,0,0,0,0,0,0,0,0,0,0,0,0,0,0,0,0,0,0,0,0,0,0,0,0,0,0,0,0,0,0,0,0,0,0,0,0,0,0,0,0,0,0,0,0,0,0,0,0,0,0,0,0,0,0,0,0,0,0,0,0,0,0,0,0,0,0,0,0,0,0,0,0,0,0,0,0,0,0,0,0,0,0,0,0,0,0,0,0,0,0,0,0,0,0,0,0,0,0,0,0,0,0,1,0,0,0,0,0,0,0,0,0,0,0,0,0,0,0,0,0,0,0,0,0,0,0,0,0,0,0,0,0,0,0,0,0,0,0,0,0,0,0,0,0,0,0,0,0,0,0,1,0,0,0,0,0,0,0,0,0,0,0,0,0,0,0,0,0,0,0,0,0,0,0,0,0,0,0,0,0,0,0,0,0,0,0,0,0,0,0,0,0,0,0,0,0,0,0,0,0,0,0,0,0,0,0,0,0,0,0,0,0,0,0,0,0,0,0,0,0,0,0,0,0,0,0,0,0,0,0,0,0,0,0,0,0,0,0,0,0,0,0,0,0,0,0,0,0,0,0,0,0,0,0,0,0,0,0,0,0,0,0,0,0,0,0,0,0,0,0,0,0,0,0,0,0,0,0,0,0,0,0,0,0,0,0,0,0,0,0,0,0,0,0,0,0,0,0,0,0,0,0,0,0,0,0,0,0,0,0,0,0,0,0,0,0,0,0,0,0,0,0,0,0,0,0,0,0,0,0,0,0,0,0,0,0,0,0,0,0,0,0,0,0,0,0,0,0,0,0,0,0,0,0,0,0,0,0,0,0,0,0,0,0,0,0,0,0,0,0,0,0,0,0,0,0,0,0,0,0,0,0,0,0,0,0,0,0,0,0,0,0,0,0,0,0,0,0,0,0,0,0,0,0,0,0,0,0,0,0,0,0,0,0,0,0,0,0,0,0,0,0,0,0,0,0,0,0,0,0,0,0,0,0,0,0,0,0,0,0,0,0,0,0,0,0,0,0,0,0,0,0,0,0,0,0,0,0,0,0,0,0,0,0,0,0,0,0,0,0,0,0,0,0,0,0,0,0,0,0,0,0,0,0,0,0,0,0,0,0,0,0,0,0,0,0,0,0,0,0,0,0,0,0,0,0,0,0,0,0,0,0,0,0,0,0,0,0,0,0,0,0,0,0,0,0,0,0,0,0,0,0,0,0,0,0,0,0,0,0,0,0,0,0,0,0,0,0,0,0,0,0,0,0,0,0,0,0,0,0,0,0,0,0,0,0,0,0,0,0,0,0,0,0,0,0,0,0,0,0,0,0,0,0,0,0,0,0,0,0,0,0,0,0,0,0,0,0,0,0,0,0,0,0,0,0,0,0,0,0,0,0,0,0,0,0,0,0,0,0,0,0,0,0,0,0,0,0,0,0,0,0,0,0,0,0,0,0,0,0,0,0,0,0,0,0,0,0,0,0,0,0,0,0,0,0,0,0,0,0,0,0,0,0,0,0,0,0,0,0,0,0,0,0,0,0,0,0,0,0,0,0,0,0,0,0,0,0,0,0,0,0,0,0,0,0,0,0,0,0,0,0,0,0,0,0,0,0,0,0,0,0,0,0,0,0,0,0,0,0,0,0,0,0,0,0,0,0,0,0,0,0,0,0,0,0,0,0,0,0,0,0,0,0,0,0,0,0,0,0,0,0,0,0,0,0,0,0,0,0,0,0,0,0,0,0,0,0,0,0,0,0,0,0,0,0,0,0,0,0,0,0,0,0,0,0,0,0,0,0,0,0,0,0,0,0,0,0,0,0,0,0,0,0,0,0,0,0,0,0,0,0,0,0,0,0,0,0,0,0,0,0,0,0,0,0,0,0,0,0,0,0,0,0,0,0,0,0,0,0,0,0,0,0,0,0,0,0,0,0,0,0,0,0,0,0,0,0,0,0,0,0,0,0,0,0,0,0,0,0,0,0,0,0,0,0,0,0,0,0,0,0,0,0,0,0,0,0,0,0,0,0,0,0,0,0,0,0,0,0,0,0,0,0,0,0,0,0,0,0,0,0,0,0,0,0,0,0,0,0,0,0,0,0,0,0,0,0,0,0,0,0,0,0,0,0,0,0,0,0,0,0,0,0,0,0,0,0,0,0,0,0,0,0,0,0,0,0,0,0,0,0,0,0,0,0,0,0,0,0,0,0,0,0,0,0,0,0,0,0,0,0,0,0,0,0,0,0,0,0,0,0,0,0,0,0,0,0,0,0,0,0,0,0,0,0,0,0,0,0,0,0,0,0,0,0,0,0,0,0,0,0,0,0,0,0,0,0,0,0,0,0,0,0,0,0,0,0,0,0,0,0,0,0,0,0,0,0,0,0,0,0,0,0,0,0,0,0,0,0,0,0,0,0,0,0,0,0,0,0,0,0,0,0,0,0,0,0,0,0,0,0,0,0,0,0,0,0,0,0,0,0,0,0,0,0,0,0,0,0,0,0,0,0,0,0,0,0,0,0,0,0,0,0,0,0,0,0,0,0,0,0,0,0,0,0,0,0,0,0,0,0,0,0,0,0,0,0,0,0,0,0,0,0,0,0,0,0,0,0,0,0,0,0,0,0,0,0,0,0,0,0,0,0,0,0,0,0,0,0,0,0,0,0,0,0,0,0,0,0,0,0,0,0,0,0,0,0,0,0,0,0,0,0,0,0,0,0,0,0,0,0,0,0,0,0,0,0,0,0,0,0,0,0,0,0,0,0,0,0,0,0,0,0,0,0,0,0,0,0,0,0,0,0,0,0,0,0,0,0,0,0,0,0,0,0,0,0,0,0,0,0,0,0,0,0,0,0,0,0,0,0,0,0,0,0,0,0,0,0,0,0,0,0,0,0,0,0,0,0,0,0,0,0,0,0,0,0,0,0,0,0,0,0,0,0,0,0,0,0,0,0,0,0,0,0,0,0,0,0,0,0,0,0,0,0,0,0,0,0,0,0,0,0,0,0,0,0,0,0,0,0,0,0,0,0,0,0,0,0,0,0,0,0,0,0,0,0,0,0,0,0,0,0,0,0,0,0,0,0,0,0,0,0,0,0,0,0,0,0,0,0,0,0,0,0,0,0,0,0,0,0,0,0,0,0,0,0,0,0,0,0,0,0,0,0,0,0,0,0,0,0,0,0,0,0,0,0,0,0,0,0,0,0,0,0,0,0,0,0,0,0,0,0,0,0,0,0,0,0,0,0,0,0,0,0,0,0,0,0,0,0,0,0,0,0,0,0,0,0,0,0,0,0,0,0,0,0,0,0,0,0,0,0,0,0,0,0,0,0,0,0,0,0,0,0,0,0,0,0,0,0,0,0,0,0,0,0,0,0,0,0,0,0,0,0,0,0,0,0,0,0,0,0,0,0,0,0,0,0,0,0,0,0,0,0,0,0,0,0,0,0,0,0,0,0,0,0,0,0,0,0,0,0,0,0,0,0,0,0,0,0,0,0,0,0,0,0,0,0,0,0,0,0,0,0,0,0,0,0,0,0,0,0,0,0,0,0,0,0,0,0,0,0,0,0,0,0,0,0,0,0,0,0,0,0,0,0,0,0,0,0,0,0,0,0,0,0,0,0,0,0,0,0,0,0,0,0,0,0,0,0,0,0,0,0,0,0,0,0,0,0,0,0,0,0,0,0,0,0,0,0,0,0,0,0,0,0,0,0,0,0,0,0,0,0,0,0,0,0,0,0,0,0,0,0,0,0,0,0,0,0,0,0,0,0,0,0,0,0,0,0,0,0,0,0,0,0,0,0,0,0,0,0,0,0,0,0,0,0,0,0,0,0,0,0,0,0,0,0,0,0,0,0,0,0,0,0,0,0,0,0,0,0,0,0,0,0,0,0,0,0,0,0,0,0,0,0,0,0,0,0,0,0,0,0,0,0,0,0,0,0,0,0,0,0,0,0,0,0,0,0,0,0,0,0,0,0,0,0,0,0,0,0,0,0,0,0,0,0,0,0,0,0,0,0,0,0,0,0,0,0,0,0,0,0,0,0,0,0,0,0,0,0,0,0,0,0,0,0,0,0,0,0,0,0,0,0,0,0,0,0,0,0,0,0,0,0,0,0,0,0,0,0,0,0,0,0,0,0,0,0,0,0,0,0,0,0,0,0,0,0,0,0,0,0,0,0,0,0,0,0,0,0,0,0,0,0,0,0,0,0,0,0,0,0,0,0,0,0,0,0,0,0,0,0,0,0,0,0,0,0,0,0,0,0,0,0,0,0,0,0,0,0,0,0,0,0,0,0,0,0,0,0,0,0,0,0,0,0,0,0,0,0,0,0,0,0,0,0,0,0,0,0,0,0,0,0,0,0,0,0,0,0,0,0,0,0,0,0,0,0,0,0,0,0,0,0,0,0,0,0,0,0,0,0,0,0,0,0,0,0,0,0,0,0,0,0,0,0,0,0,0,0,0,0,0,0,0,0,0,0,0,0,0,0,0,0,0,0,0,0,0,0,0,0,0,0,0,0,0,0,0,0,0,0,0,0,0,0,0,0,0,0,0,0,0,0,0,0,0,0,0,0,0,0,0,0,0,0,0,0,0,0,0,0,0,0,0,0,0,0,0,0,0,0,0,0,0,0,0,0,0,0,0,0,0,0,0,0,0,0,0,0,0,0,0,0,0,0,0,0,0,0,0,0,0,0,0,0,0,0,0,0,0,0,0,0,0,0,0,0,0,0,0,0,0,0,0,0,0,0,0,0,0,0,0,0,0,0,0,0,0,0,0,0,0,0,0,0,0,0,0,0,0,0,0,0,0,0,0,0,0,0,0,0,0,0,0,0,0,0,0,0,0,0,0,0,0,0,0,0,0,0,0,0,0,0,0,0,0,0,0,0,0,0,0,0,0,0,0,0,0,0,0,0,0,0,0,0,0,0,0,0,0,0,0,0,0,0,0,0,0,0,0,0,0,0,0,0,0,0,0,0,0,0,0,0,0,0,0,0,0,0,0,0,0,0,0,0,0,0,0,0,0,0,0,0,0,0,0,0,0,0,0,0,0,0,0,0,0,0,0,0,0,0,0,0,0,0,0,0,0,0,0,0,0,0,0,0,0,0,0,0,0,0,0,0,0,0,0,0,0,0,0,0,0,0,0,0,0,0,0,0,0,0,0,0,0,0,0,0,0,0,0,0,0,0,0,0,0,0,0,0,0,0,0,0,0,0,0,0,0,0,0,0,0,0,0,0,0,0,0,0,0,0,0,0,0,0,0,0,0,0,0,0,0,0,0,0,0,0,0,0,0,0,0,0,0,0,0,0,0,0,0,0,0,0,0,0,0,0,0,0,0,0,0,0,0,0,0,0,0,0,0,0,0,0,0,0,0,0,0,0,0,0,0,0,0,0,0,0,0,0,0,0,0,0,0,0,0,0,0,0,0,0,0,0,0,0,0,0,0,0,0,0,0,0,0,0,0,0,0,0,0,0,0,0,0,0,0,0,0,0,0,0,0,0,0,0,0,0,0,0,0,0,0,0,0,0,0,0,0,0,0,0,0,0,0,0,0,0,0,0,0,0,0,0,0,0,0,0,0,0,0,0,0,0,0,0,0,0,0,0,0,0,0,0,0,0,0,0,0,0,0,0,0,0,0,0,0,0,0,0,0,0,0,0,0,0,0,0,0,0,0,0,0,0,0,0,0,0,0,0,0,0,0,0,0,0,0,0,0,0,0,0,0,0,0,0,0,0,0,0,0,0,0,0,0,0,0,0,0,0,0,0,0,0,0,0,0,0,0,0,0,0,0,0,0,0,0,0,0,0,0,0,0,0,0,0,0,0,0,0,0,0,0,0,0,0,0,0,0,0,0,0,0,0,0,0,0,0,0,0,0,0,0,0,0,0,0,0,0,0,0,0,0,0,0,0,0,0,0,0,0,0,0,0,0,0,0,0,0,0,0,0,0,0,0,0,0,0,0,0,0,0,0,0,0,0,0,0,0,0,0,0,0,0,0,0,0,0,0,0,0,0,0,0,0,0,0,0,0,0,0,0,0,0,0,0,0,0,0,0,0,0,0,0,0,0,0,0,0,0,0,0,0,0,0,0,0,0,0,0,0,0,0,0,0,0,0,0,0,0,0,0,0,0,0,0,0,0,0,0,0,0,0,0,0,0,0,0,0,0,0,0,0,0,0,0,0,0,0,0,0,0,0,0,0,0,0,0,0,0,0,0,0,0,0,0,0,0,0,0,0,0,0,0,0,0,0,0,0,0,0,0,0,0,0,0,0,0,0,0,0,0,0,0,0,0,0,0,0,0,0,0,0,0,0,0,0,0,0,0,0,0,0,0,0,0,0,0,0,0,0,0,0,0,0,0,0,0,0,0,0,0,0,0,0,0,0,0,0,0,0,0,0,0,0,0,0,0,0,0,0,0,0,0,0,0,0,0,0,0,0,0,0,0,0,0,0,0,0,0,0,0,0,0,0,0,0,0,0,0,0,0,0,0,0,0,0,0,0,0,0,0,0,0,0,0,0,0,0,0,0,0,0,0,0,0,0,0,0,0,0,0,0,0,0,0,0,0,0,0,0,0,0,0,0,0,0,0,0,0,0,0,0,0,0,0,0,0,0,0,0,0,0,0,0,0,0,0,0,0,0,0,0,0,0,0,0,0,0,0,0,0,0,0,0,0,0,0,0,0,0,0,0,0,0,0,0,0,0,0,0,0,0,0,0,0,0,0,0,0,0,0,0,0,0,0,0,0,0,0,0,0,0,0,0,0,0,0,0,0,0,0,0,0,0,0,0,0,0,0,0,0,0,0,0,0,0,0,0,0,0,0,0,0,0,0,0,0,0,0,0,0,0,0,0,0,0,0,0,0,0,0,0,0,0,0,0,0,0,0,0,0,0,0,0,0,0,0,0,0,0,0,0,0,0,0,0,0,0,0,0,0,0,0,0,0,0,0,0,0,0,0,0,0,0,0,0,0,0,0,0,0,0,0,0,0,0,0,0,0,0,0,0,0,0,0,0,0,0,0,0,0,0,0,0,0,0,0,0,0,0,0,0,0,0,0,0,0,0,0,0,0,0,0,0,0,0,0,0,0,0,0,0,0,0,0,0,0,0,0,0,0,0,0,0,0,0,0,0,0,0,0,0,0,0,0,0,0,0,0,0,0,0,0,0,0,0,0,0,0,0,0,0,0,0,0,0,0,0,0,0,0,0,0,0,0,0,0,0,0,0,0,0,0,0,0,0,0,0,0,0,0,0,0,0,0,0,0,0,0,0,0,0,0,0,0,0,0,0,0,0,0,0,0,0,0,0,0,0,0,0,0,0,0,0,0,0,0,0,0,0,0,0,0,0,0,0,0,0,0,0,0,0,0,0,0,0,0,0,0,0,0,0,0,0,0,0,0,0,0,0,0,0,0,0,0,0,0,0,0,0,0,0,0,0,0,0,0,0,0,0,0,0,0,0,0,0,0,0,0,0,0,0,0,0,0,0,0,0,0,0,0,0,0,0,0,0,0,0,0,0,0,0,0,0,0,0,0,0,0,0,0,0,0,0,0,0,0,0,0,0,0,0,0,0,0,0,0,0,0,0,0,0,0,0,0,0,0,0,0,0,0,0,0,0,0,0,0,0,0,0,0,0,0,0,0,0,0,0,0,0,0,0,0,0,0,0,0,0,0,0,0,0,0,0,0,0,0,0,0,0,0,0,0,0,0,0,0,0,0,0,0,0,0,0,0,0,0,0,0,0,0,0,0,0,0,0,0,0,0,0,0,0,0,0,0,0,0,0,0,0,0,0,0,0,0,0,0,0,0,0,0,0,0,0,0,0,0,0,0,0,0,0,0,0,0,0,0,0,0,0,0,0,0,0,0,0,0,0,0,0,0,0,0,0,0,0,0,0,0,0,0,0,0,0,0,0,0,0,0,0,0,0,0,0,0,0,0,0,0,0,0,0,0,0,0,0,0,0,0,0,0,0,0,0,0,0,0,0,0,0,0,0,0,0,0,0,0,0,0,0,0,0,0,0,0,0,0,0,0,0,0,0,0,0,0,0,0,0,0,0,0,0,0,0,0,0,0,0,0,0,0,0,0,0,0,0,0,0,0,0,0,0,0,0,0,0,0,0,0,0,0,0,0,0,0,0,0,0,0,0,0,0,0,0,0,0,0,0,0,0,0,0,0,0,0,0,0,0,0,0,0,0,0,0,0,0,0,0,0,0,0,0,0,0,0,0,0,0,0,0,0,0,0,0,0,0,0,0,0,0,0,0,0,0,0,0,0,0,0,0,0,0,0,0,0,0,0,0,0,0,0,0,0,0,0,0,0,0,0,0,0,0,0,0,0,0,0,0,0,0,0,0,0,0,0,0,0,0,0,0,0,0,0,0,0,0.25261065,0.017685626,-0.69945395,0.12056913,0.91327965,-0.79633975,-1.1789004,-0.699823,0.8258979,1.4304653,-0.0016915369,0.85238,0.53274906,0.45874676,0.8055057,-0.20321403,0.10211469,1.0160708,-1.1552786,-0.7607227,-0.91048044,1.355448,-0.7707803,-1.0895808,-0.20284493,-0.56427515,0.9150328,-0.8641598,-0.1900191,0.3165553,-0.29991528,0.20149185,0.50054604,-0.0449672,0.17916198,0.03134191,-0.014886462,-0.39597067,-0.93207216,0.55258757,-0.23477112,-0.48104563,-0.29963848,0.03577098,0.72061527,-0.026051398,-0.50715864,0.41058066,0.30585173,-0.031680003,0.06234537,0.31932345,0.38806626,0.5100501,0.25307202,0.5476972,0.27549416,0.3377779,0.31295666,-0.35555544,0.14778943,0.6338794,0.15913892,0.56827384,-0.18881956,-0.69843894,-0.12755083,0.23037305,0.38243765,-0.08602833,-1.1232601,-0.85078037,0.07498667,0.006428417,0.742207,0.6369244,0.34257606,-0.24261425,-0.19740088,0.37404087,0.5471435,0.41464064,-0.2945635,0.5555403,0.04684364,0.44342956,0.2657133,-0.55633974,0.088458404,0.36675137,-0.15643202,0.28352183,0.432726,-0.16935013,-0.44469038,0.176117,-0.15661657,-0.05963848,0.120200045,0.1834065,0.14363718,0.028481474,-0.5103882,0.4712035,0.46234536,0.07166486,0.431711,-0.2750018,0.45339498,-0.30803525,0.49694744,-0.08270653,0.114294626,0.37348723,-0.31597066,-0.5368703,1.0919186,-0.09627055,-0.23541702,0.31673983,0.019438798,0.26682058,0.5990928,-0.028819565,-0.3012994,0.043706387,-0.41193375,-0.42162234,-0.53437895,0.41131884,0.3005922,-0.34346777,0.013717921,-0.27786225,0.21044226,0.23480211,-0.07034206,0.61533266,-0.2783236,-0.19241819,0.26026925,-0.023836866,0.12868908,-0.54545164,-0.1644597,0.19909278,0.109035105,0.58091515,1.063591,0.3629682,0.22502127,-0.30074576,0.1382854,-0.2945635,-0.5463744,-0.10448277,-0.7499268,-0.18863502,0.25297976,-0.32787377,-0.09064194,0.21274906,-0.49728554,-0.18143779,-0.26734322,0.76352185,-0.045151744,-0.2789695,-0.31421748,-0.3805612,-0.12035359,-0.08012291,-0.43214136,0.07738574,-0.058715757,0.54778945,0.18497513,-0.31790838,-0.496086,-0.39477113,0.03291054,-0.09968462,0.5073742,-0.032602724,0.07941573,-0.14969616,0.053856328,0.44693592,0.16467525,-0.13410215,0.07415622,0.05856221,0.6447675,-0.38499027,0.1094042,0.5000847,0.3374088,-0.20349084,0.2590697,-0.18762003,-0.27943087,-0.2753709,0.18322195,-0.1757169,0.36250684,0.25620928,0.20472138,-0.010641941,0.320523,0.2312035,-0.6809995,0.12407547,0.24938112,0.14345264,-0.3158784,-0.27223364,-0.03740088,0.20509046,-0.5754401,-0.39098796,0.060038567,0.63673985,0.06529808,-0.21687031,0.2278817,-0.44349083,0.03549416,0.24485978,-0.10365232,0.7975703,0.013348832,-0.10134552,0.017316537,-0.80722785,0.2815841,-0.028911836,-0.15827747,0.065943986,0.26423696,-0.08676651,0.06815852,-0.06508254,-0.24759696,0.460869,0.11318736,-0.039707683,-0.37668577,-0.030388191,0.555448,-0.19961542,0.54649764,0.48135343,0.46566716,-0.10798912,-0.45262578,-0.10651276,0.10146879,-0.22120711,-0.29170308,-0.48067653,-0.083167896,0.05680904,-0.091195576,-0.14443663,0.303914,-0.08981149,0.17731653,-0.4164551,-0.44921172,0.22022311,-0.34503642,-0.14591299,0.21025771,-0.20349084,0.097501084,0.3421147,-0.160492,0.065482624,0.13164179,0.29477906,0.007720228,-0.07993837,-0.6231448,0.26728195,0.30612853,-0.53696257,0.18626694,-0.109742284,0.21228771,0.501192,-0.07375613,0.6840755,-0.08630515,0.13911584,-0.3035139,-0.21723941,-0.4040906,-0.1216454,-0.32787377,0.06336036,0.033187356,0.6521493,-0.5778392,0.2365553,-0.4947942,0.583222,-0.1558784,-0.52672035,0.5200155,-0.41756237,0.27051145,-0.46203756,0.34626696,-0.023283232,-0.28146085,0.48661298,-0.043490846,-0.07975382,0.4135334,0.35918504,0.3836372,0.064098544,0.10617467,-0.5270895,-0.25830054,0.19632462,0.26128423,-0.065359354,0.21044226,0.36093822,0.07627848,-0.4064897,-0.018485079,-0.0416454,-0.4250364,0.081722535,0.12527502,0.25768563,0.20453684,-0.14028439,0.034294624,-0.42254505,0.019992432,-0.27214137,-0.36450583,-0.0024297144,-0.051887617,-0.035555437,0.15397167,-0.30748162,-0.13022672,-0.11454044,-0.008335136,-0.23080342,-0.24935013,0.47166488,0.56061524,0.04296821,-0.5349326,0.14963488,0.40541342,0.006612961,-0.37410215,-0.42512867,-0.3257515,-0.30674344,0.19383326,0.3261516,-0.13576305,-0.013871468,-0.15569384,-0.21234898,0.017962443,-0.22406754,-0.13050354,-0.20801218,-0.0811379,0.3038217,0.13570178,-0.7702267,0.25888517,-0.08012291,-0.020330522,0.10128424,-0.31117252,-0.44247586,0.4489659,-0.14868115,-0.085105605,0.5392081,-0.076524295,0.34783557,-0.10282187,-0.10392914,-0.055763047,0.20979635,-0.44081494,-0.09830053,-0.38065347,0.0018148068,0.5556326,0.16799705,0.33491746,-0.22471344,0.03881596,0.14806625,0.28951955,0.06262219,-0.14941934,-0.26088417,-0.18586685,-0.019500071,-0.08409061,-0.2573778,0.034848254,0.2372012,0.11983095,-0.09018058,0.18525195,0.02958874,0.13413315,0.15157259,-0.18697412,-0.110757284,0.17159566,-0.16851968,-0.5212763,-0.03979996,-0.06046893,0.76942724,0.339162,0.14668216,-0.46646664,-0.18051507,-0.21853122,-0.09728554,0.20176867,-0.40206063,0.105251946,-0.102175966,-0.73174924,-0.34780458,-0.42309868,-0.37668577,0.20951954,0.257132,-0.38812754,-0.5138023,0.2657133,-0.11370999,0.46705127,-0.19583225,-0.16233744,0.1711343,0.38465217,-0.18125324,-0.22821979,0.49759334,0.3228298,0.09381019,-0.18817367,-0.3192002,0.42488286,0.33722427,-0.29677805,-0.063975275,-0.21650122,0.43983096,-0.3294424,0.067789435,0.24495207,-0.54305255,-0.12939626,0.34765103,0.049058177,-0.06277574,-0.015901456,0.071572594,0.24532115,0.11208009,0.15830846,-0.37640896,-0.040630408,-0.24242972,0.03549416,0.101745605,-0.0051056086,-0.35426363,0.3712727,0.10728194,-0.29207215,-0.18715866,-0.10918865,-0.1558784,-0.05041126,0.30511352,-0.26457503,-0.2507342,0.08928885,0.43217236,-0.09913098,0.017131992,0.04509047,0.29542497,0.10451377,0.099346526,-0.076524295,-0.1773778,-0.094978735,0.20831999,0.0894734,0.050626803,0.38668215,-0.477447,0.30003858,0.0030143454,0.142899,-0.05087262,-0.09054967,0.19752415,-0.22019212,0.3132335,-0.23108023,-0.5299499,0.13071908,-0.30545163,-0.43306407,-0.39467886,-0.30757388,-0.5754401,-0.31144932,0.5540639,-0.014148285,0.42488286,-0.48159927,0.34054607,0.02073061,0.046566825,-0.27490953,0.63517123,-0.52293724,-0.0011379037,0.52951956,-0.20192222,0.10119197,-0.4021529,-0.10042279,0.33593246,-0.42485186,0.16338344,0.12739727,-0.15763156,-0.008335136,0.33131886,-0.30332938,0.34017697,-0.3566627,-0.009903763,-0.10586686,-0.4194078,-0.043029483,0.3931412,-0.19454044,0.026820574,0.6712496,0.00043072377,0.16061527,0.14972715,-0.3676431,-0.10420595,0.3519878,0.2940409,0.032172363,0.20379867,0.05551723,-0.21880803,-0.32602832,0.4141793,-0.5061437,-0.11324863,0.70049995,0.2604538,0.067789435,0.19567871,-0.37013444,-0.30111483,-0.5235831,-0.34254506,-0.118784964,-0.05834667,-0.56362927,0.28776637,-0.020145977,0.542899,-0.052625794,-0.09239511,0.024421496,0.11761642,-0.06803525,-0.026512759,-0.18134552,0.047766365,0.69339496,-0.4107342,0.4897502,0.056163136,0.3403615,0.091318846,0.08882749,-0.12644355,0.12638228,-0.45576304,0.07996936,0.19853914,0.20629,0.040292315,0.34488285,0.25196475,0.58829695,-0.15956928,0.207305,-0.2371702,0.010488394,-0.21234898,-0.31855428,-0.27657044,0.018054714,-0.20635128,0.0333719,0.27780098,-0.14462118,-0.0043674307,0.15166487,0.66746646,0.38751262,0.21920812,0.31996936,-0.45871577,0.4546868,0.27014238,-0.01230284,0.036509156,-0.3625681,0.06031538,-0.47670883,-0.24482879,0.3546637,-0.39569384,0.42645147,0.28195322,-0.12588993,-0.12192222,-0.5923259,-0.3888657,0.5267514,-0.49119556,0.30003858,0.2451366,0.1495426,-0.23541702,-0.18531322,0.06631307,-0.08206063,0.42866603,0.57085747,0.10359105,-0.029280925,-0.003167892,-0.24510561,-0.37714714,0.14363718,0.0040293396,0.009750216,0.12195321,0.25833154,-0.17248738,-0.19860041,0.11346417,-0.4576085,-0.33497873,-0.026974121,-0.24492106,0.21274906,-0.62702024,0.1983546,0.5542485,0.17999244,0.30474445,0.067051254,-0.08519788,0.14566717,0.07969254,-0.748635,-0.1305958,0.3005922,0.072864406,0.045644104,0.30945033,-0.0449672,0.14640535,-0.23966154,-0.095071,0.2796464,-0.35878497,0.033002812,0.1777779,-0.14545164,0.039277323,-0.07772383,-0.14120711,0.18931192,0.03761642,-0.02319096,-0.27878496,0.05643995,0.07037305,0.21607086,0.40661296,0.08504433,-0.041829944,-0.4124874,0.39064988,-0.81756234,-0.25654736,-0.2129026,-0.21539396,0.22096129,0.27041918,0.43881595,0.52509046,-0.4433063,-0.257101,0.15507893,-0.28690493,0.51088053,-0.23458658,-0.18983456,0.3775472,0.12176867,-0.12210676,-0.23947701,0.2723569,0.19780096,-0.13244125,0.15729347,-0.8207919,-0.020791883,0.22262219,-0.5286581,-0.37281033,-0.026605032,-0.067666166,0.36029232,0.015932454,0.33233383,0.21607086,0.32439843,-0.1993386,0.6527952,-0.22379074,0.28324503,0.33787018,0.29745495,0.13579404,-0.27620134,-0.22923478,0.043521844,-0.37050354,-0.37567076,-0.3539868,-0.30969614,0.5260132,0.21459451,0.25242612,0.52905816,0.21579404,-0.22342165,0.22354491,0.4509959,-0.21179534,-0.6834909,-0.39587837,0.47987708,-0.076801114,-0.15080342,0.31231076,0.10589785,-0.57756233,-0.34549776,0.011780205,-0.13890031,-0.3002844,-0.45041126,0.14336036,-0.47458658,0.12306048,0.5723338,0.121307306,-0.49765462,0.3337179,0.2863823,-0.15144932,-0.39467886,-0.005843786,0.30963486,0.51872367,0.14474446,0.07351031,0.23969254,0.11023465,0.006428417,0.20426002,0.21791631,-0.4061206,-0.14415982,0.14372945,-0.5942636,-0.107527755,0.17750108,0.08993476,0.114940524,0.2660824,0.2016764,0.09768563,0.033187356,-0.21631669,-0.350665,-0.3786235,-0.368289,-0.26549777,0.19650915,0.052749064,-0.260146,0.39849302,0.32855067,-0.17497873,-0.062037557,0.55286443,-0.77548623,0.11614007,0.23692438,-0.54572845,-0.4967319,0.40356797,0.42949647,-0.023929138,-0.2830295,-0.3012994,0.303914,-0.061022565,0.3132335,0.25962335,0.1850674,0.19475599,0.34174562,-0.07403295,0.13625541,-0.009811491,0.52278364,-0.12736627,0.31249532,0.25519428,-0.36275268,0.4641908,0.002829801,0.3002231,0.103683315,0.35715505,-0.26485187,-0.16252199,-0.047458548,-0.4672048,0.17399473,0.299854,0.12924272,0.32301435,-0.12699719,0.23673983,-0.2857054,0.2216072,0.079323456,0.07941573,-0.495071,0.18617468,-0.24206063,0.26626694,0.51946187,0.031065095,0.039277323,-0.30831206,-0.19038819,0.17261066,0.024329225,0.11881596,-0.047550824,-0.44044587,0.29948494,0.02285287,0.13902357,0.30031538,-0.304898,-0.0065819635,0.06446763,0.22806625,-0.3955093,-0.13281034,0.56366026,0.3344561,-0.20450585,-0.35610908,-0.38102257,0.14013083,0.07766256,-0.21751621,-0.0041828863,0.14631307,0.2129336,-0.24132244,-0.03158773,-0.11620134,0.115678705,0.4187006,0.22031538,-0.035094075,-0.13114944,0.30474445,-0.1555093,-0.19306408,-0.72704333,0.4492427,-0.121737674,-0.2736177,-0.12865809,-0.7308265,0.06612853,0.20121504,0.32698205,-0.41304103,0.3122185,0.12278367,0.40126118,-0.37410215,-0.05216443,0.30077675,0.08827386,-0.18180688,-0.1933409,-0.048104454,-0.068496615,0.14474446,0.040384587,0.3942485,0.07240304,-0.29603988,0.35881597,0.110603735,-0.09839281,0.15775482,-0.46600527,-0.29290262,0.35909277,-0.23200296,0.5044215,-0.46480572,-0.21244125,0.14585172,0.3763477,-0.21087262,-0.3220606,0.51475596,0.03457144,-0.18632822,0.12998089,-0.06941933,0.08928885,0.32522887,0.50728196,0.36813545,0.021837875,-0.31873882,-0.115832254,-0.08270653,-0.4200537,0.08744341,-0.01396374,-0.13373306,0.01325656,0.33473292,0.00015390715,0.5514803,-0.2866281,-0.070434324,0.0927952,-0.5074355,0.18986556,-0.09405601,-0.14074574,0.37505588,-0.29797757,-0.080768816,-0.37650123,-0.19675498,-0.19121864,-0.0227296,0.24864295,0.414087,0.039554138,-0.4665589,0.19291054,0.18423696,-0.005843786,0.08790477,-0.10762002,-0.03564771,0.63406396,-0.21050353,-0.05751622,0.12038459,-0.10097643,0.2952404,-0.41580918,0.09916198,-0.4054747,-0.15144932,1.0320339,1.1653672,-1.6710802,0.46474445,-1.45544,1.2278355,0.35244918,-1.4578391,1.7229682,-0.7469741,-0.83287954,-1.6797538,-1.4147481,0.45154953,0.14271446,-0.58282185,0.17353338,1.4530721,-0.24187608,-1.1055439,1.7640294,0.34368333,-1.049627,-0.2802613,0.7344561,1.2349405,0.9766706,-1.7436985,-0.33313328,-1.3385313,-1.3758092,-1.8095808,0.9618148,0.14446764,-1.6378622,0.5951251,0.2527952,1.2065207,1.0694042,0.04675137,-0.1353017,-1.3510802,-0.1687965,1.4938563,-0.30212983,-0.5226604,-0.91324866,-0.7054516,1.4742024,-0.5053132,0.6149636,-0.12053814,-1.038462,-1.7240444,-0.3092348,1.215102,1.191388,-0.02060734,1.1606615,-0.29622442,-1.105267,-1.2741252,0.29182634,-1.39371,-0.50817364,-1.5178161,-1.4323721,0.6729105,1.2817225,0.14151493,-0.9465589,-1.5782543,-0.92072266,-0.28450584,0.2039832,-1.0749096,0.19152646,-0.26577458,-0.40732014,0.4632681,0.5427145,-0.1355785,0.63434076,0.35208008,-1.5750248,-1.0642983,-1.5660745,1.4300963,1.0784469,-1.0600537,0.256117,0.6672819,-0.9128795,-0.32307562,1.1248598,1.3878356,-0.18392913,1.212057,-0.8330641,1.5495888,-1.124552,-0.056778044,-1.2810457,1.3677202,1.1387006,-0.8268818,1.2222992,-0.73553234,0.69976175,1.1972935,0.999185,-0.450319,1.4480894,0.9514803,1.5131413,-0.30609754,0.8115034,-0.6431679,-1.395094,-1.5015762,0.59494054,-0.4632371,0.05846994,-0.24178381,-0.33996144,-1.4708495,0.8560709,-1.179823,
0,0,1,0,0,0,0,0,0,0,0,0,0,0,0,0,0,1,0,0,0,0,0,0,0,0,0,0,0,0,0,0,0,0,0,0,0,0,0,0,0,0,0,0,0,0,0,0,0,0,0,0,0,0,0,0,0,0,0,0,0,0,0,0,1,0,0,0,0,0,0,0,0,0,0,0,0,0,0,0,0,0,0,0,0,0,0,0,0,0,0,0,0,0,0,0,0,0,0,0,0,0,0,0,0,0,0,0,0,0,0,0,0,0,0,0,0,0,0,0,0,0,0,0,0,0,0,0,0,0,0,0,0,0,0,0,0,0,0,0,0,0,0,0,0,0,0,0,0,1,0,0,0,0,0,0,0,0,0,0,0,0,0,0,0,0,0,0,0,0,0,0,0,0,0,0,0,0,0,0,0,0,0,0,0,0,0,0,0,0,0,0,0,0,0,0,0,0,0,0,0,0,0,0,0,0,0,0,0,0,0,0,0,0,0,0,0,0,0,0,0,0,0,0,0,0,0,0,0,0,0,0,0,0,0,0,0,0,0,0,0,0,0,0,0,0,0,0,0,0,0,0,0,0,0,0,0,0,0,0,0,0,0,0,0,0,0,0,0,0,0,0,0,0,0,0,0,0,0,0,0,0,0,0,0,0,0,0,0,0,0,0,0,0,0,0,0,0,0,0,0,0,0,0,0,0,0,0,0,0,0,0,0,0,0,0,0,0,0,0,0,0,0,0,0,0,0,0,0,0,0,0,0,0,0,0,0,0,0,0,0,0,0,0,0,1,0,0,0,0,0,0,0,0,0,0,0,0,0,0,0,0,0,0,0,0,0,0,0,0,0,0,0,0,0,0,0,0,0,0,0,0,0,0,0,0,0,0,0,0,0,0,0,0,0,0,0,0,0,0,0,0,0,0,0,0,0,0,0,0,0,0,0,0,0,0,0,0,0,0,0,0,0,0,0,0,0,0,0,0,0,0,0,0,0,0,0,0,0,0,0,0,0,0,0,0,0,0,0,0,0,0,0,0,0,0,0,0,0,0,0,0,0,0,0,0,0,0,0,0,0,0,0,0,0,0,0,0,0,0,0,0,0,0,0,0,0,0,0,0,0,0,0,0,0,0,0,0,0,0,0,0,0,0,0,0,0,0,0,0,0,0,0,0,0,0,0,0,0,0,0,0,0,0,0,0,0,0,0,0,0,0,0,0,0,0,0,0,0,0,0,0,0,0,0,0,0,0,0,0,0,0,0,0,0,0,0,0,0,0,0,0,0,0,0,0,0,0,0,0,0,0,0,0,0,0,0,0,0,0,0,0,0,0,0,0,0,0,0,0,0,0,0,0,0,0,0,0,0,0,0,0,0,0,0,0,0,0,0,0,0,0,0,0,0,0,0,0,0,0,0,0,0,0,0,0,0,0,0,0,0,0,0,0,0,0,0,0,0,0,0,0,0,0,0,0,0,0,0,0,0,0,0,0,0,0,0,0,0,0,0,0,0,0,0,0,0,0,0,0,0,0,0,0,0,0,0,0,0,0,0,0,0,0,0,0,0,0,0,0,0,0,0,0,0,0,0,0,0,0,0,0,0,0,0,0,0,0,0,0,0,0,0,0,0,0,0,0,0,0,0,0,0,0,0,0,0,0,0,1,0,0,0,0,0,0,0,0,0,0,0,0,0,0,0,0,0,0,0,0,0,0,0,0,0,0,0,0,0,0,0,0,0,0,0,0,0,0,0,0,0,0,0,0,0,0,0,0,0,0,0,0,0,0,0,0,0,0,0,0,0,0,0,0,0,0,0,0,0,0,0,0,0,0,0,0,0,0,0,0,0,0,0,0,0,0,0,0,0,0,0,0,0,0,0,0,0,0,0,0,0,0,0,0,0,0,0,0,0,0,0,0,0,0,0,0,0,0,0,0,0,0,0,0,0,0,0,0,0,0,0,0,0,0,0,0,0,0,0,0,0,0,0,0,0,0,0,0,0,0,0,0,0,0,0,0,0,0,0,0,0,0,0,0,0,0,0,0,0,0,0,0,0,0,0,0,0,0,0,0,0,0,0,0,0,0,0,0,0,0,0,0,0,0,0,0,0,0,0,0,0,0,0,0,0,0,0,0,0,0,0,0,0,0,0,0,0,0,0,0,0,0,0,0,0,0,0,0,0,0,0,0,0,0,0,0,0,0,0,0,0,0,0,0,0,0,0,0,0,0,0,0,0,0,0,0,0,0,0,0,0,0,0,0,0,0,0,0,0,0,0,0,0,0,0,0,0,0,0,0,0,0,0,0,0,0,0,0,0,0,0,0,0,0,0,0,0,0,0,0,0,0,0,0,0,0,0,0,0,0,0,0,0,0,0,0,0,0,0,0,0,0,0,0,0,0,0,0,0,0,0,0,0,0,0,0,0,0,0,0,0,0,0,0,0,0,0,0,0,0,0,0,0,0,0,0,0,0,0,0,0,0,0,0,0,0,0,0,0,0,0,0,0,0,0,0,0,0,0,0,0,0,0,0,0,0,0,0,0,0,0,0,0,0,0,0,0,0,0,0,0,0,0,0,0,0,0,0,0,0,0,0,0,0,0,0,0,0,0,0,0,0,0,0,0,0,0,0,0,0,0,0,0,0,0,0,0,0,0,0,0,0,0,0,0,0,0,0,0,0,0,0,0,0,0,0,0,0,0,0,0,0,0,0,0,0,0,0,0,0,0,0,0,0,0,0,0,0,0,0,0,0,0,0,0,0,0,0,0,0,0,0,0,0,0,0,0,0,0,0,0,0,0,0,0,0,0,0,0,0,0,0,0,0,0,0,0,0,0,0,0,0,0,0,0,0,0,0,0,0,0,0,0,0,0,0,0,0,0,0,0,0,0,0,0,0,0,0,0,0,0,0,0,0,0,0,0,0,0,0,0,0,0,0,0,0,0,0,0,0,0,0,0,0,0,0,0,0,0,0,0,0,0,0,0,0,0,0,0,0,0,0,0,0,0,0,0,0,0,0,0,0,0,0,0,0,0,0,0,0,0,0,0,0,0,0,0,0,0,0,0,0,0,0,0,0,0,0,0,0,0,0,0,0,0,0,0,0,0,0,0,0,0,0,0,0,0,0,0,0,0,0,0,0,0,0,0,0,0,0,0,0,0,0,0,0,0,0,0,0,0,0,0,0,0,0,0,0,0,0,0,0,0,0,0,0,0,0,0,0,0,0,0,0,0,0,0,0,0,0,0,0,0,0,0,0,0,0,0,0,0,0,0,0,0,0,0,0,0,0,0,0,0,0,0,0,0,0,0,0,0,0,0,0,0,0,0,0,0,0,0,0,0,0,0,0,0,0,0,0,0,0,0,0,0,0,0,0,0,0,0,0,0,0,0,0,0,0,0,0,0,0,0,0,0,0,0,0,0,0,0,0,0,0,0,0,0,0,0,0,0,0,0,0,0,0,0,0,0,0,0,0,0,0,0,0,0,0,0,0,0,0,0,0,0,0,0,0,0,0,0,0,0,0,0,0,0,0,0,0,0,0,0,0,0,0,0,0,0,0,0,0,0,0,0,0,0,0,0,0,0,0,0,0,0,0,0,0,0,0,0,0,0,0,0,0,0,0,0,0,0,0,0,0,0,0,0,0,0,0,0,0,0,0,0,0,0,0,0,0,0,0,0,0,0,0,0,0,0,0,0,0,0,0,0,0,0,0,0,0,0,0,0,0,0,0,0,0,0,0,0,0,0,0,0,0,0,0,0,0,0,0,0,0,0,0,0,0,0,0,0,0,0,0,0,0,0,0,0,0,0,0,0,0,0,0,0,0,0,0,0,0,0,0,0,0,0,0,0,0,0,0,0,0,0,0,0,0,0,0,0,0,0,0,0,0,0,0,0,0,0,0,0,0,0,0,0,0,0,0,0,0,0,0,0,0,0,0,0,0,0,0,0,0,0,0,0,0,0,0,0,0,0,0,0,0,0,0,0,0,0,0,0,0,0,0,0,0,0,0,0,0,0,0,0,0,0,0,0,0,0,0,0,0,0,0,0,0,0,0,0,0,0,0,0,0,0,0,0,0,0,0,0,0,0,0,0,0,0,0,0,0,0,0,0,0,0,0,0,0,0,0,0,0,0,0,0,0,0,0,0,0,0,0,0,0,0,0,0,0,0,0,0,0,0,0,0,0,0,0,0,0,0,0,0,0,0,0,0,0,0,0,0,0,0,0,0,0,0,0,0,0,0,0,0,0,0,0,0,0,0,0,0,0,0,0,0,0,0,0,0,0,0,0,0,0,0,0,0,0,0,0,0,0,0,0,0,0,0,0,0,0,0,0,0,0,0,0,0,0,0,0,0,0,0,0,0,0,0,0,0,0,0,0,0,0,0,0,0,0,0,0,0,0,0,0,0,0,0,0,0,0,0,0,0,0,0,0,0,0,0,0,0,0,0,0,0,0,0,0,0,0,0,0,0,0,0,0,0,0,0,0,0,0,0,0,0,0,0,0,0,0,0,0,0,0,0,0,0,0,0,0,0,0,0,0,0,0,0,0,0,0,0,0,0,0,0,0,0,0,0,0,0,0,0,0,0,0,0,0,0,0,0,0,0,0,0,0,0,0,0,0,0,0,0,0,0,0,0,0,0,0,0,0,0,0,0,0,0,0,0,0,0,0,0,0,0,0,0,0,0,0,0,0,0,0,0,0,0,0,0,0,0,0,0,0,0,0,0,0,0,0,0,0,0,0,0,0,0,0,0,0,0,0,0,0,0,0,0,0,0,0,0,0,0,0,0,0,0,0,0,0,0,0,0,0,0,0,0,0,0,0,0,0,0,0,0,0,0,0,0,0,0,0,0,0,0,0,0,0,0,0,0,0,0,0,0,0,0,0,0,0,0,0,0,0,0,0,0,0,0,0,0,0,0,0,0,0,0,0,0,0,0,0,0,0,0,0,0,0,0,0,0,0,0,0,0,0,0,0,0,0,0,0,0,0,0,0,0,0,0,0,0,0,0,0,0,0,0,0,0,0,0,0,0,0,0,0,0,0,0,0,0,0,0,0,0,0,0,0,0,0,0,0,0,0,0,0,0,0,0,0,0,0,0,0,0,0,0,0,0,0,0,0,0,0,0,0,0,0,0,0,0,0,0,0,0,0,0,0,0,0,0,0,0,0,0,0,0,0,0,0,0,0,0,0,0,0,0,0,0,0,0,0,0,0,0,0,0,0,0,0,0,0,0,0,0,0,0,0,0,0,0,0,0,0,0,0,0,0,0,0,0,0,0,0,0,0,0,0,0,0,0,0,0,0,0,0,0,0,0,0,0,0,0,0,0,0,0,0,0,0,0,0,0,0,0,0,0,0,0,0,0,0,0,0,0,0,0,0,0,0,0,0,0,0,0,0,0,0,0,0,0,0,0,0,0,0,0,0,0,0,0,0,0,0,0,0,0,0,0,0,0,0,0,0,0,0,0,0,0,0,0,0,0,0,0,0,0,0,0,0,0,0,0,0,0,0,0,0,0,0,0,0,0,0,0,0,0,0,0,0,0,0,0,0,0,0,0,0,0,0,0,0,0,0,0,0,0,0,0,0,0,0,0,0,0,0,0,0,0,0,0,0,0,0,0,0,0,0,0,0,0,0,0,0,0,0,0,0,0,0,0,0,0,0,0,0,0,0,0,0,0,0,0,0,0,0,0,0,0,0,0,0,0,0,0,0,0,0,0,0,0,0,0,0,0,0,0,0,0,0,0,0,0,0,0,0,0,0,0,0,0,0,0,0,0,0,0,0,0,0,0,0,0,0,0,0,0,0,0,0,0,0,0,0,0,0,0,0,0,0,0,0,0,0,0,0,0,0,0,0,0,0,0,0,0,0,0,0,0,0,0,0,0,0,0,0,0,0,0,0,0,0,0,0,0,0,0,0,0,0,0,0,0,0,0,0,0,0,0,0,0,0,0,0,0,0,0,0,0,0,0,0,0,0,0,0,0,0,0,0,0,0,0,0,0,0,0,0,0,0,0,0,0,0,0,0,0,0,0,0,0,0,0,0,0,0,0,0,0,0,0,0,0,0,0,0,0,0,0,0,0,0,0,0,0,0,0,0,0,0,0,0,0,0,0,0,0,0,0,0,0,0,0,0,0,0,0,0,0,0,0,0,0,0,0,0,0,0,0,0,0,0,0,0,0,0,0,0,0,0,0,0,0,0,0,0,0,0,0,0,0,0,0,0,0,0,0,0,0,0,0,0,0,0,0,0,0,0,0,0,0,0,0,0,0,0,0,0,0,0,0,0,0,0,0,0,0,0,0,0,0,0,0,0,0,0,0,0,0,0,0,0,0,0,0,0,0,0,0,0,0,0,0,0,0,0,0,0,0,0,0,0,0,0,0,0,0,0,0,0,0,0,0,0,0,0,0,0,0,0,0,0,0,0,0,0,0,0,0,0,0,0,0,0,0,0,0,0,0,0,0,0,0,0,0,0,0,0,0,0,0,0,0,0,0,0,0,0,0,0,0,0,0,0,0,0,0,0,0,0,0,0,0,0,0,0,0,0,0,0,0,0,0,0,0,0,0,0,0,0,0,0,0,0,0,0,0,0,0,0,0,0,0,0,0,0,0,0,0,0,0,0,0,0,0,0,0,0,0,0,0,0,0,0,0,0,0,0,0,0,0,0,0,0,0,0,0,0,0,0,0,0,0,0,0,0,0,0,0,0,0,0,0,0,0,0,0,0,0,0,0,0,0,0,0,0,0,0,0,0,0,0,0,0,0,0,0,0,0,0,0,0,0,0,0,0,0,0,0,0,0,0,0,0,0,0,0,0,0,0,0,0,0,0,0,0,0,0,0,0,0,0,0,0,0,0,0,0,0,0,0,0,0,0,0,0,0,0,0,0,0,0,0,0,0,0,0,0,0,0,0,0,0,0,0,0,0,0,0,0,0,0,0,0,0,0,0,0,0,0,0,0,0,0,0,0,0,0,0,0,0,0,0,0,0,0,0,0,0,0,0,0,0,0,0,0,0,0,0,0,0,0,0,0,0,0,0,0,0,0,0,0,0,0,0,0,0,0,0,0,0,0,0,0,0,0,0,0,0,0,0,0,0,0,0,0,0,0,0,0,0,0,0,0,0,0,0,0,0,0,0,0,0,0,0,0,0,0,0,0,0,0,0,0,0,0,0,0,0,0,0,0,0,0,0,0,0,0,0,0,0,0,0,0,0,0,0,0,0,0,0,0,0,0,0,0,0,0,0,0,0,0,0,0,0,0,0,0,0,0,0,0,0,0,0,0,0,0,0,0,0,0,0,0,0,0,0,0,0,0,0,0,0,0,0,0,0,0,0,0,0,0,0,0,0,0,0,0,0,0,0,0,0,0,0,0,0,0,0,0,0,0,0,0,0,0,0,0,0,0,0,0,0,0,0,0,0,0,0,0,0,0,0,0,0,0,0,0,0,0,0,0,0,0,0,0,0,0,0,0,0,0,0,0,0,0,0,0,0,0,0,0,0,0,0,0,0,0,0,0,0,0,0,0,0,0,0,0,0,0,0,0,0,0,0,0,0,0,0,0,0,0,0,0,0,0,0,0,0,0,0,0,0,0,0,0,0,0,0,0,0,0,0,0,0,0,0,0,0,0,0,0,0,0,0,0,0,0,0,0,0,0,0,0,0,0,0,0,0,0,0,0,0,0,0,0,0,0,0,0,0,0,0,0,0,0,0,0,0,0,0,0,0,0,0,0,0,0,0,0,0,0,0,0,0,0,0,0,0,0,0,0,0,0,0,0,0,0,0,0,0,0,0,0,0,0,0,0,0,0,0,0,0,0,0,0,0,0,0,0,0,0,0,0,0,0,0,0,0,0,0,0,0,0,0,0,0,0,0,0,0,0,0,0,0,0,0,0,0,0,0,0,0,0,0,0,0,0,0,0,0,0,0,0,0,0,0,0,0,0,0,0,0,0,0,0,0,0,0,0,0,0,0,0,0,0,0,0,0,0,0,0,0,0,0,0,0,0,0,0,0,0,0,0,0,0,0,0,0,0,0,0,0,0,0,0,0,0,0,0,0,0,0,0,0,0,0,0,0,0,0,0,0,0,0,0,0,0,0,0,0,0,0,0,0,0,0,0,0,0,0,0,0,0,0,0,0,0,0,0,0,0,0,0,0,0,0,0,0,0,0,0,0,0,0,0,0,0,0,0,0,0,0,0,0,0,0,0,0,0,0,0,0,0,0,0,0,0,0,0,0,0,0,0,0,0,0,0,0,0,0,0,0,0,0,0,0,0,0,0,0,0,0,0,0,0,0,0,0,0,0,0,0,0,0,0,0,0,0,0,0,0,0,0,0,0,0,0,0,0,0,0,0,0,0,0,0,0,0,0,0,0,0,0,0,0,0,0,0,0,0,0,0,0,0,0,0,0,0,0,0,0,0,0,0,0,0,0,0,0,0,0,0,0,0,0,0,0,0,0,0,0,0,0,0,0,0,0,0,0,0,0,0,0,0,0,0,0,0,0,0,0,0,0,0,0,0,0,0,0,0,0,0,0,0,0,0,0,0,0,0,0,0,0,0,0,0,0,0,0,0,0,0,0,0,0,0,0,0,0,0,0,0,0,0,0,0,0,0,0,0,0,0,0,0,0,0,0,0,0,0,0,0,0,0,0,0,0,0,0,0,0,0,0,0,0,0,0,0,0,0,0,0,0,0,0,0,0,0,0,-0.14817879,-0.53013635,-0.7940918,0.7001711,-1.0597901,-0.69138867,-1.128926,1.2923764,-0.95947546,-0.20085368,0.25062698,-0.27818766,0.2179634,-0.07181309,-0.7529718,1.0492069,-0.92842567,0.2092488,0.7636263,0.73038167,-0.34151372,-0.188976,0.46881467,0.7492956,-1.2347922,-0.30065197,-0.059419002,-0.4139417,0.8380554,-0.9794222,0.41220206,0.33531997,0.7418075,-1.2115532,0.39173892,0.4752054,0.14488988,1.2610039,-0.6140547,0.39115793,0.4431873,0.2572759,0.46875012,-0.72405225,-0.90086174,-0.046895802,0.9090632,1.0609554,-0.6841588,-0.49327683,-0.07788104,0.64891636,-0.07310414,-0.3893472,-0.04179615,1.5381925,-0.23474379,1.1215702,0.66795933,-0.5244557,0.5160026,0.45622692,0.20376183,0.2631502,-1.3784863,-0.34596786,1.0734141,-0.8234632,-0.37663034,-0.47920436,-0.35610262,0.37953848,0.3757944,-0.17567818,0.91390467,0.67054147,-0.8135221,0.014751901,-0.42097795,-0.35074475,0.12171551,-0.26211408,0.5169709,0.80029213,-0.78369886,0.2620528,-0.24713787,0.712307,0.83966917,0.30510935,-0.0656806,-0.16225125,0.92707336,0.4151715,-0.07581536,-0.3773404,-0.28909704,-0.48533687,-0.18200433,-0.32021138,-0.30742997,-0.4360187,-0.12055028,0.2069249,0.5194239,-0.39089644,-0.15579599,-0.3671411,-0.78492534,-0.69313157,0.21325105,-0.864325,0.29516825,0.05012671,0.40232554,0.5659663,-0.071619436,0.8705253,-0.640263,0.55744535,0.5537013,-0.018040804,-0.5722246,-0.7965448,-0.19343014,-0.7682708,-0.32272893,0.2923925,0.9565739,-0.37043327,-0.010423601,-0.29006535,-0.014103098,-0.008422472,-0.38030982,-0.6567239,0.56125396,0.57771486,0.2561785,-0.7629129,0.023466498,-0.28987166,-0.26714918,-0.037600234,0.32118294,0.2934899,-0.67073184,-0.20240295,-0.13320258,0.90215605,0.120037146,0.72186077,-0.27573466,0.3011071,0.17355122,-0.5379472,-0.45389977,0.33835393,-0.36178324,-0.8137803,0.35791337,-0.40503347,0.7853805,0.21938355,-0.34532234,0.54376024,-0.2916146,-0.43279105,-0.33150807,-0.832436,0.6942322,-0.9699975,0.74393773,0.03456954,-0.59088033,-0.8555458,0.89298964,-0.043861832,-1.0893552,0.24714115,-0.43446943,-0.067939945,-0.5281998,-0.2916146,-0.15282658,-0.09608486,-0.06968286,-0.26114577,-0.23448557,0.057550255,0.24810944,0.1995659,-0.21725003,0.15889779,0.28780928,-0.47546032,-0.12119581,0.30336645,-0.67905915,0.4657807,-0.15269746,-0.12145402,-0.42807874,0.40897444,0.7422594,-0.10738156,0.42653275,-0.22932136,-0.82365686,0.15341082,-0.16638261,0.6020512,0.2998806,-0.06290484,0.07142906,-0.2288695,0.62535465,0.3515872,-0.4475736,0.36817724,-0.18536107,-0.23655125,0.39703223,-0.80177355,-0.029272951,-0.5340095,0.6376197,0.130301,-0.26579356,-0.7942209,0.08614704,0.08853549,0.19336887,0.70281774,-0.024818825,-0.28012425,1.0577278,0.082209334,-0.3603631,0.35436296,0.19769388,-0.5653175,-0.32279348,0.2922634,-0.082593374,0.06148796,0.74258214,-0.084336296,-0.19827157,0.29949328,-0.03785844,-0.8268845,0.10241429,-0.38941175,0.97348666,-0.12067939,0.45674336,-0.2326781,0.504835,0.358688,-0.63025737,-0.31659645,-0.30775273,0.002035045,0.11119344,-0.2009828,-0.27373353,0.048642002,0.044446085,-0.60295165,0.70197856,0.4780457,-0.37546837,-0.42904702,-0.840376,-0.49056563,-0.44725084,-0.12913577,-0.5453062,0.46629712,0.13766,0.17639154,0.5172291,0.32240945,-0.3608795,-0.011779205,-0.5409812,0.18891473,-0.09563299,-0.35926569,-0.25914466,0.30891797,0.18736547,-0.08440085,-0.3648172,0.2559203,-0.4041297,-0.20963283,0.6788688,-0.16819008,0.5334964,0.35604134,-0.4786234,-0.5738384,-0.29303476,0.31556687,0.25372553,0.21228276,0.08104739,-0.061742894,0.13107564,-0.074395195,-0.34532234,-0.37882513,-0.86142015,0.48721215,-0.39115465,-0.5101896,1.0752215,0.50096184,-0.020041933,-0.38637778,0.31569597,-0.29671425,-0.45402887,0.07097719,-0.8452174,-0.39270392,0.64865816,-0.06316305,-0.006679552,-1.0219624,0.46862102,0.16393289,0.11622854,0.56183493,-0.18032597,0.13404505,-0.22344708,0.767564,0.042444956,0.9379182,-0.24023075,-0.06438955,-0.21886384,0.012815325,-0.66756874,0.22267573,0.3484887,0.40109903,0.23907208,-0.24313562,-0.65478736,-0.08097956,-0.7359299,0.099896744,-0.12016297,-0.23797141,0.1026725,0.09524895,-0.49243763,0.2910369,0.19717747,0.3098217,-0.3380279,0.34054872,0.28212863,0.16599858,0.6789979,-0.78202045,0.7603341,-0.13242796,-0.011133679,-0.37766317,-0.37236986,0.17451951,0.46616802,-0.29439035,0.025790391,-0.14527392,0.19814575,0.66324705,-0.41691113,-0.49366415,0.026242258,0.39374003,-0.55466634,-0.09563299,-0.44060192,0.037732616,-0.15398851,-0.07478251,0.20195435,0.07723879,0.08737354,-0.5952053,0.3564932,-0.5890083,0.22299848,0.6543388,-0.58810455,-0.8148132,-0.31278783,-0.49650446,-0.5064455,0.8945389,-0.3857968,-0.29142094,0.69984835,-0.40425882,-0.73521984,0.3261535,-0.08536913,0.41930285,-0.20253205,0.13766,-0.005001185,0.30162352,-0.106736034,0.70862746,0.041024797,-0.41471633,-0.59882027,0.25559753,0.083500385,0.078658946,0.14934401,0.49108532,-0.8585798,-0.5056709,0.22977652,-0.37579113,0.9263633,0.28664732,0.15876868,0.6658291,-0.2402953,0.49373198,-0.54388607,0.33841848,-0.1472105,-0.062969394,-0.330798,0.4315033,-0.17813118,0.058841307,0.45990643,-0.2923892,0.02979265,-0.042248018,-0.24513675,-0.2816735,-0.5451771,-0.12758651,0.4634568,0.9805875,0.24346165,0.21776973,-0.30304042,0.73180187,-0.5285871,0.07723879,0.19343342,-0.19962719,0.56222224,-0.049413353,0.66750747,-0.5800355,-0.08982326,0.56925845,-0.08775758,-0.30297583,-0.30613893,0.4049722,0.22383767,-0.19956262,0.8182377,-0.0150713865,0.20395549,-0.7450964,0.22861457,0.14004844,-0.5181296,0.058518544,0.2592125,-0.33957717,-0.45215684,-0.22222058,-0.083368,0.29678208,-0.5967546,0.36023727,0.1969838,0.6763512,-0.3037505,-0.20924552,0.44254178,-0.8031937,-0.3187267,-0.08595011,-0.22454448,-0.17993864,-0.15063179,-0.2952941,-0.45912853,0.040960245,0.8464472,0.38050675,0.33428714,-0.9511482,0.11093523,-0.16012101,0.055549126,-0.0996998,0.6443977,-0.15147096,0.10506095,-0.33931893,-0.49159846,0.21738242,-0.21705638,-1.1015557,-0.16444603,0.21228276,-0.34926003,0.86749136,0.41375133,-0.49560073,-0.04153794,-0.2328072,0.3699847,0.072913766,0.06452193,0.5815235,0.16819336,0.089245565,0.15244253,0.01772132,-0.09401918,0.34029052,0.14534175,0.25153074,0.17213106,-0.76065356,-0.06839181,-0.37043327,0.17852177,-0.09782778,-0.143531,-0.6920342,-0.23164526,-0.93410635,0.19782299,0.07717424,-0.23874605,-0.31995317,0.19543454,0.19691925,0.15696122,-0.19678687,-0.0019672143,-0.15450494,-0.46480915,0.18129753,0.48146698,-0.086337425,-0.6075349,-0.371918,0.044252425,0.46261764,0.19717747,-0.594818,-0.3181457,-0.24474943,0.51445335,0.07794887,-0.08607921,0.27405956,-0.20692162,-0.32492372,0.22267573,-0.018944541,-0.54459614,-0.43414667,-0.26856932,-0.17987409,-0.1007972,-0.3846994,-0.60482365,-0.19149356,0.21499397,0.11822967,0.12552412,0.19601552,0.6713161,0.3348681,-0.12681189,0.23229407,0.34816593,-0.14140077,0.00945859,0.50928915,-0.42162347,0.012879876,0.33325428,-0.67641246,0.21267009,0.52613735,0.03101915,-0.2649544,0.14308241,-0.6812539,-0.33699507,0.28651822,0.021207158,-0.3962543,-0.06600337,-0.14688773,0.34610024,0.53381914,-0.27709028,0.4386041,0.075366765,-0.59882027,-0.18549018,-0.30555794,-0.610827,0.32111838,0.5291068,0.50238204,-0.31110948,-0.17909947,-0.47539577,-0.19936897,-0.61153716,-0.5456935,0.14456712,0.95502466,-0.1583781,-0.23687401,-0.6052755,-0.46764946,0.21705966,0.47552815,0.0347632,0.16348103,0.92849356,0.6800307,0.3473913,-0.063808575,0.79364324,0.007586566,0.9490212,-0.06716531,0.15095782,-0.19594769,0.42272416,0.15444367,0.56900024,0.48095056,-0.7686581,-0.25933832,0.353782,0.082661204,0.43085778,-0.007002315,0.15734853,0.6390398,0.17568146,0.8616171,-0.379277,-0.16935202,-0.36656013,0.5583491,-0.7396094,-0.10744611,-0.2654708,-0.009261655,0.13462603,0.52775115,0.59540224,0.53607845,0.5637715,0.5231034,-0.35371417,-0.6722811,-0.19568947,-0.3845703,0.058712203,0.5859776,0.6014057,0.37921572,0.2533382,0.727025,0.2714129,-0.07142578,0.84328413,-0.22222058,0.21776973,-0.29865083,-0.008551576,0.0887937,0.21589771,-0.35894293,-0.27128053,-0.9368175,0.3616574,-0.8707802,-0.03256513,0.1489567,-0.04031144,0.5884306,0.36475593,0.7809909,-0.12410068,-0.16392961,0.4603583,-0.5380763,-0.53504235,-0.039730467,0.18639718,-0.24371658,0.4317615,0.15108693,-0.4034842,0.30155897,-0.39567333,0.4226596,0.3715985,0.1629646,-0.26824656,0.049222972,-0.50057125,0.5085145,-0.36146048,0.89311874,-0.21195672,0.8082966,-0.114159584,0.07213914,0.73154366,-0.15282658,0.2129283,0.64549506,0.115518466,-0.21337688,-0.255917,-0.1648979,-0.2364867,-0.4474445,0.19853307,0.5900444,-0.61302185,-0.23028965,0.2733495,-0.51980793,0.049933054,0.19756478,-0.66091985,0.10777216,0.026371364,-0.042248018,0.004875358,0.21447755,-0.52413297,0.085178755,-0.22938591,-0.3244073,0.19201326,0.11758415,0.13817641,-0.42084885,0.12552412,0.5899798,0.39361092,-0.18064873,-0.48720887,-0.07872022,-0.29497132,0.23151943,0.5797805,0.0976374,0.8885355,-0.009713523,-0.45648187,0.10163966,0.79771,-0.56525296,0.34829503,-0.5941725,0.613477,-0.48269022,0.42304692,-0.31975952,0.55215204,0.017463109,-0.15147096,-0.2287404,0.4192383,-0.115321524,-0.408132,0.72734773,-0.403226,-0.9435955,0.32034376,0.115841225,0.3148568,-0.26185587,0.32021466,-0.3595239,0.27489877,0.061552513,-0.02623898,-0.16864195,0.66221416,0.8010022,0.32731545,-0.46351808,-0.07426609,-0.44195753,-0.24539496,0.59191644,-0.540142,-0.16315497,0.65001374,1.0134447,-0.8817542,0.03405312,-0.30994752,-0.4425385,-0.23713222,0.050449472,-0.6091487,0.028566152,0.13714357,0.21221821,0.235909,0.44751233,-0.5704817,-0.41019768,-0.38231096,-0.4188477,-0.10183004,-0.7228903,0.36966193,-0.024044193,0.030954596,0.009135827,-0.42188168,0.10060682,0.5997273,0.54414755,-0.39993382,0.041476667,0.083500385,-0.1632841,-0.3380279,-0.36772206,-0.33983538,-0.45364153,-0.8547712,-0.18787861,0.35048983,0.0962818,0.37443882,0.16380379,-0.44750905,-0.1586363,-0.21692728,-0.14830789,0.12681517,-0.4577729,-0.2504946,0.03456954,-0.34396672,-0.13042682,-0.44415233,0.2616655,-0.90150726,-0.093696415,-0.33931893,-0.19581859,-0.059031688,0.64297754,-0.37624303,-0.25546515,-0.6762188,0.34106514,-0.36300975,-0.96605986,0.6090874,0.07033166,0.41265395,-0.50263697,0.81875414,0.092989616,-0.30032918,-0.20072457,0.21680145,-0.28089887,-0.5493085,-0.056449585,0.053741653,-0.43963364,0.04380056,0.4516437,-0.043861832,-0.52697325,-0.585587,0.13481969,0.15844592,0.070848085,-0.57964814,-0.4619043,0.24333255,0.12481403,0.13785365,-0.5025724,-0.2438457,-0.4059372,0.53168887,-0.5080594,-0.45176953,0.035989698,-0.17929313,-0.35364962,-0.23674491,0.11325912,-0.37947065,0.09434522,0.007973881,0.1579295,0.13443236,-0.12984586,-0.26947308,0.47107401,-0.683255,-0.2901299,0.41220206,0.5209086,-0.5048963,-0.11267487,-0.47455657,1.0422997,-0.1672218,-0.48043087,-0.49992573,0.17264749,-0.6890002,0.31801987,-0.4263358,-0.4012894,0.09311872,-0.17006211,0.60198665,-0.16760911,-0.40096664,-0.46519646,-0.30071652,0.44738322,0.32331318,-0.3278286,0.3757944,0.45306385,-0.082270615,-0.6039845,0.45196646,-0.012876599,0.58158803,0.4779166,-0.010552706,0.4586799,0.20970066,0.19136773,-0.19775516,0.1802647,-0.18620025,0.07375295,-0.53265387,0.58236265,-0.141078,0.06897606,-0.11751632,0.0009376513,-0.36643103,0.06645851,-0.391542,-0.777179,0.092925064,-0.20969738,-0.2728298,-0.39922374,0.08866459,-0.4746857,0.3778601,-0.46422815,0.3109191,0.5642879,-0.003968344,0.6360058,-0.6562075,-0.024366956,-0.11770997,0.61367065,0.27638346,-0.33215362,0.08601794,0.51484066,-0.12790927,0.3388058,0.40748975,0.46571615,-0.5330412,-0.2966497,-0.0020317668,0.5934657,-0.08369077,0.35210362,0.5801679,0.31466314,-0.38515127,0.26663604,0.34564838,-0.50412166,0.93501335,-0.37036872,-0.98452187,0.10628744,0.75781655,-0.760589,-0.3193722,0.023595603,-1.4447817,-0.8030646,-1.4866117,-0.5433696,0.72457194,0.06368275,0.068395086,-0.4233664,0.44738322,-0.66769785,0.24397808,-0.8250125,0.22745262,0.04664087,0.10990239,-0.3451287,-0.42420557,0.26657146,0.036635224,-0.42123616,0.051030446,-0.02623898,-0.12687644,-0.12868391,0.6673138,0.40064716,-0.379277,0.13049465,0.02701689,0.40432665,0.05664652,-0.6161849,0.353782,-0.019590067,-0.5584749,-0.3599112,-0.21725003,-0.10421848,0.47959495,0.19375618,-0.04011778,0.7608505,-0.3230517,-0.5589913,0.09957398,-0.085562795,-0.3072363,-0.11493421,-0.66040343,-0.27057046,-0.19833614,-0.21176307,0.27341405,-0.4158783,-0.0008052681,0.23874933,-0.46125874,-0.251592,-0.057224214,-0.10073265,-0.20692162,-0.6934543,-0.07342691,0.27832004,-0.27889773,0.6292278,0.0637473,0.32060197,-0.37740496,-0.3920584,0.23629633,-0.039472256,-0.36927134,0.3808295,0.10790126,0.51658356,-0.17535542,0.1365626,-0.09627852,0.7345776,-0.44402322,0.008554854,-0.3204696,-0.07639633,-0.022301273,0.41329947,-0.40535623,-0.08685385,0.4393787,0.8811765,-0.07026383,-0.00738963,0.5678383,0.7396127,0.091246694,0.3491342,0.12474948,-0.14036793,0.27806184,0.28406522,-0.92803836,0.22286938,-0.37869602,0.58436376,-0.258951,0.9041572,0.5507319,-0.1271992,-0.17199868,0.1730348,-0.59488255,-0.4836585,-0.1486952,0.71831036,0.8715582,0.2971694,0.42175585,0.32008556,0.5245881,-0.24771886,
0,1,0,0,0,0,0,0,0,0,0,0,0,0,0,0,0,0,0,1,0,0,0,0,0,0,0,0,0,0,0,0,0,0,0,0,0,0,0,0,0,0,0,0,0,0,0,0,1,0,0,0,0,0,0,0,0,0,0,0,0,0,0,0,0,0,0,0,0,0,0,0,0,0,0,0,0,0,0,0,0,0,0,0,0,0,0,0,0,0,0,0,0,0,0,0,0,0,0,0,0,0,0,0,0,0,0,0,0,0,0,0,0,0,0,0,0,0,0,0,0,0,0,0,0,0,0,0,0,0,0,0,0,0,0,0,0,0,0,0,0,0,0,0,0,0,0,0,0,0,0,0,0,0,0,0,0,0,0,0,0,0,0,0,0,0,0,0,0,0,0,0,0,0,0,0,0,0,0,0,0,0,0,0,0,0,0,0,0,0,0,0,0,0,0,0,0,0,0,0,0,0,0,0,0,0,0,0,0,0,0,0,0,0,0,0,0,0,0,0,0,0,0,0,0,0,0,0,0,0,0,0,0,0,0,0,0,0,0,0,0,0,0,0,0,0,0,0,0,0,0,0,0,0,0,0,0,0,1,0,0,0,0,0,0,0,0,0,0,0,0,0,0,0,0,0,0,0,0,0,0,0,0,0,0,0,0,0,0,0,0,0,0,0,0,0,0,0,0,0,0,0,0,0,0,0,0,0,0,0,0,0,0,0,0,0,0,0,0,0,0,0,0,0,0,0,0,0,0,0,0,0,0,0,0,0,0,0,0,0,0,0,0,0,0,0,0,0,0,0,0,0,0,0,0,0,0,0,0,0,0,0,0,0,0,0,0,0,0,0,0,0,0,0,0,0,0,0,0,0,0,0,0,0,0,0,0,0,0,0,0,0,0,0,0,0,0,0,0,0,0,0,0,0,0,0,0,0,0,0,0,0,0,0,0,0,0,0,0,0,0,0,0,0,0,0,0,0,0,0,0,0,0,0,0,0,0,0,0,0,0,0,0,0,0,0,0,0,0,0,0,0,0,0,0,0,0,0,0,0,0,0,0,0,0,0,0,0,0,0,0,0,0,0,0,0,0,0,0,0,0,0,0,0,0,0,0,0,0,0,0,0,0,0,0,0,0,0,0,0,0,0,0,0,0,0,0,0,0,0,0,0,0,0,0,0,0,0,0,0,0,0,0,0,0,0,0,0,0,0,0,0,0,0,0,0,0,0,0,0,0,0,0,0,0,0,0,0,0,0,0,0,0,0,0,0,0,0,0,0,0,0,0,0,0,0,0,0,0,0,0,0,0,0,0,0,0,0,0,0,0,0,0,0,0,0,0,0,0,0,0,0,0,0,0,0,0,0,0,0,0,0,0,0,0,0,0,0,0,0,0,0,0,0,0,0,0,0,0,0,0,0,0,0,0,0,0,0,0,0,0,0,0,0,0,0,0,0,0,0,0,0,0,0,0,0,0,0,0,0,0,0,0,0,0,0,0,0,0,0,0,0,0,0,0,0,0,0,0,0,0,0,0,0,0,0,0,0,0,0,0,0,0,0,0,0,0,0,0,0,0,0,0,0,0,0,0,0,0,0,0,0,0,0,0,0,0,0,0,0,0,0,0,0,0,0,0,0,0,0,0,0,0,0,0,0,0,0,0,0,0,0,0,0,0,0,0,0,0,0,0,0,0,0,0,0,0,0,0,0,0,0,0,0,0,0,0,0,0,0,0,0,0,0,0,0,0,0,0,0,0,0,0,0,0,0,0,0,0,0,0,0,0,0,0,0,0,0,0,0,0,0,0,0,0,0,0,0,0,0,0,0,0,0,0,0,0,0,0,0,0,0,0,0,0,0,0,0,0,0,0,0,0,0,0,0,0,0,0,0,0,0,0,0,0,0,0,0,0,0,0,0,0,0,0,0,0,0,0,0,0,0,0,0,0,0,0,0,0,0,0,0,0,0,0,0,0,0,0,0,0,0,0,0,0,0,0,0,0,0,0,0,0,0,0,0,0,0,0,0,0,0,0,0,0,0,0,0,0,0,0,0,0,0,0,0,0,0,0,0,0,0,0,0,0,0,0,0,0,0,0,0,0,0,0,0,0,0,0,0,0,0,0,0,0,0,0,0,0,0,0,0,0,0,0,0,0,0,0,0,0,0,0,0,0,0,0,0,0,0,0,0,0,0,0,0,0,0,0,0,0,0,0,0,0,0,0,0,0,0,0,0,0,0,0,0,0,0,0,0,0,0,0,0,0,0,0,0,0,0,0,0,0,0,0,0,0,0,0,0,0,0,0,0,0,0,0,0,0,0,0,0,0,0,0,0,0,0,0,0,0,0,0,0,0,0,0,0,0,0,0,0,0,0,0,0,0,0,0,0,0,0,0,0,0,0,0,0,0,0,0,0,0,0,0,0,0,0,0,0,0,0,0,0,0,0,0,0,0,0,0,0,0,0,0,0,0,0,0,0,0,0,0,0,0,0,0,0,0,0,0,0,0,0,0,0,0,0,0,0,0,0,0,0,0,0,0,0,0,0,0,0,0,0,0,0,0,0,0,0,0,0,0,0,0,0,0,0,0,0,0,0,0,0,0,0,0,0,0,0,0,0,0,0,0,0,0,0,0,0,0,0,0,0,0,0,0,0,0,0,0,0,0,0,0,0,0,0,0,0,0,0,0,0,0,0,0,0,0,0,0,0,0,0,0,0,0,0,0,0,0,0,0,0,0,0,0,0,0,0,0,0,0,0,0,0,0,0,0,0,0,0,0,0,0,0,0,0,0,0,0,0,0,0,0,0,0,0,0,0,0,0,0,0,0,0,0,0,0,0,0,0,0,0,0,0,0,0,0,0,0,0,0,0,0,0,0,0,0,0,0,0,0,0,0,0,0,0,0,0,0,0,0,0,0,0,0,0,0,0,0,0,0,0,0,0,0,0,0,0,0,0,0,0,0,0,0,0,0,0,0,0,0,0,0,0,0,0,0,0,0,0,0,0,0,0,0,0,0,0,0,0,0,0,0,0,0,0,0,0,0,0,0,0,0,0,0,0,0,0,0,0,0,0,0,0,0,0,0,0,0,0,0,0,0,0,0,0,0,0,0,0,0,0,0,0,0,0,0,0,0,0,0,0,0,0,0,0,0,0,0,0,0,0,0,0,0,0,0,0,0,0,0,0,0,0,0,0,0,0,0,0,0,0,0,0,0,0,0,0,0,0,0,0,0,0,0,0,0,0,0,0,0,0,0,0,0,0,0,0,0,0,0,0,0,0,0,0,0,0,0,0,0,0,0,0,0,0,0,0,0,0,0,0,0,0,0,0,0,0,0,0,0,0,0,0,0,0,0,0,0,0,0,0,0,0,0,0,0,0,0,0,0,0,0,0,0,0,0,0,0,0,0,0,0,0,0,0,0,0,0,0,0,0,0,0,0,0,0,0,0,0,0,0,0,0,0,0,0,0,0,1,0,0,0,0,0,0,0,0,0,0,0,0,0,0,0,0,0,0,0,0,0,0,0,0,0,0,0,0,0,0,0,0,0,0,0,0,0,0,0,0,0,0,0,0,0,0,0,0,0,0,0,0,0,0,0,0,0,0,0,0,0,0,0,0,0,0,0,0,0,0,0,0,0,0,0,0,0,0,0,0,0,0,0,0,0,0,0,0,0,0,0,0,0,0,0,0,0,0,0,0,0,0,0,0,0,0,0,0,0,0,0,0,0,0,0,0,0,0,0,0,0,0,0,0,0,0,0,1,0,0,0,0,0,0,0,0,0,0,0,0,0,0,0,0,0,0,0,0,0,0,0,0,0,0,0,0,0,0,0,0,0,0,0,0,0,0,0,0,0,0,0,0,0,0,0,0,0,0,0,0,0,0,0,0,0,0,0,0,0,0,0,0,0,0,0,0,0,0,0,0,0,0,0,0,0,0,0,0,0,0,0,0,0,0,0,0,0,0,0,0,0,0,0,0,0,0,0,0,0,0,0,0,0,0,0,0,0,0,0,0,0,0,0,0,0,0,0,0,0,0,0,0,0,0,0,0,0,0,0,0,0,0,0,0,0,0,0,0,0,0,0,0,0,0,0,0,0,0,0,0,0,0,0,0,0,0,0,0,0,0,0,0,0,0,0,0,0,0,0,0,0,0,0,0,0,0,0,0,0,0,0,0,0,0,0,0,0,0,0,0,0,0,0,0,0,0,0,0,0,0,0,0,0,0,0,0,0,0,0,0,0,0,0,0,0,0,0,0,0,0,0,0,0,0,0,0,0,0,0,0,0,0,0,0,0,0,0,0,0,0,0,0,0,0,0,0,0,0,0,0,0,0,0,0,0,0,0,0,0,0,0,0,0,0,0,0,0,0,0,0,0,0,0,0,0,0,0,0,0,0,0,0,0,0,0,0,0,0,0,0,0,0,0,0,0,0,0,0,0,0,0,0,0,0,0,0,0,0,0,0,0,0,0,0,0,0,0,0,0,0,0,0,0,0,0,0,0,0,0,0,0,0,0,0,0,0,0,0,0,0,0,0,0,0,0,0,0,0,0,0,0,0,0,0,0,0,0,0,0,0,0,0,0,0,0,0,0,0,0,0,0,0,0,0,0,0,0,0,0,0,0,0,0,0,0,0,0,0,0,0,0,0,0,0,0,0,0,0,0,0,0,0,0,0,0,0,0,0,0,0,0,0,0,0,0,0,0,0,0,0,0,0,0,0,0,0,0,0,0,0,0,0,0,0,0,0,0,0,0,0,0,0,0,0,0,0,0,0,0,0,0,0,0,0,0,0,0,0,0,0,0,0,0,0,0,0,0,0,0,0,0,0,0,0,0,0,0,0,0,0,0,0,0,0,0,0,0,0,0,0,0,0,0,0,0,0,0,0,0,0,0,0,0,0,0,0,0,0,0,0,0,0,0,0,0,0,0,0,0,0,0,0,0,0,0,0,0,0,0,0,0,0,0,0,0,0,0,0,0,0,0,0,0,0,0,0,0,0,0,0,0,0,0,0,0,0,0,0,0,0,0,0,0,0,0,0,0,0,0,0,0,0,0,0,0,0,0,0,0,0,0,0,0,0,0,0,0,0,0,0,0,0,0,0,0,0,0,0,0,0,0,0,0,0,0,0,0,0,0,0,0,0,0,0,0,0,0,0,0,0,0,0,0,0,0,0,0,0,0,0,0,0,0,0,0,0,0,0,0,0,0,0,0,0,0,0,0,0,0,0,0,0,0,0,0,0,0,0,0,0,0,0,0,0,0,0,0,0,0,0,0,0,0,0,0,0,0,0,0,0,0,0,0,0,0,0,0,0,0,0,0,0,0,0,0,0,0,0,0,0,0,0,0,0,0,0,0,0,0,0,0,0,0,0,0,0,0,0,0,0,0,0,0,0,0,0,0,0,0,0,0,0,0,0,0,0,0,0,0,0,0,0,0,0,0,0,0,0,0,0,0,0,0,0,0,0,0,0,0,0,0,0,0,0,0,0,0,0,0,0,0,0,0,0,0,0,0,0,0,0,0,0,0,0,0,0,0,0,0,0,0,0,0,0,0,0,0,0,0,0,0,0,0,0,0,0,0,0,0,0,0,0,0,0,0,0,0,0,0,0,0,0,0,0,0,0,0,0,0,0,0,0,0,0,0,0,0,0,0,0,0,0,0,0,0,0,0,0,0,0,0,0,0,0,0,0,0,0,0,0,0,0,0,0,0,0,0,0,0,0,0,0,0,0,0,0,0,0,0,0,0,0,0,0,0,0,0,0,0,0,0,0,0,0,0,0,0,0,0,0,0,0,0,0,0,0,0,0,0,0,0,0,0,0,0,0,0,0,0,0,0,0,0,0,0,0,0,0,0,0,0,0,0,0,0,0,0,0,0,0,0,0,0,0,0,0,0,0,0,0,0,0,0,0,0,0,0,0,0,0,0,0,0,0,0,0,0,0,0,0,0,0,0,0,0,0,0,0,0,0,0,0,0,0,0,0,0,0,0,0,0,0,0,0,0,0,0,0,0,0,0,0,0,0,0,0,0,0,0,0,0,0,0,0,0,0,0,0,0,0,0,0,0,0,0,0,0,0,0,0,0,0,0,0,0,0,0,0,0,0,0,0,0,0,0,0,0,0,0,0,0,0,0,0,0,0,0,0,0,0,0,0,0,0,0,0,0,0,0,0,0,0,0,0,0,0,0,0,0,0,0,0,0,0,0,0,0,0,0,0,0,0,0,0,0,0,0,0,0,0,0,0,0,0,0,0,0,0,0,0,0,0,0,0,0,0,0,0,0,0,0,0,0,0,0,0,0,0,0,0,0,0,0,0,0,0,0,0,0,0,0,0,0,0,0,0,0,0,0,0,0,0,0,0,0,0,0,0,0,0,0,0,0,0,0,0,0,0,0,0,0,0,0,0,0,0,0,0,0,0,0,0,0,0,0,0,0,0,0,0,0,0,0,0,0,0,0,0,0,0,0,0,0,0,0,0,0,0,0,0,0,0,0,0,0,0,0,0,0,0,0,0,0,0,0,0,0,0,0,0,0,0,0,0,0,0,0,0,0,0,0,0,0,0,0,0,0,0,0,0,0,0,0,0,0,0,0,0,0,0,0,0,0,0,0,0,0,0,0,0,0,0,0,0,0,0,0,0,0,0,0,0,0,0,0,0,0,0,0,0,0,0,0,0,0,0,0,0,0,0,0,0,0,0,0,0,0,0,0,0,0,0,0,0,0,0,0,0,0,0,0,0,0,0,0,0,0,0,0,0,0,0,0,0,0,0,0,0,0,0,0,0,0,0,0,0,0,0,0,0,0,0,0,0,0,0,0,0,0,0,0,0,0,0,0,0,0,0,0,0,0,0,0,0,0,0,0,0,0,0,0,0,0,0,0,0,0,0,0,0,0,0,0,0,0,0,0,0,0,0,0,0,0,0,0,0,0,0,0,0,0,0,0,0,0,0,0,0,0,0,0,0,0,0,0,0,0,0,0,0,0,0,0,0,0,0,0,0,0,0,0,0,0,0,0,0,0,0,0,0,0,0,0,0,0,0,0,0,0,0,0,0,0,0,0,0,0,0,0,0,0,0,0,0,0,0,0,0,0,0,0,0,0,0,0,0,0,0,0,0,0,0,0,0,0,0,0,0,0,0,0,0,0,0,0,0,0,0,0,0,0,0,0,0,0,0,0,0,0,0,0,0,0,0,0,0,0,0,0,0,0,0,0,0,0,0,0,0,0,0,0,0,0,0,0,0,0,0,0,0,0,0,0,0,0,0,0,0,0,0,0,0,0,0,0,0,0,0,0,0,0,0,0,0,0,0,0,0,0,0,0,0,0,0,0,0,0,0,0,0,0,0,0,0,0,0,0,0,0,0,0,0,0,0,0,0,0,0,0,0,0,0,0,0,0,0,0,0,0,0,0,0,0,0,0,0,0,0,0,0,0,0,0,0,0,0,0,0,0,0,0,0,0,0,0,0,0,0,0,0,0,0,0,0,0,0,0,0,0,0,0,0,0,0,0,0,0,0,0,0,0,0,0,0,0,0,0,0,0,0,0,0,0,0,0,0,0,0,0,0,0,0,0,0,0,0,0,0,0,0,0,0,0,0,0,0,0,0,0,0,0,0,0,0,0,0,0,0,0,0,0,0,0,0,0,0,0,0,0,0,0,0,0,0,0,0,0,0,0,0,0,0,0,0,0,0,0,0,0,0,0,0,0,0,0,0,0,0,0,0,0,0,0,0,0,0,0,0,0,0,0,0,0,0,0,0,0,0,0,0,0,0,0,0,0,0,0,0,0,0,0,0,0,0,0,0,0,0,0,0,0,0,0,0,0,0,0,0,0,0,0,0,0,0,0,0,0,0,0,0,0,0,0,0,0,0,0,0,0,0,0,0,0,0,0,0,0,0,0,0,0,0,0,0,0,0,0,0,0,0,0,0,0,0,0,0,0,0,0,0,0,0,0,0,0,0,0,0,0,0,0,0,0,0,0,0,0,0,0,0,0,0,0,0,0,0,0,0,0,0,0,0,0,0,0,0,0,0,0,0,0,0,0,0,0,0,0,0,0,0,0,0,0,0,0,0,0,0,0,0,0,0,0,0,0,0,0,0,0,0,0,0,0,0,0,0,0,0,0,0,0,0,0,0,0,0,0,0,0,0,0,0,0,0,0,0,0,0,0,0,0,0,0,0,0,0,0,0,0,0,0,0,0,0,0,0,0,0,0,0,0,0,0,0,0,0,0,0,0,0,0,0,0,0,0,0,0,0,0,0,0,0,0,0,0,0,0,0,0,0,0,0,0,0,0,0,0,0,0,0,0,0,0,0,0,0,0,0,0,0,0,0,0,0,0,0,0,0,0,0,0,0,0,0,0,0,0,0,0,0,0,0,0,0,0,0,0,0,0,0,0,0,0,0,0,0,0,0,0,0,0,0,0,0,0,0,0,0,0,0,0,0,0,0,0,0,0,0,0,0,0,0,0,0,0,0,0,0,0,0,0,0,0,0,0,0,0,0,0,0,0,0,0,0,0,0,0,0,0,0,0,0,0,0,0,0,0,0,0,0,0,0,0,0,0,0,0,0,0,0,0,0,0,0,0,0,0,0,0,0,0,0,0,0,0,0,0,0,0,0,0,0,0,0,0,0,0,0,0,0,0,0,0,0,0,0,0,0,0,0,0,0,0,0,0,0,0,0,0,0,0,0,0,0,0,0,0,0,0,0,-0.21963848,0.11613259,-0.62866867,0.75265616,-0.38370845,0.7866572,0.14038272,0.359821,-0.2284567,0.30818346,0.05991637,0.009381128,-1.1547948,-1.4208679,-0.4268669,1.3701018,0.36312783,0.49124652,0.68728256,-0.27661783,-0.05090504,0.3105576,-0.9445139,0.011331313,0.12223751,-0.013427564,0.14224811,0.40543836,1.0493387,-0.7905341,0.31988457,0.6515009,-1.0781441,-0.58254254,0.3922958,-0.4092304,0.2051628,-0.10737563,-0.752887,0.24543837,0.62368953,0.49065298,-0.7539893,-1.1222352,-0.55252665,0.13834774,0.43172348,-0.44441855,0.6395454,0.3469328,-0.28136608,0.3421845,-0.26610377,-0.71532476,0.30445266,0.56815165,0.5149879,-0.10466233,-0.4885097,0.9412306,0.2315327,-0.16393101,-0.026400536,-0.43254787,-0.33291882,0.32005414,-0.5899193,0.22559734,-0.13840902,-0.40728024,-0.26093155,-0.35318378,0.1786233,0.13970439,-0.05989285,0.95004886,-0.059723273,-0.34996176,0.09120413,0.9906636,0.7367155,-0.04810695,0.0006476881,0.28622267,0.5241453,-0.20056058,0.2124548,0.18795028,0.47598422,0.73646116,-0.24643233,-0.5655844,-0.5364164,-0.27534595,0.22661483,-0.2829771,-0.09915093,0.7864029,0.36431488,0.4549561,0.05262437,-0.40117532,-0.5671955,0.42375314,-0.28399462,0.5578072,-0.12119651,-0.09058708,-0.41703117,-0.072017916,-0.09202852,-0.56439734,-0.33469942,-0.034879602,-0.55159396,-0.5057222,-0.21438146,-0.34199142,0.034394376,0.14131542,0.44011775,-0.41330037,0.52083844,0.13622798,-0.55905557,-0.3367344,0.466742,-0.6865807,0.23263498,-0.6039098,0.0043784776,0.06585172,0.6300489,0.13164927,-0.15918273,0.24662542,0.19575103,-0.33062947,-0.25872698,0.17302713,-0.04174765,0.11011244,-0.20725904,-0.34360245,0.01217922,-0.6361303,-0.007407426,0.01853852,0.06254488,-0.5075028,0.085947104,-0.34156746,-0.25245246,0.2777436,0.09612199,0.08967789,0.7790261,-0.45459345,0.49811456,-0.21684039,0.13885649,-0.15850441,0.041516792,0.27536947,-0.091943726,0.43579343,-0.38726965,0.21482892,0.1141824,-0.3540317,0.054404974,-0.014869005,0.46809867,-0.45773068,-0.025976583,0.32853323,-0.50902903,0.34828946,0.19295293,0.18676321,0.47030324,0.18795028,0.42934933,0.31742564,-0.115600325,0.1659895,0.41349348,0.21033502,0.033037726,-0.19818644,-0.1867397,0.332264,0.0009868508,0.3024177,-0.16393101,0.32022375,0.7928469,-0.110936835,-0.67360777,-0.03801686,-0.38616735,0.54644525,-0.12416418,-0.45823944,-0.037677698,0.039566606,-0.09338517,-0.19114882,0.09273036,-0.5407408,0.00844843,0.74570334,-0.40914562,0.26884058,-0.35106403,0.08993227,0.084420875,-0.27280223,0.11358886,-0.0876194,0.3049614,0.31954542,-0.035388347,0.1733663,-0.1877572,-0.3260508,-0.061758246,-0.20369783,0.13436258,0.09442617,0.35829476,0.19303772,-0.035727512,0.028204657,-0.21641643,-0.21887536,-0.26457754,-0.20725904,-0.121281296,-0.12687749,0.20448446,0.5305046,-0.50461996,-0.055568527,-0.07481601,0.24340339,0.35651416,-0.050396297,0.4451204,-0.38777837,0.13834774,0.25256076,-0.06421718,-0.24923043,0.1441983,-0.30163106,-0.31477362,-0.51538837,0.20465405,-0.31468883,-0.062860526,0.25637636,0.0047176406,0.41832656,-0.21472062,0.28028733,-0.06345406,0.13393863,-0.3402956,-0.40261674,0.027611122,-0.27576992,0.16446327,-0.23930992,-0.104238376,0.4433398,-0.0267397,0.20753694,-0.07210271,0.120880865,-0.07006773,0.50727195,-0.28552082,0.46351996,-0.2849273,0.47344047,-0.28865808,-0.47613028,0.7444315,-0.1350174,-0.22684568,0.14250249,-0.040051837,-0.18165226,-0.14205502,0.034055214,-0.24168405,0.45012304,0.24679501,0.42273566,0.33616439,0.20592591,0.15581462,0.013366289,-0.16511808,0.27028203,-0.36598718,-0.36691988,-0.08694108,-0.12992994,-0.26101634,0.30216333,-0.1358653,0.21287875,0.050758976,-0.25177413,-0.5047047,-0.096692,0.22407112,-0.0048637055,0.17311192,0.23907906,0.46445268,-0.22082555,-0.17385152,0.31089675,0.0044632684,0.006667826,0.050250232,0.06949771,-0.45781547,-0.11178474,-0.32198083,-0.026315745,-0.25321558,-0.5015675,-0.28102693,-0.15206032,-0.037338533,-0.04081495,0.290547,-0.05327918,-0.32053939,-0.15324739,-0.13476302,0.027695913,-0.1167026,-0.09550493,-0.0631149,0.07000646,-0.014614633,-0.0821928,0.5433928,0.5814638,0.530335,-0.41609848,-0.17554733,0.20482363,-0.30366603,-0.23015252,0.15377964,0.46123064,0.4969275,-0.34529826,-0.16477892,-0.07507038,-0.15341696,-0.08990875,-0.4493364,-0.09058708,-0.0494636,0.020319125,-0.13874818,0.1860001,-0.017667098,-0.0167344,-0.28289232,-0.6290079,-0.17707357,-0.1968298,-0.4532368,-0.1530778,-0.32825533,-0.037932068,-0.08075136,-0.09991405,0.4330801,0.4814956,0.5677277,0.09807217,-0.70260614,-0.040984534,-0.60628396,0.26739913,0.07933343,0.048893582,0.20117763,0.27706528,0.2351787,-0.048785273,-0.071509175,0.3261591,0.061951343,-0.08329508,0.37516809,0.18396512,-0.014445052,0.1777754,0.15098155,-0.046835087,-0.1484991,-0.10542545,-0.30409,-0.3276618,-0.16265915,0.12842724,-0.25109583,0.061696973,-0.06226699,0.0073461514,0.08696459,-0.005796403,-0.23786847,0.28478125,0.16988987,-0.13696757,-0.036490627,0.063477576,0.054574557,0.33209443,-0.3532686,-0.16147208,-0.5731308,0.37347227,0.18896778,0.20558675,0.15827355,-0.55066127,-0.23888597,-0.3368192,0.07662013,-0.22599778,0.51897305,-0.29662842,0.22067949,0.59757406,-0.0639628,-0.20361304,-0.19716895,0.08645585,0.22254488,0.13241239,-0.17758231,-0.20607197,-0.027333234,0.08671022,-0.4185574,0.14987928,0.006074291,-0.6495272,0.010907359,-0.12162046,-0.016140865,-0.56643236,-0.11000414,0.32827884,0.4122216,0.21855971,-0.39388332,-0.42339048,-0.40244716,-0.2131096,0.37635517,-0.44831893,-0.16045459,-0.21243127,-0.055059783,0.07585701,-0.21641643,-0.22989815,-0.24193843,-0.43695697,-0.52200204,-0.57609844,0.04372135,-0.19513397,0.30843782,0.45181885,-0.00918803,0.15310133,0.038549118,0.29181886,0.09298473,-0.07922512,-0.081853636,0.04762172,-0.11136079,0.39729846,-0.55439204,-0.07778368,0.19812517,0.4524124,0.18905257,0.13436258,-0.25236768,0.20668903,-0.26517108,0.3895825,-0.10118591,0.22703879,-0.31528234,-0.10313609,0.22856502,0.21067418,-0.02792677,-0.05717955,0.048639208,-0.14536186,0.25925925,-0.0585362,-0.07829243,-0.4367874,0.0795878,0.23772241,-0.3931202,-0.08295591,-0.046326343,0.3414214,-0.28713185,0.0460107,0.16013895,-0.2284567,-0.71837723,-0.23184834,-0.06693048,0.021336613,0.1005311,-0.28484252,0.095782824,-0.16147208,-0.20717426,-0.18445036,-0.2059024,0.0577966,-0.20810695,-0.23803806,-0.34470472,0.2124548,0.23772241,0.22924334,0.13080136,0.31344047,0.13385384,0.01718187,-0.2230301,-0.21090505,0.08543836,-0.16596599,-0.035303555,-0.066082574,-0.34080434,-0.01792147,0.10129422,0.08018134,-0.12730144,0.036938097,0.6289466,0.37118292,-0.38972858,-0.13230409,0.18311721,-0.23659661,0.24348818,0.20533237,0.3276005,0.22059469,0.17752104,-0.025128676,0.47089675,0.09917445,-0.052685644,0.019301636,-0.38362363,0.0047176406,0.05126772,0.22924334,0.2395878,0.17633396,-0.24736503,-0.28611436,0.04372135,-0.3975293,0.17828415,0.13376905,0.081029244,-0.29510218,0.020064753,-0.14434436,0.21957721,-0.18300891,0.07831594,-0.028689886,0.0314267,-0.27890715,0.036853306,0.046773814,-0.026146164,0.42477062,-0.001387288,-0.1366284,-0.0521769,0.34981567,-0.3284249,-0.08109052,0.20541716,-0.06735443,-0.0721875,-0.58288175,0.24272506,0.20948711,0.11180826,0.048893582,-0.007661798,-0.041238904,-0.16469413,-0.00011542793,-0.8713396,-0.019362912,0.2088088,0.11604779,-0.14451395,0.32802448,0.27452156,-0.0967768,0.36906317,-0.278568,-0.122044414,-0.36708945,-0.21989286,-0.06430197,-0.023263281,-0.16164166,-0.01291882,0.013620661,0.15344048,0.027780704,-0.085330054,0.08289464,-0.049209226,0.045586746,-0.12976037,0.08077487,-0.30069837,-0.40592358,-0.37268564,-0.094148286,-0.07320499,-0.41635284,-0.4649379,-0.03810165,-0.11144558,-0.36089975,-0.51386213,-0.42525586,-0.5490503,0.17455336,-0.34351766,0.1777754,0.25934404,0.27206263,0.20753694,-0.015208168,0.41527408,0.319715,-0.6792039,0.05245479,0.45733026,-0.4131308,0.13868691,-0.21972327,-0.18478951,0.084929615,-0.03182714,-0.0749008,-0.07608787,0.39043042,0.043212608,-0.028435513,-0.16884887,-0.06913503,0.14173937,-0.042510763,0.0062438725,0.41120413,0.16972029,-0.40244716,0.24221632,0.29368424,0.0042088963,0.03380084,0.08289464,-0.23676619,0.059322834,0.34659365,0.3431172,-0.37149858,0.039397027,-0.17156217,-0.51174235,-0.06345406,-0.010714262,-0.10830833,0.62258726,0.28062648,-0.38294533,0.038888283,-0.2349008,0.29453215,0.086879805,-0.17139259,-0.0839734,0.16030852,0.12851202,0.25764823,0.072380595,-0.41101104,-0.10788437,0.08857562,0.27528468,0.26383793,-0.06472592,0.17692749,-0.030979233,0.05906846,-0.06269094,0.35583583,0.19447917,-0.4428923,-0.15850441,-0.12467293,0.2414532,0.12427249,0.039057862,0.17480773,-0.10618856,0.1859153,-0.14841431,0.17243358,-0.19589709,-0.011562169,-0.20708945,0.17022903,0.18379554,-0.23235708,0.23738325,-0.19835602,0.3387929,-0.42025322,0.30843782,-0.16817054,-0.067524016,-0.005542031,-0.088043354,0.055761624,-0.38328448,0.040414512,-0.2767026,0.37618557,0.2460319,0.11765882,-0.13603488,-0.01546254,-0.05921453,-0.045393646,0.13012305,0.4243467,0.33735144,-0.3593735,-0.48087853,0.16717657,0.28673142,0.1915115,0.23017605,-0.032420676,-0.44984517,-0.036575418,0.05771181,0.27553904,0.21033502,0.3340446,0.2142354,-0.17503859,-0.03564272,0.09739385,0.20261908,0.33480772,-0.018938957,0.028882982,-0.15367134,0.12579872,0.102396496,-0.16104813,0.3196302,0.16921155,0.44308543,-0.5339575,-0.16198082,0.031681076,-0.22972856,0.2505258,0.019047264,-0.2066655,0.47428837,0.14920095,0.0323594,0.1205417,0.50133663,-0.16393101,0.043212608,-0.24380383,-0.30341166,-0.011307796,-0.23676619,-0.36420658,0.14970969,-0.20013663,0.064240694,-0.34114352,0.2223753,0.045586746,0.06661483,0.49658835,0.4931119,-0.0567556,-0.35962787,-0.023178492,0.5443255,0.22101864,0.11994816,0.21940762,0.23950301,-0.07320499,0.19202024,0.44283104,-0.019871654,-0.08541484,-0.12272274,0.0850992,0.0750939,-0.174869,0.3343838,0.07136311,0.31539068,0.15318611,0.061018646,-0.029622583,0.28384852,0.092052035,0.019556008,-0.3286793,-0.009442402,-0.12238358,-0.27822885,-0.03437086,0.035751026,0.2730801,-0.024026398,0.4570759,-0.19640584,-0.37684038,0.07534827,0.47310132,0.5484802,-0.04666551,0.24747334,0.09196724,0.12622267,-0.36183244,0.33294234,-0.04556323,-0.24304071,0.12028733,0.17251839,-3.0637257e-05,0.26265088,0.0823011,-0.26720604,0.052030835,0.23534827,-0.18088914,-0.0040157987,-0.017497515,-0.16817054,-0.2949326,-0.10763,-0.004524543,0.42061588,0.11706528,-0.05294002,0.083488174,0.12062649,-0.1739363,-0.06862629,0.3276005,-0.41346997,0.1569169,-0.28017902,-0.19877997,0.062036134,0.2150833,-0.095674515,0.30012834,0.24331859,-0.38735443,-0.16520287,-0.019871654,-0.077614106,0.16683741,0.079757385,-0.029876955,-0.23515518,0.1405523,-0.50546783,0.07984218,0.32446328,-0.04327388,0.12935993,-0.07439206,0.37270916,0.17675792,0.072126225,-0.034031697,0.015316474,0.10926454,-0.11322618,-0.17597128,-0.4703645,0.13665193,-0.07193313,0.0072613605,0.130547,-0.21556853,0.24959311,0.28003296,0.07466994,-0.39998823,-0.44611436,-0.004778915,0.049147952,0.022099728,0.36024493,-0.26737562,-0.3731944,-0.23761411,-0.34555262,0.0905258,0.05398102,0.21465935,0.18566094,0.11409761,0.07424599,-0.19013132,0.083403386,-0.08337987,0.08552315,0.4549561,0.08671022,0.08730376,-0.42347527,0.18642405,-0.04081495,-0.013597145,-0.054805413,-0.34453514,-0.08575401,0.159715,0.62547016,0.05381144,-0.32325268,-0.22735444,-0.41923574,0.2997044,0.3114903,-0.16198082,-0.24041219,-0.6106083,-0.2548266,0.13173407,-0.08719545,0.005141594,0.31572983,-0.17664962,-0.27755052,-0.07566392,0.2423859,0.33819935,0.045925908,-0.0043549617,-0.1549432,0.17582522,0.053557068,0.14182416,0.35303771,-0.0694742,-0.15138198,0.05618558,0.12427249,-0.20954838,0.30479184,0.018708102,0.1469116,0.0057351287,0.32641345,-0.56702584,-0.18266974,0.010568197,-0.1685945,-0.18292412,-0.053957507,0.19117233,-0.21836662,0.103159614,-0.15426487,0.19354647,0.9239333,-0.06548904,-1.3318378,0.49836895,0.31157508,-0.20810695,-0.47299302,-0.66156745,0.5494977,-1.0298134,0.91112995,-0.45272803,-1.0277784,0.74731433,0.6873673,-0.88634753,1.1543944,1.3768003,-0.91644824,-1.0921345,1.1748289,0.7140764,-0.76908207,-0.17537776,0.69237,0.9684484,0.85092854,-0.87184834,-0.12585999,-0.611541,0.3589731,-0.8891456,-0.80715305,0.44834244,-0.2476194,0.6651522,0.08162278,0.39212623,0.77080137,-0.9691032,-0.94459873,0.22322321,-0.0010481253,0.34659365,-1.0422776,-0.27517638,-0.21624686,-0.44602957,0.14996406,-0.38175824,1.226636,-1.367365,-1.1961727,0.093239106,1.0619725,-0.08448215,-0.6022988,1.1710981,-0.75899196,-0.22057118,-0.09703117,-0.11992465,-0.21777308,-0.9199247,0.691946,0.15098155,-0.54803276,-0.48715305,1.0705364,-0.5655844,-0.3805712,-0.6857328,-0.2759395,0.87458515,1.0731649,-1.0953566,-0.02792677,0.08026613,-0.012494866,0.23823115,-0.3267291,-0.3766708,0.9000223,-1.2686687,-0.4142331,-0.65970206,-1.2513714,0.7077171,0.9484378,-0.9029665,-0.50343287,0.041601583,0.17709708,-0.41999885,-0.029537791,0.7886074,-0.5321769,0.22186655,-1.2170311,0.10629687,-1.1391933,-0.92000943,-0.035303555,0.47818875,-0.818939,-0.0785468,1.0458623,-0.11746572,-0.15350175,0.8267632,0.2877489,-0.21717955,-0.25457224,0.1114691,0.6540446,-0.0029983108,-0.7332156,0.27384323,-0.389559,-0.0885521,0.6206371,0.42799267,0.013196708,0.6342036,0.08026613,0.31835833,-0.47901314,-0.6247683,
0,0,1,0,0,0,0,1,0,0,0,0,0,0,0,0,0,0,0,0,0,0,0,0,0,0,0,0,0,0,0,0,0,0,0,0,0,0,0,0,0,0,0,0,0,0,0,0,0,0,0,0,0,0,0,0,0,0,0,0,0,0,0,0,0,0,0,0,0,0,0,0,0,0,0,0,0,0,0,0,0,0,0,0,0,0,0,0,0,0,0,0,0,0,0,0,0,0,0,0,0,0,0,0,0,0,0,0,0,0,0,0,0,0,0,0,1,0,0,0,0,0,0,0,0,0,0,0,0,0,0,0,0,0,0,0,0,0,0,0,0,0,0,0,0,0,0,0,0,0,0,0,0,0,0,0,0,0,0,0,0,0,0,0,0,0,0,0,0,0,0,0,0,0,0,0,0,0,0,0,0,0,0,0,0,0,0,0,0,0,0,0,0,0,0,0,0,0,0,0,0,0,0,0,0,0,0,0,0,0,0,0,0,0,0,0,0,0,0,0,0,0,0,0,0,0,0,0,0,0,0,0,0,0,0,0,0,0,0,0,0,0,0,0,0,0,0,0,0,0,0,0,0,0,0,0,0,0,0,0,0,0,0,0,0,0,0,0,0,0,0,0,0,0,0,0,0,0,0,0,0,0,0,1,0,0,0,0,0,0,0,0,0,0,0,0,0,0,0,0,0,0,0,0,0,0,0,0,0,0,0,0,0,0,0,0,0,0,0,0,0,0,0,0,0,0,0,0,0,0,0,0,0,0,0,0,0,0,0,0,0,0,0,0,0,0,0,0,0,0,0,0,0,0,0,0,0,0,0,0,0,0,0,0,0,0,0,0,0,0,0,0,0,0,0,0,0,0,0,0,0,0,0,0,0,0,0,0,0,0,0,0,0,0,0,0,0,0,0,0,0,0,0,0,0,0,0,0,0,0,0,0,0,0,0,0,0,0,0,0,0,0,0,0,0,0,0,0,0,0,0,0,0,0,0,0,0,0,0,0,0,0,0,0,0,0,0,0,0,0,0,0,0,0,0,0,0,0,0,0,0,0,0,0,0,0,0,0,0,0,0,0,0,0,0,0,0,0,0,0,0,0,0,0,0,0,0,0,0,0,0,0,0,0,0,0,0,0,0,0,0,0,0,0,0,0,0,0,0,0,0,0,0,0,0,0,0,0,0,0,0,0,0,0,0,0,0,0,0,0,0,0,0,0,0,0,0,0,0,0,0,0,0,0,0,0,0,0,0,0,0,0,0,0,0,0,0,0,0,0,0,0,0,0,0,0,0,0,0,0,0,0,0,0,0,0,0,0,0,0,0,0,0,0,0,0,0,0,0,0,0,0,0,0,0,0,0,0,0,0,0,0,0,0,0,0,0,0,0,0,0,0,0,0,0,0,0,0,0,0,0,0,0,0,0,0,0,0,0,0,0,0,0,0,0,0,0,0,0,0,0,0,0,0,0,0,0,0,0,0,0,0,0,0,0,0,0,0,0,0,0,0,0,0,0,0,0,0,0,0,0,0,0,0,0,0,0,0,0,0,0,0,0,0,0,0,0,0,0,0,0,0,0,0,0,0,0,0,0,0,0,0,0,0,0,0,0,0,0,0,0,0,0,0,0,0,0,0,0,0,0,0,0,0,0,0,0,0,0,0,0,0,0,0,0,0,0,0,0,0,0,0,0,0,0,0,0,0,0,0,0,0,0,0,0,0,0,0,0,0,0,0,0,0,0,0,0,0,0,0,0,0,0,0,0,0,0,0,0,0,0,0,0,0,0,0,0,0,0,0,0,0,0,0,0,0,0,0,0,0,0,0,0,0,0,0,0,0,0,0,0,0,0,0,0,0,0,0,0,0,0,0,0,0,0,0,0,0,0,0,0,0,0,0,0,0,0,0,0,0,0,0,0,0,0,0,0,0,0,0,0,0,0,0,0,0,0,0,0,0,0,0,0,0,0,0,0,0,0,0,0,0,0,0,0,0,0,0,0,0,0,0,0,0,0,0,0,0,0,0,0,0,0,0,0,0,0,0,0,0,0,0,0,0,0,0,0,0,0,0,0,0,0,0,0,0,0,0,0,0,0,0,0,0,0,0,0,0,0,0,0,0,0,0,0,0,0,0,0,0,0,0,0,0,0,0,0,0,0,0,0,0,0,0,0,0,0,0,0,0,0,0,0,0,0,0,0,0,0,0,0,0,0,0,0,0,0,0,0,0,0,0,0,0,0,0,0,0,0,0,0,0,0,0,0,0,0,0,0,0,0,0,0,0,0,0,0,0,0,0,0,0,0,0,0,0,0,0,0,0,0,0,0,0,0,0,0,0,0,0,0,0,0,0,0,0,0,0,0,0,0,0,0,0,0,0,0,0,0,0,0,0,0,0,0,0,0,0,0,0,0,0,0,0,0,0,0,0,0,0,0,0,0,0,0,0,0,0,0,0,0,0,0,0,0,0,0,0,0,0,0,0,0,0,0,0,0,0,0,0,0,0,0,0,0,0,0,0,0,0,0,0,0,0,0,0,0,0,0,0,0,0,0,0,0,0,0,0,0,0,0,0,0,0,0,0,0,0,0,0,0,0,0,0,0,0,0,0,0,0,0,0,0,0,0,0,0,0,0,0,0,0,0,0,0,0,0,0,0,0,0,0,0,0,0,0,0,0,0,0,0,0,0,0,0,0,0,0,0,0,0,0,0,0,0,0,0,0,0,0,0,0,0,0,0,0,0,0,0,0,0,0,0,0,0,0,0,0,0,0,0,0,0,0,0,0,0,0,0,0,0,0,0,0,0,0,0,0,0,0,0,0,0,0,0,0,0,0,0,0,0,0,0,0,0,0,0,0,0,0,0,0,0,0,0,0,0,0,0,0,0,0,0,0,0,0,0,0,0,0,0,0,0,0,0,0,0,0,0,0,0,0,0,0,0,0,0,0,0,0,0,0,0,0,0,0,0,0,0,0,0,0,0,0,0,0,0,0,0,0,0,0,0,0,0,0,0,0,0,0,0,0,0,0,0,0,0,0,0,0,0,0,0,0,0,0,0,0,0,0,0,0,0,0,0,0,0,0,0,0,0,0,0,0,0,0,0,0,0,0,0,0,0,0,0,0,0,0,0,0,0,0,0,0,0,0,0,0,0,0,0,0,0,0,0,0,0,0,0,0,0,0,0,0,0,0,0,0,0,0,0,0,0,0,0,0,0,0,0,0,0,0,0,0,0,0,0,0,0,0,0,0,0,0,0,0,0,0,0,0,0,0,0,0,0,0,0,0,0,0,0,0,0,0,0,0,0,0,0,0,0,0,0,0,0,0,0,0,0,0,0,0,0,0,0,0,0,0,0,0,0,0,0,0,0,0,0,0,0,0,0,0,0,0,0,0,0,0,0,0,0,0,0,0,0,0,0,0,0,0,0,0,0,0,0,0,0,0,0,0,0,0,0,0,0,0,0,0,0,0,0,0,0,0,0,0,0,0,0,0,0,0,0,0,0,0,0,0,0,0,0,0,0,0,0,0,0,0,0,0,0,0,0,0,0,0,0,0,0,0,0,0,0,0,0,0,0,0,0,0,0,0,0,0,0,0,0,0,0,0,0,0,0,0,0,0,0,0,0,0,0,0,0,0,0,0,0,0,0,0,0,0,0,0,0,0,0,0,0,0,0,0,0,0,0,0,0,0,0,0,0,0,0,0,0,0,0,0,0,0,0,0,0,0,0,0,0,0,0,0,0,0,0,0,0,0,0,0,0,0,0,0,0,0,0,0,0,0,0,0,0,0,0,0,0,0,0,0,0,0,0,0,0,0,0,0,0,0,0,0,0,0,0,0,0,0,0,0,0,0,0,0,0,0,0,0,0,0,0,0,0,0,0,0,0,0,0,0,0,0,0,0,0,0,0,0,0,0,0,0,0,0,0,0,0,0,0,0,0,0,0,0,0,0,0,0,0,0,0,0,0,0,0,0,0,0,0,0,0,0,0,0,0,0,0,0,0,0,0,0,0,0,0,0,0,0,0,0,0,0,0,0,0,0,0,0,0,0,0,0,0,0,0,0,0,0,0,0,0,0,0,0,0,0,0,0,0,0,0,0,0,0,0,0,0,0,0,0,0,0,0,0,0,0,0,0,0,0,0,0,0,0,0,0,0,0,0,0,0,0,0,0,0,0,0,0,0,0,0,0,0,0,0,0,0,0,0,0,0,0,0,0,0,0,0,0,0,0,0,0,0,0,0,0,0,0,0,0,0,0,0,0,0,0,0,0,0,0,0,0,0,0,0,0,0,0,0,0,0,0,0,0,0,0,0,0,0,0,0,0,0,0,0,0,0,0,0,0,0,0,0,0,0,0,0,0,0,0,0,0,0,0,0,0,0,0,0,0,0,0,0,0,0,0,0,0,0,0,0,0,0,0,0,0,0,0,0,0,0,0,0,0,0,0,0,0,0,0,0,0,0,0,0,0,0,0,0,0,0,0,0,0,0,0,0,0,0,0,0,0,0,0,0,0,0,0,0,0,0,0,0,0,0,0,0,0,0,0,0,0,0,0,0,0,0,0,0,0,0,0,0,0,0,0,0,0,0,0,0,0,0,0,0,0,0,0,0,0,0,0,0,0,0,0,0,0,0,0,0,0,0,0,0,0,0,0,0,0,0,0,0,0,0,0,0,0,0,0,0,0,0,0,0,0,0,0,0,0,0,0,0,0,0,0,0,0,0,0,0,0,0,0,0,0,0,0,0,0,0,0,0,0,0,0,0,0,0,0,0,0,0,0,0,0,0,0,0,0,0,0,0,0,0,0,0,0,0,0,0,0,0,0,0,0,0,0,0,0,0,0,0,0,0,0,0,0,0,0,0,0,0,0,0,0,0,0,0,0,0,0,0,0,0,0,0,0,0,0,0,0,0,0,0,0,0,0,0,0,0,0,0,0,0,0,0,0,0,0,0,0,0,0,0,0,0,0,0,0,0,0,0,0,0,0,0,0,0,0,0,0,0,0,0,0,0,0,0,0,0,0,0,0,0,0,0,0,0,0,0,0,0,0,0,0,0,0,0,0,0,0,0,0,0,0,0,0,0,0,0,0,0,0,0,0,0,0,0,0,0,0,0,0,0,0,0,0,0,0,0,0,0,0,0,0,0,0,0,0,0,0,0,0,0,0,0,0,0,0,0,0,0,0,0,0,0,0,0,0,0,0,0,0,0,0,0,0,0,0,0,0,0,0,0,0,0,0,0,0,0,0,0,0,0,0,0,0,0,0,0,0,0,0,0,0,0,0,0,0,0,0,0,0,0,0,0,0,0,0,0,0,0,0,0,0,0,0,0,0,0,0,0,0,0,0,0,0,0,0,0,0,0,0,0,0,0,0,0,0,0,0,0,0,0,0,0,0,0,0,0,0,0,0,0,0,0,0,0,0,0,0,0,0,0,0,0,0,0,0,0,0,0,0,0,0,0,0,0,0,0,0,0,0,0,0,0,0,0,0,0,0,0,0,0,0,0,0,0,0,0,0,0,0,0,0,0,0,0,0,0,0,0,0,0,0,0,0,0,0,0,0,0,0,0,0,0,0,0,0,0,0,0,0,0,0,0,0,0,0,0,0,0,0,0,0,0,0,0,0,0,0,0,0,0,0,0,0,0,0,0,0,0,0,0,0,0,0,0,0,0,0,0,0,0,0,0,0,0,0,0,0,0,0,0,0,0,0,0,0,0,0,0,0,0,0,0,0,0,0,0,0,0,0,0,0,0,0,0,0,0,0,0,0,0,0,0,0,0,0,0,0,0,0,0,0,0,0,0,0,0,0,0,0,0,0,0,0,0,0,0,0,0,0,0,0,0,0,0,0,0,0,0,0,0,0,0,0,0,0,0,0,0,0,0,0,0,0,0,0,0,0,0,0,0,0,0,0,0,0,0,0,0,0,0,0,0,0,0,0,0,0,0,0,0,0,0,0,0,0,0,0,0,0,0,0,0,0,0,0,0,0,0,0,0,0,0,0,0,0,0,0,0,0,0,0,0,0,0,0,0,0,0,0,0,0,0,0,0,0,0,0,0,0,1,0,0,0,0,0,0,0,0,0,0,0,0,0,0,0,0,0,0,0,0,0,0,0,0,0,0,0,0,0,0,0,0,0,0,0,0,0,0,0,0,0,0,0,0,0,0,0,0,0,0,0,0,0,0,0,0,0,0,0,0,0,0,0,0,0,0,0,0,0,0,0,0,0,0,0,0,0,0,0,0,0,0,0,0,0,0,0,0,0,0,0,0,0,0,0,0,0,0,0,0,0,0,0,0,0,0,0,0,0,0,0,0,0,0,0,0,0,0,0,0,0,0,0,0,0,0,0,0,0,0,0,0,0,0,0,0,0,0,0,0,0,0,0,0,0,0,0,0,0,0,0,0,0,0,0,0,0,0,0,0,0,0,0,0,0,0,0,0,0,0,0,0,0,0,0,0,0,0,0,0,0,0,0,0,0,0,0,0,0,0,0,0,0,0,0,0,0,0,0,0,0,0,0,0,0,0,0,0,0,0,0,0,0,0,0,0,0,0,0,0,0,0,0,0,0,0,0,0,0,0,0,0,0,0,0,0,0,0,0,0,0,0,0,0,0,0,0,0,0,0,0,0,0,0,0,0,0,0,0,0,0,0,0,0,0,0,0,0,0,0,0,0,0,0,0,0,0,0,0,0,0,0,0,0,0,0,0,0,0,0,0,0,0,0,0,0,0,0,0,0,0,0,0,0,0,0,0,0,0,0,0,0,0,0,0,0,0,0,0,0,0,0,0,0,0,0,0,0,0,0,0,0,0,0,0,0,0,0,0,0,0,0,0,0,0,0,0,0,0,0,0,0,0,0,0,0,0,0,0,0,0,0,0,0,0,0,0,0,0,0,0,0,0,0,0,0,0,0,0,0,0,0,0,0,0,0,0,0,0,0,0,0,0,0,0,0,0,0,0,0,0,0,0,0,0,0,0,0,0,0,0,0,0,0,0,0,0,0,0,0,0,0,0,0,0,0,0,0,0,0,0,0,0,0,0,0,0,0,0,0,0,0,0,0,0,0,0,0,0,0,0,0,0,0,0,0,0,0,0,0,0,0,0,0,0,0,0,0,0,0,0,0,0,0,0,0,0,0,0,0,0,0,0,0,0,0,0,0,0,0,0,0,0,0,0,0,0,0,0,0,0,0,0,0,0,0,0,0,0,0,0,0,0,0,0,0,0,0,0,0,0,0,0,0,0,0,0,0,0,0,0,0,0,0,0,0,0,0,0,0,0,0,0,0,0,0,0,0,0,0,0,0,0,0,0,0,0,0,0,0,0,0,0,0,0,0,0,0,0,0,0,0,0,0,0,0,0,0,0,0,0,0,0,0,0,0,0,0,0,0,0,0,0,0,0,0,0,0,0,0,0,0,0,0,0,0,0,0,0,0,0,0,0,0,0,0,0,0,0,0,0,0,0,0,0,0,0,0,0,0,0,0,0,0,0,0,0,0,0,0,0,0,0,0,0,0,0,0,0,0,0,0,0,0,0,0,0,0,0,0,0,0,0,0,0,0,0,0,0,0,0,0,0,0,0,0,0,0,0,0,0,0,0,0,0,0,0,0,0,0,0,0,0,0,0,0,0,0,0,0,0,0,0,0,0,0,0,0,0,0,0,0,0,0,0,0,0,0,0,0,0,0,0,0,0,0,0,0,0,0,0,0,0,0,0,0,0,0,0,0,0,0,0,0,0,0,0,0,0,0,0,0,0,0,0,0,0,0,0,0,0,0,0,0,0,0,0,0,0,0,0,0,0,0,0,0,0,0,0,0,0,0,0,0,0,0,0,0,0,0,0,0,0,0,0,0,0,0,0,0,0,0,0,0,0,0,0,0,0,0,0,0,0,0,0,0,0,0,0,0,0,0,0,0,0,0,0,0,0,0,0,0,0,0,0,0,0,0,0,0,0,0,0,0,0,0,0,0,0,0,0,0,0,0,0,0,0,0,0,0,0,0,0,0,0,0,0,0,0,0,0,0,0,0,0,0,0,0,0,0,0,0,0,0,0,0,0,0,0,0,0,0,0,0,0,0,0,0,0,0,0,0,0,0,0,0,0,0,0,0,0,0,0,0,0,0,0,0,0,0,0,0,0,0,0,0,0,0,0,0,0,0,0,0,0,0,0,0,0,0,0,0,0,0,0,0,0,0,0,0,0,0,0,0,0,0,0,0,0,0,0,0,0,0,0,0,0,0,0,0,0,0,0,0,0,0,0,0,0,0,0,0,0,0,0,0,0,0,0,0,0,0,0,0,0,0,0,0,0,0,0,0,0,0,0,0,0,0,0,0,0,0,0,0,0,0,0,0,0,0,0,0,0,0,0,0,0,0,0,0,0,0,0,0,0,0,0,0,0,0,0,0,0,0,0,0,0,0,0,0,0,0,0,0,0,0,0,0,0,0,0,0,0,0,0,0,0,0,0,0,0,0,0,0,0,0,0,0,0,0,0,0,0,0,0,0,0,0,0,0,0,0,0,0,0,0,0,0,0,0,0,0,0,0,0,0,0,0,0,0,0,0,0,0,0,0,0,0,0,0,0,0,0,0,0,0,0,0,0,0,0,0,0,0,0,0,0,0,0,0,0,0,0,0,0,0,0,0,0,0,0,0,0,0,0,0,0,0,0,0,0,0,0,0,0,0,0,0,0,0,0,0,0,0,0,0,0,0,0,0.14930269,0.9037602,-0.6410241,0.58898896,-0.63956004,0.7522308,0.6105837,1.0268974,-0.6494424,0.46893668,0.30449224,0.49894977,-1.1072725,-1.4641352,-0.5903574,1.3998125,0.0035249183,0.09481904,0.31364256,-0.16599143,-1.0638214,0.57638764,-0.6978607,0.0041000815,0.035786357,0.010113154,-0.478096,-0.48552084,1.1165707,-0.2730241,0.42077982,0.38883212,-1.1015731,-0.6505404,-0.6917431,-0.66539013,-0.21676266,-0.3618607,0.5416687,-0.7151156,-0.5132855,0.30527654,-0.23610906,-0.3652594,-0.906279,0.36807394,-0.6498084,0.13042688,0.7842831,0.5547406,0.16279289,1.1707929,-0.47605678,-0.11516789,-0.027115604,0.05257067,-0.86978227,0.48237458,-0.29373,0.16174714,-0.9564751,-0.250645,-0.7350895,0.036413807,-0.01963848,0.94072753,0.41027,-0.36515483,0.16545956,-0.8932594,-0.44290647,-0.41843587,0.5254596,0.3240478,-0.50319403,-0.1698607,-0.102880314,-0.19171691,-0.090906456,-0.18805678,-0.270096,0.14804779,-0.22444893,0.26020464,-0.3054947,0.64153796,0.5484661,-0.830828,-0.20771691,0.32640073,0.34867525,-0.7045012,-0.5240045,-0.030618872,0.0553942,0.12352492,0.7159432,-0.03699796,0.19725041,0.13335498,0.30203474,-0.055821486,-0.13498488,-0.14512868,-0.10554697,-0.33833128,0.066583745,-0.15663195,-0.59150773,0.008492239,-0.1361875,0.838453,0.110819034,0.62485826,-0.46314174,0.25434846,0.4449367,0.34276676,-0.7079522,0.28728962,-0.08410907,0.28640074,0.13717198,0.10208701,-0.0869326,-0.05289338,-0.06481495,-0.058697306,0.43887132,-0.39433128,0.61356413,-0.04583456,-0.39161235,-0.5469065,-0.26575613,0.12744649,-0.09169077,0.16315891,-0.4031679,-0.06816135,0.28378636,-0.39318097,-0.09922018,0.2949759,-0.4491287,0.96634847,-0.022409722,-0.13759926,-0.13749468,0.38574713,-0.094514295,-0.09472345,-0.27464503,-0.12133782,-0.37430516,0.22229616,-0.50220054,0.15568177,0.037564132,-0.3647888,-0.2798738,-0.17550775,0.23123734,-0.15820058,0.4541393,0.77518505,-0.13106331,0.11761642,-0.16227901,0.71542037,0.11840074,0.25094974,0.2465053,0.17675367,0.069825575,0.03374714,0.21722427,0.4351589,-0.32708946,0.029041259,-0.39825284,-0.29550776,-0.59835744,-0.24316789,-0.45252737,-0.037259396,-0.01770384,-0.1429326,0.02402165,-0.71783453,0.18109354,0.19406086,0.0032634805,0.17027001,0.0022700164,-0.036579657,0.157721,0.07060988,0.2158125,0.24007393,-0.2545143,-0.24003063,0.1846491,-0.21639664,0.12342034,0.3030282,-0.28750777,0.047080472,0.2731197,0.6603615,-0.65817446,0.15024388,-0.34429207,0.34443995,0.1551589,-0.07600449,0.48514584,0.18020466,-0.0410241,0.084309235,-0.39621365,-0.30199143,-0.28667116,-0.46277574,0.27667525,-0.07328554,0.24127655,-0.3353509,-0.07182149,-0.5231679,0.5056426,-0.2847365,-0.11626593,0.1273942,0.18041381,0.04441381,-0.12322018,0.09487132,-0.036004495,-0.34230515,0.20911969,0.29617852,0.321904,-0.13404371,-0.31056657,0.3173027,-0.18711561,-0.0776777,-0.039455473,0.33000857,-0.15840973,-0.020109069,-0.48118097,0.36676675,0.44274062,-0.37263194,-0.31454045,0.0995772,-0.17038357,0.7433419,-0.8536777,-0.6111156,0.24111968,0.06349877,0.6036818,-0.18146855,0.30015236,-0.4688411,-0.2595339,0.25863603,0.5067406,0.053616423,-0.07820057,0.0023745915,0.039446488,0.3513419,0.2552896,-0.342462,-0.4675862,-0.20844893,-0.619377,0.345538,0.26156414,-0.22873652,0.02077982,-0.442645,0.5414073,-0.020997958,0.23782557,0.04566871,0.08566871,-0.18021365,0.09508047,0.2309759,-0.26894566,-0.04646201,0.20038766,0.10041381,-0.486462,0.030400734,-0.4266973,0.17947263,-0.16959926,-0.39166462,0.25074062,-0.6903313,-0.1311156,0.48127654,-0.082592726,0.3475772,-0.05184763,-0.29812214,-0.022775736,-0.012004494,-0.17780842,0.096283086,-0.27323326,0.59489745,0.23881903,-0.23793913,-0.1829326,0.24033538,0.16211316,-0.09524632,-0.10664502,0.13513276,-0.4212071,-0.050435867,-0.13864502,-0.015194036,0.3050674,-0.24128553,-0.008762663,0.42072752,-0.4312463,-0.31464502,0.47249225,0.04582557,0.22862296,-0.02246201,0.013354984,-0.4440045,-0.099690765,-0.25806984,0.1593942,-0.21064502,-0.07328554,0.07332884,-0.2540437,-0.43406984,-0.13780841,-0.04515482,0.225904,-0.1361875,0.30323735,0.40744647,0.18627001,-0.049390115,-0.27663195,-0.060109068,0.21440074,-0.42742932,-0.72923326,-0.22298488,-0.048814952,-0.26345548,0.5564661,-0.30973,0.19332884,0.07589093,-0.2519522,0.17351185,-0.24996528,0.03693668,0.22203472,0.028832108,0.0069758985,-0.07501103,0.28122425,0.37021774,-0.54005677,0.2718125,-0.27767769,0.17842688,-0.100265935,-0.414096,0.006766748,-0.05812214,-0.16201757,-0.021677695,-0.4759522,0.2225576,0.14428309,-0.15443587,0.44007394,0.6156033,-0.3311679,0.20995629,0.2814334,-0.43464503,0.059577204,-0.100893386,0.05989093,-0.37017444,-0.48353392,-0.04661887,-0.17247508,-0.6671679,-0.38444895,0.23594321,0.044727534,0.020518383,0.066688314,-0.13948162,-0.050488155,-0.040501226,-0.38298488,0.03829616,-0.043690767,0.08974714,-0.3251548,0.3505576,0.00049223856,0.14836152,-0.20180841,0.029041259,0.31024387,-0.3117692,-0.6192202,0.17565563,0.06977329,0.33978635,-0.2490764,-0.793913,0.2811197,-0.46659273,-0.43898487,0.03934191,0.34778637,0.36802164,0.08164257,0.24828309,-0.07752083,-0.03569077,0.19489747,-0.049651552,0.18219158,-0.20384763,-0.22047508,-0.19663194,0.15458374,-0.5171548,0.4633942,0.14642689,-0.37927246,0.16378635,0.2427406,0.044884395,0.056073938,-0.12410907,0.5113419,0.4355249,0.08472753,0.1501393,-0.09341626,0.42862296,-0.37001756,-0.29634437,0.22867525,-0.14235744,0.068204656,-0.12112868,-0.3837169,0.20697589,-0.12803064,0.071132764,-0.012997958,0.06736805,0.09847917,0.2638125,-0.13608292,-0.2725535,0.15834844,-0.27323326,0.3050674,-0.10685416,0.10062296,-0.19203064,-0.21545547,0.5576687,-0.27992606,0.22062296,0.17769486,-0.10277574,-0.48348162,0.3172504,0.25094974,-0.29587376,0.117564134,0.07071446,0.122688316,-0.41477573,-0.03265809,-0.17838357,-0.053102534,-0.19856659,0.13440074,-0.17854044,-0.07501103,-0.00023978758,0.09774714,0.25016543,0.027995506,0.010008578,0.15955107,-0.40123326,-0.3909849,-0.110096,0.0021131537,-0.20494567,-0.03203064,0.09654453,0.40221772,0.08174714,0.46700203,-0.39375612,-0.27166462,0.22020465,-0.34214827,0.22773407,0.07745956,0.44514585,0.48843995,0.052047793,0.05466217,0.046087008,-0.14220057,0.4347929,-0.21681495,0.031080473,0.3265053,0.0069236113,-0.2161875,0.23510662,0.22877982,-0.05033129,-0.23778227,0.76504123,0.3500347,-0.11506332,0.15641381,-0.07014828,0.3968321,0.1451197,0.301721,-0.21644893,-0.084475085,-0.14094567,0.082426876,0.2866099,-0.35987377,0.0882308,0.103969365,-0.10172998,-0.024501225,0.1290674,0.4376164,0.20127656,0.21063603,-0.6044228,-0.21524632,0.20802166,-0.20243587,0.25518504,-0.20661888,-0.18005678,0.24917197,0.0798125,-0.22324632,-0.07637051,-0.27114174,0.02015237,0.37534192,0.084309235,-0.010069853,0.08671446,0.2558125,-0.22031821,-0.28865808,-0.013886847,-0.19025286,-0.08923325,-0.48797834,-0.15213521,0.19772099,-0.010435866,0.5160478,0.18752491,0.55714583,0.20917198,-0.16400449,0.065015115,-0.33901104,-0.24421364,0.22491054,0.11191708,0.2663746,0.40164256,-0.07610907,-0.115481615,-0.094828025,-0.041756127,-0.20865808,0.15970792,-0.26596528,0.23416544,-0.26946855,0.16488439,0.125721,-0.09749469,0.18313277,-0.07281495,0.11892361,-0.3050241,-0.09989992,0.20012623,0.51918507,-0.38246202,0.23196936,0.16938113,0.37215236,0.24718505,0.6321785,0.77471447,0.2436295,0.5331981,0.45607394,-0.0498607,-0.19088031,-0.014305147,0.024544526,-0.09200449,0.07118505,-0.07208292,-0.161913,-0.07720711,-0.4363705,-0.41665807,-0.11558619,-0.08217443,-0.3020437,-0.34643587,0.18768178,0.5632112,-0.049546976,0.25764257,0.60796934,0.3989236,0.20054452,0.17612623,-0.040030636,-0.18408293,0.43887132,0.3392112,-0.24714175,-0.054514296,-0.24410906,-0.26575613,-0.04792606,0.020518383,-0.09174305,-0.5362398,-0.028109068,-0.6055731,0.6988975,-0.26382148,0.11824387,-0.170279,0.30700204,0.24294975,0.14151184,0.35447916,0.24911968,0.3207014,0.4330674,0.38260987,0.2478125,0.23134191,-0.42439666,-0.15203063,-0.15657966,-0.5059653,0.16185172,0.11641381,0.25508046,0.09800858,-0.4898607,-0.18758619,0.0003876634,-0.5875339,0.53262293,-0.25561234,0.89534193,0.16760334,-0.31187376,0.09910662,-0.011743056,-0.26983455,-0.53331167,-0.12107639,-0.06094567,-0.11825286,-0.32416135,0.33732885,0.09251838,0.068518385,0.029720997,0.20561641,0.27944648,-0.18601756,0.27076674,-0.22716789,-0.26894566,-0.10821364,-0.37399143,0.20786479,0.11928962,-0.44363847,0.19521119,-0.29043588,-0.12646201,-0.30528554,0.25309354,-0.25984764,-0.16222672,0.25853145,-0.21744241,-0.09205678,0.01408701,0.40383863,-0.24421364,0.2523615,-0.02633129,0.019524919,0.4090674,0.07233538,0.30611315,-0.28588685,-0.53728557,0.43986478,-0.402279,-0.39433128,0.017015114,-0.003063317,-0.38282803,-0.38063195,0.056544527,0.06208701,0.5833419,-0.40970385,-0.72133785,-0.11731169,0.21445303,0.029564135,-0.22988684,-0.18476266,0.5880478,-0.25378227,0.20953798,-0.5093117,0.07871446,0.19076675,-0.15867116,0.21685825,-0.04578227,-0.123533905,-0.20703717,0.21084517,0.0789759,-0.20792606,0.08974714,0.055028185,-0.13566463,-0.015612337,0.14072753,0.38438767,-0.05169077,0.31751186,-0.36196527,0.3421393,-0.38748163,0.19693668,-0.23229207,-0.23161234,-0.20959927,-0.36337703,-0.03589992,-0.2145143,-0.09592606,0.04457067,0.19411315,-0.039664622,-0.10408293,-0.2397692,-0.26941627,0.18574715,0.341355,-0.3046581,-0.49179533,0.40127656,-0.13127246,0.01560335,0.2885968,0.06637459,-0.00065808825,-0.21922018,-0.2788803,-0.19987378,-0.170279,-0.30533782,-0.19987378,-0.23464501,0.41555107,0.2187406,0.0709759,-0.06308946,0.119446486,0.16436152,0.013564134,-0.2448411,0.34600857,0.22187786,0.26271448,-0.14298488,0.48033538,-0.15203063,-0.005311683,-0.16332476,0.059577204,-0.40782148,-0.5041875,-0.084213644,-0.24949469,-0.4906973,-0.028161356,-0.42288032,-0.579743,0.3635249,-0.066801876,0.5655118,0.30951184,-0.11914175,-0.3896254,-0.0045796568,0.33094975,-0.18429208,-0.054566585,0.18559028,0.24467525,-0.20081495,0.056126226,-0.07119404,0.22145955,0.10647917,0.07076675,-0.16112867,0.12728962,-0.35694566,0.3850151,0.2731197,0.16389093,-0.4776777,-0.067377046,-0.23030515,-0.4111679,0.15719812,-0.0566058,0.29968178,0.17617851,-0.6225143,-0.094096,-0.20170385,-0.14319403,0.4263223,-0.15522018,-0.26528555,0.668623,0.4200478,-0.2368411,-0.07971691,-0.121965274,0.35118505,0.09136806,0.48666218,-0.10152084,-0.15997835,-0.3917169,0.024073938,0.69994324,-0.06826593,-0.017180964,0.07698897,0.30689746,-0.09848815,0.23672754,0.3967798,0.66151184,0.089171976,0.3728844,-0.22204371,-0.621364,0.18187787,0.044727534,0.23087132,0.23369485,-0.32238358,-0.6806581,0.0015902778,0.15866217,-0.12729861,0.083106615,0.1349759,0.097590275,-0.016762663,0.662819,-0.2692594,-0.040762663,0.25931576,0.03505433,-0.22763848,-0.7607627,0.26135498,0.41931576,-0.031873774,0.12561642,-0.053782273,0.013302696,0.23761642,0.004675245,-0.15339011,-0.19171691,0.23343341,0.05387786,0.44420466,0.44117197,0.09340727,0.035838645,-0.12175613,-0.22789992,0.20519812,-0.11542933,0.4048844,-0.18397835,-0.28348163,0.24221773,0.14402165,-0.091272466,-0.43757313,0.22114584,0.14292361,-0.43966463,0.09931577,-0.14674959,-0.19208293,0.17847916,0.29827002,0.44007394,-0.19532475,-0.03762541,-0.07025286,0.052309234,-0.38141626,-0.046305146,-0.34810907,-0.13169077,0.14386478,-0.11490645,-0.13691953,-0.13064502,0.22323734,0.2667929,-0.07914175,0.08734191,0.0478125,0.22611316,-0.21691953,-0.34596527,0.11228309,0.09162949,0.25863603,-0.13854045,0.082479164,-0.4477692,-0.115481615,-0.060004495,-0.20515482,-0.20180841,0.12174714,0.11353799,-0.14857966,0.4528844,-0.084213644,0.41126347,-0.37378228,-0.2960829,0.06872753,0.042060867,0.16885825,-0.15694568,0.01905433,0.030714462,0.22224388,-0.0237692,0.19735499,0.018060867,0.11970793,-0.023298612,-0.28724632,-0.1121875,0.031707924,0.07766871,0.13225694,0.16619158,-0.45681494,-1.2391417,-0.21629207,0.32723734,0.19965564,1.3837079,0.57100207,1.6201524,-0.40505025,-0.3041352,-0.027063318,0.45178637,0.11698897,0.7847014,0.7425053,-1.0687888,-0.6214163,0.62386477,0.46993014,-0.27406985,0.19421773,0.81434846,1.2561263,-0.17331168,0.94700205,1.7466884,-0.71391296,0.5272896,-0.83490646,-0.5789065,0.3673419,0.20300204,0.63249224,0.32007393,0.14030923,0.4128321,0.07285825,0.35071447,-0.1307496,0.025642565,0.35662296,0.43176022,0.28891054,-0.20912868,-0.45378226,-0.57937706,-0.50789994,-0.8462006,-0.47908947,-0.7863313,-0.19914176,-0.92264503,0.057642564,-0.51375616,-0.9382267,0.8066622,-0.11506332,-0.1033509,-0.35506332,-0.62978226,1.0716033,0.42637458,-1.1238476,-0.19914176,0.8384007,0.76901513,0.81696284,-0.93216133,0.2975903,0.45905432,0.38511968,0.06867524,-0.26361233,-0.038566586,-0.4355339,-0.3803705,0.61298895,0.013982435,-0.18946855,0.422087,-0.55072343,0.49989092,0.6474988,0.32211316,0.23892361,-0.8233509,0.86161643,-0.8216777,0.66825694,-0.16682802,0.49513277,-0.30152082,-0.6785143,0.30731577,-0.7004751,0.3307929,0.9919171,0.24247916,0.22705433,-0.42397836,0.7293288,-0.16133782,0.2853027,-0.80808294,-0.7708542,1.057538,-0.33006984,0.3741393,0.26663604,0.8824792,0.15155107,-0.703194,0.09325041,-0.22941625,-0.18361233,-0.70444894,-0.2005535,-0.5681352,0.51536804,0.36410007,0.10799551,-0.4751679,0.9902962,0.21089746,-0.3975731,0.6392896,0.089851715,0.8654857,0.6567014,
0,0,0,0,0,0,0,0,0,0,0,0,0,0,0,0,0,0,0,0,0,0,0,0,0,0,0,0,0,0,0,0,0,0,0,0,0,0,0,0,0,0,0,0,0,0,0,0,0,0,0,0,0,0,0,0,0,0,0,0,0,0,0,0,0,0,0,0,0,0,0,0,0,0,0,0,0,0,0,0,0,0,0,0,0,0,0,0,0,0,0,0,0,0,0,0,0,0,0,0,0,0,0,0,0,0,0,0,0,0,0,0,0,0,0,0,0,0,0,0,0,0,0,0,0,0,0,0,0,0,0,0,0,0,0,0,0,0,0,0,0,0,0,0,0,0,0,0,0,0,0,0,0,0,0,0,0,0,0,0,0,0,0,0,0,0,0,0,0,0,0,0,0,0,0,0,0,0,0,0,0,0,0,0,0,0,0,0,0,0,0,0,0,0,0,0,0,0,0,0,0,0,0,0,0,0,0,0,0,0,0,0,0,0,0,0,0,0,0,0,0,0,0,0,0,0,0,0,0,0,0,0,0,0,0,0,0,0,0,0,0,0,0,0,0,0,0,0,0,0,0,0,0,0,0,0,0,0,0,0,0,0,0,0,0,0,0,0,0,0,0,0,0,0,0,0,0,0,0,0,0,0,0,0,0,0,0,0,0,0,0,0,0,0,0,0,0,0,0,0,0,0,0,0,0,0,0,0,0,0,0,0,0,0,0,0,0,0,0,0,0,0,0,0,0,0,0,0,0,0,0,0,0,0,0,0,0,0,0,0,0,0,0,0,0,0,0,0,0,0,0,0,0,0,0,0,0,0,0,0,0,0,0,0,0,0,0,0,0,0,0,0,0,0,0,0,0,0,0,0,0,0,0,0,0,0,0,0,0,0,0,0,0,0,0,0,0,0,0,0,0,0,0,0,0,0,0,0,0,0,0,0,0,0,0,0,0,0,0,0,0,0,0,0,0,0,0,0,0,0,0,0,0,0,0,0,0,0,0,0,0,0,0,0,0,0,0,0,0,0,0,0,0,0,0,0,0,0,0,0,0,0,0,0,0,0,0,0,0,0,0,0,0,0,0,0,0,0,0,0,0,0,0,0,0,0,0,0,0,0,0,0,0,0,0,0,0,0,0,0,0,0,0,0,0,0,0,0,0,0,0,0,0,0,0,0,0,0,0,0,0,0,0,0,0,0,0,0,0,0,0,0,0,0,0,0,0,0,0,0,0,0,0,0,0,0,0,0,0,0,0,0,0,0,0,0,0,0,0,0,0,0,0,0,0,0,0,0,0,0,0,0,0,0,0,0,0,0,0,0,0,0,0,0,0,0,0,0,0,0,0,0,0,0,0,0,0,0,0,0,0,0,0,0,0,0,0,0,0,0,0,0,0,0,0,0,0,0,0,0,0,0,0,0,0,0,0,0,0,0,0,0,0,0,0,0,0,0,0,0,0,0,0,0,0,0,0,0,0,0,0,0,0,0,0,0,0,0,0,0,0,0,0,0,0,0,0,0,0,0,0,0,0,0,0,0,0,0,0,0,0,0,0,0,0,0,0,0,0,0,0,0,0,0,0,0,0,0,0,0,0,0,0,0,0,0,0,0,0,0,0,0,0,0,0,0,0,0,0,0,0,0,0,0,0,0,0,0,0,0,0,0,0,0,0,0,0,0,0,0,0,0,0,0,0,0,0,0,0,0,0,0,0,0,0,0,0,0,0,0,0,0,0,0,0,0,0,0,0,0,0,0,0,0,0,0,0,0,0,0,0,0,0,0,0,0,0,0,0,0,0,0,0,0,0,0,0,0,0,0,0,0,0,0,0,0,0,0,0,0,0,0,0,0,0,0,0,0,0,0,0,0,0,0,0,0,0,0,0,0,0,0,0,0,0,0,0,0,0,0,0,0,0,0,0,0,0,0,0,0,0,0,0,0,0,0,0,0,0,0,0,0,0,0,0,0,0,0,0,0,0,0,0,0,0,0,0,0,0,0,0,0,0,0,0,0,0,0,0,0,0,0,0,0,0,0,0,0,0,0,0,0,0,0,0,0,0,0,0,0,0,0,0,0,0,0,0,0,0,0,0,0,0,0,0,0,0,0,0,0,0,0,0,0,0,0,0,0,0,0,0,0,0,0,0,0,0,0,0,0,0,0,0,0,0,0,0,0,0,0,0,0,0,0,0,0,0,0,0,0,0,0,0,0,0,0,0,0,0,0,0,0,0,0,0,0,0,0,0,0,0,0,0,0,0,0,0,0,0,0,0,0,0,0,0,0,0,0,0,0,0,0,0,0,0,0,0,0,0,0,0,0,0,0,0,0,0,0,0,0,0,0,0,0,0,0,0,0,0,0,0,0,0,0,0,0,0,0,0,0,0,0,0,0,0,0,0,0,0,0,0,0,0,0,0,0,0,0,0,0,0,0,0,0,0,0,0,0,0,0,0,0,0,0,0,0,0,0,0,0,0,0,0,0,0,0,0,0,0,0,0,0,0,0,0,0,0,0,0,0,0,0,0,0,0,0,0,0,0,0,0,0,0,0,0,0,0,0,0,0,0,0,0,0,0,0,0,0,0,0,0,0,0,0,0,0,0,0,0,0,0,0,0,0,0,0,0,0,0,0,0,0,0,0,0,0,0,0,0,0,0,0,0,0,0,0,0,0,0,0,0,0,0,0,0,0,0,0,0,0,0,0,0,0,0,0,0,0,0,0,0,0,0,0,0,0,0,0,0,0,0,0,0,0,0,0,0,0,0,0,0,0,0,0,0,0,0,0,0,0,0,0,0,0,0,0,0,0,0,0,0,0,0,0,0,0,0,0,0,0,0,0,0,0,0,0,0,0,0,0,0,0,0,0,0,0,0,0,0,0,0,0,0,0,0,0,0,0,0,0,0,0,0,0,0,0,0,0,0,0,0,0,0,0,0,0,0,0,0,0,0,0,0,0,0,0,0,0,0,0,0,0,0,0,0,0,0,0,0,0,0,0,0,0,0,0,0,0,0,0,0,0,0,0,0,0,0,0,0,0,0,0,0,0,0,0,0,0,0,0,0,0,0,0,0,0,0,0,0,0,0,0,0,0,0,0,0,0,0,0,0,0,0,0,0,0,0,0,0,0,0,0,0,0,0,0,0,0,0,0,0,0,0,0,0,0,0,0,0,0,0,0,0,0,0,0,0,0,0,0,0,0,0,0,0,0,0,0,0,0,0,0,0,0,0,0,0,0,0,0,0,0,0,0,0,0,0,0,0,0,0,0,0,0,0,0,0,0,0,0,0,0,0,0,0,0,0,0,0,0,0,0,0,0,0,0,0,0,0,0,0,0,0,0,0,0,0,0,0,0,0,0,0,0,0,0,0,0,0,0,0,0,0,0,0,0,0,0,0,1,0,0,0,0,0,0,0,0,0,0,0,0,0,0,0,0,0,0,0,0,0,0,0,0,0,0,0,0,0,0,0,0,0,0,0,0,0,0,0,0,0,0,0,0,0,0,0,0,0,0,0,0,0,0,0,0,0,0,0,0,0,0,0,0,0,0,0,0,0,0,0,0,0,0,0,0,0,0,0,0,0,0,0,0,0,0,0,0,0,0,0,0,0,0,0,0,0,0,0,0,0,0,0,0,0,0,0,0,0,0,0,0,0,0,0,0,0,0,0,0,0,0,0,0,0,0,0,0,0,0,0,0,0,0,0,0,0,0,0,0,0,0,0,0,0,0,0,0,0,0,0,0,0,0,0,0,0,0,0,0,0,0,0,0,0,0,0,0,0,0,0,0,0,0,0,0,0,0,0,0,0,0,0,0,0,0,0,0,0,0,0,0,0,0,0,0,0,0,0,0,0,0,0,0,0,0,0,0,0,0,0,0,0,0,0,0,0,0,0,0,0,0,0,0,0,0,0,0,0,0,0,0,0,0,0,0,0,0,0,0,0,0,0,0,0,0,0,0,0,0,0,0,0,0,0,0,0,0,0,0,0,0,0,0,0,0,0,0,0,0,0,0,0,0,0,0,0,0,0,0,0,0,0,0,0,0,0,0,0,0,0,0,0,0,0,0,0,0,0,0,0,0,0,0,0,0,0,0,0,0,0,0,0,0,0,0,0,0,0,0,0,0,0,0,0,0,0,0,0,0,0,0,0,0,0,0,0,0,0,0,0,0,0,0,0,0,0,0,0,0,0,0,0,0,0,0,0,0,0,0,0,0,0,0,0,0,0,0,0,0,0,0,0,0,0,0,0,0,0,0,0,0,0,0,0,0,0,0,0,0,0,0,0,0,0,0,0,0,0,0,0,0,0,0,0,0,0,0,0,0,0,0,0,0,0,0,0,0,0,0,0,0,0,0,0,0,0,0,0,0,0,0,0,0,0,0,0,0,0,0,0,0,0,0,0,0,0,0,0,0,0,0,0,0,0,0,0,0,0,0,0,0,0,0,0,0,0,0,0,0,0,0,0,0,0,0,0,0,0,0,0,0,0,0,0,0,0,0,0,0,0,0,0,0,0,0,0,0,0,0,0,0,0,0,0,0,0,0,0,0,0,0,0,0,0,0,0,0,0,0,0,0,0,0,0,0,0,0,0,0,0,0,0,0,0,0,0,0,0,0,0,0,0,0,0,0,0,0,0,0,0,0,0,0,0,0,0,0,0,0,0,0,0,0,0,0,0,0,0,0,0,0,0,0,0,0,0,0,0,0,0,0,0,0,0,0,0,0,0,0,0,0,0,0,0,0,0,0,0,0,0,0,0,0,0,0,0,0,0,0,0,0,0,0,0,0,0,0,0,0,0,0,0,0,0,0,0,0,0,0,0,0,0,0,0,0,0,0,0,0,0,0,0,0,0,0,0,0,0,0,0,0,0,0,0,0,0,0,0,0,0,0,0,0,0,0,0,0,0,0,0,0,0,0,0,0,0,0,0,0,0,0,0,0,0,0,0,0,0,0,0,0,0,0,0,0,0,0,0,0,0,0,0,0,0,0,0,0,0,0,0,0,0,0,0,0,0,0,0,0,0,0,0,0,0,0,0,0,0,0,0,0,0,0,0,0,0,0,0,0,0,0,0,0,0,0,0,0,0,0,0,0,0,0,0,0,0,0,0,0,0,0,0,0,0,0,0,0,0,0,0,0,0,0,0,0,0,0,0,0,0,0,0,0,0,0,0,0,0,0,0,0,0,0,0,0,0,0,0,0,0,0,0,0,0,0,0,0,0,0,0,0,0,0,0,0,0,0,0,0,0,0,0,0,0,0,0,0,0,0,0,0,0,0,0,0,0,0,0,0,0,0,0,0,0,0,0,0,0,0,0,0,0,0,0,0,0,0,0,0,0,0,0,0,0,0,0,0,0,0,0,0,0,0,0,0,0,0,0,0,0,0,0,0,0,0,0,0,0,0,0,0,0,0,0,0,0,0,0,0,0,0,0,0,0,0,0,0,0,0,0,0,0,0,0,0,0,0,0,0,0,0,0,0,0,0,0,0,0,0,0,0,0,0,0,0,0,0,0,0,0,0,0,0,0,0,0,0,0,0,0,0,0,0,0,0,0,0,0,0,0,0,0,0,0,0,0,0,0,0,0,0,0,0,0,0,0,0,0,0,0,0,0,0,0,0,0,0,0,0,0,0,0,0,0,0,0,0,0,0,0,0,0,0,0,0,0,0,0,0,0,0,0,0,0,0,0,0,0,0,0,0,0,0,0,0,0,0,0,0,0,0,0,0,0,0,0,0,0,0,0,0,0,0,0,0,0,0,0,0,0,0,0,0,0,0,0,0,0,0,0,0,0,0,0,0,0,0,0,0,0,0,0,0,0,0,0,0,0,0,0,0,0,0,0,0,0,0,0,0,0,0,0,0,0,0,0,0,0,0,0,0,0,0,0,0,0,0,0,0,0,0,0,0,0,0,0,0,0,0,0,0,0,0,0,0,0,0,0,0,0,0,0,0,0,0,0,0,0,0,0,0,0,0,0,0,0,0,0,0,0,0,0,0,0,0,0,0,0,0,0,0,0,0,0,0,0,0,0,0,0,0,0,0,0,0,0,0,0,0,0,0,0,0,0,0,0,0,0,0,0,0,0,0,0,0,0,0,0,0,0,0,0,0,0,0,0,0,0,0,0,0,0,0,0,0,0,0,0,0,0,0,0,0,0,0,0,0,0,0,0,0,0,0,0,0,0,0,0,0,0,0,0,0,0,0,0,0,0,0,0,0,0,0,0,0,0,0,0,0,0,0,0,0,0,0,0,0,0,0,0,0,0,0,0,0,0,0,0,0,0,0,0,0,0,0,0,0,0,0,0,0,0,0,0,0,0,0,0,0,0,0,0,0,0,0,0,0,0,0,0,0,0,0,0,0,0,0,0,0,0,0,0,0,0,0,0,0,0,0,0,0,0,0,0,0,0,0,0,0,0,0,0,0,0,0,0,0,0,0,0,0,0,0,0,0,0,0,0,0,0,0,0,0,0,0,0,0,0,0,0,0,0,0,0,0,0,0,0,0,0,0,0,0,0,0,0,0,0,0,0,0,0,0,0,0,0,0,0,0,0,0,0,0,0,0,0,0,0,0,0,0,0,0,0,0,0,0,0,0,0,0,0,0,0,0,0,0,0,0,0,0,0,0,0,0,0,0,0,0,0,0,0,0,0,0,0,0,0,0,0,0,0,0,0,0,0,0,0,0,0,0,0,0,0,0,0,0,0,0,0,0,0,0,0,0,0,0,0,0,0,0,0,0,0,0,0,0,0,0,0,0,0,0,0,0,0,0,0,0,0,0,0,0,0,0,0,0,0,0,0,0,0,0,0,0,0,0,0,0,0,0,0,0,0,0,0,0,0,0,0,0,0,0,0,0,0,0,0,0,0,0,0,0,0,0,0,0,0,0,0,0,0,0,0,0,0,0,0,0,0,0,0,0,0,0,0,0,0,0,0,0,0,0,0,0,0,0,0,0,0,0,0,0,0,0,0,0,0,0,0,0,0,0,0,0,0,0,0,0,0,0,0,0,0,0,0,0,0,0,0,0,0,0,0,0,0,0,0,0,0,0,0,0,0,0,0,0,0,0,0,0,0,0,0,0,0,0,0,0,0,0,0,0,0,0,0,0,0,0,0,0,0,0,0,0,0,0,0,0,0,0,0,0,0,0,0,0,0,0,0,0,0,0,0,0,0,0,0,0,0,0,0,0,0,0,0,0,0,0,0,0,0,0,0,0,0,0,0,0,0,0,0,0,0,0,0,0,0,0,0,0,0,0,0,0,0,0,0,0,0,0,0,0,0,0,0,0,0,0,0,0,0,0,0,0,0,0,0,0,0,0,0,0,0,0,0,0,0,0,0,0,0,0,0,0,0,0,0,0,0,0,0,0,0,0,0,0,0,0,0,0,0,0,0,0,0,0,0,0,0,0,0,0,0,0,0,0,0,0,0,0,0,0,0,0,0,0,0,0,0,0,0,0,0,0,0,0,0,0,0,0,0,0,0,0,0,0,0,0,0,0,0,0,0,0,0,0,0,0,0,0,0,0,0,0,0,0,0,0,0,0,0,0,0,0,0,0,0,0,0,0,0,0,0,0,0,0,0,0,0,0,0,0,0,0,0,0,0,0,0,0,0,0,0,0,0,0,0,0,0,0,0,0,0,0,0,0,0,0,0,0,0,0,0,0,0,0,0,0,0,0,0,0,0,0,0,0,0,0,0,0,0,0,0,0,0,0,0,0,0,0,0,0,0,0,0,0,0,0,0,0,0,0,0,0,0,0,0,0,0,0,0,0,0,0,0,0,0,0,0,0,0,0,0,0,0,0,0,0,0,0,0,0,0,0,0,0,0,0,0,0,0,0,0,0,0,0,0,0,0,0,0,0,0,0,0,0,0,0,0,0,0,0,0,0,0,0,0,0,0,0,0,0,0,0,0,0,0,0,0,0,0,0,0,0,0,0,0,0,0,0,0,0,0,0,0,0,0,0,0,0,0,0,0,0,0,0,0,0,0,0,0,0,0,0,0,0,0,0,0,0,0,0,0,0,0,0,0,0,0,0,0,0,0,0,0,0,0,0,0,0,0,0,0,0,0,0,0,0,0,0,0,0,0,0,0,0,0,0,0,0,0,0,0,0,0,0,0,0,0,0,0,0,0,0,0,0,0,0,0,0,0,0,0,0,0,0,0,0,0,0,0,0,0,0,0,0,0,0,0,0,0,0,0,0,0,0,0,0,0,0,0,0,0,0,0,0,0,0,0,0,0,0,0,0,0,0,0,0,0,0,0,0,0,0,0,0,0,0,0,0,0,0,0,0,0,0,0,0,0,0,0,0,0,0,0,0,0,0,0,0,0,0,0,0,0,0,0,0,0,0,0,0,0,0,0,0,0,0,0,0,0,0,0,0,0,0,0,0,0,0,0,0,0,0,0,0,0,0,0,0,0,0,0,0,0,0,0,0,0,0,0,0,0,0,0,0,0,0,0,0,0,0,0,0,0,0,0,0,0,0,0,0,0,0,0,0,0,0,0,0,0,0,0,0,0,0,0,0,0,0,0,0,0,0,0,0,0,0,0,0,0,0,0,0,0,0,0,0,0,0,0,0,0,0,0,0,0,0,0,0,0,0,0,0,0,0,0,0,0,0,0,0,0,0,0,0,0,0,0,0,0,0,0,0,0,0,0,0,0,0,0,0,0,0,0,0,0,0,0,0,0,0,0,0,0,0,0,0,0,0,0.10945956,-1.2338084,0.43374714,-0.8097038,-0.3318999,0.82998246,0.77502817,0.79071444,0.43876675,0.66449225,-0.20724632,-0.49979535,-0.064919524,0.33596936,-0.89796525,0.8055641,0.13016544,-0.019167893,-0.039298613,-0.016919525,0.23672754,0.15092361,0.26977327,-0.39203063,0.46151185,0.21994323,-0.4178084,0.20660989,-0.20431823,0.27128962,-0.09848815,-0.37461886,0.15714583,-0.4443705,0.39881903,0.17084518,0.5547929,0.06229616,0.35359028,0.5151066,0.3635249,0.0098517155,0.6856687,0.121904,-0.05289338,0.3821916,0.43583864,-0.013834558,0.18511969,-0.062200572,-0.50261885,-0.19056658,-0.80996525,0.37230924,0.26182556,-0.11746854,-0.07501103,-0.3270372,0.025276553,0.3497733,0.009956291,0.30574715,0.39207393,0.07353799,0.20911969,0.02747263,0.11479289,-0.16499795,0.31536806,0.20938113,-0.16546854,0.09215237,-0.034854166,0.06935498,-0.49043587,0.26496282,-0.22167769,-0.27197835,0.076256946,-0.45017442,-0.005520833,0.4347406,0.05905433,-0.024605801,0.047237337,0.3399955,0.027524918,0.39704126,-0.26146856,0.106949754,0.0734857,0.16457067,0.05732884,-0.4060437,-0.08541626,0.12979943,-0.3378084,0.019002043,0.018322304,0.25983864,-0.14261888,0.04347263,-0.12149469,-0.019115604,0.07547263,-0.15522018,0.20002165,-0.03516789,0.045511845,0.048596814,0.5521785,-0.020265931,-0.1833509,0.12138113,-0.10073652,-0.35088032,-0.050854165,-0.18131168,0.07071446,-0.082592726,-0.03699796,-0.19569077,-0.23600449,-0.114854164,0.12582557,-0.28191298,0.22815236,0.21905433,0.01063603,-0.09372998,-0.14695874,0.052413806,-0.042069852,0.12410008,0.18987785,-0.14450122,0.073433414,-0.0061482843,-0.09346855,0.20394322,-0.17718096,-0.21184763,-0.10141626,0.3631589,-0.23328555,-0.0029587417,-0.26173,0.22616544,-0.30423978,0.41403472,0.24603473,0.23432231,0.05596936,-0.16013521,0.030348448,0.1947929,-0.08797835,0.07066217,-0.0886058,-0.116788805,-0.20583455,0.38789093,0.062191583,-0.1946973,0.0056164213,-0.31281495,-0.025860703,-0.4360568,0.0061392975,-0.023455475,-0.17101103,0.26653147,-0.17341626,0.017015114,0.07709355,0.024858251,0.2676295,-0.24688031,-0.05122018,0.45021772,0.059368055,-0.31537706,0.17304125,0.19474061,-0.10873652,-0.26690644,-0.25205678,0.10057067,0.24791707,0.49612623,-0.25603065,-0.25054044,0.044256944,-0.078095995,0.13147263,-0.12855351,0.14574714,0.048126224,-0.3096777,-0.34267116,-0.07365155,0.2608321,0.0903223,0.1539563,0.21936806,0.1303746,0.19887133,0.25225693,0.081171975,0.4987929,0.14977328,-0.32421365,-0.11710253,-0.022984887,0.19772099,0.1686491,0.14684518,-0.12782149,-0.23652737,-0.20640972,0.07003472,0.07458374,-0.32071036,0.2347406,0.16692361,-0.13414828,-0.0063574347,0.062348448,0.03489747,-0.038775735,-0.1564228,0.16640073,0.034688316,-0.0650241,0.2204138,0.20200858,0.20760335,0.29633537,-0.21122018,0.13157721,-0.37890646,-0.08348162,0.058531456,0.08572099,0.19437459,-0.12505025,-0.16661887,0.19458374,-0.122854166,0.12666218,-0.28452736,0.2654857,0.2612504,-0.17644894,0.0148713235,0.06752492,0.002688317,0.22140726,-0.22706331,-0.25399143,0.035315767,0.0679955,-0.42152083,0.23756413,-0.2444228,-0.16708946,0.07610008,0.12132884,0.16342035,0.19427001,0.015969362,-0.09472345,-0.10695874,0.053302698,0.2853027,-0.0063574347,-0.11119404,0.3927537,0.15777329,-0.31454045,0.048962828,0.12660989,-0.27950776,0.08284518,-0.14737704,0.42145956,-0.054514296,-0.2528934,0.2499563,-0.3454947,0.24749878,0.10606086,-0.057808414,0.13466217,0.21063603,0.26867524,-0.1677692,-0.0034816177,0.22616544,-0.15532476,-0.0334424,0.24927655,-0.15171692,-0.080971815,-0.41592607,-0.08039665,0.09868832,-0.09017443,0.10595629,-0.42444894,0.18694976,-0.20546855,0.10522427,0.0013288399,-0.07244894,-0.26659274,-0.18763848,-0.06978227,0.0995772,0.119498774,0.22234845,-0.080030635,-0.080658086,-0.15098488,-0.12499796,-0.030566584,-0.2552463,0.008962827,0.115890935,-0.20212214,0.0033680554,-0.17958619,0.20545956,0.023028186,-0.05922018,0.44059682,0.12796937,0.04525041,-0.38512868,-0.07783456,-0.0025927287,-0.05922018,0.16310662,0.035158906,0.09356413,-0.11433129,0.037877858,0.15071446,-0.25969076,-0.039403185,-0.13456659,-0.18214828,0.0684661,0.050113153,0.17842688,0.071446486,0.28054452,0.030139297,-0.11103717,-0.1614424,0.04582557,0.28096282,0.30789092,-0.3004228,-0.0032724673,0.016073938,0.09152492,0.14768179,-0.2725535,0.13753799,0.11029616,0.020675246,-0.2263313,-0.10784763,-0.011324755,-0.14789993,-0.052004494,0.08321119,-0.005834559,0.0558125,0.27045304,-0.043743055,0.14914583,-0.06319404,0.09732884,0.1593942,-0.26491952,0.10067525,-0.00034436275,-0.2595862,0.046557598,-0.07605678,0.059420343,0.20274061,-0.2557692,0.27923733,-0.20891953,0.20812623,-0.32844895,0.4091197,0.17021772,-0.3012071,-0.055455472,-0.14993913,0.1922831,-0.039194036,0.25298896,0.102662176,0.100466095,-0.13571692,-0.16651429,-0.001180964,-0.20708945,0.041067403,-0.1534424,-0.010854167,0.04519812,-0.20170385,0.16624387,-0.001808415,0.049381126,0.13685825,0.018113153,0.15003473,0.59118503,-0.021416258,-0.04844894,-0.32536396,0.17549877,0.13800858,-0.011795343,0.009956291,-0.22094567,0.1559955,0.045721,-0.25420058,0.058008578,0.31677982,-0.15788685,-0.030148285,0.26752493,0.18088439,-0.041337825,-0.0107495915,-0.14873652,-0.07908946,-0.17085417,-0.14680187,0.06710662,0.016596815,-0.16661887,-0.14356005,-0.05163848,-0.3046058,0.27808702,-0.1728411,0.03160335,0.09936806,-0.2734947,0.05586479,-0.015455474,-0.28499797,-0.09456658,0.089904,0.2975903,-0.011899918,0.023917075,-0.04322018,0.16640073,0.11233538,0.15965563,-0.13963848,0.18815237,0.10088439,-0.06622671,-0.31480187,0.10663603,-0.02246201,-0.20212214,0.4385576,-0.21378227,-0.22727247,-0.18230514,0.12671447,-0.061991423,0.116622955,-0.23522018,-0.27992606,-0.15877573,0.1164661,-0.19485417,0.18323734,0.25905433,0.18266217,0.032805964,0.43944648,-0.089024104,-0.037468545,-0.18575613,0.030191585,-0.19589992,-0.43485418,-0.0107495915,-0.1037692,0.10742034,-0.14021364,0.2881785,-0.0068803104,-0.3248934,0.117930144,-0.28797835,-0.09874959,-0.25006986,0.5174073,0.067890935,0.15860988,0.19562949,0.16164257,-0.066488154,0.038662173,-0.1774424,-0.19255352,-0.13148162,-0.01163848,0.14177328,-0.12081495,-0.13895874,-0.1256254,-0.17514175,0.21936806,-0.03454044,-0.17393914,-0.08797835,-0.28191298,0.06454453,0.030819036,-0.14638358,0.021511847,-0.24939011,0.16969486,-0.16421364,-0.0414424,-0.16541626,-0.22622672,0.012152369,0.07280596,0.06935498,-0.10214829,-0.088344365,-0.106435865,-0.0490241,-0.161913,-0.024344362,-0.028684232,0.12744649,-0.29085416,-0.41299796,0.016962826,-0.46978226,-0.05874959,0.026949754,-0.21629207,0.008230801,0.07191707,0.3952112,-0.052684233,0.05210008,0.08843995,0.20911969,-0.052056782,-0.29843587,0.14365564,-0.03997835,0.110766746,-0.13854045,0.07902819,-0.050017565,-0.28876266,-0.29974306,0.005302696,-0.19542933,-0.25639665,0.23055759,0.024126226,-0.32682803,-0.0052593956,0.11526348,0.06579943,-0.004161356,-0.18000449,-0.083899915,0.028256945,0.09921119,0.37068832,-0.07213521,-0.16729861,-0.22999142,0.01126348,-0.0013378268,-0.26303717,-0.16975613,-0.084579654,0.0747406,0.32342035,0.019211194,-0.29404372,-0.066801876,0.1808321,-0.06403064,-0.28254044,-0.008396651,0.14130269,0.28373408,0.04718505,0.015969362,-0.22936398,-0.17498489,-0.27835745,0.010270016,0.0035772058,-0.1564228,0.11542034,0.13879289,0.050060865,-0.19699796,0.29555106,-0.043690767,-0.36672345,-0.038095996,0.034113154,-0.1121875,0.14093669,-0.033599265,-0.114801876,0.14564256,-0.08682802,-0.14345548,0.050426878,0.0078125,0.08253145,-0.24557312,-0.023455475,-0.068370506,0.26804778,-0.17148162,-0.16928554,-0.23825286,-0.27448815,0.13393015,-0.14957312,0.03186479,-0.1534424,-0.2995339,-0.23459274,0.001433415,-0.14324632,0.26559028,-0.25979534,-0.3509326,0.19040073,0.2499563,0.058897465,0.13827002,0.19693668,-0.06863195,0.06841381,0.06485825,-0.20703717,-0.17106332,0.00028308824,0.07845302,-0.07720711,-0.119298615,0.22036152,-0.034279004,-0.2120045,-0.042226717,-0.15171692,0.25978637,0.3540086,-0.0709326,-0.08928554,0.10961642,-0.086409725,-0.038828023,-0.12081495,-0.023403186,-0.11924633,-0.024710376,-0.32159927,0.046871323,-0.3118215,-0.46350777,-0.2591156,-0.08342933,0.08713276,-0.043743055,0.19521119,0.14328963,0.16247916,0.32660988,0.1193942,-0.1976777,-0.17404372,0.1673942,0.39808702,-0.22533783,-0.2729718,0.19474061,-0.16792606,-0.049442403,-0.024448939,-0.04170384,-0.10831822,-0.02591299,0.09225694,0.07317198,-0.18240972,-0.07992606,0.12833537,-0.21488032,0.14281903,0.029145833,-0.05315482,-0.1471156,0.14140727,-0.22188684,-0.08473652,0.024544526,0.028413808,0.12389093,0.18449225,0.19819158,0.06266218,-0.067377046,0.004936683,0.02877982,-0.28724632,0.16263603,0.2621916,-0.08332475,-0.15851429,-0.31652737,-0.29550776,0.1113942,-0.2208411,-0.07380842,-0.09754698,0.0025314542,0.34721118,-0.2792986,0.27243996,0.12660989,-0.090017565,-0.03197835,-0.31736398,0.08342034,-0.15197834,-0.028736519,0.10224387,0.115629494,0.08572099,0.20451838,0.17429616,-0.07830515,-0.35506332,0.15019159,0.1067406,-0.33461887,-0.16384763,0.17596936,-0.17712867,-0.055455472,0.30119812,0.18909355,0.02208701,-0.04274959,0.15991707,-0.036631946,-0.007664624,0.21968178,-0.12640972,-0.07820057,0.16430923,0.18475367,-0.08599142,0.02966871,-0.09979534,-0.16886725,0.30177328,-0.12954697,0.23683211,0.106270015,0.26778635,-0.09833129,0.09675368,-0.077416256,0.13821773,0.14945956,-0.034906454,-0.004841095,0.12932885,0.2503746,0.2385053,0.18715891,0.07270139,0.18914583,0.14914583,-0.21001756,-0.16410907,-0.069416255,-0.11752083,0.03118505,0.08959028,0.0086491015,0.020988971,-0.21388684,-0.101259395,-0.21482803,-0.2246058,-0.1400045,0.2279955,0.034165442,0.13011315,-0.07877573,-0.008814951,-0.16154698,0.1867406,-0.15882802,-0.054357436,0.057224266,0.10799551,0.06250531,0.20174713,0.061354984,0.080492236,0.13795629,-0.032239787,-0.042906456,-0.18664502,-0.03391299,0.02857067,0.09225694,-0.052004494,-0.13874958,0.031446487,-0.11145547,-0.33101103,0.09042688,0.037930146,0.13272753,0.21460989,-0.15616135,0.10224387,0.0103223035,-0.12844893,0.030871324,0.02642688,0.13926348,-0.17759927,-0.2974424,-0.16452737,0.038662173,0.018008579,-0.109050244,-0.19250123,-0.039246324,-0.00029207516,0.23374714,-0.18852738,-0.29937705,0.20697589,0.21126348,0.22647917,0.101145834,0.18857066,-0.18063195,-0.16295874,-0.33582148,0.013041258,-0.074488156,0.038662173,0.19819158,0.123629496,0.018113153,0.09523734,0.110139295,-0.037416257,0.23876674,-0.226279,0.20885825,-0.055141747,-0.15741625,0.039864786,-0.13739012,0.039289623,-0.10240972,-0.11589992,-0.30936396,0.19630924,-0.09890646,-0.096082926,-0.18235743,0.11479289,0.1665053,-0.072292075,-0.11971691,0.21152492,-0.27145547,0.032962825,-0.041808415,-0.15861887,-0.009337827,-0.1812594,-0.2788803,0.07196936,0.19704126,0.15651838,-0.18350776,0.031760212,-0.08426593,0.082113154,0.108466096,-0.07783456,-0.048919525,0.039917074,-0.13550776,-0.068109065,-0.1530764,0.10041381,0.086871326,0.08509354,0.040387664,0.17612623,0.10349877,-0.041337825,0.03766871,-0.018488154,0.081171975,-0.14345548,-0.20923325,0.08059681,-0.09550776,0.024753677,-0.07595221,-0.14235744,0.049485702,0.099786356,-0.19731168,-0.06596528,0.06841381,-0.01294567,0.21722427,0.10815237,0.093093544,0.061302695,-0.1690241,0.049433414,-0.03647508,0.12054452,0.08671446,0.073433414,-0.088710375,-0.23318097,0.15155107,0.07453145,0.17345956,0.17837459,-0.043533906,-0.14810906,0.05884518,-0.02136397,-0.13974306,-0.009860703,0.11960335,-0.09827901,-0.1265143,0.008492239,-0.07846201,-0.2998999,-0.062566586,0.09089747,-0.034645017,-0.29848814,0.2023223,0.060622957,-0.18397835,0.12718505,0.048962828,-0.070357434,-0.13979535,-0.0317692,-0.041808415,0.23003472,0.011943219,-0.028004494,0.20849223,0.008596813,-0.29216135,0.08713276,0.12347263,-0.014880311,0.036256943,-0.056867238,0.19719812,0.16096282,0.0789759,0.101145834,0.32221773,-0.14110254,-0.049442403,-0.14068423,0.012779821,0.23479289,0.14642689,-0.18722019,-0.017024102,0.017433414,-0.28541625,-0.10617443,-0.038618874,-0.18774305,0.030191585,-0.14476267,-0.82303715,-0.6118999,0.7814073,0.9403615,0.35918504,-0.28839666,0.6688321,0.21168178,-0.24546854,0.11583865,0.38574713,-0.4886058,0.05858374,0.08577328,-0.5656777,-0.41859272,0.0098517155,0.5319432,0.1362308,-0.6241875,-0.21048816,-0.1484228,0.4364661,-0.03956005,0.16713277,0.27212623,0.51160336,-0.30601758,0.71960336,0.5893027,-0.26366463,0.0086491015,0.53947264,0.62098897,-0.2536777,-0.49090645,-0.2018607,-0.23908946,0.01795629,-0.087455474,1.0101655,0.2065576,-0.17299795,-0.3736777,-0.042383578,0.641904,-0.41477573,-0.5387496,-0.41132477,0.0814857,0.20650531,-0.13592607,0.118191585,0.18511969,-0.64745545,-0.11004371,-0.011952206,0.04457067,-0.33854043,0.11730269,0.055237338,-0.13221364,-0.3365012,-0.1648411,0.73298895,-0.0042136437,0.37126347,0.43217853,-0.33022672,0.34877983,0.12556413,-0.18157312,-0.042540442,0.27651837,-0.058854166,0.09732884,0.611002,0.24477983,-0.28206986,0.5557864,-0.2889718,0.29173407,0.2911066,0.3413027,0.21419159,-0.6308803,-0.79229206,-0.16614829,-0.15495874,0.4805968,0.120439954,-0.13906331,0.2675772,0.41926348,0.3496687,-0.085782275,0.34114584,0.6557079,-0.23579535,0.33675367,-0.41435742,0.241904,-0.09435743,0.4048321,0.036047794,0.0022177286,0.53298897,0.25596938,0.40091053,0.34260988,-0.27898487,-0.29456657,0.1854857,0.23704126,-0.05613521,-0.14580841,-0.34031823,-0.2123705,0.018531455,0.19243994,-0.027952205,-0.13770384,-0.46784765,-0.5048149,-0.47888032,0.099838644,-0.38512868,-0.09242279,
0,0,0,1,1,0,0,0,0,1,1,0,0,0,0,0,0,0,0,0,0,0,0,0,0,0,0,0,0,0,0,0,0,0,0,0,0,1,0,0,0,0,0,0,0,0,0,0,0,0,0,0,0,0,0,0,0,0,0,0,0,0,0,0,0,0,0,0,0,0,0,0,0,0,0,0,0,0,0,0,0,0,0,0,0,0,0,0,0,0,0,0,0,0,0,0,0,0,0,0,0,0,0,0,0,0,0,0,0,0,0,0,0,0,0,0,0,0,0,0,0,0,0,0,0,0,0,0,0,0,0,0,0,0,0,0,0,0,0,0,0,0,0,0,0,0,0,0,0,0,0,0,0,0,0,0,0,0,0,0,0,0,0,0,0,0,0,0,0,0,0,0,0,0,0,0,0,0,0,0,0,0,0,0,0,0,0,0,0,0,0,0,0,0,0,0,0,0,0,0,0,0,0,0,0,0,0,0,0,0,0,0,0,0,0,0,0,0,0,0,0,0,0,0,0,0,0,0,0,0,0,0,0,0,0,0,0,0,0,0,0,0,0,0,0,0,0,0,0,0,0,0,0,0,0,0,0,0,0,0,0,0,0,0,0,0,0,0,0,0,0,0,0,0,0,0,0,0,0,0,0,0,0,0,0,0,0,0,0,0,0,0,0,0,0,0,0,0,0,0,0,0,0,0,0,0,0,0,0,0,0,0,0,0,0,0,0,0,0,0,0,0,0,0,0,0,0,0,0,0,0,0,0,0,0,0,0,0,0,0,0,0,0,0,0,0,0,0,0,0,0,0,0,0,0,0,0,0,0,0,0,0,0,0,0,0,0,0,0,0,0,0,0,0,0,0,0,0,0,0,0,0,0,0,0,0,0,0,0,0,0,0,0,0,0,0,0,0,0,0,0,0,0,0,0,0,0,0,0,0,0,0,0,0,0,0,0,0,0,0,0,0,0,0,0,0,0,0,0,0,0,0,0,0,0,0,0,0,0,0,0,0,0,0,0,0,0,0,0,0,0,0,0,0,0,0,0,0,0,0,0,0,0,0,0,0,0,0,0,0,0,0,0,0,0,0,0,0,0,0,0,0,0,0,0,0,0,0,0,0,0,0,0,0,0,0,0,0,0,0,0,0,0,0,0,0,0,0,0,0,0,0,0,0,0,0,0,0,0,0,0,0,0,0,0,0,0,0,0,0,0,0,0,0,0,0,0,0,0,0,0,0,0,0,0,0,0,0,0,0,0,0,0,0,0,0,0,0,0,0,0,0,0,0,0,0,0,0,0,0,0,0,0,0,0,0,0,0,0,0,0,0,0,0,0,0,0,0,0,0,0,0,0,0,0,0,0,0,0,0,0,0,0,0,0,0,0,0,0,0,0,0,0,0,0,0,0,0,0,0,0,0,0,0,0,0,0,0,0,0,0,0,0,0,0,0,0,0,0,0,0,0,0,0,0,0,0,0,0,0,0,0,0,0,0,0,0,0,0,0,0,0,0,0,0,0,0,0,0,0,0,0,0,0,0,0,0,0,0,0,0,0,0,0,0,0,0,0,0,0,0,0,0,0,0,0,0,0,0,0,0,0,0,0,0,0,0,0,0,0,0,0,0,0,0,0,0,0,0,0,0,0,0,0,0,0,0,0,0,0,0,0,0,0,0,0,0,0,0,0,0,0,0,0,0,0,0,0,0,0,0,0,0,0,0,0,0,0,0,0,0,0,0,0,0,0,0,0,0,0,0,0,0,0,0,0,0,0,0,0,0,0,0,0,0,0,0,0,0,0,0,0,0,0,0,0,0,0,0,0,0,0,0,0,0,0,0,0,0,0,0,0,0,0,0,0,0,0,0,0,0,0,0,0,0,0,0,0,0,0,0,0,0,0,0,0,0,0,0,0,0,0,0,0,0,0,0,0,0,0,0,0,0,0,0,0,0,0,0,0,0,0,0,0,0,0,0,0,0,0,0,0,0,0,0,0,0,0,0,0,0,0,0,0,0,0,0,0,0,0,0,0,0,0,0,0,0,0,0,0,0,0,0,0,0,0,0,0,0,0,0,0,0,0,0,0,0,0,0,0,0,0,0,0,0,0,0,0,0,0,0,0,0,0,0,0,0,0,0,0,0,0,0,0,0,0,0,0,0,0,0,0,0,0,0,0,0,0,0,0,0,0,0,0,0,0,0,0,0,0,0,0,0,0,0,0,0,0,0,0,0,0,0,0,0,0,0,0,0,0,0,0,0,0,0,0,0,0,0,0,0,0,0,0,0,0,0,0,0,0,0,0,0,0,0,0,0,0,0,0,0,0,0,0,0,0,0,0,0,0,0,0,0,0,0,0,0,0,0,0,0,0,0,0,0,0,0,0,0,0,0,0,0,0,0,0,0,0,0,0,0,0,0,0,0,0,0,0,0,0,0,0,0,0,0,0,0,0,0,0,0,0,0,0,0,0,0,0,0,0,0,0,0,0,0,0,0,0,0,0,0,0,0,0,0,0,0,0,0,0,0,0,0,0,0,0,0,0,0,0,0,0,0,0,0,0,0,0,0,0,0,0,0,0,0,0,0,0,0,0,0,0,0,0,0,0,0,0,0,0,0,0,0,0,0,0,0,0,0,0,0,0,0,0,0,0,0,0,0,0,0,0,0,0,0,0,0,0,0,0,0,0,0,0,0,0,0,0,0,0,0,0,0,0,0,0,0,0,0,0,0,0,0,0,0,0,0,0,0,0,0,0,0,0,0,0,0,0,0,0,0,0,0,0,0,0,0,0,0,0,0,0,0,0,0,0,0,0,0,0,0,0,0,0,0,0,0,0,0,0,0,0,0,0,0,0,0,0,0,0,0,0,0,0,0,0,0,0,0,0,0,0,0,0,0,0,0,0,0,0,0,0,0,0,0,0,0,0,0,0,0,0,0,0,0,0,0,0,0,0,0,0,0,0,0,0,0,0,0,0,0,0,0,0,0,0,0,0,0,0,0,0,0,0,0,0,0,0,0,0,0,0,0,0,0,0,0,0,0,0,0,0,0,0,0,0,0,0,0,0,0,0,0,0,0,0,0,0,0,0,0,0,0,0,0,0,0,0,0,0,0,0,0,0,0,0,0,0,0,0,0,0,0,0,0,0,0,0,0,0,0,0,0,0,0,0,0,0,0,0,0,0,0,0,0,0,0,0,0,0,0,0,0,0,0,0,0,0,0,0,0,0,0,0,0,0,0,0,0,0,0,0,0,0,0,0,0,0,0,0,0,0,0,0,0,0,0,0,0,0,0,0,0,0,0,0,0,0,0,0,0,0,0,0,0,0,0,0,0,0,0,0,0,0,0,0,0,0,0,0,0,0,0,0,0,0,0,0,0,0,0,0,0,0,0,0,0,0,0,0,0,0,0,0,0,0,0,0,0,0,0,0,0,0,0,0,0,0,0,0,0,0,0,0,0,0,0,0,0,0,0,0,0,0,0,0,0,0,0,0,0,0,0,0,0,0,0,0,0,0,0,0,0,0,0,0,0,0,0,0,0,0,0,0,0,0,0,0,0,0,0,0,0,0,0,0,0,0,0,0,0,0,0,0,0,0,0,0,0,0,0,0,0,0,0,0,0,0,0,0,0,0,0,0,0,0,0,0,0,0,0,0,0,0,0,0,0,0,0,0,0,0,0,0,0,0,0,0,0,0,0,0,0,0,0,0,0,0,0,0,0,0,0,0,0,0,0,0,0,0,0,0,0,0,0,0,0,0,0,0,0,0,0,0,0,0,0,0,0,0,0,0,0,0,0,0,0,0,0,0,0,0,0,0,0,0,0,0,0,0,0,0,0,0,0,0,0,0,0,0,0,0,0,0,0,0,0,0,0,0,0,0,0,0,0,0,0,0,0,0,0,0,0,0,0,0,0,0,0,0,0,0,0,0,0,0,0,0,0,0,0,0,0,0,0,0,0,0,0,0,0,0,0,0,0,0,0,0,0,0,0,0,0,0,0,0,0,0,0,0,0,0,0,0,0,0,0,0,0,0,0,0,0,0,0,0,0,0,0,0,0,0,0,0,0,0,0,0,0,0,0,0,0,0,0,0,0,0,0,0,0,0,0,0,0,0,0,0,0,0,0,0,0,0,0,0,0,0,0,0,0,0,0,0,0,0,0,0,0,0,0,0,0,0,0,0,0,0,0,0,0,0,0,0,0,0,0,0,0,0,0,0,0,0,0,0,0,0,0,0,0,0,0,0,0,0,0,0,0,0,0,0,0,0,0,0,0,0,0,0,0,0,0,0,0,0,0,0,0,0,0,0,0,0,0,0,0,0,0,0,0,0,0,0,0,0,0,0,0,0,0,0,0,0,0,0,0,0,0,0,0,0,0,0,0,0,0,0,0,0,0,0,0,0,0,0,0,0,0,0,0,0,0,0,0,0,0,0,0,0,0,0,0,0,0,0,0,0,0,0,0,0,0,0,0,0,0,0,0,0,0,0,0,0,0,0,0,0,0,0,0,0,0,0,0,0,0,0,0,0,0,0,0,0,0,0,0,0,0,0,0,0,0,0,0,0,0,0,0,0,0,0,0,0,0,0,0,0,0,0,0,0,0,0,0,0,0,0,0,0,0,0,0,0,0,0,0,0,0,0,0,0,0,0,0,0,0,0,0,0,0,0,0,0,0,0,0,0,0,0,0,0,0,0,0,0,0,0,0,0,0,0,0,0,0,0,0,0,0,0,0,0,0,0,0,0,0,0,0,0,0,0,0,0,0,0,0,0,0,0,0,0,0,0,0,0,0,0,0,0,0,0,0,0,0,0,0,0,0,0,0,0,0,0,0,0,0,0,0,0,0,0,0,0,0,0,0,0,0,0,0,0,0,0,0,0,0,0,0,0,0,0,0,0,0,0,0,0,0,0,0,0,0,0,0,0,0,0,0,0,0,0,0,0,0,0,0,0,0,0,0,0,0,0,0,0,0,0,0,0,0,0,0,0,0,0,0,0,0,0,0,0,0,0,0,0,0,0,0,0,0,0,0,0,0,0,0,0,0,0,0,0,0,0,0,0,0,0,0,0,0,0,0,0,0,0,0,0,0,0,0,0,0,0,0,0,0,0,0,0,0,0,0,0,0,0,0,0,0,0,0,0,0,0,0,0,0,0,0,0,0,0,0,0,0,0,0,0,0,0,0,0,0,0,0,0,0,0,0,0,0,0,0,0,0,0,0,0,0,0,0,0,0,0,0,0,0,0,0,0,0,0,0,0,0,0,0,0,0,0,0,0,0,0,0,0,0,0,0,0,0,0,0,0,0,0,0,0,0,0,0,0,0,0,0,0,0,0,0,0,0,0,0,0,0,0,0,0,0,0,0,0,0,0,0,0,0,0,0,0,0,0,0,0,0,0,0,0,0,0,0,0,0,0,0,0,0,0,0,0,0,0,0,0,0,0,0,0,0,0,0,0,0,0,0,0,0,0,0,0,0,0,0,0,0,0,0,0,0,0,0,0,0,0,0,0,0,0,0,0,0,0,0,0,0,0,0,0,0,0,0,0,0,0,0,0,0,0,0,0,0,0,0,0,0,0,0,0,0,0,0,0,0,0,0,0,0,0,0,0,0,0,0,0,0,0,0,0,0,0,0,0,0,0,0,0,0,0,0,0,0,0,0,0,0,0,0,0,0,0,0,0,0,0,0,0,0,0,0,0,0,0,0,0,0,0,0,0,0,0,0,0,0,0,0,0,0,0,0,0,0,0,0,0,0,0,0,0,0,0,0,0,0,0,0,0,0,0,0,0,0,0,0,0,0,0,0,0,0,0,0,0,0,0,0,0,0,0,0,0,0,0,0,0,0,0,0,0,0,0,0,0,0,0,0,0,0,0,0,0,0,0,0,0,0,0,0,0,0,0,0,0,0,0,0,0,0,0,0,0,0,0,0,0,0,0,0,0,0,0,0,0,0,0,0,0,0,0,0,0,0,0,0,0,0,0,0,0,0,0,0,0,0,0,0,0,0,0,0,0,0,0,0,0,0,0,0,0,0,0,0,0,0,0,0,0,0,0,0,0,0,0,0,0,0,0,0,0,0,0,0,0,0,0,0,0,0,0,0,0,0,0,0,0,0,0,0,0,0,0,0,0,0,0,0,0,0,0,0,0,0,0,0,0,0,0,0,0,0,0,0,0,0,0,0,0,0,0,0,0,0,0,0,0,0,0,0,0,0,0,0,0,0,0,0,0,0,0,0,0,0,0,0,0,0,0,0,0,0,0,0,0,0,0,0,0,0,0,0,0,0,0,0,0,0,0,0,0,0,0,0,0,0,0,0,0,0,0,0,0,0,0,0,0,0,0,0,0,0,0,0,0,0,0,0,0,0,0,0,0,0,0,0,0,0,0,0,0,0,0,0,0,0,0,0,0,0,0,0,0,0,0,0,0,0,0,0,0,0,0,0,0,0,0,0,0,0,0,0,0,0,0,0,0,0,0,0,0,0,0,0,0,0,0,0,0,0,0,0,0,0,0,0,0,0,0,0,0,0,0,0,0,0,0,0,0,0,0,0,0,0,0,0,0,0,0,0,0,0,0,0,0,0,0,0,0,0,0,0,0,0,0,0,0,0,0,0,0,0,0,0,0,0,0,0,0,0,0,0,0,0,0,0,0,0,0,0,0,0,0,0,0,0,0,0,0,0,0,0,0,0,0,0,0,0,0,0,0,0,0,0,0,0,0,0,0,0,0,0,0,0,0,0,0,0,0,0,0,0,0,0,0,0,0,0,0,0,0,0,0,0,0,0,0,0,0,0,0,0,0,0,0,0,0,0,0,0,0,0,0,0,0,0,0,0,0,0,0,0,0,0,0,0,0,0,0,0,0,0,0,0,0,0,0,0,0,0,0,0,0,0,0,0,0,0,0,0,0,0,0,0,0,0,0,0,0,0,0,0,0,0,0,0,0,0,0,0,0,0,0,0,0,0,0,0,0,0,0,0,0,0,0,0,0,0,0,0,0,0,0,0,0,0,0,0,0,0,0,0,0,0,0,0,0,0,0,0,0,0,0,0,0,0,0,0,0,0,0,0,0,0,0,0,0,0,0,0,0,0,0,0,0,0,0,0,0,0,0,0,0,0,0,0,0,0,0,0,0,0,0,0,0,0,0,0,0,0,0,0,0,0,0,0,0,0,0,0,0,0,0,0,0,0,0,0,0,0,0,0,0,0,0,0,0,0,0,0,0,0,0,0,0,0,0,0,0,0,0,0,0,0,0,0,0,0,0,0,0,0,0,0,0,0,0,0,0,0,0,0,0,0,0,0,0,0,0,0,0,0,0,0,0,0,0,0,0,0,0,0,0,0,0,0,0,0,0,0,0,0,0,0,0,0,0,0,0,0,0,0,0,0,0,0,0,0,0,0,0,0,0,0,0,0,0,0,0,0,0,0,0,0,0,0,0,0,0,0,0,0,0,0,0,0,0,0,0,0,0,0,0,0,0,0,0,0,0,0,0,0,0,0,0,0,0,0,0,0,0,0,0,0,0,0,0,0,0,0,0,0,0,0,0,0,0,0,0,0,0,0,0,0,0,0,0,0,0,0,0,0,0,0,0,0,0,0,0,0,0,0,0,0,0,0,0,0,0,0,0,0,0,0,0,0,0,0,0,0,0,0,0,0,0,0,0,0,0,0,0,0,0,0,0,0,0,0,0,0,0,0,0,0,0,0,0,0,0,0,0,0,0,0,0,0,0,0,0,0,0,0,0,0,0,0,0,0,0,0,0,0,0,0,0,0,0,0,0,0,0,0,0,0,0,0,0,0,0,0,0,0,0,0,0,0,0,0,0,0,0,0,0,0,0,0,0,0,0,0,0,0,0,0,0,0,0,0,0,0,0,0,0,0,0,0,0,0,0,0,0,0,0,0,0,0,0,0,0,0,0,0,0,0,0,0,0,0,0,0,0,0,0,0,0,0,0,0,0,0,0,0,0,0,0,0,0,0,0,0,0,0,0,0,0,0,0,0,0,0,0,0,0,0,0,0,0,0,0,0,0,0,0,0,0,0,0,0,0,0,0,0,0,0,0,0,0,0,0,0,0,0,0,0,0,0,0,0,0,0,0,0,0,0,0,0,0,0,0,0,0,0,0,0,0,0,0,0,0,0,0,0,0,0,0,0,0,0,0,0,0,0,0,0,0,0,0,0,0,0,0,0,0,0,0,0,0,0,0,0,0,0,0,0,0,0,0,0,0,0,0,0,0,0,0,0,0,0,0,0,0,0,0,0,0,0,0,0,0,0,0,0,0,0,0,0,0,0,0,0,0,0,0,0,0,0,0,0,0,0,0,0,0,0,0,0,0,0,0,0,0,0,0,0,0,0,0,0,0,0,0,0,0,0,0,0,0,0,0,0,0,0,0,0,0,0,0,0,0,0,0,0,0,0,0,0,0,0,0,0,0,0,0,0,0,0,0,0,0,0,0,0,0,0,0,0,0,0,0,0,0,0,0,0,0,0,0,0,0,0,0,0,0,0,0,0,0,0,0,0,0,0,0,0,0,0,0,0,0,0,0,0,0,0,0,0,0,0,0,0,0,0,0,0,0,0,0,0,0,0,0,0,0,0,0,0,0,0,0,0,0,0,0,0,0,0,0,0,0,0,0,0,0,0,0,0,0,0,0,0,0,0,0,0,0,0,0,0,0,0,0,0,0,0,0,0,0,0,0,0,0,0,0,0,0,0.43166205,0.6913926,1.1986889,-0.82238626,0.29347342,0.2885648,-0.55203813,-0.41683736,-1.5426743,0.54653466,0.6487089,-0.123600066,0.24918905,0.25094974,-0.87851536,-0.5740202,0.3668361,-0.62273306,-0.048956875,0.114361785,0.05759241,0.2013299,-0.07040545,0.5960478,-0.06859139,-0.27299315,0.16152732,-0.21542346,-0.47301984,-0.43497795,0.48144194,1.1323156,-0.3132226,0.09350011,-0.7588942,0.11366817,0.019123692,0.7144952,-0.117997825,-0.09809653,0.40893295,0.25404432,0.5828158,-0.16036144,0.014908671,-0.9880525,0.18004139,-0.26957846,0.6119475,0.1669695,0.055351514,-0.60816723,0.7834828,-0.060588192,0.13191548,-0.54873013,0.40909302,-0.04298115,-0.040046643,0.34287986,0.8580726,-0.316744,-0.07920898,0.38551024,-0.43396422,-0.008300612,-0.1685247,0.70430446,0.26898363,-0.17204611,-0.34304786,0.15651198,0.70345074,-0.29465514,0.06575568,-0.48144987,-0.3029785,-0.25981456,-0.0800093,-0.07760833,0.063354716,-0.51468986,0.7736655,0.31428176,-0.061068386,0.36560896,-0.6348979,-0.052051447,0.11809661,0.3032907,-0.69172066,0.51510876,-0.5409937,-0.10380548,0.029687917,-0.5756209,-0.31807786,0.35141662,0.60927975,0.040145434,-0.5095678,-0.3406469,-0.36684403,-0.08614508,-0.137579,0.25623187,0.015869057,0.31732297,0.54279983,0.53607714,0.25084305,0.56371486,0.19834204,-0.461762,-0.2968427,0.049215727,-0.014703173,0.3489623,0.44521412,0.14445382,-0.02035877,0.24273314,0.7217514,0.59972924,-0.17663461,-0.11671731,-0.82382685,-0.186772,0.03934511,-0.5272815,0.21669605,0.17625321,-0.5481432,0.3171629,-0.1292023,-0.43791246,0.5430666,0.40621185,0.15971325,0.056151837,0.31855014,-0.19093366,-0.5897065,-0.40099102,-0.064696506,0.9147886,-0.18314388,0.25260374,-0.084757864,-0.4455422,-0.7073536,0.44580102,-0.06112174,-0.35467917,-0.19813655,0.2913926,0.11276115,-0.27512735,0.36512876,0.14045222,-0.19344133,0.0073323078,0.089551866,0.59668803,-0.03380415,0.33818465,0.7380246,-0.059574455,0.28712422,0.17470592,-0.039939933,0.35712555,0.048628826,-0.09441506,-0.83172333,-0.32688138,-0.6581072,0.38422972,-0.45135784,0.17764044,-0.4960157,-0.057066783,0.5492557,-0.49937704,0.16296789,0.4071189,0.02184478,-0.1200253,-0.1376857,0.25233698,0.115855716,-0.3231999,0.366516,0.05268378,-0.340967,-0.41416964,0.26092708,-0.34166062,-0.13240358,0.5839363,0.70547825,0.1328225,-0.44954377,0.016882794,-0.34160727,-0.30665997,0.016349249,0.0023169685,0.1642484,-0.0046191392,0.5293011,0.31673607,0.236544,0.18270913,-0.0012044401,0.14584105,-0.5279218,-0.3146098,-0.15860073,0.46287453,-0.038712777,0.463248,-0.39341465,0.17940113,-0.4024316,-0.24909025,-0.15523939,-0.6065132,0.29934245,0.110573605,0.2966747,0.027873857,0.09664804,0.05268378,-0.65816057,-0.38519803,-0.12498729,-0.07595434,0.51782984,-0.20987457,0.3317821,-0.24818324,-0.3741536,0.019603884,0.38503006,-0.041753992,0.104171045,0.10609181,0.116656035,0.34015876,0.3607003,-0.20128447,0.48800457,-0.12701477,0.2630079,0.17577302,0.30131656,0.2093331,0.104811296,-0.043728117,-0.52680135,0.7820422,-0.1570001,-0.020999024,-0.051624607,0.32041755,0.15928642,0.30542487,0.5718248,-0.62033206,0.45833936,0.15197684,0.24652132,0.13431643,-0.10049749,-0.54953045,-0.8843844,0.09141928,0.08629723,0.4467614,-0.59851,-0.22694807,0.21963055,-0.16655058,0.42963457,0.38385624,-0.21355605,-0.69353473,0.53703755,0.14669472,-0.25789377,0.07215824,-0.28969318,0.18436313,-0.44378147,-0.6437548,-0.0019514055,0.1697973,-0.18389085,0.28861815,0.24444048,0.27661335,0.17684011,-0.062188834,0.1208177,-0.4760077,0.20895962,0.15032284,0.06847677,-0.39613575,0.019657237,-0.3340309,0.27335873,0.22565964,-0.330136,-0.5584407,-0.33856606,-0.13981989,0.16702285,0.39719492,-0.41886485,-0.10962114,0.1510698,-0.28387752,0.73322266,0.2412392,0.2846699,0.12658,0.50518477,0.2686635,-0.06640385,0.32452586,-0.33824593,0.06869018,-0.4236134,-0.11415629,-0.22139919,-0.14115375,-0.050237387,-0.20171131,0.09744836,0.1950874,0.12497937,0.36256772,0.35168338,-0.05002397,0.10641194,0.25239033,-0.23207012,-0.14723618,0.27720025,-0.18789245,0.29875556,0.3012632,0.17390561,0.370731,0.0070655346,-0.19968383,0.058286022,-0.27171263,0.36080703,-0.53064287,-0.23761901,-0.09521538,0.15325734,-0.61638385,0.8531106,0.25452453,0.23035485,0.32714024,-0.32042545,0.084589876,-0.28334397,-0.32197276,-0.008727449,0.18324268,-0.2416206,-0.082623675,-0.090306744,-0.02974919,0.23569031,-0.09766969,0.28712422,0.17321199,-0.0566933,0.24385358,0.19588773,-0.11906492,-0.210088,-0.30351204,-0.28761235,-0.1513445,0.49899563,0.30926642,-0.49857673,-0.114689834,0.37254506,-0.6059797,0.36939713,0.2861105,0.13052826,0.24428043,0.10801258,-0.19552217,0.01933711,-0.10524606,0.19113916,0.19786185,-0.32058552,0.22373886,-0.1810097,-0.39885685,0.084589876,-0.052851766,0.3871109,-0.3288555,0.32404566,-0.03487124,0.011974164,0.1721449,-0.13170998,-0.4047792,-0.37047213,0.42787385,0.29790187,-0.20336531,0.114201725,0.036197186,0.4259531,-0.4716326,-0.20629981,-0.16841799,-0.13325725,0.42109782,-0.0481032,0.329061,0.24107914,0.06250104,-0.19888352,0.36443514,-0.055732917,0.13895829,0.08170872,0.5114806,0.26695615,-0.23932636,-0.1622822,0.028887596,-0.28814587,0.06837006,-0.21424966,0.042493038,0.24684145,-0.21456979,-0.08971985,-0.12813522,0.021791425,0.04617451,0.42632657,-0.057226848,0.39778182,-0.23121645,-0.15433235,-0.45258498,0.09499404,0.19716825,-0.2112618,-0.23953977,0.29069898,-0.22689472,-0.3498239,-0.23158993,-0.14083363,-0.44804984,-0.15817389,0.5059851,0.5751328,0.03086172,-0.31247562,0.1362372,-0.47446042,-0.20928767,0.24257307,0.48576367,0.10166337,-0.06763101,0.07119785,0.16216758,0.21744302,0.4813886,0.053057265,-0.2871855,0.65932643,-0.13485791,0.2885648,0.20671873,0.20789254,0.09424707,-0.45461246,0.17123787,0.23675741,0.4769068,0.011867455,0.18729763,-0.2990836,0.31545556,0.11462856,0.049642567,-0.11565022,0.17972127,-0.06181535,-0.11346268,-0.017157488,-0.11794447,-0.09638918,-0.51228887,0.03726428,0.014801962,-0.19258766,-0.050344095,-0.101884715,0.060953755,0.42083105,0.044840645,0.41725627,0.09024547,0.24022546,0.429848,-0.08486457,0.112867855,0.59871554,0.5431733,-0.10588631,-0.1982966,-0.25949442,0.5213513,0.18388292,0.29027215,-0.28841266,-0.20715348,-0.08022271,0.44905567,-0.123600066,0.28130856,-0.43401757,-0.32570758,0.43566364,-0.21456979,-0.010381444,0.62880754,0.088698186,-0.19157392,-0.44298115,-0.2569334,0.2074657,0.030008044,0.35050958,-0.21766436,0.12722026,0.3884981,-0.21184869,-0.34395486,-0.064002894,-0.4880125,-0.4671508,-0.37836865,0.2599667,0.046601348,0.115162104,-0.28275707,0.2309951,-0.271766,-0.22097234,0.42456588,0.21818998,-0.13181669,-0.12333329,-0.2130225,0.046654705,0.25180343,0.13346276,-0.27096567,0.0346499,-0.39693606,-0.0124089215,-0.3996038,-0.17850202,-0.41614375,-0.23777907,0.2844565,0.041639365,-0.4880125,0.016989505,-0.02916229,0.45273712,-0.08075626,-0.116183765,0.33818465,0.2685568,0.3142284,0.32489935,0.33114183,0.35611182,0.68909836,-0.35318524,-0.30938104,0.15651198,0.22544622,-0.17892887,0.4525237,0.3484821,0.060580272,0.44398698,-0.14536877,-0.010968345,0.47599977,0.0061051506,0.22710021,-0.35942772,-0.03236357,0.31060028,0.15208355,0.005358185,-0.18068957,-0.15187804,0.19871552,-0.36113507,-0.23745894,0.13148864,-0.062882446,0.05641861,0.109559864,-0.113409325,-0.17439371,-0.013849498,0.29144594,-0.17956913,-0.018704774,-0.24119377,0.17150465,-0.13581829,-0.019184966,-0.10263168,-0.2456222,0.22779383,-0.13069624,-0.06090832,0.3954342,0.4227518,0.10902632,0.12412569,-0.24444841,0.3192971,0.06559561,-0.20891419,0.18788452,-0.10300516,0.22256507,0.23766445,-0.22113241,0.2246459,-0.14526206,-0.08758566,0.43267578,0.4336895,-0.305913,-0.29993728,0.19428709,0.04468058,0.57849413,-0.13656525,0.032515716,0.0013032296,0.06901031,0.35808593,0.40541154,0.16771646,-0.34128714,0.044733934,-0.14072691,-0.04170064,-0.3273082,-0.25773373,0.26354146,-0.04228754,-0.17727487,0.52263176,0.19983597,-0.16121511,0.06292788,0.028247342,0.14701484,0.16606246,-0.036738653,0.12017745,-0.27171263,-0.15790713,-0.33819258,0.17465258,-0.49836332,0.11196083,0.05940647,-0.10620644,0.41058695,-0.26749763,0.36422172,-0.07643453,0.029901335,0.4500694,0.09808861,-0.051891383,0.10982664,-0.3753274,-0.4180645,0.28957853,0.32666004,-0.07179268,0.32730028,0.040839043,-0.050130676,-0.057173494,0.14728162,-0.1452087,-0.17289978,-0.58031607,0.28226894,-0.5066866,-0.25453243,-0.43428433,0.13020812,0.072585076,-0.31044814,-0.20144454,-0.021745991,-0.41603705,0.08859148,-0.20704678,-0.12749496,0.0797346,0.31225428,-0.25335863,-0.16249563,0.2810418,-0.24909025,-0.28361073,-0.16196208,-0.29780307,0.16440848,-0.4166773,0.46863684,0.0420662,0.0067454064,-0.07968917,-0.21350269,-0.29983056,0.18937846,0.13335605,-0.14702277,-0.4540789,0.05471126,-0.28798583,-0.47670132,-0.11975853,-0.40862074,0.08464323,-0.0046191392,-0.7552127,-0.06485657,-0.2876657,0.33386293,-0.008460676,0.3346099,0.17459922,0.12204486,-0.28643852,-0.39261433,-0.5210924,0.55208355,-0.031029703,-0.0691783,-0.53645855,0.41021347,0.24102579,0.4367841,0.09830203,-0.32949576,-0.37201944,-0.47675467,-0.22065222,-0.19445507,-0.22476053,0.053857584,0.41213423,-0.35467917,-0.6789689,-0.0033919818,0.54904234,-0.318398,0.010907071,0.17748037,0.038704857,-0.12882882,-0.16372278,0.04057227,0.11372153,-0.41571692,0.36288786,-0.10818056,0.0077057905,0.6336095,0.38679075,-0.16430968,-0.6057129,-0.16975185,-0.06330928,-0.42313322,-0.20613974,0.41165403,-0.21734422,-0.0948419,-0.21531676,0.24812196,-0.2393797,-0.18154325,-0.3586274,0.14477395,0.2794945,-0.13058953,-0.06272238,0.07936112,-0.19589566,0.16254106,-0.28019604,0.38134858,-0.027028102,-0.018438,-0.038659424,-0.027348232,-0.5547592,-0.22892219,-0.1439282,-0.34550217,0.09520746,-0.07856872,0.32676676,-0.17962247,0.24193281,0.15363082,0.1828692,-0.324267,-0.56457645,0.19775514,0.07269178,0.039932016,-0.016677296,0.28152198,-0.18815923,0.22880757,-0.0931879,0.028887596,-0.32970917,0.059886664,0.05028282,0.36054027,0.094460495,0.087044194,-0.09574892,-0.16964515,-0.28243694,0.104811296,0.3071856,-0.18341066,-0.104499094,0.34778848,0.17641327,0.12716691,-0.22129248,0.28925842,-0.20139118,0.17764044,-0.11725086,0.25543153,-0.40125778,0.20202352,0.019177046,-0.40541947,0.4112272,0.3717981,-0.28638518,0.16435511,-0.038712777,0.0859771,-0.1936014,0.3331693,0.35456455,0.24929576,-0.15267836,0.3518968,0.013254677,0.5619008,-0.057386912,0.19642128,0.11132057,-0.09404158,-0.56948507,-0.41646388,-0.3476897,-0.033537373,0.08965857,-0.22668129,0.5785475,0.3359971,0.2280606,-0.029589128,0.17822734,0.07194482,-0.2181979,0.07615984,0.040518917,0.3262332,0.20314397,-0.25842732,-0.006486553,0.48293588,-0.10914095,-0.1672442,-0.10588631,-0.026974749,0.13879822,0.23302259,-0.22305317,-0.032790408,-0.036631946,0.0042910916,-0.1440349,-0.47446042,-0.29838997,0.07530616,-0.09612241,0.07381223,0.38519013,-0.092174165,0.06042021,-0.061175097,-0.28510466,-0.2737401,0.202397,-0.15139785,-0.05439905,-0.043247923,0.32308528,-0.26226887,-0.16799116,-0.04388818,-0.00067089335,-0.13395087,0.6081593,-0.27923566,0.0699707,0.081281886,-0.13453777,0.0334761,0.4659691,-0.29769638,-0.19957712,-0.40739357,0.19626121,0.07861415,-0.13101636,-0.23473786,-0.20854071,0.040038723,-0.17562087,-0.16543013,-0.114263,-0.12541412,0.06420839,0.4247793,0.038544793,-0.066990755,0.1982887,0.14733498,-0.22006531,-0.009367705,-0.24402156,-0.06282909,0.16846342,-0.21024805,0.4808017,-0.13528474,0.19183278,-0.33072293,0.56280786,0.19402032,0.40802592,-0.2582139,0.2731453,-0.20918097,-0.26771104,0.036730733,0.3096399,0.005998441,-0.044475082,0.07178476,-0.01032809,0.31204087,-0.34304786,0.026913473,-0.13715215,-0.2136094,0.17406566,-0.1415806,0.050709657,-0.31498328,0.037797827,-0.24263434,0.18206887,-0.25789377,-0.0041389475,0.26743636,0.3302348,-0.037218846,0.008346046,0.05711222,1.170571,0.97337204,1.0052248,-0.755106,-0.0067533264,-0.76753765,-1.5412338,-0.8444751,-1.6096878,0.5779072,-1.4788088,-0.5921608,0.028407404,0.103370726,0.39783517,-0.71669066,-0.37687472,-0.48785242,0.3554182,0.4067454,0.40845275,-0.30612642,0.40525147,1.0278472,0.9845765,-0.5171975,1.234063,0.296568,0.24438713,-0.6247605,-0.51703745,0.077013515,0.14381357,0.91670936,-0.9727397,0.38631058,-0.06939171,-0.34107372,-0.38567823,0.97006404,-0.01283576,1.0949674,0.5660091,0.08501671,-0.04762301,-0.64124715,0.92439246,-0.55833393,0.05460455,0.632329,-0.8663505,0.39842206,0.31710956,0.71865684,-0.123600066,-0.14600903,0.3466147,0.3998093,0.46730295,-0.6507976,-0.08971985,0.84942913,0.46863684,-0.48971984,-0.123119876,0.5487222,0.39655465,-0.9958956,0.061380595,-0.34294114,0.22128455,-0.44708946,0.47680008,-0.82420033,0.016776085,0.27170473,0.44788185,0.5969548,0.01282784,0.43043488,0.6091197,0.71935046,-0.86677736,-0.10092433,-0.52493393,0.07610648,0.82718027,0.47141126,-0.6530385,0.36422172,-0.45039746,-0.7988035,-0.56655055,-1.0736867,0.01032017,0.23211555,0.44484064,-0.057546977,-0.5265879,0.5676097,0.15074967,-0.22764169,-0.668458,0.97459924,0.59092575,0.33999872,1.00992,-0.10076427,-0.7336041,0.14253305,0.3629412,0.95016277,0.13346276,0.041425947,0.2832827,0.81549555,-0.095962346,0.84905565,0.3359971,-0.39410827,0.3354102,-0.37084562,-0.048850164,0.028514113,-0.6582139,0.22251171,-0.78578496,-0.17380682,
1,1,0,0,0,0,0,0,0,0,0,0,0,0,0,0,0,0,0,0,0,0,0,0,0,0,0,0,0,0,0,0,0,0,0,0,0,0,0,0,0,0,0,0,0,0,0,0,0,0,0,0,0,0,0,0,0,0,0,0,0,0,0,0,0,0,0,0,0,0,0,0,0,0,0,0,0,0,0,0,0,0,0,0,0,0,0,0,0,0,0,0,0,0,0,0,0,0,0,0,0,0,0,0,0,0,0,0,0,0,0,0,0,0,0,0,0,0,0,0,0,0,0,0,0,0,0,0,0,0,0,0,0,0,0,0,0,0,0,0,0,0,0,0,0,0,0,0,0,0,0,0,0,0,0,0,0,0,0,0,0,0,0,0,0,0,0,0,0,0,0,0,0,0,0,0,0,0,0,0,0,0,0,0,0,0,0,0,0,0,0,0,0,0,0,0,0,0,0,0,0,0,0,0,0,0,0,0,0,0,0,0,0,0,0,0,0,0,0,0,0,0,0,0,0,0,0,0,0,0,0,0,0,0,0,0,0,0,0,0,0,0,0,0,0,0,0,0,0,0,0,0,0,0,0,0,0,0,0,0,0,0,0,0,0,0,0,0,0,0,0,0,0,0,0,0,0,0,0,0,0,0,0,0,0,0,0,0,0,0,0,0,0,0,0,0,0,0,0,0,0,0,0,0,0,0,0,0,0,0,0,0,0,0,0,0,0,0,0,0,0,0,0,0,0,0,0,0,0,0,0,0,0,0,0,0,0,0,0,0,0,0,0,0,0,0,0,0,0,0,0,0,0,0,0,0,0,0,0,0,0,0,0,0,0,0,0,0,0,0,0,0,0,0,0,0,0,0,0,0,0,0,0,0,0,0,0,0,0,0,0,0,0,0,0,0,0,0,0,0,0,0,0,0,0,0,0,0,0,0,0,0,0,0,0,0,0,0,0,0,0,0,0,0,0,0,0,0,0,0,0,0,0,0,0,0,0,0,0,0,0,0,0,0,0,0,0,0,0,0,0,0,0,0,0,0,0,0,0,0,0,0,0,0,0,0,0,0,0,0,0,0,0,0,0,0,0,0,0,0,0,0,0,0,0,0,0,0,0,0,0,0,0,0,0,0,0,0,0,0,0,0,0,0,0,0,0,0,0,0,0,0,0,0,0,0,0,0,0,0,0,0,0,0,0,0,0,0,0,0,0,0,0,0,0,0,0,0,0,0,0,0,0,0,0,0,0,0,0,0,0,0,0,0,0,0,0,0,0,0,0,0,0,0,0,0,0,0,0,0,0,0,0,0,0,0,0,0,0,0,0,0,0,0,0,0,0,0,0,0,0,0,0,0,0,0,0,0,0,0,0,0,0,0,0,0,0,0,0,0,0,0,0,0,0,0,0,0,0,0,0,0,0,0,0,0,0,0,0,0,0,0,0,0,0,0,0,0,0,0,0,0,0,0,0,0,0,0,0,0,0,0,0,0,0,0,0,0,0,0,0,0,0,0,0,0,0,0,0,0,0,0,0,0,0,0,0,0,0,0,0,0,0,0,0,0,0,0,0,0,0,0,0,0,0,0,0,0,0,0,0,0,0,0,0,0,0,0,0,0,0,0,0,0,0,0,0,0,0,0,0,0,0,0,0,0,0,0,0,0,0,0,0,0,0,0,0,0,0,0,0,0,0,0,0,0,0,0,0,0,0,0,0,0,0,0,0,0,0,0,0,0,0,0,0,0,0,0,0,0,0,0,0,0,0,0,0,0,0,0,0,0,0,0,0,0,0,0,0,0,0,0,0,0,0,0,0,0,0,0,0,0,0,0,0,0,0,0,0,0,0,0,0,0,0,0,0,0,0,0,0,0,0,0,0,0,0,0,0,0,0,0,0,0,0,0,0,0,0,0,0,0,0,0,0,0,0,0,0,0,0,0,0,0,0,0,0,0,0,0,0,0,0,0,0,0,0,0,0,0,0,0,0,0,0,0,0,0,0,0,0,0,0,0,0,0,0,0,0,0,0,0,0,0,0,0,0,0,0,0,0,0,0,0,0,0,0,0,0,0,0,0,0,0,0,0,0,0,0,0,0,0,0,0,0,0,0,0,0,0,0,0,0,0,0,0,0,0,0,0,0,0,0,0,0,0,0,0,0,0,0,0,0,0,0,0,0,0,0,0,0,0,0,0,0,0,0,0,0,0,0,0,0,0,0,0,0,0,0,0,0,0,0,0,0,0,0,0,0,0,0,0,0,0,0,0,0,0,0,0,0,0,0,0,0,0,0,0,0,0,0,0,0,0,0,0,0,0,0,0,0,0,0,0,0,0,0,0,0,0,0,0,0,0,0,0,0,0,0,0,0,0,0,0,0,0,0,0,0,0,0,0,0,0,0,0,0,0,0,0,0,0,0,0,0,0,0,0,0,0,0,0,0,0,0,0,0,0,0,0,0,0,0,0,0,0,0,0,0,0,0,0,0,0,0,0,0,0,0,0,0,0,0,0,0,0,0,0,0,0,0,0,0,0,0,0,0,0,0,0,0,0,0,0,0,0,0,0,0,0,0,0,0,0,0,0,0,0,0,0,0,0,0,0,0,0,0,0,0,0,0,0,0,0,0,0,0,0,0,0,0,0,0,0,0,0,0,0,0,0,0,0,0,0,0,0,0,0,0,0,0,0,0,0,0,0,0,0,0,0,0,0,0,0,0,0,0,0,0,0,0,0,0,0,0,0,0,0,0,0,0,0,0,0,0,0,0,0,0,0,0,0,0,0,0,0,0,0,0,0,0,0,0,0,0,0,0,0,0,0,0,0,0,0,0,0,0,0,0,0,0,0,0,0,0,0,0,0,0,0,0,0,0,0,0,0,0,0,0,0,0,0,0,0,0,0,0,0,0,0,0,0,0,0,0,0,0,0,0,0,0,0,0,0,0,0,0,0,0,0,0,0,0,0,0,0,0,0,0,0,0,0,0,0,0,0,0,0,0,0,0,0,0,0,0,0,0,0,0,0,0,0,0,0,0,0,0,0,0,0,0,0,0,0,0,0,0,0,0,0,0,0,0,0,0,0,0,0,0,0,0,0,0,0,0,0,0,0,0,0,0,0,0,0,0,0,0,0,0,0,0,0,0,0,0,0,0,0,0,0,0,0,0,0,0,0,0,0,0,0,0,0,0,0,0,0,0,0,0,0,0,0,0,0,0,0,0,0,0,0,0,0,0,0,0,0,0,0,0,0,0,0,0,0,0,0,0,0,0,0,0,0,0,0,0,0,0,0,0,0,0,0,0,0,0,0,0,0,0,0,0,0,0,0,0,0,0,0,0,0,0,0,0,0,0,0,0,0,0,0,0,0,0,0,0,0,0,0,0,0,0,0,0,0,0,0,0,0,0,0,0,0,0,0,0,0,0,0,0,0,0,0,0,0,0,0,0,0,0,0,0,0,0,0,0,0,0,0,0,0,0,0,0,0,0,0,0,0,0,0,0,0,0,0,0,0,0,0,0,0,0,0,0,0,0,0,0,0,0,0,0,0,0,0,0,0,0,0,0,0,0,0,0,0,0,0,0,0,0,0,0,0,0,0,0,0,0,0,0,0,0,0,0,0,0,0,0,0,0,0,0,0,0,0,0,0,0,0,0,0,0,0,0,0,0,0,0,0,0,0,0,0,0,0,0,0,0,0,0,0,0,0,0,0,0,0,0,0,0,0,0,0,0,0,0,0,0,0,0,0,0,0,0,0,0,0,0,0,0,0,0,0,0,0,0,0,0,0,0,0,0,0,0,0,0,0,0,0,0,0,0,0,0,0,0,0,0,0,0,0,0,0,0,0,0,0,0,0,0,0,0,0,0,0,0,0,0,0,0,0,0,0,0,0,0,0,0,0,0,0,0,0,0,0,0,0,0,0,0,0,0,0,0,0,0,0,0,0,0,0,0,0,0,0,0,0,0,0,0,0,0,0,0,0,0,0,0,0,0,0,0,0,0,0,0,0,0,0,0,0,0,0,0,0,0,0,0,0,0,0,0,0,0,0,0,0,0,0,0,0,0,0,0,0,0,0,0,0,0,0,0,0,0,0,0,0,0,0,0,0,0,0,0,0,0,0,0,0,0,0,0,0,0,0,0,0,0,0,0,0,0,0,0,0,0,0,0,0,0,0,0,0,0,0,0,0,0,0,0,0,0,0,0,0,0,0,0,0,0,0,0,0,0,0,0,0,0,0,0,0,0,0,0,0,0,0,0,0,0,0,0,0,0,0,0,0,0,0,0,0,0,0,0,0,0,0,0,0,0,0,0,0,0,0,0,0,0,0,0,0,0,0,0,0,0,0,0,0,0,0,0,0,0,0,0,0,0,0,0,0,0,0,0,0,0,0,0,0,0,0,0,0,0,0,0,0,0,0,0,0,0,0,0,0,0,0,0,0,0,0,0,0,0,0,0,0,0,0,0,0,0,0,0,0,0,0,0,0,0,0,0,0,0,0,0,0,0,0,0,0,0,0,0,0,0,0,0,0,0,0,0,0,0,0,0,0,0,0,0,0,0,0,0,0,0,0,0,0,0,0,0,0,0,0,0,0,0,0,0,0,0,0,0,0,0,0,0,0,0,0,0,0,0,0,0,0,0,0,0,0,0,0,0,0,0,0,0,0,0,0,0,0,0,0,0,0,0,0,0,0,0,0,0,0,0,0,0,0,0,0,0,0,0,0,0,0,0,0,0,0,0,0,0,0,0,0,0,0,0,0,0,0,0,0,0,0,0,0,0,0,0,0,0,0,0,0,0,0,0,0,0,0,0,0,0,0,0,0,0,0,0,0,0,0,0,0,0,0,0,0,0,0,0,0,0,0,0,0,0,0,0,0,0,0,0,0,0,0,0,0,0,0,0,0,0,0,0,0,0,0,0,0,0,0,0,0,0,0,0,0,0,0,0,0,0,0,0,0,0,0,0,0,0,0,0,0,0,0,0,0,0,0,0,0,0,0,0,0,0,0,0,0,0,0,0,0,0,0,0,0,0,0,0,0,0,0,0,0,0,0,0,0,0,0,0,0,0,0,0,0,0,0,0,0,0,0,0,0,0,0,0,0,0,0,0,0,0,0,0,0,0,0,0,0,0,0,0,0,0,0,0,0,0,0,0,0,0,0,0,0,0,0,0,0,0,0,0,0,0,0,0,0,0,0,0,0,0,0,0,0,0,0,0,0,0,0,0,0,0,0,0,0,0,0,0,0,0,0,0,0,0,0,0,0,0,0,0,0,0,0,0,0,0,0,0,0,0,0,0,0,0,0,0,0,0,0,0,0,0,0,0,0,0,0,0,0,0,0,0,0,0,0,0,0,0,0,0,0,0,0,0,0,0,0,0,0,0,0,0,0,0,0,0,0,0,0,0,0,0,0,0,0,0,0,0,0,0,0,0,0,0,0,0,0,0,0,0,0,0,0,0,0,0,0,0,0,0,0,0,0,0,0,0,0,0,0,0,0,0,0,0,0,0,0,0,0,0,0,0,0,0,0,0,0,0,0,0,0,0,0,0,0,0,0,0,0,0,0,0,0,0,0,0,0,0,0,0,0,0,0,0,0,0,0,0,0,0,0,0,0,0,0,0,0,0,0,0,0,0,0,0,0,0,0,0,0,0,0,0,0,0,0,0,0,0,0,0,0,0,0,0,0,0,0,0,0,0,0,0,0,0,0,0,0,0,0,0,0,0,0,0,0,0,0,0,0,0,0,0,0,0,0,0,0,0,0,0,0,0,0,0,0,0,0,0,0,0,0,0,0,0,0,0,0,0,0,0,0,0,0,0,0,0,0,0,0,0,0,0,0,0,0,0,0,0,0,0,0,0,0,0,0,0,0,0,0,0,0,0,0,0,0,0,0,0,0,0,0,0,0,0,0,0,0,0,0,0,0,0,0,0,0,0,0,0,0,0,0,0,0,0,0,0,0,0,0,0,0,0,0,0,0,0,0,0,0,0,0,0,0,0,0,0,0,0,0,0,0,0,0,0,0,0,0,0,0,0,0,0,0,0,0,0,0,0,0,0,0,0,0,0,0,0,0,0,0,0,0,0,0,0,0,0,0,0,0,0,0,0,0,0,0,0,0,0,0,0,0,0,0,0,0,0,0,0,0,0,0,0,0,0,0,0,0,0,0,0,0,0,0,0,0,0,0,0,0,0,0,0,0,0,0,0,0,0,0,0,0,0,0,0,0,0,0,0,0,0,0,0,0,0,0,0,0,0,0,0,0,0,0,0,0,0,0,0,0,0,0,0,0,0,0,0,0,0,0,0,0,0,0,0,0,0,0,0,0,0,0,0,0,0,0,0,0,0,0,0,0,0,0,0,0,0,0,0,0,0,0,0,0,0,0,0,0,0,0,0,0,0,0,0,0,0,0,0,0,0,0,0,0,0,0,0,0,0,0,0,0,0,0,0,0,0,0,0,0,0,0,0,0,0,0,0,0,0,0,0,0,0,0,0,0,0,0,0,0,0,0,0,0,0,0,0,0,0,0,0,0,0,0,0,0,0,0,0,0,0,0,0,0,0,0,0,0,0,0,0,0,0,0,0,0,0,0,0,0,0,0,0,0,0,0,0,0,0,0,0,0,0,0,0,0,0,0,0,0,0,0,0,0,0,0,0,0,0,0,0,0,0,0,0,0,0,0,0,0,0,0,0,0,0,0,0,0,0,0,0,0,0,0,0,0,0,0,0,0,0,0,0,0,0,0,0,0,0,0,0,0,0,0,0,0,0,0,0,0,0,0,0,0,0,0,0,0,0,0,0,0,0,0,0,0,0,0,0,0,0,0,0,0,0,0,0,0,0,0,0,0,0,0,0,0,0,0,0,0,0,0,0,0,0,0,0,0,0,0,0,0,0,0,0,0,0,0,0,0,0,0,0,0,0,0,0,0,0,0,0,0,0,0,0,0,0,0,0,0,0,0,0,0,0,0,0,0,0,0,0,0,0,0,0,0,0,0,0,0,0,0,0,0,0,0,0,0,0,0,0,0,0,0,0,0,0,0,0,0,0,0,0,0,0,0,0,0,0,0,0,0,0,0,0,0,0,0,0,0,0,0,0,0,0,0,0,0,0,0,0,0,0,0,0,0,0,0,0,0,0,0,0,0,0,0,0,0,0,0,0,0,0,0,0,0,0,0,0,0,0,0,0,0,0,0,0,0,0,0,0,0,0,0,0,0,0,0,0,0,0,0,0,0,0,0,0,0,0,0,0,0,0,0,0,0,0,0,0,0,0,0,0,0,0,0,0,0,0,0,0,0,0,0,0,0,0,0,0,0,0,0,0,0,0,0,0,0,0,0,0,0,0,0,0,0,0,0,0,0,0,0,0,0,0,0,0,0,0,0,0,0,0,0,0,0,0,0,0,0,0,0,0,0,0,0,0,0,0,0,0,0,0,0,0,0,0,0,0,0,0,0,0,0,0,0,0,0,0,0,0,0,0,0,0,0,0,0,0,0,0,0,0,0,0,0,0,0,0,0,0,0,0,0,0,0,0,0,0,0,0,0,0,0,0,0,0,0,0,0,0,0,0,0,0,0,0,0,0,0,0,0,0,0,0,0,0,0,0,0,0,0,0,0,0,0,0,0,0,0,0,0,0,0,0,0,0,0,0,0,0,0,0,0,0,0,0,0,0,0,0,0,0,0,0,0,0,0,0,0,0,0,0,0,0,0,0,0,0,0,0,0,0,0,0,0,0,0,0,0,0,0,0,0,0,0,0,0,0,0,0,0,0,0,0,0,0,0,0,0,0,0,0,0,0,0,0,0,0,0,0,0,0,0,0,0,0,0,0,0,0,0,0,0,0,0,0,0,0,0,0,0,0,0,0,0,0,0,0,0,0,0,0,0,0,0,0,0,0,0,0,0,0,0,0,0,0,0,0,0,0,0,0,0,0,0,0,0,0,0,0,0,0,0,0,0,0,0,0,0,0,0,0,0,0,0,0,0,0,0,0,0,0,0,0,0,0,0,0,0,0,0,0,0,0,0,0,0,0,0,0,0,0,0,0,0,0,0,0,0,0,0,0,0,0,0,0,0,0,0,0,0,0,0,0,0,0,0,0,0,0,0,0,0,0,0,0,0,0,0,0,0,0,0,0,0,0,0,0,0,0,0,0,0,0,0,0,0,0,0,0,0,0,0,0,0,0,0,0,0,0,0,0,0,0,0,0,0,0,0,0,0,0,0,0,0,0,0,0,0,0,0,0,0,0,0,0,0,0,0,0,0,0,0,0,0,0,0,0,0,0,0,0,0,0,0,0,0,0,0,0,0,0,0,0,0,0,0,0,0,0,0,0,0,0,0,0,0,0,0,0,0,0,0,0,0,0,0,0,0,0,0,0,0,0,0,0,0,0,0,0,0,0,0,0,0,0,0,0,0,0,0,0,0,0,0,0,0,0,0,0,0,0,0,0,0,0,0,0,0,0,0,0,0,0,0,0,0,0,0,0,0,0,0,0,0,0,0,0,0,0,0,0,0,0,0,0,0,0,0,0,0,0,0,0,0,0,0,0,0,0,0,0,0,0,0,0,0,0,0,0,0,0,0,0,0,0,0,0,0,0,0,0,0,0,0,0,0,0,0,0,0,0,0,0,0,0,0,0,0,0,0,0,0,0,0,0,0,0,0,0,0,0,0,0,0,0,0,0,0,0,0,0,0,0,0,0,0,0,0,0,0,0,0,0,0,0.10710328,-0.3753887,-0.7311668,0.36653867,1.7027645,0.3758837,-0.543599,-1.509918,1.3884828,0.035346918,-0.6856655,1.3185065,-0.9538896,0.25907102,-0.5219052,0.02366565,-1.4478405,0.33294114,-1.054571,0.45909882,-1.3824253,0.018659392,-0.864667,-1.3761953,-0.7385093,-1.2323488,0.03668192,-1.1697149,0.009203128,0.6940592,-0.42445004,1.1409512,-1.0600222,1.2958114,0.63298285,0.24249475,0.37198994,-0.89959955,-0.69756925,-1.285304,0.103988275,-0.04642196,-0.6752079,0.6904992,-0.17435966,-0.4850814,0.4038075,-0.66386044,-1.0916173,-1.5405118,0.6283103,1.5229843,1.4214128,1.7293533,0.9718509,0.5022639,-0.38072872,-0.30986238,-0.9136171,-0.07746076,0.90087324,1.2488638,1.373019,0.6381004,-0.38629124,-0.7520818,0.04469193,0.42794877,0.53786397,0.19398966,-0.2593548,-1.1182061,0.4069225,0.30902234,-0.47017387,0.06060071,0.8226644,1.1632012,0.18219715,-0.018164415,-0.85665697,-0.1340871,1.0004421,-0.54404396,-0.3593687,0.018770643,0.54020023,0.16450837,-0.57041025,-0.4853039,0.42361003,1.356554,0.47066885,-0.9778084,-0.83396196,-1.2619413,-0.013491908,1.5600306,-0.6344904,0.4752301,0.006421873,1.479263,0.9923209,0.06649697,0.7312167,-0.38695875,-0.26391605,0.58948404,0.730883,0.82121813,1.22895,1.0685273,-0.40843004,0.9933222,1.0719761,-0.34657493,-0.3502462,1.5886219,-0.4875289,0.23426223,1.1084661,-0.6880017,0.6713642,1.4337616,0.8796245,-0.04475321,0.20021968,-0.6615242,-0.49220142,-0.88624954,-0.43068007,0.22647472,-0.96590465,1.4706967,0.5450952,0.24193849,1.5016242,0.47667634,-0.17858717,-1.0551273,-0.058770727,-1.2823001,-0.11350582,-0.5684078,1.3729078,0.743343,-0.92997086,0.10020577,1.2437463,-1.0512335,-0.035741944,0.091750756,0.46966758,-1.5612043,0.2731998,-0.19627595,-1.5833431,0.1193408,0.1193408,-0.025395676,0.739783,1.0419385,1.2299513,0.87528574,-0.30663612,-0.038078196,0.0102043785,-0.5897678,-0.077238254,-0.28794608,-0.11306082,-0.32354614,-0.42823255,0.9292421,-0.81271315,0.23348348,-0.3205424,-1.3408177,-0.9445446,-0.54838276,0.22458346,0.6811542,-1.1479099,-0.2524573,-0.6664192,-1.4228091,0.005531871,0.051478192,0.9769684,1.6461382,0.43807253,0.26852727,-0.32443616,-0.18426092,0.48324013,0.42494503,0.5050452,0.22469471,-0.03329444,-0.6095703,-0.31008488,0.41437626,-0.84352946,0.7672618,-0.04041445,0.49814764,0.31169236,0.730883,0.33371988,-0.867337,0.88262826,-0.12218333,-0.30841613,-0.02127942,-0.43624258,-1.1872925,1.0088972,-0.39908502,1.3469864,-1.5123655,-0.882022,1.4203004,-0.90560704,-0.226091,0.3772187,-0.31186488,1.1220386,-0.3522487,-0.6592992,0.12501456,0.60060906,-0.46739262,-0.5586178,-1.3172327,-0.4214463,-1.1110861,-0.57741904,-0.6347129,-1.1865138,0.51083016,0.3310499,-0.88613826,-0.25034353,-0.84197193,0.8099819,1.3982728,0.9890947,-0.67075795,-0.12407458,0.853147,0.70295924,0.33015987,-1.7624559,-1.5302768,-0.090810776,-1.1702712,0.17274088,0.1222333,0.29567233,0.22224721,-0.093258284,0.72298425,1.040381,-0.18437217,0.32704487,-0.3484662,0.23670973,-0.6957892,0.14715335,0.93858707,-0.59299403,1.0539535,0.4714476,0.7767181,0.62285906,-1.3679627,-0.9340871,-0.14387712,1.3740202,-0.26769856,-0.09136703,0.5246252,-1.1789488,0.6972855,-1.2949827,-0.7520818,0.07484073,-0.533364,-0.8550995,1.5752718,0.26118478,0.7802781,-0.6900042,1.2420776,0.737558,1.0074509,1.1272674,0.24761225,1.2758976,0.48524264,-0.39775002,1.8921124,-1.3246864,-0.3019636,0.63876784,-0.0400807,-1.6582144,-1.5488555,0.013986885,-0.76988184,-1.329804,0.45031008,0.3561924,-1.1997526,0.43295503,-0.89848703,-0.7747769,0.5428702,-0.057101976,0.42183003,-0.13308585,0.13280207,1.0677485,0.7216492,-0.38517874,-0.88936454,0.53029895,0.1537171,0.5844778,1.3852565,0.31903487,0.4803476,0.33672363,0.4658851,-0.4223363,-0.42956755,-0.31375614,1.2486414,0.54698646,-0.2972911,0.11244329,-1.6335169,-0.44592133,0.28888607,-0.97124463,-1.833211,-0.62981784,1.0111222,1.2054763,-0.77722436,0.046471935,0.28421354,0.42361003,-1.3261327,-1.6040356,0.5447615,0.30690858,-0.99805593,0.15850087,0.55622023,0.3457349,0.4718926,0.6347629,-0.9117258,-0.033183187,0.39835623,-1.3704103,-0.5585065,0.06160196,-1.2690613,0.5559977,-1.2163287,1.0061159,0.6883854,-0.78323185,-0.59165907,0.6710304,-0.21641223,-0.7065805,-0.28761235,0.010315629,0.62586284,-0.16924216,0.9257933,0.32570988,0.7441218,1.2876902,-0.81961066,-1.2868614,0.54943395,0.10432202,-1.0800474,-1.2520401,-0.6525129,-0.4817439,1.1017911,0.7665943,0.4904714,0.6741454,-0.28783482,0.52395767,0.86849946,-0.3653762,1.2014712,-1.4589654,-1.0695899,0.94871086,0.0854095,0.37399244,-1.038551,0.84547067,-0.055433225,-0.13531084,-1.2467,-0.230986,-0.4134363,1.3735752,-1.2430289,0.248391,1.3763565,-0.17814216,0.8203281,0.10821578,0.04135443,1.0160172,-0.30663612,0.19276592,-0.6754304,-0.1360896,0.18486716,0.94170207,-0.04809071,-1.1223224,-0.12997083,0.5509915,-0.45893762,0.5971603,0.15872335,0.30045608,0.32548738,-1.3766403,0.7812793,0.3133611,0.23615348,1.043941,0.5998303,0.5967153,-0.99293846,0.23915723,-1.1583674,1.4425504,-0.57741904,0.75569177,1.2137088,1.4990654,-1.6535419,1.4586816,0.99454594,0.555664,1.0446085,-0.12685584,0.18141839,-0.6660854,0.54609644,-0.32265615,0.18564591,-0.5766403,-0.19560844,-1.1625949,0.56067026,-1.2495925,0.554774,-0.09793079,0.58970654,-0.36626622,0.9472646,-0.055544473,-0.8604395,0.58303154,0.27420104,0.89130574,-0.64461416,-0.45548886,0.98731464,1.3772465,-1.1167599,0.60639405,1.0389347,0.568569,-0.16412464,1.3759115,0.04847444,0.30835485,-0.39630374,-0.8211682,0.12434705,-0.18659718,-0.60055906,-0.5252427,0.36164367,-0.20517595,-0.53714645,-0.11917958,-0.7021305,-0.8576582,-1.2934252,-0.17636216,-0.02695318,0.41916,-0.86989576,-1.3215715,0.920342,-1.0792686,1.1510749,1.1158086,0.033010665,-0.7791156,-0.43112507,-0.6839967,-1.6116006,-0.59110284,1.1539674,0.58948404,0.16061461,-0.039969448,1.2421888,1.2424113,0.23815599,0.22591847,0.48223886,-0.54393274,-0.15311088,0.29767483,-0.844197,-0.90950084,-1.1688249,-0.32632738,0.06805447,0.51027393,0.10142952,0.4685551,-0.31575862,-0.7647643,0.43740505,1.5342205,1.1887888,1.038601,-0.6482854,-1.19063,-0.4959839,1.1015686,-1.7482159,-0.40320128,0.69661796,-1.3408177,0.573909,0.545429,1.0745348,-0.1662384,-0.91906834,-0.00826315,0.07828949,1.1359448,0.45442632,1.8580698,0.5517702,-1.0847198,0.98787093,-0.9531109,1.632232,-1.1887387,0.11489079,-1.2571576,-0.77967185,0.10187452,-0.49587268,1.1975775,-0.7051342,0.6846029,-0.7159255,1.0438298,0.49814764,-1.1416799,-0.875347,-1.4490641,-0.9077208,-0.31909615,1.3242915,-0.35925746,-0.9842609,1.5961869,-1.0719261,1.2569851,1.5218717,0.2184647,0.036125667,-0.93308586,-1.489448,-1.4539591,0.728658,0.90220827,-0.51456267,-1.6716758,0.7173105,0.29767483,1.6049756,0.39379498,-0.17836466,-0.2686998,0.42160752,-0.25657353,0.6080628,0.49592263,0.077399485,0.29511607,0.26396602,0.7222055,1.4353191,1.6109831,-0.2640273,-0.32176614,-0.18359342,-1.1084161,0.4770101,0.83901817,-0.6386066,-0.54448897,-0.81716317,-0.559619,0.59015155,0.17574464,1.7795272,-0.9028258,0.9326908,0.35051867,-0.3287749,-1.6407481,-1.2359089,-0.6618579,-0.533364,0.3874537,-0.26703104,0.32170486,1.1785537,-0.03818945,0.25673476,-0.397305,0.12979832,0.36142117,1.506853,-0.35781118,-1.7145071,0.5120539,-0.8090419,-0.3301099,0.4539813,0.0048643705,0.67592543,0.19265467,-0.24856353,-1.0611348,-1.5578668,0.12990956,-0.54760396,0.28376856,1.3139452,-1.0826061,0.99454594,-0.30541235,-0.38796,-0.77032685,1.021246,-0.04475321,-0.9249646,0.47845635,-0.4068725,-1.0396636,0.65334165,0.581029,-0.14732587,1.381919,0.5984953,1.1122487,1.044386,-1.6270645,0.94147956,-0.10927831,-0.10994581,0.27620354,1.4070616,1.1106911,-0.062108234,0.9706271,0.7404505,0.048808187,1.4119565,0.14147958,0.11578079,-0.18047842,1.3548852,0.42717004,-0.43112507,0.6971742,0.3057961,0.45976633,0.24894725,0.027670655,-0.14510086,-0.12685584,1.1762174,-0.6060103,0.13647333,-0.31553614,-0.2577973,0.33327487,-0.09047703,1.0615185,0.4625476,0.70985675,1.014571,0.013875634,-1.0539036,-0.57374775,-0.17791967,0.9138895,-0.2689223,-0.46661386,-0.394635,-0.24211101,-0.3591462,1.5325518,-0.35469618,0.8213294,1.2827951,-0.542709,-0.28249484,0.8830733,-1.2770714,-0.87256575,-0.9666834,0.0063106227,-1.6070395,-0.68010294,-0.5919928,-1.4085691,-1.2762927,0.72832423,0.8583757,-1.4885579,1.1657599,-0.73005426,-0.40720627,0.1800834,0.79818934,0.5651202,-1.0694785,0.70607424,0.123679556,1.4259741,0.28221107,0.47311634,1.1188123,1.0974523,0.25206226,0.3741037,-1.3091115,-1.2332388,0.9227896,1.0666361,-0.7981394,0.49269637,-1.1511362,0.7002892,0.3095786,-0.48230013,0.42950627,-0.33322492,0.573909,0.61017656,-0.76276183,0.9874259,0.15605335,-0.3318899,-1.1838437,-0.51867896,0.5056014,-0.3169824,-0.6045641,0.39290497,-0.20728971,0.9669559,-0.60667783,0.6971742,-0.56173277,-0.90560704,-1.1042999,1.3932666,0.117449544,-1.0506773,-0.691673,-0.22809349,0.30679736,0.8970908,-0.3522487,0.5656765,0.46610758,0.7343318,-0.21363097,-1.0544598,0.9296871,-0.47940764,-0.03863445,0.10020577,-0.1961647,-0.26658607,1.6219969,-0.8074844,0.022330647,-0.14365461,-1.5449618,-0.8217244,-0.19538595,0.20033093,0.25339726,0.52685016,1.3240689,-0.010710654,1.0450535,-0.544934,0.4341788,-0.09047703,-1.1333362,-0.32243365,-1.3042164,-1.0475622,-0.39163125,-0.85643446,0.8208844,1.1632012,-0.042416953,0.68905294,-1.0000584,0.23971349,1.2390738,-0.8483132,-0.58765405,-0.16056463,-0.7623168,0.9734084,0.14915584,0.9146683,-0.18704218,1.1827812,-1.0945098,0.73321927,-0.026063178,1.7171158,-0.51489645,0.4756751,0.84602696,-0.851762,0.6379891,0.22068971,-0.4930914,-0.2595773,-0.20840222,-0.6152441,0.94426084,-0.22998475,-0.093369536,0.36308992,0.030785661,0.35140866,-0.08647202,0.2468335,1.5129718,-0.6773217,0.005531871,-0.28038108,0.60083157,-0.62447786,-1.0100709,-1.4398304,0.8344569,-0.4281213,-0.60434157,-0.18937844,0.8003031,-0.95589215,0.7410068,-0.237661,0.32081488,0.66691417,-0.4299013,-1.5907968,0.054370698,0.6349853,-0.49387017,-0.27804482,-0.036631946,-0.7373968,-0.47684887,-1.0048422,-0.3602587,0.45298007,-0.5031039,0.56690025,-0.28460857,0.36286741,0.21902095,1.1797775,-1.4875567,-0.26680854,0.4384063,0.75202054,1.0690836,0.05670695,0.4920289,-0.9772522,0.26385477,-0.2316535,-1.6878071,-1.2086525,0.36442494,-0.23988602,0.14414959,1.2613238,-0.9710221,-0.681883,0.4920289,0.5714615,-0.45993885,-0.19939095,0.23860098,-0.62091786,-0.5424865,1.2426338,0.071614474,1.4287554,-0.4826339,0.66936165,-0.28171608,1.096896,1.0883298,-0.37616748,-0.6581867,0.1173383,-0.07835076,-0.96612716,0.39501873,-0.9305271,0.43317753,-0.4959839,-0.07801701,-0.4278988,-0.59788907,-0.38606873,1.5057405,-1.1136448,-0.21963848,-0.85320824,-0.6002253,0.53029895,-0.071564496,-0.54882777,0.408035,-0.688113,-0.56418025,0.66713667,0.7940731,-0.5296927,0.66936165,-0.34679744,-0.23665975,-0.99338347,-0.8523182,-0.694343,0.0239994,-1.0372161,-0.5987791,-0.050426967,0.9534946,0.13780832,-0.30663612,-1.1760563,-1.0226423,-0.44024757,-0.12997083,0.4836851,-0.0706745,-0.65718544,0.8956445,0.8465832,0.21067719,-0.14788212,0.19410092,1.3181727,-0.3571437,1.2132638,0.39212623,0.8202169,-0.037521947,1.0812098,-0.98915595,-0.49731892,-0.6130191,0.45031008,0.28821856,0.2869948,-0.401755,-0.36415246,-0.46750388,0.4667751,0.9173383,0.32404113,0.40147123,1.4190766,0.30167982,0.16584337,-0.8174969,0.04157693,-0.32866365,-0.6139091,0.569459,-0.29996112,0.4366263,-1.2498151,-0.6060103,-1.5566431,-0.554279,-0.6649729,-1.0832735,1.8783174,0.48357385,-1.1688249,1.2341788,-1.8848311,-0.6485079,-1.6871395,0.34684741,-0.51422894,-1.1439049,-1.2292339,0.8001919,-0.21274097,-0.5983341,1.4789292,-0.8360757,1.0299234,-0.8288444,-0.6664192,-0.63115287,-1.3944403,0.47244886,-0.9251871,-1.5971382,-0.40487003,-0.9452121,0.7578055,-0.81293565,1.3041551,-1.4804367,1.0146822,0.3182561,1.2429676,-0.7496343,1.1970212,-0.48196638,1.6334556,0.68248916,-1.359174,0.79885685,0.6437741,0.83890694,0.083184496,-0.8445307,0.07461823,-0.46583512,-1.0326548,0.83167565,-1.4096816,-0.3241024,-1.2863052,-0.26903355,-0.41199002,-0.6411654,-0.29984987,0.1503796,0.17329714,-0.37015995,0.23025723,0.3361674,0.54376024,-0.40253377,-0.8779058,1.5177555,0.5545515,0.80942565,0.67314416,0.95516336,-0.21763597,-0.2003922,-0.1052733,-0.094482034,-0.6590767,1.5146405,-1.0664748,0.09152826,-1.2340176,1.3397552,-1.1206536,0.27130854,-0.20406346,1.1470699,-0.27715483,1.0462773,0.33338612,-1.0807148,0.87150323,-0.3203199,0.28198856,0.66891664,-0.23042975,-0.4890864,0.56334025,-0.42801005,0.25551102,0.50660264,0.6910554,0.2615185,-0.7943569,0.720203,0.9763009,-0.26035604,0.6808204,0.5124989,-1.0204172,-0.90671957,-0.8118231,0.80831313,-1.518373,0.20010842,-1.2845252,0.67614794,0.003974369,0.7207592,-0.6226979,0.7342205,-0.56395775,0.83901817,0.39424,1.1782199,
0,0,0,0,0,0,0,0,0,0,0,0,0,0,1,0,0,0,0,0,0,0,0,0,0,0,0,0,0,0,0,0,0,0,0,0,0,0,0,0,0,0,0,0,0,0,0,0,0,0,0,0,0,0,0,0,0,0,0,0,0,0,0,0,0,0,0,0,0,0,0,0,0,0,0,0,0,0,0,0,0,0,0,0,0,0,0,0,0,0,0,0,0,0,0,0,0,0,0,0,0,0,0,0,0,0,0,0,0,0,0,0,0,0,0,0,0,0,0,0,0,0,0,0,0,0,0,0,0,0,0,0,0,0,0,0,0,0,0,0,0,0,0,0,0,0,0,0,0,0,0,0,0,0,0,0,0,0,0,0,0,0,0,0,0,0,0,0,0,0,0,0,0,0,0,0,0,0,0,0,0,0,0,0,0,0,0,0,0,0,0,0,0,0,0,0,0,0,0,0,0,0,0,0,0,0,0,0,0,0,0,0,0,0,0,0,0,0,0,0,0,0,0,0,0,0,0,0,0,0,0,0,0,0,0,0,0,0,0,0,0,0,0,0,0,0,0,0,0,0,0,0,0,0,0,0,0,0,0,0,0,0,0,0,0,0,0,0,0,0,0,0,0,0,0,0,0,0,0,0,0,0,0,0,0,0,0,0,0,0,0,0,0,0,0,0,0,0,0,0,0,0,0,0,0,0,0,0,0,0,0,0,0,0,0,0,0,0,0,0,0,0,0,0,0,0,0,0,0,0,0,0,0,0,0,0,0,0,0,0,0,0,0,0,0,0,0,0,0,0,0,0,0,0,0,0,0,0,0,0,0,0,0,0,0,0,0,0,0,0,0,0,0,0,0,0,0,0,0,0,0,0,0,0,0,0,0,0,0,0,0,0,0,0,0,0,0,0,0,0,0,0,0,0,0,0,0,0,0,0,0,0,0,0,0,0,0,0,0,0,0,0,0,0,0,0,0,0,0,0,0,0,0,0,0,0,0,0,0,0,0,0,0,0,0,0,0,0,0,0,0,0,0,0,0,0,0,0,0,0,0,0,0,0,0,0,0,0,0,0,0,0,0,0,0,0,0,0,0,0,0,0,0,0,0,0,0,0,0,0,0,0,0,0,0,0,0,0,0,0,0,0,0,0,0,0,0,0,0,0,0,0,0,0,0,0,0,0,0,0,0,0,0,0,0,0,0,0,0,0,0,0,0,0,0,0,0,0,0,0,0,0,0,0,0,0,0,0,0,0,0,0,0,0,0,0,0,0,0,0,0,0,0,0,0,0,0,0,0,0,0,0,0,0,0,0,0,0,0,0,0,0,0,0,0,0,0,0,0,0,0,0,0,0,0,0,0,0,0,0,0,0,0,0,0,0,0,0,0,0,0,0,0,0,0,0,0,0,0,0,0,0,0,0,0,0,0,0,0,0,0,0,0,0,0,0,0,0,0,0,0,0,0,0,0,0,0,0,0,0,0,0,0,0,0,0,0,0,0,0,0,0,0,0,0,0,0,0,0,0,0,0,0,0,0,0,0,0,0,0,0,0,0,0,0,0,0,0,0,0,0,0,0,0,0,0,0,0,0,0,0,0,0,0,0,0,0,0,0,0,0,0,0,0,0,0,0,0,0,0,0,0,0,0,0,0,0,0,0,0,0,0,0,0,0,0,0,0,0,0,0,0,0,0,0,0,0,0,0,0,0,0,0,0,0,0,0,0,0,0,0,0,0,0,0,0,0,0,0,0,0,0,0,0,0,0,0,0,0,0,0,0,0,0,0,0,0,0,0,0,0,0,0,0,0,0,0,0,0,0,0,0,0,0,0,0,0,0,0,0,0,0,0,0,0,0,0,0,0,0,0,0,0,0,0,0,0,0,0,0,0,0,0,0,0,0,0,0,0,0,0,0,0,0,0,0,0,0,0,0,0,0,0,0,0,0,0,0,0,0,0,0,0,0,0,0,0,0,0,0,0,0,0,0,0,0,0,0,0,0,0,0,0,0,0,0,0,0,0,0,0,0,0,0,0,0,0,0,0,0,0,0,0,0,0,0,0,0,0,0,0,0,0,0,0,0,0,0,0,0,0,0,0,0,0,0,0,0,0,0,0,0,0,0,0,0,0,0,0,0,0,0,0,0,0,0,0,0,0,0,0,0,0,0,0,0,0,0,0,0,0,0,0,0,0,0,0,0,0,0,0,0,0,0,0,0,0,0,0,0,0,0,0,0,0,0,0,0,0,0,0,0,0,0,0,0,0,0,0,0,0,0,0,0,0,0,0,0,0,0,0,0,0,0,0,0,0,0,0,0,0,0,0,0,0,0,0,0,0,0,0,0,0,0,0,0,0,0,0,0,0,0,0,0,0,0,0,0,0,0,0,0,0,0,0,0,0,0,0,0,0,0,0,0,0,0,0,0,0,0,0,0,0,0,0,0,0,0,0,0,0,0,0,0,0,0,0,0,0,0,0,0,0,0,0,0,0,0,0,0,0,0,0,0,0,0,0,0,0,0,0,0,0,0,0,0,0,0,0,0,0,0,0,0,0,0,0,0,0,0,0,0,0,0,0,0,0,0,0,0,0,0,0,0,0,0,0,0,0,0,0,0,0,0,0,0,0,0,0,0,0,0,0,0,0,0,0,0,0,0,0,0,0,0,0,0,0,0,0,0,0,0,0,0,0,0,0,0,0,0,0,0,0,0,0,0,0,0,0,0,0,0,0,0,0,0,0,0,0,0,0,0,0,0,0,0,0,0,0,0,0,0,0,0,0,0,0,0,0,0,0,0,0,0,0,0,0,0,0,0,0,0,0,0,0,0,0,0,0,0,0,0,0,0,0,0,0,0,0,0,0,0,0,0,0,0,0,0,0,0,0,0,0,0,0,0,0,0,0,0,0,0,0,0,0,0,0,0,0,0,0,0,0,0,0,0,0,0,0,0,0,0,0,0,0,0,0,0,0,0,0,0,0,0,0,0,0,0,0,0,0,0,0,0,0,0,0,0,0,0,0,0,0,0,0,0,0,0,0,0,0,0,0,0,0,0,0,0,0,0,0,0,0,0,0,0,0,0,0,0,0,0,0,0,0,0,0,0,0,0,0,0,0,0,0,0,0,0,0,0,0,0,0,0,0,0,0,0,0,0,0,0,0,0,0,0,0,0,0,0,0,0,0,0,0,0,0,0,0,0,0,0,0,0,0,0,0,0,0,0,0,0,0,0,0,0,0,0,0,0,0,0,0,0,0,0,0,0,0,0,0,0,0,0,0,0,0,0,0,0,0,0,0,0,0,0,0,0,0,0,0,0,0,0,0,0,0,0,0,0,0,0,0,0,0,0,0,0,0,0,0,0,0,0,0,0,0,0,0,0,0,0,0,0,0,0,0,0,0,0,0,0,0,0,0,0,0,0,0,0,0,0,0,0,0,0,0,0,0,0,0,0,0,0,0,0,0,0,0,0,0,0,0,0,0,0,0,0,0,0,0,0,0,0,0,0,0,0,0,0,0,0,0,0,0,0,0,0,0,0,0,0,0,0,0,0,0,0,0,0,0,0,0,0,0,0,0,0,0,0,0,0,0,0,0,0,0,0,0,0,0,0,0,0,0,0,0,0,0,0,0,0,0,0,0,0,0,0,0,0,0,0,0,0,0,0,0,0,0,0,0,0,0,0,0,0,0,0,0,0,0,0,0,0,0,0,0,0,0,0,0,0,0,0,0,0,0,0,0,0,0,0,0,0,0,0,0,0,0,0,0,0,0,0,0,0,0,0,0,0,0,0,0,0,0,0,0,0,0,0,0,0,0,0,0,0,0,0,0,0,0,0,0,0,0,0,0,0,0,0,0,0,0,0,0,0,0,0,0,0,0,0,0,0,0,0,0,0,0,0,0,0,0,0,0,0,0,0,0,0,0,0,0,0,0,0,0,0,0,0,0,0,0,0,0,0,0,0,0,0,0,0,0,0,0,0,0,0,0,0,0,0,0,0,0,0,0,0,0,0,0,0,0,0,0,0,0,0,0,0,0,0,0,0,0,0,0,0,0,0,0,0,0,0,0,0,0,0,0,0,0,0,0,0,0,0,0,0,0,0,0,0,0,0,0,0,0,0,0,0,0,0,0,0,0,0,0,0,0,0,0,0,0,0,0,0,0,0,0,0,0,0,0,0,0,0,0,0,0,0,0,0,0,0,0,0,0,0,0,0,0,0,0,0,0,0,0,0,0,0,0,0,0,0,0,0,0,0,0,0,0,0,0,0,0,0,0,0,0,0,0,0,0,0,0,0,0,0,0,0,0,0,0,0,0,0,0,0,0,0,0,0,0,0,0,0,0,0,0,0,0,0,0,0,0,0,0,0,0,0,0,0,0,0,0,0,0,0,0,0,0,0,0,0,0,0,0,0,0,0,0,0,0,0,0,0,0,0,0,0,0,0,0,0,0,0,0,0,0,0,0,0,0,0,0,0,0,0,0,0,0,0,0,0,0,0,0,0,0,0,0,0,0,0,0,0,0,0,0,0,0,0,0,0,0,0,0,0,0,0,0,0,0,0,0,0,0,0,0,0,0,0,0,0,0,0,0,0,0,0,0,0,0,0,0,0,0,0,0,0,0,0,0,0,0,0,0,0,0,0,0,0,0,0,0,0,0,0,0,0,0,0,0,0,0,0,0,0,0,0,0,0,0,0,0,0,0,0,0,0,0,0,0,0,0,0,0,0,0,0,0,0,0,0,0,0,0,0,0,0,0,0,0,0,0,0,0,0,0,0,0,0,0,0,0,0,0,0,0,0,0,0,0,0,0,0,0,0,0,0,0,0,0,0,0,0,0,0,0,0,0,0,0,0,0,0,0,0,0,0,0,0,0,0,0,0,0,0,0,0,0,0,0,0,0,0,0,0,0,0,0,0,0,0,0,0,0,0,0,0,0,0,0,0,0,0,0,0,0,0,0,0,0,0,0,0,0,0,0,0,0,0,0,0,0,0,0,0,0,0,0,0,0,0,0,0,0,0,0,0,0,0,0,0,0,0,0,0,0,0,0,0,0,0,0,0,0,0,0,0,0,0,0,0,0,0,0,0,0,0,0,0,0,0,0,0,0,0,0,0,0,0,0,0,0,0,0,0,0,0,0,0,0,0,0,0,0,0,0,0,0,0,0,0,0,0,0,0,0,0,0,0,0,0,0,0,0,0,0,0,0,0,0,0,0,0,0,0,0,0,0,0,0,0,0,0,0,0,0,0,0,0,0,0,0,0,0,0,0,0,0,0,0,0,0,0,0,0,0,0,0,0,0,0,0,0,0,0,0,0,0,0,0,0,0,0,0,0,0,0,0,0,0,0,0,0,0,0,0,0,0,0,0,0,0,0,0,0,0,0,0,0,0,0,0,0,0,0,0,0,0,0,0,0,0,0,0,0,0,0,0,0,0,0,0,0,0,0,0,0,0,0,0,0,0,0,0,0,0,0,0,0,0,0,0,0,0,0,0,0,0,0,0,0,0,0,0,0,0,0,0,0,0,0,0,0,0,0,0,0,0,0,0,0,0,0,0,0,0,0,0,0,0,0,0,0,0,0,0,0,0,0,0,0,0,0,0,0,0,0,0,0,0,0,0,0,0,0,0,0,0,0,0,0,0,0,0,0,0,0,0,0,0,0,0,0,0,0,0,0,0,0,0,0,0,0,0,0,0,0,0,0,0,0,0,0,0,0,0,0,0,0,0,0,0,0,0,0,0,0,0,0,0,0,0,0,0,0,0,0,0,0,0,0,0,0,0,0,0,0,0,0,0,0,0,0,0,0,0,0,0,0,0,0,0,0,0,0,0,0,0,0,0,0,0,0,0,0,0,0,0,0,0,0,0,0,0,0,0,0,0,0,0,0,0,0,0,0,0,0,0,0,0,0,0,0,0,0,0,0,0,0,0,0,0,0,0,0,0,0,0,0,0,0,0,0,0,0,0,0,0,0,0,0,0,0,0,0,0,0,0,0,0,0,0,0,0,0,0,0,0,0,0,0,0,0,0,0,0,0,0,0,0,0,0,0,0,0,0,0,0,0,0,0,0,0,0,0,0,0,0,0,0,0,0,0,0,0,0,0,0,0,0,0,0,0,0,0,0,0,0,0,0,0,0,0,0,0,0,0,0,0,0,0,0,0,0,0,0,0,0,0,0,0,0,0,0,0,0,0,0,0,0,0,0,0,0,0,0,0,0,0,0,0,0,0,0,0,0,0,0,0,0,0,0,0,0,0,0,0,0,0,0,0,0,0,0,0,0,0,0,0,0,0,0,0,0,0,0,0,0,0,0,0,0,0,0,0,0,0,0,0,0,0,0,0,0,0,0,0,0,0,0,0,0,0,0,0,0,0,0,0,0,0,0,0,0,0,0,0,0,0,0,0,0,0,0,0,0,0,0,0,0,0,0,0,0,0,0,0,0,0,0,0,0,0,0,0,0,0,0,0,0,0,0,0,0,0,0,0,0,0,0,0,0,0,0,0,0,0,0,0,0,0,0,0,0,0,0,0,0,0,0,0,0,0,0,0,0,0,0,0,0,0,0,0,0,0,0,0,0,0,0,0,0,0,0,0,0,0,0,0,0,0,0,0,0,0,0,0,0,0,0,0,0,0,0,0,0,0,0,0,0,0,0,0,0,0,0,0,0,0,0,0,0,0,0,0,0,0,0,0,0,0,0,0,0,0,0,0,0,0,0,0,0,0,0,0,0,0,0,0,0,0,0,0,0,0,0,0,0,0,0,0,0,0,0,0,0,0,0,0,0,0,0,0,0,0,0,0,0,0,0,0,0,0,0,0,0,0,0,0,0,0,0,0,0,0,0,0,0,0,0,0,0,0,0,0,0,0,0,0,0,0,0,0,0,0,0,0,0,0,0,0,0,0,0,0,0,0,0,0,0,0,0,0,0,0,0,0,0,0,0,0,0,0,0,0,0,0,0,0,0,0,0,0,0,0,0,0,0,0,0,0,0,0,0,0,0,0,0,0,0,0,0,0,0,0,0,0,0,0,0,0,0,0,0,0,0,0,0,0,0,0,0,0,0,0,0,0,0,0,0,0,0,0,0,0,0,0,0,0,0,0,0,0,0,0,0,0,0,0,0,0,0,0,0,0,0,0,0,0,0,0,0,0,0,0,0,0,0,0,0,0,0,0,0,0,0,0,0,0,0,0,0,0,0,0,0,0,0,0,0,0,0,0,0,0,0,0,0,0,0,0,0,0,0,0,0,0,0,0,0,0,0,0,0,0,0,0,0,0,0,0,0,0,0,0,0,0,0,0,0,0,0,0,0,0,0,0,0,0,0,0,0,0,0,0,0,0,0,0,0,0,0,0,0,0,0,0,0,0,0,0,0,0,0,0,0,0,0,0,0,0,0,0,0,0,0,0,0,0,0,0,0,0,0,0,0,0,0,0,0,0,0,0,0,0,0,0,0,0,0,0,0,0,0,0,0,0,0,0,0,0,0,0,0,0,0,0,0,0,0,0,0,0,0,0,0,0,0,0,0,0,0,0,0,0,0,0,0,0,0,0,0,0,0,0,0,0,0,0,0,0,0,0,0,0,0,0,0,0,0,0,0,0,0,0,0,0,0,0,0,0,0,0,0,0,0,0,0,0,0,0,0,0,0,0,0,0,0,0,0,0,0,0,0,0,0,0,0,0,0,0,0,0,0,0,0,0,0,0,0,0,0,0,0,0,0,0,0,0,0,0,0,0,0,0,0,0,0,0,0,0,0,0,0,0,0,0,0,0,0,0,0,0,0,0,0,0,0,0,0,0,0,0,0,0,0,0,0,0,0,0,0,0,0,0,0,0,0,0,0,0,0,0,0,0,0,0,0,0,0,0,0,0,0,0,0,0,0,0,0,0,0,0,0,0,0,0,0,0,0,0,0,0,0,0,0,0,0,0,0,0,0,0,0,0,0,0,0,0,0,0,0,0,0,0,0,0,0,0,0,0,0,0,0,0,0,0,0,0,0,0,0,0,0,0,0,0,0,0,0,0,0,0,0,0,0,0,0,0,0,0,0,0,0,0,0,0,0,0,0,0,0,0,0,0,0,0,0,0,0,0,0,0,0,0,0,0,0,0,0,0,0,0,0,0,0,0,0,0,0,0,0,0,0,0,0,0,0,0,0,0,0,0,0,0,0,0,0,0,0,0,0,0,0,0,0,0,0,0,0,0,0,0,0,0,0,0,0,0,0,0,0,0,0,0,0,0,0,0,0,0,0,0,0,0,0,0,0,0,0,0,0,0,0,0,0,0,0,0,0,0,0,0,0,0,0,0,0,0,0,0,0,0,0,0,0,0,0,0,0,0,0,0,0,0,0,0,0,0,0,0,0,0,0,0,0,0,0,0,0,0,0,0,0,0,0,0,0,0,0,0,0,0,0,0,0,0,0,0,0,0,0,0,0,0,0,0,0,0,0,0,0,0,0,0,0,0,0,0,0,0,0,0,0,0,0,0,0,0,0,0,0,0,0,0,0,0,0,0,0,0,0,0,0,0,0,0,0,0,0,0,0,0,0,0,0,0,0,0,0,0,0,0,0,0,0,0,0,0,0,0,0,0,0,0,0,0,0,0,0,0,0,0,0,0,0,0,0,0,0,0,0,0,0,0,0,0,0,0,0,0,0,0,0,0,0,0,0,0,0,0,0,0,0,0,0,0,0,0,0,0,0,0,0,0,0,0,0,0,-0.14808328,0.50832283,0.90934354,-1.015126,-0.12433899,-0.4319941,-0.7032807,0.7128891,0.15215845,0.06325166,-0.6558458,0.6051265,-0.33674833,-0.83779585,-0.51332635,-0.84118026,0.5350755,-0.092859,0.2772726,0.49945903,0.38766745,-0.021787286,-0.15495946,0.5271249,0.11482298,0.2291931,-0.78606343,0.6149573,-0.11090896,0.04874723,0.19250226,-0.08061081,-0.13180609,-0.43999842,-0.25794092,-0.0675031,0.3573156,0.014205194,-0.03322967,0.16558848,0.55828255,-0.2437051,0.15731558,0.7568858,0.97294813,-0.5739764,-0.10226002,0.13985655,-0.37445986,0.19615524,0.48210743,-0.63473386,-0.028985782,0.36086112,-0.18660061,0.6001305,0.11251301,-0.661755,0.3127816,0.1010169,-0.12745476,0.10612032,-0.18455924,-0.20282409,-0.23537847,0.29123986,-0.65853184,-0.018725239,0.179502,0.06824763,-0.02393609,-0.24870107,0.18412192,-0.23741984,-0.30107817,0.091293566,-0.049614307,-0.1646828,0.32110822,-0.43897772,-0.34931883,-0.23806448,-0.010989541,0.031234471,-0.018080598,-0.059122767,0.7078931,-0.14905025,0.3455509,-0.11971906,-0.19455118,0.38503516,-0.45391193,-0.28249103,0.0014198059,0.49618208,-0.07668924,0.015816798,-0.25289124,0.008725742,-0.5505007,0.38868815,1.0218334,0.36762986,0.75747675,-0.17881119,-0.43661404,-0.018241758,-0.058102086,-0.22619234,0.35436097,-0.23328339,0.3450674,-0.058585566,0.09145472,0.3640306,0.3947048,0.1546833,0.11949663,0.3746672,-0.26755682,0.065776505,-0.086143985,-0.048271302,-0.16543488,0.03021379,0.3367408,0.12900509,-0.44698203,-0.26820147,0.48248348,-0.43924633,-0.22377492,-0.21211766,-0.36833575,-0.429523,-0.12858288,0.06642115,0.36827448,0.33711684,0.14034003,0.86346656,0.28704968,-0.20685309,0.4989218,0.028870786,-0.27260652,0.29500026,0.17063817,-0.1307854,-0.47029656,-0.50236744,0.4358544,0.13362502,-0.23887028,0.20448186,-0.21292347,-0.030597385,0.761452,-0.32031,-0.08652003,-0.49586734,-0.15087673,-0.16086867,-0.071263514,0.3720886,-0.1305168,-0.18557993,-0.46073437,-0.25090358,-0.24434973,0.16209668,0.30413267,-0.6425232,-0.35329413,-0.256007,-0.47163954,-0.3196116,0.1349143,-0.023560049,-0.3365872,0.027903825,-0.13594253,0.06292934,0.13421594,-0.74990976,0.16263388,0.42478806,0.16091484,0.2759296,-0.1726871,0.2214574,-0.48340425,0.042730577,0.029407987,0.23048238,-0.01002258,0.08135534,0.23848669,-0.050097786,0.63053614,0.19153531,-0.10988828,-0.080127336,-0.015394591,0.18283264,0.43897018,0.16886541,-0.15555038,-0.54346335,0.20050657,-0.4718007,-0.50199145,0.08957452,-0.025762575,0.1327655,0.14807573,0.07904538,-0.55549663,-0.043543935,0.4457389,-0.17521194,-0.4162541,0.17778295,0.15312542,-0.32981846,-0.18864197,-0.6516557,0.09360353,0.23897018,-0.13357885,-0.06062693,-0.025493974,0.16838193,-0.30478486,0.21114315,0.20184956,0.45202416,0.27367336,-0.16532744,-0.15608758,0.022478092,0.27603704,-0.39610907,0.048102587,0.39293203,-0.30972713,-0.27921408,0.08694223,-0.33889714,0.1998082,-0.20277037,0.07926026,0.14592692,-0.25853184,-0.14786841,-0.58697665,-0.265408,0.16451408,0.09064892,-0.07233792,0.40963897,-0.0285023,-0.5315912,0.47705773,-0.21748967,0.21909373,-0.014481349,0.0719006,-0.084317505,-0.19605535,-0.20228688,-0.107255995,-0.29221436,-0.02785766,0.1442616,-0.29618964,-0.7068262,-0.011258142,-0.070672594,0.058201972,0.5844442,-0.54475266,0.15022454,0.0026016484,0.105314516,0.51192206,0.23590812,-0.13857482,0.48586783,-0.3387897,0.33668706,-0.14255011,-0.058048364,-0.028770901,-0.1339549,0.11353369,0.41280848,-0.15710826,-0.103119545,0.44885468,0.11713294,-0.20927049,-0.014266469,-0.12557456,0.18240288,0.4667972,-0.26889983,0.35060057,0.02167229,-0.3806914,-0.049829185,0.111277446,-0.123103425,-0.36983994,0.010122465,0.2836116,0.25503248,-0.44171745,-0.40486544,0.1538775,-0.024688171,0.27952886,-0.31203708,0.54893523,0.3880435,0.0994053,-0.36081496,0.23725112,0.5427037,0.45234647,0.48173138,0.0035686106,-0.40035295,0.01221755,-0.15512061,0.15747675,-0.574245,-0.34883538,0.2772726,-0.11461565,0.18369217,-0.09398712,0.16929518,0.06674347,0.16166691,0.08592155,-0.11289661,0.10509963,0.010659666,-0.11488425,-0.14056246,0.42881706,-0.4239361,0.13437709,0.18138221,-0.09973518,-0.11450821,0.11052537,-0.238924,-0.3112313,0.0022793277,0.19857264,-0.013836708,0.109450966,-0.43688264,0.27711144,-0.47454044,0.56279504,0.07173944,-0.06460222,0.3108477,-0.121223226,0.0046430132,-0.18654689,-0.40400591,0.21646143,-0.17112921,0.18541121,-0.17118293,0.29655814,-0.037957042,0.40625462,0.22806498,-0.28211498,0.23268491,0.0048578936,0.31981894,-0.43220899,0.020006968,0.01221755,0.32519096,-0.09108624,0.20501906,-0.013084626,0.020168127,-0.061217852,-0.32659525,-0.104301386,-0.16693905,-0.22474189,0.15957183,-0.11907442,0.38224173,0.24128014,-0.020551722,-0.038816564,-0.25820953,-0.22039056,0.13738543,0.063359104,0.2940333,-0.063527815,-0.06911471,0.042784296,-0.07142468,0.15296426,0.110095605,0.2575036,0.24906956,0.43327585,0.0038372113,-0.4965657,-0.054932598,-0.18756758,0.45342088,-0.085230745,0.069590636,-0.05692024,-0.00035295796,-0.032316428,-0.41313836,0.2187714,-0.25106475,-0.38434437,0.10107063,0.08468599,-0.13314909,-0.2258163,-0.6565442,-0.05461028,-0.026514655,0.033436995,-0.7207397,0.13383989,-0.094202004,0.050305113,0.10219875,-0.21695247,-0.40411335,-0.37284827,0.35425353,-0.5466328,-0.220498,0.050358832,0.35720816,0.4358544,0.50536823,0.053152278,-0.16505884,-0.032047827,-0.034250353,-0.37714586,0.026936863,0.1274472,-0.057511162,-0.11004944,-0.06691218,0.10262851,-0.1115536,-0.5407773,0.16300993,-0.21974592,0.08758687,0.22263925,0.06540047,-0.19809671,-0.043436494,0.06368142,0.2438587,-0.13153748,-0.13545905,-0.31988022,0.13228202,-0.06761055,-0.20636961,0.1763325,0.12771581,0.27533868,-0.17499706,0.44960675,-0.0065844916,-0.36210424,0.2521853,0.42097393,-0.3775219,0.04788771,0.46830136,0.17488207,-0.07787109,-0.2428993,0.122290075,0.46400374,-0.08249102,0.05777221,-0.07830085,0.049284432,-0.06691218,0.3581751,-0.24048188,0.32481492,0.29682675,0.54442275,-0.21362182,0.005986016,-0.18531132,-0.07518508,0.26088798,-0.2333371,0.28909105,0.2395611,0.019792086,0.06287562,-0.04236209,-0.0013736403,-0.07679669,0.13179854,-0.0469283,0.015118436,0.17541927,0.07662797,0.09204564,-0.10021866,-0.32267368,0.18600214,-0.33196723,-0.21469623,0.13561267,-0.33975667,-0.15023209,0.35242707,-0.1307854,0.2537432,-0.044242296,0.047672827,0.1811136,0.2772726,0.08973568,0.046867024,0.13099273,0.06797903,-0.2786769,0.23510233,0.15312542,0.18385333,0.20362233,-0.27996618,-0.18584852,-0.13921946,0.17810528,0.10826912,0.16086112,0.07195432,0.22065161,0.29252914,0.10934352,0.054656442,0.6581482,0.045094263,-0.17623262,-0.13658717,0.041978493,-0.16522,-0.13696322,-0.113541245,0.5100419,-0.1607075,-0.18085256,-0.20959282,-0.374245,-0.058102086,-0.21587807,-0.04268441,-0.107900634,-0.1791335,-0.05461028,0.037412286,0.031127032,-0.19895624,0.100909464,0.07646681,0.28613642,0.42043674,0.049284432,0.15957183,-0.011687903,-0.090925075,0.01216383,0.036928803,0.2489621,0.09602094,-0.3342772,-0.5524346,-0.45799464,-0.13379373,0.12959601,0.36736125,-0.04999035,0.007973661,-0.2370438,0.31793875,0.40856457,0.008457141,-0.34335592,0.24079666,0.17386138,0.060350776,-0.076366924,-0.35071558,0.32202148,0.4174284,-0.14217407,-0.12401667,0.35135266,0.10805424,-0.31971905,0.4273666,-0.37472847,0.0011512054,0.17789039,-0.118322335,-0.16312492,-0.08834651,-0.105214626,0.1293274,0.23913133,0.13851355,-0.09699545,-0.2562756,-0.3398641,-0.16129844,-0.20508033,0.17165886,0.5846591,-0.1446452,0.0005065639,-0.24703574,0.7109014,-0.17687726,0.5423814,-0.3446989,-0.24021329,-0.30097073,0.27609077,-0.1671002,0.06266074,0.12298843,-0.03806448,-0.1542611,-0.144108,-0.53889716,-0.24644482,0.12524468,0.23918505,0.41135803,0.08371903,-0.38251787,0.031395633,0.07104108,0.10998817,-0.10414023,-0.21926244,-0.06852379,-0.27846202,0.25551596,-0.19089821,0.35876602,0.369134,-0.5623191,-0.08281334,0.32868278,-0.15404622,-0.18939406,0.51852965,0.033974197,0.19749823,0.12465376,-0.048647344,0.3688117,0.2804421,0.09000428,0.012969632,-0.20142736,0.19502711,0.03375932,-0.34244266,0.45949125,0.29870695,0.35726187,0.43171796,0.11143861,-0.15404622,0.13695566,0.15908836,-0.26895356,0.03037495,-0.4661601,0.27979746,-0.26121786,-0.43629172,-0.18982382,0.25519365,0.23794949,0.25100347,-0.2469283,-0.13175237,-0.2213038,0.032738633,-0.04295301,-0.116495855,-0.21679132,-0.40706798,-0.17875747,0.20292397,0.010767107,0.13872842,-0.10150794,0.07748749,0.13206713,0.09677301,-0.15361646,0.125567,0.12728605,0.020221848,-0.09919798,0.14415416,0.12605049,-0.24166372,0.1410921,-0.12944241,0.22344506,0.17187375,0.15516679,-0.15549666,-0.012762305,0.2791528,0.3124593,0.163762,0.106281474,0.09537629,0.0015809663,-0.2747016,0.08968196,0.4739957,0.07431801,-0.054932598,0.27302873,-0.274433,-0.03355199,0.11750898,-0.2880242,-0.19197261,0.28710338,-0.10242118,0.028064985,-0.1612447,0.010498506,-0.16871181,-0.16006286,0.5387284,0.14474508,0.33050925,0.082698345,0.045792624,-0.0029852437,0.14947245,-0.15495946,0.20791994,-0.37843513,-0.3214381,-0.034089193,0.10735588,0.32599676,-0.4822224,-0.04338277,-0.19745207,-0.45240775,0.18342356,-0.07427184,0.030482389,0.15532795,-0.09527641,0.31176093,-0.12879775,0.39277086,-0.34443033,-0.17634006,-0.14786841,-0.22463445,0.35377005,0.33915818,-0.013084626,0.07147084,-0.3219216,-0.1553355,-0.14507496,-0.104677424,0.27576846,0.07662797,-0.15103789,-0.17016225,0.04729679,0.29494652,-0.113594964,-0.386332,-0.12294227,0.28345042,-0.0056175296,-0.15281065,-0.16640185,0.33244318,-0.02447329,0.33185226,-0.10107818,0.14753853,-0.25337473,0.042247094,0.33502173,0.11084769,0.032147713,0.07480149,-0.09210692,-0.048432462,0.018449083,0.11955035,0.22725919,-0.12428527,-0.07072631,-0.048217583,0.04042061,-0.31885955,0.0617475,0.03934621,0.20641577,-0.16650929,-0.35920334,0.04471822,0.22860219,0.110364206,0.13894331,-0.07169327,0.19024602,-0.35598013,0.15060057,0.3252984,-0.039944686,-0.041233968,0.42699057,-0.10542951,0.0652393,0.040796652,-0.01974592,0.06239214,-0.10295838,-0.26175505,-0.058102086,0.078830495,-0.080181055,-0.08689607,0.00018424322,0.22177973,-0.016522713,0.12143055,0.2227467,-0.24193233,0.11004189,-0.13271932,0.03880901,0.21082082,0.0257013,0.09349609,-0.34636423,-0.38466668,-0.07448672,-0.055093758,-0.093879685,-0.30918992,-0.18246415,0.14012516,-0.007605174,0.018771404,0.4211351,0.11353369,-0.31934303,0.5033269,-0.058263246,-0.14115338,-0.15098417,0.24133386,-0.0832431,-0.07072631,0.16145204,-0.10188398,0.12218263,-0.2639576,0.07265268,-0.39503467,0.2606731,0.0039446517,0.3119758,0.019684646,-0.044188574,-0.09087136,-0.16983993,-0.41147304,0.16779101,-0.12079346,0.0010437651,-0.21270859,0.045738902,0.02151113,0.03923877,0.26964435,-0.19186518,0.16204296,-0.110264316,0.20797366,-0.23876284,-0.114454485,0.416354,0.1584437,-0.11628097,0.41844907,0.104723595,-0.27937526,0.17724575,0.40528765,-0.035861958,-0.37333173,0.101446666,0.281033,-0.16355468,-0.12364063,-0.22388238,-0.08652003,0.37665483,0.35989416,-0.21485738,0.3215917,-0.12761591,0.10096318,-0.34894282,0.07678913,-0.06965191,0.0895208,0.103864074,-0.1507693,-0.64279187,0.21721353,0.49763253,0.004213252,0.3503857,-0.26922214,-0.26664358,-0.22425841,0.33056298,-0.39154285,-0.20653076,0.31111628,-0.46658987,0.12717861,-0.14776096,-0.11219824,-0.05579212,0.34248883,-0.13830622,-0.15071557,0.031234471,0.01705236,-0.09919798,0.33792263,0.054441564,0.15183614,-0.14657912,-0.083457984,-0.08754071,-0.020444281,0.073780805,0.47738007,-0.4290932,-0.2773339,0.01232499,0.013238232,0.26754928,0.06674347,0.035424642,-0.24891594,0.13152993,-0.16033147,-0.26793286,0.4219409,0.0067380974,-0.018241758,-0.07018911,-0.21646899,0.26545417,0.015924238,0.092206806,0.32674885,-0.016737593,0.015870517,0.08892988,-0.13669463,-0.26707333,0.1287902,-0.30397907,-0.11015688,0.20442814,-0.27647436,-0.16511256,0.20953155,0.40625462,-0.014535069,-0.2728214,1.4048042,-0.062077373,-1.0457464,0.48119417,-0.7717201,1.6700741,0.07571473,-0.9985802,0.9485592,0.14173676,1.1706918,0.42897823,1.3035418,-0.91354126,0.6886613,-0.43231642,-1.0953301,0.3218603,-0.7230497,0.54576576,-0.42146495,0.8839876,-0.15243462,0.084524825,-0.3905759,-0.18138975,-0.21120442,0.9090749,0.62994516,0.35500562,-0.2239361,1.3452286,0.18702282,-0.32041743,1.5287365,-0.68061084,0.271632,0.3735928,1.1876675,-0.2114193,-0.48179266,0.6051802,1.195242,-1.3217604,0.8116804,0.40426698,0.94200534,-0.9975058,1.086405,-1.051763,-1.2459077,-1.2122788,0.5284679,1.2071141,0.585841,0.41565564,-1.4139979,0.38224173,-1.3066651,1.0938721,0.03961481,1.5151991,-0.19143541,0.9276084,0.58336985,-1.0975864,1.282,-0.94109964,-1.4432753,-0.38187325,1.058578,-0.57585657,0.07141712,-0.63414294,-0.92310345,1.6164614,1.4782933,0.9053682,-0.54400057,0.67249155,0.445148,0.056644086,0.88511574,1.1775143,0.18557237,-0.17000109,-0.49678057,-0.17123665,1.6078125,-1.3969686,1.2428918,1.6764668,0.41146547,1.4303212,-1.130302,-0.5600091,-1.0952764,0.3063889,-0.4899581,-1.3543148,-0.1649514,-0.025655134,-1.5785964,-1.4761521,0.3050459,-0.48899114,1.2739956,0.7341085,0.66024333,-0.22619234,0.0048578936,0.58868814,-1.2902267,-0.057296284,0.03053611,0.9877212,-0.9111776,0.37273327,-0.4130309,0.47045016,0.28914475,-1.410721,0.5792334,-0.89457804,1.1232033,1.3173478,-0.6450481,-0.94668657,
0,0,1,0,0,0,0,0,0,0,0,0,0,0,0,0,0,0,0,0,0,0,0,0,0,0,0,0,0,0,0,0,0,0,0,0,0,0,0,0,0,0,0,0,0,0,0,0,0,0,0,0,0,0,0,0,0,0,0,0,0,0,0,0,0,0,0,0,0,0,0,0,0,0,0,0,0,0,0,0,0,0,0,0,0,0,0,0,0,0,0,0,0,0,0,0,0,0,0,0,0,0,0,0,0,0,0,0,0,0,0,0,0,0,0,0,0,0,0,0,0,0,0,0,0,0,0,0,0,0,0,0,0,0,0,0,0,0,0,0,0,0,0,0,0,0,0,0,0,0,0,0,0,0,0,0,0,0,0,0,0,0,0,0,0,0,0,0,0,0,0,0,0,0,0,0,0,0,0,0,0,0,0,0,0,0,0,0,0,0,0,0,0,0,0,0,0,0,0,0,0,0,0,0,0,0,0,0,0,0,0,0,0,0,0,0,0,0,0,0,0,0,0,0,0,0,0,0,0,0,0,0,0,0,0,0,0,0,0,0,0,0,0,0,0,0,0,0,0,0,0,0,0,0,0,0,0,0,0,0,0,0,0,0,0,0,0,0,0,0,0,0,0,0,0,0,0,0,0,0,0,0,0,0,0,0,0,0,0,0,0,0,0,0,0,0,0,0,0,0,0,0,0,0,0,0,0,0,0,0,0,0,0,0,0,0,0,0,0,0,0,0,0,0,0,0,0,0,0,0,0,0,0,0,0,0,0,0,0,0,0,0,0,0,0,0,0,0,0,0,0,0,0,0,0,0,0,0,0,0,0,0,0,0,0,0,0,0,0,0,0,0,0,0,0,0,0,0,0,0,0,0,0,0,0,0,0,0,0,0,0,0,0,0,0,0,0,0,0,0,0,0,0,0,0,0,0,0,0,0,0,0,0,0,0,0,0,0,0,0,0,0,0,0,0,0,0,0,0,0,0,0,0,0,0,0,0,0,0,0,0,0,0,0,0,0,0,0,0,0,0,0,0,0,0,0,0,0,0,0,0,0,0,0,0,0,0,0,0,0,0,0,0,0,0,0,0,0,0,0,0,0,0,0,0,0,0,0,0,0,0,0,0,0,0,0,0,0,0,0,0,0,0,0,0,0,0,0,0,0,0,0,0,0,0,0,0,0,0,0,0,0,0,0,0,0,0,0,0,0,0,0,0,0,0,0,0,0,0,0,0,0,0,0,0,0,0,0,0,0,0,0,0,0,0,0,0,0,0,0,0,0,0,0,0,0,0,0,0,0,0,0,0,0,0,0,0,0,0,0,0,0,0,0,0,0,0,0,0,0,0,0,0,0,0,0,0,0,0,0,0,0,0,0,0,0,0,0,0,0,0,0,0,0,0,0,0,0,0,0,0,0,0,0,0,0,0,0,0,0,0,0,0,0,0,0,0,0,0,0,0,0,0,0,0,0,0,0,0,0,0,0,0,0,0,0,0,0,0,0,0,0,0,0,0,0,0,0,0,0,0,0,0,0,0,0,0,0,0,0,0,0,0,0,0,0,0,0,0,0,0,0,0,0,0,0,0,0,0,0,0,0,0,0,0,0,0,0,0,0,0,0,0,0,0,0,0,0,0,0,0,0,0,0,0,0,0,0,0,0,0,0,0,0,0,0,0,0,0,0,0,0,0,0,0,0,0,0,0,0,0,0,0,0,0,0,0,0,0,0,0,0,0,0,0,0,0,0,0,0,0,0,0,0,0,0,0,0,0,0,0,0,0,0,0,0,0,0,0,0,0,0,0,0,0,0,0,0,0,0,0,0,0,0,0,0,0,0,0,0,0,0,0,0,0,0,0,0,0,0,0,0,0,0,0,0,0,0,0,0,0,0,0,0,0,0,0,0,0,0,0,0,0,0,0,0,0,0,0,0,0,0,0,0,0,0,0,0,0,0,0,0,0,0,0,0,0,0,0,0,0,0,0,0,0,0,0,0,0,0,0,0,0,0,0,0,0,0,0,0,0,0,0,0,0,0,0,0,0,0,0,0,0,0,0,0,0,0,0,0,0,0,0,0,0,0,0,0,0,0,0,0,0,0,0,0,0,0,0,0,0,0,0,0,0,0,0,0,0,0,0,0,0,0,0,0,0,0,0,0,0,0,0,0,0,0,0,0,0,0,0,0,0,0,0,0,0,0,0,0,0,0,0,0,0,0,0,0,0,0,0,0,0,0,0,0,0,0,0,0,0,0,0,0,0,0,0,0,0,0,0,0,0,0,0,0,0,0,0,0,0,0,0,0,0,0,0,0,0,0,0,0,0,0,0,0,0,0,0,0,0,0,0,0,0,0,0,0,0,0,0,0,0,0,0,0,0,0,0,0,0,0,0,0,0,0,0,0,0,0,0,0,0,0,0,0,0,0,0,0,0,0,0,0,0,0,0,0,0,0,0,0,0,0,0,0,0,0,0,0,0,0,0,0,0,0,0,0,0,0,0,0,0,0,0,0,0,0,0,0,0,0,0,0,0,0,0,0,0,0,0,0,0,0,0,0,0,0,0,0,0,0,0,0,0,0,0,0,0,0,0,0,0,0,0,0,0,0,0,0,0,0,0,0,0,0,0,0,0,0,0,0,0,0,0,0,0,0,0,0,0,0,0,0,0,0,0,0,0,0,0,0,0,0,0,0,0,0,0,0,0,0,0,0,0,0,0,0,0,0,0,0,0,0,0,0,0,0,0,0,0,0,0,0,0,0,0,0,0,0,0,0,0,0,0,0,0,0,0,0,0,0,0,0,0,0,0,0,0,0,0,0,0,0,0,0,0,0,0,0,0,0,0,0,0,0,0,0,0,0,0,0,0,0,0,0,0,0,0,0,0,0,0,0,0,0,0,0,0,0,0,0,0,0,0,0,0,0,0,0,0,0,0,0,0,0,0,0,0,0,0,0,0,0,0,0,0,0,0,0,0,0,0,0,0,0,0,0,0,0,0,0,0,0,0,0,0,0,0,0,0,0,0,0,0,0,0,0,0,0,0,0,0,0,0,0,0,0,0,0,0,0,0,0,0,0,0,0,0,0,0,0,0,0,0,0,0,0,0,0,0,0,0,0,0,0,0,0,0,0,0,0,0,0,0,0,0,0,0,0,0,0,0,0,0,0,0,0,0,0,0,0,0,0,0,0,0,0,0,0,0,0,0,0,0,0,0,0,0,0,0,0,0,0,0,0,0,0,0,0,0,0,0,0,0,0,0,0,0,0,0,0,0,0,0,0,0,0,0,0,0,0,0,0,0,0,0,0,0,0,0,0,0,0,0,0,0,0,0,0,0,0,0,0,0,0,0,0,0,0,0,0,0,0,0,0,0,0,0,0,0,0,0,0,0,0,0,0,0,0,0,0,0,0,0,0,0,0,0,0,0,0,0,0,0,0,0,0,0,0,0,0,0,0,0,0,0,0,0,0,0,0,0,0,0,0,0,0,0,0,0,0,0,0,0,0,0,0,0,0,0,0,0,0,0,0,0,0,0,0,0,0,0,0,0,0,0,0,0,0,0,0,0,0,0,0,0,0,0,0,0,0,0,0,0,0,0,0,0,0,0,0,0,0,0,0,0,0,0,0,0,0,0,0,0,0,0,0,0,0,0,0,0,0,0,0,0,0,0,0,0,0,0,0,0,0,0,0,0,0,0,0,0,0,0,0,0,0,0,0,0,0,0,0,0,0,0,0,0,0,0,0,0,0,0,0,0,0,0,0,0,0,0,0,0,0,0,0,0,0,0,0,0,0,0,0,0,0,0,0,0,0,0,0,0,0,0,0,0,0,0,0,0,0,0,0,0,0,0,0,0,0,0,0,0,0,0,0,0,0,0,0,0,0,0,0,0,0,0,0,0,0,0,0,0,0,0,0,0,0,0,0,0,0,0,0,0,0,0,0,0,0,0,0,0,0,0,0,0,0,0,0,0,0,0,0,0,0,0,0,0,0,0,0,0,0,0,0,0,0,0,0,0,0,0,0,0,0,0,0,0,0,0,0,0,0,0,0,0,0,0,0,0,0,0,0,0,0,0,0,0,0,0,0,0,0,0,0,0,0,0,0,0,0,0,0,0,0,0,0,0,0,0,0,0,0,0,0,0,0,0,0,0,0,0,0,0,0,0,0,0,0,0,0,0,0,0,0,0,0,0,0,0,0,0,0,0,0,0,0,0,0,0,0,0,0,0,0,0,0,0,0,0,0,0,0,0,0,0,0,0,0,0,0,0,0,0,0,0,0,0,0,0,0,0,0,0,0,0,0,0,0,0,0,0,0,0,0,0,0,0,0,0,0,0,0,0,0,0,0,0,0,0,0,0,0,0,0,0,0,0,0,0,0,0,0,0,0,0,0,0,0,0,0,0,0,0,0,0,0,0,0,0,0,0,0,0,0,0,0,0,0,0,0,0,0,0,0,0,0,0,0,0,0,0,0,0,0,0,0,0,0,0,0,0,0,0,0,0,0,0,0,0,0,0,0,0,0,0,0,0,0,0,0,0,0,0,0,0,0,0,0,0,0,0,0,0,0,0,0,0,0,0,0,0,0,0,0,0,0,0,0,0,0,0,0,0,0,0,0,0,0,0,0,0,0,0,0,0,0,0,0,0,0,0,0,0,0,0,0,0,0,0,0,0,0,0,0,0,0,0,0,0,0,0,0,0,0,0,0,0,0,0,0,0,0,0,0,0,0,0,0,0,0,0,0,0,0,0,0,0,0,0,0,0,0,0,0,0,0,0,0,0,0,0,0,0,0,0,0,0,0,0,0,0,0,0,0,0,0,0,0,0,0,0,0,0,0,0,0,0,0,0,0,0,0,0,0,0,0,0,0,0,0,0,0,0,0,0,0,0,0,0,0,0,0,0,0,0,0,0,0,0,0,0,0,0,0,0,0,0,0,0,0,0,0,0,0,0,0,0,0,0,0,0,0,0,0,0,0,0,0,0,0,0,0,0,0,0,0,0,0,0,0,0,0,0,0,0,0,0,0,0,0,0,0,0,0,0,0,0,0,0,0,0,0,0,0,0,0,0,0,0,0,0,0,0,0,0,0,0,0,0,0,0,0,0,0,0,0,0,0,0,0,0,0,0,0,0,0,0,0,0,0,0,0,0,0,0,0,0,0,0,0,0,0,0,0,0,0,0,0,0,0,0,0,0,0,0,0,0,0,0,0,0,0,0,0,0,0,0,0,0,0,0,0,0,0,0,0,0,0,0,0,0,0,0,0,0,0,0,0,0,0,0,0,0,0,0,0,0,0,0,0,0,0,0,0,0,0,0,0,0,0,0,0,0,0,0,0,0,0,0,0,0,0,0,0,0,0,0,0,0,0,0,0,0,0,0,0,0,0,0,0,0,0,0,0,0,0,0,0,0,0,0,0,0,0,0,0,0,0,0,0,0,0,0,0,0,0,0,0,0,0,0,0,0,0,0,0,0,0,0,0,0,0,0,0,0,0,0,0,0,0,0,0,0,0,0,0,0,0,0,0,0,0,0,0,0,0,0,0,0,0,0,0,0,0,0,0,0,0,0,0,0,0,0,0,0,0,0,0,0,0,0,0,0,0,0,0,0,0,0,0,0,0,0,0,0,0,0,0,0,0,0,0,0,0,0,0,0,0,0,0,0,0,0,0,0,0,0,0,0,0,0,0,0,0,0,0,0,0,0,0,0,0,0,0,0,0,0,0,0,0,0,0,0,0,0,0,0,0,0,0,0,0,0,0,0,0,0,0,0,0,0,0,0,0,0,0,0,0,0,0,0,0,0,0,0,0,0,0,0,0,0,0,0,0,0,0,0,0,0,0,0,0,0,0,0,0,0,0,0,0,0,0,0,0,0,0,0,0,0,0,0,0,0,0,0,0,0,0,0,0,0,0,0,0,0,0,0,0,0,0,0,0,0,0,0,0,0,0,0,0,0,0,0,0,0,0,0,0,0,0,0,0,0,0,0,0,0,0,0,0,0,0,0,0,0,0,0,0,0,0,0,0,0,0,0,0,0,0,0,0,0,0,0,0,0,0,0,0,0,0,0,0,0,0,0,0,0,0,0,0,0,0,0,0,0,0,0,0,0,0,0,0,0,0,0,0,0,0,0,0,0,0,0,0,0,0,0,0,0,0,0,0,0,0,0,0,0,0,0,0,0,0,0,0,0,0,0,0,0,0,0,0,0,0,0,0,0,0,0,0,0,0,0,0,0,0,0,0,0,0,0,0,0,0,0,0,0,0,0,0,0,0,0,0,0,0,0,0,0,0,0,0,0,0,0,0,0,0,0,0,0,0,0,0,0,0,0,0,0,0,0,0,0,0,0,0,0,0,0,0,0,0,0,0,0,0,0,0,0,0,0,0,0,0,0,0,0,0,0,0,0,0,0,0,0,0,0,0,0,0,0,0,0,0,0,0,0,0,0,0,0,0,0,0,0,0,0,0,0,0,0,0,0,0,0,0,0,0,0,0,0,0,0,0,0,0,0,0,0,0,0,0,0,0,0,0,0,0,0,0,0,0,0,0,0,0,0,0,0,0,0,0,0,0,0,0,0,0,0,0,0,0,0,0,0,0,0,0,0,0,0,0,0,0,0,0,0,0,0,0,0,0,0,0,0,0,0,0,0,0,0,0,0,0,0,0,0,0,0,0,0,0,0,0,0,0,0,0,0,0,0,0,0,0,0,0,0,0,0,0,0,0,0,0,0,0,0,0,0,0,0,0,0,0,0,0,0,0,0,0,0,0,0,0,0,0,0,0,0,0,0,0,0,0,0,0,0,0,0,0,0,0,0,0,0,0,0,0,0,0,0,0,0,0,0,0,0,0,0,0,0,0,0,0,0,0,0,0,0,0,0,0,0,0,0,0,0,0,0,0,0,0,0,0,0,0,0,0,0,0,0,0,0,0,0,0,0,0,0,0,0,0,0,0,0,0,0,0,0,0,0,0,0,0,0,0,0,0,0,0,0,0,0,0,0,0,0,0,0,0,0,0,0,0,0,0,0,0,0,0,0,0,0,0,0,0,0,0,0,0,0,0,0,0,0,0,0,0,0,0,0,0,0,0,0,0,0,0,0,0,0,0,0,0,0,0,0,0,0,0,0,0,0,0,0,0,0,0,0,0,0,0,0,0,0,0,0,0,0,0,0,0,0,0,0,0,0,0,0,0,0,0,0,0,0,0,0,0,0,0,0,0,0,0,0,0,0,0,0,0,0,0,0,0,0,0,0,0,0,0,0,0,0,0,0,0,0,0,0,0,0,0,0,0,0,0,0,0,0,0,0,0,0,0,0,0,0,0,0,0,0,0,0,0,0,0,0,0,0,0,0,0,0,0,0,0,0,0,0,0,0,0,0,0,0,0,0,0,0,0,0,0,0,0,0,0,0,0,0,0,0,0,0,0,0,0,0,0,0,0,0,0,0,0,0,0,0,0,0,0,0,0,0,0,0,0,0,0,0,0,0,0,0,0,0,0,0,0,0,0,0,0,0,0,0,0,0,0,0,0,0,0,0,0,0,0,0,0,0,0,0,0,0,0,0,0,0,0,0,0,0,0,0,0,0,0,0,0,0,0,0,0,0,0,0,0,0,0,0,0,0,0,0,0,0,0,0,0,0,0,0,0,0,0,0,0,0,0,0,0,0,0,0,0,0,0,0,0,0,0,0,0,0,0,0,0,0,0,0,0,0,0,0,0,0,0,0,0,0,0,0,0,0,0,0,0,0,0,0,0,0,0,0,0,0,0,0,0,0,0,0,0,0,0,0,0,0,0,0,0,0,0,0,0,0,0,0,0,0,0,0,0,0,0,0,0,0,0,0,0,0,0,0,0,0,0,0,0,0,0,0,0,0,0,0,0,0,0,0,0,0,0,0,0,0,0,0,0,0,0,0,0,0,0,0,0,0,0,0,0,0,0,0,0,0,0,0,0,0,0,0,0,0,0,0,0,0,0,0,0,0,0,0,0,0,0,0,0,0,0,0,0,0,0,0,0,0,0,0,0,0,0,0,0,0,0,0,0,0,0,0,0,0,0,0,0,0,0,0,0,0,0,0,0,0,0,0,0,0,0,0,0,0,0,0,0,0,0,0,0,0,0,0,0,0,0,0,0,0,0,0,0,0,0,0,0,0,0,0,0,0,0,0,0,0,0,0,0,0,0,0,0,0,0,0,0,0,0,0,0,0,0,0,0,0,0,0,0,0,0,0,0,0,0,0,0,0,0,0,0,0,0,0,0,0,0,0,0,0,0,0,0,0,0,0,0,0,0,0,0,0,0,0,0,0,0,0,0,0,0,0,0,0,0,0,0,0,0,0,0,0,0,0,0,0,0,0,0,0,0,0,0,0,0,0,0,0,0,0,0,0,0,0,0,0,0,0,0,0,0,0,0,0,0,0,0,0,0,0,0,0,0,0,0,0,0,0,0,0,0,0,0,0,0,0,0,0,0,0,0,0,0,0,0,0,0,0,0,0,0,0,0,0,0,0,0,0,0,0,0,0,0,0,0,0,0,0,0,0,0,0,0,0,0,0,0,0,0,0,0,0,0,0,0,0,0,0,0,0,0,0,0,0,0,0,0,0,0,0,0,0,0,0,0,0,0,0,0,0,0,0,0,0,0,0,0,0,0,0,0,0,0,0,0,0,0,0,0,0,0,0,0,0,0,0,0,0,0,0,0,0,0,0,0,0,0,0,0,-0.6730764,1.1879432,-0.7607627,1.0396034,-0.3888934,0.010060866,-0.18434437,-0.17148162,0.11677982,0.37393016,0.2115772,0.809904,0.57508045,0.21246609,-0.6898607,0.22250532,-0.1850241,0.006034722,-0.39950776,-0.6787757,0.83735496,-0.31349468,1.2031589,0.29257068,-0.023089461,0.28666216,-0.28097183,0.36085826,-0.678096,0.6722308,0.7290674,0.1598125,-0.39668423,0.37800857,-0.12400449,0.12885825,0.25110662,-0.51621366,0.7484661,0.0071327616,0.05325041,-0.8966058,-1.2841613,0.022191584,0.33900204,-0.042645015,1.1407275,0.75955105,0.027838644,0.76901513,0.8671066,0.28138113,-0.6603705,0.07442688,0.3303746,0.6814857,1.1903485,0.774087,1.0120478,-0.60363847,-0.52201754,0.07165564,-1.1389587,0.93471444,-0.74559927,0.57335496,-0.26225287,-0.37383455,-1.0371548,0.27176023,0.85889745,-0.015821487,0.72640073,-0.010540442,-0.37969077,-0.43626595,0.15955107,-0.075115606,-0.052004494,0.96598244,0.11160335,-0.61890644,0.32294977,-0.16557312,-0.8315601,0.5066883,-0.562645,0.47881904,0.5043354,-1.4031156,-0.8142006,0.52049226,0.08383864,-0.10936397,0.29089746,-0.6872463,0.32749876,0.47275367,-0.666645,0.2759955,-0.6229326,-0.18188685,0.72979945,-1.0259653,-0.089390114,1.294087,0.07191707,-0.9205535,0.021145834,-1.225547,1.0125706,-0.02246201,0.57811314,-0.66021365,0.7818779,0.9150543,-0.073860705,0.45544648,0.14480597,0.9193942,0.097590275,-0.5980437,-0.71375614,0.21649224,0.08572099,-0.29289338,0.016230801,-0.1412594,-1.0635078,-1.184449,-0.72426593,0.8771458,-0.21728554,0.8879171,1.2917341,0.5207014,0.23730269,0.29471445,-0.9657823,1.4688843,-0.38267115,0.4170151,0.37094975,-0.7446581,-0.7128149,-0.3812071,-0.88029206,-0.07778227,-0.59286726,0.36258376,-0.4755862,0.6082831,0.6586883,-0.6991679,-0.9752986,0.017747141,-0.109311685,-0.18282802,-0.70701104,-0.20635743,0.07850531,0.16289747,-0.50701106,-0.12363848,-0.5601875,0.09424387,-1.0227234,0.63793015,-0.47145548,0.117511846,0.25194323,-0.3951156,-0.21012214,1.0091197,0.25361642,-0.31820056,1.0924661,-0.37132475,0.14768179,0.06710662,0.48875368,-0.49163848,-0.10073652,0.02966871,-0.64572996,0.17989093,0.3297994,0.26857066,0.41387784,-0.25268424,0.28342035,0.47233537,-0.20023979,0.10611315,-0.56630516,-0.056553513,0.93926346,-0.8010764,-0.4561875,0.16493668,-0.01467116,0.61670136,0.673172,0.096335374,-0.12567769,0.6162308,-0.07464501,-0.14523326,-0.02005678,-0.2574947,0.23285826,0.2536687,0.23379943,-0.7943313,-0.055926062,-0.49833128,-0.72970384,-0.3087888,0.76875365,-0.8425927,-0.38946855,-0.3293901,-0.016082926,-0.05723325,0.24227002,0.6725968,-0.7488411,0.9511328,0.3858517,-0.2052594,-0.012788807,0.65476674,0.10600858,-0.91103715,-0.69268423,-0.6598999,0.23123734,0.41272753,-0.24886724,0.61696285,-0.7496777,0.040283088,0.17293668,-0.7014685,-0.08337704,-0.09812214,-0.58486724,0.45523733,0.57738113,0.22449224,0.31484517,0.012100082,0.821721,0.07364257,0.5201262,-0.7297561,0.17962949,-0.41629207,-0.26533782,0.69738114,0.72247916,-1.1300699,-0.2577561,0.29471445,-0.38591298,0.02616544,0.6459302,0.52263606,-0.54899794,0.33806086,0.1488844,0.3678125,0.3341393,-0.12510253,0.084936686,-0.4608411,0.7211197,-0.30779535,0.30449224,0.05016544,0.4722831,-0.22392607,0.7138517,-0.38852736,-0.3748803,0.32964256,-0.22831821,0.060727533,-0.08243587,-0.20646201,0.7026099,0.26616544,0.15442687,0.52253145,-0.05874959,0.57345957,0.16159028,-0.93341625,-0.38905025,1.0056688,-0.4006058,0.19677982,0.3295903,-1.0826973,0.32378635,0.05926348,0.6407014,-0.12180842,-0.39250124,-0.3837169,-0.15030515,-0.59333783,-0.2999522,-0.09294567,0.6410151,-0.051952206,0.36519814,0.27500203,0.49257067,-0.0911156,-0.29613522,-0.35323325,-0.39072344,-0.52959925,0.07447917,0.20472753,-0.02136397,-0.99182147,-0.15861887,0.3025576,-0.5550633,-0.8830633,-0.4431156,0.64179945,-0.4048411,-0.98690647,0.22585171,0.18240073,-0.21728554,0.48038766,-0.1458607,0.5156818,0.85931575,0.8615118,0.6067145,0.40843996,-0.013050245,-0.51192605,0.7042308,0.27557722,-0.27710253,-0.2826973,0.06747263,-0.08468423,0.3652504,0.36859682,-0.3863313,-0.07223979,-0.20322017,0.1093027,0.13910662,0.5221654,0.09314583,-0.07276266,0.0069236113,-0.12693259,0.33084518,0.4839955,-0.46622673,-0.083272465,-0.22894567,0.23740727,-0.30805677,0.09602165,0.03808701,-0.32348162,-0.03694567,-0.018174428,0.72179943,-0.3530241,-0.29085416,0.09649224,0.41236153,0.6995772,-0.015194036,-0.1252594,-0.6582267,-0.1866973,0.40127656,-0.018279003,-0.11244894,0.54616547,-0.4200568,0.29147264,0.17643996,-0.09629208,0.41027,0.29079288,0.44268832,-0.058906455,-0.669364,0.30810007,-0.30329862,0.2035772,0.95908046,0.2848844,-0.12071037,0.6388713,-0.20363848,0.45450532,0.13502818,0.107577205,0.73811316,-0.31061888,0.06449224,-0.43924633,0.24943341,0.06161642,-0.6847888,0.4177994,-0.7072202,0.06036152,-0.83244896,-0.022043709,-0.07412214,0.005302696,-0.7109849,0.011681781,-0.10178227,-0.22559926,0.3311066,-0.40322018,0.30752492,0.5883615,-0.077729985,-0.00065808825,-0.06795221,0.04263603,0.3925968,-0.1681875,0.17952491,0.15442687,0.13450532,0.08640073,-0.10601757,0.8257994,0.6343746,0.18982556,0.5353419,0.10804779,-0.32865807,-0.74648815,0.2991589,0.07034845,0.27751184,-0.40123326,0.3614857,-0.27992606,0.49973407,0.21654452,0.6202046,-0.31579533,-0.7669326,0.2936164,0.47672755,0.7324661,0.45309356,0.42156413,-0.3274032,-0.15757312,0.19589093,0.21555106,1.2257471,-0.33299795,0.3003615,-0.36222672,-0.096762665,-0.465913,-0.00060580065,1.1695902,0.23463602,-0.3611287,-0.11558619,0.36744648,0.46585172,-0.53001755,0.2827406,0.46454453,-0.5808934,-0.5184097,0.23364256,0.25419158,0.06559028,-0.75616133,0.45351183,0.27636153,-0.51610905,-0.13247508,0.2798125,0.24169485,-0.20677574,0.38308048,-0.81969076,-0.04405678,-0.110566586,-0.08656658,-0.6737561,-0.19652736,-0.63652736,0.71991706,-0.11689338,0.26271448,0.3509759,0.30966872,0.6212504,-0.4077169,0.03160335,-0.12965155,-0.5001091,0.8944007,0.004152369,-0.03950776,0.46752492,-0.24295874,-0.26695874,0.1627406,-0.029520834,0.1513942,0.93680596,-0.56259274,-0.086775735,-0.23830515,0.14815237,-0.50570387,-0.20881495,0.81236154,0.63536805,0.46376023,-0.58732474,-0.27715483,0.34104127,-0.21257965,-1.0410764,2.1650327e-05,0.06553799,-0.76630515,-0.28970385,0.117564134,0.7901393,0.26015237,-0.0025927287,0.20242688,0.95719814,-0.41399142,0.97225696,-0.4392986,-0.41906333,-0.06225286,-0.84248817,-0.18261887,-0.4789326,-0.60573,0.48514584,-0.5252594,-0.3559522,0.36336806,0.30694976,-0.27323326,-0.75250125,0.29434845,-0.81226593,0.5914988,0.43243995,0.0886491,-0.5085797,0.01691054,-0.75208294,0.6364661,-0.037729982,0.60634845,-0.19072345,-0.03840972,0.35149878,-0.46873653,0.6351066,0.044100083,-0.30831823,-0.32876265,0.5237341,-0.41142932,0.17576021,0.1345576,0.4221393,-0.30612215,-0.5352463,-0.6219391,0.07557721,-0.13352083,0.20545956,0.31128964,-0.0646058,0.14156413,-0.47312868,0.1594465,0.1635772,-0.2443705,-0.56881493,0.06532884,-0.7609195,0.5152635,-0.4280045,-0.3164228,0.03761642,-0.42779535,0.18323734,-0.12332475,0.8494334,-0.842279,0.12582557,-0.13691953,-0.51025283,-0.14816135,0.3299563,-0.00065808825,-0.051952206,0.36509356,-0.76358616,-0.45754698,-0.46910253,-0.6150895,-0.23856659,-0.28034437,0.012413807,0.18815237,0.97340727,-0.31286722,0.3396295,0.026949754,-0.0001875,0.44765565,-0.13587378,0.75651836,0.48603472,-0.47600448,0.04561642,0.32410008,-0.593547,-0.04322018,-0.74695873,0.2246491,-0.31459272,-0.22727247,-0.668632,0.57393014,0.14940727,-0.90021366,-0.79903716,-0.36259273,0.9505576,-0.05488031,0.24493669,-0.24081495,0.60666215,-0.5416254,-0.4321875,-0.39035743,-0.7039261,-0.32505023,0.119185045,0.6007014,0.5606491,0.30616543,-0.75898486,-0.21346855,-0.33623978,0.33345956,0.80765563,0.8687275,0.42036152,-0.62146854,-0.2806581,0.55782557,0.1623223,0.07798243,0.16483212,0.19510661,-0.77467114,0.017904004,0.08896282,0.78365564,0.18919812,0.48713276,0.8563877,0.25377327,-0.65346855,-0.2802398,-0.596998,0.6629759,0.48843995,0.17016543,-0.44295874,0.049799427,0.02898897,-0.58026594,0.4641785,0.556623,-0.013939134,-0.13341627,0.044936683,0.18768178,-0.118984886,-0.3139653,0.5360739,-0.10664502,0.44979942,0.21999551,-0.49425286,-0.24928553,-0.40578228,0.23212622,-0.82439667,-0.14361234,0.5361785,-0.67527246,-0.08949469,0.41806087,0.38919812,-0.7811548,-0.185913,-0.06915482,-0.24369077,-0.26183456,0.09345956,-0.21833129,-0.2531548,-0.5361875,0.004832108,-0.07657966,-0.17095874,-0.07380842,0.49351186,-0.24264501,-0.6618869,0.892989,-0.43673652,-0.9102006,-0.6455208,0.34198242,0.11071446,0.56891054,0.17314583,-0.5815731,-0.011899918,0.46783864,-0.6619914,-0.15035744,0.043629494,0.06778636,0.0045183823,0.5509236,-0.16572998,-0.047507763,-0.13969077,0.31458375,0.12849224,-0.23992606,0.31066218,-0.45556006,0.072753675,-0.26905024,0.1661393,-0.005939134,-0.60583454,0.27453145,-0.2797169,0.45476675,-0.75898486,-0.40034437,-0.44703716,0.010113154,0.14365564,-0.29393914,0.53356415,-0.017337827,0.4397602,0.27191707,-0.7656777,-0.2893378,0.21319813,0.26360336,0.62386477,0.26077983,0.044622958,-0.109050244,-0.34784764,0.8557602,-0.4406058,0.7851197,-0.54005677,0.23353799,-0.67914176,-0.29723325,0.3384269,-0.010697304,0.2979563,-0.29388684,0.87568176,-0.83961236,-0.7397953,0.6924138,0.20080596,-0.16227901,-0.62533784,-0.3832986,-0.17482802,-0.1648411,-0.89561236,-0.72196525,-0.29848814,-0.72285414,-0.23992606,0.10684518,0.032126226,-0.18340318,1.0770413,-0.3122398,-0.30863196,0.3555772,0.4131981,-0.24348162,0.21968178,0.11332884,-0.21226594,0.345538,-0.28468424,-0.037259396,-0.19992606,-0.542828,-0.17090645,0.3678648,-0.41927245,0.45220464,0.469355,-0.11589992,-0.047507763,-0.31867117,0.45058376,0.00802165,0.32634845,-0.19077574,-0.5208672,0.7610151,-0.7571548,-0.41033128,-0.11542933,-0.45540318,0.69811314,0.53691053,-0.009128677,0.075629495,0.4027929,-0.005520833,0.21680596,0.034949753,-0.037991423,-0.7683967,-0.10727247,0.17973407,-0.47835743,0.003838644,0.87536806,-0.3109326,0.45194322,0.10752492,0.95547265,0.7270282,-0.07987378,0.2562308,-0.38220057,0.45643994,-0.31673652,0.6717079,0.4435772,-1.0349587,-0.5084228,-0.5374424,0.07118505,-0.22110254,-0.35542932,0.32640073,-0.21216136,-0.14852737,0.77288437,0.40498897,0.07280596,-0.9545927,0.7951066,0.2208844,0.17382558,0.88070136,0.8086491,0.49889746,-0.63741624,-0.3138607,0.5261916,0.18161643,0.5311066,-0.03757312,0.36551183,-0.25718096,-0.05273652,-0.06884109,-0.07443587,-0.23961234,0.07296283,-0.67772996,-0.35741627,0.25785172,-0.20855351,-0.1428803,-0.015455474,-0.64844894,-0.6276908,-0.40688032,-0.100265935,0.06015237,-0.77733785,-0.10654044,-0.17414829,0.67928964,0.19834845,0.5559432,-0.022305148,0.2204138,0.2966491,-0.5698607,-0.18172999,-0.2161875,0.18088439,-0.39124632,0.41434845,0.0928844,0.60017854,0.29476675,-0.15166463,0.28854454,-0.7786973,0.54433537,-0.6243966,0.22428308,-0.0078737745,-0.33482802,-0.008605801,0.091420345,0.5061132,-0.7312202,-0.32881495,-0.178279,-0.2714032,-0.23563848,0.13293669,0.24556413,-0.13095874,0.24582557,-0.009233251,0.5648844,-0.16489339,0.032544527,0.10935498,-0.18063195,-0.060893383,0.07155106,-0.8612071,0.3872112,-0.05749469,-0.026540441,-0.2638738,0.067315765,-0.050069854,-0.5948542,0.29753798,0.30606088,-0.2637169,-0.28337705,0.28938112,0.45570794,-0.3037169,0.1893027,0.46224388,-0.29179534,0.18762949,0.50187784,0.41643995,0.2752112,0.3251981,-0.5552202,0.16091053,0.26187786,-0.44599143,0.15066217,-0.13822672,-0.29634437,-0.46575612,0.48880595,-0.14052737,-0.28348163,0.3067406,0.07160335,0.24969485,-0.027063318,-0.42031822,-0.17524633,0.081067406,0.20833537,-0.24499796,-0.13723326,0.72995627,-0.15542933,-0.25033128,-0.34769076,0.22668831,0.23568179,0.48300204,0.5612243,-0.92970383,0.36953798,-0.5655208,-1.1039261,1.4695641,-0.8859391,0.58266217,-0.107377045,0.35798243,0.103080474,0.45691055,0.46789092,0.7501393,0.48331577,0.4158648,-0.044004492,-0.31574306,-0.4161875,0.23636152,0.22893669,0.059629492,0.4015903,0.40917197,-0.090279005,-0.0056254086,-0.3963705,0.04195629,-0.7009457,-0.21775612,-0.26972997,0.28383863,0.12854452,-0.45503718,0.6690413,0.39500204,-0.28541625,-0.11072345,-0.2729718,0.21382557,0.43594322,-0.26397836,0.69910663,0.23280597,-0.08400449,-0.7458084,-0.9472725,-0.76123327,-0.08959927,0.16671446,0.48561642,0.44979942,-0.068736516,0.43620464,0.76038766,0.42945957,-0.30769077,0.33821774,-0.8191156,-0.3875339,0.54919815,0.9964138,-0.09979534,-0.30105025,0.38109353,-0.3441875,-0.118043706,-0.4216777,0.79531574,-0.3303313,0.18647917,0.48875368,0.110139295,0.61063606,-0.89665806,1.1121786,0.38396937,-0.77963847,-0.6531025,0.39991707,0.24535498,-0.2503836,0.3206491,0.16457067,-0.29597834,-0.7209718,-0.3244228,-0.1311156,-0.044318218,-0.08907639,-0.06052737,-0.1508803,0.6882831,0.21544649,-0.04536397,0.017067403,0.18726347,-0.17901103,-0.0136254085,0.89178634,0.60420465,0.37309355,0.27270138,-0.30973,-0.37148163,-0.48212215,0.2579563,0.67207396,-0.21033129,-0.6641875,-0.054984886,0.2465576,-0.11856659,-0.012109068,-0.25012213,0.26360336,-0.6632986,-0.6271679,-0.39412215,0.15782557,0.6859824,-0.019586192,-0.34491953,-0.10701103,-0.22606985,0.27327654,0.6213027,-0.4718215,-0.40515482,
0,0,0,0,0,0,1,0,0,0,0,0,0,0,0,0,0,0,0,0,0,0,0,0,0,0,0,0,0,0,0,0,0,0,0,0,0,0,0,0,0,0,0,0,0,0,0,0,0,0,0,0,0,0,0,0,0,0,0,0,0,0,0,0,0,0,0,0,0,0,0,0,0,0,0,0,0,0,0,0,0,0,0,0,0,0,0,0,0,0,0,0,0,0,0,0,0,0,0,0,0,0,0,0,0,0,0,0,0,0,0,0,0,0,0,0,0,0,0,0,0,0,0,0,0,0,0,0,0,0,0,0,0,0,0,0,0,0,0,0,0,0,0,0,0,0,0,0,0,0,0,0,0,0,0,0,0,0,0,0,0,0,0,0,0,0,0,0,0,0,0,0,0,0,0,0,0,0,0,0,0,0,0,0,0,0,0,0,0,0,0,0,0,0,0,0,0,0,0,0,0,0,0,0,0,0,1,0,0,0,0,0,0,0,0,0,0,0,0,0,0,0,0,0,0,0,0,0,0,0,0,0,0,0,0,0,0,0,0,0,0,0,0,0,0,0,0,0,0,0,0,0,0,0,0,0,0,0,0,0,0,0,0,0,0,0,0,0,0,0,0,0,0,0,0,0,0,0,0,0,0,0,0,0,0,0,0,0,0,0,0,0,0,0,0,0,0,0,0,0,0,0,0,0,0,0,0,0,0,0,0,0,0,0,0,0,0,0,0,0,0,0,0,0,0,0,0,0,0,0,0,0,0,0,0,0,0,0,0,0,0,0,0,0,0,0,0,0,0,0,0,0,0,0,0,0,0,0,0,0,0,0,0,0,0,0,0,0,0,0,0,0,0,0,0,0,0,0,0,0,0,0,0,0,0,0,0,0,0,0,0,0,0,0,0,0,0,0,0,0,0,0,0,0,0,0,0,0,0,0,0,0,0,0,0,0,0,0,0,0,0,0,0,0,0,0,0,0,0,0,0,0,0,0,0,0,0,0,0,0,0,0,0,0,0,0,0,0,0,0,0,0,0,0,0,0,0,0,0,0,0,0,0,0,0,0,0,0,0,0,0,0,0,0,0,0,0,0,0,0,0,0,0,0,0,0,0,0,0,0,0,0,0,0,0,0,0,0,0,0,0,0,0,0,0,0,0,0,0,0,0,0,0,0,0,0,0,0,0,0,0,0,0,0,0,0,0,0,0,0,0,0,0,0,0,0,0,0,0,0,0,0,0,0,0,0,0,0,0,0,0,0,0,0,0,0,0,0,0,0,0,0,0,0,0,0,0,0,0,0,0,0,0,0,0,0,0,0,0,0,0,0,0,0,0,0,0,0,0,0,0,0,0,0,0,0,0,0,0,0,0,0,0,0,0,0,0,0,0,0,0,0,0,0,0,0,0,0,0,0,0,0,0,0,0,0,0,0,0,0,0,0,0,0,0,0,0,0,0,0,0,0,0,0,0,0,0,0,0,0,0,0,0,0,0,0,0,0,0,0,0,0,0,0,0,0,0,0,0,0,0,0,0,0,0,0,0,0,0,0,0,0,0,0,0,0,0,0,0,0,0,0,0,0,0,0,0,0,0,0,0,0,0,0,0,0,0,0,0,0,0,0,0,0,0,0,0,0,0,0,0,0,0,0,0,0,0,0,0,0,0,0,0,0,0,0,0,0,0,0,0,0,0,0,0,0,0,0,0,0,0,0,0,0,0,0,0,0,0,0,0,0,0,0,0,0,0,0,0,0,0,0,0,0,0,0,0,0,0,0,0,0,0,0,0,0,0,0,0,0,0,0,0,0,0,0,0,0,0,0,0,0,0,0,0,0,0,0,0,0,0,0,0,0,0,0,0,0,0,0,0,0,0,0,0,0,0,0,0,0,0,0,0,0,0,0,0,0,0,0,0,0,0,0,0,0,0,0,0,0,0,0,0,0,0,0,0,0,0,0,0,0,0,0,0,0,0,0,0,0,0,0,0,0,0,0,0,0,0,0,0,0,0,0,0,0,0,0,0,0,0,0,0,0,0,0,0,0,0,0,0,0,0,0,0,0,0,0,0,0,0,0,0,0,0,0,0,0,0,0,0,0,0,0,0,0,0,0,0,0,0,0,0,0,0,0,0,0,0,0,0,0,0,0,0,0,0,0,0,0,0,0,0,0,0,0,0,0,0,0,0,0,0,0,0,0,0,0,0,0,0,0,0,0,0,0,0,0,0,0,0,0,0,0,0,0,0,0,0,0,0,0,0,0,0,0,0,0,0,0,0,0,0,0,0,0,0,0,0,0,0,0,0,0,0,0,0,0,0,0,0,0,0,0,0,0,0,0,0,0,0,0,0,0,0,0,0,0,0,0,0,0,0,0,0,0,0,0,0,0,0,0,0,0,0,0,0,0,0,0,0,0,0,0,0,0,0,0,0,0,0,0,0,0,0,0,0,0,0,0,0,0,0,0,0,0,0,0,0,0,0,0,0,0,0,0,0,0,0,0,0,0,0,0,0,0,0,0,0,0,0,0,0,0,0,0,0,0,0,0,0,0,0,0,0,0,0,0,0,0,0,0,0,0,0,0,0,0,0,0,0,0,0,0,0,0,0,0,0,0,0,0,0,0,0,0,0,0,0,0,0,0,0,0,0,0,0,0,0,0,0,0,0,0,0,0,0,0,0,0,0,0,0,0,0,0,0,0,0,0,0,0,0,0,0,0,0,0,0,0,0,0,0,0,0,0,0,0,0,0,0,0,0,0,0,0,0,0,0,0,0,0,0,0,0,0,0,0,0,0,0,0,0,0,0,0,0,0,0,0,0,0,0,0,0,0,0,0,0,0,0,0,0,0,0,0,0,0,0,0,0,0,0,0,0,0,0,0,0,0,0,0,0,0,0,0,0,0,0,0,0,0,0,0,0,0,0,0,0,0,0,0,0,0,0,0,0,0,0,0,0,0,0,0,0,0,0,0,0,0,0,0,0,0,0,0,0,0,0,0,0,0,0,0,0,0,0,0,0,0,0,0,0,0,0,0,0,0,0,0,0,0,0,0,0,0,0,0,0,0,0,0,0,0,0,0,0,0,0,0,0,0,0,0,0,0,0,0,0,0,0,0,0,0,0,0,0,0,0,0,0,0,0,0,0,0,0,0,0,0,0,0,0,0,0,0,0,0,0,0,0,0,0,0,0,0,0,0,0,0,0,0,0,0,0,0,0,0,0,0,0,0,0,0,0,0,0,0,0,0,0,0,0,0,0,0,0,0,0,0,0,0,0,0,0,0,0,0,0,0,0,0,0,0,0,0,0,0,0,0,0,0,0,0,0,0,0,0,0,0,0,0,0,0,0,0,0,0,0,0,0,0,0,0,0,0,0,0,0,0,0,0,0,0,0,0,0,0,0,0,0,0,0,0,0,0,0,0,0,0,0,0,0,0,0,0,0,0,0,0,0,0,0,0,0,0,0,0,0,0,0,0,0,0,0,0,0,0,0,0,0,0,0,0,0,0,0,0,0,0,0,0,0,0,0,0,0,0,0,0,0,0,0,0,0,0,0,0,0,0,0,0,0,0,0,0,0,0,0,0,0,0,0,0,0,0,0,0,0,0,0,0,0,0,0,0,0,0,0,0,0,0,0,0,0,0,0,0,0,0,0,0,0,0,0,0,0,0,0,0,0,0,0,0,0,0,0,0,0,0,0,0,0,0,0,0,0,0,0,0,0,0,0,0,0,0,0,0,0,0,0,0,0,0,0,0,0,0,0,0,0,0,0,0,0,0,0,0,0,0,0,0,0,0,0,0,0,0,0,0,0,0,0,0,0,0,0,0,0,0,0,0,0,0,0,0,0,0,0,0,0,0,0,0,0,0,0,0,0,0,0,0,0,0,0,0,0,0,0,0,0,0,0,0,0,0,0,0,0,0,0,0,0,0,0,0,0,0,0,0,0,0,0,0,0,0,0,0,0,0,0,0,0,0,0,0,0,0,0,0,0,0,0,0,0,0,0,0,0,0,0,0,0,0,0,0,0,0,0,0,0,0,0,0,0,0,0,0,0,0,0,0,0,0,0,0,0,0,0,0,0,0,0,0,0,0,0,0,0,0,0,0,0,0,0,0,0,0,0,0,0,0,0,0,0,0,0,0,0,0,0,0,0,0,0,0,0,0,0,0,0,0,0,0,0,0,0,0,0,0,0,0,0,0,0,0,0,0,0,0,0,0,0,0,0,0,0,0,0,0,0,0,0,0,0,0,0,0,0,0,0,0,0,0,0,0,0,0,0,0,0,0,0,0,0,0,0,0,0,0,0,0,0,0,0,0,0,0,0,0,0,0,0,0,0,0,0,0,0,0,0,0,0,0,0,0,0,0,0,0,0,0,0,0,0,0,0,0,0,0,0,0,0,0,0,0,0,0,0,0,0,0,0,0,0,0,0,0,0,0,0,0,0,0,0,0,0,0,0,0,0,0,0,0,0,0,0,0,0,0,0,0,0,0,0,0,0,0,0,0,0,0,0,0,0,0,0,0,0,0,0,0,0,0,0,0,0,0,0,0,0,0,0,0,0,0,0,0,0,0,0,0,0,0,0,0,0,0,0,0,0,0,0,0,0,0,0,0,0,0,0,0,0,0,0,0,0,0,0,0,0,0,0,0,0,0,0,0,0,0,0,0,0,0,0,0,0,0,0,0,0,0,0,0,0,0,0,0,0,0,0,0,0,0,0,0,0,0,0,0,0,0,0,0,0,0,0,0,0,0,0,0,0,0,0,0,0,0,0,0,0,0,0,0,0,0,0,0,0,0,0,0,0,0,0,0,0,0,0,0,0,0,0,0,0,0,0,0,0,0,0,0,0,0,0,0,0,0,0,0,0,0,0,0,0,0,0,0,0,0,0,0,0,0,0,0,0,0,0,0,0,0,0,0,0,0,0,0,0,0,0,0,0,0,0,0,0,0,0,0,0,0,0,0,0,0,0,0,0,0,0,0,0,0,0,0,0,0,0,0,0,0,0,0,0,0,0,0,0,0,0,0,0,0,0,0,0,0,0,0,0,0,0,0,0,0,0,0,0,0,0,0,0,0,0,0,0,0,0,0,0,0,0,0,0,0,0,0,0,0,0,0,0,0,0,0,0,0,0,0,0,0,0,0,0,0,0,0,0,0,0,0,0,0,0,0,0,0,0,0,0,0,0,0,0,0,0,0,0,0,0,0,0,0,0,0,0,0,0,0,0,0,0,0,0,0,0,0,0,0,0,0,0,0,0,0,0,0,0,0,0,0,0,0,0,0,0,0,0,0,0,0,0,0,0,0,0,0,0,0,0,0,0,0,0,0,0,0,0,0,0,0,0,0,0,0,0,0,0,0,0,0,0,0,0,0,0,0,0,0,0,0,0,0,0,0,0,0,0,0,0,0,0,0,0,0,0,0,0,0,0,0,0,0,0,0,0,0,0,0,0,0,0,0,0,0,0,0,0,0,0,0,0,0,0,0,0,0,0,0,0,0,0,0,0,0,0,0,0,0,0,0,0,0,0,0,0,0,0,0,0,0,0,0,0,0,0,0,0,0,0,0,0,0,0,0,0,0,0,0,0,0,0,0,0,0,0,0,0,0,0,0,0,0,0,0,0,0,0,0,0,0,0,0,0,0,0,0,0,0,0,0,0,0,0,0,0,0,0,0,0,0,0,0,0,0,0,0,0,0,0,0,0,0,0,0,0,0,0,0,0,0,0,0,0,0,0,0,0,0,0,0,0,0,0,0,0,0,0,0,0,0,0,0,0,0,0,0,0,0,0,0,0,0,0,0,0,0,0,0,0,0,0,0,0,0,0,0,0,0,0,0,0,0,0,0,0,0,0,0,0,0,0,0,0,0,0,0,0,0,0,0,0,0,0,0,0,0,0,0,0,0,0,0,0,0,0,0,0,0,0,0,0,0,0,0,0,0,0,0,0,0,0,0,0,0,0,0,0,0,0,0,0,0,0,0,0,0,0,0,0,0,0,0,0,0,0,0,0,0,0,0,0,0,0,0,0,0,0,0,0,0,0,0,0,0,0,0,0,0,0,0,0,0,0,0,0,0,0,0,0,0,0,0,0,0,0,0,0,0,0,0,0,0,0,0,0,0,0,0,0,0,0,0,0,0,0,0,0,0,0,0,0,0,0,0,0,0,0,0,0,0,0,0,0,0,0,0,0,0,0,0,0,0,0,0,0,0,0,0,0,0,0,0,0,0,0,0,0,0,0,0,0,0,0,0,0,0,0,0,0,0,0,0,0,0,0,0,0,0,0,0,0,0,0,0,0,0,0,0,0,0,0,0,0,0,0,0,0,0,0,0,0,0,0,0,0,0,0,0,0,0,0,0,0,0,0,0,0,0,0,0,0,0,0,0,0,0,0,0,0,0,0,0,0,0,0,0,0,0,0,0,0,0,0,0,0,0,0,0,0,0,0,0,0,0,0,0,0,0,0,0,0,0,0,0,0,0,0,0,0,0,0,0,0,0,0,0,0,0,0,0,0,0,0,0,0,0,0,0,0,0,0,0,0,0,0,0,0,0,0,0,0,0,0,0,0,0,0,0,0,0,0,0,0,0,0,0,0,0,0,0,0,0,0,0,0,0,0,0,0,0,0,0,0,0,0,0,0,0,0,0,0,0,0,0,0,0,0,0,0,0,0,0,0,0,0,0,0,0,0,0,0,0,0,0,0,0,0,0,0,0,0,0,0,0,0,0,0,0,0,0,0,0,0,0,0,0,0,0,0,0,0,0,0,0,0,0,0,0,0,0,0,0,0,0,0,0,0,0,0,0,0,0,0,0,0,0,0,0,0,0,0,0,0,0,0,0,0,0,0,0,0,0,0,0,0,0,0,0,0,0,0,0,0,0,0,0,0,0,0,0,0,0,0,0,0,0,0,0,0,0,0,0,0,0,0,0,0,0,0,0,0,0,0,0,0,0,0,0,0,0,0,0,0,0,0,0,0,0,0,0,0,0,0,0,0,0,0,0,0,0,0,0,0,0,0,0,0,0,0,0,0,0,0,0,0,0,0,0,0,0,0,0,0,0,0,0,0,0,0,0,0,0,0,0,0,0,0,0,0,0,0,0,0,0,0,0,0,0,0,0,0,0,0,0,0,0,0,0,0,0,0,0,0,0,0,0,0,0,0,0,0,0,0,0,0,0,0,0,0,0,0,0,0,0,0,0,0,0,0,0,0,0,0,0,0,0,0,0,0,0,0,0,0,0,0,0,0,0,0,0,0,0,0,0,0,0,0,0,0,0,0,0,0,0,0,0,0,0,0,0,0,0,0,0,0,0,0,0,0,0,0,0,0,0,0,0,0,0,0,0,0,0,0,0,0,0,0,0,0,0,0,0,0,0,0,0,0,0,0,0,0,0,0,0,0,0,0,0,0,0,0,0,0,0,0,0,0,0,0,0,0,0,0,0,0,0,0,0,0,0,0,0,0,0,0,0,0,0,0,0,0,0,0,0,0,0,0,0,0,0,0,0,0,0,0,0,0,0,0,0,0,0,0,0,0,0,0,0,0,0,0,0,0,0,0,0,0,0,0,0,0,0,0,0,0,0,0,0,0,0,0,0,0,0,0,0,0,0,0,0,0,0,0,0,0,0,0,0,0,0,0,0,0,0,0,0,0,0,0,0,0,0,0,0,0,0,0,0,0,0,0,0,0,0,0,0,0,0,0,0,0,0,0,0,0,0,0,0,0,0,0,0,0,0,0,0,0,0,0,0,0,0,0,0,0,0,0,0,0,0,0,0,0,0,0,0,0,0,0,0,0,0,0,0,0,0,0,0,0,0,0,0,0,0,0,0,0,0,0,0,0,0,0,0,0,0,0,0,0,0,0,0,0,0,0,0,0,0,0,0,0,0,0,0,0,0,0,0,0,0,0,0,0,0,0,0,0,0,0,0,0,0,0,0,0,0,0,0,0,0,0,0,0,0,0,0,0,0,0,0,0,0,0,0,0,0,0,0,0,0,0,0,0,0,0,0,0,0,0,0,0,0,0,0,0,0,0,0,0,0,0,0,0,0,0,0,0,0,0,0,0,0,0,0,0,0,0,0,0,0,0,0,0,0,0,0,0,0,0,0,0,0,0,0,0,0,0,0,0,0,0,0,0,0,0,0,0,0,0,0,0,0,0,0,0,0,0,0,0,0,0,0,0,0,0,0,0,0,0,0,0,0,0,0,0,0,0,0,0,0,0,0,0,0,0,0,0,0,0,0,0,0,0,0,0,0,0,0,0,0,0,0,0,0,0,0,0,0,0,0,0,0,0,0,0,0,0,0,0,0,0,0,0,0,0,0,0,0,0,0,0,0,0,0,0,0,0,0,0,0,0,0,0,0,0,0,0,0,0,0,0,0,0,0,0,0,0,0,0,0,0,0,0,0,0,0,0,0,0,0,0,0,0,0,0,0,0,0,0,0,0,0,0,0,0,0,0,0,0,0,0,0,0,0,0,0,0,0,0,0,0,0,0,0,0,0,0,0,0,0,0,0,0,0,0,0,0,0,0,0,0,0,0,0,0,0,0,0,0,0,0,0,0,0,0,0,0,0,0,0,0,0,0,0,0,0,0,0,0,0,0,0,0,0,0,0,0,0,0,0,0,0,0,0,0,0,0,0,0,0,0,0,0,0,0,0,0,0,0,0,0,0,0,0,0,0,0,0,0,0,0,0,0,0,0,0,0,0,0,0,0.17643996,-0.02115482,0.9590282,0.30517197,-1.4044228,-1.47956,-0.72468424,-0.22382149,0.44634846,0.30328962,0.6192112,0.6296687,1.070087,0.7331981,0.05774714,0.84038764,-0.7079522,-0.71966463,0.27536806,-0.3509326,-0.38528553,0.18182558,-0.5154293,-0.20980841,0.30653146,0.27960336,-0.72379535,1.4383484,-0.24065809,-1.1170503,0.11960335,-0.8660176,-0.46146855,0.5604922,-1.2854162,1.0152897,-0.36238357,0.5071066,0.37089747,0.017381128,-0.19563848,-0.1471156,0.81884515,0.46156412,-0.6989065,0.41999552,0.8012243,0.68749875,-0.5484751,0.17989093,0.8842047,0.78308046,1.0472373,-1.0338607,0.3034465,0.6819563,-0.1736777,0.10637459,0.7088844,-0.033337828,0.60216546,-0.2098607,-0.8907496,0.021877859,-0.10528554,0.21419159,-0.2503836,0.13528962,-0.4566058,-0.22805679,-0.55035746,0.021145834,-0.5787496,0.09779943,-0.043324754,-0.5912463,-0.21979535,-0.31438357,0.7261393,0.15787786,0.50114584,0.2718648,-0.6851025,0.05168178,-0.17676267,-0.37974307,-0.36128554,0.6202046,0.09942035,0.23254453,0.521172,0.84796935,-0.11433129,0.32258373,0.012779821,0.0933027,0.10187786,-0.39229208,0.201538,-0.46136397,0.18888439,-0.33372998,-0.076475084,0.06328963,-0.3711156,0.044204656,-0.5814685,-0.078095995,-0.04928554,-0.7899391,0.23881903,-0.11840972,0.58339417,-0.38983455,0.40796936,-0.4835862,-0.14805678,0.48498896,-0.02894567,0.3770674,0.16441381,-0.035063315,0.7872112,-0.25707638,-0.35903716,0.24200858,0.08927655,1.0108452,0.045145832,-0.698645,-0.26047507,-0.100004494,-0.16928554,0.4283615,0.7021393,-0.26345548,-0.034226716,0.055446487,-0.0035339051,0.51416546,-0.009285539,-0.33974305,0.08572099,-0.54523325,-0.2187496,-0.3501483,-0.5135993,0.24932884,0.034688316,-0.39908946,0.13183865,-0.7992986,-0.6024359,0.25732884,0.017171977,0.30637458,0.5144269,0.6047275,0.3463223,0.3746099,0.40080595,0.33983865,-0.2738607,0.16802165,0.70684516,0.3585576,0.32169485,0.40765563,0.81968176,0.08572099,-0.11699796,0.06449224,-0.43867117,0.0629759,-0.2793509,-0.5850241,0.01947263,0.14872754,0.4679955,-0.44546854,0.22151184,-0.106069855,0.16561642,-0.34230515,-0.15835744,0.073904,-0.022357434,-0.05163848,0.09685825,-0.17796528,0.115995504,-0.17922018,0.2807014,0.25942034,-0.4520045,0.38308048,-0.7954816,-0.045729984,0.16263603,0.6339563,-0.081337824,-0.9008934,0.24467525,-0.20013522,-0.081337824,1.0202047,-0.088344365,0.055498775,0.11573407,0.39860988,-0.1757692,-0.24939011,-0.5478999,-0.1281875,0.47881904,-0.2531548,0.33136806,-0.13791299,-0.056919526,-0.014043709,0.32671446,0.63625693,-0.12855351,-0.011063317,-0.41603065,0.103969365,-0.26141626,0.25053146,-0.17012215,-0.12923326,-0.4982267,-0.26695874,0.07249224,-0.1197692,-0.29399142,-0.030932598,0.47024387,-0.01163848,-0.1155339,0.3029759,-0.53059274,0.06166871,0.028832108,0.15834844,0.40378636,0.41089746,0.20791708,-0.3047104,-0.16285416,-0.12076266,0.4832635,0.34355107,-0.23992606,0.3913942,0.39589092,0.23798244,-0.030723447,0.0039955066,-0.7172594,0.098217726,-0.3049718,-0.3770241,-0.10554697,-0.07307639,0.12927656,-0.41132477,-0.6379914,0.23432231,-0.36379534,0.26245302,-0.35715482,-0.18408293,-0.21122018,-0.25707638,0.31562948,-0.14690645,-0.110096,0.3913942,-0.23124632,-0.36620057,-0.7479522,0.059368055,-0.4553509,0.106897466,-0.34941626,0.01795629,-0.18481494,0.23934191,-0.3391679,0.07243995,0.063707925,-0.481913,-0.9218084,-0.05080188,0.08472753,-0.2398215,-0.09074959,0.61053145,-0.5884228,0.42956415,-0.28745547,-0.17728554,0.5677079,0.03421773,-0.2082398,-0.023298612,-0.3139653,-0.44703716,0.43547264,-0.42220056,-0.057860702,0.35421774,0.449172,-0.25650123,0.13121119,0.26705432,-0.09671038,0.4828452,-0.19077574,0.09732884,-0.24651429,0.12378635,0.0166491,0.19845302,-0.42110252,0.09905433,0.30391708,-0.27323326,-0.33336398,-0.059952207,-0.2663313,0.4785053,-0.601547,0.185538,-0.102828026,0.039080475,-0.23820058,0.22109355,0.15364257,-0.13650122,0.42815238,-0.5327888,0.020309232,-0.029729983,0.5464269,0.047864787,0.3551589,0.20159028,-0.16457966,0.22229616,0.10799551,-0.48808292,0.07866217,0.037145834,0.32216543,-0.0936777,-0.49739012,-0.21268423,0.12253145,0.29691052,-0.06889338,-0.26308945,-0.12787378,0.61868834,-0.134096,0.013145833,-0.0726058,-0.40808293,-0.4225666,0.26025695,-0.34727246,0.30015236,-0.048239786,0.32985172,0.39955106,0.3493027,-0.16206986,-0.083167896,0.30689746,-0.12410907,0.21968178,0.02705433,0.54647917,-0.07103717,0.42752492,-0.066801876,-0.14565155,-0.09074959,-0.031716913,-0.2646581,-0.350096,0.09607394,-0.1025143,-0.4291548,0.3762308,-0.18397835,-0.08525939,-0.47187376,0.060622957,-0.28374305,-0.0856777,0.19672753,-0.14172998,0.10376021,-0.19208293,-0.34931168,0.053145833,-0.042435866,-0.48044893,0.25769484,-0.27872345,0.21921119,-0.48907638,-0.45477572,-0.1568411,-0.14701103,-0.020475082,0.2166491,-0.43030515,0.47087133,0.17413929,0.022662174,-0.20384763,-0.4911156,0.39228308,0.5842831,0.15526348,0.54402167,0.08566871,-0.13519403,0.14276674,-0.40829208,0.16786478,-0.37054044,0.057224266,-0.31610906,0.245721,0.01602165,0.45983866,-0.058697306,0.20159028,-0.15971692,0.20274061,-0.014618873,-0.23312868,0.11892361,-0.19349469,0.45220464,0.24017851,-0.47506332,-0.102932595,-0.45561233,-0.09263194,-0.13331169,0.0945576,-0.2619914,-0.29707637,0.04974714,0.25534192,-0.21712868,0.5201785,0.769904,-0.49038357,0.4120478,-0.49629208,0.09779943,-0.35417444,-0.2948803,0.07913276,-0.3457561,-0.2528934,0.11578636,0.36336806,0.22532883,-0.23328555,0.3047537,0.30077982,-0.13378227,-0.19584763,-0.43694568,0.07395629,0.5162569,-0.19542933,0.5366491,0.080544524,0.25591707,0.24891055,-0.27438357,0.038819037,0.12702818,-0.1854424,-0.029677697,-0.23673652,-0.16750777,0.3416687,0.42914584,-0.44139013,-0.3247888,0.22480597,0.11322427,0.08545956,0.35536805,-0.100631945,-0.14329861,-0.07108946,-0.5518738,0.037773285,0.59113276,-0.11877573,-0.37838358,-0.00515482,0.14276674,-0.36970383,-0.04165155,-0.49676266,0.51291054,0.590087,-0.40928555,0.16091053,0.22412622,0.06945956,0.050426878,0.36336806,-0.13336398,-0.46115482,-0.15255351,-0.06350776,0.05236152,0.11657067,-0.10575613,0.09246609,0.2490674,-0.18193914,0.030348448,-0.08667116,0.101145834,-0.10172998,-0.10361233,-0.08332475,0.1282308,0.10438766,-0.62403065,-0.077468544,-0.47197834,-0.091272466,-0.510096,0.20378636,0.2768844,-0.086409725,-0.46110255,-0.665181,0.5913942,-0.4343313,-0.18183456,0.32289746,-0.0016515523,-0.17545548,-0.15757312,-0.18314175,-0.37200448,0.06402165,0.09884518,0.2890674,-0.052631944,-0.42810908,0.2322308,-0.44008294,0.11160335,-0.58429205,-0.17582148,-0.02073652,-0.0641875,-0.07992606,0.13942035,-0.40238357,0.30151185,0.105015114,-0.2923705,-0.06345548,0.40807393,-0.10795221,0.21335499,0.38104126,-0.50748163,0.35615236,-0.045729984,0.10491054,-0.007926062,0.16362949,0.32159027,-0.15192606,0.3084138,-0.031141749,-0.2910633,-0.22068423,-0.3353509,-0.03542933,0.40880597,-0.39480188,0.5015119,0.29366872,-0.05796528,0.053720996,-0.17420056,-0.12865809,0.09968178,0.12901512,-0.24128553,-0.10648815,0.53476673,-0.4250764,-0.3522398,-0.257913,-0.10308946,0.5899302,0.19463603,-0.041128676,0.17366871,0.12159028,0.71787786,0.6869759,-0.430462,-0.27464503,-0.15271038,0.11123734,-0.3286058,-0.3981483,-0.23997834,-0.030357435,-0.40410906,0.55207396,-0.3631156,0.28755108,0.20509355,-0.03396528,-0.3134424,0.526453,0.025694853,0.16263603,0.40002164,0.15928963,-0.6073509,-0.5034032,-0.19046201,-0.12243587,-0.33268422,-0.14434436,0.36660987,-0.52839667,-0.19501103,-0.26010907,0.11934191,-0.29472345,0.041433416,0.060256943,0.32582557,0.041590277,0.14098898,0.42914584,-0.05749469,-0.23365155,-0.4764751,-0.29137704,0.5766491,0.015237337,0.14919811,-0.23161234,-0.12944241,0.05393015,-0.29723325,-0.00055351306,-0.51705027,-0.09477574,-0.44850123,-0.0038476307,-0.031821486,0.10830923,-0.17461887,-0.35459274,0.28843996,-0.48661888,-0.3711156,-0.16238357,0.010270016,0.23113276,-0.086775735,0.39207393,-0.19035743,-0.3068019,-0.21498488,-0.27908945,-0.09728554,0.32922426,0.12838766,0.17806086,0.28080598,-0.3004228,0.33429617,0.10668832,-0.46324632,0.21283211,-0.30789992,0.41774714,-0.43982148,-0.060004495,-0.2763705,-0.006932598,0.019106617,-0.36745548,0.1842831,0.24755107,-0.22549468,-0.12086724,-0.51705027,-0.29963848,-0.28379536,-0.5021483,-0.31119403,0.25058374,0.59834844,-0.5218607,0.08566871,-0.18972999,0.4839955,0.1050674,-0.18371691,0.2614073,0.15908048,-0.1008411,0.36530268,-0.3037169,0.06229616,-0.10763848,0.16227001,-0.017390115,0.00974714,0.38449225,0.08043995,0.08843995,0.27531576,0.41643995,0.108518384,-0.35548162,-0.112239785,-0.052684233,0.0076033496,0.37952492,0.15019159,0.12091054,0.45617852,-0.3588803,-0.11203064,-0.07171691,0.39976022,0.75191706,-0.13508946,-0.0473509,0.31787786,0.71040076,-0.14857966,-0.35124633,0.014453023,0.045564134,0.07657067,-0.13749468,-0.1185143,0.13617851,0.12995629,0.09419159,-0.31569076,-0.038148284,-0.44933784,0.4381393,0.15118505,-0.058488153,0.32310662,0.39552492,-0.095455475,0.07547263,0.269721,-0.30057967,0.01691054,-0.23741625,0.20216544,0.09053145,-0.24839665,-0.055926062,0.1193942,-0.2586973,-0.17644894,0.32749876,0.39866218,-0.1395862,0.1396295,-0.18826593,0.066008575,-0.4428019,0.42114583,0.42606086,-0.25184762,0.06328963,-0.042279005,0.2364138,-0.15035744,0.2688844,0.42731577,0.4684661,-0.17712867,-0.39548162,0.29220465,-0.29101104,-0.23197836,0.5218517,0.40540728,0.24702819,-0.0991156,-0.47229207,0.32770792,-0.12975612,0.16624387,0.044256944,0.52828306,0.07003472,0.03636152,-0.2700437,0.21591708,0.4039955,-0.21603064,0.38752493,0.20436151,-0.4848411,-0.26695874,0.21094975,-0.012370506,-0.08023979,-0.04191299,0.43625695,-0.29806986,0.15165564,0.34412622,-0.34612215,0.079237334,-0.14298488,-0.6710372,0.00629616,-0.4738607,-0.34596527,0.074949756,-0.09054044,0.19583865,0.01989093,0.27860987,0.31003472,0.4091197,0.25602165,0.4230282,-0.07009599,-0.222096,0.49304125,-0.3560045,0.42135498,-0.04342933,-0.3878999,-0.36667117,-0.37932476,0.094975896,0.4112112,-0.43448815,-0.027533906,0.08650531,-0.12572998,-0.008710376,0.23108047,-0.01942933,-0.07992606,0.18491054,0.3656164,-0.09106332,0.28007394,0.047028188,0.118819036,0.2641785,-0.18387377,0.13753799,0.11249224,-0.023403186,-0.15542933,-0.234279,-0.29310253,0.34057066,-0.51239663,0.071498774,-0.6367365,0.06532884,-0.05859273,-0.63412213,0.6680478,-0.11297181,0.2035772,-0.13880187,0.13952492,0.24441381,-0.16813521,-0.047507763,-0.1724228,0.050949756,0.16859682,0.3012504,0.086348444,-0.34852737,0.34417853,0.46156412,0.27662295,-0.18706332,-0.2250241,-0.01880188,0.111760214,0.005041258,-0.35506332,0.13936806,-0.07788685,0.5046491,-0.06826593,-0.12536398,-0.116422795,0.18919812,-0.14214829,-0.045311682,-0.26648816,0.3147406,-0.120553516,-0.2120045,-0.40071037,0.2604661,-0.09948162,0.066688314,0.44728962,0.095655635,0.66020465,0.13251838,0.26187786,-0.26915482,0.11165564,0.15003473,0.0019040033,0.06365564,0.3408844,-0.20761234,0.26559028,-0.32259274,-0.03710253,-0.3925535,0.46705434,-0.18805678,-0.40295875,-0.0045796568,0.29816544,0.35050532,0.09424387,-0.10559926,0.19777328,-0.3164228,-0.30225286,0.3573027,-0.24254043,-0.2637692,0.11542034,-0.0112201795,-0.19182149,-0.054775734,-0.32787377,0.31421772,-0.4945143,-0.035743054,-0.14889339,-0.006932598,-0.49874958,-0.12118097,-0.028736519,0.035211194,-0.1593509,0.2667929,-0.06857966,-0.4018084,-0.015612337,0.21931577,-0.41210908,-0.030252859,-0.1946973,0.15280597,0.07965564,-0.53231823,0.096962824,-0.2595339,-0.19867116,0.14951184,-0.19626594,-0.15668423,0.3013027,0.2881785,-0.36505026,-0.065546975,0.031760212,-0.43783456,-0.04342933,-0.20703717,0.15301512,-0.33006984,0.122688316,0.48425695,-0.15239665,-0.529547,-0.13163848,0.016858252,-0.12112868,-0.19558619,-0.016344363,0.21957721,-0.055089463,-0.015037173,-0.31333783,0.17983864,0.05199551,-0.04384763,0.5614857,-0.19699796,0.9735119,-0.2800829,-0.24248816,-0.94821364,1.1719432,0.9164661,-0.20839664,0.16728963,1.039185,-1.2387234,0.8781393,-0.49623978,-0.18152083,-0.2372594,-0.8532071,-0.84285414,-0.6212594,0.6552373,-0.0063574347,-0.16389991,-0.8365797,-0.6503836,-0.55840975,1.1331981,0.7826099,0.4245445,0.08708047,0.7482569,-0.2675339,-0.31888032,0.4208844,0.13403472,-0.29137704,0.13084517,0.16812623,-0.45080188,-0.21341626,0.16640073,0.11149877,-0.4616254,-0.31312868,-0.5401091,0.2874465,-0.5209195,0.58611315,0.37058374,-0.5517692,0.30517197,-0.123533905,0.42067525,1.1126491,-0.8431156,0.95217854,0.0065575982,0.21429616,0.4007014,0.34161642,0.10470139,-0.23579535,-0.25467116,-0.3388019,-0.33942932,-0.109939136,1.0028452,0.3362308,0.940623,0.0076556373,0.6035249,-0.7370764,0.8906883,0.3724661,0.34914583,0.8266883,-0.016658088,0.0726491,-0.68379533,-0.6370503,0.58313274,0.34919813,-0.8375731,-0.20635743,-0.40965155,0.5069498,0.573721,-0.43281496,-1.3757693,-0.16766462,0.6039432,-0.3951679,0.4915249,0.049851716,0.50731575,-0.07433129,0.23364256,-0.2456254,-0.8061483,-0.8334424,-0.686462,-0.28625286,-0.91647506,0.3929628,0.25393015,0.3741393,0.09649224,0.5214334,0.3438125,-0.3840829,0.5712635,-0.13231821,0.7303746,-0.33676267,-0.20672345,-0.46408293,-0.14068423,-0.3745143,-0.66136396,-0.006305147,-0.09189992,0.24974714,0.22077982,-0.16672345,-0.5326842,0.47128963,0.39191708,0.1559955,-0.48457965,
0,0,0,0,0,0,0,0,0,0,0,0,0,0,0,0,0,0,0,0,0,0,0,0,0,0,0,0,0,0,0,0,0,0,0,0,0,0,0,0,0,0,0,0,0,0,0,0,0,0,0,0,0,0,0,0,0,0,0,0,0,0,0,0,0,0,0,0,0,0,0,0,0,0,0,0,0,0,0,0,0,0,0,0,0,0,0,0,0,0,0,0,1,0,0,0,0,0,0,0,0,0,0,0,0,0,0,0,0,0,0,0,0,0,0,0,0,0,0,0,0,0,0,0,0,0,0,0,0,0,0,0,0,0,0,0,0,0,0,0,0,0,0,0,0,0,0,0,0,0,0,0,0,0,0,0,0,0,0,0,0,0,0,0,0,0,0,0,0,0,0,0,0,0,0,0,0,0,0,0,0,0,0,0,0,0,0,0,0,0,0,0,0,0,0,0,0,0,0,0,0,0,0,0,0,0,0,0,0,0,0,0,0,0,0,0,0,0,0,0,0,0,0,0,0,0,0,0,0,0,0,0,0,0,0,0,0,0,0,0,0,0,0,0,0,0,0,0,0,0,0,0,0,0,0,0,0,0,0,0,0,0,0,0,0,0,0,0,0,0,0,0,0,0,0,0,0,0,0,0,0,0,0,0,0,0,0,0,0,0,0,0,0,0,0,0,0,0,0,0,0,0,0,0,0,0,0,0,0,0,0,0,0,0,0,0,0,0,0,0,0,0,0,0,0,0,0,0,0,0,0,0,0,0,0,0,0,0,0,0,0,0,0,0,0,0,0,0,0,0,0,0,0,0,0,0,0,0,0,0,0,0,0,0,0,0,0,0,0,0,0,0,0,0,0,0,0,0,0,0,0,0,0,0,0,0,0,0,0,0,0,0,0,0,0,0,0,0,0,0,0,0,0,0,0,0,0,0,0,0,0,0,0,0,0,0,0,0,0,0,0,0,0,0,0,0,0,0,0,0,0,0,0,0,0,0,0,0,0,0,0,0,0,0,0,0,0,0,0,0,0,0,0,0,0,0,0,0,0,0,0,0,0,0,0,0,0,0,0,0,0,0,0,0,0,0,0,0,0,0,0,0,0,0,0,0,0,0,0,0,0,0,0,0,0,0,0,0,0,0,0,0,0,0,0,0,0,0,0,0,0,0,0,0,0,0,0,0,0,0,0,0,0,0,0,0,0,0,0,0,0,0,0,0,0,0,0,0,0,0,0,0,0,0,0,0,0,0,0,0,0,0,0,0,0,0,0,0,0,0,0,0,0,0,0,0,0,0,0,0,0,0,0,0,0,0,0,0,0,0,0,0,0,0,0,0,0,0,0,0,0,0,0,0,0,0,0,0,0,0,0,0,0,0,0,0,0,0,0,0,0,0,0,0,0,0,0,0,0,0,0,0,0,0,0,0,0,0,0,0,0,0,0,0,0,0,0,0,0,0,0,0,0,0,0,0,0,0,0,0,0,0,0,0,0,0,0,0,0,0,0,0,0,0,0,0,0,0,0,0,0,0,0,0,0,0,0,0,0,0,0,0,0,0,0,0,0,0,0,0,0,0,0,0,0,0,0,0,0,0,0,0,0,0,0,0,0,0,0,0,0,0,0,0,0,0,0,0,0,0,0,0,0,0,0,0,0,0,0,0,0,0,0,0,0,0,0,0,0,0,0,0,0,0,0,0,0,0,0,0,0,0,0,0,0,0,0,0,0,0,0,0,0,0,0,0,0,0,0,0,0,0,0,0,0,0,0,0,0,0,0,0,0,0,0,0,0,0,0,0,0,0,0,0,0,0,0,0,0,0,0,0,0,0,0,0,0,0,0,0,0,0,0,0,0,0,0,0,0,0,0,0,0,0,0,0,0,0,0,0,0,0,0,0,0,0,0,0,0,0,0,0,0,0,0,0,0,0,0,0,0,0,0,0,0,0,0,0,0,0,0,0,0,0,0,0,0,0,0,0,0,0,0,0,0,0,0,0,0,0,0,0,0,0,0,0,0,0,0,0,0,0,0,0,0,0,0,0,0,0,0,0,0,0,0,0,0,0,0,0,0,0,0,0,0,0,0,0,0,0,0,0,0,0,0,0,0,0,0,0,0,0,0,0,0,0,0,0,0,0,0,0,0,0,0,0,0,0,0,0,0,0,0,0,0,0,0,0,0,0,0,0,0,0,0,0,0,0,0,0,0,0,0,0,0,0,0,0,0,0,0,0,0,0,0,0,0,0,0,0,0,0,0,0,0,0,0,0,0,0,0,0,0,0,0,0,0,0,0,0,0,0,0,0,0,0,0,0,0,0,0,0,0,0,0,0,0,0,0,0,0,0,0,0,0,0,0,0,0,0,0,0,0,0,0,0,0,0,0,0,0,0,0,0,0,0,0,0,0,0,0,0,0,0,0,0,0,0,0,0,0,0,0,0,0,0,0,0,0,0,0,0,0,0,0,0,0,0,0,0,0,0,0,0,0,0,0,0,0,0,0,0,0,0,0,0,0,0,0,0,0,0,0,0,0,0,0,0,0,0,0,0,0,0,0,0,0,0,0,0,0,0,0,0,0,0,0,0,0,0,0,0,0,0,0,0,0,0,0,0,0,0,0,0,0,0,0,0,0,0,0,0,0,0,0,0,0,0,0,0,0,0,0,0,0,0,0,0,0,0,0,0,0,0,0,0,0,0,0,0,0,0,0,0,0,0,0,0,0,0,0,0,0,0,0,0,0,0,0,0,0,0,0,0,0,0,0,0,0,0,0,0,0,0,0,0,0,0,0,0,0,0,0,0,0,0,0,0,0,0,0,0,0,0,0,0,0,0,0,0,0,0,0,0,0,0,0,0,0,0,0,0,0,0,0,0,0,0,0,0,0,0,0,0,0,0,0,0,0,0,0,0,0,0,0,0,0,0,0,0,0,0,0,0,0,0,0,0,0,0,0,0,0,0,0,0,0,0,0,0,0,0,0,0,0,0,0,0,0,0,0,0,0,0,0,0,0,0,0,0,0,0,0,0,0,0,0,0,0,0,0,0,0,0,0,0,0,0,0,0,0,0,0,0,0,0,0,0,0,0,0,0,0,0,0,0,0,0,0,0,0,0,0,0,0,0,0,0,0,0,0,0,0,0,0,0,0,0,0,0,0,0,0,0,0,0,0,0,0,0,0,0,0,0,0,0,0,0,0,0,0,0,0,0,0,0,0,0,0,0,0,0,0,0,0,0,0,0,0,0,0,0,0,0,0,0,0,0,0,0,0,0,0,0,0,0,0,0,0,0,0,0,0,0,0,0,0,0,0,0,0,0,0,0,0,0,0,0,0,0,0,0,0,0,0,0,0,0,0,0,0,0,0,0,0,0,0,0,0,0,0,0,0,0,0,0,0,0,0,0,0,0,0,0,0,0,0,0,0,0,0,0,0,0,0,0,0,0,0,0,0,0,0,0,0,0,0,0,0,0,0,0,0,0,0,0,0,0,0,0,0,0,0,0,0,0,0,0,0,0,0,0,0,0,0,0,0,0,0,0,0,0,0,0,0,0,0,0,0,0,0,0,0,0,0,0,0,0,0,0,0,0,0,0,0,0,0,0,0,0,0,0,0,0,0,0,0,0,0,0,0,0,0,0,0,0,0,0,0,0,0,0,0,0,0,0,0,0,0,0,0,0,0,0,0,0,0,0,0,0,0,0,0,0,0,0,0,0,0,0,0,0,0,0,0,0,0,0,0,0,0,0,0,0,0,0,0,0,0,0,0,0,0,0,0,0,0,0,0,0,0,0,0,0,0,0,0,0,0,0,0,0,0,0,0,0,0,0,0,0,0,0,0,0,0,0,0,0,0,0,0,0,0,0,0,0,0,0,0,0,0,0,0,0,0,0,0,0,0,0,0,0,0,0,0,0,0,0,0,0,0,0,0,0,0,0,0,0,0,0,0,0,0,0,0,0,0,0,0,0,0,0,0,0,0,0,0,0,0,0,0,0,0,0,0,0,0,0,0,0,0,0,0,0,0,0,0,0,0,0,0,0,0,0,0,0,0,0,0,0,0,0,0,0,0,0,0,0,0,0,0,0,0,0,0,0,0,0,0,0,0,0,0,0,0,0,0,0,0,0,0,0,0,0,0,0,0,0,0,0,0,0,0,0,0,0,0,0,0,0,0,0,0,0,0,0,0,0,0,0,0,0,0,0,0,0,0,0,0,0,0,0,0,0,0,0,0,0,0,0,0,0,0,0,0,0,0,0,0,0,0,0,0,0,0,0,0,0,0,0,0,0,0,0,0,0,0,0,0,0,0,0,0,0,0,0,0,0,0,0,0,0,0,0,0,0,0,0,0,0,0,0,0,0,0,0,0,0,0,0,0,0,0,0,0,0,0,0,0,0,0,0,0,0,0,0,0,0,0,0,0,0,0,0,0,0,0,0,0,0,0,0,0,0,0,0,0,0,0,0,0,0,0,0,0,0,0,0,0,0,0,0,0,0,0,0,0,0,0,0,0,0,0,0,0,0,0,0,0,0,0,0,0,0,0,0,0,0,0,0,0,0,0,0,0,0,0,0,0,0,0,0,0,0,0,0,0,0,0,0,0,0,0,0,0,0,0,0,0,0,0,0,0,0,0,0,0,0,0,0,0,0,0,0,0,0,0,0,0,0,0,0,0,0,0,0,0,0,0,0,0,0,0,0,0,0,0,0,0,0,0,0,0,0,0,0,0,0,0,0,0,0,0,0,0,0,0,0,0,0,0,0,0,0,0,0,0,0,0,0,0,0,0,0,0,0,0,0,0,0,0,0,0,0,0,0,0,0,0,0,0,0,0,0,0,0,0,0,0,0,0,0,0,0,0,0,0,0,0,0,0,0,0,0,0,0,0,0,0,0,0,0,0,0,0,0,0,0,0,0,0,0,0,0,0,0,0,0,0,0,0,0,0,0,0,0,0,0,0,0,0,0,0,0,0,0,0,0,0,0,0,0,0,0,0,0,0,0,0,0,0,0,0,0,0,0,0,0,0,0,0,0,0,0,0,0,0,0,0,0,0,0,0,0,0,0,0,0,0,0,0,0,0,0,0,0,0,0,0,0,0,0,0,0,0,0,0,0,0,0,0,0,0,0,0,0,0,0,0,0,0,0,0,0,0,0,0,0,0,0,0,0,0,0,0,0,0,0,0,0,0,0,0,0,0,0,0,0,0,0,0,0,0,0,0,0,0,0,0,0,0,0,0,0,0,0,0,0,0,0,0,0,0,0,0,0,0,0,0,0,0,0,0,0,0,0,0,0,0,0,0,0,0,0,0,0,0,0,0,0,0,0,0,0,0,0,0,0,0,0,0,0,0,0,0,0,0,0,0,0,0,0,0,0,0,0,0,0,0,0,0,0,0,0,0,0,0,0,0,0,0,0,0,0,0,0,0,0,0,0,0,0,0,0,0,0,0,0,0,0,0,0,0,0,0,0,0,0,0,0,0,0,0,0,0,0,0,0,0,0,0,0,0,0,0,0,0,0,0,0,0,0,0,0,0,0,0,0,0,0,0,0,0,0,0,0,0,0,0,0,0,0,0,0,0,0,0,0,0,0,0,0,0,0,0,0,0,0,0,0,0,0,0,0,0,0,0,0,0,0,0,0,0,0,0,0,0,0,0,0,0,0,0,0,0,0,0,0,0,0,0,0,0,0,0,0,0,0,0,0,0,0,0,0,0,0,0,0,0,0,0,0,0,0,0,0,0,0,0,0,0,0,0,0,0,0,0,0,0,0,0,0,0,0,0,0,0,0,0,0,0,0,0,0,0,0,0,0,0,0,0,0,0,0,0,0,0,0,0,0,0,0,0,0,0,0,0,0,0,0,0,0,0,0,0,0,0,0,0,0,0,0,0,0,0,0,0,0,0,0,0,0,0,0,0,0,0,0,0,0,0,0,0,0,0,0,0,0,0,0,0,0,0,0,0,0,0,0,0,0,0,0,0,0,0,0,0,0,0,0,0,0,0,0,0,0,0,0,0,0,0,0,0,0,0,0,0,0,0,0,0,0,0,0,0,0,0,0,0,0,0,0,0,0,0,0,0,0,0,0,0,0,0,0,0,0,0,0,0,0,0,0,0,0,0,0,0,0,0,0,0,0,0,0,0,0,0,0,0,0,0,0,0,0,0,0,0,0,0,0,0,0,0,0,0,0,0,0,0,0,0,0,0,0,0,0,0,0,0,0,0,0,0,0,0,0,0,0,0,0,0,0,0,0,0,0,0,0,0,0,0,0,0,0,0,0,0,0,0,0,0,0,0,0,0,0,0,0,0,0,0,0,0,0,0,0,0,0,0,0,0,0,0,0,0,0,0,0,0,0,0,0,0,0,0,0,0,0,0,0,0,0,0,0,0,0,0,0,0,0,0,0,0,0,0,0,0,0,0,0,0,0,0,0,0,0,0,0,0,0,0,0,0,0,0,0,0,0,0,0,0,0,0,0,0,0,0,0,0,0,0,0,0,0,0,0,0,0,0,0,0,0,0,0,0,0,0,0,0,0,0,0,0,0,0,0,0,0,0,0,0,0,0,0,0,0,0,0,0,0,0,0,0,0,0,0,0,0,0,0,0,0,0,0,0,0,0,0,0,0,0,0,0,0,0,0,0,0,0,0,0,0,0,0,0,0,0,0,0,0,0,0,0,0,0,0,0,0,0,0,0,0,0,0,0,0,0,0,0,0,0,0,0,0,0,0,0,0,0,0,0,0,0,0,0,0,0,0,0,0,0,0,0,0,0,0,0,0,0,0,0,0,0,0,0,0,0,0,0,0,0,0,0,0,0,0,0,0,0,0,0,0,0,0,0,0,0,0,0,0,0,0,0,0,0,0,0,0,0,0,0,0,0,0,0,0,0,0,0,0,0,0,0,0,0,0,0,0,0,0,0,0,0,0,0,0,0,0,0,0,0,0,0,0,0,0,0,0,0,0,0,0,0,0,0,0,0,0,0,0,0,0,0,0,0,0,0,0,0,0,0,0,0,0,0,0,0,0,0,0,0,0,0,0,0,0,0,0,0,0,0,0,0,0,0,0,0,0,0,0,0,0,0,0,0,0,0,0,0,0,0,0,0,0,0,0,0,0,0,0,0,0,0,0,0,0,0,0,0,0,0,0,0,0,0,0,0,0,0,0,0,0,0,0,0,0,0,0,0,0,0,0,0,0,0,0,0,0,0,0,0,0,0,0,0,0,0,0,0,0,0,0,0,0,0,0,0,0,0,0,0,0,0,0,0,0,0,0,0,0,0,0,0,0,0,0,0,0,0,0,0,0,0,0,0,0,0,0,0,0,0,0,0,0,0,0,0,0,0,0,0,0,0,0,0,0,0,0,0,0,0,0,0,0,0,0,0,0,0,0,0,0,0,0,0,0,0,0,0,0,0,0,0,0,0,0,0,0,0,0,0,0,0,0,0,0,0,0,0,0,0,0,0,0,0,0,0,0,0,0,0,0,0,0,0,0,0,0,0,0,0,0,0,0,0,0,0,0,0,0,0,0,0,0,0,0,0,0,0,0,0,0,0,0,0,0,0,0,0,0,0,0,0,0,0,0,0,0,0,0,0,0,0,0,0,0,0,0,0,0,0,0,0,0,0,0,0,0,0,0,0,0,0,0,0,0,0,0,0,0,0,0,0,0,0,0,0,0,0,0,0,0,0,0,0,0,0,0,0,0,0,0,0,0,0,0,0,0,0,0,0,0,0,0,0,0,0,0,0,0,0,0,0,0,0,0,0,0,0,0,0,0,0,0,0,0,0,0,0,0,0,0,0,0,0,0,0,0,0,0,0,0,0,0,0,0,0,0,0,0,0,0,0,0,0,0,0,0,0,0,0,0,0,0,0,0,0,0,0,0,0,0,0,0,0,0,0,0,0,0,0,0,0,0,0,0,0,0,0,0,0,0,0,0,0,0,0,0,0,0,0,0,0,0,0,0,0,0,0,0,0,0,0,0,0,0,0,0,0,0,0,0,0,0,0,0,0,0,0,0,0,0,0,0,0,0,0,0,0,0,0,0,0,0,0,0,0,0,0,0,0,0,0,0,0,0,0,0,0,0,0,0,0,0,0,0,0,0,0,0,0,0,0,0,0,0,0,0,0,0,0,0,0,0,0,0,0,0,0,0,0,0,0,0,0,0,0,0,0,0,0,0,0,0,0,0,0,0,0,0,0,0,0,0,0,0,0,0,0,0,0,0,0,0,0,0,0,0,0,0,0,0,0,0,0,0,0,0,0,0,0,0,0,0,0,0,0,0,0,0,0,0,0,0,0,0,0,0,0,0,0,0,0,0,0,0,0,0,0,0,0,0,0,0,0,0,0,0,0,0,0,0,0,0,0,0,0,0,0,0,0,0,0,0,0,0,0,0,0,0,0,0,0,0,0,0,0,0,0,0,0,0,0,0,0,0,0,0,0,0,0,0,0,0,0,0,0,0,0,0,0,0,0,0,0,0,0,0,0,0,0,0,0,0,0,0,0,0,0,0,0,0,0,0,0,0,0,0,0,0,0,0,0,0,0,0,0,0,0,0,0,0,0,0,0,0,0,0,0,0,0,0,0,0,0,0,0,0,0,0,0,0,0,0,0,0,0,0,0,0,0,0,0,0,0,0,0,0,0,0,0,0,0,0,0,0,0,0,0,0,0,0,0,0,0,0,0,0,0,0,0,0,0,0,0,0,0,0,0,0,0,0,-1.1225927,-1.4627235,-0.50575614,-0.0014946895,0.2427406,1.080283,0.40012622,-0.30115482,0.51850533,-0.121233255,0.5353419,0.8563354,-1.09373,0.027786355,-0.40829208,-0.6128934,-0.3159522,-0.23035744,-0.046200573,0.59332883,-0.9198215,-0.84008294,0.03615237,-0.398096,-0.20756005,-0.1458607,0.40922427,0.84838766,-0.50157315,0.33089748,-0.7265666,0.9041262,-0.066749595,0.23249224,-0.19940318,-0.90439665,-0.07699796,0.048073936,0.00629616,0.46851838,-0.007403186,0.6980086,0.3004661,1.2918386,-0.10397835,-0.7337823,-0.065442406,0.33659682,-0.57106334,0.43672752,0.82067525,-0.16792606,0.7323615,-0.5787496,0.5557341,-0.20254044,0.7087798,0.8810674,-0.96912867,0.35123733,-0.9349326,-0.08238358,1.0378256,-0.015246323,0.1392112,-1.1283966,-0.13226593,-0.49948162,0.2486491,-1.0958738,-0.13273652,-0.016762663,-0.7678215,0.15693669,0.42595628,-0.14753391,0.1968321,-0.4612594,0.084413804,-0.795377,-0.20797835,0.48979944,0.8777733,1.3102962,0.038609885,-0.8253901,0.24294975,-0.49561232,0.8452504,-0.040292077,0.5610674,-0.5319522,0.5023484,0.25058374,0.2870282,-0.14429207,0.40441382,-0.39673653,0.6298256,0.2823746,-0.54136395,-0.07443587,0.9311589,-0.7950633,0.93094975,0.11322427,-0.18089338,-0.4801875,-0.03459273,-0.2898607,1.2298256,-0.7676646,-0.11673652,-0.826645,0.33173406,0.22443995,-0.010226715,-0.67673653,-0.18240972,-0.53686726,0.38182557,-0.14680187,-0.059115604,0.01408701,0.23458374,0.23087132,-0.10664502,0.12159028,0.48582557,-0.30936396,-0.22507639,0.4730151,-0.31914175,-0.62246203,0.7617471,-0.053677697,0.8049367,-0.005834559,-0.48975614,0.17523734,-0.4679522,0.4765184,0.107211195,0.18919812,0.30454454,0.07902819,0.7243092,-0.044893384,0.1779563,-0.26350775,-1.3283443,0.57131577,-1.1529719,0.41136804,-0.33137703,0.08111969,-0.88431823,-0.5217561,-0.34220058,-1.3334162,1.1110282,-0.39119405,-0.37122017,0.6858256,0.49335498,0.28138113,0.7220086,1.3619562,0.16080597,-0.579011,0.7400478,-0.7354032,-0.01770384,0.6705576,-0.914279,-0.345913,0.7909759,-0.53263193,0.253355,-1.4703574,-0.19234437,0.06454453,-0.013573121,-0.2966058,-0.43898487,-0.24876267,-0.38016135,-0.20661888,-0.13906331,1.3418256,0.16932884,-1.1590894,-0.10507639,0.035211194,0.41942033,1.1345053,0.342087,0.1291197,0.5990805,0.3193942,0.8433158,0.57994324,0.90485823,-0.1294947,-0.33765155,-0.3758215,-0.9899914,-0.07244894,-0.4986973,-0.26748163,-0.26852736,0.38480598,0.60838765,-0.13216135,-0.17864501,-0.27025285,0.12127655,0.8428975,-0.19506332,-0.102880314,-0.10178227,-0.04165155,-0.27694568,0.37345955,-0.5808934,0.36169484,-0.94230515,0.71949875,-0.087716915,-0.19480188,0.629721,0.40033537,-0.11506332,-0.9374947,0.23777328,-0.56844896,-0.16949469,-0.43736398,-0.38057965,0.7323092,0.0414857,0.40462297,-0.17362541,0.6108975,0.37900203,0.7008321,1.0324923,-0.04212214,-0.5545927,0.60253143,0.71761644,0.68760335,0.40791708,0.8503223,0.6612504,-1.1346189,0.29487133,-0.7816254,-0.37216136,1.6299301,0.53989094,-0.49566463,0.0031589053,1.0890151,-1.2991157,-0.43527246,1.2805969,-0.46078882,-0.51527244,0.048335377,0.0638125,0.29225695,0.34480596,-0.32557312,0.385904,-0.32850122,0.9805707,-0.022566585,0.01408701,-0.53937703,0.5754465,-0.38894567,-0.22005679,0.5026622,0.89643997,-0.4039522,-0.091586195,-0.12677574,0.51881903,1.2462438,0.06360335,0.49413928,-0.78523326,-0.4170241,0.23777328,0.7397863,-1.2334946,0.9607537,1.4495903,-0.18821365,0.24378635,-0.05362541,-0.76933783,0.26883212,0.24770792,0.8528321,-0.37942934,0.105904005,-0.36756006,0.22355106,0.47787786,-0.43752083,0.5383223,0.09450531,0.8909497,0.15447916,-0.09864502,0.8309759,-0.1315862,0.43871447,-0.5296515,0.2263746,-0.4287365,0.46360335,-0.5897823,-0.58173,-0.27187377,0.5374334,0.2520478,0.46443996,-1.1274555,0.7581916,-0.20180841,-0.61284107,-0.039350897,-1.2280568,-0.4086581,0.15928963,0.021773284,0.17717198,0.50386477,-0.29006985,-0.13001756,0.8988452,0.8302439,0.48776022,-0.65895873,0.05753799,0.4832112,0.22114584,-0.32374305,0.15134192,0.2523615,-0.56933784,-0.3054424,-0.5101483,0.84352493,-0.29038358,-0.057546977,-0.3434032,0.28807393,0.34956414,-0.24761234,1.0019563,0.13173407,-0.32583457,-0.04975613,0.30867526,-0.41352084,0.29528964,-0.5533378,0.03918505,0.85528964,0.5126491,-0.06371691,1.0759432,-0.6494424,-0.3327888,0.3361785,0.10062296,0.8558125,0.6105837,0.06020466,-0.43924633,-0.69770384,-0.19323325,0.7710543,0.7684922,0.036622956,0.6241785,0.3614857,0.30653146,-0.09341626,-0.3521352,0.9201262,-1.0334424,0.5952112,0.55421776,-0.6967627,-0.40583456,-0.05796528,1.1553681,0.035106618,0.45084518,0.4183223,-0.36264503,-1.0339652,0.050270017,-0.19856659,-0.3386973,0.12509355,-0.4743313,-0.045886848,0.8806491,0.64760333,-0.46308947,0.30093667,0.15552492,-0.57210904,-0.8832202,-0.06052737,0.12681903,-0.5471156,0.1884661,-0.44410908,-0.5475862,0.16059682,-0.6305143,-0.19814828,0.15782557,0.7191328,0.69178635,0.07698897,-0.73984766,-0.03783456,-0.12933783,-0.1126058,1.118087,-0.5143313,-1.4991156,-0.91945547,1.4399694,0.28153798,-0.5270895,-0.24667116,0.04263603,0.79583865,0.62172097,-0.12959926,0.015080474,0.4773027,-0.433547,0.75829613,0.19196936,0.44556412,0.08227002,-0.10565155,-0.38946855,0.9593942,-0.84416133,-0.25383455,0.8524661,-0.03647508,0.04911969,-0.67903715,-0.95705026,0.43275368,0.11866217,-0.88756007,-0.81090647,-0.558096,0.5572504,-0.51924634,-0.20342933,-0.84886724,-1.1762397,-0.3185666,0.16415237,-0.08886724,-0.8972855,-0.9644751,-0.29561234,0.3791066,-0.3248934,0.046243872,-0.5874816,-0.31281495,1.3705314,0.49764258,-0.54152083,0.41607395,-0.25916788,-1.3580437,0.6251197,0.361538,0.62820464,0.6843615,-0.9049195,-0.35715482,-0.71150774,0.03808701,0.4983223,0.32932884,0.4832635,0.48514584,0.12200858,0.7464269,0.066949755,0.15003473,-0.9572594,-0.54152083,-1.0632986,0.17314583,0.14851838,-0.426279,0.16660988,-0.14471038,-1.1111418,-0.43830514,0.569538,-0.3407365,1.2055641,1.2257994,0.18266217,-0.1551156,-0.48640972,-0.22303717,0.46914583,0.201538,-0.6640306,-0.05315482,-0.02852737,0.75160336,-0.6956123,0.14857067,0.90993017,-0.46889338,1.0293549,0.6894857,-0.23161234,-0.5628542,-0.29519403,0.4402308,0.6845184,0.26830924,0.011786357,-0.3050241,0.3273419,0.4439955,0.310087,-0.5265143,1.1182961,0.59301513,0.7327798,0.00075367646,-0.5441875,-0.5808411,0.2789236,-0.30486724,-1.2269588,-0.33184764,-0.45979536,1.3180348,0.5105576,0.13335498,-1.139377,-1.1623836,-0.9703836,-0.120292075,-0.73629206,-0.18889338,-1.2640307,0.009433415,0.22308047,0.1910282,0.92504126,0.9578779,0.49429616,0.78093666,-0.08254044,0.34627002,0.16159028,-0.27239665,-0.5025143,0.18276675,0.41722426,0.265904,0.13900204,0.33858374,1.1090412,1.1462177,0.9126491,0.75338113,0.0022700164,-0.32133782,-0.87119406,0.57361645,0.11704126,-0.30805677,-0.38178226,0.28117198,0.23134191,-0.79276264,-0.0067234477,0.7290151,-0.2590633,0.17565563,-0.6048934,-0.31961232,1.510087,-0.1871679,0.40807393,0.62658376,-0.17461887,0.16666217,-0.21493259,-0.62261885,0.25555107,0.33492362,-0.727194,-0.18659273,-0.14267115,-0.8268019,0.18742034,-0.22565155,0.26308048,-0.24254043,0.429355,0.21429616,-0.27516788,0.37361643,0.39740726,-0.089390114,-0.51527244,-0.5320045,0.61596936,-0.7012594,0.5998125,-0.23354697,-0.44766462,0.7151589,0.5850674,0.445355,-0.1286058,-0.14957312,-0.1189326,0.008492239,0.43876675,-0.85603064,0.30700204,0.7922308,0.042688318,0.0027406046,1.0602046,-0.32881495,0.94067526,-0.5978346,-0.29561234,0.16101511,-0.15527247,-0.057180963,0.03693668,0.39651838,0.24530269,0.28430924,1.068257,0.20901512,0.5972504,-0.33514175,0.16504125,1.0149759,-0.4052594,-0.5480568,0.47233537,0.4201001,0.5757602,0.10710662,-0.6268542,0.5522831,1.062453,0.33518505,0.21372099,0.07505433,0.6376164,1.0050936,0.03092361,-0.9522398,-0.8598476,-0.5698084,0.48159027,-0.6715078,-0.6517953,0.9337733,1.5287014,-0.5589326,-0.5804751,-0.054148283,-0.23668423,0.2111589,-0.7538607,-0.45817444,-0.7868019,0.0081785135,0.10945956,0.2322308,-0.27156004,-1.0523182,-0.45184764,0.12159028,-0.54821366,-0.12306332,-0.5526058,1.0719694,0.3180347,-0.850279,0.63793015,-0.305913,-1.155377,0.11458374,0.841904,-0.85216135,-0.39657965,1.1600217,0.5967798,0.006034722,1.217904,0.20514584,0.64802164,-0.83145547,0.38187787,-0.13095874,0.7875772,-0.9766058,-1.4288933,0.16927655,0.4339563,0.15275368,0.048596814,-0.14952083,-0.75020057,-0.04468423,-0.6563966,-0.2473509,0.05795629,0.30334193,-0.5630633,1.5468974,0.4793942,0.0473942,0.17215237,0.2629759,0.36891055,0.6953419,0.44796938,0.57309353,-0.111612335,0.50501513,-0.39182147,-0.7698084,0.022766748,-0.22031821,-0.024553513,-0.00055351306,0.8984269,0.39761642,0.36227003,0.28415236,0.65936804,-0.16384763,0.33335498,-0.34366462,-0.34695876,-0.019377042,0.8533027,-0.37477574,-0.51710254,0.6016949,1.0643353,-0.6646058,-0.011586193,0.6351589,-0.38690645,0.13633537,-0.9470633,-0.6528411,-0.41440973,0.11547263,0.48880595,-0.48510253,0.17053145,-0.10366462,1.0020086,0.5694334,1.0698255,-0.5913509,0.4174857,-0.023926063,0.14977328,-0.53514177,0.061773285,0.12598243,0.2785576,0.05602165,0.14951184,-0.45775613,0.10062296,1.3132243,0.08849224,1.1005707,0.15019159,-0.74188685,-0.2785143,0.23557721,0.0056164213,0.6196818,0.9496687,-0.48238358,0.2073942,-0.49216136,-0.37127247,-0.33017442,-0.7050764,0.27918506,-1.2896515,-0.21012214,-0.51694566,-0.5320568,0.21989094,0.5263485,-0.8680568,-0.110932596,-0.15741625,-0.8557692,-0.5178868,0.7733027,-0.39474958,0.32091054,0.7854857,0.1467406,0.2663746,-0.5095208,-0.02005678,0.20697589,0.48624387,-0.3585143,-0.020579657,-0.6166058,-0.14638358,-0.31490645,-0.63333786,0.121067405,-0.8234032,-0.27663195,-1.2913247,0.88572097,-0.7481614,-0.21608293,-0.056501225,-1.3267235,-0.326096,-0.7583574,0.6028452,-0.2696777,0.118191585,-0.47020057,-0.2552463,-0.513913,-0.2456777,0.20185171,0.0065053105,-0.047455475,0.3130674,-0.24118097,0.6957079,-0.002435866,-0.76834434,0.08901511,-0.26444894,-0.8430633,-0.31119403,0.10935498,-0.23569077,0.09947263,0.0326491,0.26491055,0.19343342,-0.6242398,-0.45791298,-0.88332474,0.37094975,0.18621773,0.11160335,-0.3680829,0.14470139,-0.73885417,0.20843995,-1.0196908,0.29816544,0.028309232,-0.3542267,0.070191585,1.1777995,0.29602164,0.8591066,-0.6661744,-0.2228803,-1.0725535,-0.7357692,-0.11684109,-0.22690645,0.016283087,0.6120478,-0.08322018,0.30328962,-0.33587378,0.1134857,0.03311969,1.0822177,-0.56672347,-0.14214829,-1.1002136,-0.6868803,0.5018256,-0.28797835,-0.954279,0.409538,-0.47495875,-0.24463195,-0.25634435,-0.31961232,-0.49467117,-0.4456254,-0.18204372,-0.94141626,-0.5850764,-0.46439666,0.016596815,-0.28374305,0.0945576,-0.15480188,-0.13257965,0.027995506,-0.97550774,-0.53158617,-0.3921875,1.1179302,0.23359028,0.7821393,0.013093546,0.31081903,0.6037341,-0.29765156,0.78449225,-0.8404489,-0.53257966,-0.77101105,-0.17686723,0.30266216,-0.14826593,0.8979563,-0.9492071,0.6576949,-0.03349469,0.35949877,0.513538,-0.14314175,0.10328963,-0.17169076,0.6632896,1.3384268,0.034060866,0.22642688,0.7635772,-0.2987496,0.64383864,0.38475367,-0.17942934,0.24038766,0.3126491,-0.1745143,0.3804661,-0.28719404,0.7403615,-0.15098488,0.6225053,0.32085824,-0.44055352,-0.26779535,0.35657066,0.30365562,-0.6877692,0.103028186,0.24336806,0.35657066,-0.3281875,0.026740605,-0.7879522,0.7968844,-0.23229207,-0.47652736,-0.2503836,0.13225694,-1.4599522,-0.32071036,0.39186478,0.76718503,-0.23997834,0.77288437,-0.51025283,0.198087,0.6267929,0.7234203,0.49816543,0.41100204,-0.3825143,0.6603615,-0.10763848,-0.5483182,0.38365564,0.8922569,-0.67140317,0.09440073,-0.33174306,0.18376021,-0.7718476,-0.7571548,0.25921118,0.76242685,0.1867929,-0.07501103,-0.32719404,-0.6112202,0.7027668,0.8090151,0.14030923,-1.0722921,0.43657067,-0.047455475,-0.3141744,-0.94068426,-1.2021744,0.21126348,0.39196935,0.34611315,0.09570792,-0.03046201,0.90109354,0.72838765,-0.60839665,-0.117991425,0.40593016,0.7708452,-0.7826189,-0.10946854,0.49131578,-0.3758215,0.4355772,-0.63657963,0.3110805,-0.05989992,0.4376164,0.081067406,-0.6489718,-0.7551679,-0.20897181,-0.2654947,0.325355,0.24122426,0.83704126,-0.23877573,0.57638764,-0.67657965,-0.6907496,-0.45231822,0.26396936,-0.056867238,-0.9959522,-0.15140319,0.14611316,-0.21357313,-0.35872346,-0.998828,0.6339563,-0.63208294,-0.40620056,-0.4843705,0.357721,0.23855759,0.23050532,-1.1210241,-0.36918098,0.40728962,-0.74706334,0.305904,0.29314584,0.57277983,0.7934857,0.57560337,0.73942035,-0.06068423,-0.82361233,-0.62486726,-1.162645,-0.03647508,0.5402569,-1.0859914,0.027786355,-0.8212071,-0.5628019,-0.43203065,-1.3498869,0.30851838,0.12085825,-0.66225284,-0.95982146,-0.92708945,0.73429614,-0.550096,-1.1403705,1.0568583,-0.58021367,1.2210412,0.26820466,-0.2856777,1.0444138,-0.3214947,0.5601785,-0.29127246,-0.6472463,-0.68593913,-0.946279,0.5708452,-0.71088034,0.88932884,-1.0072464,0.6381393,-0.6321352,-0.88578224,-0.27291954,0.054766748,0.38276675,-0.22507639,0.6578517,-0.12991299,0.66480595,0.6222439,0.010270016,0.6213027,0.45408702,-0.36593914,-0.6410764,0.6137733,
0,0,0,0,0,0,0,0,0,0,0,0,0,0,1,0,0,0,0,0,0,0,0,0,0,0,0,0,0,0,0,0,0,0,0,0,0,0,0,0,0,0,0,0,0,0,0,0,0,0,0,0,0,0,0,0,0,0,0,0,0,0,0,0,0,0,0,0,0,0,0,0,0,0,0,0,0,0,0,0,0,0,0,0,0,0,0,0,0,0,0,0,0,0,0,0,0,0,0,0,0,0,0,0,0,0,0,0,0,0,0,0,0,0,0,0,0,0,0,0,0,0,0,0,0,0,0,0,0,0,0,0,0,0,0,0,0,0,0,0,0,0,0,0,0,0,0,0,0,0,0,0,0,0,0,0,0,0,0,0,0,0,0,0,0,0,0,0,0,0,0,0,0,0,0,0,0,0,0,0,0,0,0,0,0,0,0,0,0,0,0,0,0,0,0,0,0,0,0,0,0,0,0,0,0,0,0,0,0,0,0,0,0,0,0,0,0,0,0,0,0,0,0,0,0,0,0,0,0,0,0,0,0,0,0,0,0,0,0,0,0,0,0,0,0,0,0,0,0,0,0,0,0,0,0,0,0,0,0,0,0,0,0,0,0,0,0,0,0,0,0,0,0,0,0,0,0,0,0,0,0,0,0,0,0,0,0,0,0,0,0,0,0,0,0,0,0,0,0,0,0,0,0,0,0,0,0,0,0,0,0,0,0,0,0,0,0,0,0,0,0,0,0,0,0,0,0,0,0,0,0,0,0,0,0,0,0,0,0,0,0,0,0,0,0,0,0,0,0,0,0,0,0,0,0,0,0,0,0,0,0,0,0,0,0,0,0,0,0,0,0,0,0,0,0,0,0,0,0,0,0,0,0,0,0,0,0,0,0,0,0,0,0,0,0,0,0,0,0,0,0,0,0,0,0,0,0,0,0,0,0,0,0,0,0,0,0,0,0,0,0,0,0,0,0,0,0,0,0,0,0,0,0,0,0,0,0,0,0,0,0,0,0,0,0,0,0,0,0,0,0,0,0,0,0,0,0,0,0,0,0,0,0,0,0,0,0,0,0,0,0,0,0,0,0,0,0,0,0,0,0,0,0,0,0,0,0,0,0,0,0,0,0,0,0,0,0,0,0,0,0,0,0,0,0,0,0,0,0,0,0,0,0,0,0,0,0,0,0,0,0,0,0,0,0,0,0,0,0,0,0,0,0,0,0,0,0,0,0,0,0,0,0,0,0,0,0,0,0,0,0,0,0,0,0,0,0,0,0,0,0,0,0,0,0,0,0,0,0,0,0,0,0,0,0,0,0,0,0,0,0,0,0,0,0,0,0,0,0,0,0,0,0,0,0,0,0,0,0,0,0,0,0,0,0,0,0,0,0,0,0,0,0,0,0,0,0,0,0,0,0,0,0,0,0,0,0,0,0,0,0,0,0,0,0,0,0,0,0,0,0,0,0,0,0,0,0,0,0,0,0,0,0,0,0,0,0,0,0,0,0,0,0,0,0,0,0,0,0,0,0,0,0,0,0,0,0,0,0,0,0,0,0,0,0,0,0,0,0,0,0,0,0,0,0,0,0,0,0,0,0,0,0,0,0,0,0,0,0,0,0,0,0,0,0,0,0,0,0,0,0,0,0,0,0,0,0,0,0,0,0,0,0,0,0,0,0,0,0,0,0,0,0,0,0,0,0,0,0,0,0,0,0,0,0,0,0,0,0,0,0,0,0,0,0,0,0,0,0,0,0,0,0,0,0,0,0,0,0,0,0,0,0,0,0,0,0,0,0,0,0,0,0,0,0,0,0,0,0,0,0,0,0,0,0,0,0,0,0,0,0,0,0,0,0,0,0,0,0,0,0,0,0,0,0,0,0,0,0,0,0,0,0,0,0,0,0,0,0,0,0,0,0,0,0,0,0,0,0,0,0,0,0,0,0,0,0,0,0,0,0,0,0,0,0,0,0,0,0,0,0,0,0,0,0,0,0,0,0,0,0,0,0,0,0,0,0,0,0,0,0,0,0,0,0,0,0,0,0,0,0,0,0,0,0,0,0,0,0,0,0,0,0,0,0,0,0,0,0,0,0,0,0,0,0,0,0,0,0,0,0,0,0,0,0,0,0,0,0,0,0,0,0,0,0,0,0,0,0,0,0,0,0,0,0,0,0,0,0,0,0,0,0,0,0,0,0,0,0,0,0,0,0,0,0,0,0,0,0,0,0,0,0,0,0,0,0,0,0,0,0,0,0,0,0,0,0,0,0,0,0,0,0,0,0,0,0,0,0,0,0,0,0,0,0,0,0,0,0,0,0,0,0,0,0,0,0,0,0,0,0,0,0,0,0,0,0,0,0,0,0,0,0,0,0,0,0,0,0,0,0,0,0,0,0,0,0,0,0,0,0,0,0,0,0,0,0,0,0,0,0,0,0,0,0,0,0,0,0,0,0,0,0,0,0,0,0,0,0,0,0,0,0,0,0,0,0,0,0,0,0,0,0,0,0,0,0,0,0,0,0,0,0,0,0,0,0,0,0,0,0,0,0,0,0,0,0,0,0,0,0,0,0,0,0,0,0,0,0,0,0,0,0,0,0,0,0,0,0,0,0,0,0,0,0,0,0,0,0,0,0,0,0,0,0,0,0,0,0,0,0,0,0,0,0,0,0,0,0,0,0,0,0,0,0,0,0,0,0,0,0,0,0,0,0,0,0,0,0,0,0,0,0,0,0,0,0,0,0,0,0,0,0,0,0,0,0,0,0,0,0,0,0,0,0,0,0,0,0,0,0,0,0,0,0,0,0,0,0,0,0,0,0,0,0,0,0,0,0,0,0,0,0,0,0,0,0,0,0,0,0,0,0,0,0,0,0,0,0,0,0,0,0,0,0,0,0,0,0,0,0,0,0,0,0,0,0,0,0,0,0,0,0,0,0,0,0,0,0,0,0,0,0,0,0,0,0,0,0,0,0,0,0,0,0,0,0,0,0,0,0,0,0,0,0,0,0,0,0,0,0,0,0,0,0,0,0,0,0,0,0,0,0,0,0,0,0,0,0,0,0,0,0,0,0,0,0,0,0,0,0,0,0,0,0,0,0,0,0,0,0,0,0,0,0,0,0,0,0,0,0,0,0,0,0,0,0,0,0,0,0,0,0,0,0,0,0,0,0,0,0,0,0,0,0,0,0,0,0,0,0,0,0,0,0,0,0,0,0,0,0,0,0,0,0,0,0,0,0,0,0,0,0,0,0,0,0,0,0,0,0,0,0,0,0,0,0,0,0,0,0,0,0,0,0,0,0,0,0,0,0,0,0,0,0,0,0,0,0,0,0,0,0,0,0,0,0,0,0,0,0,0,0,0,0,0,0,0,0,0,0,0,0,0,0,0,0,0,0,0,0,0,0,0,0,0,0,0,0,0,0,0,0,0,0,0,0,0,0,0,0,0,0,0,0,0,0,0,0,0,0,0,0,0,0,0,0,0,0,0,0,0,0,0,0,0,0,0,0,0,0,0,0,0,0,0,0,0,0,0,0,0,0,0,0,0,0,0,0,0,0,0,0,0,0,0,0,0,0,0,0,0,0,0,0,0,0,0,0,0,0,0,0,0,0,0,0,0,0,0,0,0,0,0,0,0,0,0,0,0,0,0,0,0,0,0,0,0,0,0,0,0,0,0,0,0,0,0,0,0,0,0,0,0,0,0,0,0,0,0,0,0,0,0,0,0,0,0,0,0,0,0,0,0,0,0,0,0,0,0,0,0,0,0,0,0,0,0,0,0,0,0,0,0,0,0,0,0,0,0,0,0,0,0,0,0,0,0,0,0,0,0,0,0,0,0,0,0,0,0,0,0,0,0,0,0,0,0,0,0,0,0,0,0,0,0,0,0,0,0,0,0,0,0,0,0,0,0,0,0,0,0,0,0,0,0,0,0,0,0,0,0,0,0,0,0,0,0,0,0,0,0,0,0,0,0,0,0,0,0,0,0,0,0,0,0,0,0,0,0,0,0,0,0,0,0,0,0,0,0,0,0,0,0,0,0,0,0,0,0,0,0,0,0,0,0,0,0,0,0,0,0,0,0,0,0,0,0,0,0,0,0,0,0,0,0,0,0,0,0,0,0,0,0,0,0,0,0,0,0,0,0,0,0,0,0,0,0,0,0,0,0,0,0,0,0,0,0,0,0,0,0,0,0,0,0,0,0,0,0,0,0,0,0,0,0,0,0,0,0,0,0,0,0,0,0,0,0,0,0,0,0,0,0,0,0,0,0,0,0,0,0,0,0,0,0,0,0,0,0,0,0,0,0,0,0,0,0,0,0,0,0,0,0,0,0,0,0,0,0,0,0,0,0,0,0,0,0,0,0,0,0,0,0,0,0,0,0,0,0,0,0,0,0,0,0,0,0,0,0,0,0,0,0,0,0,0,0,0,0,0,0,0,0,0,0,0,0,0,0,0,0,0,0,0,0,0,0,0,0,0,0,0,0,0,0,0,0,0,0,0,0,0,0,0,0,0,0,0,0,0,0,0,0,0,0,0,0,0,0,0,0,0,0,0,0,0,0,0,0,0,0,0,0,0,0,0,0,0,0,0,0,0,0,0,0,0,0,0,0,0,0,0,0,0,0,0,0,0,0,0,0,0,0,0,0,0,0,0,0,0,0,0,0,0,0,0,0,0,0,0,0,0,0,0,0,0,0,0,0,0,0,0,0,0,0,0,0,0,0,0,0,0,0,0,0,0,0,0,0,0,0,0,0,0,0,0,0,0,0,0,0,0,0,0,0,0,0,0,0,0,0,0,0,0,0,0,0,0,0,0,0,0,0,0,0,0,0,0,0,0,0,0,0,0,0,0,0,0,0,0,0,0,0,0,0,0,0,0,0,0,0,0,0,0,0,0,0,0,0,0,0,0,0,0,0,0,0,0,0,0,0,0,0,0,0,0,0,0,0,0,0,0,0,0,0,0,0,0,0,0,0,0,0,0,0,0,0,0,0,0,0,0,0,0,0,0,0,0,0,0,0,0,0,0,0,0,0,0,0,0,0,0,0,0,0,0,0,0,0,0,0,0,0,0,0,0,0,0,0,0,0,0,0,0,0,0,0,0,0,0,0,0,0,0,0,0,0,0,0,0,0,0,0,0,0,0,0,0,0,0,0,0,0,0,0,0,0,0,0,0,0,0,0,0,0,0,0,0,0,0,0,0,0,0,0,0,0,0,0,0,0,0,0,0,0,0,0,0,0,0,0,0,0,0,0,0,0,0,0,0,0,0,0,0,0,0,0,0,0,0,0,0,0,0,0,0,0,0,0,0,0,0,0,0,0,0,0,0,0,0,0,0,0,0,0,0,0,0,0,0,0,0,0,0,0,0,0,0,0,0,0,0,0,0,0,0,0,0,0,0,0,0,0,0,0,0,0,0,0,0,0,0,0,0,0,0,0,0,0,0,0,0,0,0,0,0,0,0,0,0,0,0,0,0,0,0,0,0,0,0,0,0,0,0,0,0,0,0,0,0,0,0,0,0,0,0,0,0,0,0,0,0,0,0,0,0,0,0,0,0,0,0,0,0,0,0,0,0,0,0,0,0,0,0,0,0,0,0,0,0,0,0,0,0,0,0,0,0,0,0,0,0,0,0,0,0,0,0,0,0,0,0,0,0,0,0,0,0,0,0,0,0,0,0,0,0,0,0,0,0,0,0,0,0,0,0,0,0,0,0,0,0,0,0,0,0,0,0,0,0,0,0,0,0,0,0,0,0,0,0,0,0,0,0,0,0,0,0,0,0,0,0,0,0,0,0,0,0,0,0,0,0,0,0,0,0,0,0,0,0,0,0,0,0,0,0,0,0,0,0,0,0,0,0,0,0,0,0,0,0,0,0,0,0,0,0,0,0,0,0,0,0,0,0,0,0,0,0,0,0,0,0,0,0,0,0,0,0,0,0,0,0,0,0,0,0,0,0,0,0,0,0,0,0,0,0,0,0,0,0,0,0,0,0,0,0,0,0,0,0,0,0,0,0,0,0,0,0,0,0,0,0,0,0,0,0,0,0,0,0,0,0,0,0,0,0,0,0,0,0,0,0,0,0,0,0,0,0,0,0,0,0,0,0,0,0,0,0,0,0,0,0,0,0,0,0,0,0,0,0,0,0,0,0,0,0,0,0,0,0,0,0,0,0,0,0,0,0,0,0,0,0,0,0,0,0,0,0,0,0,0,0,0,0,0,0,0,0,0,0,0,0,0,0,0,0,0,0,0,0,0,0,0,0,0,0,0,0,0,0,0,0,0,0,0,0,0,0,0,0,0,0,0,0,0,0,0,0,0,0,0,0,0,0,0,0,0,0,0,0,0,0,0,0,0,0,0,0,0,0,0,0,0,0,0,0,0,0,0,0,0,0,0,0,0,0,0,0,0,0,0,0,0,0,0,0,0,0,0,0,0,0,0,0,0,0,0,0,0,0,0,0,0,0,0,0,0,0,0,0,0,0,0,0,0,0,0,0,0,0,0,0,0,0,0,0,0,0,0,0,0,0,0,0,0,0,0,0,0,0,0,0,0,0,0,0,0,0,0,0,0,0,0,0,0,0,0,0,0,0,0,0,0,0,0,0,0,0,0,0,0,0,0,0,0,0,0,0,0,0,0,0,0,0,0,0,0,0,0,0,0,0,0,0,0,0,0,0,0,0,0,0,0,0,0,0,0,0,0,0,0,0,0,0,0,0,0,0,0,0,0,0,0,0,0,0,0,0,0,0,0,0,0,0,0,0,0,0,0,0,0,0,0,0,0,0,0,0,0,0,0,0,0,0,0,0,0,0,0,0,0,0,0,0,0,0,0,0,0,0,0,0,0,0,0,0,0,0,0,0,0,0,0,0,0,0,0,0,0,0,0,0,0,0,0,0,0,0,0,0,0,0,0,0,0,0,0,0,0,0,0,0,0,0,0,0,0,0,0,0,0,0,0,0,0,0,0,0,0,0,0,0,0,0,0,0,0,0,0,0,0,0,0,0,0,0,0,0,0,0,0,0,0,0,0,0,0,0,0,0,0,0,0,0,0,0,0,0,0,0,0,0,0,0,0,0,0,0,0,0,0,0,0,0,0,0,0,0,0,0,0,0,0,0,0,0,0,0,0,0,0,0,0,0,0,0,0,0,0,0,0,0,0,0,0,0,0,0,0,0,0,0,0,0,0,0,0,0,0,0,0,0,0,0,0,0,0,0,0,0,0,0,0,0,0,0,0,0,0,0,0,0,0,0,0,0,0,0,0,0,0,0,0,0,0,0,0,0,0,0,0,0,0,0,0,0,0,0,0,0,0,0,0,0,0,0,0,0,0,0,0,0,0,0,0,0,0,0,0,0,0,0,0,0,0,0,0,0,0,0,0,0,0,0,0,0,0,0,0,0,0,0,0,0,0,0,0,0,0,0,0,0,0,0,0,0,0,0,0,0,0,0,0,0,0,0,0,0,0,0,0,0,0,0,0,0,0,0,0,0,0,0,0,0,0,0,0,0,0,0,0,0,0,0,0,0,0,0,0,0,0,0,0,0,0,0,0,0,0,0,0,0,0,0,0,0,0,0,0,0,0,0,0,0,0,0,0,0,0,0,0,0,0,0,0,0,0,0,0,0,0,0,0,0,0,0,0,0,0,0,0,0,0,0,0,0,0,0,0,0,0,0,0,0,0,0,0,0,0,0,0,0,0,0,0,0,0,0,0,0,0,0,0,0,0,0,0,0,0,0,0,0,0,0,0,0,0,0,0,0,0,0,0,0,0,0,0,0,0,0,0,0,0,0,0,0,0,0,0,0,0,0,0,0,0,0,0,0,0,0,0,0,0,0,0,0,0,0,0,0,0,0,0,0,0,0,0,0,0,0,0,0,0,0,0,0,0,0,0,0,0,0,0,0,0,0,0,0,0,0,0,0,0,0,0,0,0,0,0,0,0,0,0,0,0,0,0,0,0,0,0,0,0,0,0,0,0,0,0,0,0,0,0,0,0,0,0,0,0,0,0,0,0,0,0,0,0,0,0,0,0,0,0,0,0,0,0,0,0,0,0,0,0,0,0,0,0,0,0,0,0,0,0,0,0,0,0,0,0,0,0,0,0,0,0,0,0,0,0,0,0,0,0,0,0,0,0,0,0,0,0,0,0,0,0,0,0,0,0,0,0,0,0,0,0,0,0,0,0,0,0,0,0,0,0,0,0,0,0,0,0,0,0,0,0,0,0,0,0,0,0,0,0,0,0,0,0,0,0,0,0,0,0,0,0,0,0,0,0,0,0,0,0,0,0,0,0,0,0,0,0,0,0,0,0,0,0,0,0,0,0,0,0,0,0,0,0,0,0,0,0,0,0,0,0,0,0,0,0,0,0,0,0,0,0,0,0,0,0,0,0,0,0,0,0,0,0,0,0,0,0,0,0,0,0,0,0,0,0,0,0,0,0,0,0,0,0,0,0,0,0,0,0,0,0,0,0,0,0,0,0,0,0,0,0,0,0,0,0,0,0,0,0,0,0,0,0,0,0,0,0,0,0,0,0,0,0,0,0,0,0,0,0,0,0,0,0,0,0,0,0,0,0,0,0,0,0,0,0,0,0,0,0,0,0,0,0,0,0,0,0,0,0,0,0,0,0,0,0,0,0,0,0,0,0,0,0,0,0,0,0,0,0,0,0,0,0,0,0,0,0,0,0,0,0,0,0,0,0,0,0,-0.4562079,-1.8105838,0.6976898,-0.67492306,-0.44715324,0.6853193,-0.17908372,0.81476295,0.16958518,-0.0339538,-0.08203287,0.13400412,-0.5982771,0.12469438,-0.3594121,0.15759729,-0.387979,0.21575129,0.14050817,0.3139499,0.27671096,-0.25470942,-0.27524185,-0.1574035,0.27467045,0.68940026,0.68646705,0.1331114,-0.23851302,0.4186526,-0.6369189,-0.11774146,-0.03931009,0.014890453,0.5224626,-0.36706397,0.017186005,-0.08598632,-0.08483855,-0.23290168,0.66083336,-0.21734293,0.011829717,-0.09567865,-0.18329224,-0.09644384,-0.67288256,-0.10728394,-0.05652673,0.19968241,-0.27817506,0.45652923,-0.14388525,0.02751599,0.2216177,-0.10435074,0.058123358,0.1987897,0.1314535,0.14841509,0.16078556,-0.034846514,0.3196888,0.60816324,-0.09159767,-0.15179215,-0.3809648,-0.07820695,-0.22780044,0.4203105,-0.16135696,0.24380803,0.07636024,-0.06864215,0.08439468,-0.13852896,-0.45990628,-0.3274019,-0.3112055,0.01246737,0.0040503447,0.055827804,-0.4025175,-0.15026179,-0.31184316,-0.12794392,-0.15510796,-0.008192602,-0.40902156,-0.0692798,-0.09453087,0.22034238,-0.15536301,-0.47623023,-0.065964006,0.12494943,-0.26924792,-0.3476793,0.12278141,0.0849048,-0.37777653,-0.02655702,-0.7131822,0.07164161,0.10760526,-0.17487521,0.18565404,0.12839277,-0.68219227,0.24788901,0.29239723,0.080058634,0.28410774,-0.5338741,-0.055251423,0.25082222,0.2960956,-0.094148286,-0.21619515,-0.14018686,0.072789386,-0.047727115,-0.43503782,-0.34461856,-0.20969109,-0.16786101,-0.3040638,-0.26159608,-0.05066032,0.04205449,-0.30253342,0.080696285,-0.24310413,0.20197797,-0.008957786,0.22467843,-0.03624935,-0.13355526,-0.048364766,-0.448301,-0.27065074,0.064754955,0.11997574,-0.20675789,-0.097591616,-0.006279641,-0.03790725,0.4547438,0.49325806,0.1139818,0.40717486,0.0898785,-0.2184907,-0.07909966,0.46545637,0.10849798,-0.48745292,-0.18444002,0.4523207,-0.17538533,-0.055761546,0.11002835,-0.012911237,0.034147587,-0.05448624,-0.3726753,-0.31350106,0.28831625,0.024965378,0.11015587,-0.25700498,0.34647024,-0.2330292,-0.22945835,-0.027322205,-0.07846201,0.20988487,0.024455255,0.28423527,0.024710316,-0.11723134,-0.4611816,0.043584857,-0.12462812,-0.42024425,-0.35660642,-0.15421523,0.193816,0.16473901,-0.25764263,0.015910698,0.06947359,-0.033188615,-0.16008165,0.16002038,0.21511362,0.36866057,0.12558709,0.13502435,-0.14758365,0.13706484,0.22136264,0.39914042,-0.012146053,-0.06417857,0.21855696,-0.16556548,0.4078125,-0.06494376,0.11474698,0.11653241,-0.2359624,0.030449197,-0.24769524,-0.15804116,0.19432613,-0.17423755,0.07049383,0.24355297,0.039631408,-0.12960182,-0.23315674,-0.25394425,0.2440631,0.21090512,0.070621364,0.15797989,0.010044287,-0.03790725,0.04741078,0.0071110814,0.12494943,-0.21415466,0.3005592,0.08515986,-0.30329862,-0.06813202,-0.113532946,0.07304445,0.23513594,-0.059715,0.20159538,0.058761008,-0.12054714,0.04014153,0.35858566,-0.17474768,0.26089716,-0.11901677,-0.21198665,-0.041860703,0.2727575,-0.22690773,0.13566202,0.10888057,-0.09682643,0.07546753,-0.0020711282,-0.19017889,-0.3710174,-0.008957786,-0.29309615,0.064627424,0.1343867,-0.20407973,-0.02298616,0.07954851,0.24087483,0.26714614,-0.039055027,0.20848204,0.12278141,0.1862917,0.019609088,0.12035833,-0.13687107,0.023945132,0.038866222,0.0928117,0.096255034,0.33078396,0.009406634,0.193816,0.059398662,0.14446163,0.21090512,0.038993753,0.40691978,0.41712224,0.25872913,0.12431178,0.050343983,-0.35596877,-0.33084524,-0.077951886,-0.36285543,-0.12756133,0.08375702,0.21052253,-0.3655336,0.13068831,-0.0838183,-0.36464086,-0.26389164,0.011957248,-0.087389156,0.082099125,0.22480597,-0.077951886,0.021904642,-0.23519723,0.044605102,-0.14056945,-0.012401114,0.23870681,0.4407154,-0.29615688,0.15287866,0.04052412,-0.009595439,0.3138224,0.28997415,0.42337126,0.16830987,-0.13176984,-0.054996364,-0.27983296,-0.20382467,0.20860957,-0.3020233,-0.008447663,-0.31809217,0.030194135,-0.1511545,-0.15051685,-0.15102696,0.21740918,0.1526236,0.076105185,-0.3585194,-0.07144782,0.0961275,-0.12526578,-0.023113692,-0.31949502,-0.22703525,-0.46959862,0.303875,-0.056654263,0.016548352,-0.2516487,-0.08904706,-0.055251423,-0.27804753,0.06501001,0.089495905,0.19700427,-0.25598472,0.08707282,-0.009085316,-0.10039729,0.05684805,0.16894752,-0.14669092,-0.11327789,0.18858725,-0.15383264,-0.1465634,-0.3688494,-0.30482897,0.15785235,-0.18826593,-0.13597836,-0.10830419,-0.26771754,-0.36413074,0.2828324,-0.17602299,0.17494147,0.11117612,-0.028214918,-0.12730627,0.06768816,0.31739324,-0.30674195,-0.13215242,-0.034591455,0.10326922,0.042309552,-0.09720902,-0.21657774,0.117680185,-0.20356962,0.13260128,-0.12819898,-0.13113219,-0.14834882,0.21753672,-0.10932443,0.3944218,-0.089302115,-0.14771117,-0.18367483,0.048686083,0.193816,-0.058822285,-0.015589381,0.30502278,0.17379369,-0.082670525,-0.2941164,-0.21275182,-0.2413187,-0.22894822,-0.026046898,0.1185729,-0.09491347,-0.2953917,0.028791297,-0.018267525,-0.19910604,0.5056285,0.17443134,0.23551854,0.43535912,-0.08037497,-0.045176502,0.16129568,0.06858087,0.644637,-0.004111619,-0.14248241,0.037208322,0.13553448,0.08184406,-0.1382739,-0.1253933,-0.118379116,-0.1590614,-0.4208819,0.26995182,0.24125743,0.34404716,-0.032933556,-0.011380868,0.29915637,0.1285203,0.021266988,-0.16773349,0.061311625,-0.06813202,0.0142528,-0.14885895,-0.011508399,-0.16798855,-0.33849707,0.41380644,-0.22907574,-0.069917455,-0.023623815,-0.036376882,0.026240684,0.019991681,0.08847566,0.68889016,0.22875941,0.029684013,-0.23277414,0.017568598,-0.29615688,-0.40149724,-0.21377207,-0.38491824,-0.17602299,0.11347167,-0.4050681,-0.27766493,-0.22448465,-0.062265612,0.22149016,0.22812176,-0.17997643,0.14509928,-0.036121823,-0.051935628,0.2915045,0.12839277,-0.2974322,-0.3789243,-0.12118479,0.15912767,0.0479209,-0.091342606,0.115767226,-0.19400482,-0.09516853,-0.41807622,0.09140886,0.25286272,0.0037952834,0.040906712,-0.044538848,-0.10702889,-0.17423755,0.03848363,-0.34959224,0.13872275,-0.42891634,0.58163685,-0.14936908,0.22098005,-0.48847318,-0.097464085,0.1172976,0.3404763,-0.24705757,-0.04900242,-0.26261634,-0.22282675,0.17073296,-0.21491985,0.22608127,-0.16671325,0.042564612,0.03478524,-0.14260994,-0.0052593956,0.06960112,-0.3318655,0.39799264,-0.3640032,0.24176754,-0.16926385,-0.19668296,0.1675447,0.050981637,-0.22027613,-0.11774146,-0.29271355,-0.0006682907,0.26880404,0.2777312,0.012722432,-0.018650118,0.34391963,-0.45850345,0.57538784,0.4572944,0.34022123,0.3426443,-0.1457982,0.12839277,-0.03803478,-0.21517491,-0.10906938,0.39085093,-0.17079423,0.20822698,-0.07017252,-0.01916024,-0.296667,-0.040457863,0.20656908,-0.0227311,0.1364272,0.41049063,0.025220439,-0.29296863,-0.15765856,-0.36872184,-0.32803956,0.009151572,0.16295359,-0.059587467,-0.27906778,0.04996139,0.5406995,-0.26886532,-0.16633065,0.21766424,0.031852033,-0.32956994,-0.20867084,-0.11659369,-0.25203127,0.41673964,-0.23991586,0.078018144,0.0703663,-0.2184907,-0.030765533,-0.10026976,0.03274475,0.28551057,-0.08445595,0.15071063,-0.22014861,0.27849638,0.072661854,-0.23022352,-0.23162636,0.0037952834,-0.4050681,-0.079992376,-0.14350267,-0.2687378,0.22773917,0.3097414,-0.2645293,0.7212829,-0.023623815,-0.03433639,0.5491165,-0.20624776,-0.008447663,0.0479209,0.08669023,-0.15663832,0.048303492,-0.039437618,-0.09771914,0.23806916,0.0703663,0.09306677,-0.06876968,-0.19170927,-0.040712927,0.13961546,0.048303492,-0.08152275,-0.27600706,-0.3863211,0.12125105,-0.019415302,0.24725136,0.13961546,-0.36731902,-0.08649644,-0.09848433,-0.06175549,0.20057513,0.029556483,0.012977493,-0.34729668,-0.3131185,-0.2978148,-0.027832327,0.15147582,-0.21581256,0.1505831,-0.16722336,-0.04530403,-0.15306745,-0.110217154,0.12099598,-0.08891953,0.2744154,0.1380851,0.029939074,-0.03382627,-0.01354889,0.13374905,0.20886463,-0.13189737,-0.20956355,0.32019892,0.23806916,-0.26197866,-0.24973573,0.1950913,-0.14465043,-0.26274386,0.17188072,0.1011012,-0.07807942,-0.060735244,-0.003856558,0.268549,0.30617055,0.036188077,0.1542815,0.11283402,-0.23506969,0.012594901,-0.28684714,0.10416193,0.074064694,-0.03191331,-0.66548574,-0.03548417,-0.24909806,0.15198594,-0.17487521,0.1264798,-0.033316147,0.0050705904,-0.2994727,-0.100142226,-0.05678179,-0.21032874,-0.40991426,-0.1785736,-0.051425505,0.113089085,-0.1964279,-0.005897049,0.117807716,0.4181425,0.08477727,-0.016227035,0.39888534,0.04741078,-0.30138564,0.38944808,-0.073233254,-0.044538848,0.26663604,0.0146353915,0.08056876,0.21677153,0.2860207,-0.05410365,-0.24527214,-0.03204084,0.21473104,-0.089302115,0.012594901,-0.13291761,-0.25445434,-0.2828937,0.29673326,0.17162567,0.12125105,-0.06277574,-0.12475565,0.0150179835,-0.12807144,-0.16594806,-0.36158013,-0.17615052,0.05735817,0.060291376,-0.14554316,-0.055634018,-0.14414032,-0.22384699,-0.0011784134,0.09855058,-0.14720105,0.0006070162,-0.013166298,0.016803414,-0.36578864,-0.060862776,-0.2396608,-0.027704796,-0.34347078,-0.16773349,-0.2089259,0.09268417,0.04383992,-0.002963843,0.3138224,0.20274316,-0.077314235,-0.20012629,0.011447124,0.2403647,-0.14873143,-0.23876809,-0.09682643,0.061694216,0.12380166,0.008131327,0.038866222,0.12966807,0.061949275,0.30323735,0.09676515,-0.00793754,-0.27422163,-0.31617922,-0.118251584,-0.009085316,-0.35048497,-0.055251423,-0.15140957,-0.09516853,-0.06813202,-0.044411317,-0.40404785,-0.35533112,-0.1445229,0.25579593,0.42630446,0.18603663,-0.1951526,-0.25305152,0.22812176,0.1958565,-0.39537576,0.33563012,-0.083945826,-0.101417534,-0.07285066,-0.07833448,-0.22065872,0.368278,-0.2703957,0.25477567,0.07495741,-0.0547413,0.1314535,0.06271446,0.04613547,0.2186845,-0.29016295,-0.066474125,-0.22550489,0.069218524,-0.17155941,-0.28302124,0.28244984,0.32581025,-0.33658412,0.09855058,0.10926316,0.15351631,0.3708286,-0.08203287,0.14382398,-0.24399684,0.024837846,0.1235466,0.20529377,-0.040967986,-0.07846201,-0.07081017,-0.317327,0.38638735,-0.023113692,0.026113154,0.014890453,-0.104095675,-0.11723134,-0.25037336,-0.09861186,0.24776149,0.06437236,0.050854106,0.6513961,-0.018522587,-0.514872,-0.06570894,0.32415238,-0.07489115,0.102376506,-0.17245212,0.11270649,0.10811538,-0.24042599,0.037590917,0.0021373844,0.054424968,-0.0643061,0.14191101,0.47451106,-0.008192602,0.04039659,0.21358326,0.04447757,0.24788901,-0.053210933,-0.00079582137,-0.053848587,-0.101545066,0.26038703,0.18692935,-0.36476842,0.1073502,0.18986255,-0.00793754,-0.07272313,0.24304286,0.115767226,0.3708286,0.08732788,0.032362156,0.020756865,0.019991681,0.26421294,0.28869885,0.06615779,-0.19489753,-0.23864055,-0.007810009,0.103014156,0.22569868,0.111813776,0.46520132,-0.03382627,-0.3652785,-0.053848587,0.054297436,0.12469438,0.22710152,-0.11200258,0.025730561,0.056210395,0.12201623,-0.07705917,0.04549782,-0.2720536,0.1360446,0.1605305,0.31114423,0.14586447,0.14586447,-0.4769954,0.19203058,-0.002581251,-0.072468065,-0.0680045,-0.019415302,-0.22282675,0.07521247,-0.07170288,0.1360446,0.041034244,-0.28888765,-0.10843172,-0.06481623,0.27556318,-0.045941684,-0.034846514,0.10173885,0.07903839,-0.0755288,0.14076324,0.0657752,-0.102055185,0.2066966,0.210395,0.0050705904,0.09000603,0.3815412,0.056592986,-0.0004132293,0.1285203,0.17392121,0.030066606,-0.108941846,0.10620242,0.17519653,0.06756063,-0.37752149,0.25541332,-0.15816869,0.35935083,0.17098801,0.14739484,0.16524914,-0.0580571,0.054552495,-0.2874848,-0.26886532,0.1763443,0.23335052,0.18782206,-0.018395057,-0.21823564,0.0146353915,-0.090067305,0.019991681,-0.030638002,-0.036631946,0.30527782,0.096255034,0.13770251,-0.30776218,-0.38224012,-0.32089785,-0.21338947,-0.050150197,0.06756063,0.09204652,0.04422251,-0.17130435,-0.34041005,-0.25037336,0.12558709,-0.3073796,-0.33263066,-0.122970216,-0.42100942,0.13999806,0.18080787,0.030449197,0.07164161,0.11053847,0.045242757,0.10849798,0.16040297,0.11538463,-0.1619946,-0.046069216,-0.123735406,-0.20905343,0.123036474,-0.08585879,0.127245,-0.1577861,0.12711746,0.34315443,-0.042243294,0.11984821,0.013232554,0.20159538,-0.13534069,-0.42636573,0.33805323,0.20924722,-0.030638002,0.04575288,0.92303646,-0.33977237,-1.0335393,0.74245304,0.43166074,0.40079832,-0.4749549,-1.1225557,0.5251407,0.19789699,0.5546003,-0.122970216,0.80558074,-0.5582324,0.25209752,0.24674124,0.044605102,0.22671892,0.23857927,0.41929027,0.66274637,0.47859204,-0.53030324,-0.28008804,-0.12054714,0.61364704,0.14063571,0.09421454,0.0016272616,0.49274793,-0.051553033,0.15364385,0.04218202,-0.23711018,0.10161132,0.23131002,-0.39205998,-0.42725843,0.111686245,-0.6116678,0.1588726,0.18233825,0.387025,-0.04657934,0.37057355,0.22671892,-0.23264661,-0.18380235,0.07738049,0.098933175,0.6788152,0.14191101,0.13821262,0.124439314,0.2814296,0.14152843,-0.19451493,-0.32395858,-0.42356005,-0.09108755,0.33767062,0.040014,0.18858725,0.2972434,-0.025664305,0.3750371,-0.4021349,0.13489683,0.041544367,0.16741715,-0.11570097,-0.14975166,0.4280899,0.4286,-0.3099302,-0.08024744,0.0077487347,0.32657546,-0.0006682907,-0.0884094,-0.27600706,0.21587881,-0.29590183,-0.114935786,0.076742835,0.13744745,0.057995826,0.3326969,0.06883594,-0.12730627,-0.39371786,-0.36107,0.10786033,0.23947199,0.09421454,-0.24782276,-0.33543634,-0.107411474,0.33830827,0.050854106,0.34098643,0.32147422,0.14918026,0.56186956,-0.48298934,-0.025791837,-0.48847318,0.1896075,0.074192226,-0.03624935,0.086052574,0.20465611,-0.3962685,0.10913563,0.049706332,-0.13457552,-0.055123895,-0.24539968,-0.23736525,0.090898745,0.28525552,0.22314806,-0.38275024,0.05276707,-0.22754538,-0.3128634,-0.1723246,0.04575288,
0,0,0,0,0,0,0,0,0,0,0,0,0,0,0,0,0,0,0,0,0,0,0,0,0,0,0,0,0,0,0,0,0,0,0,0,0,0,0,0,0,0,0,0,0,0,0,0,0,0,0,0,0,0,0,0,0,0,0,0,0,0,0,0,0,0,0,0,0,0,0,0,0,0,0,0,0,0,0,0,0,0,0,0,0,0,0,0,0,0,0,0,0,0,0,0,0,0,0,0,0,0,0,0,0,0,0,0,0,0,0,0,0,0,0,0,0,0,0,0,0,0,0,0,0,0,0,0,0,0,0,0,0,0,0,0,0,0,0,0,0,0,0,0,0,0,0,0,0,0,0,0,0,0,0,0,0,0,0,0,0,0,0,0,0,0,0,0,0,0,0,0,0,0,0,0,0,0,0,0,0,0,0,0,0,0,0,0,0,0,0,0,0,0,0,0,0,0,0,0,0,0,0,0,0,0,0,0,0,0,0,0,0,0,0,0,0,0,0,0,0,0,0,0,0,0,0,0,0,0,0,0,0,0,0,0,0,0,0,0,0,0,0,0,0,0,0,0,0,0,0,0,0,0,0,0,0,0,0,0,0,0,0,0,0,0,0,0,0,0,0,0,0,0,0,0,0,0,0,0,0,0,0,0,0,0,0,0,0,0,0,0,0,0,0,0,0,0,0,0,0,0,0,0,0,0,0,0,0,0,0,0,0,0,0,0,0,0,0,0,0,0,0,0,0,0,0,0,0,0,0,0,0,0,0,0,0,0,0,0,0,0,0,0,0,0,0,0,0,0,0,0,0,0,0,0,0,0,0,0,0,0,0,0,0,0,0,0,0,0,0,0,0,0,0,0,0,0,0,0,0,0,0,0,0,0,0,0,0,0,0,0,0,0,0,0,0,0,0,0,0,0,0,0,0,0,0,0,0,0,0,0,0,0,0,0,0,0,0,0,0,0,0,0,0,0,0,0,0,0,0,0,0,0,0,0,0,0,0,0,0,0,0,0,0,0,0,0,0,0,0,0,0,0,0,0,0,0,0,0,0,0,0,0,0,0,0,0,0,0,0,0,0,0,0,0,0,0,0,0,0,0,0,0,0,0,0,0,0,0,0,0,0,0,0,0,0,0,0,0,0,0,0,0,0,0,0,0,0,0,0,0,0,0,0,0,0,0,0,0,0,0,0,0,0,0,0,0,0,0,0,0,0,0,0,0,0,0,0,0,0,0,0,0,0,0,0,0,0,0,0,0,0,0,0,0,0,0,0,0,0,0,0,0,0,0,0,0,0,0,0,0,0,0,0,0,0,0,0,0,0,0,0,0,0,0,0,0,0,0,0,0,0,0,0,0,0,0,0,0,0,0,0,0,0,0,0,0,0,0,0,0,0,0,0,0,0,0,0,0,0,0,0,0,0,0,0,0,0,0,0,0,0,0,0,0,0,0,0,0,0,0,0,0,0,0,0,0,0,0,0,0,0,0,0,0,0,0,0,0,0,0,0,0,0,0,0,0,0,0,0,0,0,0,0,0,0,0,0,0,0,0,0,0,0,0,0,0,0,0,0,0,0,0,0,0,0,0,0,0,0,0,0,0,0,0,0,0,0,0,0,0,0,0,0,0,0,0,0,0,0,0,0,0,0,0,0,0,0,0,0,0,0,0,0,0,0,0,0,0,0,0,0,0,0,0,0,0,0,0,0,0,0,0,0,0,0,0,0,0,0,0,0,0,0,0,0,0,0,0,0,0,0,0,0,0,0,0,0,0,0,0,0,0,0,0,0,0,0,0,0,0,0,0,0,0,0,0,0,0,0,0,0,0,0,0,0,0,0,0,0,0,0,0,0,0,0,0,0,0,0,0,0,0,0,0,0,0,0,0,0,0,0,0,0,0,0,0,0,0,0,0,0,0,0,0,0,0,0,0,0,0,0,0,0,0,0,0,0,0,0,0,0,0,0,0,0,0,0,0,0,0,0,0,0,0,0,0,0,0,0,0,0,0,0,0,0,0,0,0,0,0,0,0,0,0,0,0,0,0,0,0,0,0,0,0,0,0,0,0,0,0,0,0,0,0,0,0,0,0,0,0,0,0,0,0,0,0,0,0,0,0,0,0,0,0,0,0,0,0,0,0,0,0,0,0,0,0,0,0,0,0,0,0,0,0,0,0,0,0,0,0,0,0,0,0,0,0,0,0,0,0,0,0,0,0,0,0,0,0,0,0,0,0,0,0,0,0,0,0,0,0,0,0,0,0,0,0,0,0,0,0,0,0,0,0,0,0,0,0,0,0,0,0,0,0,0,0,0,1,0,0,0,0,0,0,0,0,0,0,0,0,0,0,0,0,0,0,0,0,0,0,0,0,0,0,0,0,0,0,0,0,0,0,0,0,0,0,0,0,0,0,0,0,0,0,0,0,0,0,0,0,0,0,0,0,0,0,0,0,0,0,0,0,0,0,0,0,0,0,0,0,0,0,0,0,0,0,0,0,0,0,0,0,0,0,0,0,0,0,0,0,0,0,0,0,0,0,0,0,0,0,0,0,0,0,0,0,0,0,0,0,0,0,0,0,0,0,0,0,0,0,0,0,0,0,0,0,0,0,0,0,0,0,0,0,0,0,0,0,0,0,0,0,0,0,0,0,0,0,0,0,0,0,0,0,0,0,0,0,0,0,0,0,0,0,0,0,0,0,0,0,0,0,0,0,0,0,0,0,0,0,0,0,0,0,0,0,0,0,0,0,0,0,0,0,0,0,0,0,0,0,0,0,0,0,0,0,0,0,0,0,0,0,0,0,0,0,0,0,0,0,0,0,0,0,0,0,0,0,0,0,0,0,0,0,0,0,0,0,0,0,0,0,0,0,0,0,0,0,0,0,0,0,0,0,0,0,0,0,0,0,0,0,0,0,0,0,0,0,0,0,0,0,0,0,0,0,0,0,0,0,0,0,0,0,0,0,0,0,0,0,0,0,0,0,0,0,0,0,0,0,0,0,0,0,0,0,0,0,0,0,0,0,0,0,0,0,0,0,0,0,0,0,0,0,0,0,0,0,0,0,0,0,0,0,0,0,0,0,0,0,0,0,0,0,0,0,0,0,0,0,0,0,0,0,0,0,0,0,0,0,0,0,0,0,0,0,0,0,0,0,0,0,0,0,0,0,0,0,0,0,0,0,0,0,0,0,0,0,0,0,0,0,0,0,0,0,0,0,0,0,0,0,0,0,0,0,0,0,0,0,0,0,0,0,0,0,0,0,0,0,0,0,0,0,0,0,0,0,0,0,0,0,0,0,0,0,0,0,0,0,0,0,0,0,0,0,0,0,0,0,0,0,0,0,0,0,0,0,0,0,0,0,0,0,0,0,0,0,0,0,0,0,0,0,0,0,0,0,0,0,0,0,0,0,0,0,0,0,0,0,0,0,0,0,0,0,0,0,0,0,0,0,0,0,0,0,0,0,0,0,0,0,0,0,0,0,0,0,0,0,0,0,0,0,0,0,0,0,0,0,0,0,0,0,0,0,0,0,0,0,0,0,0,0,0,0,0,0,0,0,0,0,0,0,0,0,0,0,0,0,0,0,0,0,0,0,0,0,0,0,0,0,0,0,0,0,0,0,0,0,0,0,0,0,0,0,0,0,0,0,0,0,0,0,0,0,0,0,0,0,0,0,0,0,0,0,0,0,0,0,0,0,0,0,0,0,0,0,0,0,0,0,0,0,0,0,0,0,0,0,0,0,0,0,0,0,0,0,0,0,0,0,0,0,0,0,0,0,0,0,0,0,0,0,0,0,0,0,0,0,0,0,0,0,0,0,0,0,0,0,0,0,0,0,0,0,0,0,0,0,0,0,0,0,0,0,0,0,0,0,0,0,0,0,0,0,0,0,0,0,0,0,0,0,0,0,0,0,0,0,0,0,0,0,0,0,0,0,0,0,0,0,0,0,0,0,0,0,0,0,0,0,0,0,0,0,0,0,0,0,0,0,0,0,0,0,0,0,0,0,0,0,0,0,0,0,0,0,0,0,0,0,0,0,0,0,0,0,0,0,0,0,0,0,0,0,0,0,0,0,0,0,0,0,0,0,0,0,0,0,0,0,0,0,0,0,0,0,0,0,0,0,0,0,0,0,0,0,0,0,0,0,0,0,0,0,0,0,0,0,0,0,0,0,0,0,0,0,0,0,0,0,0,0,0,0,0,0,0,0,0,0,0,0,0,0,0,0,0,0,0,0,0,0,0,0,0,0,0,0,0,0,0,0,0,0,0,0,0,0,0,0,0,0,0,0,0,0,0,0,0,0,0,0,0,0,0,0,0,0,0,0,0,0,0,0,0,0,0,0,0,0,0,0,0,0,0,0,0,0,0,0,0,0,0,0,0,0,0,0,0,0,0,0,0,0,0,0,0,0,0,0,0,0,0,0,0,0,0,0,0,0,0,0,0,0,0,0,0,0,0,0,0,0,0,0,0,0,0,0,0,0,0,0,0,0,0,0,0,0,0,0,0,0,0,0,0,0,0,0,0,0,0,0,0,0,0,0,0,0,0,0,0,0,0,0,0,0,0,0,0,0,0,0,0,0,0,0,0,0,0,0,0,0,0,0,0,0,0,0,0,0,0,0,0,0,0,0,0,0,0,0,0,0,0,0,0,0,0,0,0,0,0,0,0,0,0,0,0,0,0,0,0,0,0,0,0,0,0,0,0,0,0,0,0,0,0,0,0,0,0,0,0,0,0,0,0,0,0,0,0,0,0,0,0,0,0,0,0,0,0,0,0,0,0,0,0,0,0,0,0,0,0,0,0,0,0,0,0,0,0,0,0,0,0,0,0,0,0,0,0,0,0,0,0,0,0,0,0,0,0,0,0,0,0,0,0,0,0,0,0,0,0,0,0,0,0,0,0,0,0,0,0,0,0,0,0,0,0,0,0,0,0,0,0,0,0,0,0,0,0,0,0,0,0,0,0,0,0,0,0,0,0,0,0,0,0,0,0,0,0,0,0,0,0,0,0,0,0,0,0,0,0,0,0,0,0,0,0,0,0,0,0,0,0,0,0,0,0,0,0,0,0,0,0,0,0,0,0,0,0,0,0,0,0,0,0,0,0,0,0,0,0,0,0,0,0,0,0,0,0,0,0,0,0,0,0,0,0,0,0,0,0,0,0,0,0,0,0,0,0,0,0,0,0,0,0,0,0,0,0,0,0,0,0,0,0,0,0,0,0,0,0,0,0,0,0,0,0,0,0,0,0,0,0,0,0,0,0,0,0,0,0,0,0,0,0,0,0,0,0,0,0,0,0,0,0,0,0,0,0,0,0,0,0,0,0,0,0,0,0,0,0,0,0,0,0,0,0,0,0,0,0,0,0,0,0,0,0,0,0,0,0,0,0,0,0,0,0,0,0,0,0,0,0,0,0,0,0,0,0,0,0,0,0,0,0,0,0,0,0,0,0,0,0,0,0,0,0,0,0,0,0,0,0,0,0,0,0,0,0,0,0,0,0,0,0,0,0,0,0,0,0,0,0,0,0,0,0,0,0,0,0,0,0,0,0,0,0,0,0,0,0,0,0,0,0,0,0,0,0,0,0,0,0,0,0,0,0,0,0,0,0,0,0,0,0,0,0,0,0,0,0,0,0,0,0,0,0,0,0,0,0,0,0,0,0,0,0,0,0,0,0,0,0,0,0,0,0,0,0,0,0,0,0,0,0,0,0,0,0,0,0,0,0,0,0,0,0,0,0,0,0,0,0,0,0,0,0,0,0,0,0,0,0,0,0,0,0,0,0,0,0,0,0,0,0,0,0,0,0,0,0,0,0,0,0,0,0,0,0,0,0,0,0,0,0,0,0,0,0,0,0,0,0,0,0,0,0,0,0,0,0,0,0,0,0,0,0,0,0,0,0,0,0,0,0,0,0,0,0,0,0,0,0,0,0,0,0,0,0,0,0,0,0,0,0,0,0,0,0,0,0,0,0,0,0,0,0,0,0,0,0,0,0,0,0,0,0,0,0,0,0,0,0,0,0,0,0,0,0,0,0,0,0,0,0,0,0,0,0,0,0,0,0,0,0,0,0,0,0,0,0,0,0,0,0,0,0,0,0,0,0,0,0,0,0,0,0,0,0,0,0,0,0,0,0,0,0,0,0,0,0,0,0,0,0,0,0,0,0,0,0,0,0,0,0,0,0,0,0,0,0,0,0,0,0,0,0,0,0,0,0,0,0,0,0,0,0,0,0,0,0,0,0,0,0,0,0,0,0,0,0,0,0,0,0,0,0,0,0,0,0,0,0,0,0,0,0,0,0,0,0,0,0,0,0,0,0,0,0,0,0,0,0,0,0,0,0,0,0,0,0,0,0,0,0,0,0,0,0,0,0,0,0,0,0,0,0,0,0,0,0,0,0,0,0,0,0,0,0,0,0,0,0,0,0,0,0,0,0,0,0,0,0,0,0,0,0,0,0,0,0,0,0,0,0,0,0,0,0,0,0,0,0,0,0,0,0,0,0,0,0,0,0,0,0,0,0,0,0,0,0,0,0,0,0,0,0,0,0,0,0,0,0,0,0,0,0,0,0,0,0,0,0,0,0,0,0,0,0,0,0,0,0,0,0,0,0,0,0,0,0,0,0,0,0,0,0,0,0,0,0,0,0,0,0,0,0,0,0,0,0,0,0,0,0,0,0,0,0,0,0,0,0,0,0,0,0,0,0,0,0,0,0,0,0,0,0,0,0,0,0,0,0,0,0,0,0,0,0,0,0,0,0,0,0,0,0,0,0,0,0,0,0,0,0,0,0,0,0,0,0,0,0,0,0,0,0,0,0,0,0,0,0,0,0,0,0,0,0,0,0,0,0,0,0,0,0,0,0,0,0,0,0,0,0,0,0,0,0,0,0,0,0,0,0,0,0,0,0,0,0,0,0,0,0,0,0,0,0,0,0,0,0,0,0,0,0,0,0,0,0,0,0,0,0,0,0,0,0,0,0,0,0,0,0,0,0,0,0,0,0,0,0,0,0,0,0,0,0,0,0,0,0,0,0,0,0,0,0,0,0,0,0,0,0,0,0,0,0,0,0,0,0,0,0,0,0,0,0,0,0,0,0,0,0,0,0,0,0,0,0,0,0,0,0,0,0,0,0,0,0,0,0,0,0,0,0,0,0,0,0,0,0,0,0,0,0,0,0,0,0,0,0,0,0,0,0,0,0,0,0,0,0,0,0,0,0,0,0,0,0,0,0,0,0,0,0,0,0,0,0,0,0,0,0,0,0,0,0,0,0,0,0,0,0,0,0,0,0,0,0,0,0,0,0,0,0,0,0,0,0,0,0,0,0,0,0,0,0,0,0,0,0,0,0,0,0,0,0,0,0,0,0,0,0,0,0,0,0,0,0,0,0,0,0,0,0,0,0,0,0,0,0,0,0,0,0,0,0,0,0,0,0,0,0,0,0,0,0,0,0,0,0,0,0,0,0,0,0,0,0,0,0,0,0,0,0,0,0,0,0,0,0,0,0,0,0,0,0,0,0,0,0,0,0,0,0,0,0,0,0,0,0,0,0,0,0,0,0,0,0,0,0,0,0,0,0,0,0,0,0,0,0,0,0,0,0,0,0,0,0,0,0,0,0,0,0,0,0,0,0,0,0,0,0,0,0,0,0,0,0,0,0,0,0,0,0,0,0,0,0,0,0,0,0,0,0,0,0,0,0,0,0,0,0,0,0,0,0,0,0,0,0,0,0,0,0,0,0,0,0,0,0,0,0,0,0,0,0,0,0,0,0,0,0,0,0,0,0,0,0,0,0,0,0,0,0,0,0,0,0,0,0,0,0,0,0,0,0,0,0,0,0,0,0,0,0,0,0,0,0,0,0,0,0,0,0,0,0,0,0,0,0,0,0,0,0,0,0,0,0,0,0,0,0,0,0,0,0,0,0,0,0,0,0,0,0,0,0,0,0,0,0,0,0,0,0,0,0,0,0,0,0,0,0,0,0,0,0,0,0,0,0,0,0,0,0,0,0,0,0,0,0,0,0,0,0,0,0,0,0,0,0,0,0,0,0,0,0,0,0,0,0,0,0,0,0,0,0,0,0,0,0,0,0,0,0,0,0,0,0,0,0,0,0,0,0,0,0,0,0,0,0,0,0,0,0,0,0,0,0,0,0,0,0,0,0,0,0,0,0,0,0,0,0,0,0,0,0,0,0,0,0,0,0,0,0,0,0,0,0,0,0,0,0,0,0,0,0,0,0,0,0,0,0,0,0,0,0,0,0,0,0,0,0,0,0,0,0,0,0,0,0,0,0,0,0,0,0,0,0,0,0,0,0,0,0,0,0,0,0,0,0,0,0,0,0,0,0,0,0,0,0,0,0,0,0,0,0,0,0,0,0,0,0,0,0,0,0,0,0,0,0,0,0,0,0,0,0,0,0,0,0,0,0,0,0,0,0,0,0,0,0,0,0,0,0,0,0,0,0,0,0,0,0,0,0,0,0,0,0,0,0,0,0,0,0,0,0,0,0,0,0,0,0,0,0,0,0,0,0,0,0,0,0,0,0,0,0,0,0,0,0,0,0,0,0,0,0,0,0,0,0,0,0,0,0,0,0,0,0,0,0,0,0,0,0,0,0,0,0,0,0,0,0,0,0,0,0,0,0,0,0,0,0,0,0,0,0,0,0,0,0,0,0,0,0,0,0,0,0,0,0,0,0,0,0,0,0.69630104,-0.9073456,0.592459,-0.9751844,-0.32458022,0.6078559,-0.12193209,-1.7676017,-1.2360048,0.075564474,-0.7170844,-1.1264325,-1.378339,1.3441846,0.10537418,1.019693,1.277272,-1.1174028,0.66301835,-0.66545284,-1.100443,-0.56820947,-0.1904076,0.98050624,-0.6957835,0.12603839,-0.8862183,1.8774601,0.52537274,-0.13970216,-0.7680214,-0.865091,-0.8087131,-0.89466923,0.1076895,-0.86642236,0.36856788,1.2566078,0.2480556,-0.6238929,0.35039264,0.2270441,-0.8031563,-0.50401735,-1.1737807,-0.6805603,-0.92546296,-0.35369536,-0.35126427,0.2958669,0.1476866,-0.25674143,-0.47640717,0.20209657,-0.2972016,-0.0073817694,-0.11764876,-0.30507368,-0.697983,-0.40382197,-0.17964138,1.3906068,-0.44416636,-0.4020276,-0.13756049,-0.46870872,-0.18676098,0.36289534,0.9089629,0.49203217,-0.63379085,0.25239682,0.33134913,-0.4515175,-0.6038075,-1.6932222,-0.28255722,-1.1212809,-0.54407233,-0.34055594,0.83475703,-0.30189013,-0.5013547,-0.37742734,-1.2061951,-0.04645275,0.6158438,0.9215235,0.6020097,1.3251412,0.10740008,-0.6476828,-0.005355867,-0.15151027,-0.88876516,0.41950485,0.07811132,0.3966411,0.37748185,-0.20997202,-0.51947206,0.793255,0.7727644,-0.3999438,0.24967633,-0.17391096,-1.4387109,-0.90034175,-0.8686219,0.20713237,0.5928642,-0.5463876,0.057215583,-1.198381,-0.8904438,1.3936746,-1.091066,-0.24360201,-1.0506059,-0.35745773,-0.20221572,-1.5994518,-0.9735637,0.038924575,-0.51542026,-1.1261431,-0.76333284,0.49203217,-0.9513945,0.41475844,-0.41939247,0.24047294,-0.47802788,0.016002934,-0.12042713,-1.0236324,0.040313765,-0.2684917,-0.38448906,1.2461889,0.25795358,-0.96181345,-0.06711695,-0.72675085,-0.013285829,-1.0963334,0.07990569,-0.1707853,0.62788343,0.4878067,0.049343504,-0.9599612,1.0672148,-0.786486,0.89339244,-0.09686878,0.41244313,-0.0017671252,0.382344,0.28863153,-1.095986,-1.2587528,-0.53654754,1.5360667,1.3573819,1.2394744,-1.1718706,-1.552393,-0.23798737,-0.6181046,-0.12505777,1.0583009,1.2162634,0.80506307,0.2250182,-0.2921658,1.3899701,0.2803543,1.6385772,0.8433237,0.8096937,-0.052935638,-0.27248558,0.22021392,-1.2797065,-0.92170054,0.730915,-0.14797941,0.06474036,0.13385259,-0.8041982,-0.31751853,-0.8040246,-0.41887152,0.17124496,-0.29951692,0.99271953,0.54464775,-0.29986423,0.5942534,0.45782337,-0.4837583,0.6917283,-0.52445,-0.46054724,-0.13385597,-1.0467856,-0.25025856,-0.079388134,-0.8885915,-0.98554546,-0.64774066,-0.75887585,0.7004107,0.15984201,-0.51889324,1.1758032,-1.3623054,0.52253646,0.080484524,-0.112091996,-0.30819938,0.16030508,-0.5987717,-0.44283506,0.997929,-1.1945606,0.9460659,0.5033772,0.27971756,-1.3102686,1.3614337,-0.27202255,0.53550225,-0.042111527,-0.2555259,0.72755784,-0.32683766,-0.5196457,1.0199823,0.015481989,-0.2494482,-0.24869572,0.16476206,-0.00107253,-0.6638321,0.6065246,-0.9754738,0.8306473,-0.7903063,0.24070448,-0.70585513,0.9003962,-0.02000025,0.22195041,-1.0096247,-1.4141686,0.05814171,0.4339177,0.5224207,0.46366954,0.52734077,0.39849335,0.18519475,-0.7503671,0.36011696,0.6163647,0.26038468,0.7933707,-0.45174903,-0.01762705,0.52763015,-1.1325681,-0.6644688,0.52699345,-0.039911978,0.1511017,0.44069,0.10994694,-0.66626316,-0.40249068,-0.8910226,-0.018032229,1.036016,-0.35091698,-0.13721319,0.20371728,-0.3595994,0.31334755,1.4499947,0.49382654,1.6922927,0.59216964,-0.1839826,-0.2419813,-0.94109136,0.18849407,-0.5716246,-0.9182855,-1.4722251,-1.1881936,-0.21593398,1.1568177,-0.10670888,-0.1263312,0.5027405,-1.1574577,-0.55483854,0.73791885,-0.07979332,0.03163133,0.3952519,0.60802954,-0.06613295,-0.20811978,-0.26119843,1.0615423,0.006336485,0.015366223,0.9456607,1.3519989,-0.21101393,-0.454238,0.4553344,0.22386055,1.042904,-1.0179598,1.130944,0.1195555,-1.2970713,-0.650519,0.373951,-0.24881148,-0.77079976,-0.019132005,1.3758466,-0.2521687,0.3613325,-0.026888318,0.18345825,0.624121,0.31647325,-0.22201169,-0.489836,-0.9127287,1.6531638,1.0456245,0.07214938,0.2639734,-1.1146822,-0.6501138,0.2138468,0.93935144,1.2176526,0.31768876,0.046391472,1.0109526,0.055479094,0.541059,0.40260303,-0.6828756,0.08991944,0.65016836,0.70625687,-0.45776886,-0.2527475,0.90560573,0.43299156,0.035798896,0.20487495,0.5312189,0.043497328,0.34553048,0.37487713,-0.08812846,-0.3905089,-1.1936924,1.0222977,-0.7986993,0.48497045,0.48300242,0.6712377,0.53822273,0.9782488,-0.40862626,-0.63240165,-0.71378505,-0.6556127,-1.4440941,-0.07458385,0.31560498,0.16927694,-0.2121137,0.011661715,-0.12853074,0.46384317,-0.66938883,0.100859314,-0.73971665,0.28608468,-0.4104785,0.46430624,-0.085523725,0.36492124,-0.11012398,-0.74706775,-0.8632388,0.16250463,0.80691534,0.03678291,0.14079854,-0.5399047,-0.65549695,0.4630907,0.37053588,0.34929284,0.53168195,0.2382155,-0.1955013,-0.31300366,-0.55582255,0.15445891,-0.008134248,0.75210017,0.24058871,-0.05160433,-0.06630659,-0.35913634,-0.3596573,-0.17391096,-0.95967174,0.5577872,-1.6750469,-0.26079324,0.43067625,-0.11128163,0.037709035,0.7688862,0.15451679,-0.9836353,-0.82648313,-0.8747575,-0.22386393,0.4311972,-0.920485,0.17755419,-0.65046114,-1.0358458,0.13923569,-0.22826304,0.71320283,0.40653908,0.27583942,-0.6358746,-0.059186995,-0.044484727,-0.9382551,-0.13576612,-0.037307244,0.48699635,-0.6994301,-1.2657567,-1.194908,0.8448286,-0.4522121,-0.5499185,-0.29199216,0.19763957,-0.45145962,1.7572951,-0.57579213,0.0808897,-0.45122808,-1.1729704,-0.30599982,-0.26681307,0.6454219,0.67899406,-0.63014424,-0.4265121,0.83840364,0.33001783,0.47449362,0.15613751,-0.15295735,0.3110901,0.9714765,0.81015676,-1.0217801,-0.24690135,-0.5264759,0.45846006,-0.55258113,0.26246846,0.5800142,0.25511733,-1.6990105,1.033527,0.48323396,-0.3263167,1.5274421,0.17905915,1.0185932,0.8462757,0.9491337,0.65549356,-0.36556137,0.87944263,1.0418042,-1.1666032,0.8370723,-0.08592891,-0.2765953,0.120481625,0.45481345,1.3018723,0.33736897,-0.7986993,0.24684006,-1.4579859,-0.99660105,-0.5230608,-0.50320697,0.7419128,-0.12592602,0.4851441,-0.35172734,0.085520335,-0.38309988,-0.22374816,-0.56519955,0.08893543,-1.0465541,-1.0418077,-0.7665743,-0.74440515,0.6891236,-0.24765381,-0.24325472,1.3797249,-0.9481531,-0.07417867,0.55095696,0.8746383,-0.62846565,0.499036,-0.32324892,0.11168342,0.37956563,-0.2226484,0.978133,-0.53203267,-0.44324026,-0.36897644,0.096575975,0.36139038,-1.0250795,-0.6927736,0.049169853,0.09761787,-0.105782755,-0.06520682,0.9961925,-0.24290742,0.7382083,0.2691829,0.93529963,0.8717442,0.7444596,0.10317463,-0.739022,-1.0513583,-0.34593904,0.39936158,0.5506676,1.2948105,0.33956853,-0.28799823,0.11423027,0.9180505,-0.2046468,-0.3633618,-0.46517786,-0.62238795,-0.8821086,0.788798,-0.5318011,0.19462967,0.30802232,-0.25187927,0.116835006,0.1324634,-0.15023685,-0.8445426,1.6106777,-0.7051026,0.18965173,-0.051777977,-1.5352018,-0.6679997,0.11087306,1.0505446,-1.3751554,-0.16713867,-0.9416123,0.06491401,-0.13842873,0.0669978,0.4820763,0.5867865,0.51321733,-0.39074042,0.2663466,-0.21165064,0.8833787,-0.5874266,0.19532426,0.082336776,0.74909025,-0.59761405,-0.6564231,0.9513911,0.41684225,-0.7052184,0.9269645,-1.2872313,0.928701,-0.08332418,0.7421443,0.3715199,0.12100257,1.0060326,-0.015022317,-0.7418583,0.41041723,0.33030725,-0.10051541,0.2806437,-0.6718778,0.13194245,0.6856506,-0.09594265,-0.0065714084,-0.44902855,-0.24881148,0.86601377,-0.728661,-0.43154788,-0.33910885,0.036667142,-0.18409836,-0.58829486,-0.92882013,-0.4901833,0.0022267972,-0.55582255,-0.8598816,-0.16447605,0.90763164,0.036956556,0.6923071,-0.124942005,-0.24626462,-0.0073238867,0.5467894,-0.5095741,-0.0017671252,-0.49174616,-0.8645701,0.91839784,-1.1229595,0.27595517,-0.8149644,-0.70203483,-0.53677905,0.77183825,-0.50494343,-0.1490213,-0.35161155,-0.8523568,0.5983052,-0.44688687,-0.46153125,0.39646745,0.13998817,0.25882185,0.22883847,-1.6610972,0.6564197,-0.079098724,0.1436348,0.022891004,0.809057,-0.12945688,-0.18340376,-0.57677615,0.24712949,1.4396915,0.43414924,0.7266896,-0.7713786,0.55946577,-0.4806905,-0.6677681,-0.66730505,0.75007427,-0.7784982,-0.6633111,-0.2962176,-0.36069918,1.2537715,-0.23578782,-0.11834335,0.84147143,-0.39583412,-0.09773703,-0.20893013,-0.72709817,1.2733359,-1.2845107,0.685419,0.5231153,-0.6396949,0.073712215,-1.1289215,-0.32411718,-0.13345079,-0.31838676,0.59662664,0.8165239,0.9734445,0.9758756,-0.54100454,0.784341,0.0037896363,-0.6148053,0.29575115,-0.58158046,0.55790293,0.9069949,-0.8971582,0.8977915,1.1287444,0.27948603,0.83394665,-1.0128083,-0.68455416,-0.95671976,-0.31977594,-0.30866244,1.1706517,0.21546751,-0.012243936,0.49434748,1.6628302,0.4691684,1.0490975,0.52867204,-0.102425545,-0.06601718,0.5824453,0.12412825,-0.30466852,-0.8140962,0.44931456,-0.30628923,0.44300532,-0.07684129,-0.55200225,-0.62950754,1.0634525,0.04511805,-0.5399047,0.3925314,0.70984566,-1.1097044,0.07162843,-0.5824487,0.42483008,-0.26802862,0.7588146,0.67760485,0.81386125,-0.09565324,-0.6576386,-0.3877884,-0.2849883,0.19312471,-0.29997998,0.31305814,-0.023646872,0.10537418,0.13529965,-0.50083375,-0.12806769,-0.52531826,-0.5376473,0.25685382,-0.07655187,0.5880021,0.030068487,-0.23173602,-0.15781951,1.1777712,-0.48451078,0.61653835,-0.11793817,-0.8419379,-1.0280894,0.45880735,0.31114802,0.96412534,1.4245262,1.0951723,0.5102074,-0.15110509,0.32486627,-0.29673854,0.7699281,-0.63928974,0.43339676,-1.032199,-0.58487976,-0.95191544,0.014671627,-0.051546447,-0.15399924,0.052295532,0.37707666,0.4810923,0.9857157,-1.0667552,-0.563,-0.044832025,0.21980874,0.3885375,0.51888984,0.46048597,-0.1548096,-0.15602514,0.8451759,0.19445601,0.06520343,0.58163494,-0.10584064,-0.10184672,-0.72188866,0.3505084,-0.63541156,0.54997295,-0.24846418,0.12899041,-0.43669948,-0.64594626,-0.9128445,-1.2512281,0.6354661,0.9592632,0.78416735,-0.05235681,0.21569905,0.029084478,-0.17367943,1.1981461,-0.31474015,1.1349958,-0.23978174,0.26391554,-0.76107544,0.8425133,-1.522699,1.1953098,-0.042748243,-0.43374744,0.292857,0.39884064,-0.3327996,-0.45348552,0.9657461,1.0082321,-0.6204778,-0.5077797,0.66672283,0.62261605,0.11069941,-0.992202,-0.6783028,-0.91214985,-0.47669658,0.69728506,-0.5613793,-1.495494,0.36677352,0.45961773,0.09865976,-1.0612563,0.9226233,0.36926246,-0.3112093,-0.06248632,0.32822347,-0.64803004,0.46789497,0.016755413,-0.5843588,0.13981453,0.64067554,0.026421862,8.512861e-05,1.3406538,0.5301191,-0.7294713,-0.5682674,0.89808095,-0.44723415,-0.66238505,1.0482872,0.11260955,1.0581851,-0.17703664,-0.62018836,-0.39577624,0.5021038,-0.3090676,0.21558328,-1.0229378,-0.6249348,-1.4721673,-0.110702805,-0.12777826,0.6174645,-0.9666177,-1.447104,-0.14722693,0.16001567,1.0055696,-0.23104142,0.14039336,0.07348069,-0.6474512,-0.79493695,0.38546968,-1.5104278,-0.2646135,-0.5311644,0.99271953,1.2314287,-0.40833685,-0.906651,-0.6130109,-0.1876871,-0.16482334,-0.77693534,-0.159556,-0.4180033,-0.09148567,-0.048536535,-0.19567494,0.2233396,0.6712956,-0.23914503,-0.80032,0.5621284,0.72107494,0.20406458,-0.9435803,-0.14253841,0.10062778,0.105026886,-1.1363305,-0.031229537,1.3229417,-0.4739182,-0.61387914,-0.032097783,-0.0530514,-0.31450862,0.13576272,0.44398934,0.34992957,-0.6165996,0.9373834,0.9197292,0.94479245,0.6566512,-0.81085473,-0.4969556,-0.6170048,-0.57069844,-1.1147401,-0.41128886,0.810041,-0.15891929,-0.6665526,-0.34090322,1.2055551,0.10016472,0.809057,-0.07417867,-1.1690922,0.47518823,-0.3982652,0.061788335,-0.017684931,-0.17773123,0.041413542,-0.6190886,0.92482287,-0.34379736,0.08470997,-0.44694474,-1.0911239,0.2873581,0.41273254,-0.51177365,0.4512826,-0.74683625,0.5857446,-0.4728763,-0.67679787,0.24701372,-0.46674073,-0.2976068,-1.1145664,-0.8571611,-0.98843956,0.35010323,0.5488153,-1.0571467,1.1925313,-0.45875287,0.26241058,-0.079735436,-0.1307303,0.87023926,-1.851011,0.5250254,0.32353497,1.1333171,1.3430849,1.2390693,1.5516372,0.8609201,-0.9939963,-0.76269615,0.4492567,0.7638504,1.58382,-0.6043863,-0.1375026,1.1886532,-1.025311,1.3191214,1.7304953,-1.6314032,-1.6593606,-1.6400856,-1.6805458,-0.73161304,1.8614266,-1.1789902,0.5033193,-1.5409322,0.52375203,1.5883927,-1.0558732,0.40601814,1.7263278,-1.7450852,1.7106415,-0.613937,-1.3655468,0.5510149,-1.6524726,-1.2882732,0.63320863,1.8003601,1.5494375,1.8430198,0.6281728,1.6909034,-1.5460259,-1.6907332,-1.5767617,1.670355,1.8383892,1.2280716,-1.7723482,0.6394021,-1.5333495,-0.022026151,0.9063003,0.8361462,-0.40619516,-1.7189801,1.158149,-0.77288353,1.7127832,1.6403137,-1.8408815,0.5030878,1.6773009,1.55812,-1.8000162,-1.5725942,-1.3320905,-1.7287623,0.91150975,0.12545955,1.5798261,-1.6915436,-0.9937648,1.5704491,1.7283537,-1.8058623,1.7480339,0.36677352,1.6695447,1.7523751,-1.8596935,1.4504577,0.07591177,1.645118,1.6643351,1.8071324,1.7864681,1.7425929,1.6745226,1.7782488,1.739583,1.6257273,-1.7445643,1.0106633,0.8346412,1.6786323,-0.81560117,0.47171527,-0.88569736,1.724244,1.6676924,1.4170014,-1.5152321,1.6902667,-1.1770222,1.7092524,-1.3382261,1.758858,-1.3544912,1.3864392,-1.6128807,-1.813445,-1.7606558,
0,0,0,0,0,0,0,0,0,0,0,0,0,0,0,0,0,0,0,0,0,0,0,0,0,0,0,0,0,0,0,0,0,0,0,0,0,0,0,0,0,0,0,0,0,0,0,0,0,0,0,0,0,0,0,0,0,0,0,0,0,0,0,0,0,0,1,0,0,0,0,0,0,0,0,0,0,0,0,0,0,0,0,0,0,0,0,0,0,0,0,0,0,0,0,0,0,0,0,0,0,0,0,0,0,0,0,0,0,0,0,0,0,0,0,0,0,0,0,0,0,0,0,0,0,0,0,0,0,0,0,0,0,0,0,0,0,0,0,0,0,0,0,0,0,0,0,0,0,0,0,0,0,0,0,0,0,0,0,0,0,0,0,0,0,0,0,0,0,0,0,0,0,0,0,0,0,0,0,0,0,0,0,0,0,0,0,0,0,0,0,0,0,0,0,0,0,0,0,0,0,0,0,0,0,0,0,0,0,0,0,0,0,0,0,0,0,0,0,0,0,0,0,0,0,0,0,0,0,0,0,0,0,0,0,0,0,0,0,0,0,0,0,0,0,0,0,0,0,0,0,0,0,0,0,0,0,0,0,0,0,0,0,0,0,0,0,0,0,0,0,0,0,0,0,0,0,0,0,0,0,0,0,0,0,0,0,0,0,0,0,0,0,0,0,0,0,0,0,0,0,0,0,0,0,0,0,0,0,0,0,0,0,0,0,0,0,0,0,0,0,0,0,0,0,0,0,0,0,0,0,0,0,0,0,0,0,0,0,0,0,0,0,0,0,0,0,0,0,0,0,0,0,0,0,0,0,0,0,0,0,0,0,0,0,0,0,0,0,0,0,0,0,0,0,0,0,0,0,0,0,0,0,0,0,0,0,0,0,0,0,0,0,0,0,0,0,0,0,0,0,0,0,0,0,0,0,0,0,0,0,0,0,0,0,0,0,0,0,0,0,0,0,0,0,0,0,0,0,0,0,0,0,0,0,0,0,0,0,0,0,0,0,0,0,0,0,0,0,0,0,0,0,0,0,0,0,0,0,0,0,0,0,0,0,0,0,0,0,0,0,0,0,0,0,0,0,0,0,0,0,0,0,0,0,0,0,0,0,0,0,0,0,0,0,0,0,0,0,0,0,0,0,0,0,0,0,0,0,0,0,0,0,0,0,0,0,0,0,0,0,0,0,0,0,0,0,0,0,0,0,0,0,0,0,0,0,0,0,0,0,0,0,0,0,0,0,0,0,0,0,0,0,0,0,0,0,0,0,0,0,0,0,0,0,0,0,0,0,0,0,0,0,0,0,0,0,0,0,0,0,0,0,0,0,0,0,0,0,0,0,0,0,0,0,0,0,0,0,0,0,0,0,0,0,0,0,0,0,0,0,0,0,0,0,0,0,0,0,0,0,0,0,0,0,0,0,0,0,0,0,0,0,0,0,0,0,0,0,0,0,0,0,0,0,0,0,0,0,0,0,0,0,0,0,0,0,0,0,0,0,0,0,0,0,0,0,0,0,0,0,0,0,0,0,0,0,0,0,0,0,0,0,0,0,0,0,0,0,0,0,0,0,0,0,0,0,0,0,0,0,0,0,0,0,0,0,0,0,0,0,0,0,0,0,0,0,0,0,0,0,0,0,0,0,0,0,0,0,0,0,0,0,0,0,0,0,0,0,0,0,0,0,0,0,0,0,0,0,0,0,0,0,0,0,0,0,0,0,0,0,0,0,0,0,0,0,0,0,0,0,0,0,0,0,0,0,0,0,0,0,0,0,0,0,0,0,0,0,0,0,0,0,0,0,0,0,0,0,0,0,0,0,0,0,0,0,0,0,0,0,0,0,0,0,0,0,0,0,0,0,0,0,0,0,0,0,0,0,0,0,0,0,0,0,0,0,0,0,0,0,0,0,0,0,0,0,0,0,0,0,0,0,0,0,0,0,0,0,0,0,0,0,0,0,0,0,0,0,0,0,0,0,0,0,0,0,0,0,0,0,0,0,0,0,0,0,0,0,0,0,0,0,0,0,0,0,0,0,0,0,0,0,0,0,0,0,0,0,0,0,0,0,0,0,0,0,0,0,0,0,0,0,0,0,0,0,0,0,0,0,0,0,0,0,0,0,0,0,0,0,0,0,0,0,0,0,0,0,0,0,0,0,0,0,0,0,0,0,0,0,0,0,0,0,0,0,0,0,0,0,0,0,0,0,0,0,0,0,0,0,0,0,0,0,0,0,0,0,0,0,0,0,0,0,0,0,0,0,0,0,0,0,0,0,0,0,0,0,0,0,0,0,0,0,0,0,0,0,0,0,0,0,0,0,0,0,0,0,0,0,0,0,0,0,0,0,0,0,0,0,0,0,0,0,0,0,0,0,0,0,0,0,0,0,0,0,0,0,0,0,0,0,0,0,0,0,0,0,0,0,0,0,0,0,0,0,0,0,0,0,0,0,0,0,0,0,0,0,0,0,0,0,0,0,0,0,0,0,0,0,0,0,0,0,0,0,0,0,0,0,0,0,0,0,0,0,0,0,0,0,0,0,0,0,0,0,0,0,0,0,0,0,0,0,0,0,0,0,0,0,0,0,0,0,0,0,0,0,0,0,0,0,0,0,0,0,0,0,0,0,0,0,0,0,0,0,0,0,0,0,0,0,0,0,0,0,0,0,0,0,0,0,0,0,0,0,0,0,0,0,0,0,0,0,0,0,0,0,0,0,0,0,0,0,0,0,0,0,0,0,0,0,0,0,0,0,0,0,0,0,0,0,0,0,0,0,0,0,0,0,0,0,0,0,0,0,0,0,0,0,0,0,0,0,0,0,0,0,0,0,0,0,0,0,0,0,0,0,0,0,0,0,0,0,0,0,0,0,0,0,0,0,0,0,0,0,0,0,0,0,0,0,0,0,0,0,0,0,0,0,0,0,0,0,0,0,0,0,0,0,0,0,0,0,0,0,0,0,0,0,0,0,0,0,0,0,0,0,0,0,0,0,0,0,0,0,0,0,0,0,0,0,0,0,0,0,0,0,0,0,0,0,0,0,0,0,0,0,0,0,0,0,0,0,0,0,0,0,0,0,0,0,0,0,0,0,0,0,0,0,0,0,0,0,0,0,0,0,0,0,0,0,0,0,0,0,0,0,0,0,0,0,0,0,0,0,0,0,0,0,0,0,0,0,0,0,0,0,0,0,0,0,0,0,0,0,0,0,0,0,0,0,0,0,0,0,0,0,0,0,0,0,0,0,0,0,0,0,0,0,0,0,0,0,0,0,0,0,0,0,0,0,0,0,0,0,0,0,0,0,0,0,0,0,0,0,0,0,0,0,0,0,0,0,0,0,0,0,0,0,0,0,0,0,0,0,0,0,0,0,0,0,0,0,0,0,0,0,0,0,0,0,0,0,0,0,0,0,0,0,0,0,0,0,0,0,0,0,0,0,0,0,0,0,0,0,0,0,0,0,0,0,0,0,0,0,0,0,0,0,0,0,0,0,0,0,0,0,0,0,0,0,0,0,0,0,0,0,0,0,0,0,0,0,0,0,0,0,0,0,0,0,0,0,0,0,0,0,0,0,0,0,0,0,0,0,0,0,0,0,0,0,0,0,0,0,0,0,0,0,0,0,0,0,0,0,0,0,0,0,0,0,0,0,0,0,0,0,0,0,0,0,0,0,0,0,0,0,0,0,0,0,0,0,0,0,0,0,0,0,0,0,0,0,0,0,0,0,0,0,0,0,0,0,0,0,0,0,0,0,0,0,0,0,0,0,0,0,0,0,0,0,0,0,0,0,0,0,0,0,0,0,0,0,0,0,0,0,0,0,0,0,0,0,0,0,0,0,0,0,0,0,0,0,0,0,0,0,0,0,0,0,0,0,0,0,0,0,0,0,0,0,0,0,0,0,0,0,0,0,0,0,0,0,0,0,0,0,0,0,0,0,0,0,0,0,0,0,0,0,0,0,0,0,0,0,0,0,0,0,0,0,0,0,0,0,0,0,0,0,0,0,0,0,0,0,0,0,0,0,0,0,0,0,0,0,0,0,0,0,0,0,0,0,0,0,0,0,0,0,0,0,0,0,0,0,0,0,0,0,0,0,0,0,0,0,0,0,0,0,0,0,0,0,0,0,0,0,0,0,0,0,0,0,0,0,0,0,0,0,0,0,0,0,0,0,0,0,0,0,0,0,0,0,0,0,0,0,0,0,0,0,0,0,0,0,0,0,0,0,0,0,0,0,0,0,0,0,0,0,0,0,0,0,0,0,0,0,0,0,0,0,0,0,0,0,0,0,0,0,0,0,0,0,0,0,0,0,0,0,0,0,0,0,0,0,0,0,0,0,0,0,0,0,0,0,0,0,0,0,0,0,0,0,0,0,0,0,0,0,0,0,0,0,0,0,0,0,0,0,0,0,0,0,0,0,0,0,0,0,0,0,0,0,0,0,0,0,0,0,0,0,0,0,0,0,0,0,0,0,0,0,0,0,0,0,0,0,0,0,0,0,0,0,0,0,0,0,0,0,0,0,0,0,0,0,0,0,0,0,0,0,0,0,0,0,0,0,0,0,0,0,0,0,0,0,0,0,0,0,0,0,0,0,0,0,0,0,0,0,0,0,0,0,0,0,0,0,0,0,0,0,0,0,0,0,0,0,0,0,0,0,0,0,0,0,0,0,0,0,0,0,0,0,0,0,0,0,0,0,0,0,0,0,0,0,0,0,0,0,0,0,0,0,0,0,0,0,0,0,0,0,0,0,0,0,0,0,0,0,0,0,0,0,0,0,0,0,0,0,0,0,0,0,0,0,0,0,0,0,0,0,0,0,0,0,0,0,0,0,0,0,0,0,0,0,0,0,0,0,0,0,0,0,0,0,0,0,0,0,0,0,0,0,0,0,0,0,0,0,0,0,0,0,0,0,0,0,0,0,0,0,0,0,0,0,0,0,0,0,0,0,0,0,0,0,0,0,0,0,0,0,0,0,0,0,0,0,0,0,0,0,0,0,0,0,0,0,0,0,0,0,0,0,0,0,0,0,0,0,0,0,0,0,0,0,0,0,0,0,0,0,0,0,0,0,0,0,0,0,0,0,0,0,0,0,0,0,0,0,0,0,0,0,0,0,0,0,0,0,0,0,0,0,0,0,0,0,0,0,0,0,0,0,0,0,0,0,0,0,0,0,0,0,0,0,0,0,0,0,0,0,0,0,0,0,0,0,0,0,0,0,0,0,0,0,0,0,0,0,0,0,0,0,0,0,0,0,0,0,0,0,0,0,0,0,0,0,0,0,0,0,0,0,0,0,0,0,0,0,0,0,0,0,0,0,0,0,0,0,0,0,0,0,0,0,0,0,0,0,0,0,0,0,0,0,0,0,0,0,0,0,0,0,0,0,0,0,0,0,0,0,0,0,0,0,0,0,0,0,0,0,0,0,0,0,0,0,0,0,0,0,0,0,0,0,0,0,0,0,0,0,0,0,0,0,0,0,0,0,0,0,0,0,0,0,0,0,0,0,0,0,0,0,0,0,0,0,0,0,0,0,0,0,0,0,0,0,0,0,0,0,0,0,0,0,0,0,0,0,0,0,0,0,0,0,0,0,0,0,0,0,0,0,0,0,0,0,0,0,0,0,0,0,0,0,0,0,0,0,0,0,0,0,0,0,0,0,0,0,0,0,0,0,0,0,0,0,0,0,0,0,0,0,0,0,0,0,0,0,0,0,0,0,0,0,0,0,0,0,0,0,0,0,0,0,0,0,0,0,0,0,0,0,0,0,0,0,0,0,0,0,0,0,0,0,0,0,0,0,0,0,0,0,0,0,0,0,0,0,0,0,0,0,0,0,0,0,0,0,0,0,0,0,0,0,0,0,0,0,0,0,0,0,0,0,0,0,0,0,0,0,0,0,0,0,0,0,0,0,0,0,0,0,0,0,0,0,0,0,0,0,0,0,0,0,0,0,0,0,0,0,0,0,0,0,0,0,0,0,0,0,0,0,0,0,0,0,0,0,0,0,0,0,0,0,0,0,0,0,0,0,0,0,0,0,0,0,0,0,0,0,0,0,0,0,0,0,0,0,0,0,0,0,0,0,0,0,0,0,0,0,0,0,0,0,0,0,0,0,0,0,0,0,0,0,0,0,0,0,0,0,0,0,0,0,0,0,0,0,0,0,0,0,0,0,0,0,0,0,0,0,0,0,0,0,0,0,0,0,0,0,0,0,0,0,0,0,0,0,0,0,0,0,0,0,0,0,0,0,0,0,0,0,0,0,0,0,0,0,0,0,0,0,0,0,0,0,0,0,0,0,0,0,0,0,0,0,0,0,0,0,0,0,0,0,0,0,0,0,0,0,0,0,0,0,0,0,0,0,0,0,0,0,0,0,0,0,0,0,0,0,0,0,0,0,0,0,0,0,0,0,0,0,0,0,0,0,0,0,0,0,0,0,0,0,0,0,0,0,0,0,0,0,0,0,0,0,0,0,0,0,0,0,0,0,0,0,0,0,0,0,0,0,0,0,0,0,0,0,0,0,0,0,0,0,0,0,0,0,0,0,0,0,0,0,0,0,0,0,0,0,0,0,0,0,0,0,0,0,0,0,0,0,0,0,0,0,0,0,0,0,0,0,0,0,0,0,0,0,0,0,0,0,0,0,0,0,0,0,0,0,0,0,0,0,0,0,0,0,0,0,0,0,0,0,0,0,0,0,0,0,0,0,0,0,0,0,0,0,0,0,0,0,0,0,0,0,0,0,0,0,0,0,0,0,0,0,0,0,0,0,0,0,0,0,0,0,0,0,0,0,0,0,0,0,0,0,0,0,0,0,0,0,0,0,0,0,0,0,0,0,0,0,0,0,0,0,0,0,0,0,0,0,0,0,0,0,0,0,0,0,0,0,0,0,0,0,0,0,0,0,0,0,0,0,0,0,0,0,0,0,0,0,0,0,0,0,0,0,0,0,0,0,0,0,0,0,0,0,0,0,0,0,0,0,0,0,0,0,0,0,0,0,0,0,0,0,0,0,0,0,0,0,0,0,0,0,0,0,0,0,0,0,0,0,0,0,0,0,0,0,0,0,0,0,0,0,0,0,0,0,0,0,0,0,0,0,0,0,0,0,0,0,0,0,0,0,0,0,0,0,0,0,0,0,0,0,0,0,0,0,0,0,0,0,0,0,0,0,0,0,0,0,0,0,0,0,0,0,0,0,0,0,0,0,0,0,0,0,0,0,0,0,0,0,0,0,0,0,0,0,0,0,0,0,0,0,0,0,0,0,0,0,0,0,0,0,0,0,0,0,0,0,0,0,0,0,0,0,0,0,0,0,0,0,0,0,0,0,0,0,0,0,0,0,0,0,0,0,0,0,0,0,0,0,0,0,0,0,0,0,0,0,0,0,0,0,0,0,0,0,0,0,0,0,0,0,0,0,0,0,0,0,0,0,0,0,0,0,0,0,0,0,0,0,0,0,0,0,0,0,0,0,0,0,0,0,0,0,0,0,0,0,0,0,0,0,0,0,0,0,0,0,0,0,0,0,0,0,0,0,0,0,0,0,0,0,0,0,0,0,0,0,0,0,0,0,0,0,0,0,0,0,0,0,0,0,0,0,0,0,0,0,0,0,0,0,0,0,0,0,0,0,0,0,0,0,0,0,0,0,0,0,0,0,0,0,0,0,0,0,0,0,0,0,0,0,0,0,0,0,0,0,0,0,0,0,0,0,0,0,0,0,0,0,0,0,0,0,0,0,0,0,0,0,0,0,0,0,0,0,0,0,0,0,0,0,0,0,0,0,0,0,0,0,0,0,0,0,0,0,0,0,0,0,0,0,0,0,0,0,0,0,0,0,0,0,0,0,0,0,0,0,0,0,0,0,0,0,0,0,0,0,0,0,0,0,0,0,0,0,0,0,0,0,0,0,0,0,0,0,0,0,0,0,0,0,0,0,0,0,0,0,0,0,0,0,0,0,0,0,0,0,0,0,0,0,0,0,0,0,0,0,0,0,0,0,0,0,0,0,0,0,0,0,0,0,0,0,0,0,0,0,0,0,0,0,0,0,0,0,0,0,0,0,0,0,0,0,0,0,0,0,0,0,0,0,0,0,0,0,0,0,0,0,0,0,0,0,0,0,0,0,0,0,0,0,0,0,0,0,0,0,0,0,0,0,0,0,0,0,0,0,0,0,0,0,0,0,0,0,0,0,0,0,0,0,0,0,0,0,0,0,0,0,0,0,0,0,0,0,0,0,0,0,0,0,0,0,0,0,0,0,0,0,0,0,0,0,0,0,0,0,0,0,0,0,0,0,0,0,0,0,0,0,0,0,0,0,0,0,0,0,0,0,0,0,0,0,0,0,0,0,0,0,0,0,0,0,0,0,0,0,0,0,0,0,0,0,0,0,0,0,0,0,0,0,0,0,0,0,0,0,0,0,0,0,0,0,0,0,0,0,0,0,0,0,0,0,0,0,0,0,0,0,0,0,0,0,0,0,0,0,0,0,0,0,0,0,0,0,0,0,0,0,0,0,0,0,0,0,0,0,0,0,0,0,0,0,0,0,0,0,0,0,0,0,0,0,0,0,0,0,0,0,0,0,0,0,0,0,0,0,0,0,0,0,0,0,0,0,0,0,0,0,0,0,0,0,0,0,0,0,0,0,0,0,0,0,0,0,0,0,0,0,0,0,0,0,0,0,0,0,0,0,0,0,0,0,0,-0.05196341,0.9423223,-0.5312351,-0.4654088,-0.020926995,0.351566,-0.1446805,-0.27431634,0.08114583,0.11296656,0.42002538,-0.045969013,-0.29700541,-0.51229954,-0.64081496,0.07268645,0.364059,-0.8257449,-0.1354368,-0.3719634,-0.4841763,0.120641634,0.2480366,0.6674203,-0.29722953,0.08517945,-0.009554447,-0.4636721,-0.67582893,-0.0040642507,-0.014988621,0.07296656,0.12103379,0.029381128,-0.65459645,-0.2501707,0.81666404,0.13201419,-0.37711748,0.14422707,0.14646797,-0.5241763,0.091509975,-0.47386816,0.15134192,-0.29207546,-0.41157126,-0.20557685,0.40400296,-0.52064687,-0.5101707,-0.15874211,0.7645632,0.4935268,-0.18933035,-0.70025474,-0.02053484,-0.06557686,0.011341912,0.36747637,0.26658002,-0.2776217,-0.16781776,0.404059,-0.040702906,0.2050674,-0.27033877,-0.49532476,-0.077229515,0.24148197,0.39447916,0.20887692,-0.42798582,0.80820465,-0.13605304,-0.31465247,0.104395136,-0.38372812,-0.2749326,0.38086572,-0.1149326,-0.0059129903,0.053302698,0.13263042,-0.18961047,-0.37784576,-0.30501664,0.015431548,0.060081407,-0.0456889,-0.22087097,0.123554796,0.34125787,-0.14384016,-0.014596463,0.4478125,-0.14529674,-0.34042278,0.4328545,0.061930146,-0.22669731,-0.30832195,0.22736432,0.04573967,-0.17005865,-0.41577294,-0.043952204,0.42198616,-0.059918594,0.6411458,0.17072566,0.026243873,0.23403099,-0.059246324,0.119073,-0.31011468,0.32618785,0.055263482,0.4110618,0.38327467,0.08237833,0.07677609,0.29643995,0.4998013,0.2846192,-0.55330795,0.27212623,0.4033307,-0.038854167,-0.04479254,-0.14064689,0.16389093,-0.07487658,-0.32271972,0.46422708,0.44646797,-0.15437238,0.083106615,0.16047357,0.24198617,0.19643995,-0.26003063,-0.21493259,0.20848477,0.6405856,0.35128587,0.23369485,-0.18255165,0.45772848,0.0905576,0.062098213,-0.04075893,-0.6249046,-0.21874212,-0.37005866,0.29263043,-0.7163892,0.44618785,0.10719626,-0.6877057,0.40366685,0.19576769,-0.20557685,-0.160927,0.15498337,0.20501138,0.3028265,0.010557598,-0.42736956,-0.109274335,0.5842271,0.06349877,-0.061151087,-0.38456845,-0.20221551,-0.13414828,0.11817665,-0.08798582,-0.34983456,-0.2926917,0.16277048,-0.47084296,-0.11229955,-0.30327994,0.28394696,-0.13706145,0.09593575,0.36209822,-0.10103904,0.030333508,-0.05795781,-0.24232756,0.24742034,-0.12731355,0.18450718,0.03593575,-0.0796945,0.21425508,-0.4819354,-0.030786939,-0.0023835783,0.2820982,-0.052075457,0.4385688,-0.6766133,0.09800858,0.3355436,-0.29297182,0.092854515,0.2800254,0.46966124,-0.31151524,-0.35313988,-0.10412027,-0.07515669,0.2285408,-0.8443444,-0.33386818,0.014255077,-0.23722951,0.010165441,0.37162203,0.055935748,0.7524624,-0.34400824,0.07162202,0.21980129,-0.00288778,0.080697656,0.4120142,-0.3148766,0.29744837,-0.20327994,-0.11526873,-0.14658526,-0.10596901,-0.38204744,0.031397935,-0.1594144,-0.12008666,0.10316264,-0.23750962,-0.4872015,-0.15851803,0.52792454,0.14041755,-0.26075894,0.26697215,0.20725228,-0.46787378,0.209045,-0.45806986,-0.3799186,-0.39056286,0.045851715,-0.34905025,-0.035772935,-0.006305147,0.104002975,-0.5098346,-0.20540878,0.20826069,0.17823267,-0.5794704,-0.021151086,0.15279849,-0.11229955,0.15335871,0.06450718,-0.10003064,0.37767243,-0.0008709734,0.4355436,-0.21151523,0.037784487,-0.088602066,-0.16014268,-0.17381215,-0.11196341,0.28344277,-0.18585697,0.015543592,-0.12664129,0.14372286,-0.1704508,0.2108377,-0.13241158,-0.05566089,-0.37000263,0.12579569,0.43526348,-0.38378415,0.070781685,0.19862482,0.26092175,0.2793531,-0.1516833,0.2600814,0.027364321,0.053750876,-0.010955007,-0.073195904,-0.41745362,0.17403099,0.37940913,0.10013743,-0.031907387,-0.26764968,-0.11353204,-0.57370013,0.04103379,-0.03056285,0.0076444326,0.024451155,-0.20087098,0.12999737,-0.5164452,0.017280288,-0.27459645,-0.23207545,-0.031123074,0.5162719,-0.39084297,-0.38103905,0.39419904,-0.09896621,-0.30792978,0.016495973,0.1700534,0.36573967,-0.36327994,-0.079974614,-0.19392419,-0.03241159,-0.4401427,-0.1872015,-0.6507309,-0.33706143,-0.29437238,-0.09173932,0.399073,-0.10736957,0.279073,-0.10686537,-0.050002627,-0.023167891,0.19554359,0.035767682,-0.39229953,-0.21834996,0.06108981,0.66193014,0.10450718,0.021930147,-0.11308386,-0.08361607,0.5045072,-0.30524072,-0.055044644,-0.12680934,-0.31891018,-0.24507265,-0.12277573,-0.12675333,0.39408702,-0.077397585,-0.012019433,0.009717262,-0.34552082,0.20826069,-0.074484415,-0.22849002,0.05968925,0.5605296,0.1293251,0.35688812,0.14842875,-0.3854088,-0.5579578,-0.17022672,0.17728029,-0.052971814,-0.30187938,0.224059,0.016720062,0.6371682,-0.027985819,-0.09610907,0.14165004,-0.3589102,-0.11123512,0.16411503,-0.37129113,0.15235032,-0.2456889,-0.25280374,-0.107873775,-0.16047882,0.5852355,0.1447873,-0.47750962,-0.56680936,0.22966124,-0.002999825,0.19638392,0.1355436,-0.075997025,0.6462439,-0.9530839,0.3675324,-0.10311187,-0.08781775,-0.38815388,-0.35403624,0.40517944,0.076383926,0.0473083,0.021874124,0.28814864,0.35240632,-0.19784576,0.3043391,-0.16608106,-0.10042279,0.102714464,-0.04983456,0.46887693,0.029101016,0.174087,-0.4619354,0.11946516,-0.43381214,0.18870886,-0.0614312,0.14529149,0.07302258,0.10988533,-0.06865809,0.13319065,0.31167805,-0.071627274,0.12013743,-0.27039477,0.11285452,0.023218662,0.0770562,-0.44087097,-0.16809787,-0.20787378,-0.067705706,0.064059,0.4210898,0.017840512,-0.2129158,0.45548758,0.104171045,-0.21162727,-0.4168934,-0.06395221,0.051734067,0.0014259454,-0.12753764,0.21324667,0.10585172,0.07957721,0.100193456,0.56047356,-0.09302784,0.68422705,-0.30395222,0.037392333,-0.10042279,0.051173843,-0.34860206,0.18002538,0.08372287,0.211566,0.03403099,0.35027748,0.06770045,-0.08529674,-0.24406426,-0.3439522,0.080641635,-0.15101103,-0.22260767,0.041650034,0.044899333,-0.3962211,-0.03638918,0.31022146,0.33324668,-0.061151087,-0.2069214,-0.34361607,-0.68176734,0.05128589,-0.10708946,-0.22384016,-0.31336397,0.4242831,-0.16271971,-0.175941,0.16585171,0.03263043,-0.061991423,-0.17213148,0.17784052,-0.0944284,0.33492735,-0.33678132,-0.0069213933,-0.2186861,-0.1422155,0.04708421,0.088708855,0.18226628,-0.026977416,-0.0014872199,0.11767244,-0.38877013,-0.4119634,0.091509975,-0.2106749,0.58545953,-0.07370011,0.5825464,0.209045,0.60069764,-0.2629438,0.020025386,-0.4196945,-0.08064689,-0.40585697,0.13537553,-0.07689338,-0.10400823,0.02176208,-0.23476453,-0.07078694,-0.007481618,0.23447917,0.015823705,-0.13571692,-0.29252362,-0.05655725,0.06108981,-0.059246324,0.088876925,0.27492735,0.0021542367,0.3925744,-0.14512868,-0.22781776,0.16798057,-0.123167895,-0.3729158,-0.021375176,0.26966125,-0.014652486,0.21453519,0.07167805,-0.16938639,-0.35700542,-0.077285536,0.062770486,0.21251838,0.07800858,-0.20266369,-0.31605303,0.052350316,0.15991335,-0.0894424,0.21952118,-0.019078257,-0.35633317,0.083498776,-0.030898985,-0.19784576,0.19167805,-0.0037281162,0.3833307,0.08417104,0.25587973,0.18893296,0.105403535,0.13884892,-0.117565654,-0.12557685,-0.14176734,0.16120185,-0.03459646,0.39436713,0.014647234,-0.38933036,-0.0056889006,-0.298462,0.22674808,-0.116053045,0.14333071,-0.106473215,0.06411502,-0.27370012,0.079185046,0.55593574,0.057336308,0.21812062,0.09397496,-0.12451243,0.12949318,0.699017,-0.053644083,-0.091179095,-0.11000263,0.13565564,-0.13801382,0.2910618,-0.05498862,0.14064163,0.15391894,-0.19526874,0.07061362,0.289045,-0.13885416,0.02316264,0.2561038,-0.0032239147,-0.17353204,0.12103379,0.2670842,0.41391894,-0.20299983,-0.23000263,0.11291054,0.15694416,0.22136992,-0.31414828,0.19571166,0.06596376,-0.007929797,-0.12849002,-0.060310747,-0.17924632,-0.25487658,0.097000174,0.30226627,0.18803659,0.17784052,-0.27728555,0.0743111,0.07403099,0.009269083,0.11996936,-0.50731355,0.030557599,0.16372286,-0.16624913,-0.24764968,0.30870885,0.11403099,0.017616421,0.026467962,-0.080142684,0.2550394,-0.21207546,-0.37173933,0.20209822,-0.04428834,-0.0012071078,-0.28053483,0.29599178,-0.15778974,-0.4156609,0.47347078,0.012350315,-0.13409226,-0.06445641,0.29868084,-0.03941439,-0.17291579,0.49767244,0.053022586,0.11996936,0.1913419,0.2420422,-0.325969,0.36120185,-0.0089382,0.45078167,0.06859681,0.3982887,-0.32580096,0.05548757,0.1720702,-0.10199142,-0.14042279,-0.14350402,-0.1521875,0.044675246,0.10153799,0.36764443,-0.0894424,-0.14053483,0.0024343487,0.15795256,-0.30658525,-0.050450806,0.15912902,0.2068041,0.14820465,0.50915706,-0.046697304,0.26915705,-0.19095501,-0.24440038,0.14237833,0.09134191,0.1345912,-0.015997024,-0.13448443,0.026748074,-0.32776174,-0.25655726,0.22467524,-0.38064688,0.26646796,-0.4691623,-0.17622112,-0.360871,-0.28776172,-0.105072655,-0.33465248,-0.378406,-0.007481618,0.07184611,-0.114596464,-0.24882616,-0.07756565,0.14249037,0.19044556,-0.16557686,-0.2614312,-0.18770571,-0.45683736,0.31610382,-0.4189662,0.1720702,-0.115997024,-0.23622112,0.04641194,-0.18854605,-0.3729158,0.04523547,-0.092579655,-0.017957808,0.11419906,0.11414303,-0.043840162,-0.006025035,-0.5956049,0.06921306,0.32764444,-0.42680934,0.08898897,0.15391894,0.32036152,-0.3114032,-0.050618872,0.004507178,0.20445116,-0.09734156,-0.22675332,0.1447873,0.1385688,-0.23571691,-0.03353204,-0.15330794,-0.14327994,-0.24905024,0.2148153,-0.034204308,-0.24832195,-0.028097864,-0.38339198,-0.12199142,-0.59482056,-0.37173933,0.19896096,0.038792893,-0.37095502,-0.113644086,0.08075368,-0.26983455,-0.24434437,-0.16008666,-0.23722951,0.24742034,0.37268645,-0.13734156,0.22702819,-0.05101103,0.2835548,-0.258462,-0.14103904,-0.030618872,0.054143034,-0.07532475,-0.44512868,0.2755436,-0.24462448,-0.21958245,-0.04983456,0.17817664,-0.05386817,-0.07213148,-0.1339242,0.0995772,0.1600814,0.04293855,-0.06837798,-0.10238358,0.008876925,-0.0461931,0.037728466,0.28372288,-0.0679298,-0.04081495,0.33543155,-0.059974615,-0.29033875,-0.4321875,-0.18053484,0.26697215,0.52484334,0.19851278,0.06736432,0.15565564,-0.37280375,0.02988533,0.0013139006,-0.21347602,-0.03213148,0.06551558,-0.30299982,-0.09706145,0.154031,0.02316264,-0.27963847,0.23240633,-0.32271972,0.3013139,0.45139793,-0.044904586,0.086243875,-0.06266369,0.04742034,-0.13403624,0.16865283,-0.19958246,0.19789654,0.18697217,0.40646797,0.11711222,0.11996936,-0.5729158,0.37268645,-0.043784138,-0.12378414,-0.020758929,0.13767244,-0.10031075,0.24658,-0.14047882,-0.3969494,0.5093251,-0.14731355,0.19571166,0.16226628,-0.008658088,0.08232231,-0.06961047,0.27924109,-0.58031076,-0.14126313,-0.0142043065,-0.15022671,0.040697653,-0.15958245,-0.14311187,0.08260242,-0.3401987,0.21666405,0.30870885,0.057952557,-0.009386379,0.25587973,0.06854079,0.12153799,0.03991334,0.37341475,0.18999738,-0.04888218,-0.0931959,-0.049106266,-0.030114671,-0.48400822,0.4180646,0.109549195,-0.05426033,0.2833307,0.03503939,0.0065239845,0.2603055,0.13772847,-0.07207546,-0.054428395,0.08002538,-0.11510067,-0.27582896,-0.27846202,0.06960522,-0.30955446,-0.14608106,-0.20159927,-0.06725753,0.24624388,-0.25448442,0.061930146,0.0012018557,-0.11538078,-0.26047882,0.13789654,0.04590774,0.17375088,-0.11011467,0.11571166,0.05643995,0.22265844,0.04461922,-0.06299982,0.22568364,-0.37151524,-0.275885,-0.17885417,0.06573967,0.087252274,0.15167804,0.117896535,0.12764443,-0.43017069,-0.26003063,0.33627188,0.14120185,-0.12708946,0.030725665,-0.31678134,0.3462999,0.064955354,-0.058910187,-0.05515669,0.15212622,-0.33661327,-0.072019435,0.31610382,0.039745275,0.042322304,0.1213139,-0.12748162,0.291622,0.16568364,-0.2503948,-0.15151523,0.01061362,-0.0429438,0.13940914,-0.13073091,0.116551995,0.13817665,-0.23140319,0.022770483,0.27212623,0.027700456,-0.26378414,-0.11532476,-0.21969451,0.13038953,0.61061364,-0.3224396,0.009157037,-0.05426033,0.080697656,0.22982931,-0.4226637,-0.27913427,0.0091010155,-0.117845766,-0.12484857,0.01408701,0.15078169,-0.25140318,-0.2989102,0.32344276,0.3810898,0.41246235,0.28125787,0.08669205,-0.21409225,-0.17851803,0.07397497,-0.31285977,-0.052243523,0.13571166,-0.09140319,-0.07336397,-0.21201943,-0.16260767,-0.097957805,-0.15756565,0.02176208,-0.20664129,-0.122831754,0.084619224,-0.07235557,0.14445116,-1.1799186,-1.0758289,0.41475928,-0.5174536,0.12305059,0.3631066,-0.76456845,-0.24232756,-0.8398626,1.3409218,-0.30299982,-0.58854604,0.066523984,-0.22708946,-0.12871411,1.1335828,0.70691615,0.28573966,-1.0517954,0.821426,-0.64955443,-0.042439602,-0.50608104,-0.7752127,-0.15420431,0.1595772,-0.02311187,-0.08624913,0.15924107,-0.5446805,-0.030450806,0.35963324,-0.7054088,0.18792455,-0.30512866,-0.12860207,-0.8274816,-0.8873696,-0.98277575,-0.6474256,-0.6228878,0.7417621,-0.69487655,-0.6707309,-0.38417628,-0.67465246,-0.09863008,0.12775648,0.37615985,0.21851277,0.014647234,-0.8565012,-0.10888218,-0.35112306,-0.5068654,-0.1721875,0.09117384,0.010557598,0.89823264,-0.019750524,-0.53325194,-0.24333596,-0.9050726,0.9493251,-0.19756564,-0.15173931,-0.26529676,-1.0027198,0.3070842,0.008540791,0.34792453,0.014815301,-1.1417114,-0.48025474,-0.5896665,0.22153799,0.73347074,-0.10636117,0.21996936,0.10618785,-0.28176734,0.2520702,-0.21000263,-0.0018793767,0.4798013,0.6672523,0.47089374,-0.03801383,0.84742033,-0.0764452,0.6633867,-0.14742559,-0.34865808,-0.0033919818,-0.024680497,-0.12524073,0.7581206,-0.9664732,0.5080366,-0.16126312,-0.09336397,0.15963323,0.3992971,0.924115,-0.17173932,0.030949755,1.0507257,0.22221026,-0.5424396,-0.51650125,-0.74630517,0.4088209,-0.89325196,-0.2551567,0.76770043,-0.32736957,0.069381125,0.4595772,0.16489933,-0.0219354,-0.2996945,-0.23162727,0.51879287,0.35341474,-0.5720754,0.045795694,-0.5771735,0.14512342,
0,1,0,0,0,0,0,0,0,0,0,0,0,0,0,0,0,0,0,0,0,0,0,0,0,1,0,0,0,0,0,0,0,0,0,0,0,0,0,0,0,0,0,0,0,0,0,0,0,0,0,0,0,0,0,0,0,0,0,0,0,0,0,0,0,0,0,0,0,0,0,0,0,0,0,0,0,0,0,0,0,0,0,0,0,0,0,0,0,0,0,0,0,0,0,0,0,0,0,0,0,0,0,0,0,0,0,0,0,0,0,0,0,0,0,0,0,0,0,0,0,0,0,0,0,0,0,0,0,0,0,0,0,0,0,0,0,0,0,0,0,0,0,0,0,0,0,0,0,0,0,0,0,0,0,0,0,0,0,0,0,0,0,0,0,0,0,0,0,0,0,0,0,0,0,0,0,0,0,0,0,0,0,0,0,0,0,0,0,0,0,0,0,0,0,0,0,0,0,0,0,0,0,0,0,0,0,0,0,0,0,0,0,0,0,0,0,0,0,0,0,0,0,0,0,0,0,0,0,0,0,0,0,0,0,0,0,0,0,0,0,0,0,0,0,0,0,0,0,0,0,0,0,0,0,0,0,0,0,0,0,0,0,0,0,0,0,0,0,0,0,0,0,0,0,0,0,0,0,0,0,0,0,0,0,0,0,0,0,0,0,0,0,0,0,0,0,0,0,0,0,0,0,0,0,0,0,0,0,0,0,0,0,0,0,0,0,0,0,0,0,0,0,0,0,0,0,1,0,0,0,0,0,0,0,0,0,0,0,0,0,0,0,0,0,0,0,0,0,0,0,0,0,0,0,0,0,0,0,0,0,0,0,0,0,0,0,0,0,0,0,0,0,0,0,0,0,0,0,0,0,0,0,0,0,0,0,0,0,0,0,0,0,0,0,0,0,0,0,0,0,0,0,0,0,0,0,0,0,0,0,0,0,0,0,0,0,0,0,0,0,0,0,0,0,0,0,0,0,0,0,0,0,0,0,0,0,0,0,0,0,0,0,0,0,0,0,0,0,0,0,0,0,0,0,0,0,0,0,0,0,0,0,0,0,0,0,0,0,0,0,0,0,0,0,0,0,0,0,0,0,0,0,0,0,0,0,0,0,0,0,0,0,0,0,0,0,0,0,0,0,0,0,0,0,0,0,0,0,0,0,0,0,0,0,0,0,0,0,0,0,0,0,0,0,0,0,0,0,0,0,0,0,0,0,0,0,0,0,0,0,0,0,0,0,0,0,0,0,0,0,0,0,0,0,0,0,0,0,0,0,0,0,0,0,0,0,0,0,0,0,0,0,0,0,0,0,0,0,0,0,0,0,0,0,0,0,0,0,0,0,0,0,0,0,0,0,0,0,0,0,0,0,0,0,0,0,0,0,0,0,0,0,0,0,0,0,0,0,0,0,0,0,0,0,0,0,0,0,0,0,0,0,0,0,0,0,0,0,0,0,0,0,0,0,0,0,0,0,0,0,0,0,0,0,0,0,0,0,0,0,0,0,0,0,0,0,0,0,0,0,0,0,0,0,0,0,0,0,0,0,0,0,0,0,0,0,0,0,0,0,0,0,0,0,0,0,0,0,0,0,0,0,0,0,0,0,0,0,0,0,0,0,0,0,0,0,0,0,0,0,0,0,0,0,0,0,0,0,0,0,0,0,0,0,0,0,0,0,0,0,0,0,0,0,0,0,0,0,0,0,0,0,0,0,0,0,0,0,0,0,0,0,0,0,0,0,0,0,0,0,0,1,0,0,0,0,0,0,0,0,0,0,0,0,0,0,0,0,0,0,0,0,0,0,0,0,0,0,0,0,0,0,0,0,0,0,0,0,0,0,0,0,0,0,0,0,0,0,0,0,0,0,0,0,0,0,0,0,0,0,0,0,0,0,0,0,0,0,0,0,0,0,0,0,0,0,0,0,0,0,0,0,0,0,0,0,0,0,0,0,0,0,0,0,0,0,0,0,0,0,0,0,0,0,0,0,0,0,0,0,0,0,0,0,0,0,0,0,0,0,0,0,0,0,0,0,0,0,0,0,0,0,0,0,0,0,0,0,0,0,0,0,0,0,0,0,0,0,0,0,0,0,0,0,0,0,0,0,0,0,0,0,0,0,0,0,0,0,0,0,0,0,0,0,0,0,0,0,0,0,0,0,0,0,0,0,0,0,0,0,0,0,0,0,0,0,0,0,0,0,0,0,0,0,0,0,0,0,0,0,0,0,0,0,0,0,0,0,0,0,0,0,0,0,0,0,0,0,0,0,0,0,0,0,0,0,0,0,0,0,0,0,0,0,0,0,0,0,0,0,0,0,0,0,0,0,0,0,0,0,0,0,0,0,0,0,0,0,0,0,0,0,0,0,0,0,0,0,0,0,0,0,0,0,0,0,0,0,0,0,0,0,0,0,0,0,0,0,0,0,0,0,0,0,0,0,0,0,0,0,0,0,0,0,0,0,0,0,0,0,0,0,0,0,0,0,0,0,0,0,0,0,0,0,0,0,0,0,0,0,0,0,0,0,0,0,0,0,0,0,0,0,0,0,0,0,0,0,0,0,0,0,0,0,0,0,0,0,0,0,0,0,0,0,0,0,0,0,0,0,0,0,0,0,0,0,0,0,0,0,0,0,0,0,0,0,0,0,0,0,0,0,0,0,0,0,0,0,0,0,0,0,0,0,0,0,0,0,0,0,0,0,0,0,0,0,0,0,0,0,0,0,0,0,0,0,0,0,0,0,0,0,0,0,0,0,0,0,0,0,0,0,0,0,0,0,0,0,0,0,0,0,0,0,0,0,0,0,0,0,0,0,0,0,0,0,0,0,0,0,0,0,0,0,0,0,0,0,0,0,0,0,0,0,0,0,0,0,0,0,0,0,0,0,0,0,0,0,0,0,0,0,0,0,0,0,0,0,0,0,0,0,0,0,0,0,0,0,0,0,0,0,0,0,0,0,0,0,0,0,0,0,0,0,0,0,0,0,0,0,0,0,0,0,0,0,0,0,0,0,0,0,0,0,0,0,0,0,0,0,0,0,0,0,0,0,1,0,0,0,0,0,0,0,0,0,0,0,0,0,0,0,0,0,0,0,0,0,0,0,0,0,0,0,0,0,0,0,0,0,0,0,0,0,0,0,0,0,0,0,0,0,0,0,0,0,0,0,0,0,0,0,0,0,0,0,0,0,0,0,0,0,0,0,0,0,0,0,0,0,0,0,0,0,0,0,0,0,0,0,0,0,0,0,0,0,0,0,0,0,0,0,0,0,0,0,0,0,0,0,0,0,0,0,0,0,0,0,0,0,0,0,0,0,0,0,0,0,0,0,0,0,0,0,0,0,0,0,0,0,0,0,0,0,0,0,0,0,0,0,0,0,0,0,0,0,0,0,0,0,0,0,0,0,0,0,0,0,0,0,0,0,0,0,0,0,0,0,0,0,0,0,0,0,0,0,0,0,0,0,0,0,0,0,0,0,0,0,0,0,0,0,0,0,0,0,0,0,0,0,0,0,0,0,0,0,0,0,0,0,0,0,0,0,0,0,0,0,0,0,0,0,0,0,0,0,0,0,0,0,0,0,0,0,0,0,0,0,0,0,0,0,0,0,0,0,0,0,0,0,0,0,0,0,0,0,0,0,0,0,0,0,0,0,0,0,0,0,0,0,0,0,0,0,0,0,0,0,0,0,0,0,0,0,0,0,0,0,0,0,0,0,0,0,0,0,0,0,0,0,0,0,0,0,0,0,0,0,0,0,0,0,0,0,0,0,0,0,0,0,0,0,0,0,0,0,0,0,0,0,0,0,0,0,0,0,0,0,0,0,0,0,0,0,0,0,0,0,0,0,0,0,0,0,0,0,0,0,0,0,0,0,0,0,0,0,0,0,0,0,0,0,0,0,0,0,0,0,0,0,0,0,0,0,0,0,0,0,0,0,0,0,0,0,0,0,0,0,0,0,0,0,0,0,0,0,0,0,0,0,0,0,0,0,0,0,0,0,0,0,0,0,0,0,0,0,0,0,0,0,0,0,0,0,0,0,0,0,0,0,0,0,0,0,0,0,0,0,0,0,0,0,0,0,0,0,0,0,0,0,0,0,0,0,0,0,0,0,0,0,0,0,0,0,0,0,0,0,0,0,0,0,0,0,0,0,0,0,0,0,0,0,0,0,0,0,0,0,0,0,0,0,0,0,0,0,0,0,0,0,0,0,0,0,0,0,0,0,0,0,0,0,0,0,0,0,0,0,0,0,0,0,0,0,0,0,0,0,0,0,0,0,0,0,0,0,0,0,0,0,0,0,0,0,0,0,0,0,0,0,0,0,0,0,0,0,0,0,0,0,0,0,0,0,0,0,0,0,0,0,0,0,0,0,0,0,0,0,0,0,0,0,0,0,0,0,0,0,0,0,0,0,0,0,0,0,0,0,0,0,0,0,0,0,0,0,0,0,0,0,0,0,0,0,0,0,0,0,0,0,0,0,0,0,0,0,0,0,0,0,0,0,0,0,0,0,0,0,0,0,0,0,0,0,0,0,0,0,0,0,0,0,0,0,0,0,0,0,0,0,0,0,0,0,0,0,0,0,0,0,0,0,0,0,0,0,0,0,0,0,0,0,0,0,0,0,0,0,0,0,0,0,0,0,0,0,0,0,0,0,0,0,0,0,0,0,0,0,0,0,0,0,0,0,0,0,0,0,0,0,0,0,0,0,0,0,0,0,0,0,0,0,0,0,0,0,0,0,0,0,0,0,0,0,0,0,0,0,0,0,0,0,0,0,0,0,0,0,0,0,0,0,0,0,0,0,0,0,0,0,0,0,0,0,0,0,0,0,0,0,0,0,0,0,0,0,0,0,0,0,0,0,0,0,0,0,0,0,0,0,0,0,0,0,0,0,0,0,0,0,0,0,0,0,0,0,0,0,0,0,0,0,0,0,0,0,0,0,0,0,0,0,0,0,0,0,0,0,0,0,0,0,0,0,0,0,0,0,0,0,0,0,0,0,0,0,0,0,0,0,0,0,0,0,0,0,0,0,0,0,0,0,0,0,0,0,0,0,0,0,0,0,0,0,0,0,0,0,0,0,0,0,0,0,0,0,0,0,0,0,0,0,0,0,0,0,0,0,0,0,0,0,0,0,0,0,0,0,0,0,0,0,0,0,0,0,0,0,0,0,0,0,0,0,0,0,0,0,0,0,0,0,0,0,0,0,0,0,0,0,0,0,0,0,0,0,0,0,0,0,0,0,0,0,0,0,0,0,0,0,0,0,0,0,0,0,0,0,0,0,0,0,0,0,0,0,0,0,0,0,0,0,0,0,0,0,0,0,0,0,0,0,0,0,0,0,0,0,0,0,0,0,0,0,0,0,0,0,0,0,0,0,0,0,0,0,0,0,0,0,0,0,0,0,0,0,0,0,0,0,0,0,0,0,0,0,0,0,0,0,0,0,0,0,0,0,0,0,0,0,0,0,0,0,0,0,0,0,0,0,0,0,0,0,0,0,0,0,0,0,0,0,0,0,0,0,0,0,0,0,0,0,0,0,0,0,0,0,0,0,0,0,0,0,0,0,0,0,0,0,0,0,0,0,0,0,0,0,0,0,0,0,0,0,0,0,0,0,0,0,0,0,0,0,0,0,0,0,0,0,0,0,0,0,0,0,0,0,0,0,0,0,0,0,0,0,0,0,0,0,0,0,0,0,0,0,0,0,0,0,0,0,0,0,0,0,0,0,0,0,0,0,0,0,0,0,0,0,0,0,0,0,0,0,0,0,0,0,0,0,0,0,0,0,0,0,0,0,0,0,0,0,0,0,0,0,0,0,0,0,0,0,0,0,0,0,0,0,0,0,0,0,0,0,0,0,0,0,0,0,0,0,0,0,0,0,0,0,0,0,0,0,0,0,0,0,0,0,0,0,0,0,0,0,0,0,0,0,0,0,0,0,0,0,0,0,0,0,0,0,0,0,0,0,0,0,0,0,0,0,0,0,0,0,0,0,0,0,0,0,0,0,0,0,0,0,0,0,0,0,0,0,0,0,0,0,0,0,0,0,0,0,0,0,0,0,0,0,0,0,0,0,0,0,0,0,0,0,0,0,0,0,0,0,0,0,0,0,0,0,0,0,0,0,0,0,0,0,0,0,0,0,0,0,0,0,0,0,0,0,0,0,0,0,0,0,0,0,0,0,0,0,0,0,0,0,0,0,0,0,0,0,0,0,0,0,0,0,0,0,0,0,0,0,0,0,0,0,0,0,0,0,0,0,0,0,0,0,0,0,0,0,0,0,0,0,0,0,0,0,0,0,0,0,0,0,0,0,0,0,0,0,0,0,0,0,0,0,0,0,0,0,0,0,0,0,0,0,0,0,0,0,0,0,0,0,0,0,0,0,0,0,0,0,0,0,0,0,0,0,0,0,0,0,0,0,0,0,0,0,0,0,0,0,0,0,0,0,0,0,0,0,0,0,0,0,0,0,0,0,0,0,0,0,0,0,0,0,0,0,0,0,0,0,0,0,0,0,0,0,0,0,0,0,0,0,0,0,0,0,0,0,0,0,0,0,0,0,0,0,0,0,0,0,0,0,0,0,0,0,0,0,0,0,0,0,0,0,0,0,0,0,0,0,0,0,0,0,0,0,0,0,0,0,0,0,0,0,0,0,0,0,0,0,0,0,0,0,0,0,0,0,0,0,0,0,0,0,0,0,0,0,0,0,0,0,0,0,0,0,0,0,0,0,0,0,0,0,0,0,0,0,0,0,0,0,0,0,0,0,0,0,0,0,0,0,0,0,0,0,0,0,0,0,0,0,0,0,0,0,0,0,0,0,0,0,0,0,0,0,0,0,0,0,0,0,0,0,0,0,0,0,0,0,0,0,0,0,0,0,0,0,0,0,0,0,0,0,0,0,0,0,0,0,0,0,0,0,0,0,0,0,0,0,0,0,0,0,0,0,0,0,0,0,0,0,0,0,0,0,0,0,0,0,0,0,0,0,0,0,0,0,0,0,0,0,0,0,0,0,0,0,0,0,0,0,0,0,0,0,0,0,0,0,0,0,0,0,0,0,0,0,0,0,0,0,0,0,0,0,0,0,0,0,0,0,0,0,0,0,0,0,0,0,0,0,0,0,0,0,0,0,0,0,0,0,0,0,0,0,0,0,0,0,0,0,0,0,0,0,0,0,0,0,0,0,0,0,0,0,0,0,0,0,0,0,0,0,0,0,0,0,0,0,0,0,0,0,0,0,0,0,0,0,0,0,0,0,0,0,0,0,0,0,0,0,0,0,0,0,0,0,0,0,0,0,0,0,0,0,0,0,0,0,0,0,0,0,0,0,0,0,0,0,0,0,0,0,0,0,0,0,0,0,0,0,0,0,0,0,0,0,0,0,0,0,0,0,0,0,0,0,0,0,0,0,0,0,0,0,0,0,0,0,0,0,0,0,0,0,0,0,0,0,0,0,0,0,0,0,0,0,0,0,0,0,0,0,0,0,0,0,0,0,0,0,0,0,0,0,0,0,0,0,0,0,0,0,0,0,0,0,0,0,0,0,0,0,0,0,0,0,0,0,0,0,0,0,0,0,0,0,0,0,0,0,0,0,0,0,0,0,0,0,0,0,0,0,0,0,0,0,0,0,0,0,0,0,0,0,0,0,0,1,0,0,0,0,0,0,0,0,0,0,0,0,0,0,0,0,0,0,0,0,0,0,0,0,0,0,0,0,0,0,0,0,0,0,0,0,0,0,0,0,0,0,0,0,0,0,0,0,0,0,0,0,0,0,0,0,0,0,0,0,0,0,0,0,0,0,0,0,0,0,0,0,0,0,0,0,0,0,0,0,0,0,0,0,0,0,0,0,0,0,0,0,0,0,0,0,0,0,0,0,0,0,0,0,0,0,0,0,0,0,0,0,0,0,0,0,0,0,0,0,0,0,0,0,0,0,0,0,0,0,0,0,0,0,0,0,0,0,0,0,0,0,0,0,0,0,0,0,0,0,0,0,0,0,0,0,0,0,0,0,0,0,0,0,0,0,0,0,0,0,0,0,0,0,0,0,0,0,0,0,0,0,0,0,0,0,0,0,0,0,0,0,0,0,0,0,0,0,0,0,0,0,0,0,0,0,0,0,0,0,0,0,0,0,0,0,0,0,0,0,0,0,0,0,0,0,0,0,0,0,0,0,0,0,0,0,0,0,0,0,0,0,0,0,0,0,0,0,0,0,0,0,0,0,0,0,0,0,0,0,0,0,0,0,0,0,0,0,0,0,0,0,0,0,0,0,0,0,0,0,0,0,0,0,0,0,0,0,0,0,0,0,0,0,0,0,0,0,0,0,0,0,0,0,0,0,0,0,0,0,0,0,0,0,0,0,0,0,0,0,0,0,0,0,0,0,0,0,0,0,0,0,0,0,0,0,0,0,0,0,0,0,0,0,0,0,0,0,0,0,0,0,0,0,0,0,0,0,0,0,0,0,0,0,0,0,0,0,0,0,0,0,0,0,0,0,0,0,0,0,0,0,0,0,0,0,0,0,0,0,0,0,0,0,0,0,0,0,0,0,0,0,0,0,0,0,0,0,0,0,0,0,0,0,0,0,0,0,0,0,0,0,0,0,0,0,0,0,0,0,0,0,0,0,0,0,0,0,0,0,0,0,0,0,0,0,0,0,0,0,0,0,0,0,0,0,0,0,0,0,0,0,0,0,0,0,0,-0.11757312,0.2591589,-0.09508946,0.54433537,-0.5698084,-0.60107636,-0.5981483,0.52498895,-0.44170383,0.81089747,0.8701916,-0.4524228,0.6960217,0.82585174,0.7909759,-0.12797835,-0.18993914,-1.3796908,-0.330279,-0.5227496,0.56671447,-0.09948162,0.56174713,0.27531576,0.11118505,0.07254452,-0.43705025,0.09868832,-0.24091953,-0.22068423,0.22349878,-0.04337704,-0.578279,0.16765563,-0.17749469,0.68807393,-0.014252859,-0.16285416,0.34438765,0.038348448,0.11196936,-0.13069731,-0.10408293,0.24932884,0.07160335,-0.30303717,0.35081902,0.2701393,0.18768178,0.049694855,0.22229616,0.5331981,0.3526491,-0.29205677,-0.048762664,0.5986622,0.1164661,-0.076788805,0.30193016,0.021877859,0.14318505,0.003943219,0.20838766,0.6596818,0.25215238,-0.19271037,-0.15678881,0.04200858,0.19651838,-0.41498488,-0.22094567,-0.120292075,0.21560335,0.23928963,-0.37974307,-0.044161357,-0.17378227,0.19761643,0.048805963,0.56859684,0.32582557,0.20310661,0.11991707,-0.15495874,-0.5922921,-0.15610906,-0.019167893,-0.25477573,0.297904,0.19092362,-0.54178226,0.47803473,-0.05874959,0.0017994281,0.050113153,0.09764256,-0.070723444,0.33345956,-0.38988686,0.3669236,0.18925041,-0.65048814,0.27442688,-0.16086724,-0.24499796,0.4680478,-0.31030515,-0.1201875,-0.33430514,0.031080473,-0.1698607,-0.021782272,0.030766748,0.3206491,-0.03474959,-0.4140437,-0.25806984,0.11113276,-0.25932476,-0.34648815,-0.23553391,-0.025337826,-0.39569077,-0.30559927,0.5540609,0.39913276,0.03740727,0.40718505,0.29220465,-0.030200573,0.0802308,-0.021886846,-0.1323705,0.06355106,-0.4207888,-0.5316385,0.10606086,0.09743342,-0.29336396,-0.33336398,-0.22497182,0.08169486,0.09393015,0.06323734,0.2048844,0.35996938,-0.294462,0.05952492,-0.061939135,-0.0553509,-0.0641875,0.088544525,-0.20457965,0.18857066,-0.23992606,-0.18889338,0.09518505,0.33199552,-0.26173,0.028256945,0.30386478,-0.2881352,-0.102828026,0.21325041,-0.16677573,0.11636152,0.04634845,-0.11877573,-0.07715482,-0.2801352,0.20587786,-0.41362542,-0.08813521,0.1893027,0.53513277,-0.36285415,-0.06612214,0.42161644,-0.338645,-0.2814424,0.07934191,0.2814857,-0.15563849,0.22234845,0.02334191,-0.1559522,0.3613811,0.11217851,-0.082592726,0.034949753,-0.26774305,0.329904,0.28017852,-0.002801879,0.32451838,-0.52097183,-0.3163182,0.42815238,-0.065442406,0.0473942,0.09429616,-0.15579534,0.21136805,-0.48332477,-0.048658088,-0.2309326,0.07092361,-0.01163848,-0.23459274,-0.2494424,0.24085826,0.22240074,0.30543342,-0.34957314,0.09366871,-0.06826593,0.035890933,-0.0970241,-0.14476267,-0.2545143,-0.084579654,0.15008701,0.45827,-0.22528554,-0.076422796,0.0478125,0.07411315,0.27029616,0.31364256,0.0701393,-0.5793248,0.1674465,-0.24625286,-0.21948162,0.21136805,-0.0038999184,0.19427001,0.25863603,0.041904002,0.18433538,-0.009808415,-0.43767768,-0.11908946,-0.0018607026,-0.03888031,0.3834988,-0.044318218,-0.16238357,0.07066217,-0.36342934,0.40132883,0.24943341,-0.313913,-0.14748162,-0.37263194,-0.42533782,-0.45006984,-0.55495876,-0.07375613,-0.11914175,0.047864787,0.29298896,0.085302696,-0.04342933,0.124675244,0.11824387,-0.09033129,0.12650532,0.19740728,-0.17488031,0.19777328,-0.17482802,-0.21054044,-0.178279,-0.2801352,-0.29268423,-0.2877692,-0.49294567,-0.0574424,-0.19396527,0.46072754,0.064701386,0.0061392975,-0.20159927,0.27254453,-0.07537704,0.024178512,0.09257067,-0.25142932,0.1884661,0.0058778594,-0.2738607,-0.1807888,-0.1724228,-0.08912867,0.3497733,-0.2823836,0.048073936,-0.09817443,-0.28071037,-0.17989992,0.18025695,0.07761642,-0.11464502,0.3475772,0.26365563,-0.09749469,-0.21775612,0.033694852,0.2887537,-0.22131169,-0.7235862,-0.07971691,-0.1412594,0.110139295,-0.18727247,-0.05984763,-0.120292075,0.1476295,-0.09310253,-0.1008411,-0.028422793,0.037825573,-0.19616136,0.05926348,-0.4347496,-0.10596528,0.18098897,0.5256687,-0.068109065,-0.50403064,-0.24071038,0.05989093,0.08671446,-0.1786973,-0.17822671,-0.09571691,0.008126225,0.43458375,0.12138113,0.086609885,-0.11391299,0.34742033,0.10428309,0.13277982,-0.31239665,0.1248844,0.04718505,-0.053886846,0.46694976,0.11677982,-0.20933783,-0.07961234,-0.14648816,-0.16337705,-0.08206985,-0.07391299,0.11243995,-0.09315482,-0.07501103,-0.048344363,-0.14063194,-0.26261887,-0.06742933,0.025224265,0.37335497,0.008805964,0.13173407,0.1547406,0.45304126,-0.11391299,-0.014043709,-0.2566058,0.14553799,-0.020213643,-0.10465809,-0.1025143,-0.23396528,0.2663746,0.015707925,-0.36567768,-0.10533783,-0.28797835,0.5690674,0.15108047,-0.16201757,-0.018645016,0.037354983,0.43458375,-0.22392607,-0.10664502,-0.023664623,0.20247917,-0.21623978,-0.2452071,0.1712112,-0.39752084,-0.17106332,-0.18162541,-0.105442405,0.17293668,-0.33263195,0.17534192,0.13759027,-0.15030515,-0.08912867,0.14877982,-0.09864502,-0.21822672,-0.21514174,-0.0321875,0.18925041,-0.13341627,-0.22774306,0.0023223038,-0.17414829,-0.18868423,0.079864785,-0.40823978,0.31207395,0.08394322,0.084361516,-0.07349469,0.34156415,0.14224388,-0.116109066,0.257538,-0.047716912,-0.079350896,0.481904,0.22245303,0.29680598,0.27662295,0.06637459,0.035838645,0.028675245,0.42151186,-0.32881495,0.012884395,0.15254453,0.12608701,0.36378637,-0.11197835,-0.15271038,-0.13838358,-0.08803064,0.045930147,0.15338112,-0.0161875,0.06140727,0.27447918,-0.03840972,0.17115891,0.18872753,0.12807393,-0.34868422,-0.21739012,0.09393015,-0.07595221,0.07871446,-0.2111156,-0.17603064,-0.016239788,0.20227002,-0.14476267,0.27667525,-0.24782148,-0.25054044,0.020413807,-0.19354698,-0.06178227,-0.030932598,-0.06722018,-0.08478881,-0.26486725,0.26710662,-0.2696777,-0.0721875,0.009224265,0.2352112,-0.042488154,-0.008762663,-0.2730241,-0.25718096,0.10219158,-0.23161234,-0.109939136,-0.3210241,0.24462296,0.047498774,0.06491054,0.0043615196,0.27040073,0.07568178,-0.0048933825,-0.10267116,-0.053729985,-0.00081495097,-0.017390115,0.23228309,0.2284661,-0.036109067,0.1973027,-0.016396651,-0.13665809,0.08681904,-0.02957312,0.029354984,-0.026435865,0.04802165,-0.1753509,0.062819034,0.15040073,-0.29597834,0.0058255717,0.12509355,0.11427002,-0.33550775,-0.26429206,-0.3349849,-0.2090241,0.08483211,0.23008701,0.08938113,-0.052684233,0.2548713,-0.1252594,-0.19485417,0.1593942,0.09121119,0.19657066,-0.0566058,-0.41806984,-0.026226716,-0.19788684,0.2499563,-0.06047508,-0.2927888,0.19149877,-0.02225286,-0.27396527,-0.26899797,-0.4161875,-0.13890645,-0.16912867,-0.053939134,0.041015115,-0.05226593,0.10125041,0.3588713,-0.21378227,0.09283211,0.2086491,-0.3362921,-0.08991299,-0.33090645,-0.0490241,-0.015612337,-0.31323326,0.05387786,-0.034069855,-0.06178227,0.09152492,-0.19380842,0.15547264,-0.1643705,-0.097390115,-0.3568411,0.04760335,-0.05728554,-0.113180965,-0.14789993,0.06328963,0.17513277,-0.16112867,0.059995506,0.25921118,-0.002801879,-0.09169077,0.34778637,0.1867406,0.2229236,0.021250408,0.21440074,-0.018906454,0.002792892,-0.026906455,-0.0021744282,0.38726348,-0.20118096,0.14349878,0.08101512,0.07087132,-0.12980841,-0.102252856,0.21774714,-0.22167769,-0.086095996,-0.20750776,-0.012370506,-0.10010907,0.12969485,-0.046252858,0.086243875,-0.019899918,-0.1564228,0.07102819,0.27411315,0.20038766,-0.056396652,-0.060265932,0.08101512,0.23024388,-0.110566586,0.34904125,-0.06340319,0.20164256,-0.02894567,-0.016030638,0.017799428,0.22302818,-0.23239665,0.0747406,0.17272753,-0.047455475,-0.048658088,-0.310096,0.22349878,-0.060161356,0.08959028,0.03526348,-0.19835743,-0.043952204,-0.012631944,0.060727533,-0.038618874,0.17419158,0.10208701,-0.17927247,0.056178514,0.059211195,-0.23454045,-0.13927247,-0.21446201,0.03698897,0.17513277,-0.24170384,-0.09472345,0.12159028,-0.069991425,-0.059586193,-0.14972998,0.045721,0.43756413,0.10836152,0.009485703,0.03824387,0.15610008,-0.0048933825,0.04305433,0.0034726306,-0.39035743,0.28253144,-0.25571692,0.035106618,-0.21864502,-0.06476267,0.20300204,0.41466218,-0.020527368,0.19071446,-0.16787377,-0.16097182,0.057171978,-0.21493259,-0.040135212,0.23934191,0.15447916,-0.22403064,0.18694976,0.25800857,0.030400734,0.20059681,-0.18047509,0.23406087,-0.1357692,0.2183746,0.08749878,0.04566871,0.012884395,-0.14052737,0.12577328,0.2727537,0.17947263,-0.09665809,-0.19793913,0.14778635,0.4801785,0.026688317,-0.3454947,-0.053468544,0.08776021,0.35714585,0.0381393,0.04258374,-0.04975613,-0.21257965,-0.08588684,-0.21597835,0.380989,-0.05963848,-0.113546975,0.3723615,-0.12954697,-0.0477692,0.017381128,-0.023350898,0.008387663,0.18940727,0.016230801,0.07489747,0.18407394,-0.0726058,0.05277982,-0.1652071,-0.12724632,-0.004527369,0.059838645,0.11379943,-0.10308946,-0.2734947,-0.1370764,0.2743223,0.15353799,0.081171975,0.22898898,0.09863603,-0.10952083,0.017694853,-0.008292075,-0.0048933825,0.30783865,0.06057067,0.2533027,0.035211194,0.06292361,0.32922426,0.08969485,0.035106618,0.20786479,0.07876675,-0.36541626,0.31149876,0.23542035,0.2107929,0.0065575982,-0.037259396,-0.17603064,0.28483212,-0.036213644,0.020622957,0.08953799,-0.24008292,0.17162949,-0.12782149,-0.23898488,0.0009628268,-0.056344364,0.11285825,-0.13733783,-0.13179535,-0.14256659,0.09053145,-0.07631822,-0.1946973,0.049694855,0.2494857,-0.04578227,-0.06784763,0.07489747,-0.07156005,-0.18172999,-0.214096,0.32817852,-0.08724632,-0.05989992,0.04885825,0.114688314,0.14208701,0.2419563,0.16582558,-0.030200573,0.19327655,0.15908048,-0.053102534,-0.3968411,-0.10528554,0.07960335,-0.16029207,0.2550282,0.17042688,0.20101511,0.058113154,0.14015236,0.057433415,0.0078125,0.003315768,-0.05357312,-0.21195221,0.32127655,0.08566871,-0.2448411,0.21586479,-0.2898607,0.12885825,-0.24750777,-0.12996528,-0.1749326,-0.354645,-0.102566585,-0.07223979,-0.20322017,0.004204657,0.048335377,-0.34617442,-0.04322018,-0.04274959,0.17434844,0.04828309,0.27406088,0.13612622,0.16430923,-0.21514174,0.13800858,0.31406087,-0.008292075,-0.017599264,0.06590401,-0.07244894,0.011890931,0.13701512,-0.09184763,0.10684518,0.11427002,0.015917076,-0.11197835,-0.03631822,0.13393015,0.19087133,-0.19752084,0.25304127,0.33126348,-0.5303313,-0.22214828,0.29393014,0.3311066,-0.03459273,-0.26063195,0.28342035,-0.18089338,-0.24614829,-0.28588685,-0.17974305,-0.41111562,0.44389093,0.063080475,-0.014984885,0.08138113,-0.12489338,0.028518382,-0.17221364,0.21314584,-0.2775731,0.048962828,0.09727655,0.33319813,0.14647916,-0.26727247,0.076936685,-0.2595339,0.3598125,0.11829616,0.2638648,0.012988971,-0.004684232,0.08749878,-0.5884751,-0.1993509,-0.19156004,-0.04337704,0.08540727,-0.24965155,0.14663602,0.23803473,-0.09477574,0.0001262255,-0.3105143,-0.1050241,-0.17461887,-0.054932598,0.10726348,0.06621773,0.21638766,0.24347264,0.10119812,-0.05289338,-0.039873775,-0.13676266,0.08059681,-0.27417442,-0.026906455,0.0036294935,-0.0075077615,0.17827001,-0.1437692,-0.26314175,-0.13989992,-0.0961875,-0.14905025,-0.3719522,0.1614857,0.09157721,0.1527014,0.121433415,-0.094828025,-0.111873776,-0.28593913,-0.02784763,0.056805965,-0.11637051,0.0050935457,0.07698897,0.23557721,-0.17989992,0.102139294,0.33659682,-0.09571691,-0.07014828,0.032230802,-0.05033129,0.17314583,0.13152492,0.18857066,-0.22580841,0.106583744,0.12645303,0.0962308,-0.22471038,0.2962831,0.080805965,0.10412622,-0.20416136,0.038609885,-0.19433129,-0.33263195,-0.15333782,-0.08478881,-0.022566585,0.273904,-0.1075339,-0.22805679,0.17131577,0.12122426,0.050897468,-0.18240972,-0.011952206,0.017171977,0.02857067,-0.20808293,0.30266216,-0.07417443,0.31908047,-0.044841096,-0.14821364,0.13000858,-0.072553515,0.3244138,0.13602164,0.374087,-0.092265934,-0.008239788,-0.031246323,-0.06784763,-0.1749326,0.003943219,0.13753799,0.03160335,0.06224387,-0.06397835,-0.06559926,0.20138113,0.00023080065,-0.046357434,0.018740604,-0.31375614,0.085041255,0.023028186,-0.096501224,0.257904,0.06140727,-0.0826973,0.22893669,-0.14016135,-0.26894566,0.1854857,-0.023089461,-0.04410907,-0.027063318,-0.0035339051,-0.02136397,0.106583744,-0.027690768,-0.174462,0.117877856,-0.16844894,0.16943341,0.37952492,0.0031066176,0.035890933,-0.028631944,-0.16954698,0.09732884,0.18783864,-0.13142933,-0.09205678,-0.1008411,-0.9234293,0.040596813,-0.60468423,-1.9067496,0.83087134,0.22700204,0.10679289,-0.9096254,0.9951589,0.22360335,-0.29059273,0.16875368,1.3080478,0.62532884,0.9397864,-0.18978228,0.6283615,0.8637079,0.42867523,0.1559955,-0.1967888,-0.4566058,-0.32494566,-0.9949064,-0.51495874,0.21732885,1.0360478,0.3059563,0.5092504,0.1425053,-0.31056657,-0.8046842,-0.5016254,-0.1896777,0.8408583,-0.84593916,0.22062296,-1.0325536,-0.49556005,-0.44044894,-0.25801757,-0.1121875,-0.43610907,0.87191707,0.1134857,-0.4489718,0.3003615,-0.6322921,-0.67156005,-0.40499794,0.6449367,-0.25681496,0.067577206,0.5030282,-0.03150776,-0.5239522,-0.67788684,-0.53017443,0.7716295,-0.46993914,0.0414857,-0.071298614,-0.3496254,0.58668834,-0.15731168,-0.27014828,-0.4684228,-0.17686723,0.6087537,-0.15323325,-0.92322016,-0.6054686,0.2625576,-0.15234436,-0.065546975,0.70182556,0.91029614,-0.5728934,-0.24405678,0.23353799,0.15484518,-0.13765155,0.15385172,-0.12044894,0.61800855,0.4058256,-0.60881495,0.12472753,0.05016544,-0.689913,0.11803472,0.037982434,-0.25686723,0.22438766,-0.35030514,-0.25043586,0.15463603,0.6493288,0.23134191,0.47003472,-0.026017565,-0.0035339051,0.558453,-0.6045796,-0.32583457,-0.14591299,-0.6882921,0.39808702,0.37957722,-0.22591299,0.46328962,-0.2562398,0.25633538,-0.07924632,-0.04578227,0.6295641,0.4407014,-0.53257966,-0.38094568,-0.017128676,-0.50288033,-0.33639666,0.05298897,0.56462294,-0.5719522,0.054609887,
0,0,0,0,0,0,0,0,0,0,0,0,0,0,0,0,0,0,0,0,0,1,0,1,1,0,0,0,0,0,0,0,0,0,0,0,0,0,0,0,0,0,0,0,0,0,0,0,0,0,0,0,0,0,0,0,0,0,0,0,0,0,0,0,0,0,0,0,0,0,0,0,0,1,0,0,0,0,0,0,0,0,0,0,0,0,0,0,0,0,0,0,0,0,0,0,0,0,0,0,0,0,0,0,0,0,0,0,0,0,0,0,0,0,0,0,0,0,0,0,0,0,0,0,0,0,0,0,0,0,0,0,0,0,0,0,0,0,0,0,0,0,0,0,0,0,0,0,0,0,0,0,0,0,0,0,0,0,0,0,0,0,0,0,0,0,0,0,0,0,0,0,0,0,0,0,0,0,0,0,0,0,0,0,0,0,0,0,0,0,0,0,0,0,0,0,0,0,0,0,0,0,0,0,0,0,0,0,0,0,0,0,0,0,0,0,0,0,0,0,0,0,0,0,0,0,0,0,0,0,0,0,0,0,0,0,0,0,0,0,0,0,0,0,0,0,0,0,0,0,0,0,0,0,0,0,0,0,0,0,0,0,0,0,0,0,0,0,0,0,0,0,0,0,0,0,0,0,0,0,0,0,0,0,0,0,0,0,0,0,0,0,0,0,0,0,0,0,0,0,0,0,0,0,0,0,0,0,0,0,0,0,0,0,0,0,0,0,0,0,0,0,0,0,0,0,0,0,0,0,0,0,0,0,0,0,0,0,0,0,0,0,0,0,0,0,0,0,0,0,0,0,0,0,0,0,0,0,0,0,0,0,0,0,0,0,0,0,0,0,0,0,0,0,0,0,0,0,0,0,0,0,0,0,0,0,0,0,0,0,0,0,0,0,0,0,0,0,0,0,0,0,0,0,0,0,0,0,0,0,0,0,0,0,0,0,0,0,0,0,0,0,0,0,0,0,0,0,0,0,0,0,0,0,0,0,0,0,0,0,0,0,0,0,0,0,0,0,0,0,0,0,0,0,0,0,0,0,0,0,0,0,0,0,0,0,0,0,0,0,0,0,0,0,0,0,0,0,0,0,0,0,0,0,0,0,0,0,0,0,0,0,0,0,0,0,0,0,0,0,0,0,0,0,0,0,0,0,0,0,0,0,0,0,0,0,0,0,0,0,0,0,0,0,0,0,0,0,0,0,0,0,0,0,0,0,0,0,0,0,0,0,0,0,0,0,0,0,0,0,0,0,0,0,1,0,0,0,0,0,0,0,0,0,0,0,0,0,0,0,0,0,0,0,0,0,0,0,0,0,0,0,0,0,0,0,0,0,0,0,0,0,0,0,0,0,0,0,0,0,0,0,0,0,0,0,0,0,0,0,0,0,0,0,0,0,0,0,0,0,0,0,0,0,0,0,0,0,0,0,0,0,0,0,0,0,0,0,0,0,0,0,0,0,0,0,0,0,0,0,0,0,0,0,0,0,0,0,0,0,0,0,0,0,0,0,0,0,0,0,0,0,0,0,0,0,0,0,0,0,0,0,0,0,0,0,0,0,0,0,0,0,0,0,0,0,0,0,0,0,0,0,0,0,0,0,0,0,0,0,0,0,0,0,0,0,0,0,0,0,0,0,0,0,0,0,0,0,0,0,0,0,0,0,0,0,0,0,0,0,0,0,0,0,0,0,0,0,0,0,0,0,0,0,0,0,0,0,0,0,0,0,0,0,0,0,0,0,0,0,0,0,0,0,0,0,0,0,0,0,0,0,0,0,0,0,1,0,0,0,0,0,0,0,0,0,0,0,0,0,0,0,0,0,0,0,0,0,0,0,0,0,0,0,0,0,0,0,0,0,0,0,0,0,0,0,0,0,0,0,0,0,0,0,0,0,0,0,0,0,0,0,0,0,0,0,0,0,0,0,0,0,0,0,0,0,0,0,0,0,0,0,0,0,0,0,0,0,0,0,0,0,0,0,0,0,0,0,0,0,0,0,0,0,0,0,0,0,0,0,0,0,0,0,0,0,0,0,0,0,0,0,0,0,0,0,0,0,0,0,0,0,0,0,0,0,0,0,0,0,0,0,0,0,0,0,0,0,0,0,0,0,0,0,0,0,0,0,0,0,0,0,0,0,0,0,0,0,0,0,0,0,0,0,0,0,0,0,0,0,0,0,0,0,0,0,0,0,0,0,0,0,0,0,0,0,0,0,0,0,0,0,0,0,0,0,0,0,0,0,0,0,0,0,0,0,0,0,0,0,0,0,0,0,0,0,0,0,0,0,0,0,0,0,0,0,0,0,0,0,0,0,0,0,0,0,0,0,0,0,0,0,0,0,0,0,0,0,0,0,0,0,0,0,0,0,0,0,0,0,0,0,0,0,0,0,0,0,0,0,0,0,0,0,0,0,0,0,0,0,0,0,0,0,0,0,0,0,0,0,0,0,0,0,0,0,0,0,0,0,0,0,0,0,0,0,0,0,0,0,0,0,0,0,0,0,0,0,0,0,0,0,0,0,0,0,0,0,0,0,0,0,0,0,0,0,0,0,0,0,0,0,0,0,0,0,0,0,0,0,0,0,0,0,0,0,0,0,0,0,0,0,0,0,0,0,0,0,0,0,0,0,0,0,0,0,0,0,0,0,0,0,0,0,0,0,0,0,0,0,0,0,0,0,0,0,0,0,0,0,0,0,0,0,0,0,0,0,0,0,0,0,0,0,0,0,0,0,0,0,0,0,0,0,0,0,0,0,0,0,0,0,0,0,0,0,0,0,0,0,0,0,0,0,0,0,0,0,0,0,0,0,0,0,0,0,0,0,0,0,0,0,0,0,0,0,0,0,0,0,0,0,0,0,0,0,0,0,0,0,0,0,0,0,0,0,0,0,0,0,0,0,0,0,0,0,0,0,0,0,0,0,0,0,0,0,0,0,0,0,0,0,0,0,0,0,0,0,0,0,0,0,0,0,0,0,0,0,0,0,0,0,0,0,0,0,0,0,0,0,0,0,0,0,0,0,0,0,0,0,0,0,0,0,0,0,0,0,0,0,0,0,0,0,0,0,0,0,0,0,0,0,0,0,0,0,0,0,0,0,0,0,0,0,0,0,0,0,0,0,0,0,0,0,0,0,0,0,0,0,0,0,0,0,0,0,0,0,0,0,0,0,0,0,0,0,0,0,0,0,0,0,0,0,0,0,0,0,0,0,0,0,0,0,0,0,0,0,0,0,0,0,0,0,0,0,0,0,0,0,0,0,0,0,0,0,0,0,0,0,0,0,0,0,0,0,0,0,0,0,0,0,0,0,0,0,0,0,0,0,0,0,0,0,0,0,0,0,0,0,0,0,0,0,0,0,0,0,0,0,0,0,0,0,0,0,0,0,0,0,0,0,0,0,0,0,0,0,0,0,0,0,0,0,0,0,0,0,0,0,0,0,0,0,0,0,0,0,0,0,0,0,0,0,0,0,0,0,0,0,0,0,0,0,0,0,0,0,0,0,0,0,0,0,0,0,0,0,0,0,0,0,0,0,0,0,0,0,0,0,0,0,0,0,0,0,0,0,0,0,0,0,0,0,0,0,0,0,0,0,0,0,0,0,0,0,0,0,0,0,0,0,0,0,0,0,0,0,0,0,0,0,0,0,0,0,0,0,0,0,0,0,0,0,0,0,0,0,0,0,0,0,0,0,0,0,0,0,0,0,0,0,0,0,0,0,0,0,0,0,0,0,0,0,0,0,0,0,0,0,0,0,0,0,0,0,0,0,0,0,0,0,0,0,0,0,0,0,0,0,0,0,0,0,0,0,0,0,0,0,0,0,0,0,0,0,0,0,0,0,0,0,0,0,0,0,0,0,0,0,0,0,0,0,0,0,0,0,0,0,0,0,0,0,0,0,0,0,0,0,0,0,0,0,0,0,0,0,0,0,0,0,0,0,0,0,0,0,0,0,0,0,0,0,0,0,0,0,0,0,0,0,0,0,0,0,0,0,0,0,0,0,0,0,0,0,0,0,0,0,0,0,0,0,0,0,0,0,0,0,0,0,0,0,0,0,0,0,0,0,0,0,0,0,0,0,0,0,0,0,0,0,0,0,0,0,0,0,0,0,0,0,0,0,0,0,0,0,0,0,0,0,0,0,0,0,0,0,0,0,0,0,0,0,0,0,0,0,0,0,0,0,0,0,0,0,0,0,0,0,0,0,0,0,0,0,0,0,0,0,0,0,0,0,0,0,0,0,0,0,0,0,0,0,0,0,0,0,0,0,0,0,0,0,0,0,0,0,0,0,0,0,0,0,0,0,0,0,0,0,0,0,0,0,0,0,0,0,0,0,0,0,0,0,0,0,0,0,0,0,0,0,0,0,0,0,0,0,0,0,0,0,0,0,0,0,0,0,0,0,0,0,0,0,0,0,0,0,0,0,0,0,0,0,0,0,0,0,0,0,0,0,0,0,0,0,0,0,0,0,0,0,0,0,0,0,0,0,0,0,0,0,0,0,0,0,0,0,0,0,0,0,0,0,0,0,0,0,0,0,0,0,0,0,0,0,0,0,0,0,0,0,0,0,0,0,0,0,0,0,0,0,0,0,0,0,0,0,0,0,0,0,0,0,0,0,0,0,0,0,0,0,0,0,0,0,0,0,0,0,0,0,0,0,0,0,0,0,0,0,0,0,0,0,0,0,0,0,0,0,0,0,0,0,0,0,0,0,0,0,0,0,0,0,0,0,0,0,0,0,0,0,0,0,0,0,0,0,0,0,0,0,0,0,0,0,0,0,0,0,0,0,0,0,0,0,0,0,0,0,0,0,0,0,0,0,0,0,0,0,0,0,0,0,0,0,0,0,0,0,0,0,0,0,0,0,0,0,0,0,0,0,0,0,0,0,0,0,0,0,0,0,0,0,0,0,0,0,0,0,0,0,0,0,0,0,0,0,0,0,0,0,0,0,0,0,0,0,0,0,0,0,0,0,0,0,0,0,0,0,0,0,0,0,0,0,0,0,0,0,0,0,0,0,0,0,0,0,0,0,0,0,0,0,0,0,0,0,0,0,0,0,0,0,0,0,0,0,0,0,0,0,0,0,0,0,0,0,0,0,0,0,0,0,0,0,0,0,0,0,0,0,0,0,0,0,0,0,0,0,0,0,0,0,0,0,0,0,0,0,0,0,0,0,0,0,0,0,0,0,0,0,0,0,0,0,0,0,0,0,0,0,0,0,0,0,0,0,0,0,0,0,0,0,0,0,0,0,0,0,0,0,0,0,0,0,0,0,0,0,0,0,0,0,0,0,0,0,0,0,0,0,0,0,0,0,0,0,0,0,0,0,0,0,0,0,0,0,0,0,0,0,0,0,0,0,0,0,0,0,0,0,0,0,0,0,0,0,0,0,0,0,0,0,0,0,0,0,0,0,0,0,0,0,0,0,0,0,0,0,0,0,0,0,0,0,0,0,0,0,0,0,0,0,0,0,0,0,0,0,0,0,0,0,0,0,0,0,0,0,0,0,0,0,0,0,0,0,0,0,0,0,0,0,0,0,0,0,0,0,0,0,0,0,0,0,0,0,0,0,0,0,0,0,0,0,0,0,0,0,0,0,0,0,0,0,0,0,0,0,0,0,0,0,0,0,0,0,0,0,0,0,0,0,0,0,0,0,0,0,0,0,0,0,0,0,0,0,0,0,0,0,0,0,0,0,0,0,0,0,0,0,0,0,0,0,0,0,0,0,0,0,0,0,0,0,0,0,0,0,0,0,0,0,0,0,0,0,0,0,0,0,0,0,0,0,0,0,0,0,0,0,0,0,0,0,0,0,0,0,0,0,0,0,0,0,0,0,0,0,0,0,0,0,0,0,0,0,0,0,0,0,0,0,0,0,0,0,0,0,0,0,0,0,0,0,0,0,0,0,0,0,0,0,0,0,0,0,0,0,0,0,0,0,0,0,0,0,0,0,0,0,0,0,0,0,0,0,0,0,0,0,0,0,0,0,0,0,0,0,0,0,0,0,0,0,0,0,0,0,0,0,0,0,0,0,0,0,0,0,0,0,0,0,0,0,0,0,0,0,0,0,0,0,0,0,0,0,0,0,0,0,0,0,0,0,0,0,0,0,0,0,0,0,0,0,0,0,0,0,0,0,0,0,0,0,0,0,0,0,0,0,0,0,0,0,0,0,0,0,0,0,0,0,0,0,0,0,0,0,0,0,0,0,0,0,0,0,0,0,0,0,0,0,0,0,0,0,0,0,0,0,0,0,0,0,0,0,0,0,0,0,0,0,0,0,0,0,0,0,0,0,0,0,0,0,0,0,0,0,0,0,0,0,0,0,0,0,0,0,0,0,0,0,0,0,0,0,0,0,0,0,0,0,0,0,0,0,0,0,0,0,0,0,0,0,0,0,0,0,0,0,0,0,0,0,0,0,0,0,0,0,0,0,0,0,0,0,0,0,0,0,0,0,0,0,0,0,0,0,0,0,0,0,0,0,0,0,0,0,0,0,0,0,0,0,0,0,0,0,0,0,0,0,0,0,0,0,0,0,0,0,0,0,0,0,0,0,0,0,0,0,0,0,0,0,0,0,0,0,0,0,0,0,0,0,0,0,0,0,0,0,0,0,0,0,0,0,0,0,0,0,0,0,0,0,0,0,0,0,0,0,0,0,0,0,0,0,0,0,0,0,0,0,0,0,0,0,0,0,0,0,0,0,0,0,0,0,0,0,0,0,0,0,0,0,0,0,0,0,0,0,0,0,0,0,0,0,0,0,0,0,0,0,0,0,0,0,0,0,0,0,0,0,0,0,0,0,0,0,0,0,0,0,0,0,0,0,0,0,0,0,0,0,0,0,0,0,0,0,0,0,0,0,0,0,0,0,0,0,0,0,0,0,0,0,0,0,0,0,0,0,0,0,0,0,0,0,0,0,0,0,0,0,0,0,0,0,0,0,0,0,0,0,0,0,0,0,0,0,0,0,0,0,0,0,0,0,0,0,0,0,0,0,0,0,0,0,0,0,0,0,0,0,0,0,0,0,0,0,0,0,0,0,0,0,0,0,0,0,0,0,0,0,0,0,0,0,0,0,0,0,0,0,0,0,0,0,0,0,0,0,0,0,0,0,0,0,0,0,0,0,0,0,0,0,0,0,0,0,0,0,0,0,0,0,0,0,0,0,0,0,0,0,0,0,0,0,0,0,0,0,0,0,0,0,0,0,0,0,0,0,0,0,0,0,0,0,0,0,0,0,0,0,0,0,0,0,0,0,0,0,0,0,0,0,0,0,0,0,0,0,0,0,0,0,0,0,0,0,0,0,0,0,0,0,0,0,0,0,0,0,0,0,0,0,0,0,0,0,0,0,0,0,0,0,0,0,0,0,0,0,0,0,0,0,0,0,0,0,0,0,0,0,0,0,0,0,0,0,0,0,0,0,0,0,0,0,0,0,0,0,0,0,0,0,0,0,0,0,0,0,0,0,0,0,0,0,0,0,0,0,0,0,0,0,0,0,0,0,0,0,0,0,0,0,0,0,0,0,0,0,0,0,0,0,0,0,0,0,0,0,0,0,0,0,0,0,0,0,0,0,0,0,0,0,0,0,0,0,0,0,0,0,0,0,0,0,0,0,0,0,0,0,0,0,0,0,0,0,0,0,0,0,0,0,0,0,0,0,0,0,0,0,0,0,0,0,0,0,0,0,0,0,0,0,0,0,0,0,0,0,0,0,0,0,0,0,0,0,0,0,0,0,0,0,0,0,0,0,0,0,0,0,0,0,0,0,0,0,0,0,0,0,0,0,0,0,0,0,0,0,0,0,0,0,0,0,0,0,0,0,0,0,0,0,0,0,0,0,0,0,0,0,0,0,0,0,0,0,0,0,0,0,0,0,0,0,0,0,0,0,0,0,0,0,0,0,0,0,0,0,0,0,0,0,0,0,0,0,0,0,0,0,0,0,0,0,0,0,0,0,0,0,0,0,0,0,0,0,0,0,0,0,0,0,0,0,0,0,0,0,0,0,0,0,0,0,0,0,0,0,0,0,0,0,0,0,0,0,0,0,0,0,0,0,0,0,0,0,0,0,0,0,0,0,0,0,0,0,0,0,0,0,0,0,0,0,0,0,0,0,0,0,0,0,0,0,0,0,0,0,0,0,0,0,0,0,0,0,0,0,0,0,0,0,0,0,0,0,0,0,0,0,0,0,0,0,0,0,0,0,0,0,0,0,0,0,0,0,0,0,0,0,0,0,0,0,0,0,0,0,0,0,0,0,0,0,0,0,0,0,0,0,0,0,0,0,0,0,0,0,0,0,0,0,0,0,0,0,0,0,0,0,0,0,0,0,0,0,0,0,0,0,0,0,0,0,0,0,0,0,0,0,0,0,0,0,0,0,0,0,0,0,0,0,0,0,0,0,0,0,0,0,0,0,0,0,0,0,0,0,0,0,0,0,0,0,0,0,0,0,0,0,0,0,0,0,0,0,0,0,0,0,0,0,0,0,0,0,0,0,0,0,0,0,0,0,0,0,0,0,0,0,0,0,0,0,0,0,0,0,0,0,0,0,0,0,0,0,0,0,0,0,0,0,0,0,0,0,0,0,0,0,0,0,0,0,0,0,0,0,0,0,0,0,0,0,0,0,0,0,0,0,0,0,0,0,0,0,0,0,0,0,0,0,0,0,0,0,0,0,0,0,0,0,0,0,0,0,0,0,-0.10742933,0.6596818,-0.75485414,-0.25122017,0.5947406,0.6174857,-0.70141625,-0.0717692,1.2021132,-0.62031823,0.2887014,0.20551185,-1.0836384,0.65889746,-0.48541626,-0.17812215,0.37952492,-1.0492855,-1.023351,0.034165442,-0.45796528,-1.0907496,0.14182557,-1.1540176,-0.66324633,-0.26188684,-0.56473655,-0.10308946,-0.78439665,-1.0998999,0.08378635,0.01926348,0.477721,-0.46005678,-0.79072344,-0.032553513,-0.52557313,-0.19950776,-0.614096,-0.112553515,0.24880597,0.2309759,0.12185171,-0.7982529,0.1593942,-0.22063194,0.30276674,-0.13001756,-0.5585143,0.8768321,-0.6031156,0.16300204,-0.34910253,0.182087,0.14360335,-0.7577823,0.8684138,0.17732884,0.3319432,-0.26476267,-0.21963848,-0.3648411,0.0072373366,-0.27438357,-0.5559522,0.061877858,-0.16808292,-1.0196385,0.66449225,0.29382557,0.69523734,0.1749759,-0.14481495,0.23238766,-0.23124632,0.78496283,-0.6831156,-0.57278883,0.0414857,-0.572998,-0.0401875,-0.6452071,-0.06099796,-0.87788683,-0.23276266,-0.338645,0.494453,0.16681904,-0.46094567,-1.2163967,0.23934191,-0.55025285,-0.20201756,-0.3453901,-0.61341625,-0.17550775,-0.37529862,-0.31359926,-0.65216136,-0.25503716,0.37973407,-0.49608293,-0.6486581,-0.15229207,0.33356413,-0.21571691,-0.49854043,-0.15992606,-0.21843587,-0.12112868,0.29816544,0.19986479,0.038662173,0.19311969,-0.3151679,-0.34737703,-0.29153392,-0.25880188,0.3859563,-0.0056254086,-0.6716646,0.19819158,-0.70476264,0.070453025,0.2957079,-0.33691952,0.7687014,0.09534191,0.084309235,0.26245302,-0.45305026,-0.03903717,0.48713276,-0.13969077,0.010479167,-0.42952085,-0.5594032,0.4995772,0.14773408,-0.5632725,-0.19077574,-0.23872344,0.04504126,0.38224387,-0.046305146,-0.015664624,-0.1795339,-0.37723324,-0.058906455,-0.15140319,0.28932884,-0.122488156,0.44263604,0.09926348,0.2743746,0.2626099,0.30653146,0.16028309,-0.02507639,-0.12876266,0.22621773,-0.5505143,-0.6015993,-0.16463195,-0.1799522,0.06543341,0.19672753,0.39552492,-0.10690645,-0.018174428,-0.13101102,0.17089747,-0.48180842,0.0103223035,-0.15349469,0.016858252,-0.21697181,-0.20698489,0.29811317,0.27411315,-0.10073652,0.28802165,0.38208702,0.13502818,0.62187785,0.6234988,0.3792112,-0.5589849,0.06642688,-0.15522018,0.74747264,0.58642685,0.102714464,0.85053146,0.09691054,-0.09759927,0.12603472,0.18768178,-0.26952082,-0.27156004,-0.12886724,0.29816544,0.0015902778,0.10156413,0.51364255,0.2296687,-0.15454043,0.3493027,-0.56703717,-0.3079522,-0.49979535,0.22851838,-0.3500437,0.341721,0.010531454,0.62245303,-0.58057964,-0.41414827,0.04477982,0.09387786,-0.07694567,-0.2153509,0.390087,0.55583864,0.003838644,-0.2986973,0.7491458,0.23364256,0.09738113,-0.28071037,-0.12327246,-0.55584764,-0.81979537,-0.2439522,0.5518648,0.22543341,0.653721,-0.51208293,-0.3917692,0.23338112,-0.010592729,0.09711969,0.2764661,-0.07333782,0.095289625,0.026113154,-0.69639665,-0.5227496,0.30951184,-0.47004372,-0.32175612,-0.5547496,-0.18643586,0.21042688,0.185904,-0.043795343,0.14705433,-0.6723444,0.5109236,-0.15903717,-0.35140318,0.07976021,0.42569485,0.05387786,0.80849224,0.21649224,-0.7059653,0.026270017,-0.09006985,-0.27589992,-0.28954697,0.0701393,-0.17498489,0.5021393,0.039080475,0.08279289,-0.30434436,0.43442687,0.22093669,0.25110662,-0.120605804,0.6401262,-0.7748803,-0.57393914,-0.4730764,0.72279286,-0.038095996,-0.24259272,-0.2187496,0.27406088,0.18783864,-0.32975614,-0.07945547,-0.32003063,0.13910662,-0.57163846,0.3601785,0.033485703,0.04263603,-0.23223978,-0.20426594,-0.26073653,0.3522308,0.14198244,-0.076422796,-0.24829207,-0.41210908,0.1825576,-0.64369076,-0.17733783,-0.09733783,-0.41383457,0.04007394,-0.29697183,-0.5163182,0.4869236,-0.34816137,-0.023403186,-0.20871037,0.7124922,-0.51291955,0.22114584,-0.027743056,-0.11924633,0.30292362,0.48927656,-0.55542934,-0.1479522,-0.007298611,0.09251838,-0.22099796,-0.063246325,-0.18068424,0.42747262,0.091420345,0.23458374,-0.4219914,0.4755772,-0.00023978758,0.23134191,0.1269236,-0.21137704,0.0890674,-0.053991422,-0.014880311,-0.306645,-0.43731168,-0.034697305,0.003315768,0.533355,-0.12306332,-0.37388685,0.39751184,0.05691054,-0.40400448,0.20227002,-0.5040829,-0.4966058,0.02077982,0.12509355,-0.16651429,-0.5249457,0.116518386,-0.2195862,-0.09524632,-0.09759927,-0.034435865,-0.030775735,-0.1117692,0.082740605,-0.19814828,0.24676675,0.052413806,-0.29346853,-0.3274032,0.28091055,0.102034725,0.6332766,-0.38706332,-0.20541626,-0.110566586,-0.31637052,-0.2768411,0.3893027,0.049904004,0.47243994,-0.5534947,-0.13456659,-0.3318999,-0.07992606,0.025433416,0.074322306,-0.10659273,0.35113275,0.17366871,0.21487132,0.21654452,0.3045968,-0.13561234,-0.090958744,0.07604779,-0.34915483,-0.3260437,-0.19276266,0.08551185,0.101773284,0.3724138,0.58198243,-0.44071037,0.12582557,-0.3407888,-0.08489338,-0.017965278,-0.36714175,-0.032919526,0.16770792,-0.63924634,0.019734068,0.1311589,0.5858517,0.4187929,-0.44871038,-0.03757312,-0.44557312,0.33774713,0.37596935,-0.16389991,-0.4439522,0.26025695,0.37936807,-0.25399143,-0.098017566,-0.17341626,-0.11631822,-0.11276266,-0.020841096,0.04091054,0.33858374,0.043158904,0.32974714,-0.24400449,0.14260988,0.05863603,-0.25671038,0.015028186,-0.18554698,-0.09895874,-0.18099795,0.37989092,-0.16756006,0.22794321,-0.12520711,-0.29901102,-0.5045535,-0.5344097,0.047864787,-0.097756125,-0.47061887,0.07118505,-0.18115482,0.550453,-0.10152084,0.25272754,0.060047794,0.34684518,-0.34105024,0.43489745,0.08101512,-0.13069731,-0.19631822,0.51636153,0.30579942,-0.47417444,0.083734065,0.0139301475,0.10794322,0.04870139,-0.3420437,-0.41247508,-0.5483182,-0.0052593956,0.20791708,0.3648321,0.60634845,0.31102818,-0.39987376,-0.46654046,-0.15213521,-0.3071679,-0.5080045,-0.06068423,-0.08593913,0.16713277,-0.46852738,0.004675245,-0.24494568,0.29973406,-0.057860702,-0.22941625,0.10736805,-0.6797169,0.16179943,0.03029616,-0.3994555,0.26438767,-0.80463195,-0.41435742,-0.19312868,0.061250407,-0.16212215,-0.61284107,-0.69582146,-0.022514297,-0.2680045,0.35725042,-0.11208293,-0.120658085,0.2326491,-0.051063318,0.18977329,-0.69210905,0.10940727,-0.1829326,0.24091054,-0.077416256,-0.49796528,0.17225695,-0.13132475,0.018322304,-0.150096,-0.3315339,0.2756295,0.441904,0.6463485,-0.14643587,-0.35992607,-0.021311684,-0.35501102,-0.5618607,0.14077982,-0.13644893,-0.63595223,-0.2363705,-0.094148286,-0.34031823,0.0045183823,-0.37252736,0.21691054,0.16221772,-0.02789992,-0.48301104,0.10328963,-0.10403064,-0.16593914,0.25319812,-0.41927245,-0.7181483,0.1404661,-0.36871037,-0.31490645,-0.22617443,0.3315772,0.47583863,-0.25665808,-0.17252737,-0.082906455,0.35301512,0.05194322,-0.8065666,-0.18272345,0.3079955,-0.42821366,-0.09974305,0.026688317,-0.0734424,-0.1576777,0.49021772,0.16561642,0.17053145,-0.079350896,0.3341916,-0.18821365,0.21393014,0.086609885,-0.25310254,0.14260988,-0.14105025,0.34627002,0.28959027,-0.2792986,-0.15569077,-0.34225285,-0.20698489,0.092727534,-0.4654424,0.24723734,0.03311969,-0.49524632,-0.060841095,-0.14026593,0.18187787,0.5384269,0.06621773,-0.18423979,0.5646753,-0.6100699,-0.07684109,0.33434844,0.109825574,-0.26057965,-0.28217444,0.149721,-0.08128554,-0.109311685,0.5224792,-0.17414829,0.24096283,0.011368056,0.42114583,0.38731578,0.33042687,0.5518125,0.3152112,0.18344648,-0.012056781,-0.8001875,0.021093545,-0.282279,0.36687133,-0.32259274,-0.31919405,-0.23182149,-0.012161356,-0.45352083,0.3614857,0.77142036,0.28033537,0.065276556,-0.12635744,-0.32698488,0.23364256,0.5039694,-0.25106332,-0.22131169,0.6056687,0.0553942,-0.42131168,-0.18324633,-0.15229207,-0.1046058,-0.05603064,-0.011795343,0.0861393,-0.069416255,0.32342035,-0.050749592,-0.53289336,-0.3197169,0.07479289,0.25884518,0.031446487,0.59400856,0.93053144,0.16979943,-0.066174425,0.35583866,-0.034017567,-0.5905666,0.19928962,-0.37461886,0.3180347,-0.16342933,-0.39375612,0.0023745915,0.38616544,-0.6993247,-0.07715482,-0.30852738,-0.7293901,0.075002044,0.08828309,0.32514584,0.29105434,-0.4329718,-0.07046201,0.07934191,0.018060867,0.71876675,-0.24133782,-0.13880187,0.09325041,-0.46078882,0.11233538,-0.100893386,0.26564255,0.03353799,0.4318125,-0.2927888,-0.42606986,0.16331577,-0.021520833,-0.013468546,0.31949878,0.075368054,-0.021416258,0.23500204,0.16091053,0.07651838,0.03657067,-0.2957169,0.46621773,0.18658374,-0.19950776,-0.0016515523,-0.45221364,0.47202164,0.23275368,-0.3112986,-0.10523325,-0.025180964,0.37094975,-0.22559926,0.52410007,-0.092579655,-0.035481617,0.07542034,0.32300204,-0.12437051,-0.052056782,-0.16421364,-0.70282805,0.40561643,-0.61352086,-0.053886846,0.22093669,-0.12599142,0.15055759,-0.15668423,-0.09848815,0.014557598,-0.4570241,-0.36332476,0.2162308,0.27798244,-0.021677695,0.21105433,-0.061677694,-0.05012214,-0.32238358,-0.44259274,0.15787786,0.270087,0.0045183823,-0.69237053,-0.44055352,0.08059681,0.4461393,0.08279289,-0.33974305,-0.08342933,0.40556413,0.098270014,-0.28808293,-0.22857966,0.3235772,0.12959027,0.07892361,-0.09550776,0.69806087,-0.23495874,0.117564134,-0.2368411,0.23636152,-0.1711156,-0.2250241,0.29006088,0.52593017,-0.029311683,0.13345955,-0.015821487,0.30532885,0.11641381,-0.15480188,-0.08541626,-0.44201756,-0.5286581,-0.38392606,-0.18664502,0.1556295,-0.00342933,0.028047794,0.19568178,-0.028893383,-0.4208411,0.07170793,-0.20552084,-0.017128676,-0.11229207,0.20017852,0.004152369,-0.13336398,0.076309234,0.11343341,-0.16813521,-0.19652736,-0.15265809,-0.28191298,-0.02288031,-0.20295875,-0.18329862,0.05236152,-0.27825287,0.0414857,0.277721,0.24237458,-0.53388685,-0.16123325,0.019943219,0.47986478,0.32096282,0.032753676,0.37989092,0.32132885,0.07698897,-0.08635744,0.11447917,0.18637459,-0.09791299,-0.3833509,-0.16489339,-0.25127247,-0.122488156,0.08268832,0.13204779,0.34825695,0.28258374,0.40017852,-0.00013521242,-0.30946854,0.19599551,0.42705432,-0.07171691,-0.080030635,-0.14539011,-0.37848815,0.011211193,0.19270138,-0.53090644,0.00802165,0.25921118,0.33827,0.36504126,-0.039298613,-0.24980842,-0.06826593,-0.024553513,0.24169485,0.06365564,-0.064501226,0.28091055,-0.041599266,0.2511589,-0.059952207,0.3690674,0.37361643,0.24545956,0.23191707,-0.27956006,0.2862439,-0.008762663,0.34627002,-0.36128554,-0.58915484,0.01084518,-0.16729861,-0.027690768,-0.009494689,0.24200858,0.29659683,-0.23480187,0.0734857,-0.33676267,-0.36327246,0.012518383,-0.039298613,0.20624387,-0.26439664,-0.09074959,-0.062984884,0.04953799,0.19468832,0.19311969,0.23327655,0.27589092,0.15055759,0.006034722,-0.49963847,0.22851838,-0.07684109,0.51291054,-0.06779534,0.22616544,0.012518383,-0.16965155,0.53691053,-0.37556005,0.45147264,-0.26246202,-0.2911156,0.17942034,0.07453145,0.21774714,0.35725042,-0.2642398,-0.050854165,-0.14314175,-0.22952083,-0.026540441,0.07547263,0.13832231,0.043158904,-0.21571691,-0.28677574,-0.0063574347,-0.2865666,0.029250408,-0.054096,0.15657067,0.019106617,-0.3180437,0.35955107,0.1484661,-0.055194035,-0.06732476,-0.22795221,0.010479167,0.07881904,0.22145955,-0.22931169,0.11285825,0.13743341,0.08964256,0.040544525,-0.17127247,-0.24965155,0.11657067,0.33126348,0.05753799,0.35259682,-0.30444893,0.27108046,-0.18826593,-0.062357433,-0.23872344,0.18104126,0.114060864,-0.24991299,0.0034203432,-0.14308946,-0.27804372,0.24232231,-0.17561233,-0.6741744,0.123002045,-0.021520833,0.3033942,0.055760212,0.14658374,0.40755105,-0.1766058,0.020100081,0.19029616,-0.015141749,-0.28285417,0.18370792,0.2149236,-0.19772999,-0.0561875,-0.3399522,-0.19710253,0.1412504,-0.28097183,-0.26115483,-0.06094567,-0.21268423,-0.25854045,0.18579943,-0.25817442,-0.014566585,-0.22852737,-0.4560829,-0.014566585,0.16817851,0.01795629,-0.013416259,0.18559028,-0.10946854,-0.3996646,0.20054452,-0.08886724,-0.3181483,0.1484138,0.46705434,0.17926349,0.099158905,0.00049223856,-0.1509326,-0.122279,-0.25320712,-0.52928555,0.13194323,-0.061886847,-0.06052737,-0.0081875,-0.28212214,-0.46831822,-0.09639665,0.2279955,-0.09498489,0.09806087,0.2633942,0.05126348,0.119864784,0.17596936,-0.85331166,-1.1366059,0.09100204,0.35066217,-0.39156005,0.082060866,-0.07370384,-0.53508943,-0.7134947,-0.11647508,1.0410674,0.5174596,-0.74261886,0.52096283,-0.22010908,0.45272753,0.35118505,-1.3335731,-0.3754032,-0.4443182,0.24964257,-0.3500437,-0.18905024,1.3406752,0.2213027,-0.68044895,-0.050645016,-0.7204489,-0.19359927,0.09356413,-0.0033770425,0.27730268,-0.16661887,-0.44756004,-0.50648814,0.15134192,-0.1281875,1.5400478,-0.24180841,0.68127656,-1.0878738,-0.64829206,-0.394645,-0.42439666,-0.14204371,0.742819,0.74417853,0.05084518,-0.4945666,-0.3428803,-0.90910256,0.13230923,0.18156414,0.10125041,0.8781916,-0.20175613,-0.90842277,-0.4498607,0.05262296,0.051629495,-0.5674555,-0.1711156,-0.24029207,-0.49676266,-0.27145547,0.42909354,0.28723735,-0.23778227,0.09926348,0.023028186,-0.5876908,-0.7985666,0.84498894,-0.9133378,-0.42952085,-0.30518097,-0.17362541,-0.17033128,0.757721,0.72749877,-0.2376777,-0.9714816,-1.0617822,-0.09864502,-0.6989065,0.7735118,0.15484518,-0.17655352,-0.23903717,-0.5989326,0.123368055,1.1010935,-0.2330764,0.8994203,-0.50905025,-0.2094424,-0.19077574,0.6416426,-0.27898487,-0.6443182,0.051368054,-0.91276264,0.0103223035,0.46402165,-0.52039665,0.3998648,0.3614857,0.32342035,0.44870138,-0.22580841,0.60979944,-0.65806985,0.41387784,0.6717079,-0.28280187,-0.5556385,0.28891054,0.33162948,0.07123733,-0.20097181,0.50543344,-0.14554697,0.8995772,-0.34439665,-0.16212215,-0.33237052,-0.5654163,0.22438766,
0,0,0,0,0,0,0,0,1,0,0,0,0,0,0,0,0,0,0,0,0,0,0,0,0,0,0,0,0,0,0,0,0,0,0,0,0,0,0,0,0,0,0,0,0,0,0,0,0,0,0,0,0,0,0,0,0,0,0,0,0,0,0,0,0,0,0,0,0,0,0,0,0,0,0,0,0,0,0,0,0,0,0,0,0,0,0,0,0,0,0,0,0,0,0,0,0,0,0,0,0,0,0,0,0,0,0,0,0,0,0,0,0,0,0,0,0,0,0,0,0,0,0,0,0,0,0,0,0,0,0,0,0,0,0,0,0,0,0,0,0,0,0,0,0,0,0,0,0,0,0,0,0,0,0,0,0,0,0,0,0,0,0,0,0,0,0,0,0,0,0,0,0,0,0,0,0,0,0,0,0,0,0,0,0,0,0,0,0,0,0,0,0,0,0,0,0,0,0,0,0,0,0,0,0,0,0,0,0,0,0,0,0,0,0,0,0,0,0,0,0,0,0,0,0,0,0,0,0,0,0,0,0,0,0,0,0,0,0,0,0,0,0,0,0,0,0,0,0,0,0,0,0,0,0,0,0,0,0,0,0,0,0,0,0,0,0,0,0,0,0,0,0,0,0,0,0,0,0,0,0,0,0,0,0,0,0,0,0,0,0,0,0,0,0,0,0,0,0,0,0,0,0,0,0,0,0,0,0,0,0,0,0,0,0,0,0,0,0,0,0,0,0,0,0,0,0,0,0,0,0,0,0,0,0,0,0,0,0,0,0,0,0,0,0,0,0,0,0,0,0,0,0,0,0,0,0,0,0,0,0,0,0,0,0,0,0,0,0,0,0,0,0,0,0,0,0,0,0,0,0,0,0,0,0,0,0,0,0,0,0,0,0,0,0,0,0,0,0,0,0,0,0,0,0,0,0,0,0,0,0,0,0,0,0,0,0,0,0,0,0,0,0,0,0,0,0,0,0,0,0,0,0,0,0,0,0,0,0,0,0,0,0,0,0,0,0,0,0,0,0,0,0,0,0,0,0,0,0,0,0,0,0,0,0,0,0,0,0,0,0,0,0,0,0,0,0,0,0,0,0,0,0,0,0,0,0,0,0,0,0,0,0,0,0,0,0,0,0,0,0,0,0,0,0,0,0,0,0,0,0,0,0,0,0,0,0,0,0,0,0,0,0,0,0,0,0,0,0,0,0,0,0,0,0,0,0,0,0,0,0,0,0,0,0,0,0,0,0,0,0,0,0,0,0,0,0,0,0,0,0,0,0,0,0,0,0,0,0,0,0,0,0,0,0,0,0,0,0,0,0,0,0,0,0,0,0,0,0,0,0,0,0,0,0,0,0,0,0,0,0,0,0,0,0,0,0,0,0,0,0,0,0,0,0,0,0,0,0,0,0,0,0,0,0,0,0,0,0,0,0,0,0,0,0,0,0,0,0,0,0,0,0,0,0,0,0,0,0,0,0,0,0,0,0,0,0,0,0,0,0,0,0,0,0,0,0,0,0,0,0,0,0,0,0,0,0,0,0,0,0,0,0,0,0,0,0,0,0,0,0,0,0,0,0,0,0,0,0,0,0,0,0,0,0,0,0,0,0,0,0,0,0,0,0,0,0,0,0,0,0,0,0,0,0,0,0,0,0,0,0,0,0,0,0,0,0,0,0,0,0,0,0,0,0,0,0,0,0,0,0,0,0,0,0,0,0,0,0,0,0,0,0,0,0,0,0,0,0,0,0,0,0,0,0,0,0,0,0,0,0,0,0,0,0,0,0,0,0,0,0,0,0,0,0,0,0,0,0,0,0,0,0,0,0,0,0,0,0,0,0,0,0,0,0,0,0,0,0,0,0,0,0,0,0,0,0,0,0,0,0,0,0,0,0,0,0,0,0,0,0,0,0,0,0,0,0,0,0,0,0,0,0,0,0,0,0,0,0,0,0,0,0,0,0,0,0,0,0,0,0,0,0,0,0,0,0,0,0,0,0,0,0,0,0,0,0,0,0,0,0,0,0,0,0,0,0,0,0,0,0,0,0,0,0,0,0,0,0,0,0,0,0,0,0,0,0,0,0,0,0,0,0,0,0,0,0,0,0,0,0,0,0,0,0,0,0,0,0,0,0,0,0,0,0,0,0,0,0,0,0,0,0,0,0,0,0,0,0,0,0,0,0,0,0,0,0,0,0,0,0,0,0,0,0,0,0,0,0,0,0,0,0,0,0,0,0,0,0,0,0,0,0,0,0,0,0,0,0,0,0,0,0,0,0,0,0,0,0,0,0,0,0,0,0,0,0,0,0,0,0,0,0,0,0,0,0,0,0,0,0,0,0,0,0,0,0,0,0,0,0,0,0,0,0,0,0,0,0,0,0,0,0,0,0,0,0,0,0,0,0,0,0,0,0,0,0,0,0,0,0,0,0,0,0,0,0,0,0,0,0,0,0,0,0,0,0,0,0,0,0,0,0,0,0,0,0,0,0,0,0,0,0,0,0,0,0,0,0,0,0,0,0,0,0,0,0,0,0,0,0,0,0,0,0,0,0,0,0,0,0,0,0,0,0,0,0,0,0,0,0,0,0,0,0,0,0,0,0,0,0,0,0,0,0,0,0,0,0,0,0,0,0,0,0,0,0,0,0,0,0,0,0,0,0,0,0,0,0,0,0,0,0,0,0,0,0,0,0,0,0,0,0,0,0,0,0,0,0,0,0,0,0,0,0,0,0,0,0,0,0,0,0,0,0,0,0,0,0,0,0,0,0,0,0,0,0,0,0,0,0,0,0,0,0,0,0,0,0,0,0,0,0,0,0,0,0,0,0,0,0,0,0,0,0,0,0,0,0,0,0,0,0,0,0,0,0,0,0,0,0,0,0,0,0,0,0,0,0,0,0,0,0,0,0,0,0,0,0,0,0,0,0,0,0,0,0,0,0,0,0,0,0,0,0,0,0,0,0,0,0,0,0,0,0,0,0,0,0,0,0,0,0,0,0,0,0,0,0,0,0,0,0,0,0,0,0,0,0,0,0,0,0,0,0,0,0,0,0,0,0,0,0,0,0,0,0,0,0,0,0,0,0,0,0,0,0,0,0,0,0,0,0,0,0,0,0,0,0,0,0,0,0,0,0,0,0,0,0,0,0,0,0,0,0,0,0,0,0,0,0,0,0,0,0,0,0,0,0,0,0,0,0,0,0,0,0,0,0,0,0,0,0,0,0,0,0,0,0,0,0,0,0,0,0,0,0,0,0,0,0,0,0,0,0,0,0,0,0,0,0,0,0,0,0,0,0,0,0,0,0,0,0,0,0,0,0,0,0,0,0,0,0,0,0,0,0,0,0,0,0,0,0,0,0,0,0,0,0,0,0,0,0,0,0,0,0,0,0,0,0,0,0,0,0,0,0,0,0,0,0,0,0,0,0,0,0,0,0,0,0,0,0,0,0,0,0,0,0,0,0,0,0,0,0,0,0,0,0,0,0,0,0,0,0,0,0,0,0,0,0,0,0,0,0,0,0,0,0,0,0,0,0,0,0,0,0,0,0,0,0,0,0,0,0,0,0,0,0,0,0,0,0,0,0,0,0,0,0,0,0,0,0,0,0,0,0,0,0,0,0,0,0,0,0,0,0,0,0,0,0,0,0,0,0,0,0,0,0,0,0,0,0,0,0,0,0,0,0,0,0,0,0,0,0,0,0,0,0,0,0,0,0,0,0,0,0,0,0,0,0,0,0,0,0,0,0,0,0,0,0,0,0,0,0,0,0,0,0,0,0,0,0,0,0,0,0,0,0,0,0,0,0,0,0,0,0,0,0,0,0,0,0,0,0,0,0,0,0,0,0,0,0,0,0,0,0,0,0,0,0,0,0,0,0,0,0,0,0,0,0,0,0,0,0,0,0,0,0,0,0,0,0,0,0,0,0,0,0,0,0,0,0,0,0,0,0,0,0,0,0,0,0,0,0,0,0,0,0,0,0,0,0,0,0,0,0,0,0,0,0,0,0,0,0,0,0,0,0,0,0,0,0,0,0,0,0,0,0,0,0,0,0,0,0,0,0,0,0,0,0,0,0,0,0,0,0,0,0,0,0,0,0,0,0,0,0,0,0,0,0,0,0,0,0,0,0,0,0,0,0,0,0,0,0,0,0,0,0,0,0,0,0,0,0,0,0,0,0,0,0,0,0,0,0,0,0,0,0,0,0,0,0,0,0,0,0,0,0,0,0,0,0,0,0,0,0,0,0,0,0,0,0,0,0,0,0,0,0,0,0,0,0,0,0,0,0,0,0,0,0,0,0,0,0,0,0,0,0,0,0,0,0,0,0,0,0,0,0,0,0,0,0,0,0,0,0,0,0,0,0,0,0,0,0,0,0,0,0,0,0,0,0,0,0,0,0,0,0,0,0,0,0,0,0,0,0,0,0,0,0,0,0,0,0,0,0,0,0,0,0,0,0,0,0,0,0,0,0,0,0,0,0,0,0,0,0,0,0,0,0,0,0,0,0,0,0,0,0,0,0,0,0,0,0,0,0,0,0,0,0,0,0,0,0,0,0,0,0,0,0,0,0,0,0,0,0,0,0,0,0,0,0,0,0,0,0,0,0,0,0,0,0,0,0,0,0,0,0,0,0,0,0,0,0,0,0,0,0,0,0,0,0,0,0,0,0,0,0,0,0,0,0,0,0,0,0,0,0,0,0,0,0,0,0,0,0,0,0,0,0,0,0,0,0,0,0,0,0,0,0,0,0,0,0,0,0,0,0,0,0,0,0,0,0,0,0,0,0,0,0,0,0,0,0,0,0,0,0,0,0,0,0,0,0,0,0,0,0,0,0,0,0,0,0,0,0,0,0,0,0,0,0,0,0,0,0,0,0,0,0,0,0,0,0,0,0,0,0,0,0,0,0,0,0,0,0,0,0,0,0,0,0,0,0,0,0,0,0,0,0,0,0,0,0,0,0,0,0,0,0,0,0,0,0,0,0,0,0,0,0,0,0,0,0,0,0,0,0,0,0,0,0,0,0,0,0,0,0,0,0,0,0,0,0,0,0,0,0,0,0,0,0,0,0,0,0,0,0,0,0,0,0,0,0,0,0,0,0,0,0,0,0,0,0,0,0,0,0,0,0,0,0,0,0,0,0,0,0,0,0,0,0,0,0,0,0,0,0,0,0,0,0,0,0,0,0,0,0,0,0,0,0,0,0,0,0,0,0,0,0,0,0,0,0,0,0,0,0,0,0,0,0,0,0,0,0,0,0,0,0,0,0,0,0,0,0,0,0,0,0,0,0,0,0,0,0,0,0,0,0,0,0,0,0,0,0,0,0,0,0,0,0,0,0,0,0,0,0,0,0,0,0,0,0,0,0,0,0,0,0,0,0,0,0,0,0,0,0,0,0,0,0,0,0,0,0,0,0,0,0,0,0,0,0,0,0,0,0,0,0,0,0,0,0,0,0,0,0,0,0,0,0,0,0,0,0,0,0,0,0,0,0,0,0,0,0,0,0,0,0,0,0,0,0,0,0,0,0,0,0,0,0,0,0,0,0,0,0,0,0,0,0,0,0,0,0,0,0,0,0,0,0,0,0,0,0,0,0,0,0,0,0,0,0,0,0,0,0,0,0,0,0,0,0,0,0,0,0,0,0,0,0,0,0,0,0,0,0,0,0,0,0,0,0,0,0,0,0,0,0,0,0,0,0,0,0,0,0,0,0,0,0,0,0,0,0,0,0,0,0,0,0,0,0,0,0,0,0,0,0,0,0,0,0,0,0,0,0,0,0,0,0,0,0,0,0,0,0,0,0,0,0,0,0,0,0,0,0,0,0,0,0,0,0,0,0,0,0,0,0,0,0,0,0,0,0,0,0,0,0,0,0,0,0,0,0,0,0,0,0,0,0,0,0,0,0,0,0,0,0,0,0,0,0,0,0,0,0,0,0,0,0,0,0,0,0,0,0,0,0,0,0,0,0,0,0,0,0,0,0,0,0,0,0,0,0,0,0,0,0,0,0,0,0,0,0,0,0,0,0,0,0,0,0,0,0,0,0,0,0,0,0,0,0,0,0,0,0,0,0,0,0,0,0,0,0,0,0,0,0,0,0,0,0,0,0,0,0,0,0,0,0,0,0,0,0,0,0,0,0,0,0,0,0,0,0,0,0,0,0,0,0,0,0,0,0,0,0,0,0,0,0,0,0,0,0,0,0,0,0,0,0,0,0,0,0,0,0,0,0,0,0,0,0,0,0,0,0,0,0,0,0,0,0,0,0,0,0,0,0,0,0,0,0,0,0,0,0,0,0,0,0,0,0,0,0,0,0,0,0,0,0,0,0,0,0,0,0,0,0,0,0,0,0,0,0,0,0,0,0,0,0,0,0,0,0,0,0,0,0,0,0,0,0,0,0,0,0,0,0,0,0,0,0,0,0,0,0,0,0,0,0,0,0,0,0,0,0,0,0,0,0,0,0,0,0,0,0,0,0,0,0,0,0,0,0,0,0,0,0,0,0,0,0,0,0,0,0,0,0,0,0,0,0,0,0,0,0,0,0,0,0,0,0,0,0,0,0,0,0,0,0,0,0,0,0,0,0,0,0,0,0,0,0,0,0,0,0,0,0,0,0,0,0,0,0,0,0,0,0,0,0,0,0,0,0,0,0,0,0,0,0,0,0,0,0,0,0,0,0,0,0,0,0,0,0,0,0,0,0,0,0,0,0,0,0,0,0,0,0,0,0,0,0,0,0,0,0,0,0,0,0,0,0,0,0,0,0,0,0,0,0,0,0,0,0,0,0,0,0,0,0,0,0,0,0,0,0,0,0,0,0,0,0,0,0,0,0,0,0,0,0,0,0,0,0,0,0,0,0,0,0,0,0,0,0,0,0,0,0,0,0,0,0,0,0,0,0,0,0,0,0,0,0,0,0,0,0,0,0,0,0,0,0,0,0,0,0,0,0,0,0,0,0,0,0,0,0,0,0,0,0,0,0,0,0,0,0,0,0,0,0,0,0,0,0,0,0,0,0,0,0,0,0,0,0,0,0,0,0,0,0,0,0,0,0,0,0,0,0,0,0,0,0,0,0,0,0,0,0,0,0,0,0,0,0,0,0,0,0,0,0,0,0,0,0,0,0,0,0,0,0,0,0,0,0,0,0,0,0,0,0,0,0,0,0,0,0,0,0,0,0,0,0,0,0,0,0,0,0,0,0,0,0,0,0,0,0,0,0,0,0,0,0,0,0,0,0,0,0,0,0,0,0,0,0,0,0,0,0,0,0,0,0,0,0,0,0,0,0,0,0,0,0,0,0,0,0,0,0,0,0,0,0,0,0,0,0,0,0,0,0,0,0,0,0,0,0,0,0,0,0,0,0,0,0,0,0,0,0,0,0,0,0,0,0,0,0,0,0,0,0,0,0,0,0,0,0,0,0,0,0,0,0,0,0,0,0,0,0,0,0,0,0,0,0,0,0,0,0,0,0,0,0,0,0,0,0,0,0,0,0,0,0,0,0,0,0,0,0,0,0,0,0,0,0,0,0,0,0,0,0,0,0,0,0,0,0,0,0,0,0,0,0,0,0,0,0,0,0,0,0,0,0,0,0,0,0,0,0,0,0,0,0,0,0,0,0,0,0,0,0,0,0,0,0,0,0,0,0,0,0,0,0,0,0,0,0,0,0,0,0,0,0,0,0,0,0,0,0,0,0,0,0,0,0,0,0,0,0,0,0,0,0,0,0,0,0,0,0,0,0,0,0,0,0,0,0,0,0,0,0,0,0,0,0,0,0,0,0,0,0,0,0,0,0,0,0,0,0,0,0,0,0,0,0,0,0,0,0,0,0,0,0,0,0,0,0,0,0,0,0,0,0,0,0,0,0,0,0,0,0,0,0,0,0,0,0,0,0,0,0,0,0,0,0,0,0,0,0,0,0,0,0,0,0,0,0,0,0,0,0,0,0,0,0,0,0,0,0,0,0,0,0,0,0,0,0,0,0,0,0,0,0,0,0,0,0,0,0,0,0,0,0,0,0,0,0,0,0,0,0,0,0,0,0,0,0,0,0,0,0,0,0,0,0,0,0,0,0,0,0,0,0,0,0,0,0,0,0,0,0,0,0,0,0,0,0,0,0,0,0,0,0,0,0,0,0,0,0,0,0,0,0,0,0,0,0,0,0,0,0,0,0,0,0,0,0,0,0,0,0,0,0,0,0,0,0,0,0,0,0,0,0,0,0,0,0,0,0,0,0,0,0,0,0,0,0,0,0,0,0,0,0,0,0,0,0,0,0,0,0,0,0,0,0,0,0,0,0,0,0,0,0,0,0,0,0,0,0,0,0,0,0,0,0,0,0,0,0,0,0,0,0,0,0,0,0,0,0,0,0,0,0,0,0,0,0,0,0,0,0,0,0,0,0,0,0,0,0,0,0,0,0,0,0,0,0,0,0,0,0,0,0,0,0,0,0,0,0,0,0,0,0,0,0,0,0,0,0,0,0,0,0,0,0,0,0,0,0,0,0,0,0,0,0,0,0,0,0,0,0,0,0,0,0,0,0,0,0,0,0,0,0,0,0,0,0,0,0,0,0,0,0,0,0,0,0,0,0,0,0,0,0,0,0,0,0,0,0,0,0,0,0,0,0,0,0,0,0,0,0,0,0,0,0,0,0,0,0,0,0,0,0,0,0,0,0,0,0,0,0,0,0,0,0,0,0,0,0,0,0.6287795,0.51218003,1.0035511,0.20417407,-3.0637257e-05,-1.2696562,1.3928765,0.04430999,1.0132914,1.473743,-1.1121705,-1.7934192,-0.890071,-0.09539413,-1.2436634,-0.260638,-0.06826876,-0.7157098,-1.730844,-0.01118658,0.6237961,-0.58314097,-0.10071727,-0.08576717,-1.0786461,0.7946462,1.4061278,-1.604561,1.2562871,-1.3120714,0.8168448,1.4381799,-0.6826384,-0.03729262,0.7019443,-0.14109385,-1.4262358,-0.09584716,0.33017394,-1.5010428,0.5319436,-0.9259172,-0.39196098,0.24517359,0.47842905,1.5741465,0.9898469,-0.7031382,-1.059732,1.0508931,-0.28810313,-1.3418584,-0.5083905,-0.6775984,0.474465,0.5329063,-0.13667677,-0.0040513068,1.1528256,0.9015054,0.7281636,-0.82245576,0.7911352,-0.16272618,0.56037146,-0.16952169,0.2527619,0.10682857,0.21221542,-0.6035841,-0.80778885,0.7384701,1.2293316,0.13695528,0.3219627,-0.3216276,0.34863505,-0.5979212,0.24002033,0.57922894,0.10745149,1.0322055,0.49145377,0.24273853,-0.23645733,0.7625941,-1.2169911,-0.68093956,-0.011696242,-0.42950612,0.121495515,-1.0390623,-0.20740658,0.31227913,-0.1639154,-0.09692311,-0.09199638,-0.42554206,-0.29965547,0.34172627,-0.96963495,0.044083472,-0.21380568,-0.028798245,-0.5629244,-0.27105775,0.7183101,-0.3828437,0.1375782,-0.23022813,-0.37780368,0.4357873,0.9032043,-0.31789005,0.12296788,-0.121330276,-0.7742644,0.82930326,0.097598016,-0.366761,-0.005920069,0.3023124,-0.14687002,0.20525002,-0.0062032146,-0.24914227,0.58698714,0.31216586,0.49898544,0.033607077,0.3337982,0.53047127,-0.23889239,0.22257856,-0.09590379,0.91362405,0.051728405,-0.21686365,0.33832854,0.9821453,0.29059017,-0.27649415,-0.33182082,-0.09318559,0.25344142,0.32553035,-0.65449375,-0.17325921,0.47208658,-0.06928809,-0.2861211,-0.3657417,-1.0708312,-0.8092612,0.13089596,-0.6008093,-0.18113066,-0.37735066,-0.86996764,0.17948377,-0.57798773,-0.51682824,0.41336215,0.121495515,0.04351718,-0.28634763,0.7706355,0.62198395,0.0554093,0.07500298,-0.04573036,-0.24789643,-0.66304475,-0.15349564,-0.2528798,0.21940732,-0.034857564,0.6726104,0.11288789,-0.112156354,0.6440127,-0.2738892,0.3883887,-0.57238144,-0.8820863,-0.26058134,-0.9614803,-0.4028904,0.18163568,-0.052582487,-0.6312758,-0.27847618,-0.0064863604,0.23231876,0.31584677,-0.073422015,0.3052005,-0.65896744,0.5536892,0.5832496,-0.5355159,0.044876277,0.6830302,-0.02115331,-0.05456451,-0.16097069,-0.6222151,0.14896065,0.05603222,-0.6465656,-0.45385665,-0.3257615,0.1340672,-0.14364216,-0.107286245,0.3697577,-0.12897521,0.40277252,0.488056,-0.7664496,0.21391429,0.02811405,-0.16821921,-0.19551446,0.87743807,-0.53936666,0.0015549789,0.29523376,0.42768934,-0.03514071,0.4926996,-0.11436489,0.5067436,0.5667705,-0.4821712,1.0241076,-0.6192704,-0.7213161,-0.5875581,0.9386541,-0.45363012,-0.47480944,-0.29025504,-0.16601068,-0.23877913,-0.8878058,0.19726533,0.57747346,-0.5546565,0.4897549,-0.060057536,-0.50516266,-0.29908916,0.37389165,-0.325535,-0.12308578,-0.20978501,0.27699918,0.36783233,0.26640952,0.40113026,-0.39847332,-0.2887827,-0.00914793,0.81939316,-0.13984801,0.17229186,-0.56462324,-0.37825674,0.3462566,0.24319156,0.29211915,0.40118688,-0.6991741,-0.13276936,0.977615,-0.31358624,0.09550274,-0.24223351,0.54542136,-1.3734574,-0.26448876,0.440261,-0.53268445,-0.10915501,-0.5021613,0.5934995,1.0416626,0.6841061,-0.19698682,0.36941794,0.82811403,0.14182538,-0.0034283863,0.143411,0.0315118,-0.009374447,-0.35843652,-0.3143224,0.61824644,0.2137444,-0.14120711,-0.5485406,0.6547156,-0.042615756,-0.022852184,0.84617877,0.6413511,-0.22054455,0.8913688,0.26907107,0.122571476,0.13452022,-0.3490361,-0.6931148,-0.39847332,-0.07704628,-0.4506288,0.7492863,-0.35396284,-0.1592718,1.0431916,-0.58687854,0.67731065,-0.11062737,0.19686891,0.11130227,0.09459667,0.5890258,0.018090691,0.366813,-0.053092152,-0.23662722,-0.44468272,0.13123573,-0.06623011,0.26952413,0.25021356,-0.63977015,0.39982778,0.22563653,0.19794486,-0.2979566,0.45373875,-0.1996484,0.30706924,-0.017529044,-0.04573036,0.017524399,-0.17212662,-0.072006285,-0.27547482,0.57016826,0.11107575,-0.12789926,0.33719596,-0.63948697,-0.29223704,-0.16940843,-0.21448523,0.18140917,-0.27609774,-0.017585674,0.70398295,0.48346904,0.34048045,-0.18135718,0.8928978,0.5335292,0.90252477,0.027887534,-0.0605672,-0.23742004,0.36562377,0.4412237,0.3106935,-0.002182545,0.6399354,0.5249216,0.17614265,0.44779268,0.15518986,-0.9059271,-0.41449937,-0.66304475,-0.15423182,-0.17071089,0.21986035,-0.2280196,-0.00846838,-0.3809183,0.13944696,-0.058811694,-0.30684736,0.9637975,0.051332,0.17461365,0.45589066,-0.7311696,-0.05178968,-0.10773928,0.32496405,0.06475311,-0.4011349,0.38833207,0.26023695,-0.35169765,-0.41891646,-0.34948912,0.5511409,-0.17756303,-0.35005543,-0.7350204,0.19998352,-0.32655433,-0.48545572,0.57713366,0.37683636,-0.3558316,-0.46727777,-0.3711781,0.30151957,0.32705933,-0.45306385,0.14816785,0.41959137,0.6982634,-0.22932206,0.49479488,0.47050098,-0.24636744,0.1387674,0.12143889,0.019166645,-0.8657771,-0.12382196,-0.6708596,0.14199527,0.6996225,0.42950147,-0.008694897,-0.09692311,0.13610584,-0.2552582,0.46568748,-0.3016375,0.4313136,0.3775159,-0.5234539,-0.28934896,0.04753785,0.24330482,-0.7875722,0.046405267,-0.13056083,-0.13463813,-0.28832963,0.7522876,-0.99358904,0.04617875,0.18877095,0.027661016,-0.24517822,-0.23889239,0.8213752,0.92936695,-0.7408532,-0.4648427,-0.0024090616,0.08689511,-0.28255346,1.2006773,-0.22094095,-0.68405414,0.4703877,-0.2981831,0.081118934,0.9125481,0.101222284,-0.27768335,-0.23124745,0.42961472,-0.15700664,0.079533316,-0.540839,0.27977398,-0.12217972,-0.31149095,-0.09652671,0.73716766,0.33402473,-0.07002427,-0.33170757,1.0759798,0.7272009,0.31426114,-0.35832328,-0.8919964,-0.5322314,-0.4143295,-0.36511877,0.069566585,-0.24517822,0.3732121,0.641068,0.5270735,-0.37208414,-0.22422545,0.038363926,0.20411745,0.072454676,0.18820466,0.35843188,0.28900453,0.24438077,-0.1530426,-0.35271698,-0.81577355,-0.4836436,-0.132826,0.016901478,0.12608248,-0.60528296,-0.23923217,0.5480829,0.58879924,-0.0016162534,-0.10921164,-0.123538814,-0.023644993,-0.5022746,-0.91374195,0.3302872,0.38074377,-0.17671359,1.1416696,-0.59882724,0.2939879,0.23696235,0.2820958,-0.008185235,0.21017677,-0.034234643,0.5327364,-0.17161696,-0.6796937,-0.3143224,-0.25078452,-0.009544334,0.68393624,0.609299,-0.1359406,-0.044654407,-0.36687428,-0.22484836,-0.1683891,0.295347,-0.06385169,-0.44224766,0.18135253,-0.7704702,0.62804323,-0.35707742,0.19154577,0.36511412,-0.053545184,-0.013565004,0.033720337,-0.89969796,0.41777924,0.7142328,-0.8077322,0.5420802,-0.2459144,-0.84488094,-0.19336255,0.61235696,0.48867893,-0.52011275,0.67566836,-0.77460414,-0.17897876,-0.0794247,0.363302,-0.15593068,-0.066966295,0.18203208,0.13514315,-0.32179746,0.2786414,-0.2614308,-0.56841743,0.4532857,0.36347187,-0.61762816,-0.37259382,-0.19749649,-0.22422545,-0.2503315,-0.065720454,-0.80688274,-0.07245932,-0.3772374,-0.66593283,0.08219489,0.31024048,0.16736513,-0.28419572,0.045216054,-0.021209938,-0.51484627,0.004556324,-0.35673764,0.17257501,0.53381234,-0.21844926,-0.52192485,0.36953118,0.9033176,0.49496475,-0.5854628,-0.11040085,-0.64033645,-0.22943532,0.22541001,0.86611223,-0.3152285,-0.7593709,-0.4749227,-0.86804223,0.4262736,0.24432415,0.061525248,-0.3385597,-0.25939214,0.45996794,0.42066732,0.8678111,-0.37146124,0.21289496,0.37887502,-0.28838626,0.89731485,-0.4928175,-0.059264727,0.75772405,0.51353914,0.00614194,0.17846444,0.27093986,0.33238247,-0.4428706,-0.33301005,0.34999415,-0.32440242,-0.13305251,-0.2579764,0.5773035,0.39784577,-0.44032228,-0.076649874,-0.17388213,-0.36902618,0.73314697,-0.31941906,-0.18203673,0.1708195,-0.50414336,0.5686959,-0.42497578,0.16000333,0.18922397,-0.1679927,-0.15445833,0.483016,-0.018604998,-0.12161342,-0.028741617,-1.1411647,-0.46489933,0.23350798,0.3559402,0.5319436,-0.23996834,0.9015054,-0.269189,-0.09080716,0.21436733,-0.108135685,-0.77171606,0.09080252,-0.51903677,-0.08412492,-0.083388746,-0.7286779,0.45028436,-0.36104146,0.068150856,-0.10926827,0.6547722,-0.3140959,0.47729647,-0.8255704,-0.60188526,0.38397163,-0.36930934,-0.104681306,-0.90864533,-0.1515136,-0.154968,-0.035253968,-0.38295695,0.032417867,-0.12082061,-0.3984167,-0.3053184,0.7295793,-0.013225229,0.9446002,0.18882757,0.056541882,-0.16499135,-0.17444842,0.3955806,0.029869555,0.15434043,-0.17071089,0.6898823,0.63795334,-0.5400462,-0.25865597,0.36630332,-0.1404143,-0.35515204,0.9946604,-0.014244554,0.7142328,0.5208443,-0.50782424,-0.13197656,0.5305279,1.1386117,-0.1512871,-0.44439957,0.34721932,-0.08423819,0.4421864,0.17580287,0.22003023,0.042384595,0.60493857,-0.2571836,0.2731484,-0.105474114,0.17557636,0.45764616,-0.6055095,0.25632954,0.10671531,-0.29829636,0.21997361,-0.709877,1.0880985,0.25310168,0.51755977,-0.29789996,-0.016453091,-0.2801184,0.17812467,0.31907463,-0.15938507,-0.14839901,0.7856422,0.036665052,0.1414856,-0.03429127,0.62334305,0.5352281,-0.25214362,-0.56128216,-0.27320966,0.17189546,-0.88067055,-0.28832963,-0.45334697,-0.6708596,-0.80082345,0.05671177,-0.031629704,-0.32746038,-0.1831693,-0.211314,-0.8594346,0.29483736,0.15439706,0.15309459,-0.20763311,0.53460515,-0.37265044,-0.1928529,-0.19693018,-0.5794601,-0.5074278,0.30582342,-0.5368183,0.18967701,-1.0698119,-0.0660036,-1.0805714,0.6881834,-0.33810666,0.048840318,0.32167956,-0.22043128,-0.25157732,-0.46342698,0.02080889,0.7545528,-0.65183216,0.5117836,-0.07217617,0.1626649,-0.2018003,0.54428875,0.16855434,-0.5543734,-0.03508408,-0.37989897,0.058976937,0.07132209,0.35367504,0.45158684,0.39659992,0.021205293,0.3704939,0.38266915,-0.16244304,0.48188344,-0.29455885,-0.1814138,0.11232159,-0.16187675,-0.5279842,0.57979524,-0.15842237,0.44592392,-0.0312333,-0.2818173,0.3283618,-0.39060187,-0.23458858,-0.5961091,1.0971591,-0.43732092,0.08304433,0.3475591,0.348182,-0.7499705,-0.04997755,-0.564057,0.34149978,0.13672876,0.9288573,-0.29274672,0.5844388,-0.35266036,0.5659777,0.2003233,-0.14166014,-0.4963285,0.21889766,-0.050204065,0.27060008,-0.22615083,0.4486421,-0.33278352,-0.6431113,-0.1396215,-0.5506925,0.13627572,0.019959453,-0.8925627,0.17421725,-0.39196098,0.10093914,-0.7371723,-0.41206434,-0.15191002,-0.70596963,-0.1349779,0.13497326,0.14703527,-0.63603264,-0.5464453,0.25230885,-0.0020126575,0.24523021,0.44756615,-0.7162761,0.20474038,0.1840141,-0.14777608,-0.6839975,-0.19715671,-0.019454436,-0.36579832,-0.653078,0.5356811,0.14409055,0.79374015,0.10597913,-0.4599726,0.1840141,0.62566483,0.44898188,0.3713433,-0.037689023,0.14420381,-0.74447745,-0.46201125,0.08853735,0.14731841,0.32490742,0.83411676,-0.1547981,0.13514315,-0.86702293,-0.10354872,-0.27723032,0.73875326,-0.04850519,-0.23039801,-0.45255417,0.157002,0.39088038,-0.017076012,-1.0861211,-0.0524126,0.7855856,0.06379042,0.07290771,0.42112035,-0.06991101,1.1840849,0.50176024,-0.3791628,0.07579579,-0.05915147,-0.24229014,0.033097416,0.24953403,-0.80291873,1.1109201,0.14822447,-0.08978784,-0.054734398,0.6048253,-0.32106128,-0.21391894,-0.7482716,-0.29608783,0.2904769,-0.64543307,-0.61355084,-0.782872,-0.29319975,0.24341808,-0.33754036,0.084007025,0.6006914,-0.062888995,-0.6217621,-0.81418794,0.42038417,-0.30792332,-1.1336896,-0.58925694,0.20978037,0.1785777,0.094313525,-0.15485473,-0.0984521,-0.20417872,-0.013508375,-0.9058139,0.7549492,0.10241149,0.1713858,-0.15145698,0.28062344,0.16832782,-0.091486715,-1.0842524,-0.68388426,0.7249924,-0.3455817,-0.15678012,0.62204057,0.24919425,-0.06770247,-0.46914652,-0.89828223,-0.2536726,-0.27921236,0.7367712,0.33130652,-0.1436988,0.08695174,0.16119255,1.0517426,0.1758595,-0.54304755,0.14958358,-0.34960237,-0.1376961,-0.8018994,0.19726533,-0.2443288,0.109150365,0.046405267,0.1667422,-0.8832189,0.3129587,0.17127255,1.5025672,0.5907813,0.8090867,-0.6543238,-0.40045536,-0.20763311,-0.36591157,0.17172557,-0.2732663,1.3419104,0.06820749,0.65409267,-0.9525896,-0.02919465,-0.3424671,0.69112813,0.45577738,-0.50805074,0.8168448,-0.06968449,-0.17818594,-0.18005471,0.19681229,0.62413585,-0.3432599,-0.85394156,-0.23532476,-0.5501828,-0.10841883,0.40832216,1.1674925,1.2785423,0.14210853,1.5184234,-0.34524193,-0.2993157,0.38674647,-0.7987848,-0.61060613,0.40435812,0.3126189,0.6617376,-0.681789,0.8969185,-0.2977867,0.63778347,-0.41478252,-0.022116005,0.2665794,0.22591966,0.82075226,-0.30350626,-0.16969158,-0.43029892,-0.22439533,0.68235064,-0.73830485,-0.65256834,-0.61009645,0.10665868,0.021714956,-0.37185764,-0.5600363,0.28730568,1.2105308,-0.02925128,0.49281284,0.05144526,-1.063073,-0.34309003,-0.6016021,-0.5584507,-0.09001435,-0.11595051,0.5628065,0.6875605,0.45453155,-0.105700634,0.077664554,-0.23481509,-0.4576508,0.46619716,-0.07217617,0.44388527,-0.15745968,1.1417263,0.45175672,0.9066587,0.118267655,0.551424,0.1573984,-0.5854062,-0.46552226,0.4261037,0.2341309,-0.3502253,-0.7603336,0.88961333,-0.44711778,0.64197403,0.6491093,0.66445583,-0.39830345,-0.58467,-0.42956275,0.2578585,-0.56768125,-0.080104254,0.3580921,0.27099648,0.35803548,-0.4113848,0.05280436,0.5673368,0.5158043,0.35560042,1.0316392,0.2345273,0.3454638,0.38114017,-0.62108254,0.6177934,-0.9353177,0.7135533,0.3142045,0.47571084,-0.15632708,0.6939596,
0,0,0,0,1,0,0,0,0,1,1,0,0,0,0,0,0,0,0,0,0,0,0,0,0,0,0,0,0,0,0,0,0,0,0,0,0,1,0,0,0,0,0,0,0,0,0,0,0,0,0,0,0,0,0,0,0,0,0,0,0,0,0,0,0,0,0,0,0,0,0,0,0,0,0,0,0,0,0,0,0,0,0,0,0,0,0,0,0,0,0,0,0,0,0,0,0,0,0,0,0,0,0,0,0,0,0,0,0,0,0,0,0,0,0,0,0,0,0,0,0,0,0,0,0,0,0,0,0,0,0,0,0,0,0,0,0,0,0,0,0,0,0,0,0,0,0,0,0,0,0,0,0,0,0,0,0,0,0,0,0,0,0,0,0,0,0,0,0,0,0,0,0,0,0,0,0,0,0,0,0,0,0,0,0,0,0,0,0,0,0,0,0,0,0,0,0,0,0,0,0,0,0,0,0,0,0,0,0,0,0,0,0,0,0,0,0,0,0,0,0,0,0,0,0,0,0,0,0,0,0,0,0,0,0,0,0,0,0,0,0,0,0,0,0,0,0,0,0,0,0,0,0,0,0,0,0,0,0,0,0,0,0,0,0,0,0,0,0,0,0,0,0,0,0,0,0,0,0,0,0,0,0,0,0,0,0,0,0,0,0,0,0,0,0,0,0,0,0,0,0,0,0,0,0,0,0,0,0,0,0,0,0,0,0,0,0,0,0,0,0,0,0,0,0,0,0,0,0,0,0,0,0,0,0,0,0,0,0,0,0,0,0,0,0,0,0,0,0,0,0,0,0,0,0,0,0,0,0,0,0,0,0,0,0,0,0,0,0,0,0,0,0,0,0,0,0,0,0,0,0,0,0,0,0,0,0,0,0,0,0,0,0,0,0,0,0,0,0,0,0,0,0,0,0,0,0,0,0,0,0,0,0,0,0,0,0,0,0,0,0,0,0,0,0,0,0,0,0,0,0,0,0,0,0,0,0,0,0,0,0,0,0,0,0,0,0,0,0,0,0,0,0,0,0,0,0,0,0,0,0,0,0,0,0,0,0,0,0,0,0,0,0,0,0,0,0,0,0,0,0,0,0,0,0,0,0,0,0,0,0,0,0,0,0,0,0,0,0,0,0,0,0,0,0,0,0,0,0,0,0,0,0,0,0,0,0,0,0,0,0,0,0,0,0,0,0,0,0,0,0,0,0,0,0,0,0,0,0,0,0,0,0,0,0,0,0,0,0,0,0,0,0,0,0,0,0,0,0,0,0,0,0,0,0,0,0,0,0,0,0,0,0,0,0,0,0,0,0,0,0,0,0,0,0,0,0,0,0,0,0,0,0,0,0,0,0,0,0,0,0,0,0,0,0,0,0,0,0,0,0,0,0,0,0,0,0,0,0,0,0,0,0,0,0,0,0,0,0,0,0,0,0,0,0,0,0,0,0,0,0,0,0,0,0,0,0,0,0,0,0,0,0,0,0,0,0,0,0,0,0,0,0,0,0,0,0,0,0,0,0,0,0,0,0,0,0,0,0,0,0,0,0,0,0,0,0,0,0,0,0,0,0,0,0,0,0,0,0,0,0,0,0,0,0,0,0,0,0,0,0,0,0,0,0,0,0,0,0,0,0,0,0,0,0,0,0,0,0,0,0,0,0,0,0,0,0,0,0,0,0,0,0,0,0,0,0,0,0,0,0,0,0,0,0,0,0,0,0,0,0,0,0,0,0,0,0,0,0,0,0,0,0,0,0,0,0,0,0,0,0,0,0,0,0,0,0,0,0,0,0,0,0,0,0,0,0,0,0,0,0,0,0,0,0,0,0,0,0,0,0,0,0,0,0,0,0,0,0,0,0,0,0,0,0,0,0,0,0,0,0,0,0,0,0,0,0,0,0,0,0,0,0,0,0,0,0,0,0,0,0,0,0,0,0,0,0,0,0,0,0,0,0,0,0,0,0,0,0,0,0,0,0,0,0,0,0,0,0,0,0,0,0,0,0,0,0,0,0,0,0,0,0,0,0,0,0,0,0,0,0,0,0,0,0,0,0,0,0,0,0,0,0,0,0,0,0,0,0,0,0,0,0,0,0,0,0,0,0,0,0,0,0,0,0,0,0,0,0,0,0,0,0,0,0,0,0,0,0,0,0,0,0,0,0,0,0,0,0,0,0,0,0,0,0,0,0,0,0,0,0,0,0,0,0,0,0,0,0,0,0,0,0,0,0,0,0,0,0,0,0,0,0,0,0,0,0,0,0,0,0,0,0,0,0,0,0,0,0,0,0,0,0,0,0,0,0,0,0,0,0,0,0,0,0,0,0,0,0,0,0,0,0,0,0,0,0,0,0,0,0,0,0,0,0,0,0,0,0,0,0,0,0,0,0,0,0,0,0,0,0,0,0,0,0,0,0,0,0,0,0,0,0,0,0,0,0,0,0,0,0,0,0,0,0,0,0,0,0,0,0,0,0,0,0,0,0,0,0,0,0,0,0,0,0,0,0,0,0,0,0,0,0,0,0,0,0,0,0,0,0,0,0,0,0,0,0,0,0,0,0,0,0,0,0,0,0,0,0,0,0,0,0,0,0,0,0,0,0,0,0,0,0,0,0,0,0,0,0,0,0,0,0,0,0,0,0,0,0,0,0,0,0,0,0,0,0,0,0,0,0,0,0,0,0,0,0,0,0,0,0,0,0,0,0,0,0,0,0,0,0,0,0,0,0,0,0,0,0,0,0,0,0,0,0,0,0,0,0,0,0,0,0,0,0,0,0,0,0,0,0,0,0,0,0,0,0,0,0,0,0,0,0,0,0,0,0,0,0,0,0,0,0,0,0,0,0,0,0,0,0,0,0,0,0,0,0,0,0,0,0,0,0,0,0,0,0,0,0,0,0,0,0,0,0,0,0,0,0,0,0,0,0,0,0,0,0,0,0,0,0,0,0,0,0,0,0,0,0,0,0,0,0,0,0,0,0,0,0,0,0,0,0,0,0,0,0,0,0,0,0,0,0,0,0,0,0,0,0,0,0,0,0,0,0,0,0,0,0,0,0,0,0,0,0,0,0,0,0,0,0,0,0,0,0,0,0,0,0,0,0,0,0,0,0,0,0,0,0,0,0,0,0,0,0,0,0,0,0,0,0,0,0,0,0,0,0,0,0,0,0,0,0,0,0,0,0,0,0,0,0,0,0,0,0,0,0,0,0,0,0,0,0,0,0,0,0,0,0,0,0,0,0,0,0,0,0,0,0,0,0,0,0,0,0,0,0,0,0,0,0,0,0,0,0,0,0,0,0,0,0,0,0,0,0,0,0,0,0,0,0,0,0,0,0,0,0,0,0,0,0,0,0,0,0,0,0,0,0,0,0,0,0,0,0,0,0,0,0,0,0,0,0,0,0,0,0,0,0,0,0,0,0,0,0,0,0,0,0,0,0,0,0,0,0,0,0,0,0,0,0,0,0,0,0,0,0,0,0,0,0,0,0,0,0,0,0,0,0,0,0,0,0,0,0,0,0,0,0,0,0,0,0,0,0,0,0,0,0,0,0,0,0,0,0,0,0,0,0,0,0,0,0,0,0,0,0,0,0,0,0,0,0,0,0,0,0,0,0,0,0,0,0,0,0,0,0,0,0,0,0,0,0,0,0,0,0,0,0,0,0,0,0,0,0,0,0,0,0,0,0,0,0,0,0,0,0,0,0,0,0,0,0,0,0,0,0,0,0,0,0,0,0,0,0,0,0,0,0,0,0,0,0,0,0,0,0,0,0,0,0,0,0,0,0,0,0,0,0,0,0,0,0,0,0,0,0,0,0,0,0,0,0,0,0,0,0,0,0,0,0,0,0,0,0,0,0,0,0,0,0,0,0,0,0,0,0,0,0,0,0,0,0,0,0,0,0,0,0,0,0,0,0,0,0,0,0,0,0,0,0,0,0,0,0,0,0,0,0,0,0,0,0,0,0,0,0,0,0,0,0,0,0,0,0,0,0,0,0,0,0,0,0,0,0,0,0,0,0,0,0,0,0,0,0,0,0,0,0,0,0,0,0,0,0,0,0,0,0,0,0,0,0,0,0,0,0,0,0,0,0,0,0,0,0,0,0,0,0,0,0,0,0,0,0,0,0,0,0,0,0,0,0,0,0,0,0,0,0,0,0,0,0,0,0,0,0,0,0,0,0,0,0,0,0,0,0,0,0,0,0,0,0,0,0,0,0,0,0,0,0,0,0,0,0,0,0,0,0,0,0,0,0,0,0,0,0,0,0,0,0,0,0,0,0,0,0,0,0,0,0,0,0,0,0,0,0,0,0,0,0,0,0,0,0,0,0,0,0,0,0,0,0,0,0,0,0,0,0,0,0,0,0,0,0,0,0,0,0,0,0,0,0,0,0,0,0,0,0,0,0,0,0,0,0,0,0,0,0,0,0,0,0,0,0,0,0,0,0,0,0,0,0,0,0,0,0,0,0,0,0,0,0,0,0,0,0,0,0,0,0,0,0,0,0,0,0,0,0,0,0,0,0,0,0,0,0,0,0,0,0,0,0,0,0,0,0,0,0,0,0,0,0,0,0,0,0,0,0,0,0,0,0,0,0,0,0,0,0,0,0,0,0,0,0,0,0,0,0,0,0,0,0,0,0,0,0,0,0,0,0,0,0,0,0,0,0,0,0,0,0,0,0,0,0,0,0,0,0,0,0,0,0,0,0,0,0,0,0,0,0,0,0,0,0,0,0,0,0,0,0,0,0,0,0,0,0,0,0,0,0,0,0,0,0,0,0,0,0,0,0,0,0,0,0,0,0,0,0,0,0,0,0,0,0,0,0,0,0,0,0,0,0,0,0,0,0,0,0,0,0,0,0,0,0,0,0,0,0,0,0,0,0,0,0,0,0,0,0,0,0,0,0,0,0,0,0,0,0,0,0,0,0,0,0,0,0,0,0,0,0,0,0,0,0,0,0,0,0,0,0,0,0,0,0,0,0,0,0,0,0,0,0,0,0,0,0,0,0,0,0,0,0,0,0,0,0,0,0,0,0,0,0,0,0,0,0,0,0,0,0,0,0,0,0,0,0,0,0,0,0,0,0,0,0,0,0,0,0,0,0,0,0,0,0,0,0,0,0,0,0,0,0,0,0,0,0,0,0,0,0,0,0,0,0,0,0,0,0,0,0,0,0,0,0,0,0,0,0,0,0,0,0,0,0,0,0,0,0,0,0,0,0,0,0,0,0,0,0,0,0,0,0,0,0,0,0,0,0,0,0,0,0,0,0,0,0,0,0,0,0,0,0,0,0,0,0,0,0,0,0,0,0,0,0,0,0,0,0,0,0,0,0,0,0,0,0,0,0,0,0,0,0,0,0,0,0,0,0,0,0,0,0,0,0,0,0,0,0,0,0,0,0,0,0,0,0,0,0,0,0,0,0,0,0,0,0,0,0,0,0,0,0,0,0,0,0,0,0,0,0,0,0,0,0,0,0,0,0,0,0,0,0,0,0,0,0,0,0,0,0,0,0,0,0,0,0,0,0,0,0,0,0,0,0,0,0,0,0,0,0,0,0,0,0,0,0,0,0,0,0,0,0,0,0,0,0,0,0,0,0,0,0,0,0,0,0,0,0,0,0,0,0,0,0,0,0,0,0,0,0,0,0,0,0,0,0,0,0,0,0,0,0,0,0,0,0,0,0,0,0,0,0,0,0,0,0,0,0,0,0,0,0,0,0,0,0,0,0,0,0,0,0,0,0,0,0,0,0,0,0,0,0,0,0,0,0,0,0,0,0,0,0,0,0,0,0,0,0,0,0,0,0,0,0,0,0,0,0,0,0,0,0,0,0,0,0,0,0,0,0,0,0,0,0,0,0,0,0,0,0,0,0,0,0,0,0,0,0,0,0,0,0,0,0,0,0,0,0,0,0,0,0,0,0,0,0,0,0,0,0,0,0,0,0,0,0,0,0,0,0,0,0,0,0,0,0,0,0,0,0,0,0,0,0,0,0,0,0,0,0,0,0,0,0,0,0,0,0,0,0,0,0,0,0,0,0,0,0,0,0,0,0,0,0,0,0,0,0,0,0,0,0,0,0,0,0,0,0,0,0,0,0,0,0,0,0,0,0,0,0,0,0,0,0,0,0,0,0,0,0,0,0,0,0,0,0,0,0,0,0,0,0,0,0,0,0,0,0,0,0,0,0,0,0,0,0,0,0,0,0,0,0,0,0,0,0,0,0,0,0,0,0,0,0,0,0,0,0,0,0,0,0,0,0,0,0,0,0,0,0,0,0,0,0,0,0,0,0,0,0,0,0,0,0,0,0,0,0,0,0,0,0,0,0,0,0,0,0,0,0,0,0,0,0,0,0,0,0,0,0,0,0,0,0,0,0,0,0,0,0,0,0,0,0,0,0,0,0,0,0,0,0,0,0,0,0,0,0,0,0,0,0,0,0,0,0,0,0,0,0,0,0,0,0,0,0,0,0,0,0,0,0,0,0,0,0,0,0,0,0,0,0,0,0,0,0,0,0,0,0,0,0,0,0,0,0,0,0,0,0,0,0,0,0,0,0,0,0,0,0,0,0,0,0,0,0,0,0,0,0,0,0,0,0,0,0,0,0,0,0,0,0,0,0,0,0,0,0,0,0,0,0,0,0,0,0,0,0,0,0,0,0,0,0,0,0,0,0,0,0,0,0,0,0,0,0,0,0,0,0,0,0,0,0,0,0,0,0,0,0,0,0,0,0,0,0,0,0,0,0,0,0,0,0,0,0,0,0,0,0,0,0,0,0,0,0,0,0,0,0,0,0,0,0,0,0,0,0,0,0,0,0,0,0,0,0,0,0,0,0,0,0,0,0,0,0,0,0,0,0,0,0,0,0,0,0,0,0,0,0,0,0,0,0,0,0,0,0,0,0,0,0,0,0,0,0,0,0,0,0,0,0,0,0,0,0,0,0,0,0,0,0,0,0,0,0,0,0,0,0,0,0,0,0,0,0,0,0,0,0,0,0,0,0,0,0,0,0,0,0,0,0,0,0,0,0,0,0,0,0,0,0,0,0,0,0,0,0,0,0,0,0,0,0,0,0,0,0,0,0,0,0,0,0,0,0,0,0,0,0,0,0,0,0,0,0,0,0,0,0,0,0,0,0,0,0,0,0,0,0,0,0,0,0,0,0,0,0,0,0,0,0,0,0,0,0,0,0,0,0,0,0,0,0,0,0,0,0,0,0,0,0,0,0,0,0,0,0,0,0,0,0,0,0,0,0,0,0,0,0,0,0,0,0,0,0,0,0,0,0,0,0,0,0,0,0,0,0,0,0,0,0,0,0,0,0,0,0,0,0,0,0,0,0,0,0,0,0,0,0,0,0,0,0,0,0,0,0,0,0,0,0,0,0,0,0,0,0,0,0,0,0,0,0,0,0,0,0,0,0,0,0,0,0,0,0,0,0,0,0,0,0,0,0,0,0,0,0,0,0,0,0,0,0,0,0,0,0,0,0,0,0,0,0,0,0,0,0,0,0,0,0,0,0,0,0,0,0,0,0,0,0,0,0,0,0,0,0,0,0,0,0,0,0,0,0,0,0,0,0,0,0,0,0,0,0,0,0,0,0,0,0,0,0,0,0,0,0,0,0,0,0,0,0,0,0,0,0,0,0,0,0,0,0,0,0,0,0,0,0,0,0,0,0,0,0,0,0,0,0,0,0,0,0,0,0,0,0,0,0,0,0,0,0,0,0,0,0,0,0,0,0,0,0,0,0,0,0,0,0,0,0,0,0,0,0,0,0,0,0,0,0,0,0,0,0,0,0,0,0,0,0,0,0,0,0,0,0,0,0,0,0,0,0,0,0,0,0,0,0,0,0,0,0,0,0,0,0,0,0,0,0,0,0,0,0,0,0,0,0,0,0,0,0,0,0,0,0,0,0,0,0,0,0,0,0,0,0,0,0,0,0,0,0,0,0,0,0,0,0,0,0,0,0,0,0,0,0,0,0,0,0,0,0,0,0,0,0,0,0,0,0,0,0,0,0,0,0,0,0,0,0,0,0,0,0,0,0,0,0,0,0,0,0,0,0,0,0,0,0,0,0,0,0,0,0,0,0,0,0,0,0,0,0,0,0,0,0,0,0,0,0,0,0,0,0,0,0,0,0,0,0,0,0,0,0,0,0,0,0,0,0,0,0,0,0,0,0,0,0,0,0,0,0,0,0,0,0,0,0,0,0,0,0,0,0,0,0,0,0,0,0,0,0,0,0,0,0,0,0,0,0,0,0,0,0,0,0,0,0,0,0,0,0,0,0,0,0,0,0,0,0,0,0,0,0,0,0,0,0,0,0,0,0,0,0,0,0,0,0,0,0,0,0,0,0,0,0,0,0,0,0,0,0,0,0,0,0,0,0,0,0,0,0,0,0,0,0,0,0,0,0,0,0,0,0,0,0,0,0,0,0,0,0,0,0,0,0,0,0,0,0,0,0,0,0,0,0,0,0,0,0,0,0,0,0,0,0,0,0,0,0,0,0,0,0,0,0,0,0,0,0,0,0,0,0,0,0,0,0,0,0,0,0,0,0,0,0,0,0,0,0,0,0,0,0,0,0,0,0,0,0,0,0,0,0,0,0,0,0,0,0,0,0,0,0,0,0,0,0,0,0,0,0,0,0,0,0,0,0,0,0,0,0,0,0,0,0,0,0,0,0,0,0,0,0,0,0,0,0,0,-1.6757815,0.925261,0.9599098,-0.24028876,0.7531091,0.863608,-0.5984918,-0.72209567,-1.7642401,-0.30065113,0.24002893,0.77892196,0.8393836,0.2893712,0.06668567,0.49766108,1.2117838,0.66097707,0.13300486,1.1578746,-0.3379805,-1.1561488,0.28549927,0.68311656,-0.27444115,-0.9508373,1.5018805,-0.39754865,-0.599981,-0.036962878,0.4178398,0.19982044,-0.5070547,0.8084082,-0.7851386,1.0016075,-0.07508648,-0.48511377,-0.46118724,-0.065158464,1.4307959,-0.30114755,0.18889962,-0.10348062,0.18522625,1.3194034,0.12466532,0.07998922,0.097462535,0.54342926,-0.6040515,0.54809546,-1.2770721,0.09577478,-0.036466476,-0.9321726,0.018336203,0.47492594,0.35430047,0.91831136,-0.2962828,0.37147593,0.5379689,-0.01045506,0.13945808,-0.2788095,-0.38583356,0.3672069,0.35787454,-0.17545879,-0.79040045,-0.32358485,-0.010852181,-0.674739,-0.30303386,0.11731858,0.07562089,0.19009098,0.70674527,-0.83656573,-0.6019666,0.5618954,0.12565812,0.6066708,0.091108605,-0.22480105,-0.34085962,0.8132729,0.13737318,-0.36617607,0.15365514,0.32679984,-0.3676653,0.22007361,0.12903364,-0.72725827,-0.11757842,0.17619175,0.370086,0.12754445,-0.11549353,0.091207884,-0.7623041,0.9894953,0.42826423,0.06599071,0.43769583,-0.59313065,0.8413692,-0.49593532,-0.4248507,0.18056008,0.5946579,0.3761421,0.30555388,-0.17198397,-0.09533965,0.19019026,-0.05602468,-0.77034587,0.2692173,-0.45731533,-0.11608921,0.5502796,0.29006615,0.08405971,0.10520639,0.7137941,-0.36150992,-0.16036819,-0.09861589,-0.52025896,0.060728855,-0.22738233,0.15395299,-1.042473,0.45457348,-0.30809715,0.40652186,0.49587405,0.07581945,0.5754968,-0.54190207,-1.2364665,-0.19184002,-0.11509641,0.15762635,-0.1306834,0.4053305,-0.9024878,-0.8358708,0.8139679,-0.1668214,0.5237718,-0.37610412,0.22950523,-0.41919172,-0.47260448,-0.33778194,-0.5201597,-0.08312818,0.17976584,0.53082067,-0.7958609,0.7563853,-0.10784896,0.12079339,0.43044838,-0.432396,0.47671297,0.6653454,-0.17128901,-0.20047739,0.038390808,0.06857199,-0.7897055,-0.19779684,0.46678495,-0.50943744,0.15077601,0.31945312,0.4048341,-0.21914208,0.06648711,-0.93753374,-0.054634757,-0.15858115,0.0040398515,-0.17307606,0.0072168186,-0.28109294,0.026775021,-0.031800307,0.10729128,0.19009098,-1.0337362,-0.00092415925,-0.0045975274,-0.23542404,0.83511454,0.036504485,-0.020581642,-1.4908224,-0.35336894,-0.37799042,-0.23830315,0.16755438,-0.16553076,-0.6398916,0.10600064,0.49031436,0.24787207,0.8253851,-0.21785143,-0.10288494,0.08068418,0.53082067,0.832434,-0.7014454,0.9152337,0.55315876,0.61074126,-0.103182785,-0.7359949,-0.08014978,-0.8536419,-0.32060647,0.4544742,-0.044011775,-0.36289984,-0.70928854,0.3205452,-0.6732498,-0.09881446,0.5500811,0.57569534,0.024392296,0.055864125,-0.18558536,0.045936104,0.26643747,-0.23036075,0.23486637,0.025186539,0.30475962,-0.11579137,0.13082069,0.56874573,-0.28158933,0.40106145,-0.10616119,-0.10576407,0.09567549,0.29056257,-0.20335652,0.3978845,-0.110132396,-0.11688346,-0.08570947,-0.40499464,-0.16155955,-0.26143545,0.6194779,-0.43229672,0.70763874,-0.46515846,-0.67751884,-0.34770995,0.18383633,-0.64326715,0.08415899,-0.23879956,0.5310193,-0.18955657,0.09507981,0.2738835,-0.3490006,0.28569782,0.93091995,0.33523867,-0.5633466,0.17986512,0.01664844,-0.06287502,-0.04242329,-0.2686829,-0.30402666,-0.13415821,0.25631088,-0.08213538,-0.4362679,0.5978348,0.3160776,0.10282367,-0.10338134,0.07631585,-0.11827338,0.77058244,-0.24406141,-0.09802021,-0.00092415925,0.033327516,0.2884777,0.016251318,-0.012341385,-0.013532747,-0.28287998,-0.00588817,-0.13783158,0.9199991,0.78249604,0.37246874,0.12923221,0.2763655,-0.6448557,-0.3706437,0.21540743,0.05417636,-0.2646124,0.33881274,-0.72001076,0.058147572,-0.12611651,-0.20375365,0.24955983,0.4384901,-0.43944487,-0.5267122,-0.2522024,0.7075395,0.44812027,-0.74919915,0.16656157,-0.1702962,0.47512448,-0.09474397,-0.08263178,0.6555166,-0.15272361,0.0031463297,-0.32576904,0.43809298,0.40820962,0.26514682,-0.69340366,0.03829153,-0.2783131,0.6744792,0.06718207,-0.32725823,0.2080607,-0.41690826,0.42717215,-0.15977252,-0.4854116,0.5583213,-0.91857123,0.12933148,-0.47379583,0.43461815,-0.5224432,-0.0064838515,0.47323817,0.0044369726,0.489123,0.1880061,0.10371719,0.03958217,-0.5898544,0.073039606,0.416847,0.32918257,-0.28695047,0.25909072,0.26405475,0.020023966,-0.026141334,-0.1387251,-0.13624309,-0.48987922,-0.23175067,-0.44222474,-0.0064838515,-0.881639,0.38398525,0.77485144,0.0705576,-0.09315548,0.4042384,-0.8338852,-0.045302417,-0.023560049,0.233675,0.3617465,0.8790957,0.17529823,-0.75813437,-0.18856378,-0.1523265,-0.4539398,0.8083089,-0.16106315,-0.43567222,-0.23423268,0.13409694,0.76680976,-0.5124158,-0.6378068,-0.12224459,-0.25547865,-0.026836297,-0.15808475,0.89239925,-0.15828331,-0.34830564,0.4650972,-0.8258435,-0.5890602,-0.02365933,0.31012076,0.292846,0.35082567,-0.6170572,0.6121312,-0.33768266,-0.14418551,0.2748763,-0.4881915,0.15921484,0.21272688,1.1130992,0.028859906,-0.009263698,-0.43964344,0.105702795,0.0139678735,-0.3258683,0.061622377,0.7106172,-0.012142824,-0.14210063,-0.2633218,0.2872863,-0.2832771,-0.22817658,-0.29797056,0.009103143,-0.13892366,0.38636798,0.10202943,0.21868369,-0.19561267,0.1684479,-0.43309096,-0.16523293,0.2799396,0.63039875,0.050205152,-0.29489288,-0.23592043,0.11999915,-0.74681646,-0.38444364,-0.20266156,0.3386142,-0.8929569,-0.20841981,-0.061087973,-0.4026119,-0.028424779,0.07025976,-0.37332425,-0.679703,0.158917,0.29671794,-0.4057889,1.0100464,-0.3365906,0.19912548,-0.8566204,0.20438734,-0.103877746,-0.09792093,-0.29548857,0.06847271,0.17807807,-0.031006066,-0.16910484,0.3851766,-0.030906785,-0.8364665,-0.1040763,-0.03269383,-0.44629523,-0.4533441,0.1804608,0.006422577,-0.49941012,0.31022003,0.2151096,0.3607537,0.32173654,0.52506244,-0.4434161,-0.11023168,-0.045302417,0.14223792,-0.09533965,-0.37570697,0.09835606,-0.1387251,-0.19382562,0.03422104,-0.7293431,0.3069438,-0.33182514,0.18721186,-0.73341364,0.060431015,0.5495846,0.08733595,0.3014834,0.17609248,-0.8508621,0.25531808,-0.23274347,-0.34463227,-0.08283034,-0.59322995,-0.6409837,-0.44907507,0.7701853,-0.50496984,-0.2652081,0.30922726,-0.45155707,0.5493861,0.15256307,-0.054237638,-0.81849676,0.3365293,0.5744047,0.6445958,0.2798403,0.26097706,0.67298996,0.3074402,-0.19769755,-0.78047246,0.45427564,-0.46535704,0.47264248,0.16070403,0.064898625,0.09845534,0.2536303,0.20329525,0.064898625,-0.03656576,0.26911804,-0.07181024,0.051495798,-0.18508896,0.009798104,0.8958741,0.5513717,-0.5834012,0.102227986,0.012776511,0.1347919,-0.36071566,-1.1105791,-0.24048732,0.46628854,0.07830145,-0.3524754,0.38487878,0.08068418,-0.18429472,0.71012074,-0.4564218,-0.17784151,-0.35892862,0.33325306,-0.38047242,0.46559358,0.2713022,0.31865886,0.25740296,0.10937616,-0.19789611,-0.47250518,-0.24604702,-0.305913,0.040872812,0.07016048,-0.13395965,-0.32020935,-0.28744686,0.39857945,-0.14885168,0.2618706,0.1307214,0.40096217,0.8695648,-0.057811726,-0.50447345,-0.23770748,0.23208651,-0.13197404,-0.41154715,0.118708506,0.17658888,-0.3835501,0.66713244,-0.025347093,-0.29767272,0.7250128,-0.71306115,0.43362537,-0.2994598,0.18353848,-0.23244563,-0.13852654,0.20577726,-0.65339375,-0.027034856,0.026775021,0.17837591,-0.8447067,-0.030608945,-0.21963848,0.23734836,-0.12135106,-0.88382316,0.62225777,0.18353848,-0.00092415925,-0.6209291,-0.25329447,-0.22648881,-0.26133618,0.19813268,0.26286337,-0.10576407,-0.011050741,-0.5654315,-0.14507903,-0.87617856,-0.529492,-0.67046994,-0.33569705,-0.7355978,-0.2550815,0.49795893,0.2146132,0.15504506,-0.41402915,0.20577726,-0.21397951,0.34337965,-0.3917904,0.15971123,0.72471493,0.3861694,0.09468269,-0.067243345,0.31985024,0.05725405,-0.32765535,0.5717241,-0.52472657,0.07343672,0.4785,-0.27741957,-0.1206561,0.049410913,0.61530817,-0.0055903294,-0.19561267,0.78190035,-0.6251982,-0.42316294,0.0018556869,-0.24316789,0.24052534,0.20478445,-0.10278566,0.46599072,-0.13386036,-0.18737242,-0.89514107,0.6146132,-0.38077027,0.7805104,-0.53743446,-0.16046748,-0.50318277,-1.04426,-0.15053944,-0.73529994,0.29860425,-0.5026864,0.24886487,0.61898154,-0.27255484,0.59743774,0.22553402,0.13816743,0.5366782,0.090413645,-0.47985193,0.25591376,0.3365293,0.411883,0.029157747,-0.19531482,-0.30223963,-0.42365932,0.06728135,-0.21119966,0.31726894,-0.24545133,0.04355338,-0.12532227,0.20359309,6.864296e-05,0.3410962,-0.35317037,-0.28863823,0.4017564,0.7555911,0.40443698,0.18443201,-0.40201625,0.4669835,-0.29390007,-0.49672958,-0.0288219,0.19892693,-0.13981718,-0.011249302,0.3836874,-0.048975784,0.05735333,1.0789468,-0.5888616,0.60935134,-0.31266403,0.38894925,-0.56721854,0.23506492,-0.8180004,-0.21685864,-0.6677894,1.0651468,0.16050547,0.00056504406,-0.43696287,0.9294308,-0.56910485,-0.18270624,-0.41005793,0.39649457,-0.0945454,0.71031934,0.3078373,-0.44937292,-0.10576407,0.89944816,0.0019549672,0.56358314,-0.06634983,0.6034938,-0.05483332,-0.0050939284,0.49696612,-0.28744686,0.37584427,-0.61805,-0.6713635,0.2849036,-0.5238331,-0.2919145,-0.5388244,-0.3419517,0.07224536,-0.14259703,-0.390599,-0.006781692,-0.26649874,0.18165216,0.6669339,-0.3329172,-0.009660819,0.61143625,-0.62867296,-0.48729795,-0.6206313,0.20220317,0.27904606,0.084953226,-0.11936546,1.197388,-0.16275091,-0.04212545,-0.5218475,-0.31802517,-0.26153472,0.0149606755,0.40215352,-0.5030835,0.07820217,-0.030013263,0.48078346,0.12843797,-0.26242825,0.16854717,0.5088798,-0.26808724,0.25631088,0.15693139,-0.45503187,0.49180356,0.12496316,-0.25329447,-0.24624558,-0.28853896,0.41466284,0.7334516,0.16656157,-0.3747142,0.9648738,-0.29489288,0.6059758,0.21888225,-0.43825352,0.28172663,0.015556357,-0.24118228,-0.23323987,-0.120457545,0.035610963,-0.14547616,-0.4454017,0.1814536,0.21034415,-0.96294945,0.21163478,-0.23343843,-0.058109567,-0.49980727,-0.047585864,-0.7674667,-0.08580875,0.15176882,0.2631612,0.03908577,-0.33321506,0.71160996,0.25601304,-0.44321755,-0.3816638,-0.00568961,0.44663107,-0.68695045,-0.7672682,0.5621932,0.07125256,0.90957475,-1.1447315,0.23933397,-0.11191944,0.49428558,0.11255313,0.78577226,0.39053774,-0.13326469,-0.12790357,-0.2537909,1.207614,-0.22321257,0.08614459,0.4911086,-0.20335652,-0.32318774,0.023498775,0.073833846,-0.10556551,-0.12095394,0.2998949,0.22871098,-0.64793336,0.6148118,-0.3917904,0.15157026,-0.11549353,-0.39864072,-0.09861589,-0.14766032,-0.24922399,-0.19779684,0.35191774,0.12555884,-0.03309095,0.27110365,-0.084617384,0.24826919,-0.38037315,-0.56602716,-0.020879483,-0.49246052,-0.63889885,-0.3134583,0.20994702,0.6186837,0.12496316,-0.4800505,-0.29707706,0.45288572,-0.8358708,-0.42763054,-0.49126917,0.3209423,-0.004895368,0.20627366,-0.24902542,0.41853476,-0.0013212801,0.3797162,0.5343948,0.80165714,0.13221061,-0.17128901,0.35559112,-0.13386036,-0.014426269,-0.027134137,0.38894925,-0.14031358,0.13945808,0.0008628847,-0.58379835,0.08386115,0.7157797,-0.07339872,-0.7134583,0.15802348,-0.19372635,0.33434513,0.09398773,0.3932183,0.13171421,-0.102487825,-0.19511627,-0.10755111,0.14859185,0.344571,0.049113072,-0.17903288,0.04851739,-0.13495246,0.76929176,0.041766334,0.2586936,-0.89831805,-0.35982215,0.28609496,0.0971647,0.25055262,0.24241166,0.35479686,0.3013841,-0.5752602,-0.4881915,-0.33520067,-0.12800284,0.71607757,0.10063951,0.3531091,0.027172143,0.41267723,-0.3419517,-0.39049974,0.22970378,-0.661634,-0.25875488,0.11632578,-0.21914208,0.14978321,0.15325803,0.11920491,0.0700612,-0.2295665,0.06211878,-0.015121231,0.36502272,-0.39447096,-0.37789115,-0.24078517,0.57956725,0.06142382,0.59028953,0.2321858,-0.11678418,-1.0358212,-0.42008525,-0.05552828,0.6457872,-0.2862555,-0.24743694,1.0783511,0.34596092,-0.18220983,0.21143623,0.4966683,-0.3124655,-0.12502444,-0.38831556,0.33087033,-0.27692318,-0.5313784,-0.07270376,-0.743838,0.88098204,-0.36726817,-0.15302145,-1.2477844,-0.65279806,1.0864921,0.21580456,1.5478473,-1.1024382,1.8082592,-1.2019169,1.5670084,-1.2442104,-0.20881693,-0.2867519,-0.93147767,-1.5579358,-0.29151735,0.5538537,-0.78603214,-0.1181741,-0.116387054,0.41237938,0.6883784,0.46827415,0.25124758,-0.6189435,0.33871347,-0.3981443,-0.15937538,-0.20226444,-0.184394,-0.6356226,0.9173186,-0.034877993,0.34030196,-1.0420758,0.71230495,-0.31375614,-0.10894103,0.4224067,0.07194752,0.51434016,1.6874353,0.7582717,-0.44083482,-0.026339896,0.2417167,-0.7615099,-0.5207554,-0.94835526,0.82647717,0.5679515,0.76988745,-0.45215276,0.09577478,0.7664127,1.7032208,0.8165492,1.7357846,1.2923993,-0.0021155218,1.2101952,0.8001679,0.32263008,1.715333,-0.122740984,-0.03825352,-0.46277574,1.3098725,0.77743274,-1.3387251,-1.3735725,-1.2771714,-0.6906238,0.08018778,-0.4483801,-0.75178045,0.7252114,-0.04520314,-0.6208298,0.19982044,1.4129255,-1.2567196,1.3284379,0.26296267,1.265395,-0.2918152,1.2123793,0.18641761,-0.7134583,-0.8428204,1.1604558,1.1552932,-0.68139076,1.0626649,0.43223542,-0.057216045,-0.67007285,0.032533273,-0.8897799,0.33980554,0.527743,-0.44073552,0.13191277,-0.06962607,-1.1981443,0.34606022,-1.4603434,0.42498797,-0.001718401,-1.5800753,-0.049770027,1.5250129,-0.7655804,-0.42872262,-0.69419795,1.6284628,-1.3971019,0.41932902,0.76988745,0.98314136,1.4466807,-1.1659775,1.0264275,0.8479217,0.96517164,0.8286613,
0,0,0,0,1,0,0,0,0,0,0,0,0,0,0,0,0,0,0,0,0,0,0,0,0,0,0,0,0,0,0,0,0,0,0,0,0,0,0,0,0,0,0,0,0,0,0,0,0,0,0,0,0,0,0,0,0,0,0,0,0,0,0,0,0,0,0,0,0,0,0,0,0,0,0,0,0,0,0,0,0,0,0,0,0,0,0,0,0,0,0,0,0,0,0,0,0,0,0,0,0,0,0,0,0,0,0,0,0,0,0,0,0,0,0,0,0,0,0,0,0,0,0,0,0,0,0,0,0,0,0,0,0,0,0,0,0,0,0,0,0,0,0,0,0,0,0,0,0,0,0,0,0,0,0,0,0,0,0,0,0,0,0,0,0,0,0,0,0,0,0,0,0,0,0,0,0,0,0,0,0,0,0,0,0,0,0,0,0,0,0,0,0,0,0,0,0,0,0,0,0,0,0,0,0,0,0,0,0,0,0,0,0,0,0,0,0,0,0,0,0,0,0,0,0,0,0,0,0,0,0,0,0,0,0,0,0,0,0,0,0,0,0,0,0,0,0,0,0,0,0,0,0,0,0,0,0,0,0,0,0,0,0,0,0,0,0,0,0,0,0,0,0,0,0,0,0,0,0,0,0,0,0,0,0,0,0,0,0,0,0,0,0,0,0,0,0,0,0,0,0,0,0,0,0,0,0,0,0,0,0,0,0,0,0,0,0,0,0,0,0,0,0,0,0,0,0,0,0,0,0,0,0,0,0,0,0,0,0,0,0,0,0,0,0,0,0,0,0,0,0,0,0,0,0,0,0,0,0,0,0,0,0,0,0,0,0,0,0,0,0,0,0,0,0,0,0,0,0,0,0,0,0,0,0,0,0,0,0,0,0,0,0,0,0,0,0,0,0,0,0,0,0,0,0,0,0,0,0,0,0,0,0,0,0,0,0,0,0,0,0,0,0,0,0,0,0,0,0,0,0,0,0,0,0,0,0,0,0,0,0,0,0,0,0,0,0,0,0,0,0,0,0,0,0,0,0,0,0,0,0,0,0,0,0,0,0,0,0,0,0,0,0,0,0,0,0,0,0,0,0,0,0,0,0,0,0,0,0,0,0,0,0,0,0,0,0,0,0,0,0,0,0,0,0,0,0,0,0,0,0,0,0,0,0,0,0,0,0,0,0,0,0,0,0,0,0,0,0,0,0,0,0,0,0,0,0,0,0,0,0,0,0,0,0,0,0,0,0,0,0,0,0,0,0,0,0,0,0,0,0,0,0,0,0,0,0,0,0,0,0,0,0,0,0,0,0,0,0,0,0,0,0,0,0,0,0,0,0,0,0,0,0,0,0,0,0,0,0,0,0,0,0,0,0,0,0,0,0,0,0,0,0,0,0,0,0,0,0,0,0,0,0,0,0,0,0,0,0,0,0,0,0,0,0,0,0,0,0,0,0,0,0,0,0,0,0,0,0,0,0,0,0,0,0,0,0,0,0,0,0,0,0,0,0,0,0,0,0,0,0,0,0,0,0,0,0,0,0,0,0,0,0,0,0,0,0,0,0,0,0,0,0,0,0,0,0,0,0,0,0,0,0,0,0,0,0,0,0,0,0,0,0,0,0,0,0,0,0,0,0,0,0,0,0,0,0,0,0,0,0,0,0,0,0,0,0,0,0,0,0,0,0,0,0,0,0,0,0,0,0,0,0,0,0,0,0,0,0,0,0,0,0,0,0,0,0,0,0,0,0,0,0,0,0,0,0,0,0,0,0,0,0,0,0,0,0,0,0,0,0,0,0,0,0,0,0,0,0,0,0,0,0,0,0,0,0,0,0,0,0,0,0,0,0,0,0,0,0,0,0,0,0,0,0,0,0,0,0,0,0,0,0,0,0,0,0,0,0,0,0,0,0,0,0,0,0,0,0,0,0,0,0,0,0,0,0,0,0,0,0,0,0,0,0,0,0,0,0,0,0,0,0,0,0,0,0,0,0,0,0,0,0,0,0,0,0,0,0,0,0,0,0,0,0,0,0,0,0,0,0,0,0,0,0,0,0,0,0,0,0,0,0,0,0,0,0,0,0,0,0,0,0,0,0,0,0,0,0,0,0,0,0,0,0,0,0,0,0,0,0,0,0,0,0,0,0,0,0,0,0,0,0,0,0,0,0,0,0,0,0,0,0,0,0,0,0,0,0,0,0,0,0,0,0,0,0,0,0,0,0,0,0,0,0,0,0,0,0,0,0,0,0,0,0,0,0,0,0,0,0,0,0,0,0,0,0,0,0,0,0,0,0,0,0,0,0,0,0,0,0,0,0,0,0,0,0,0,0,0,0,0,0,0,0,0,0,0,0,0,0,0,0,0,0,0,0,0,0,0,0,0,0,0,0,0,0,0,0,0,0,0,0,0,0,0,0,0,0,0,0,0,0,0,0,0,0,0,0,0,0,0,0,0,0,0,0,0,0,0,0,0,0,0,0,0,0,0,0,0,0,0,0,0,0,0,0,0,0,0,0,0,0,0,0,0,0,0,0,0,0,0,0,0,0,0,0,0,0,0,0,0,0,0,0,0,0,0,0,0,0,0,0,0,0,0,0,0,0,0,0,0,0,0,0,0,0,0,0,0,0,0,0,0,0,0,0,0,0,0,0,0,0,0,0,0,0,0,0,0,0,0,0,0,0,0,0,0,0,0,0,0,0,0,0,0,0,0,0,0,0,0,0,0,0,0,0,0,0,0,0,0,0,0,0,0,0,0,0,0,0,0,0,0,0,0,0,0,0,0,0,0,0,0,0,0,0,0,0,0,0,0,0,0,0,0,0,0,0,0,0,0,0,0,0,0,0,0,0,0,0,0,0,0,0,0,0,0,0,0,0,0,0,0,0,0,0,0,0,0,0,0,0,0,0,0,0,0,0,0,0,0,0,0,0,0,0,0,0,0,0,0,0,0,0,0,0,0,0,0,0,0,0,0,0,0,0,0,0,0,0,0,0,0,0,0,0,0,0,0,0,0,0,0,0,0,0,0,0,0,0,0,0,0,0,0,0,0,0,0,0,0,0,0,0,0,0,0,0,0,0,0,0,0,0,0,0,0,0,0,0,0,0,0,0,0,0,0,0,0,0,0,0,0,0,0,0,0,0,0,0,0,0,0,0,0,0,0,0,0,0,0,0,0,0,0,0,0,0,0,0,0,0,0,0,0,0,0,0,0,0,0,0,0,0,0,0,0,0,0,0,0,0,0,0,0,0,0,0,0,0,0,0,0,0,0,0,0,0,0,0,0,0,0,0,0,0,0,0,0,0,0,0,0,0,0,0,0,0,0,0,0,0,0,0,0,0,0,0,0,0,0,0,0,0,0,0,0,0,0,0,0,0,0,0,0,0,0,0,0,0,0,0,0,0,0,0,0,0,0,0,0,0,0,0,0,0,0,0,0,0,0,0,0,0,0,0,0,0,0,0,0,0,0,0,0,0,0,0,0,0,0,0,0,0,0,0,0,0,0,0,0,0,0,0,0,0,0,0,0,0,0,0,0,0,0,0,0,0,0,0,0,0,0,0,0,0,0,0,0,0,0,0,0,0,0,0,0,0,0,0,0,0,0,0,0,0,0,0,0,0,0,0,0,0,0,0,0,0,0,0,0,0,0,0,0,0,0,0,0,0,0,0,0,0,0,0,0,0,0,0,0,0,0,0,0,0,0,0,0,0,0,0,0,0,0,0,0,0,0,0,0,0,0,0,0,0,0,0,0,0,0,0,0,0,0,0,0,0,0,0,0,0,0,0,0,0,0,0,0,0,0,0,0,0,0,0,0,0,0,0,0,0,0,0,0,0,0,0,0,0,0,0,0,0,0,0,0,0,0,0,0,0,0,0,0,0,0,0,0,0,0,0,0,0,0,0,0,0,0,0,0,0,0,0,0,0,0,0,0,0,0,0,0,0,0,0,0,0,0,0,0,0,0,0,0,0,0,0,0,0,0,0,0,0,0,0,0,0,0,0,0,0,0,0,0,0,0,0,0,0,0,0,0,0,0,0,0,0,0,0,0,0,0,0,0,0,0,0,0,0,0,0,0,0,0,0,0,0,0,0,0,0,0,0,0,0,0,0,0,0,0,0,0,0,0,0,0,0,0,0,0,0,0,0,0,0,0,0,0,0,0,0,0,0,0,0,0,0,0,0,0,0,0,0,0,0,0,0,0,0,0,0,0,0,0,0,0,0,0,0,0,0,0,0,0,0,0,0,0,0,0,0,0,0,0,0,0,0,0,0,0,0,0,0,0,0,0,0,0,0,0,0,0,0,0,0,0,0,0,0,0,0,0,0,0,0,0,0,0,0,0,0,0,0,0,0,0,0,0,0,0,0,0,0,0,0,0,0,0,0,0,0,0,0,0,0,0,0,0,0,0,0,0,0,0,0,0,0,0,0,0,0,0,0,0,0,0,0,0,0,0,0,0,0,0,0,0,0,0,0,0,0,0,0,0,0,0,0,0,0,0,0,0,0,0,0,0,0,0,0,0,0,0,0,0,0,0,0,0,0,0,0,0,0,0,0,0,0,0,0,0,0,0,0,0,0,0,0,0,0,0,0,0,0,0,0,0,0,0,0,0,0,0,0,0,0,0,0,0,0,0,0,0,0,0,0,0,0,0,0,0,0,0,0,0,0,0,0,0,0,0,0,0,0,0,0,0,0,0,0,0,0,0,0,0,0,0,0,0,0,0,0,0,0,0,0,0,0,0,0,0,0,0,0,0,0,0,0,0,0,0,0,0,0,0,0,0,0,0,0,0,0,0,0,0,0,0,0,0,0,0,0,0,0,0,0,0,0,0,0,0,0,0,0,0,0,0,0,0,0,0,0,0,0,0,0,0,0,0,0,0,0,0,0,0,0,0,0,0,0,0,0,0,0,0,0,0,0,0,0,0,0,0,0,0,0,0,0,0,0,0,0,0,0,0,0,0,0,0,0,0,0,0,0,0,0,0,0,0,0,0,0,0,0,0,0,0,0,0,0,0,0,0,0,0,0,0,0,0,0,0,0,0,0,0,0,0,0,0,0,0,0,0,0,0,0,0,0,0,0,0,0,0,0,0,0,0,0,0,0,0,0,0,0,0,0,0,0,0,0,0,0,0,0,0,0,0,0,0,0,0,0,0,0,0,0,0,0,0,0,0,0,0,0,0,0,0,0,0,0,0,0,0,0,0,0,0,0,0,0,0,0,0,0,0,0,0,0,0,0,0,0,0,0,0,0,0,0,0,0,0,0,0,0,0,0,0,0,0,0,0,0,0,0,0,0,0,0,0,0,0,0,0,0,0,0,0,0,0,0,0,0,0,0,0,0,0,0,0,0,0,0,0,0,0,0,0,0,0,0,0,0,0,0,0,0,0,0,0,0,0,0,0,0,0,0,0,0,0,0,0,0,0,0,0,0,0,0,0,0,0,0,0,0,0,0,0,0,0,0,0,0,0,0,0,0,0,0,0,0,0,0,0,0,0,0,0,0,0,0,0,0,0,0,0,0,0,0,0,0,0,0,0,0,0,0,0,0,0,0,0,0,0,0,0,0,0,0,0,0,0,0,0,0,0,0,0,0,0,0,0,0,0,0,0,0,0,0,0,0,0,0,0,0,0,0,0,0,0,0,0,0,0,0,0,0,0,0,0,0,0,0,0,0,0,0,0,0,0,0,0,0,0,0,0,0,0,0,0,0,0,0,0,0,0,0,0,0,0,0,0,0,0,0,0,0,0,0,0,0,0,0,0,0,0,0,0,0,0,0,0,0,0,0,0,0,0,0,0,0,0,0,0,0,0,0,0,0,0,0,0,0,0,0,0,0,0,0,0,0,0,0,0,0,0,0,0,0,0,0,0,0,0,0,0,0,0,0,0,0,0,0,0,0,0,0,0,0,0,0,0,0,0,0,0,0,0,0,0,0,0,0,0,0,0,0,0,0,0,0,0,0,0,0,0,0,0,0,0,0,0,0,0,0,0,0,0,0,0,0,0,0,0,0,0,0,0,0,0,0,0,0,0,0,0,0,0,0,0,0,0,0,0,0,0,0,0,0,0,0,0,0,0,0,0,0,0,0,0,0,0,0,0,0,0,0,0,0,0,0,0,0,0,0,0,0,0,0,0,0,0,0,0,0,0,0,0,0,0,0,0,0,0,0,0,0,0,0,0,0,0,0,0,0,0,0,0,0,0,0,0,0,0,0,0,0,0,0,0,0,0,0,0,0,0,0,0,0,0,0,0,0,0,0,0,0,0,0,0,0,0,0,0,0,0,0,0,0,0,0,0,0,0,0,0,0,0,0,0,0,0,0,0,0,0,0,0,0,0,0,0,0,0,0,0,0,0,0,0,0,0,0,0,0,0,0,0,0,0,0,0,0,0,0,0,0,0,0,0,0,0,0,0,0,0,0,0,0,0,0,0,0,0,0,0,0,0,0,0,0,0,0,0,0,0,0,0,0,0,0,0,0,0,0,0,0,0,0,0,0,0,0,0,0,0,0,0,0,0,0,0,0,0,0,0,0,0,0,0,0,0,0,0,0,0,0,0,0,0,0,0,0,0,0,0,0,0,0,0,0,0,0,0,0,0,0,0,0,0,0,0,0,0,0,0,0,0,0,0,0,0,0,0,0,0,0,0,0,0,0,0,0,0,0,0,0,0,0,0,0,0,0,0,0,0,0,0,0,0,0,0,0,0,0,0,0,0,0,0,0,0,0,0,0,0,0,0,0,0,0,0,0,0,0,0,0,0,0,0,0,0,0,0,0,0,0,0,0,0,0,0,0,0,0,0,0,0,0,0,0,0,0,0,0,0,0,0,0,0,0,0,0,0,0,0,0,0,0,0,0,0,0,0,0,0,0,0,0,0,0,0,0,0,0,0,0,0,0,0,0,0,0,0,0,0,0,0,0,0,0,0,0,0,0,0,0,0,0,0,0,0,0,0,0,0,0,0,0,0,0,0,0,0,0,0,0,0,0,0,0,0,0,0,0,0,0,0,0,0,0,0,0,0,0,0,0,0,0,0,0,0,0,0,0,0,0,0,0,0,0,0,0,0,0,0,0,0,0,0,0,0,0,0,0,0,0,0,0,0,0,0,0,0,0,0,0,0,0,0,0,0,0,0,0,0,0,0,0,0,0,0,0,0,0,0,0,0,0,0,0,0,0,0,0,0,0,0,0,0,0,0,0,0,0,0,0,0,0,0,0,0,0,0,0,0,0,0,0,0,0,0,0,0,0,0,0,0,0,0,0,0,0,0,0,0,0,0,0,0,0,0,0,0,0,0,0,0,0,0,0,0,0,0,0,0,0,0,0,0,0,0,0,0,0,0,0,0,0,0,0,0,0,0,0,0,0,0,0,0,0,0,0,0,0,0,0,0,0,0,0,0,0,0,0,0,0,0,0,0,0,0,0,0,0,0,0,0,0,0,0,0,0,0,0,0,0,0,0,0,0,0,0,0,0,0,0,0,0,0,0,0,0,0,0,0,0,0,0,0,0,0,0,0,0,0,0,0,0,0,0,0,0,0,0,0,0,0,0,0,0,0,0,0,0,0,0,0,0,0,0,0,0,0,0,0,0,0,0,0,0,0,0,0,0,0,0,0,0,0,0,0,0,0,0,0,0,0,0,0,0,0,0,0,0,0,0,0,0,0,0,0,0,0,0,0,0,0,0,0,0,0,0,0,0,0,0,0,0,0,0,0,0,0,0,0,0,0,0,0,0,0,0,0,0,0,0,0,0,0,0,0,0,0,0,0,0,0,0,0,0,0,0,0,0,0,0,0,0,0,0,0,0,0,0,0,0,0,0,0,0,0,0,0,0,0,0,0,0,0,0,0,0,0,0,0,0,0,0,0,0,0,0,0,0,0,0,0,0,0,0,0,0,0,0,0,0,0,0,0,0,0,0,0,0,0,0,0,0,0,0,0,0,0,0,0,0,0,0,0,0,0,0,0,0,0,0,0,0,0,0,0,0,0,0,0,0,0,0,0,0,0,0,0,0,0,0,0,0,0,0,0,0,0,0,0,0,0,0,0,0,0,0,0,0,0,0,0,0,0,0,0,0,0,0,0,0,0,0,0,0,0,0,0,0,0,0,0,0,0,0,0,0,0,0,0,0,0,0,0,0,0,0,0,0,0,0,0,0,0,0,0,0,0,0,0,0,0,0,0,0,0,0,0,0,0,0,0,0,0,0,0,0,0,0,0,0,0,0,0,0,0,0,0,0,0,0,0,0,0,0,0,0,0,0,0,0,0,0,0,0,0,0,0,0,0,0,0,0,0,0,0,0,0,0,0,0,0,0,0,0,0,0,0,0,0,0,0,0,0,0,0,0,0,0,0,0,0,0,0,0,0,0,0,0,0,0,0,0,0,0,0,0,0,0,0,0,0,0,0,0,0,0,0,0,0,0,0,0,0,0,0,0,0,0,0,0,0,0,0,0,0,0,0,0,0,0,0,0,0,0,0,0,0,0,0,0,0,0,0,0,0,0,0,0,0,0,0,0,0,0,0,0,0,0,0,0,0,0,0,0,0,0,0,0,0,0,0,0,0,0,0,0,0,0,0,0,0,0,0,0,0,0,0,0,0,0,0,0,0,0,0,0,0,0,0,0,0,0,0,0,0,0,0,0,0,0,0,0,0,0,0,0,0,0,0,0,0,0,0,0,0,0,0,0,0,0,0,0,0,0,0,0.45911086,-0.25941944,0.6956062,0.09472294,0.4717588,-0.763288,0.7071942,-0.1922935,-1.1488736,-0.39388332,0.7416758,0.33121827,0.77354294,0.033037726,1.2352282,-0.1554802,0.21781074,-0.9308202,0.016362226,0.81713945,1.0586516,-0.3158759,-0.90933996,-0.32965437,0.7444315,0.53563446,-0.64154273,0.2369593,-0.3134735,-0.04256729,0.5461626,-0.3708485,-0.4963387,-0.581412,-0.61278456,-0.23165049,0.08468938,-0.64564097,-0.17597128,0.1948466,-0.003563582,-0.46553144,0.21371251,0.16241416,0.7101619,-0.49761057,0.025901176,0.06306776,-0.19377732,0.1126703,0.0320485,0.006964593,-0.22239418,-0.037126556,-0.19427194,-0.096056074,0.5083601,0.0020184708,0.2985032,-0.16176884,0.38760406,-0.58805394,0.060665354,0.23151855,-0.47196138,0.49090737,0.097196,0.25384676,-0.01331451,-0.2658494,-0.07203205,-0.30527705,0.19251485,0.43798384,-0.25249487,0.16142493,-0.13237475,0.21484306,0.124682315,-0.0058246665,-0.030060668,-0.18310784,-0.078885965,-0.22946006,0.48200434,-0.0267397,0.055436596,0.45946416,-0.058324225,-0.44030622,0.1602944,-0.12778191,-0.70647824,-0.43649063,0.16446327,-0.09252313,-0.31933817,0.16757226,-0.42080435,0.13563444,0.4999517,0.18191601,0.32733202,-0.16819881,0.24218805,-0.22168759,-0.43366426,0.027879626,-0.136049,-0.17688985,-0.33693224,-0.0029276519,-0.08093507,-0.37530002,0.019117923,0.41388917,-0.65475595,-0.5448107,-0.029495396,-0.06623802,0.11648588,-0.51668847,0.442718,0.15004885,-0.10552437,0.28281692,0.52736735,0.063986324,-0.37756112,-0.49937704,0.2771642,0.13309072,0.03678265,-0.22189957,-0.41529295,0.1571854,-0.028152877,-0.045393646,0.43727726,0.020389782,0.23321438,-0.56092095,0.17167048,0.10263674,0.026749084,0.3660531,-0.00688455,0.064975545,0.62070775,-0.8395996,-0.46433023,-0.29700997,-0.081853636,0.43218982,0.13224281,0.1075122,0.20904903,0.06412764,0.10320201,0.3605417,0.05126772,0.19696636,-0.19257613,-0.5421257,0.21286461,-0.09965968,0.3021068,-0.32746395,-0.2161762,-0.011194742,-0.039740935,0.12553021,-0.530043,0.25639048,-0.2842207,-0.46517813,-0.03380559,0.11747511,0.26352704,-0.020168422,0.2953942,-0.3083154,-0.19625038,-0.41501033,0.04928927,-0.06411825,-0.07535302,-0.14975683,0.054306053,-0.112731576,0.44434315,-0.37409884,0.23448624,0.065682136,-0.30082554,0.7264841,-0.05797093,-0.40455282,-0.062351782,-0.028223537,-0.39282343,-0.20868635,0.24868867,0.10313135,-0.14763707,-0.58487433,-0.020733694,-0.04913857,0.114719406,-0.30817407,0.048441365,-0.5398646,-0.4489266,0.056708455,-0.37077785,-0.29432493,0.75651413,0.08610255,0.15845726,-0.5003663,-0.030908573,0.085537285,-0.10623095,-0.24118945,-0.7659024,0.106099024,0.52772063,0.15188599,-0.22719899,0.18078548,0.1917376,0.020813737,-0.17074253,-0.16240478,-0.0016557918,0.2646576,-0.5005076,-0.28386742,-0.2635883,0.06349171,0.727544,0.6198598,0.44653356,-0.4975399,-0.21561092,-0.26146856,0.30359063,-0.55003947,-0.15767063,0.01162808,-0.3610269,0.30337864,0.07868337,-0.020804353,0.112317,-0.1970983,0.52772063,-0.51548725,0.19753163,0.63307303,0.79332745,-0.019179197,0.41007358,0.04158745,0.19096035,-0.045605622,-0.013809121,0.046462916,0.6793546,0.4690031,-0.11859626,-0.08764767,0.2087664,-0.029354079,0.36117762,0.0053394386,-0.053307444,0.06978035,0.2139245,-0.11145971,0.077270195,-0.4978932,-0.4446164,0.25257492,0.34294763,0.08101512,0.115991265,-0.20974624,0.056143183,-0.13456517,0.15746804,-0.23702057,-0.2079091,-0.19780488,0.1039086,-0.06376496,-0.0020090863,0.33015838,-0.06044399,-0.47097218,0.69277984,0.14814107,0.6823223,-0.39254078,-0.6698063,0.13619971,-0.034017567,0.13733025,-0.31778368,-0.30492377,0.15351114,-0.32809988,0.38364714,-0.0839734,0.26543483,-0.3712018,0.37764114,0.16001175,0.37163514,-0.09556146,-0.3620868,-0.05401403,0.2087664,0.25886354,-0.3019561,-0.40978158,0.09620678,-0.21490434,0.22996406,-0.33912268,-0.023842685,0.39212623,0.11486073,0.68140376,0.7447848,0.40067595,-0.28824827,-0.28944945,0.2813331,-0.08630515,0.200146,-0.34534064,0.37071657,-0.1530778,-0.51993877,0.47182944,-0.06284639,-0.2142684,-0.018331291,-0.19646236,-0.20797977,-0.053095467,-0.100083634,-0.25800627,0.24416651,-0.09506685,-0.48263088,-0.009569588,0.18721543,-0.47740212,0.17908967,-0.3008962,0.3280386,0.47946063,-0.29778722,-0.21137139,0.47882468,0.17810044,0.12277452,0.14891832,-0.12834719,-0.4334523,0.113730185,0.25511864,0.5008703,-0.2690997,-0.11428607,-0.31637052,-0.08729437,-0.8044115,-0.29460758,-0.02476125,0.14319494,-0.42306542,-0.08291352,0.111398436,0.36626506,-0.22514987,0.327544,-0.018472608,0.041516792,0.09924511,-0.21370314,0.17223574,-0.37021258,-0.016918113,0.050490472,-0.43048462,0.12807393,0.2539881,0.17053993,0.08214565,-0.3406065,0.24190542,-0.32915977,0.06031206,0.073878564,-0.15894249,0.41311193,0.14065123,0.063845,-0.023984002,0.15669079,-0.060373332,-0.20402287,-0.5457999,-0.28683507,-0.30068424,0.10362596,-0.17582996,-0.0803698,-0.07118414,-0.10474712,-0.28634048,-0.2952435,-0.007661798,0.02441734,0.21625623,-0.047937367,-0.1766072,-0.20041926,-0.3738162,-0.10255669,-0.39247012,0.4542354,-0.088778205,-0.54403347,-0.032816365,-0.123613045,0.0023717652,-0.19625038,-0.0041288533,0.30500382,-0.27588296,0.21696283,0.040668886,0.019824512,0.092461854,-0.74322087,0.04307129,0.4102149,-0.24931522,0.3331967,0.16948006,-0.21334983,0.25745037,0.15520695,-0.1649485,0.2993511,-0.0070965267,-0.112024985,-0.088142276,0.12256254,0.117333785,0.57046926,0.122986495,0.37354293,0.4440605,0.21978918,-0.19052702,-0.081782974,0.4614426,0.17612198,0.26861447,0.16170757,0.34259436,0.18177469,-0.15173528,0.24197608,0.1869328,-0.060161356,-0.019744469,0.12390506,-0.0039168764,0.4593935,-0.11117708,-0.2921345,0.5321015,-0.015363617,0.14298296,-0.12149328,0.24748747,-0.083832085,0.12793262,-0.08573987,-0.09697464,-0.12389568,0.13556378,0.3048625,0.0020184708,0.16842017,0.2988565,-0.20797977,0.690872,0.09175526,-0.2328517,-0.09951836,-0.27779076,0.050914425,-0.27800274,0.64049226,-0.11103576,0.24734615,0.05896954,-0.16212215,-0.07909794,-0.27298594,-0.24387448,-0.3017441,-0.27051288,0.03847846,0.11182239,-0.35678738,-0.08503329,0.05635516,-0.24083614,0.35276923,0.08320554,-0.22331274,-0.03882237,-0.5121663,-0.07337457,-0.17342757,-0.2400589,0.17131718,-0.1963917,0.39756697,0.21625623,0.0777648,-0.21645883,0.44618028,0.06137194,-0.5426203,-0.15540954,0.13669433,-0.10128483,0.33022904,-0.5034046,0.29306245,-0.5337879,0.23137724,0.020955054,-0.061574534,0.21441911,0.3130589,-0.13258672,-0.25101104,-0.14205502,0.40018135,0.17237706,-0.15265384,0.085183986,0.38880527,0.012334669,0.122703865,-0.24634755,0.13987397,0.1415698,-0.002221063,0.15866923,0.2084131,0.05070245,-0.4581829,0.25356412,-0.30103752,0.41388917,-0.0072378446,0.08504267,0.06582345,0.27893066,-0.06637934,0.13047634,-0.49612674,0.18410644,-0.03055528,0.16651237,0.118040375,0.4975493,-0.19292942,0.15895188,-0.19907674,0.80569273,-0.0025036985,-0.29121593,-0.36342934,0.48193368,-0.2479727,0.3950939,-0.32711065,-0.15222989,0.092461854,-0.25595716,-0.23786847,0.050207835,0.11811104,-0.290792,-0.21871991,0.066953994,0.41275862,0.28288758,0.25639048,0.13160688,0.025335906,-0.10001297,0.1298404,0.09104868,0.27363127,-0.24973917,-0.24118945,-0.28033447,0.3763693,-0.27192608,0.027173037,0.10616968,-0.21455105,-0.20522407,0.25165635,0.02498261,-0.07478775,-0.08171232,0.4576977,0.009790949,0.4817217,-0.15117002,0.32704937,0.19611846,0.106452316,-0.27213803,0.26861447,-0.15095803,-0.3103645,-0.25355476,0.13478653,-0.2638003,-0.076200925,-0.13774483,0.3888759,0.20247775,-0.07747278,-0.5773138,0.24112816,-0.30661958,-0.27263266,0.16389799,-0.47464642,-0.32795855,-0.24387448,0.3481764,-0.19837016,0.2756097,-0.21483368,0.036146715,-0.08008716,0.22621915,0.041304816,-0.18035214,0.11189305,-0.11951483,-0.39466056,0.4959948,0.17485012,0.1468692,0.006046028,-0.20472945,0.1376129,-0.43627864,-0.0069552087,-0.10962258,-0.04638287,0.31539068,-0.04850264,0.10666429,0.09422833,0.04999586,0.13097095,0.15817463,0.28048518,0.17774715,0.12870987,0.58149207,-0.3596844,-0.4552859,0.26183122,0.079248644,-0.4365613,-0.092169836,0.021944279,0.26211387,0.34315962,-0.055568527,0.32386974,-0.21674147,-0.34237298,0.5238344,-0.3031573,0.15662013,0.63377964,0.10496848,0.047664117,0.09733732,-0.21985045,0.18233997,0.124329016,0.37212977,-0.10163812,0.1564788,-0.126934,-0.3001896,0.07373725,-0.3787623,0.1754154,-0.026174428,-0.19646236,0.28790435,-0.11421541,-0.5638886,0.251727,-0.08524527,-0.031049892,0.13005239,0.15379378,-0.17222637,-0.15011013,0.36923274,0.019683193,-0.42885947,-0.032109775,0.1650992,0.18128009,0.7472578,0.05119706,-0.52410764,0.2952529,0.13994463,-0.1267927,0.25709707,0.4296461,-0.34929755,0.14213505,-0.2388577,-0.006460597,-0.10714952,0.46688333,0.19103101,0.31920624,0.10023434,0.33574042,-0.022146871,0.17873636,-0.2416134,0.31270564,0.11888828,-0.10474712,-0.6091103,-0.18529826,-0.21320853,0.28394747,0.008377771,-0.2840794,-0.32894778,0.10065829,-0.39444858,0.025830518,-0.20988755,0.4003933,0.22000116,-0.050622407,0.0073178876,-0.19879411,-0.17844434,-0.13180947,0.042506017,-0.30902198,0.34429017,-0.3519826,0.062997095,0.39205557,0.47112286,0.051550355,0.02250955,0.22699639,-0.62642175,0.50828946,-0.4379038,-0.45224756,-0.07450511,-0.32287112,-0.17667787,0.18756872,0.08313488,0.36365068,0.23462754,-0.22938941,0.24148147,0.14983688,0.37905434,0.079248644,-0.5831785,-0.11880824,0.20897837,-0.23341696,-0.034582835,0.114366114,0.13669433,-0.47386917,-0.3394053,-0.09499619,0.30203614,0.14913028,0.5364117,-0.019815128,-0.32492024,-0.47471708,-0.27348056,-0.4781087,-0.13067894,0.046674892,-0.38469765,0.07698756,-0.25539187,-0.3466125,0.41615024,0.10051697,-0.029495396,-0.22345406,0.17280102,-0.101779446,0.14022727,0.2859259,0.059746787,0.37700522,0.002583742,-0.009640247,0.27243006,0.2171748,-0.017412726,0.14453746,0.12878053,-0.15894249,-0.23532476,0.41078016,0.34224105,-0.0843267,-0.052106243,0.07684624,-0.024973227,0.09013011,-0.5677042,-0.06277574,-0.3588365,-0.044192445,-0.001514474,-0.0863758,0.19647175,-0.41684747,-0.42426664,-0.092169836,-0.36667964,0.01925924,-0.23242775,-0.4205217,-0.17540601,0.08829298,0.00039331612,0.1468692,-0.3671036,-0.4129612,0.25441206,0.038831756,0.22346345,0.6017712,-0.04836132,0.15329917,-0.22154628,-0.2993417,-0.17469943,-0.18155333,-0.2376565,-0.04532299,-0.1248849,-0.09202852,0.7432303,-0.23475948,0.19265617,-0.1487676,-0.07973387,0.028444897,0.023004163,0.061159965,0.07500911,0.24720484,-0.41621152,-0.14693047,-0.2328517,-0.3885839,-0.14233765,-0.20564802,0.28062648,0.10503914,0.13231348,-0.23666728,-0.39875877,-0.3856162,-0.043839153,0.31079784,-0.25984338,0.32740268,-0.15081672,-0.080511115,0.34209973,-0.41324386,0.07232407,-0.120928004,0.11457809,-0.37953955,-0.13477714,0.34019193,0.19562384,0.42378142,-0.009216294,0.24155213,0.20191248,0.12277452,0.19830889,-0.19900608,0.030211369,-0.4776141,0.08680914,0.30408525,0.185025,-0.058394883,0.28331152,-0.24154274,-0.21801333,-0.020168422,0.0067526167,-0.24712479,0.06165458,0.06723663,-0.2988471,0.16001175,-0.15434965,0.024629317,-0.041012798,0.45692044,-0.060726628,0.12531824,-0.30697286,-0.1744168,0.18982981,-0.175618,0.32980508,0.026395788,-0.012749238,-0.43239242,-0.3019561,-0.10425251,-0.090474024,0.07783546,0.10765352,-0.26026735,0.025618542,0.3607537,0.19633043,0.1793723,0.11288228,-0.4961974,0.63158923,-0.53414124,-0.058253568,-0.10679623,-0.08962612,0.12772064,0.10532177,0.17993757,-0.36985928,-0.017624702,-0.3964977,-0.34866163,0.20311369,0.24112816,-0.33954662,-0.41932052,-0.16014369,0.046321597,-0.38271922,-0.14262028,-0.23037863,0.11761642,-0.015999548,-0.016070206,0.21017957,-0.3040052,0.096489415,0.39982805,-0.23928165,0.11690983,-0.2710075,-0.13831009,-0.2615392,-0.07507038,0.07006299,-0.23461817,0.36082435,0.4542354,-0.13873404,-0.011689355,-0.08941414,-0.09400696,0.23377964,-0.27764943,-0.072244026,0.433391,-0.06100926,1.2047035,-0.46256375,-1.1131202,-0.016352842,0.77198845,-0.090686,-0.40109053,0.9044032,-0.7474604,0.040668886,-1.7468598,-0.1248849,-0.19391865,-0.3365083,0.3299464,-0.029919349,0.4633504,-0.27037156,0.4801672,-1.2706895,-0.3511347,-0.8417194,0.5117517,-0.2668386,0.74944824,-0.1824719,0.3390614,-0.5498275,-0.98727673,-0.2381511,0.15344048,-0.4795219,-0.22875348,-0.19441326,1.2268904,0.6647282,-0.3990414,0.49436966,-0.36215746,0.58679146,0.14065123,0.2405629,-0.43896368,-0.7787623,0.75545424,-0.5239663,0.22162631,0.2298934,-0.09266445,0.5325961,-0.50792676,0.9080775,-0.77975154,0.0063286633,-1.2853159,0.056637798,-0.37007126,0.45501265,0.96241415,-0.22529119,-0.98063475,1.2370653,-0.025326522,-1.6403768,0.042506017,0.22120236,-0.15731734,-0.060726628,0.41198137,0.7941047,0.16078901,0.32379907,-0.3738162,-0.75756466,0.27900133,-0.1470718,-0.18261322,0.52531826,0.100799605,-0.18713538,-0.79720426,0.5626968,-0.3306436,0.4389024,0.29532355,-0.21236062,0.8280916,-1.6718907,-0.060302675,0.27073425,-0.38575754,0.23625271,-0.87584764,0.31701583,-1.2021503,0.8573444,0.41247597,-0.077614106,0.4970547,0.045685668,0.48560795,0.35439438,0.621485,-0.6795572,-0.81147736,1.1628734,0.17379025,1.2774822,-0.9732863,-0.42730498,-0.19837016,0.18615554,0.5128116,-0.20699054,-0.1046058,0.76803154,-0.9186669,0.1793723,0.49232054,0.76972735,0.045826986,1.0569558,-1.4285415,-1.1012495,-0.53562504,-0.004906101,-0.46037334,-1.2261745,
0,0,0,0,0,0,0,0,0,0,0,0,0,0,0,0,1,0,0,0,0,0,0,0,0,0,0,0,0,0,0,0,0,0,0,0,0,0,0,0,0,0,0,0,0,0,0,0,0,0,0,0,0,0,0,0,0,0,0,0,0,0,0,0,0,0,0,0,0,0,0,0,0,0,0,0,0,0,0,0,0,0,0,0,0,0,0,0,0,0,0,0,0,0,0,0,0,0,0,0,0,0,0,0,0,0,0,0,0,0,0,0,0,0,0,0,0,0,0,0,0,0,0,0,0,0,0,0,0,0,0,0,0,0,0,0,0,0,0,0,0,0,0,0,0,0,0,0,0,0,0,0,0,0,0,0,0,0,0,0,0,0,0,0,0,0,0,0,0,0,0,0,0,0,0,0,0,0,0,0,0,0,0,0,0,0,0,0,0,1,0,0,0,0,0,0,0,0,0,0,0,0,0,0,0,0,0,0,0,0,0,0,0,0,0,0,0,0,0,0,0,0,0,0,0,0,0,0,0,0,0,0,0,0,0,0,0,0,0,0,0,0,0,0,0,0,0,0,0,0,0,0,0,0,0,0,0,0,0,0,0,0,0,0,0,0,0,0,0,0,0,0,0,0,0,0,0,0,0,0,0,0,0,0,0,0,0,0,0,0,0,0,0,0,0,0,0,0,0,0,0,0,0,0,0,0,0,0,0,0,0,0,0,0,0,0,0,0,0,0,0,0,0,0,0,0,0,0,0,0,0,0,0,0,0,0,0,0,0,0,0,0,0,0,0,0,0,0,0,0,0,0,0,0,0,0,0,0,0,0,0,0,0,0,0,0,0,0,0,0,0,0,0,0,0,0,0,0,0,0,0,0,0,0,0,0,0,0,0,0,0,0,0,0,0,0,0,0,0,0,0,0,0,0,0,0,0,0,0,0,0,0,0,0,0,0,0,0,0,0,0,0,0,0,0,0,0,0,0,0,0,0,0,0,0,0,0,0,0,0,0,0,0,0,0,0,0,0,0,0,0,0,0,0,0,0,0,0,0,0,0,0,0,0,0,0,0,0,0,0,0,0,0,0,0,0,0,0,0,0,0,0,0,0,0,0,0,0,0,0,0,0,0,0,0,0,0,0,0,0,0,0,0,0,0,0,0,0,0,0,0,0,0,0,0,0,0,0,0,0,0,0,0,0,0,0,0,0,0,0,0,0,0,0,0,0,0,0,0,0,0,0,0,0,0,0,0,0,0,0,0,0,0,0,0,0,0,0,0,0,0,0,0,0,0,0,0,0,0,0,0,0,0,0,0,0,0,0,0,0,0,0,0,0,0,0,0,0,0,0,0,0,0,0,0,0,0,0,0,0,0,0,0,0,0,0,0,0,0,0,0,0,0,0,0,0,0,0,0,0,0,0,0,0,0,0,0,0,0,0,0,0,0,0,0,0,0,0,0,0,0,0,0,0,0,0,0,0,0,0,0,0,0,0,0,0,0,0,0,0,0,0,0,0,0,0,0,0,0,0,0,0,0,0,0,0,0,0,0,0,0,0,0,0,0,0,0,0,0,0,0,0,0,0,0,0,0,0,0,0,0,0,0,0,0,0,0,0,0,0,0,0,0,0,0,0,0,0,0,0,0,0,0,0,0,0,0,0,0,0,0,0,0,0,0,0,0,0,0,0,0,0,0,0,0,0,0,0,0,0,0,0,0,0,0,0,0,0,0,0,0,0,0,0,0,0,0,0,0,0,0,0,0,0,0,0,0,0,0,0,0,0,0,0,0,0,0,0,0,0,0,0,0,0,0,0,0,0,0,0,0,0,0,0,0,0,0,0,0,0,0,0,0,0,0,0,0,0,0,0,0,0,0,0,0,0,0,0,0,0,0,0,0,0,0,0,0,0,0,0,0,0,0,0,0,0,0,0,0,0,0,0,0,0,0,0,0,0,0,0,0,0,0,0,0,0,0,0,0,0,0,0,0,0,0,0,0,0,0,0,0,0,0,0,0,0,0,0,0,0,0,0,0,0,0,0,0,0,0,0,0,0,0,0,0,0,0,0,0,0,0,0,0,0,0,0,0,0,0,0,0,0,0,0,0,0,0,0,0,0,0,0,0,0,0,0,0,0,0,0,0,0,0,0,0,0,0,0,0,0,0,0,0,0,0,0,0,0,0,0,0,0,0,0,0,0,0,0,0,0,0,0,0,0,0,0,0,0,0,0,0,0,0,0,0,0,0,0,0,0,0,0,0,0,0,0,0,0,0,0,0,0,0,0,0,0,0,0,0,0,0,0,0,0,0,0,0,0,0,0,0,0,0,0,0,0,0,0,0,0,0,0,0,0,0,0,0,0,0,0,0,0,0,0,0,0,0,0,0,0,0,0,0,0,0,0,0,0,0,0,0,0,0,0,0,0,0,0,0,0,0,0,0,0,0,0,0,0,0,0,0,0,0,0,0,0,0,0,0,0,0,0,0,0,0,0,0,0,0,0,0,0,0,0,0,0,0,0,0,0,0,0,0,0,0,0,0,0,0,0,0,0,0,0,0,0,0,0,0,0,0,0,0,0,0,0,0,0,0,0,0,0,0,0,0,0,0,0,0,0,0,0,0,0,0,0,0,0,0,0,0,0,0,0,0,0,0,0,0,0,0,0,0,0,0,0,0,0,0,0,0,0,0,0,0,0,0,0,0,0,0,0,0,0,0,0,0,0,0,0,0,0,0,0,0,0,0,0,0,0,0,0,0,0,0,0,0,0,0,0,0,0,0,0,0,0,0,0,0,0,0,0,0,0,0,0,0,0,0,0,0,0,0,0,0,0,0,0,0,0,0,0,0,0,0,0,0,0,0,0,0,0,0,0,0,0,0,0,0,0,0,0,0,0,0,0,0,0,0,0,0,0,0,0,0,0,0,0,0,0,0,0,0,0,0,0,0,0,0,0,0,0,0,0,0,0,0,0,0,0,0,0,0,0,0,0,0,0,0,0,0,0,0,0,0,0,0,0,0,0,0,0,0,0,0,0,0,0,0,0,0,0,0,0,0,0,0,0,0,0,0,0,0,0,0,0,0,0,0,0,0,0,0,0,0,0,0,0,0,0,0,0,0,0,0,0,0,0,0,0,0,0,0,0,0,0,0,0,0,0,0,0,0,0,0,0,0,0,0,0,0,0,0,0,0,0,0,0,0,0,0,0,0,0,0,0,0,0,0,0,0,0,0,0,0,0,0,0,0,0,0,0,0,0,0,0,0,0,0,0,0,0,0,0,0,0,0,0,0,0,0,0,0,0,0,0,0,0,0,0,0,0,0,0,0,0,0,0,0,0,0,0,0,0,0,0,0,0,0,0,0,0,0,0,0,0,0,0,0,0,0,0,0,0,0,0,0,0,0,0,0,0,0,0,0,0,0,0,0,0,0,0,0,0,0,0,0,0,0,0,0,0,0,0,0,0,0,0,0,0,0,0,0,0,0,0,0,0,0,0,0,0,0,0,0,0,0,0,0,0,0,0,0,0,0,0,0,0,0,0,0,0,0,0,0,0,0,0,0,0,0,0,0,0,0,0,0,0,0,0,0,0,0,0,0,0,0,0,0,0,0,0,0,0,0,0,0,0,0,0,0,0,0,0,0,0,0,0,0,0,0,0,0,0,0,0,0,0,0,0,0,0,0,0,0,0,0,0,0,0,0,0,0,0,0,0,0,0,0,0,0,0,0,0,0,0,0,0,0,0,0,0,0,0,0,0,0,0,0,0,0,0,0,0,0,0,0,0,0,0,0,0,0,0,0,0,0,0,0,0,0,0,0,0,0,0,0,0,0,0,0,0,0,0,0,0,0,0,0,0,0,0,0,0,0,0,0,0,0,0,0,0,0,0,0,0,0,0,0,0,0,0,0,0,0,0,0,0,0,0,0,0,0,0,0,0,0,0,0,0,0,0,0,0,0,0,0,0,0,0,0,0,0,0,0,0,0,0,0,0,0,0,0,0,0,0,0,0,0,0,0,0,0,0,0,0,0,0,0,0,0,0,0,0,0,0,0,0,0,0,0,0,0,0,0,0,0,0,0,0,0,0,0,0,0,0,0,0,0,0,0,0,0,0,0,0,0,0,0,0,0,0,0,0,0,0,0,0,0,0,0,0,0,0,0,0,0,0,0,0,0,0,0,0,0,0,0,0,0,0,0,0,0,0,0,0,0,0,0,0,0,0,0,0,0,0,0,0,0,0,0,0,0,0,0,0,0,0,0,0,0,0,0,0,0,0,0,0,0,0,0,0,0,0,0,0,0,0,0,0,0,0,0,0,0,0,0,0,0,0,0,0,0,0,0,0,0,0,0,0,0,0,0,0,0,0,0,0,0,0,0,0,0,0,0,0,0,0,0,0,0,0,0,0,0,0,0,0,0,0,0,0,0,0,0,0,0,0,0,0,0,0,0,0,0,0,0,0,0,0,0,0,0,0,0,0,0,0,0,0,0,0,0,0,0,0,0,0,0,0,0,0,0,0,0,0,0,0,0,0,0,0,0,0,0,0,0,0,0,0,0,0,0,0,0,0,0,0,0,0,0,0,0,0,0,0,0,0,0,0,0,0,0,0,0,0,0,0,0,0,0,0,0,0,0,0,0,0,0,0,0,0,0,0,0,0,0,0,0,0,0,0,0,0,0,0,0,0,0,0,0,0,0,0,0,0,0,0,0,0,0,0,0,0,0,0,0,0,0,0,0,0,0,0,0,0,0,0,0,0,0,0,0,0,0,0,0,0,0,0,0,0,0,0,0,0,0,0,0,0,0,0,0,0,0,0,0,0,0,0,0,0,0,0,0,0,0,0,0,0,0,0,0,0,0,0,0,0,0,0,0,0,0,0,0,0,0,0,0,0,0,0,0,0,0,0,0,0,0,0,0,0,0,0,0,0,0,0,0,0,0,0,0,0,0,0,0,0,0,0,0,0,0,0,0,0,0,0,0,0,0,0,0,0,0,0,0,0,0,0,0,0,0,0,0,0,0,0,0,0,0,0,0,0,0,0,0,0,0,0,0,0,0,0,0,0,0,0,0,0,0,0,0,0,0,0,0,0,0,0,0,0,0,0,0,0,0,0,0,0,0,0,0,0,0,0,0,0,0,0,0,0,0,0,0,0,0,0,0,0,0,0,0,0,0,0,0,0,0,0,0,0,0,0,0,0,0,0,0,0,0,0,0,0,0,0,0,0,0,0,0,0,0,0,0,0,0,0,0,0,0,0,0,0,0,0,0,0,0,0,0,0,0,0,0,0,0,0,0,0,0,0,0,0,0,0,0,0,0,0,0,0,0,0,0,0,0,0,0,0,0,0,0,0,0,0,0,0,0,0,0,0,0,0,0,0,0,0,0,0,0,0,0,0,0,0,0,0,0,0,0,0,0,0,0,0,0,0,0,0,0,0,0,0,0,0,0,0,0,0,0,0,0,0,0,0,0,0,0,0,0,0,0,0,0,0,0,0,0,0,0,0,0,0,0,0,0,0,0,0,0,0,0,0,0,0,0,0,0,0,0,0,0,0,0,0,0,0,0,0,0,0,0,0,0,0,0,0,0,0,0,0,0,0,0,0,0,0,0,0,0,0,0,0,0,0,0,0,0,0,0,0,0,0,0,0,0,0,0,0,0,0,0,0,0,0,0,0,0,0,0,0,0,0,0,0,0,0,0,0,0,0,0,0,0,0,0,0,0,0,0,0,0,0,0,0,0,0,0,0,0,0,0,0,0,0,0,0,0,0,0,0,0,0,0,0,0,0,0,0,0,0,0,0,0,0,0,0,0,0,0,0,0,0,0,0,0,0,0,0,0,0,0,0,0,0,0,0,0,0,0,0,0,0,0,0,0,0,0,0,0,0,0,0,0,0,0,0,0,0,0,0,0,0,0,0,0,0,0,0,0,0,0,0,0,0,0,0,0,0,0,0,0,0,0,0,0,0,0,0,0,0,0,0,0,0,0,0,0,0,0,0,0,0,0,0,0,0,0,0,0,0,0,0,0,0,0,0,0,0,0,0,0,0,0,0,0,0,0,0,0,0,0,0,0,0,0,0,0,0,0,0,0,0,0,0,0,0,0,0,0,0,0,0,0,0,0,0,0,0,0,0,0,0,0,0,0,0,0,0,0,0,0,0,0,0,0,0,0,0,0,0,0,0,0,0,0,0,0,0,0,0,0,0,0,0,0,0,0,0,0,0,0,0,0,0,0,0,0,0,0,0,0,0,0,0,0,0,0,0,0,0,0,0,0,0,0,0,0,0,0,0,0,0,0,0,0,0,0,0,0,0,0,0,0,0,0,0,0,0,0,0,0,0,0,0,0,0,0,0,0,0,0,0,0,0,0,0,0,0,0,0,0,0,0,0,0,0,0,0,0,0,0,0,0,0,0,0,0,0,0,0,0,0,0,0,0,0,0,0,0,0,0,0,0,0,0,0,0,0,0,0,0,0,0,0,0,0,0,0,0,0,0,0,0,0,0,0,0,0,0,0,0,0,0,0,0,0,0,0,0,0,0,0,0,0,0,0,0,0,0,0,0,0,0,0,0,0,0,0,0,0,0,0,0,0,0,0,0,0,0,0,0,0,0,0,0,0,0,0,0,0,0,0,0,0,0,0,0,0,0,0,0,0,0,0,0,0,0,0,0,0,0,0,0,0,0,0,0,0,0,0,0,0,0,0,0,0,0,0,0,0,0,0,0,0,0,0,0,0,0,0,0,0,0,0,0,0,0,0,0,0,0,0,0,0,0,0,0,0,0,0,0,0,0,0,0,0,0,0,0,0,0,0,0,0,0,0,0,0,0,0,0,0,0,0,0,0,0,0,0,0,0,0,0,0,0,0,0,0,0,0,0,0,0,0,0,0,0,0,0,0,0,0,0,0,0,0,0,0,0,0,0,0,0,0,0,0,0,0,0,0,0,0,0,0,0,0,0,0,0,0,0,0,0,0,0,0,0,0,0,0,0,0,0,0,0,0,0,0,0,0,0,0,0,0,0,0,0,0,0,0,0,0,0,0,0,0,0,0,0,0,0,0,0,0,0,0,0,0,0,0,0,0,0,0,0,0,0,0,0,0,0,0,0,0,0,0,0,0,0,0,0,0,0,0,0,0,0,0,0,0,0,0,0,0,0,0,0,0,0,0,0,0,0,0,0,0,0,0,0,0,0,0,0,0,0,0,0,0,0,0,0,0,0,0,0,0,0,0,0,0,0,0,0,0,0,0,0,0,0,0,0,0,0,0,0,0,0,0,0,0,0,0,0,0,0,0,0,0,0,0,0,0,0,0,0,0,0,0,0,0,0,0,0,0,0,0,0,0,0,0,0,0,0,0,0,0,0,0,0,0,0,0,0,0,0,0,0,0,0,0,0,0,0,0,0,0,0,0,0,0,0,0,0,0,0,0,0,0,0,0,0,0,0,0,0,0,0,0,0,0,0,0,0,0,0,0,0,0,0,0,0,0,0,0,0,0,0,0,0,0,0,0,0,0,0,0,0,0,0,0,0,0,0,0,0,0,0,0,0,0,0,0,0,0,0,0,0,0,0,0,0,0,0,0,0,0,0,0,0,0,0,0,0,0,0,0,0,0,0,0,0,0,0,0,0,0,0,0,0,0,0,0,0,0,0,0,0,0,0,0,0,0,0,0,0,0,0,0,0,0,0,0,0,0,0,0,0,0,0,0,0,0,0,0,0,0,0,0,0,0,0,0,0,0,0,0,0,0,0,0,0,0,0,0,0,0,0,0,0,0,0,0,0,0,0,0,0,0,0,0,0,0,0,0,0,0,0,0,0,0,0,0,0,0,0,0,0,0,0,0,0,0,0,0,0,0,0,0,0,0,0,0,0,0,0,0,0,0,0,0,0,0,0,0,0,0,0,0,0,0,0,0,0,0,0,0,0,0,0,0,0,0,0,0,0,0,0,0,0,0,0,0,0,0,0,0,0,0,0,0,0,0,0,0,0,0,0,0,0,0,0,0,0,0,0,0,0,0,0,0,0,0,0,0,0,0,0,0,0,0,0,0,0,0,0,0,0,0,0,0,0,0,0,0,0,0,0,0,0,0,0,0,0,0,0,0,0,0,0,0,0,0,0,0,0,0,0,0,0,0,0,0,0,0,0,0,0,0,0,0,0,0,0,0,0,0,0,0,0,0,0,0,0,0,0,0,0,0,0,0,0,0,0,0,0,0,0,0,0,0,0,0,0,0,0,0,0,0,0,0,0,0,0,0,0,0,0,0,0,0,0,0,0,0,0,0,0,0,0,0,0,0,0,0,0,0,0,0,0,0,0,0,0,0,0,0,0,0,0,0,0,0,0,0,0,0,0,0,0,0,0,0,0,0,0,0,0,0,0,0,0,0,0,0,0,0,0,0,0,0,0,0,0,0,0,0,0,0,0,0,0,0,0,0,0,0,0,0,0,0,0,0,0,0,0,0,0,0,0,0,0,0,0,0,0,0,0,0,0,0,0,0,0,0,0,0,0,0,0,0,0,0,0,0,0,0,0,0,0,0,0,0,0,0,0,0,0,0,0,0,0,0,0,0,0,0,0,0,0,0,0,0,0,0,0,0,0,0,0,0,0,0,0,0,0,0,0,0,0,0,0,0,0,0,0,0,0,0,0,0,0,0,0,0,0,0,0,0,0,0,0,0,0,0,0,0,0,0,0,0,0,0,0,0,0,0,0,0,0,0,-0.5567052,-1.7733326,-0.036924753,-0.9056934,-0.76777965,0.7988399,-0.43886986,1.156989,0.83974975,1.2753263,0.81515366,0.30980465,0.34343603,0.7122517,-1.0582894,-0.20043848,0.53618896,0.17239289,0.4681733,0.55576545,0.37217328,-0.23394436,0.28031448,-0.2656934,0.08103603,0.71852624,0.005114461,-0.03240711,-0.13894829,0.138887,-0.4768934,0.13549878,-0.07645417,0.42763996,0.1531929,-0.017348284,-0.43636006,0.30202428,-0.37097967,0.5000478,0.22547525,-0.094273776,0.3822125,0.580236,-0.10105024,-0.35654828,-0.27372476,0.497538,-0.6707757,0.19071446,-0.3869169,0.38283995,-0.32994437,-0.22854829,0.16160074,-0.2270424,0.033224266,0.586887,-0.09088554,-0.48279142,0.10249485,-0.09088554,0.24530269,-0.29330122,0.21179682,-0.069050245,-0.38026592,0.35585955,0.12357721,-0.14861102,0.2657576,-0.04495613,-0.1527522,0.41847917,-0.069928676,-0.18462671,-0.114352204,0.35008702,0.59793013,0.09308309,0.19096544,-0.3537875,-0.7617561,0.039247796,0.37982818,0.06020466,-0.33885416,0.6487537,0.09145172,-0.19416396,0.24367133,0.158338,-0.0709326,0.07563995,0.3221027,-0.048469853,-0.057003185,-0.36068946,0.1339929,0.15394583,0.16988309,0.10475367,-0.5087679,0.35548308,0.12407917,0.020047795,-0.061520834,0.07714583,-0.6509483,0.053177208,0.0067458334,0.26638505,0.07752231,-0.18851691,-0.25188947,-0.4433875,-0.43134046,0.41233015,-0.23030515,-0.31049338,0.31005564,0.032722306,0.1594674,-0.31827378,0.0069968137,-0.19742672,0.3758125,-0.018979657,-0.01446201,-0.22089338,0.03636152,-0.004171814,0.23802426,-0.010320833,0.4282674,0.31018114,0.30880073,-0.38666594,-0.14434436,-0.16994436,-0.20621103,-0.26318356,0.26349878,0.06936544,-0.31626594,-0.13443063,-0.2615522,-0.05901103,-0.09113652,-0.29945025,0.43228307,0.62378114,-0.24398358,-0.0465875,0.11742818,0.22710662,0.17490269,0.29612622,0.18092622,0.2375223,0.00047132352,0.32812622,0.11040074,-0.1809875,-0.14283848,0.35033798,0.3272478,-0.07494828,0.19322427,0.3513419,-0.03416397,0.25094974,-0.4230581,0.31745955,-0.019858088,0.132738,0.16523995,0.08028309,-0.022116913,0.097977206,0.3461968,-0.0632777,-0.16479926,0.071875244,-0.46810907,-0.07808554,-0.13355221,-0.37788162,0.0016007352,-0.11987378,-0.24536397,0.06585172,-0.08272868,0.254087,0.10713799,-0.015465931,0.1146674,0.085302696,0.04276152,-0.015340441,0.008502696,-0.21876004,0.121569365,-0.1080777,-0.187513,-0.17559142,-0.26167768,0.09822819,0.18418898,0.08254191,-0.44665024,0.4129576,0.0622125,0.2119223,0.209287,-0.3770032,-0.07030515,-0.04106593,0.13549878,-0.018854167,-0.45342672,0.22246347,-0.00856397,-0.1861326,0.18305956,-0.21512084,0.209287,0.3962674,0.34469092,-0.13417965,-0.2104777,-0.006430637,-0.0012855392,-0.21913652,0.108643875,0.16636936,0.43378899,0.23814976,0.1314831,0.26751447,0.2939929,0.03560858,-0.015089461,0.33841643,-0.29279926,0.09371054,-0.08536397,-0.27359927,-0.15375613,0.26299682,-0.056124754,0.40693408,-0.14911298,0.286338,-0.17094828,-0.0017875,0.24040858,-0.21599926,-0.20734043,0.01665956,-0.21035221,0.3897419,-0.5669953,0.25647134,-0.03328554,-0.18387377,-0.0036698529,0.08630662,-0.4408777,0.12257329,-0.2503836,0.022055637,0.26123995,0.010385049,0.08743603,0.06196152,0.0068713236,-0.07055613,0.32913014,0.018416421,-0.0054267156,0.013773284,0.24329485,0.034353677,0.24254191,0.2692713,-0.33910516,-0.04721495,-0.080218874,-0.0952777,0.16273014,0.052800734,-0.02801495,0.48022035,0.063718386,0.24304387,-0.16994436,0.6019458,0.16624387,-0.025003185,-0.2014424,0.11328701,-0.47576398,-0.51930904,0.75479287,0.04840858,0.15419681,-0.009065932,-0.11359926,0.19410269,-0.04508162,-0.030399265,-0.12953652,0.10676152,0.20502034,-0.07080711,-0.093771815,0.2656321,0.25107524,0.08768701,0.48774976,-0.07946593,0.22309093,-0.7313875,0.13612622,-0.38729337,-0.04520711,0.34707525,-0.57301885,-0.50763845,-0.07595221,-0.057254165,-0.14748162,0.15720858,0.097726226,0.0010987745,-0.24787377,-0.76062673,0.31858897,-0.22528554,-0.24297966,0.027577206,0.07777329,-0.29832083,-0.02776397,-0.15601495,-0.1513718,-0.3626973,-0.2783679,0.27880856,0.07062034,0.75780463,0.020926226,-0.10406201,-0.24323064,0.19033799,0.10036152,0.14102034,0.1646125,0.25207916,-0.27673653,-0.09879142,0.27918506,0.08618113,-0.26832867,-0.043199264,-0.23193651,-0.3190267,0.11642426,-0.12627378,0.0008477941,-0.20470515,-0.3063522,0.16423602,-0.2564071,0.1377576,-0.07532475,0.38773406,0.04476936,0.45913798,0.14089486,0.07099681,-0.174462,0.10688701,0.1558282,0.43002427,-0.31124634,-0.13028947,-0.17659535,-0.12790515,-0.40925416,-0.20382671,-0.2998267,0.025569363,-0.047842402,0.3449419,0.11542034,0.0993576,-0.20332475,0.13788308,-0.11410122,-0.20483063,0.051671322,-0.068548284,0.32172623,-0.16793652,-0.21123064,-0.29581103,0.18920858,-0.0021639706,-0.29443064,-0.024626715,0.18531838,0.07639289,-0.019983578,0.0430125,-0.42719927,-0.21236005,0.48298112,-0.09929338,-0.105818875,0.2783066,0.47896543,-0.39908946,0.1531929,-0.19152868,0.5659301,0.2234674,0.16800073,0.071624264,0.012894853,-0.3232934,0.23049486,0.13574976,0.26613408,0.29600075,0.29198503,-0.1887679,0.21367916,0.4630282,0.034479167,-0.06516005,0.23149878,-0.11259534,-0.02776397,-0.009818872,0.5723302,-0.07281495,0.035106618,0.019545833,0.18469094,-0.16341887,0.15432231,-0.104563974,0.35259682,0.1557027,-0.035920832,0.027451716,-0.12276005,0.23137328,-0.09891691,0.12646349,-0.030022794,-0.07156005,-0.32279143,-0.006430637,-0.15614045,-0.20520711,0.3424321,-0.5628542,-0.09828946,-0.3076071,0.10073799,0.11429093,0.23262818,0.31080857,0.19485563,0.0698674,0.0789027,-0.11385024,0.74374974,0.03736544,0.04276152,0.47507524,0.09145172,-0.27912083,-0.28025025,0.17716151,0.06233799,-0.0862424,-0.18286985,0.30679289,-0.13631299,-0.093269855,0.21907525,0.110275246,-0.106571816,-0.3973326,0.1902125,0.16473798,-0.50437576,-0.28050122,-0.7180855,0.20200858,0.06647917,0.026071323,-0.24950515,-0.13794436,0.03686348,0.40731055,-0.08436005,0.28219682,0.34807917,-0.30057967,-0.16580318,-0.3269326,0.6732243,0.09145172,-0.44941103,-0.114854164,-0.28539535,-0.1809875,-0.36156788,-0.13267377,-0.30271298,-0.102430634,0.12006348,-0.33797574,0.14716937,0.046275247,-0.114854164,-0.2975679,0.15758505,-0.24536397,-0.36244634,-0.19052476,0.15921642,0.051294852,-0.40486202,-0.3818973,-0.38792083,-0.15952867,0.19535759,-0.18148947,0.05418113,-0.28163064,0.2158125,0.11303603,0.13562426,-0.33935612,-0.037552208,-0.1527522,-0.0040463237,-0.037552208,-0.20821887,0.06083211,-0.2743522,0.18105172,-0.17145024,0.15520073,0.09120073,0.5494909,0.19899681,0.5029341,-0.13003848,-0.09916789,-0.17521495,0.10023603,-0.27397573,0.03611054,-0.15337966,0.7038439,-0.27899534,-0.08950514,0.03159289,-0.39381889,-0.17973259,0.09207917,-0.12050123,0.009255637,-0.08436005,0.2544635,0.005114461,0.24065956,0.22020465,-0.27610907,-0.024375735,0.13323995,-0.12539534,0.1864478,-0.2565326,0.14691839,-0.15312868,0.03008701,-0.26920712,0.12433015,-0.20169339,0.13750662,0.16749877,-0.13631299,0.05430662,0.045145832,0.29060465,0.08806348,0.3297576,-0.102179654,-0.09716005,0.014024265,0.34582034,0.071875244,-0.0337875,-0.6837012,0.23702034,0.4039223,0.13825956,0.555389,-0.32793653,-0.013207108,0.025694853,-0.057505146,-0.40536398,0.28922427,-0.08975613,0.10274583,-0.38365418,0.32122427,0.11278505,0.09985956,-0.35341102,0.07752231,-0.0040463237,0.29612622,-0.093269855,-0.3771287,-0.104563974,-0.05976397,-0.50814044,0.2809419,0.117930144,0.3937576,-0.07908946,-0.15237573,-0.037552208,0.12646349,-0.18814044,0.10500465,-0.2757326,-0.02061103,-0.2104777,0.14980465,-0.03830515,0.36200857,0.18945956,-0.14296398,0.49916935,0.15984388,-0.20545809,0.14629093,0.20753014,0.21003996,-0.3690973,-0.0952777,-0.094148286,0.0366125,0.019420343,0.14955367,-0.035669852,-0.24887769,-0.115732595,0.041130148,-0.061269853,0.08605564,0.2542125,-0.26406202,-0.07908946,0.038996812,0.19460465,-0.07683064,0.04916152,-0.009316912,-0.0078110294,-0.15852475,-0.17534044,0.11692622,-0.20495613,0.53518504,-0.14559926,0.27178112,0.32511446,0.09308309,0.045522302,-0.12150515,0.12960073,0.012518383,0.14880073,0.117930144,0.298887,-0.16843848,-0.31865025,0.010134068,0.16385956,-0.17145024,0.30114582,-0.08825024,-0.3842816,0.008126225,-0.03868162,0.08705956,-0.12878358,0.034604657,-0.06340319,-0.3255522,-0.14585024,0.6998282,0.14742035,0.32837722,0.23676936,0.1621027,0.503938,-0.13643847,0.17728701,-0.2511365,0.4565027,-0.3473875,0.040628187,-0.082352206,0.30641642,0.25634584,0.17979681,-0.15789731,-0.07406985,0.019420343,-0.1439679,-0.13054045,0.0064948527,0.4104478,0.11968701,-0.09803848,0.18318506,-0.3806424,-0.16065809,-0.4189169,0.10688701,0.0686125,0.32850268,-0.20131691,-0.105818875,-0.06691691,-0.62409335,-0.12363848,-0.27334827,-0.19190514,0.16172622,0.2810674,0.16385956,0.24454975,0.24956936,-0.20119143,-0.2641875,0.10274583,0.36200857,-0.3207836,0.16436152,0.26914585,-0.3066032,-0.005677696,0.30214974,0.15658113,0.05618897,0.5368164,-0.07105809,0.097224265,-0.38315222,0.026196813,-0.31488553,-0.15789731,-0.016344363,0.21894975,0.01653407,0.22384387,0.32172623,-0.23946594,0.27165565,-0.2168777,0.0064948527,0.17465171,-0.013960049,0.2569733,-0.21022671,0.083796814,0.5811145,0.21003996,-0.05876005,0.23865172,-0.048093382,0.01063603,0.3822125,0.47846347,0.3128164,0.11730269,-0.3476385,0.46993014,0.04878505,-0.056626715,0.3337733,-0.1284071,-0.02174044,0.4026674,-0.07921495,-0.3628228,0.0018517157,0.15996936,0.34293407,0.16611838,0.13487132,0.20589878,-0.33759928,0.32787526,-0.12702672,0.1171772,0.41069877,-0.48203847,0.0022281862,0.023436029,0.033600736,-0.15814829,0.007875245,0.3858517,0.11529485,0.19723995,0.2234674,0.28583604,-0.5958581,0.03761642,0.1006125,0.14491054,0.21606348,0.14905171,-0.061018873,0.057820342,0.2336321,-0.1464777,-0.016846323,0.1646125,-0.3679679,-0.2808777,0.4925184,-0.04056397,-0.2156228,0.17276937,-0.004924755,-0.106697306,-0.015089461,-0.23444632,0.25797722,-0.35165417,-0.09163848,-0.13493259,0.18230662,-0.33998358,-0.14559926,-0.07243848,-0.018226715,0.28056544,-0.12953652,0.06434584,0.30616543,0.28721642,-0.5275914,0.5207537,0.25233015,0.37254974,0.059577204,-0.18776397,0.13223603,0.071749754,-0.23545024,-0.22490907,-0.21097966,0.20138113,0.01653407,0.29851055,-0.22152083,-0.27234435,-0.28313652,-0.31199926,-0.09477574,-0.094524756,-0.430713,-0.2346973,0.22409485,0.10149093,0.32862818,0.23764779,0.40718505,-0.28539535,-0.47814828,-0.2217718,-0.1041875,-0.5612228,-0.03843064,-0.026634559,-0.5490503,-0.61694044,-0.513662,0.09057328,-0.37097967,-0.06603848,0.071624264,-0.03190515,-0.41992083,0.43052623,0.2337576,0.14465956,-0.12012476,0.31745955,-0.5416463,-0.011324755,0.12734191,-0.09063456,0.23601642,0.07990662,0.33276936,-0.036297303,0.25333408,-0.019732598,0.382338,0.26776543,0.56956935,-0.18475221,0.26625955,0.0789027,0.20878504,-0.24473652,-0.03516789,0.25120074,-0.051105145,0.19033799,0.12847133,-0.12250907,0.057945833,-0.055246323,0.3197184,0.21782035,-0.049724754,-0.23156005,0.23074584,-0.4485326,0.06798505,-0.40297964,-0.13806985,-0.14057966,-0.012077696,0.053302698,-0.3601875,-0.0389326,0.17854191,0.018792892,0.058447793,-0.08335613,0.01051054,0.23313014,-0.24787377,-0.117865935,-0.61405414,0.053302698,-0.48530123,-0.115858085,0.11278505,0.2711537,0.24316937,-0.58481497,0.16486348,0.23802426,0.5462282,0.108643875,0.0063693626,0.059075244,0.32862818,0.032596815,0.1390125,-0.17383456,-0.03968554,0.012141911,0.29449487,-0.28112867,-0.02776397,-0.29166985,-0.103309065,0.13662818,-0.092516914,0.2426674,0.12709093,0.028204657,-0.16003063,-0.18450123,0.10776544,0.24191447,-0.07331691,-0.25577965,0.19535759,0.072753675,0.34305957,-0.013207108,-0.4216777,0.2106674,-0.03303456,0.11102819,-0.042446323,0.14390662,0.363389,0.24254191,0.25007132,-0.10004632,0.16411054,0.06685564,0.58098894,-0.26406202,0.16411054,0.38547525,0.2362674,0.292487,-0.13417965,0.2759223,0.28018898,-0.174462,0.25245565,-0.16166201,0.56956935,-0.5932228,-1.3180542,-1.5907444,0.013271323,-0.9590267,-0.0325326,-1.222807,0.42638505,-0.0149639705,-0.12865809,-0.7866032,-0.2309326,-1.0028228,-0.4126424,0.6802517,-0.5383836,0.6073419,1.3482361,0.81778896,-0.060014952,-0.4113875,1.3196243,0.018667402,0.7994674,-1.2768934,-0.9822424,-0.07306593,0.2850831,-0.3512777,-0.48517573,-0.52432865,0.92031443,-0.18537965,0.59529483,-1.211513,0.44395366,-1.3410189,0.3858517,0.86811054,1.1990281,-0.03541887,-0.14597574,-0.8309012,0.27680072,-0.09038358,-1.8094738,1.1472007,1.1042831,0.7702282,0.30503604,0.46616545,0.4511066,0.8865576,0.38434583,-1.2886895,1.2536165,-0.60150516,0.77324,0.16636936,0.5749654,-0.20206985,-0.9836228,0.7659615,-0.5533169,-0.9364385,0.9337419,0.2400321,0.7806439,0.27793014,-0.67278355,-1.2732542,1.0775536,-0.12301103,-0.33684632,1.2580086,0.6958125,-1.0026973,1.1084243,-0.6075287,-0.3562973,-0.7652699,-1.1594346,0.30403212,-0.5818032,0.41132623,-0.5505561,-0.6887208,0.023059558,-1.1742424,-0.16479926,-0.13631299,0.1658674,0.028204657,-0.03905809,-0.39281496,0.8637184,0.38145956,-0.8805953,-0.057505146,-0.25690907,0.52878505,0.58036155,-0.96517575,0.31858897,-0.8557483,0.2813184,0.56216544,-0.35152867,1.6068714,-1.4673876,-1.0152463,-0.686964,-0.81747377,-0.43021104,-0.32216397,0.86522424,1.3330517,0.21556152,0.19535759,-1.0127366,-0.28878358,0.46240073,0.46064386,
1,1,0,0,0,0,0,0,0,0,0,0,0,0,0,0,0,0,0,0,0,0,0,0,0,0,0,0,0,0,0,0,0,0,0,0,0,0,0,0,0,0,0,0,0,0,0,0,0,0,0,0,0,0,0,0,0,0,0,0,0,0,0,0,0,0,0,0,0,0,0,0,0,0,0,0,0,0,0,0,0,0,0,0,0,0,0,0,0,0,0,0,0,0,0,0,0,0,0,0,0,0,0,0,0,0,0,0,0,0,0,0,0,0,0,0,0,0,0,0,0,0,0,0,0,0,0,0,0,0,0,0,0,0,0,0,0,0,0,0,0,0,0,0,0,0,0,0,0,0,0,0,0,0,0,0,0,0,0,0,0,0,0,0,0,0,0,0,0,0,0,0,0,0,0,0,0,0,0,0,0,0,0,0,0,0,0,0,0,0,0,0,0,0,0,0,0,0,0,0,0,0,0,0,0,0,0,0,0,0,0,0,0,0,0,0,0,0,0,0,0,0,0,0,0,0,0,0,0,0,0,0,0,0,0,0,0,0,0,0,0,0,0,0,0,0,0,0,0,0,0,0,0,0,0,0,0,0,0,0,0,0,0,0,0,0,0,0,0,0,0,0,0,0,0,0,0,0,0,0,0,0,0,0,0,0,0,0,0,0,0,0,0,0,0,0,0,0,0,0,0,0,0,0,0,0,0,0,0,0,0,0,0,0,0,0,0,0,0,0,0,0,0,0,0,0,0,0,0,0,0,0,0,0,0,0,0,0,0,0,0,0,0,0,0,0,0,0,0,0,0,0,0,0,0,0,0,0,0,0,0,0,0,0,0,0,0,0,0,0,0,0,0,0,0,0,0,0,0,0,0,0,0,0,0,0,0,0,0,0,0,0,0,0,0,0,0,0,0,0,0,0,0,0,0,0,0,0,0,0,0,0,0,0,0,0,0,0,0,0,0,0,0,0,0,0,0,0,0,0,0,0,0,0,0,0,0,0,0,0,0,0,0,0,0,0,0,0,0,0,0,0,0,0,0,0,0,0,0,0,0,0,0,0,0,0,0,0,0,0,0,0,0,0,0,0,0,0,0,0,0,0,0,0,0,0,0,0,0,0,0,0,0,0,0,0,0,0,0,0,0,0,0,0,0,0,0,0,0,0,0,0,0,0,0,0,0,0,0,0,0,0,0,0,0,0,0,0,0,0,0,0,0,0,0,0,0,0,0,0,0,0,0,0,0,0,0,0,0,0,0,0,0,0,0,0,0,0,0,0,0,0,0,0,0,0,0,0,0,0,0,0,0,0,0,0,0,0,0,0,0,0,0,0,0,0,0,0,0,0,0,0,0,0,0,0,0,0,0,0,0,0,0,0,0,0,0,0,0,0,0,0,0,0,0,0,0,0,0,0,0,0,0,0,0,0,0,0,0,0,0,0,0,0,0,0,0,0,0,0,0,0,0,0,0,0,0,0,0,0,0,0,0,0,0,0,0,0,0,0,0,0,0,0,0,0,0,0,0,0,0,0,0,0,0,0,0,0,0,0,0,0,0,0,0,0,0,0,0,0,0,0,0,0,0,0,0,0,0,0,0,0,0,0,0,0,0,0,0,0,0,0,0,0,0,0,0,0,0,0,0,0,0,0,0,0,0,0,0,0,0,0,0,0,0,0,0,0,0,0,0,0,0,0,0,0,0,0,0,0,0,0,0,0,0,0,0,0,0,0,0,0,0,0,0,0,0,0,0,0,0,0,0,0,0,0,0,0,0,0,0,0,0,0,0,0,0,0,0,0,0,0,0,0,0,0,0,0,0,0,0,0,0,0,0,0,0,0,0,0,0,0,0,0,0,0,0,0,0,0,0,0,0,0,0,0,0,0,0,0,0,0,0,0,0,0,0,0,0,0,0,0,0,0,0,0,0,0,0,0,0,0,0,0,0,0,0,0,0,0,0,0,0,0,0,0,0,0,0,0,0,0,0,0,0,0,0,0,0,0,0,0,0,0,0,0,0,0,0,0,0,0,0,0,0,0,0,0,0,0,0,0,0,0,0,0,0,0,0,0,0,0,0,0,0,0,0,0,0,0,0,0,0,0,0,0,0,0,0,0,0,0,0,0,0,0,0,0,0,0,0,0,0,0,0,0,0,0,0,0,0,0,0,0,0,0,0,0,0,0,0,0,0,0,0,0,0,0,0,0,0,0,0,0,0,0,0,0,0,0,0,0,0,0,0,0,0,0,0,0,0,0,0,0,0,0,0,0,0,0,0,0,0,0,0,0,0,0,0,0,0,0,0,0,0,0,0,0,0,0,0,0,0,0,0,0,0,0,0,0,0,0,0,0,0,0,0,0,0,0,0,0,0,0,0,0,0,0,0,0,0,0,0,0,0,0,0,0,0,0,0,0,0,0,0,0,0,0,0,0,0,0,0,0,0,0,0,0,0,0,0,0,0,0,0,0,0,0,0,0,0,0,0,0,0,0,0,0,0,0,0,0,0,0,0,0,0,0,0,0,0,0,0,0,0,0,0,0,0,0,0,0,0,0,0,0,0,0,0,0,0,0,0,0,0,0,0,0,0,0,0,0,0,0,0,0,0,0,0,0,0,0,0,0,0,0,0,0,0,0,0,0,0,0,0,0,0,0,0,0,0,0,0,0,0,0,0,0,0,0,0,0,0,0,0,0,0,0,0,0,0,0,0,0,0,0,0,0,0,0,0,0,0,0,0,0,0,0,0,0,0,0,0,0,0,0,0,0,0,0,0,0,0,0,0,0,0,0,0,0,0,0,0,0,0,0,0,0,0,0,0,0,0,0,0,0,0,0,0,0,0,0,0,0,0,0,0,0,0,0,0,0,0,0,0,0,0,0,0,0,0,0,0,0,0,0,0,0,0,0,0,0,0,0,0,0,0,0,0,0,0,0,0,0,0,0,0,0,0,0,0,0,0,0,0,0,0,0,0,0,0,0,0,0,0,0,0,0,0,0,0,0,0,0,0,0,0,0,0,0,0,0,0,0,0,0,0,0,0,0,0,0,0,0,0,0,0,0,0,0,0,0,0,0,0,0,0,0,0,0,0,0,0,0,0,0,0,0,0,0,0,0,0,0,0,0,0,0,0,0,0,0,0,0,0,0,0,0,0,0,0,0,0,0,0,0,0,0,0,0,0,0,0,0,0,0,0,0,0,0,0,0,0,0,0,0,0,0,0,0,0,0,0,0,0,0,0,0,0,0,0,0,0,0,0,0,0,0,0,0,0,0,0,0,0,0,0,0,0,0,0,0,0,0,0,0,0,0,0,0,0,0,0,0,0,0,0,0,0,0,0,0,0,0,0,0,0,0,0,0,0,0,0,0,0,0,0,0,0,0,0,0,0,0,0,0,0,0,0,0,0,0,0,0,0,0,0,0,0,0,0,0,0,0,0,0,0,0,0,0,0,0,0,0,0,0,0,0,0,0,0,0,0,0,0,0,0,0,0,0,0,0,0,0,0,0,0,0,0,0,0,0,0,0,0,0,0,0,0,0,0,0,0,0,0,0,0,0,0,0,0,0,0,0,0,0,0,0,0,0,0,0,0,0,0,0,0,0,0,0,0,0,0,0,0,0,0,0,0,0,0,0,0,0,0,0,0,0,0,0,0,0,0,0,0,0,0,0,0,0,0,0,0,0,0,0,0,0,0,0,0,0,0,0,0,0,0,0,0,0,0,0,0,0,0,0,0,0,0,0,0,0,0,0,0,0,0,0,0,0,0,0,0,0,0,0,0,0,0,0,0,0,0,0,0,0,0,0,0,0,0,0,0,0,0,0,0,0,0,0,0,0,0,0,0,0,0,0,0,0,0,0,0,0,0,0,0,0,0,0,0,0,0,0,0,0,0,0,0,0,0,0,0,0,0,0,0,0,0,0,0,0,0,0,0,0,0,0,0,0,0,0,0,0,0,0,0,0,0,0,0,0,0,0,0,0,0,0,0,0,0,0,0,0,0,0,0,0,0,0,0,0,0,0,0,0,0,0,0,0,0,0,0,0,0,0,0,0,0,0,0,0,0,0,0,0,0,0,0,0,0,0,0,0,0,0,0,0,0,0,0,0,0,0,0,0,0,0,0,0,0,0,0,0,0,0,0,0,0,0,0,0,0,0,0,0,0,0,0,0,0,0,0,0,0,0,0,0,0,0,0,0,0,0,0,0,0,0,0,0,0,0,0,0,0,0,0,0,0,0,0,0,0,0,0,0,0,0,0,0,0,0,0,0,0,0,0,0,0,0,0,0,0,0,0,0,0,0,0,0,0,0,0,0,0,0,0,0,0,0,0,0,0,0,0,0,0,0,0,0,0,0,0,0,0,0,0,0,0,0,0,0,0,0,0,0,0,0,0,0,0,0,0,0,0,0,0,0,0,0,0,0,0,0,0,0,0,0,0,0,0,0,0,0,0,0,0,0,0,0,0,0,0,0,0,0,0,0,0,0,0,0,0,0,0,0,0,0,0,0,0,0,0,0,0,0,0,0,0,0,0,0,0,0,0,0,0,0,0,0,0,0,0,0,0,0,0,0,0,0,0,0,0,0,0,0,0,0,0,0,0,0,0,0,0,0,0,0,0,0,0,0,0,0,0,0,0,0,0,0,0,0,0,0,0,0,0,0,0,0,0,0,0,0,0,0,0,0,0,0,0,0,0,0,0,0,0,0,0,0,0,0,0,0,0,0,0,0,0,0,0,0,0,0,0,0,0,0,0,0,0,0,0,0,0,0,0,0,0,0,0,0,0,0,0,0,0,0,0,0,0,0,0,0,0,0,0,0,0,0,0,0,0,0,0,0,0,0,0,0,0,0,0,0,0,0,0,0,0,0,0,0,0,0,0,0,0,0,0,0,0,0,0,0,0,0,0,0,0,0,0,0,0,0,0,0,0,0,0,0,0,0,0,0,0,0,0,0,0,0,0,0,0,0,0,0,0,0,0,0,0,0,0,0,0,0,0,0,0,0,0,0,0,0,0,0,0,0,0,0,0,0,0,0,0,0,0,0,0,0,0,0,0,0,0,0,0,0,0,0,0,0,0,0,0,0,0,0,0,0,0,0,0,0,0,0,0,0,0,0,0,0,0,0,0,0,0,0,0,0,0,0,0,0,0,0,0,0,0,0,0,0,0,0,0,0,0,0,0,0,0,0,0,0,0,0,0,0,0,0,0,0,0,0,0,0,0,0,0,0,0,0,0,0,0,0,0,0,0,0,0,0,0,0,0,0,0,0,0,0,0,0,0,0,0,0,0,0,0,0,0,0,0,0,0,0,0,0,0,0,0,0,0,0,0,0,0,0,0,0,0,0,0,0,0,0,0,0,0,0,0,0,0,0,0,0,0,0,0,0,0,0,0,0,0,0,0,0,0,0,0,0,0,0,0,0,0,0,0,0,0,0,0,0,0,0,0,0,0,0,0,0,0,0,0,0,0,0,0,0,0,0,0,0,0,0,0,0,0,0,0,0,0,0,0,0,0,0,0,0,0,0,0,0,0,0,0,0,0,0,0,0,0,0,0,0,0,0,0,0,0,0,0,0,0,0,0,0,0,0,0,0,0,0,0,0,0,0,0,0,0,0,0,0,0,0,0,0,0,0,0,0,0,0,0,0,0,0,0,0,0,0,0,0,0,0,0,0,0,0,0,0,0,0,0,0,0,0,0,0,0,0,0,0,0,0,0,0,0,0,0,0,0,0,0,0,0,0,0,0,0,0,0,0,0,0,0,0,0,0,0,0,0,0,0,0,0,0,0,0,0,0,0,0,0,0,0,0,0,0,0,0,0,0,0,0,0,0,0,0,0,0,0,0,0,0,0,0,0,0,0,0,0,0,0,0,0,0,0,0,0,0,0,0,0,0,0,0,0,0,0,0,0,0,0,0,0,0,0,0,0,0,0,0,0,0,0,0,0,0,0,0,0,0,0,0,0,0,0,0,0,0,0,0,0,0,0,0,0,0,0,0,0,0,0,0,0,0,0,0,0,0,0,0,0,0,0,0,0,0,0,0,0,0,0,0,0,0,0,0,0,0,0,0,0,0,0,0,0,0,0,0,0,0,0,0,0,0,0,0,0,0,0,0,0,0,0,0,0,0,0,0,0,0,0,0,0,0,0,0,0,0,0,0,0,0,0,0,0,0,0,0,0,0,0,0,0,0,0,0,0,0,0,0,0,0,0,0,0,0,0,0,0,0,0,0,0,0,0,0,0,0,0,0,0,0,0,0,0,0,0,0,0,0,0,0,0,0,0,0,0,0,0,0,0,0,0,0,0,0,0,0,0,0,0,0,0,0,0,0,0,0,0,0,0,0,0,0,0,0,0,0,0,0,0,0,0,0,0,0,0,0,0,0,0,0,0,0,0,0,0,0,0,0,0,0,0,0,0,0,0,0,0,0,0,0,0,0,0,0,0,0,0,0,0,0,0,0,0,0,0,0,0,0,0,0,0,0,0,0,0,0,0,0,0,0,0,0,0,0,0,0,0,0,0,0,1,0,0,0,0,0,0,0,0,0,0,0,0,0,0,0,0,0,0,0,0,0,0,0,0,0,0,0,0,0,0,0,0,0,0,0,0,0,0,0,0,0,0,0,0,0,0,0,0,0,0,0,0,0,0,0,0,0,0,0,0,0,0,0,0,0,0,0,0,0,0,0,0,0,0,0,0,0,0,0,0,0,0,0,0,0,0,0,0,0,0,0,0,0,0,0,0,0,0,0,0,0,0,0,0,0,0,0,0,0,0,0,0,0,0,0,0,0,0,0,0,0,0,0,0,0,0,0,0,0,0,0,0,0,0,0,0,0,0,0,0,0,0,0,0,0,0,0,0,0,0,0,0,0,0,0,0,0,0,0,0,0,0,0,0,0,0,0,0,0,0,0,0,0,0,0,0,0,0,0,0,0,0,0,0,0,0,0,0,0,0,0,0,0,0,0,0,0,0,0,0,0,0,0,0,0,0,0,0,0,0,0,0,0,0,0,0,0,0,0,0,0,0,0,0,0,0,0,0,0,0,0,0,0,0,0,0,0,0,0,0,0,0,0,0,0,0,0,0,0,0,0,0,0,0,0,0,0,0,0,0,0,0,0,0,0,0,0,0,0,0,0,0,0,0,0,0,0,0,0,0,0,0,0,0,0,0,0,0,0,0,0,0,0,0,0,0,0,0,0,0,0,0,0,0,0,0,0,0,0,0,0,0,0,0,0,0,0,0,0,0,0,0,0,0,0,0,0,0,0,0,0,0,0,0,0,0,0,0,0,0,0,0,0,0,0,0,0,0,0,0,0,0,0,0,0,0,0,0,0,0,0,0,0,0,0,0,0,0,0,0,0,0,0,0,0,0,0,0,0,0,0,0,0,0,0,0,0,0,0,0,0,0,0,0,0,0,0,0,0,0,0,0,0,0,0,0,0,0,0,0,0,0,0,0,0,0,0,0,0,0,0,0,0,0,0,0,0,0,0,0,0,0,0,0,0,0,0,0,0,0,0,0,0,0,0,0,0,0,0,0,0,0,0,0,0,0,0,0,0,0,0,0,0,0,0,0,0,0,0,0,0,0,0,0,0,0,0,0,0,0,0,0,0,0,0,0,0,0,0,0,0,0,0,0,0,0,0,0,0,0,0,0,0,0,0,0,0,0,0,0,0,0,0,0,0,0,0,0,0,0,0,0,0,0,0,0,0,0,0,0,0,0,0,0,0,0,0,0,0,0,0,0,0,0,0,0,0,0,0,0,0,0,0,0,0,0,0,0,0,0,0,0,0,0,0,0,0,0,0,0,0,0,0,0,0,0,0,0,0,0,0,0,0,0,0,0,0,0,0,0,0,0,0,0,0,0,0,0,0,0,0,0,0,0,0,0,0,0,0,0,0,0,0,0,0,0,0,0,0,0,0,0,0,0,0,0,0,0,0,0,0,0,0,0,0,0,0,0,0,0,0,0,0,0,0,0,0,0,0,0,0,0,0,0,0,0,0,0,0,0,0,0,0,0,0,0,0,0,0,0,0,0,0,0,0,0,0,0,0,0,0,0,0,0,0,0,0,0,0,0,0,0,0,0,0,0,0,0,0,0,0,0,0,0,0,0,0,0,0,0,0,0,0,0,0,0,0,0,0,0,0,0,0,0,0,0,0,0,0,0,0,0,0,0,0,0,0,0,0,0,0,0,0,0,0,0,0,0,0,0,0,0,0,0,0,0,0,0,0,0,0,0,0,0,0,0,0,0,0,0,0,0,0,0,0,0,0,0,0,0,0,0,0,0,0,0,0,0,0,0,0,0,0,0,0,0,0,0,0,0,0,0,0,0,0,0,0,0,0,0,0,0,0,0,0,0,0,0,0,0,0,0,0,0,0,0,0,0,0,0,0,0,0,0,0,0,0,0,0,0,0,0,0,0,0,0,0,0,0,0,0,0,0,0,0,0,0,0,0,0,0,0,0,0,0,0,0,0,0,0,0,0,0,0,0,0,0,0,0,0,0,0,0,0,0,0,0,0,0,0,0,0,0,0,0,0,0,0,0,0,0,0,0,0,0,0,0,0,0,0,0,0,0,0,0,0,0,0,0,0,0,0,0,0,0,0,0,0,0,0,0,0,0,0,0,0,0,0,0,0,0,0,0,0,0,0,0,0,0,0,0,0,0,0,0,0,0,0,0,0,0,0,0,0,0,0,0,0,0,0,0,0,0,0,0,0.8283621,-0.9901775,0.118375435,1.9226905,-0.12973757,-0.3319162,-1.3266172,-0.5747442,-1.1420364,0.78552,-1.1123506,-0.89785904,-0.15818651,0.16515315,1.280228,-0.15880497,0.087171555,-0.40123942,0.56568724,-0.6705486,0.4892237,0.5002434,0.8106518,0.05028913,-0.5211635,-0.07390793,-1.9160613,0.97487974,-0.32927373,0.9751609,0.28243476,-0.57519406,-0.70124644,0.31881118,-0.41360855,1.6099209,-0.08689549,-0.21187967,0.8153183,1.6757582,-1.2415515,-0.7478555,-1.0280157,-0.5032283,0.13394926,1.7205119,0.43575543,-0.17353545,-0.4040506,0.32027298,-0.6162932,0.07845696,0.8979102,-0.33686388,-0.9411509,0.404664,0.2447652,0.89498657,0.054899435,-0.9201234,-0.3544055,1.1508021,0.11292178,0.6649212,0.11230333,-0.91034055,-0.24060974,0.59374267,-0.53566915,-0.5704151,0.36643222,1.3732774,0.9923652,0.7063015,0.4232739,-0.7149087,0.48860526,0.7414972,0.5490452,0.45419663,-1.8648982,1.3893572,0.22823557,-0.55928284,0.34692276,0.761344,0.15992439,0.43755457,0.42136228,-0.23105179,-0.0094761355,-0.5975709,1.0525802,0.100496456,0.6251152,0.50249237,1.6899828,0.2890691,-0.5641181,0.31049013,-1.438389,-1.2851244,0.189048,-1.0308269,-0.38920766,-0.7094551,-0.70214605,-0.017178714,-0.8838032,-1.1359081,-0.1639775,-1.4316422,-0.46162316,-0.7733246,0.74981827,-0.83224654,-0.85310537,0.6743667,-1.0672033,0.0023869607,-0.78653705,1.0453274,0.26568022,-0.5123365,0.55888426,0.76651657,0.8166677,-0.8604144,-0.5383116,-1.1956171,0.8986973,1.2282778,0.5388688,0.30205664,-0.5044652,-0.74673104,0.35074595,-0.688034,-1.0839578,-0.4767472,-1.499616,-0.0061589666,-0.4267648,-0.016785152,0.08306726,0.35440046,0.82813716,-0.8324152,1.4251152,-0.29593337,-0.90831655,1.0847961,0.88126814,0.919275,-0.64434856,0.4873121,0.4499799,0.09155697,-0.1460423,-0.78889847,1.0222197,-0.5681099,0.28625792,1.4985989,-0.63192326,-0.6521636,1.0732703,-1.2454871,0.32201588,-0.32415742,-0.0849839,-0.6456417,0.048995998,0.0167801,0.30998412,-0.03517014,0.4051138,-0.7108606,-0.91444486,0.2416167,-0.2967205,0.37396613,-0.26219946,0.21491069,-1.2324995,-0.5823344,-0.89920837,-0.073570594,1.0169909,0.12978874,0.29592833,0.3339352,0.24026735,-0.77394307,0.76432383,-0.038431086,1.2972636,-0.52341247,-0.050294183,-0.18635434,0.1505351,0.40449533,-0.46904463,-0.16026677,-0.09729678,0.7138354,0.8864969,-0.5538292,0.037863802,-0.89459807,-0.0019422263,-0.5828966,-0.36126474,0.6224727,0.42417344,0.21209952,-0.5550099,0.32314035,1.261337,0.41332236,0.87367797,0.094536796,0.88599086,0.6546886,0.41562754,0.48838034,-0.12698263,0.8942557,-0.64013183,-1.4995598,-0.7563452,-0.59082407,0.4385666,-0.3595218,0.46403572,0.86052173,0.737168,0.25044376,1.1781267,0.52852374,0.71855813,-0.86159503,-0.7737182,0.22283815,-0.2189638,0.5013117,-0.26152477,-1.0468506,-0.40584973,-0.7978379,-0.077843554,1.7296201,-0.62011635,-0.27406254,0.8594535,-0.78310746,-0.94660455,0.2745635,-1.0811467,1.0669172,0.29722145,0.77927923,-0.11011568,-0.7301452,0.5525873,0.14170806,-0.060020797,-0.0035164761,0.76544833,1.2901795,0.19006002,-1.182517,-0.35828492,-0.027074,-0.9426127,-0.56333095,0.11112264,0.36120346,0.41905713,0.91331536,0.9007776,-0.6640267,0.5511817,0.34782234,-0.3153304,-0.07030965,-0.30779648,0.73019636,-0.8683418,0.5175602,0.46774644,1.0587085,-0.040342677,-0.3142059,1.1127952,0.64462465,0.12461621,0.14513768,0.054786988,0.588795,-0.02516241,1.4080795,0.6867358,-0.45751888,0.14142695,-1.0582076,1.0308781,-0.58812535,0.8213342,1.0732142,0.72401184,-0.7397594,0.038201142,-0.18213761,0.5718156,0.6011079,1.0097381,-0.0050907256,-0.13890196,-1.2664584,0.8121698,-0.95352,0.20951325,-0.42620254,0.7285659,0.8546745,-0.5578211,-0.42968836,0.6393397,-0.02218258,-0.13114315,-0.23122045,0.429346,0.98814845,-0.08560236,-0.25691447,-1.0712514,0.3744159,-0.4154639,-0.8891444,0.87412775,0.45447776,0.64929116,0.28468367,0.3322485,0.26017037,-0.10556159,-0.30790892,0.53200954,0.06783077,-0.61786747,0.51193786,0.05950974,-0.813468,-0.26315525,-0.8237006,0.8054792,-1.1256192,-0.35811624,0.039156936,-0.08537746,0.634392,0.21760939,0.21395488,-1.0889617,0.4941151,-0.74515676,0.2544918,0.71810836,1.1220721,0.10966084,0.59739715,-0.4847871,-0.058052987,-0.996587,-0.7732684,-1.1112261,-0.051249977,-0.65649277,-1.195336,0.6656521,0.11764453,0.08773379,0.84624106,1.2738748,-0.58008546,0.27608153,0.6229225,1.3114882,1.3646753,0.8683368,0.26702958,-0.76640916,-0.17533459,0.026281822,0.41006142,-0.8054281,0.9320939,0.23200254,-0.01622292,0.9679081,-0.9890531,0.988036,-0.089200646,1.0359381,0.34709144,-1.4604846,0.116070285,-0.24094708,0.047534194,-1.2664584,0.5704662,-0.75567055,0.8058166,0.32342148,-0.36896732,0.6912337,-0.17668395,-0.44177637,-0.08757017,0.25769654,0.07052948,0.7222689,-0.43401757,-0.262087,-0.39887807,-0.49794334,-1.2831566,0.0843604,-0.37239695,-0.22784707,-0.22638527,-1.0463445,-0.9427813,0.5076649,0.03027367,-0.46859485,0.44666272,-0.22666638,-1.4287747,-0.5082322,-0.17814575,-0.87328947,0.08149301,0.010370656,-0.62467045,0.19720037,-0.34287974,-0.33230978,0.12635913,0.011214004,0.11016685,-0.0874015,0.13130677,0.14598103,0.016049199,1.5076509,0.2423476,0.5402744,-0.59577173,0.005760353,0.5129499,0.3576614,0.18842955,0.9321501,-0.74341387,0.38717857,-1.3079511,0.2866515,0.54083663,-0.13119937,-0.080823384,-0.38240466,-0.66430783,1.0833906,-0.8723899,-0.40539995,0.13810977,0.07407155,0.96886384,-1.2495352,1.0520742,0.06979858,-0.31651106,0.32364637,-1.2962567,-1.1599153,0.21114373,0.44132152,-0.091730684,0.728847,-0.7078246,0.8656381,-0.8425354,-0.43609783,0.7633118,-0.5749129,0.05967841,0.26275662,0.6851616,0.004692112,-0.3464218,0.365364,0.17066301,0.23841198,0.1509849,-0.04326628,-0.6284374,-0.02128301,0.18865444,-0.4100665,-1.1130252,-0.35277504,0.5679924,0.67015,-0.27569303,-0.56007,-0.15655604,-1.0325136,0.56855464,-0.38381025,-1.1541806,-0.38847676,-0.2642797,0.22098279,-0.19028997,-1.1592407,0.31127724,0.4621241,-1.0424651,0.611959,-0.5641743,-0.147223,-0.35350594,-0.12602684,0.07840074,0.061589997,1.0476326,0.30149442,0.47989064,1.271682,0.4829267,0.26045147,0.6725676,-0.32612523,-1.0155904,-0.07812467,0.7842269,-0.115738,-0.41315874,-1.363106,0.63349247,0.33354163,0.55787224,0.13484883,-0.09954571,-0.306166,-0.6298992,-0.34428534,0.31493175,-0.07604441,-0.8604144,0.45925674,-0.53600645,0.17026946,-0.08104828,1.3313911,-0.62438935,-0.29565224,0.89105093,-0.10359378,-0.7444821,0.48135245,0.59599155,-0.38206732,-0.24926811,0.8286994,0.091838084,-0.10623627,0.24971284,-0.22942132,1.0372313,1.2346872,-0.26973337,0.32285923,0.7336822,0.64749205,0.12090548,-0.17887665,0.23110296,0.87845695,0.73480666,0.19517633,0.9511536,-0.39488623,0.4964765,0.24785748,-0.3396188,-0.5329704,-1.1714411,1.2629675,-0.37526432,-0.31724197,-1.1033548,-0.014423778,0.53319025,-0.21187967,-0.21193591,0.03763891,-0.26759687,0.8288119,-0.2928973,0.8911072,0.64434355,0.33584678,-0.7936212,-1.171666,-0.40202656,-1.3572588,0.4666782,-0.5490503,-1.0750183,0.37565282,-0.72694045,-0.94829124,-0.9626281,0.2605639,0.24600211,0.0028929694,-0.15188952,0.06603163,-0.630855,0.28457123,0.055011883,-0.97769594,0.14581236,0.1938832,0.101396024,-0.16583288,0.6866796,-0.71935034,0.71754616,-0.24330845,-0.08127317,-0.884759,-1.355797,0.3695245,0.5563542,-0.47298026,0.36407083,0.17510465,-1.4327104,0.735144,-0.8198212,-0.8531616,-0.74667484,-0.4246283,0.64456844,-0.6881465,-0.21339771,0.07244108,-0.061032817,-0.3754892,-0.23161402,1.2918662,-0.34046215,-0.459318,-1.0498303,-0.27754837,-0.123946585,0.614489,0.22744845,0.3535571,-0.39483,0.17622912,-0.25202304,0.46853358,-0.3015557,-0.856029,-0.089481756,0.42833397,0.9112351,1.0912617,-0.3616583,0.9815141,-0.311451,0.24926306,0.92855185,-0.03134696,0.0040174336,-0.4205802,0.8334784,0.67206156,0.30076352,-1.0934033,0.2653429,0.38290563,0.28822574,-0.5642305,-0.047370575,0.17634156,0.26281285,0.19039737,0.2493755,0.6992174,0.39628676,0.817511,-0.02043966,-1.3964465,-0.31229433,-0.23824836,-1.1266313,0.5928993,-0.54061675,0.10167714,0.2253682,-0.018078286,-0.48000816,0.89633596,0.5885701,-0.08076716,0.5338649,0.100102894,1.4855552,0.50361687,0.08998272,-0.027467562,-1.0712514,0.25499782,-0.7457752,0.03061101,0.22964115,-0.21755822,-1.2834377,0.47713572,0.462349,1.2430644,0.7915921,0.02150285,0.6937075,-0.5555159,0.18944156,-1.3651863,-0.020495884,0.047028188,0.4599314,-0.4657837,-1.0404973,-1.0308269,-0.6605409,0.7924917,-0.03730662,0.79878867,0.5071589,0.22075789,-0.5246494,0.05355008,0.27788067,0.019535039,-0.12310324,-0.47804034,0.04708441,-0.45240256,0.71793973,-0.3328158,-0.049788173,0.45976275,-0.5719331,-0.15503801,-0.56917816,-0.2770986,0.12641536,0.08987027,0.17521709,-0.34507245,-0.29615825,0.009695977,0.207433,-0.64749706,0.07750116,-0.45819354,0.36699444,0.18162654,0.62635213,1.3779439,-1.196854,1.6725535,1.2473375,0.67251134,-0.55877686,0.63399845,-0.5247618,0.50091815,-0.6220842,-0.54500216,-0.53735584,0.8322977,1.1448988,-0.55146784,-0.1673509,0.6947195,-0.6481718,-0.2380797,0.35844854,0.7631432,-0.4222669,-0.24746896,0.010033317,-0.42502186,0.106399894,-1.3065455,-0.59841424,-0.077956,-0.91781825,-0.021226786,0.56490016,0.32308412,-0.18686035,0.038538482,-0.41046005,-0.09257404,-0.1632466,0.61876196,0.5946984,-0.8707594,-0.6017876,0.89493036,-0.3503012,1.0937918,0.15655099,-0.46662703,0.182751,0.37227944,0.15531409,-0.53252065,1.2111859,0.52689326,0.5083396,-0.048101477,0.5037293,0.62505895,-0.54348415,-0.11292683,0.46684685,0.92416644,0.5119941,0.35389444,-0.32280806,-0.14885347,-0.6279876,-0.8258933,-0.41343987,-0.61421293,0.093468554,-0.820271,0.54730225,-0.21553418,-1.6695788,1.0259867,0.21372999,0.5096327,0.89363724,-0.5392112,-1.035662,0.5203714,0.78034747,-0.38268578,-0.5237498,-0.03005383,0.3169558,0.3314614,-0.40703043,-0.045177873,0.47859752,-0.60116917,-0.37655744,1.2758425,-0.30116212,-0.67026746,0.15267159,0.23307078,0.6329864,-1.3487129,-0.996587,-0.8388809,-0.24269,-0.74341387,0.2997515,0.17324929,-0.49074677,-0.5746318,0.5324593,1.3029984,0.92714626,-0.28249604,0.24409053,0.08334838,-0.48534936,0.5428606,-0.4944575,-0.5019352,-0.6789259,1.043697,1.1768335,0.38582924,-0.23701145,-0.73638594,-0.6523885,0.84477925,0.26843518,0.02729384,0.519022,-0.18888439,-0.32691234,-0.28710634,-0.780971,1.0358819,-0.8237568,-0.2623681,0.077557385,0.61679417,0.8839106,-0.5399421,-0.83528256,-0.40354457,-0.16875648,-0.6846044,-0.3214025,0.7198513,0.5345396,0.12450376,-1.469143,0.103082724,-0.66605073,0.26618624,-0.51121205,-0.2984072,-0.96049166,-0.61977905,-1.0651792,-0.016504036,0.18426903,0.18404414,-0.7568512,-0.49327683,-0.27074537,-0.38813943,0.5517439,-0.08858219,-0.8924054,0.61673796,-0.71935034,-0.69298166,-0.37211582,0.6890972,-0.5751378,0.055967677,-1.5458877,-0.09988305,0.25533515,0.9718437,0.5342023,-0.01903408,0.14828618,-0.15768051,-0.084196776,1.0323399,-0.7063628,0.8840793,-0.48900387,-0.25033635,-0.0748075,0.41753912,-0.4704502,0.906175,-0.21587153,-0.38257334,-0.55579704,-0.006777422,-0.26444837,-1.0160965,-0.5854829,-0.5191395,0.06743721,0.5357765,0.5155362,0.18432526,-0.20057881,0.47376233,-0.5232438,-0.52627987,-0.40933558,0.616513,-0.09634099,-0.06541823,0.6136457,-0.21266681,-0.17274833,1.1398948,-0.23363806,-0.22649771,0.555792,-0.22571059,-0.46449053,0.78034747,-0.18522988,-0.48534936,1.394586,-0.62129706,-0.05912123,0.12315441,0.54078037,-0.655537,-0.4825382,0.32167855,0.5755263,-0.37964973,-0.43632272,0.64035165,-0.6117391,-0.3008248,-0.36851752,-1.0542158,-0.17758352,-0.48220086,-1.3954344,0.12039947,-0.23841703,-0.02814224,0.35293865,-1.5239044,0.59565425,-0.50092316,0.5863212,0.7734882,-1.3572026,0.37160474,0.21822785,0.060184415,0.35968542,0.90741193,1.3617517,-0.36621237,0.41618976,-1.3237498,0.7566775,0.9369853,-0.41872486,-0.707937,0.12276085,-0.014873563,0.015205852,-0.05563539,-0.72322977,0.3431558,0.25353602,-0.9505402,0.46324858,-0.016616482,-0.08582725,-1.0381359,-0.23971017,0.6365847,1.1549627,0.7448144,-0.20991187,-0.9137702,0.19579479,-0.8898753,0.03134191,0.6044813,0.6588491,0.47769794,-0.08560236,-0.4238974,0.1829759,0.90915483,-0.11095902,-0.7521847,0.45588335,0.2496004,0.048658658,-0.28232735,-0.07666287,-0.27535567,-0.65497476,0.06513206,-0.31178832,0.6765032,-0.07559463,-0.947223,0.50429153,-0.0239255,0.3452923,0.7095062,-0.80458474,-0.5300468,0.5141868,0.6363036,-0.42007422,0.048489988,-0.43486091,-0.83252764,0.24341585,0.23318322,0.9413145,-1.2507159,-0.98371184,-0.15813029,0.3470352,0.34450516,-0.39837205,-0.3224145,0.29407296,0.85697967,0.29227382,0.27664375,0.07204752,0.69820535,-0.49108413,0.5318409,-0.09701567,0.06783077,0.76061314,-0.46454677,-0.7383538,0.5556233,-0.28350803,-0.6770705,-0.054398477,0.37717086,-0.15464446,0.52256405,0.691065,0.15570764,-0.5641181,-0.43609783,0.4369361,-0.8302225,-0.49552575,0.25584117,-0.6110082,-0.22711617,-0.62601984,0.5635508,-0.43851542,-0.6005507,0.23346433,0.28046694,0.5964413,-0.5125614,0.613477,
0,0,1,0,0,0,0,1,0,0,0,0,0,0,0,0,0,0,0,0,0,0,0,0,0,0,0,0,0,0,1,0,0,0,0,0,0,0,0,0,0,0,0,0,0,0,0,0,0,0,0,0,0,0,0,1,0,0,0,0,0,0,0,0,0,0,0,0,0,0,0,0,0,0,0,0,0,0,0,0,0,0,0,0,0,0,0,0,0,0,0,0,0,0,0,0,0,0,0,0,0,0,0,0,0,0,0,0,0,0,0,0,0,0,0,0,0,0,0,0,0,0,0,0,0,0,0,0,0,0,0,0,0,0,0,0,0,0,0,0,0,0,0,0,0,0,0,0,0,0,0,0,0,0,0,0,0,0,0,0,0,0,0,0,0,0,0,0,0,0,0,0,0,0,0,0,0,0,0,0,0,0,0,0,0,0,0,0,0,0,0,0,0,0,0,0,0,0,0,0,0,0,0,0,0,0,0,0,0,0,0,0,0,0,0,0,0,0,0,0,0,0,0,0,0,0,0,0,0,0,0,0,0,0,0,0,0,0,0,0,0,0,0,0,0,0,0,0,0,0,0,0,0,0,0,0,0,0,0,0,0,0,0,0,0,0,0,0,0,0,0,0,0,0,0,0,0,0,0,0,0,0,0,0,0,0,0,0,0,0,0,0,0,0,0,0,0,0,0,0,0,0,0,0,0,0,0,0,0,0,0,0,0,0,0,0,0,0,0,0,0,0,0,0,0,0,0,0,0,0,0,0,0,0,0,0,0,0,0,0,0,0,0,0,0,0,0,0,0,0,0,0,0,0,0,0,0,0,0,0,0,0,0,0,0,0,0,0,0,0,0,0,0,0,0,0,0,0,0,0,0,0,0,0,0,0,0,0,0,0,0,0,0,0,0,0,0,0,0,0,0,0,0,0,0,0,0,0,0,0,0,0,0,0,0,0,0,0,0,0,0,0,0,0,0,0,0,0,0,0,0,0,0,0,0,0,0,0,0,0,0,0,0,0,0,0,0,0,0,0,0,0,0,0,0,0,0,0,0,0,0,0,0,0,0,0,0,0,0,0,0,0,0,0,0,0,0,0,0,0,0,0,0,0,0,0,0,0,0,0,0,0,0,0,0,0,0,0,0,0,0,0,0,0,0,0,0,0,0,0,0,0,0,0,0,0,0,0,0,0,0,0,0,0,0,0,0,0,0,0,0,0,0,0,0,0,0,0,0,0,0,0,0,0,0,0,0,0,0,0,0,0,0,0,0,0,0,0,0,0,0,0,0,0,0,0,0,0,0,0,0,0,0,0,0,0,0,0,0,0,0,0,0,0,0,0,0,0,0,0,0,0,0,0,0,0,0,0,0,0,0,0,0,0,0,0,0,0,0,0,0,0,0,0,0,0,0,0,0,0,0,0,0,0,0,0,0,0,0,0,0,0,0,0,0,0,0,0,0,0,0,0,0,0,0,0,0,0,0,0,0,0,0,0,0,0,0,0,0,0,0,0,0,0,0,0,0,0,0,0,0,0,0,0,0,0,0,0,0,0,0,0,0,0,0,0,0,0,0,0,0,0,0,0,0,0,0,0,0,0,0,0,0,0,0,0,0,0,0,0,0,0,0,0,0,0,0,0,0,0,0,0,0,0,0,0,0,0,0,0,0,0,0,0,0,0,0,0,0,0,0,0,0,0,0,0,0,0,0,0,0,0,0,0,0,0,0,0,0,0,0,0,0,0,0,0,0,0,0,0,0,0,0,0,0,0,0,0,0,0,0,0,0,0,0,0,0,0,0,0,0,0,0,0,0,0,0,0,0,0,0,0,0,0,0,0,0,0,0,0,0,0,0,0,0,0,0,0,0,0,0,0,0,0,0,0,0,0,0,0,0,0,0,0,0,0,0,0,0,0,0,0,0,0,0,0,0,0,0,0,0,0,0,0,0,0,0,0,0,0,0,0,0,0,0,0,0,0,0,0,0,0,0,0,0,0,0,0,0,0,0,0,0,0,0,0,0,0,0,0,0,0,0,0,0,0,0,0,0,0,0,0,0,0,0,0,0,0,0,0,0,0,0,0,0,0,0,0,0,0,0,0,0,0,0,0,0,0,0,0,0,0,0,0,0,0,0,0,0,0,0,0,0,0,0,0,0,0,0,0,0,0,0,0,0,0,0,0,0,0,0,0,0,0,0,0,0,0,0,0,0,0,0,0,0,0,0,0,0,0,0,0,0,0,0,0,0,0,0,0,0,0,0,0,0,0,0,0,0,0,0,0,0,0,0,0,0,0,0,0,0,0,0,0,0,0,0,0,0,0,0,0,0,0,0,0,0,0,0,0,0,0,0,0,0,0,0,0,0,0,0,0,0,0,0,0,0,0,0,0,0,0,0,0,0,0,0,0,0,0,0,0,0,0,0,0,0,0,0,0,0,0,0,0,0,0,0,0,0,0,0,0,0,0,0,0,0,0,0,0,0,0,0,0,0,0,0,0,0,0,0,0,0,0,0,0,0,0,0,0,0,0,0,0,0,0,0,0,0,0,0,0,0,0,0,0,0,0,0,0,0,0,0,0,0,0,0,0,0,0,0,0,0,0,0,0,0,0,0,0,0,0,0,0,0,0,0,0,0,0,0,0,0,0,0,0,0,0,0,0,0,0,0,0,0,0,0,0,0,0,0,0,0,0,0,0,0,0,0,0,0,0,0,0,0,0,0,0,0,0,0,0,0,0,0,0,0,0,0,0,0,0,0,0,0,0,0,0,0,0,0,0,0,0,0,0,0,0,0,0,0,0,0,0,0,0,0,0,0,0,0,0,0,0,0,0,0,0,0,0,0,0,0,0,0,0,0,0,0,0,0,0,0,0,0,0,0,0,0,0,0,0,0,0,0,0,0,0,0,0,0,0,0,0,0,0,0,0,0,0,0,0,0,0,0,0,0,0,0,0,0,0,0,0,0,0,0,0,0,0,0,0,0,0,0,0,0,0,0,0,0,0,0,0,0,0,0,0,0,0,0,0,0,0,0,0,0,0,0,0,0,0,0,0,0,0,0,0,0,0,0,0,0,0,0,0,0,0,0,0,0,0,0,0,0,0,0,0,0,0,0,0,0,0,0,0,0,0,0,0,0,0,0,0,0,0,0,0,0,0,0,0,0,0,0,0,0,0,0,0,0,0,0,0,0,0,0,0,0,0,0,0,0,0,0,0,0,0,0,0,0,0,0,0,0,0,0,0,0,0,0,0,0,0,0,0,0,0,0,0,0,0,0,0,0,0,0,0,0,0,0,0,0,0,0,0,0,0,0,0,0,0,0,0,0,0,0,0,0,0,0,0,0,0,0,0,0,0,0,0,0,0,0,0,0,0,0,0,0,0,0,0,0,0,0,0,0,0,0,0,0,0,0,0,0,0,0,0,0,0,0,0,0,0,0,0,0,0,0,0,0,0,0,0,0,0,0,0,0,0,0,0,0,0,0,0,0,0,0,0,0,0,0,0,0,0,0,0,0,0,0,0,0,0,0,0,0,0,0,0,0,0,0,0,0,0,0,0,0,0,0,0,0,0,0,0,0,0,0,0,0,0,0,0,0,0,0,0,0,0,0,0,0,0,0,0,0,0,0,0,0,0,0,0,0,0,0,0,0,0,0,0,0,0,0,0,0,0,0,0,0,0,0,0,0,0,0,0,0,0,0,0,0,0,0,0,0,0,0,0,0,0,0,0,0,0,0,0,0,0,0,0,0,0,0,0,0,0,0,0,0,0,0,0,0,0,0,0,0,0,0,0,0,0,0,0,0,0,0,0,0,0,0,0,0,0,0,0,0,0,0,0,0,0,0,0,0,0,0,0,0,0,0,0,0,0,0,0,0,0,0,0,0,0,0,0,0,0,0,0,0,0,0,0,0,0,0,0,0,0,0,0,0,0,0,0,0,0,0,0,0,0,0,0,0,0,0,0,0,0,0,0,0,0,0,0,0,0,0,0,0,0,0,0,0,0,0,0,0,0,0,0,0,0,0,0,0,0,0,0,0,0,0,0,0,0,0,0,0,0,0,0,0,0,0,0,0,0,0,0,0,0,0,0,0,0,0,0,0,0,0,0,0,0,0,0,0,0,0,0,0,0,0,0,0,0,0,0,0,0,0,0,0,0,0,0,0,0,0,0,0,0,0,0,0,0,0,0,0,0,0,0,0,0,0,0,0,0,0,0,0,0,0,0,0,0,0,0,0,0,0,0,0,0,0,0,0,0,0,0,0,0,0,0,0,0,0,0,0,0,0,0,0,0,0,0,0,0,0,0,0,0,0,0,0,0,0,0,0,0,0,0,0,0,0,0,0,0,0,0,0,0,0,0,0,0,0,0,0,0,0,0,0,0,0,0,0,0,0,0,0,0,0,0,0,0,0,0,0,0,0,0,0,0,0,0,0,0,0,0,0,0,0,0,0,0,0,0,0,0,0,0,0,0,0,0,0,0,0,0,0,0,0,0,0,0,0,0,0,0,0,0,0,0,0,0,0,0,0,0,0,0,0,0,0,0,0,0,0,0,0,0,0,0,0,0,0,0,0,0,0,0,0,0,0,0,0,0,0,0,0,0,0,0,0,0,0,0,0,0,0,0,0,0,0,0,0,0,0,0,0,0,0,0,0,0,0,0,0,0,0,0,0,0,0,0,0,0,0,0,0,0,0,0,0,0,0,0,0,0,0,0,0,0,0,0,0,0,0,0,0,0,0,0,0,0,0,0,0,0,0,0,0,0,0,0,0,0,0,0,0,0,0,0,0,0,0,0,0,0,0,0,0,0,0,0,0,0,0,0,0,0,0,0,0,0,0,0,0,0,0,0,0,0,0,0,0,0,0,0,0,0,0,0,0,0,0,0,0,0,0,0,0,0,0,0,0,0,0,0,0,0,0,0,0,0,0,0,0,0,0,0,0,0,0,0,0,0,0,0,0,0,0,0,0,0,0,0,0,0,0,0,0,0,0,0,0,0,0,0,0,0,0,0,0,0,0,0,0,0,0,0,0,0,0,0,0,0,0,0,0,0,0,0,0,0,0,0,0,0,0,0,0,0,0,0,0,0,0,0,0,0,0,0,0,0,0,0,0,0,0,0,0,0,0,0,0,0,0,0,0,0,0,0,0,0,0,0,0,0,0,0,0,0,0,0,0,0,0,0,0,0,0,0,0,0,0,0,0,0,0,0,0,0,0,0,0,0,0,0,0,0,0,0,0,0,0,0,0,0,0,0,0,0,0,0,0,0,0,0,0,0,0,0,0,0,0,0,0,0,0,0,0,0,0,0,0,0,0,0,0,0,0,0,0,0,0,0,0,0,0,0,0,0,0,0,0,0,0,0,0,0,0,0,0,0,0,0,0,0,0,0,0,0,0,0,0,0,0,0,0,0,0,0,0,0,0,0,0,0,0,0,0,0,0,0,0,0,0,0,0,0,0,0,0,0,0,0,0,0,0,0,0,0,0,0,0,0,0,0,0,0,0,0,0,0,0,0,0,0,0,0,0,0,0,0,0,0,0,0,0,0,0,0,0,0,0,0,0,0,0,0,0,0,0,0,0,0,0,0,0,0,0,0,0,0,0,0,0,0,0,0,0,0,0,0,0,0,0,0,0,0,0,0,0,0,0,0,0,0,0,0,0,0,0,0,0,0,0,0,0,0,0,0,0,0,0,0,0,0,0,0,0,0,0,0,0,0,0,0,0,0,0,0,0,0,0,0,0,0,0,0,0,0,0,0,0,0,0,0,0,0,0,0,0,0,0,0,0,0,0,0,0,0,0,0,0,0,0,0,0,0,0,0,0,0,0,0,0,0,0,0,0,0,0,0,0,0,0,0,0,0,0,0,0,0,0,0,0,0,0,0,0,0,0,0,0,0,0,0,0,0,0,0,0,0,0,0,0,0,0,0,0,0,0,0,0,0,0,0,0,0,0,0,0,0,0,0,0,0,0,0,0,0,0,0,0,0,0,0,0,0,0,0,0,0,0,0,0,0,0,0,0,0,0,0,0,0,0,0,0,0,0,0,0,0,0,0,0,0,0,0,0,0,0,0,0,0,0,0,0,0,0,0,0,0,0,0,0,0,0,0,0,0,0,0,0,0,0,0,0,0,0,0,0,0,0,0,0,0,0,0,0,0,0,0,0,0,0,0,0,0,0,0,0,0,0,0,0,0,0,0,0,0,0,0,0,0,0,0,0,0,0,0,0,0,0,0,0,0,0,0,0,0,0,0,0,0,0,0,0,0,0,0,0,0,0,0,0,0,0,0,0,0,0,0,0,0,0,0,0,0,0,0,0,0,0,0,0,0,0,0,0,0,0,0,0,0,0,0,0,0,0,0,0,0,0,0,0,0,0,0,0,0,0,0,0,0,0,0,0,0,0,0,0,0,0,0,0,0,0,0,0,0,0,0,0,0,0,0,0,0,0,0,0,0,0,0,0,0,0,0,0,0,0,0,0,0,0,0,0,0,0,0,0,0,0,0,0,0,0,0,0,0,0,0,0,0,0,0,0,0,0,0,0,0,0,0,0,0,0,0,0,0,0,0,0,0,0,0,0,0,0,0,0,0,0,0,0,0,0,0,0,0,0,0,0,0,0,0,0,0,0,0,0,0,0,0,0,0,0,0,0,0,0,0,0,0,0,0,0,0,0,0,0,0,0,0,0,0,0,0,0,0,0,0,0,0,0,0,0,0,0,0,0,0,0,0,0,0,0,0,0,0,0,0,0,0,0,0,0,0,0,0,0,0,0,0,0,0,0,0,0,0,0,0,0,0,0,0,0,0,0,0,0,0,0,0,0,0,0,0,0,0,0,0,0,0,0,0,0,0,0,0,0,0,0,0,0,0,0,0,0,0,0,0,0,0,0,0,0,0,0,0,0,0,0,0,0,0,0,0,0,0,0,0,0,0,0,0,0,0,0,0,0,0,0,0,0,0,0,0,0,0,0,0,0,0,0,0,0,0,0,0,0,0,0,0,0,0,0,0,0,0,0,0,0,0,0,0,0,0,0,0,0,0,0,0,0,0,0,0,0,0,0,0,0,0,0,0,0,0,0,0,0,0,0,0,0,0,0,0,0,0,0,0,0,0,0,0,0,0,0,0,0,0,0,0,0,0,0,0,0,0,0,0,0,0,0,0,0,0,0,0,0,0,0,0,0,0,0,0,0,0,0,0,0,0,0,0,0,0,0,0,0,0,0,0,0,0,0,0,0,0,0,0,0,0,0,0,0,0,0,0,0,0,0,0,0,0,0,0,0,0,0,0,0,0,0,0,0,0,0,0,0,0,0,0,0,0,0,0,0,0,0,0,0,0,0,0,0,0,0,0,0,0,0,0,0,0,0,0,0,0,0,0,0,0,0,0,0,0,0,0,0,0,0,0,0,0,0,0,0,0,0,0,0,0,0,0,0,0,0,0,0,0,0,0,0,0,0,0,0,0,0,0,0,0,0,0,0,0,0,0,0,0,0,0,0,0,0,0,0,0,0,0,0,0,0,0,0,0,0,0,0,0,0,0,0,0,0,0,0,0,0,0,0,0,0,0,0,0,0,0,0,0,0,0,0,0,0,0,0,0,0,0,0,0,0,0,0,0,0,0,0,0,0,0,0,0,0,0,0,0,0,0,0,0,0,0,0,0,0,0,0,0,0,0,0,0,0,0,0,0,0,0,0,0,0,0,0,0,0,0,0,0,0,0,0,0,0,0,0,0,0,0,0,0,0,0,0,0,0,0,0,0,0,0,0,0,0,0,0,0,0,0,0,0,0,0,0,0,0,0,0,0,0,0,0,0,0,0,0,0,0,0,0,0,0,0,0,0,0,0,0,0,0,0,0,0,0,0,0,0,0,0,0,0,0,0,0,0,0,0,0,0,0,0,0,0,0,0,0,0,0,0,0,0,0,0,0,0,0,0,0,0,0,0,0,0,0,0,0,0,0,0,0,0,0,0,0,0,0,0,0,0,0,0,0,0,0,0,0,0,0,0,0,0,0,0,0,0,0,0,0,0,0,0,0,0,0,0,0,0,0,0,0,0,0,0,0,0,0,0,0,0,0,0,0,0,0,0,0,0,0,0,0,0,0,0,0,0,0,0,0,0,0,0,0,0,0,0,0,0,0,0,0,0,0,0,0,0,0,0,0,0,0,0,0,0,0,0,0,0,0,0,0,0,0,0,0,0,0,0,0,0,0,0,0,0,0,0,0,0,0,0,0,0,0,0,0,0,0,0,0,0,0,0,0,0,0,0,0,0,0,0,0,0,0,0,0,0,0,0,0,0,0,0,0,0,0,0,0,0,0,0,0,0,0,0,0,0,0,0,0,0,0,0,0,0,0,0,0,0,0,0,0,0,0,0,0,0,0,0,0,0,0,0,0,0,0,0,0,0,0,0,0,0,0,0,0,0,0,0,0,0,0,0,0,0,0,0,0,0,0,0,0,0,0,0,0,0,0,0,0,0,0,0,0,0,0,0,0,0,0,0,0,0,0,0,0,0,0,0,0,0,0,0,0,0,0,0,0,0,0,0,0,0,0,0,0,0,0,0,0,0,0,0,0,0,0,0,0,0,0,0,0,0,0,0,0,0,0,0,0,0,0,0,0,0,0,0,0,0,0,0,0,0,0,0,0,0,0,0,0,0,0,0,0,0,0,0,0,0,0,0,0,0,0,0,0,0,0,0,0,0,0,0,0,0,0,0,-0.33259583,1.012381,-0.43617377,1.1161206,-0.5393474,0.6049421,-0.076683156,1.0269352,-0.81183577,0.47629845,0.34256083,-0.28149414,-1.2295434,-1.0433296,-0.8545283,0.0111276405,1.0426215,1.4350209,0.20801464,0.017919635,-0.10368942,1.322953,-0.51662654,0.8120171,-0.87393403,0.81039995,0.25305203,-0.23346505,-0.95406336,-1.9201438,0.46691903,-1.4571562,-0.8877606,-0.32289296,0.5807658,0.06691903,-0.34068152,-0.7230547,-0.105306566,0.13904355,-1.7665154,-0.46463546,-1.0420359,0.44047877,-0.6318479,1.1528296,-0.14193483,0.14066069,-0.38426352,-0.81126976,-0.18915536,0.23671891,0.21812178,-1.1938046,-0.06447373,-0.9471097,-0.81652546,0.56710094,-0.9460585,-0.14379454,-1.4293413,0.34013513,0.016464207,1.1241254,-0.8673846,-0.20193078,-1.7104006,0.3963308,1.3525467,0.673994,0.7528297,-0.49293542,-0.5201034,-1.1779567,-0.8183852,-1.2525878,-0.6540027,-0.5780779,0.5510104,-0.2687996,0.023417918,0.033848483,-0.847898,-0.15948081,-0.21891077,1.2564884,0.36592853,-0.28020045,-0.7384984,0.9210933,1.1009195,-0.5786439,-0.77739066,-0.12762311,-1.2352035,0.28879088,-0.22432819,0.39139852,0.01808135,-0.33485982,0.32404456,0.20882322,-0.30162758,0.8886696,0.05244561,-0.049515173,0.6001715,0.058995035,-0.6324139,0.9151907,1.2930359,0.23065463,0.36908194,0.35040396,-0.41547436,-0.21858734,-0.80617577,-1.4929758,1.6648167,-0.005528919,-0.8417529,0.4436322,-0.99505794,0.24723034,-0.1376494,0.5548107,0.38112965,-0.054932598,-0.6316862,0.57462066,1.5906708,0.34070113,-1.0943505,-1.0042757,0.4155748,-0.18826593,-0.4720743,-0.30930898,-0.37213495,0.5619261,-0.76469606,1.2525265,-0.30364898,0.99887776,0.40821677,0.52756184,-0.056307167,-0.50150627,0.62362003,-0.0058523472,0.11219899,1.3589344,-0.85654974,0.45147532,-0.89236945,0.23299949,-0.5500205,-0.5048214,-0.17540966,0.8596419,0.5022536,0.18658751,0.87823904,0.640034,1.0218412,-0.3573381,0.07880502,-0.48460716,-1.0886096,0.2559629,-1.2458766,0.49950445,0.8058719,0.26542318,0.2461792,0.13338356,-1.0965335,0.42560107,-0.77132636,-1.0398527,0.326632,0.109692425,0.21116807,-0.968456,0.40231422,0.6635635,0.22936091,-0.75442725,-0.5944919,-1.1685772,-0.1463011,-0.035850327,-0.6869924,-0.2828687,-0.24138904,-0.086790286,-0.23710361,-0.50199145,0.13136213,0.88551617,-0.35248667,-0.1434711,-1.3935217,-1.1421369,-0.014908341,0.07419617,-0.40884405,-0.39792836,-0.6519813,1.023135,-0.10191056,0.45187962,-1.5503036,-0.6121188,0.38169566,-0.14241996,0.047270756,0.14923154,-0.07272115,-0.064231165,0.93508154,-1.2973826,-1.3864871,-0.652709,0.7136949,1.2735493,0.68790144,0.18448523,-0.6192342,0.7128863,-0.026390048,0.5993629,-0.3818378,-0.3220844,-0.36291724,-1.3635237,-0.294027,0.62645006,-0.25343674,-0.5280274,0.065221034,0.6797349,0.8121788,0.45204133,0.4163025,-1.4075099,-0.33882183,0.59701806,-0.36380666,0.8927124,-1.0101782,-1.355923,-0.1063577,0.017838778,-0.5029617,-0.7151307,0.41662592,0.46481675,0.5939455,0.49424872,-0.79477495,-0.48460716,1.2616633,1.0326761,-0.056954026,0.051475327,0.0871333,-0.37059864,0.49812987,-0.5447648,-0.0023754928,0.070638455,-0.20856106,-0.27429786,0.23736577,0.687578,-0.0052863476,0.707388,0.82139647,-0.42881575,0.5919241,-0.75345695,0.56726265,0.2518392,-0.76526207,-0.42768377,-0.72313553,-0.58616364,0.03198877,-0.0043969196,-1.1023552,-0.14080282,-0.31990126,0.19936293,0.13403042,0.89529985,0.26890004,-0.35135466,0.320972,-1.3431476,0.08001788,-0.71804154,-0.33857927,1.1636646,0.40417394,-0.51120913,-0.15851052,-0.38038236,-0.5828485,0.3484634,-0.12907855,-0.6024968,-0.033343755,-0.728553,0.17284182,0.06279532,1.312765,1.0899229,-0.42493463,-0.4170915,-0.32402498,1.1727206,-1.127421,0.30253658,-0.4675463,-0.8930163,0.65192,0.6746409,-0.7798972,0.2461792,-0.49172258,0.13985212,-1.0024967,-1.2626948,0.37530795,1.1462803,0.18497038,-0.3192544,1.0771475,-1.466859,-0.86932516,-0.122771695,0.47249818,0.3588131,-0.17160937,-0.37415636,0.29089317,1.0511115,0.37643996,0.38881108,-0.25553903,-0.07595544,0.6384169,0.85446703,0.066514745,0.5295024,-0.62117475,0.028835341,-0.34892896,-0.39097464,-1.3389431,-0.6198002,-0.007550346,-0.18713394,-0.9335257,0.08608216,1.0714066,1.047473,1.0144832,-0.49180344,-0.5246314,-0.029786045,0.24828146,-0.81595945,-0.027926331,0.009914784,-0.538458,-0.3253187,-1.1180415,0.07807731,0.45470962,-0.14217739,-0.10854085,-0.029705187,-0.12260998,-0.26063302,0.28515232,-0.7400347,-0.35361868,-0.44207633,-0.6535984,0.13087699,0.30528572,-0.50651944,-0.018789481,1.2250351,0.3697288,-0.96037024,-0.43302032,0.14721012,-0.9934408,1.4321101,-0.40172863,-0.6316862,-0.33211067,-0.9568125,-0.07102316,0.19984807,0.39075166,-0.9570551,-1.1163435,-0.09196515,-0.24923217,0.60316324,-0.7662324,-0.33388954,0.37158853,-1.2934206,0.7433694,0.552951,-0.23395018,0.4716896,0.6299269,0.6224881,1.2133108,-0.28869042,0.5471293,0.72412544,-0.094714284,0.47241732,1.024267,0.19192408,0.22313492,-0.15656996,-0.41321033,-0.12786569,-0.38725522,-0.5719328,0.2731046,0.13613269,0.00975307,1.229563,0.22370091,-0.1764608,-0.4234792,0.2303312,-0.4385186,1.0797349,-1.075349,-0.42727947,0.6235392,-1.3919045,0.044845045,-0.08444543,-0.60346705,-0.83455664,0.35590225,-0.727987,-0.06786973,-0.31658614,-0.45986488,-0.40213293,-0.023479192,-0.40908664,0.17122467,0.4722556,0.43182707,-0.57371163,-0.39194492,-0.34731182,0.6046995,0.45616505,-0.06123945,-0.5172734,0.43384847,0.27811775,0.37943166,-0.043450892,-0.292329,0.5789061,0.46400818,0.32873428,0.3495954,0.27173004,1.4200623,-0.70275956,0.9396904,-0.60403305,-0.46827403,0.7035069,-0.877896,-0.026794333,-0.0094909165,-0.55673164,0.37344825,1.0410852,-0.24535103,0.58448523,0.18197866,0.2781986,0.33908397,-0.18309107,-0.22990733,-0.9052257,0.40449736,0.45543733,0.6842629,-0.5395091,0.81411934,0.95982385,-0.86261404,0.6582269,-0.63742703,0.060693033,0.13896269,-0.18503165,0.2759346,-0.15317395,0.66113776,0.8923082,0.18885152,0.5873961,0.25580117,-0.23912504,0.00037364816,-0.21025907,0.026894772,-0.60273933,-0.44708946,0.3522637,0.8987767,-0.34909067,0.18117009,-0.1890745,-0.32103327,-1.3831719,0.75889397,0.55036354,-0.5363557,-1.0152721,0.21116807,-0.28359643,0.6748026,0.535405,0.22685434,-0.0002732085,0.48850787,0.57373124,0.1481804,-1.0142211,-0.32523784,0.4112085,-0.31885013,1.4061549,-0.51242197,0.12659156,0.29121658,-0.07450001,-0.20880362,-1.1645343,0.0665956,0.0027993608,0.95295095,0.14721012,0.36010683,-0.52754223,0.37724853,-0.12196312,-0.101748854,-1.075915,0.26097605,-0.20087963,-1.1904895,-0.47854286,-0.63273734,0.37336737,0.03360591,0.74611855,0.89489555,-0.9900448,0.41056165,0.04500676,-0.68319213,-0.26928473,-1.0021733,0.06473589,0.54130757,0.1504444,-1.1562061,0.67730916,-0.36833465,0.9502018,0.37781453,-0.9281083,-0.21219963,-0.24535103,0.24399604,-0.5472714,0.37999767,0.53993297,0.14898898,-0.37043694,-0.34068152,-0.25885418,-0.21228048,-0.049676888,0.06077389,0.99329865,-0.10562999,-0.17864394,-0.42768377,0.548989,0.43336335,0.7659285,0.78104883,0.009106213,-0.098514564,0.6152918,0.022043347,-0.325157,-0.08218144,0.7836362,-1.0903884,0.5412267,-0.80092007,0.71151173,-0.41975978,-0.6181022,0.528613,0.17300352,-0.45574117,-0.28739673,1.0373658,-0.53037226,-1.1617044,0.068778746,-0.3056704,0.48931643,-0.15859137,-0.42242804,-0.1845465,0.24084263,-0.64438075,0.2913783,0.60874236,0.1619261,-0.6831113,0.42317533,0.028997056,-0.13360654,0.1504444,0.19629036,-0.6081568,0.8412873,0.4164642,-0.035203468,0.75177854,-1.1037298,0.45179877,-0.7917832,0.08163502,0.12295299,0.7136949,0.888993,-0.09552286,1.1145843,0.310218,0.33738598,-0.19901992,0.09271244,-0.08509229,0.7183037,0.8632805,-0.19950506,-0.8483023,0.7742568,-0.16311938,-0.1148477,-0.36210868,-0.39299607,-0.4732063,-0.3456138,0.22224548,0.1681521,0.21375549,0.053496752,0.31409913,-0.27154872,0.13023013,-0.8328586,-0.23993361,-0.4741766,-0.9006977,0.2772283,0.89627016,-0.072155155,-0.37229666,0.31878886,0.35291055,-1.0233579,-0.15681252,0.3256617,-0.19618993,-0.50797486,0.25968233,-1.1777949,-0.28917557,-0.40172863,0.692106,-0.09301628,-0.6424402,-0.45905632,0.80368876,0.1619261,-0.003669206,-0.11395827,0.85673106,0.46740416,0.011370212,-0.9353854,-0.060754307,-0.29782727,0.2120575,-0.7814335,-0.299121,-1.2749043,0.024145631,0.14373326,0.28798229,-0.81175494,-0.60928875,-0.80472034,-0.051455744,0.37926996,-0.50215316,0.15537669,-0.6939461,0.09837244,0.9037899,0.73989254,-0.872236,0.5747824,0.1755101,0.1219827,0.60761034,-0.19271307,-0.03876118,-0.38167608,0.0025567894,-0.00019235142,0.4436322,-0.7887915,0.09497644,-0.6749447,-0.066090874,0.037163623,-0.109996274,0.90694326,0.54494613,-0.7634024,0.7437737,-0.15786366,0.081715874,-0.624409,-1.5925918,-0.767607,0.14098412,0.43635505,-0.48493057,-0.05242603,-0.028734902,-0.7833741,0.12489356,-0.058571167,0.050505042,0.06279532,0.43781048,1.0131086,0.46562532,0.5988778,-0.6944313,0.2925103,-0.13328311,0.4903676,-0.62085134,-0.6689613,-0.42550063,-0.3407624,-0.50643855,0.6241052,-0.43132234,-0.4064992,-0.08703286,0.062310174,-0.3339704,0.4102382,-0.48476887,-0.4989997,0.6975234,0.35371912,-0.028411474,0.500313,0.25127319,0.26283574,-0.02994776,-0.28375816,-0.29435042,-0.34197524,-0.37140724,0.79907995,-0.84167206,0.19176237,-0.26305872,-0.1433094,-0.38814464,-0.18705307,-0.48557743,0.29542115,-0.36623237,-0.5474331,0.14890811,-0.24923217,0.48034132,-0.04385518,0.26267403,-0.0031840636,-0.6647567,0.13346441,-0.5722562,-0.43997404,0.6115723,0.75816625,0.0722556,-0.82905835,-0.036901467,0.29356143,0.018404778,-0.04239975,-0.63952935,0.11325014,-0.08048344,0.1265107,0.11971871,0.7705374,0.2058315,-0.7047001,-0.7426221,-0.35022268,0.15788326,0.323236,-0.16675794,-0.05929888,0.25475004,-0.54702884,0.65992486,0.023983916,-0.6366185,0.93977123,0.38581938,-0.14266254,-0.54735225,-0.46463546,1.0157769,-0.37035608,-0.4604309,0.71070313,0.21302778,-0.38960007,0.23906377,0.304558,0.098291576,-0.090024576,-0.15390167,0.8108042,0.66598916,-0.40205207,0.15707467,-0.42776462,-0.7525675,0.16030896,0.59273267,-0.38960007,0.122467846,-0.6752682,1.1299472,0.50564957,-0.51606053,0.57235664,-0.3974432,-0.053962313,-0.1702348,-0.7869318,0.62701607,0.87257904,-0.02574319,0.4083785,0.44411734,0.20235464,0.13564755,-0.4696486,0.32032514,-0.26249275,0.09327844,-0.03132233,0.1440567,-0.43051377,-0.07571287,0.30350685,0.41775793,0.26170376,-0.8379526,-0.54710966,-0.42412606,-0.0509706,0.70027256,0.25717574,0.34442055,-0.14031768,0.2651806,0.033444196,-0.25270903,-0.09422914,0.754366,-0.658369,-0.39792836,0.42163906,0.0283502,0.340782,-0.01798091,-0.8230749,0.21343207,-0.44757462,0.6783603,0.04274276,0.33698168,0.053415895,-0.6553773,0.3976245,0.038457334,0.37441853,-0.20848021,-0.5501014,0.4068422,-0.46827403,-0.38005894,0.03772962,-0.6360525,0.26736376,0.36487737,0.4095105,0.2587929,-0.39267263,0.29865542,0.2984937,-0.21462534,0.64318746,0.91357356,-1.1658281,0.59111553,0.2885483,0.40918708,-0.30914727,-0.11589884,0.64270234,0.7335857,-0.56417054,-0.05016203,0.17356953,0.09368272,0.009429642,0.021315632,-0.36728352,-0.4343949,-0.4496769,0.74725056,0.118586704,-0.15147595,0.2980086,-0.5779162,1.0446429,0.25693318,-0.20815678,0.19831179,1.0085807,0.20033322,-0.23063505,-0.42170033,-0.10102113,0.1962095,-0.30825785,-0.695159,-0.36388752,-0.36429182,0.7968968,0.26469547,-0.19141936,0.24173205,0.41678762,-0.17096251,-0.12123541,0.11996128,0.7090051,0.512199,0.22062835,0.027703343,-0.28278786,-0.14500739,0.46303788,-0.6921673,-0.47644058,-0.75992554,-0.23395018,0.23566777,0.2891143,0.15416382,-0.35232496,0.66695946,-0.13975169,-0.0056906333,-0.69596756,0.68207973,0.3205677,-0.90296173,0.51195645,-1.3027999,0.04055962,-0.35030353,-1.8607138,0.7588131,-0.23952933,0.4388616,0.05689275,0.7593791,0.30277914,-0.19392593,1.1552554,0.6044569,1.1167674,-0.08290915,0.18618323,0.2531329,-0.25230473,-1.338458,0.36964795,0.6790072,-0.09325886,-0.4117549,-0.0726403,0.71159256,1.1049622,0.570497,0.35339567,0.69396573,-0.7925109,-0.10158714,0.41678762,1.1288152,-0.8016478,0.15278925,-0.25513473,0.84015536,-0.52988714,-0.007954632,1.4097127,1.2591567,-0.40480122,-0.12948284,-0.14670539,-0.49067143,0.36592853,-0.1389431,-0.018385196,-0.6231962,0.45495218,-0.01628291,-0.74197525,-0.8811303,1.2725791,0.11236071,-1.0029819,-0.8483832,-0.58026105,0.19160065,-0.15527624,1.1564683,-0.9553571,-0.30203184,0.06570617,0.22895662,0.8991001,0.069991596,-0.5749245,-0.49608886,-0.4496769,-0.63403106,-0.40552893,0.892955,-0.024449477,-0.93126166,0.2572566,-0.5903682,1.5285726,0.5463207,-0.26677817,-0.28941813,-0.7465841,0.40643793,-1.4074291,-0.9623917,0.102577,0.052930754,-0.14541167,-0.9448457,-0.53570884,-0.30122328,0.5936221,-0.2682336,-0.74723095,-0.6125231,-0.38434437,0.31935486,-0.87838113,-0.27017415,1.1573577,0.10508357,-0.82226634,0.939367,-1.0127656,-0.31213897,0.74248,-0.12358026,-0.91460514,-0.35871267,0.48511186,-0.2848093,0.8818776,-1.083273,0.23671891,-0.36267465,0.47912845,0.4180005,0.21383636,0.7872748,0.26534232,0.043227904,-0.49382487,0.04864533,-0.6976656,-0.11048142,-0.010542058,0.83724445,0.051475327,
0,0,0,1,1,0,0,0,0,0,0,0,0,1,0,0,0,0,0,0,0,0,0,0,0,0,0,0,0,0,0,0,0,0,0,0,0,0,0,0,0,0,0,0,0,0,0,0,0,0,0,0,0,0,0,0,0,0,0,0,0,0,0,0,0,0,0,0,0,0,0,0,0,0,0,0,0,0,0,0,0,0,0,0,0,0,0,0,0,0,0,0,0,0,0,0,0,0,0,0,0,0,0,0,0,0,0,0,0,0,0,0,0,0,0,0,0,0,0,0,0,0,0,0,0,0,0,0,0,0,0,0,0,0,0,0,0,0,0,0,0,0,0,0,0,0,0,0,0,0,0,0,0,0,1,0,0,0,0,0,0,0,0,0,0,0,0,0,0,0,0,0,0,0,0,0,0,0,0,0,0,0,0,0,0,0,0,0,0,0,0,0,0,0,0,0,0,0,0,0,0,0,0,0,0,0,0,0,0,0,0,0,0,0,0,0,0,0,0,0,0,0,0,0,0,0,0,0,0,0,0,0,0,0,0,0,0,0,0,0,0,0,0,0,0,0,0,0,0,0,0,0,0,0,0,0,0,0,0,0,0,0,0,0,0,0,0,0,0,0,0,0,0,0,0,0,0,0,0,0,0,0,0,0,0,0,0,0,0,0,0,0,0,0,0,0,0,0,0,0,0,0,0,0,0,0,0,0,0,0,0,0,0,0,0,0,0,0,0,0,0,0,0,0,0,0,0,0,0,0,0,0,0,0,0,0,0,0,0,0,0,0,0,0,0,0,0,0,0,0,0,0,0,0,0,0,0,0,0,0,0,0,0,0,0,0,0,0,0,0,0,0,0,0,0,0,0,0,0,0,0,0,0,0,0,0,0,0,0,0,0,0,0,0,0,0,0,0,0,0,0,0,0,0,0,0,0,0,0,0,0,0,0,0,0,0,0,0,0,0,0,0,0,0,0,0,0,0,0,0,0,0,0,0,0,0,0,0,0,0,0,0,0,0,0,0,0,0,0,0,0,0,0,0,0,0,0,0,0,0,0,0,0,0,0,0,0,0,0,0,0,0,0,0,0,0,0,0,0,0,0,0,0,0,0,0,0,0,0,0,0,0,0,0,0,0,0,0,0,0,0,0,0,0,0,0,0,0,0,0,0,0,0,0,0,0,0,0,0,0,0,0,0,0,0,0,0,0,0,0,0,0,0,0,0,0,0,0,0,0,0,0,0,0,0,0,0,0,0,0,0,0,0,0,0,0,0,0,0,0,0,0,0,0,0,0,0,0,0,0,0,0,0,0,0,0,0,0,0,0,0,0,0,0,0,0,0,0,0,0,0,0,0,0,0,0,0,0,0,0,0,0,0,0,0,0,0,0,0,0,0,0,0,0,0,0,0,0,0,0,0,0,0,0,0,0,0,0,0,0,0,0,0,0,0,0,0,0,0,0,0,0,0,0,0,0,0,0,0,0,0,0,0,0,0,0,0,0,0,0,0,0,0,0,0,0,0,0,0,0,0,0,0,0,0,0,0,0,0,0,0,0,0,0,0,0,0,0,0,0,0,0,0,0,0,0,0,0,0,0,0,0,0,0,0,0,0,0,0,0,0,0,0,0,0,0,0,0,0,0,0,0,0,0,0,0,0,0,0,0,0,0,0,0,0,0,0,0,0,0,0,0,0,0,0,0,0,0,0,0,0,0,0,0,0,0,0,0,0,0,0,0,0,0,0,0,0,0,0,0,0,0,0,0,0,0,0,0,0,0,0,0,0,0,0,0,0,0,0,0,0,0,0,0,0,0,0,0,0,0,0,0,0,0,0,0,0,0,0,0,0,0,0,0,0,0,0,0,0,0,0,0,0,0,0,0,0,0,0,0,0,0,0,0,0,0,0,0,0,0,0,0,0,0,0,0,0,0,0,0,0,0,0,0,0,0,0,0,0,0,0,0,0,0,0,0,0,0,0,0,0,0,0,0,0,0,0,0,0,0,0,0,0,0,0,0,0,0,0,0,0,0,0,0,0,0,0,0,0,0,0,0,0,0,0,0,0,0,0,0,0,0,0,0,0,0,0,0,0,0,0,0,0,0,0,0,0,0,0,0,0,0,0,0,0,0,0,0,0,0,0,0,0,0,0,0,0,0,0,0,0,0,0,0,0,0,0,0,0,0,0,0,0,0,0,0,0,0,0,0,0,0,0,0,0,0,0,0,0,0,0,0,0,0,0,0,0,0,0,0,0,0,0,0,0,0,0,0,0,0,0,0,0,0,0,0,0,0,0,0,0,0,0,0,0,0,0,0,0,0,0,0,0,0,0,0,0,0,0,0,0,0,0,0,0,0,0,0,0,0,0,0,0,0,0,0,0,0,0,0,0,0,0,0,0,0,0,0,0,0,0,0,0,0,0,0,0,0,0,0,0,0,0,0,0,0,0,0,0,0,0,0,0,0,0,0,0,0,0,0,0,0,0,0,0,0,0,0,0,0,0,0,0,0,0,0,0,0,0,0,0,0,0,0,0,0,0,0,0,0,0,0,0,0,0,0,0,0,0,0,0,0,0,0,0,0,0,0,0,0,0,0,0,0,0,0,0,0,0,0,0,0,0,0,0,0,0,0,0,0,0,0,0,0,0,0,0,0,0,0,0,0,0,0,0,0,0,0,0,0,0,0,0,0,0,0,0,0,0,0,0,0,0,0,0,0,0,0,0,0,0,0,0,0,0,0,0,0,0,0,0,0,0,0,0,0,0,0,0,0,0,0,0,0,0,0,0,0,0,0,0,0,0,0,0,0,0,0,0,0,0,0,0,0,0,0,0,0,0,0,0,0,0,0,0,0,0,0,0,0,0,0,0,0,0,0,0,0,0,0,0,0,0,0,0,0,0,0,0,0,0,0,0,0,0,0,0,0,0,0,0,0,0,0,0,0,0,0,0,0,0,0,0,0,0,0,0,0,0,0,0,0,0,0,0,0,0,0,0,0,0,0,0,0,0,0,0,0,0,0,0,0,0,0,0,0,0,0,0,0,0,0,0,0,0,0,0,0,0,0,0,0,0,0,0,0,0,0,0,0,0,0,0,0,0,0,0,0,0,0,0,0,0,0,0,0,0,0,0,0,0,0,0,0,0,0,0,0,0,0,0,0,0,0,0,0,0,0,0,0,0,0,0,0,0,0,0,0,0,0,0,0,0,0,0,0,0,0,0,0,0,0,0,0,0,0,0,0,0,0,0,0,0,0,0,0,0,0,0,0,0,0,0,0,0,0,0,0,0,0,0,0,0,0,0,0,0,0,0,0,0,0,0,0,0,0,0,0,0,0,0,0,0,0,0,0,0,0,0,0,0,0,0,0,0,0,0,0,0,0,0,0,0,0,0,0,0,0,0,0,0,0,0,0,0,0,0,0,0,0,0,0,0,0,0,0,0,0,0,0,0,0,0,0,0,0,0,0,0,0,0,0,0,0,0,0,0,0,0,0,0,0,0,0,0,0,0,0,0,0,0,0,0,0,0,0,0,0,0,0,0,0,0,0,0,0,0,0,0,0,0,0,0,0,0,0,0,0,0,0,0,0,0,0,0,0,0,0,0,0,0,0,0,0,0,0,0,0,0,0,0,0,0,0,0,0,0,0,0,0,0,0,0,0,0,0,0,0,0,0,0,0,0,0,0,0,0,0,0,0,0,0,0,0,0,0,0,0,0,0,0,0,0,0,0,0,0,0,0,0,0,0,0,0,0,0,0,0,0,0,0,0,0,0,0,0,0,0,0,0,0,0,0,0,0,0,0,0,0,0,0,0,0,0,0,0,0,0,0,0,0,0,0,0,0,0,0,0,0,0,0,0,0,0,0,0,0,0,0,0,0,0,0,0,0,0,0,0,0,0,0,0,0,0,0,0,0,0,0,0,0,0,0,0,0,0,0,0,0,0,0,0,0,0,0,0,0,0,0,0,0,0,0,0,0,0,0,0,0,0,0,0,0,0,0,0,0,0,0,0,0,0,0,0,0,0,0,0,0,0,0,0,0,0,0,0,0,0,0,0,0,0,0,0,0,0,0,0,0,0,0,0,0,0,0,0,0,0,0,0,0,0,0,0,0,0,0,0,0,0,0,0,0,0,0,0,0,0,0,0,0,0,0,0,0,0,0,0,0,0,0,0,0,0,0,0,0,0,0,0,0,0,0,0,0,0,0,0,0,0,0,0,0,0,0,0,0,0,0,0,0,0,0,0,0,0,0,0,0,0,0,0,0,0,0,0,0,0,0,0,0,0,0,0,0,0,0,0,0,0,0,0,0,0,0,0,0,0,0,0,0,0,0,0,0,0,0,0,0,0,0,0,0,0,0,0,0,0,0,0,0,0,0,0,0,0,0,0,0,0,0,0,0,0,0,0,0,0,0,0,0,0,0,0,0,0,0,0,0,0,0,0,0,0,0,0,0,0,0,0,0,0,0,0,0,0,0,0,0,0,0,0,0,0,0,0,0,0,0,0,0,0,0,0,0,0,0,0,0,0,0,0,0,0,0,0,0,0,0,0,0,0,0,0,0,0,0,0,0,0,0,0,0,0,0,0,0,0,0,0,0,0,0,0,0,0,0,0,0,0,0,0,0,0,0,0,0,0,0,0,0,0,0,0,0,0,0,0,0,0,0,0,0,0,0,0,0,0,0,0,0,0,0,0,0,0,0,0,0,0,0,0,0,0,0,0,0,0,0,0,0,0,0,0,0,0,0,0,0,0,0,0,0,0,0,0,0,0,0,0,0,0,0,0,0,0,0,0,0,0,0,0,0,0,0,0,0,0,0,0,0,0,0,0,0,0,0,0,0,0,0,0,0,0,0,0,0,0,0,0,0,0,0,0,0,0,0,0,0,0,0,0,0,0,0,0,0,0,0,0,0,0,0,0,0,0,0,0,0,0,0,0,0,0,0,0,0,0,0,0,0,0,0,0,0,0,0,0,0,0,0,0,0,0,0,0,0,0,0,0,0,0,0,0,0,0,0,0,0,0,0,0,0,0,0,0,0,0,0,0,0,0,0,0,0,0,0,0,0,0,0,0,0,0,0,0,0,0,0,0,0,0,0,0,0,0,0,0,0,0,0,0,0,0,0,0,0,0,0,0,0,0,0,0,0,0,0,0,0,0,0,0,0,0,0,0,0,0,0,0,0,0,0,0,0,0,0,0,0,0,0,0,0,0,0,0,0,0,0,0,0,0,0,0,0,0,0,0,0,0,0,0,0,0,0,0,0,0,0,0,0,0,0,0,0,0,0,0,0,0,0,0,0,0,0,0,0,0,0,0,0,0,0,0,0,0,0,0,0,0,0,0,0,0,0,0,0,0,0,0,0,0,0,0,0,0,0,0,0,0,0,0,0,0,0,0,0,0,0,0,0,0,0,0,0,0,0,0,0,0,0,0,0,0,0,0,0,0,0,0,0,0,0,0,0,0,0,0,0,0,0,0,0,0,0,0,0,0,0,0,0,0,0,0,0,0,0,0,0,0,0,0,0,0,0,0,0,0,0,0,0,0,0,0,0,0,0,0,0,0,0,0,0,0,0,0,0,0,0,0,0,0,0,0,0,0,0,0,0,0,0,0,0,0,0,0,0,0,0,0,0,0,0,0,0,0,0,0,0,0,0,0,0,0,0,0,0,0,0,0,0,0,0,0,0,0,0,0,0,0,0,0,0,0,0,0,0,0,0,0,0,0,0,0,0,0,0,0,0,0,0,0,0,0,0,0,0,0,0,0,0,0,0,0,0,0,0,0,0,0,0,0,0,0,0,0,0,0,0,0,0,0,0,0,0,0,0,0,0,0,0,0,0,0,0,0,0,0,0,0,0,0,0,0,0,0,0,0,0,0,0,0,0,0,0,0,0,0,0,0,0,0,0,0,0,0,0,0,0,0,0,0,0,0,0,0,0,0,0,0,0,0,0,0,0,0,0,0,0,0,0,0,0,0,0,0,0,0,0,0,0,0,0,0,0,0,0,0,0,0,0,0,0,0,0,0,0,0,0,0,0,0,0,0,0,0,0,0,0,0,0,0,0,0,0,0,0,0,0,0,0,0,0,0,0,0,0,0,0,0,0,0,0,0,0,0,0,0,0,0,0,0,0,0,0,0,0,0,0,0,0,0,0,0,0,0,0,0,0,0,0,0,0,0,0,0,0,0,0,0,0,0,0,0,0,0,0,0,0,0,0,0,0,0,0,0,0,0,0,0,0,0,0,0,0,0,0,0,0,0,0,0,0,0,0,0,0,0,0,0,0,0,0,0,0,0,0,0,0,0,0,0,0,0,0,0,0,0,0,0,0,0,0,0,0,0,0,0,0,0,0,0,0,0,0,0,0,0,0,0,0,0,0,0,0,0,0,0,0,0,0,0,0,0,0,0,0,0,0,0,0,0,0,0,0,0,0,0,0,0,0,0,0,0,0,0,0,0,0,0,0,0,0,0,0,0,0,0,0,0,0,0,0,0,0,0,0,0,0,0,0,0,0,0,0,0,0,0,0,0,0,0,0,0,0,0,0,0,0,0,0,0,0,0,0,0,0,0,0,0,0,0,0,0,0,0,0,0,0,0,0,0,0,0,0,0,0,0,0,0,0,0,0,0,0,0,0,0,0,0,0,0,0,0,0,0,0,0,0,0,0,0,0,0,0,0,0,0,0,0,0,0,0,0,0,0,0,0,0,0,0,0,0,0,0,0,0,0,0,0,0,0,0,0,0,0,0,0,0,0,0,0,0,0,0,0,0,0,0,0,0,0,0,0,0,0,0,0,0,0,0,0,0,0,0,0,0,0,0,0,0,0,0,0,0,0,0,0,0,0,0,0,0,0,0,0,0,0,0,0,0,0,0,0,0,0,0,0,0,0,0,0,0,0,0,0,0,0,0,0,0,0,0,0,0,0,0,0,0,0,0,0,0,0,0,0,0,0,0,0,0,0,0,0,0,0,0,0,0,0,0,0,0,0,0,0,0,0,0,0,0,0,0,0,0,0,0,0,0,0,0,0,0,0,0,0,0,0,0,0,0,0,0,0,0,0,0,0,0,0,0,0,0,0,0,0,0,0,0,0,0,0,0,0,0,0,0,0,0,0,0,0,0,0,0,0,0,0,0,0,0,0,0,0,0,0,0,0,0,0,0,0,0,0,0,0,0,0,0,0,0,0,0,0,0,0,0,0,0,0,0,0,0,0,0,0,0,0,0,0,0,0,0,0,0,0,0,0,0,0,0,0,0,0,0,0,0,0,0,0,0,0,0,0,0,0,0,0,0,0,0,0,0,0,0,0,0,0,0,0,0,0,0,0,0,0,0,0,0,0,0,0,0,0,0,0,0,0,0,0,0,0,0,0,0,0,0,0,0,0,0,0,0,0,0,0,0,0,0,0,0,0,0,0,0,0,0,0,0,0,0,0,0,0,0,0,0,0,0,0,0,0,0,0,0,0,0,0,0,0,0,0,0,0,0,0,0,0,0,0,0,0,0,0,0,0,0,0,0,0,0,0,0,0,0,0,0,0,0,0,0,0,0,0,0,0,0,0,0,0,0,0,0,0,0,0,0,0,0,0,0,0,0,0,0,0,0,0,0,0,0,0,0,0,0,0,0,0,0,0,0,0,0,0,0,0,0,0,0,0,0,0,0,0,0,0,0,0,0,0,0,0,0,0,0,0,0,0,0,0,0,0,0,0,0,0,0,0,0,0,0,0,0,0,0,0,0,0,0,0,0,0,0,0,0,0,0,0,0,0,0,0,0,0,0,0,0,0,0,0,0,0,0,0,0,0,0,0,0,0,0,0,0,0,0,0,0,0,0,0,0,0,0,0,0,0,0,0,0,0,0,0,0,0,0,0,0,0,0,0,0,0,0,0,0,0,0,0,0,0,0,0,0,0,0,0,0,0,0,0,0,0,0,0,0,0,0,0,0,0,0,0,0,0,0,0,0,0,0,0,0,0,0,0,0,0,0,0,0,0,0,0,0,0,0,0,0,0,0,0,0,0,0,0,0,0,0,0,0,0,0,0,0,0,0,0,0,0,0,0,0,0,0,0,0,0,0,0,0,0,0,0,0,0,0,0,0,0,0,0,0,0,0,0,0,0,0,0,0,0,0,0,0,0,0,0,0,0,0,0,0,0,0,0,0,0,0,0,0,0,0,0,0,0,0,0,0,0,0,0,0,0,0,0,0,0,0,0,0,0,0,0,0,0,0,0,0,0,0,0,0,0,0,0,0,0,0,0,0,0,0,0,0,0,0,0,0,0,0,0,0,0,0,0,0,0,0,0,0,0,0,0,0,0,0,0,0,0,0,0,0,0,0,0,0,0,0,0,0,0,0,0,0,0,0,0,0,0,0,0,0,0,0,0,0,0,0,0,0,0,0,0,0,0,0,0,0,0,0,0,0,0,0,0,0,0,0,0,0,0,0,0,0,0,0,0,0,0,0,0,0,0,0,0,0,0,0,0,0,0,0,0,0,0,0,0,0,0,0,0,0,0,0,0,0,0,0,0,0,0,0,0,0,0,0,0,0,0,0,0,0,0,0,0,0,0,0,0,0,0,0,0,0,0,0,0,0,0,0,0,0,0,0,0,0,0,0,0,0,0,0,0,0,0,0,0,0,0,0,0,0,0,0,0,0,0,0,0,0,0,0,0,0,0,0,0,0,0,0,0,0,0,0,0,0,0,0,0,0,0,0,0,-1.0920045,0.8419563,1.230453,-0.025390115,0.5165707,0.5265576,0.5056426,-0.20008293,-0.4545666,-0.033756126,0.20446609,0.014819036,-0.037416257,0.76681906,-0.72426593,0.39165562,-0.16285416,-0.12567769,-0.82570386,-0.15553391,0.645721,0.06496283,-0.574462,-0.1185143,-0.1711156,-0.22141626,0.15547264,-0.16604371,0.32373407,0.5602308,-0.18507639,-0.24337704,0.39787787,-0.50319403,0.037041258,-0.75365156,0.35149878,-0.15574306,0.24619159,-0.089390114,-0.20719403,0.95207393,0.23505433,-0.41498488,-0.14570384,-0.36996529,1.1276033,-1.0092332,-0.06863195,-0.3180437,-0.37901103,-0.16050123,0.42276675,-0.75208294,-0.11888031,0.3117079,0.12885825,-0.26356006,-0.75365156,-0.7035078,-0.04426593,-1.3853902,-0.6054686,0.49827,0.10417851,0.02015237,-0.2843705,0.14208701,0.5330936,0.54030925,0.36436152,0.17016543,0.92043996,-0.23229207,-0.6983313,0.4007014,-0.5938607,0.18836153,-0.22282802,0.7116556,-0.40572998,-0.6809718,-0.45043588,0.09408701,0.1551589,0.46700203,-0.74910253,0.24660988,0.28655759,0.1484138,-0.010226715,-0.70188683,0.14260988,0.97633535,0.5748713,-0.36217442,0.33398244,0.35029617,-1.3145927,0.8995249,-0.9495208,-0.21791299,0.09440073,1.1264007,1.1981916,-0.5846058,-0.25378227,-0.17331168,-0.37775612,0.067890935,1.1585053,0.44075367,0.3540086,-0.6970241,-1.1912463,0.4713419,0.25727656,1.2147667,-1.0905927,0.13121119,0.0246491,0.46109354,-0.67318094,-0.8933117,-0.4701483,-1.2863052,-0.3496254,0.33894977,0.36430922,0.38559029,1.0874465,1.2273158,0.9822439,0.841538,-0.9505143,-1.5895208,-0.8574947,-0.8921091,0.5896687,-0.086148284,-0.14387378,-1.4707234,1.3395249,0.49654454,0.9756556,0.55745953,-0.116788805,-0.34993914,0.07123733,0.3286491,-0.27077574,1.3183484,-0.6124751,-0.12515482,-0.8503313,0.2856687,-0.35752082,-1.2768934,0.7968321,0.46647915,-0.77247506,0.18700205,-0.8157692,0.29680598,0.28002164,0.8498517,0.2639171,-0.23820058,1.3614857,-1.1777039,-0.3480568,0.42742035,0.42266217,0.17821772,-0.16259272,-0.15882802,-0.72510254,0.8220347,-0.14732476,-0.5135993,-0.58784765,0.5030805,0.72885823,-0.32050124,0.893721,0.08342034,-0.1690241,-0.36076266,0.44619158,0.8571197,0.8726491,0.4351589,-0.28400448,-0.025756128,-1.1891549,1.190453,0.21408701,0.5427145,0.8942439,0.22663602,-0.126096,0.17136806,0.10705433,0.317721,-0.6067234,0.87374717,-0.5303313,-0.23793913,-0.030984886,0.7054857,0.45105433,-0.15203063,-0.3770241,0.47667524,-0.286096,0.68593013,-0.75652736,-0.017599264,-0.7614424,-0.11825286,1.0056164,-0.17974305,0.2870282,-0.25817442,0.032544527,0.5175641,-0.47626594,0.17413929,0.16300204,0.61387783,0.1202308,-0.8806581,0.45570794,0.21121119,0.42867523,-0.04034436,-0.47945547,-0.061677694,0.45136806,0.66234845,0.014505311,-0.28081495,-0.22167769,0.17277981,-0.13216135,-0.47820058,-0.27956006,-0.5134947,-0.07412214,0.1614857,0.016283087,-0.1652071,0.31317198,-0.4127365,0.53476673,-0.045311682,0.078871325,-0.033337828,0.4928844,-0.0062528593,0.56629616,-0.24468423,-0.04557312,0.009694853,-1.0062529,-0.20421365,-0.08112868,-0.68578225,-0.006566585,0.06208701,0.4625053,-0.4200045,0.24640073,-0.07150776,0.13555107,0.03766871,-0.618645,-0.2140437,0.34872752,0.013982435,0.23636152,0.06302819,0.95850533,0.04629616,0.049799427,0.4284138,1.0014857,-0.33890647,0.36838767,-0.040553514,-0.47851428,-0.8873509,-0.2869849,-1.1705928,0.23677982,-0.032553513,-0.14455351,0.110453025,-0.002069853,-0.42978227,0.041590277,-0.3214947,0.117198125,-0.004475082,0.79123735,0.22987786,-0.3896777,0.66653144,0.79928964,0.5276033,-0.5133901,0.4216687,0.048178513,-0.2600568,-0.92410904,-0.478462,-0.14183456,0.43228307,-0.19772999,-0.2923705,0.6335903,-0.4460437,-0.28541625,0.082740605,-0.09310253,-0.49399143,0.33262295,-0.21723326,0.29973406,-0.42732474,-0.5498868,0.09053145,0.046243872,-0.42868423,0.03824387,-0.15888031,-0.33006984,-0.5210764,-0.19631822,0.2604138,-0.3640045,0.42140728,-0.1749326,-0.46784765,-0.2843182,0.5256687,-0.8287888,0.58480597,0.113642566,-0.33064502,0.01670139,-0.025128676,-0.16180842,-0.2073509,-0.24939011,0.07087132,-0.058331292,-0.23799142,-0.4187496,0.07677982,0.23421773,-0.63448817,0.40917197,0.7647798,-0.46528554,-0.10298488,-0.4232986,-0.30382147,-0.04928554,-0.48112866,0.073904,0.19871446,0.4212504,-0.13315482,-0.5431417,0.62600857,-0.030723447,0.110453025,-0.14361234,0.22449224,0.0035772058,0.21534191,0.33445302,0.17680596,0.38010007,0.29047915,0.1779563,-0.43595222,-0.11454044,-0.29639664,0.68258375,0.15332884,-0.28452736,-0.009285539,0.9055903,0.1113942,-0.70831823,-0.166096,-0.3601352,0.055917077,-0.33132476,-0.042069852,0.23128963,0.03092361,-0.076475084,0.014139297,-0.36954698,0.31505433,0.49555105,0.0045183823,0.40545955,-0.29895875,-0.32735088,-0.55861884,0.9498256,-0.17979534,-0.083899915,-0.31234437,-0.2920045,0.3349759,0.113015115,0.63207394,-0.1256254,-0.06303717,-0.050906453,0.27165565,0.026270017,0.097851716,-0.18016136,0.07029616,0.26062295,0.35714585,-0.4465143,-0.48599142,-0.26915482,-0.31919405,-0.5438215,0.53816545,-0.3652071,0.12843995,-0.6730241,-0.1025143,0.42616543,0.050060865,-0.2885535,-0.28635743,-0.2646058,0.4663223,0.22010008,-0.40358618,0.22224388,-0.33519402,-0.022305148,-0.052579656,0.38224387,0.06166871,-0.19772999,0.565355,-0.122854166,-0.20625286,0.09162949,0.38998243,0.18940727,0.50658375,0.15144649,0.08859681,-0.2052594,0.5997079,0.83578634,0.27228308,-0.16039665,-0.057024103,-0.013207108,0.16227001,0.309721,-0.7094163,-0.1428803,-0.009756127,0.10710662,-0.4734424,-0.41357312,-0.025599265,-0.08970384,-0.39495873,0.5164661,0.0684661,-0.35459274,-0.035743054,0.49476674,-0.23114175,0.2545576,0.7956818,0.28127655,-0.49336398,-0.089651555,-0.40850124,-0.4174424,0.20263603,0.6275772,-0.82873654,-0.23265809,-0.49331167,0.20629616,-0.54193914,-0.11631822,-0.2717692,0.20347263,0.35630924,-0.2552986,0.014243873,0.11196936,0.14700204,-0.70612216,0.6262177,0.5154203,0.2739563,-0.0032724673,-0.4793509,0.39317197,-0.23365155,0.031446487,0.26365563,0.39458373,-0.12112868,-0.23997834,-0.115115605,-0.3457561,-0.0042136437,-0.6491287,-0.10539012,0.16728963,-0.11506332,-0.16379534,0.30308047,0.7331981,-0.23040973,0.3540086,-0.5128672,-0.24374306,0.0684661,0.2709236,-0.14685416,0.33236152,0.78480595,0.5008844,0.5210151,-0.40175614,0.089485705,-0.22319403,0.06302819,0.10679289,-0.11459273,-0.06742933,-0.30235744,-0.38957313,-0.17514175,-0.036579657,-0.2658084,-0.42261887,0.119864784,0.14993015,0.089224264,0.16043995,-0.06366462,0.10151184,0.40012622,-0.04782149,-0.4077692,0.100204654,-0.38816136,-0.30078882,-0.09655351,0.08807394,0.254087,-0.45885417,-0.02549469,0.10559028,0.23144649,-0.03323325,0.5134857,-0.1033509,0.1732504,-0.053520832,-0.04023979,0.21006086,-0.086095996,-0.030828023,0.2824269,0.71547264,-0.18026593,0.07128962,0.117564134,0.016753677,-0.15271038,0.09173407,-0.18748161,-0.2948803,0.22705433,0.18747263,-0.45880187,0.7666099,0.29340726,0.24237458,0.1333027,0.9376426,-0.37378228,-0.16290645,-0.47678882,0.43296283,0.36891055,0.69978637,0.031655636,-0.31197834,-0.11433129,0.23657067,-0.10957312,-0.15694568,0.3746099,0.2701393,0.39024386,-0.10795221,-0.20008293,0.17115891,0.06553799,-0.45592606,0.12953798,-0.2979653,0.005982435,0.69094974,-0.08557312,-0.28363848,0.0019562908,-0.13132475,0.60880595,0.12891054,0.35427,0.5101393,0.21272753,0.31589094,-0.21833129,-0.08750776,-0.050749592,-0.07171691,0.18020466,-0.05556005,0.06517198,-0.17739011,0.0017994281,0.11641381,-0.06795221,0.010217729,0.1438125,-0.09336397,0.028884396,0.31751186,0.17508048,-0.2927888,-0.18617442,-0.1812594,-0.07213521,-0.25848815,-0.1050241,-0.34146854,-0.08123325,-0.22491953,0.060518384,0.019629493,0.07165564,0.32247916,-0.25916788,0.10485825,-0.076788805,0.3725184,0.24169485,-0.26972997,0.16734192,0.11155106,-0.13712868,0.38182557,0.45811316,0.12802166,-0.2960829,0.30328962,0.113381125,0.3758125,0.15756413,0.38574713,-0.035743054,-0.08850122,-0.43213522,-0.04337704,0.1472112,-0.16065809,0.26773408,0.8424269,-0.03694567,0.20258375,0.016126225,-0.07631822,-0.45765156,-0.3879522,-0.0037430555,-0.29556006,0.18810008,0.51489747,-0.14319403,-0.18952084,-0.27616134,-0.37310255,0.01602165,0.1783223,0.026322303,0.5026099,-0.20980841,-0.12201756,-0.09054044,-0.4932594,-0.21503717,-0.4743313,-0.1875339,0.14276674,-0.15820058,0.48488438,-0.52196527,-0.2548803,-0.045729984,0.05947263,0.19751185,0.39327654,0.10778636,0.36504126,0.38491055,-0.020527368,-0.041546978,0.11165564,-0.36844894,0.5834988,0.3164661,0.2478125,0.30266216,-0.11197835,0.12451838,-0.17268424,-0.46648815,0.38559029,-0.23522018,-0.24829207,-0.62392604,-0.35046202,-0.54533786,0.05858374,0.15693669,0.36394322,0.33142033,0.18229616,-0.14319403,0.36634845,-0.05806985,0.28268832,0.31034845,-0.048762664,0.31374714,-0.13221364,0.4411197,-0.08954698,-0.42267117,0.34658375,0.39416543,-0.03542933,0.1349236,0.13942035,-0.28588685,-0.13655351,-0.107115604,-0.35077575,-0.28996527,0.3488321,0.17685825,0.2246491,-0.059063315,-0.24081495,-0.14314175,0.4128321,0.17722426,0.1050674,0.51918507,-0.29576918,0.17617851,0.066949755,-0.5951156,-0.16410907,-0.021677695,-0.6918476,0.25053146,-0.45210907,-0.35297182,0.13638766,0.12477982,-0.31799144,0.059577204,-0.14915483,0.13000858,0.23892361,-0.31501102,0.20964256,-0.107115604,0.04629616,0.06804779,0.30030924,-0.07684109,0.55024385,0.0119955065,0.37827003,0.09147263,0.12263603,-0.118618876,-0.24494568,-0.04295874,-0.04928554,-0.35448816,0.09162949,-0.30010906,-0.34282804,0.001433415,0.14407393,0.4857733,-0.08374306,-0.55485415,0.12394322,0.2393942,-0.11657966,-0.14732476,-0.19637051,-0.01101103,-0.22303717,-0.066749595,-0.17054044,0.03547263,0.47892362,0.17419158,-0.23689339,0.19427001,0.036518384,-0.44290647,0.0069236113,0.04718505,-0.09796528,0.1231589,-0.13346854,0.31406087,0.12127655,-0.19762541,-0.1850241,-0.028788807,-0.4233509,0.19484518,-0.7868019,0.0057732845,-0.3210241,0.03249224,0.2359955,-0.10486724,-0.28970385,0.13100204,0.054766748,-0.18089338,0.44289747,-0.12625286,-0.10397835,-0.28583455,-0.013834558,-0.13587378,0.17779943,-0.12337704,-0.28363848,0.20138113,-0.020684233,0.07766871,0.08551185,-0.012370506,-0.08254044,-0.12677574,0.021459559,0.012152369,0.3973027,-0.16959926,-0.8331287,0.105904005,-0.20703717,0.020988971,-0.04923325,-0.40149468,-0.16583456,-0.19971691,0.409538,-0.10983456,0.03202165,0.5563092,-0.13550776,0.04645302,-0.32363847,-0.025965277,-0.11359926,0.023551062,-0.017599264,0.4633942,-0.25205678,0.6250674,0.33335498,-0.31098488,0.10569485,0.0406491,-0.10439665,0.27944648,-0.49937704,0.4133027,0.10224387,-0.021416258,-0.30643585,-0.19668423,0.25921118,-0.06957312,0.2503746,0.17910662,0.013877859,-0.13979535,0.12321119,0.017851716,-0.572998,0.025485702,-0.20050122,0.3008844,-0.17806986,-0.11647508,0.37126347,-0.087089464,0.11421773,0.12054452,-0.28076267,-0.47025287,-0.10021365,0.14700204,-0.09200449,0.15761642,0.12132884,-0.26439664,0.02857067,0.3724138,0.10161642,-0.096448936,-0.37806985,0.020988971,-0.018435866,0.15024388,-0.015560049,-0.26601756,0.112126224,-0.089390114,-0.018645016,0.19876675,-0.41310254,0.630819,0.0115249185,-0.38606986,-0.18539011,0.425538,-0.22889338,-0.30146855,-0.13540319,-0.5785927,0.30966872,-0.03605678,0.45931578,0.016387664,-0.04233129,-0.4283705,0.5627406,-0.2077692,0.21419159,-0.26559925,-0.33357313,-0.3640568,0.044309232,0.10956413,0.5408321,-0.2658607,-0.05080188,0.15636152,0.15908048,-0.14099796,-0.0019652778,-0.1185143,-0.26308945,0.11735498,-0.09440972,0.29210007,0.021511847,0.2862439,-0.106697306,-0.040135212,-0.14988685,0.12378635,-0.18444894,-0.0991156,-0.35610908,-0.04923325,-0.33963847,-0.19077574,-0.10094567,-0.17393914,-0.40243587,-0.6532594,-0.35354698,0.079864785,-0.12421364,-3.0637257e-05,-0.026017565,-0.114801876,0.469355,-0.17325939,-0.43558618,0.09999551,-0.20583455,-0.4599522,1.2344269,0.97445303,0.22396937,-0.14444894,-1.3717431,1.4540347,0.8072373,0.9532766,-0.4085535,1.975551,-0.1463313,1.495185,-1.2233509,1.6550282,-1.135351,1.5494596,0.7694857,0.73513275,1.6920478,0.2069236,-1.7279783,0.56096286,-0.2607888,-1.6741744,-1.5529718,-1.6347497,1.2744792,-1.8185405,0.5040739,0.7408321,1.728806,0.019368056,0.76467526,0.08075368,1.5582439,0.684257,1.8148713,-1.2427496,-0.96180844,-1.3832986,1.3645184,-0.7575731,-0.97979534,-0.9374947,-1.4452595,0.22015236,-1.4099653,0.70783865,0.012832108,0.34705433,-1.268475,-0.47443587,1.0941393,-0.40635744,-0.74476266,-0.053259395,-0.109939136,0.022662174,-0.7217038,-1.3002659,-1.6769979,-1.594645,-0.65472347,0.016544526,-0.85812217,-0.088344365,1.1929629,0.49481905,-1.2413901,-1.270828,-0.9110895,0.61868834,0.36002165,-0.8038476,-0.9388019,0.37257066,-0.26993912,0.32096282,0.75149876,-1.2272725,-0.59788686,-0.03474959,-0.5447104,-0.13718097,1.2884922,-1.4518477,0.17356414,-0.9825143,1.4979563,-1.4198476,-1.0955077,-0.77033126,1.1178778,-0.15333782,-0.5259391,0.98119813,0.8878125,0.601904,1.6820086,0.1534857,-1.1963705,-0.33132476,-0.7092594,-0.6514816,-0.63699794,1.3812504,-0.36719403,0.317721,-0.010017565,1.5540608,1.373721,-0.9721091,0.85612625,0.18627001,0.309355,0.7134857,0.078871325,0.84640074,-1.6592202,-0.5087365,0.3997079,-0.80217445,0.21340728,0.30161643,-0.70298487,-0.47124633,0.2090674,-1.3483182,
1,0,0,0,0,0,0,0,0,0,0,0,0,0,0,0,0,0,0,0,0,0,0,0,0,0,0,0,0,0,0,0,0,0,0,0,0,0,0,0,0,0,0,0,0,0,0,0,0,0,0,0,0,0,0,0,0,0,0,0,0,0,0,0,0,0,0,0,0,0,0,0,0,0,0,0,0,0,0,0,0,0,0,0,0,0,0,0,0,0,0,0,0,0,0,0,0,0,0,0,0,0,0,0,0,0,0,0,0,0,0,0,0,0,0,0,0,0,0,0,0,0,0,0,0,0,0,0,0,0,0,0,0,0,0,0,0,0,0,0,0,0,0,0,0,0,0,0,0,0,0,0,0,0,0,0,0,0,0,0,0,0,0,0,0,0,0,0,0,0,0,0,0,0,0,0,0,0,0,0,0,0,0,0,0,0,0,0,0,0,0,0,0,0,0,0,0,0,0,0,0,0,0,0,0,0,0,0,0,0,0,0,0,0,0,0,0,0,0,0,0,0,0,0,0,0,0,0,0,0,0,0,0,0,0,0,0,0,0,0,0,0,0,0,0,0,0,0,0,0,0,0,0,0,0,0,0,0,0,0,0,0,0,0,0,0,0,0,0,0,0,0,0,0,0,0,0,0,0,0,0,0,0,0,0,0,0,0,0,0,0,0,0,0,0,0,0,0,0,0,0,0,0,0,0,0,0,0,0,0,0,0,0,0,0,0,0,0,0,1,0,0,0,0,0,0,0,0,0,0,0,0,0,0,0,0,0,0,0,0,0,0,0,0,0,0,0,0,0,0,0,0,0,0,0,0,0,0,0,0,0,0,0,0,0,0,0,0,0,0,0,0,0,0,0,0,0,0,0,0,0,0,0,0,0,0,0,0,0,0,0,0,0,0,0,0,0,0,0,0,0,0,0,0,0,0,0,0,0,0,0,0,0,0,0,0,0,0,0,0,0,0,0,0,0,0,0,0,0,0,0,0,0,0,0,0,0,0,0,0,0,0,0,0,0,0,0,0,0,0,0,0,0,0,0,0,0,0,0,0,0,0,0,0,0,0,0,0,0,0,0,0,0,0,0,0,0,0,0,0,0,0,0,0,0,0,0,0,0,0,0,0,0,0,0,0,0,0,0,0,0,0,0,0,0,0,0,0,0,0,0,0,0,0,0,0,0,0,0,0,0,0,0,0,0,0,0,0,0,0,0,0,0,0,0,0,0,0,0,0,0,0,0,0,0,0,0,0,0,0,0,0,0,0,0,0,0,0,0,0,0,0,0,0,0,0,0,0,0,0,0,0,0,0,0,0,0,0,0,0,0,0,0,0,0,0,0,0,0,0,0,0,0,0,0,0,0,0,0,0,0,0,0,0,0,0,0,0,0,0,0,0,0,0,0,0,0,0,0,0,0,0,0,0,0,0,0,0,0,0,0,0,0,0,0,0,0,0,0,0,0,0,0,0,0,0,0,0,0,0,0,0,0,0,0,0,0,0,0,0,0,0,0,0,0,0,0,0,0,0,0,0,0,0,0,0,0,0,0,0,0,0,0,0,0,0,0,0,0,0,0,0,0,0,0,0,0,0,0,0,0,0,0,0,0,0,0,0,0,0,0,0,0,0,0,0,0,0,0,0,0,0,0,0,0,0,0,0,0,0,0,0,0,0,0,0,0,0,0,0,0,0,0,0,0,0,0,0,0,0,0,0,0,0,0,0,0,0,0,0,0,0,0,0,0,0,0,0,0,0,0,0,0,0,0,0,0,0,0,0,0,0,0,0,0,0,0,0,0,0,0,0,0,0,0,0,0,0,0,0,0,0,0,0,0,0,0,0,0,0,0,0,0,0,0,0,0,0,0,0,0,0,0,0,0,0,0,0,0,0,0,0,0,0,0,0,0,0,0,0,0,0,0,0,0,0,0,0,0,0,0,0,0,0,0,0,0,0,0,0,0,0,0,0,0,0,0,0,0,0,0,0,0,0,0,0,0,0,0,0,0,0,0,0,0,0,0,0,0,0,0,0,0,0,0,0,0,0,0,0,0,0,0,0,0,0,0,0,0,0,0,0,0,0,0,0,0,0,0,0,0,0,0,0,0,0,0,0,0,0,0,0,0,0,0,0,0,0,0,0,0,0,0,0,0,0,0,0,0,0,0,0,0,0,0,0,0,0,0,0,0,0,0,0,0,0,0,0,0,0,0,0,0,0,0,0,0,0,0,0,0,0,0,0,0,0,0,0,0,0,0,0,0,0,0,0,0,0,0,0,0,0,0,0,0,0,0,0,0,0,0,0,0,0,0,0,0,0,0,0,0,0,0,0,0,0,0,0,0,0,0,0,0,0,0,0,0,0,0,0,0,0,0,0,0,0,0,0,0,0,0,0,0,0,0,0,0,0,0,0,0,0,0,0,0,0,0,0,0,0,0,0,0,0,0,0,0,0,0,0,0,0,0,0,0,0,0,0,0,0,0,0,0,0,0,0,0,0,0,0,0,0,0,0,0,0,0,0,0,0,0,0,0,0,0,0,0,0,0,0,0,0,0,0,0,0,0,0,0,0,0,0,0,0,0,0,0,0,0,0,0,0,0,0,0,0,0,0,0,0,0,0,0,0,0,0,0,0,0,0,0,0,0,0,0,0,0,0,0,0,0,0,0,0,0,0,0,0,0,0,0,0,0,0,0,0,0,0,0,0,0,0,0,0,0,0,0,0,0,0,0,0,0,0,0,0,0,0,0,0,0,0,0,0,0,0,0,0,0,0,0,0,0,0,0,0,0,0,0,0,0,0,0,0,0,0,0,0,0,0,0,0,0,0,0,0,0,0,0,0,0,0,0,0,0,0,0,0,0,0,0,0,0,0,0,0,0,0,0,0,0,0,0,0,0,0,0,0,0,0,0,0,0,0,0,0,0,0,0,0,0,0,0,0,0,0,0,0,0,0,0,0,0,0,0,0,0,0,0,0,0,0,0,0,0,0,0,0,0,0,0,0,0,0,0,0,0,0,0,0,0,0,0,0,0,0,0,0,0,0,0,0,0,0,0,0,0,0,0,0,0,0,0,0,0,0,0,0,0,0,0,0,0,0,0,0,0,0,0,0,0,0,0,0,0,0,0,0,0,0,0,0,0,0,0,0,0,0,0,0,0,0,0,0,0,0,0,0,0,0,0,0,0,0,0,0,0,0,0,0,0,0,0,0,0,0,0,0,0,0,0,0,0,0,0,0,0,0,0,0,0,0,0,0,0,0,0,0,0,0,0,0,0,0,0,0,0,0,0,0,0,0,0,0,0,0,0,0,0,0,0,0,0,0,0,0,0,0,0,0,0,0,0,0,0,0,0,0,0,0,0,0,0,0,0,0,0,0,0,0,0,0,0,0,0,0,0,0,0,0,0,0,0,0,0,0,0,0,0,0,0,0,0,0,0,0,0,0,0,0,0,0,0,0,0,0,0,0,0,0,0,0,0,0,0,0,0,0,0,0,0,0,0,0,0,0,0,0,0,0,0,0,0,0,0,0,0,0,0,0,0,0,0,0,0,0,0,0,0,0,0,0,0,0,0,0,0,0,0,0,0,0,0,0,0,0,0,0,0,0,0,0,0,0,0,0,0,0,0,0,0,0,0,0,0,0,0,0,0,0,0,0,0,0,0,0,0,0,0,0,0,0,0,0,0,0,0,0,0,0,0,0,0,0,0,0,0,0,0,0,0,0,0,0,0,0,0,0,0,0,0,0,0,0,0,0,0,0,0,0,0,0,0,0,0,0,0,0,0,0,0,0,0,0,0,0,0,0,0,0,0,0,0,0,0,0,0,0,0,0,0,0,0,0,0,0,0,0,0,0,0,0,0,0,0,0,0,0,0,0,0,0,0,0,0,0,0,0,0,0,0,0,0,0,0,0,0,0,0,0,0,0,0,0,0,0,0,0,0,0,0,0,0,0,0,0,0,0,0,0,0,0,0,0,0,0,0,0,0,0,0,0,0,0,0,0,0,0,0,0,0,0,0,0,0,0,0,0,0,0,0,0,0,0,0,0,0,0,0,0,0,0,0,0,0,0,0,0,0,0,0,0,0,0,0,0,0,0,0,0,0,0,0,0,0,0,0,0,0,0,0,0,0,0,0,0,0,0,0,0,0,0,0,0,0,0,0,0,0,0,0,0,0,0,0,0,0,0,0,0,0,0,0,0,0,0,0,0,0,0,0,0,0,0,0,0,0,0,0,0,0,0,0,0,0,0,0,0,0,0,0,0,0,0,0,0,0,0,0,0,0,0,0,0,0,0,0,0,0,0,0,0,0,0,0,0,0,0,0,0,0,0,0,0,0,0,0,0,0,0,0,0,0,0,0,0,0,0,0,0,0,0,0,0,0,0,0,0,0,0,0,0,0,0,0,0,0,0,0,0,0,0,0,0,0,0,0,0,0,0,0,0,0,0,0,0,0,0,0,0,0,0,0,0,0,0,0,0,0,0,0,0,0,0,0,0,0,0,0,0,0,0,0,0,0,0,0,0,0,0,0,0,0,0,0,0,0,0,0,0,0,0,0,0,0,0,0,0,0,0,0,0,0,0,0,0,0,0,0,0,0,0,0,0,0,0,0,0,0,0,0,0,0,0,0,0,0,0,0,0,0,0,0,0,0,0,0,0,0,0,0,0,0,0,0,0,0,0,0,0,0,0,0,0,0,0,0,0,0,0,0,0,0,0,0,0,0,0,0,0,0,0,0,0,0,0,0,0,0,0,0,0,0,0,0,0,0,0,0,0,0,0,0,0,0,0,0,0,0,0,0,0,0,0,0,0,0,0,0,0,0,0,0,0,0,0,0,0,0,0,0,0,0,0,0,0,0,0,0,0,0,0,0,0,0,0,0,0,0,0,0,0,0,0,0,0,0,0,0,0,0,0,0,0,0,0,0,0,0,0,0,0,0,0,0,0,0,0,0,0,0,0,0,0,0,0,0,0,0,0,0,0,0,0,0,0,0,0,0,0,0,0,0,0,0,0,0,0,0,0,0,0,0,0,0,0,0,0,0,0,0,0,0,0,0,0,0,0,0,0,0,0,0,0,0,0,0,0,0,0,0,0,0,0,0,0,0,0,0,0,0,0,0,0,0,0,0,0,0,0,0,0,0,0,0,0,0,0,0,0,0,0,0,0,0,0,0,0,0,0,0,0,0,0,0,0,0,0,0,0,0,0,0,0,0,0,0,0,0,0,0,0,0,0,0,0,0,0,0,0,0,0,0,0,0,0,0,0,0,0,0,0,0,0,0,0,0,0,0,0,0,0,0,0,0,0,0,0,0,0,0,0,0,0,0,0,0,0,0,0,0,0,0,0,0,0,0,0,0,0,0,0,0,0,0,0,0,0,0,0,0,0,0,0,0,0,0,0,0,0,0,0,0,0,0,0,0,0,0,0,0,0,0,0,0,0,0,0,0,0,0,0,0,0,0,0,0,0,0,0,0,0,0,0,0,0,0,0,0,0,0,0,0,0,0,0,0,0,0,0,0,0,0,0,0,0,0,0,0,0,0,0,0,0,0,0,0,0,0,0,0,0,0,0,0,0,0,0,0,0,0,0,0,0,0,0,0,0,0,0,0,0,0,0,0,0,0,0,0,0,0,0,0,0,0,0,0,0,0,0,0,0,0,0,0,0,0,0,0,0,0,0,0,0,0,0,0,0,0,0,0,0,0,0,0,0,0,0,0,0,0,0,0,0,0,0,0,0,0,0,0,0,0,0,0,0,0,0,0,0,0,0,0,0,0,0,0,0,0,0,0,0,0,0,0,0,0,0,0,0,0,0,0,0,0,0,0,0,0,0,0,0,0,0,0,0,0,0,0,0,0,0,0,0,0,0,0,0,0,0,0,0,0,0,0,0,0,0,0,0,0,0,0,0,0,0,0,0,0,0,0,0,0,0,0,0,0,0,0,0,0,0,0,0,0,0,0,0,0,0,0,0,0,0,0,0,0,0,0,0,0,0,0,0,0,0,0,0,0,0,0,0,0,0,0,0,0,0,0,0,0,0,0,0,0,0,0,0,0,0,0,0,0,0,0,0,0,0,0,0,0,0,0,0,0,0,0,0,0,0,0,0,0,0,0,0,0,0,0,0,0,0,0,0,0,0,0,0,0,0,0,0,0,0,0,0,0,0,0,0,0,0,0,0,0,0,0,0,0,0,0,0,0,0,0,0,0,0,0,0,0,0,0,0,0,0,0,0,0,0,0,0,0,0,0,0,0,0,0,0,0,0,0,0,0,0,0,0,0,0,0,0,0,0,0,0,0,0,0,0,0,0,0,0,0,0,0,0,0,0,0,0,0,0,0,0,0,0,0,0,0,0,0,0,0,0,0,0,0,0,0,0,0,0,0,0,0,0,0,0,0,0,0,0,0,0,0,0,0,0,0,0,0,0,0,0,0,0,0,0,0,0,0,0,0,0,0,0,0,0,0,0,0,0,0,0,0,0,0,0,0,0,0,0,0,0,0,0,0,0,0,0,0,0,0,0,0,0,0,0,0,0,0,0,0,0,0,0,0,0,0,0,0,0,0,0,0,0,0,0,0,0,0,0,0,0,0,0,0,0,0,0,0,0,0,0,0,0,0,0,0,0,0,0,0,0,0,0,0,0,0,0,0,0,0,0,0,0,0,0,0,0,0,0,0,0,0,0,0,0,0,0,0,0,0,0,0,0,0,0,0,0,0,0,0,0,0,0,0,0,0,0,0,0,0,0,0,0,0,0,0,0,0,0,0,0,0,0,0,0,0,0,0,0,0,0,0,0,0,0,0,0,0,0,0,0,0,0,0,0,0,0,0,0,0,0,0,0,0,0,0,0,0,0,0,0,0,0,0,0,0,0,0,0,0,0,0,0,0,0,0,0,0,0,0,0,0,0,0,0,0,0,0,0,0,0,0,0,0,0,0,0,0,0,0,0,0,0,0,0,0,0,0,0,0,0,0,0,0,0,0,0,0,0,0,0,0,0,0,0,0,0,0,0,0,0,0,0,0,0,0,0,0,0,0,0,0,0,0,0,0,0,0,0,0,0,0,0,0,0,0,0,0,0,0,0,0,0,0,0,0,0,0,0,0,0,0,0,0,0,0,0,0,0,0,0,0,0,0,0,0,0,0,0,0,0,0,0,0,0,0,0,0,0,0,0,0,0,0,0,0,0,0,0,0,0,0,0,0,0,0,0,0,0,0,0,0,0,0,0,0,0,0,0,0,0,0,0,0,0,0,0,0,0,0,0,0,0,0,0,0,0,0,0,0,0,0,0,0,0,0,0,0,0,0,0,0,0,0,0,0,0,0,0,0,0,0,0,0,0,0,0,0,0,0,0,0,0,0,0,0,0,0,0,0,0,0,0,0,0,0,0,0,0,0,0,0,0,0,0,0,0,0,0,0,0,0,0,0,0,0,0,0,0,0,0,0,0,0,0,0,0,0,0,0,0,0,0,0,0,0,0,0,0,0,0,0,0,0,0,0,0,0,0,0,0,0,0,0,0,0,0,0,0,0,0,0,0,0,0,0,0,0,0,0,0,0,0,0,0,0,0,0,0,0,0,0,0,0,0,0,0,0,0,0,0,0,0,0,0,0,0,0,0,0,0,0,0,0,0,0,0,0,0,0,0,0,0,0,0,0,0,0,0,0,0,0,0,0,0,0,0,0,0,0,0,0,0,0,0,0,0,0,0,0,0,0,0,0,0,0,0,0,0,0,0,0,0,0,0,0,0,0,0,0,0,0,0,0,0,0,0,0,0,0,0,0,0,0,0,0,0,0,0,0,0,0,0,0,0,0,0,0,0,0,0,0,0,0,0,0,0,0,0,0,0,0,0,0,0,0,0,0,0,0,0,0,0,0,0,0,0,0,0,0,0,0,0,0,0,0,0,0,0,0,0,0,0,0,0,0,0,0,0,0,0,0,0,0,0,0,0,0,0,0,0,0,0,0,0,0,0,0,0,0,0,0,0,0,0,0,0,0,0,0,0,0,0,0,0,0,0,0,0,0,0,0,0,0,0,0,0,0,0,0,0,0,0,0,0,0,0,0,0,0,0,0,0,0,0,0,0,0,0,0,0,0,0,0,0,0,0,0,0,0,0,0,0,0,0,0,0,0,0,0,0,0,0,0,0,0,0,0,0,0,0,0,0,0,0,0,0,0,0,0,0,0,0,0,0,0,0,0,0,0,0,0,0,0,0,0,0,0,0,0,0,0,0,0,0,0,0,0,0,0,0,0,0,0,0,0,0,0,0,0,0,0,0,0,0,0,0,0,0,0,0,0,0,0,0,0,0,0,0,0,0,0,0,0,0,0,0,0,0,0,0,0,0,0,0,0,0,0,0,0,0,0,0,0,0,0,0,0,0,0,0,0,0,0,0,0,0,0,0,0,0,0,0,0,0,0,0,0,0,0,0,0,0,0,0,0,0,0,0,0,0,0,0,0,0,0,0,0,0,0,0,0,0,0,0,0,0,0,0,0,0,0,0,0,0,0,0,0,0,0,0,0,0,0,0,0,0,0,0,0,0,0,0,0,0,0,0,0,0,0,0,0,0,0,0,0,0,0,0,0,0,0,0,0,0,0,0,0,0,0,0,0,0,0,0,0,0,0,0,0,0,0,0,0,0,0,0,0,0,0,0,0,0,0,0,0,0,0,0,0,0,0,0,0,0,0,0,0,0,0,0,0,0,0,0,0,0,-1.059297,-1.3086327,-0.40407872,0.9253963,1.6357062,0.7404501,0.1481667,-0.7568934,-0.12235828,0.7784007,-0.8916815,-0.20572324,-0.0663178,-0.23342723,-0.5024342,0.029191375,-1.7403848,0.117995925,1.3720757,0.7840301,-0.05107428,-0.92786115,0.17112686,0.36631978,0.5007916,0.3339352,-0.53646326,-0.4269756,0.2335557,0.43918505,-0.4030667,0.78099406,-1.117235,0.5185652,0.33570623,0.2917467,0.044055384,0.87991875,1.0293179,-1.6415234,-0.5945278,0.30774924,0.83437794,1.4981351,0.26568726,0.2880149,-0.05404708,-0.085166626,0.21578214,-0.3352615,-0.31742468,0.33463097,0.6331762,0.5759972,0.61540264,0.18301807,-0.6114791,-0.07156764,0.63456774,1.27897,0.14506741,0.6758074,-0.33557776,0.6367815,-0.12703887,0.1761237,-0.54576117,-0.20565999,1.0351369,0.06606677,0.6176164,-0.62387633,-0.91394585,0.21913445,0.076250196,-0.8412704,0.09130396,-0.04310464,-1.0696069,0.5341882,-0.6070515,-1.2314032,0.45430207,0.50920403,-0.5307074,0.14835645,0.6618922,-0.5185632,-0.44291487,-0.28763342,-0.1721369,0.40351143,0.2590459,-0.34158662,0.067015536,-0.33621028,-0.37953728,0.7514558,-0.4374753,0.21318884,0.24740769,-0.6799168,-0.16853158,0.44329637,-0.4123646,0.27308765,-0.18832918,1.0169839,0.17359366,-0.18314259,-0.43096042,0.6343147,-0.47865176,-0.79737407,-1.5536675,0.93336594,0.16733178,-0.422042,0.38365057,0.49705982,0.606168,-1.1006632,0.15259428,0.30680048,-0.449493,0.36657277,-0.06568529,-0.21717168,-0.49977764,-0.27049237,-0.042029373,-0.6993981,0.7241313,0.23602249,0.6679643,-0.009834559,0.14373913,-0.80622923,-0.067140065,0.13115215,-0.4983861,0.30812874,0.8822591,-0.22438231,0.058792893,-0.43450248,-0.34196612,0.17542793,-0.016286172,-0.059929434,0.6636632,0.15619959,-0.09111223,0.45790738,-0.34025833,0.79984283,0.35107625,-0.47390792,-0.19022672,0.057907376,0.24607942,0.09528878,0.45455506,-0.8096448,0.6672053,-1.0155271,0.31110156,0.5811838,-0.2856094,0.364359,0.014390615,0.80553544,1.1110383,0.38833115,-0.96593827,-0.16030894,-0.82602686,0.8559466,-0.604648,0.3169839,-1.1025606,0.042727113,0.14569992,0.12343553,-0.19282001,-0.31856322,0.5234988,0.30971003,-0.16170047,-0.16391425,-0.08567264,0.74487764,-0.64247215,-0.02533108,-0.09263026,0.33697125,0.017806174,0.55778086,1.0259656,0.090355195,-0.59680486,0.43475747,-0.50439495,-0.27194715,-0.102370925,-0.30452147,-0.4637245,0.65765435,-0.41666567,0.37372014,-0.10319319,0.34051332,-0.41944873,-0.93576753,-1.1343127,0.46220845,-0.79376876,-0.9445594,0.73051965,-1.0012957,0.32311928,0.50736976,0.21552913,-0.9501255,0.00838176,-0.5400053,-0.60262394,-0.28061256,-0.3604987,-0.020017987,-0.31122607,0.7919997,0.033365946,0.5322907,0.4875089,0.292316,0.36821732,0.12678783,0.5121768,-0.63595724,-0.34506541,-0.13956258,0.5637265,-0.52552086,0.94057655,-0.39060622,0.3158454,0.30098137,0.8327967,-0.2435474,-0.15474285,-0.6290629,-0.58782315,1.1603109,0.80142415,-0.20496422,-0.30610275,-0.18788643,-0.13026467,0.4988941,0.13545324,1.074163,0.78668666,0.035706237,0.80205667,0.3753647,0.3521515,-0.24101736,0.821032,0.567142,0.40319517,-0.15524885,-0.44917676,-0.25929692,0.55398583,1.0968701,0.010848553,0.007179989,0.3420946,0.65809715,-0.98643166,0.48618063,-0.6062925,0.0016771427,-0.40116915,0.8489257,0.3537328,-0.12147276,-0.11407238,1.3522148,0.46866006,0.05582009,0.3598049,-0.018942717,0.44481438,-0.020650499,-0.17479345,-0.7178042,-0.17340192,-0.42046073,0.13975431,-1.221283,-0.69724756,0.21426411,0.07163287,-0.017171687,-0.30800027,0.7321009,0.05923565,-0.81761444,-0.8389301,-0.1697966,-0.10730451,0.3318479,0.59573156,-0.33557776,0.1968068,0.2687233,0.27245513,-0.14531843,0.045257155,0.031974424,-0.14696296,0.5423476,-0.54841775,0.7429801,-0.8678358,0.3129991,1.3509498,-0.061131205,0.21755317,0.3257758,0.4445614,-0.08573589,0.35145578,-0.42311728,0.14310662,-0.6491768,-0.7309604,0.49452975,-0.5436739,-0.87479347,-0.19598256,-0.5389933,0.3250168,-0.15404709,1.0174266,-0.11312362,0.101613894,0.84082955,-0.20964481,-0.06189022,-0.49769035,-0.778715,0.4498745,-0.0086327875,0.14588967,0.1909877,0.6870029,-0.5591072,-0.030201415,-0.17479345,0.993834,0.33855253,0.34272712,-0.018373458,0.34513065,-0.2833956,0.20483969,0.26106992,-0.35543862,-0.7329845,-0.4955398,0.22571257,-0.15404709,0.6418416,-0.36758283,-0.8031932,-0.33089718,0.20357467,-0.5896575,0.28301805,-0.6305809,1.0335557,-0.89535004,-0.83962584,0.31122807,-0.19661507,-0.4986391,-0.43937284,1.0251433,0.8752382,0.71856517,-0.25335133,-0.5122381,0.28972268,0.83273345,-0.45354107,-0.19307302,0.322297,-0.119954735,0.5548713,-0.43096042,0.14329638,-0.30078965,0.6299504,-0.73595726,-0.30793703,0.56739503,-0.77327543,-0.4921875,1.0715064,-0.13646327,0.07878024,0.5107853,0.14215785,0.05411231,1.0273571,0.9715696,-0.7790313,0.3790965,0.41110155,-0.1543001,-0.30199143,0.7300136,0.72596556,-0.33197245,-0.31578016,-0.5289996,-0.164357,0.95784414,0.11186057,0.12716734,-0.52836716,0.4061047,0.94993776,0.17131661,1.2921895,-0.11280736,-0.79984087,0.17125335,-0.2945278,0.14886247,0.264865,0.33779353,0.8892799,1.1624614,0.09415026,-0.3483545,0.4768827,0.44557342,-0.016602427,0.40964678,-0.30015713,0.34639567,-0.74538165,0.26973534,-0.25164354,0.708192,-0.08099205,-0.13766505,0.14424513,-0.012554357,-0.28137156,0.76233494,-0.14051135,-0.50237095,0.43659174,0.250254,-0.24905024,0.41401112,-0.008316533,0.0849156,0.3956683,-0.29066947,0.5028789,-1.5471528,0.4523413,-1.0154006,-0.27340192,-0.8317827,0.079223,0.25778088,0.0031319181,-1.0980066,0.19718632,-0.3176777,-0.3753627,-0.3528453,-0.3322887,-0.2677093,-0.8547428,0.6454469,0.69870436,0.32444754,-0.45714638,0.6198302,0.48548487,0.23488398,0.23747727,-0.05910717,-0.49250376,0.28744563,0.6875089,-0.5446859,-0.3289364,-0.31824696,0.121221736,1.3040807,0.20528245,0.7865601,0.41439062,-0.014768145,0.20591497,-0.6052172,-1.1689111,0.02495355,0.8477872,-0.22425582,-0.52665937,-0.3345025,-0.76416725,0.051139507,0.32912812,0.1190712,-0.4604987,0.38440958,-0.6395626,-0.23330072,-0.3839016,-1.2718207,0.004902949,0.01527613,0.08896367,0.3157189,-0.011985096,0.022107251,-0.34683645,-0.26536903,-0.5048377,-0.09996738,-0.5587277,0.13165817,0.014264113,0.25094974,-0.62103003,-1.4511375,0.37890676,-0.07099838,-0.9283039,-0.85727286,-0.07055562,0.55986816,-0.88194084,0.18839441,0.1911142,0.7670788,-0.32166252,-0.31128934,0.034883972,0.464865,0.44943172,-0.53874034,0.79478276,-0.27194715,0.5840301,-0.2519598,-0.10837978,-0.23538801,0.37466893,-0.40945506,0.32261327,-0.055248853,0.18909018,0.5536063,0.12406804,0.124131285,-0.1754892,0.8295709,-1.0264064,0.16151269,0.6248903,0.4466487,0.1470282,0.9837138,0.50047535,-0.06973336,0.65031725,0.06979858,-0.124445565,0.5459529,-0.39838612,-0.29345253,0.98991245,0.35044375,0.47315088,-0.57947403,0.3417151,-0.7291894,-0.6775765,-0.18541963,0.39522552,-0.994085,0.030962406,-0.3699231,-0.6580952,-0.9496828,0.1599314,-0.17017612,-1.2914917,0.8449409,0.34019706,-0.47726023,-1.2746669,0.42413127,-0.17232665,0.2917467,-0.362586,0.4340617,0.5931382,0.24671192,-0.60414195,-0.49699458,-0.86163723,0.41951394,0.39788207,-0.29104897,0.01407436,-0.618247,-0.7845974,0.0062312223,-0.3530983,-1.1176144,-0.041080605,-0.34557143,-0.07998004,-0.2558181,1.3815,-0.87093514,0.042410854,-0.51204836,0.10730649,-0.43696928,-0.26878458,-0.18510337,0.42147473,-0.40066314,-0.45214954,-0.33532476,0.8428536,-0.12792438,0.49079797,0.18080428,0.50825524,0.31793267,-0.47194713,1.4362123,-0.77428746,-0.43298447,-0.5547429,-0.06486302,-0.4610047,-0.82033426,0.31274608,-0.013060365,-0.7367795,0.25948864,-0.55600786,0.66372645,-1.4945278,0.8042072,1.1864337,-0.8524658,0.5011079,-0.13621028,0.82299274,0.72027296,0.1990206,1.1443716,-0.5264696,-0.14278838,0.25057024,0.5980086,-0.091934495,-0.1325417,0.08927993,-1.348734,-0.15973969,0.3806778,0.45740137,-0.4414601,-0.12147276,-0.02590034,0.7185019,0.16594027,0.104080684,-0.9362735,-0.76226974,0.3744159,0.27150637,0.22318251,-0.5337435,-0.72552085,-0.19946137,-0.77327543,0.40060186,0.73526347,-0.26378775,-0.08282634,0.0152128795,-0.20148541,-0.521536,0.75702184,0.7357062,-0.1949073,0.45626286,0.68877393,-0.0981331,0.7762502,0.26866007,0.09092446,0.6033849,0.7319112,-0.23633677,0.2542388,-0.45107427,-0.0031931926,-0.08194082,0.17346714,0.423056,-0.27903128,-0.013439872,-0.06467327,0.7405133,0.11641465,0.49857783,-0.8357675,0.027040837,-0.077007234,-0.097247586,1.6658138,0.079539254,-0.21957523,0.39218947,-1.1298219,0.29845133,-0.6579054,0.32444754,0.08080428,-1.6058497,-0.048101477,-0.94708943,-0.5989554,0.7594254,0.04671193,-0.16638105,-0.75720966,0.05588334,0.8714431,-0.048923742,-0.34942976,0.850507,0.34968475,-0.9357043,-0.27340192,0.14203134,0.09516228,-0.09497055,0.9418416,-0.4695436,0.4580339,-0.6715044,0.39933684,0.0076227468,-0.50078964,-0.6273551,0.6753647,0.27783147,-0.74259865,0.22893837,1.408192,1.1870661,9.586496e-05,-1.2667606,-0.5749832,-0.47099838,-1.5320357,0.48225906,-0.23349047,0.17024134,-1.0107201,-0.51242787,0.25480807,-0.5123013,-0.50648224,-0.20996106,-0.56789905,0.0014241382,0.11084855,0.47049436,-0.5958561,0.3476607,-0.12874664,0.44822997,0.49933684,-0.27985352,-0.6634715,-0.35562837,-0.6626492,-0.11249111,0.16347347,-0.6114791,-0.077196985,1.0367815,-0.6446227,1.4025626,0.03526348,0.3287486,-0.5070515,0.46790105,0.1221705,-0.76207995,-0.8566404,-0.018373458,-1.3010427,0.27770498,-1.1641673,-0.4035727,-0.7537941,0.6090775,1.0722654,-0.24512868,-0.046709955,-0.8325417,0.77681947,-0.66391426,0.9393748,1.0561364,-1.4334272,-0.41875297,0.27232862,-0.7142621,-0.86353475,0.51458037,-0.22817738,0.20945702,-0.7009162,0.22729383,0.39687005,-0.16353475,0.43102565,0.66543424,-0.08693766,0.23817304,-0.1238763,-0.06353475,0.23304969,-0.20205468,-0.81824696,1.1889005,0.44165185,0.13178466,0.058792893,0.4895962,-0.5505683,-0.047152713,0.78497887,-0.21514766,0.16796431,0.45999467,0.32931787,-0.16751957,-0.8401318,1.0398176,-0.67979026,-0.7832691,0.51666766,-0.41578016,0.67194915,0.53254366,0.764106,0.5080655,-0.7290629,0.679729,-0.22824062,0.7345677,0.17296115,0.48124704,0.4365285,-0.39908186,-0.29117548,0.24411863,0.09750257,-0.604648,-0.8263431,1.1639795,0.31913444,-1.3192589,-0.33842406,0.11533938,0.47163287,0.56480175,-0.7853564,0.52210724,0.9978188,0.2980086,0.5493685,0.32925463,-0.2350085,0.21964046,0.11318884,0.47606045,-0.053098317,0.57808447,-0.021536013,0.39996937,0.2765032,-0.8714411,0.534884,0.005408958,-0.7575259,0.6627145,1.3479137,-0.080043286,-0.09168149,0.1334292,-0.35075802,1.2488625,0.49067146,-0.3560711,-0.3470262,0.80958354,-0.3914285,-0.11122608,0.022423506,-0.016412674,0.05816038,-0.41963848,1.5274836,0.9171104,-0.2155904,0.6720124,0.4114178,-0.85442656,-0.5954133,-0.58617866,0.07321414,-0.33924633,0.60230964,1.4014242,-0.57042915,-0.0055967346,0.81110156,0.17789473,-0.666634,-0.49832284,0.49712306,1.0677114,1.021032,-0.19066948,-1.007431,-0.21192184,-0.02533108,-0.79338926,-0.6224848,0.24171509,-0.12488832,-0.50066316,0.029444378,-0.2147049,0.4396278,0.5198302,-0.89123875,-0.22311729,0.2448144,-0.042092625,-0.21812046,-0.3000939,-0.07605847,0.34177834,-0.63298446,0.4142641,0.16170244,0.9418416,0.34633243,0.049811237,0.13285995,0.25759113,0.29029194,-0.0014854127,0.31280935,0.12855886,-0.2150844,-0.26511604,-0.5119851,-0.16264923,0.81356835,-0.61913246,0.09111421,0.20933053,0.24032357,-0.3579054,-0.59237725,-0.6645468,-0.192314,-0.70920205,1.2039542,0.08143679,1.1257125,0.05234128,0.48858416,0.5068637,-0.2720104,0.12931788,0.7158454,0.7400706,-0.46948037,-0.39421153,-0.050252017,0.7734671,0.3700516,-1.5831426,-0.4106568,0.48010853,0.5039542,-0.7145784,-1.052782,0.4949093,0.11786943,0.36271447,-0.8768807,-0.55012554,0.1563261,0.26790106,1.1564527,-0.14171311,-0.00762077,-0.5576524,-0.011732092,-0.13039117,0.3851686,0.24785045,0.037350766,-0.32134625,0.9615759,0.22122173,0.029634131,0.28668663,0.059425402,0.9441186,-0.13159294,-0.8906062,0.038046528,0.4438024,-0.3491135,-0.4248883,0.05797063,0.010911805,0.17953925,0.13349245,-0.449493,0.110026285,-0.2550591,-0.13614702,0.15221478,0.009014271,0.12653483,0.39585805,-0.6529718,-0.22027099,0.3898492,0.10787575,0.23760377,0.8159719,0.71578217,-0.975679,-0.04424316,-0.14405341,-0.4893412,0.2662565,1.2166677,-0.39876562,0.40224642,-0.018816216,0.6766297,-0.94696295,0.78263855,0.085042104,-1.0415233,-0.48813942,0.54658544,0.71420085,-0.27960053,0.82052594,0.5231825,-0.37118813,-0.40844303,-0.06245948,-0.3673298,0.89301175,0.7421579,-0.058727663,-0.15373082,1.1592989,-0.13013816,0.27511168,0.20281567,0.66644627,0.39212623,-0.45961317,0.29288524,-0.097247586,-0.37441394,0.9154659,-0.5024342,-0.40066314,-0.19901861,-0.5418396,-0.27245316,0.09193647,0.14709143,-0.7632185,0.7040807,-0.4926935,0.4490522,-0.62216854,-0.20496422,-0.16030894,0.31717366,0.7173634,0.013821355,-0.24329439,0.22685108,0.34026033,0.20490295,-0.039436076,0.90319514,-0.084154606,0.28523186,-0.085609384,0.10559871,-0.33380672,-0.007114761,-0.2546796,0.57409966,-0.27491996,0.3701781,-0.27681747,0.60193014,-0.16745631,0.02147474,0.81831217,
0,0,0,0,1,0,0,0,0,1,0,0,0,0,0,0,0,0,0,0,0,0,0,0,0,0,0,0,0,0,0,0,0,0,0,0,0,1,0,0,0,0,0,0,0,0,0,0,0,0,0,0,0,0,0,0,0,0,0,0,0,0,0,0,0,0,0,0,0,0,0,0,0,0,0,0,0,0,0,0,0,0,0,0,0,0,0,0,0,0,0,0,0,0,0,0,0,0,0,0,0,0,0,0,0,0,0,0,0,0,0,0,0,0,0,0,0,0,0,0,0,0,0,0,0,0,0,0,0,0,0,0,0,0,0,0,0,0,0,0,0,0,0,0,0,0,0,0,0,0,0,0,0,0,0,0,0,0,0,0,0,0,0,0,0,0,0,0,0,0,0,0,0,0,0,0,0,0,0,0,0,0,0,0,0,0,0,0,0,0,0,0,0,0,0,0,0,0,0,0,0,0,0,0,0,0,0,0,0,0,0,0,0,0,0,0,0,0,0,0,0,0,0,0,0,0,0,0,0,0,0,0,0,0,0,0,0,0,0,0,0,0,0,0,0,0,0,0,0,0,0,0,0,0,0,0,0,0,0,0,0,0,0,0,0,0,0,0,0,0,0,0,0,0,0,0,0,0,0,0,0,0,0,0,0,0,0,0,0,0,0,0,0,0,0,0,0,0,0,0,0,0,0,0,0,0,0,0,0,0,0,0,0,0,0,0,0,0,0,0,0,0,0,0,0,0,0,0,0,0,0,0,0,0,0,0,0,0,0,0,0,0,0,0,0,0,0,0,0,0,0,0,0,0,0,0,0,0,0,0,0,0,0,0,0,0,0,0,0,0,0,0,0,0,0,0,0,0,0,0,0,0,0,0,0,0,0,0,0,0,0,0,0,0,0,0,0,0,0,0,0,0,0,0,0,0,0,0,0,0,0,0,0,0,0,0,0,0,0,0,0,0,0,0,0,0,0,0,0,0,0,0,0,0,0,0,0,0,0,0,0,0,0,0,0,0,0,0,0,0,0,0,0,0,0,0,0,0,0,0,0,0,0,0,0,0,0,0,0,0,0,0,0,0,0,0,0,0,0,0,0,0,0,0,0,0,0,0,0,0,0,0,0,0,0,0,0,0,0,0,0,0,0,0,0,0,0,0,0,0,0,0,0,0,0,0,0,0,0,0,0,0,0,0,0,0,0,0,0,0,0,0,0,0,0,0,0,0,0,0,0,0,0,0,0,0,0,0,0,0,0,0,0,0,0,0,0,0,0,0,0,0,0,0,0,0,0,0,0,0,0,0,0,0,0,0,0,0,0,0,0,0,0,0,0,0,0,0,0,0,0,0,0,0,0,0,0,0,0,0,0,0,0,0,0,0,0,0,0,0,0,0,0,0,0,0,0,0,0,0,0,0,0,0,0,0,0,0,0,0,0,0,0,0,0,0,0,0,0,0,0,0,0,0,0,0,0,0,0,0,0,0,0,0,0,0,0,0,0,0,0,0,0,0,0,0,0,0,0,0,0,0,0,0,0,0,0,0,0,0,0,0,0,0,0,0,0,0,0,0,0,0,0,0,0,0,0,0,0,0,0,0,0,0,0,0,0,0,0,0,0,0,0,0,0,0,0,0,0,0,0,0,0,0,0,0,0,0,0,0,0,0,0,0,0,0,0,0,0,0,0,0,0,0,0,0,0,0,0,0,0,0,0,0,0,0,0,0,0,0,0,0,0,0,0,0,0,0,0,0,0,0,0,0,0,0,0,0,0,0,0,0,0,0,0,0,0,0,0,0,0,0,0,0,0,0,0,0,0,0,0,0,0,0,0,0,0,0,0,0,0,0,0,0,0,0,0,0,0,0,0,0,0,0,0,0,0,0,0,0,0,0,0,0,0,0,0,0,0,0,0,0,0,0,0,0,0,0,0,0,0,0,0,0,0,0,0,0,0,0,0,0,0,0,0,0,0,0,0,0,0,0,0,0,0,0,0,0,0,0,0,0,0,0,0,0,0,0,0,0,0,0,0,0,0,0,0,0,0,0,0,0,0,0,0,0,0,0,0,0,0,0,0,0,0,0,0,0,0,0,0,0,0,0,0,0,0,0,0,0,0,0,0,0,0,0,0,0,0,0,0,0,0,0,0,0,0,0,0,0,0,0,0,0,0,0,0,0,0,0,0,0,0,0,0,0,0,0,0,0,0,0,0,0,0,0,0,0,0,0,0,0,0,0,0,0,0,0,0,0,0,0,0,0,0,0,0,0,0,0,0,0,0,0,0,0,0,0,0,0,0,0,0,0,0,0,0,0,0,0,0,0,0,0,0,0,0,0,0,0,0,0,0,0,0,0,0,0,0,0,0,0,0,0,0,0,0,0,0,0,0,0,0,0,0,0,0,0,0,0,0,0,0,0,0,0,0,0,0,0,0,0,0,0,0,0,0,0,0,0,0,0,0,0,0,0,0,0,0,0,0,0,0,0,0,0,0,0,0,0,0,0,0,0,0,0,0,0,0,0,0,0,0,0,0,0,0,0,0,0,0,0,0,0,0,0,0,0,0,0,0,0,0,0,0,0,0,0,0,0,0,0,0,0,0,0,0,0,0,0,0,0,0,0,0,0,0,0,0,0,0,0,0,0,0,0,0,0,0,0,0,0,0,0,0,0,0,0,0,0,0,0,0,0,0,0,0,0,0,0,0,0,0,0,0,0,0,0,0,0,0,0,0,0,0,0,0,0,0,0,0,0,0,0,0,0,0,0,0,0,0,0,0,0,0,0,0,0,0,0,0,0,0,0,0,0,0,0,0,0,0,0,0,0,0,0,0,0,0,0,0,0,0,0,0,0,0,0,0,0,0,0,0,0,0,0,0,0,0,0,0,0,0,0,0,0,0,0,0,0,0,0,0,0,0,0,0,0,0,0,0,0,0,0,0,0,0,0,0,0,0,0,0,0,0,0,0,0,0,0,0,0,0,0,0,0,0,0,0,0,0,0,0,0,0,0,0,0,0,0,0,0,0,0,0,0,0,0,0,0,0,0,0,0,0,0,0,0,0,0,0,0,0,0,0,0,0,0,0,0,0,0,0,0,0,0,0,0,0,0,0,0,0,0,0,0,0,0,0,0,0,0,0,0,0,0,0,0,0,0,0,0,0,0,0,0,0,0,0,0,0,0,0,0,0,0,0,0,0,0,0,0,0,0,0,0,0,0,0,0,0,0,0,0,0,0,0,0,0,0,0,0,0,0,0,0,0,0,0,0,0,0,0,0,0,0,0,0,0,0,0,0,0,0,0,0,0,0,0,0,0,0,0,0,0,0,0,0,0,0,0,0,0,0,0,0,0,0,0,0,0,0,0,0,0,0,0,0,0,0,0,0,0,0,0,0,0,0,0,0,0,0,0,0,0,0,0,0,0,0,0,0,0,0,0,0,0,0,0,0,0,0,0,0,0,0,0,0,0,0,0,0,0,0,0,0,0,0,0,0,0,0,0,0,0,0,0,0,0,0,0,0,0,0,0,0,0,0,0,0,0,0,0,0,0,0,0,0,0,0,0,0,0,0,0,0,0,0,0,0,0,0,0,0,0,0,0,0,0,0,0,0,0,0,0,0,0,0,0,0,0,0,0,0,0,0,0,0,0,0,0,0,0,0,0,0,0,0,0,0,0,0,0,0,0,0,0,0,0,0,0,0,0,0,0,0,0,0,0,0,0,0,0,0,0,0,0,0,0,0,0,0,0,0,0,0,0,0,0,0,0,0,0,0,0,0,0,0,0,0,0,0,0,0,0,0,0,0,0,0,0,0,0,0,0,0,0,0,0,0,0,0,0,0,0,0,0,0,0,0,0,0,0,0,0,0,0,0,0,0,0,0,0,0,0,0,0,0,0,0,0,0,0,0,0,0,0,0,0,0,0,0,0,0,0,0,0,0,0,0,0,0,0,0,0,0,0,0,0,0,0,0,0,0,0,0,0,0,0,0,0,0,0,0,0,0,0,0,0,0,0,0,0,0,0,0,0,0,0,0,0,0,0,0,0,0,0,0,0,0,0,0,0,0,0,0,0,0,0,0,0,0,0,0,0,0,0,0,0,0,0,0,0,0,0,0,0,0,0,0,0,0,0,0,0,0,0,0,0,0,0,0,0,0,0,0,0,0,0,0,0,0,0,0,0,0,0,0,0,0,0,0,0,0,0,0,0,0,0,0,0,0,0,0,0,0,0,0,0,0,0,0,0,0,0,0,0,0,0,0,0,0,0,0,0,0,0,0,0,0,0,0,0,0,0,0,0,0,0,0,0,0,0,0,0,0,0,0,0,0,0,0,0,0,0,0,0,0,0,0,0,0,0,0,0,0,0,0,0,0,0,0,0,0,0,0,0,0,0,0,0,0,0,0,0,0,0,0,0,0,0,0,0,0,0,0,0,0,0,0,0,0,0,0,0,0,0,0,0,0,0,0,0,0,0,0,0,0,0,0,0,0,0,0,0,0,0,0,0,0,0,0,0,0,0,0,0,0,0,0,0,0,0,0,0,0,0,0,0,0,0,0,0,0,0,0,0,0,0,0,0,0,0,0,0,0,0,0,0,0,0,0,0,0,0,0,0,0,0,0,0,0,0,0,0,0,0,0,0,0,0,0,0,0,0,0,0,0,0,0,0,0,0,0,0,0,0,0,0,0,0,0,0,0,0,0,0,0,0,0,0,0,0,0,0,0,0,0,0,0,0,0,0,0,0,0,0,0,0,0,0,0,0,0,0,0,0,0,0,0,0,0,0,0,0,0,0,0,0,0,0,0,0,0,0,0,0,0,0,0,0,0,0,0,0,0,0,0,0,0,0,0,0,0,0,0,0,0,0,0,0,0,0,0,0,0,0,0,0,0,0,0,0,0,0,0,0,0,0,0,0,0,0,0,0,0,0,0,0,0,0,0,0,0,0,0,0,0,0,0,0,0,0,0,0,0,0,0,0,0,0,0,0,0,0,0,0,0,0,0,0,0,0,0,0,0,0,0,0,0,0,0,0,0,0,0,0,0,0,0,0,0,0,0,0,0,0,0,0,0,0,0,0,0,0,0,0,0,0,0,0,0,0,0,0,0,0,0,0,0,0,0,0,0,0,0,0,0,0,0,0,0,0,0,0,0,0,0,0,0,0,0,0,0,0,0,0,0,0,0,0,0,0,0,0,0,0,0,0,0,0,0,0,0,0,0,0,0,0,0,0,0,0,0,0,0,0,0,0,0,0,0,0,0,0,0,0,0,0,0,0,0,0,0,0,0,0,0,0,0,0,0,0,0,0,0,0,0,0,0,0,0,0,0,0,0,0,0,0,0,0,0,0,0,0,0,0,0,0,0,0,0,0,0,0,0,0,0,0,0,0,0,0,0,0,0,0,0,0,0,0,0,0,0,0,0,0,0,0,0,0,0,0,0,0,0,0,0,0,0,0,0,0,0,0,0,0,0,0,0,0,0,0,0,0,0,0,0,0,0,0,0,0,0,0,0,0,0,0,0,0,0,0,0,0,0,0,0,0,0,0,0,0,0,0,0,0,0,0,0,0,0,0,0,0,0,0,0,0,0,0,0,0,0,0,0,0,0,0,0,0,0,0,0,0,0,0,0,0,0,0,0,0,0,0,0,0,0,0,0,0,0,0,0,0,0,0,0,0,0,0,0,0,0,0,0,0,0,0,0,0,0,0,0,0,0,0,0,0,0,0,0,0,0,0,0,0,0,0,0,0,0,0,0,0,0,0,0,0,0,0,0,0,0,0,0,0,0,0,0,0,0,0,0,0,0,0,0,0,0,0,0,0,0,0,0,0,0,0,0,0,0,0,0,0,0,0,0,0,0,0,0,0,0,0,0,0,0,0,0,0,0,0,0,0,0,0,0,0,0,0,0,0,0,0,0,0,0,0,0,0,0,0,0,0,0,0,0,0,0,0,0,0,0,0,0,0,0,0,0,0,0,0,0,0,0,0,0,0,0,0,0,0,0,0,0,0,0,0,0,0,0,0,0,0,0,0,0,0,0,0,0,0,0,0,0,0,0,0,0,0,0,0,0,0,0,0,0,0,0,0,0,0,0,0,0,0,0,0,0,0,0,0,0,0,0,0,0,0,0,0,0,0,0,0,0,0,0,0,0,0,0,0,0,0,0,0,0,0,0,0,0,0,0,0,0,0,0,0,0,0,0,0,0,0,0,0,0,0,0,0,0,0,0,0,0,0,0,0,0,0,0,0,0,0,0,0,0,0,0,0,0,0,0,0,0,0,0,0,0,0,0,0,0,0,0,0,0,0,0,0,0,0,0,0,0,0,0,0,0,0,0,0,0,0,0,0,0,0,0,0,0,0,0,0,0,0,0,0,0,0,0,0,0,0,0,0,0,0,0,0,0,0,0,0,0,0,0,0,0,0,0,0,0,0,0,0,0,0,0,0,0,0,0,0,0,0,0,0,0,0,0,0,0,0,0,0,0,0,0,0,0,0,0,0,0,0,0,0,0,0,0,0,0,0,0,0,0,0,0,0,0,0,0,0,0,0,0,0,0,0,0,0,0,0,0,0,0,0,0,0,0,0,0,0,0,0,0,0,0,0,0,0,0,0,0,0,0,0,0,0,0,0,0,0,0,0,0,0,0,0,0,0,0,0,0,0,0,0,0,0,0,0,0,0,0,0,0,0,0,0,0,0,0,0,0,0,0,0,0,0,0,0,0,0,0,0,0,0,0,0,0,0,0,0,0,0,0,0,0,0,0,0,0,0,0,0,0,0,0,0,0,0,0,0,0,0,0,0,0,0,0,0,0,0,0,0,0,0,0,0,0,0,0,0,0,0,0,0,0,0,0,0,0,0,0,0,0,0,0,0,0,0,0,0,0,0,0,0,0,0,0,0,0,0,0,0,0,0,0,0,0,0,0,0,0,0,0,0,0,0,0,0,0,0,0,0,0,0,0,0,0,0,0,0,0,0,0,0,0,0,0,0,0,0,0,0,0,0,0,0,0,0,0,0,0,0,0,0,0,0,0,0,0,0,0,0,0,0,0,0,0,0,0,0,0,0,0,0,0,0,0,0,0,0,0,0,0,0,0,0,0,0,0,0,0,0,0,0,0,0,0,0,0,0,0,0,0,0,0,0,0,0,0,0,0,0,0,0,0,0,0,0,0,0,0,0,0,0,0,0,0,0,0,0,0,0,0,0,0,0,0,0,0,0,0,0,0,0,0,0,0,0,0,0,0,0,0,0,0,0,0,0,0,0,0,0,0,0,0,0,0,0,0,0,0,0,0,0,0,0,0,0,0,0,0,0,0,0,0,0,0,0,0,0,0,0,0,0,0,0,0,0,0,0,0,0,0,0,0,0,0,0,0,0,0,0,0,0,0,0,0,0,0,0,0,0,0,0,0,0,0,0,0,0,0,0,0,0,0,0,0,0,0,0,0,0,0,0,0,0,0,0,0,0,0,0,0,0,0,0,0,0,0,0,0,0,0,0,0,0,0,0,0,0,0,0,0,0,0,0,0,0,0,0,0,0,0,0,0,0,0,0,0,0,0,0,0,0,0,0,0,0,0,0,0,0,0,0,0,0,0,0,0,0,0,0,0,0,0,0,0,0,0,0,0,0,0,0,0,0,0,0,0,0,0,0,0,0,0,0,0,0,0,0,0,0,0,0,0,0,0,0,0,0,0,0,0,0,0,0,0,0,0,0,0,0,0,0,0,0,0,0,0,0,0,0,0,0,0,0,0,0,0,0,0,0,0,0,0,0,0,0,0,0,0,0,0,0,0,0,0,0,0,0,0,0,0,0,0,0,0,0,0,0,0,0,0,0,0,0,0,0,0,0,0,0,0,0,0,0,0,0,0,0,0,0,0,0,0,0,0,0,0,0,0,0,0,0,0,0,0,0,0,0,0,0,0,0,0,0,0,0,0,0,0,0,0,0,0,0,0,0,0,0,0,0,0,0,0,0,0,0,0,0,0,0,0,0,0,0,0,0,0,0,0,0,0,0,0,0,0,0,0,0,0,0,0,0,0,0,0,0,0,0,0,0,0,0,0,0,0,0,0,0,0,0,0,0,0,0,0,0,0,0,0,0,0,0,0,0,0,0,0,0,0,0,0,0,0,0,0,0,0,0,0,0,0,0,0,0,0,0,0,0,0,0,0,0,0,0,0,0,0,0,0,0,0,0,0,0,0,0,0,0,0,0,0,0,0,0,0,0,0,0,0,0,0,0,0,0,0,0,0,0,0,0,0,0,0,0,0,0,0,0,0,0,0,0,0,0,0,0,0,0,0,0,0,0,0,0,0,0,0,0,0,0,0,0,0,0,0,0,0,0,0,0,0,0,0,0,0,0,0,0,0,0,0,0,0,0,0,0,0,0,0,0,0,0,0,0,0,0,0,0,0,0,0,0,0,0,0,0,0,0,0,0,0,0,0,0,0,0,0,0,0,0,0,0,0,0,0,0,0,0,0,0,0,0,0,0,0,0,0,0,0,0,0,0,0,0,0,0,0,0,0,0,0,0,0,0,0,0,0,0,0,0,0,0,0,0,0,0,0,0,0,0,0,0,0,0,0,0,0,0,0,0,0,0,0,0,0,0,0,0,0,0,0,0,0,0,0,0,0,0,0,0,0,0,0,0,0,0,0,0,0,0,0,0,0,0,0,0,0,0,0,0,0,0,0,0,0,0,0,0,0,0,0,0,0,0,0,-0.1221434,0.82901525,1.1429659,-0.31668323,-0.012414538,-0.107507885,0.66149485,-0.35676205,-1.2967377,0.37073585,0.15780781,-0.2847853,0.7085537,0.5246715,-0.0582725,-0.52600867,-0.026074355,-0.53516525,-0.058572713,0.54561156,0.115852654,0.40653658,-0.3864834,-0.24087875,0.1242587,0.27001345,0.19488446,0.097764656,-0.57824624,-0.63738877,0.123883426,0.4014329,-0.85737187,0.30131096,-0.8482903,0.46200144,0.15780781,-0.18031022,-0.1677762,-0.11268661,0.61556184,0.3964043,0.31339464,0.11127436,-0.049416132,0.22227915,0.25958097,0.3521225,0.24982394,0.7564381,0.124408804,0.17079215,0.060537897,0.56189823,0.10309348,-0.31916,-0.33994997,0.4250749,0.15105295,0.59612286,-0.06480219,-0.011513891,0.23511337,-0.30557525,-0.02712511,-0.00048096094,-0.08251492,0.37756577,-0.18676485,-0.12304405,-0.5184282,-0.5986609,0.31121808,-0.6842224,0.19420898,0.32772994,-0.22646838,0.2384908,0.17792226,-0.4938856,-0.011513891,-0.30932793,0.10542016,0.68791384,-0.28681177,0.23398757,-0.40262,-0.12604621,-0.30722642,-0.07996309,-0.027650489,0.4992282,-0.5531782,-0.041310307,0.11510211,-0.2352497,-0.2637702,0.4260506,-0.052193128,-0.1609463,0.14227164,0.030516319,-0.3395747,-0.16875191,0.081177734,0.21267225,-0.321937,-0.40622258,0.045377,-0.3109041,-0.14488475,0.10677113,0.07232136,-0.02329736,-0.06742908,-0.037257396,-0.15426649,0.28322294,0.3621797,-0.16920222,0.16996655,-0.027425326,0.40443507,0.311143,-0.0915214,-0.090020314,0.32998157,-0.07508458,-0.16004565,-0.08799386,-0.4461513,-0.17963473,-0.29957092,-0.18518873,-0.047464732,-0.2808825,-0.035080828,0.5366801,0.0825287,-0.019694772,-0.13873033,-0.006034953,-0.008887003,-0.19892359,-0.30144727,0.4674804,-0.12304405,-0.065027356,0.011152401,-0.13212559,-0.25746566,-0.24808392,0.08192827,-0.09122118,-0.07515964,-0.061424766,0.2671614,0.26746163,0.0282647,-0.38708383,0.43498203,0.19601026,-0.1086337,-0.062400464,-0.11839071,0.14399788,-0.15013853,-0.15261531,0.5266229,0.21019547,0.17266849,0.1265103,-0.06750413,0.09206055,-0.26872376,0.08665667,-0.13107483,0.31684712,-0.123644486,-0.15884478,0.054008204,-0.12349438,-0.3190099,0.30701506,0.26551023,-0.14330862,0.46838105,0.015355421,-0.35068268,0.47761267,-0.029526837,-0.17025298,0.4367833,0.35932764,-0.29859522,-0.07545985,0.26438442,-0.05054194,0.118404485,0.35895237,0.23811553,0.11472684,-0.047239568,-0.058722824,0.37396318,0.21852645,-0.20012446,0.50620824,0.2877262,-0.38408166,0.3087413,-3.0637257e-05,0.42319855,-0.3209613,0.12020578,0.19616038,-0.025548978,0.16013448,-0.029526837,0.25635365,-0.22826968,0.61646247,-0.046413977,-0.5323132,0.051906694,0.17484505,0.041474193,0.21057074,-0.14338367,-0.06893016,-0.20875566,-0.14863744,-0.22369139,-0.12792256,-0.02802576,-0.08956999,-0.057822175,-0.0734334,0.16388717,0.3162467,0.12853678,0.08965883,-0.02329736,-0.25664008,-0.3082772,0.2811965,-0.32343808,-0.014290887,0.3618795,0.71313196,0.13544174,0.09468744,0.26918787,-0.11020983,0.19623543,0.05528412,0.06564157,0.32495293,-0.3211114,-0.21986364,0.4746105,0.31129313,0.17619602,0.29643244,0.2621328,0.049880236,0.19721113,0.27962035,0.57683396,-0.37695155,-0.109984666,0.077274926,-0.05054194,-0.13220063,0.18099947,-0.17490633,-0.3804791,-0.21821246,0.10624575,0.026988784,-0.38235542,-0.03733245,0.12936236,0.12741096,-0.1951709,0.5906439,0.10954812,0.008150243,-0.045138057,0.019408334,-0.1905926,-0.24237983,0.11562749,-0.32201207,0.35407388,-0.17468117,-0.15419143,0.09626357,-0.46506488,0.10054165,-0.6845977,0.11179974,-0.32591486,-0.105406374,0.101292185,-0.23975293,0.44714075,0.20088877,0.009876483,0.014830044,0.16313665,-0.23037119,0.025337595,-0.13235074,-0.050091617,0.25342652,0.010702077,0.027289,0.052882396,-0.08761859,0.04672797,0.25012416,0.07622417,-0.27915627,0.22182882,0.14955187,-0.025173709,0.21087095,0.42124715,0.4886456,0.44646528,0.26858744,-0.31458172,0.24569598,0.047703672,0.042825166,-0.15381616,0.43813428,-0.06615316,-0.14878756,0.045452055,0.19616038,-0.19997434,-0.20740469,-0.01624229,0.044326246,0.21394816,0.20786878,0.031041697,0.031642128,-0.33049315,-0.24508177,0.11960535,0.010627023,-0.069755755,0.08613129,-0.14075679,-0.043937195,-0.14638583,0.12058105,-0.0744091,0.084179886,0.16493793,-0.1943453,0.04117398,-0.028175866,-0.15982048,-0.04994151,0.026088135,0.21267225,-0.25048566,-0.37154767,-0.031403188,-0.17835881,-0.16274759,0.1309385,0.14257185,0.28224725,0.13228947,-0.3340207,-0.22391656,0.28757608,0.054983903,-0.35481063,0.41164026,-0.4223592,-0.28245863,0.13521658,-0.2826838,-0.062025197,-0.08514181,-0.36569345,0.07157083,-0.15546736,-0.33552176,0.17882292,-0.39841697,-0.31713355,-0.118540816,0.36202958,0.17341903,0.11525222,0.18782939,-0.08934483,-0.13167526,-0.31142944,0.34274074,-0.20522812,0.20276512,0.14887638,0.16126029,-0.32538947,-0.07741126,-0.259342,0.2215286,-0.3451287,-0.088294074,0.08478032,-0.35345966,-0.3370979,-0.15269037,-0.4881815,-0.17107858,0.14534885,-0.19742252,-0.02712511,-0.068554886,0.15795791,-0.0250236,-0.3211114,-0.10908402,-0.15666822,0.012578426,0.4925484,-0.022096498,0.03471934,-0.17880914,-0.36794508,-0.1477368,0.27474186,0.34829473,-0.17775838,0.14827596,0.041849464,-0.09752571,-0.023897791,-0.07883728,0.018207472,-0.07290802,-0.2510861,-0.20717953,-0.3714726,0.3411646,-0.28155798,-0.03830815,-0.13692904,-0.027950704,-0.08739343,-0.35556117,0.1949595,0.18302594,-0.10247927,-0.3625412,-0.36426744,0.7598155,0.3344848,-0.30099696,0.015280368,-0.000405907,-0.094223335,0.36780876,-0.03200362,0.049504966,-0.009112164,-0.31480688,-0.01796853,0.5408831,-0.024498224,-0.102329165,-0.17730805,0.028790077,0.2764681,0.37306252,0.29297996,0.22310475,-0.113362096,0.0890584,0.46147606,-0.11741501,0.1840767,0.24457017,-0.0038583884,0.01400445,0.14032024,-0.299646,0.25522783,0.05280734,-0.20507802,-0.16462395,-0.122818895,-0.14653593,0.21755075,-0.2679732,0.42860246,-0.18548894,0.43805924,-0.07215748,0.37734058,-0.49801356,0.2165,0.09821498,-0.23074646,-0.073583506,0.27624294,-0.29852018,0.3443919,0.19736123,-0.23690088,-0.02157112,0.10647091,-0.15711854,0.105119936,-0.05789723,-0.37500015,-0.08251492,-0.04784,0.4920981,0.25823,0.11975546,-0.19164336,0.046052486,-0.08056352,-0.040184498,0.14775059,0.26693624,-0.016092181,0.060087573,-0.060148846,0.1157776,0.056334876,-0.15419143,0.4356575,0.29508147,0.12275761,0.097464435,-0.27090034,0.18445195,-0.26429558,0.19023111,-0.23142195,-0.012339484,0.21725054,0.13814367,-0.5388429,0.20261501,-0.21168277,-0.0991769,0.0010951719,-0.40149418,-0.11546361,-0.07606028,0.25192547,-0.29041436,-0.08619256,-0.1514895,-0.24185444,0.45186916,0.39370236,-0.09054569,0.54643714,0.12666042,-0.2391525,0.036895905,0.018432634,0.31024238,0.23008476,0.16463771,-0.05054194,0.26273322,0.06849361,-0.0706564,-0.21183287,0.14534885,0.13153893,-0.17378052,-0.25588953,0.0872571,-0.07253275,-0.18136097,-0.044087302,-0.03470556,0.061288435,0.20584233,0.20891954,0.05701036,0.19691092,0.3515971,0.25695407,-0.038608365,-0.12447008,0.16824031,0.004172384,0.361204,0.054083258,0.066166945,0.045151837,-0.17505644,-0.22969571,0.2826976,-0.04348687,0.3279551,0.18925542,0.23721488,-0.09024548,-0.40254495,0.32803017,0.2287338,-0.029752,-0.05444475,-0.16537447,-0.05789723,0.31144324,-0.29859522,-0.03110297,-0.23712605,0.01798231,0.106020585,-0.047464732,0.08493043,-0.007986356,-0.10300465,0.29763332,-0.18233667,-0.3988673,-0.097150445,-0.055345394,-0.061424766,-0.03755761,-0.34032524,-0.2512362,-0.20425242,-0.23592518,0.010101645,0.037121065,0.32570347,-0.21018168,-0.06307595,0.2107959,0.3452175,0.092736036,0.24434501,-0.10337992,-0.13812989,0.052507125,0.046202593,-0.008436679,0.028865132,0.010476915,-0.14878756,-0.102704436,-0.08071363,-0.20642899,0.04710324,0.46920663,-0.27953154,-0.15043874,0.16141039,0.015205313,-0.32936734,-0.21768709,0.013253911,0.037721496,-0.3017475,0.21657504,0.14354756,-0.09519904,0.1586334,-0.17017794,0.20066361,0.16628891,-0.45650873,0.012728534,0.09551304,-0.009112164,-0.07335834,-0.09257215,0.03929763,-0.1153135,-0.2505607,0.23488821,-0.23577508,-0.15314068,-0.29821995,0.124859124,0.044176135,-0.17468117,0.08087751,-0.20440254,0.023236087,-0.22826968,-0.18188635,0.2880264,-0.084766544,0.14865123,-0.028476082,0.19983801,-0.086567834,0.29883417,0.20651782,-0.046188813,-0.22594301,0.09641368,-0.110885315,0.002296035,-0.24313037,-0.102104,0.14399788,0.11780406,0.11209995,0.07239642,0.26776183,0.036370527,0.14144605,-0.10818337,0.25500268,-0.12311911,0.0882328,0.12703569,-0.075309746,0.34934548,-0.03875847,0.079451494,-0.018944232,0.0019207653,-0.11749006,0.2243056,0.27736875,-0.32043594,0.12786129,0.114201464,-0.07425899,-0.3799537,-0.049266025,-0.3802539,0.22828346,-0.0076861396,-0.15396628,0.06143854,0.039447736,0.008750674,-0.08641773,-0.05166775,0.18295088,-0.45463237,-0.11869092,0.3243525,0.061588652,0.04958002,0.10842232,-0.16717577,0.24254371,-0.023072198,0.14654972,-0.09392312,-0.17490633,0.21417332,-0.05977358,0.3662326,0.14062046,-0.1513394,-0.18999217,0.081177734,0.06594178,0.2697883,0.2251312,0.029840833,0.18790445,-0.31278044,0.21507397,-0.04198579,0.050480668,-0.22474214,0.23691466,0.27474186,0.1530794,0.29710793,0.354224,-0.033054374,0.20666793,0.003496898,0.10489478,0.015730692,0.025938028,-0.029226622,-0.18954185,-0.0755349,0.013028749,-0.15058886,0.022260385,-0.11358725,-0.07268286,-0.1418826,0.06098822,-0.3097032,-0.16379835,-0.30640084,-0.050166674,0.29057825,-0.011588945,0.09994122,0.23233637,0.16989149,-0.16424868,-0.4255865,-0.03222878,-0.11396252,0.06459081,0.12568472,-0.13490258,0.08688183,-0.15284047,0.25575322,-0.2931163,-0.032754157,-0.35315946,0.0587366,0.13266474,0.23076025,-0.4119267,0.12238235,0.064140484,-0.00978765,0.0890584,0.3801176,0.047928832,0.24261877,-0.1316002,-0.2113075,0.26168248,0.10361886,0.10527005,0.39009976,-0.06277574,0.0491297,0.25042439,0.100466594,-0.02825092,0.08560591,0.44061106,-0.06547768,-0.24935985,0.31039247,-0.42798823,0.124784075,-0.07253275,0.45757326,-0.026674788,0.29350534,0.0225606,0.25245082,0.034869447,0.12598494,-0.058047336,0.085831076,-0.14721142,-0.042436115,0.29883417,0.00087001006,-0.24185444,-0.19899864,-0.34955686,-0.14721142,-0.25633985,0.11525222,0.10962318,-0.22571784,0.08635645,0.3923514,-0.11794038,0.1436226,-0.14736153,-0.1622222,0.041624304,0.09633863,-0.056471203,0.0567852,-0.2778053,-0.2085305,0.13836883,0.14257185,0.0004947404,-0.11141069,-0.14435938,-0.041610524,-0.10037776,-0.07906244,-0.37740186,0.038321927,-0.36817023,0.19623543,-0.30519998,0.023536302,-0.013540347,0.13258968,-0.044837844,-0.16717577,-0.2552891,0.011152401,-0.30032146,0.10587048,-0.0810889,0.22453077,0.28952748,0.001020118,-0.049641296,-0.13265096,-0.01016292,-0.19329454,-0.054519802,0.09010915,-0.061875086,0.18355131,0.0947625,-0.04844043,-0.09197172,-0.41387808,0.26693624,0.023986625,0.077274926,0.33853772,0.09085969,0.061888866,0.05948714,-0.011438837,0.024211787,-0.4269375,-0.063000895,0.19015606,-0.10045282,-0.04326171,-0.06210025,0.18782939,0.20674299,0.11502706,0.12260751,0.10624575,0.09693906,-0.17873408,-0.18991712,0.28464898,0.04327549,-0.12176814,0.23909123,0.25845516,0.2743666,-0.27577883,0.20163931,0.27901992,0.031642128,-0.09482377,-0.15066391,0.059186924,0.4716834,-0.31195483,0.14932671,0.17859775,-0.018193692,0.19068144,-0.0067104385,-0.1451099,0.23353724,-0.11486317,-0.2541633,0.095738195,0.097464435,0.30979204,0.111049205,0.09423712,-0.17520654,-0.087318376,0.058961764,-0.07673577,0.19390875,0.1957851,-0.08671794,-0.03868342,0.1641874,-0.18533882,-0.074559204,-0.08326546,0.25537795,-0.022321658,-0.18676485,0.08177816,-0.20530318,-0.32433873,0.048304103,0.17146763,-0.04956624,-0.04251117,0.14504863,0.030441264,0.024887273,0.21837634,0.017907256,-0.24996027,0.22010258,0.028790077,-0.10848359,0.18497734,0.08493043,0.10324359,-0.020370256,-0.057296798,-0.33492133,0.08590613,0.21229698,-0.23727615,0.011377563,0.39317697,-0.038007934,0.12553461,0.22205399,-0.045663435,0.4629021,0.10699629,-0.0183438,-0.8479901,-0.5947581,-0.69983363,-0.60511553,-0.79807925,1.1856716,0.8212847,-1.23054,-0.17438096,-1.4096187,-0.23082152,-0.27637926,-0.64977264,0.10331865,-0.51925385,0.13243957,-0.5872527,0.5395322,0.31654692,0.39715484,-0.6674103,0.46170124,1.181994,0.26093194,-0.7179216,0.4796391,0.3428158,-0.5991112,-0.6636576,0.015805745,0.009351105,-0.2797567,-0.9767827,0.7890865,-0.06532757,-0.09947711,-0.34685493,1.3067336,0.32825533,-0.56008315,0.10519499,0.31924886,0.05963725,-0.38595802,0.6070807,0.34836978,-0.48810643,-0.31360602,0.8947625,-0.34430307,-0.24162929,-0.92424494,-0.07681082,-0.3625412,0.45742315,-0.6435432,-0.5829746,0.036970958,-0.9346024,0.73121995,0.1814498,-0.42063296,-0.20125027,-0.71236765,-0.121542975,-0.37267348,-0.08739343,-0.5571561,-0.47737372,-0.29461738,0.3897245,-0.0002557991,0.52459645,0.38049287,-0.2970191,0.5119874,0.26513496,-0.53824246,-0.07726115,0.49232325,0.23781532,-0.9246202,0.73339653,0.07750009,-0.5884536,-0.22639334,-0.083865896,-0.06757919,0.92305785,0.0976896,-0.12477029,0.26663604,-0.110510044,-0.037482556,0.31812304,-0.04573849,0.27541733,0.33718672,0.38326985,-0.15982048,0.10204273,0.1157776,0.2611571,0.49029678,-0.09122118,-0.2212146,-0.33056822,0.544786,-0.22534259,-0.48382837,0.4306289,-0.005284413,-0.14743659,-0.10495605,-0.13572817,-0.3683954,0.41621855,0.13536668,-0.1316002,-0.22932044,-0.21160771,0.31189355,0.6233674,-0.039959338,-0.5401188,
0,1,0,0,0,0,0,0,0,0,0,0,0,0,0,0,0,0,0,0,0,1,0,1,1,0,0,0,0,0,0,0,0,0,0,0,0,0,0,0,0,0,0,0,0,0,0,0,0,0,0,0,0,0,0,0,0,0,0,0,0,0,0,0,0,0,0,0,0,0,0,0,0,1,0,0,0,0,0,0,0,0,0,0,0,0,0,0,0,0,0,0,0,0,0,0,0,0,0,0,0,0,0,0,0,0,0,0,0,0,0,0,0,0,0,0,0,0,0,0,0,0,0,0,0,0,0,0,0,0,0,0,0,0,0,0,0,0,0,0,0,0,0,0,0,0,0,0,0,0,0,0,0,0,0,0,0,0,0,0,0,0,0,0,0,0,0,0,0,0,0,0,0,0,0,0,0,0,0,0,0,0,0,0,0,0,0,0,0,0,0,0,0,0,0,0,0,0,0,0,0,0,0,0,0,0,0,0,0,0,0,0,0,0,0,0,0,0,0,0,0,0,0,0,0,0,0,0,0,0,0,0,0,0,0,0,0,0,0,0,0,0,0,0,0,0,0,0,0,0,0,0,0,0,0,0,0,0,0,0,0,0,0,0,0,0,0,0,0,0,0,0,0,0,0,0,0,0,0,0,0,0,0,0,0,0,0,0,0,0,0,0,0,0,0,0,0,0,0,0,0,0,0,0,0,0,0,0,0,0,0,0,0,0,0,0,0,0,0,0,0,0,0,0,0,0,0,0,0,0,0,0,0,0,0,0,0,0,0,0,0,0,0,0,0,0,0,0,0,0,0,0,0,0,0,0,0,0,0,0,0,0,0,0,0,0,0,0,0,0,0,0,0,0,0,0,0,0,0,0,0,0,0,0,0,0,0,0,0,0,0,0,0,0,0,0,0,0,0,0,0,0,0,0,0,0,0,0,0,0,0,0,0,0,0,0,0,0,0,0,0,0,0,0,0,0,0,0,0,0,0,0,0,0,0,0,0,0,0,0,0,0,0,0,0,0,0,0,0,0,0,0,0,0,0,0,0,0,0,0,0,0,0,0,0,0,0,0,0,0,0,0,0,0,0,0,0,0,0,0,0,0,0,0,0,0,0,0,0,0,0,0,0,0,0,0,0,0,0,0,0,0,0,0,0,0,0,0,0,0,0,0,0,0,0,0,0,0,0,0,0,0,0,0,0,0,0,0,0,0,0,0,0,0,0,0,0,0,0,0,0,0,0,0,0,0,0,0,0,0,0,0,0,0,0,0,0,0,0,0,0,0,0,0,0,0,0,0,0,0,0,0,0,0,0,0,0,0,0,0,0,0,0,0,0,0,0,0,0,0,0,0,0,0,0,0,0,0,0,0,0,0,0,0,0,0,0,0,0,0,0,0,0,0,0,0,0,0,0,0,0,0,0,0,0,0,0,0,0,0,0,0,0,0,0,0,0,0,0,0,0,0,0,0,0,0,0,0,0,0,0,0,0,0,0,0,0,0,0,0,0,0,0,0,0,0,0,0,0,0,0,0,0,0,0,0,0,0,0,0,0,0,0,0,0,0,0,0,0,0,0,0,0,0,0,0,0,0,0,0,0,0,0,0,0,0,0,0,0,0,0,0,0,0,0,0,0,0,0,0,0,0,0,0,0,0,0,0,0,0,0,0,0,0,0,0,0,0,0,0,0,0,0,0,0,0,0,0,0,0,0,0,0,0,0,0,0,0,0,0,0,0,0,0,0,0,0,0,0,0,0,0,0,0,0,0,0,0,0,0,0,0,0,0,0,0,0,0,0,0,0,0,0,0,0,0,0,0,0,0,0,0,0,0,0,0,0,0,0,0,0,0,0,0,0,0,0,0,0,0,0,0,0,0,0,0,0,0,0,0,0,0,0,0,0,0,0,0,0,0,0,0,0,0,0,0,0,0,0,0,0,0,0,0,0,0,0,0,0,0,0,0,0,0,0,0,0,0,0,0,0,0,0,0,0,0,0,0,0,0,0,0,0,0,0,0,0,0,0,0,0,0,0,0,0,0,0,0,0,0,0,0,0,0,0,0,0,0,0,0,0,0,0,0,0,0,0,0,0,0,0,0,0,0,0,0,0,0,0,0,0,0,0,0,0,0,0,0,0,0,0,0,0,0,0,0,0,0,0,0,0,0,0,0,0,0,0,0,0,0,0,0,0,0,0,0,0,0,0,0,0,0,0,0,0,0,0,0,0,0,0,0,0,0,0,0,0,0,0,0,0,0,0,0,0,0,0,0,0,0,0,0,0,0,0,0,0,0,0,0,0,0,0,0,0,0,0,0,0,0,0,0,0,0,0,0,0,0,0,0,0,0,0,0,0,0,0,0,0,0,0,0,0,0,0,0,0,0,0,0,0,0,0,0,0,0,0,0,0,0,0,0,0,0,0,0,0,0,0,0,0,0,0,0,0,0,0,0,0,0,0,0,0,0,0,0,0,0,0,0,0,0,0,0,0,0,0,0,0,0,0,0,0,0,0,0,0,0,0,0,0,0,0,0,0,0,0,0,0,0,0,0,0,0,0,0,0,0,0,0,0,0,0,0,0,0,0,0,0,0,0,0,0,0,0,0,0,0,0,0,0,0,0,0,0,0,0,0,0,0,0,0,0,0,0,0,0,0,0,0,0,0,0,0,0,0,0,0,0,0,0,0,0,0,0,0,0,0,0,0,0,0,0,0,0,0,0,0,0,0,0,0,0,0,0,0,0,0,0,0,0,0,0,0,0,0,0,0,0,0,0,0,0,0,0,0,0,0,0,0,0,0,0,0,0,0,0,0,0,0,0,0,0,0,0,0,0,0,0,0,0,0,0,0,0,0,0,0,0,0,0,0,0,0,0,0,0,0,0,0,0,0,0,0,0,0,0,0,0,0,0,0,0,0,0,0,0,0,0,0,0,0,0,0,0,0,0,0,0,0,0,0,0,0,0,0,0,0,0,0,0,0,0,0,0,0,0,0,0,0,0,0,0,0,0,0,0,0,0,0,0,0,0,0,0,0,0,0,0,0,0,0,0,0,0,0,0,0,0,0,0,0,0,0,0,0,0,0,0,0,0,0,0,0,0,0,0,0,0,0,0,0,0,0,0,0,0,0,0,0,0,0,0,0,0,0,0,0,0,0,0,0,0,0,0,0,0,0,0,0,0,0,0,0,0,0,0,0,0,0,0,0,0,0,0,0,0,0,0,0,0,0,0,0,0,0,0,0,0,0,0,0,0,0,0,0,0,0,0,0,0,0,0,0,0,0,0,0,0,0,0,0,0,0,0,0,0,0,0,0,0,0,0,0,0,0,0,0,0,0,0,0,0,0,0,0,0,0,0,0,0,0,0,0,0,0,0,0,0,0,0,0,0,0,0,0,0,0,0,0,0,0,0,0,0,0,0,0,0,0,0,0,0,0,0,0,0,0,0,0,0,0,0,0,0,0,0,0,0,0,0,0,0,0,0,0,0,0,0,0,0,0,0,0,0,0,0,0,0,0,0,0,0,0,0,0,0,0,0,0,0,0,0,0,0,0,0,0,0,0,0,0,0,0,0,0,0,0,0,0,0,0,0,0,0,0,0,0,0,0,0,0,0,0,0,0,0,0,0,0,0,0,0,0,0,0,0,0,0,0,0,0,0,0,0,0,0,0,0,0,0,0,0,0,0,0,0,0,0,0,0,0,0,0,0,0,0,0,0,0,0,0,0,0,0,0,0,0,0,0,0,0,0,0,0,0,0,0,0,0,0,0,0,0,0,0,0,0,0,0,0,0,0,0,0,0,0,0,0,0,0,0,0,0,0,0,0,0,0,0,0,0,0,0,0,0,0,0,0,0,0,0,0,0,0,0,0,0,0,0,0,0,0,0,0,0,0,0,0,0,0,0,0,0,0,0,0,0,0,0,0,0,0,0,0,0,0,0,0,0,0,0,0,0,0,0,0,0,0,0,0,0,0,0,0,0,0,0,0,0,0,0,0,0,0,0,0,0,0,0,0,0,0,0,0,0,0,0,0,0,0,0,0,0,0,0,0,0,0,0,0,0,0,0,0,0,0,0,0,0,0,0,0,0,0,0,0,0,0,0,0,0,0,0,0,0,0,0,0,0,0,0,0,0,0,0,0,0,0,0,0,0,0,0,0,0,0,0,0,0,0,0,0,0,0,0,0,0,0,0,0,0,0,0,0,0,0,0,0,0,0,0,0,0,0,0,0,0,0,0,0,0,0,0,0,0,0,0,0,0,0,0,0,0,0,0,0,0,0,0,0,0,0,0,0,0,0,0,0,0,0,0,0,0,0,0,0,0,0,0,0,0,0,0,0,0,0,0,0,0,0,0,0,0,0,0,0,0,0,0,0,0,0,0,0,0,0,0,0,0,0,0,0,0,0,0,0,0,0,0,0,0,0,0,0,0,0,0,0,0,0,0,0,0,0,0,0,0,0,0,0,0,0,0,0,0,0,0,0,0,0,0,0,0,0,0,0,0,0,0,0,0,0,0,0,0,0,0,0,0,0,0,0,0,0,0,0,0,0,0,0,0,0,0,0,0,0,0,0,0,0,0,0,0,0,0,0,0,0,0,0,0,0,0,0,0,0,0,0,0,0,0,0,0,0,0,0,0,0,0,0,0,0,0,0,0,0,0,0,0,0,0,0,0,0,0,0,0,0,0,0,0,0,0,0,0,0,0,0,0,0,0,0,0,0,0,0,0,0,0,0,0,0,0,0,0,0,0,0,0,0,0,0,0,0,0,0,0,0,0,0,0,0,0,0,0,0,0,0,0,0,0,0,0,0,0,0,0,0,0,0,0,0,0,0,0,0,0,0,0,0,0,0,0,0,0,0,0,0,0,0,0,0,0,0,0,0,0,0,0,0,0,0,0,0,0,0,0,0,0,0,0,0,0,0,0,0,0,0,0,0,0,0,0,0,0,0,0,0,0,0,0,0,0,0,0,0,0,0,0,0,0,0,0,0,0,0,0,0,0,0,0,0,0,0,0,0,0,0,0,0,0,0,0,0,0,0,0,0,0,0,0,0,0,0,0,0,0,0,0,0,0,0,0,0,0,0,0,0,0,0,0,0,0,0,0,0,0,0,0,0,0,0,0,0,0,0,0,0,0,0,0,0,0,0,0,0,0,0,0,0,0,0,0,0,0,0,0,0,0,0,0,0,0,0,0,0,0,0,0,0,0,0,0,0,0,0,0,0,0,0,0,0,0,0,0,0,0,0,0,0,0,0,0,0,0,0,0,0,0,0,0,0,0,0,0,0,0,0,0,0,0,0,0,0,0,0,0,0,0,0,0,0,0,0,0,0,0,0,0,0,0,0,0,0,0,0,0,0,0,0,0,0,0,0,0,0,0,0,0,0,0,0,0,0,0,0,0,0,0,0,0,0,0,0,0,0,0,0,0,0,0,0,0,0,0,0,0,0,0,0,0,0,0,0,0,0,0,0,0,0,0,0,0,0,0,0,0,0,0,0,0,0,0,0,0,0,0,0,0,0,0,0,0,0,0,0,0,0,0,0,0,0,0,0,0,0,0,0,0,0,0,0,0,0,0,0,0,0,0,0,0,0,0,0,0,0,0,0,0,0,0,0,0,0,0,0,0,0,0,0,0,0,0,0,0,0,0,0,0,0,0,0,0,0,0,0,0,0,0,0,0,0,0,0,0,0,0,0,0,0,0,0,0,0,0,0,0,0,0,0,0,0,0,0,0,0,0,0,0,0,0,0,0,0,0,0,0,0,0,0,0,0,0,0,0,0,0,0,0,0,0,0,0,0,0,0,0,0,0,0,0,0,0,0,0,0,0,0,0,0,0,0,0,0,0,0,0,0,0,0,0,0,0,0,0,0,0,0,0,0,0,0,0,0,0,0,0,0,0,0,0,0,0,0,0,0,0,0,0,0,0,0,0,0,0,0,0,0,0,0,0,0,0,0,0,0,0,0,0,0,0,0,0,0,0,0,0,0,0,0,0,0,0,0,0,0,0,0,0,0,0,0,0,0,0,0,0,0,0,0,0,0,0,0,0,0,0,0,0,0,0,0,0,0,0,0,0,0,0,0,0,0,0,0,0,0,0,0,0,0,0,0,0,0,0,0,0,0,0,0,0,0,0,0,0,0,0,0,0,0,0,0,0,0,0,0,0,0,0,0,0,0,0,0,0,0,0,0,0,0,0,0,0,0,0,0,0,0,0,0,0,0,0,0,0,0,0,0,0,0,0,0,0,0,0,0,0,0,0,0,0,0,0,0,0,0,0,0,0,0,0,0,0,0,0,0,0,0,0,0,0,0,0,0,0,0,0,0,0,0,0,0,0,0,0,0,0,0,0,0,0,0,0,0,0,0,0,0,0,0,0,0,0,0,0,0,0,0,0,0,0,0,0,0,0,0,0,0,0,0,0,0,0,0,0,0,0,0,0,0,0,0,0,0,0,0,0,0,0,0,0,0,0,0,0,0,0,0,0,0,0,0,0,0,0,0,0,0,0,0,0,0,0,0,0,0,0,0,0,0,0,0,0,0,0,0,0,0,0,0,0,0,0,0,0,0,0,0,0,0,0,0,0,0,0,0,0,0,0,0,0,0,0,0,0,0,0,0,0,0,0,0,0,0,0,0,0,0,0,0,0,0,0,0,0,0,0,0,0,0,0,0,0,0,0,0,0,0,0,0,0,0,0,0,0,0,0,0,0,0,0,0,0,0,0,0,0,0,0,0,0,0,0,0,0,0,0,0,0,0,0,0,0,0,0,0,0,0,0,0,0,0,0,0,0,0,0,0,0,0,0,0,0,0,0,0,0,0,0,0,0,0,0,0,0,0,0,0,0,0,0,0,0,0,0,0,0,0,0,0,0,0,0,0,0,0,0,0,0,0,0,0,0,0,0,0,0,0,0,0,0,0,0,0,0,0,0,0,0,0,0,0,0,0,0,0,0,0,0,0,0,0,0,0,0,0,0,0,0,0,0,0,0,0,0,0,0,0,0,0,0,0,0,0,0,0,0,0,0,0,0,0,0,0,0,0,0,0,0,0,0,0,0,0,0,0,0,0,0,0,0,0,0,0,0,0,0,0,0,0,0,0,0,0,0,0,0,0,0,0,0,0,0,0,0,0,0,0,0,0,0,0,0,0,0,0,0,0,0,0,0,0,0,0,0,0,0,0,0,0,0,0,0,0,0,0,0,0,0,0,0,0,0,0,0,0,0,0,0,0,0,0,0,0,0,0,0,0,0,0,0,0,0,0,0,0,0,0,0,0,0,0,0,0,0,0,0,0,0,0,0,0,0,0,0,0,0,0,0,0,0,0,0,0,0,0,0,0,0,0,0,0,0,0,0,0,0,0,0,0,0,0,0,0,0,0,0,0,0,0,0,0,0,0,0,0,0,0,0,0,0,0,0,0,0,0,0,0,0,0,0,0,0,0,0,0,0,0,0,0,0,0,0,0,0,0,0,0,0,0,0,0,0,0,0,0,0,0,0,0,0,0,0,0,0,0,0,0,0,0,0,0,0,0,0,0,0,0,0,0,0,0,0,0,0,0,0,0,0,0,0,0,0,0,0,0,0,0,0,0,0,0,0,0,0,0,0,0,0,0,0,0,0,0,0,0,0,0,0,0,0,0,0,0,0,0,0,0,0,0,0,0,0,0,0,0,0,0,0,0,0,0,0,0,0,0,0,0,0,0,0,0,0,0,0,0,0,0,0,0,0,0,0,0,0,0,0,0,0,0,0,0,0,0,0,0,0,0,0,0,0,0,0,0,0,0,0,0,0,0,0,0,0,0,0,0,0,0,0,0,0,0,0,0,0,0,0,0,0,0,0,0,0,0,0,0,0,0,0,0,0,0,0,0,0,0,0,0,0,0,0,0,0,0,0,0,0,0,0,0,0,0,0,0,0,0,0,0,0,0,0,0,0,0,0,0,0,0,0,0,0,0,0,0,0,0,0,0,0,0,0,0,0,0,0,0,0,0,0,0,0,0,0,0,0,0,0,0,0,0,0,0,0,0,0,0,0,0,0,0,0,0,0,0,0,0,0,0,0,0,0,0,0,0,0,0,0,0,0,0,0,0,0,0,0,0,0,0,0,0,0,0,0,0,0,0,0,0,0,0,0,0,0,0,0,0,0,0,0,0,0,0,0,0,0,0,0,0,0,0,0,0,0,0,0,0,0,0,0,0,0,0,0,0,0,0,0,0,0,0,0,0,0,0,0,0,0,0,0,0,0,0,0,0,0,0,0,0,0,0,0,0,0,0,0,0,0,0,0,0,0,0,0,0,0,0,0,0,0,0,0,0,0,0,0,0,0,0,0,0,0,0,0,0,0,0,0,0,0,0,0,0,0,0,0,0,0,0,0,0,0,0,0,0,0,0,0,0,0,0,0,0,0,0,0,0,0,0,0,0,0,0,0,0,0,0,0,0,0,0,0,0,0,0,0,0,0,0,0,0,0,0,0,0,0,0,0,0,0,0,0,0,0,0,0,0,0,0,0,0,0,0,0,0,0,0,0,0,0,0,0,0,0,0,0,0,0,0,0,0,0,0,0,0,0,0,0,0,0,0,0,0,0,0,0,0,0,0,0,0,0,0,0,0,0,0,0,0,0,0,0,0,0,0,0,0,0,0,0,0,0,0,0,0,0,0,0,0,0,0,0,0,0,0,0,0,0,0,0,0,0,0,0,0,0,0,0,0,0,0,0,-0.29610908,-0.48221552,-0.363392,-0.24955444,0.12120186,0.5962719,0.07128589,-0.6164452,0.119241074,-0.8069214,-0.46081495,0.4943111,-0.19213147,-0.29947042,-0.49106705,-0.62882614,-0.47252363,-0.5672575,0.32753238,0.6184568,-0.49510068,-0.62260765,0.16092174,-0.019470412,0.17559962,-0.15851803,-0.70215946,-0.09661327,0.869157,-0.38636118,0.4903335,-0.22456846,0.45817664,0.29548758,0.0027704833,0.6442831,-0.5086021,0.10982931,-0.038349964,-0.07633316,0.00058560923,0.48545957,-0.8199746,0.18450718,-0.1981819,-0.22905025,0.15503938,-0.03213148,-0.6907309,0.63621587,-0.395941,0.102546394,0.22540353,-0.12546481,0.19117385,0.06585172,0.11330269,0.41263044,0.19744836,-0.305913,-0.31330794,0.2535828,0.40865284,0.40837273,0.07268645,0.19868085,0.49896097,-0.32479253,-0.14972252,-0.035997026,0.39968926,-0.33274773,-0.21151523,-0.62109506,0.029101016,0.11022146,-0.26204744,0.062098213,-0.13095501,0.083330706,0.344059,-0.22535276,-0.5618794,0.10512342,0.16585171,-0.19997461,-0.050058648,-0.18395221,0.055655636,-0.20406425,-0.08613708,0.26265845,0.043330707,-0.56103903,-0.08966649,-0.27022672,-0.05106705,-0.335941,-0.24596901,-0.57252365,-0.14075893,0.11548757,0.24019346,0.47587973,-0.4829438,-0.30725753,0.026804097,-0.4274256,0.1970562,-0.33353204,0.43391895,-0.28731355,-0.49812588,0.08215424,0.16153799,-0.2561651,-0.028433999,-0.0866973,-0.46232757,0.22338673,-0.8054088,0.14333071,0.5287089,-0.06585697,0.010893732,0.43313462,0.14646797,0.101201855,-0.052299544,-0.24854605,-0.20059086,0.00921306,-0.09196341,-0.097901784,0.1327985,-0.4039522,0.059577204,0.10153799,-0.048321955,-0.43801382,-0.03241159,-0.019526435,-0.07073092,0.4600814,-0.07403624,-0.53790176,0.35128587,0.11475928,0.2658517,-0.18075892,0.2631066,0.27531952,-0.40126312,0.020473564,-0.2621595,0.28534752,-0.109330356,-0.22563288,-0.15510066,-0.11095501,-0.5713472,-0.15050682,-0.0136440825,-0.1251847,-0.06949843,0.6236668,2.5385154e-05,0.18495536,0.022490371,0.13728029,-0.35790178,0.19190213,0.03694415,0.2912859,-0.034148283,-0.4401987,-0.04776173,-0.13510066,0.24792455,-0.25173932,-0.24098302,-0.59722954,0.261538,0.11996936,0.17750438,0.29246235,-0.51784575,0.42176208,-0.07285977,0.26131392,-0.30182335,-0.10468049,-0.3214312,0.07761642,0.13027748,0.14165004,-0.51129115,-0.10305585,0.21139793,0.15100577,-0.07112307,-0.5468094,-0.6140923,0.33016545,-0.3614312,0.19985732,-0.081655286,0.4130786,0.17929709,-0.19151524,0.070949756,0.18870886,0.34719625,0.27117383,-0.041823354,0.028652836,0.019801296,-0.25633317,-0.13454044,0.21537553,-0.4664172,-0.48753765,0.2658517,0.6478125,-0.23476453,0.06960522,-0.4264172,-0.2638962,0.49436712,0.36176208,0.1555436,0.032574404,-0.49857405,0.12411502,-0.17879814,-0.24137518,0.07672007,0.16327469,-0.10966649,0.02826068,0.076439954,0.07436712,0.18254639,-0.06636117,-0.19610907,0.025123425,-0.26462448,0.006131828,-0.35857406,0.5703895,-0.32333595,0.102994576,0.13268645,0.114927344,-0.06378414,-0.1019354,-0.043728117,0.1905576,0.21419905,0.13341475,0.26960522,-0.02171131,0.07324667,-0.18003064,0.47772846,0.58708423,-0.34563288,-0.15476453,0.20585172,-0.42983454,0.06478729,-0.045800947,-0.37403625,0.31038952,0.43739232,0.38024947,0.09470326,0.37537554,0.07453519,0.023218662,0.01061362,0.020753676,0.38573968,0.14495535,0.20075367,0.1460758,-0.107649684,0.25862482,-0.34630516,0.050501574,-0.14042279,0.050333507,-0.08400823,0.20551558,-0.22860207,-0.088377975,-0.3011511,-0.18619311,0.1525744,-0.25381216,-0.37398022,-0.45582896,0.15184611,0.4743111,0.2795772,0.09363883,0.021145834,-0.38008666,0.2083167,0.2133027,0.31145397,-0.29538077,-0.015884979,0.0278125,-0.04014268,0.15319066,-0.1061931,0.224059,0.0868041,-0.093924195,0.24545956,0.7803055,-0.3747085,0.46221027,-0.16271971,0.42618784,-0.30255166,0.0910618,0.5282047,0.23694415,-0.67930233,-0.1904508,0.06926908,-0.86412024,-0.21190739,-0.06972251,-0.19168329,0.4325744,0.2738069,0.12024947,0.34887692,0.015039391,-0.34736958,-0.5673696,0.17789653,-0.1516833,-0.09762167,-0.13257965,-0.037565652,-0.37381214,-0.26384017,-0.423448,0.15946516,-0.06434436,0.42691615,-0.09089898,0.044227067,0.14758842,0.097280286,0.3595772,-0.19678134,0.3325744,-0.19353203,0.29901698,-0.17672531,-0.37157124,0.14467524,-0.34350404,0.27066964,-0.2896665,0.66333073,-0.039526436,0.21386293,-0.04641719,0.49946517,0.24501137,-0.1169494,-0.03173932,-0.3521315,-0.4619354,0.104227066,-0.29039478,-0.07633316,-0.52305585,0.12798056,0.33134192,-0.07151523,0.29593575,0.27324668,0.077672444,-0.07812587,0.20870885,-0.21454044,-0.31431636,-0.23863007,0.006860119,-0.2688822,0.4783447,-0.15375613,0.12870885,-0.13308387,0.25688812,0.43526348,-0.40529674,-0.20109506,-0.2594144,0.0960478,0.099857315,0.11996936,-0.08641719,0.09907301,0.051734067,-0.10064688,0.6198573,0.0630506,0.097056195,0.018176645,-0.066473216,0.1483167,0.15812062,-0.25778973,-0.19078694,-0.19801383,-0.08585697,0.27100578,-0.003167892,-0.3001987,-0.020702906,-0.27924633,0.18445116,0.0113979345,0.00943715,-0.12199142,-0.09840599,-0.18098302,0.050445553,0.13094975,0.25190213,0.018400736,0.36243436,0.3635548,0.079185046,-0.0142043065,-0.17947042,-0.05106705,0.06478729,-0.20652923,0.07296656,0.29122987,0.32445115,0.249045,0.5745912,-0.014596463,-0.3503948,0.035767682,0.5729666,-0.2339242,-0.5103948,0.03918505,-0.16849002,0.060025387,-0.18400823,0.07162202,0.022378325,0.20865284,-0.29627714,0.18383491,0.36372286,0.23296656,-0.053924195,0.07313463,-0.121655285,0.1970562,-0.04451243,-0.08451243,0.37319064,0.12461922,0.53952116,-0.44899422,-0.1696665,-0.025856968,-0.15409227,0.12842874,-0.17201944,-0.16165529,-0.06400823,-0.121711306,0.14641194,-0.3636721,-0.28529674,0.049381126,-0.06820991,-0.3036721,0.06013743,-0.050618872,-0.21448442,0.103778884,-0.028097864,-0.39437237,-0.2714032,0.15134192,-0.03935837,0.07195816,0.022210259,-0.08613708,-0.099358365,-0.17588498,-0.24692139,-0.26159927,0.11139794,-0.071683295,-0.26809788,0.32215422,-0.26815388,0.038792893,-0.2546525,-0.3277057,0.19700018,0.0678125,0.3057957,-0.045800947,-0.11386817,0.13078168,-0.3312351,0.52534753,-0.1679298,-0.43863007,0.0343111,0.022826506,-0.17022672,0.12114584,0.059129026,0.2712859,0.14473127,-0.16031075,0.39996937,-0.25224352,-0.2381819,0.03554359,-0.15840599,-0.23465249,0.2727985,0.2750394,0.2910618,0.06545956,0.32024947,0.31800857,0.30742034,-0.29280373,0.27812064,0.028932948,0.13968925,0.26596376,0.3981206,-0.17661327,0.098624825,0.34310663,0.008708859,0.26859683,0.38663602,-0.38350403,0.2192971,0.12198617,-0.24731354,-0.051795345,0.1345352,-0.15722951,-0.13683736,0.10013743,-0.21498862,-0.06989058,-0.14199142,0.12120186,-0.080142684,-0.02428834,0.2200814,0.07896096,-0.0070894607,-0.077285536,-0.029442402,-0.15162727,0.5346472,0.12971726,-0.23213148,0.2495492,0.21279849,-0.056893382,-0.56977856,-0.10686537,0.21571165,-0.08400823,-0.14238358,-0.0894424,0.24691615,-0.028826155,-0.002047444,0.07873687,-0.001095063,-0.3962211,-0.48798582,0.05363883,0.35369486,-0.01756565,0.0037788865,-0.24406426,-0.3754368,-0.08921831,-0.15851803,-0.18949842,0.082098216,0.23100577,0.33218226,-0.01196341,0.06041754,0.4460758,0.28708422,0.5828825,-0.22507265,0.23324667,-0.02686537,-0.3627197,0.34680408,-0.16507265,-0.20591299,-0.0060810572,0.032574404,0.06624387,0.08837272,0.060809698,-0.11263568,0.106972165,-0.08171131,0.0688209,-0.20938638,0.21940914,-0.012019433,-0.11095501,0.07010942,0.033246674,-0.00916229,-0.4054648,-0.24378414,-0.3841203,0.28249037,0.29016545,-0.021375176,0.108372726,0.12433911,0.2078125,-0.5050166,-0.07834996,-0.2911791,0.34176207,0.19296657,-0.42574492,0.5187369,0.094479166,0.025851715,-0.35582897,0.18232231,-0.0010390406,-0.061319154,-0.25302783,0.10982931,-0.017509628,0.1830506,0.16938113,-0.14781775,-0.32339197,0.22495535,-0.12131915,-0.16832195,-0.04008666,-0.24260767,-0.19907826,-0.060422793,-0.19106705,-0.32406425,-0.025969012,0.09201418,0.027980568,-0.11022671,-0.05123512,-0.23028274,0.0077564777,0.18361083,0.28237832,0.21279849,0.14551558,-0.20714548,0.20333071,0.053470764,0.02966124,0.20971726,0.22982931,0.35862482,0.15688813,0.12966123,0.18770045,-0.17162728,-0.05666929,0.036776084,0.28215423,-0.055100664,0.46921307,0.35470325,-0.13947041,-0.044848565,0.2498293,-0.16731355,-0.17213148,-0.52927434,0.18842874,-0.051179096,0.063946955,0.54646796,-0.24294381,0.091678046,0.025907738,-0.19935837,-0.22669731,-0.016725315,0.16994135,-0.21874212,-0.18692139,0.109717265,0.12433911,0.28288254,0.27089372,0.3142551,-0.022215512,0.06697217,-0.072019435,-0.38350403,0.29330269,-0.30182335,0.29274246,-0.5552687,-0.11571691,0.20641194,0.2798573,0.4535828,-0.015380777,0.1353195,0.25375086,0.22568364,0.09509541,0.26019347,-0.113644086,-0.12882616,0.3078685,-0.13650122,0.016495973,-0.0023835783,-0.069106266,-0.170955,0.4933027,-0.1926917,0.10669205,-0.41358805,0.14086573,-0.02916229,-0.029386379,-0.6818794,-0.07633316,0.07996936,-0.08372812,-0.13717349,-0.111907385,-0.36103904,0.55010945,-0.04406425,0.25369486,0.36764443,0.12153799,0.17027749,-0.17285977,-0.10322391,-0.23655725,0.016720062,0.2613699,0.13610382,-0.11106705,-0.44731355,-0.023672095,0.1462999,-0.050730918,-0.17291579,-0.21274772,-0.05095501,-0.31162727,-0.31661326,-0.278406,0.029605217,-0.4029438,-0.31106704,-0.14675333,-0.06524072,-0.060198706,0.18663603,0.1398013,0.15733631,0.11330269,-0.33958244,-0.111907385,-0.051907387,-0.05521271,-0.2638962,0.10243435,0.15442315,-0.06613708,0.0645632,-0.05734156,0.21845676,0.4693251,0.22221026,-0.20720151,0.09660802,0.2278125,0.04523547,0.039353117,0.44338673,-0.4197505,0.48383492,-0.021095064,0.32148197,-0.08501663,-0.16753764,0.19879289,0.2610898,0.2903335,-0.18361607,0.16265844,-0.2256889,0.3426024,0.15868084,0.11643995,0.08938113,0.15470326,0.6608097,0.011678047,0.13128589,-0.020310748,0.20204219,-0.20372811,-0.23834996,-0.2739242,-0.21498862,0.4368321,0.065571606,0.0068040965,-0.035772935,0.22921306,-0.046753325,-0.16445641,0.3413139,-0.019078257,-0.20227154,0.040081408,0.113750875,-0.24535276,0.12686011,-0.09980655,-0.14776173,-0.084288344,-0.19134717,0.39268646,-0.010842962,0.40417105,0.17587973,-0.20977853,-0.012803746,-0.051459208,0.57548755,0.41470325,-0.24176733,0.0019301471,-0.26529676,0.018792892,0.40092173,0.16226628,0.14529149,0.11823267,-0.24501663,-0.035548843,-0.09039478,0.10764443,0.06293855,0.19257441,0.13677609,-0.18753764,-0.128434,0.21610382,0.29066965,-0.1942043,-0.06613708,-0.19257966,0.008204657,0.3045632,-0.0068093487,0.14036152,0.36148196,0.047700454,0.11884891,0.4575604,-0.08731355,-0.14781775,-0.26479253,-0.058630075,0.2820422,-0.0037841387,0.4306136,0.1035548,-0.22031075,-0.28277573,-0.11285977,-0.07952643,0.33487132,-0.012635679,0.5570562,-0.0796945,0.1110618,-0.2324116,-0.45330796,-0.022159489,-0.100702904,0.13167804,0.33100578,0.09386292,0.17122987,-0.20479254,-0.21498862,-0.15891019,-0.07678134,-0.078742124,-0.012243522,0.16344275,0.34540352,-0.099582456,-0.099358365,0.03851278,-0.05403624,-0.11000263,-0.24440038,0.032182246,-0.1632239,-0.09386817,-0.15073092,0.1953195,-0.12664129,-0.41504464,0.0758237,-0.17308386,0.093022585,-0.23173933,0.036720064,0.18013743,-0.08131915,-0.036109067,0.038568802,0.022994572,-0.23806985,-0.080927,-0.14333595,-0.07000262,-0.17375612,-0.07773372,-0.12008666,0.09761642,0.10321866,-0.07381215,0.2995772,0.18383491,-0.030674895,0.041425947,-0.31201944,0.629045,-0.26103905,0.23828869,0.015767682,0.23375088,-0.056725316,-0.022327555,0.17139794,-0.2789102,0.17515144,0.19094975,-0.30977854,0.5868601,-0.1544284,0.30590773,-0.036221113,0.27823266,-0.28103903,0.0059637604,-0.06395221,0.4753195,0.101257876,0.26669204,0.08960522,0.070781685,0.011341912,-0.01913428,0.18545955,0.13475928,-0.04215949,0.08361082,0.034479167,0.21128589,0.0673083,0.07834471,-0.34008667,0.30585173,-0.056053046,-0.02591299,0.08277048,-0.3177337,0.19274247,-0.0054087886,0.3317901,-0.011179097,-0.13235557,0.2518461,-0.03661327,-1.4819354,-0.488434,0.7228265,0.6518461,0.03593575,0.6988489,0.8357677,-0.48098302,-1.5804228,0.038008578,0.7278125,1.1404736,-1.3019354,-1.4686021,0.9600814,0.46551558,0.46545956,0.8528545,-0.33510065,-0.07678134,-0.13717349,-0.24535276,-0.12972252,-0.39426032,0.68545955,-0.72983456,0.76826066,1.1598012,-0.57229954,-1.0236721,-0.8903388,0.6637789,0.12859681,0.039745275,-0.8239522,0.32523546,1.314031,-0.6107869,0.18798056,-1.1818794,-1.3105068,-0.35790178,0.5532467,-0.7780138,0.7884287,0.7854596,0.37991333,0.57223827,0.42848477,0.618961,0.19397497,0.21397497,-0.3824396,-0.97907823,0.23072566,0.6352075,-1.1787982,0.40719625,1.0285408,-0.91257966,-0.62434435,0.83694416,0.82641196,-0.72849,-1.4220475,-1.2401987,-0.7298906,-0.7451847,-0.054708507,0.6907817,0.75274247,-0.28187937,0.6223223,0.11246236,0.047252275,0.021594012,-0.034652486,-0.048826154,0.841538,-0.17375612,0.5930786,0.46165004,-0.0489382,-1.1197505,0.15873687,0.1798013,0.4495492,-0.07616509,-1.085969,0.043050595,0.34545955,0.26831672,0.04433911,1.5420982,0.19901699,0.7859638,-0.18484856,-0.17280374,-0.598406,0.124899335,0.21828869,0.22982931,-0.0689382,-0.16165529,-1.0754929,0.5583447,-0.39498863,0.38742036,-0.40389618,0.7354876,0.6738069,-0.07140318,-0.768434,-0.628378,-0.55050683,0.2122943,0.78814864,-0.4726917,0.09246236,-0.6702267,-1.0295545,-0.6286021,0.9759918,-0.06087097,0.038904935,-0.1872015,0.1003055,-0.17532475,
1,0,0,0,0,0,0,0,0,0,0,0,0,0,0,0,0,0,0,0,0,0,0,0,0,0,0,0,0,0,0,0,0,0,0,0,0,0,0,0,0,0,1,0,0,0,0,0,0,0,0,0,0,0,0,0,0,0,0,0,0,0,0,0,0,0,0,0,0,0,0,0,0,0,0,0,0,0,0,0,0,0,0,0,0,0,0,0,0,0,0,0,0,0,0,0,0,0,0,0,0,0,0,0,0,0,0,0,0,0,0,0,0,0,0,0,0,0,0,0,0,0,0,0,0,0,0,0,0,0,0,0,0,0,0,0,0,0,0,0,0,0,0,0,0,0,0,0,0,0,0,0,0,0,0,0,0,0,0,0,0,0,0,0,0,0,0,0,0,0,0,0,0,0,0,0,0,0,0,0,0,0,0,0,0,0,0,0,0,0,0,0,0,0,0,0,0,0,0,0,0,0,0,0,0,0,0,0,0,0,0,0,0,0,0,0,0,0,0,0,0,0,0,0,0,0,0,0,0,0,0,0,0,0,0,0,0,0,0,0,0,0,0,0,0,0,0,0,0,0,0,0,0,0,0,0,0,0,0,0,0,0,0,0,0,0,0,0,0,0,0,0,0,0,0,0,0,0,0,0,0,0,0,0,0,0,0,0,0,0,0,0,0,0,0,0,0,0,0,0,0,0,0,0,0,0,0,0,0,0,0,0,0,0,0,0,0,0,0,0,0,0,0,0,0,0,0,0,0,0,0,0,0,0,0,0,0,0,0,0,0,0,0,0,0,0,0,0,0,0,0,0,0,0,0,0,0,0,0,0,0,0,0,0,0,0,0,0,0,0,0,0,0,0,0,0,0,0,0,0,0,0,0,0,0,0,0,0,0,0,0,0,0,0,0,0,0,0,0,0,0,0,0,0,0,0,0,0,0,0,0,0,0,0,0,0,0,0,0,0,0,0,0,0,0,0,0,0,0,0,0,0,0,0,0,0,0,0,0,0,0,0,0,0,0,0,0,0,0,0,0,0,0,0,0,0,0,0,0,0,0,0,0,0,0,0,0,0,0,0,0,0,0,0,0,0,0,0,0,0,0,0,0,0,0,0,0,0,0,0,0,0,0,0,0,0,0,0,0,0,0,0,0,0,0,0,0,0,0,0,0,0,0,0,0,0,0,0,0,0,0,0,0,0,0,0,0,0,0,0,0,0,0,0,0,0,0,0,0,0,0,0,0,0,0,0,0,0,0,0,0,0,0,0,0,0,0,0,0,0,0,0,0,0,0,0,0,0,0,0,0,0,0,0,0,0,0,0,0,0,0,0,0,0,0,0,0,0,0,0,0,0,0,0,0,0,0,0,0,0,0,0,0,0,0,0,0,0,0,0,0,0,0,0,0,0,0,0,0,0,0,0,0,0,0,0,0,0,0,0,0,0,0,0,0,0,0,0,0,0,0,0,0,0,0,0,0,0,0,0,0,0,0,0,0,0,0,0,0,0,0,0,0,0,0,0,0,0,0,0,0,0,0,0,0,0,0,0,0,0,0,0,0,0,0,0,0,0,0,0,0,0,0,0,0,0,0,0,0,0,0,0,0,0,0,0,0,0,0,0,0,0,0,0,0,0,0,0,0,0,0,0,0,0,0,0,0,0,0,0,0,0,0,0,0,0,0,0,0,0,0,0,0,0,0,0,0,0,0,0,0,0,0,0,0,0,0,0,0,0,0,0,0,0,0,0,0,0,0,0,0,0,0,0,0,0,0,0,0,0,0,0,0,0,0,0,0,0,0,0,0,0,0,0,0,0,0,0,0,0,0,0,0,0,0,0,0,0,0,0,0,0,0,0,0,0,0,0,0,0,0,0,0,0,0,0,0,0,0,0,0,0,0,0,0,0,0,0,0,0,0,0,0,0,0,0,0,0,0,0,0,0,0,0,0,0,0,0,0,0,0,0,0,1,0,0,0,0,0,0,0,0,0,0,0,0,0,0,0,0,0,0,0,0,0,0,0,0,0,0,0,0,0,0,0,0,0,0,0,0,0,0,0,0,0,0,0,0,0,0,0,0,0,0,0,0,0,0,0,0,0,0,0,0,0,0,0,0,0,0,0,0,0,0,0,0,0,0,0,0,0,0,0,0,0,0,0,0,0,0,0,0,0,0,0,0,0,0,0,0,0,0,0,0,0,0,0,0,0,0,0,0,0,0,0,0,0,0,0,0,0,0,0,0,0,0,0,0,0,0,0,0,0,0,0,0,0,0,0,0,0,0,0,0,0,0,0,0,0,0,0,0,0,0,0,0,0,0,0,0,0,0,0,0,0,0,0,0,0,0,0,0,0,0,0,0,0,0,0,0,0,0,0,0,0,0,0,0,0,0,0,0,0,0,0,0,0,0,0,0,0,0,0,0,0,0,0,0,0,0,0,0,0,0,0,0,0,0,0,0,0,0,0,0,0,0,0,0,0,0,0,0,0,0,0,0,0,0,0,0,0,0,0,0,0,0,0,0,0,0,0,0,0,0,0,0,0,0,0,0,0,0,0,0,0,0,0,0,0,0,0,0,0,0,0,0,0,0,0,0,0,0,0,0,0,0,0,0,0,0,0,0,0,0,0,0,0,0,0,0,0,0,0,0,0,0,0,0,0,0,0,0,0,0,0,0,0,0,0,0,0,0,0,0,0,0,0,0,0,0,0,0,0,0,0,0,0,0,0,0,0,0,0,0,0,0,0,0,0,0,0,0,0,0,0,0,0,0,0,0,0,0,0,0,0,0,0,0,0,0,0,0,0,0,0,0,0,0,0,0,0,0,0,0,0,0,0,0,0,0,0,0,0,0,0,0,0,0,0,0,0,0,0,0,0,0,0,0,0,0,0,0,0,0,0,0,0,0,0,0,0,0,0,0,0,0,0,0,0,0,0,0,0,0,0,0,0,0,0,0,0,0,0,0,0,0,0,0,0,0,0,0,0,0,0,0,0,0,0,0,0,0,0,0,0,0,0,0,0,0,0,0,0,0,0,0,0,0,0,0,0,0,0,0,0,0,0,0,0,0,0,0,0,0,0,0,0,0,0,0,0,0,0,0,0,0,0,0,0,0,0,0,0,0,0,0,0,0,0,0,0,0,0,0,0,0,0,0,0,0,0,0,0,0,0,0,0,0,0,0,0,0,0,0,0,0,0,0,0,0,0,0,0,0,0,0,0,0,0,0,0,0,0,0,0,0,0,0,0,0,0,0,0,0,0,0,0,0,0,0,0,0,0,0,0,0,0,0,0,0,0,0,0,0,0,0,0,0,0,0,0,0,0,0,0,0,0,0,0,0,0,0,0,0,0,0,0,0,0,0,0,0,0,0,0,0,0,0,0,0,0,0,0,0,0,0,0,0,0,0,0,0,0,0,0,0,0,0,0,0,0,0,0,0,0,0,0,0,0,0,0,0,0,0,0,0,0,0,0,0,0,0,0,0,0,0,0,0,0,0,0,0,0,0,0,0,0,0,0,0,0,0,0,0,0,0,0,0,0,0,0,0,0,0,0,0,0,0,0,0,0,0,0,0,0,0,0,0,0,0,0,0,0,0,0,0,0,0,0,0,0,0,0,0,0,0,0,0,0,0,0,0,0,0,0,0,0,0,0,0,0,0,0,0,0,0,0,0,0,0,0,0,0,0,0,0,0,0,0,0,0,0,0,0,0,0,0,0,0,0,0,0,0,0,0,0,0,0,0,0,0,0,0,0,0,0,0,0,0,0,0,0,0,0,0,0,0,0,0,0,0,0,0,0,0,0,0,0,0,0,0,0,0,0,0,0,0,0,0,0,0,0,0,0,0,0,0,0,0,0,0,0,0,0,0,0,0,0,0,0,0,0,0,0,0,0,0,0,0,0,0,0,0,0,0,0,0,0,0,0,0,0,0,0,0,0,0,0,0,0,0,0,0,0,0,0,0,0,0,0,0,0,0,0,0,0,0,0,0,0,0,0,0,0,0,0,0,0,0,0,0,0,0,0,0,0,0,0,0,0,0,0,0,0,0,0,0,0,0,0,0,0,0,0,0,0,0,0,0,0,0,0,0,0,0,0,0,0,0,0,0,0,0,0,0,0,0,0,0,0,0,0,0,0,0,0,0,0,0,0,0,0,0,0,0,0,0,0,0,0,0,0,0,0,0,0,0,0,0,0,0,0,0,0,0,0,0,0,0,0,0,0,0,0,0,0,0,0,0,0,0,0,0,0,0,0,0,0,0,0,0,0,0,0,0,0,0,0,0,0,0,0,0,0,0,0,0,0,0,0,0,0,0,0,0,0,0,0,0,0,0,0,0,0,0,0,0,0,0,0,0,0,0,0,0,0,0,0,0,0,0,0,0,0,0,0,0,0,0,0,0,0,0,0,0,0,0,0,0,0,0,0,0,0,0,0,0,0,0,0,0,0,0,0,0,0,0,0,0,0,0,0,0,0,0,0,0,0,0,0,0,0,0,0,0,0,0,0,0,0,0,0,0,0,0,0,0,0,0,0,0,0,0,0,0,0,0,0,0,0,0,0,0,0,0,0,0,0,0,0,0,0,0,0,0,0,0,0,0,0,0,0,0,0,0,0,0,0,0,0,0,0,0,0,0,0,0,0,0,0,0,0,0,0,0,0,0,0,0,0,0,0,0,0,0,0,0,0,0,0,0,0,0,0,0,0,0,0,0,0,0,0,0,0,0,0,0,0,0,0,0,0,0,0,0,0,0,0,0,0,0,0,0,0,0,0,0,0,0,0,0,0,0,0,0,0,0,0,0,0,0,0,0,0,0,0,0,0,0,0,0,0,0,0,0,0,0,0,0,0,0,0,0,0,0,0,0,0,0,0,0,0,0,0,0,0,0,0,0,0,0,0,0,0,0,0,0,0,0,0,0,0,0,0,0,0,0,0,0,0,0,0,0,0,0,0,0,0,0,0,0,0,0,0,0,0,0,0,0,0,0,0,0,0,0,0,0,0,0,0,0,0,0,0,0,0,0,0,0,0,0,0,0,0,0,0,0,0,0,0,0,0,0,0,0,0,0,0,0,0,0,0,0,0,0,0,0,1,0,0,0,0,0,0,0,0,0,0,0,0,0,0,0,0,0,0,0,0,0,0,0,0,0,0,0,0,0,0,1,0,0,0,0,0,0,0,0,0,0,0,0,0,0,0,0,0,0,0,0,0,0,0,0,0,0,0,0,0,0,0,0,0,0,0,0,0,0,0,0,0,0,0,0,0,0,0,0,0,0,0,0,0,0,0,0,0,0,0,0,0,0,0,0,0,0,0,0,0,0,0,0,0,0,0,0,0,0,0,0,0,0,0,0,0,0,0,0,0,0,0,0,0,0,0,0,0,0,0,0,0,0,0,0,0,0,0,0,0,0,0,0,0,0,0,0,0,0,0,0,0,0,0,0,0,0,0,0,0,0,0,0,0,0,0,0,0,0,0,0,0,0,0,0,0,0,0,0,0,0,0,0,0,0,0,0,0,0,0,0,0,0,0,0,0,0,0,0,0,0,0,0,0,0,0,0,0,0,0,0,0,0,0,0,0,0,0,0,0,0,0,0,0,0,0,0,0,0,0,0,0,0,0,0,0,0,0,0,0,0,0,0,0,0,0,0,0,0,0,0,0,0,0,0,0,0,0,0,0,0,0,0,0,0,0,0,0,0,0,0,0,0,0,0,0,0,0,0,0,0,0,0,0,0,0,0,0,0,0,0,0,0,0,0,0,0,0,0,0,0,0,0,0,0,0,0,0,0,0,0,0,0,0,0,0,0,0,0,0,0,0,0,0,0,0,0,0,0,0,0,0,0,0,0,0,0,0,0,0,0,0,0,0,0,0,0,0,0,0,0,0,0,0,0,0,0,0,0,0,0,0,0,0,0,0,0,0,0,0,0,0,0,0,0,0,0,0,0,0,0,0,0,0,0,0,0,0,0,0,0,0,0,0,0,0,0,0,0,0,0,0,0,0,0,0,0,0,0,0,0,0,0,0,0,0,0,0,0,0,0,0,0,0,0,0,0,0,0,0,0,0,0,0,0,0,0,0,0,0,0,0,0,0,0,0,0,0,0,0,0,0,0,0,0,0,0,0,0,0,0,0,0,0,0,0,0,0,0,0,0,0,0,0,0,0,0,0,0,0,0,0,0,0,0,0,0,0,0,0,0,0,0,0,0,0,0,0,0,0,0,0,0,0,0,0,0,0,0,0,0,0,0,0,0,0,0,0,0,0,0,0,0,0,0,0,0,0,0,0,0,0,0,0,0,0,0,0,0,0,0,0,0,0,0,0,0,0,0,0,0,0,0,0,0,0,0,0,0,0,0,0,0,0,0,0,0,0,0,0,0,0,0,0,0,0,0,0,0,0,0,0,0,0,0,0,0,0,0,0,0,0,0,0,0,0,0,0,0,0,0,0,0,0,0,0,0,0,0,0,0,0,0,0,0,0,0,0,0,0,0,0,0,0,0,0,0,0,0,0,0,0,0,0,0,0,0,0,0,0,0,0,0,0,0,0,0,0,0,0,0,0,0,0,0,0,0,0,0,0,0,0,0,0,0,0,0,0,0,0,0,0,0,0,0,0,0,0,0,0,0,0,0,0,0,0,0,0,0,0,0,0,0,0,0,0,0,0,0,0,0,0,0,0,0,0,0,0,0,0,0,0,0,0,0,0,0,0,0,0,0,0,0,0,0,0,0,0,0,0,0,0,0,0,0,0,0,0,0,0,0,0,0,0,0,0,0,0,0,0,0,0,0,0,0,0,0,0,0,0,0,0,0,0,0,0,0,0,0,0,0,0,0,0,0,0,0,0,0,0,0,0,0,0,0,0,0,0,0,0,0,0,0,0,0,0,0,0,0,0,0,0,0,0,0,0,0,0,0,0,0,0,0,0,0,0,0,0,0,0,0,0,0,0,0,0,0,0,0,0,0,0,0,0,0,0,0,0,0,0,0,0,0,0,0,0,0,0,0,0,0,0,0,0,0,0,0,0,0,0,0,0,0,0,0,0,0,0,0,0,0,0,0,0,0,0,0,0,0,0,0,0,0,0,0,0,0,0,0,0,0,0,0,0,0,0,0,0,0,0,0,0,0,0,0,0,0,0,0,0,0,0,0,0,0,0,0,0,0,0,0,0,0,0,0,0,0,0,0,0,0,0,0,0,0,0,0,0,0,0,0,0,0,0,0,0,0,0,0,0,0,0,0,0,0,0,0,0,0,0,0,0,0,0,0,0,0,0,0,0,0,0,0,0,0,0,0,0,0,0,0,0,0,0,0,0,0,0,0,0,0,0,0,0,0,0,0,0,0,0,0,0,0,0,0,0,0,0,0,0,0,0,0,0,0,0,0,0,0,0,0,0,0,0,0,0,0,0,0,0,0,0,0,0,0,0,0,0,0,0,0,0,0,0,0,0,0,0,0,0,0,0,0,0,0,0,0,0,0,0,0,0,0,0,0,0,0,0,0,0,0,0,0,0,0,0,0,0,0,0,0,0,0,0,0,0,0,0,0,0,0,0,0,0,0,0,0,0,0,0,0,0,0,0,0,0,0,0,0,0,0,0,0,0,0,0,0,0,0,0,0,0,0,0,0,0,0,0,0,0,0,0,0,0,0,0,0,0,0,0,0,0,0,0,0,0,0,0,0,0,0,0,0,0,0,0,0,0,0,0,0,0,0,0,0,0,0,0,0,0,0,0,0,0,0,0,0,0,0,0,0,0,0,0,0,0,0,0,0,0,0,0,0,0,0,0,0,0,0,0,0,0,0,0,0,0,0,0,0,0,0,0,0,0,0,0,0,0,0,0,0,0,0,0,0,0,0,0,0,0,0,0,0,0,0,0,0,0,0,0,0,0,0,0,0,0,0,0,0,0,0,0,0,0,0,0,0,0,0,0,0,0,0,0,0,0,0,0,0,0,0,0,0,0,0,0,0,0,0,0,0,0,0,0,0,0,0,0,0,0,0,0,0,0,0,0,0,0,0,0,0,0,0,0,0,0,0,0,0,0,0,0,0,0,0,0,0,0,0,0,0,0,0,0,0,0,0,0,0,0,0,0,0,0,0,0,0,0,0,0,0,0,0,0,0,0,0,0,0,0,0,0,0,0,0,0,0,0,0,0,0,0,0,0,0,0,0,0,0,0,0,0,0,0,0,0,0,0,0,0,0,0,0,0,0,0,0,0,0,0,0,0,0,0,0,0,0,0,0,0,0,0,0,0,0,0,0,0,0,0,0,0,0,0,0,0,0,0,0,0,0,0,0,0,0,0,0,0,0,0,0,0,0,0,0,0,0,0,0,0,0,0,0,0,0,0,0,0,0,0,0,0,0,0,0,0,0,0,0,0,0,0,0,0,0,0,0,0,0,0,0,0,0,0,0,0,0,0,0,0,0,0,0,0,0,0,0,0,0,0,0,0,0,0,0,0,0,0,0,0,0,0,0,0,0,0,0,0,0,0,0,0,0,0,0,0,0,0,0,0,0,0,0,0,0,0,0,0,0,0,0,0,0,0,0,0,0,0,0,0,0,0,0,0,0,0,0,0,0,0,0,0,0,0,0,0,0,0,0,0,0,0,0,0,0,0,0,0,0,0,0,0,0,0,0,0,0,0,0,0,0,0,0,0,0,0,0,0,0,0,0,0,0,0,0,0,0,0,0,0,0,0,0,0,0,0,0,0,0,0,0,0,0,0,0.83146256,-0.2630774,-0.24552083,0.91731477,-0.5148421,-0.9548421,-1.3388542,0.9818698,-0.7110412,0.18729968,-0.30211207,0.044011597,0.4432273,0.80600256,-0.23297182,0.08473558,0.119607374,-0.38772294,-0.84081495,-0.12437453,1.2345998,-1.2785827,0.39990902,1.160452,0.07556514,-0.12612416,-0.8920367,0.9745697,-0.10452536,-0.08238358,1.5340266,-0.86736095,-0.15948765,-0.14229308,-0.2230774,-0.7915842,0.86060286,0.34482607,-0.9952644,0.08057268,0.30910963,-1.0566822,-0.1804228,-0.040875282,-0.44214225,0.22778234,0.58705837,0.24720918,0.18518807,0.28093466,0.80431324,-1.0704379,0.4858819,0.77873254,0.10253347,1.2198789,-1.0730925,0.6296526,0.66898894,0.083649606,-0.57595825,1.2432272,0.26494673,0.35653046,0.22892864,-0.12799443,-0.11810002,0.95954704,-0.31411812,-0.22132777,-0.2536053,-1.0758075,-0.37806985,0.54247314,-0.07321314,0.43713376,0.88033134,-0.12485718,-0.4321875,0.2657914,-1.0003324,-0.010347379,-0.43061888,-0.04153893,-0.28075463,-0.26452535,-0.9313127,1.0916134,0.067903,0.6274807,0.44739017,-0.11532476,-0.21426895,0.94669634,0.8180689,-0.3472403,-0.08359022,-0.28069428,0.02265413,-0.13034739,-0.33499292,1.0487175,-0.71110153,-0.023560049,-0.30349973,-0.6291709,-0.7628059,-0.51725537,-0.24359022,0.15538414,-0.7164711,0.8618095,0.06886831,-0.1631679,0.6500448,-1.1858526,0.39882305,0.19508249,0.44545954,0.5784912,-0.5634092,0.24594222,-0.8400306,0.23755608,0.4365908,-0.045822494,-0.23629007,0.3158668,0.8867265,0.8660327,0.68485624,0.16624387,0.72220165,0.27266923,-0.23948765,-0.2283866,0.8288683,-0.8222327,0.58699805,0.4997582,-0.5380095,0.04690752,0.17058776,-0.23514377,-0.56877875,-0.2228964,0.61251837,0.45873258,-0.5237109,0.26603273,-0.24003063,0.827179,-0.84847707,-0.0015389329,0.4571036,-0.57046807,0.09903422,0.8565606,-0.45903516,0.28491658,-0.49897483,0.62211114,1.0922167,0.720814,-0.4606038,0.547722,0.30874765,0.07490149,-0.718643,0.10826499,0.06307645,-0.72340924,-0.50736094,-0.758462,-0.17613924,-0.16220258,0.53463,0.084675245,-0.27562642,-0.6491407,-0.48057362,0.35803875,0.37438866,0.28226197,0.0705576,-0.34428403,0.520452,0.019516874,0.24956213,-0.27025688,0.4370131,0.90742034,-0.103982374,0.30138716,-0.27894467,0.21408701,-0.34808493,0.07888339,0.17903422,-0.2716445,-0.32051328,-0.19146352,-0.5333036,-0.41505325,-0.2987335,0.31478083,-0.66211206,-0.017285539,0.05770692,-1.38718,0.20021069,0.64304626,-0.41300198,-0.5406038,0.21360436,-0.8557169,-0.14386171,-0.4350231,-0.29173502,0.4501051,-0.20914075,-0.3239522,-0.36039263,-0.22199142,-0.39043787,-0.665008,0.8908291,0.9781896,-0.22018147,0.12702818,1.2186723,-0.14549066,-0.45764753,-0.43719503,-0.4213881,-0.40292656,-1.0419613,-0.52932173,0.6933027,-0.39429912,0.18681702,-0.358643,-0.66585267,0.23767675,-0.26187077,-0.12914075,-0.58959323,1.1334233,-0.2639824,-0.49161434,0.29113075,-0.32956305,0.58687735,-0.15725537,-0.52123725,-0.2824439,-0.89294165,-0.15441978,0.6515531,0.19520316,-0.07810002,-0.06917091,-0.3347516,0.3526692,0.5044641,0.21487132,0.24443392,-0.7603323,-0.5973157,-0.11936699,0.38253346,-0.17022672,0.59665114,0.5035591,-0.005279506,-0.80805475,-0.20401254,0.76660585,-0.28286624,-0.19514376,0.23140225,-0.16533984,0.025550056,0.15333286,0.2612665,0.3797582,0.12057268,-0.2444952,0.48202065,-0.3349326,-0.4412976,-0.38313773,0.27598748,-0.21571691,-0.15659173,0.061206166,0.34018052,0.73342335,0.5640116,0.18150783,0.28165865,0.32027102,0.40425292,-0.22434436,-0.18543033,0.82953197,-0.017406203,-0.4503474,0.16539922,-1.0654907,-0.12117694,0.41571596,-0.4025646,-0.23713471,-0.26392204,0.46018052,-0.37288132,0.19007495,0.5519452,-0.90162945,-0.0029265648,-0.27478176,-0.38090545,-0.085219175,-0.53004575,0.666274,-0.32835642,-0.546999,-0.28509852,-0.5516445,0.2104671,-0.23049821,0.77987885,0.4698336,0.094207674,0.08950179,-0.0843142,-0.12974407,-0.015294589,-0.12009097,0.78199047,-0.37034738,-0.048959747,0.39689243,0.8811157,-0.43514377,0.71562546,-0.665189,-1.2130623,-0.3669688,0.066636026,0.3054294,0.22832532,0.015233315,-0.5936958,-0.117979355,0.5269679,0.06542939,0.38796332,-0.7619009,0.6207235,0.60389096,0.047269512,-0.45553592,0.33571598,0.63502216,-0.1976777,0.5234083,-0.50911057,0.49643996,0.82898897,0.14464508,-0.09837151,0.3551428,-0.15435944,0.7316737,-0.5303474,-0.13746653,-0.010830034,0.21076876,-0.21861283,0.52829516,-0.14356005,-0.24757211,0.23972803,0.67978835,0.22042185,0.8431066,0.42422277,0.035022154,0.5540568,-0.11779836,-0.16781345,0.34609303,-0.4160789,0.8378577,0.8035893,-0.04702913,-0.36105627,0.25523332,0.49233738,0.47200558,0.43743542,0.23055759,-0.12310756,-0.345913,0.5710101,-0.40708947,0.40467525,0.5188834,0.6341172,0.5988834,0.48316696,-0.71876365,1.0003917,0.036349453,-0.5652795,-0.35852236,-0.14862792,0.15906438,0.13456966,-0.15073954,-0.048959747,-0.533726,-0.077014044,-0.7874816,0.0003313537,-0.7379492,0.020602847,0.24612321,-1.0376776,-0.23248915,0.38464507,0.41782758,0.24558023,-0.22096579,-0.6015993,-0.044253863,-0.64630514,0.77058774,0.23972803,-1.0163805,0.016801942,0.26283512,-0.39460078,0.06542939,0.5356556,0.63634944,0.6386421,0.7937552,0.35653046,-0.1558074,0.020542515,0.19821975,0.57269937,0.49885324,0.68690753,-0.005581165,0.7818095,-0.32443485,-0.8946913,-0.30748162,0.5326994,0.16907947,-0.116410725,-0.8069085,0.2318849,-0.48371089,-0.31170484,0.32527855,0.27779743,0.055112652,-0.2189145,1.1339663,0.19152291,0.14766167,0.060964838,-0.73722523,-0.45843184,-0.518462,-0.2348421,0.43502215,-0.27948764,-0.14784361,0.29257873,-0.3976777,-0.25939715,-0.49686322,-0.6247063,0.4993962,-0.172278,-0.42874858,-0.5976174,0.16352893,-0.13197634,-0.2058225,0.23677178,-0.23423879,-0.1705887,-0.2331528,-0.7059733,0.29987887,-0.86030215,0.4239211,-0.46796426,-0.10452536,0.28009003,0.13505232,-0.17559625,-0.7248572,-0.56383157,-0.35508344,-0.51719505,-0.49432927,0.653001,0.2592152,-0.070317216,-0.22543034,-0.6282659,-0.15725537,0.02404176,0.40123633,-0.22669731,0.893906,0.40624386,0.021990478,0.059577204,-0.07574708,0.18386076,-0.3950231,0.5418698,0.08069334,-0.17131269,-0.98832625,-0.36817545,-0.20702913,-0.7912222,0.26078385,0.12358927,0.5197884,-0.07629006,0.13493165,0.18205081,0.28509757,0.6931217,-0.46356004,0.35785776,-0.10434436,-0.22313772,0.21680194,0.27297089,-0.15544541,-0.14699896,-0.90929157,0.40558022,0.31725442,0.03399651,0.67779744,0.48865715,0.13668127,0.5739663,-0.3865163,-0.36515886,0.9238306,0.074720494,-0.3089296,-0.17806986,-0.47212717,-0.83912563,0.6390644,0.02066318,-0.54639566,0.34066316,-0.06711963,0.27236757,-0.38645598,0.8825033,0.10337811,0.47592714,0.4309799,0.37113076,-0.35580742,0.14892864,0.8128804,0.5299845,0.6123374,0.4529407,-0.98374104,-0.01994014,-0.22150877,0.44901913,-0.5199703,0.030014612,0.04286529,-0.1390955,-0.17354497,0.15182456,-0.42814526,0.0076918365,-0.452821,0.6125787,-0.079728976,-0.05366563,-0.37469128,0.27568582,-0.21831118,0.013363028,0.63598746,0.08745051,-0.09698388,0.013966346,0.35423782,0.01734493,-0.21034738,-0.02259474,0.5218397,0.12805383,-0.092097,-0.09601857,0.96509755,-0.16455552,-0.67236847,-0.033273473,0.32829514,0.20051235,0.521719,-0.38132778,-0.4018406,-0.17975914,-0.19683304,0.1261232,0.25656062,0.95242786,0.5815078,-0.108024605,0.025791384,0.39001462,0.049562123,-0.34108645,-0.14356005,-0.19055854,0.37601763,0.11936604,-0.19176517,-0.55055857,0.3462137,-0.91743636,-0.33070937,0.45637962,0.47864208,-0.010830034,-0.4574062,-0.27689338,0.23996936,-0.35888433,-0.09336397,-0.008658088,-0.6082961,0.47423783,0.060542516,0.32364962,-0.44636548,-0.31134287,-0.34416336,-0.058130186,0.16069335,0.40678686,-0.12902008,-0.40437454,0.17318203,0.3289588,-0.059336822,-0.3226249,0.056138292,-0.18585266,-0.6329115,0.39882305,-0.040332295,-0.13022672,-0.35622972,-0.79906535,-0.72099596,-0.13607891,0.3448864,0.22470541,-0.4989145,0.17487133,-0.73619956,-0.39363545,-0.16618448,-0.12485718,0.6523977,-0.665913,0.06042185,-0.24057363,0.25282004,-0.06102611,-0.56407285,-0.26603365,0.44093466,-0.1269688,-0.09233833,-0.5899552,-0.26090544,-0.3142388,0.20298596,0.5380689,-0.1866973,-0.62808496,0.9283555,0.15466017,-0.5352343,-0.17233834,-0.37058872,0.16093467,0.26651537,-0.03876367,-0.40238357,-0.3180397,-0.019155826,0.65625894,0.12280496,0.6294113,-0.4367727,-0.2568632,0.060964838,-0.24069428,0.23285021,-0.36093563,-0.35110152,-0.56914073,-0.012519325,0.43996936,0.35725442,0.6952333,0.31218657,0.6210855,0.05088942,-0.13601857,-0.18506834,-0.8578889,-0.39647105,-0.36087528,0.21818957,0.48051235,0.037737086,0.48920015,0.14186981,-0.13324331,-0.07918599,0.4904671,0.046304204,-0.047511782,0.6572846,-0.24003063,0.2117944,-0.80051327,0.14005986,0.23122124,0.6973449,0.0018999812,-0.062353414,-0.15592808,-0.0720065,-0.07405779,-0.29221767,-0.16159926,-0.40407288,0.067903,0.78802365,0.10223181,0.33107042,-0.014027621,0.12310662,0.12974311,-0.067783274,-0.019155826,-0.28485718,1.0756254,0.25016543,-0.14295673,0.49469033,0.43906438,-0.49251932,-0.59580743,-0.16334888,-0.31924632,-0.7113429,-0.20081495,-0.01831118,0.3594867,-0.06880892,0.33511266,0.90458477,0.62687737,0.36196032,0.48871747,-0.678824,0.26621372,-0.7987033,1.0224128,-0.29451028,0.87936604,0.38838565,0.09300104,0.44841582,0.84775215,0.5142982,-0.16171993,-0.43345445,-0.67586774,-0.65909547,-0.31870332,-0.4361694,0.27079892,-0.20202158,-0.42132777,-0.017466534,0.7234083,-0.29903516,-0.4839522,0.32944146,0.2965003,-0.21680288,-0.34850726,0.26904932,-0.38790393,-0.16805477,-0.4590955,0.4487778,-0.6353248,0.5841021,0.6704369,0.34953195,-0.27689338,-0.5941181,-0.120875284,0.36865714,0.18561038,-0.33426896,-0.014027621,0.28443393,0.04618354,-0.6732131,0.096922606,0.40153798,-0.095475584,0.15007494,-0.01867317,0.11779742,0.907722,0.29004478,-0.8411166,-0.61408794,0.4980689,0.26361945,0.74307644,-0.40003064,0.3863947,-0.48141828,-0.46778327,-0.11677272,0.40256363,-0.25107136,0.6541473,0.12696785,-0.09734587,0.033031203,0.24998444,-0.09601857,-0.20027196,-0.51991,0.35405684,0.14916997,-0.025550999,0.007209182,0.07387585,-0.5739673,0.65324235,-0.05734587,-0.5388542,-0.64648616,0.13571598,-0.09987981,0.13650028,-0.2847365,0.3069377,-0.531373,-0.028989913,-0.49951783,0.50018054,0.39411718,0.31472048,-0.33167467,0.17511265,-0.8203021,0.4432876,-0.4367727,-0.103379056,-0.075686745,-0.63834137,0.59936607,0.29360434,-0.3737863,-0.15984964,0.21269938,0.42361945,0.17867222,-0.4592765,0.56280494,0.6867265,0.6552333,-0.5812674,-0.39460078,0.23061793,0.29981855,-0.056802884,0.5173148,0.023438442,0.26705834,-0.35810003,0.30102518,-0.07689338,-0.38748163,-0.073092476,-0.049623396,-0.6761091,0.71809906,-0.030377544,-0.57282096,-0.5097139,0.4823223,-0.33915582,0.46283513,0.030376602,0.36141732,-0.21571691,-0.1214786,0.17891355,-0.77028704,0.23610812,0.3668472,-0.22325839,-0.51677275,0.019999528,-0.24479686,0.7765606,-0.05728554,0.90910965,0.32189998,0.49963754,0.0864852,-0.32998538,0.99128157,-0.3400608,-0.7176777,0.18036152,-0.50132775,-0.20950273,0.4190342,-0.24081495,0.49824992,0.32732984,-0.5587637,-0.746637,0.24081402,0.6636798,0.60111564,-0.5698044,-0.003167892,0.14669636,0.17915489,-0.24624482,0.6318849,-0.26018146,-0.2871498,-0.2697139,-0.023198059,0.4869075,0.010044778,-0.40690845,-0.49921617,0.003649604,-0.05330364,0.46367976,-0.32932174,-0.050468042,0.4644641,0.3226843,0.10464508,0.16377027,-0.4934243,-0.7442237,-0.6895027,-1.0523987,-0.20769277,0.24509756,-0.31671238,-0.22923124,0.51345354,0.65680194,0.42579138,0.5713118,-0.20781344,-0.30126745,-0.74959326,0.19411717,0.1319754,0.31194523,0.1467567,-0.14736095,-0.18096578,0.26289546,-0.3692614,0.122925624,-0.074962765,-0.44117695,-0.17451027,0.0006330128,0.093363024,-0.25451028,-0.46337906,-0.32721013,0.6774354,0.67990905,-0.79393715,-0.37179536,-0.65867317,0.3425938,-1.2105284,0.2643434,0.8096828,-0.1413881,0.16521823,0.8112514,0.6034686,-0.7511619,0.027842665,0.240995,-0.3135148,1.080814,-1.011735,-0.08877875,-0.09167468,-0.2951136,0.3734837,0.75387585,0.10633437,0.53239775,-0.559729,-0.93831116,0.07538415,0.1807235,0.33903423,0.08093467,-0.8044952,0.10826499,-0.31327346,-0.31441978,-0.7793368,0.86259377,-0.8905284,-1.0012373,0.2483555,-0.32708946,0.28262398,0.16720918,0.038823057,-0.009502734,0.73698294,-0.23972897,-1.3672101,0.08045202,0.21203573,0.18464509,-0.7620216,-1.0802116,0.24033135,1.2485365,0.4751428,0.2803917,-1.0294123,0.30814433,-0.11315281,0.04316695,0.70705837,-0.7615389,0.3085063,0.78796333,-0.37438962,-0.4727305,-0.31375614,-0.13632023,-0.54675764,0.40310663,-0.55659175,0.44564056,0.22283512,-0.20292656,-0.35731572,0.5778879,0.22699802,0.04714885,-0.57348466,0.20545956,0.28805384,-0.14947256,0.7886873,0.070376605,-0.6900457,0.48033136,0.90078384,0.013966346,-0.47454044,-0.72914076,-0.73408794,0.7052484,1.0168623,-0.41107136,-0.22120711,-0.027783277,-0.35454044,0.026394702,-0.5925495,0.45257872,-0.1442237,-0.39267015,-0.3915842,-0.1936958,0.1918849,0.23665111,0.7683555,-0.98114675,0.04980345,0.16901913,0.62874764,1.0070885,0.3462137,0.5662439,-0.6776777,1.0538456,0.5309498,0.23544447,-0.51098084,-0.042685237,-0.5247365,0.051734067,1.1183404,0.20690753,-0.8231981,-1.0708601,0.2773751,
0,0,1,0,0,0,0,1,0,0,0,0,0,0,0,0,0,0,0,0,0,0,0,0,0,0,0,0,0,0,0,0,0,0,0,0,0,0,0,0,0,0,0,0,0,0,0,0,0,0,0,0,0,0,0,0,0,0,0,0,0,0,0,0,0,0,0,0,0,0,0,0,0,0,0,0,0,0,0,0,0,0,0,0,0,0,0,0,0,0,0,0,0,0,0,0,0,0,0,0,0,0,0,0,0,0,0,0,0,0,0,0,0,0,0,0,0,0,0,0,0,0,0,0,0,0,0,0,0,0,0,0,0,0,0,0,0,0,0,0,0,0,0,0,0,0,0,0,0,0,0,0,0,0,0,0,0,0,0,0,0,0,0,0,0,0,0,0,0,0,0,0,0,0,0,0,0,1,0,0,0,0,0,0,0,0,0,0,0,0,0,0,0,0,0,0,0,0,0,0,0,0,0,0,0,0,0,0,0,0,0,0,0,0,0,0,0,0,0,0,0,0,0,0,0,0,0,0,0,0,0,0,0,0,0,0,0,0,0,0,0,0,0,0,0,0,0,0,0,0,0,0,0,0,0,0,0,0,0,0,0,0,0,0,0,0,0,0,0,0,0,0,0,0,0,0,0,0,0,0,0,0,0,0,0,0,0,0,0,0,0,0,0,0,0,0,0,0,0,0,0,0,0,0,0,0,0,0,0,0,0,0,0,0,0,0,0,0,0,0,0,0,0,0,0,0,0,0,0,0,0,0,0,0,0,0,0,0,0,0,0,0,0,0,0,0,0,0,0,0,0,0,0,0,0,0,0,0,0,0,0,0,0,0,0,0,0,0,0,0,0,0,0,0,0,0,0,0,0,0,0,0,0,0,0,0,0,0,0,0,0,0,0,0,0,0,0,0,0,0,0,0,0,0,0,0,0,0,0,0,0,0,0,0,0,0,0,0,0,0,0,0,0,0,0,0,0,0,0,0,0,0,0,0,0,0,0,0,0,0,0,0,0,0,0,0,0,0,0,0,0,0,0,0,0,0,0,0,0,0,0,0,0,0,0,0,0,0,0,0,0,0,0,0,0,0,0,0,0,0,0,0,0,0,0,0,0,0,0,0,0,0,0,0,0,0,0,0,0,0,0,0,0,0,0,0,0,0,0,0,0,0,0,0,0,0,0,0,0,0,0,0,0,0,0,0,0,0,0,0,0,0,0,0,0,0,0,0,0,0,0,0,0,0,0,0,0,0,0,0,0,0,0,0,0,0,0,0,0,0,0,0,0,0,0,0,0,0,0,0,0,0,0,0,0,0,0,0,0,0,0,0,0,0,0,0,0,0,0,0,0,0,0,0,0,0,0,0,0,0,0,0,0,0,0,0,0,0,0,0,0,0,0,0,0,0,0,0,0,0,0,0,0,0,0,0,0,0,0,0,0,0,0,0,0,0,0,0,0,0,0,0,0,0,0,0,0,0,0,0,0,0,0,0,0,0,0,0,0,0,0,0,0,0,0,0,0,0,0,0,0,0,0,0,0,0,0,0,0,0,0,0,0,0,0,0,0,0,0,0,0,0,0,0,0,0,0,0,0,0,0,0,0,0,0,0,0,0,0,0,0,0,0,0,0,0,0,0,0,0,0,0,0,0,0,0,0,0,0,0,0,0,0,0,0,0,0,0,0,0,0,0,0,0,0,0,0,0,0,0,0,0,0,0,0,0,0,0,0,0,0,0,0,0,0,0,0,0,0,0,0,0,0,0,0,0,0,0,0,0,0,0,0,0,0,0,0,0,0,0,0,0,0,0,0,0,0,0,0,0,0,0,0,0,0,0,0,0,0,0,0,0,0,0,0,0,0,0,0,0,0,0,0,0,0,0,0,0,0,0,0,0,0,0,0,0,0,0,0,0,0,0,0,0,0,0,0,0,0,0,0,0,0,0,0,0,0,0,0,0,0,0,0,0,0,0,0,0,0,0,0,0,0,0,0,0,0,0,0,0,0,0,0,0,0,0,0,0,0,0,0,0,0,0,0,0,0,0,0,0,0,0,0,0,0,0,0,0,0,0,0,0,0,0,0,0,0,0,0,0,0,0,0,0,0,0,0,0,0,0,0,0,0,0,0,0,0,0,0,0,0,0,0,0,0,0,0,0,0,0,0,0,0,0,0,0,0,0,0,0,0,0,0,0,0,0,0,0,0,0,0,0,0,0,0,0,0,0,0,0,0,0,0,0,0,0,0,0,0,0,0,0,0,0,0,0,0,0,0,0,0,0,0,0,0,0,0,0,0,0,0,0,0,0,0,0,0,0,0,0,0,0,0,0,0,0,0,0,0,0,0,0,0,0,0,0,0,0,0,0,0,0,0,0,0,0,0,0,0,0,0,0,0,0,0,0,0,0,0,0,0,0,0,0,0,0,0,0,0,0,0,0,0,0,0,0,0,0,0,0,0,0,0,0,0,0,0,0,0,0,0,0,0,0,0,0,0,0,0,0,0,0,0,0,0,0,0,0,0,0,0,0,0,0,0,0,0,0,0,0,0,0,0,0,0,0,0,0,0,0,0,0,0,0,0,0,0,0,0,0,0,0,0,0,0,0,0,0,0,0,0,0,0,0,0,0,0,0,0,0,0,0,0,0,0,0,0,0,0,0,0,0,0,0,0,0,0,0,0,0,0,0,0,0,0,0,0,0,0,0,0,0,0,0,0,0,0,0,0,0,0,0,0,0,0,0,0,0,0,0,0,0,0,0,0,0,0,0,0,0,0,0,0,0,0,0,0,0,0,0,0,0,0,0,0,0,0,0,0,0,0,0,0,0,0,0,0,0,0,0,0,0,0,0,0,0,0,0,0,0,0,0,0,0,0,0,0,0,0,0,0,0,0,0,0,0,0,0,0,0,0,0,0,0,0,0,0,0,0,0,0,0,0,0,0,0,0,0,0,0,0,0,0,0,0,0,0,0,0,0,0,0,0,0,0,0,0,0,0,0,0,0,0,0,0,0,0,0,0,0,0,0,0,0,0,0,0,0,0,0,0,0,0,0,0,0,0,0,0,0,0,0,0,0,0,0,0,0,0,0,0,0,0,0,0,0,0,0,0,0,0,0,0,0,0,0,0,0,0,0,0,0,0,0,0,0,0,0,0,0,0,0,0,0,0,0,0,0,0,0,0,0,0,0,0,0,0,0,0,0,0,0,0,0,0,0,0,0,0,0,0,0,0,0,0,0,0,0,0,0,0,0,0,0,0,0,0,0,0,0,0,0,0,0,0,0,0,0,0,0,0,0,0,0,0,0,0,0,0,0,0,0,0,0,0,0,0,0,0,0,0,0,0,0,0,0,0,0,0,0,0,0,0,0,0,0,0,0,0,0,0,0,0,0,0,0,0,0,0,0,0,0,0,0,0,0,0,0,0,0,0,0,0,0,0,0,0,0,0,0,0,0,0,0,0,0,0,0,0,0,0,0,0,0,0,0,0,0,0,0,0,0,0,0,0,0,0,0,0,0,0,0,0,0,0,0,0,0,0,0,0,0,0,0,0,0,0,0,0,0,0,0,0,0,0,0,0,0,0,0,0,0,0,0,0,0,0,0,0,0,0,0,0,0,0,0,0,0,0,0,0,0,0,0,0,0,0,0,0,0,0,0,0,0,0,0,0,0,0,0,0,0,0,0,0,0,0,0,0,0,0,0,0,0,0,0,0,0,0,0,0,0,0,0,0,0,0,0,0,0,0,0,0,0,0,0,0,0,0,0,0,0,0,0,0,0,0,0,0,0,0,0,0,0,0,0,0,0,0,0,0,0,0,0,0,0,0,0,0,0,0,0,0,0,0,0,0,0,0,0,0,0,0,0,0,0,0,0,0,0,0,0,0,0,0,0,0,0,0,0,0,0,0,0,0,0,0,0,0,0,0,0,0,0,0,0,0,0,0,0,0,0,0,0,0,0,0,0,0,0,0,0,0,0,0,0,0,0,0,0,0,0,0,0,0,0,0,0,0,0,0,0,0,0,0,0,0,0,0,0,0,0,0,0,0,0,0,0,0,0,0,0,0,0,0,0,0,0,0,0,0,0,0,0,0,0,0,0,0,0,0,0,0,0,0,0,0,0,0,0,0,0,0,0,0,0,0,0,0,0,0,0,0,0,0,0,0,0,0,0,0,0,0,0,0,0,0,0,0,0,0,0,0,0,0,0,0,0,0,0,0,0,0,0,0,0,0,0,0,0,0,0,0,0,0,0,0,0,0,0,0,0,0,0,0,0,0,0,0,0,0,0,0,0,0,0,0,0,0,0,0,0,0,0,0,0,0,0,0,0,0,0,0,0,0,0,0,0,0,0,0,0,0,0,0,0,0,0,0,0,0,0,0,0,0,0,0,0,0,0,0,0,0,0,0,0,0,0,0,0,0,0,0,0,0,0,0,0,0,0,0,0,0,0,0,0,0,0,0,0,0,0,0,0,0,0,0,0,0,0,0,0,0,0,0,0,0,0,0,0,0,0,0,0,0,0,0,0,0,0,0,0,0,0,0,0,0,0,0,0,0,0,0,0,0,0,0,0,0,0,0,0,0,0,0,0,0,0,0,0,0,0,0,0,0,0,0,0,0,0,0,0,0,0,0,0,0,0,0,0,0,0,0,0,0,0,0,0,0,0,0,0,0,0,0,0,0,0,0,0,0,0,0,0,0,0,0,0,0,0,0,0,0,0,0,0,0,0,0,0,0,0,0,0,0,0,0,0,0,0,0,0,0,0,0,0,0,0,0,0,0,0,0,0,0,0,0,0,0,0,0,0,0,0,0,0,0,0,0,0,0,0,0,0,0,0,0,0,0,0,0,0,0,0,0,0,0,0,0,0,0,0,0,0,0,0,0,0,0,0,0,0,0,0,0,0,0,0,0,0,0,0,0,0,0,0,0,0,0,0,0,0,0,0,0,0,0,0,0,0,0,0,0,0,0,0,0,0,0,0,0,0,0,0,0,0,0,0,0,0,0,0,0,0,0,0,0,0,0,0,0,0,0,0,0,0,0,0,0,0,0,0,0,0,0,0,0,0,0,0,0,0,0,0,0,0,0,0,0,0,0,0,0,0,0,0,0,0,0,0,0,0,0,0,0,0,0,0,0,0,0,0,0,0,0,0,0,0,0,0,0,0,0,0,0,0,0,0,0,0,0,0,0,0,0,0,0,0,0,0,0,0,0,0,0,0,0,0,0,0,0,0,0,0,0,0,0,0,0,0,0,0,0,0,0,0,0,0,0,0,0,0,0,0,0,0,0,0,0,0,0,0,0,0,0,0,0,0,0,0,0,0,0,0,0,0,0,0,0,0,0,0,0,0,0,0,0,0,0,0,0,0,0,0,0,0,0,0,0,0,0,0,0,0,0,0,0,0,0,0,0,0,0,0,0,0,0,0,0,0,0,0,0,0,0,0,0,0,0,0,0,0,0,0,0,0,0,0,0,0,0,0,0,0,0,0,0,0,0,0,0,0,0,0,0,0,0,0,0,0,0,0,0,0,0,0,0,0,0,0,0,0,0,0,0,0,0,0,0,0,0,0,0,0,0,0,0,0,0,0,0,0,0,0,0,0,0,0,0,0,0,0,0,0,0,0,0,0,0,0,0,0,0,0,0,0,0,0,0,0,0,0,0,0,0,0,0,0,0,0,0,0,0,0,0,0,0,0,0,0,0,0,0,0,0,0,0,0,0,0,0,0,0,0,0,0,0,0,0,0,0,0,0,0,0,0,0,0,0,0,0,0,0,0,0,0,0,0,0,0,0,0,0,0,0,0,0,0,0,0,0,0,0,0,0,0,0,0,0,0,0,0,0,0,0,0,0,0,0,0,0,0,0,0,0,0,0,0,0,0,0,0,0,0,0,0,0,0,0,0,0,0,0,0,0,0,0,0,0,0,0,0,0,0,0,0,0,0,0,0,0,0,0,0,0,0,0,0,0,0,0,0,0,0,0,0,0,0,0,0,0,0,0,0,0,0,0,0,0,0,0,0,0,0,0,0,0,0,0,0,0,0,0,0,0,0,0,0,0,0,0,0,0,0,0,0,0,0,0,0,0,0,0,0,0,0,0,0,0,0,0,0,0,0,0,0,0,0,0,0,0,0,0,0,0,0,0,0,0,0,0,0,0,0,0,0,0,0,0,0,0,0,0,0,0,0,0,0,0,0,0,0,0,0,0,0,0,0,0,0,0,0,0,0,0,0,0,0,0,0,0,0,0,0,0,0,0,0,0,0,0,0,0,0,0,0,0,0,0,0,0,0,0,0,0,0,0,0,0,0,0,0,0,0,0,0,0,0,0,0,0,0,0,0,0,0,0,0,0,0,0,0,0,0,0,0,0,0,0,0,0,0,0,0,0,0,0,0,0,0,0,0,0,0,0,0,0,0,0,0,0,0,0,0,0,0,0,0,0,0,0,0,0,0,0,0,0,0,0,0,0,0,0,0,0,0,0,0,0,0,0,0,0,0,0,0,0,0,0,0,0,0,0,0,0,0,0,0,0,0,0,0,0,0,0,0,0,0,0,0,0,0,0,0,0,0,0,0,0,0,0,0,0,0,0,0,0,0,0,0,0,0,0,0,0,0,0,0,0,0,0,0,0,0,0,0,0,0,0,0,0,0,0,0,0,0,0,0,0,0,0,0,0,0,0,0,0,0,0,0,0,0,0,0,0,0,0,0,0,0,0,0,0,0,0,0,0,0,0,0,0,0,0,0,0,0,0,0,0,0,0,0,0,0,0,0,0,0,0,0,0,0,0,0,0,0,0,0,0,0,0,0,0,0,0,0,0,0,0,0,0,0,0,0,0,0,0,0,0,0,0,0,0,0,0,0,0,0,0,0,0,0,0,0,0,0,0,0,0,0,0,0,0,0,0,0,0,0,0,0,0,0,0,0,0,0,0,0,0,0,0,0,0,0,0,0,0,0,0,0,0,0,0,0,0,0,0,0,0,0,0,0,0,0,0,0,0,0,0,0,0,0,0,0,0,0,0,0,0,0,0,0,0,0,0,0,0,0,0,0,0,0,0,0,0,0,0,0,0,0,0,0,0,0,0,0,0,0,0,0,0,0,0,0,0,0,0,0,0,0,0,0,0,0,0,0,0,0,0,0,0,0,0,0,0,0,0,0,0,0,0,0,0,0,0,0,0,0,0,0,0,0,0,0,0,0,0,0,0,0,0,0,0,0,0,0,0,0,0,0,0,0,0,0,0,0,0,0,0,0,0,0,0,0,0,0,0,0,0,0,0,0,0,0,0,0,0,0,0,0,0,0,0,0,0,0,0,0,0,0,0,0,0,0,0,0,0,0,0,0,0,0,0,0,0,0,0,0,0,0,0,0,0,0,0,0,0,0,0,0,0,0,0,0,0,0,0,0,0,0,0,0,0,0,0,0,0,0,0,0,0,0,0,0,0,0,0,0,0,0,0,0,0,0,0,0,0,0,0,0,0,0,0,0,0,0,0,0,0,0,0,0,0,0,0,0,0,0,0,0,0,0,0,0,0,0,0,0,0,0,0,0,0,0,0,0,0,0,0,0,0,0,0,0,0,0,0,0,0,0,0,0,0,0,0,0,0,0,0,0,0,0,0,0,0,0,0,0,0,0,0,0,0,0,0,0,0,0,0,0,0,0,0,0,0,0,0,0,0,0,0,0,0,0,0,0,0,0,0,0,0,0,0,0,0,0,0,0,0,0,0,0,0,0,0,0,0,0,0,0,0,0,0,0,0,0,0,0,0,0,0,0,0,0,0,0,0,0,0,0,0,0,0,0,0,0,0,0,0,0,0,0,0,0,0,0,0,0,0,0,0,0,0,0,0,0,0,0,0,0,0,0,0,0,0,0,0,0,0,0,0,0,0,0,0,0,0,0,0,0,0,0,0,0,0,0,0,0,0,0,0,0,0,0,0,0,0,0,0,0,0,0,0,0,0,0,0,0,0,0,0,0,0,0,0,0,0,0,0,0,0,0,0,0,0,0,0,0,0,0,0,0,0,0,0,0,0,0,0,0,0,0,0,0,0,0,0,0,0,0,0,0,0,0,0,0,0,0,0,0,0,0,0,0,0,0,0,0,0,0,0,0,0,0,0,0,0,0,0,0,0,0,0,0,0,0,0,0,0,0,0,0,0,0,0,0,0,0,0,0,0,0,0,0,0,0,0,0,0,0,0,0,0,0,0,0,0,0,0,0,0,0,0,0,0,0,0,0,0,0,0,0,0,0,0,0,0,0,0,0,0,0,0,0,0,0,0,0,0,0,0,0,0,0,0,0,0,0,0,0,0,0,0,0,0,0,0,0,0,0,0,0,0,0,0,0,0,0,0,0,0,0,0,0,0,0,0,0,0,0,0,0,0,0,0,0,0,0,0,0,0,0,0,0,0,0,0,0,0,0,0,0,0,0,0,0,0,0,0,0,0,0,0,0,0,0,0,0,0,0,0,0,0,0,0,0,0,0,0,0,0,0,0,0,0,0,0,0,0,0,0,0,0,0,0,0,0,0,0,0,0,0,0,0,0,0,0,0,0,0,0,0,0,0,0,0,0,0,0,0,0,0,0,0,0,0,0,0,0,0,0,0,0,0,0,0,0,0,0,0,0,0,0,0,0,0,0,0,0,0,0,0,0,0,0,0,0,0,0,0,0,0,0,0,0,0,0,0,0,0,0,0,0,0,0,0,0,0,0,0,0,0,-0.39605382,0.49121487,-0.33861113,0.11154075,-0.7358495,0.44581306,-0.09889835,-0.46001408,0.26983956,0.13120383,0.4834822,-0.07636314,-0.76578593,-1.0731044,-0.03637419,0.83432454,-0.040240522,-0.02289725,0.18301272,-0.35573348,-0.15910272,0.074203,-0.31596547,0.33490446,0.29314804,0.21471667,-0.02521705,0.33700332,0.8830403,-0.052612796,0.3255148,-0.029525252,-0.3461229,-0.37683263,0.032225646,-0.24471442,-0.08464815,-0.34137282,-0.26912758,-0.22350481,0.64597875,-0.1299395,-0.45581633,-0.30646533,0.095523074,0.37511435,-0.16484699,-0.07415381,0.45973185,0.3261776,-0.19478346,0.4098009,-0.080008544,-0.11093923,0.31667745,-0.029304318,0.03344078,-0.17346339,0.04956892,-0.044548728,-0.037147455,0.04857472,0.2959097,0.018085904,-0.1853938,0.4104637,0.058737658,0.020516174,0.14677964,-0.5014391,-0.11160202,0.17262885,0.37677136,0.29215384,0.037969913,0.41720217,0.0075915665,0.1289945,0.43553963,0.48138332,0.20676306,-0.17003892,-0.009751709,0.109441884,-0.1183405,-0.10574729,0.49088347,0.11452335,0.13617483,-0.30105245,0.1541809,-0.2933198,0.057853926,-0.5604283,-0.10541589,-0.11281716,0.062162127,0.07541814,0.20179206,-0.17622505,0.07707513,-0.040792856,-0.089840084,-0.59522533,-0.07802014,0.39212623,-0.20174287,-0.04819413,-0.15623058,-0.030077586,0.18091385,-0.28370917,0.21372247,0.032336112,-0.27089503,-0.14308505,0.044818852,0.09265094,0.119162954,-0.3028199,-0.25509828,-0.06575834,0.13374457,0.22907734,-0.27575558,0.19925132,0.5673264,0.3141367,0.097290546,-0.21024881,-0.021903047,-0.750652,0.16268684,0.21913534,-0.66249955,-0.078682944,0.09209861,-0.14021291,-0.2564239,-0.05183953,-0.16760865,-0.020577447,0.32739273,-0.29674426,0.21085033,-0.20085914,-0.09470062,-0.1209917,-0.010414509,-0.123201035,-0.27586603,-0.2822731,0.18831512,0.4430514,-0.02786825,0.42427203,-0.37738496,-0.304256,-0.121875435,0.35202682,-0.48509002,-0.037810255,-0.057141934,-0.018368114,-0.028089184,0.19317566,0.26254877,0.21548994,0.3092762,-0.38467577,0.018085904,0.06138886,0.5869895,-0.22074315,0.20864101,-0.07216541,0.009138101,-0.25355175,0.30275863,0.24962415,0.015987037,0.023609241,-0.046978995,0.035981514,0.27889782,-0.27763352,0.061167926,0.10226155,0.36252114,0.008696234,-0.1691552,0.116622224,-0.18749267,0.027254643,0.111098886,-0.14341645,0.10424995,-0.14971304,0.3026482,-0.7051397,-0.35904747,0.19825713,-0.074485205,0.24178101,0.04747005,0.2750315,-0.08630515,-0.30867466,-0.11270669,0.49298233,-0.056700066,0.27215937,0.18102431,-0.1993126,-0.42488566,-0.15667245,0.34429413,0.053214323,0.16268684,0.33468354,0.027917443,-0.2607321,0.2906073,-0.21588261,0.1352911,-0.26161584,-0.3094479,0.17041951,-0.18086466,-0.23653989,-0.030850852,-0.07658408,0.19759433,0.16522758,-0.033391587,0.41664985,0.06271446,-0.29044765,0.19527453,-0.02786825,0.05266199,0.004277565,-0.24018529,-0.24283649,-0.01847858,-0.050292995,0.31259018,0.09044161,0.28442118,-0.16727726,0.39035875,0.17771032,0.03178378,0.07044713,0.08922648,-0.08917728,-0.28514525,-0.07978761,-0.018699514,-0.32358766,-0.1289453,0.01720217,0.32606712,0.2621069,0.20013507,0.13087243,0.16136125,0.0785112,-0.38964677,-0.078903876,0.1515297,-0.08398534,0.22797267,-0.07757828,-0.08553188,0.18853606,0.13098289,-0.34744847,0.077517,-0.014612244,0.02835931,0.035539646,-0.32833773,0.1690939,0.037417583,0.024492975,-0.37086743,0.17715798,-0.08111321,0.10623835,0.029795378,0.23780422,0.033661712,-0.014612244,0.11562802,0.014661437,0.041725785,-0.10022395,0.30772966,-0.100776285,0.037196647,-0.27509278,-0.08221788,0.11496522,0.1379423,0.14445983,0.045371186,-0.025990317,0.008033433,0.029574445,-0.12982903,-0.013618044,-0.09967162,0.105354615,-0.1137009,-0.023449583,0.03498731,0.10181968,0.14280283,-0.09094475,-0.18881826,0.31800306,0.22620521,0.23703095,-0.04675806,-0.066089734,0.1352911,-0.20052774,0.1270061,-0.030077586,0.12137229,0.031562846,-0.009641242,0.18168712,0.21725741,0.25923476,0.14379704,-0.09768322,-0.08067135,-0.059682667,0.11761642,0.13948883,0.11165122,-0.24692376,-0.27321485,-0.066089734,-0.0615606,-0.054159332,-0.47470614,0.09342421,0.38339937,-0.082991146,-0.2756451,-0.17589366,0.056528326,-0.07161307,0.37400967,-0.09094475,-0.14673044,-0.00091437105,-0.18881826,0.03410358,-0.19942307,0.10204061,0.13926789,0.25956616,-0.2918837,0.19814666,0.032336112,-0.030408986,0.14744243,0.34550926,-0.25200522,0.1907454,0.12512816,0.08790088,0.01421957,0.0081439,0.02869071,-0.22935955,0.28055483,0.09088348,0.16986719,-0.13910824,0.01963244,-0.14109664,0.08790088,0.35224774,0.063929595,0.0669122,-0.3514253,0.17019857,0.41620797,0.2553684,0.1419191,0.22554241,-0.036484655,-0.040571924,-0.22483042,-0.19124854,0.11452335,0.0712204,0.22510055,0.22631568,0.025487175,-0.116020694,0.1376109,0.017975438,0.14081444,-0.11160202,0.067906395,-0.2570867,0.16920438,-0.29309884,0.24840902,-0.01715298,-0.14032337,-0.10884036,0.015987037,0.16843112,0.0107951015,0.13009916,-0.2115744,-0.18163793,0.21427481,0.18290226,0.1379423,-0.0008039043,-0.03394392,0.11584895,0.13783184,0.031120978,-0.5976556,-0.08995055,-0.07912481,0.3991961,-0.19246367,0.23404835,-0.0615606,0.0027310308,0.07342973,-0.39030957,0.16887298,0.05001079,-0.02753685,-0.07802014,-0.22836535,-0.15269564,-0.10166002,-0.07746781,0.02802791,0.39510882,0.027033709,-0.38246644,0.18500112,0.011568368,-0.24360976,-0.08254928,0.17483819,0.40140542,-0.07437474,-0.30635485,0.1419191,0.032667514,0.20190252,0.029243045,0.049458455,0.31634605,-0.2584123,0.19118726,-0.33087847,-0.12839296,-0.15843992,0.004167098,-0.4097517,-0.09779368,0.18080339,-0.024664717,0.024492975,0.25448468,0.1541809,-0.041455656,0.040621117,-0.08509001,-0.008426108,-0.46376994,0.16876252,-0.050072063,0.10181968,0.019521972,0.105354615,0.027806977,0.0011844967,-0.27509278,-0.055705864,0.009579968,0.09773241,0.012673036,-0.07216541,0.12435489,-0.06863047,-0.29508725,-0.13535237,-0.08232834,-0.034938123,-0.04753133,-0.20947555,-0.21809195,-0.14551531,0.18036152,0.062603995,0.10303482,0.0015158969,0.09077301,0.14490171,-0.23090608,-0.08807261,0.059510928,-0.23642942,0.44349325,-0.15700385,0.10314528,0.0765228,-0.29740706,0.19947226,0.030458178,-0.03968819,0.08226707,0.014992837,-0.31673872,-0.02786825,-0.2690171,-0.16639352,0.11861062,0.017423104,0.18555346,-0.06697347,0.23692048,-0.0023504384,0.033661712,0.23658907,0.16798925,0.1525239,0.15904145,-0.2809475,-0.049298797,-0.31265146,0.13054103,-0.006879574,0.19483265,-0.12220683,0.15705304,0.1402621,-0.22869675,0.23250182,0.26089177,0.02128944,-0.021129781,0.10601742,0.2040014,-0.0036760392,-0.3147503,0.11850016,0.15771584,-0.22858629,0.23272274,0.17185558,-0.043333594,0.0078125,0.17704752,0.082488,-0.12088123,0.017975438,-0.054601196,-0.024222849,-0.1226487,-0.098125085,-0.09348548,-0.33949488,0.09110441,-0.06465367,-0.21367328,-0.26017976,0.211955,0.09375561,0.2846421,-0.09889835,-0.01715298,-0.09204942,-0.20251614,0.15274484,0.22344354,-0.124526635,0.15407044,0.24586828,0.20488513,0.026923243,-0.08939821,0.27127564,0.21902487,0.042057183,0.6522754,-0.04278126,-0.171475,-0.465206,0.008806701,-0.3799257,0.054429457,0.25956616,-0.28680226,-0.2580809,0.1930652,-0.16363186,0.028801177,0.086133406,-0.06001407,-0.24891216,0.017754504,-0.06299667,-0.009530775,-0.14474204,0.07177273,-0.20814994,-0.28415105,0.22951922,-0.7006106,0.20808867,-0.020687914,0.28607818,0.009469501,0.017975438,-0.053386062,0.1372795,-0.025769383,0.06624939,-0.0015771714,0.035650115,-0.07912481,0.41322538,-0.17313199,0.12457582,0.059621394,-0.24869123,0.1303201,0.38207376,0.13109337,0.14269237,-0.2769707,0.17284979,-0.037589323,-0.14275365,0.0061554993,-0.06133967,0.190414,-0.0062167738,0.25857195,0.035981514,-0.037920725,-0.034717187,-0.16528885,-0.35993123,-0.20428361,-0.058467533,-0.2468133,0.10226155,0.11275589,-0.12607317,-0.3185062,0.11043608,-0.038583525,0.13915743,0.04658632,-0.20351034,-0.3689895,0.24310662,0.34595114,0.05763299,0.05266199,0.016428905,0.06680173,-0.17633553,-0.012734311,-0.32955286,-0.2929884,-0.27476138,0.1445703,-0.12618363,-0.07382241,0.17373352,-0.022013515,-0.107846156,-0.15236425,0.046696786,0.081714734,0.22929828,0.15661117,-0.051618595,-0.03526952,0.02095804,0.010353235,0.05973186,-0.10066582,0.2607813,0.1429133,-0.080008544,-0.060124535,-0.10265422,0.17605332,-0.020025114,0.1488785,-0.09083428,0.14114584,-0.010966843,-0.10033442,0.18953025,-0.1259627,-0.030740386,-0.17755066,-0.13248023,-0.1993126,-0.04565339,-0.29177326,-0.26128444,0.2033386,0.0828194,-0.021129781,-0.27542418,-0.15313752,-0.35120434,0.21140267,0.22476915,0.034655914,0.09795334,0.043935116,-0.056920998,0.17307071,0.31833446,0.15826817,0.17163464,0.054429457,0.08502874,0.22465867,-0.0715026,0.03973738,-0.13336398,-0.2036208,-0.08619468,-0.21499887,-0.2859185,0.14103536,0.30463657,0.060836527,-0.16860285,0.16633224,-0.19445206,-0.09492155,0.00052169635,0.2066526,0.16677411,0.35666642,-0.10431122,-0.043112658,-0.34523913,0.05001079,0.066691265,-0.098125085,-0.09094475,-0.0589094,-0.026653117,0.14943084,-0.0027923053,0.11739549,-0.1688238,0.03984785,0.109773286,0.08646481,-0.041013792,0.09386608,0.13772136,0.030679112,0.35677686,-0.034054387,0.1548437,-0.34987876,0.0745344,-0.04200799,-0.03460672,-0.093816884,0.010463702,-0.084316745,0.083371736,-0.38666415,0.24288568,0.06624939,0.03244658,0.15230297,-0.09204942,0.08900554,0.28674096,-0.017926246,0.35324195,0.16290778,-0.099450685,0.06635986,-0.22118501,-0.07216541,0.4364234,-0.2637147,0.23007154,-0.020356514,-0.052060463,-0.038141657,-0.028420584,0.17262885,0.032225646,0.01687077,-0.1870508,-0.08210741,-0.10431122,0.09386608,0.09784288,0.16213451,0.028138377,0.17782079,-0.01748438,-0.09127615,0.091656744,0.19682106,0.2066526,0.2975667,-0.19677188,-0.16186439,0.03344078,-0.052612796,-0.21765009,-0.21046974,0.1405935,-0.07956668,0.17616378,-0.07481661,0.084807806,0.17903592,0.05067359,0.14401796,-0.29343024,-0.2640461,-0.28879064,0.12568049,-0.1893706,-0.17025986,-0.13413724,0.11408149,-0.04841506,-0.017926246,0.3357882,-0.22715022,0.057853926,-0.20196381,0.3092762,-0.15711431,0.2862991,-0.073270075,-0.03062992,0.02504531,-0.12739877,0.11419196,-0.21334188,0.05476086,-0.0565896,-0.048304595,0.039626915,0.20112926,-0.16440512,-0.04885693,-0.2607321,-0.36777437,0.02537671,-0.110607825,-0.08277021,-0.30072105,0.16334964,0.051446855,-0.117456764,-0.13004997,0.10148828,0.0027310308,-0.09646808,0.20455374,0.23437975,0.02769651,0.19052446,-0.15623058,0.03410358,0.07033666,-0.07349101,-0.17059125,-0.031292718,-0.11811956,0.06503426,0.072546,-0.17545179,-0.01880998,0.12877356,0.26486856,-0.09072381,-0.17136452,-0.17953905,-0.0014667046,0.15097737,0.06569706,-0.077688746,-0.09050288,-0.16495745,-0.003344639,0.08690667,0.09916848,0.18588486,0.27392682,-0.38500717,-0.102322824,-0.036042787,-0.021571647,-0.11259623,-0.16705632,-0.06697347,0.41819638,0.50568604,-0.041013792,-0.09028195,0.023388308,-0.26393563,0.07133087,0.15395997,-0.26029024,-0.017705312,0.18102431,-0.021350715,0.18919885,0.28176996,0.13219804,-0.15689339,-0.2584123,0.13418643,-0.3559544,0.21140267,-0.020798381,0.040621117,0.14666916,0.15395997,-0.17390525,0.30209586,-0.0522814,0.05266199,0.18400691,0.10193015,0.16102985,-0.1262941,-0.1910276,0.15197158,0.11971529,0.20344907,0.13120383,-0.10309609,0.23040295,0.11408149,0.05266199,0.19814666,-0.14363737,0.10237201,0.16235544,0.13054103,-0.009530775,-0.19312647,-0.08663655,0.1266747,-0.21256861,0.16368105,-0.05150813,-0.0058853733,0.018638238,0.11397102,-0.1385559,-0.124526635,-0.070618875,0.23250182,0.15672164,0.032557044,-0.020466981,0.022615042,-0.16020739,-0.08387488,0.05431899,-0.3028199,-0.012513377,0.06415053,0.06105746,0.0009635632,0.13838416,0.18058245,-0.0082051745,-0.10243329,-0.1883764,-0.15578872,0.07928447,-0.037920725,0.11562802,0.1303201,-0.01207151,-0.11182296,0.05564459,-0.025990317,0.15440184,-0.058578,-0.13943964,-0.23477241,-0.16738772,0.1907454,-0.006879574,-0.11889283,0.21571086,-0.2597379,0.26895583,-0.1415385,0.03498731,0.5695358,-0.6056092,-0.71209913,-0.40323418,0.592071,-0.8893982,0.39742863,0.5874314,0.30529937,-0.42168212,0.7131425,0.31214833,-0.93038136,0.37356782,0.82526624,-0.06266527,1.1500384,0.4997208,-0.6779649,0.22708894,-0.11215436,-0.6125686,0.4041671,-0.49138662,0.2909387,-0.58760315,-0.029635718,0.382847,-0.20019634,0.07806934,0.35048026,-0.72955287,-0.43051946,-0.07117121,0.10347668,0.4765228,0.21317014,-0.092712216,-0.56363183,0.42228365,-0.4996716,-0.19898121,-0.14838745,0.036644313,0.084145,-0.32237253,-0.5262941,-0.4150541,0.27547336,-0.024554249,-0.12684643,0.14169817,-0.28282544,0.8102428,0.86138886,0.19416986,0.1967106,-0.4958053,0.68552583,0.017533572,-0.9223173,0.6194667,-0.7752861,-0.11138109,0.051888723,0.3836203,0.32805553,0.29303756,0.78737617,-0.5956672,-0.07349101,0.33523586,-0.13016044,-0.23885968,-0.14794558,-0.49061334,0.049789853,0.30010745,0.2660837,-0.2756451,0.48801133,0.13043056,0.77699226,-0.2690171,0.5654485,-0.13214883,0.30596218,-0.14407924,-0.41847858,-0.57755065,-0.42477518,-0.053275596,-0.33750647,0.32628804,-0.04112426,-0.42201352,-0.16009691,-0.49138662,0.27127564,-0.09160755,0.09397654,0.3250729,0.13882603,-0.3878793,0.20344907,0.24840902,-0.04112426,0.06205166,-0.7576114,-0.5130381,0.21957721,0.087459005,-0.6565344,0.028580245,0.46337727,-0.32159927,0.75158495,-0.1877136,-0.043223124,-0.21996988,0.13473876,0.08558107,-0.30613393,-0.09061335,-1.0583018,-0.5142532,-0.38235596,-0.5246371,
0,0,0,0,0,0,0,0,0,0,0,1,0,0,0,0,0,0,0,0,1,0,1,0,0,0,0,0,0,0,0,0,0,0,0,0,0,0,0,0,0,0,0,0,0,0,0,0,0,0,0,0,0,0,0,0,0,0,0,0,0,0,0,0,0,0,0,0,0,0,0,0,0,0,0,0,0,0,0,0,0,0,0,0,0,0,0,0,0,0,0,0,0,0,0,0,0,0,0,0,0,0,0,0,0,0,0,0,0,0,0,0,0,0,0,0,0,0,0,0,0,0,0,0,0,0,0,0,0,0,0,0,0,0,0,0,0,0,0,0,0,0,0,0,0,0,0,0,0,0,0,0,0,0,0,0,0,0,0,0,0,0,0,0,0,0,0,0,0,0,0,0,0,0,0,0,0,0,0,0,0,0,0,0,0,0,0,0,0,0,0,0,0,0,0,0,0,0,0,0,0,0,0,0,0,0,0,0,0,0,0,1,0,0,0,0,0,0,0,0,0,0,0,0,0,0,0,0,0,0,0,0,0,0,0,0,0,0,0,0,0,0,0,0,0,0,0,0,0,0,0,0,0,0,0,0,0,0,0,0,0,0,0,0,0,0,0,0,0,0,0,0,0,0,0,0,0,0,0,0,0,0,0,0,0,0,0,0,0,0,0,0,0,0,0,0,0,0,0,0,0,0,0,0,0,0,0,0,0,0,0,0,0,0,0,0,0,0,0,0,0,0,0,0,0,0,0,0,0,0,0,0,0,0,0,0,0,0,0,0,0,0,0,0,0,0,0,0,0,0,0,0,0,0,0,0,0,0,0,0,0,0,0,0,0,0,0,0,0,0,0,0,0,0,0,0,0,0,0,0,0,0,0,0,0,0,0,0,0,0,0,0,0,0,0,0,0,0,0,0,0,0,0,0,0,0,0,0,0,0,0,0,0,0,0,0,0,0,0,0,0,0,0,0,0,0,0,0,0,0,0,0,0,0,0,0,0,0,0,0,0,0,0,0,0,0,0,0,0,0,0,0,0,0,0,0,0,0,0,0,0,0,0,0,0,0,0,0,0,0,0,0,0,0,0,0,0,0,0,0,0,0,0,0,0,0,0,0,0,0,0,0,0,0,0,0,0,0,0,0,0,0,0,0,0,0,0,0,0,0,0,0,0,0,0,0,0,0,0,0,0,0,0,0,0,0,0,0,0,0,0,0,0,0,0,0,0,0,0,0,0,0,0,0,0,0,0,0,0,0,0,0,0,0,0,0,0,0,0,0,0,0,0,0,0,0,0,0,0,0,0,0,0,0,0,0,0,0,0,0,0,0,0,0,0,0,0,0,0,0,0,0,0,0,0,0,0,0,0,0,0,0,0,0,0,0,0,0,0,0,0,0,0,0,0,0,0,0,0,0,0,0,0,0,0,0,0,0,0,0,0,0,0,0,0,0,0,0,0,0,0,0,0,0,0,0,0,0,0,0,0,0,0,0,0,0,0,0,0,0,0,0,0,0,0,0,0,0,0,0,0,0,0,0,0,0,0,0,0,0,0,0,0,0,0,0,0,0,0,0,0,0,0,0,0,0,0,0,0,0,0,0,0,0,0,0,0,0,0,0,0,0,0,0,0,0,0,0,0,0,0,0,0,0,0,0,0,0,0,0,0,0,0,0,0,0,0,0,0,0,0,0,0,0,0,0,0,0,0,0,0,0,0,0,0,0,0,0,0,0,0,0,0,0,0,0,0,0,0,0,0,0,0,0,0,0,0,0,0,0,0,0,0,0,0,0,0,0,0,0,0,0,0,0,0,0,0,0,0,0,0,0,0,0,0,0,0,0,0,0,0,0,0,0,0,0,0,0,0,0,0,0,0,0,0,0,0,0,0,0,0,0,0,0,0,0,0,0,0,0,0,0,0,0,0,0,0,0,0,0,0,0,0,0,0,0,0,0,0,0,0,0,0,0,0,0,0,0,0,0,0,0,0,0,0,0,0,0,0,0,0,0,0,0,0,0,0,0,0,0,0,0,0,0,0,0,0,0,0,0,0,0,0,0,0,0,0,0,0,0,0,0,0,0,0,0,0,0,0,0,0,0,0,0,0,0,0,0,0,0,0,0,0,0,0,0,0,0,0,0,0,0,0,0,0,0,0,0,0,0,0,0,0,0,0,0,0,0,0,0,0,0,0,0,0,0,0,0,0,0,0,0,0,0,0,0,0,0,0,0,0,0,0,0,0,0,0,0,0,0,0,0,0,0,0,0,0,0,0,0,0,0,0,0,0,0,0,0,0,0,0,0,0,0,0,0,0,0,0,0,0,0,0,0,0,0,0,0,0,0,0,0,0,0,0,0,0,0,0,0,0,0,0,0,0,0,0,0,0,0,0,0,0,0,0,0,0,0,0,0,0,0,0,0,0,0,0,0,0,0,0,0,0,0,0,0,0,0,0,0,0,0,0,0,0,0,0,0,0,0,0,0,0,0,0,0,0,0,0,0,0,0,0,0,0,0,0,0,0,0,0,0,0,0,0,0,0,0,0,0,0,0,0,0,0,0,0,0,0,0,0,0,0,0,0,0,0,0,0,0,0,0,0,0,0,0,0,0,0,0,0,0,0,0,0,0,0,0,0,0,0,0,0,0,0,0,0,0,0,0,0,0,0,0,0,0,0,0,0,0,0,0,0,0,0,0,0,0,0,0,0,0,0,0,0,0,0,0,0,0,0,0,0,0,0,0,0,0,0,0,0,0,0,0,0,0,0,0,0,0,0,0,0,0,0,0,0,0,0,0,0,0,0,0,0,0,0,0,0,0,0,0,0,0,0,0,0,0,0,0,0,0,0,0,0,0,0,0,0,0,0,0,0,0,0,0,0,0,0,0,0,0,0,0,0,0,0,0,0,0,0,0,0,0,0,0,0,0,0,0,0,0,0,0,0,0,0,0,0,0,0,0,0,0,0,0,0,0,0,0,0,0,0,0,0,0,0,0,0,0,0,0,0,0,0,0,0,0,0,0,0,0,0,0,0,0,0,0,0,0,0,0,0,0,0,0,0,0,0,0,0,0,0,0,0,0,0,0,0,0,0,0,0,0,0,0,0,0,0,0,0,0,0,0,0,0,0,0,0,0,0,0,0,0,0,0,0,0,0,0,0,0,0,0,0,0,0,0,0,0,0,0,0,0,0,0,0,0,0,0,0,0,0,0,0,0,0,0,0,0,0,0,0,0,0,0,0,0,0,0,0,0,0,0,0,0,0,0,0,0,0,0,0,0,0,0,0,0,0,0,0,0,0,0,0,0,0,0,0,0,0,0,0,0,0,0,0,0,0,0,0,0,0,0,0,0,0,0,0,0,0,0,0,0,0,0,0,0,0,0,0,0,0,0,0,0,0,0,0,0,0,0,0,0,0,0,0,0,0,0,0,0,0,0,0,0,0,0,0,0,0,0,0,0,0,0,0,0,0,0,0,0,0,0,0,0,0,0,0,0,0,0,0,0,0,0,0,0,0,0,0,0,0,0,0,0,0,0,0,0,0,0,0,0,0,0,0,0,0,0,0,0,0,0,0,0,0,0,0,0,0,0,0,0,0,0,0,0,0,0,0,0,0,0,0,0,0,0,0,0,0,0,0,0,0,0,0,0,0,0,0,0,0,0,0,0,0,0,0,0,0,0,0,0,0,0,0,0,0,0,0,0,0,0,0,0,0,0,0,0,0,0,0,0,0,0,0,0,0,0,0,0,0,0,0,0,0,0,0,0,0,0,0,0,0,0,0,0,0,0,0,0,0,0,0,0,0,0,0,0,0,0,0,0,0,0,0,0,0,0,0,0,0,0,0,0,0,0,0,0,0,0,0,0,0,0,0,0,0,0,0,0,0,0,0,0,0,0,0,0,0,0,0,0,0,0,0,0,0,0,0,0,0,0,0,0,0,0,0,0,0,0,0,0,0,0,0,0,0,0,0,0,0,0,0,0,0,0,0,0,0,0,0,0,0,0,0,0,0,0,0,0,0,0,0,0,0,0,0,0,0,0,0,0,0,0,0,0,0,0,0,0,0,0,0,0,0,0,0,0,0,0,0,0,0,0,0,0,0,0,0,0,0,0,0,0,0,0,0,0,0,0,0,0,0,0,0,0,0,0,0,0,0,0,0,0,0,0,0,0,0,0,0,0,0,0,0,0,0,0,0,0,0,0,0,0,0,0,0,0,0,0,0,0,0,0,0,0,0,0,0,0,0,0,0,0,0,0,0,0,0,0,0,0,0,0,0,0,0,0,0,0,0,0,0,0,0,0,0,0,0,0,0,0,0,0,0,0,0,0,0,0,0,0,0,0,0,0,0,0,0,0,0,0,0,0,0,0,0,0,0,0,0,0,0,0,0,0,0,0,0,0,0,0,0,0,0,0,0,0,0,0,0,0,0,0,0,0,0,0,0,0,0,0,0,0,0,0,0,0,0,0,0,0,0,0,0,0,0,0,0,0,0,0,0,0,0,0,0,0,0,0,0,0,0,0,0,0,0,0,0,0,0,0,0,0,0,0,0,0,0,0,0,0,0,0,0,0,0,0,0,0,0,0,0,0,0,0,0,0,0,0,0,0,0,0,0,0,0,0,0,0,0,0,0,0,0,0,0,0,0,0,0,0,0,0,0,0,0,0,0,0,0,0,0,0,0,0,0,0,0,0,0,0,0,0,0,0,0,0,0,0,0,0,0,0,0,0,0,0,0,0,0,0,0,0,0,0,0,0,0,0,0,0,0,0,0,0,0,0,0,0,0,0,0,0,0,0,0,0,0,0,0,0,0,0,0,0,0,0,0,0,0,0,0,0,0,0,0,0,0,0,0,0,0,0,0,0,0,0,0,0,0,0,0,0,0,0,0,0,0,0,0,0,0,0,0,0,0,0,0,0,0,0,0,0,0,0,0,0,0,0,0,0,0,0,0,0,0,0,0,0,0,0,0,0,0,0,0,0,0,0,0,0,0,0,0,0,0,0,0,0,0,0,0,0,0,0,0,0,0,0,0,0,0,0,0,0,0,0,0,0,0,0,0,0,0,0,0,0,0,0,0,0,0,0,0,0,0,0,0,0,0,0,0,0,0,0,0,0,0,0,0,0,0,0,0,0,0,0,0,0,0,0,0,0,0,0,0,0,0,0,0,0,0,0,0,0,0,0,0,0,0,0,0,0,0,0,0,0,0,0,0,0,0,0,0,0,0,0,0,0,0,0,0,0,0,0,0,0,0,0,0,0,0,0,0,0,0,0,0,0,0,0,0,0,0,0,0,0,0,0,0,0,0,0,0,0,0,0,0,0,0,0,0,0,0,0,0,0,0,0,0,0,0,0,0,0,0,0,0,0,0,0,0,0,0,0,0,0,0,0,0,0,0,0,0,0,0,0,0,0,0,0,0,0,0,0,0,0,0,0,0,0,0,0,0,0,0,0,0,0,0,0,0,0,0,0,0,0,0,0,0,0,0,0,0,0,0,0,0,0,0,0,0,0,0,0,0,0,0,0,0,0,0,0,0,0,0,0,0,0,0,0,0,0,0,0,0,0,0,0,0,0,0,0,0,0,0,0,0,0,0,0,0,0,0,0,0,0,0,0,0,0,0,0,0,0,0,0,0,0,0,0,0,0,0,0,0,0,0,0,0,0,0,0,0,0,0,0,0,0,0,0,0,0,0,0,0,0,0,0,0,0,0,0,0,0,0,0,0,0,0,0,0,0,0,0,0,0,0,0,0,0,0,0,0,0,0,0,0,0,0,0,0,0,0,0,0,0,0,0,0,0,0,0,0,0,0,0,0,0,0,0,0,0,0,0,0,0,0,0,0,0,0,0,0,0,0,0,0,0,0,0,0,0,0,0,0,0,0,0,0,0,0,0,0,0,0,0,0,0,0,0,0,0,0,0,0,0,0,0,0,0,0,0,0,0,0,0,0,0,0,0,0,0,0,0,0,0,0,0,0,0,0,0,0,0,0,0,0,0,0,0,0,0,0,0,0,0,0,0,0,0,0,0,0,0,0,0,0,0,0,0,0,0,0,0,0,0,0,0,0,0,0,0,0,0,0,0,0,0,0,0,0,0,0,0,0,0,0,0,0,0,0,0,0,0,0,0,0,0,0,0,0,0,0,0,0,0,0,0,0,0,0,0,0,0,0,0,0,0,0,0,0,0,0,0,0,0,0,0,0,0,0,0,0,0,0,0,0,0,0,0,0,0,0,0,0,0,0,0,0,0,0,0,0,0,0,0,0,0,0,0,0,0,0,0,0,0,0,0,0,0,0,0,0,0,0,0,0,0,0,0,0,0,0,0,0,0,0,0,0,0,0,0,0,0,0,0,0,0,0,0,0,0,0,0,0,0,0,0,0,0,0,0,0,0,0,0,0,0,0,0,0,0,0,0,0,0,0,0,0,0,0,0,0,0,0,0,0,0,0,0,0,0,0,0,0,0,0,0,0,0,0,0,0,0,0,0,0,0,0,0,0,0,0,0,0,0,0,0,0,0,0,0,0,0,0,0,0,0,0,0,0,0,0,0,0,0,0,0,0,0,0,0,0,0,0,0,0,0,0,0,0,0,0,0,0,0,0,0,0,0,0,0,0,0,0,0,0,0,0,0,0,0,0,0,0,0,0,0,0,0,0,0,0,0,0,0,0,0,0,0,0,0,0,0,0,0,0,0,0,0,0,0,0,0,0,0,0,0,0,0,0,0,0,0,0,0,0,0,0,0,0,0,0,0,0,0,0,0,0,0,0,0,0,0,0,0,0,0,0,0,0,0,0,0,0,0,0,0,0,0,0,0,0,0,0,0,0,0,0,0,0,0,0,0,0,0,0,0,0,0,0,0,0,0,0,0,0,0,0,0,0,0,0,0,0,0,0,0,0,0,0,0,0,0,0,0,0,0,0,0,0,0,0,0,0,0,0,0,0,0,0,0,0,0,0,0,0,0,0,0,0,0,0,0,0,0,0,0,0,0,0,0,0,0,0,0,0,0,0,0,0,0,0,0,0,0,0,0,0,0,0,0,0,0,0,0,0,0,0,0,0,0,0,0,0,0,0,0,0,0,0,0,0,0,0,0,0,0,0,0,0,0,0,0,0,0,0,0,0,0,0,0,0,0,0,0,0,0,0,0,0,0,0,0,0,0,0,0,0,0,0,0,0,0,0,0,0,0,0,0,0,0,0,0,0,0,0,0,0,0,0,0,0,0,0,0,0,0,0,0,0,0,0,0,0,0,0,0,0,0,0,0,0,0,0,0,0,0,0,0,0,0,0,0,0,0,0,0,0,0,0,0,0,0,0,0,0,0,0,0,0,0,0,0,0,0,0,0,0,0,0,0,0,0,0,0,0,0,0,0,0,0,0,0,0,0,0,0,0,0,0,0,0,0,0,0,0,0,0,0,0,0,0,0,0,0,0,0,0,0,0,0,0,0,0,0,0,0,0,0,0,0,0,0,0,0,0,0,0,0,0,0,0,0,0,0,0,0,0,0,0,0,0,0,0,0,0,0,0,0,0,0,0,0,0,0,0,0,0,0,0,0,0,0,0,0,0,0,0,0,0,0,0,0,0,0,0,0,0,0,0,0,0,0,0,0,0,0,0,0,0,0,0,0,0,0,0,0,0,0,0,0,0,0,0,0,0,0,0,0,0,0,0,0,0,0,0,0,0,0,0,0,0,0,0,0,0,0,0,0,0,0,0,0,0,0,0,0,0,0,0,0,0,0,0,0,0,0,0,0,0,0,0,0,0,0,0,0,0,0,0,0,0,0,0,0,0,0,0,0,0,0,0,0,0,0,0,0,0,0,0,0,0,0,0,0,0,0,0,0,0,0,0,0,0,0,0,0,0,0,0,0,0,0,0,0,0,0,0,0,0,0,0,0,0,0,0,0,0,0,0,0,0,0,0,0,0,0,0,0,0,0,0,0,0,0,0,0,0,0,0,0,0,0,0,0,0,0,0,0,0,0,0,0,0,0,0,0,0,0,0,0,0,0,0,0,0,0,0,0,0,0,0,0,0,0,0,0,0,0,0,0,0,0,0,0,0,0,0,0,0,0,0,0,0,0,0,0,0,0,0,0,0,0,0,0,0,0,0,0,0,0,0,0,0,0,0,0,0,0,0,0,0,0,0,0,0,0,0,0,0,0,0,0,0,0,0,0,0,0,0,0,0,0,0,0,0,0,0,0,0,0,0,0,0,0,0,0,0,0,0,0,0,0,0,0,0,0,0,0,0,0,0,0,0,0,0,0,0,0,0,0,0,0,0,0,0,0,0,0,0,0,0,0,0,0,0,0,0,0,0,0,0,0,0,0,0,0,0,0,0,0,0,0,0,0,0,0,0,0,0,0,0,0,0,0,0,0,0,0,0,0,0,0,0,0,0,0,0,0,0,0,0,0,0,0,0,0,0,0,0,0,0,0,0,0,0,0,0,0,0,0,0,0,0,0,0,0,0,0,0,0,0,0,0,0,0,0,0,0,0,0,0,0,0,0,0,0,0,0,0,0,0,0,0,0,0,0,0,0,0,0,0,0,0,0,0,0,0,0,0,0,0,0,0,0,0,0,0,0,0,0,0,0,0,0,0,0,0,0,0,0,0,0,0,0,0,0,0,0,0,0,0,0,0,0,0,0,0,0,0,0,0,0,0,0,0,0,0,0,0,0,0,0,0,0,0,0,0,0,0,0,0,0,0,0,0,0,0.23941822,-0.19199672,-0.6530884,-0.61790025,0.35456395,-0.49622566,-0.36912444,-0.15663901,-0.69887537,-0.14799036,-0.0015568694,-0.78705764,-0.67996705,-0.338515,0.34761113,-0.15358655,0.24348818,0.36567155,-0.17173176,-0.16240478,-0.15926751,-0.7552612,-0.23820764,-0.25533536,-0.5439628,0.41713947,0.22627567,0.048215255,0.09349348,-0.27975506,-0.48003063,0.39924863,-0.5685521,0.24365775,0.08331859,-0.2856056,0.29173407,0.011076941,0.10621208,-0.033777326,-0.10186423,0.045841116,0.06008595,-0.15256906,-0.2213343,0.062036134,-0.22803275,0.50277805,-0.1621504,-0.034031697,-0.1549432,-0.42339048,0.004039315,0.4914161,0.31717128,-0.036236256,-0.06455634,-0.25830302,0.19753163,0.2661273,-0.1968298,0.0076005235,0.0029370363,-0.2993417,-0.4865595,-0.3711594,-0.057518713,-0.16969678,-0.06464113,0.6293705,0.73993754,0.3243785,-0.28619915,0.3259047,-0.034031697,-0.057264343,-0.41287643,-0.10627335,-0.3140105,0.21932283,0.119863376,0.062968835,0.1695507,-0.054127086,0.021760566,0.17836894,-0.0267397,-0.23261145,-0.30247897,-0.21870579,-0.07074606,0.014214196,-0.35360774,0.100955054,0.12681621,-0.24482131,-0.27407408,-0.18266974,0.0705152,0.5491586,0.08289464,0.03625977,0.5205841,0.27197784,-0.4294106,-0.08100573,-0.39829242,-0.08744982,-0.1975929,0.059577204,0.07636576,0.08484483,-0.29552615,0.012518383,0.31556025,0.05016544,0.087388545,-0.022754537,-0.09965968,0.018877683,0.56170756,-0.22269094,0.025576146,0.46945533,0.17938642,-0.036066674,0.17819935,-0.46688807,-0.095674515,-0.32884887,0.008533221,0.45164928,-0.21997765,0.22127302,-0.2394795,0.33251837,-0.19538835,-0.24753462,-0.08439735,0.30606368,-0.13094744,-0.38455635,-0.08244717,0.24035092,-0.30366603,-0.19004653,-0.6393523,-0.067778386,0.19609019,-0.17563212,-0.14502269,-0.045478437,-0.08516047,-0.17376673,-0.11636344,0.06686921,-0.19521877,0.05491372,0.19066359,0.11138431,0.3568533,-0.007153054,-0.51292944,0.43570864,-0.3249485,0.1850674,0.18159099,-0.008000961,-0.33274925,0.08179236,-0.2239628,-0.22752401,-0.040899742,-0.23422247,-0.19877997,0.0055655474,0.029052563,-0.024704723,0.06771711,-0.5011435,-0.028774675,0.07314371,-0.09482661,-0.49758232,-0.010629471,0.12528998,0.036514144,0.06093386,-0.12713185,-0.05361834,0.36745214,0.0042088963,-0.06921983,-0.16825533,-0.48053938,-0.03437086,-0.23371373,-0.14018962,0.350494,-0.07727494,0.5966413,0.095019706,-0.25355476,0.10044631,0.32471764,0.16802448,0.14580932,-0.118567996,-0.51004654,-0.28136608,-0.667418,-0.015123377,0.22932814,0.21092856,0.22525819,-0.026061375,-0.08024261,0.32853323,-0.31239948,-0.081853636,-0.16020022,0.15216862,-0.14620976,-0.20615676,-0.35920393,0.41569802,-0.20395221,-0.21226169,-0.35903436,-0.21005714,0.2805417,0.0823011,0.4061167,-0.12797976,-0.4095696,0.06330799,0.5634882,0.3933133,-0.02809635,-0.09601368,-0.27551553,-0.30705768,-0.17707357,-0.22752401,-0.14442915,-0.21234648,-0.07405289,0.1433504,0.09646115,0.07517869,-0.06964378,0.24297944,-0.43339577,0.111977845,-0.2647471,0.01853852,0.39924863,0.08450566,0.24102925,0.059492417,0.23399162,-0.21700998,0.084166504,-0.10245777,0.40916914,0.08942352,-0.023432864,-0.30417478,0.4214638,0.24916916,0.07348288,0.28350937,0.2378072,-0.1849591,0.30190894,0.037870795,0.1641241,-0.24193843,-0.5185256,-0.22269094,0.66769594,0.2205099,0.13037741,-0.112632655,-0.36429137,-0.06209741,0.35371605,0.23085436,-0.027333234,0.015146893,-0.5628711,0.1987187,-0.21200731,-0.111954324,0.050250232,-0.11483721,0.16302183,0.24916916,-0.3240158,-0.38905025,0.31267735,-0.35903436,-0.12747101,-0.30561623,-0.43000415,-0.19937351,-0.17707357,0.34362596,0.49997997,-0.42839313,0.11808277,-0.069558986,-0.1322193,0.40187716,0.11791319,0.19575103,0.2588353,-0.052431274,-0.25821823,0.23738325,-0.4395007,0.26197255,-0.015208168,0.2633292,-0.21446624,0.21567683,-0.06888066,-0.15290822,0.018792892,-0.046835087,-0.28840372,-0.20632635,-0.40176883,0.06229051,-0.08448215,-0.47765648,-0.24736503,-0.6524101,-0.185807,-0.030979233,0.20838484,-0.09160456,-0.29908735,0.11214742,0.09951361,-0.28721663,0.27409762,0.29817817,-0.15850441,0.4987081,0.20719777,-0.24473652,-0.14960138,0.18905257,-0.7037932,0.082470685,-0.13654362,-0.30536184,0.19617498,-0.029113838,-0.28992996,0.24586232,-0.21158336,0.49031383,0.42816225,-0.06303011,-0.13832423,-0.08482131,0.19337688,0.14360476,-0.36734384,-0.1294212,0.083403386,0.07017604,0.2595984,0.030239632,0.17429899,-0.29001474,0.019216845,-0.17291883,0.19676852,-0.12865809,0.13105574,-0.14442915,-0.3975293,-0.2574551,-0.19199672,0.006159082,-0.09380912,0.023286797,-0.27534595,0.39221102,-0.049209226,-0.55897075,0.10256608,-0.021313095,0.009041965,0.0009868508,0.4848872,0.3842407,-0.027333234,-0.19445565,0.1469116,-0.182161,0.19185066,-0.09016312,0.054828927,0.40713418,-0.13544135,-0.1139893,-0.15019491,-0.24651712,-0.08354945,0.3997574,-0.31248426,-0.08032741,-0.11788967,-0.011138216,-0.087025866,-0.28348586,-0.064132385,-0.27229348,0.15979978,-0.22871108,0.22568214,-0.45747632,-0.31341696,0.031002749,-0.3420762,-0.06498029,0.16904196,0.07450037,-0.37684038,0.3342142,0.12885119,-0.007577007,-0.2385468,0.10917975,0.14538537,-0.03284463,-0.24304071,-0.3102797,0.094256595,0.114012815,-0.054890204,-0.09847261,0.09934403,-0.4021928,-0.3885415,-0.012494866,0.06279925,0.028289447,-0.026485328,0.028204657,-0.10941061,0.2506106,-0.31774127,0.062205717,0.087642916,0.2077913,0.012009638,-0.31638464,-0.040899742,0.15284695,0.2712995,0.0605099,0.35702288,-0.11695698,-0.053703133,0.17997997,-0.16935761,-0.10245777,0.29224283,0.19252898,0.14623328,-0.1594371,-0.13645883,0.17667313,-0.12569042,-0.27899194,-0.37217692,0.14716597,-0.05192253,-0.26381442,0.4023859,0.2731649,-0.18156748,0.17429899,0.05372665,0.3660107,0.3259895,-0.017412726,0.042364698,0.32751572,-0.07532475,-0.49520817,0.12291584,-0.34919864,0.024473866,-0.030979233,0.18176056,-0.5733852,-0.32800096,-0.16698347,0.27748924,-0.048700485,-0.24109052,-0.15596068,0.049317535,0.11180826,-0.029029047,0.2557828,-0.03428607,-0.11483721,0.045162793,-0.15808046,-0.004609334,-0.2976459,0.30428308,-0.049887553,-0.193099,0.28122002,-0.22370844,-0.2577943,-0.006474728,-0.1259448,0.3187823,-0.028944258,-0.12602958,0.15615378,-0.14739683,0.26019195,0.13766941,-0.24736503,-0.016395237,0.0070069884,-0.10110112,0.22890417,-0.21022671,-0.2921345,0.06000116,-0.15825003,-0.09601368,-0.0721875,0.03498791,-0.013257982,-0.012834029,0.15844314,0.0076005235,-0.18182184,0.2586657,0.047112975,-0.5123359,0.06822585,-0.07540955,-0.29917213,-0.38888067,0.1687028,0.017521031,0.01099215,0.4151893,0.28028733,0.061103437,-0.025298258,-0.19326858,-0.18911384,0.23382203,-0.5504917,-0.39074606,0.15403402,-0.12390981,-0.00545724,-0.11568511,-0.007831379,0.06254488,-0.30298772,-0.12340107,-0.12645353,-0.30799037,-0.13595009,-0.047598206,-0.11568511,0.047876094,0.1250356,0.13860211,-0.13077785,-0.20106933,-0.42440796,0.13436258,-0.53268564,-0.0050332868,0.1732815,0.041771166,0.18939173,-0.1612177,0.19269857,-0.3002744,0.27884588,0.27062118,-0.025128676,0.3023329,-0.23685099,-0.20242597,0.208724,-0.007153054,0.23585701,0.3949243,0.039566606,-0.07922512,-0.03971267,0.09264557,0.23933344,0.09154329,0.02616968,-0.10966498,0.27748924,-0.3148584,-0.19598189,-0.11890716,0.10748394,-0.21124421,0.7189095,0.14368956,-0.2667821,-0.01300361,-0.15112762,0.2804569,0.17031382,0.16353057,-0.013681935,-0.07456164,-0.22557382,0.063223206,-0.08202322,0.14496142,-0.33368194,0.09646115,0.2387399,0.10002235,-0.030216116,-0.11695698,-0.41669202,0.13860211,0.2541718,-0.25143498,-0.16469413,0.35371605,-0.11746572,-0.122214,-0.47434965,0.15098155,0.30538538,0.3032656,0.02744154,0.052709162,0.23823115,-0.20573281,-0.15502799,0.058390137,0.059577204,0.39390683,0.12834243,0.1005311,0.20796089,0.34633926,-0.1948796,-0.14247897,-0.16562682,0.22246009,-0.12416418,-0.1621504,0.16090205,-0.007577007,0.06949771,-0.017497515,-0.19530356,0.15572983,-0.10381442,-0.11636344,-0.30061358,0.3106424,0.08806687,0.051013347,-0.34690928,-0.25558972,-0.2340529,-0.27068245,-0.03962788,0.06407111,-0.30392042,0.066699624,0.0951045,0.24391213,-0.07430727,0.17005946,-0.14705767,-0.035133976,-0.62790555,-0.06803276,0.066699624,-0.035049185,-0.29535654,-0.32935762,-0.18233058,0.13037741,0.22271445,0.36796087,0.28274626,-0.1366284,-0.009018448,-0.108477905,-0.25321558,-0.030470489,0.44181356,0.16420889,-0.07625745,-0.04293472,-0.24982396,0.08857562,0.14072189,-0.1803804,-0.048954856,0.13605839,-0.17826064,0.1096037,0.26002234,0.17845373,-0.30994055,0.010398615,-0.05845141,0.5170229,0.14572453,-0.062436573,-0.26457754,0.41680032,0.38568214,0.34676322,0.0063286633,0.19982098,-0.36106932,-0.21751872,-0.17758231,5.4153417e-05,-0.15731734,0.19100276,-0.09236768,0.044314884,-0.06116471,-0.47613028,-0.44806457,0.16768532,0.014807731,0.2604463,0.12910555,-0.10839312,-0.4022776,0.19439438,0.041516792,0.07806157,-0.103305675,0.24815166,-0.27924633,-0.07295062,-0.3447895,0.14224811,0.002513083,0.25298473,-0.21285522,-0.21455105,-0.12636875,0.12223751,-0.20149328,0.12495081,0.11698049,0.36211032,0.45656714,0.14733556,-0.10076196,0.058644507,0.16887239,-0.3105341,0.3533769,0.20109284,-0.21709476,0.03481833,-0.023517653,0.15886709,0.07178706,-0.028181141,-0.10729084,-0.14841431,-0.15070367,-0.2585574,0.04126242,-0.18707886,-0.10203382,-0.13442385,-0.10974977,-0.07685099,0.21092856,0.12427249,0.12859681,-0.31706297,0.05533767,-0.18046519,-0.20242597,-0.19852561,-0.04802216,0.072380595,-0.08295591,0.025915308,-0.73389393,0.24077487,0.3860213,-0.041662857,-0.01817584,-0.33368194,0.103159614,0.061696973,0.07255018,-0.023856817,0.13758463,0.18201494,0.2834246,-0.067863174,0.079503015,0.6181782,-0.058620993,0.12181356,-0.1366284,0.070599996,0.02464345,0.109518915,0.31267735,0.04007535,-0.13450864,0.23662013,0.071617484,0.18939173,0.20219512,0.01099215,-0.023432864,-0.004694124,0.35473353,0.24459046,0.12105045,-0.47994584,0.2222905,-0.11848321,0.1523382,0.2748607,-0.05353355,-0.44865808,-0.16325268,0.16548076,0.08925394,0.015570846,0.04626507,-0.08880647,-0.021567468,-0.04980276,0.0323594,0.15335569,-0.3358017,0.07585701,-0.24100573,-0.051668156,-0.11059768,-0.42160985,0.22822586,0.14589411,0.046519443,-0.20725904,-0.065319456,0.15725607,0.018199358,-0.27373493,-0.0018112414,0.101463795,-0.06803276,0.025152193,-0.06989815,-0.31723255,-0.13450864,0.27528468,0.020827869,-0.3257116,0.29351467,-0.23473123,0.108671,-0.33741271,0.23068479,0.07255018,-0.11051288,-0.10958019,0.04355177,0.050504602,0.07899427,-0.25813344,0.01472294,0.42587292,0.053133115,-0.052346483,-0.08499089,0.0360054,0.06288404,-0.14146148,0.04219512,-0.16367663,-0.037338533,-0.028605094,0.1869328,-0.20844612,-0.14739683,0.16437848,-0.05294002,0.28478125,-0.08049699,-0.07659662,-0.043952204,0.094765335,-0.14332688,-0.38981336,0.12715538,-0.19894956,0.12155919,0.32370016,0.22381674,-0.03284463,-0.10415358,-0.015123377,-0.18707886,-0.015801702,-0.029453,0.20126241,-0.4185574,0.25620678,0.018029775,-0.25796387,-0.2231997,0.34930694,-0.059977643,-0.11755051,0.075517856,-0.43254787,0.020912658,-0.276533,0.27155387,0.29563445,-0.020973934,0.18260847,0.07000646,0.16251308,-0.24193843,0.13190365,0.23212622,-0.2611859,-0.11788967,0.34074306,-0.19089444,-0.0877042,0.12791848,-0.47892836,-0.049633183,-0.0694742,0.31403401,0.23102395,-0.44814935,0.035072703,-0.31078845,-0.05056588,-0.15222989,0.19439438,0.28266147,-0.061673455,0.14648764,-0.018854167,0.32429367,-0.25965968,-0.045478437,-0.046326343,0.23840074,0.26714477,0.14894657,-0.081599265,-0.18470472,-0.48282874,0.17438377,0.028289447,-0.047852576,-0.014360261,-0.06735443,0.02990047,0.12885119,0.18744154,0.2959736,-0.38998294,-0.4412813,0.18778071,-0.121535674,0.076111384,-0.17113821,0.20253427,0.14521578,0.34014955,0.12181356,-0.29535654,0.25747862,0.16200434,-0.035218768,0.10443147,-0.0014720787,0.24170758,-0.006813891,-0.07846201,-0.02063477,-0.39973387,0.031765863,-0.03564272,0.08823645,-0.1412919,0.15098155,-0.25279164,-0.30442914,0.33591002,-0.90974975,-0.5264111,0.35566625,0.6618454,0.24085966,-0.31536716,-0.32299832,-0.23184834,-0.033353373,0.8231172,1.2900594,-0.9085627,-0.5972961,-0.32876408,-0.65274924,0.70271444,-0.23184834,-0.5168298,0.3667738,-0.07049169,0.26621208,0.22084907,-0.16087854,0.0073461514,0.49497733,0.7608809,-0.099066146,-0.24516048,-0.6505447,0.0096355,-0.136798,0.16819406,-0.038440812,0.44732496,-0.13493259,-0.78875345,0.4368109,-0.5840688,-0.026570117,-0.3521663,0.31216863,0.27087557,0.13249719,-0.33266446,-0.7027757,0.21525288,0.30131543,0.1596302,0.42383793,-0.25202852,0.31479713,0.12707058,0.18006475,0.12842724,-0.14205502,0.32124123,-0.74372965,0.6398846,0.23221102,-0.24880648,-0.41558972,-0.13781548,0.55433077,-0.04573281,0.32895717,0.63310134,-0.07803806,0.18362597,-0.16622035,-0.11738093,0.4568215,0.12986867,0.6456503,-0.8348796,0.15021844,0.014214196,0.22483423,0.17158568,0.0026826642,-0.08719545,0.014214196,0.11045161,-0.20183244,0.12995346,-0.56516045,-0.64299834,0.27324972,0.29809338,0.14640285,-0.40321028,0.8035306,0.020827869,-0.14637934,-0.1794477,0.137839,0.039227445,0.78224814,-0.08575401,0.32573512,0.30903137,-0.45255846,-0.34529826,-0.26279694,0.032952935,-0.36691988,-0.18080436,-0.28280753,-0.27076724,0.4605523,-0.19538835,0.34269327,-0.49834543,0.23670492,0.2798634,-0.15748692,0.29928043,-0.30010483,0.04465405,0.009211546,-0.071763545,0.12198314,0.05847493,-0.0039310083,-0.15867399,-0.36183244,0.2640923,-0.22531946,
0,0,0,0,0,0,0,0,0,0,0,0,0,0,0,0,0,0,0,0,0,0,0,0,0,0,0,0,0,0,0,0,0,0,0,0,0,0,0,0,0,0,0,0,0,0,0,0,0,0,0,0,0,0,0,0,0,0,0,0,0,0,0,0,0,0,0,0,0,0,0,0,0,0,0,0,0,0,0,0,0,0,0,0,0,0,0,0,0,0,0,0,0,0,0,0,0,0,0,0,0,0,0,0,0,0,0,0,0,0,0,0,0,0,0,0,0,0,0,0,0,0,0,0,0,0,0,0,0,0,0,0,0,0,0,0,0,0,0,0,0,0,0,0,0,0,0,0,0,0,0,0,0,0,0,0,0,0,0,0,0,0,0,0,0,0,0,0,0,0,0,0,0,0,0,0,0,0,0,0,0,0,0,0,0,0,0,0,0,0,0,0,0,0,0,0,0,0,0,0,0,0,0,0,0,0,0,0,0,0,0,0,0,0,0,0,0,0,0,0,0,0,0,0,0,0,0,0,0,0,0,0,0,0,0,0,0,0,0,0,0,0,0,0,0,0,0,0,0,0,0,0,0,0,0,0,0,0,0,0,0,0,0,0,0,0,0,0,0,0,0,0,0,0,0,0,0,0,0,0,0,0,0,0,0,0,0,0,0,0,0,0,0,0,0,0,0,0,0,0,0,0,0,0,0,0,0,0,0,0,0,0,0,0,0,0,0,0,0,0,0,0,0,0,0,0,0,0,0,0,0,0,0,0,0,0,0,0,0,0,0,0,0,0,0,0,0,0,0,0,0,0,0,0,0,0,0,0,0,0,0,0,0,0,0,0,0,0,0,0,0,0,0,0,0,0,0,0,0,0,0,0,0,0,0,0,0,0,0,0,0,0,0,0,0,0,0,0,0,0,0,0,0,0,0,0,0,0,0,0,0,0,0,0,0,0,0,0,0,0,0,0,0,0,0,0,0,0,0,0,0,0,0,0,0,0,0,0,0,0,0,0,0,0,0,0,0,0,0,0,0,0,0,0,0,0,0,0,0,0,0,0,0,0,0,0,0,0,0,0,0,0,0,0,0,0,0,0,0,0,0,0,0,0,0,0,0,0,0,0,0,0,0,0,0,0,0,0,0,0,0,0,0,0,0,0,0,0,0,0,0,0,0,0,0,0,0,0,0,0,0,0,0,0,0,0,0,0,0,0,0,0,0,0,0,0,0,0,0,0,0,0,0,0,0,0,0,0,0,0,0,0,0,0,0,0,0,0,0,0,0,0,0,0,0,0,0,0,0,0,0,0,0,0,0,0,0,1,0,0,0,0,0,0,0,0,0,0,0,0,0,0,0,0,0,0,0,0,0,0,0,0,0,0,0,0,0,0,0,0,0,0,0,0,0,0,0,0,0,0,0,0,0,0,0,0,0,0,0,0,0,0,0,0,0,0,0,0,0,0,0,0,0,0,0,0,0,0,0,0,0,0,0,0,0,0,0,0,0,0,0,0,0,0,0,0,0,0,0,0,0,0,0,0,0,0,0,0,0,0,0,0,0,0,0,0,0,0,0,0,0,0,0,0,0,0,0,0,0,0,0,0,0,0,0,0,0,0,0,0,0,0,0,0,0,0,0,0,0,0,0,0,0,0,0,0,0,0,0,0,0,0,0,0,0,0,0,0,0,0,0,0,0,0,0,0,0,0,0,0,0,0,0,0,0,0,0,0,0,0,0,0,0,0,0,0,0,0,0,0,0,0,0,0,0,0,0,0,0,0,0,0,0,0,0,0,0,0,0,0,0,0,0,0,0,0,0,0,0,0,0,0,0,0,0,0,0,0,0,0,0,0,0,0,0,0,0,0,0,0,0,0,0,0,0,0,0,0,0,0,0,0,0,0,0,0,0,0,0,0,0,0,0,0,0,0,0,0,0,0,0,0,0,0,0,0,0,0,0,0,0,0,0,0,0,0,0,0,0,0,0,0,0,0,0,0,0,0,0,0,0,0,0,0,0,0,0,0,0,0,0,0,0,0,0,0,0,0,0,0,0,0,0,0,0,0,0,0,0,0,0,0,0,0,0,0,0,0,0,0,0,0,0,0,0,0,0,0,0,0,0,0,0,0,0,0,0,0,0,0,0,0,0,0,0,0,0,0,0,0,0,0,0,0,0,0,0,0,0,0,0,0,0,0,0,0,0,0,0,0,0,0,0,0,0,0,0,0,0,0,0,0,0,0,0,0,0,0,0,0,0,0,0,0,0,0,0,0,0,0,0,0,0,0,0,0,0,0,0,0,0,0,0,0,0,0,0,0,0,0,0,0,0,0,0,0,0,0,0,0,0,0,0,0,0,0,0,0,0,0,0,0,0,0,0,0,0,0,0,0,0,0,0,0,0,0,0,0,0,0,0,0,0,0,0,0,0,0,0,0,0,0,0,0,0,0,0,0,0,0,0,0,0,0,0,0,0,0,0,0,0,0,0,0,0,0,0,0,0,0,0,0,0,0,0,0,0,0,0,0,0,0,0,0,0,0,0,0,0,0,0,0,0,0,0,0,0,0,0,0,0,0,0,0,0,0,0,0,0,0,0,0,0,0,0,0,0,0,0,0,0,0,0,0,0,0,0,0,0,0,0,0,0,0,0,0,0,0,0,0,0,0,0,0,0,0,0,0,0,0,0,0,0,0,0,0,0,0,0,0,0,0,0,0,0,0,0,0,0,0,0,0,0,0,0,0,0,0,0,0,0,0,0,0,0,0,0,0,0,0,0,0,0,0,0,0,0,0,0,0,0,0,0,0,0,0,0,0,0,0,0,0,0,0,0,0,0,0,0,0,0,0,0,0,0,0,0,0,0,0,0,0,0,0,0,0,0,0,0,0,0,0,0,0,0,0,0,0,0,0,0,0,0,0,0,0,0,0,0,0,0,0,0,0,0,0,0,0,0,0,0,0,0,0,0,0,0,0,0,0,0,0,0,0,0,0,0,0,0,0,0,0,0,0,0,0,0,0,0,0,0,0,0,0,0,0,0,0,0,0,0,0,0,0,0,0,0,0,0,0,0,0,0,0,0,0,0,0,0,0,0,0,0,0,0,0,0,0,0,0,0,0,0,0,0,0,0,0,0,0,0,0,0,0,0,0,0,0,0,0,0,0,0,0,0,0,0,0,0,0,0,0,0,0,0,0,0,0,0,0,0,0,0,0,0,0,0,0,0,0,0,0,0,0,0,0,0,0,0,0,0,0,0,0,0,0,0,0,0,0,0,0,0,0,0,0,0,0,0,0,0,0,0,0,0,0,0,0,0,0,0,0,0,0,0,0,0,0,0,0,0,0,0,0,0,0,0,0,0,0,0,0,0,0,0,0,0,0,0,0,0,0,0,0,0,0,0,0,0,0,0,0,0,0,0,0,0,0,0,0,0,0,0,0,0,0,0,0,0,0,0,0,0,0,0,0,0,0,0,0,0,0,0,0,0,0,0,0,0,0,0,0,0,0,0,0,0,0,0,0,0,0,0,0,0,0,0,0,0,0,0,0,0,0,0,0,0,0,0,0,0,0,0,0,0,0,0,0,0,0,0,0,0,0,0,0,0,0,0,0,0,0,0,0,0,0,0,0,0,0,0,0,0,0,0,0,0,0,0,0,0,0,0,0,0,0,0,0,0,0,0,0,0,0,0,0,0,0,0,0,0,0,0,0,0,0,0,0,0,0,0,0,0,0,0,0,0,0,0,0,0,0,0,0,0,0,0,0,0,0,0,0,0,0,0,0,0,0,0,0,0,0,0,0,0,0,0,0,0,0,0,0,0,0,0,0,0,0,0,0,0,0,0,0,0,0,0,0,0,0,0,0,0,0,0,0,0,0,0,0,0,0,0,0,0,0,0,0,0,0,0,0,0,0,0,0,0,0,0,0,0,0,0,0,0,0,0,0,0,0,0,0,0,0,0,0,0,0,0,0,0,0,0,0,0,0,0,0,0,0,0,0,0,0,0,0,0,0,0,0,0,0,0,0,0,0,0,0,0,0,0,0,0,0,0,0,0,0,0,0,0,0,0,0,0,0,0,0,0,0,0,0,0,0,0,0,0,0,0,0,0,0,0,0,0,0,0,0,0,0,0,0,0,0,0,0,0,0,0,0,0,0,0,0,0,0,0,0,0,0,0,0,0,0,0,0,0,0,0,0,0,0,0,0,0,0,0,0,0,0,0,0,0,0,0,0,0,0,0,0,0,0,0,0,0,0,0,0,0,0,0,0,0,0,0,0,0,0,0,0,0,0,0,0,0,0,0,0,0,0,0,0,0,0,0,0,0,0,0,0,0,0,0,0,0,0,0,0,0,0,0,0,0,0,0,0,0,0,0,0,0,0,0,0,0,0,0,0,0,0,0,0,0,0,0,0,0,0,0,0,0,0,0,0,0,0,0,0,0,0,0,0,0,0,0,0,0,0,0,0,0,0,0,0,0,0,0,0,0,0,0,0,0,0,0,0,0,0,0,0,0,0,0,0,0,0,0,0,0,0,0,0,0,0,0,0,0,0,0,0,0,0,0,0,0,0,0,0,0,0,0,0,0,0,0,0,0,0,0,0,0,0,0,0,0,0,0,0,0,0,0,0,0,0,0,0,0,0,0,0,0,0,0,0,0,0,0,0,0,0,0,0,0,0,0,0,0,0,0,0,0,0,0,0,0,0,0,0,0,0,0,0,0,0,0,0,0,0,0,0,0,0,0,0,0,0,0,0,0,0,0,0,0,0,0,0,0,0,0,0,0,0,0,0,0,0,0,0,0,0,0,0,0,0,0,0,0,0,0,0,0,0,0,0,0,0,0,0,0,0,0,0,0,0,0,0,0,0,0,0,0,0,0,0,0,0,0,0,0,0,0,0,0,0,0,0,0,0,0,0,0,0,0,0,0,0,0,0,0,0,0,0,0,0,0,0,0,0,0,0,0,0,0,0,0,0,0,0,0,0,0,0,0,0,0,0,0,0,0,0,0,0,0,0,0,0,0,0,0,0,0,0,0,0,0,0,0,0,0,0,0,0,0,0,0,0,0,0,0,0,0,0,0,0,0,0,0,0,0,0,0,0,0,0,0,0,0,0,0,0,0,0,0,0,0,0,0,0,0,0,0,0,0,0,0,0,0,0,0,0,0,0,0,0,0,0,0,0,0,0,0,0,0,0,0,0,0,0,0,0,0,0,0,0,0,0,0,0,0,0,0,0,0,0,0,0,0,0,0,0,0,0,0,0,0,0,0,0,0,0,0,0,0,0,0,0,0,0,0,0,0,0,0,0,0,0,0,0,0,0,0,0,0,0,0,0,0,0,0,0,0,0,0,0,0,0,0,0,0,0,0,0,0,0,0,0,0,0,0,0,0,0,0,0,0,0,0,0,0,0,0,0,0,0,0,0,0,0,0,0,0,0,0,0,0,0,0,0,0,0,0,0,0,0,0,0,0,0,0,0,0,0,0,0,0,0,0,0,0,0,0,0,0,0,0,0,0,0,0,0,0,0,0,0,0,0,0,0,0,0,0,0,0,0,0,0,0,0,0,0,0,0,0,0,0,0,0,0,0,0,0,0,0,0,0,0,0,0,0,0,0,0,0,0,0,0,0,0,0,0,0,0,0,0,0,0,0,0,0,0,0,0,0,0,0,0,0,0,0,0,0,0,0,0,0,0,0,0,0,0,0,0,0,0,0,0,0,0,0,0,0,0,0,0,0,0,0,0,0,0,0,0,0,0,0,0,0,0,0,0,0,0,0,0,0,0,0,0,0,0,0,0,0,0,0,0,0,0,0,0,0,0,0,0,0,0,0,0,0,0,0,0,0,0,0,0,0,0,0,0,0,0,0,0,0,0,0,0,0,0,0,0,0,0,0,0,0,0,0,0,0,0,0,0,0,0,0,0,0,0,0,0,0,0,0,0,0,0,0,0,0,0,0,0,0,0,0,0,0,0,0,0,0,0,0,0,0,0,0,0,0,0,0,0,0,0,0,0,0,0,0,0,0,0,0,0,0,0,0,0,0,0,0,0,0,0,0,0,0,0,0,0,0,0,0,0,0,0,0,0,0,0,0,0,0,0,0,0,0,0,0,0,0,0,0,0,0,0,0,0,0,0,0,0,0,0,0,0,0,0,0,0,0,0,0,0,0,0,0,0,0,0,0,0,0,0,0,0,0,0,0,0,0,0,0,0,0,0,0,0,0,0,0,0,0,0,0,0,0,0,0,0,0,0,0,0,0,0,0,0,0,0,0,0,0,0,0,0,0,0,0,0,0,0,0,0,0,0,0,0,0,0,0,0,0,0,0,0,0,0,0,0,0,0,0,0,0,0,0,0,0,0,0,0,0,0,0,0,0,0,0,0,0,0,0,0,0,0,0,0,0,0,0,0,0,0,0,0,0,0,0,0,0,0,0,0,0,0,0,0,0,0,0,0,0,0,0,0,0,0,0,0,0,0,0,0,0,0,0,0,0,0,0,0,0,0,0,0,0,0,0,0,0,0,0,0,0,0,0,0,0,0,0,0,0,0,0,0,0,0,0,0,0,0,0,0,0,0,0,0,0,0,0,0,0,0,0,0,0,0,0,0,0,0,0,0,0,0,0,0,0,0,0,0,0,0,0,0,0,0,0,0,0,0,0,0,0,0,0,0,0,0,0,0,0,0,0,0,0,0,0,0,0,0,0,0,0,0,0,0,0,0,0,0,0,0,0,0,0,0,0,0,0,0,0,0,0,0,0,0,0,0,0,0,0,0,0,0,0,0,0,0,0,0,0,0,0,0,0,0,0,0,0,0,0,0,0,0,0,0,0,0,0,0,0,0,0,0,0,0,0,0,0,0,0,0,0,0,0,0,0,0,0,0,0,0,0,0,0,0,0,0,0,0,0,0,0,0,0,0,0,0,0,0,0,0,0,0,0,0,0,0,0,0,0,0,0,0,0,0,0,0,0,0,0,0,0,0,0,0,0,0,0,0,0,0,0,0,0,0,0,0,0,0,0,0,0,0,0,0,0,0,0,0,0,0,0,0,0,0,0,0,0,0,0,0,0,0,0,0,0,0,0,0,0,0,0,0,0,0,0,0,0,0,0,0,0,0,0,0,0,0,0,0,0,0,0,0,0,0,0,0,0,0,0,0,0,0,0,0,0,0,0,0,0,0,0,0,0,0,0,0,0,0,0,0,0,0,0,0,0,0,0,0,0,0,0,0,0,0,0,0,0,0,0,0,0,0,0,0,0,0,0,0,0,0,0,0,0,0,0,0,0,0,0,0,0,0,0,0,0,0,0,0,0,0,0,0,0,0,0,0,0,0,0,0,0,0,0,0,0,0,0,0,0,0,0,0,0,0,0,0,0,0,0,0,0,0,0,0,0,0,0,0,0,0,0,0,0,0,0,0,0,0,0,0,0,0,0,0,0,0,0,0,0,0,0,0,0,0,0,0,0,0,0,0,0,0,0,0,0,0,0,0,0,0,0,0,0,0,0,0,0,0,0,0,0,0,0,0,0,0,0,0,0,0,0,0,0,0,0,0,0,0,0,0,0,0,0,0,0,0,0,0,0,0,0,0,0,0,0,0,0,0,0,0,0,0,0,0,0,0,0,0,0,0,0,0,0,0,0,0,0,0,0,0,0,0,0,0,0,0,0,0,0,0,0,0,0,0,0,0,0,0,0,0,0,0,0,0,0,0,0,0,0,0,0,0,0,0,0,0,0,0,0,0,0,0,0,0,0,0,0,0,0,0,0,0,0,0,0,0,0,0,0,0,0,0,0,0,0,0,0,0,0,0,0,0,0,0,0,0,0,0,0,0,0,0,0,0,0,0,0,0,0,0,0,0,0,0,0,0,0,0,0,0,0,0,0,0,0,0,0,0,0,0,0,0,0,0,0,0,0,0,0,0,0,0,0,0,0,0,0,0,0,0,0,0,0,0,0,0,0,0,0,0,0,0,0,0,0,0,0,0,0,0,0,0,0,0,0,0,0,0,0,0,0,0,0,0,0,0,0,0,0,0,0,0,0,0,0,0,0,0,0,0,0,0,0,0,0,0,0,0,0,0,0,0,0,0,0,0,0,0,0,0,0,0,0,0,0,0,0,0,0,0,0,0,0,0,0,0,0,0,0,0,0,0,0,0,0,0,0,0,0,0,0,0,0,0,0,0,0,0,0,0,0,0,0,0,0,0,0,0,0,0,0,0,0,0,0,0,0,0,0,0,0,0,0,0,0,0,0,0,0,0,0,0,0,0,0,0,0,0,0,0,0,0,0,0,0,0,0,0,0,0,0,0,0,0,0,0,0,0,0,0,0,0,0,0,0,0,0,0,0,0,0,0,0,0,0,0,0,0,0,0,0,0,0,0,0,0,0,0,0,0,0,0,0,0,0,0,0,0,0,0,0,0,0,0,0,0,0,0,0,0,0,0,0,0,0,0,0,0,0,0,0,0,0,0,0,0,0,0,0,0,0,0,0,0,0,0,0,0,0,0,0,0,0,0,0,0,0,0,0,0,0,0,0,0,0,0,0,0,0,0,0,0,0,0,0,0,0,0,0,0,0,0,0,0,0,0,0,0,0,0,0,0,0,0,0,0,0,0,0,0,0,0,0,0,0,0,0,0,0,0,0,0,0,0,0,0,0,0,0,0,0,0,0,0,0,0,0,0,0,0,0,0,0,0,0,0,0,0,0,0,0,0,0,0,0,0,0.322717,-1.0429115,0.41129833,-0.22148393,1.0059414,1.0177318,-0.27766743,-1.3146019,-0.34072012,0.049693827,-0.523009,1.1296887,-0.15504794,-1.3860617,1.8548456,0.13622464,0.69139576,1.9899732,-1.8543943,1.8362887,1.0305474,0.045900416,1.3469385,1.6257031,1.0317776,1.9032373,-0.29058555,-0.8349916,1.1029297,-0.9716569,-1.859213,0.17251839,-1.4428604,-1.5700934,-1.069363,-1.032454,1.6682508,-0.40202987,-1.423073,-1.2453978,-1.1103728,0.030829288,1.3249981,1.7462721,-1.2050031,-0.8916877,0.8852699,-0.502094,0.11090106,0.276991,-0.117728956,1.1257927,-0.31539652,1.0443882,-0.9898038,-1.2701062,1.2449265,-0.6325053,0.75506353,-0.18785584,0.89049864,-0.8273022,1.4328542,-0.40243998,1.3371986,0.60589015,0.21240048,0.06866089,-0.11065476,-0.27776998,-0.26731244,0.23218773,0.8728644,0.19169049,0.66145855,1.1944842,-0.6965833,-1.3186004,0.14719479,-0.62881446,-0.46590275,-0.19359721,-0.42725095,-0.37988454,-0.9660181,-1.3311085,0.24049224,0.16821234,0.15467909,0.04313225,-0.6308649,1.087346,0.92289644,-0.74682033,-0.070670135,0.32046148,0.36362436,1.1612663,-0.45298463,-0.5052722,0.112336405,0.042824674,-0.58534396,1.2133489,0.8911138,-0.325649,-0.07846201,-0.06708177,-0.023406262,0.5523723,-0.7440522,0.6575626,-0.106861345,-1.2826142,0.066507876,-0.15494542,-0.34420595,0.65356416,-0.22753288,-0.14264245,0.1127465,-0.96140444,-1.1187798,-0.32718685,0.42226848,-0.33559388,0.517924,0.30180198,-0.6967883,0.73045766,0.4863464,0.7337384,-0.88164026,-0.47307947,0.9084405,-0.18970127,0.55934393,0.34865576,-0.47554004,0.0745048,0.30026412,0.8725568,0.53094465,-0.37885928,-0.5593027,-0.018690128,-0.86769694,-0.13977176,0.053077143,0.046310514,1.4887301,0.48204038,0.6964194,-0.42704588,0.32456246,0.5166937,0.26233,-0.02268859,0.0504115,0.82662576,0.78705126,1.3647778,-1.106887,-0.9838574,-0.20118403,-0.86943984,-0.12254762,0.016885933,-0.12808394,-0.50845045,0.59297204,0.725639,0.29944393,0.49864936,0.7517828,-0.41197476,-0.34840947,0.17159566,0.08004113,-0.49748033,-0.8846135,1.0628426,-0.30114558,0.12822773,0.6971371,-0.2671074,-0.42222723,0.38864037,0.28345007,-0.58431876,-0.061032817,-0.4532922,0.21311815,0.36116377,0.2739153,0.18420619,0.9339691,0.060356393,0.63336676,0.11633486,-0.52946806,-0.32031772,-0.4848698,-1.0499858,-0.32052276,0.55462784,0.12556209,-0.07917968,0.4128362,0.51556593,0.4610228,0.9102859,0.5854877,-0.3086299,-0.40120968,0.23516096,0.10864551,-0.1922644,1.3090043,-0.2970446,-0.53295386,0.5520647,0.11602729,0.6909856,-0.3161142,-0.105426,-0.25193375,0.31646302,0.10392938,0.37172383,0.7416328,0.30795348,0.00714609,0.2819122,-0.4728744,-0.29222596,-0.69504535,-0.021663344,0.088960774,0.93704486,-0.10368308,-0.32052276,0.17569664,0.40853018,0.47045508,0.021089444,0.7988416,-0.4985056,-1.1100652,-0.9910341,0.15170588,1.5039037,-0.31908742,0.25012955,0.08598756,-0.24280906,1.0177318,-0.24947315,0.14627206,0.23229027,1.3105422,0.21106766,1.1958171,-0.40479803,0.2406973,-1.1397974,-0.106861345,0.5753378,-0.0343764,-0.8185876,-0.03570922,-0.38808653,-0.6876636,0.6862695,0.89726526,-1.4415275,-0.63834924,0.3547047,0.19548391,-0.0074124136,-0.21666527,-0.284229,0.81319505,0.5957402,0.009196583,-0.8222785,-0.5680173,-1.0037471,0.14186351,-0.12767385,-0.79715997,-0.64214265,-1.0500883,0.32076904,0.11223388,0.8932668,-0.6091297,0.7981239,-0.009155333,-0.00382405,-0.7806535,0.45886979,0.63582736,-0.068722166,-0.36870936,-0.02115072,0.07635024,0.10454453,0.39643225,-0.37158003,0.27012187,0.110696,-1.0666974,-1.3328513,0.698675,1.0817071,0.4498476,-1.0359399,-0.34195042,0.63377684,-0.60431105,-0.84883237,-0.9769882,-0.9387465,0.15560181,0.96031797,0.36926323,0.13120094,-0.7160629,0.11930808,-0.81346136,0.42831743,-0.22127888,0.2337256,-0.23901564,0.08588503,0.2648931,0.047028188,0.7718776,0.3820788,0.35911328,-0.32800704,0.6616636,0.37797782,1.1193337,0.20204549,0.031136863,-0.011615925,1.1036475,0.039748933,-0.22681521,0.5609844,-1.2482685,-0.83458143,-0.62799424,-0.16837615,0.43159822,0.38043842,0.8250879,-0.2559322,0.21547621,-0.23983584,0.055025112,0.6891402,0.22593373,0.7739281,1.3246906,-0.4009021,-0.6765909,0.64905304,0.3665976,-0.6834601,-0.86585146,0.2046086,0.51392555,-0.43945137,0.009811731,1.3332002,0.21158028,-0.6976085,0.028061122,-1.1240085,0.15129578,0.019654099,-0.46764565,-0.15586814,0.007351139,-0.2763346,-0.7087837,0.33071396,0.7221531,0.45046276,-0.7038625,-0.6046186,0.25023207,-0.55622697,-0.07600142,0.85471755,0.3958171,-0.17268218,0.1256646,0.18348852,-0.5684274,0.276991,-0.5613532,0.7673665,0.3982777,0.55401266,0.9047496,-0.0680045,0.6776574,-1.1158066,0.52551085,0.44636178,-0.975963,0.26304767,-0.012948746,0.6703782,-0.38870165,-0.07866706,0.10454453,-1.2638522,-0.38654864,0.33655787,-0.9594565,-0.8863564,-0.019305276,0.5744151,0.021499543,-0.5051697,0.49782917,-0.16068679,0.08639766,-0.41074446,0.5566783,0.019038951,0.5959453,0.61737293,-0.018485079,-0.6649031,-1.2883556,0.8301116,0.061689213,-0.3755785,0.16913506,-0.45923865,1.1299963,0.53094465,-0.70119685,-0.15381764,0.1805153,-0.44355235,-0.09250789,-0.048729856,0.09183147,1.4271128,0.887833,0.62916327,-0.84585917,-0.15648328,-0.79572463,-0.5999025,-0.20620775,-0.08235795,1.0208075,-0.6690041,0.3595234,-0.8571369,-0.019920424,-0.69494283,-1.3266999,-0.4042854,0.68760234,-0.07559132,-0.49471217,-0.25890544,-0.20887339,-0.04022031,0.64987326,0.5756454,-1.2883556,1.3827196,-0.16540293,-0.36040485,-0.26331398,-0.5984671,0.3974575,-0.27889773,0.19066525,1.037519,-0.11936935,0.17682442,-0.8946609,-0.18447252,0.13294385,-0.53910536,-0.4881506,0.8281636,0.29667577,0.74491364,0.49957207,0.36567485,-0.46764565,-0.4250979,0.6410561,-0.037964765,0.17907996,0.2141434,-0.16540293,-0.22753288,-0.33057016,0.108030364,-0.04790966,0.272685,0.021602068,0.21619388,-0.05652173,-0.092815466,-1.3637112,-0.18293464,0.74737424,-0.2583928,0.19445866,0.45620415,0.4635859,0.42093566,-0.09189274,0.52551085,0.071839154,-0.20733552,0.2997515,-0.34133527,0.15703715,-0.23327427,0.08916583,-0.55366385,0.5135154,-0.022996163,-0.01920275,0.43016288,-0.035504173,0.5038781,0.5459132,-0.32872474,-1.2155632,0.79904664,1.0130156,0.45056528,0.36372688,-0.46108407,-0.89404577,-0.15761106,0.53719866,0.22839433,0.15047558,0.44707945,-0.08102512,0.64905304,0.20317326,0.66248375,0.61675775,-0.22537987,0.13068831,-0.052215695,-0.20282443,-0.47061887,0.3642395,-0.62686646,0.725844,-0.04421877,0.17046788,-0.4665179,-0.6906368,-0.23337679,0.5234603,0.18441124,0.24684876,-0.5136792,-0.39618596,0.5652904,0.10587735,0.8574857,-0.3768088,0.055127636,-0.07364335,-1.2993258,1.0787339,-0.75194657,-0.029660268,-0.10706639,-0.9643777,0.7554737,0.41642457,-0.44857606,-0.07528374,0.457742,0.27955413,-0.017972454,0.71497643,0.389153,0.58753824,0.06158669,0.55934393,0.7122083,-0.22578996,0.47547877,0.918898,-0.33087775,-0.5455644,-0.83775973,0.4976241,0.15088567,-0.6107701,-0.19000885,0.4876792,-0.97298974,0.31656554,1.4017892,-0.5263923,-0.20713048,-0.12736627,0.12638228,-0.7813712,0.31574535,0.8403641,0.37069857,-0.38378048,0.0018148068,0.7773114,0.1675972,-0.39710867,-0.11608856,0.6574601,-0.58534396,0.07091644,0.49085748,-0.31478137,-0.39690363,0.06773817,0.49967462,-1.2116672,-0.71893364,-0.24578227,0.14278623,-0.89701897,-0.5904702,0.36587992,0.36106125,-0.2903805,-0.39116225,0.1675972,-0.20292696,-0.06708177,1.0696093,-0.73400474,0.65704995,0.52438307,-0.18857351,-0.1440778,1.2095554,-0.13064706,-0.40746367,-0.17637306,-1.3177803,-0.46887594,-0.5318261,-0.13156979,-0.39075217,-0.70129937,-0.17883366,0.64074856,1.1191287,-0.6655183,0.2568962,0.4078125,-0.057034355,0.12935549,0.9817456,-0.38398552,0.1301757,0.031854536,1.2193978,1.3207947,1.0399796,-0.90532345,0.7477843,0.29360002,-0.7705035,-0.12962182,-0.5947763,0.75280803,0.3084661,0.8105294,0.77843916,1.0411074,-0.46005884,0.7207178,-0.03868244,1.191511,-0.27725735,0.42411393,0.19640663,-0.35425338,-0.26905537,0.6282405,-0.8455516,0.6620737,0.07153158,-1.1254439,-0.0667742,0.5020327,0.055025112,0.77464575,-0.74138653,0.023652561,-0.36717147,0.15129578,0.37100613,0.2993414,0.06435485,0.13735242,0.11018338,0.3874101,-0.7611738,-0.10481085,-1.0459874,0.13079084,-0.67700106,-0.05037025,1.1229221,0.06948109,-0.2974547,1.1638294,0.25474316,-0.18590787,-0.019305276,0.19425361,-0.16663323,-0.57734704,-0.5410533,-0.7607637,-0.6880737,-0.7241624,-0.2808457,-0.83529913,-1.2532922,-0.35169026,0.038416114,-0.24967821,0.20778687,-0.83663195,0.031444438,0.040056508,0.2907293,-1.229609,-0.17206703,0.731893,-0.02115072,-0.80597705,0.45548648,-0.3804997,-0.10286288,-0.15289491,-0.41484547,-0.35599628,0.20040509,0.40688977,-0.8775393,0.5370961,-1.0940714,-0.60851455,0.050206453,-0.37762898,0.13971049,-0.3004279,-0.8148967,1.3014175,-0.059699994,0.17272343,-0.24209139,-1.3166524,0.36526477,0.038928736,-0.42971152,0.44995013,0.6409536,-0.24055351,0.8694811,0.097675376,-1.1228808,0.30210957,0.29206213,0.017296031,0.39694488,-0.06708177,-0.49194402,0.22480597,-0.61179537,-0.9495116,0.019859148,-0.4570856,-1.3555093,-0.7690682,0.036673196,-0.07753929,1.2797848,-0.25562465,0.058203377,-0.36881188,-0.06062272,0.3468103,0.18451376,0.28550056,0.18451376,0.10259656,0.56139445,0.24664372,-0.60431105,1.0807844,-0.7320568,0.5342254,-0.13238999,-0.17042664,1.0412099,0.3638294,0.2365963,0.07604267,-0.19534013,-0.034478925,1.1472204,-0.18631797,0.22941957,0.3196413,-0.17657812,-0.88112766,-0.91219264,0.10198141,1.1680329,1.0449008,-0.13843894,-0.21071884,0.5329951,0.16329116,-0.41330758,0.45148802,-0.57027286,0.056050356,-0.087791756,0.26263756,0.33194426,0.4226786,0.17754209,-0.6124105,0.638493,0.14442663,0.044772644,0.32651043,-0.018792652,0.1696477,-0.1286991,-0.2296859,-1.1519978,-1.2629296,0.5026478,-0.99195683,-0.8087452,0.2564861,-0.30688697,0.56805855,-0.37034974,-0.017562356,-0.48517737,-0.74066883,-0.5032217,-0.043808673,-0.3265717,-1.3511007,-0.23532476,0.63941574,-0.99195683,0.34875828,1.3551404,0.33143163,-0.057752028,0.42226848,-0.40725863,0.5787211,-0.3373368,0.76931447,0.23690388,0.32558772,0.07911841,1.1921263,-0.06318583,-0.4583159,0.29626566,0.16431642,1.149681,0.964624,0.57133937,0.7702372,0.14063321,-0.42981404,0.49741906,-0.85744447,0.07604267,-0.5337741,-1.2948147,0.21906458,0.8080688,0.17200576,1.0300348,-0.1964679,1.0620224,0.064764954,-0.04134808,0.36249658,-0.113320395,-0.117216334,-0.30381122,-0.09097002,-0.04155313,0.40688977,-0.21543497,-0.10573357,-0.15689339,0.08219415,-0.88102514,0.70903,0.45005268,-0.09578868,-0.33159542,0.7531156,-0.5971343,0.30785096,-0.18580534,0.53473806,-0.32493132,-1.0854594,-0.53459424,0.6477202,-0.65618855,-1.5280583,0.73927474,0.112336405,0.47158283,0.5079791,-0.290278,-0.19216187,0.27206984,-0.03960516,0.6263951,-1.3858566,0.1056723,0.32815084,0.6887301,-0.3098602,0.033597454,0.7789518,0.1971243,-0.8331461,0.42083314,0.2856031,-0.13772127,0.33102152,1.222576,-0.50383687,0.08219415,-0.8418607,-0.92182994,-0.6296346,0.22111508,0.072864406,-0.44027156,-0.74066883,-0.09127759,0.39673984,-1.6615454,-0.446218,-0.26946548,-0.038169816,-1.0457823,0.04907868,0.2647906,0.18482134,0.10259656,-1.1125258,-0.7252902,0.81114453,-0.68243486,0.4049418,-0.22230412,-0.1594565,1.261843,-0.24065603,0.14534934,0.23751903,-0.62256044,0.84559286,0.0154505875,0.8098117,0.24541342,0.5274588,0.11797526,-0.79305893,-1.2031577,0.10515968,0.022012167,-0.03786224,0.6304961,0.14709227,0.11131115,-1.1198051,-1.0020043,-0.30627182,0.9343792,-1.1887016,-0.70417005,-0.81756234,-0.24937063,0.27206984,-0.08358824,-0.2637241,-0.27889773,0.49044737,0.85020643,0.18635921,-0.5994924,0.64607984,-1.2716441,-0.9344405,-0.751639,0.85892105,-0.006284642,0.45333347,0.21803933,-0.21830566,-0.71339726,0.389153,-0.74682033,0.03482775,-1.2777956,0.07604267,-0.5733486,-0.541771,-0.69032925,0.83810854,0.5135154,0.48583376,-0.06851712,-0.80854017,0.27740112,0.24684876,0.5355582,-0.59385353,0.72717685,-0.7873176,-0.043296047,-1.4905343,0.5835398,-1.2709265,-1.5652747,-0.73769563,0.23762155,0.2012253,-0.6227655,-0.9551505,-0.93720865,0.9680073,0.68350136,-0.651985,-0.4063359,0.84056914,-1.4448082,0.37008342,1.2781445,1.0148611,-0.33508125,0.51197755,-0.705913,0.35644764,0.16154824,-0.9605843,-0.61886954,0.1351994,1.199713,-0.31888235,-0.39454556,-0.018382553,-0.55571437,0.50357056,0.3883328,-0.822381,-0.05785455,0.6025069,0.019654099,-1.2017223,0.47875956,1.2587672,-0.27387404,0.71753955,-0.21143651,0.84610546,0.038006015,0.59204936,-0.9611994,0.061996788,0.38043842,-0.17073421,-1.2359655,-0.046781886,-0.04903743,0.36311173,0.44595167,0.61870575,-0.07743676,-0.3414378,-0.37045228,0.7147714,0.12925297,-0.31560156,-0.60923225,-0.5746814,-0.17606549,0.21147776,0.3940742,-0.66162235,-0.06052019,0.30457017,0.058408424,-0.98334473,0.21383582,0.35244918,0.2888839,0.35531986,0.27996424,0.8313419,0.24848916,-0.09947956,0.6663797,0.29267728,-1.0252774,-0.36706895,-0.6781288,0.7586519,0.308056,-1.0022093,-0.37711638,-0.5675047,0.03831359,0.85338473,-0.47841075,
1,1,0,0,0,0,0,0,0,0,0,0,0,0,0,0,0,0,0,0,0,0,0,0,0,0,0,0,0,0,0,0,0,0,0,0,0,0,0,0,0,0,0,0,0,0,0,0,0,0,0,0,0,0,0,0,0,0,0,0,0,0,0,0,0,0,0,0,0,0,0,0,0,0,0,0,0,0,0,0,0,0,0,0,0,0,0,0,0,0,0,0,0,0,0,0,0,0,0,0,0,0,0,0,0,0,0,0,0,0,0,0,0,0,0,0,0,0,0,0,0,0,0,0,0,0,0,0,0,0,0,0,0,0,0,0,0,0,0,0,0,0,0,0,0,0,0,0,0,0,0,0,0,0,0,0,0,0,0,0,0,0,0,0,0,0,0,0,0,0,0,0,0,0,0,0,0,0,0,0,1,0,0,0,0,0,0,0,0,0,0,0,0,0,0,0,0,0,0,0,0,0,0,0,0,0,0,0,0,0,0,0,0,0,0,0,0,0,0,0,0,0,0,0,0,0,0,0,0,0,0,0,0,0,0,0,0,0,0,0,0,0,0,0,0,0,0,0,0,0,0,0,0,0,0,0,0,0,0,0,0,0,0,0,0,0,0,0,0,0,0,0,0,0,0,0,0,0,0,0,0,0,0,0,0,0,0,0,0,0,0,0,0,0,0,0,0,0,0,0,0,0,0,0,0,0,0,0,0,0,0,0,0,0,0,0,0,0,0,0,0,0,0,0,0,0,0,0,0,0,0,0,0,0,0,0,0,0,0,0,0,0,0,0,0,0,0,0,0,0,0,0,0,0,0,0,0,0,0,0,0,0,0,0,0,0,0,0,0,0,0,0,0,0,0,0,0,0,0,0,0,0,0,0,0,0,0,0,0,0,0,0,0,0,0,0,0,0,0,0,0,0,0,0,0,0,0,0,0,0,0,0,0,0,0,0,0,0,0,0,0,0,0,0,0,0,0,0,0,0,0,0,0,0,0,0,0,0,0,0,0,0,0,0,0,0,0,0,0,0,0,0,0,0,0,0,0,0,0,0,0,0,0,0,0,0,0,0,0,0,0,0,0,0,0,0,0,0,0,0,0,0,0,0,0,0,0,0,0,0,0,0,0,0,0,0,0,0,0,0,0,0,0,0,0,0,0,0,0,0,0,0,0,0,0,0,0,0,0,0,0,0,0,0,0,0,0,0,0,0,0,0,0,0,0,0,0,0,0,0,0,0,0,0,0,0,0,0,0,0,0,0,0,0,0,0,0,0,0,0,0,0,0,0,0,0,0,0,0,0,0,0,0,0,0,0,0,0,0,0,0,0,0,0,0,0,0,0,0,0,0,0,0,0,0,0,0,0,0,0,0,0,0,0,0,0,0,0,0,0,0,0,0,0,0,0,0,0,0,0,0,0,0,0,0,0,0,0,0,0,0,0,0,0,0,0,0,0,0,0,0,0,0,0,0,0,0,0,0,0,0,0,0,0,0,0,0,0,0,0,0,0,0,0,0,0,0,0,0,0,0,0,0,0,0,0,0,0,0,0,0,0,0,0,0,0,0,0,0,0,0,0,0,0,0,0,0,0,0,0,0,0,0,0,0,0,0,0,0,0,0,0,0,0,0,0,0,0,0,0,0,0,0,0,0,0,0,0,0,0,0,0,0,0,0,0,0,0,0,0,0,0,0,0,0,0,0,0,0,0,0,0,0,0,0,0,0,0,0,0,0,0,0,0,0,0,0,0,0,0,0,0,0,0,0,0,0,0,0,0,0,0,0,0,0,0,0,0,0,0,0,0,0,0,0,0,0,0,0,0,0,0,0,0,0,0,0,0,0,0,0,0,0,0,0,0,0,0,0,0,0,0,0,0,0,0,0,0,0,0,0,0,0,0,0,0,0,0,0,0,0,0,0,0,0,0,0,0,0,0,0,0,0,0,0,0,0,0,0,0,0,0,0,0,0,0,0,0,0,0,0,0,0,0,0,0,0,0,0,0,0,0,0,0,0,0,0,0,0,0,0,0,0,0,0,0,0,0,0,0,0,0,0,0,0,0,0,0,0,0,0,0,0,0,0,0,0,0,0,0,0,0,0,0,0,0,0,0,0,0,0,0,0,0,0,0,0,0,0,0,0,0,0,0,0,0,0,0,0,0,0,0,0,0,0,0,0,0,0,0,0,0,0,0,0,0,0,0,0,0,0,0,0,0,0,0,0,0,0,0,0,0,0,0,0,0,0,0,0,0,0,0,0,0,0,0,0,0,0,0,0,0,0,0,0,0,0,0,0,0,0,0,0,0,0,0,0,0,0,0,0,0,0,0,0,0,0,0,0,0,0,0,0,0,0,0,0,0,0,0,0,0,0,0,0,0,0,0,0,0,0,0,0,0,0,0,0,0,0,0,0,0,0,0,0,0,0,0,0,0,0,0,0,0,0,0,0,0,0,0,0,0,0,0,0,0,0,0,0,0,0,0,0,0,0,0,0,0,0,0,0,0,0,0,0,0,0,0,0,0,0,0,0,0,0,0,0,0,0,0,0,0,0,0,0,0,0,0,0,0,0,0,0,0,0,0,0,0,0,0,0,0,0,0,0,0,0,0,0,0,0,0,0,0,0,0,0,0,0,0,0,0,0,0,0,0,0,0,0,0,0,0,0,0,0,0,0,0,0,0,0,0,0,0,0,0,0,0,0,0,0,0,0,0,0,0,0,0,0,0,0,0,0,0,0,0,0,0,0,0,0,0,0,0,0,0,0,0,0,0,0,0,0,0,0,0,0,0,0,0,0,0,0,0,0,0,0,0,0,0,0,0,0,0,0,0,0,0,0,0,0,0,0,0,0,0,0,0,0,0,0,0,0,0,0,0,0,0,0,0,0,0,0,0,0,0,0,0,0,0,0,0,0,0,0,0,0,0,0,0,0,0,0,0,0,0,0,0,0,0,0,0,0,0,0,0,0,0,0,0,0,0,0,0,0,0,0,0,0,0,0,0,0,0,0,0,0,0,0,0,0,0,0,0,0,0,0,0,0,0,0,0,0,0,0,0,0,0,0,0,0,0,0,0,0,0,0,0,0,0,0,0,0,0,0,0,0,0,0,0,0,0,0,0,0,0,0,0,0,0,0,0,0,0,0,0,0,0,0,0,0,0,0,0,0,0,0,0,0,0,0,0,0,0,0,0,0,0,0,0,0,0,0,0,0,0,0,0,0,0,0,0,0,0,0,0,0,0,0,0,0,0,0,0,0,0,0,0,0,0,0,0,0,0,0,0,0,0,0,0,0,0,0,0,0,0,0,0,0,0,0,0,0,0,0,0,0,0,0,0,0,0,0,0,0,0,0,0,0,0,0,0,0,0,0,0,0,0,0,0,0,0,0,0,0,0,0,0,0,0,0,0,0,0,0,0,0,0,0,0,0,0,0,0,0,0,0,0,0,0,0,0,0,0,0,0,0,0,0,0,0,0,0,0,0,0,0,0,0,0,0,0,0,0,0,0,0,0,0,0,0,0,0,0,0,0,0,0,0,0,0,0,0,0,0,0,0,0,0,0,0,0,0,0,0,0,0,0,0,0,0,0,0,0,0,0,0,0,0,0,0,0,0,0,0,0,0,0,0,0,0,0,0,0,0,0,0,0,0,0,0,0,0,0,0,0,0,0,0,0,0,0,0,0,0,0,0,0,0,0,0,0,0,0,0,0,0,0,0,0,0,0,0,0,0,0,0,0,0,0,0,0,0,0,0,0,0,0,0,0,0,0,0,0,0,0,0,0,0,0,0,0,0,0,0,0,0,0,0,0,0,0,0,0,0,0,0,0,0,0,0,0,0,0,0,0,0,0,0,0,0,0,0,0,0,0,0,0,0,0,0,0,0,0,0,0,0,0,0,0,0,0,0,0,0,0,0,0,0,0,0,0,0,0,0,0,0,0,0,0,0,0,0,0,0,0,0,0,0,0,0,0,0,0,0,0,0,0,0,0,0,0,0,0,0,0,0,0,0,0,0,0,0,0,0,0,0,0,0,0,0,0,0,0,0,0,0,0,0,0,0,0,0,0,0,0,0,0,0,0,0,0,0,0,0,0,0,0,0,0,0,0,0,0,0,0,0,0,0,0,0,0,0,0,0,0,0,0,0,0,0,0,0,0,0,0,0,0,0,0,0,0,0,0,0,0,0,0,0,0,0,0,0,0,0,0,0,0,0,0,0,0,0,0,0,0,0,0,0,0,0,0,0,0,0,0,0,0,0,0,0,0,0,0,0,0,0,0,0,0,0,0,0,0,0,0,0,0,0,0,0,0,0,0,0,0,0,0,0,0,0,0,0,0,0,0,0,0,0,0,0,0,0,0,0,0,0,0,0,0,0,0,0,0,0,0,0,0,0,0,0,0,0,0,0,0,0,0,0,0,0,0,0,0,0,0,0,0,0,0,0,0,0,0,0,0,0,0,0,0,0,0,0,0,0,0,0,0,0,0,0,0,0,0,0,0,0,0,0,0,0,0,0,0,0,0,0,0,0,0,0,0,0,0,0,0,0,0,0,0,0,0,0,0,0,0,0,0,0,0,0,0,0,0,0,0,0,0,0,0,0,0,0,0,0,0,0,0,0,0,0,0,0,0,0,0,0,0,0,0,0,0,0,0,0,0,0,0,0,0,0,0,0,0,0,0,0,0,0,0,0,0,0,0,0,0,0,0,0,0,0,0,0,0,0,0,0,0,0,0,0,0,0,0,0,0,0,0,0,0,0,0,0,0,0,0,0,0,0,0,0,0,0,0,0,0,0,0,0,0,0,0,0,0,0,0,0,0,0,0,0,0,0,0,0,0,0,0,0,0,0,0,0,0,0,0,0,0,0,0,0,0,0,0,0,0,0,0,0,0,0,0,0,0,0,0,0,0,0,0,0,0,0,0,0,0,0,0,0,0,0,0,0,0,0,0,0,0,0,0,0,0,0,0,0,0,0,0,0,0,0,0,0,0,0,0,0,0,0,0,0,0,0,0,0,0,0,0,0,0,0,0,0,0,0,0,0,0,0,0,0,0,0,0,0,0,0,0,0,0,0,0,0,0,0,0,0,0,0,0,0,0,0,0,0,0,0,0,0,0,0,0,0,0,0,0,0,0,0,0,0,0,0,0,0,0,0,0,0,0,0,0,0,0,0,0,0,0,0,0,0,0,0,0,0,0,0,0,0,0,0,0,0,0,0,0,0,0,0,0,0,0,0,0,0,0,0,0,0,0,0,0,0,0,0,0,0,0,0,0,0,0,0,0,0,0,0,0,0,0,0,0,0,0,0,0,0,0,0,0,0,0,0,0,0,0,0,0,0,0,0,0,0,0,0,0,0,0,0,0,0,0,0,0,0,0,0,0,0,0,0,0,0,0,0,0,0,0,0,0,0,0,0,0,0,0,0,0,0,0,0,0,0,0,0,0,0,0,0,0,0,0,0,0,0,0,0,0,0,0,0,0,0,0,0,0,0,0,0,0,0,0,0,0,0,0,0,0,0,0,0,0,0,0,0,0,0,0,0,0,0,0,0,0,0,0,0,0,0,0,0,0,0,0,0,0,0,0,0,0,0,0,0,0,0,0,0,0,0,0,0,0,0,0,0,0,0,0,0,0,0,0,0,0,0,0,0,0,0,0,0,0,0,0,0,0,0,0,0,0,0,0,0,0,0,0,0,0,0,0,0,0,0,0,0,0,0,0,0,0,0,0,0,0,0,0,0,0,0,0,0,0,0,0,0,0,0,0,0,0,0,0,0,0,0,0,0,0,0,0,0,0,0,0,0,0,0,0,0,0,0,0,0,0,0,0,0,0,0,0,0,0,0,0,0,0,0,0,0,0,0,0,0,0,0,0,0,0,0,0,0,0,0,0,0,0,0,0,0,0,0,0,0,0,0,0,0,0,0,0,0,0,0,0,0,0,0,0,0,0,0,0,0,0,0,0,0,0,0,0,0,0,0,0,0,0,0,0,0,0,0,0,0,0,0,0,0,0,0,0,0,0,0,0,0,0,0,0,0,0,0,0,0,0,0,0,0,0,0,0,0,0,0,0,0,0,0,0,0,0,0,0,0,0,0,0,0,0,0,0,0,0,0,0,0,0,0,0,0,0,0,0,0,0,0,0,0,0,0,0,0,0,0,0,0,0,0,0,0,0,0,0,0,0,0,0,0,0,0,0,0,0,0,0,0,0,0,0,0,0,0,0,0,0,0,0,0,0,0,0,0,0,0,0,0,0,0,0,0,0,0,0,0,1,0,0,0,0,0,0,0,0,0,0,0,0,0,0,0,0,0,0,0,0,0,0,0,0,0,0,0,0,0,0,0,0,0,0,0,0,0,0,0,0,0,0,0,0,0,0,0,0,0,0,0,0,0,0,0,0,0,0,0,0,0,0,0,0,0,0,0,0,0,0,0,0,0,0,0,0,0,0,0,0,0,0,0,0,0,0,0,0,0,0,0,0,0,0,0,0,0,0,0,0,0,0,0,0,0,0,0,0,0,0,0,0,0,0,0,0,0,0,0,0,0,0,0,0,0,0,0,0,0,0,0,0,0,0,0,0,0,0,0,0,0,0,0,0,0,0,0,0,0,0,0,0,0,0,0,0,0,0,0,0,0,0,0,0,0,0,0,0,0,0,0,0,0,0,0,0,0,0,0,0,0,0,0,0,0,0,0,0,0,0,0,0,0,0,0,0,0,0,0,0,0,0,0,0,0,0,0,0,0,0,0,0,0,0,0,0,0,0,0,0,0,0,0,0,0,0,0,0,0,0,0,0,0,0,0,0,0,0,0,0,0,0,0,0,0,0,0,0,0,0,0,0,0,0,0,0,0,0,0,0,0,0,0,0,0,0,0,0,0,0,0,0,0,0,0,0,0,0,0,0,0,0,0,0,0,0,0,0,0,0,0,0,0,0,0,0,0,0,0,0,0,0,0,0,0,0,0,0,0,0,0,0,0,0,0,0,0,0,0,0,0,0,0,0,0,0,0,0,0,0,0,0,0,0,0,0,0,0,0,0,0,0,0,0,0,0,0,0,0,0,0,0,0,0,0,0,0,0,0,0,0,0,0,0,0,0,0,0,0,0,0,0,0,0,0,0,0,0,0,0,0,0,0,0,0,0,0,0,0,0,0,0,0,0,0,0,0,0,0,0,0,0,0,0,0,0,0,0,0,0,0,0,0,0,0,0,0,0,0,0,0,0,0,0,0,0,0,0,0,0,0,0,0,0,0,0,0,0,0,0,0,0,0,0,0,0,0,0,0,0,0,0,0,0,0,0,0,0,0,0,0,0,0,0,0,0,0,0,0,0,0,0,0,0,0,0,0,0,0,0,0,0,0,0,0,0,0,0,0,0,0,0,0,0,0,0,0,0,0,0,0,0,0,0,0,0,0,0,0,0,0,0,0,0,0,0,0,0,0,0,0,0,0,0,0,0,0,0,0,0,0,0,0,0,0,0,0,0,0,0,0,0,0,0,0,0,0,0,0,0,0,0,0,0,0,0,0,0,0,0,0,0,0,0,0,0,0,0,0,0,0,0,0,0,0,0,0,0,0,0,0,0,0,0,0,0,0,0,0,0,0,0,0,0,0,0,0,0,0,0,0,0,0,0,0,0,0,0,0,0,0,0,0,0,0,0,0,0,0,0,0,0,0,0,0,0,0,0,0,0,0,0,0,0,0,0,0,0,0,0,0,0,0,0,0,0,0,0,0,0,0,0,0,0,0,0,0,0,0,0,0,0,0,0,0,0,0,0,0,0,0,0,0,0,0,0,0,0,0,0,0,0,0,0,0,0,0,0,0,0,0,0,0,0,0,0,0,0,0,0,0,0,0,0,0,0,0,0,0,0,0,0,0,0,0,0,0,0,0,0,0,0,0,0,0,0,0,0,0,0,0,0,0,0,0,0,0,0,0,0,0,0,0,0,0,0,0,0,0,0,0,0,0,0,0,0,0,0,0,0,0,0,0,0,0,0,0,0,0,0,0,0,0,0,0,0,0,0,0,0,0,0,0,0,0,0,0,0,0,0,0,0,0,0,0,0,0,0,0,0,0,0,0,0,0,0,0,0,0,0,0,0,0,0,0,0,0,0,0,0,0,0,0,0,0,0,0,0,0,0,0,0,0,0,0,0,0,0,0,0,0,0,0,0,0,0,0,0,0,0,0,0,0,0,0,0,0,0,0,0,0,0,0,0,0,0,0,0,0,0,0,0,0,0,0,0,0,0,0,0,0,0,0,0,0,0,0,0,0,0,0,0,0,0,0,0,0,0,0,0,0,0,0,0,0,0,0,0,0,0,0,0,0,0,0,0,0,0,0,0,0,0,0,0,0,0,0,0,0,0,0,0,0,0,0,0,0,0,0,0,0,0,0,0,0,0,0,0,0,0,0,0,0,0,0,0,0,0,0,0,0,0,0,0,0,0,0,0,0,0,0,0,0,0,0,0,0,0,0,0,0,0,0,0,0,0,0,0,0,0,0,0,0,0,0,0,0,0,0,0,0,0,0,0,0,0,0,0,0,0,0,0,0,0,0,0,0,0,0,0,0,0,0,0,0,0,0,0,0,0,0,0,0,0,0,0,0,0,0,0,0,0,0,0,0,0,0,0,0,0,0,0,0,0,0,0,0,0,0,0,0,0,0,0,0,0,0,0,0,0,0,0,0,0,0,0,0,0,0,0,0,0,0,0,0,0,0,0,-0.31306282,-0.9515202,-0.4044072,0.5956145,0.7571571,1.5717168,0.6171073,-1.4287816,0.494477,-0.89449495,-0.56352323,0.97763157,-0.1737063,-0.6861535,-0.27077055,-1.4475877,-0.58995587,-0.9804661,0.022935456,1.0738292,-0.5965424,-0.3399288,0.69987184,0.050494768,-0.073955454,-0.51941097,-0.12647414,0.27261588,-0.5376972,-0.43057987,0.3621403,0.5462157,0.83151525,-0.54636365,-0.59706235,-0.30335638,-0.015196925,0.08490057,-0.099434815,0.63764673,-0.71483946,-0.021003446,-0.065895654,0.25779626,-1.3712363,-0.12838076,0.56320196,0.06982095,0.6191006,0.8314286,1.7058734,0.42202547,-0.20759211,-0.9282941,0.02666203,0.40157264,0.5563555,-0.2842902,1.121408,-0.25603756,0.59934103,-0.6216751,1.0564096,-0.83902967,0.09400035,-0.117807694,0.28682885,0.6523797,0.31326154,0.15995203,-0.35492176,-0.49635822,-0.32250923,0.22971696,-1.1609017,0.41786557,0.38770634,0.22833031,1.105635,0.45010477,0.4104991,0.2798957,-0.08192859,-0.21911849,-0.82247674,-0.21989848,0.8981602,-0.36506152,0.5273228,0.22122383,0.32080135,0.27140257,1.1076283,-1.4075488,0.52827615,0.44343162,-1.1053497,0.3682935,0.75065726,0.90587336,0.7447641,-1.3816361,0.52541625,0.25831625,0.4500181,0.05214139,0.5125899,-0.4895984,-0.20993206,-0.7987307,-1.0179052,-0.23974465,0.76608354,1.1740134,0.4475915,-0.12812077,-0.3701747,-0.85341597,0.043734934,-0.51663774,0.9112466,0.68591887,-1.1167893,0.35624713,-0.49609825,-0.50207806,-0.5406438,-0.1014281,0.36136034,-0.5753096,-0.05592924,0.60982746,-0.2637507,0.14530572,-0.38256773,0.023455443,0.5501156,-0.932974,-0.3091629,0.0015293238,-1.0964233,0.4302586,0.49456367,-0.9933791,0.5336493,-0.29928315,-0.030883199,0.68617886,0.050668094,0.07900739,0.007942497,-0.20802544,0.17832491,1.2053859,-0.8018506,-0.679307,-1.000399,0.15683211,0.28682885,0.46631104,0.5027101,0.37392667,0.61788726,0.59708774,0.37955987,-0.027936606,0.2039776,0.6077475,0.23344353,0.11999969,-0.39080086,0.47601748,-0.07759537,-0.7403188,-0.62297505,0.13265271,-0.82949656,0.6789857,-0.36835477,0.14868565,-0.970413,0.2605695,-0.25629756,0.387793,-0.44591948,-0.10515468,-0.7469053,0.34246746,0.15284555,0.3350143,-0.21825185,-0.20022564,0.32886115,-0.28117028,-0.6041689,0.21212406,-0.46186575,0.008462484,0.8846406,0.12277296,-0.085568495,-0.15117353,0.22573039,0.3685535,-0.5585833,-0.17474627,0.048068162,-1.1753746,-0.77437794,0.267416,0.3630936,0.62594706,-0.4874318,-0.6673473,-0.040502958,-0.108967915,0.37288672,-0.15065354,0.39836606,0.38259313,0.26004952,-0.48838508,-0.6697739,0.49456367,0.78194314,0.2796357,0.46778435,0.6082675,0.47315753,-0.17335963,-0.36393487,0.26620272,-0.29633656,-0.9755263,0.36006036,-0.27857035,0.15769875,0.2608295,0.0958203,-0.095101595,0.018948888,0.574815,-0.04362288,0.601681,-0.3621149,-0.18627265,-0.1282941,0.16090535,-0.745432,-0.23593141,0.6238671,1.1253079,-0.1558534,0.46839097,0.82094216,-0.8762087,0.27538913,0.15301888,0.17130508,-0.3797078,-0.46654564,0.07424084,0.039315045,0.7918229,0.014962321,0.14469908,-0.121534266,0.11609979,0.10500674,0.3974994,0.016175624,-0.4092604,-0.5305907,0.04425492,0.1849114,-0.24563783,0.039055053,-0.5601433,1.0172373,0.108126655,0.4248854,-0.4476528,0.6704059,-0.6639674,0.6303669,-0.9488336,0.14452575,0.6976186,-0.21591191,0.78046983,0.48217064,-0.42702663,-1.213247,-0.2867168,0.45955122,0.26048285,-0.027763277,0.008462484,0.64691985,0.66303945,-0.043536216,0.3260012,0.3260012,0.77215004,-0.11824101,0.21550398,-0.31496942,0.57784826,0.03229522,0.58954793,0.0028292912,0.0518814,0.7271712,-0.7547918,-0.108621255,0.61936057,0.7007385,0.6565396,0.6993519,0.40729252,-0.22778495,0.32106134,0.24921647,0.023715436,-0.28784344,-0.04648281,-0.17023972,0.15119891,-0.28151694,-0.2774437,-0.1414671,0.28665552,1.3916279,-1.212467,-0.7900642,-0.014763602,0.50479007,-0.39626074,0.13109276,-0.20169893,-0.20863208,0.50210345,-1.0427779,-0.79604405,-0.1265608,0.38588637,0.51492983,-0.7118062,-0.006617139,-0.48119193,0.16740517,-0.6465478,0.8979002,0.25242305,0.46570438,0.18699135,0.4036526,0.22833031,0.55193555,-0.5733163,0.49361035,0.40148598,0.14131916,-0.665874,0.44646487,0.5678818,0.0010960012,0.007942497,0.38371977,0.1251129,-0.32866243,0.15137224,0.16029869,0.6410267,-0.08080195,-0.04535617,-0.006530475,-0.6638807,0.07536748,-0.5425504,-0.29841653,0.30199516,-0.28446352,0.06193448,-0.046742804,-0.55841,0.34610736,-0.15914667,-0.23411146,-0.16902642,0.44403827,-0.6117087,-0.2347181,0.63756007,-0.066762306,-0.07828868,0.22989029,0.077187434,-0.50147146,-0.37745455,-0.38178775,0.5767216,-0.46585232,0.560082,-0.29035673,0.23517682,-0.26721728,-0.1002148,0.05404801,-0.06303573,-0.21521859,-0.18089946,0.04148166,-0.40943372,0.10076018,-0.6593742,0.60133433,0.5872947,-0.3787545,-0.91139454,-0.252051,0.43849173,-0.023083394,-0.044316195,-0.25239766,-0.39912066,-0.6065088,0.57082844,0.06756768,-0.090421714,-0.29027006,0.307455,0.8657477,0.17537831,-0.027329955,0.57056844,0.44923812,0.2452299,-0.023343388,0.1556188,0.574815,0.10907997,-0.3282291,0.01860223,0.9853447,0.6499531,-0.06520234,0.68817216,0.31022826,0.1182664,0.44819817,0.43935838,-0.016583556,0.34671402,0.5295761,-0.15325348,0.16307195,0.21056409,0.122946285,-0.27995697,0.08039402,-0.12309423,-0.585796,0.040441684,0.37332004,0.27764243,0.5941412,0.082993954,-0.084788516,-0.15724003,-0.85142267,0.6768191,-0.50259805,0.18777134,0.1927112,0.008462484,0.1680985,-0.73277897,0.6182339,0.3591937,-0.2642707,-0.1805528,0.12095301,0.8865472,-0.29642323,0.9135865,-0.43499976,-0.30118978,0.066874355,-0.3024031,0.5788016,0.36612687,-0.8067038,0.028135326,0.31984803,0.9253729,-0.8056638,0.22833031,-0.016410228,-0.31280282,0.6206605,0.3774799,-0.37762785,-0.23090486,-0.10610799,-0.01337697,-0.41082036,-0.09111503,-0.584496,0.56952846,0.12589288,-0.26366404,0.2715759,-0.2185985,-0.3141028,0.5268895,0.16125199,-0.44427288,-0.0062704813,0.36352694,-0.26305738,-0.14372037,-0.37892783,0.5646753,-0.3709547,0.5996877,-0.4778987,-0.2764904,0.018515566,-0.83582306,0.40105268,0.10162682,0.0650544,0.48572388,-0.23757803,-0.13678722,0.20120433,-0.12318089,0.8281353,-0.40232724,0.06288779,0.27001595,0.31048825,-0.84292954,0.5583487,-0.7202993,-0.2986765,-0.0108637,-0.3618549,0.42462543,-0.08582849,-0.19589241,-0.6756671,-0.23922466,-0.0775087,0.4219388,-0.0044505266,0.76409024,0.047981497,0.00083600776,0.42817867,1.4441466,0.64137334,-0.16209325,-0.34694862,-0.7210793,-0.54489034,0.1595187,-0.58813596,-0.31349614,0.5764616,0.280589,-0.21287864,-0.15290682,-0.24009131,-0.23263815,-0.10082145,0.1170531,1.0146374,0.29662195,0.37817323,0.1771116,-0.19485243,-0.3225959,0.67005926,1.0137707,0.29740193,-0.3643682,0.101540156,0.5079967,0.2508631,0.28908214,0.8334219,0.68236566,-0.37866783,0.22633703,-0.44409955,-0.42200008,0.35451382,0.031948563,0.34550074,0.020768844,-0.49306497,0.21463732,0.37817323,-1.0331582,-1.1161827,-0.36341488,-1.0306449,-0.101081446,0.35650712,-0.26929724,-0.29494992,0.29168206,-0.19771236,-1.3533834,-0.19589241,0.43736508,-0.572623,-0.24754445,-0.8284566,-0.21903183,-0.09406162,0.118959725,-0.56577647,0.5906746,0.2613495,-0.17985947,0.45036477,0.1397592,0.70377177,0.24167666,0.4791374,0.66078615,0.7039451,0.560602,-0.33230233,-0.47070554,-0.71483946,-0.025769994,-0.3909742,1.1376143,-0.109141245,-0.90784127,-0.23783803,-0.89449495,0.6845322,-0.43395978,0.07198756,0.18404476,-0.19580574,-0.36176825,0.30450842,-0.5081446,-0.73702556,1.1178547,-0.4175802,-0.5742696,0.187598,1.4176272,-0.9018614,-0.14476036,0.1998177,0.33744094,-0.10359471,0.628287,-0.16980639,0.041135002,0.7631369,0.20163766,0.30866832,0.35260722,-0.062342413,0.14053918,-0.18679264,1.6355019,-0.5671631,-0.1651265,0.24990977,-0.51291114,0.40183264,0.5888546,0.5261095,0.34272745,1.2778374,0.35928038,-0.71535945,-0.6575542,-0.68944675,-0.60373557,0.8401817,0.16116533,-0.38638097,-0.34807527,-0.19675905,-0.39426744,-0.49211168,0.17581163,-0.5879626,0.2042376,-0.037296373,0.22763701,-0.23133819,0.12909947,0.04208831,-0.2298649,0.37011343,1.1962861,0.9583054,-0.28983673,0.06132783,0.63860005,0.7044651,0.8717276,0.1400192,0.32071468,0.046941523,0.1680985,0.057774585,-0.3206893,-0.68312025,0.77449,-0.25508425,-0.6124887,-0.20776545,0.109599955,0.2088308,0.1427058,-0.20802544,-0.21036538,-0.7266258,-0.041369602,0.2159373,-0.12872742,0.11393318,0.22200382,-0.07638206,-0.37650123,-0.28663015,-0.23064487,-0.028109936,-0.68944675,-0.14614698,0.073807515,0.015568973,0.34229413,-0.023603382,-0.00089728227,-0.30786294,-0.41628024,0.9275395,-0.44331956,0.28596222,-0.08296856,0.29150873,-0.07828868,0.34316078,0.4935237,0.11644645,-0.2982432,-0.6837269,-0.8314032,0.22330378,-1.0904434,0.42696536,-0.3940941,-0.3643682,-0.28073695,-1.2555393,0.5475157,-0.40232724,-0.3431354,-0.6910067,0.14495908,0.038101744,-0.66882056,0.25346303,-0.32276922,0.038708393,-0.6019156,0.43875173,0.18161815,-0.081581935,0.5989077,-0.11182784,0.36318028,0.20657752,-0.14718696,0.44135165,0.15795875,0.05812124,-0.09986814,-0.40276057,-0.015196925,0.71035826,-1.0276983,0.32730117,-0.5960224,0.45651793,-0.008003771,0.5326094,-0.13037404,-0.07040221,-0.2134853,-0.31340948,-0.26297072,0.8992002,-0.5148178,1.1135216,0.4517514,0.39455283,-0.2332448,0.57230175,-0.11295448,0.022675462,-0.18107277,0.24427658,0.10769334,0.43918505,0.037408426,-0.1880926,-0.17353296,0.037148435,-0.47503877,0.34446076,0.17459834,-0.25291765,-0.053935956,0.21472399,0.15596546,0.8253621,0.29376203,-0.57591623,0.4729842,-0.8577492,0.4299986,-0.71163285,-0.060869116,0.13152607,-0.7115462,0.34402743,0.46137115,-0.09371496,-0.6910934,0.4209855,0.8316019,0.066701025,0.18456475,0.32132134,1.1178547,0.36396027,-0.2457245,0.18855132,0.06990761,0.21221073,-0.14467369,-0.5217509,0.45045143,0.052054726,0.7250912,-0.08756178,-0.10038813,-0.21998514,-0.6345881,-1.1949607,0.5044434,-0.19745237,-0.32112262,-0.38343439,-0.4441862,0.31594813,0.5014102,-0.29321665,0.23933671,0.6364334,0.11245988,-0.5016448,0.31464815,-0.6442079,-0.5950691,-0.2134853,0.99253786,-0.102988064,0.7301178,-0.3387155,0.17381835,-0.1312407,-0.08513518,0.046681527,-0.7498519,-0.16980639,0.58616805,0.533996,-0.023343388,0.25415635,0.4049526,-0.2720705,-0.22197843,-0.9830661,-0.57132304,0.73939085,-0.09579491,0.56103534,-0.72853243,0.4153523,-0.60226226,-0.7266258,-0.18011947,-0.88322854,0.6773391,-0.34564868,-1.2284132,-0.38664097,-0.6104954,-0.5261708,0.27166256,-1.1190426,0.4871972,0.027875332,0.2720959,0.23023693,0.0584679,-3.0637257e-05,1.0365634,-0.2230184,0.22417043,-0.54974353,0.6353935,0.036541782,0.5034901,0.054481335,-0.5934225,-0.20993206,0.43372518,0.960732,-0.14406703,0.1143665,-0.056969214,-1.009152,0.025188733,0.6526397,0.2791157,0.16601855,-0.027936606,0.45504466,-0.034523107,-0.16815977,-0.30534968,0.39715275,0.35477382,0.016002296,0.8643611,0.7818565,0.030561931,0.34402743,0.21853723,-0.7207326,-0.060609125,0.43459183,1.6318619,-0.25023106,0.24349661,-0.7921442,0.89703363,0.06635437,0.27538913,0.6061875,0.024755409,0.5137165,-0.67306715,0.0151356505,0.39593947,-0.34131545,-0.009823726,-0.19363913,0.19019794,-0.5662098,1.2413516,0.49655694,0.5319161,1.2069459,0.072854206,-0.10160143,-1.2768587,0.83862174,-0.13947381,-0.49705154,0.49413034,0.32201466,0.31863472,-0.62800163,-0.6101487,0.045121565,0.21931721,-0.66353405,-0.40865377,0.267676,0.58712137,-0.638748,-1.1080363,0.44993144,0.8901871,0.37358,-0.80202395,-0.879762,-0.33741555,-0.73702556,0.77397,0.03593513,0.20779084,-0.9263008,0.7558571,-0.29364997,-0.37260133,0.38285312,0.21281737,-1.0856768,0.43181857,-0.20793878,1.0869155,-0.37234133,0.11375985,-0.7134528,-0.5420304,0.91817975,-0.78746426,-0.82680994,-0.5309374,0.37695995,-0.12127427,-0.29122335,1.0116907,0.54318243,-0.07057554,1.2111924,0.9533655,-0.680087,-0.53431726,0.4351985,-0.16989306,0.069300964,-0.039462984,-0.5440237,-0.10775461,-0.13106737,-0.4441862,0.50678337,1.1543405,0.51042324,-0.6432546,-0.8909417,0.92953277,-0.19285914,-0.62999487,0.9265862,-0.20525217,0.86106783,0.045641553,1.2429116,-1.1193893,-0.22769828,-0.31540275,-0.9938991,-0.24633114,-0.03998297,-0.15472677,-0.5960224,1.0376034,-0.6955999,0.5764616,-0.33351564,0.9782382,0.3350143,0.118439734,-0.26149744,-0.12578082,-0.87352216,0.24349661,0.1707851,-0.518371,0.3258279,-1.3044181,1.386948,0.36898682,-1.0904434,-0.25465095,-0.39314082,0.16220531,1.4863522,-0.25525758,0.26481608,0.6945853,-1.0454645,0.053874683,0.9768516,-0.5096179,-0.22293173,0.21810392,0.0772741,0.63002026,0.05300804,-0.5883093,0.29783526,0.47792408,0.9543188,-0.6445545,-0.6490611,-0.34842193,-0.08166859,1.0664628,0.0010960012,0.9684451,0.440745,0.60055435,1.0034577,-0.3924475,-0.6918733,1.3411891,-0.058702502,0.84078836,0.21810392,0.074934155,-1.2204401,1.0557163,0.5373759,0.43693176,0.7701568,-0.8631224,-0.6050355,-0.8723955,0.13117942,-0.13834718,1.384088,0.41179907,0.6868722,0.11124658,0.9709584,0.7672102,0.4475915,-0.83781636,0.11887306,-0.99381244,0.84269494,0.88498724,0.89729357,0.6002077,0.61494064,1.2592045,1.5087117,-0.10272807,0.47099093,-0.4968782,
1,0,0,0,0,0,0,0,0,0,0,0,0,0,0,0,0,0,0,0,0,0,0,0,0,0,0,0,0,0,0,0,0,0,0,0,0,0,0,0,0,0,0,0,0,0,0,0,0,0,0,0,0,0,0,0,0,0,0,0,0,0,0,0,0,0,0,0,0,0,0,0,0,0,0,0,0,0,0,0,0,0,0,0,0,0,0,0,0,0,0,0,0,0,0,0,0,0,0,0,0,0,0,0,0,0,0,0,0,0,0,0,0,0,0,0,0,0,0,0,0,0,0,0,0,0,0,0,0,0,0,0,0,0,0,0,0,0,0,0,0,0,0,0,0,0,0,0,0,0,0,0,0,0,0,0,0,0,0,0,0,0,0,0,0,0,0,0,0,0,0,0,0,0,0,0,0,0,0,0,0,0,0,0,0,0,0,0,0,0,0,0,0,0,0,0,0,0,0,0,0,0,0,0,0,0,0,0,0,0,0,0,0,0,0,0,0,0,0,0,0,0,0,0,0,0,0,0,0,0,0,0,0,0,0,0,0,0,0,0,0,0,0,0,0,0,0,0,0,0,0,0,0,0,0,0,0,0,0,0,0,0,0,0,0,0,0,0,0,0,0,0,0,0,0,0,0,0,0,0,0,0,0,0,0,0,0,0,0,0,0,0,0,0,0,0,0,0,0,0,0,0,0,0,0,0,0,0,0,0,0,0,0,0,0,0,0,0,0,0,0,0,0,0,0,0,0,0,0,0,0,0,0,0,0,0,0,0,0,0,0,0,0,0,0,0,0,0,0,0,0,0,0,0,0,0,0,0,0,0,0,0,0,0,0,0,0,0,0,0,0,0,0,0,0,0,0,0,0,0,0,0,0,0,0,0,0,0,0,0,0,0,0,0,0,0,0,0,0,0,0,0,0,0,0,0,0,0,0,0,0,0,0,0,0,0,0,0,0,0,0,0,0,0,0,0,0,0,0,0,0,0,0,0,0,0,0,0,0,0,0,0,0,0,0,0,0,0,0,0,0,0,0,0,0,0,0,0,0,0,0,0,0,0,0,0,0,0,0,0,0,0,0,0,0,0,0,0,0,0,0,0,0,0,0,0,0,0,0,0,0,0,0,0,0,0,0,0,0,0,0,0,0,0,0,0,0,0,0,0,0,0,0,0,0,0,0,0,0,0,0,0,0,0,0,0,0,0,0,0,0,0,0,0,0,0,0,0,0,0,0,0,0,0,0,0,0,0,0,0,0,0,0,0,0,0,0,0,0,0,0,0,0,0,0,0,0,0,0,0,0,0,0,0,0,0,0,0,0,0,0,0,0,0,0,0,0,0,0,0,0,0,0,0,0,0,0,0,0,0,0,0,0,0,0,0,0,0,0,0,0,0,0,0,0,0,0,0,0,0,0,0,0,0,0,0,0,0,0,0,0,0,0,0,0,0,0,0,0,0,0,0,0,0,0,0,0,0,0,0,0,0,0,0,0,0,0,0,0,0,0,0,0,0,0,0,0,0,0,0,0,0,0,0,0,0,0,0,0,0,0,0,0,0,0,0,0,0,0,0,0,0,0,0,0,0,0,0,0,0,0,0,0,0,0,0,0,0,0,0,0,0,0,0,0,0,0,0,0,0,0,0,0,0,0,0,0,0,0,0,0,0,0,0,0,0,0,0,0,0,0,0,0,0,0,0,0,0,0,0,0,0,0,0,0,0,0,0,0,0,0,0,0,0,0,0,0,0,0,0,0,0,0,0,0,0,0,0,0,0,0,0,0,0,0,0,0,0,0,0,0,0,0,0,0,0,0,0,0,0,0,0,0,0,0,0,0,0,0,0,0,0,0,0,0,0,0,0,0,0,0,0,0,0,0,0,0,0,0,0,0,0,0,0,0,0,0,0,0,0,0,0,0,0,0,0,0,0,0,0,0,0,0,0,0,0,0,0,0,0,0,0,0,0,0,0,0,0,0,0,0,0,0,0,0,0,0,0,0,0,0,0,0,0,0,0,0,0,0,0,0,0,0,0,0,0,0,0,0,0,0,0,0,0,0,0,0,0,0,0,0,0,0,0,0,0,0,0,0,0,0,0,0,0,0,0,0,0,0,0,0,0,0,0,0,0,0,0,0,0,0,0,0,0,0,0,0,0,0,0,0,0,0,0,0,0,0,0,0,0,0,0,0,0,0,0,0,0,0,0,0,0,0,0,0,0,0,0,0,0,0,0,0,0,0,0,0,0,0,0,0,0,0,0,0,0,0,0,0,0,0,0,0,0,0,0,0,0,0,0,0,0,0,0,0,0,0,0,0,0,0,0,0,0,0,0,0,0,0,0,0,0,0,0,0,0,0,0,0,0,0,0,0,0,0,0,0,0,0,0,0,0,0,0,0,0,0,0,0,0,0,0,0,0,0,0,0,0,0,0,0,0,0,0,0,0,0,0,0,0,0,0,0,0,0,0,0,0,0,0,0,0,0,0,0,0,0,0,0,0,0,0,0,0,0,0,0,0,0,0,0,0,0,0,0,0,0,0,0,0,0,0,0,0,0,0,0,0,0,0,0,0,0,0,0,0,0,0,0,0,0,0,0,0,0,0,0,0,0,0,0,0,0,0,0,0,0,0,0,0,0,0,0,0,0,0,0,0,0,0,0,0,0,0,0,0,0,0,0,0,0,0,0,0,0,0,0,0,0,0,0,0,0,0,0,0,0,0,0,0,0,0,0,0,0,0,0,0,0,0,0,0,0,0,0,0,0,0,0,0,0,0,0,0,0,0,0,0,0,0,0,0,0,0,0,0,0,0,0,0,0,0,0,0,0,0,0,0,0,0,0,0,0,0,0,0,0,0,0,0,0,0,0,0,0,0,0,0,0,0,0,0,0,0,0,0,0,0,0,0,0,0,0,0,0,0,0,0,0,0,0,0,0,0,0,0,0,0,0,0,0,0,0,0,0,0,0,0,0,0,0,0,0,0,0,0,0,0,0,0,0,0,0,0,0,0,0,0,0,0,0,0,0,0,0,0,0,0,0,0,0,0,0,0,0,0,0,0,0,0,0,0,0,0,0,0,0,0,0,0,0,0,0,0,0,0,0,0,0,0,0,0,0,0,0,0,0,0,0,0,0,0,0,0,0,0,0,0,0,0,0,0,0,0,0,0,0,0,0,0,0,0,0,0,0,0,0,0,0,0,0,0,0,0,0,0,0,0,0,0,0,0,0,0,0,0,0,0,0,0,0,0,0,0,0,0,0,0,0,0,0,0,0,0,0,0,0,0,0,0,0,0,0,0,0,0,0,0,0,0,0,0,0,0,0,0,0,0,0,0,0,0,0,0,0,0,0,0,0,0,0,0,0,0,0,0,0,0,0,0,0,0,0,0,0,0,0,0,0,0,0,0,0,0,0,0,0,0,0,0,0,0,0,0,0,0,0,0,0,0,0,0,0,0,0,0,0,0,0,0,0,0,0,0,0,0,0,0,0,0,0,0,0,0,0,0,0,0,0,0,0,0,0,0,0,0,0,0,0,0,0,0,0,0,0,0,0,0,0,0,0,0,0,0,0,0,0,0,0,0,0,0,0,0,0,0,0,0,0,0,0,0,0,0,0,0,0,0,0,0,0,0,0,0,0,0,0,0,0,0,0,0,0,0,0,0,0,0,0,0,0,0,0,0,0,0,0,0,0,0,0,0,0,0,0,0,0,0,0,0,0,0,0,0,0,0,0,0,0,0,0,0,0,0,0,0,0,0,0,0,0,0,0,0,0,0,0,0,0,0,0,0,0,0,0,0,0,0,0,0,0,0,0,0,0,0,0,0,0,0,0,0,0,0,0,0,0,0,0,0,0,0,0,0,0,0,0,0,0,0,0,0,0,0,0,0,0,0,0,0,0,0,0,0,0,0,0,0,0,0,0,0,0,0,0,0,0,0,0,0,0,0,0,0,0,0,0,0,0,0,0,0,0,0,0,0,0,0,0,0,0,0,0,0,0,0,0,0,0,0,0,0,0,0,0,0,0,0,0,0,0,0,0,0,0,0,0,0,0,0,0,0,0,0,0,0,0,0,0,0,0,0,0,0,0,0,0,0,0,0,0,0,0,0,0,0,0,0,0,0,0,0,0,0,0,0,0,0,0,0,0,0,0,0,0,0,0,0,0,0,0,0,0,0,0,0,0,0,0,0,0,0,0,0,0,0,0,0,0,0,0,0,0,0,0,0,0,0,0,0,0,0,0,0,0,0,0,0,0,0,0,0,0,0,0,0,0,0,0,0,0,0,0,0,0,0,0,0,0,0,0,0,0,0,0,0,0,0,0,0,0,0,0,0,0,0,0,0,0,0,0,0,0,0,0,0,0,0,0,0,0,0,0,0,0,0,0,0,0,0,0,0,0,0,0,0,0,0,0,0,0,0,0,0,0,0,0,0,0,0,0,0,0,0,0,0,0,0,0,0,0,0,0,0,0,0,0,0,0,0,0,0,0,0,0,0,0,0,0,0,0,0,0,0,0,0,0,0,0,0,0,0,0,0,0,0,0,0,0,0,0,0,0,0,0,0,0,0,0,0,0,0,0,0,0,0,0,0,0,0,0,0,0,0,0,0,0,0,0,0,0,0,0,0,0,0,0,0,0,0,0,0,0,0,0,0,0,0,0,0,0,0,0,0,0,0,0,0,0,0,0,0,0,0,0,0,0,0,0,0,0,0,0,0,0,0,0,0,0,0,0,0,0,0,0,0,0,0,0,0,0,0,0,0,0,0,0,0,0,0,0,0,0,0,0,0,0,0,0,0,0,0,0,0,0,0,0,0,0,0,0,0,0,0,0,0,0,0,0,0,0,0,0,0,0,0,0,0,0,0,0,0,0,0,0,0,0,0,0,0,0,0,0,0,0,0,0,0,0,0,0,0,0,0,0,0,0,0,0,0,0,0,0,0,0,0,0,0,0,0,0,0,0,0,0,0,0,0,0,0,0,0,0,0,0,0,0,0,0,0,0,0,0,0,0,0,0,0,0,0,0,0,0,0,0,0,0,0,0,0,0,0,0,0,0,0,0,0,0,0,0,0,0,0,0,0,0,0,0,0,0,0,0,0,0,0,0,0,0,0,0,0,0,0,0,0,0,0,0,0,0,0,0,0,0,0,0,0,0,0,0,0,0,0,0,0,0,0,0,0,0,0,0,0,0,0,0,0,0,0,0,0,0,0,0,0,0,0,0,0,0,0,0,0,0,0,0,0,0,0,0,0,0,0,0,0,0,0,0,0,0,0,0,0,0,0,0,0,0,0,0,0,0,0,0,0,0,0,0,0,0,0,0,0,0,0,0,0,0,0,0,0,0,0,0,0,0,0,0,0,0,0,0,0,0,0,0,0,0,0,0,0,0,0,0,0,0,0,0,0,0,0,0,0,0,0,0,0,0,0,0,0,0,0,0,0,0,0,0,0,0,0,0,0,0,0,0,0,0,0,0,0,0,0,0,0,0,0,0,0,0,0,0,0,0,0,0,0,0,0,0,0,0,0,0,0,0,0,0,0,0,0,0,0,0,0,0,0,0,0,0,0,0,0,0,0,0,0,0,0,0,0,0,0,0,0,0,0,0,0,0,0,0,0,0,0,0,0,0,0,0,0,0,0,0,0,0,0,0,0,0,0,0,0,0,0,0,0,0,0,0,0,0,0,0,0,0,0,0,0,0,0,0,0,0,0,0,0,0,0,0,0,0,0,0,0,0,0,0,0,0,0,0,0,0,0,0,0,0,0,0,0,0,0,0,0,0,0,0,0,0,0,0,0,0,0,0,0,0,0,0,0,0,0,0,0,0,0,0,0,0,0,0,0,0,0,0,0,0,0,0,0,0,0,0,0,0,0,0,0,0,0,0,0,0,0,0,0,0,0,0,0,0,0,0,0,0,0,0,0,0,0,0,0,0,0,0,0,0,0,0,0,0,0,0,0,0,0,0,0,0,0,0,0,0,0,0,0,0,0,0,0,0,0,0,0,0,0,0,0,0,0,0,0,0,0,0,0,0,0,0,0,0,0,0,0,0,0,0,0,0,0,0,0,0,0,0,0,0,0,0,0,0,0,0,0,0,0,0,0,0,0,0,0,0,0,0,0,0,0,0,0,0,0,0,0,0,0,0,0,0,0,0,0,0,0,0,0,0,0,0,0,0,0,0,0,0,0,0,0,0,0,0,0,0,0,0,0,0,0,0,0,0,0,0,0,0,0,0,0,0,0,0,0,0,0,0,0,0,0,0,0,0,0,0,0,0,0,0,0,0,0,0,0,0,0,0,0,0,0,0,0,0,0,0,0,0,0,0,0,0,0,0,0,0,0,0,0,0,0,0,0,0,0,0,0,0,0,0,0,0,0,0,0,0,0,0,0,0,0,0,0,0,0,0,0,0,0,0,0,0,0,0,0,0,0,0,0,0,0,0,0,0,0,0,0,0,0,0,0,0,0,0,0,0,0,0,0,0,0,0,0,0,0,0,0,0,0,0,0,0,0,0,0,0,0,0,0,0,0,0,0,0,0,0,0,0,0,0,0,0,0,0,0,0,0,0,0,0,0,0,0,0,0,0,0,0,0,0,0,0,0,0,0,0,0,0,0,0,0,0,0,0,0,0,0,0,0,0,0,0,0,0,0,0,0,0,0,0,0,0,0,0,0,0,0,0,0,0,0,0,0,0,0,0,0,0,0,0,0,0,0,0,0,0,0,0,0,0,0,0,0,0,0,0,0,0,0,0,0,0,0,0,0,0,0,0,0,0,0,0,0,0,0,0,0,0,0,0,0,0,0,0,0,0,0,0,0,0,0,0,0,0,0,0,0,0,0,0,0,0,0,0,0,0,0,0,0,0,0,0,0,0,0,0,0,0,0,0,0,0,0,0,0,0,0,0,0,0,0,0,0,0,0,0,0,0,0,0,0,0,0,0,0,0,0,0,0,0,0,0,0,0,0,0,0,0,0,0,0,0,0,0,0,0,0,0,0,0,0,0,0,0,0,0,0,0,0,0,0,0,0,0,0,0,0,0,0,0,0,0,0,0,0,0,0,0,0,0,0,0,0,0,0,0,0,0,0,0,0,0,0,0,0,0,0,0,0,0,0,0,0,0,0,0,0,0,0,0,0,0,0,0,0,0,0,0,0,0,0,0,0,0,0,0,0,0,0,0,0,0,0,0,0,0,0,0,0,0,0,0,0,0,0,0,0,0,0,0,0,0,0,0,0,0,0,0,0,0,0,0,0,0,0,0,0,0,0,0,0,0,0,0,0,0,0,0,0,0,0,0,0,0,0,0,0,0,0,0,0,0,0,0,0,0,0,0,0,0,0,0,0,0,0,0,0,0,0,0,0,0,0,0,0,0,0,0,0,0,0,0,0,0,0,0,0,0,0,0,0,0,0,0,0,0,0,0,0,0,0,0,0,0,0,0,0,0,0,0,0,0,0,0,0,0,0,0,0,0,0,0,0,0,0,0,0,0,0,0,0,0,0,0,0,0,0,0,0,0,0,0,0,0,0,0,0,0,0,0,0,0,0,0,0,0,0,0,0,0,0,0,0,0,0,0,0,0,0,0,0,0,0,0,0,0,0,0,0,0,0,0,0,0,0,0,0,0,0,0,0,0,0,0,0,0,0,0,0,0,0,0,0,0,0,0,0,0,0,0,0,0,0,0,0,0,0,0,0,0,0,0,0,0,0,0,0,0,0,0,0,0,0,0,0,0,0,0,0,0,0,0,0,0,0,0,0,0,0,0,0,0,0,0,0,0,0,0,0,0,0,0,0,0,0,0,0,0,0,0,0,0,0,0,0,0,0,0,0,0,0,0,0,0,0,0,0,0,0,0,0,0,0,0,0,0,0,0,0,0,0,0,0,0,0,0,0,0,0,0,0,0,0,0,0,0,0,0,0,0,0,0,0,0,0,0,0,0,0,0,0,0,0,0,0,0,0,0,0,0,0,0,0,0,0,0,0,0,0,0,0,0,0,0,0,0,0,0,0,0,0,0,0,0,0,0,0,0,0,0,0,0,0,0,0,0,0,0,0,0,0,0,0,0,0,0,0,0,0,0,0,0,0,0,0,0,0,0,0,0,0,0,0,0,0,0,0,0,0,0,0,0,0,0,0,0,0,0,0,0,0,0,0,0,0,0,0,0,0,0,0,0,0,0,0,0,0,0,0,0,0,0,0,0,0,0,0,0,0,0,0,0,0,0,0,0,0,0,0,0,0,0,0,0,0,0,0,0,0,0,0,0,0,0,0,0,0,0,0,0,0,0,0,0,0,0,0,0,0,0,0,0,0,0,0,0,0,0,0,0,0,0,0,0,0,0,0,0,0,0,0,0,0,0,0,0,0,0,0,0,0,0,0,0,0,0,0,0,0,0,0,0,0,0,0,0,0,0,0,0,0,0,0,0,0,0,0,0,0,0,0,0,0,0,0,0,0,0,0,0,0,0,0,0,0,0,0,0,0,0,0,0,0,0,0,0,0,0,0,0,0,0,0,0,0,0,0,0,0,0,0,0,0,0,0,0,0,0,0,0,0,0,0,0,0,0,0,0,0,0,0,0,0,0,0,0,0,0,0,0,0,0,0,0,0,0,0,0,0,0,0,0,0,0,0,0,0,0,0,0,0,0,0,0,0,0,0,0,0,0,0,0,0,0,0,0,0,0,0,0,0,0,0,0,0,0,0,0,0,0,0,0,0,-0.15463907,0.14847235,-0.070947625,0.995719,0.37991536,-1.7178186,1.6349113,-0.5896279,0.2328213,-0.9418646,0.8978442,1.1461006,-0.6302995,0.16537972,-0.008296459,-0.22414711,0.56307846,-0.005196776,0.94386977,0.118602686,-0.1140614,1.0976329,1.0981025,-0.2811625,-0.22320782,0.65165424,0.04458601,0.3904355,0.47732055,0.4585346,-0.32549736,0.5037148,0.74248433,-0.12138792,-1.0638794,0.29847822,-0.56332755,-0.28257143,0.027209,-0.2723331,0.934289,0.055106148,0.34243736,-0.009517546,0.35558754,0.20858742,-0.14890935,-0.110585995,-0.19230491,0.10742504,0.044116363,0.36150512,0.3876176,0.31144053,0.051724676,0.3208335,-0.4779454,-0.3183587,0.14959951,0.17871775,-0.007075371,0.13936117,-0.3211766,0.20924494,0.5604484,-0.22968897,-0.44694856,-0.02952459,0.124614194,0.09427487,-0.6157404,0.13165893,0.36216262,-0.06841152,-0.3452226,-0.19493495,-0.74461204,0.17026407,0.3769096,0.030872263,0.120857,0.15692604,-0.15755089,0.43354926,0.41100612,-0.10795596,-0.113403894,-0.00801467,-0.33611143,-0.13838921,-0.26425514,0.20154269,0.2615638,0.040359173,0.50794166,-0.51185405,0.3754067,0.1076129,0.028430087,0.7511259,0.49244323,-0.39932618,0.38836902,0.24803793,-0.08466138,-0.12176364,-0.37791017,0.14809664,0.1735516,0.054448638,-0.02548561,-0.18450874,-0.32192802,-0.40862522,-0.12439368,-0.55524963,-0.23194328,0.27612293,0.2239919,-0.1408314,-0.22809216,0.20191841,-0.058548894,0.14819057,0.14264871,0.28636128,-0.26115546,0.19891265,0.2700175,0.020164266,-0.43520734,-0.30718103,-0.18460266,0.14659376,-0.166756,-0.15125759,-0.06841152,-0.0109264925,0.018003883,-0.24631454,0.20492417,-0.271112,0.27039322,-0.21832347,-0.12298473,0.1687612,-0.29140085,0.4831442,0.14931773,-0.49832815,-0.18150298,-0.49241057,-0.017501578,0.39682272,-0.4107856,-0.05770353,0.09944101,0.0697592,-0.43934026,-0.18413302,-0.132002,0.27762583,0.16265576,-0.28895867,0.30486545,0.17561807,-0.12166971,0.020446057,0.3339837,-0.15088187,-0.09771761,-0.33056957,0.0021297478,0.5317998,-0.12307866,0.087887645,-0.18450874,0.3699588,0.5197768,-0.25476822,-0.1428039,0.18040848,-0.07771057,-0.079683095,0.048155345,0.29575425,-0.26087365,0.05003394,-0.38533062,-0.2032947,-0.18356945,-0.1289023,0.5936996,-0.25655288,-0.027645994,0.03744735,0.35295752,0.046464607,-0.057421736,0.36094153,0.28974277,0.05858155,-0.12786908,0.17881168,-0.026143119,0.3321051,-0.19371386,0.11785124,0.026833283,-0.049155917,0.13832794,-0.0100811245,-0.23570047,-0.035630025,0.31989422,0.11803911,0.09380522,-0.23372795,-0.26284617,0.0281483,-0.5615429,-0.06305753,0.14001867,-0.2048915,0.12395668,-0.35283092,0.09399308,-0.100159794,0.29566035,0.12545955,0.27452612,-0.045586586,0.06365376,0.32562393,0.00025115212,0.10160139,0.25057402,0.23582706,0.115503,0.14152156,-0.05610672,-0.17154643,0.06853811,-0.12646013,0.124614194,-0.35067055,-0.20677009,0.08103077,-0.08475531,0.12658672,-0.13791956,-0.24762955,0.034159806,-0.42074215,0.32111531,0.1120276,-0.028303504,0.07098028,-0.070853695,-0.3776284,0.25837022,0.33886802,0.08290937,0.034723382,-0.10401091,0.016594935,0.18069027,-0.30783856,-0.04812269,0.017158514,-0.07263836,0.35089105,0.02317002,0.026739351,-0.031027468,-0.0017213734,0.0697592,-0.39425397,-0.02529775,0.10169532,-0.2543925,0.07238923,0.1419912,0.26287884,-0.21428448,0.07642821,-0.12505119,0.16791582,0.17852989,-0.37142903,-0.3531127,-0.19192919,0.14574839,0.34525526,0.07238923,-0.31225324,0.030120825,-0.1380135,-0.10044158,0.030966192,0.111370094,0.28823987,-0.042299043,-0.1210122,-0.35114017,-0.20601866,-0.30952927,-0.5169262,0.2851402,0.342907,0.424532,-0.15510872,0.36789235,0.050973237,0.015561707,-0.11913361,0.440594,-0.089827515,-0.15492086,0.24089926,0.1710155,0.17148516,0.003444765,0.20266984,0.23376061,-0.07911952,-0.4925045,0.04533745,-0.030276028,0.15889856,0.20398486,-0.04192332,-0.2086487,0.37634602,-0.07273229,0.012555954,0.5348056,0.25611588,-0.3905907,-0.29459444,-0.3239945,-0.099878,0.026269704,0.081970066,0.14603019,-0.20066467,-0.35480344,0.016125286,0.1322225,-0.02539168,-0.24058482,-0.059206404,-0.18516625,0.031154051,0.020070337,-0.24283914,-0.0248281,0.02767865,0.06205695,0.0016600989,0.19083469,-0.058173176,-0.22386532,-0.13247164,0.15006916,-0.48038757,0.46285537,-0.041359745,0.13898546,0.016219215,-0.36231783,-0.10513807,0.0697592,0.0054172906,-0.24218163,0.7332792,0.22070436,0.0068262373,0.19703406,0.02758472,-0.20986979,-0.3935025,0.24503218,0.23385453,0.061493374,-0.017877297,-0.1521969,-0.05516742,-0.22236244,-0.16440776,0.21093567,0.32562393,0.07680393,-0.11547035,-0.1856359,0.4538381,0.07558284,-0.0010638649,-0.036757182,0.26823282,-0.09790548,-0.36166033,0.115503,-0.054603845,-0.22593178,-0.19023846,0.10357392,0.17909347,0.20248199,-0.23354009,-0.09057895,-0.16807103,0.3397134,-0.15736303,-0.14627932,0.254613,0.06656558,0.49197358,0.3018597,-0.009893265,-0.3000424,0.042237766,-0.08907608,-0.025955258,-0.08456744,-0.1184761,0.42622274,-0.123736165,-0.19512281,-0.18789022,-0.18657519,-0.26866984,0.13992475,0.0041962033,-0.3858942,-0.07855594,-0.09565116,0.2346999,-0.027739925,0.09408701,-0.20188574,-0.2237714,-0.14505823,0.090799466,0.108552195,-0.054322053,0.21506858,-0.010738633,-0.076677345,-0.07733485,-0.16431384,0.13635541,-0.19080204,-0.14674896,-0.2906494,-0.3893696,-0.04755911,-0.11584607,0.003914414,-0.17070106,0.10751897,-0.00087600533,0.1993823,-0.02557954,0.08751193,0.20436057,-0.463762,-0.521247,0.0880755,0.095214166,0.10366785,0.21328391,0.051630747,0.15852284,0.39381695,-0.18901737,0.22211331,-0.24199377,0.11625444,-0.0016274436,-0.1184761,-0.17990617,-0.23109792,-0.0204134,0.07304674,-0.20404613,0.07520712,-0.005478565,0.08168828,0.0066383774,0.10188318,-0.1970014,0.31529167,-0.07846201,0.15626852,0.14377587,-0.25420463,-0.29572162,-0.13857707,0.08027933,-0.02163449,-0.06709651,-0.21381484,-0.11471891,0.06543843,-0.06719044,-0.46808276,-0.20423399,0.008516974,-0.022855576,-0.05103451,0.025236476,-0.29863343,-0.092927195,0.3383984,-0.039856866,-0.08193741,-0.14646718,0.078964315,0.055575795,0.24907117,-0.30286026,-0.019286243,-0.23710942,-0.38570634,0.15795927,0.010301639,-0.013368667,0.5219372,0.047216047,0.09277199,0.21018423,-0.16224737,-0.2808807,-0.19221099,0.03566268,-0.12646013,0.22032864,0.12987426,0.021009635,0.05416685,-0.028961012,-0.0022849522,-0.063621104,0.0016600989,-0.03384536,-0.06841152,0.024578966,0.047685694,-0.07611377,0.31876707,0.19384044,0.12855925,-0.012992948,-0.0046331966,-0.076677345,0.028524019,0.06393555,0.022700371,0.011147007,0.46435824,-0.18394516,-0.09180004,0.14903593,-0.023700943,-0.16722566,-0.10138088,0.0061687287,0.25038618,-0.42036644,-0.27853245,-0.0109264925,-0.08071633,0.07699179,-0.35640025,0.13926724,-0.12016684,-0.12523904,0.15927428,-0.13998602,-0.06888117,-0.23241293,0.21300212,0.32675108,-0.23917587,0.0040083434,-0.25307748,-0.05187988,-0.03938722,0.09605954,-0.08785499,-0.28952223,-0.018440876,0.08845122,0.20483023,-0.037978273,-0.33442068,-0.119603254,0.09493238,-0.07414124,-0.11274638,-0.19484101,0.15382636,-0.058736753,-0.63443244,0.049188573,-0.20338863,0.38235754,0.3755946,0.37728533,0.42340484,-0.112088874,0.3128495,-0.277781,-0.12138792,-0.19906786,0.10047424,-0.16346847,0.15965,-0.055637073,-0.19399565,0.31482202,-0.13594703,0.073422454,0.08957838,0.577074,-0.09123646,0.19074076,0.003820484,-0.14881542,-0.040420447,0.23864496,0.1728941,-0.25326535,0.04064096,0.012462025,-0.21287553,-0.042392973,0.0757707,-0.25523788,0.09709276,0.2182622,-0.053664546,-0.06305753,0.05482436,-0.044929076,-0.009611475,-0.14740647,-0.110773854,0.002411537,-0.07160514,0.013401322,-0.17361288,0.056045447,-0.057515666,-0.26425514,0.27152038,-0.105983436,-0.10673488,0.118602686,-0.23710942,0.1612468,-0.3855185,-0.16600457,-0.09912656,-0.3471012,0.22549479,0.3208335,0.20332736,-0.49344382,0.50230587,0.12405061,-0.25364107,0.48042023,-0.107298456,-0.3256852,-0.08447351,-0.05695209,-0.12561476,0.05914513,-0.60522026,0.48276848,0.13494647,-0.19681354,0.013307393,-0.33169672,0.06966527,-0.08475531,0.10704932,-0.12298473,-0.47531536,0.099534936,-0.28228965,0.0918327,0.093711294,-0.17154643,0.28091335,-0.057797458,-0.26181296,0.1851989,-0.1121828,0.010113779,-0.30567816,-0.013744386,-0.101568736,-0.06061535,0.12630492,-0.1282448,0.2151625,-0.20169789,0.35493004,-0.10654701,0.26325455,-0.06812973,-0.047746968,0.29913574,0.061023723,0.20595738,0.03237514,-0.09076681,0.2917153,-0.12148185,-0.17511576,-0.17906082,0.13457075,-0.17004356,0.37568852,0.32881755,0.06525057,0.09737455,0.35032746,-0.25523788,-0.06709651,0.002505467,0.12630492,-0.10372912,0.23873888,-0.23880015,-0.13557132,0.109867215,0.24550183,0.13391323,0.01020771,-0.010268984,-0.3115018,-0.15050615,0.14349408,-0.019568034,-0.21898097,-0.22076564,-0.11255852,0.1817235,-0.085600674,0.2233344,-0.0011577947,-0.23044041,-0.018816594,-0.19286849,-0.06268181,-0.12899624,0.10883398,-0.044459425,0.56599027,-0.0654997,0.0031629754,-0.16778924,-0.091330394,0.01884925,0.07595856,0.21253248,0.38301504,-0.02604919,-0.17154643,0.28683093,0.048437133,-0.10945884,-0.0989387,0.16547365,0.12987426,-0.017689437,0.055763658,-0.026894556,0.026457563,0.11343654,-0.24321486,0.01894318,0.35802972,0.13194071,-0.2749631,-0.106077366,0.27199003,0.29913574,-0.22085957,-0.10560772,-0.09903263,0.2511376,0.35211214,0.06393555,0.35906294,0.20529988,0.19506153,-0.03779041,-0.15369977,0.0099259205,-0.1768065,0.023827529,0.07060456,0.23789352,-0.000594216,-0.15614194,-0.105232,-0.032342482,-0.01214758,-0.063527174,-0.114906766,-0.26106152,0.0010025904,0.14264871,-0.37161687,-0.055637073,-0.13726206,0.25376764,0.1652858,0.4249077,0.049094643,-0.13744992,0.20896314,-0.34437725,-0.2698909,-0.07385945,-0.23457332,-0.3502009,0.25498873,-0.2926219,0.33060223,0.042331696,-0.02999424,-0.13472596,0.017064584,-0.00773288,0.1511024,-0.088418566,0.21788646,0.12442633,0.11493942,-0.16694386,0.25611588,0.3072137,0.07624035,0.14462124,0.09164484,0.047122117,0.20201233,-0.13848314,-0.07893166,0.06806846,-0.3581849,0.27809545,-0.31629223,0.022982161,0.03369016,-0.23926981,-0.049249846,-0.041735463,0.17580593,-0.11227673,-0.44572747,0.22859447,-0.036945045,0.061023723,0.25320408,0.02326395,0.17824809,-0.19221099,0.11597265,0.07182565,-0.05159809,-0.30567816,-0.18366337,-0.058830686,0.007859465,0.044773873,-0.04727732,0.28495234,0.023076091,-0.22395925,0.44547835,-0.3120654,0.11522121,-0.0778045,-0.045586586,-0.016656209,-0.27655992,0.09277199,-0.23466724,0.13175285,0.48737103,-0.12185757,0.09352343,-0.037978273,0.05482436,-0.412946,-0.22038992,0.20623918,-0.3234309,-0.31385005,-0.103165545,0.009174482,0.051442888,0.008423043,-0.1428039,0.002881186,0.262691,-0.29450053,-0.16468956,-0.1784033,-0.088324636,-0.3215523,-0.22489855,-0.41933322,0.17496055,0.11587872,0.17721488,-0.024264522,0.035944473,-0.010175054,0.060460147,-0.1468429,-0.09189397,-0.214942,-0.044741217,0.08074898,0.18961361,-0.30755675,-0.23551261,-0.3376143,-0.05244346,0.030684404,0.08676048,-0.26895162,0.118790545,-0.11265245,-0.19286849,-0.10654701,0.024954686,-0.31854653,-0.15097581,0.18050241,0.1110883,-0.21785381,-0.023700943,0.022136793,-0.31948584,-0.43943417,-0.07122941,0.15777141,0.24756828,-0.094148286,0.044022433,0.03566268,-0.17013748,-0.027270276,-0.101662666,0.12489598,-0.08597639,0.320176,-0.07357766,0.020446057,0.056515094,-0.094148286,0.18951967,0.04167419,0.3430949,0.102540694,-0.5188988,-0.19568639,0.08986017,-0.06437254,-0.23842444,0.182381,-0.10532593,-0.08700962,-0.04699553,-0.28266537,-0.19484101,-0.37002006,0.11616051,0.06947741,0.05473043,-0.14411893,0.20830563,-0.14872149,0.0070140967,-0.09217576,0.1508206,-0.07292015,-0.42271468,-0.1679771,0.20436057,0.14077011,0.073328525,0.0037265543,0.21920149,-0.36588717,0.11982377,-0.0047271266,-0.3218341,-0.04708946,-0.07827415,-0.518617,0.3504214,0.29753894,-0.10551379,0.020164266,-0.20658223,0.27837726,0.030966192,-0.25429857,-0.085224956,-0.009517546,-0.20057073,0.17777845,0.11061865,0.21610181,1.1292872,-0.11124351,-1.2296655,0.9372947,0.6377526,0.6565386,-0.4823601,0.060554076,0.39372304,-0.22940718,0.700122,-0.643074,0.27668652,0.71825045,-0.2805989,-0.027364206,0.8555758,0.1356979,-0.36429036,-0.43201372,0.85886335,0.47036973,-0.21437842,-0.79505235,-0.26162508,0.49281895,0.20529988,-0.89536935,0.71346,-0.8491559,0.29753894,0.018003883,-0.47146425,-0.37837982,-0.26387942,0.054448638,0.010489499,0.16810368,0.74539614,0.45505917,-0.39190573,0.30505332,1.0207044,-0.008108599,0.53536916,0.21112353,0.43862146,-0.5549678,0.24747436,0.73177636,0.86675346,0.016501006,0.44322404,-0.02999424,-0.23645191,0.09944101,0.25714913,-0.1695739,0.1145637,-0.5583493,-0.12166971,-0.9204486,1.322219,-0.10495021,-1.0862347,-0.78293544,1.264546,0.50343305,-0.7601105,0.16829154,-0.22292602,0.35342714,0.1243324,0.5302969,-0.5223742,0.83049655,0.90874004,-0.68243057,-0.24960208,0.31482202,-0.7207539,-0.7479935,0.7814652,0.5592273,-0.2077094,0.9306257,0.5412867,-0.36673254,-1.1470072,1.2324221,0.015467778,-0.51382655,-1.0717695,-0.6420407,-0.21898097,-0.81055075,0.10629788,-0.13594703,0.45712563,0.56908995,-0.36297533,0.6951437,0.009550201,-0.6952989,0.14696948,0.69082296,0.6405705,0.8689138,0.3204578,-0.6627053,0.15147811,-0.5497078,1.2439755,-0.34634978,-0.2367337,-0.046244092,0.08422438,-0.38645777,0.30486545,-0.22264424,-0.45126933,-0.1537937,-0.6478644,0.17552413,0.44181508,-0.093115054,-0.9947471,0.30984372,
0,0,0,0,0,0,0,0,0,0,0,0,0,0,0,0,0,1,0,1,0,0,0,0,0,0,0,0,0,0,0,0,0,0,0,0,0,0,0,0,0,0,0,0,0,0,0,0,0,0,0,0,0,0,0,0,0,0,0,0,0,0,0,0,0,0,0,0,0,0,0,0,0,0,0,0,0,0,0,0,0,0,0,0,0,0,0,0,0,0,0,0,0,0,0,0,0,0,0,0,0,0,0,0,0,0,0,0,0,0,0,0,0,0,0,0,0,0,0,0,0,0,0,0,0,0,0,0,0,0,0,0,0,0,0,0,0,0,0,0,0,0,0,1,0,0,0,0,0,0,0,0,0,0,0,0,0,0,0,0,0,0,0,0,0,0,0,0,0,0,0,0,0,0,0,0,0,0,0,0,0,0,0,0,0,0,0,0,0,0,0,0,0,0,0,0,0,0,0,0,0,0,0,0,0,0,0,0,0,0,0,0,0,0,0,0,0,0,0,0,0,0,0,0,0,0,0,0,0,0,0,0,0,0,0,0,0,0,0,0,0,0,0,0,0,0,0,0,0,0,0,0,0,0,0,0,0,0,0,0,0,0,0,0,0,0,0,0,0,0,0,0,0,0,0,0,0,0,0,0,0,0,0,0,0,0,0,0,0,0,0,0,0,0,0,0,0,0,0,0,0,0,0,0,0,0,0,0,0,0,0,0,0,0,0,0,0,0,0,0,0,0,0,0,0,0,0,0,0,0,0,0,0,0,0,0,0,0,0,0,0,0,0,0,0,0,0,0,0,0,0,0,0,0,0,0,0,0,0,0,0,0,0,0,0,0,0,0,0,0,0,0,0,0,0,0,0,0,0,0,0,0,0,0,0,0,0,0,0,0,0,0,0,0,0,0,0,0,0,0,0,0,0,0,0,0,0,0,0,0,0,0,0,0,0,0,0,0,0,0,0,0,0,0,0,0,0,0,0,0,0,0,0,0,0,0,0,0,0,0,0,0,0,0,0,0,0,0,0,0,0,0,0,0,0,0,0,0,0,0,0,0,0,0,0,0,0,0,0,0,0,0,0,0,0,0,0,0,0,0,0,0,0,0,0,0,0,0,0,0,0,0,0,0,0,0,0,0,0,0,0,0,0,0,0,0,0,0,0,0,0,0,0,0,0,0,0,0,0,0,0,0,0,0,0,0,0,0,0,0,0,0,0,0,0,0,0,0,0,0,0,0,0,0,0,0,0,0,0,0,0,0,0,0,0,0,0,0,0,0,0,0,0,0,0,0,0,0,0,0,0,0,0,0,0,0,0,0,0,0,0,0,0,0,0,0,0,0,0,0,0,0,0,0,0,0,0,0,0,0,0,0,0,0,0,0,0,0,0,0,0,0,0,0,0,0,0,0,0,0,0,0,0,0,0,0,0,0,0,0,0,0,0,0,0,0,0,0,0,0,0,0,0,0,0,0,0,0,0,0,0,0,0,0,0,0,0,0,0,0,0,0,0,0,0,0,0,0,0,0,0,0,0,0,0,0,0,0,0,0,0,0,0,0,0,0,0,0,0,0,0,0,0,0,0,0,0,0,0,0,0,0,0,0,0,0,0,0,0,0,0,0,0,0,0,0,0,0,0,0,0,0,0,0,0,0,0,0,0,0,0,0,0,0,0,0,0,0,0,0,0,0,0,0,0,0,0,0,0,0,0,0,0,0,0,0,0,0,0,0,0,0,0,0,0,0,0,0,0,0,0,0,0,0,0,0,0,0,0,0,0,0,0,0,0,0,0,0,0,0,0,0,0,0,0,0,0,0,0,0,0,0,0,0,0,0,0,0,0,0,0,0,0,0,0,0,0,0,0,0,0,0,0,0,0,0,0,0,0,0,0,0,0,0,0,0,0,0,0,0,0,0,0,0,0,0,0,0,0,0,0,0,0,0,0,0,0,0,0,0,0,0,0,0,0,0,0,0,0,0,0,0,0,0,0,0,0,0,0,0,0,0,0,0,0,0,0,0,0,0,0,0,0,0,0,0,0,0,0,0,0,0,0,0,0,0,0,0,0,0,0,0,0,0,0,0,0,0,0,0,0,0,0,0,0,0,0,0,0,0,0,0,0,0,0,0,0,0,0,0,0,0,0,0,0,0,0,0,0,0,0,0,0,0,0,0,0,0,0,0,0,0,0,0,0,0,0,0,0,0,0,0,0,0,0,0,0,0,0,0,0,0,0,0,0,0,0,0,0,0,0,0,0,0,0,0,0,0,0,0,0,0,0,0,0,0,0,0,0,0,0,0,0,0,0,0,0,0,0,0,0,0,0,0,0,0,0,0,0,0,0,0,0,0,0,0,0,0,0,0,0,0,0,0,0,0,0,0,0,0,0,0,0,0,0,0,0,0,0,0,0,0,0,0,0,0,0,0,0,0,0,0,0,0,0,0,0,0,0,0,0,0,0,0,0,0,0,0,0,0,0,0,0,0,0,0,0,0,0,0,0,0,0,0,0,0,0,0,0,0,0,0,0,0,0,0,0,0,0,0,0,0,0,0,0,0,0,0,0,0,0,0,0,0,0,0,0,0,0,0,0,0,0,0,0,0,0,0,0,0,0,0,0,0,0,0,0,0,0,0,0,0,0,0,0,0,0,0,0,0,0,0,0,0,0,0,0,0,0,0,0,0,0,0,0,0,0,0,0,0,0,0,0,0,0,0,0,0,0,0,0,0,0,0,0,0,0,0,0,0,0,0,0,0,0,0,0,0,0,0,0,0,0,0,0,0,0,0,0,0,0,0,0,0,0,0,0,0,0,0,0,0,0,0,0,0,0,0,0,0,0,0,0,0,0,0,0,0,0,0,0,0,0,0,0,0,0,0,0,0,0,0,0,0,0,0,0,0,0,0,0,0,0,0,0,0,0,0,0,0,0,0,0,0,0,0,0,0,0,0,0,0,0,0,0,0,0,0,0,0,0,0,0,0,0,0,0,0,0,0,0,0,0,0,0,0,0,0,0,0,0,0,0,0,0,0,0,0,0,0,0,0,0,0,0,0,0,0,0,0,0,0,0,0,0,0,0,0,0,0,0,0,0,0,0,0,0,0,0,0,0,0,0,0,0,0,0,0,0,0,0,0,0,0,0,0,0,0,0,0,0,0,0,0,0,0,0,0,0,0,0,0,0,0,0,0,0,0,0,0,0,0,0,0,0,0,0,0,0,0,0,0,0,0,0,0,0,0,0,0,0,0,0,0,0,0,0,0,0,0,0,0,0,0,0,0,0,0,0,0,0,0,0,0,0,0,0,0,0,0,0,0,0,0,0,0,0,0,0,0,0,0,0,0,0,0,0,0,0,0,0,0,0,0,0,0,0,0,0,0,0,0,0,0,0,0,0,0,0,0,0,0,0,0,0,0,0,0,0,0,0,0,0,0,0,0,0,0,0,0,0,0,0,0,0,0,0,0,0,0,0,0,0,0,0,0,0,0,0,0,0,0,0,0,0,0,0,0,0,0,0,0,0,0,0,0,0,0,0,0,0,0,0,0,0,0,0,0,0,0,0,0,0,0,0,0,0,0,0,0,0,0,0,0,0,0,0,0,0,0,0,0,0,0,0,0,0,0,0,0,0,0,0,0,0,0,0,0,0,0,0,0,0,0,0,0,0,0,0,0,0,0,0,0,0,0,0,0,0,0,0,0,0,0,0,0,0,0,0,0,0,0,0,0,0,0,0,0,0,0,0,0,0,0,0,0,0,0,0,0,0,0,0,0,0,0,0,0,0,0,0,0,0,0,0,0,0,0,0,0,0,0,0,0,0,0,0,0,0,0,0,0,0,0,0,0,0,0,0,0,0,0,0,0,0,0,0,0,0,0,0,0,0,0,0,0,0,0,0,0,0,0,0,0,0,0,0,0,0,0,0,0,0,0,0,0,0,0,0,0,0,0,0,0,0,0,0,0,0,0,0,0,0,0,0,0,0,0,0,0,0,0,0,0,0,0,0,0,0,0,0,0,0,0,0,0,0,0,0,0,0,0,0,0,0,0,0,0,0,0,0,0,0,0,0,0,0,0,0,0,0,0,0,0,0,0,0,0,0,0,0,0,0,0,0,0,0,0,0,0,0,0,0,0,0,0,0,0,0,0,0,0,0,0,0,0,0,0,0,0,0,0,0,0,0,0,0,0,0,0,0,0,0,0,0,0,0,0,0,0,0,0,0,0,0,0,0,0,0,0,0,0,0,0,0,0,0,0,0,0,0,0,0,0,0,0,0,0,0,0,0,0,0,0,0,0,0,0,0,0,0,0,0,0,0,0,0,0,0,0,0,0,0,0,0,0,0,0,0,0,0,0,0,0,0,0,0,0,0,0,0,0,0,0,0,0,0,0,0,0,0,0,0,0,0,0,0,0,0,0,0,0,0,0,0,0,0,0,0,0,0,0,0,0,0,0,0,0,0,0,0,0,0,0,0,0,0,0,0,0,0,0,0,0,0,0,0,0,0,0,0,0,0,0,0,0,0,0,0,0,0,0,0,0,0,0,0,0,0,0,0,0,0,0,0,0,0,0,0,0,0,0,0,0,0,0,0,0,0,0,0,0,0,0,0,0,0,0,0,0,0,0,0,0,0,0,0,0,0,0,0,0,0,0,0,0,0,0,0,0,0,0,0,0,0,0,0,0,0,0,0,0,0,0,0,0,0,0,0,0,0,0,0,0,0,0,0,0,0,0,0,0,0,0,0,0,0,0,0,0,0,0,0,0,0,0,0,0,0,0,0,0,0,0,0,0,0,0,0,0,0,0,0,0,0,0,0,0,0,0,0,0,0,0,0,0,0,0,0,0,0,0,0,0,0,0,0,0,0,0,0,0,0,0,0,0,0,0,0,0,0,0,0,0,0,0,0,0,0,0,0,0,0,0,0,0,0,0,0,0,0,0,0,0,0,0,0,0,0,0,0,0,0,0,0,0,0,0,0,0,0,0,0,0,0,0,0,0,0,0,0,0,0,0,0,0,0,0,0,0,0,0,0,0,0,0,0,0,0,0,0,0,0,0,0,0,0,0,0,0,0,0,0,0,0,0,0,0,0,0,0,0,0,0,0,0,0,0,0,0,0,0,0,0,0,0,0,0,0,0,0,0,0,0,0,0,0,0,0,0,0,0,0,0,0,0,0,0,0,0,0,0,0,0,0,0,0,0,0,0,0,0,0,0,0,0,0,0,0,0,0,0,0,0,0,0,0,0,0,0,0,0,0,0,0,0,0,0,0,0,0,0,0,0,0,0,0,0,0,0,0,0,0,0,0,0,0,0,0,0,0,0,0,0,0,0,0,0,0,0,0,0,0,0,0,0,0,0,0,0,0,0,0,0,0,0,0,0,0,0,0,0,0,0,0,0,0,0,0,0,0,0,0,0,0,0,0,0,0,0,0,0,0,0,0,0,0,0,0,0,0,0,0,0,0,0,0,0,0,0,0,0,0,0,0,0,0,0,0,0,0,0,0,0,0,0,0,0,0,0,0,0,0,0,0,0,0,0,0,0,0,0,0,0,0,0,0,0,0,0,0,0,0,0,0,0,0,0,0,0,0,0,0,0,0,0,0,0,0,0,0,0,0,0,0,0,0,0,0,0,0,0,0,0,0,0,0,0,0,0,0,0,0,0,0,0,0,0,0,0,0,0,0,0,0,0,0,0,0,0,0,0,0,0,0,0,0,0,0,0,0,0,0,0,0,0,0,0,0,0,0,0,0,0,0,0,0,0,0,0,0,0,0,0,0,0,0,0,0,0,0,0,0,0,0,0,0,0,0,0,0,0,0,0,0,0,0,0,0,0,0,0,0,0,0,0,0,0,0,0,0,0,0,0,0,0,0,0,0,0,0,0,0,0,0,0,0,0,0,0,0,0,0,0,0,0,0,0,0,0,0,0,0,0,0,0,0,0,0,0,0,0,0,0,0,0,0,0,0,0,0,0,0,0,0,0,0,0,0,0,0,0,0,0,0,0,0,0,0,0,0,0,0,0,0,0,0,0,0,0,0,0,0,0,0,0,0,0,0,0,0,0,0,0,0,0,0,0,0,0,0,0,0,0,0,0,0,0,0,0,0,0,0,0,0,0,0,0,0,0,0,0,0,0,0,0,0,0,0,0,0,0,0,0,0,0,0,0,0,0,0,0,0,0,0,0,0,0,0,0,0,0,0,0,0,0,0,0,0,0,0,0,0,0,0,0,0,0,0,0,0,0,0,0,0,0,0,0,0,0,0,0,0,0,0,0,0,0,0,0,0,0,0,0,0,0,0,0,0,0,0,0,0,0,0,0,0,0,0,0,0,0,0,0,0,0,0,0,0,0,0,0,0,0,0,0,0,0,0,0,0,0,0,0,0,0,0,0,0,0,0,0,0,0,0,0,0,0,0,0,0,0,0,0,0,0,0,0,0,0,0,0,0,0,0,0,0,0,0,0,0,0,0,0,0,0,0,0,0,0,0,0,0,0,0,0,0,0,0,0,0,0,0,0,0,0,0,0,0,0,0,0,0,0,0,0,0,0,0,0,0,0,0,0,0,0,0,0,0,0,0,0,0,0,0,0,0,0,0,0,0,0,0,0,0,0,0,0,0,0,0,0,0,0,0,0,0,0,0,0,0,0,0,0,0,0,0,0,0,0,0,0,0,0,0,0,0,0,0,0,0,0,0,0,0,0,0,0,0,0,0,0,0,0,0,0,0,0,0,0,0,0,0,0,0,0,0,0,0,0,0,0,0,0,0,0,0,0,0,0,0,0,0,0,0,0,0,0,0,0,0,0,0,0,0,0,0,0,0,0,0,0,0,0,0,0,0,0,0,0,0,0,0,0,0,0,0,0,0,0,0,0,0,0,0,0,0,0,0,0,0,0,0,0,0,0,0,0,0,0,0,0,0,0,0,0,0,0,0,0,0,0,0,0,0,0,0,0,0,0,0,0,0,0,0,0,0,0,0,0,0,0,0,0,0,0,0,0,0,0,0,0,0,0,0,0,0,0,0,0,0,0,0,0,0,0,0,0,0,0,0,0,0,0,0,0,0,0,0,0,0,0,0,0,0,0,0,0,0,0,0,0,0,0,0,0,0,0,0,0,0,0,0,0,0,0,0,0,0,0,0,0,0,0,0,0,0,0,0,0,0,0,0,0,0,0,0,0,0,0,0,0,0,0,0,0,0,0,0,0,0,0,0,0,0,0,0,0,0,0,0,0,0,0,0,0,0,0,0,0,0,0,0,0,0,0,0,0,0,0,0,0,0,0,0,0,0,0,0,0,0,0,0,0,0,0,0,0,0,0,0,0,0,0,0,0,0,0,0,0,0,0,0,0,0,0,0,0,0,0,0,0,0,0,0,0,0,0,0,0,0,0,0,0,0,0,0,0,0,0,0,0,0,0,0,0,0,0,0,0,0,0,0,0,0,0,0,0,0,0,0,0,0,0,0,0,0,0,0,0,0,0,0,0,0,0,0,0,0,0,0,0,0,0,0,0,0,0,0,0,0,0,0,0,0,0,0,0,0,0,0,0,0,0,0,0,0,0,0,0,0,0,0,0,0,0,0,0,0,0,0,0,0,0,0,0,0,0,0,0,0,0,0,0,0,0,0,0,0,0,0,0,0,0,0,0,0,0,0,0,0,0,0,0,0,0,0,0,0,0,0,0,0,0,0,0,0,0,0,0,0,0,0,0,0,0,0,0,0,0,0,0,0,0,0,0,0,0,0,0,0,0,0,0,0,0,0,0,0,0,0,0,0,0,0,0,0,0,0,0,0,0,0,0,0,0,0,0,0,0,0,0,0,0,0,0,0,0,0,0,0,0,0,0,0,0,0,0,0,0,0,0,0,0,0,0,0,0,0,0,0,0,0,0,0,0,0,0,0,0,0,0,0,0,0,0,0,0,0,0,0,0,0,0,0,0,0,0,0,0,0,0,0,0,0,0,0,0,0,0,0,0,0,0,0,0,0,0,0,0,0,0,0,0,0,0,0,0,0,0,0,0,0,0,0,0,0,0,0,0,0,0,0,0,0,0,0,0,0,0,0,0,0,0,0,0,0,0,0,0,0,0,0,0,0,0,0,0,0,0,0,0,0,0,0,0,0,0,0,0,0,0,0,0,0,0,0,0,0,0,0,0,0,0,0,0,0,0,0,0,0,0,0,0,0,0,0,0,0,0,0,0,0,0,0,0,0,0,0,0,0,0,0,0,0,0,0,0,0,0,0,0,0,0,0,0,0,0,0,0,0,0,0,0,0,0,0,0,0,0,0,0,0,0,0,0,0,0,0,0,0,0,0,0,0,0,0,0,0,0,0,0,0,0,0,0,0,0,0,0,0,0,0,0,0,0,0,0,0,0,0,0,0,0,0,0,0,0,0,0,0,0,0,0,0,0,0,0,0,0,0,0,0,0,0,0,0,0,0,0,0,0,0,0,0,0,0,0,0,0,0,0,0,0,0,0,0,0,0,0,0,0,0,0,0,0,0,0,0,0,0,0,0,0,0,0,0,0,0,0,0,0,0,0,0,0,0,0,0,0,0,0,0,0,0,0,0,0,0,0,0,0,0,0,0,0,0,0,0,0,0,0,0,0,0,0,0,0,0,0,0,0,0,0,0,0,0,0,0,0,0,0,0,0,0,0,0,0,0,0,0,0,0,0,0,0,0,0,0,0,0,0,0,0,0,0,0,0,0,0,0,0,0.68216544,-0.052213643,-0.07406985,1.5624269,-0.1058607,-0.62863195,-0.055664625,-0.49739012,-0.34371692,0.48211315,0.8121524,0.4705576,-0.62047505,0.45795628,0.9447014,0.06166871,-0.40792605,-0.19098489,-0.13174306,-0.032082926,0.28723735,1.0574857,-0.5484228,0.7955249,-0.4587496,-1.1209196,0.36660987,-0.6486581,-0.121860705,-0.1753509,-0.25550777,0.68342036,-0.34946856,0.0861393,1.0939301,-0.73686725,-0.017808415,-0.10988685,-0.9179391,-0.5676646,1.1349759,0.57434845,0.9860086,-0.6414424,-0.6259653,-0.017390115,0.4722831,0.19196936,0.19081904,-0.32844895,-0.35312867,-1.0394032,0.4676295,-0.7255731,0.44770792,-0.34261888,-0.3209195,-0.7690764,0.2658517,-0.39223978,-0.41012213,-0.00029207516,-0.5148542,0.016805964,0.38642687,0.48352492,-0.82674956,-0.06847508,0.09136806,0.100779824,0.35160336,0.2899563,-0.54993916,0.28938112,-0.0010241013,0.98480594,-1.0458345,-0.45519403,0.41942033,-0.7483182,0.790087,0.3265576,-0.05247508,0.23176022,0.18977329,-0.07584763,-0.64071035,0.43285826,-0.6874555,-1.1391156,-0.67244893,-0.31637052,0.3742439,0.2727537,0.76467526,0.8233942,0.23824388,-0.21639664,-0.41341627,-0.15830515,-0.30737704,0.37131578,0.16305433,-0.026174428,0.061877858,-0.23689339,0.9218517,0.08525041,0.8601001,0.958453,0.81304127,0.2288844,0.31698897,0.44038767,-0.3210764,0.2570151,0.081799425,0.66768175,-0.42941627,0.9803615,0.6124661,-0.22371691,-0.9345143,-0.17650123,0.43949878,1.0264269,0.79280597,-0.23490645,-0.13676266,-0.8127365,-1.1669849,0.19019158,0.018949755,0.16979943,-0.007037173,0.38867524,1.270453,-0.07197835,0.14663602,-0.81090647,-0.61613524,-0.3998215,-0.2826973,0.7220086,1.0370935,-0.3518738,0.425904,1.181355,0.02166871,0.5785837,-1.1828281,-0.8515339,-0.6714555,-0.061259396,0.22104126,0.12540728,0.43149877,0.00629616,0.78496283,-0.24044894,0.34219158,-0.6035862,0.22616544,-1.044632,0.48629615,0.09800858,-0.912815,-1.1009457,-0.29352084,0.042113155,0.51060987,0.046139296,-0.14769077,-0.27820057,-0.27223977,-0.0112201795,-1.2572856,0.12477982,-0.5016254,0.5505576,0.7122831,-0.5842398,-0.5300698,0.6981654,0.32854453,0.2853027,-0.60996526,0.29220465,0.40650532,-0.6566581,-0.07971691,-0.16280188,0.6114726,-0.4039522,-0.060422793,1.0558125,-0.370279,-0.1985143,0.5284922,-0.47004372,-0.45550776,0.89643997,-0.43846202,0.0566491,-0.25142932,0.024544526,0.7433942,0.5551589,0.10773407,-0.18361233,-0.35082802,0.017747141,-0.47098488,-0.7120829,-0.67542934,-0.48661888,-0.6103313,0.5543223,0.42606086,-0.4343313,0.40085825,0.09068832,0.3193942,-0.28714174,0.023132762,0.14872754,0.9516556,0.99066216,-0.8822267,-0.12750776,0.17262296,0.31353799,0.7522831,-0.3723705,0.2733811,0.40138113,0.24336806,0.809904,1.1467406,0.4103223,0.07782557,-0.24834436,-0.036161356,0.40300205,1.5297471,0.83332884,0.0078125,-0.7332594,0.5057994,-0.0057822713,-0.6627234,-0.28536397,-0.42068422,0.17011315,0.5445968,-0.6486581,0.85973406,-0.9742529,-0.2056777,0.1901393,-0.758096,0.41785172,0.72681904,-0.40149468,-0.06549469,0.41910663,0.8187929,-0.08970384,0.4680478,-0.59359926,-0.6165535,-0.47056657,-0.454096,-1.585913,0.2865053,-1.1420437,0.47589093,-0.35490644,0.297904,-0.36541626,-0.15312868,-0.0161875,-0.46826592,-1.0257038,-0.32123324,0.37602165,0.74328965,0.02360335,-0.99914175,0.26522428,-0.1197692,0.14255759,0.85528964,-0.40248814,0.53643996,-0.37519404,-0.47501102,0.52425694,0.076936685,-0.4974424,-0.68463194,0.30705434,-0.10622671,0.3998125,0.29910663,0.35468832,1.2819563,-0.17749469,0.35761642,0.8550805,-0.12280188,-0.58026594,-0.20023979,-0.07950776,0.7396295,-0.016501226,0.16237459,0.24425694,0.52765566,-0.14549468,-0.557364,-0.0015469771,0.3109759,0.3682831,0.1291197,1.2965968,0.3374857,0.6549236,0.15657067,0.2516295,-0.84881496,0.15489747,0.053511847,0.068518385,-0.6268019,0.20702818,-0.4346973,0.12593015,0.037093546,-0.11265809,0.0650674,-0.10178227,0.10360335,-0.00667116,1.4243877,-0.31532475,0.04132884,0.9274465,-0.0553509,0.56964254,0.4936687,-0.50978225,-0.894828,-0.24400449,-0.6756385,-0.9449718,0.081799425,0.97131574,0.24305433,0.13931577,0.28002164,-0.69095874,0.48911968,0.112126224,0.50783867,-0.22643587,-0.10894567,0.47233537,-0.6305143,-0.5414163,0.22977328,-0.54685414,-0.6831679,0.045511845,0.9036034,-0.7099914,0.123629496,-0.37012213,-0.7106712,-0.33848816,0.023655638,0.5450674,-0.4742267,-0.2174947,-0.11940318,-0.31375614,0.42825696,-0.21498488,-0.7492594,-0.051533904,0.7449628,0.15803473,-0.20071037,-0.4074032,-0.27647507,0.24645302,0.181721,-0.72541624,-0.6241352,-0.89467114,-0.56457967,-0.19940318,-0.17158619,-0.61854047,0.22694975,0.6748975,0.11008701,-0.62722015,0.057015114,0.4468713,-0.4764751,0.7182962,-0.06240972,0.24681903,-0.5945404,0.4524661,0.026688317,0.17115891,0.2734857,0.13152492,-0.3290241,0.2504269,0.2887014,0.07207394,0.6397602,0.039864786,1.0412766,-0.10120711,-0.91448814,-0.31192607,0.76336807,0.06752492,0.026897468,-0.0035339051,-0.0068280227,-0.7681875,0.88070136,-0.12499796,-0.28243586,0.06579943,0.81481904,-0.3694424,-0.3079522,-0.90701103,0.55421776,-1.2043182,0.35840073,-1.0434816,0.11421773,-0.3070633,-0.22308946,-0.8631418,0.5044922,-0.121965274,-0.52008295,-0.46905026,0.9376426,-1.1718999,-0.93508947,-0.008814951,0.5955772,0.44708046,0.51651835,0.90825695,0.5315772,0.37612623,0.11228309,-0.14366463,0.8164399,0.5438648,-0.6466712,-0.09169077,-0.15250123,0.43348572,0.65272754,-0.60327244,-0.26068422,0.5649367,-0.57566464,-0.22915483,0.040335376,1.0876557,-0.6957692,0.34527656,-0.37780842,0.66177326,0.19259681,-0.25174305,0.53173405,0.49068832,-0.28834435,-0.03474959,-0.38664502,-0.18387377,-0.5513509,-0.023664623,0.44368178,-0.346279,-0.02701103,-0.03239665,-0.48389992,0.40995628,-1.3669848,0.047289625,-0.32008293,-0.8208411,0.80838764,0.25262296,-0.7551156,-0.09948162,-1.0010763,-0.044318218,-0.16280188,-1.1041352,-0.47203064,0.15568177,-0.30057967,-0.34120712,-0.11459273,0.123002045,-0.14722018,0.23170793,-0.8216254,0.11740727,0.19531576,-0.6007104,-0.029625408,0.35604778,0.18799551,0.0037863562,0.26208702,-0.0410241,0.34025696,0.15076675,-0.6242921,0.20237459,0.1316295,-0.015769199,-0.49430513,-0.8485012,0.005041258,-0.046305146,-0.0797692,0.85800856,-0.5680829,0.19876675,-0.3794816,-0.7122398,-0.8642398,0.08477982,0.20702818,-0.07950776,-0.3095731,0.22553799,0.501355,-0.41770384,0.20812623,0.31202164,0.137904,-0.21158619,-0.1508803,-0.29812214,-0.314279,0.7640478,0.07829616,-1.3374424,0.5047014,0.3682831,0.65889746,0.1682308,0.98951185,0.7515511,0.0069758985,1.126453,-0.19694567,-0.32196528,-0.09854044,0.35494974,0.49183863,-0.023246324,-0.87542933,-0.07349469,-0.2709849,0.039080475,-0.004422794,0.11636152,-0.025285538,0.254087,0.6127275,-0.6463574,0.6167537,0.509721,0.9789497,-0.9272986,-0.5721614,0.19599551,-0.6760568,0.09508047,-0.20536397,0.11128963,0.33675367,0.6693027,-0.73242277,0.65560335,-0.07537704,-1.0524751,-0.10732476,-0.35584763,-0.6992202,-0.79961234,-0.42988685,-0.37299797,0.9948975,0.1547406,-0.034226716,-0.38089338,0.14705433,-0.17686723,0.41696283,0.26109356,-0.35203063,-0.46831822,-0.30554697,-1.082279,-0.115115605,0.050479166,0.6857733,-0.19035743,-0.44865808,-0.38392606,0.33889747,-0.8931548,-0.86267114,0.07400858,0.21989094,-0.48886725,0.7165184,-0.41247508,0.44598243,-0.9610241,0.4191589,0.73769486,0.14234845,0.33131576,0.5315249,-0.9694424,-0.039350897,0.99960333,-0.13372998,0.4900086,-0.54450125,-0.29895875,0.39359027,-0.12149469,0.15045302,-0.014514297,-0.28625286,-0.16180842,0.25612622,0.4609367,0.49858373,1.2183223,0.4921001,-0.6066189,-0.23229207,0.07285825,-0.19490646,-0.012161356,-0.35244894,-0.22847508,-0.04782149,-0.21116789,-0.049128678,-0.02439665,0.9388975,0.6023223,0.12755106,-1.095194,0.37068832,0.042897467,0.26480597,-0.24416135,0.8614073,-1.2181221,0.20849223,-0.3796385,-0.10805678,-0.101573125,0.7438125,-0.5808934,-0.10889338,-0.15579534,-0.02549469,0.06266218,0.79745954,-0.22220057,0.09900204,-0.44505024,-0.6220437,0.6072896,0.42308047,0.6239171,-0.4645535,-0.8565012,1.2848321,-0.43835744,-0.8448934,-0.27872345,0.39965564,-1.1277692,0.12159028,-0.82110256,0.29926348,-0.88463193,0.07751185,-0.6246058,-0.2663313,-0.45095873,-0.3678738,0.15400858,-0.523011,-0.72008294,0.3168321,0.63202167,-0.6023313,-1.1709588,0.525355,0.04776021,-1.080815,-0.2957169,-0.5668803,0.44007394,-0.46423978,0.6251197,-0.11945547,0.19416544,0.8744269,1.0519955,-0.03778227,0.54663604,-0.18685417,0.7105576,0.08566871,-0.32342932,0.29691052,0.097590275,-0.70476264,-0.055455472,-0.20280188,0.22313276,-0.09346855,0.88556415,-0.3862267,0.7201785,0.0414857,0.0017994281,0.09999551,-0.4325535,0.00932884,0.41555107,-0.25435743,0.5704269,-0.4204228,0.3677602,-0.37420058,-0.5240045,0.80922425,0.5733027,-0.13059273,0.15751185,0.30182558,-0.032710377,-0.16923325,0.1530674,0.0065053105,-0.5850764,0.44305432,-0.68918097,0.0062438725,-1.1582528,0.023028186,-0.035533905,0.45753798,0.12755106,-0.72248816,0.037773285,0.29518506,-0.23223978,-1.1167365,-0.7597692,-0.70016134,-0.57582146,-0.5185143,-0.07637051,0.31913278,0.66694975,-0.15271038,-0.057599265,0.66909355,0.5036556,-0.27773,0.6634465,-0.54136395,0.4196818,0.47735497,-0.004318219,-0.31867117,-0.2533117,0.0726491,-0.27610907,0.6664792,0.07489747,0.22271445,-0.8421744,-0.23297182,-0.026435865,0.5377994,-0.8632463,-0.4397169,-0.19020057,-0.3016777,0.13100204,0.54851836,0.24843995,-0.6224097,-0.76572996,0.14945956,0.04284518,-0.14894567,-0.21890645,-0.51752084,0.60650533,-1.2145143,-0.21205679,0.73225695,-0.2680045,-0.22894567,-0.35375613,-0.009860703,0.44122428,-0.35119402,-0.24379535,-0.23323326,-0.37310255,-0.462096,0.5317864,-0.16881496,0.73670137,0.57309353,0.6213027,-0.055455472,-1.0986973,-0.20389992,0.76755106,-0.060004495,-0.33927247,0.12629616,0.29471445,0.012152369,-0.7038215,-0.25184762,-0.52787375,0.4684661,-0.67699796,-0.42565155,0.37027,0.22694975,-0.26816136,-0.5909326,0.10841381,0.6549759,0.877355,-0.46910253,0.31630924,-0.15187377,-0.44599143,-0.30392605,-0.108004496,0.27542034,-0.3126581,-0.014043709,-0.14199142,-0.085102536,-0.48086724,0.5223223,-0.9129195,-0.3551679,0.1619563,0.27902818,-0.5699653,-0.25937703,0.26710662,-0.20661888,-0.02612214,-0.03108946,0.2410674,-0.22559926,0.93027,-0.2903313,-0.060893383,0.70323735,-0.6559783,0.24634844,0.40718505,0.60880595,0.039498776,0.048805963,0.34062296,-0.09812214,-0.0012332516,-0.4318215,0.0814857,-0.72337705,0.8035772,-0.8073509,0.07871446,-0.7054424,0.8998386,0.19296283,-0.24421364,0.86904126,-1.0894947,-0.21948162,0.7399432,-0.0064620096,0.47489747,-0.46868423,-0.1618607,-0.081599265,-0.30261886,-0.12891953,-0.5369718,-0.21116789,0.42778635,0.110453025,-0.003690768,0.03960335,-0.15966463,0.1286491,-0.42246202,0.2836295,-0.3681875,-0.79746854,0.17189093,0.33764255,0.100466095,-0.41252738,0.18328962,-0.35705024,0.62459683,0.14480597,0.4587929,-0.14774306,-0.38905025,-0.009808415,0.46851838,0.56331575,-0.23961234,0.33983865,-0.9086319,-0.41252738,-0.008867239,0.380989,0.8276295,-0.41796526,-0.6087627,0.082113154,0.622087,-0.72337705,0.026479166,-0.1631679,-0.71961236,0.6934596,0.19651838,-0.8414947,-0.378279,0.054191586,0.034531455,-0.08766463,0.3109236,0.71259683,-0.66178226,0.100204654,-0.53472346,0.20796937,0.9033942,-0.79490644,-0.13299796,-0.3863836,0.4296687,-0.4161875,0.32896283,-0.40876266,-0.57451427,0.4759955,-0.5951156,0.22370793,0.7492504,0.22156413,0.22538112,0.36132884,-0.16201757,-0.17142934,-0.21566463,0.8625576,0.6100609,-0.12280188,-0.52139014,0.34187785,-0.034017567,0.16838767,-0.21425286,-0.2637169,0.07421773,0.2183223,-0.2957169,-0.47061887,0.5843354,0.09136806,-0.649913,-0.35746855,-0.61885417,-0.8081875,0.38355106,-1.0298868,1.243368,-0.26748163,-0.73644894,1.8405968,-0.5555339,0.27672753,0.27254453,0.445721,-0.13733783,0.04650531,0.7890413,-0.014828023,0.08666217,-0.0957692,1.0539302,-1.0532594,0.4713942,-0.17608292,-1.756632,-0.5885274,0.94386476,-0.50188684,-1.180998,-0.6532071,1.1954204,-0.6738084,0.15808702,1.0481786,1.1381655,0.9377471,-0.7419391,1.6599956,-0.3927104,1.5300609,1.1611197,-0.9189849,-0.8070372,0.93293667,0.2153942,0.32331577,0.45544648,-0.13174306,1.0970151,-0.48410907,1.3551589,1.2556556,-0.7894685,0.029302696,-0.879194,-1.2174424,-0.5448672,-0.6186973,1.6250674,-0.60609597,1.623185,-0.818645,-0.2894947,1.4863484,0.34057066,-0.15553391,-1.2114816,-0.9076385,0.098217726,-0.8038476,-1.7915077,1.2202569,0.124936685,0.38731578,-1.2207888,-0.9557431,0.6881262,1.2239693,-0.8302529,-0.85158616,-1.2933639,-0.48039666,0.12211315,-0.32708946,-0.8707234,0.7733027,0.8301916,1.2138779,-0.51966465,0.078609884,-0.51035744,-0.48008293,-0.358828,0.24477983,-0.42026594,-0.15783456,-0.28348163,-1.3232725,0.19066218,1.0447276,-0.9543313,1.2820609,-0.05184763,-1.1798999,-0.5541744,1.3368059,-0.78136396,-1.344292,0.94872755,0.037198123,0.48028308,-0.42026594,-0.5775993,-0.4763182,0.7826099,1.1462177,0.65011317,-1.0663836,-0.4844228,0.80708045,0.2820086,0.9118648,-0.28829208,-0.092579655,-0.26178226,0.29638767,0.15756413,0.55411315,0.79740727,-0.31412214,-0.031246323,-0.63621366,-1.0784097,
1,1,0,0,0,0,0,0,0,0,0,0,0,0,0,0,0,0,0,0,0,0,0,0,0,1,0,0,0,0,0,0,0,0,0,0,0,0,0,0,0,0,0,0,0,0,0,0,0,0,0,0,0,0,0,0,0,0,0,0,0,0,0,0,0,0,0,0,0,0,0,0,0,0,0,0,0,0,0,0,0,0,0,0,0,0,0,0,0,0,0,0,0,0,0,0,0,0,0,0,0,0,0,0,0,0,0,0,0,0,0,0,0,0,0,0,0,0,0,0,0,0,0,0,0,0,0,0,0,0,0,0,0,0,0,0,0,0,0,0,0,0,0,0,0,0,0,0,0,0,0,0,0,0,0,0,0,0,0,0,0,0,0,0,0,0,0,0,0,0,0,0,0,0,0,0,0,0,0,0,0,0,0,0,0,0,0,0,0,0,0,0,0,0,0,0,0,0,0,0,0,0,0,0,0,0,0,0,0,0,0,0,0,0,0,0,0,0,0,0,0,0,0,0,0,0,0,0,0,0,0,0,0,0,0,0,0,0,0,0,0,0,0,0,0,0,0,0,0,0,0,0,0,0,0,0,0,0,0,0,0,0,0,0,0,0,0,0,0,0,0,0,0,0,0,0,0,0,0,0,0,0,0,0,0,0,0,0,0,0,0,0,0,0,0,0,0,0,0,0,0,0,0,0,0,0,0,0,0,0,0,0,0,0,0,0,0,0,0,0,0,0,0,0,0,0,0,0,0,0,0,0,0,0,0,0,0,0,0,0,0,0,0,0,0,0,0,0,0,0,0,0,0,0,0,0,0,0,0,0,0,0,0,0,0,0,0,0,0,0,0,0,0,0,0,0,0,0,0,0,0,0,0,0,0,0,0,0,0,0,0,0,0,0,0,0,0,0,0,0,0,0,0,0,0,0,0,0,0,0,0,0,0,0,0,0,0,0,0,0,0,0,0,0,0,0,0,0,0,0,0,0,0,0,0,0,0,0,0,0,0,0,0,0,0,0,0,0,0,0,0,0,0,0,0,0,0,0,0,0,0,0,0,0,0,0,0,0,0,0,0,0,0,0,0,0,0,0,0,0,0,0,0,0,0,0,0,0,0,0,0,0,0,0,0,0,0,0,0,0,0,0,0,0,0,0,0,0,0,0,0,0,0,0,0,0,0,0,0,0,0,0,0,0,0,0,0,0,0,0,0,0,0,0,0,0,0,0,0,0,0,0,0,0,0,0,0,0,0,0,0,0,0,0,0,0,0,0,0,0,0,0,0,0,0,0,0,0,0,0,0,0,0,0,0,0,0,0,0,0,0,0,0,0,0,0,0,0,0,0,0,0,0,0,0,0,0,0,0,0,0,0,0,0,0,0,0,0,0,0,0,0,0,0,0,0,0,0,0,0,0,0,0,0,0,0,0,0,0,0,0,0,0,0,0,0,0,0,0,0,0,0,0,0,0,0,0,0,0,0,0,0,0,0,0,0,0,0,0,0,0,0,0,0,0,0,0,0,0,0,0,0,0,0,0,0,0,0,0,0,0,0,0,0,0,0,0,0,0,0,0,0,0,0,0,0,0,0,0,0,0,0,0,0,0,0,0,0,0,0,0,0,0,0,0,0,0,0,0,0,0,0,0,0,0,0,0,0,0,0,0,0,0,0,0,0,0,0,0,0,0,0,0,0,0,0,0,0,0,0,0,0,0,0,0,0,0,0,0,0,0,0,0,0,0,0,0,0,0,0,0,0,0,0,0,0,0,0,0,0,0,0,0,0,0,0,0,0,0,0,0,0,0,0,0,0,0,0,0,0,0,0,0,0,0,0,0,0,0,0,0,0,0,0,0,0,0,0,0,0,0,0,0,0,0,0,0,0,0,0,0,0,0,0,0,0,0,0,0,0,0,0,0,0,0,0,0,0,0,0,0,0,0,0,0,0,0,0,0,0,0,0,0,0,0,0,0,0,0,0,0,0,0,0,0,0,0,0,0,0,0,0,0,0,0,0,0,0,0,0,0,0,0,0,0,0,0,0,0,0,0,0,0,0,0,0,0,0,0,0,0,0,0,0,0,0,0,0,0,0,0,0,0,0,0,0,0,0,0,0,0,0,0,0,0,0,0,0,0,0,0,0,0,0,0,0,0,0,0,0,0,0,0,0,0,0,0,0,0,0,0,0,0,0,0,0,0,0,0,0,0,0,0,0,0,0,0,0,0,0,0,0,0,0,0,0,0,0,0,0,0,0,0,0,0,0,0,0,0,0,0,0,0,0,0,0,0,0,0,0,0,0,0,0,0,0,0,0,0,0,0,0,0,0,0,0,0,0,0,0,0,0,0,0,0,0,0,0,0,0,0,0,0,0,0,0,0,0,0,0,0,0,0,0,0,0,0,0,0,0,0,0,0,0,0,0,0,0,0,0,0,0,0,0,0,0,0,0,0,0,0,0,0,0,0,0,0,0,0,0,0,0,0,0,0,0,0,0,0,0,0,0,0,0,0,0,0,0,0,0,0,0,0,0,0,0,0,0,0,0,0,0,0,0,0,0,0,0,0,0,0,0,0,0,0,0,0,0,0,0,0,0,0,0,0,0,0,0,0,0,0,0,0,0,0,0,0,0,0,0,0,0,0,0,0,0,0,0,0,0,0,0,0,0,0,0,0,0,0,0,0,0,0,0,0,0,0,0,0,0,0,0,0,0,0,0,0,0,0,0,0,0,0,0,0,0,0,0,0,0,0,0,0,0,0,0,0,0,0,0,0,0,0,0,0,0,0,0,0,0,0,0,0,0,0,0,0,0,0,0,0,0,0,0,0,0,0,0,0,0,0,0,0,0,0,0,0,0,0,0,0,0,0,0,0,0,0,0,0,0,0,0,0,0,0,0,0,0,0,0,0,0,0,0,0,0,0,0,0,0,0,0,0,0,0,0,0,0,0,0,0,0,0,0,0,0,0,0,0,0,0,0,0,0,0,0,0,0,0,0,0,0,0,0,0,0,0,0,0,0,0,0,0,0,0,0,0,0,0,0,0,0,0,0,0,0,0,0,0,0,0,0,0,0,0,0,0,0,0,0,0,0,0,0,0,0,0,0,0,0,0,0,0,0,0,0,0,0,0,0,0,0,0,0,0,0,0,0,0,0,0,0,0,0,0,0,0,0,0,0,0,0,0,0,0,0,0,0,0,0,0,0,0,0,0,0,0,0,0,0,0,0,0,0,0,0,0,0,0,0,0,0,0,0,0,0,0,0,0,0,0,0,0,0,0,0,0,0,0,0,0,0,0,0,0,0,0,0,0,0,0,0,0,0,0,0,0,0,0,0,0,0,0,0,0,0,0,0,0,0,0,0,0,0,0,0,0,0,0,0,0,0,0,0,0,0,0,0,0,0,0,0,0,0,0,0,0,0,0,0,0,0,0,0,0,0,0,0,0,0,0,0,0,0,0,0,0,0,0,0,0,0,0,0,0,0,0,0,0,0,0,0,0,0,0,0,0,0,0,0,0,0,0,0,0,0,0,0,0,0,0,0,0,0,0,0,0,0,0,0,0,0,0,0,0,0,0,0,0,0,0,0,0,0,0,0,0,0,0,0,0,0,0,0,0,0,0,0,0,0,0,0,0,0,0,0,0,0,0,0,0,0,0,0,0,0,0,0,0,0,0,0,0,0,0,0,0,0,0,0,0,0,0,0,0,0,0,0,0,0,0,0,0,0,0,0,0,0,0,0,0,0,0,0,0,0,0,0,0,0,0,0,0,0,0,0,0,0,0,0,0,0,0,0,0,0,0,0,0,0,0,0,0,0,0,0,0,0,0,0,0,0,0,0,0,0,0,0,0,0,0,0,0,0,0,0,0,0,0,0,0,0,0,0,0,0,0,0,0,0,0,0,0,0,0,0,0,0,0,0,0,0,0,0,0,0,0,0,0,0,0,0,0,0,0,0,0,0,0,0,0,0,0,0,0,0,0,0,0,0,0,0,0,0,0,0,0,0,0,0,0,0,0,0,0,0,0,0,0,0,0,0,0,0,0,0,0,0,0,0,0,0,0,0,0,0,0,0,0,0,0,0,0,0,0,0,0,0,0,0,0,0,0,0,0,0,0,0,0,0,0,0,0,0,0,0,0,0,0,0,0,0,0,0,0,0,0,0,0,0,0,0,0,0,0,0,0,0,0,0,0,0,0,0,0,0,0,0,0,0,0,0,0,0,0,0,0,0,0,0,0,0,0,0,0,0,0,0,0,0,0,0,0,0,0,0,0,0,0,0,0,0,0,0,0,0,0,0,0,0,0,0,0,0,0,0,0,0,0,0,0,0,0,0,0,0,0,0,0,0,0,0,0,0,0,0,0,0,0,0,0,0,0,0,0,0,0,0,0,0,0,0,0,0,0,0,0,0,0,0,0,0,0,0,0,0,0,0,0,0,0,0,0,0,0,0,0,0,0,0,0,0,0,0,0,0,0,0,0,0,0,0,0,0,0,0,0,0,0,0,0,0,0,0,0,0,0,0,0,0,0,0,0,0,0,0,0,0,0,0,0,0,0,0,0,0,0,0,0,0,0,0,0,0,0,0,0,0,0,0,0,0,0,0,0,0,0,0,0,0,0,0,0,0,0,0,0,0,0,0,0,0,0,0,0,0,0,0,0,0,0,0,0,0,0,0,0,0,0,0,0,0,0,0,0,0,0,0,0,0,0,0,0,0,0,0,0,0,0,0,0,0,0,0,0,0,0,0,0,0,0,0,0,0,0,0,0,0,0,0,0,0,0,0,0,0,0,0,0,0,0,0,0,0,0,0,0,0,0,0,0,0,0,0,0,0,0,0,0,0,0,0,0,0,0,0,0,0,0,0,0,0,0,0,0,0,0,0,0,0,0,0,0,0,0,0,0,0,0,0,0,0,0,0,0,0,0,0,0,0,0,0,0,0,0,0,0,0,0,0,0,0,0,0,0,0,0,0,0,0,0,0,0,0,0,0,0,0,0,0,0,0,0,0,0,0,0,0,0,0,0,0,0,0,0,0,0,0,0,0,0,0,0,0,0,0,0,0,0,0,0,0,0,0,0,0,0,0,0,0,0,0,0,0,0,0,0,0,0,0,0,0,0,0,0,0,0,0,0,0,0,0,0,0,0,0,0,0,0,0,0,0,0,0,0,0,0,0,0,0,0,0,0,0,0,0,0,0,0,0,0,0,0,0,0,0,0,0,0,0,0,0,0,0,0,0,0,0,0,0,0,0,0,0,0,0,0,0,0,0,0,0,0,0,0,0,0,0,0,0,0,0,0,0,0,0,0,0,0,0,0,0,0,0,0,0,0,0,0,0,0,0,0,0,0,0,0,0,0,0,0,0,0,0,0,0,0,0,0,0,0,0,0,0,0,0,0,0,0,0,0,0,0,0,0,0,0,0,0,0,0,0,0,0,0,0,0,0,0,0,0,0,0,0,0,0,0,0,0,0,0,0,0,0,0,0,0,0,0,0,0,0,0,0,0,0,0,0,0,0,0,0,0,0,0,0,0,0,0,0,0,0,0,0,0,0,0,0,0,0,0,0,0,0,0,0,0,0,0,0,0,0,0,0,0,0,0,0,0,0,0,0,0,0,0,0,0,0,0,0,0,0,0,0,0,0,0,0,0,0,0,0,0,0,0,0,0,0,0,0,0,0,0,0,0,0,0,0,0,0,0,0,0,0,0,0,0,0,0,0,0,0,0,0,0,0,0,0,0,0,0,0,0,0,0,0,0,0,0,0,0,0,0,0,0,0,0,0,0,0,0,0,0,0,0,0,0,0,0,0,0,0,0,0,0,0,0,0,0,0,0,0,0,0,0,0,0,0,0,0,0,0,0,0,0,0,0,0,0,0,0,0,0,0,0,0,0,0,0,0,0,0,0,0,0,0,0,0,0,0,0,0,0,0,0,0,0,0,0,0,0,0,0,0,0,0,0,0,0,0,0,0,0,0,0,0,0,0,0,0,0,0,0,0,0,0,0,0,0,0,0,0,0,0,0,0,0,0,0,0,0,0,0,0,0,0,0,0,0,0,0,0,0,0,0,0,0,0,0,0,0,0,0,0,0,0,0,0,0,0,0,0,0,0,0,0,0,0,0,0,0,0,0,0,0,0,0,0,0,0,0,0,0,0,0,0,0,0,0,0,0,0,0,0,0,0,0,0,0,0,0,0,0,0,0,0,0,0,0,0,0,0,0,0,0,0,0,0,0,0,0,0,0,0,0,0,0,0,0,0,0,0,0,0,0,0,0,0,0,0,0,0,0,0,0,0,0,0,0,0,0,0,0,0,0,0,0,0,0,0,0,0,0,0,0,0,0,0,0,0,0,0,0,0,0,0,0,0,0,0,0,0,0,0,0,0,0,0,0,0,0,0,0,0,0,0,0,0,0,0,0,0,0,0,0,0,0,0,0,0,0,0,0,0,0,0,0,0,0,0,0,0,0,0,0,0,0,0,0,0,0,0,0,0,0,0,0,0,0,0,0,0,0,0,0,0,0,0,0,0,0,0,0,0,0,0,0,0,0,0,0,0,0,0,0,0,0,0,0,0,0,0,0,0,0,0,0,0,0,0,0,0,0,0,0,0,0,0,0,0,0,0,0,0,0,0,0,0,0,0,0,0,0,0,0,0,0,0,0,0,0,0,0,0,0,0,0,0,0,0,0,0,0,0,0,0,0,0,0,0,0,0,0,0,0,0,0,0,0,0,0,0,0,0,0,0,0,0,0,0,0,0,0,0,0,0,0,0,0,0,0,0,0,0,0,0,0,0,0,0,0,0,0,0,0,0,0,0,0,0,0,0,0,0,0,0,0,0,0,0,0,0,0,0,0,0,0,0,0,0,0,0,0,0,0,0,0,0,0,0,0,0,0,0,0,0,0,0,0,0,0,0,0,0,0,0,0,0,0,0,0,0,0,0,0,0,0,0,0,0,0,0,0,0,0,0,0,0,0,0,0,0,0,0,0,0,0,0,0,0,0,0,0,0,0,0,0,0,0,0,0,0,0,0,0,0,0,0,0,0,0,0,0,0,0,0,0,0,0,0,0,0,0,0,0,0,0,0,0,0,0,0,0,0,0,0,0,0,0,0,0,0,0,0,0,0,0,0,0,0,0,0,0,0,0,0,0,0,0,0,0,0,0,0,0,0,0,0,0,0,0,0,0,0,0,0,0,0,0,0,0,0,0,0,0,0,0,0,0,0,0,0,0,0,0,0,0,0,0,0,0,0,0,0,0,0,0,0,0,0,0,0,0,0,0,0,0,0,0,0,0,0,0,0,0,0,0,0,0,0,0,0,0,0,0,0,0,0,0,0,0,0,0,0,0,0,0,0,0,0,0,0,0,0,0,0,0,0,0,0,0,0,0,0,0,0,0,0,0,0,0,0,0,0,0,0,0,0,0,0,0,0,0,0,0,0,0,0,0,0,0,0,0,0,0,0,0,0,0,0,0,0,0,0,0,0,0,0,0,0,0,0,0,0,0,0,0,0,0,0,0,0,0,0,0,0,0,0,0,0,0,0,0,0,0,0,0,0,0,0,0,0,0,0,0,0,0,0,0,0,0,0,0,0,0,0,0,0,0,0,0,0,0,0,0,0,0,0,0,0,0,0,0,0,0,0,0,0,0,0,0,0,0,0,0,0,0,0,0,0,0,0,0,0,0,0,0,0,0,0,0,0,0,0,0,0,0,0,0,0,0,0,0,0,0,0,0,0,0,0,0,0,0,0,0,0,0,0,0,0,0,0,0,0,0,0,0,0,0,0,0,0,0,0,0,0,0,0,0,0,0,0,0,0,0,0,0,0,1,0,0,0,0,0,0,0,0,0,0,0,0,0,0,0,0,0,0,0,0,0,0,0,0,0,0,0,0,0,0,0,0,0,0,0,0,0,0,0,0,0,0,0,0,0,0,0,0,0,0,0,0,0,0,0,0,0,0,0,0,0,0,0,0,0,0,0,0,0,0,0,0,0,0,0,0,0,0,0,0,0,0,0,0,0,0,0,0,0,0,0,0,0,0,0,0,0,0,0,0,0,0,0,0,0,0,0,0,0,0,0,0,0,0,0,0,0,0,0,0,0,0,0,0,0,0,0,0,0,0,0,0,0,0,0,0,0,0,0,0,0,0,0,0,0,0,0,0,0,0,0,0,0,0,0,0,0,0,0,0,0,0,0,0,0,0,0,0,0,0,0,0,0,0,0,0,0,0,0,0,0,0,0,0,0,0,0,0,0,0,0,0,0,0,0,0,0,0,0,0,0,0,0,0,0,0,0,0,0,0,0,0,0,0,0,0,0,0,0,0,0,0,0,0,0,0,0,0,0,0,0,0,0,0,0,0,0,0,0,0,0,0,0,0,0,0,0,0,0,0,0,0,0,0,0,0,0,0,0,0,0,0,0,0,0,0,0,0,0,0,0,0,0,0,0,0,0,0,0,0,0,0,0,0,0,0,0,0,0,0,0,0,0,0,0,0,0,0,0,0,0,0,0,0,0,0,0,0,0,0,0,0,0,0,0,0,0,0,0,0,0,0,0,0,0,0,0,0,0,0,0,0,0,0,0,0,0,0,0,0,0,0,0,0,0,0,0,0,0,0,0,0,0,0,0,0,0,0,0,0,0,0,0,0,0,0,0,0,0,0,0,0,0,0,0,0,0,0,0,0,0,0,0,0,0,0,0,0,0,0,0,0,0,0.05761642,-0.3454228,0.11908701,0.1383027,-0.67885417,-0.18257965,-1.023658,-0.59375614,0.16614583,0.5495772,-0.42532477,-0.8999326,0.33094975,0.10349877,0.050851714,0.022224264,0.171538,-0.56708944,0.082518384,0.48330268,-0.39228553,-0.5369914,0.20291054,0.13565564,0.40938112,0.2155576,-0.52101105,0.010557598,0.16496937,-0.055324756,-0.25806984,0.12536152,-0.12052083,0.6885968,0.079185046,-0.27905023,-0.34003064,-0.27581495,0.30134192,0.14193015,0.38036153,0.22369485,0.21222426,-0.063265935,-0.13081495,-0.48503065,0.20869486,0.12212623,0.46585172,0.09457721,-0.12914829,0.12742034,0.22428308,-0.30022672,0.018890932,0.35026348,-0.5005208,0.1313419,0.26849878,0.17163603,-0.14228554,0.21065564,-0.6808149,0.17712623,0.3118321,0.10996936,-0.26365808,0.3281066,0.4318321,-0.33130515,0.055949755,0.11114583,0.19585171,0.010851716,0.0053615198,-0.250913,-0.1544424,-0.036697306,-0.31689337,0.04036152,-0.0015012255,-0.0444424,-0.08601103,0.0845772,0.38340074,-0.031991422,-0.40630513,0.19859682,-0.2621875,0.2183027,-0.09101103,-0.35150123,0.101243876,0.2133027,0.07163603,-0.07522672,-0.058560047,0.2018321,-0.24189338,0.33320466,0.28496936,-0.12885417,-0.003952206,0.15349877,0.1368321,-0.12934436,-0.01581495,-0.009344363,0.09653799,-0.039246324,0.19124387,-0.2889522,0.05438113,-0.17061888,0.29889092,-0.24248162,0.23467524,-0.045422792,0.2750674,-0.41512868,0.08183211,-0.09591299,-0.04365809,-0.122481614,-0.13130514,0.07143995,-0.12503064,0.024479168,-0.12826593,0.07536152,-0.063560046,0.12545955,-0.43061888,0.22045957,0.15163603,-0.39934435,-0.3626777,-0.28532475,-0.036403187,-0.35532475,-0.11267769,0.27869484,0.038596813,-0.395913,0.074577205,0.13212623,-0.31189337,0.16487132,-0.2476777,0.21526349,-0.2523836,-0.21179534,-0.11091299,-0.16983455,-0.22914828,-0.38356006,-0.007481618,0.08879289,-0.021697303,0.10418505,-0.030324755,-0.04836397,0.3280086,-0.18571691,-0.2044424,-0.4176777,0.015753677,0.0038909314,0.08967525,0.013694853,-0.1199326,-0.32512867,-0.11405025,0.06496936,-0.0421875,-0.14032476,0.07418505,-0.13405025,-0.089834556,0.029871324,0.032028187,0.16653799,0.010165441,0.19673407,0.28575367,-0.05375613,0.11663603,0.02153799,-0.3089522,-0.21493259,-0.31356004,0.11967524,0.26193014,-0.12346201,0.24193014,-0.08905025,0.1842831,-0.071501225,-0.01973652,0.30467525,0.1878125,0.09036152,-0.09091299,-0.10306985,-0.13179535,0.3023223,0.0178125,-0.015520833,-0.3291483,0.10947917,0.32114583,-0.14110906,0.4520282,-0.25424632,0.22222427,-0.0047365194,-0.36552083,0.14408702,0.019871324,0.19594975,-0.37983456,0.020459559,-0.13503064,0.13673407,0.116734065,-0.0065992647,0.048694853,0.16291054,0.3687929,0.27859682,-0.25856006,-0.12512867,0.1878125,0.096341915,0.122616425,-0.04826593,-0.01738358,-0.12944241,0.016832108,-0.1316973,0.16143996,0.26663604,-0.2896385,-0.06405024,0.29712623,-0.14885417,0.1368321,-0.20081495,-0.018756127,0.32045954,0.4784988,0.09536152,-0.107579656,0.07477328,-0.38954043,0.090459555,-0.2454228,0.35908702,-0.45650122,-0.029246323,-0.049246322,0.1523223,0.17134191,0.0850674,-0.082481615,0.13418505,-0.33424634,0.27242035,0.296538,0.27271447,-0.032971814,-0.025030637,0.24643995,0.004185049,0.1228125,-0.3171875,-0.089540444,0.1705576,0.2283027,-0.2399326,0.09918505,-0.10395221,0.29516545,-0.08052083,-0.10983456,0.042420343,0.17516544,-0.18689339,-0.08356005,0.010655637,-0.1421875,-0.16934437,-0.22003064,0.045067403,0.05271446,-0.2846385,-0.2852267,-0.33405024,-0.17110907,-0.10414828,0.018302696,-0.1144424,-0.031599265,-0.25414827,0.034969363,0.050949756,0.089871325,-0.06865809,0.21418504,-0.018854167,0.3083027,0.15487133,-0.12110907,0.07359681,-0.3473836,0.3280086,-0.25552082,-0.21434437,-0.05071691,0.30967525,0.05398897,-0.04110907,-0.43757966,0.03536152,-0.4326777,-0.16356005,0.15251838,-0.038854167,-0.016991422,0.0044791666,0.06379289,0.21349877,0.06918505,-0.026403187,0.14516544,0.05124387,0.14859681,0.1368321,-0.30101103,0.14104779,0.053792894,-0.18434437,0.29143995,0.21761642,0.3333027,0.068792894,-0.18748161,-0.15385416,0.06996936,-0.0444424,-0.15885417,-0.031991422,0.1460478,0.15536152,0.016145833,-0.10581495,0.13791054,-0.21728554,0.4210478,0.13006741,0.039381128,-0.04326593,0.16094975,0.10438113,0.2547733,-0.32022673,0.1128125,-0.08571691,-0.046207108,-0.058756128,-0.08081495,0.40722427,0.061145835,-0.0594424,0.18477328,-0.09385417,0.35526347,-0.02983456,0.028302696,0.05751838,0.017028186,-0.058265932,0.19996937,-0.09061887,-0.010814951,-0.24061887,0.018498775,0.024871323,-0.20189339,0.1178125,-0.5030699,0.015557598,0.15908702,0.284087,0.1883027,0.060459558,0.289087,0.06585172,0.23065564,0.33820465,-0.047971815,0.11771446,0.20898896,-0.024246324,0.106047794,0.10418505,-0.15532476,-0.19140318,0.04663603,0.29291055,0.17349878,0.0035968137,0.023694852,0.11604779,-0.14610907,-0.20865808,0.013498775,0.09898897,0.112518385,0.0800674,-0.012971814,0.51496935,0.14849877,-0.10650123,0.19340074,0.1278125,0.18565564,0.046145834,-0.1649326,-0.08640318,-0.026697304,-0.08659927,-0.0011090686,-0.047971815,0.21271446,0.27359682,-0.13238358,0.11418505,-0.09581495,0.31585172,0.18545955,-0.10856005,0.14693014,0.54938114,0.059773285,0.12614584,-0.15375613,0.37418506,0.20212622,-0.2129718,0.20340073,-0.033658087,-0.10336397,-0.073952205,-0.053854167,-0.25856006,-0.10846201,0.33594975,0.033400737,-0.036697306,-0.34375614,-0.1376777,0.15418504,-0.09297182,-0.029540442,-0.14983456,-0.069932595,-0.29081494,-0.024442403,-0.33934435,-0.1149326,0.07771446,0.3333027,0.06163603,0.020655638,-0.026305147,-0.018560048,-0.040030636,0.12085172,0.17693014,0.24702819,-0.056697305,0.06291054,-0.11463848,-0.10414828,0.30938113,0.21447916,-0.41738358,0.04673407,-0.17620711,-0.054148283,-0.0033639707,-0.05346201,0.07300858,-0.06738358,-0.024148284,-0.111501224,0.24242035,0.16742034,-0.07777573,0.25898898,-0.06424633,-0.46630514,-0.23571691,0.22340074,-0.24228553,-0.20454045,0.098792896,0.10163603,0.42643994,0.13653798,0.004185049,-0.03591299,0.21094975,0.054185048,-0.10914829,-0.21640319,-0.066893384,0.10202818,0.19634192,-0.33689338,-0.11532476,-0.37787378,-0.19934437,0.04643995,-0.37728554,0.020459559,-0.03875613,0.13800858,-0.21610907,-0.08532476,-0.08306985,0.18016544,0.1128125,-0.013952206,-0.21503064,-0.07748162,-0.21777573,-0.10797182,-0.049148284,0.121341914,-0.10797182,-0.17846201,0.05673407,0.093596816,-0.09032475,0.2798713,0.22987132,-0.2546385,0.25369486,0.063596815,0.14104779,0.12124387,0.04291054,-0.12542279,0.21938112,-0.35032475,-0.1921875,0.024773285,0.077322304,-0.10257965,-0.03238358,0.14045955,-0.17983456,0.2355576,0.027714461,0.043008577,-0.2226777,-0.05316789,-0.0071875,0.26016545,-0.21257965,-0.06650122,0.08947916,0.04810662,-0.2444424,-0.26885417,0.08124387,0.022224264,0.30389094,0.053498775,-0.16708946,-0.020520834,0.04889093,0.22330269,-0.048069853,0.04889093,0.08114583,0.19447917,-0.078756124,0.40447918,0.074871324,0.33271447,-0.037873775,0.031145833,0.04496936,0.039381128,0.028596813,0.28663602,-0.24856006,0.10094976,0.06624387,0.22908701,0.15663603,-0.20257966,0.18791054,-0.10042279,0.1405576,-0.11375613,-0.17748162,-0.070618875,-0.07208946,0.022028185,0.035655636,0.15987132,-0.12012868,0.12340073,0.17653799,0.2783027,-0.15091299,0.10340074,-0.011305147,-0.09522671,0.23085171,-0.17375612,-0.009638481,0.025655637,-0.046795342,0.45418504,-0.041011028,0.07967524,-0.17561887,0.22065563,-0.08905025,0.108498774,0.21418504,0.053596813,0.1705576,-0.14846201,-0.19473653,0.2073223,0.25261644,0.103302695,0.06732231,0.13928309,0.4458517,-0.0771875,-0.28003064,-0.009148284,0.2871262,-0.051207107,0.23928308,-0.15924633,-0.014050245,0.20840074,-0.20620711,0.08153799,0.17016543,0.058400735,0.18673407,0.046145834,-0.10199142,-0.2566973,0.20036152,0.00653799,-0.09787378,-0.012383578,0.22300857,0.25065565,-0.121011026,-0.027579658,-0.10316789,-0.0064031864,-0.021599265,0.028596813,-0.14454044,-0.0024816177,-0.087383576,0.037420344,0.0578125,0.04810662,-0.16806985,0.17193015,-0.33503065,-0.36326593,-0.29228553,-0.12061887,0.061145835,0.14291054,-0.11454044,0.17300858,-0.19238357,0.50291055,0.0178125,0.10310662,0.033498775,0.13879289,0.2087929,0.19163603,0.076439954,0.09300858,0.086243875,-0.19414829,0.10840073,-0.040324755,-0.32159927,0.105165444,0.071243875,-0.27405024,0.21379289,-0.15963848,0.022322305,-0.2789522,0.1828125,0.04428309,0.059969362,-0.014246323,0.038106617,0.13663603,-0.08257966,0.16369486,0.10702819,0.13085172,-0.17277573,0.19869485,0.20928308,-0.15865809,-0.11806985,-0.24336398,-0.22405024,-0.10277574,-0.11316789,-0.0073835785,0.2237929,0.1333027,0.073400736,-0.12277573,0.11712623,-0.03983456,-0.24895221,-0.13434437,0.009577206,-0.09003064,-0.23365809,0.006047794,0.0033026962,0.2442831,-0.20865808,0.08026348,-0.06757966,0.02918505,0.42487133,-0.11748162,-0.13905025,-0.21738358,-0.2831679,-0.20424633,-0.15081495,0.07045956,0.13094975,-0.2121875,0.110655636,0.28379288,0.073988974,-0.012579657,-0.1944424,0.30771446,-0.07503064,0.18996936,0.17094976,0.07908701,0.09418505,0.24791054,0.0455576,-0.09140319,0.19320466,0.045165442,-0.03630515,0.052518383,0.28918505,0.09036152,-0.35306984,-0.29159927,0.07163603,-0.026697304,-0.060226716,-0.0121875,0.25300857,0.39624387,0.07840074,-0.06052083,-0.019246323,0.09094975,0.23202819,0.3135968,0.27202818,0.02143995,0.037028186,0.2168321,0.11643995,-0.24199142,0.07879289,0.014381127,0.05516544,-0.06620711,-0.008167892,-0.12424632,-0.011501226,0.18928309,0.22810662,-0.24895221,-0.20336397,-0.08208946,-0.07591299,0.03536152,0.20643996,0.0955576,-0.12610906,0.2142831,-0.18865809,-0.023854166,-0.12934436,0.21938112,0.22143996,-0.011109069,0.009283088,-0.09238358,-0.14238358,0.33398896,-0.37561888,-0.1836581,-0.12689339,-0.19640319,-0.06473652,-0.2686581,0.11261642,-0.04973652,-0.018854167,0.0710478,-0.14424632,0.041047793,-0.09454044,0.34418505,-0.16150123,-0.01336397,-0.08257966,-0.12630515,0.19330269,0.054185048,0.4500674,0.07800858,-0.18032475,-0.1416973,-0.14806986,0.019675246,-0.21071692,0.35604778,0.30075368,0.30202818,0.2205576,0.15634191,0.073988974,-0.2823836,0.29310662,-0.3626777,-0.012579657,-0.4044424,-0.21699142,-0.0100306375,-0.046697304,-0.08757966,-0.032971814,0.088008575,0.30918506,0.3858517,0.14614584,-0.038560048,0.08536152,-0.058952205,-0.11483456,0.07604779,-0.15963848,-0.039932597,0.2110478,0.36624387,0.02898897,0.16398898,-0.061991423,-0.0776777,-0.07189338,0.044871323,0.22663602,-0.2312071,-0.051207107,-0.07630514,-0.43993258,0.23193015,0.07477328,0.10163603,-0.14738359,0.55349874,-0.03973652,-0.12365809,0.17428309,0.16065563,-0.26238358,0.009087009,-0.014540441,0.3010478,0.00653799,0.25036153,-0.020324755,-0.11267769,0.103008576,0.09516544,-0.077971816,0.21134192,0.08212622,0.24800858,0.21516544,-0.085618876,-0.10238358,-0.065716915,0.5311458,-0.37552083,-0.19738358,0.058008578,-0.31208947,-0.18248162,-0.028756127,0.11624387,0.23810662,-0.15973651,-0.07895221,-0.0036580882,-0.05336397,0.07879289,0.049675245,-0.23522672,0.39016545,0.14193015,-0.16375613,-0.05130515,-0.1716973,0.18457721,0.4542831,-0.0771875,0.19967525,0.027028186,0.22114584,0.19094975,-0.07081495,0.0029105393,0.17193015,0.1473223,0.12428309,0.008498775,0.082518384,0.1733027,-0.17179534,-0.25483456,0.1083027,0.111832105,-0.06699142,-0.11385417,0.0027144607,-0.09767769,0.08398897,0.30398896,-0.071795344,0.14320466,0.29967526,0.41751838,-0.1549326,0.1550674,-0.09120711,0.18045956,0.12173407,0.108498774,0.2680086,-0.03708946,0.060949754,0.381538,0.03624387,0.306538,-0.00022671568,-0.14905025,-0.13248162,0.03653799,-0.08061887,0.15967524,-0.36522672,-0.008658088,-0.15395221,0.13947916,0.27742034,-0.36022672,0.05408701,0.03193015,-0.47414827,0.13663603,-0.11405025,-0.27963847,-0.13885416,0.05516544,-0.3496385,-0.288462,-0.3389522,0.16771446,0.22751838,0.034969363,-0.083167896,-0.07679534,-0.17140318,0.33996937,0.13496937,0.054969363,0.049773283,-0.0051286765,-0.22689338,0.06143995,-0.1671875,0.2028125,-0.27208945,0.023008578,-0.57630515,-0.26679534,-0.121011026,-0.3114032,-1.4577757,0.8721262,0.5576164,0.07222427,-0.65061885,1.1852635,0.10104779,-0.495913,-0.20954044,0.63967526,0.34889093,1.0535969,-0.42826593,0.6644792,0.6923223,0.10634191,0.14389093,0.54340076,-0.07248162,0.30114582,-0.4712071,-0.10963848,0.1950674,1.3806556,-0.31424633,0.6860478,-0.3221875,0.56565565,-0.3541483,0.043302696,-0.16208947,0.55663604,-0.3524816,-0.40463847,-1.155815,0.051439952,0.3208517,0.07594976,0.06163603,0.11634191,0.61251837,-0.28061888,-0.31257966,-0.45963848,0.33261642,-0.3868934,-0.91934437,-0.11287378,-0.12522672,0.5232047,0.5496752,0.09251838,-0.5315993,-0.31503063,-0.09787378,0.037518382,0.10526348,0.08242034,0.30261642,-0.08483456,0.22016545,-0.18140319,-0.10591299,-0.31336397,-0.21071692,0.45026347,-0.26277575,-0.4016973,-0.17757966,0.2710478,0.29349878,-0.5544424,0.7055576,0.18173407,-0.20405024,-0.071501225,-0.21101102,-0.23650123,0.03026348,0.15771446,-0.9570895,-0.0776777,0.15428309,0.23428309,-0.11787377,0.07075368,-0.6576777,-0.0036580882,0.3792831,0.27898896,0.30143994,-0.43934438,-0.12120711,0.077322304,0.49800858,0.40153798,-0.3666973,0.24614583,-0.014050245,0.19261642,-0.25552082,0.17143995,0.19957721,0.050361518,0.21938112,0.074577205,0.16026348,0.19398896,-0.26336396,0.04045956,0.08604779,-0.08120711,0.12516545,0.29447916,0.29663602,-0.523462,-0.53856003,-0.22150123,0.4112439,0.077322304,0.21947917,0.027224265,0.47026348,
0,0,0,0,0,0,0,0,0,0,0,0,0,0,0,0,0,0,0,0,0,0,0,0,0,0,0,0,0,0,0,1,0,0,0,0,0,0,0,0,1,0,0,0,0,0,0,1,0,0,0,0,0,0,0,0,0,1,0,0,0,0,0,0,0,0,0,0,0,0,0,0,0,0,0,0,0,0,0,0,0,0,0,0,0,0,0,0,0,0,0,0,0,0,0,0,0,0,0,0,0,0,0,0,0,0,0,0,0,0,0,0,0,0,0,0,0,1,0,0,0,0,0,0,0,0,0,0,0,0,0,0,0,0,0,0,0,0,0,0,0,0,0,0,0,0,0,0,0,0,0,0,0,0,0,0,0,0,0,0,0,0,0,0,0,0,0,0,0,0,0,0,0,0,0,0,0,0,0,0,0,0,0,0,0,0,0,0,0,0,0,0,0,0,0,0,0,0,0,0,0,0,0,0,0,0,0,0,0,0,0,0,0,0,0,0,0,0,0,0,0,0,0,0,0,0,0,0,0,0,0,0,0,0,0,0,0,0,0,0,0,0,0,0,0,0,0,0,0,0,0,0,0,0,0,0,0,0,0,0,0,0,0,0,0,0,0,0,0,0,0,0,0,0,0,0,0,0,0,0,0,0,0,0,0,0,0,0,0,0,0,0,0,0,0,0,0,0,0,0,0,0,0,0,0,0,0,0,0,0,0,0,0,0,0,0,0,0,0,0,0,0,0,0,0,0,0,0,0,0,0,0,0,0,0,0,0,0,0,0,0,0,0,0,0,0,0,0,0,0,0,0,0,0,0,0,0,0,0,0,0,0,0,0,0,0,0,0,0,0,0,0,0,0,0,0,0,0,0,0,0,0,0,0,0,0,0,0,0,0,0,0,0,0,0,0,0,0,0,0,0,0,0,0,0,0,0,0,0,0,0,0,0,0,0,0,0,0,0,0,0,0,0,0,0,0,0,0,0,0,0,0,0,0,0,0,0,0,0,0,0,0,0,0,0,0,0,0,0,0,0,0,0,0,0,0,0,0,0,0,0,0,0,0,0,0,0,0,0,0,0,0,0,0,0,0,0,0,0,0,0,0,0,0,0,0,0,0,0,0,0,0,0,0,0,0,0,0,0,0,0,0,0,0,0,0,0,0,0,0,0,0,0,0,0,0,0,0,0,0,0,0,0,0,0,0,0,0,0,0,0,0,0,0,0,0,0,0,0,0,0,0,0,0,0,0,0,0,0,0,0,0,0,0,0,0,0,0,0,0,0,0,0,0,0,0,0,0,0,0,0,0,0,0,0,0,0,0,0,0,0,0,0,0,0,0,0,0,0,0,0,0,0,0,0,0,0,0,0,0,0,0,0,0,0,0,0,0,0,0,0,0,0,0,0,0,0,0,0,0,0,0,0,0,0,0,0,0,0,0,0,0,0,0,0,0,0,0,0,0,0,0,0,0,0,0,0,0,0,0,0,0,0,0,0,0,0,0,0,0,0,0,0,0,0,0,0,0,0,0,0,0,0,0,0,0,0,0,0,0,0,0,0,0,0,0,0,0,0,0,0,0,0,0,0,0,0,0,0,0,0,0,0,0,0,0,0,0,0,0,0,0,0,0,0,0,0,0,0,0,0,0,0,0,0,0,0,0,0,0,0,0,0,0,0,0,0,0,0,0,0,0,0,0,0,0,0,0,0,0,0,0,0,0,0,0,0,0,0,0,0,0,0,0,0,0,0,0,0,0,0,0,0,0,0,0,0,0,0,0,0,0,0,0,0,0,0,0,0,0,0,0,0,0,0,0,0,0,0,0,0,0,0,0,0,0,0,0,0,0,0,0,0,0,0,0,0,0,0,0,0,0,0,0,0,0,0,0,0,0,0,0,0,0,0,0,0,0,0,0,0,0,0,0,0,0,0,0,0,0,0,0,0,0,0,0,0,0,0,0,0,0,0,0,0,0,0,0,0,0,0,0,0,0,0,0,0,0,0,0,0,0,0,0,0,0,0,0,0,0,0,0,0,0,0,0,0,0,0,0,0,0,0,0,0,0,0,0,0,0,0,0,0,0,0,0,0,0,0,0,0,0,0,0,0,0,0,0,0,0,0,0,0,0,0,0,0,0,0,0,0,0,0,0,0,0,0,0,0,0,0,0,0,0,0,0,0,0,0,0,0,0,0,0,0,0,0,0,0,0,0,0,0,0,0,0,0,0,0,0,0,0,0,0,0,0,0,0,0,0,0,0,0,0,0,0,0,0,0,0,0,0,0,0,0,0,0,0,0,0,0,0,0,0,0,0,0,0,0,0,0,0,0,0,0,0,0,0,0,0,0,0,0,0,0,0,0,0,0,0,0,0,0,0,0,0,0,0,0,0,0,0,0,0,0,0,0,0,0,0,0,0,0,0,0,0,0,0,0,0,0,0,0,0,0,0,0,0,0,0,0,0,0,0,0,0,0,0,0,0,0,0,0,0,0,0,0,0,0,0,0,0,0,0,0,0,0,0,0,0,0,0,0,0,0,0,0,0,0,0,0,0,0,0,0,0,0,0,0,0,0,0,0,0,0,0,0,0,0,0,0,0,0,0,0,0,0,0,0,0,0,0,0,0,0,0,0,0,0,0,0,0,0,0,0,0,0,0,0,0,0,0,0,0,0,0,0,0,0,0,0,0,0,0,0,0,0,0,0,0,0,0,0,0,0,0,0,0,0,0,0,0,0,0,0,0,0,0,0,0,0,0,0,0,0,0,0,0,0,0,0,0,0,0,0,0,0,0,0,0,0,0,0,0,0,0,0,0,0,0,0,0,0,0,0,0,0,0,0,0,0,0,0,0,0,0,0,0,0,0,0,0,0,0,0,0,0,0,0,0,0,0,0,0,0,0,0,0,0,0,0,0,0,0,0,0,0,0,0,0,0,0,0,0,0,0,0,0,0,0,0,0,0,0,0,0,0,0,0,0,0,0,0,0,0,0,0,0,0,0,0,0,0,0,0,0,0,0,0,0,0,0,0,0,0,0,0,0,0,0,0,0,0,0,0,0,0,0,0,0,0,0,0,0,0,0,0,0,0,0,0,0,0,0,0,0,0,0,0,0,0,0,0,0,0,0,0,0,0,0,0,0,0,0,0,0,0,0,0,0,0,0,0,0,0,0,0,0,0,0,0,0,0,0,0,0,0,0,0,0,0,0,0,0,0,0,0,0,0,0,0,0,0,0,0,0,0,0,0,0,0,0,0,0,0,0,0,0,0,0,0,0,0,0,0,0,0,0,0,0,0,0,0,0,0,0,0,0,0,0,0,0,0,0,0,0,0,0,0,0,0,0,0,0,0,0,0,0,0,0,0,0,0,0,0,0,0,0,0,0,0,0,0,0,0,0,0,0,0,0,0,0,0,0,0,0,0,0,0,0,0,0,0,0,0,0,0,0,0,0,0,0,0,0,0,0,0,0,0,0,0,0,0,0,0,0,0,0,0,0,0,0,0,0,0,0,0,0,0,0,0,0,0,0,0,0,0,0,0,0,0,0,0,0,0,0,0,0,0,0,0,0,0,0,0,0,0,0,0,0,0,0,0,0,0,0,0,0,0,0,0,0,0,0,0,0,0,0,0,0,0,0,0,0,0,0,0,0,0,0,0,0,0,0,0,0,0,0,0,0,0,0,0,0,0,0,0,0,0,0,0,0,0,0,0,0,0,0,0,0,0,0,0,0,0,0,0,0,0,0,0,0,0,0,0,0,0,0,0,0,0,0,0,0,0,0,0,0,0,0,0,0,0,0,0,0,0,0,0,0,0,0,0,0,0,0,0,0,0,0,0,0,0,0,0,0,0,0,0,0,0,0,0,0,0,0,0,0,0,0,0,0,0,0,0,0,0,0,0,0,0,0,0,0,0,0,0,0,0,0,0,0,0,0,0,0,0,0,0,0,0,0,0,0,0,0,0,0,0,0,0,0,0,0,0,0,0,0,0,0,0,0,0,0,0,0,0,0,0,0,0,0,0,0,0,0,0,0,0,0,0,0,0,0,0,0,0,0,0,0,0,0,0,0,0,0,0,0,0,0,0,0,0,0,0,0,0,0,0,0,0,0,0,0,0,0,0,0,0,0,0,0,0,0,0,0,0,0,0,0,0,0,0,0,0,0,0,0,0,0,0,0,0,0,0,0,0,0,0,0,0,0,0,0,0,0,0,0,0,0,0,0,0,0,0,0,0,0,0,0,0,0,0,0,0,0,0,0,0,0,0,0,0,0,0,0,0,0,0,0,0,0,0,0,0,0,0,0,0,0,0,0,0,0,0,0,0,0,0,0,0,0,0,0,0,0,0,0,0,0,0,0,0,0,0,0,0,0,0,0,0,0,0,0,0,0,0,0,0,0,0,0,0,0,0,0,0,0,0,0,0,0,0,0,0,0,0,0,0,0,0,0,0,0,0,0,0,0,0,0,0,0,0,0,0,0,0,0,0,0,0,0,0,0,0,0,0,0,0,0,0,0,0,0,0,0,0,0,0,0,0,0,0,0,0,0,0,0,0,0,0,0,0,0,0,0,0,0,0,0,0,0,0,0,0,0,0,0,0,0,0,0,0,0,0,0,0,0,0,0,0,0,0,0,0,0,0,0,0,0,0,0,0,0,0,0,0,0,0,0,0,0,0,0,0,0,0,0,0,0,0,0,0,0,0,0,0,0,0,0,0,0,0,0,0,0,0,0,0,0,0,0,0,0,0,0,0,0,0,0,0,0,0,0,0,0,0,0,0,0,0,0,0,0,0,0,0,0,0,0,0,0,0,0,0,0,0,0,0,0,0,0,0,0,0,0,0,0,0,0,0,0,0,0,0,0,0,0,0,0,0,0,0,0,0,0,0,0,0,0,0,0,0,0,0,0,0,0,0,0,0,0,0,0,0,0,0,0,0,0,0,0,0,0,0,0,0,0,0,0,0,0,0,0,0,0,0,0,0,0,0,0,0,0,0,0,0,0,0,0,0,0,0,0,0,0,0,0,0,0,0,0,0,0,0,0,0,0,0,0,0,0,0,0,0,0,0,0,0,0,0,0,0,0,0,0,0,0,0,0,0,0,0,0,0,0,0,0,0,0,0,0,0,0,0,0,0,0,0,0,0,0,0,0,0,0,0,0,0,0,0,0,0,0,0,0,0,0,0,0,0,0,0,0,0,0,0,0,0,0,0,0,0,0,0,0,0,0,0,0,0,0,0,0,0,0,0,0,0,0,0,0,0,0,0,0,0,0,0,0,0,0,0,0,0,0,0,0,0,0,0,0,0,0,0,0,0,0,0,0,0,0,0,0,0,0,0,0,0,0,0,0,0,0,0,0,0,0,0,0,0,0,0,0,0,0,0,0,0,0,0,0,0,0,0,0,0,0,0,0,0,0,0,0,0,0,0,0,0,0,0,0,0,0,0,0,0,0,0,0,0,0,0,0,0,0,0,0,0,0,0,0,0,0,0,0,0,0,0,0,0,0,0,0,0,0,0,0,0,0,0,0,0,0,0,0,0,0,0,0,0,0,0,0,0,0,0,0,0,0,0,0,0,0,0,0,0,0,0,0,0,0,0,0,0,0,0,0,0,0,0,0,0,0,0,0,0,0,0,0,0,0,0,0,0,0,0,0,0,0,0,0,0,0,0,0,0,0,0,0,0,0,0,0,0,0,0,0,0,0,0,0,0,0,0,0,0,0,0,0,0,0,0,0,0,0,0,0,0,0,0,0,0,0,0,0,0,0,0,0,0,0,0,0,0,0,0,0,0,0,0,0,0,0,0,0,0,0,0,0,0,0,0,0,0,0,0,0,0,0,0,0,0,0,0,0,0,0,0,0,0,0,0,0,0,0,0,0,0,0,0,0,0,0,0,0,0,0,0,0,0,0,0,0,0,0,0,0,0,0,0,0,0,0,0,0,0,0,0,0,0,0,0,0,0,0,0,0,0,0,0,0,0,0,0,0,0,0,0,0,0,0,0,0,0,0,0,0,0,0,0,0,0,0,0,0,0,0,0,0,0,0,0,0,0,0,0,0,0,0,0,0,0,0,0,0,0,0,0,0,0,0,0,0,0,0,0,0,0,0,0,0,0,0,0,0,0,0,0,0,0,0,0,0,0,0,0,0,0,0,0,0,0,0,0,0,0,0,0,0,0,0,0,0,0,0,0,0,0,0,0,0,0,0,0,0,0,0,0,0,0,0,0,0,0,0,0,0,0,0,0,0,0,0,0,0,0,0,0,0,0,0,0,0,0,0,0,0,0,0,0,0,0,0,0,0,0,0,0,0,0,0,0,0,0,0,0,0,0,0,0,0,0,0,0,0,0,0,0,0,0,0,0,0,0,0,0,0,0,0,0,0,0,0,0,0,0,0,0,0,0,0,0,0,0,0,0,0,0,0,0,0,0,0,0,0,0,0,0,0,0,0,0,0,0,0,0,0,0,0,0,0,0,0,0,0,0,0,0,0,0,0,0,0,0,0,0,0,0,0,0,0,0,0,0,0,0,0,0,0,0,0,0,0,0,0,0,0,0,0,0,0,0,0,0,0,0,0,0,0,0,0,0,0,0,0,0,0,0,0,0,0,0,0,0,0,0,0,0,0,0,0,0,0,0,0,0,0,0,0,0,0,0,0,0,0,0,0,0,0,0,0,0,0,0,0,0,0,0,0,0,0,0,0,0,0,0,0,0,0,0,0,0,0,0,0,0,0,0,0,0,0,0,0,0,0,0,0,0,0,0,0,0,0,0,0,0,0,0,0,0,0,0,0,0,0,0,0,0,0,0,0,0,0,0,0,0,0,0,0,0,0,0,0,0,0,0,0,0,0,0,0,0,0,0,0,0,0,0,0,0,0,0,0,0,0,0,0,0,0,0,0,0,0,0,0,0,0,0,0,0,0,0,0,0,0,0,0,0,0,0,0,0,0,0,0,0,0,0,0,0,0,0,0,0,0,0,0,0,0,0,0,0,0,0,0,0,0,0,0,0,0,0,0,0,0,0,0,0,0,0,0,0,0,0,0,0,0,0,0,0,0,0,0,0,0,0,0,0,0,0,0,0,0,0,0,0,0,0,0,0,0,0,0,0,0,0,0,0,0,0,0,0,0,0,0,0,0,0,0,0,0,0,0,0,0,0,0,0,0,0,0,0,0,0,0,0,0,0,0,0,0,0,0,0,0,0,0,0,0,0,0,0,0,0,0,0,0,0,0,0,0,0,0,0,0,0,0,0,0,0,0,0,0,0,0,0,0,0,0,0,0,0,0,0,0,0,0,0,0,0,0,0,0,0,0,0,0,0,0,0,0,0,0,0,0,0,0,0,0,0,0,0,0,0,0,0,0,0,0,0,0,0,0,0,0,0,0,0,0,0,0,0,0,0,0,0,0,0,0,0,0,0,0,0,0,0,0,0,0,0,0,0,0,0,0,0,0,0,0,0,0,0,0,0,0,0,0,0,0,0,0,0,0,0,0,0,0,0,0,0,0,0,0,0,0,0,0,0,0,0,0,0,0,0,0,0,0,0,0,0,0,0,0,0,0,0,0,0,0,0,0,0,0,0,0,0,0,0,0,0,0,0,0,0,0,0,0,0,0,0,0,0,0,0,0,0,0,0,0,0,0,0,0,0,0,0,0,0,0,0,0,0,0,0,0,0,0,0,0,0,0,0,0,0,0,0,0,0,0,0,0,0,0,0,0,0,0,0,0,0,0,0,0,0,0,0,0,0,0,0,0,0,0,0,0,0,0,0,0,0,0,0,0,0,0,0,0,0,0,0,0,0,0,0,0,0,0,0,0,0,0,0,0,0,0,0,0,0,0,0,0,0,0,0,0,0,0,0,0,0,0,0,0,0,0,0,0,0,0,0,0,0,0,0,0,0,0,0,0,0,0,0,0,0,0,0,0,0,0,0,0,0,0,0,0,0,0,0,0,0,0,0,0,0,0,0,0,0,0,0,0,0,0,0,0,0,0,0,0,0,0,0,0,0,0,0,0,0,0,0,0,0,0,0,0,0,0,0,0,0,0,0,0,0,0,0,0,0,0,0,0,0,0,0,0,0,0,0,0,0,0,0,0,0,0,0,0,0,0,0,0,0,0,0,0,0,0,0,0,0,0,0,0,0,0,0,0,0,0,0,0,0,0,0,0,0,0,0,0,0,0,0,0,0,0,0,0,0,0,0,0,0,0,0,0,0,0,0,0,0,0,0,0,0,0,0,0,0,0,0,0,0,0,0,0,0,0,0,0,0,0,0,0,0,0,0,0,0,0,0,0,0,0,0,0,0,0,0,0,0,0,0,0,0,0,0,0,0,0,0,0,0,0,0,0,0,0,0,0,0,0,0,0,0,0,0,0,0,0,0,0,0,0,0,0,0,0,0,0,0,0,0,0,0,0,0,0,0,0,0,0,0,0,0,0,0,0,0,0,0,0,0,0,0,0,0,0,0,0,0,0,0,0,0,0,0,0,0,0,0,0,0,0,0,0,0,0,0,0,0,0,0,0,0,0,0,0,0,0,0,0,0,0,0,0,0,0,0,0,0,0,0,0,0,0,0,0,0,0,0,0,0,0,0,0,0,0,0,0,0,0,0,0,0,0,0,0,0,0,0,0,0,0,0,0,0,0,0,0,0,0,0,0,0,0,0,0,0,0,0,0,0,0,0,0,0,0,0,0,0,0,0,0,0,0,0,0,0,0,0,0,-0.3276406,0.8751151,-0.06743922,-0.23320499,-0.08301951,0.72938114,0.14008595,-0.3940953,0.7523806,-0.4303433,-0.06245777,-0.55191195,0.348565,0.5168745,-1.3915516,0.17283635,-0.10495909,-0.75710535,-0.77268565,-0.8703009,0.30436787,-0.12181124,-1.6647896,0.4514797,0.96499324,0.91062117,0.3951999,1.3283212,0.63197786,0.08645585,-0.3940953,0.23483953,1.3080775,1.7508968,-1.2559925,-1.1904917,1.6929212,-0.27708417,0.12122002,-1.6370206,-0.15201792,1.1737902,1.6142778,-1.7905977,0.6144898,0.083594166,1.5621315,-1.7842383,-0.5031573,-1.4811118,-1.3305023,1.5522746,0.03526348,0.25709707,-1.1176777,1.2087663,-0.07295062,-0.99091566,-1.1606029,-1.4910747,-1.2792039,-1.2701949,0.31263497,1.1826932,-0.45313078,-0.026845688,-0.26712126,1.3719884,0.16806687,-0.8590661,0.0905894,1.3545004,1.5701866,-1.7718377,-0.7849803,1.1627674,-0.2813237,1.6147017,-0.60003066,1.1152847,0.12471764,0.29737264,-0.039670277,-1.5197974,0.5441135,-0.063623644,-0.73813343,-0.14989816,1.5625554,-0.40151447,1.1360584,0.7239757,0.5628734,1.3961538,0.08179236,0.020743078,0.30659363,-0.11259025,0.28041452,0.37198845,-0.8280116,-1.0275877,-1.4535547,1.1471871,0.93839014,-0.17374553,0.82466465,-0.4802638,-0.3650545,0.6419408,0.32111403,-0.64443976,0.39986336,0.1642513,-0.4983878,-0.17257966,0.21131012,0.8882576,-0.23702057,-0.90432316,0.27734086,-0.3831785,1.1074415,-1.4027864,0.6714055,-0.551064,-0.7947312,-0.02345406,-0.39080966,0.034839526,1.211946,0.0969487,0.44098684,0.42339277,-0.93728554,-0.89806986,-0.8033163,0.39392802,-0.6557805,-0.14184304,0.36297944,0.275857,0.28062648,-0.4568404,0.76117766,0.28539598,0.7091374,-0.44179004,0.21342988,0.4886816,-1.0684991,0.9203721,-1.651329,-0.76781017,-1.3628287,0.013959824,-0.22112232,0.077234864,-0.12318909,-0.16918802,0.29016545,-0.6701949,-1.0444398,-0.20299831,-0.64104813,-0.10252136,0.58841664,-0.16304071,-0.24867928,0.19466995,-0.030661268,-0.41932052,0.4532815,-0.26457754,-0.6803698,0.27013364,0.15905786,-0.15074606,0.27914265,0.004102908,-0.5073968,0.66525817,-0.12053938,-0.052388877,0.27977857,-0.18264855,1.2882576,-0.33972326,0.47479713,-0.51619387,-0.76547843,0.052221615,-0.6832315,0.19583581,-1.0365967,0.7420997,-0.56791615,-0.72424895,0.98099744,-0.092770435,0.13849613,0.12800328,-0.71990347,-1.1707778,0.13033502,0.7022481,0.8074945,0.07447917,0.06970969,-0.4710428,0.09408701,-0.1185256,-0.63023734,0.28476003,-0.8103115,-0.57522935,1.1004463,0.36022374,1.1600118,0.56170756,0.21650355,-0.36685628,1.1431596,0.47479713,0.30097625,0.038231153,-0.8293894,0.24808808,-0.15911914,0.8223329,0.63929105,1.0071765,-0.76261675,-0.50093156,0.4797786,1.258157,1.1553483,0.2995984,-0.043591846,0.038125165,0.6013472,-0.43235707,-1.0312972,-0.64094216,-0.7850863,0.18555495,-0.9614509,-0.06828713,0.8976906,-0.082171604,0.6838061,-0.8830195,-0.72371906,0.3359524,0.55789196,0.09917445,0.5219619,-0.2777201,-0.7078208,-1.4274817,0.90161216,-0.44443974,-0.36643234,0.8935571,1.331183,-0.63691455,-0.5257328,-0.18508628,0.40982628,-1.4010905,0.52365774,0.041516792,-0.3157699,-0.6229241,-0.760391,-0.4177307,0.63346165,0.45031384,0.20452686,0.03982098,-0.1776671,0.16859682,-0.95456165,0.24109285,-0.04655952,0.5417818,0.41533768,0.2895295,0.8831702,-1.0857753,-0.24793737,0.5553483,1.0109922,-0.5131202,-0.037126556,0.64480245,0.83844316,-0.47708416,0.044060513,-1.1380274,-0.01910854,-0.7347418,-0.11916153,1.3884166,0.06409231,0.5365883,0.32556555,0.09673672,-1.4196385,-0.45556852,-0.08323149,0.6331437,-0.38466233,0.15651414,-0.60776776,-0.49722195,-0.18625215,0.29207322,-0.17279163,-0.4257858,0.8404569,-0.6568404,-0.35996705,0.8328257,-0.101037525,-0.34428078,-0.805648,-1.1022034,0.7386021,-1.5098345,-1.0292834,0.29631278,0.3005523,-0.85715836,0.022756856,-0.36823413,0.5197362,0.36531118,-1.296904,0.66653,-0.21200731,-0.39897075,0.12535357,0.72736734,-0.978409,-0.305913,-0.55064005,-0.5923995,-0.9112124,0.5951999,0.21629156,0.9954119,-0.34088916,0.6224389,-0.3478844,0.18248129,-0.20893365,0.40452686,-0.38052878,-0.75784725,0.4241347,0.010462209,-0.3686581,0.13521048,0.43717128,-0.6447577,0.66112465,0.5257775,0.4315539,-0.8567344,-0.50199145,-0.9766072,0.96880877,1.148671,1.3423117,0.13425659,-0.6026803,-0.28980276,0.07702289,0.3233398,0.15598421,-0.007979763,-0.24062417,0.58248127,0.7133769,-0.45005715,0.3886286,0.257627,0.45444736,0.5913843,0.5868268,-0.35572752,0.03664133,-0.7318801,-0.44825533,-0.7276406,1.1253536,-0.23235708,0.45317551,0.82572454,0.29461694,0.61607957,0.42742035,-0.47825003,-0.11873758,0.903202,-0.7863581,-0.53813344,-0.5362257,0.49027142,-0.43055528,-1.0185786,0.49027142,0.18958251,0.8183054,-0.8822776,0.24109285,0.12567154,-0.1040052,-0.3930354,-0.40628394,1.2211671,-0.49711597,0.35715008,1.0647283,0.3895825,-0.2104175,0.40558675,-0.32594478,0.022014938,0.10998526,-0.5768192,-0.8941483,0.13574043,0.61650354,-0.7611329,-0.21910854,-0.25238886,-0.61052346,-0.32244718,0.09228521,-0.109940544,0.26833186,0.16382734,0.79032445,0.49270916,-0.39197552,-0.08058178,0.021061042,0.07914265,0.6833822,0.24480243,0.34676322,-0.17745513,0.21035622,0.5025661,-0.7450227,0.4641983,0.8885756,-0.6973279,0.056779113,-0.7769252,0.16382734,0.32556555,0.22678441,0.27575102,0.7561962,0.4877277,1.057627,0.16499321,0.9100912,0.43844312,-0.3358017,-0.01264325,-0.16388862,0.33478653,-0.78815997,0.49270916,-0.7040052,0.88740975,-0.20617796,-0.15551554,-0.011901331,-0.96251076,0.18990047,-0.7223412,-0.22896546,-0.26012602,-0.5650545,-0.029389407,-0.76473653,-0.5066549,-0.35286582,0.21713947,0.26006475,0.67776483,0.72768533,-0.5710958,-0.08789497,0.2977966,0.5390261,-0.9293364,-0.07538835,0.41830534,0.39530587,0.7178284,-0.9094106,-0.39812285,-0.542479,-0.41645882,0.5923382,-0.27538836,-0.3247789,0.7743202,-0.38084674,-0.66171587,-0.41062948,1.0660001,0.7205841,0.1514267,-0.48863688,0.04098685,0.07681091,-0.45450863,1.0193652,0.5243997,0.6349455,-0.9373915,1.4802026,0.10987927,-0.18498029,0.37485012,0.05571923,-0.75911915,0.6772349,0.6049508,-0.0134911565,0.1804675,-0.93834543,-0.9295484,-0.069876954,0.24978389,0.23706529,0.27734086,-0.3212813,-0.68609315,0.21289994,-0.15339577,-0.878144,-1.2926644,-0.8686051,-1.269877,0.73658836,0.75577223,0.25296354,-0.067863174,-1.1914456,0.95121473,-0.4067079,-0.36473653,-0.5702479,0.14591531,0.19435199,0.087833695,0.039714992,-0.55710536,0.16499321,0.1368003,-0.6802638,1.0715115,-0.5704599,-0.033204988,-0.28937882,-0.12509689,0.8449084,-0.8985998,-0.15085204,0.09217922,0.18799268,-0.069241025,0.42190894,0.4505258,0.39806157,0.32439968,0.116662525,-1.2087216,0.29843253,0.22954011,0.0832762,0.11560264,0.5650992,-1.2183666,-0.32043338,-0.34777838,0.09535887,0.56615907,0.8453324,-0.40522406,-0.75986105,0.030070052,0.15948182,0.2306,0.15312251,-1.1004016,-0.3140741,0.55545425,0.6980086,-0.34724844,-0.6867291,-0.07528236,-0.07146678,-1.0031043,0.29164928,0.14093386,-0.94830835,-0.88566923,0.49641874,0.33828413,-0.8760243,-0.1012495,0.5587399,0.3622375,0.58566093,0.5186763,-0.63097924,-0.022500165,-0.3376035,1.2806265,0.32079607,-0.06690928,0.04300063,-0.24369784,-0.30654892,-0.86457753,-0.48778898,0.0038909314,-0.04009423,0.03229581,0.32164398,-0.73463583,-0.81603485,0.077976786,-0.31693578,-0.960285,-0.52594477,1.175698,-0.29732794,-0.11025851,-0.4369146,-0.23903434,0.011310115,-0.13018432,0.49663073,0.13839014,-0.105383046,0.58460104,0.45667312,0.475751,-0.28694108,0.76478124,-0.805754,0.58703876,-0.14088914,-0.506019,0.18110344,0.68709177,0.5410398,0.33203083,0.82021314,0.014277789,0.3697627,0.7171925,-0.14279693,0.1423117,0.16806687,-0.3451287,0.1541824,-0.60882765,0.17092855,-0.48545724,-0.025043886,-0.3369676,-0.07104283,0.59562385,0.9915963,-0.14905025,0.14729315,0.023392785,-0.11184834,-0.5991827,-0.06468353,-0.578515,0.27564505,0.77686393,0.85582525,-0.4365966,0.83854914,0.0632444,1.2561432,0.1196302,0.22424069,0.12111404,0.10924334,0.15301652,-0.43288702,-0.16961199,0.63409764,-0.077614106,-0.06712126,0.05635516,0.011522092,0.32736734,-0.04073016,-0.13474181,-0.29722196,0.6148077,-0.064259574,-0.009039646,-0.20554203,0.5271554,-0.39282343,-0.20533006,0.3004463,0.49747863,0.37241238,0.7638273,-1.0842913,0.4149137,-0.28927281,-0.41656482,-0.5323041,-0.35636345,0.025512554,0.4686498,-0.3678102,-0.22811754,0.1287452,-0.21974447,0.48910555,-0.10061357,-0.04655952,-0.011795343,0.6228628,0.053493474,0.3533345,-0.57628924,0.05889888,0.03907906,-0.53463584,-0.46563742,0.14178176,0.40516278,0.48539597,-0.28248957,-0.33982927,0.5788777,-0.51810163,-1.1863581,-0.68460935,-0.62546784,0.72312784,0.19212623,0.18968849,-0.84263796,0.015655637,-0.47358656,-0.43797445,0.069603704,-0.21518697,0.17739384,0.1923382,-0.12817053,0.22159098,0.7104092,0.5002343,0.68613786,-0.5881599,0.26896778,0.27013364,0.1478231,0.37018663,0.28168637,0.040774874,0.11835834,-0.09054468,-0.20098454,0.23801918,0.5522746,0.009826278,0.4769169,-0.21550493,0.23367366,0.7749561,0.5443255,1.1325607,0.24321261,-0.6460296,0.63483953,0.047240164,0.4643043,0.22169697,0.042576674,-0.15445565,0.047664117,-0.24910323,0.96181357,0.85094976,0.83123595,0.024664646,0.83271974,-0.3637826,0.17389624,-0.48185363,-0.43066126,-0.036702603,0.18343519,0.55471236,-0.43998826,-0.0521769,0.20664662,0.7713525,0.21904726,0.19159628,0.5402979,0.5986975,-0.17734914,-0.0033162758,1.0605947,-0.0051180776,0.09726666,0.40717658,0.051161733,-0.333152,0.20569274,0.050207835,0.57379025,0.18523699,-0.35615146,-0.3610269,0.32206795,-0.2840794,-0.34014723,-1.068817,0.8247706,0.4250886,0.9588459,0.40537477,-0.065319456,0.091119334,0.0044208732,0.25094974,-0.39706296,0.21152209,-0.30718485,-0.19727494,0.08910556,-0.07719015,0.3531225,-0.3430089,0.60007536,-0.4469835,0.22848022,-0.75805926,0.8679079,-0.560179,0.6998104,-0.13781548,-0.3486263,0.10256608,0.36732495,-0.6529188,0.05306952,0.5434776,0.34835303,-0.18211861,-0.47263265,-1.4023623,0.5546064,-0.49542016,-0.5459766,0.1378602,0.024770634,0.11708648,0.47182944,0.050207835,0.13128892,0.6060107,-0.22101633,0.9572561,-0.08535125,-0.51831365,0.40950832,-0.2719967,-0.06966498,0.026466448,-0.05281283,1.2803085,0.18820466,-0.17321558,-0.0032102875,-0.34459874,-0.028435513,0.37834775,0.10553375,0.66451627,-0.27136078,0.22402872,0.12609549,-0.053766727,0.2042089,0.72980505,-0.17279163,0.7254596,0.96562916,-0.78657013,-0.61921453,-1.1457646,-0.36696228,-0.10824473,-0.43543074,-0.3431149,-0.22101633,0.3888406,0.17728786,0.46896777,0.5535465,0.36626506,0.2550833,-0.054402657,0.6432126,-0.015610923,0.01035622,0.002513083,0.31592062,-0.31280223,0.07363126,0.66663605,-0.4538727,0.50383794,-0.35085204,-0.4566284,0.5695507,0.4495719,-0.2585362,0.7773938,-0.43235707,-0.012431273,0.07479713,-0.88704705,0.2914373,0.07246539,-0.25260085,-0.7567874,-0.2659554,-0.64136606,-0.6185786,0.5199482,0.6080245,-0.3248849,0.26462224,1.2725713,0.32079607,-0.19345936,0.66981566,-0.16134489,0.3622375,-0.20056058,0.20007536,0.08465405,-0.31916153,-0.4575823,-0.2886369,0.0469222,0.27119353,0.34103984,0.3286392,-0.88874286,0.010038255,1.1691267,-0.05800626,0.093239106,0.20336099,0.41268796,-0.6037402,0.031129936,0.29641876,-1.2276936,0.2205311,-0.25896016,-0.25737032,-0.20448215,0.12821525,-0.17120181,0.037065282,-0.4369146,0.117404446,-0.81253725,0.26568213,-0.082171604,0.22710238,-0.11301421,-0.696904,1.0006053,-0.0048001125,0.2259365,0.394352,-0.20458813,1.08582,0.42021313,0.66653,0.30574572,-0.70167345,0.4841241,-0.034052894,0.53669435,0.58036155,0.43706527,0.85105574,-0.018472608,0.077976786,-0.25546253,-0.3042172,-0.21571691,0.6002873,0.7949879,-0.9205394,-0.04443975,-1.0102055,-0.7201154,-0.3067609,0.73351467,1.9785597,0.31920624,-1.0413661,1.1229159,-0.43405288,-0.23076725,-0.71799564,-0.66362363,-0.52901846,-0.8400942,0.52535355,-1.1774551,0.42318082,0.15789199,1.6289042,-1.2500571,0.91380084,-0.2711488,-1.6835494,-1.0845033,1.9558783,0.7570441,0.80367893,-0.82409,0.53605837,0.9096673,0.775592,-0.1894318,-0.28524527,-0.07210271,0.18438907,-1.7533958,-0.9027333,-0.114074096,-0.69722193,1.0613366,-1.4485734,0.20452686,-0.56717426,0.34400752,1.040139,-0.13092624,0.38767472,-0.32456693,0.030070052,-0.7336819,1.2023011,0.09535887,-1.6772962,0.6729953,-0.8359607,0.60081726,0.26123062,-1.6273756,-0.76537246,1.6089784,0.8715115,0.8512677,-0.1276406,-0.7738515,1.5392381,-0.5893258,-1.0264218,-0.28545725,1.7042619,0.2794606,0.032507785,1.44883,1.1434776,-0.69637406,0.30521578,-0.1121663,0.035475455,-0.3260508,0.4714055,-0.24147208,-0.6677572,0.3449614,0.7413578,-1.6931944,-0.47538835,1.3634034,-0.28386742,-0.9659024,-0.23723255,0.86207855,-1.0641536,-0.33241007,0.16287345,0.8995984,-0.67909795,-0.16622035,-0.5088807,0.9191003,0.33192486,-0.3432209,-0.52456695,0.029116157,1.403149,0.75534827,0.9062757,0.8970547,-0.1540317,-0.20734383,-1.1017795,-0.587418,0.0832762,-0.037232544,0.5515327,-0.017518714,0.4085544,0.80632865,0.47288933,1.3996514,0.050313827,-0.25419068,-0.030237315,0.08899957,0.31729844,1.4807324,0.34093386,
0,0,1,0,0,0,0,1,0,0,0,0,0,0,0,0,0,0,0,0,0,0,0,0,0,0,0,0,0,0,0,0,0,0,0,0,0,0,0,0,0,0,0,0,0,0,0,0,0,0,0,0,0,0,0,0,0,0,0,0,0,0,0,0,0,0,0,0,0,0,0,0,0,0,0,0,0,0,0,0,0,0,0,0,0,0,0,0,0,0,0,0,0,0,0,0,0,0,0,0,0,0,0,0,0,0,0,0,0,0,0,0,0,0,0,0,0,0,0,0,0,0,0,0,0,0,0,0,0,0,0,0,0,0,0,0,0,0,0,0,0,0,0,0,0,0,0,0,0,0,0,0,0,0,0,0,0,0,0,0,0,0,0,0,0,0,0,0,0,0,0,0,0,0,0,0,0,0,0,0,0,0,0,0,0,0,0,0,0,0,0,0,0,0,0,0,0,0,0,0,0,0,0,0,0,0,0,0,0,0,0,0,0,0,0,0,0,0,0,0,0,0,0,0,0,0,0,0,0,0,0,0,0,0,0,0,0,0,0,0,0,0,0,0,0,0,0,0,0,0,0,0,0,0,0,0,0,0,0,0,0,0,0,0,0,0,0,0,0,0,0,0,0,0,0,0,0,0,0,0,0,0,0,0,0,0,0,0,0,0,0,0,0,0,0,0,0,0,0,0,0,0,0,0,0,0,0,0,0,0,0,0,0,0,0,0,0,0,0,0,0,0,0,0,0,0,0,0,0,0,0,0,0,0,0,0,0,0,0,0,0,0,0,0,0,0,0,0,0,0,0,0,0,0,0,0,0,0,0,0,0,0,0,0,0,0,0,0,0,0,0,0,0,0,0,0,0,0,0,0,0,0,0,0,0,0,0,0,0,0,0,0,0,0,0,0,0,0,0,0,0,0,0,0,0,0,0,0,0,0,0,0,0,0,0,0,0,0,0,0,0,0,0,0,0,0,0,0,0,0,0,0,0,0,0,0,0,0,0,0,0,0,0,0,0,0,0,0,0,0,0,0,0,0,0,0,0,0,0,0,0,0,0,0,0,0,0,0,0,0,0,0,0,0,0,0,0,0,0,0,0,0,0,0,0,0,0,0,0,0,0,0,0,0,0,0,0,0,0,0,0,0,0,0,0,0,0,0,0,0,0,0,0,0,0,0,0,0,0,0,0,0,0,0,0,0,0,0,0,0,0,0,0,0,0,0,0,0,0,0,0,0,0,0,0,0,0,0,0,0,0,0,0,0,0,0,0,0,0,0,0,0,0,0,0,0,0,0,0,0,0,0,0,0,0,0,0,0,0,0,0,0,0,0,0,0,0,0,0,0,0,0,0,0,0,0,0,0,0,0,0,0,0,0,0,0,0,0,0,0,0,0,0,0,0,0,0,0,0,0,0,0,0,0,0,0,0,0,0,0,0,0,0,0,0,0,0,0,0,0,0,0,0,0,0,0,0,0,0,0,0,0,0,0,0,0,0,0,0,0,0,0,0,0,0,0,0,0,0,0,0,0,0,0,0,0,0,0,0,0,0,0,0,0,0,0,0,0,0,0,0,0,0,0,0,0,0,0,0,0,0,0,0,0,0,0,0,0,0,0,0,0,0,0,0,0,0,0,0,0,0,0,0,0,0,0,0,0,0,0,0,0,0,0,0,0,0,0,0,0,0,0,0,0,0,0,0,0,0,0,0,0,0,0,0,0,0,0,0,0,0,0,0,0,0,0,0,0,0,0,0,0,0,0,0,0,0,0,0,0,0,0,0,0,0,0,0,0,0,0,0,0,0,0,0,0,0,0,0,0,0,0,0,0,0,0,0,0,0,0,0,0,0,0,0,0,0,0,0,0,0,0,0,0,0,0,0,0,0,0,0,0,0,0,0,0,0,0,0,0,0,0,0,0,0,0,0,0,0,0,0,0,0,0,0,0,0,0,0,0,0,0,0,0,0,0,0,0,0,0,0,0,0,0,0,0,0,0,0,0,0,0,0,0,0,0,0,0,0,0,0,0,0,0,0,0,0,0,0,0,0,0,0,0,0,0,0,0,0,0,0,0,0,0,0,0,0,0,0,0,0,0,0,0,0,0,0,0,0,0,0,0,0,0,0,0,0,0,0,0,0,0,0,0,0,0,0,0,0,0,0,0,0,0,0,0,0,0,0,0,0,0,0,0,0,0,0,0,0,0,0,0,0,0,0,0,0,0,0,0,0,0,0,0,0,0,0,0,0,0,0,0,0,0,0,0,0,0,0,0,0,0,0,0,0,0,0,0,0,0,0,0,0,0,0,0,0,0,0,0,0,0,0,0,0,0,0,0,0,0,0,0,0,0,0,0,0,0,0,0,0,0,0,0,0,0,0,0,0,0,0,0,0,0,0,0,0,0,0,0,0,0,0,0,0,0,0,0,0,0,0,0,0,0,0,0,0,0,0,0,0,0,0,0,0,0,0,0,0,0,0,0,0,0,0,0,0,0,0,0,0,0,0,0,0,0,0,0,0,0,0,0,0,0,0,0,0,0,0,0,0,0,0,0,0,0,0,0,0,0,0,0,0,0,0,0,0,0,0,0,0,0,0,0,0,0,0,0,0,0,0,0,0,0,0,0,0,0,0,0,0,0,0,0,0,0,0,0,0,0,0,0,0,0,0,0,0,0,0,0,0,0,0,0,0,0,0,0,0,0,0,0,0,0,0,0,0,0,0,0,0,0,0,0,0,0,0,0,0,0,0,0,0,0,0,0,0,0,0,0,0,0,0,0,0,0,0,0,0,0,0,0,0,0,0,0,0,0,0,0,0,0,0,0,0,0,0,0,0,0,0,0,0,0,0,0,0,0,0,0,0,0,0,0,0,0,0,0,0,0,0,0,0,0,0,0,0,0,0,0,0,0,0,0,0,0,0,0,0,0,0,0,0,0,0,0,0,0,0,0,0,0,0,0,0,0,0,0,0,0,0,0,0,0,0,0,0,0,0,0,0,0,0,0,0,0,0,0,0,0,0,0,0,0,0,0,0,0,0,0,0,0,0,0,0,0,0,0,0,0,0,0,0,0,0,0,0,0,0,0,0,0,0,0,0,0,0,0,0,0,0,0,0,0,0,0,0,0,0,0,0,0,0,0,0,0,0,0,0,0,0,0,0,0,0,0,0,0,0,0,0,0,0,0,0,0,0,0,0,0,0,0,0,0,0,0,0,0,0,0,0,0,0,0,0,0,0,0,0,0,0,0,0,0,0,0,0,0,0,0,0,0,0,0,0,0,0,0,0,0,0,0,0,0,0,0,0,0,0,0,0,0,0,0,0,0,0,0,0,0,0,0,0,0,0,0,0,0,0,0,0,0,0,0,0,0,0,0,0,0,0,0,0,0,0,0,0,0,0,0,0,0,0,0,0,0,0,0,0,0,0,0,0,0,0,0,0,0,0,0,0,0,0,0,0,0,0,0,0,0,0,0,0,0,0,0,0,0,0,0,0,0,0,0,0,0,0,0,0,0,0,0,0,0,0,0,0,0,0,0,0,0,0,0,0,0,0,0,0,0,0,0,0,0,0,0,0,0,0,0,0,0,0,0,0,0,0,0,0,0,0,0,0,0,0,0,0,0,0,0,0,0,0,0,0,0,0,0,0,0,0,0,0,0,0,0,0,0,0,0,0,0,0,0,0,0,0,0,0,0,0,0,0,0,0,0,0,0,0,0,0,0,0,0,0,0,0,0,0,0,0,0,0,0,0,0,0,0,0,0,0,0,0,0,0,0,0,0,0,0,0,0,0,0,0,0,0,0,0,0,0,0,0,0,0,0,0,0,0,0,0,0,0,0,0,0,0,0,0,0,0,0,0,0,0,0,0,0,0,0,0,0,0,0,0,0,0,0,0,0,0,0,0,0,0,0,0,0,0,0,0,0,0,0,0,0,0,0,0,0,0,0,0,0,0,0,0,0,0,0,0,0,0,0,0,0,0,0,0,0,0,0,0,0,0,0,0,0,0,0,0,0,0,0,0,0,0,0,0,0,0,0,0,0,0,0,0,0,0,0,0,0,0,0,0,0,0,0,0,0,0,0,0,0,0,0,0,0,0,0,0,0,0,0,0,0,0,0,0,0,0,0,0,0,0,0,0,0,0,0,0,0,0,0,0,0,0,0,0,0,0,0,0,0,0,0,0,0,0,0,0,0,0,0,0,0,0,0,0,0,0,0,0,0,0,0,0,0,0,0,0,0,0,0,0,0,0,0,0,0,0,0,0,0,0,0,0,0,0,0,0,0,0,0,0,0,0,0,0,0,0,0,0,0,0,0,0,0,0,0,0,0,0,0,0,0,0,0,0,0,0,0,0,0,0,0,0,0,0,0,0,0,0,0,0,0,0,0,0,0,0,0,0,0,0,0,0,0,0,0,0,0,0,0,0,0,0,0,0,0,0,0,0,0,0,0,0,0,0,0,0,0,0,0,0,0,0,0,0,0,0,0,0,0,0,0,0,0,0,0,0,0,0,0,0,0,0,0,0,0,0,0,0,0,0,0,0,0,0,0,0,0,0,0,0,0,0,0,0,0,0,0,0,0,0,0,0,0,0,0,0,0,0,0,0,0,0,0,0,0,0,0,0,0,0,0,0,0,0,0,0,0,0,0,0,0,0,0,0,0,0,0,0,0,0,0,0,0,0,0,0,0,0,0,0,0,0,0,0,0,0,0,0,0,0,0,0,0,0,0,0,0,0,0,0,0,0,0,0,0,0,0,0,0,0,0,0,0,0,0,0,0,0,0,0,0,0,0,0,0,0,0,0,0,0,0,0,0,0,0,0,0,0,0,0,0,0,0,0,0,0,0,0,0,0,0,0,0,0,0,0,0,0,0,0,0,0,0,0,0,0,0,0,0,0,0,0,0,0,0,0,0,0,0,0,0,0,0,0,0,0,0,0,0,0,0,0,0,0,0,0,0,0,0,0,0,0,0,0,0,0,0,0,0,0,0,0,0,0,0,0,0,0,0,0,0,0,0,0,0,0,0,0,0,0,0,0,0,0,0,0,0,0,0,0,0,0,0,0,0,0,0,0,0,0,0,0,0,0,0,0,0,0,0,0,0,0,0,0,0,0,0,0,0,0,0,0,0,0,0,0,0,0,0,0,0,0,0,0,0,0,0,0,0,0,0,0,0,0,0,0,0,0,0,0,0,0,0,0,0,0,0,0,0,0,0,0,0,0,0,0,0,0,0,0,0,0,0,0,0,0,0,0,0,0,0,0,0,0,0,0,0,0,0,0,0,0,0,0,0,0,0,0,0,0,0,0,0,0,0,0,0,0,0,0,0,0,0,0,0,0,0,0,0,0,0,0,0,0,0,0,0,0,0,0,0,0,0,0,0,0,0,0,0,0,0,0,0,0,0,0,0,0,0,0,0,0,0,0,0,0,0,0,0,0,0,0,0,0,0,0,0,0,0,0,0,0,0,0,0,0,0,0,0,0,0,0,0,0,0,0,0,0,0,0,0,0,0,0,0,0,0,0,0,0,0,0,0,0,0,0,0,0,0,0,0,0,0,0,0,0,0,0,0,0,0,0,0,0,0,0,0,0,0,0,0,0,0,0,0,0,0,0,0,0,0,0,0,0,0,0,0,0,0,0,0,0,0,0,0,0,0,0,0,0,0,0,0,0,0,0,0,0,0,0,0,0,0,0,0,0,0,0,0,0,0,0,0,0,0,0,0,0,0,0,0,0,0,0,0,0,0,0,0,0,0,0,0,0,0,0,0,0,0,0,0,0,0,0,0,0,0,0,0,0,0,0,0,0,0,0,0,0,0,0,0,0,0,0,0,0,0,0,0,0,0,0,0,0,0,0,0,0,0,0,0,0,0,0,0,0,0,0,0,0,0,0,0,0,0,0,0,0,0,0,0,0,0,0,0,0,0,0,0,0,0,0,0,0,0,0,0,0,0,0,0,0,0,0,0,0,0,0,0,0,0,0,0,0,0,0,0,0,0,0,0,0,0,0,0,0,0,0,0,0,0,0,0,0,0,0,0,0,0,0,0,0,0,0,0,0,0,0,0,0,0,0,0,0,0,0,0,0,0,0,0,0,0,0,0,0,0,0,0,0,0,0,0,0,0,0,0,0,0,0,0,0,0,0,0,0,0,0,0,0,0,0,0,0,0,0,0,0,0,0,0,0,0,0,0,0,0,0,0,0,0,0,0,0,0,0,0,0,0,0,0,0,0,0,0,0,0,0,0,0,0,0,0,0,0,0,0,0,0,0,0,0,0,0,0,0,0,0,0,0,0,0,0,0,0,0,0,0,0,0,0,0,0,0,0,0,0,0,0,0,0,0,0,0,0,0,0,0,0,0,0,0,0,0,0,0,0,0,0,0,0,0,0,0,0,0,0,0,0,0,0,0,0,0,0,0,0,0,0,0,0,0,0,0,0,0,0,0,0,0,0,0,0,0,0,0,0,0,0,0,0,0,0,0,0,0,0,0,0,0,0,0,0,0,0,0,0,0,0,0,0,0,0,0,0,0,0,0,0,0,0,0,0,0,0,0,0,0,0,0,0,0,0,0,0,0,0,0,0,0,0,0,0,0,0,0,0,0,0,0,0,0,0,0,0,0,0,0,0,0,0,0,0,0,0,0,0,0,0,0,0,0,0,0,0,0,0,0,0,0,0,0,0,0,0,0,0,0,0,0,0,0,0,0,0,0,0,0,0,0,0,0,0,0,0,0,0,0,0,0,0,0,0,0,0,0,0,0,0,0,0,0,0,0,0,0,0,0,0,0,0,0,0,0,0,0,0,0,0,0,0,0,0,0,0,0,0,0,0,0,0,0,0,0,0,0,0,0,0,0,0,0,0,0,0,0,0,0,0,0,0,0,0,0,0,0,0,0,0,0,0,0,0,0,0,0,0,0,0,0,0,0,0,0,0,0,0,0,0,0,0,0,0,0,0,0,0,0,0,0,0,0,0,0,0,0,0,0,0,0,0,0,0,0,0,0,0,0,0,0,0,0,0,0,0,0,0,0,0,0,0,0,0,0,0,0,0,0,0,0,0,0,0,0,0,0,0,0,0,0,0,0,0,0,0,0,0,0,0,0,0,0,0,0,0,0,0,0,0,0,0,0,0,0,0,0,0,0,0,0,0,0,0,0,0,0,0,0,0,0,0,0,0,0,0,0,0,0,0,0,0,0,0,0,0,0,0,0,0,0,0,0,0,0,0,0,0,0,0,0,0,0,0,0,0,0,0,0,0,0,0,0,0,0,0,0,0,0,0,0,0,0,0,0,0,0,0,0,0,0,0,0,0,0,0,0,0,0,0,0,0,0,0,0,0,0,0,0,0,0,0,0,0,0,0,0,0,0,0,0,0,0,0,0,0,0,0,0,0,0,0,0,0,0,0,0,0,0,0,0,0,0,0,0,0,0,0,0,0,0,0,0,0,0,0,0,0,0,0,0,0,0,0,0,0,0,0,0,0,0,0,0,0,0,0,0,0,0,0,0,0,0,0,0,0,0,0,0,0,0,0,0,0,0,0,0,0,0,0,0,0,0,0,0,0,0,0,0,0,0,0,0,0,0,0,0,0,0,0,0,0,0,0,0,0,0,0,0,0,0,0,0,0,0,0,0,0,0,0,0,0,0,0,0,0,0,0,0,0,0,0,0,0,0,0,0,0,0,0,0,0,0,0,0,0,0,0,0,0,0,0,0,0,0,0,0,0,0,0,0,0,0,0,0,0,0,0,0,0,0,0,0,0,0,0,0,0,0,0,0,0,0,0,0,0,0,0,0,0,0,0,0,0,0,0,0,0,0,0,0,0,0,0,0,0,0,0,0,0,0,0,0,0,0,0,0,0,0,0,0,0,0,0,0,0,0,0,0,0,0,0,0,0,0,0,0,0,0,0,0,0,0,0,0,0,0,0,0,0,0,0,0,0,0,0,0,0,0,0,0,0,0,0,0,0,0,0,0,0,0,0,0,0,0,0,0,0,0,0,0,0,0,0,0,0,0,0,0,0,0,0,0,0,0,0,0,0,0,0,0,0,0,0,0,0,0,0,0,0,0,0,0,0,0,0,0,0,0,0,0,0,0,0,0,0,0,0,0,0,0,0,0,0,0,0,0,0,0,0,0,0,0,0,0,0,0,0,0,0,0,0,0,0,0,0,0,0,0,0,0,0,0,0,0,0,0,0,0,0,0,0,0,0,0,0,0,0,0,0,0,0,0,0,0,0,0,0,0,0,0,0,0,0,0,0,0,0,0,0,0,0,0,0,0,0,0,0,0,0,0,0,0,0,0,0,0,0,0,0,0,0,0,0,0,0,0,0,0,0,0,0,0,0,0,0,0,0,0,0,0,0,0,0,0,0,0,0,0,0,0,0,0,0,0,0,0,0,0,0,0,0,0,0,0,0,0,0,0,0,0,0,0,0,0,0,0,0,0,0,0,0,0,0,0,0,0,0,0,0,0,0,0,0,0,0,0,0,0,0,0,0,0,0,0,0,0,0,0,0,0,0,0,0,0,0,0,0,0,0,0,0,0,0,0,0,0,0,0,0,0,0,0,0,0,0,0,0,0,0,0,0,0,0,0,0,0,0,0,0,0,0,0,0,0,0,0,0,0,0,0,0,0,0,0,0,0,0,0,0,0,0,0,0,0,0,0,0,0,0,0,0,0,0,0,0,0,0,0,0,0,0,0,0,0,0,0,0,0.8116138,-1.2536815,-0.6272892,0.90140086,-1.1230909,1.0706779,-0.41557255,1.5294292,-0.45955187,-0.15111929,0.7584922,-0.016390555,0.039329402,-0.1558348,0.4476537,1.4560983,-0.051323794,0.4038669,0.034228954,0.24787024,0.7931367,-0.82745755,0.17290331,-0.16632439,-0.10675505,0.96376103,0.39741915,0.11015822,-1.2458866,0.82152593,0.2392091,0.53041565,-0.3778485,-0.9105082,0.25807112,0.07503252,-0.11560865,1.0122634,-0.35831285,0.14153077,0.04645078,0.13739267,0.3088831,0.5980687,-0.055558123,-0.83736974,1.1132137,0.043659966,-0.7745284,-0.11137432,-0.13350832,-0.61487484,0.14403288,-0.16295618,1.2476537,0.17126733,-0.6813731,0.49067068,0.3895279,0.8075719,-0.07085946,-0.50305,-0.24360095,-0.05209367,-0.09684286,-0.4240412,0.6135625,-0.26342532,0.1783887,0.30330148,0.9247859,-0.11329901,-1.0420612,-0.34214538,0.57603097,0.36681646,-0.17970103,0.59556663,-0.28094006,-0.7376705,0.67890596,0.20928007,0.021718431,-0.16324487,0.7295255,-0.19711953,-0.46542218,-1.0314753,-1.0568813,-0.6674191,0.22698729,-0.41942194,0.8865807,0.4680555,-0.35340488,0.56862086,0.2057194,0.14922956,0.097551465,-0.2973962,0.07734215,0.36210096,-1.0507224,-0.2863292,0.1388362,-0.23340006,-0.06864606,0.38981658,0.30561113,1.0961801,-0.08077165,-0.13543302,-0.60496265,-0.15949172,-0.48851854,0.3069584,-0.23253395,0.12882778,0.46564963,-0.2672747,1.1732641,0.3066697,-0.12484719,-0.03708104,-0.4378028,-0.46359372,0.43139002,1.0791465,-0.19057557,-1.0441784,0.33053595,-0.29354683,-0.12638694,-0.059407517,0.034613896,-1.157543,-0.3816979,0.0456809,0.18300797,-0.5144057,-0.86691386,-0.22541256,0.10390296,-0.5036274,0.76532483,-0.26814082,-0.2841158,0.1474011,-0.41682363,0.17280708,0.25258574,0.15230907,-0.52335554,0.32216352,0.76955914,0.14047219,-0.71572894,0.117375836,-0.41027963,0.25643513,0.5988386,-1.1499404,-0.20789783,-0.13668407,0.07849697,0.55226094,-0.1434205,-0.8173529,0.50414354,-0.06624019,0.2098575,0.03807835,-0.45916694,0.50635695,-0.5475105,0.20802903,0.15952668,0.31292498,0.31889153,0.39385846,-0.67126846,-0.59110487,-0.09799768,-0.1491946,-0.9795086,0.3694148,-0.077403426,-0.28459698,0.7389565,0.17155604,-0.5696445,-0.121286504,-0.65192527,-0.39401597,-0.12465472,-0.16574699,-0.4375141,-0.7252562,0.2085102,0.34631845,1.5616679,-0.48572773,0.64647484,0.0954343,0.32072,0.6140437,-0.5222007,0.42013055,1.4377174,-0.5068994,-0.4463677,0.409256,0.065793976,0.21553534,-0.15256281,0.044622317,-0.37967697,-0.003206386,-0.20905265,-0.033424117,-0.22704856,-0.34859312,0.46295506,0.38105923,-0.20491455,-0.00012687207,0.108041056,-0.36139235,0.46160775,-0.21116982,0.3019542,-0.40229216,-0.7236202,0.5935457,0.48258695,-0.19750448,-0.14274687,0.52348673,-0.011290111,0.46333998,0.3384272,0.33679122,-0.18460901,0.0738777,0.046065837,-0.8021478,-0.71043605,0.98637617,-0.1666131,0.27876163,1.0577824,-0.5216233,-0.27795678,-0.020143714,-0.5729165,0.4526579,0.46516845,-0.219446,0.1045766,-0.7509509,-0.29701126,0.0059359213,0.97646403,-0.63595027,-0.9417845,0.27779928,-0.53981173,-0.54885775,-0.36331704,0.12661438,-0.3664928,0.35286242,0.66860884,-0.0149470335,0.19407497,0.421959,0.22689106,-0.49458134,-0.26024958,-0.09424452,0.49827322,-0.023993107,-0.40363944,-0.028034968,-0.4342421,0.15173167,-0.76086307,0.13537174,0.15442623,-0.38131297,-0.24167626,-0.03852456,-0.45348907,0.5259889,-0.7490262,-0.13995606,1.0245814,0.3651805,-0.3816979,0.41031462,-0.18634124,1.011301,0.5146331,0.75531644,-0.59264463,0.71056724,-0.0839474,0.25835985,0.1885896,-0.16343735,0.27645198,0.60826963,-0.4521418,0.031438146,-1.1476308,-0.32982734,0.65061295,0.4333147,-0.5734939,0.6552322,-0.14823225,-0.60813844,-0.43260613,-0.07692225,0.15221284,1.0560502,-0.18614876,0.08176895,-0.609197,-0.3139486,-0.2519734,-0.12022792,-0.47244734,-0.28132498,-0.06951217,0.6971906,0.28116748,0.073589,0.18974441,-0.58090395,0.10101592,0.23468608,-0.2910447,-0.045549706,-0.15958796,0.06868102,-0.37563512,0.10765612,-0.32491937,0.08148025,0.4246536,-0.31000298,-0.22242929,0.62713164,-0.3355052,-0.43491575,0.8130573,-0.50680315,-0.31135026,0.35709676,-0.2819024,-0.014850798,0.13315834,-0.36196977,0.4106033,0.336695,0.27414235,-0.31317872,0.07820827,0.66148746,0.19426745,-0.78549916,-0.24783528,-0.81032777,0.5698719,0.18377785,0.48181707,-0.56839347,0.9423969,-0.085005976,0.48778364,-0.012348693,0.4868213,-0.31876034,1.1045525,-0.23445864,-0.88779676,0.09687782,0.97607905,0.16520454,0.6480146,-0.07672978,0.09966863,-0.10810233,0.024316771,-0.53220916,-0.29691502,-0.30249664,-0.31414106,0.25460666,-0.074035205,-0.08548715,0.6610063,0.4819133,-0.2639065,0.6737093,0.5627506,-0.16863403,-0.50651443,-0.60063213,-0.020432418,-0.2962414,-0.015909381,0.03211179,-0.52682,-0.24167626,0.6249182,0.9883009,-0.15314023,0.2703892,0.28309217,-0.4355894,0.43244863,0.35497957,-0.0047461432,0.45602614,0.536286,0.3003182,-0.6495194,-0.1790274,-0.18008597,0.7281782,0.5380182,0.118915595,-0.5196024,-0.11426136,0.33534768,-0.023415696,-0.60775346,-0.38410378,-0.034771405,-0.3905515,0.7934254,0.074647576,0.6790984,-0.28459698,0.050011467,0.5885415,0.5123235,-0.75335675,-0.9193618,0.34189165,-0.40277332,-0.095495574,-0.09597675,-0.49698722,0.8536684,0.060597293,-0.44068983,-0.53134304,0.22130944,-0.23734568,-0.21242087,0.41531882,0.46680444,0.17790753,0.032785434,0.23776558,0.17396191,-0.38641343,0.6278053,-0.08808549,0.5604409,0.28578675,0.71903586,-0.49179053,0.31610072,-0.30519122,0.732605,0.4180134,-0.5504938,0.6995002,0.5748761,-0.3716895,-0.35879403,1.16826,-0.18682241,-0.4988157,-0.069031,-0.025244158,0.43139002,0.887543,-0.583791,0.601437,0.37441903,-1.3604059,-0.40941355,-0.6036154,-0.59495425,-0.5258576,-0.095206864,0.380963,-0.3582166,0.577282,-0.0151395025,0.09004515,0.9449952,-0.8982864,0.017676568,-0.41778597,0.34689587,-0.23657581,0.5192524,0.9355642,-0.60823464,-0.062487032,-0.15670091,-0.31953022,0.14826721,0.51444066,-0.24186872,-0.45098698,-0.3716895,-0.4129742,-0.48938465,-0.29787737,-0.053537194,-0.2628479,0.22573623,0.388758,0.105057776,0.044237375,0.094375715,-0.10637011,0.25046858,0.030187095,-0.54404604,-0.37236312,0.20870267,-0.83929443,-0.29826233,-1.1237645,0.83220804,-0.60852337,-0.30220795,0.04029175,0.50924397,-0.4497359,0.6471485,0.37451527,-0.6434566,0.15202036,0.38067427,1.1343853,0.1946524,-0.2921033,-0.53653973,0.20995373,-0.0033988557,-0.04545347,-0.22733727,0.30282032,-0.33184826,0.25864854,-0.1596842,-0.5159455,0.3862559,-0.013118572,0.90804106,-0.6537537,0.814982,0.47209737,-0.10983456,0.45246544,0.44890475,0.5198298,-0.2537056,-0.04391371,-0.4710038,0.20283234,-0.15698962,-0.46927157,-0.3706309,0.10553895,-0.36408693,-0.10944962,0.42215148,0.69459224,0.3182179,0.020948552,-0.5104601,0.11939677,0.118434414,0.5565915,-0.6523102,-0.05806023,0.03528754,0.43562436,-0.6372976,-0.14226569,-0.31500718,0.20244741,0.40194216,-0.08808549,-0.4457903,0.12815413,-0.17729516,-0.33204073,-0.27891913,-0.24158002,-0.057867758,0.69026166,-0.56733483,0.1642422,-0.54539335,-0.02408934,0.87791955,-0.1392824,-0.10646634,-0.07191804,0.61808556,-0.42153913,-0.45204556,-0.9219602,-0.4726398,1.0206358,0.10525025,-0.08144529,-0.17315707,0.05953871,-0.49381146,0.49067068,0.13922113,0.27577832,-0.05344096,-0.65240645,-0.56704617,-0.9842241,-0.005900961,0.36325577,-0.7756832,0.55312705,-0.43048894,0.30185798,0.18907078,-0.40017498,0.13392822,0.11795324,-0.009461649,-0.3861247,0.51675034,-0.27295256,0.30840194,0.15192413,-0.37611628,0.062137052,-0.46744314,-1.0980699,-0.4596481,-0.82649523,-0.08818173,0.02787746,-0.42827556,0.21014619,0.81950504,0.22900821,0.07407017,0.5614033,-0.7155365,0.5675623,-0.83207685,0.43360344,1.1796157,0.68612355,0.07984426,0.16462713,-0.6371051,-0.29191083,0.01854268,0.097358994,0.031245677,0.08792798,0.23776558,-0.4430957,0.64589745,0.11853065,-0.07586367,-0.20433715,0.31667814,-0.21540415,-0.316162,-0.7155365,-0.03727351,0.30965298,0.13286965,0.23074044,-0.18480147,0.5024113,0.47729403,-0.49188676,-0.004264969,-0.28950495,-0.3706309,-0.24523693,-0.47687414,-0.27150905,0.005647217,-0.20068023,0.3077283,0.0912962,0.3843312,-0.23830803,0.07060572,0.100727215,0.46295506,0.13460186,0.401461,-0.10396423,0.42648205,0.27856913,-0.22223683,0.20764409,0.45333156,-0.29123718,-0.30576864,0.7679232,-0.020913592,0.730969,-0.14717367,-0.24966374,0.23535971,-0.34330022,0.17598283,-0.20462584,-0.30268914,0.0011241805,0.29743117,0.4696915,0.4274444,-0.087989256,-0.70138997,-0.13957112,-0.21290204,-0.15092683,0.4540052,0.020948552,-0.048051808,0.08157648,0.21178219,-0.5023764,0.11217915,-0.027938733,0.6048052,-0.067972414,-0.07903942,0.45410144,-0.51017135,0.15471494,-0.012444928,-0.058637638,-0.57705456,0.66119874,-0.42991155,0.42667452,0.17376943,-0.991153,0.58469206,-0.44367313,-0.47851014,0.51078373,0.37692112,0.13575669,0.43244863,0.23439737,0.76205283,0.14499523,-0.29171836,-0.4214429,-0.43732163,0.41079578,-0.254283,-0.48948088,0.09187361,-0.2984548,0.14143454,-0.055558123,-0.7275658,0.33082464,-0.0057084914,0.064157985,0.38895047,-0.17306083,-0.27285632,0.14210819,-0.14890589,-0.48986584,0.18377785,0.24507943,0.18079458,-0.26660106,-0.6882058,0.20947255,-0.5149831,-0.35369357,-0.4646523,0.052609805,0.7696554,0.007860618,-0.39064774,0.12776919,0.22592871,0.15538858,-0.0008967506,-0.22704856,0.5180976,0.30282032,-0.49650604,-0.34782326,0.0998611,0.18098705,0.53955793,0.16202879,-0.77048653,-0.2315716,0.37711358,-0.042758893,-0.13158363,0.4924029,-0.49737215,-0.13244975,0.24209616,0.0010279457,-0.3855473,-0.31404483,0.16145138,-0.040545493,0.004492399,0.2576862,0.109773286,0.08609952,0.2524895,-0.18027844,-0.39064774,0.3876032,0.2861717,0.22265673,-0.24177249,0.08292377,-0.8252441,0.8068983,0.67476785,0.38028935,0.31398356,0.6711109,0.13556421,0.26865697,0.3182179,0.14653498,-0.3266516,-0.45531753,0.4484236,0.25066105,-0.03332788,-0.27006552,-0.5466444,0.5326291,0.36806753,0.06502409,-0.3592752,-0.6857037,-0.40142605,-0.0077294223,-0.41249305,-0.43481952,-0.20703173,0.22448519,0.35382476,0.046835717,-0.39314985,-0.5498201,-0.52855223,-0.15833691,-0.078558244,-0.20164257,-0.12176768,-0.30057195,-0.31481472,0.99061054,0.42927286,-0.3910327,-0.3189528,-0.7663485,0.052321102,0.5552442,0.059346244,0.8829238,0.505972,-0.3427228,-0.20770536,1.003506,-0.30307406,-0.7027372,1.2527542,0.26297912,0.6910316,0.46545714,-0.41143447,0.33631003,-0.6774275,-0.3043251,0.47075006,-0.6004396,-0.51065254,-0.7055281,-0.734206,-0.36553046,-0.13293092,-0.43761033,0.114392556,0.1800247,-0.15131177,-0.23744193,-0.14678873,0.15538858,-0.19355884,-0.31183144,-0.24158002,0.3027241,0.22689106,-0.7512396,0.9778113,0.6791947,-0.70292974,0.40069112,-0.17537047,-0.09809391,0.4238837,-0.1796048,-0.14120711,0.17858118,0.09889875,0.23045173,0.68333274,-0.06470043,-0.25418678,-0.118303224,-0.1748893,0.496541,-0.0883742,-0.484188,0.2522008,-0.50593704,0.09976486,0.32899618,-0.95092684,0.13200353,-0.17238718,0.50770426,-0.0038800298,-0.7773192,0.2619205,-0.60621375,0.39174128,-0.66183746,-0.48130095,-0.13947488,-0.40055993,-0.08404363,-0.10569646,0.0016053546,0.034998834,0.4597793,0.13315834,0.36864492,0.4415909,-0.022260878,-0.44328818,-0.11743711,-0.26737094,-0.16449593,-0.39757666,0.86184835,0.35026407,-0.27872667,0.13816255,0.4283105,-0.5834061,0.17598283,0.39636055,0.2784729,0.59450805,-0.28199863,-0.5038199,0.56294304,-0.38208285,-0.19827436,0.5719891,-0.43876514,-0.39122516,-0.9301401,0.41387528,-0.19221155,-0.1251359,0.12622944,-0.4971797,0.35064903,0.12103276,-0.17681399,0.09071879,0.07079819,0.3143685,-0.38246778,-0.25303197,0.31359863,-0.24398589,0.27885786,0.06107847,0.79159695,-0.08875913,-0.44992837,0.0564592,0.008534261,0.07560992,0.08850539,0.97800374,-0.78213096,-0.26409897,0.040580455,0.80343384,0.3403519,0.3469921,0.21495794,-0.023223227,0.54889274,-0.8291898,0.34882057,-0.28113252,0.43610555,-0.1696926,-0.014754564,0.062233288,-0.2368645,-0.30855945,-0.46696195,-0.65664077,-0.78174603,0.00410746,-0.43607056,-0.10694751,0.19542226,0.37451527,0.27914655,-0.77597195,-0.43154755,-0.07807707,0.103421785,-0.48428422,0.13113742,0.56101835,-0.044202417,-0.26871824,0.5385956,0.2250626,0.23170279,0.92930895,0.29483283,0.09043009,0.10563519,0.7744671,-0.5103639,-0.4066227,-0.7871352,-0.39468962,0.32331833,-0.7670221,0.41031462,-0.93447065,0.47180864,-0.21424933,0.07984426,0.31321368,-0.008306831,0.32803383,0.46208894,-0.57224286,0.7683081,0.499813,-0.4220203,-0.36976478,0.5868093,-0.3570618,-0.45974433,0.47325218,0.0149819935,-0.35879403,0.8426976,0.099187456,0.16202879,-0.23734568,-0.36139235,0.15702458,0.8946644,-0.41220436,0.16048904,0.22294542,0.54552454,-0.17594787,1.1212012,0.3113852,-0.33569765,0.040003046,-0.9347594,-0.45387402,-0.4026771,-0.29826233,0.63877606,-0.10290565,-0.46888664,-0.2423499,0.78091484,0.2565314,-0.62093765,0.34930173,-0.13822383,-0.45416272,-0.29595268,0.6748641,-0.2934506,0.14942203,0.8905263,0.4526579,0.23179902,-0.9620901,-0.84160405,-0.14534521,0.008245557,0.2765482,-0.09462946,-0.35080653,0.094375715,-0.3589865,-0.072784156,-0.07769213,0.57564604,-0.32126245,-0.24302354,-0.2851744,-0.012541163,-0.6965782,0.22121319,-0.11098938,0.1474011,
0,0,0,0,0,0,0,0,0,0,0,0,0,0,0,0,0,0,0,0,0,0,0,0,0,0,0,0,0,0,0,0,0,0,0,0,0,0,0,0,0,0,0,0,0,0,0,0,0,0,0,0,0,0,0,0,0,0,0,0,0,0,0,0,0,0,0,0,0,0,0,0,0,0,1,0,0,0,0,0,0,0,0,0,0,0,0,0,0,0,0,0,0,0,0,0,0,0,0,0,0,0,0,0,0,0,0,0,0,0,0,0,0,0,0,0,0,0,0,0,0,0,0,0,0,0,0,0,0,0,0,0,0,0,0,0,0,0,0,0,0,0,0,0,0,0,0,0,0,0,0,0,0,0,0,0,0,0,0,0,0,0,0,0,0,0,0,0,0,0,0,0,0,0,0,0,0,0,0,0,0,0,0,0,0,0,0,0,0,0,0,0,0,0,0,0,0,0,0,0,0,0,0,0,0,0,0,0,0,0,0,0,0,0,0,0,0,0,0,0,0,0,0,0,0,0,0,0,0,0,0,0,0,0,0,0,0,0,0,0,0,0,0,0,0,0,0,0,0,0,0,0,0,0,0,0,0,0,0,0,0,0,0,0,0,0,0,0,0,0,0,0,0,0,0,0,0,0,0,0,0,0,0,0,0,0,0,0,0,0,0,0,0,0,0,0,0,0,0,0,0,0,0,0,0,0,0,0,0,0,0,0,0,0,0,0,0,0,0,0,0,0,0,0,0,0,0,0,0,0,0,0,0,0,0,0,0,0,0,0,0,0,0,0,0,0,0,0,0,0,0,0,0,0,0,0,0,0,0,0,0,0,0,0,0,0,0,0,0,0,0,0,0,0,0,0,0,0,0,0,0,0,0,0,0,0,0,0,0,0,0,0,0,0,0,0,0,0,0,0,0,0,0,0,0,0,0,0,0,0,0,0,0,0,0,0,0,0,0,0,0,0,0,0,0,0,0,0,0,0,0,0,0,0,0,0,0,0,0,0,0,0,0,0,0,0,0,0,0,0,0,0,0,0,0,0,0,0,0,0,0,0,0,0,0,0,0,0,0,0,0,0,0,0,0,0,0,0,0,0,0,0,0,0,0,0,0,0,0,0,0,0,0,0,0,0,1,0,0,0,0,0,0,0,0,0,0,0,0,0,0,0,0,0,0,0,0,0,0,0,0,0,0,0,0,0,0,0,0,0,0,0,0,0,0,0,0,0,0,0,0,0,0,0,0,0,0,0,0,0,0,0,0,0,0,0,0,0,0,0,0,0,0,0,0,0,0,0,0,0,0,0,0,0,0,0,0,0,0,0,0,0,0,0,0,0,0,0,0,0,0,0,0,0,0,0,0,0,0,0,0,0,0,0,0,0,0,0,0,0,0,0,0,0,0,0,0,0,0,0,0,0,0,0,0,0,0,0,0,0,0,0,0,0,0,0,0,0,0,0,0,0,0,0,0,0,0,0,0,0,0,0,0,0,0,0,0,0,0,0,0,0,0,0,0,0,0,0,0,0,0,0,0,0,0,0,0,0,0,0,0,0,0,0,0,0,0,0,0,0,0,0,0,0,0,0,0,0,0,0,0,0,0,0,0,0,0,0,0,0,0,0,0,0,0,0,0,0,0,0,0,0,0,0,0,0,0,0,0,0,0,0,0,0,0,0,0,0,0,0,0,0,0,0,0,0,0,0,0,0,0,0,0,0,0,0,0,0,0,0,0,0,0,0,0,0,0,0,0,0,0,0,0,0,0,0,0,0,0,0,0,0,0,0,0,0,0,0,0,0,0,0,0,0,0,0,0,0,0,0,0,0,0,0,0,0,0,0,0,0,0,0,0,0,0,0,0,0,0,0,0,0,0,0,0,0,0,0,0,0,0,0,0,0,0,0,0,0,0,0,0,0,0,0,0,0,0,0,0,0,0,0,0,0,0,0,0,0,0,0,0,0,0,0,0,0,0,0,0,0,0,0,0,0,0,0,0,0,0,0,0,0,0,0,0,0,0,0,0,0,0,0,0,0,0,0,0,0,0,0,0,0,0,0,0,0,0,0,0,0,0,0,0,0,0,0,0,0,0,0,0,0,0,0,0,0,0,0,0,0,0,0,0,0,0,0,0,0,0,0,0,0,0,0,0,0,0,0,0,0,0,0,0,0,0,0,0,0,0,0,0,0,0,0,0,0,0,0,0,0,0,0,0,0,0,0,0,0,0,0,0,0,0,0,0,0,0,0,0,0,0,0,0,0,0,0,0,0,0,0,0,0,0,0,0,0,0,0,0,0,0,0,0,0,0,0,0,0,0,0,0,0,0,0,0,0,0,0,0,0,0,0,0,0,0,0,0,0,0,0,0,0,0,0,0,0,0,0,0,0,0,0,0,0,0,0,0,0,0,0,0,0,0,0,0,0,0,0,0,0,0,0,0,0,0,0,0,0,0,0,0,0,0,0,0,0,0,0,0,0,0,0,0,0,0,0,0,0,0,0,0,0,0,0,0,0,0,0,0,0,0,0,0,0,0,0,0,0,0,0,0,0,0,0,0,0,0,0,0,0,0,0,0,0,0,0,0,0,0,0,0,0,0,0,0,0,0,0,0,0,0,0,0,0,0,0,0,0,0,0,0,0,0,0,0,0,0,0,0,0,0,0,0,0,0,0,0,0,0,0,0,0,0,0,0,0,0,0,0,0,0,0,0,0,0,0,0,0,0,0,0,0,0,0,0,0,0,0,0,0,0,0,0,0,0,0,0,0,0,0,0,0,0,0,0,0,0,0,0,0,0,0,0,0,0,0,0,0,0,0,0,0,0,0,0,0,0,0,0,0,0,0,0,0,0,0,0,0,0,0,0,0,0,0,0,0,0,0,0,0,0,0,0,0,0,0,0,0,0,0,0,0,0,0,0,0,0,0,0,0,0,0,0,0,0,0,0,0,0,0,0,0,0,0,0,0,0,0,0,0,0,0,0,0,0,0,0,0,0,0,0,0,0,0,0,0,0,0,0,0,0,0,0,0,0,0,0,0,0,0,0,0,0,0,0,0,0,0,0,0,0,0,0,0,0,0,0,0,0,0,0,0,0,0,0,0,0,0,0,0,0,0,0,0,0,0,0,0,0,0,0,0,0,0,0,0,0,0,0,0,0,0,0,0,0,0,0,0,0,0,0,0,0,0,0,0,0,0,0,0,0,0,0,0,0,0,0,0,0,0,0,0,0,0,0,0,0,0,0,0,0,0,0,0,0,0,0,0,0,0,0,0,0,0,0,0,0,0,0,0,0,0,0,0,0,0,0,0,0,0,0,0,0,0,0,0,0,0,0,0,0,0,0,0,0,0,0,0,0,0,0,0,0,0,0,0,0,0,0,0,0,0,0,0,0,0,0,0,0,0,0,0,0,0,0,0,0,0,0,0,0,0,0,0,0,0,0,0,0,0,0,0,0,0,0,0,0,0,0,0,0,0,0,0,0,0,0,0,0,0,0,0,0,0,0,0,0,0,0,0,0,0,0,0,0,0,0,0,0,0,0,0,0,0,0,0,0,0,0,0,0,0,0,0,0,0,0,0,0,0,0,0,0,0,0,0,0,0,0,0,0,0,0,0,0,0,0,0,0,0,0,0,0,0,0,0,0,0,0,0,0,0,0,0,0,0,0,0,0,0,0,0,0,0,0,0,0,0,0,0,0,0,0,0,0,0,0,0,0,0,0,0,0,0,0,0,0,0,0,0,0,0,0,0,0,0,0,0,0,0,0,0,0,0,0,0,0,0,0,0,0,0,0,0,0,0,0,0,0,0,0,0,0,0,0,0,0,0,0,0,0,0,0,0,0,0,0,0,0,0,0,0,0,0,0,0,0,0,0,0,0,0,0,0,0,0,0,0,0,0,0,0,0,0,0,0,0,0,0,0,0,0,0,0,0,0,0,0,0,0,0,0,0,0,0,0,0,0,0,0,0,0,0,0,0,0,0,0,0,0,0,0,0,0,0,0,0,0,0,0,0,0,0,0,0,0,0,0,0,0,0,0,0,0,0,0,0,0,0,0,0,0,0,0,0,0,0,0,0,0,0,0,0,0,0,0,0,0,0,0,0,0,0,0,0,0,0,0,0,0,0,0,0,0,0,0,0,0,0,0,0,0,0,0,0,0,0,0,0,0,0,0,0,0,0,0,0,0,0,0,0,0,0,0,0,0,0,0,0,0,0,0,0,0,0,0,0,0,0,0,0,0,0,0,0,0,0,0,0,0,0,0,0,0,0,0,0,0,0,0,0,0,0,0,0,0,0,0,0,0,0,0,0,0,0,0,0,0,0,0,0,0,0,0,0,0,0,0,0,0,0,0,0,0,0,0,0,0,0,0,0,0,0,0,0,0,0,0,0,0,0,0,0,0,0,0,0,0,0,0,0,0,0,0,0,0,0,0,0,0,0,0,0,0,0,0,0,0,0,0,0,0,0,0,0,0,0,0,0,0,0,0,0,0,0,0,0,0,0,0,0,0,0,0,0,0,0,0,0,0,0,0,0,0,0,0,0,0,0,0,0,0,0,0,0,0,0,0,0,0,0,0,0,0,0,0,0,0,0,0,0,0,0,0,0,0,0,0,0,0,0,0,0,0,0,0,0,0,0,0,0,0,0,0,0,0,0,0,0,0,0,0,0,0,0,0,0,0,0,0,0,0,0,0,0,0,0,0,0,0,0,0,0,0,0,0,0,0,0,0,0,0,0,0,0,0,0,0,0,0,0,0,0,0,0,0,0,0,0,0,0,0,0,0,0,0,0,0,0,0,0,0,0,0,0,0,0,0,0,0,0,0,0,0,0,0,0,0,0,0,0,0,0,0,0,0,0,0,0,0,0,0,0,0,0,0,0,0,0,0,0,0,0,0,0,0,0,0,0,0,0,0,0,0,0,0,0,0,0,0,0,0,0,0,0,0,0,0,0,0,0,0,0,0,0,0,0,0,0,0,0,0,0,0,0,0,0,0,0,0,0,0,0,0,0,0,0,0,0,0,0,0,0,0,0,0,0,0,0,0,0,0,0,0,0,0,0,0,0,0,0,0,0,0,0,0,0,0,0,0,0,0,0,0,0,0,0,0,0,0,0,0,0,0,0,0,0,0,0,0,0,0,0,0,0,0,0,0,0,0,0,0,0,0,0,0,0,0,0,0,0,0,0,0,0,0,0,0,0,0,0,0,0,0,0,0,0,0,0,0,0,0,0,0,0,0,0,0,0,0,0,0,0,0,0,0,0,0,0,0,0,0,0,0,0,0,0,0,0,0,0,0,0,0,0,0,0,0,0,0,0,0,0,0,0,0,0,0,0,0,0,0,0,0,0,0,0,0,0,0,0,0,0,0,0,0,0,0,0,0,0,0,0,0,0,0,0,0,0,0,0,0,0,0,0,0,0,0,0,0,0,0,0,0,0,0,0,0,0,0,0,0,0,0,0,0,0,0,0,0,0,0,0,0,0,0,0,0,0,0,0,0,0,0,0,0,0,0,0,0,0,0,0,0,0,0,0,0,0,0,0,0,0,0,0,0,0,0,0,0,0,0,0,0,0,0,0,0,0,0,0,0,0,0,0,0,0,0,0,0,0,0,0,0,0,0,0,0,0,0,0,0,0,0,0,0,0,0,0,0,0,0,0,0,0,0,0,0,0,0,0,0,0,0,0,0,0,0,0,0,0,0,0,0,0,0,0,0,0,0,0,0,0,0,0,0,0,0,0,0,0,0,0,0,0,0,0,0,0,0,0,0,0,0,0,0,0,0,0,0,0,0,0,0,0,0,0,0,0,0,0,0,0,0,0,0,0,0,0,0,0,0,0,0,0,0,0,0,0,0,0,0,0,0,0,0,0,0,0,0,0,0,0,0,0,0,0,0,0,0,0,0,0,0,0,0,0,0,0,0,0,0,0,0,0,0,0,0,0,0,0,0,0,0,0,0,0,0,0,0,0,0,0,0,0,0,0,0,0,0,0,0,0,0,0,0,0,0,0,0,0,0,0,0,0,0,0,0,0,0,0,0,0,0,0,0,0,0,0,0,0,0,0,0,0,0,0,0,0,0,0,0,0,0,0,0,0,0,0,0,0,0,0,0,0,0,0,0,0,0,0,0,0,0,0,0,0,0,0,0,0,0,0,0,0,0,0,0,0,0,0,0,0,0,0,0,0,0,0,0,0,0,0,0,0,0,0,0,0,0,0,0,0,0,0,0,0,0,0,0,0,0,0,0,0,0,0,0,0,0,0,0,0,0,0,0,0,0,0,0,0,0,0,0,0,0,0,0,0,0,0,0,0,0,0,0,0,0,0,0,0,0,0,0,0,0,0,0,0,0,0,0,0,0,0,0,0,0,0,0,0,0,0,0,0,0,0,0,0,0,0,0,0,0,0,0,0,0,0,0,0,0,0,0,0,0,0,0,0,0,0,0,0,0,0,0,0,0,0,0,0,0,0,0,0,0,0,0,0,0,0,0,0,0,0,0,0,0,0,0,0,0,0,0,0,0,0,0,0,0,0,0,0,0,0,0,0,0,0,0,0,0,0,0,0,0,0,0,0,0,0,0,0,0,0,0,0,0,0,0,0,0,0,0,0,0,0,0,0,0,0,0,0,0,0,0,0,0,0,0,0,0,0,0,0,0,0,0,0,0,0,0,0,0,0,0,0,0,0,0,0,0,0,0,0,0,0,0,0,0,0,0,0,0,0,0,0,0,0,0,0,0,0,0,0,0,0,0,0,0,0,0,0,0,0,0,0,0,0,0,0,0,0,0,0,0,0,0,0,0,0,0,0,0,0,0,0,0,0,0,0,0,0,0,0,0,0,0,0,0,0,0,0,0,0,0,0,0,0,0,0,0,0,0,0,0,0,0,0,0,0,0,0,0,0,0,0,0,0,0,0,0,0,0,0,0,0,0,0,0,0,0,0,0,0,0,0,0,0,0,0,0,0,0,0,0,0,0,0,0,0,0,0,0,0,0,0,0,0,0,0,0,0,0,0,0,0,0,0,0,0,0,0,0,0,0,0,0,0,0,0,0,0,0,0,0,0,0,0,0,0,0,0,0,0,0,0,0,0,0,0,0,0,0,0,0,0,0,0,0,0,0,0,0,0,0,0,0,0,0,0,0,0,0,0,0,0,0,0,0,0,0,0,0,0,0,0,0,0,0,0,0,0,0,0,0,0,0,0,0,0,0,0,0,0,0,0,0,0,0,0,0,0,0,0,0,0,0,0,0,0,0,0,0,0,0,0,0,0,0,0,0,0,0,0,0,0,0,0,0,0,0,0,0,0,0,0,0,0,0,0,0,0,0,0,0,0,0,0,0,0,0,0,0,0,0,0,0,0,0,0,0,0,0,0,0,0,0,0,0,0,0,0,0,0,0,0,0,0,0,0,0,0,0,0,0,0,0,0,0,0,0,0,0,0,0,0,0,0,0,0,0,0,0,0,0,0,0,0,0,0,0,0,0,0,0,0,0,0,0,0,0,0,0,0,0,0,0,0,0,0,0,0,0,0,0,0,0,0,0,0,0,0,0,0,0,0,0,0,0,0,0,0,0,0,0,0,0,0,0,0,0,0,0,0,0,0,0,0,0,0,0,0,0,0,0,0,0,0,0,0,0,0,0,0,0,0,0,0,0,0,0,0,0,0,0,0,0,0,0,0,0,0,0,0,0,0,0,0,0,0,0,0,0,0,0,0,0,0,0,0,0,0,0,0,0,0,0,0,0,0,0,0,0,0,0,0,0,0,0,0,0,0,0,0,0,0,0,0,0,0,0,0,0,0,0,0,0,0,0,0,0,0,0,0,0,0,0,0,0,0,0,0,0,0,0,0,0,0,0,0,0,0,0,0,0,0,0,0,0,0,0,0,0,0,0,0,0,0,0,0,0,0,0,0,0,0,0,0,0,0,0,0,0,0,0,0,0,0,0,0,0,0,0,0,0,0,0,0,0,0,0,0,0,0,0,0,0,0,0,0,0,0,0,0,0,0,0,0,0,0,0,0,0,0,0,0,0,0,0,0,0,0,0,0,0,0,0,0,0,0,0,0,0,0,0,0,0,0,0,0,0,0,0,0,0,0,0,0,0,0,0,0,0,0,0,0,0,0,0,0,0,0,0,0,0,0,0,0,0,0,0,0,0,0,0,0,0,0,0,0,0,0,0,0,0,0,0,0,0,0,0,0,0,0,0,0,0,0,0,0,0,0,0,0,0,0,0,0,0,0,0,0,0,0,0,0,0,0,0,0,0,0,0,0,0,0,0,0,0,0,0,0,0,0,0,0,0,0,0,0,0,0,0,0,0,0,0,0,0,0,0,0,0,0,0,0,0,0,0,0,0,0,0,0,0,0,0,0,0,0,0,0,0,0,0,0,0,0,0,0,0,0,0,0,0,0,0,0,0,0,0,0,0,0,0,0,0,0,0,0,0,0,0,0,0,0,0,0,0,0,0,0,0,0,0,0,0,0,0,0,0,0,0,0,0,0,0,0,0,0,0,0,0,0,0,0,0,0,0,0,0,0,0,0,0,0,0,0,0,0,0,0,0,0,0,0,0,0,0,0,0,0,0,0,0,0,0,0,0,0,0,0,0,0,0,0,0,0,0,0,0,0,0,0,0,0,0,0,0,0,0,0,0,0,0,0,0,0,0,0,0,0,0,0,0,0,0,0,0,0,0,0,0,0,0,0,0,0,0,0,0,-0.6320952,-0.28392145,-1.0006919,0.095440336,0.395325,1.1202154,-0.11284878,-0.5936485,0.52604395,-0.5881121,-1.1039138,0.24935037,0.04475214,-0.4570241,-1.4338791,-0.28490567,-0.8435831,-1.4528257,-1.0567319,0.52776635,-1.0626373,-0.85041124,0.2889659,-0.9624912,0.60453683,-0.25279495,-0.7379622,-0.49405602,0.03287978,-1.5189542,0.009319613,-0.188512,1.2558556,-0.7302113,-0.95486337,0.61376405,-1.8624527,-0.86216056,-1.1798846,0.41433308,0.06603626,-0.5966012,-0.088673465,0.48895052,0.5005768,-0.8795693,0.5865745,-1.0567935,-1.543683,0.6584853,0.63203394,-0.45179534,-1.1565089,-0.465021,0.46588248,0.34445226,0.18709739,-0.3539868,0.8644984,-1.1713955,-1.2923951,0.4468744,0.27549416,-1.4505497,-0.70609754,-0.23120326,0.2901347,0.53016543,-0.93345624,-0.28644356,1.5701962,0.47418696,-0.5241983,0.12785864,1.395248,0.7958479,-0.87735474,-0.8277738,-1.0046904,-0.7474355,0.6330797,-0.58479035,0.086459175,-1.0539638,0.48864296,0.40430614,1.9293811,-0.18912713,-1.279231,-0.03004986,-0.8193463,-0.5637523,-0.18322171,-0.16495182,-0.23286416,-0.55686265,-0.30871192,1.6473973,0.51023465,0.0454288,0.34026924,-1.4776162,-1.1167089,0.37674752,1.1002231,0.16181481,-1.5338407,-1.0201306,-0.123859935,-0.83035743,-0.39452505,0.66365254,0.56621313,1.016932,-0.6605766,-1.7772548,-0.91530937,-0.8624067,-1.1052055,-0.86093026,-0.8729872,-0.45634744,0.05016544,-0.41070345,-0.81885415,-0.577224,1.0137333,1.1866513,-0.9276739,1.6294965,1.3101732,-0.21145701,0.037431877,-0.24602833,0.58466756,-1.9165243,-0.8600076,-0.68905795,0.41956183,-0.060991805,-0.3843136,-0.8530564,-0.48962694,-1.4206535,0.1339486,-0.8448134,-1.4611918,-0.6589772,0.43247995,0.8018763,1.2832296,0.66186863,0.9514803,1.5781931,-0.9100806,-0.023037173,1.2578856,-0.51410985,0.22339113,-0.5808534,-0.27518636,0.18106894,-0.7320568,-0.4238676,-0.94212985,-1.4297577,-0.92010754,-1.1349788,-1.5893271,1.7009766,0.023406502,0.40461373,-0.65251815,0.29007316,-0.086335905,0.10300665,0.50525194,-1.7651979,-0.8542867,-0.5011302,0.023960136,1.7959555,0.25365642,1.0468898,0.538716,0.004459943,-0.24326016,0.11124964,-1.0420299,-1.1272894,0.3355326,-0.4287273,0.41384095,1.9896656,-0.7196308,-1.0704497,0.4569013,-0.14268346,-0.42577457,-0.47830823,-0.8446289,0.87114197,-0.70296025,1.6761247,0.004829032,-0.60367537,-1.2647749,-0.7887119,-0.29173383,0.04899666,0.28047687,0.010365364,-1.636878,-0.3414993,0.006428417,-0.11647816,-0.29056504,-0.47271037,-0.5986927,1.5784392,-0.038969506,0.6909651,0.2611612,0.79228,-0.26528245,1.7221378,0.36684364,-0.30508253,-0.34832746,-1.6186081,-0.33756235,-0.78895795,-0.55483264,0.11758567,-0.5984466,-0.7013609,-0.6752786,-1.5957861,1.7306268,0.42928118,-1.6427219,0.66439074,-1.1523259,1.9820378,-0.046351284,-0.37440974,0.062529914,-0.3968011,-0.028142901,1.3379778,-0.5783928,0.1443446,-1.2102729,0.21139574,1.0157633,-0.9452671,-1.23371,-0.5618453,-0.52444434,-0.14163771,0.014978974,0.104359984,0.5239524,0.02082288,-0.37816212,0.9269359,-0.96765846,-0.6893655,0.0927952,0.60465986,-0.97553235,0.51386404,-0.29437897,-1.0363705,1.4007845,1.0284353,-1.949004,-1.2383236,0.8616687,1.4636526,0.09728578,-0.50082266,0.56313735,-0.3568165,0.8413073,0.11930808,-1.1773009,0.2965322,-0.19773921,-0.7503882,1.2879047,0.059454177,1.5989236,-0.79467887,-0.37945393,-0.56608987,1.0388929,-0.12945779,0.81934655,0.74491364,0.6801385,-0.45567077,1.7680893,-1.5611533,0.14323734,0.8691735,0.34697437,-0.41476342,-0.5264128,0.2564861,-0.3311033,0.31535575,1.4975473,-0.43900028,-0.9731948,-0.25765464,-0.552249,-0.14133014,0.36235306,0.6092735,-0.8837523,-0.047458548,-0.8301114,1.4495041,-0.3245212,-0.39710867,-0.22375998,0.60342956,0.8463515,-0.063144825,-0.63541704,0.2141639,-1.0292963,0.12792015,0.031095853,-1.0081967,0.76016927,0.6201001,0.66316044,0.2486122,-0.0397692,0.7960324,-1.3757477,-0.21084186,0.29542497,1.0075818,-1.5355631,-0.25943854,0.09347186,0.87833923,0.013871708,0.93813163,-0.8082121,-0.4893809,0.23717044,0.23483288,0.09679366,-0.37625515,-0.8663436,-0.903437,-0.5028526,-0.45997682,-0.52752006,0.09562488,0.18229924,0.34531346,0.13499436,1.3687352,0.59850836,-0.037677698,0.8054442,-0.12527478,-1.7772548,0.03029616,0.7782546,-1.11351,0.4693888,0.353741,-0.38277572,-0.07821595,-0.9648288,0.8155326,-0.46815827,-1.0447365,-0.33411753,-0.12816598,-1.2914109,-0.24492106,-1.5895116,1.1888659,0.7042523,0.18205318,-0.39274114,0.23563257,-0.6392925,-0.12410599,-0.07477112,1.1770551,-0.13517866,0.13843918,0.33602473,-0.3144328,1.0444907,-0.092241324,-0.4827373,0.17460988,0.049058177,1.0906883,-0.85767,0.16790478,-1.9781622,-0.14102256,0.03761642,-0.07003448,-0.98340625,-0.8210687,1.6809229,-1.6624067,-0.12632053,-0.50420594,-0.957447,-1.674402,-1.2044904,0.4610228,-0.6730641,0.68352187,0.5372397,-0.9668588,-0.26239127,0.015471092,-0.8997461,0.486736,-0.2729103,-0.27580148,-0.2687888,0.3139409,0.69484055,-0.4536408,0.3148021,0.665498,-1.9099423,-1.1852363,0.43081903,-1.1656746,-1.358462,-0.2221606,1.0601155,-0.6295116,0.48839688,1.2912881,-0.71520174,-0.11352545,-1.9531256,0.3034834,-0.5359476,-0.40725863,1.6485045,0.1787929,0.059269633,-1.0304651,-1.1067435,1.2706807,0.21902357,0.07501742,-0.64581305,-0.7447288,-0.5034678,0.18285286,-0.6759553,-0.8678815,-0.20278342,0.16975021,-0.09248739,0.24590555,0.648889,1.0161939,0.092487626,-1.7634139,-1.7418838,0.8157787,-0.72313714,0.0008920848,-0.66297567,1.91837,-0.0397692,-0.080368966,0.6835834,0.55108047,-0.20093799,0.37385634,-0.25980765,-0.1619376,-0.98334473,0.44084594,0.071511075,1.0774012,0.25101128,0.4875972,-1.0455362,1.2843984,-0.5700883,-0.13690107,-0.99927706,0.100176975,0.60459834,-0.73482496,-0.5715647,-0.8656669,0.025190432,-1.0448595,-0.22037666,-0.7114493,-0.8784005,0.1800847,0.10706663,-0.2496577,0.5257364,-0.80163,-0.69373304,-0.66580534,-0.15547854,1.3590775,-0.1528334,-0.1557246,-0.66660506,-1.5341483,0.24289131,0.49639383,0.88805854,-0.5954939,0.3346714,1.3158325,0.0035987361,1.4410151,0.43174174,0.2494734,0.3023146,-0.22394451,0.058777515,0.6416303,0.4123031,-0.9170933,-0.91776997,0.13314891,-1.0991771,-0.6394155,0.047151215,-1.5265205,0.14022312,-0.15227978,0.30625156,0.1318571,-1.7939868,-1.3115262,1.0403692,0.2602385,-0.49264118,-0.8394616,-0.0667742,0.24079981,-0.3472817,-0.1607073,-0.14292952,-0.04899642,-0.8851056,-0.32495183,-0.86708176,0.16624387,0.23550954,-0.9869741,-0.5131256,0.47117275,0.31707817,-0.4500729,-0.75352544,-0.6461821,0.08479828,-0.29407138,-0.8019991,-0.70726633,1.7727644,0.1942331,0.9885122,0.38351417,-0.086335905,-0.21508639,0.5301039,1.1401463,-0.8619145,-0.67509407,0.35792398,-0.78551316,0.6127798,0.7818225,-1.0265281,0.3181239,-0.5991848,-0.24787377,-0.11979996,0.26854298,0.03324887,-1.9018837,-0.7068972,-0.25685492,0.24172254,0.13653222,-0.09802372,1.01441,-0.53723943,-0.6783544,1.9138179,0.26300666,0.7390082,-1.109081,0.014240797,0.052256946,1.6303576,0.33516353,0.89500976,0.20641305,0.09008855,-0.28096873,1.0466437,-0.95547855,0.53016543,0.07311046,-0.5755016,0.4298348,-0.60103023,0.3218148,-0.85176456,-0.5937715,-0.8881198,1.6740947,-0.61296415,0.82242227,1.0276357,-0.36155313,-0.56153774,-1.007151,0.46674368,0.39261836,-0.31892338,-0.42060733,-0.52370614,0.800523,1.2031989,-1.1203382,0.21514814,-0.8735408,-0.4021529,1.5348867,-0.32341394,-0.8069818,0.96193784,0.47627848,-0.71329474,0.34205317,-0.48304486,0.15566333,-0.07151084,1.3248751,-0.55311024,0.35687825,0.63086516,-1.718139,1.1241524,-0.97190297,0.119246565,-0.041245554,0.6506729,-1.1253209,-0.19995375,0.5204461,0.7032681,0.46619004,0.7805307,0.02851223,-0.06868116,-0.18162233,-0.41273344,0.57833153,-1.1469126,0.958493,0.5486814,1.4484584,-0.90189916,-0.24541318,-1.4346788,0.5856518,-0.6680199,-0.16230668,0.40104586,-0.30053043,-1.0841675,-0.05028823,-0.6630372,-0.797447,-0.023529291,0.70099205,-0.028327446,-1.1984005,0.89310277,1.6912574,-0.17128785,1.2711112,-1.7199845,-1.8667588,-0.31227976,-1.3683044,-0.021929907,0.8531797,-0.54271424,0.33577865,0.43020388,-0.17848508,-0.2555016,-0.065482385,-0.5011302,-1.0099192,-0.43561694,0.36530578,-0.07181841,-1.0913032,0.10657451,-1.0882275,-1.0876739,-0.67324865,0.6830297,-0.026789576,-1.7757169,0.1634142,0.7693965,0.42073062,1.3552635,-0.60847354,-0.8080891,-0.95732397,-0.16605909,-0.35989222,-0.94009984,-0.22492875,-0.55237204,0.4148252,-0.36825824,0.28127655,0.30606702,0.3815457,1.6880586,-0.539823,-1.2655132,-1.4118569,0.3691197,-0.18334475,-0.04555159,-1.5364243,0.6408306,-0.19829285,0.09796244,0.18088439,-0.603983,0.536563,-0.50180686,0.07132653,-0.12459811,1.0669436,-1.9773624,0.5603692,1.233095,-0.48556697,0.5872512,0.32495207,0.1414534,-0.23255658,0.49990016,-0.6016454,-0.25820827,-0.6361552,-0.72621286,0.9792235,-1.5655824,-0.2155785,-0.17368692,0.039830953,-0.84567463,0.7722262,-0.9416992,-0.12970383,-1.456086,1.3038371,0.27303356,-0.6284043,-1.0065974,0.31092668,0.31646302,0.2199463,-1.7517262,0.102514535,-0.8910726,0.5108498,0.49663988,-0.6428603,0.18980405,-0.26694337,0.50229925,-0.28970385,1.0234526,-0.64519787,-0.121030256,-0.0314647,0.4866745,0.13136499,0.82728195,-1.9308573,0.55058837,-0.774502,1.4366475,-0.12570538,-1.4630371,1.7299502,0.46133038,-0.43967694,0.44342956,-1.0121337,-1.919723,0.21404088,0.24043073,0.9767014,0.04050762,-0.69582456,-1.6515801,1.1230451,-0.42675883,-0.6766319,-1.5813917,-1.4985312,0.06277598,0.561661,0.21385632,0.30372944,-1.676186,-0.25488645,0.79535574,-0.7927719,-1.0949326,0.06468294,-0.06935782,0.36407548,0.88682824,-1.354156,-1.4913955,-0.5967242,-1.5112033,-0.9728872,-0.48569,0.4992235,-0.16513637,0.8803692,0.4132258,0.56129193,0.4727106,-0.28736627,0.5819609,0.11500204,0.22960413,0.5130028,0.41679367,-0.9186927,0.42928118,-0.75235665,0.92915046,-0.6283428,-0.20493644,-0.60921174,1.3316418,-0.9282275,1.6242677,-1.215071,0.46526733,-0.9940483,-1.2167934,-0.64624363,-0.57931554,-0.918016,1.1173242,-0.62631285,0.49141112,0.76582867,1.7007306,-0.4947942,-1.612272,1.0722954,-1.479031,1.6934104,-1.2835985,0.19737037,-0.23778535,-0.24449046,-0.19220288,0.3653673,0.29388708,-1.0017377,-0.43038818,0.6012766,-0.76146084,0.5508959,0.61702436,-0.9914647,-0.10134552,-0.6326489,-1.1621068,-0.052256703,-0.6456285,1.1867745,-0.1619991,-0.042660397,0.28847378,-0.33713174,0.19411008,-0.6691887,-0.77886957,-0.53176457,-0.888612,-1.3468972,0.18168409,-0.17288724,-0.5320107,0.33288747,1.3246906,-0.4449057,-0.4744328,-0.92502874,-0.64452124,-0.084551975,-1.0419683,-0.6172702,-0.29007292,0.8488736,0.45333347,-0.13044202,-1.0606688,-1.5477431,-0.7096654,0.14126886,-0.7282429,-1.0024143,0.2843523,0.38720503,-0.2496577,0.51946187,-0.11475574,-1.1386696,-0.37336397,-0.05527093,0.073295005,-0.64710486,1.5547559,1.9181855,-0.34635898,0.36795092,0.045182742,-0.7222759,-1.0019222,0.07790862,-0.7270126,-1.2011687,1.0160093,-0.6869049,0.8358325,0.024390738,1.5931412,0.6584853,-0.99128014,0.36229154,-0.061237864,0.26860452,0.3501116,-0.7413455,-0.97380996,0.2091812,-0.21096489,0.23144956,-0.21982302,-0.42675883,-0.32396758,0.25667062,0.1405922,-0.35460195,-0.2990541,-0.099930674,1.6200231,-0.26029977,0.8640678,0.3608152,-0.2807842,0.11543264,1.1332566,1.8519955,-0.427497,0.37951568,1.5664438,1.3271512,0.03324887,0.75949264,-0.77671653,-0.35780072,-0.6474124,-0.36026132,0.38720503,-0.12884264,0.18635921,0.2943792,0.30280674,-0.21078035,0.46520582,-0.9891887,0.21274906,0.022545295,0.38720503,0.50414467,-0.87575537,-0.13960773,0.29751647,1.2135334,-1.0563629,-1.2600384,0.31215698,0.41291824,-0.5388388,0.1933719,-1.6411226,-0.20173767,-0.7612763,0.35693976,-0.18039204,-1.3416685,0.7708729,-0.033556204,0.15664756,0.90349877,0.6309882,-0.11118788,-0.07237204,-0.7624451,-0.56467503,0.71815467,1.5598617,-1.5777007,-0.8606227,-0.42602065,-0.40043047,0.7683508,0.103683315,-0.67084956,-0.080430485,-0.2047519,-0.44761235,0.7996003,0.040200043,0.056132376,0.3983392,-0.3999999,0.31228,0.82900435,0.6173319,-0.79387915,0.44213775,0.28545955,-0.7571548,0.386959,-0.7229526,-0.19380227,-0.35546318,0.09993092,-0.414948,1.0151482,0.7174165,0.34168407,0.60158414,-0.5412379,0.48107663,0.15178789,-0.16538243,0.2553173,-0.5855285,-1.1904651,-0.2849672,-0.07704717,-0.012333598,0.15529424,0.15400243,0.46397552,-1.032372,0.15172638,-0.10386762,-0.047520064,-0.5782698,0.41507125,-0.46452892,0.041737914,0.05527117,0.5799309,-0.74878883,0.2428298,0.5038371,0.42349878,-0.8466589,-0.23071115,0.39883134,-0.19128016,-0.76970387,0.48039997,-0.6119184,-0.17879266,0.8242677,-0.14551315,0.2818302,-0.44988838,-0.028204417,0.81067294,0.4053519,0.6250828,-0.5983851,0.27709356,0.21834691,0.26503664,0.4830451,-0.77886957,0.012333838,0.15609393,0.8634526,0.32353723,-0.69287187,0.19743188,-0.31264886,-0.09310253,-0.28342932,0.25980788,-0.81048816,-1.3352709,0.2623915,0.395325,0.11131115,-0.14883494,0.07944649,-0.5659053,0.4850751,-0.19663194,0.39501742,-0.51896954,0.31437153,0.06757413,
0,0,0,0,0,1,0,0,0,0,0,0,0,0,0,0,1,0,0,0,0,0,0,0,0,0,0,0,0,0,0,0,0,0,0,0,0,0,0,0,0,0,0,0,0,0,0,0,0,0,0,0,0,0,0,0,0,0,0,0,0,0,0,0,0,0,0,0,0,0,0,0,0,0,0,0,0,0,0,0,0,0,0,0,0,0,0,0,0,0,0,0,0,0,0,0,0,0,0,0,0,0,0,0,0,0,0,0,0,0,0,0,0,0,0,0,0,0,0,0,0,0,0,0,0,0,0,0,0,0,0,0,0,0,0,0,0,0,0,0,0,0,0,0,0,0,0,0,0,0,0,0,0,0,0,0,0,0,0,0,0,0,0,0,0,0,0,0,0,0,0,0,0,0,0,0,0,0,0,0,0,0,0,0,0,0,0,0,0,0,0,0,0,0,0,0,0,0,0,0,0,0,0,0,0,0,0,0,0,0,0,0,0,0,0,0,0,0,0,0,0,0,0,0,0,0,0,0,0,0,0,0,0,0,0,0,0,0,0,0,0,0,0,0,0,0,0,0,0,0,0,0,0,0,0,0,0,0,0,0,0,0,0,0,0,0,0,0,0,0,0,0,0,0,0,0,0,0,0,0,0,0,0,0,0,0,0,0,0,0,0,0,0,0,0,0,0,0,0,0,0,0,0,0,0,0,0,0,0,0,0,0,0,0,0,0,0,0,0,0,0,0,0,0,0,0,0,0,0,0,0,0,0,0,0,0,0,0,0,0,0,0,0,0,0,0,0,0,0,0,0,0,0,0,0,0,0,0,0,0,0,0,0,0,0,0,0,0,0,0,0,0,0,0,0,0,0,0,0,0,0,0,0,0,0,0,0,0,0,0,0,0,0,0,0,0,0,0,0,0,0,0,0,0,0,0,0,0,0,0,0,0,0,0,0,0,0,0,0,0,0,0,0,0,0,0,0,0,0,0,0,0,0,0,0,0,0,0,0,0,0,0,0,0,0,0,0,0,0,0,0,0,0,0,0,0,0,0,0,0,0,0,0,0,0,0,0,0,0,0,0,0,0,0,0,0,0,0,0,0,0,0,0,0,0,0,0,0,0,0,0,0,0,0,0,0,0,0,0,0,0,0,0,0,0,0,0,0,0,0,0,0,0,0,0,0,0,0,0,0,0,0,0,0,0,0,0,0,0,0,0,0,0,0,0,0,0,0,0,0,0,0,0,0,0,0,0,0,0,0,0,0,0,0,0,0,0,0,0,0,0,0,0,0,0,0,0,0,0,0,0,0,0,0,0,0,0,0,0,0,0,0,0,0,0,0,0,0,0,0,0,0,0,0,0,0,0,0,0,0,0,0,0,0,0,0,0,0,0,0,0,0,0,0,0,0,0,0,0,0,0,0,0,0,0,0,0,0,0,0,0,0,0,0,0,0,0,0,0,0,0,0,0,0,0,0,0,0,0,0,0,0,0,0,0,0,0,0,0,0,0,0,0,0,0,0,0,0,0,0,0,0,0,0,0,0,0,0,0,0,0,0,0,0,0,0,0,0,0,0,0,0,0,0,0,0,0,0,0,0,0,0,0,0,0,0,0,0,0,0,0,0,0,0,0,0,0,0,0,0,0,0,0,0,0,0,0,0,0,0,0,0,0,0,0,0,0,0,0,0,0,0,0,0,0,0,0,0,0,0,0,0,0,0,0,0,0,0,0,0,0,0,0,0,0,0,0,0,0,0,0,0,0,0,0,0,0,0,0,0,0,0,0,0,0,0,0,0,0,0,0,0,0,0,0,0,0,0,0,0,0,0,0,0,0,0,0,0,0,0,0,0,0,0,0,0,0,0,0,0,0,0,0,0,0,0,0,0,0,0,0,0,0,0,0,0,0,0,0,0,0,0,0,0,0,0,0,0,0,0,0,0,0,0,0,0,0,0,0,0,0,0,0,0,0,0,0,0,0,0,0,0,0,0,0,0,0,0,0,0,0,0,0,0,0,0,0,0,0,0,0,0,0,0,0,0,0,0,0,0,0,0,0,0,0,0,0,0,0,0,0,0,0,0,0,0,0,0,0,0,0,0,0,0,0,0,0,0,0,0,0,0,0,0,0,0,0,0,0,0,0,0,0,0,0,0,0,0,0,0,0,0,0,0,0,0,0,0,0,0,0,0,0,0,0,0,0,0,0,0,0,0,0,0,0,0,0,0,0,0,0,0,0,0,0,0,0,0,0,0,0,0,0,0,0,0,0,0,0,0,0,0,0,0,0,0,0,0,0,0,0,0,0,0,0,0,0,0,0,0,0,0,0,0,0,0,0,0,0,0,0,0,0,0,0,0,0,0,0,0,0,0,0,0,0,0,0,0,0,0,0,0,0,0,0,0,0,0,0,0,0,0,0,0,0,0,0,0,0,0,0,0,0,0,0,0,0,0,0,0,0,0,0,0,0,0,0,0,0,0,0,0,0,0,0,0,0,0,0,0,0,0,0,0,0,0,0,0,0,0,0,0,0,0,0,0,0,0,0,0,0,0,0,0,0,0,0,0,0,0,0,0,0,0,0,0,0,0,0,0,0,0,0,0,0,0,0,0,0,0,0,0,0,0,0,0,0,0,0,0,0,0,0,0,0,0,0,0,0,0,0,0,0,0,0,0,0,0,0,0,0,0,0,0,0,0,0,0,0,0,0,0,0,0,0,0,0,0,0,0,0,0,0,0,0,0,0,0,0,0,0,0,0,0,0,0,0,0,0,0,0,0,0,0,0,0,0,0,0,0,0,0,0,0,0,0,0,0,0,0,0,0,0,0,0,0,0,0,0,0,0,0,0,0,0,0,0,0,0,0,0,0,0,0,0,0,0,0,0,0,0,0,0,0,0,0,0,0,0,0,0,0,0,0,0,0,0,0,0,0,0,0,0,0,0,0,0,0,0,0,0,0,0,0,0,0,0,0,0,0,0,0,0,0,0,0,0,0,0,0,0,0,0,0,0,0,0,0,0,0,0,0,0,0,0,0,0,0,0,0,0,0,0,0,0,0,0,0,0,0,0,0,0,0,0,0,0,0,0,0,0,0,0,0,0,0,0,0,0,0,0,0,0,0,0,0,0,0,0,0,0,0,0,0,0,0,0,0,0,0,0,0,0,0,0,0,0,0,0,0,0,0,0,0,0,0,0,0,0,0,0,0,0,0,0,0,0,0,0,0,0,0,0,0,0,0,0,0,0,0,0,0,0,0,0,0,0,0,0,0,0,0,0,0,0,0,0,0,0,0,0,0,0,0,0,0,0,0,0,0,0,0,0,0,0,0,0,0,0,0,0,0,0,0,0,0,0,0,0,0,0,0,0,0,0,0,0,0,0,0,0,0,0,0,0,0,0,0,0,0,0,0,0,0,0,0,0,0,0,0,0,0,0,0,0,0,0,0,0,0,0,0,0,0,0,0,0,0,0,0,0,0,0,0,0,0,0,0,0,0,0,0,0,0,0,0,0,0,0,0,0,0,0,0,0,0,0,0,0,0,0,0,0,0,0,0,0,0,0,0,0,0,0,0,0,0,0,0,0,0,0,0,0,0,0,0,0,0,0,0,0,0,0,0,0,0,0,0,0,0,0,0,0,0,0,0,0,0,0,0,0,0,0,0,0,0,0,0,0,0,0,0,0,0,0,0,0,0,0,0,0,0,0,0,0,0,0,0,0,0,0,0,0,0,0,0,0,0,0,0,0,0,0,0,0,0,0,0,0,0,0,0,0,0,0,0,0,0,0,0,0,0,0,0,0,0,0,0,0,0,0,0,0,0,0,0,0,0,0,0,0,0,0,0,0,0,0,0,0,0,0,0,0,0,0,0,0,0,0,0,0,0,0,0,0,0,0,0,0,0,0,0,0,0,0,0,0,0,0,0,0,0,0,0,0,0,0,0,0,0,0,0,0,0,0,0,0,0,0,0,0,0,0,0,0,0,0,0,0,0,0,0,0,0,0,0,0,0,0,0,0,0,0,0,0,0,0,0,0,0,0,0,0,0,0,0,0,0,0,0,0,0,0,0,0,0,0,0,0,0,0,0,0,0,0,0,0,0,0,0,0,0,0,0,0,0,0,0,0,0,0,0,0,0,0,0,0,0,0,0,0,0,0,0,0,0,0,0,0,0,0,0,0,0,0,0,0,0,0,0,0,0,0,0,0,0,0,0,0,0,0,0,0,0,0,0,0,0,0,0,0,0,0,0,0,0,0,0,0,0,0,0,0,0,0,0,0,0,0,0,0,0,0,0,0,0,0,0,0,0,0,0,0,0,0,0,0,0,0,0,0,0,0,0,0,0,0,0,0,0,0,0,0,0,0,0,0,0,0,0,0,0,0,0,0,0,0,0,0,0,0,0,0,0,0,0,0,0,0,0,0,0,0,0,0,0,0,0,0,0,0,0,0,0,0,0,0,0,0,0,0,0,0,0,0,0,0,0,0,0,0,0,0,0,0,0,0,0,0,0,0,0,0,0,0,0,0,0,0,0,0,0,0,0,0,0,0,0,0,0,0,0,0,0,0,0,0,0,0,0,0,0,0,0,0,0,0,0,0,0,0,0,0,0,0,0,0,0,0,0,0,0,0,0,0,0,0,0,0,0,0,0,0,0,0,0,0,0,0,0,0,0,0,0,0,0,0,0,0,0,0,0,0,0,0,0,0,0,0,0,0,0,0,0,0,0,0,0,0,0,0,0,0,0,0,0,0,0,0,0,0,0,0,0,0,0,0,0,0,0,0,0,0,0,0,0,0,0,0,0,0,0,0,0,0,0,0,0,0,0,0,0,0,0,0,0,0,0,0,0,0,0,0,0,0,0,0,0,0,0,0,0,0,0,0,0,0,0,0,0,0,0,0,0,0,0,0,0,0,0,0,0,0,0,0,0,0,0,0,0,0,0,0,0,0,0,0,0,0,0,0,0,0,0,0,0,0,0,0,0,0,0,0,0,0,0,0,0,0,0,0,0,0,0,0,0,0,0,0,0,0,0,0,0,0,0,0,0,0,0,0,0,0,0,0,0,0,0,0,0,0,0,0,0,0,0,0,0,0,0,0,0,0,0,0,0,0,0,0,0,0,0,0,0,0,0,0,0,0,0,0,0,0,0,0,0,0,0,0,0,0,0,0,0,0,0,0,0,0,0,0,0,0,0,0,0,0,0,0,0,0,0,0,0,0,0,0,0,0,0,0,0,0,0,0,0,0,0,0,0,0,0,0,0,0,0,0,0,0,0,0,0,0,0,0,0,0,0,0,0,0,0,0,0,0,0,0,0,0,0,0,0,0,0,0,0,0,0,0,0,0,0,0,0,0,0,0,0,0,0,0,0,0,0,0,0,0,0,0,0,0,0,0,0,0,0,0,0,0,0,0,0,0,0,0,0,0,0,0,0,0,0,0,0,0,0,0,0,0,0,0,0,0,0,0,0,0,0,0,0,0,0,0,0,0,0,0,0,0,0,0,0,0,0,0,0,0,0,0,0,0,0,0,0,0,0,0,0,0,0,0,0,0,0,0,0,0,0,0,0,0,0,0,0,0,0,0,0,0,0,0,0,0,0,0,0,0,0,0,0,0,0,0,0,0,0,0,0,0,0,0,0,0,0,0,0,0,0,0,0,0,0,0,0,0,0,0,0,0,0,0,0,0,0,0,0,0,0,0,0,0,0,0,0,0,0,0,0,0,0,0,0,0,0,0,0,0,0,0,0,0,0,0,0,0,0,0,0,0,0,0,0,0,0,0,0,0,0,0,0,0,0,0,0,0,0,0,0,0,0,0,0,0,0,0,0,0,0,0,0,0,0,0,0,0,0,0,0,0,0,0,0,0,0,0,0,0,0,0,0,0,0,0,0,0,0,0,0,0,0,0,0,0,0,0,0,0,0,0,0,0,0,0,0,0,0,0,0,0,0,0,0,0,0,0,0,0,0,0,0,0,0,0,0,0,0,0,0,0,0,0,0,0,0,0,0,0,0,0,0,0,0,0,0,0,0,0,0,0,0,0,0,0,0,0,0,0,0,0,0,0,0,0,0,0,0,0,0,0,0,0,0,0,0,0,0,0,0,0,0,0,0,0,0,0,0,0,0,0,0,0,0,0,0,0,0,0,0,0,0,0,0,0,0,0,0,0,0,0,0,0,0,0,0,0,0,0,0,0,0,0,0,0,0,0,0,0,0,0,0,0,0,0,0,0,0,0,0,0,0,0,0,0,0,0,0,0,0,0,0,0,0,0,0,0,0,0,0,0,0,0,0,0,0,0,0,0,0,0,0,0,0,0,0,0,0,0,0,0,0,0,0,0,0,0,0,0,0,0,0,0,0,0,0,0,0,0,0,0,0,0,0,0,0,0,0,0,0,0,0,0,0,0,0,0,0,0,0,0,0,0,0,0,0,0,0,0,0,0,0,0,0,0,0,0,0,0,0,0,0,0,0,0,0,0,0,0,0,0,0,0,0,0,0,0,0,0,0,0,0,0,0,0,0,0,0,0,0,0,0,0,0,0,0,0,0,0,0,0,0,0,0,0,0,0,0,0,0,0,0,0,0,0,0,0,0,0,0,0,0,0,0,0,0,0,0,0,0,0,0,0,0,0,0,0,0,0,0,0,0,0,0,0,0,0,0,0,0,0,0,0,0,0,0,0,0,0,0,0,0,0,0,0,0,0,0,0,0,0,0,0,0,0,0,0,0,0,0,0,0,0,0,0,0,0,0,0,0,0,0,0,0,0,0,0,0,0,0,0,0,0,0,0,0,0,0,0,0,0,0,0,0,0,0,0,0,0,0,0,0,0,0,0,0,0,0,0,0,0,0,0,0,0,0,0,0,0,0,0,0,0,0,0,0,0,0,0,0,0,0,0,0,0,0,0,0,0,0,0,0,0,0,0,0,0,0,0,0,0,0,0,0,0,0,0,0,0,0,0,0,0,0,0,0,0,0,0,0,0,0,0,0,0,0,0,0,0,0,0,0,0,0,0,0,0,0,0,0,0,0,0,0,0,0,0,0,0,0,0,0,0,0,0,0,0,0,0,0,0,0,0,0,0,0,0,0,0,0,0,0,0,0,0,0,0,0,0,0,0,0,0,0,0,0,0,0,0,0,0,0,0,0,0,0,0,0,0,0,0,0,0,0,0,0,0,0,0,0,0,0,0,0,0,0,0,0,0,0,0,0,0,0,0,0,0,0,0,0,0,0,0,0,0,0,0,0,0,0,0,0,0,0,0,0,0,0,0,0,0,0,0,0,0,0,0,0,0,0,0,0,0,0,0,0,0,0,0,0,0,0,0,0,0,0,0,0,0,0,0,0,0,0,0,0,0,0,0,0,0,0,0,0,0,0,0,0,0,0,0,0,0,0,0,0,0,0,0,0,0,0,0,0,0,0,0,0,0,0,0,0,0,0,0,0,0,0,0,0,0,0,0,0,0,0,0,0,0,0,0,0,0,0,0,0,0,0,0,0,0,0,0,0,0,0,0,0,0,0,0,0,0,0,0,0,0,0,0,0,0,0,0,0,0,0,0,0,0,0,0,0,0,0,0,0,0,0,0,0,0,0,0,0,0,0,0,0,0,0,0,0,0,0,0,0,0,0,0,0,0,0,0,0,0,0,0,0,0,0,0,0,0,0,0,0,0,0,0,0,0,0,0,0,0,0,0,0,0,0,0,0,0,0,0,0,0,0,0,0,0,0,0,0,0,0,0,0,0,0,0,0,0,0,0,0,0,0,0,0,0,0,0,0,0,0,0,0,0,0,0,0,0,0,0,0,0,0,0,0,0,0,0,0,0,0,0,0,0,0,0,0,0,0,0,0,0,0,0,0,0,0,0,0,0,0,0,0,0,0,0,0,0,0,0,0,0,0,0,0,0,0,0,0,0,0,0,0,0,0,0,0,0,0,0,0,0,0,0,0,0,0,0,0,0,0,0,0,0,0,0,0,0,0,0,0,0,0,0,0,0,0,0,0,0,0,0,0,0,0,0,0,0,0,0,0,0,0,0,0,0,0,0,0,0,0,0,0,0,0,0,0,0,0,0,0,0,0,0,0,0,0,0,0,0,0,0,0,0,0,0,0,0,0,0,0,0,0,0,0,0,0,0,0,0,0,0,0,0,0,0,0,0,0,0,0,0,0,0,0,0,0,0,0,0,0,0,0,0,0,0,0,0,0,0,0,0,0,0,0,0,0,0,0,0,0,0,0,0,0,0,0,0,0,0,0,0,0,0,0,0,0,0,0,0,0,0,0,0,0,0,0,0,0,0,0,0,0,0,0,0,0,0,0,0,0,0,0,0,0,0,0,0,0,0,0,0,0,0,0,0,0,0,0,0,0,0,0,0,0,0,0,0,0,0,0,0,0,0,0,0,0,0,0,0,0,0,0,0,0,0,0,0,0,0,0,0,0,0,0,0,0,0,0,0,0,0,0,0,0,0,0,0,0,0,0,0,0,0,0,0,0,0,0,0,0,0,0,0,0,0,0,0,0,0,0,0,0,0,0,0,0,0,0,0,0,0,0,0,0,0,0,0,0,0,0,0,0,0,0,0,0,0,0,0,0,0,0,0,0,0,0,0,0,0,0,0,0,0,0,0,0,0,0,0,0,0,0,0,0,0,0,0,0,0,0,0,0,0,0,0,0,0,0,0,0,0,0,0,0,0,0,0,0,0,0,0,0,0,0,0,0,0,0,-0.14147449,0.017527295,-0.5307793,-0.57587737,0.7423045,-1.1175885,-1.1183907,-0.18167056,-0.40047628,1.2099515,0.31681427,0.027063837,-0.059923686,-0.48799855,-0.12944241,0.41431874,1.0491673,-0.20618036,-0.38033366,-0.55921066,-0.14584169,0.5259052,-0.15475434,0.4987216,0.658882,0.26440787,0.20531696,0.35701036,0.19275011,-0.16117145,0.045334782,-0.8471786,0.34996936,-0.6727579,-0.5338096,-0.45724988,-0.23416612,-0.2693711,-0.06393438,-0.4314923,0.46930984,-0.7012784,0.31841856,0.23053977,-0.5014567,0.2671708,0.03704601,0.14390875,-0.27864027,-0.30083278,0.0735879,-0.34209839,0.29952374,0.123498775,-0.2766795,-0.7867508,-0.047000334,-0.46749943,0.49159145,-0.33835506,-0.2834531,-0.41990587,0.089541554,-0.2724014,0.22501393,-0.6135779,0.15103889,-0.6489611,0.10692123,-0.3585868,0.06494263,-0.3334531,-0.0008327763,0.12037934,0.1678838,0.035441734,0.46547738,-0.018390708,-0.49298963,0.16164494,0.00014761586,-0.17650123,0.09016544,0.1873134,0.2205576,-0.4179451,0.39595866,0.047741197,0.53562,-0.1969112,0.051484514,-0.03104668,-0.01910372,-0.2952178,0.03758077,0.3322332,-0.4297098,-0.59833723,0.2279551,-0.03880069,-0.24031584,-0.7314032,-0.030957554,0.08205493,0.48276794,-0.3344335,0.12510306,0.0695772,0.067883804,-0.27828375,0.08856116,0.049167223,0.19132408,0.2047822,-0.06669731,0.15709949,0.3991672,-0.22293617,0.34185883,0.096315175,0.044265263,-0.032918338,-0.37462956,0.64658254,-0.7357704,0.14684993,0.113338344,-0.44548517,0.46708167,0.1631601,0.18107453,0.09988023,0.08722427,-0.18318571,-0.54762423,0.02697471,-0.34058324,-0.06741032,0.036511254,-0.38398784,-0.35377395,0.18472873,0.39239362,0.10727774,0.011466689,0.11289272,-0.1596563,0.47920287,0.33178756,-0.25083277,0.23660038,0.41939896,0.062357955,0.43321356,-0.09325702,-0.450298,-0.044593915,-0.17124276,0.1416806,-0.3897811,-0.8305119,-0.060191065,-0.34307876,-0.26919284,-0.33407697,-0.04967413,0.4648535,0.3252813,-0.37694687,-0.1891572,0.10442569,-0.07436219,-0.13389874,-0.004486965,0.15157364,-0.04762422,0.06039717,-0.14976326,0.13160929,0.1964043,-0.04379178,-0.2197276,0.066012144,0.4078125,-0.15413046,-0.18363135,0.47376615,-0.15083277,0.1038018,-0.46250835,0.18241143,-0.23158143,-0.08577039,0.22430092,0.29595867,-0.17650123,0.04613692,0.1699337,-0.109656304,-0.29307878,0.0013953877,-0.01705381,-0.2733818,-0.58906806,0.372251,-0.31072584,-0.25885418,-0.23924632,-0.31910372,0.07786597,0.12804423,-0.16910373,-0.13639428,-0.19111799,-0.05208055,-0.27694687,0.05683211,0.12617257,0.022874888,-0.028907642,-0.4204406,-0.03131406,0.065477386,0.017438168,-0.06794508,0.315923,0.3604863,-0.255913,0.09702819,-0.30421957,0.106386475,-0.053773955,0.047473818,0.2467608,-0.16776682,0.23258968,-0.09067235,-0.14298964,-0.33737466,0.012357955,-0.13675077,-0.3788185,0.18838291,-0.39316788,-0.012597482,-0.0011892825,-0.23799855,0.13339183,-0.26152796,-0.09842636,-0.056536876,-0.116073415,-0.2871073,0.10522783,-0.27284703,0.31458613,-0.13122493,-0.053417448,-0.177749,-0.22462957,-0.07988804,0.03838291,0.1960478,0.35059324,-0.31821245,-0.16081496,-0.1435244,0.14390875,0.17037934,0.30611908,-0.1609932,-0.27632296,0.08383746,-0.07596646,0.32510304,0.11440787,0.22875725,-0.17249054,-0.02097538,0.01610127,0.09613692,0.14328487,-0.22026236,0.057990752,0.20861463,0.09426526,0.14087845,-0.32159927,-0.17578821,-0.15582386,-0.13015541,0.072518386,-0.2324727,-0.44708946,-0.17284703,-0.34967414,0.37545955,0.00032586898,0.17349878,-0.1576064,-0.08256183,-0.03104668,0.45941678,-0.3109932,0.13963068,0.23490697,-0.5938809,0.29729557,0.15727775,-0.15724988,0.3545148,-0.10769552,-0.35332832,0.042928364,0.21797293,-0.11215185,0.045513034,0.096582554,0.28098541,0.082857065,-0.04111798,-0.089157194,0.1423936,0.01948808,0.053890932,0.24016544,-0.3687472,-0.51250833,0.04979111,0.4447109,0.21512088,0.06770555,0.027687723,-0.042365752,0.12403353,-0.11099321,-0.13478999,0.022161877,0.4021084,0.18223318,0.0420371,-0.46749943,-0.24931763,0.17554869,0.016190397,-0.03675078,-0.17275791,-0.33844417,0.111912325,0.29693905,-0.24031584,0.041502338,-0.18140319,0.01636865,-0.111171454,-0.43095756,-0.14887199,-0.14985238,0.10683211,-0.1281055,0.077331215,-0.32748163,-0.33737466,-0.14726771,-0.072044894,0.21102105,-0.20181316,0.16111018,0.3813419,0.056029968,-0.033453096,-0.35894328,-0.20956717,0.0420371,0.6883829,0.03134191,-0.033542223,0.20834726,0.23187667,0.24791946,0.01690341,0.2906111,0.20736687,-0.05564561,0.25406918,0.15389094,0.40772337,-0.16420177,0.7757269,-0.42855114,0.010575423,0.19212623,-0.26019105,-0.19209838,0.10843638,0.05549521,0.31324923,0.21431874,0.3987216,-0.4458417,-0.10047627,0.060486298,-0.04601994,0.19863246,0.5731423,0.1342831,-0.11108233,0.014229612,-0.12659036,0.32563782,0.11512088,-0.5851465,-0.39619818,-0.06527128,0.0336592,0.020646725,0.10005849,0.20888202,0.36939895,-0.15707164,0.10139539,0.48820466,0.0038018047,-0.12213402,0.16102105,-0.21001281,0.21458612,0.21583389,0.055851717,0.03579824,-0.16206272,0.059951536,0.20763424,-0.2914745,0.43152016,0.16948807,0.11253621,0.28241143,-0.43675077,0.050682377,0.28401572,-0.12329267,-0.35350657,-0.40947804,-0.062240977,-0.20519997,-0.107873775,-0.08452261,-0.5931679,-0.24423741,0.06610127,0.43045065,0.22688559,-0.015984291,0.13339183,0.13169841,0.23419397,-0.5513675,0.22207275,0.30291054,-0.10519998,-0.34174186,0.15353443,-0.1307793,-0.31010193,-0.24673295,-0.028372884,-0.07311442,0.2302724,-0.19593081,-0.32471868,0.17109236,0.049880236,-0.25350657,0.025816064,0.31503174,-0.034611743,-0.29307878,-0.043880906,0.1064756,-0.44236577,-0.48247272,0.12421179,0.28187668,-0.07418393,-0.054932598,-0.15609124,0.3718945,0.33187667,0.08383746,0.058436386,-0.075520836,-0.079175025,-0.1281055,-0.057695523,0.036333,0.1342831,0.06316009,0.22652908,0.12813336,-0.31910372,0.0521084,-0.1431679,-0.22249053,-0.21562779,-0.23701815,-0.18095756,0.32581607,-0.16883634,0.18526348,-0.031670567,-0.10163491,-0.04111798,0.09087846,-0.12926415,-0.3535957,-0.19798073,-0.16758858,0.12982675,-0.13978109,-0.06455827,0.20540608,0.29711732,-0.10315007,-0.42935327,-0.033987857,0.53276795,-0.077035986,0.47314227,0.5344613,0.13098541,-0.2602802,-0.123114415,-0.096287325,-0.077303365,-0.095930815,-0.13675077,0.048097704,0.03686776,0.30451483,0.053801805,-0.11143883,-0.43327484,-0.20457609,0.15763424,-0.07498607,0.09586954,-0.16518216,0.31476438,0.0056734625,0.3121797,-0.07400568,0.05727774,-0.12124276,-0.03238358,0.010486296,0.2118232,0.50594085,-0.0680342,-0.20600212,-0.13265096,0.08169842,0.0070994874,-0.07596646,-0.08256183,-0.040583223,-0.0307793,0.19444351,0.28847203,0.1702011,-0.1381768,-0.19281138,0.20184103,-0.6295315,0.44497827,-0.15805203,-0.046911206,0.08606562,0.08579824,0.02670733,0.02127061,0.35103887,0.24667168,0.15273228,0.1842831,0.15986241,-0.20653687,0.109684154,-0.09423741,-0.01732119,0.066992536,-0.31580603,-0.011082331,0.04667168,-0.23880069,0.47064674,-0.4220449,-0.20546736,0.024746547,0.050682377,0.04078933,0.09283924,-0.10047627,0.043641377,-0.18327485,0.033035316,0.23437221,0.30398005,0.26913157,0.33241144,-0.024094809,0.33562,-0.05484347,-0.2811358,0.24542391,0.17938113,0.00014761586,-0.12587734,-0.12427306,0.18668951,0.1534453,0.2648535,0.37029022,0.08847204,0.29586953,-0.08461174,-0.031403188,-0.18844418,0.055584338,-0.100832775,-0.19165275,0.089541554,-0.21821246,0.04310662,0.027420344,0.2887394,-0.08603777,0.40763426,0.19497828,-0.094148286,-0.056893382,0.23553085,0.121359736,0.21565564,0.09488915,0.035976492,0.07465742,-0.25805202,-0.11892547,0.16645777,0.054871324,-0.0633105,-0.29931763,-0.070886254,-0.08015542,0.20843638,0.101128004,-0.5152713,-0.370708,0.050058488,-0.40404132,0.3799159,0.11271446,-0.43238357,0.35353443,-0.30546737,-0.061171457,0.12902462,-0.25573474,-0.16696468,-0.09512868,-0.12213402,-0.22953153,0.2420371,-0.16562779,0.05932765,-0.15858679,0.21592301,0.10504958,-0.18764205,-0.012240976,0.15335616,-0.052615307,0.327866,0.04542391,0.025103053,-0.08728554,-0.22151014,-0.3364834,0.44025457,0.55121714,-0.018390708,0.14952374,0.09096758,0.06797293,-0.38461176,-0.22017324,-0.17721424,0.1313419,0.42750946,0.028311608,-0.35199142,-0.3103693,-0.22569908,0.17376615,-0.08639427,-0.30216968,0.19551304,-0.15065452,0.14863247,-0.105734736,-0.04530693,-0.043346144,0.26930982,-0.032027073,0.26699254,0.14052194,-0.1254317,-0.24227662,-0.11134971,0.29738468,-0.17730336,0.3494346,-0.0045760917,-0.5101019,0.308169,-0.34254402,0.12207275,-0.1935244,0.079202875,0.16930982,-0.04397003,0.062268827,-0.36509302,-0.12409481,-0.059656307,-0.12489695,0.047652073,0.11636865,-0.11375613,-0.34503955,0.19916722,0.019398952,-0.42498606,0.009684158,0.34693906,0.36289272,0.07332052,-0.038978945,0.053890932,-0.3419201,-0.24949588,0.11966633,0.21289271,0.072251,0.1997911,-0.111260585,-0.13149232,-0.2324727,-0.0036848262,-0.25947806,-0.22765987,0.10166277,-0.03773117,0.0749248,0.1447109,0.05683211,-0.22151014,0.15219752,-0.14004846,-0.3133105,0.13187668,-0.017766822,-0.13888982,0.14114584,0.18749164,0.14738469,0.19105671,-0.0011892825,-0.104843475,0.074300915,0.26093194,-0.20635863,-0.07712511,-0.26010194,-0.02899677,0.0029105393,-0.32471868,-0.068479836,-0.2106367,-0.034344364,-0.00903242,-0.11901459,-0.12748162,0.1333027,-0.18773118,-0.0804228,0.26262534,0.22742034,-0.053773955,-0.023827428,-0.054219585,0.32002285,-0.0014566622,0.23125279,-0.15814115,-0.24013759,-0.02792725,0.17911375,0.12902462,0.055138703,0.07100323,-0.11446914,0.3399872,0.015655637,0.52127063,-0.19744597,-0.1935244,0.13686776,0.43152016,-0.13692904,0.3823223,-0.29343528,-0.24156362,0.40014762,-0.2766795,-0.18496825,-0.1485155,0.08428309,0.21503176,-0.18862244,-0.10885417,-0.12052975,-0.019549353,-0.024629567,0.20264316,-0.052793562,0.21414049,-0.05823028,-0.021777518,-0.4083194,0.3416806,-0.03131406,-0.06678643,-0.29913938,-0.083987854,-0.0522588,0.11512088,0.33116364,-0.2421875,-0.3283729,-0.40074366,0.19078933,0.3961369,-0.16642992,0.12911375,-0.12890764,-0.033007465,-0.16946022,0.15086062,0.015299131,0.022607509,-0.063667,0.3118232,-0.29325703,0.04979111,-0.041830994,-0.02819463,-0.20413046,-0.023381796,0.1591494,-0.08960283,0.28241143,0.013338347,0.26324922,-0.2569825,0.22742034,-0.04370265,-0.15644775,0.06146669,0.33686775,-0.21108232,0.321538,0.0009497549,-0.12525345,-0.26928198,-0.19637644,0.14488915,0.19702819,0.0907002,0.041680593,0.12332052,0.21476437,0.18455046,-0.07471869,-0.24682207,0.18125279,-0.12926415,0.15540609,-0.030690175,-0.011973596,-0.27739248,0.12278576,-0.24423741,-0.20698251,-0.2220449,0.012892714,0.23927417,-0.038444184,-0.18559213,-0.045485184,-0.07739249,-0.14370266,-0.22908589,0.13945243,0.39551303,0.017081663,0.0037126783,-0.04343527,-0.24780247,-0.09503955,0.16137756,0.28544173,0.26316008,-0.114914775,0.09194797,0.2876699,0.19952373,0.2907002,0.10594084,-0.22213402,-0.11963848,-0.220708,0.04613692,-0.46010193,0.034193963,-0.052615307,-0.41839072,-0.08354222,0.21636865,-0.2921875,0.08535261,0.039541554,-0.04762422,-0.020618873,0.17617257,0.07483567,-0.14156361,0.12296402,0.16957721,-0.25020888,-0.2511893,-0.027838124,-0.041563615,-0.17694686,0.023498775,0.008792892,-0.08140319,0.14506741,0.33374834,0.07635082,-0.21304311,-0.110904075,-0.19405916,-0.041296236,-0.15011977,-0.14441566,0.12938112,0.2846396,0.30923852,-0.07133189,0.07162712,0.15620822,0.37162712,-0.1720449,-0.35618037,-0.16963848,0.012090575,0.3420371,0.14988023,-0.019549353,0.17385527,0.123142265,-0.09708946,-0.21999499,0.0964043,-0.15742815,-0.08122493,0.11574476,0.12082498,-0.2734709,-0.18862244,0.15228665,0.19684993,0.06832943,0.24827597,0.024657419,-0.060458444,0.17519218,-0.12587734,0.07171624,0.07510305,-0.0650039,0.21039717,-0.20894329,-0.15252618,0.028222483,0.38214406,-0.25823027,-0.029798908,-0.15047628,-0.07685773,0.23722427,-0.083987854,-0.11954936,-0.16250835,0.059505906,0.39595866,0.006208222,-0.23256183,-0.1338096,0.20014761,0.0859765,0.12002284,1.319488,-0.16954936,-1.1620628,0.4188642,-0.3465547,0.27652907,0.2564756,-0.4106367,0.54791945,-0.4532392,-1.0450395,-0.72329265,-0.10805203,0.48357007,-0.29495043,0.78285706,-0.08104668,0.120111965,-0.46963847,-0.81544954,0.17011197,1.2408785,-0.3398702,-0.28666165,0.18740252,-0.5371073,-0.5194602,-0.95511085,-0.4754317,0.7156556,-0.4844335,0.47153798,-0.22659035,0.23143104,-0.9653604,-0.25600213,0.52715296,-0.255913,0.8702902,-0.24138536,0.8702902,1.1252813,-0.039424576,0.28989807,0.058525514,-0.021331886,-0.30858678,0.18517436,0.41841856,-0.7306902,0.3873134,0.22572693,0.9027323,-0.17962065,-0.5248969,-0.778462,-0.14726771,-0.5154495,-0.63639426,0.34560215,-0.88594866,-0.2569825,0.119844586,0.18588737,0.3085255,0.20228666,0.68588734,-0.31411263,-0.0013675357,-0.002080548,0.59052193,-1.1868399,0.85139537,0.07697471,-0.71117145,0.7282225,0.79551303,0.032589685,0.0749248,0.658882,0.46244708,-0.7994959,0.69417614,0.80291057,0.007901627,0.57545954,1.0611101,-0.72249055,-0.6202624,0.4819658,-0.06785595,-0.7630431,0.22483568,-0.071510136,0.46333835,0.53847206,-0.3164299,0.12822248,0.53045064,0.2279551,-0.09209837,0.44854334,-0.4448613,-0.2693711,0.1283116,0.12777685,-0.28434438,-0.5599237,0.09586954,-1.0676777,0.002732286,-0.29477218,-0.6160734,-0.39619818,0.1595059,0.024479168,0.7696663,-0.712954,-0.21856897,-0.24076147,-0.27133188,-0.22569908,0.6154774,-0.21482565,-0.25582385,0.09096758,0.2607537,0.36868593,
0,0,0,0,0,0,1,0,1,0,0,0,0,0,0,0,0,0,0,0,0,0,0,0,0,0,0,0,0,0,0,0,0,0,0,0,0,0,0,0,0,0,0,0,0,0,0,0,0,0,0,0,0,0,0,0,0,0,0,0,0,0,0,0,0,0,0,0,0,0,0,0,0,0,0,0,0,0,0,0,0,0,0,0,0,0,0,0,0,0,0,0,0,0,0,0,0,0,0,0,0,0,0,0,0,0,0,0,0,0,0,0,0,0,0,0,0,0,0,0,0,0,0,0,0,0,0,0,0,0,0,0,0,0,0,0,0,0,0,0,0,0,0,0,0,0,0,0,0,0,0,0,0,0,0,0,0,0,0,0,0,0,0,0,0,0,0,0,0,0,0,0,0,0,0,0,0,0,0,0,0,0,0,0,0,0,0,0,0,0,0,0,0,0,0,0,0,0,0,0,0,0,0,0,0,0,0,0,0,0,0,0,0,0,0,0,0,0,0,0,0,0,0,0,0,0,0,0,0,0,0,0,0,0,0,0,0,0,0,0,0,0,0,0,0,0,0,0,0,0,0,0,0,0,0,0,0,0,0,0,0,0,0,0,0,0,0,0,0,0,0,0,0,0,0,0,0,0,0,0,0,0,0,0,0,0,0,0,0,0,0,0,0,0,0,0,0,0,0,0,0,0,0,0,0,0,0,0,0,0,0,0,0,0,0,0,0,0,0,0,0,0,0,0,0,0,0,0,0,0,0,0,0,0,0,0,0,0,0,0,0,0,0,0,0,0,0,0,0,0,0,0,0,0,0,0,0,0,0,0,0,0,0,0,0,0,0,0,0,0,0,0,0,0,0,0,0,0,0,0,0,0,0,0,0,0,0,0,0,0,0,0,0,0,0,0,0,0,0,0,0,0,0,0,0,0,0,0,0,0,0,0,0,0,0,0,0,0,0,0,0,0,0,0,0,0,0,0,0,0,0,0,0,0,0,0,0,0,0,0,0,0,0,0,0,0,0,0,0,0,0,0,0,0,0,0,0,0,0,0,0,0,0,0,0,0,0,0,0,0,0,0,0,0,0,0,0,0,0,0,0,0,0,0,0,0,0,0,0,0,0,0,0,0,0,0,0,0,0,0,0,0,0,0,0,0,0,0,0,0,0,0,0,0,0,0,0,0,0,0,0,0,0,0,0,0,0,0,0,0,0,0,0,0,0,0,0,0,0,0,0,0,0,0,0,0,0,0,0,0,0,0,0,0,0,0,0,0,0,0,0,0,0,0,0,0,0,0,0,0,0,0,0,0,0,0,0,0,0,0,0,0,0,0,0,0,0,0,0,0,0,0,0,0,0,0,0,0,0,0,0,0,0,0,0,0,0,0,0,0,0,0,0,0,0,0,0,0,0,0,0,0,0,0,0,0,0,0,0,0,0,0,0,0,0,0,0,0,0,0,0,0,0,0,0,0,0,0,0,0,0,0,0,0,0,0,0,0,0,0,0,0,0,0,0,0,0,0,0,0,0,0,0,0,0,0,0,0,0,0,0,0,0,0,0,0,0,0,0,0,0,0,0,0,0,0,0,0,0,0,0,0,0,0,0,0,0,0,0,0,0,0,0,0,0,0,0,0,0,0,0,0,0,0,0,0,0,0,0,0,0,0,0,0,0,0,0,0,0,0,0,0,0,0,0,0,0,0,0,0,0,0,0,0,0,0,0,0,0,0,0,0,0,0,0,0,0,0,0,0,0,0,0,0,0,0,0,0,0,0,0,0,0,0,0,0,0,0,0,0,0,0,0,0,0,0,0,0,0,0,0,0,0,0,0,0,0,0,0,0,0,0,0,0,0,0,0,0,0,0,0,0,0,0,0,0,0,0,0,0,0,0,0,0,0,0,0,0,0,0,0,0,0,0,0,0,0,0,0,0,0,0,0,0,0,0,0,0,0,0,0,0,0,0,0,0,0,0,0,0,0,0,0,0,0,0,0,0,0,0,0,0,0,0,0,0,0,0,0,0,0,0,0,0,0,0,0,0,0,0,0,0,0,0,0,0,0,0,0,0,0,0,0,0,0,0,0,0,0,0,0,0,0,0,0,0,0,0,0,0,0,0,0,0,0,0,0,0,0,0,0,0,0,0,0,0,0,0,0,0,0,0,0,0,0,0,0,0,0,0,0,0,0,0,0,0,0,0,0,0,0,0,0,0,0,0,0,0,0,0,0,0,0,0,0,0,0,0,0,0,0,0,0,0,0,0,0,0,0,0,0,0,0,0,0,0,0,0,0,0,0,0,0,0,0,0,0,0,0,0,0,0,0,0,0,0,0,0,0,0,0,0,0,0,0,0,0,0,0,0,0,0,0,0,0,0,0,0,0,0,0,0,0,0,0,0,0,0,0,0,0,0,0,0,0,0,0,0,0,0,0,0,0,0,0,0,0,0,0,0,0,0,0,0,0,0,0,0,0,0,0,0,0,0,0,0,0,0,0,0,0,0,0,0,0,0,0,0,0,0,0,0,0,0,0,0,0,0,0,0,0,0,0,0,0,0,0,0,0,0,0,0,0,0,0,0,0,0,0,0,0,0,0,0,0,0,0,0,0,0,0,0,0,0,0,0,0,0,0,0,0,0,0,0,0,0,0,0,0,0,0,0,0,0,0,0,0,0,0,0,0,0,0,0,0,0,0,0,0,0,0,0,0,0,0,0,0,0,0,0,0,0,0,0,0,0,0,0,0,0,0,0,0,0,0,0,0,0,0,0,0,0,0,0,0,0,0,0,0,0,0,0,0,0,0,0,0,0,0,0,0,0,0,0,0,0,0,0,0,0,0,0,0,0,0,0,0,0,0,0,0,0,0,0,0,0,0,0,0,0,0,0,0,0,0,0,0,0,0,0,0,0,0,0,0,0,0,0,0,0,0,0,0,0,0,0,0,0,0,0,0,0,0,0,0,0,0,0,0,0,0,0,0,0,0,0,0,0,0,0,0,0,0,0,0,0,0,0,0,0,0,0,0,0,0,0,0,0,0,0,0,0,0,0,0,0,0,0,0,0,0,0,0,0,0,0,0,0,0,0,0,0,0,0,0,0,0,0,0,0,0,0,0,0,0,0,0,0,0,0,0,0,0,0,0,0,0,0,0,0,0,0,0,0,0,0,0,0,0,0,0,0,0,0,0,0,0,0,0,0,0,0,0,0,0,0,0,0,0,0,0,0,0,0,0,0,0,0,0,0,0,0,0,0,0,0,0,0,0,0,0,0,0,0,0,0,0,0,0,0,0,0,0,0,0,0,0,0,0,0,0,0,0,0,0,0,0,0,0,0,0,0,0,0,0,0,0,0,0,0,0,0,0,0,0,0,0,0,0,0,0,0,0,0,0,0,0,0,0,0,0,0,0,0,0,0,0,0,0,0,0,0,0,0,0,0,0,0,0,0,0,0,0,0,0,0,0,0,0,0,0,0,0,0,0,0,0,0,0,0,0,0,0,0,0,0,0,0,0,0,0,0,0,0,0,0,0,0,0,0,0,0,0,0,0,0,0,0,0,0,0,0,0,0,0,0,0,0,0,0,0,0,0,0,0,0,0,0,0,0,0,0,0,0,0,0,0,0,0,0,0,0,0,0,0,0,0,0,0,0,0,0,0,0,0,0,0,0,0,0,0,0,0,0,0,0,0,0,0,0,0,0,0,0,0,0,0,0,0,0,0,0,0,0,0,0,0,0,0,0,0,0,0,0,0,0,0,0,0,0,0,0,0,0,0,0,0,0,0,0,0,0,0,0,0,0,0,0,0,0,0,0,0,0,0,0,0,0,0,0,0,0,0,0,0,0,0,0,0,0,0,0,0,0,0,0,0,0,0,0,0,0,0,0,0,0,0,0,0,0,0,0,0,0,0,0,0,0,0,0,0,0,0,0,0,0,0,0,0,0,0,0,0,0,0,0,0,0,0,0,0,0,0,0,0,0,0,0,0,0,0,0,0,0,0,0,0,0,0,0,0,0,0,0,0,0,0,0,0,0,0,0,0,0,0,0,0,0,0,0,0,0,0,0,0,0,0,0,0,0,0,0,0,0,0,0,0,0,0,0,0,0,0,0,0,0,0,0,0,0,0,0,0,0,0,0,0,0,0,0,0,0,0,0,0,0,0,0,0,0,0,0,0,0,0,0,0,0,0,0,0,0,0,0,0,0,0,0,0,0,0,0,0,0,0,0,0,0,0,0,0,0,0,0,0,0,0,0,0,0,0,0,0,0,0,0,0,0,0,0,0,0,0,0,0,0,0,0,0,0,0,0,0,0,0,0,0,0,0,0,0,0,0,0,0,0,0,0,0,0,0,0,0,0,0,0,0,0,0,0,0,0,0,0,0,0,0,0,0,0,0,0,0,0,0,0,0,0,0,0,0,0,0,0,0,0,0,0,0,0,0,0,0,0,0,0,0,0,0,0,0,0,0,0,0,0,0,0,0,0,0,0,0,0,0,0,0,0,0,0,0,0,0,0,0,0,0,0,0,0,0,0,0,0,0,0,0,0,0,0,0,0,0,0,0,0,0,0,0,0,0,0,0,0,0,0,0,0,0,0,0,0,0,0,0,0,0,0,0,0,0,0,0,0,0,0,0,0,0,0,0,0,0,0,0,0,0,0,0,0,0,0,0,0,0,0,0,0,0,0,0,0,0,0,0,0,0,0,0,0,0,0,0,0,0,0,0,0,0,0,0,0,0,0,0,0,0,0,0,0,0,0,0,0,0,0,0,0,0,0,0,0,0,0,0,0,0,0,0,0,0,0,0,0,0,0,0,0,0,0,0,0,0,0,0,0,0,0,0,0,0,0,0,0,0,0,0,0,0,0,0,0,0,0,0,0,0,0,0,0,0,0,0,0,0,0,0,0,0,0,0,0,0,0,0,0,0,0,0,0,0,0,0,0,0,0,0,0,0,0,0,0,0,0,0,0,0,0,0,0,0,0,0,0,0,0,0,0,0,0,0,0,0,0,0,0,0,0,0,0,0,0,0,0,0,0,0,0,0,0,0,0,0,0,0,0,0,0,0,0,0,0,0,0,0,0,0,0,0,0,0,0,0,0,0,0,0,0,0,0,0,0,0,0,0,0,0,0,0,0,0,0,0,0,0,0,0,0,0,0,0,0,0,0,0,0,0,0,0,0,0,0,0,0,0,0,0,0,0,0,0,0,0,0,0,0,0,0,0,0,0,0,0,0,0,0,0,0,0,0,0,0,0,0,0,0,0,0,0,0,0,0,0,0,0,0,0,0,0,0,0,0,0,0,0,0,0,0,0,0,0,0,0,0,0,0,0,0,0,0,0,0,0,0,0,0,0,0,0,0,0,0,0,0,0,0,0,0,0,0,0,0,0,0,0,0,0,0,0,0,0,0,0,0,0,0,0,0,0,0,0,0,0,0,0,0,0,0,0,0,0,0,0,0,0,0,0,0,0,0,0,0,0,0,0,0,0,0,0,0,0,0,0,0,0,0,0,0,0,0,0,0,0,0,0,0,0,0,0,0,0,0,0,0,0,0,0,0,0,0,0,0,0,0,0,0,0,0,0,0,0,0,0,0,0,0,0,0,0,0,0,0,0,0,0,0,0,0,0,0,0,0,0,0,0,0,0,0,0,0,0,0,0,0,0,0,0,0,0,0,0,0,0,0,0,0,0,0,0,0,0,0,0,0,0,0,0,0,0,0,0,0,0,0,0,0,0,0,0,0,0,0,0,0,0,0,0,0,0,0,0,0,0,0,0,0,0,0,0,0,0,0,0,0,0,0,0,0,0,0,0,0,0,0,0,0,0,0,0,0,0,0,0,0,0,0,0,0,0,0,0,0,0,0,0,0,0,0,0,0,0,0,0,0,0,0,0,0,0,0,0,0,0,0,0,0,0,0,0,0,0,0,0,0,0,0,0,0,0,0,0,0,0,0,0,0,0,0,0,0,0,0,0,0,0,0,0,0,0,0,0,0,0,0,0,0,0,0,0,0,0,0,0,0,0,0,0,0,0,0,0,0,0,0,0,0,0,0,0,0,0,0,0,0,0,0,0,0,0,0,0,0,0,0,0,0,0,0,0,0,0,0,0,0,0,0,0,0,0,0,0,0,0,0,0,0,0,0,0,0,0,0,0,0,0,0,0,0,0,0,0,0,0,0,0,0,0,0,0,0,0,0,0,0,0,0,0,0,0,0,0,0,0,0,0,0,0,0,0,0,0,0,0,0,0,0,0,0,0,0,0,0,0,0,0,0,0,0,0,0,0,0,0,0,0,0,0,0,0,0,0,0,0,0,0,0,0,0,0,0,0,0,0,0,0,0,0,0,0,0,0,0,0,0,0,0,0,0,0,0,0,0,0,0,0,0,0,0,0,0,0,0,0,0,0,0,0,0,0,0,0,0,0,0,0,0,0,0,0,0,0,0,0,0,0,0,0,0,0,0,0,0,0,0,0,0,0,0,0,0,0,0,0,0,0,0,0,0,0,0,0,0,0,0,0,0,0,0,0,0,0,0,0,0,0,0,0,0,0,0,0,0,0,0,0,0,0,0,0,0,0,0,0,0,0,0,0,0,0,0,0,0,0,0,0,0,0,0,0,0,0,0,0,0,0,0,0,0,0,0,0,0,0,0,0,0,0,0,0,0,0,0,0,0,0,0,0,0,0,0,0,0,0,0,0,0,0,0,0,0,0,0,0,0,0,0,0,0,0,0,0,0,0,0,0,0,0,0,0,0,0,0,0,0,0,0,0,0,0,0,0,0,0,0,0,0,0,0,0,0,0,0,0,0,0,0,0,0,0,0,0,0,0,0,0,0,0,0,0,0,0,0,0,0,0,0,0,0,0,0,0,0,0,0,0,0,0,0,0,0,0,0,0,0,0,0,0,0,0,0,0,0,0,0,0,0,0,0,0,0,0,0,0,0,0,0,0,0,0,0,0,0,0,0,0,0,0,0,0,0,0,0,0,0,0,0,0,0,0,0,0,0,0,0,0,0,0,0,0,0,0,0,0,0,0,0,0,0,0,0,0,0,0,0,0,0,0,0,0,0,0,0,0,0,0,0,0,0,0,0,0,0,0,0,0,0,0,0,0,0,0,0,0,0,0,0,0,0,0,0,0,0,0,0,0,0,0,0,0,0,0,0,0,0,0,0,0,0,0,0,0,0,0,0,0,0,0,0,0,0,0,0,0,0,0,0,0,0,0,0,0,0,0,0,0,0,0,0,0,0,0,0,0,0,0,0,0,0,0,0,0,0,0,0,0,0,0,0,0,0,0,0,0,0,0,0,0,0,0,0,0,0,0,0,0,0,0,0,0,0,0,0,0,0,0,0,0,0,0,0,0,0,0,0,0,0,0,0,0,0,0,0,0,0,0,0,0,0,0,0,0,0,0,0,0,0,0,0,0,0,0,0,0,0,0,0,0,0,0,0,0,0,0,0,0,0,0,0,0,0,0,0,0,0,0,0,0,0,0,0,0,0,0,0,0,0,0,0,0,0,0,0,0,0,0,0,0,0,0,0,0,0,0,0,0,0,0,0,0,0,0,0,0,0,0,0,0,0,0,0,0,0,0,0,0,0,0,0,0,0,0,0,0,0,0,0,0,0,0,0,0,0,0,0,0,0,0,0,0,0,0,0,0,0,0,0,0,0,0,0,0,0,0,0,0,0,0,0,0,0,0,0,0,0,0,0,0,0,0,0,0,0,0,0,0,0,0,0,0,0,0,0,0,0,0,0,0,0,0,0,0,0,0,0,0,0,0,0,0,0,0,0,0,0,0,0,0,0,0,0,0,0,0,0,0,0,0,0,0,0,0,0,0,0,0,0,0,0,0,0,0,0,0,0,0,0,0,0,0,0,0,0,0,0,0,0,0,0,0,0,0,0,0,0,0,0,0,0,0,0,0,0,0,0,0,0,0,0,0,0,0,0,0,0,0,0,0,0,0,0,0,0,0,0,0,0,0,0,0,0,0,0,0,0,0,0,0,0,0,0,0,0,0,0,0,0,0,0,0,0,0,0,0,0,0,0,0,0,0,0,0,0,0,0,0,0,0,0,0,0,0,0,0,0,0,0,0,0,0,0,0,0,0,0,0,0,0,0,0,0,0,0,0,0,0,0,0,0,0,0,0,0,0,0,0,0,0,0,0,0,0,0,0,0,0,0,0,0,0,0,0,0,0,0,0,0,0,0,0,0,0,0,0,0,0,0,0,0,0,0,0,0,0,0,0,0,0,0,0,0,0,0,0,0,0,0,0,0,0,0,0,0,0,0,0,0,0,0,0,0,0,0,0,0,0,0,0,0,0,0,0,0,0,0,0,0,0,0,0,0,0,0,0,0,0,0,0,0,0,0,0,0,0,0,0,0,0,0,0,0,0,0,0,0,0,0,0,0,0,0,0,0,0,0,0,0,0,0,0,0,0,0,0,0,0,0,0,0,0,0,0,0,0,0,0,0,0,0,0,0,0,0,0,0,0,0,0,0,0,0,0,0,0,0,0,0,0,0,0,0,0,0,0,0,0,0,0,0,0,0,0,0,0,0,0,0,0,0,0,0,0,0,0,0,0,0,0,0,0,0,0,0,0,0,0,0,0,0,0,0,0,0,0,0,0,0,0,0,0,0,0,0,0,0,0,0,0,0,0,0,0,0,0,0,0,0,0,0,0,0,0,0,0,0,0,0,0,0,0,0,0,0,-0.12767874,0.55197686,1.8601624,0.17625321,-0.273088,0.03333382,0.3146908,-0.5194206,-0.69952226,-0.064684644,-0.5070542,0.41619512,-0.5928722,-0.49892056,-0.7951339,-0.39791423,-0.85522306,0.678629,-1.0917622,1.264167,-0.54431945,-0.035967976,-0.51477283,0.50890183,-0.3579101,-0.0047614183,-0.4051349,0.42009592,-1.0470272,0.2999175,-0.28072366,-0.71960735,-0.90145195,0.84561723,-0.020696681,0.23136266,0.38905537,-0.49086994,0.6086632,-0.21665062,-0.7516439,1.5372243,0.35295203,-0.5643215,-0.47925046,-1.4146172,-0.16560797,0.3687213,0.006692052,-0.6026658,0.30913007,-0.27441594,0.25941536,0.09358903,0.86487234,0.043376356,0.3256463,-0.8987961,0.3129479,-0.48066142,0.4943775,-0.8509903,-0.5847386,0.024287239,-0.035552993,-0.18868092,-0.36380282,-0.9544035,0.10919231,0.3580148,0.6304912,-1.0792297,-1.2847282,0.33934066,-0.31973186,-0.04144572,0.11500204,-0.40438792,1.0622373,1.1958611,-0.102281906,-1.1853818,0.57986355,-0.3682846,-0.089832485,0.2740227,-0.16535899,-0.9049378,-0.03671494,0.45960212,-0.002022545,0.30083045,-0.8673405,-0.33027238,0.73830324,-0.1826222,-0.085516684,-0.3017217,-0.10427382,-0.31375614,-0.14178808,-0.84335464,0.18372287,0.6908294,0.09325705,0.031092923,-0.66582584,0.21932822,-0.21797855,0.34573138,-0.4179993,-0.6474837,-0.33940193,-0.5308741,-0.49518573,-0.2688552,-0.0042634415,0.0075220135,0.22422498,0.62268955,0.13956891,-3.0637257e-05,-0.36147892,0.6369649,-0.2754119,0.05624076,0.19318442,-0.052401215,-1.0483551,-0.49900356,1.4047624,-0.50182545,0.86736226,-0.33516914,-0.15664439,0.022461323,-0.7186944,-0.36936355,0.2757656,0.4875718,-0.5591758,0.2737737,1.1807557,0.16015196,-0.31350714,-0.39559034,0.6114021,0.17525725,0.5332197,0.8251172,-0.22652715,-0.11805118,0.55645865,0.13359319,1.501287,-0.09298634,0.10031172,-0.43028274,-0.26951918,0.12836443,-0.91896415,-0.120375074,-0.05447612,-0.3359161,-0.34089586,-0.08095189,0.021714358,-0.57536,-0.2605556,0.353865,0.24381208,0.16048394,0.79399365,-0.43219164,0.6242665,-0.467714,0.9580771,0.89300805,0.19202249,1.2263206,-0.19307971,-0.14585489,-0.067506514,0.29037294,-1.1263715,-0.54656035,0.17816213,0.41611212,0.099896744,0.548325,0.5006022,0.34581438,-0.45825243,-0.28122163,0.24298212,0.10778137,-0.066178575,0.2481279,0.23908131,0.2761806,-0.48771608,0.1290284,0.6632747,-0.8174598,0.08279953,-0.8152189,0.34880224,0.14961144,0.6737322,0.38764444,0.23783636,-0.2796447,-0.26304546,1.0067128,-0.6067326,-0.08393975,-0.09423128,-0.6015868,0.37901282,0.040969465,0.24655096,0.18446983,-0.67561936,0.5592805,0.066532284,-0.5988479,0.64003575,0.38772744,0.3839926,-0.1326585,-0.55568993,0.18671073,-0.22868507,0.37868086,0.45038953,0.47761226,-0.1045228,-0.12784472,-0.019949716,-0.42198312,0.16836858,0.23410153,0.72718173,0.34747428,-0.43874836,0.04304437,0.6631087,0.03466176,-0.15083466,-0.07514216,0.061386522,0.31668273,0.30730414,-0.46870998,-0.62748164,-0.77977955,-0.12718076,-0.17233066,-0.38729072,-0.049745336,0.30273935,0.11317613,-0.33500314,-0.7448382,0.7818762,-0.021277655,-0.08120088,-0.82874733,0.001629286,0.82594717,-0.5654835,-0.1285087,-0.04883238,-0.035801984,0.11500204,-0.44372812,0.65771395,-0.554362,-0.6210079,-0.32886142,-0.39974016,0.42125788,0.1223887,0.32224345,0.40656754,-0.57461303,-0.06734052,0.51247066,0.16073292,0.24140519,0.030843934,0.28107736,0.58625424,-0.27408397,0.38158572,0.13483812,-0.36654168,-0.31599703,-0.89472926,0.1914415,0.5933089,0.27053684,0.3039843,-0.5126149,0.5616874,-0.49003997,0.7026979,0.11309313,1.2031647,-0.06808749,-0.36869958,-0.3405639,-0.22910005,0.15525518,0.38731244,-0.64466184,0.30323735,0.15583615,0.58932513,0.1526823,0.54907197,-0.18859792,0.49172163,0.7344854,-0.13597836,-0.25549284,0.43462026,-0.3578271,0.25692546,-0.06443566,0.73780525,-1.0469443,-0.10427382,0.052256946,0.9091923,-0.7116397,-0.683836,-0.0031844913,-0.65279543,0.267134,0.80677503,0.087447315,-0.118715145,0.18164796,-0.94046015,-0.30836138,-0.051903237,-0.15025368,0.50392205,0.18895163,0.06993513,0.3662314,-0.06451865,-0.09456327,0.16372079,0.10446153,0.14695556,0.12280368,-0.86310774,-0.25101104,0.124629594,-0.10759366,-0.99581856,-0.99681455,0.49612042,-0.26868922,0.32498235,0.45462233,-0.4791675,0.16944753,-0.17565052,0.56301534,-1.373949,-0.2773208,0.60534334,0.66593057,0.49753135,0.4291425,0.17036048,-0.038291868,-0.13390344,-0.2584807,-0.019534735,0.1874577,-0.08634665,0.6383758,0.21252254,0.4421729,-0.10626572,0.06561933,-0.3857968,0.48508194,0.2865551,0.24389508,-0.3511874,-0.90751064,0.62302154,0.15890701,-0.19266473,-0.34330276,-0.04011778,0.7387182,0.43312633,-0.446135,0.3299621,-0.11406736,0.08454245,-0.0073342994,-0.00019662958,-0.08476972,0.19882816,0.938324,0.01582163,0.3411666,-0.033312097,0.7109145,0.045783244,0.397189,0.5327217,-0.5026554,-0.021858627,0.5746348,-0.086927615,0.27103484,-0.55295104,0.22995172,-1.0643734,-0.2841265,-0.48190635,0.31435883,0.07308898,-0.9129884,-0.87306726,0.25792143,-1.181481,-0.08817256,-0.51095504,0.50599694,-0.42779285,0.4336243,-0.3292764,-0.10825763,0.44731867,0.9001457,-0.25225598,-0.12718076,0.36083668,-0.7561257,-0.21573766,-0.040283777,0.054414846,0.5914,0.27219677,-0.06734052,0.44989157,0.73282546,-0.0061723534,0.7578903,0.17749815,0.1828929,-0.4717808,0.09259308,0.115168035,-0.4785035,0.18455282,0.5638453,-0.15797234,0.48607787,0.9829759,-0.20942995,-0.0224396,0.3490512,0.32606128,-0.37807816,0.73589635,-0.69022673,0.5985377,0.1980812,-0.3790741,-0.51402587,0.29037294,-0.54739034,0.34847024,0.35975772,-0.6607631,0.86503834,-0.14983872,0.41279227,0.36797434,0.056655742,0.44972557,-0.034723032,-0.22669315,0.7179692,0.54517114,0.06694727,0.54259825,0.044289313,-0.3339242,0.20314397,-0.33658007,-0.24412234,0.68609864,0.00038434356,-0.3094403,-0.0049274107,0.13425715,0.43553323,0.014244703,0.27875346,0.29726163,0.72660077,0.722119,-1.2742707,0.9123462,0.3513751,0.3278872,-0.18104526,-1.4121274,0.21351849,-0.71255267,0.6117341,0.24215215,0.56268334,0.23103067,-0.01878777,-0.857132,-0.43825036,-0.22818708,0.3560229,-0.116142265,-0.7836804,-0.36396882,0.3386767,0.31535476,-0.3553372,0.5154585,-0.15041968,0.34307548,0.31643373,0.6311552,-0.06070083,-0.087176606,-0.36521375,0.2152614,0.64642644,-0.37882513,0.33502486,0.24489103,0.52433914,0.4251587,0.31635073,0.36598244,0.10180565,0.14737055,-0.102281906,-0.1197111,0.9202308,-0.01745983,-0.5506272,-0.34695458,0.20961766,0.90628743,0.0049491324,0.6173778,-0.08759159,-0.47767356,0.8338318,-0.47393873,-0.82600844,0.7387182,0.7700077,-0.9883489,-0.1974785,0.84594923,-0.22038545,-0.15066867,-0.056551024,-0.054144133,-0.9734096,0.89143115,-0.2580657,-0.07140733,-0.032482136,-0.09755113,-0.064850636,-0.8376279,0.5079059,-0.4420682,0.26248622,0.2501198,0.25808743,-0.85157126,-0.5220765,-0.8821138,-0.7162045,-0.43949533,0.5594465,-0.36795262,0.43984902,-0.49252987,0.33386293,-0.18187523,-0.07920898,0.19957513,-0.32006383,0.10429554,-0.38471785,0.115417026,0.5889101,-0.17465456,-0.14701684,0.84968406,0.40723154,0.81341475,0.28232232,-0.8657636,-0.13622734,0.50939983,-0.26097056,-0.2325029,0.4945435,0.3645715,0.09558094,-0.047919422,0.05126099,-0.22943203,0.035159737,-0.68267405,0.15816005,-0.5873945,-0.6562813,0.6072523,-0.14485894,0.3082171,0.09234409,-0.057380985,0.2391643,0.18363987,-0.41252157,-0.54739034,0.28995794,0.4941285,-0.36288986,0.45271343,0.6241005,0.01474268,0.30473128,0.36689538,-0.047421444,-0.08360777,-0.007251303,-0.41716933,-0.57303613,0.29460573,-0.44455808,-0.5719572,-0.15158163,-0.30645245,0.82578117,0.86943716,-0.55203813,-0.09788311,-0.67852426,-0.19581859,0.6624447,0.4773633,0.44532678,0.6806209,-0.43501353,-0.089832485,-0.1068467,-0.120292075,0.9083623,0.9113502,-0.09705315,-0.47310877,0.07989467,0.2907049,-0.050409306,0.46889767,0.5718129,0.6765541,-0.03588498,0.037400633,-0.21399474,-0.0026865145,0.70966953,0.634226,-0.0159659,0.38656548,-0.23042798,-0.2626305,0.56235135,-0.60482365,0.5469971,0.49512446,-1.0212984,0.6151369,-0.6773623,0.15733008,-0.064933635,0.018643498,0.27435467,-0.16112618,-0.7991177,-0.18527807,0.031673897,-0.29126418,0.07981167,-0.094065286,0.54932094,0.5661692,-0.16519299,-0.027170382,0.14313774,0.1656297,-0.24478632,-0.042275682,-0.25997463,-0.079042986,-0.42729488,-0.28877428,0.26265222,0.4121283,0.11126722,-0.4202402,-0.35666513,-0.5935362,0.58642024,0.397272,0.07557887,0.6607848,0.37237313,-0.4638132,0.13674703,0.0070240363,0.90329957,-0.27698883,0.3299621,-0.53178704,0.046779197,0.2864721,0.66642857,-0.071822315,-0.02418252,0.8784837,0.03831359,-0.048749384,-0.19623356,0.49512446,-0.05771297,-0.446135,-0.59586006,-0.56564945,-0.20445019,0.0025422438,-0.022522597,0.021382373,0.40947244,0.10031172,0.23451652,0.9511884,-0.835636,-0.3057055,0.39884892,-0.48564118,-0.23665269,-0.08103489,-0.40463692,-0.084354736,0.49844432,-0.3794891,-0.102281906,0.43794012,-0.28055766,-0.5348579,-0.26412442,0.09400401,-0.21889152,0.4207599,-0.009824185,-0.41484547,-0.070328385,-0.4265479,-0.03605097,0.38648248,0.124878585,-0.3209768,-0.2990658,-0.80625534,0.10246962,0.0040361746,-0.035552993,0.5393614,0.30871508,-0.5732851,-0.44132122,0.547827,1.046966,-0.46912494,0.42607164,0.5173674,-0.73438066,-0.59843296,-0.30819538,-0.33865497,-0.09066244,-0.0021055413,-0.14867677,-0.24569927,-0.7143786,0.3234054,0.6106551,-0.16353308,-0.59345317,0.331788,0.33958966,-0.5454814,-0.13813625,0.05989259,0.24895784,0.23617643,-0.834474,-0.23449479,-0.14444396,0.69896305,0.08089062,-0.403558,0.05823267,-0.39077657,0.61820775,0.25800443,-0.42173412,0.807771,0.60559237,-0.11863215,0.06437439,-0.32720152,-0.29549697,0.2217351,0.7359793,-0.6471517,-0.3338412,-0.5182587,-0.11830017,-0.42090416,-0.37185344,-0.24279441,0.43545023,-0.71803045,-0.4505338,0.37469703,0.14355272,-0.14709984,-0.24254543,0.033084832,0.38233268,-0.074395195,0.32655925,-0.69155467,-0.29408604,0.67838,0.46424988,-0.14178808,0.055991773,0.5636793,-0.29557997,-0.1759825,1.1607537,-0.35151938,0.1786601,-0.52141255,0.56011045,0.44773364,-0.944195,-0.026672404,-0.20768704,-0.5170137,0.4032477,-0.66234,0.75224656,-0.39243647,0.28356725,-0.23192191,0.83217186,-0.12419289,-0.52556235,-0.11099651,-0.02268859,-0.2471102,-0.06252675,-0.12651679,-0.44140422,0.27734253,0.33104104,-0.2606386,0.419183,-0.51029104,-0.76376134,-0.16386506,-0.18436511,0.331788,0.5019301,-0.31143224,-0.1327415,-0.96967477,-0.28927225,-0.7937229,-0.4616553,0.23750438,-0.21191984,-0.6500566,-0.069332436,-0.7805265,-0.30703345,-0.1609602,-0.27010015,0.46258998,-0.44489005,-0.7985367,-0.32728451,0.04868811,-0.09033046,0.21609136,0.58401334,-0.27607587,0.30688918,0.1872917,0.005364113,0.64742243,-0.22246034,-0.62283385,-0.43260664,-0.2840435,-0.29350507,0.6200337,-0.22370529,0.26339918,0.08454245,-0.28611842,0.1463746,-0.23565674,0.027607085,-0.021277655,0.22206709,-0.3451287,0.34772328,-0.2902682,0.41088337,-0.08211384,-0.38521582,-0.17623149,-1.1092744,0.1873747,-0.7033401,0.4574442,0.6191207,-0.032648128,0.056987725,0.0012973014,0.08437646,0.9181559,0.02553218,-0.59776896,-0.06094982,-0.11572728,-0.5819997,-0.48257032,0.12006481,-0.6676518,0.36789134,0.40482464,0.28331825,-0.33674607,-0.3120962,0.5009342,-0.19407566,-0.16635494,0.34158155,0.22422498,-0.3311023,0.5351286,0.034329772,0.015572641,-0.24246243,-0.22096641,0.6579629,0.5419343,0.045119274,0.37868086,0.17077546,0.05773469,0.1486155,0.5611894,-0.24628025,0.35303503,0.0380646,-0.9236949,-0.16602296,0.84354234,-0.04144572,0.12189072,-0.30321562,-0.47078487,0.18239492,0.41378823,-0.30645245,0.10703441,0.22605091,0.41951495,-0.2622985,-0.17556752,-0.21167085,0.4423389,0.35237107,0.091597125,-0.39492637,-0.5378458,-0.33915296,0.51288563,-0.63370633,0.18380585,0.9569981,0.4659928,0.15791106,0.22206709,0.116744965,0.8423804,0.223893,-0.82750237,-1.7591343,0.332203,0.4703916,0.64451754,-0.98718697,0.5181144,-1.0961609,-0.03239914,-0.21997046,-0.55286807,-0.489376,0.51271963,0.916081,-0.067506514,-0.048915375,0.47354546,0.29028994,-0.3965033,-0.856717,0.25352263,-0.021526642,-0.3406469,-0.40745878,-0.30537352,-0.17731044,-0.5027384,-0.4009021,-0.6490606,0.20032209,-0.8661786,-0.92261595,-0.834474,-0.035469998,0.24596998,0.09674288,-0.40779078,0.2066298,0.45379236,-0.36703965,-0.20967895,0.4530454,-0.24030453,0.31859162,-0.857049,0.62493044,-0.12236698,0.23111367,-0.618103,-0.33915296,1.0341015,0.2477959,0.44341785,0.07549587,1.1883914,-0.15149863,-0.08933451,-0.05580406,-1.0684402,0.42615464,-0.27607587,-0.21316478,-0.25964263,-0.1500877,0.84553427,0.67987394,-0.10543576,-0.0035164761,0.7316635,-0.1887639,-0.35716313,0.41503316,-0.39940816,0.68211484,0.5825194,-1.2178333,-0.16237113,-0.3426388,0.3582638,0.23509748,0.07524688,0.6627767,0.030013973,-0.14079213,-0.13108158,-0.986274,-0.3405639,0.015406649,-0.35815907,-0.17233066,-0.32570758,0.74245304,0.47844222,0.38913837,-0.34911248,-0.5190886,-0.18627402,0.16737261,0.25343964,-0.3360821,0.12371664,-0.019534735,0.37270513,-0.57834786,0.04951807,-0.05597005,1.1230735,0.027192105,0.2932778,0.7019509,-0.82310355,0.41959795,0.09234409,-0.9341524,0.03225487,0.2520287,-0.021443646,0.17459328,-0.4769266,0.01366373,0.22729585,-0.7965448,
0,0,1,0,0,0,0,1,0,0,0,0,0,0,0,0,0,0,0,0,0,0,0,0,0,0,0,0,0,0,0,0,0,0,0,0,0,0,0,0,0,0,0,0,0,0,0,0,0,0,0,0,0,0,0,0,0,0,0,0,0,0,0,0,0,0,0,0,0,0,0,0,0,0,0,0,0,0,0,0,0,0,0,0,0,0,0,0,0,0,0,0,0,0,0,0,0,0,0,0,0,0,0,0,0,0,0,0,0,0,0,0,0,0,0,0,0,0,0,0,0,0,0,0,0,0,0,0,0,0,0,0,0,0,0,0,0,0,0,0,0,0,0,0,0,0,0,0,0,0,0,0,0,0,0,0,0,0,0,0,0,0,0,0,0,0,0,0,0,0,0,0,0,0,0,0,0,0,0,0,0,0,0,0,0,0,0,0,0,0,0,0,0,0,0,0,0,0,0,0,0,0,0,0,0,0,0,0,0,0,0,0,0,0,0,0,0,0,0,0,0,0,0,0,0,0,0,0,0,0,0,0,0,0,0,0,0,0,0,0,0,0,0,0,0,0,0,0,0,0,0,0,0,0,0,0,0,0,0,0,0,0,0,0,0,0,0,0,0,0,0,0,0,0,0,0,0,0,0,0,0,0,0,0,0,0,0,0,0,0,0,0,0,0,0,0,0,0,0,0,0,0,0,0,0,0,0,0,0,0,0,0,0,0,0,0,0,0,0,0,0,0,0,0,0,0,0,0,0,0,0,0,0,0,0,0,0,0,0,0,0,0,0,0,0,0,0,0,0,0,0,0,0,0,0,0,0,0,0,0,0,0,0,0,0,0,0,0,0,0,0,0,0,0,0,0,0,0,0,0,0,0,0,0,0,0,0,0,0,0,0,0,0,0,0,0,0,0,0,0,0,0,0,0,0,0,0,0,0,0,0,0,0,0,0,0,0,0,0,0,0,0,0,0,0,0,0,0,0,0,0,0,0,0,0,0,0,0,0,0,0,0,0,0,0,0,0,0,0,0,0,0,0,0,0,0,0,0,0,0,0,0,0,0,0,0,0,0,0,0,0,0,0,0,0,0,0,0,0,0,0,0,0,0,0,0,0,0,0,0,0,0,0,0,0,0,0,0,0,0,0,0,0,0,0,0,0,0,0,0,0,0,0,0,0,0,0,0,0,0,0,0,0,0,0,0,0,0,0,0,0,0,0,0,0,0,0,0,0,0,0,0,0,0,0,0,0,0,0,0,0,0,0,0,0,0,0,0,0,0,0,0,0,0,0,0,0,0,0,0,0,0,0,0,0,0,0,0,0,0,0,0,0,0,0,0,0,0,0,0,0,0,0,0,0,0,0,0,0,0,0,0,0,0,0,0,0,0,0,0,0,0,0,0,0,0,0,0,0,0,0,0,0,0,0,0,0,0,0,0,0,0,0,0,0,0,0,0,0,0,0,0,0,0,0,0,0,0,0,0,0,0,0,0,0,0,0,0,0,0,0,0,0,0,0,0,0,0,0,0,0,0,0,0,0,0,0,0,0,0,0,0,0,0,0,0,0,0,0,0,0,0,0,0,0,0,0,0,0,0,0,0,0,0,0,0,0,0,0,0,0,0,0,0,0,0,0,0,0,0,0,0,0,0,0,0,0,0,0,0,0,0,0,0,0,0,0,0,0,0,0,0,0,0,0,0,0,0,0,0,0,0,0,0,0,0,0,0,0,0,0,0,0,0,0,0,0,0,0,0,0,0,0,0,0,0,0,0,0,0,0,0,0,0,0,0,0,0,0,0,0,0,0,0,0,0,0,0,0,0,0,0,0,0,0,0,0,0,0,0,0,0,0,0,0,0,0,0,0,0,0,0,0,0,0,0,0,0,0,0,0,0,0,0,0,0,0,0,0,0,0,0,0,0,0,0,0,0,0,0,0,0,0,0,0,0,0,0,0,0,0,0,0,0,0,0,0,0,0,0,0,0,0,0,0,0,0,0,0,0,0,0,0,0,0,0,0,0,0,0,0,0,0,0,0,0,0,0,0,0,0,0,0,0,0,0,0,0,0,0,0,0,0,0,0,0,0,0,0,0,0,0,0,0,0,0,0,0,0,0,0,0,0,0,0,0,0,0,0,0,0,0,0,0,0,0,0,0,0,0,0,0,0,0,0,0,0,0,0,0,0,0,0,0,0,0,0,0,0,0,0,0,0,0,0,0,0,0,0,0,0,0,0,0,0,0,0,0,0,0,0,0,0,0,0,0,0,0,0,0,0,0,0,0,0,0,0,0,0,0,0,0,0,0,0,0,0,0,0,0,0,0,0,0,0,0,0,0,0,0,0,0,0,0,0,0,0,0,0,0,0,0,0,0,0,0,0,0,0,0,0,0,0,0,0,0,0,0,0,0,0,0,0,0,0,0,0,0,0,0,0,0,0,0,0,0,0,0,0,0,0,0,0,0,0,0,0,0,0,0,0,0,0,0,0,0,0,0,0,0,0,0,0,0,0,0,0,0,0,0,0,0,0,0,0,0,0,0,0,0,0,0,0,0,0,0,0,0,0,0,0,0,0,0,0,0,0,0,0,0,0,0,0,0,0,0,0,0,0,0,0,0,0,0,0,0,0,0,0,0,0,0,0,0,0,0,0,0,0,0,0,0,0,0,0,0,0,0,0,0,0,0,0,0,0,0,0,0,0,0,0,0,0,0,0,0,0,0,0,0,0,0,0,0,0,0,0,0,0,0,0,0,0,0,0,0,0,0,0,0,0,0,0,0,0,0,0,0,0,0,0,0,0,0,0,0,0,0,0,0,0,0,0,0,0,0,0,0,0,0,0,0,0,0,0,0,0,0,0,0,0,0,0,0,0,0,0,0,0,0,0,0,0,0,0,0,0,0,0,0,0,0,0,0,0,0,0,0,0,0,0,0,0,0,0,0,0,0,0,0,0,0,0,0,0,0,0,0,0,0,0,0,0,0,0,0,0,0,0,0,0,0,0,0,0,0,0,0,0,0,0,0,0,0,0,0,0,0,0,0,0,0,0,0,0,0,0,0,0,0,0,0,0,0,0,0,0,0,0,0,0,0,0,0,0,0,0,0,0,0,0,0,0,0,0,0,0,0,0,0,0,0,0,0,0,0,0,0,0,0,0,0,0,0,0,0,0,0,0,0,0,0,0,0,0,0,0,0,0,0,0,0,0,0,0,0,0,0,0,0,0,0,0,0,0,0,0,0,0,0,0,0,0,0,0,0,0,0,0,0,0,0,0,0,0,0,0,0,0,0,0,0,0,0,0,0,0,0,0,0,0,0,0,0,0,0,0,0,0,0,0,0,0,0,0,0,0,0,0,0,0,0,0,0,0,0,0,0,0,0,0,0,0,0,0,0,0,0,0,0,0,0,0,0,0,0,0,0,0,0,0,0,0,0,0,0,0,0,0,0,0,0,0,0,0,0,0,0,0,0,0,0,0,0,0,0,0,0,0,0,0,0,0,0,0,0,0,0,0,0,0,0,0,0,0,0,0,0,0,0,0,0,0,0,0,0,0,0,0,0,0,0,0,0,0,0,0,0,0,0,0,0,0,0,0,0,0,0,0,0,0,0,0,0,0,0,0,0,0,0,0,0,0,0,0,0,0,0,0,0,0,0,0,0,0,0,0,0,0,0,0,0,0,0,0,0,0,0,0,0,0,0,0,0,0,0,0,0,0,0,0,0,0,0,0,0,0,0,0,0,0,0,0,0,0,0,0,0,0,0,0,0,0,0,0,0,0,0,0,0,0,0,0,0,0,0,0,0,0,0,0,0,0,0,0,0,0,0,0,0,0,0,0,0,0,0,0,0,0,0,0,0,0,0,0,0,0,0,0,0,0,0,0,0,0,0,0,0,0,0,0,0,0,0,0,0,0,0,0,0,0,0,0,0,0,0,0,0,0,0,0,0,0,0,0,0,0,0,0,0,0,0,0,0,0,0,0,0,0,0,0,0,0,0,0,0,0,0,0,0,0,0,0,0,0,0,0,0,0,0,0,0,0,0,0,0,0,0,0,0,0,0,0,0,0,0,0,0,0,0,0,0,0,0,0,0,0,0,0,0,0,0,0,0,0,0,0,0,0,0,0,0,0,0,0,0,0,0,0,0,0,0,0,0,0,0,0,0,0,0,0,0,0,0,0,0,0,0,0,0,0,0,0,0,0,0,0,0,0,0,0,0,0,0,0,0,0,0,0,0,0,0,0,0,0,0,0,0,0,0,0,0,0,0,0,0,0,0,0,0,0,0,0,0,0,0,0,0,0,0,0,0,0,0,0,0,0,0,0,0,0,0,0,0,0,0,0,0,0,0,0,0,0,0,0,0,0,0,0,0,0,0,0,0,0,0,0,0,0,0,0,0,0,0,0,0,0,0,0,0,0,0,0,0,0,0,0,0,0,0,0,0,0,0,0,0,0,0,0,0,0,0,0,0,0,0,0,0,0,0,0,0,0,0,0,0,0,0,0,0,0,0,0,0,0,0,0,0,0,0,0,0,0,0,0,0,0,0,0,0,0,0,0,0,0,0,0,0,0,0,0,0,0,0,0,0,0,0,0,0,0,0,0,0,0,0,0,0,0,0,0,0,0,0,0,0,0,0,0,0,0,0,0,0,0,0,0,0,0,0,0,0,0,0,0,0,0,0,0,0,0,0,0,0,0,0,0,0,0,0,0,0,0,0,0,0,0,0,0,0,0,0,0,0,0,0,0,0,0,0,0,0,0,0,0,0,0,0,0,0,0,0,0,0,0,0,0,0,0,0,0,0,0,0,0,0,0,0,0,0,0,0,0,0,0,0,0,0,0,0,0,0,0,0,0,0,0,0,0,0,0,0,0,0,0,0,0,0,0,0,0,0,0,0,0,0,0,0,0,0,0,0,0,0,0,0,0,0,0,0,0,0,0,0,0,0,0,0,0,0,0,0,0,0,0,0,0,0,0,0,0,0,0,0,0,0,0,0,0,0,0,0,0,0,0,0,0,0,0,0,0,0,0,0,0,0,0,0,0,0,0,0,0,0,0,0,0,0,0,0,0,0,0,0,0,0,0,0,0,0,0,0,0,0,0,0,0,0,0,0,0,0,0,0,0,0,0,0,0,0,0,0,0,0,0,0,0,0,0,0,0,0,0,0,0,0,0,0,0,0,0,0,0,0,0,0,0,0,0,0,0,0,0,0,0,0,0,0,0,0,0,0,0,0,0,0,0,0,0,0,0,0,0,0,0,0,0,0,0,0,0,0,0,0,0,0,0,0,0,0,0,0,0,0,0,0,0,0,0,0,0,0,0,0,0,0,0,0,0,0,0,0,0,0,0,0,0,0,0,0,0,0,0,0,0,0,0,0,0,0,0,0,0,0,0,0,0,0,0,0,0,0,0,0,0,0,0,0,0,0,0,0,0,0,0,0,0,0,0,0,0,0,0,0,0,0,0,0,0,0,0,0,0,0,0,0,0,0,0,0,0,0,0,0,0,0,0,0,0,0,0,0,0,0,0,0,0,0,0,0,0,0,0,0,0,0,0,0,0,0,0,0,0,0,0,0,0,0,0,0,0,0,0,0,0,0,0,0,0,0,0,0,0,0,0,0,0,0,0,0,0,0,0,0,0,0,0,0,0,0,0,0,0,0,0,0,0,0,0,0,0,0,0,0,0,0,0,0,0,0,0,0,0,0,0,0,0,0,0,0,0,0,0,0,0,0,0,0,0,0,0,0,0,0,0,0,0,0,0,0,0,0,0,0,0,0,0,0,0,0,0,0,0,0,0,0,0,0,0,0,0,0,0,0,0,0,0,0,0,0,0,0,0,0,0,0,0,0,0,0,0,0,0,0,0,0,0,0,0,0,0,0,0,0,0,0,0,0,0,0,0,0,0,0,0,0,0,0,0,0,0,0,0,0,0,0,0,0,0,0,0,0,0,0,0,0,0,0,0,0,0,0,0,0,0,0,0,0,0,0,0,0,0,0,0,0,0,0,0,0,0,0,0,0,0,0,0,0,0,0,0,0,0,0,0,0,0,0,0,0,0,0,0,0,0,0,0,0,0,0,0,0,0,0,0,0,0,0,0,0,0,0,0,0,0,0,0,0,0,0,0,0,0,0,0,0,0,0,0,0,0,0,0,0,0,0,0,0,0,0,0,0,0,0,0,0,0,0,0,0,0,0,0,0,0,0,0,0,0,0,0,0,0,0,0,0,0,0,0,0,0,0,0,0,0,0,0,0,0,0,0,0,0,0,0,0,0,0,0,0,0,0,0,0,0,0,0,0,0,0,0,0,0,0,0,0,0,0,0,0,0,0,0,0,0,0,0,0,0,0,0,0,0,0,0,0,0,0,0,0,0,0,0,0,0,0,0,0,0,0,0,0,0,0,0,0,0,0,0,0,0,0,0,0,0,0,0,0,0,0,0,0,0,0,0,0,0,0,0,0,0,0,0,0,0,0,0,0,0,0,0,0,0,0,0,0,0,0,0,0,0,0,0,0,0,0,0,0,0,0,0,0,0,0,0,0,0,0,0,0,0,0,0,0,0,0,0,0,0,0,0,0,0,0,0,0,0,0,0,0,0,0,0,0,0,0,0,0,0,0,0,0,0,0,0,0,0,0,0,0,0,0,0,0,0,0,0,0,0,0,0,0,0,0,0,0,0,0,0,0,0,0,0,0,0,0,0,0,0,0,0,0,0,0,0,0,0,0,0,0,0,0,0,0,0,0,0,0,0,0,0,0,0,0,0,0,0,0,0,0,0,0,0,0,0,0,0,0,0,0,0,0,0,0,0,0,0,0,0,0,0,0,0,0,0,0,0,0,0,0,0,0,0,0,0,0,0,0,0,0,0,0,0,0,0,0,0,0,0,0,0,0,0,0,0,0,0,0,0,0,0,0,0,0,0,0,0,0,0,0,0,0,0,0,0,0,0,0,0,0,0,0,0,0,0,0,0,0,0,0,0,0,0,0,0,0,0,0,0,0,0,0,0,0,0,0,0,0,0,0,0,0,0,0,0,0,0,0,0,0,0,0,0,0,0,0,0,0,0,0,0,0,0,0,0,0,0,0,0,0,0,0,0,0,0,0,0,0,0,0,0,0,0,0,0,0,0,0,0,0,0,0,0,0,0,0,0,0,0,0,0,0,0,0,0,0,0,0,0,0,0,0,0,0,0,0,0,0,0,0,0,0,0,0,0,0,0,0,0,0,0,0,0,0,0,0,0,0,0,0,0,0,0,0,0,0,0,0,0,0,0,0,0,0,0,0,0,0,0,0,0,0,0,0,0,0,0,0,0,0,0,0,0,0,0,0,0,0,0,0,0,0,0,0,0,0,0,0,0,0,0,0,0,0,0,0,0,0,0,0,0,0,0,0,0,0,0,0,0,0,0,0,0,0,0,0,0,0,0,0,0,0,0,0,0,0,0,0,0,0,0,0,0,0,0,0,0,0,0,0,0,0,0,0,0,0,0,0,0,0,0,0,0,0,0,0,0,0,0,0,0,0,0,0,0,0,0,0,0,0,0,0,0,0,0,0,0,0,0,0,0,0,0,0,0,0,0,0,0,0,0,0,0,0,0,0,0,0,0,0,0,0,0,0,0,0,0,0,0,0,0,0,0,0,0,0,0,0,0,0,0,0,0,0,0,0,0,0,0,0,0,0,0,0,0,0,0,0,0,0,0,0,0,0,0,0,0,0,0,0,0,0,0,0,0,0,0,0,0,0,0,0,0,0,0,0,0,0,0,0,0,0,0,0,0,0,0,0,0,0,0,0,0,0,0,0,0,0,0,0,0,0,0,0,0,0,0,0,0,0,0,0,0,0,0,0,0,0,0,0,0,0,0,0,0,0,0,0,0,0,0,0,0,0,0,0,0,0,0,0,0,0,0,0,0,0,0,0,0,0,0,0,0,0,0,0,0,0,0,0,0,0,0,0,0,0,0,0,0,0,0,0,0,0,0,0,0,0,0,0,0,0,0,0,0,0,0,0,0,0,0,0,0,0,0,0,0,0,0,0,0,0,0,0,0,0,0,0,0,0,0,0,0,0,0,0,0,0,0,0,0,0,0,0,0,0,0,0,0,0,0,0,0,0,0,0,0,0,0,0,0,0,0,0,0,0,0,0,0,0,0,0,0,0,0,0,0,0,0,0,0,0,0,0,0,0,0,0,0,0,0,0,0,0,0,0,0,0,0,0,0,0,0,0,0,0,0,0,0,0,0,0,0,0,0,0,0,0,0,0,0,0,0,0,0,0,0,0,0,0,0,0,0,0,0,0,0,0,0,0,0,0,0,0,0,0,0,0,0,0,0,0,0,0,0,0,0,0,0,0,0,0,0,0,0,0,0,0,0,0,0,0,0,0,0,0,0,0,0,0,0,0,0,0,0,0,0,0,0,0,0,0,0,0,0,0,0,0,0,0,0,0,0,0,0,0,0,0,0,0,0,0,0,0,0,0,0,0,0,0,0,0,0,0,0,0,0,0,0,0,0,0,0,0,0,0,0,0,0,0,0,0,0,0,0,0,0,0,0,0,0,0,0,0,0,0,0,0,0,0,0,0,0,0,0,0,0,0,0,0,0,0,0,0,0,0,0,0,0,0,0,0,0,0,0,0,0,0,0,0,0,0,0,0,0,0,0,0,0,0,0,0,0,0,0,0,0,0,0,0,0,0,0,0,0,0,0,0,0,0,0,0,0.6890674,0.83573407,-0.7220176,-0.84682804,0.47604778,0.38778636,-0.9917692,-0.49388686,1.0834204,-1.3623313,0.78391707,0.16640073,-0.61430514,0.60206085,-0.55757314,0.23050532,0.16692361,-0.25268424,-0.418279,-0.5229065,0.4810674,-0.44384763,0.38574713,-0.76400447,-0.718096,-0.2385143,-0.60264504,-0.14188685,-0.52165157,-0.62361234,-0.044370506,0.20749877,-0.40112868,0.28943342,1.0363616,-0.42826593,0.69027,0.7520217,0.0036294935,-0.06591299,-0.17268424,0.028047794,0.11526348,-0.30491954,-0.6404489,0.357721,-0.9812594,-0.838462,0.037720997,-0.2616254,-0.4237692,0.38182557,-0.15020058,-0.7854947,-0.9044489,-0.75025284,0.569538,-0.16881496,0.90276676,0.004152369,-0.63872343,-0.5585143,-0.69373,0.29100204,0.22642688,0.013041258,0.0882308,0.2768844,-0.55035746,0.19662295,-0.3551156,-0.5727365,0.50789094,-0.26152083,-0.9834555,0.19630924,-0.54267114,0.15505433,0.8458779,0.14370793,-0.43156004,-0.23020057,0.5721001,0.123995505,0.10166871,-0.59861887,-1.0356385,0.4692504,0.04718505,-0.15318096,0.3607537,-0.22920711,0.7830282,0.071132764,0.075368054,-0.3079522,0.09298897,0.036518384,-0.49268425,0.24587786,-0.20494567,0.75536805,0.05298897,-0.75825286,0.44085824,-0.81305027,0.08174714,0.65487134,0.46940726,0.37957722,-0.84541625,-0.22371691,0.25680596,-0.08531168,-0.30575612,0.6493288,0.25210008,-0.10816135,0.45523733,-0.36091954,-1.2679522,-0.020684233,-0.41299796,0.2251197,-0.097076386,-0.8095993,0.35928962,-0.06591299,0.21743341,0.18376021,-0.71318096,0.9807798,-0.35072345,0.22731577,-0.13545547,-0.15548162,0.6535118,0.61670136,0.13685825,-0.801547,-0.5181483,0.0814857,0.61596936,-0.074854165,-0.5669849,0.08342034,-0.063560046,-0.011899918,-0.020631945,-0.19971691,0.1198125,-0.103246324,0.08462296,0.3269759,-0.042435866,-0.590096,-0.06831822,-0.2848934,0.69649225,0.19395629,-0.20771691,-0.090017565,0.12216544,-0.16855352,0.2402308,0.25361642,-0.28672343,0.125721,0.26250532,-0.1458607,-0.22810906,-0.11736397,0.28305432,-0.55799145,0.0768844,0.2730674,-0.71736395,0.33476675,0.4713419,0.6725968,-0.20620057,0.59202164,0.25351185,-0.9328411,0.59704125,-0.89691955,-0.48808292,-0.11793914,0.3454334,0.20828308,-0.33540317,0.104649104,0.09445302,0.44425693,0.7176687,0.12713276,0.18857066,-0.17749469,-0.34094566,0.058688316,0.2406491,0.61168176,0.2890674,-0.3521352,0.3812504,0.26480597,0.26794323,-0.16363849,0.037198123,0.15165564,0.59327656,-0.55929863,0.37560335,-0.74486727,-0.38350776,-0.37205678,0.06036152,-0.2423313,-0.5744097,-0.03903717,-0.25665808,-0.29299796,-0.07715482,0.17021772,0.5092504,0.50370795,0.43709356,0.34600857,-0.20965156,-0.046305146,0.044047795,-0.030095996,0.68817854,0.05973407,-0.30894566,0.5927014,0.22485825,1.204989,0.095289625,-0.27715483,-0.37012213,0.17304125,-0.0049979575,0.28896284,-0.45942932,0.040335376,-0.36797836,-0.07610907,0.103028186,0.6560739,-0.28918096,-0.037259396,0.1749759,0.25738114,-0.116109066,0.05691054,-0.1117692,-0.8090241,0.061877858,0.19866218,0.50689745,0.17440073,0.13685825,0.10260989,-0.21623978,-0.30397835,-0.42701104,0.29136807,0.05131577,-0.17822671,0.028309232,-0.02073652,-0.4738084,-0.22967769,-0.2752202,-0.15359926,0.2477602,-0.27150777,0.15630923,-0.5534947,-0.21550776,0.05989093,0.058060866,0.08650531,0.12708047,0.5845968,-0.23406985,-0.24426593,-0.0019652778,0.4596295,0.133721,0.21811315,-0.14356005,0.41000858,-0.9404228,-0.081337824,-0.654828,-0.06664502,0.1438125,0.26684517,0.17905433,-0.4649718,-0.4801875,0.32812622,-0.20217443,0.2839432,-0.11046201,0.19934191,0.5656164,0.2002831,-0.23840973,0.31955105,0.23202164,-0.28306332,-0.18748161,-0.7201352,-0.5174686,-0.4503313,0.19719812,0.8519432,0.48932883,0.15385172,0.11034845,0.052936684,-0.17503718,0.18041381,0.51651835,-0.7076908,-0.005050245,-0.3004751,-0.19380842,-0.053939134,-0.14539011,-0.4582267,0.18606086,-0.5703313,0.1922308,-0.5502006,-0.10434436,-0.22120711,-0.24248816,-0.5917169,-0.15312868,-0.37634435,0.22945955,0.2503746,0.018322304,-0.5185143,-0.34298488,-0.5967888,-0.4343313,0.8398125,0.62830925,-0.10235743,0.2983746,0.10428309,-0.06031822,0.36796936,0.034636028,-0.60206985,0.38328964,-0.20071037,0.33905432,0.10621773,0.8165968,0.015655637,-0.0032724673,0.18940727,-0.32719404,0.24336806,-0.012318219,0.44671446,-0.14005677,0.014191585,-0.24593914,-0.35872346,-0.3998215,0.29779944,0.043838643,-0.338645,0.45968178,-0.43208292,-0.13090645,0.18365563,0.24629617,-0.47072345,-0.3167888,0.23557721,-0.3799522,-0.10131168,0.09027001,-0.38073653,0.22114584,0.31798244,0.32755107,-0.35950777,0.4165968,-0.17890646,0.042949755,0.13053146,0.23913276,-0.03307639,0.29304126,0.02857067,-0.10167769,0.46815237,0.1694857,-0.30805677,0.69732887,-0.64787376,-0.10565155,0.3051197,-0.35156006,0.06292361,-0.5134424,-0.0641875,-0.25127247,0.28059682,-0.61430514,-0.10366462,-0.2847365,-0.049180966,0.36530268,-0.067481615,0.16305433,-0.35030514,0.055917077,-0.18837051,0.19787785,0.27594322,0.34297588,0.16561642,0.53016543,-0.28212214,0.056596816,0.25884518,-0.1909326,-0.86308944,0.11385172,0.4376164,-0.4173901,0.6711851,-0.30873653,0.3551589,-0.21864502,0.40634844,0.2912112,0.39876676,-0.011847631,0.058688316,0.17220466,-0.31485417,0.27379942,-0.39835742,-0.19072345,0.2979563,0.73398244,-0.35610908,-0.088344365,-0.3117169,-0.16342933,0.18627001,-0.046357434,-0.34873652,0.41100204,0.39636153,-0.015612337,0.20305432,-0.06392606,-0.06413521,0.45309356,0.20310661,0.18161643,-0.20008293,0.022034721,-0.12954697,0.2789759,0.075629495,-0.5867496,-0.3601875,0.27421772,-0.38152084,0.25732884,-0.105808415,-0.13765155,0.29868832,0.009485703,-0.01942933,0.06867524,-0.27647507,0.27709356,-0.24834436,0.19960335,0.59317195,0.07249224,-0.23438358,0.015917076,0.16692361,0.005041258,0.21089746,-0.017965278,0.35604778,-0.59773,-0.05231822,-0.31082803,-0.1677692,-0.24301103,0.07092361,-0.12693259,0.030400734,0.38166872,0.0983223,0.046871323,-0.5068019,0.01670139,-0.017128676,-0.17488031,0.46966872,-0.26073653,0.008335376,-0.7230633,-0.0692594,0.68718505,-0.20301104,-0.6118999,-0.49137706,0.03526348,-0.0334424,-0.22141626,-0.14925939,-0.0060437093,-0.27861887,-0.10622671,-0.31506333,0.3357602,0.25785172,0.114688314,-0.0060437093,-0.2800829,-0.09759927,-0.43480188,-0.39448816,0.06579943,0.12326348,-0.16107638,0.47034845,-0.01770384,-0.06345548,-0.17054044,0.17738113,-0.47077572,0.13638766,0.3016687,0.026897468,0.0013288399,0.17293668,0.10762949,-0.0067234477,-0.054096,0.37779942,0.27876675,-0.37216136,0.31113276,0.4183746,0.37827003,-0.066488154,0.04885825,0.1968321,0.06229616,-0.3758215,-0.20463194,0.5920739,-0.040292077,0.1632112,0.2759955,0.102714464,-0.15349469,-0.04792606,0.42951185,-0.43898487,-0.10763848,0.0068713236,0.23149878,-0.3487888,0.16352493,0.31400856,0.42977327,-0.33038357,-0.28410906,-0.18742932,-0.11433129,-0.09142933,-0.10633129,0.11583865,-0.16301103,-0.2785666,-0.38952082,0.32640073,0.021773284,0.54606086,0.189721,-0.498279,-0.5312202,-0.18099795,-0.22465809,-0.31365156,-0.48023978,0.23123734,0.365721,-0.32745546,-0.5884751,0.5589236,-0.19035743,-0.025756128,-0.16876267,-0.1546973,-0.27746853,0.23740727,0.011786357,0.8397079,0.20415238,-0.59746855,0.16300204,-0.11746854,-0.20907639,-0.2886058,-0.36222672,0.2999432,0.27113277,0.05779943,-0.043795343,-0.049808417,-0.23255351,-0.19589992,0.6358386,0.11113276,0.14951184,-0.12766463,0.40326348,0.0022700164,0.36796936,0.18830924,0.51458377,0.10611315,0.048178513,-0.63156,0.19667524,-0.14246202,0.041381128,0.08383864,0.043524917,-0.0709326,-0.23741625,-0.32933784,0.3623223,0.09544649,-0.34654045,-0.16039665,0.11709355,0.03029616,-0.107743055,0.4718648,0.11860988,0.22051838,-0.0067757354,0.374087,-0.014043709,-0.4986973,-0.034906454,0.4032112,-0.32039666,0.4553942,-0.028788807,0.1888321,0.05863603,-0.5674555,0.17021772,-0.10638358,0.29314584,0.2128844,-0.31657967,-0.19563848,0.4066099,-0.08787377,0.42778635,0.504806,0.5030282,-0.059324756,0.08796936,-0.36792606,0.20660989,-0.041180965,-0.13770384,-0.09817443,-0.102096,0.48347265,-0.32259274,-0.04949469,0.09811316,0.28347263,-0.38361233,-0.24243587,0.070191585,-0.12640972,0.3430282,0.6123092,0.11714584,-0.060265932,0.24331577,0.10198244,-0.04646201,0.14830923,0.055446487,-0.031403188,0.21131577,0.16200858,-0.086148284,0.49393016,0.011786357,-0.17712867,-0.008605801,-0.37519404,-0.10392606,0.30402166,-0.42361233,0.06412622,-0.30575612,0.004204657,-0.4978607,-0.30518097,-0.06240972,0.047498774,-0.07333782,-0.008082924,0.21309355,0.5738779,-0.031037172,0.72044,-0.38057965,0.026217729,-0.079403184,0.21194322,-0.23992606,0.30004779,-0.12912868,0.28415236,0.19923733,0.4015903,-0.26988685,0.39829615,-0.60897183,-0.22654045,-0.33315483,0.39630923,-0.28499797,-0.1513509,-0.58512866,0.06569485,0.329904,0.09900204,0.17215237,0.44545954,0.076309234,0.011734068,0.0045183823,0.027106619,0.5210151,-0.045677695,0.10574714,-0.056239787,0.10637459,0.116884395,0.18229616,0.508257,0.29973406,0.48451838,-0.012370506,0.28854454,-0.26596528,-0.20923325,-0.08280188,-0.10716789,-0.21456659,-0.32457966,0.049276553,0.04692361,0.08770792,-0.09681495,0.5088844,0.13194323,-0.28745547,0.46145955,-0.1471156,-0.23872344,-0.3365012,0.20765564,-0.2752202,0.12200858,0.09393015,-0.08782148,0.17440073,0.016858252,0.008126225,0.032178514,-0.417547,-0.5711156,0.23134191,0.17528963,0.25889745,0.40007395,0.24802165,0.00802165,-0.23443587,-0.4115339,-0.5034032,-0.19124633,-0.005834559,-0.054775734,0.33136806,-0.09163848,0.14470139,-0.008814951,-0.29906332,-0.016239788,0.24619159,0.301721,-0.13122018,0.028204657,0.032962825,-0.14528553,-0.2788803,-0.28583455,0.098792896,0.037041258,0.35040075,-0.25372997,-0.22737704,-0.036161356,0.114060864,0.122374594,-0.21189992,0.15683211,0.018531455,-0.028109068,0.082426876,0.4718125,0.2487014,-0.26915482,0.012204657,0.073381126,-0.09822672,0.3227406,0.025276553,-0.05289338,0.14240074,-0.2157692,-0.43197834,0.012779821,-0.02481495,-0.29289338,-0.039926063,-0.37205678,0.15902819,0.01602165,-0.3530241,-0.06727247,-0.14366463,0.1926491,0.21659681,-0.20442279,0.577172,0.26067525,-0.2527888,0.13926348,-0.17514175,-0.45116788,-0.2642398,0.47866216,0.0012242647,-0.29268423,0.4322308,-0.22131169,-0.16097182,-0.3230633,-0.19082803,-0.1985143,-0.022984887,0.13732883,-0.12959926,-0.21189992,-0.2389326,-0.19401756,-0.24855351,-0.5856516,0.010531454,0.045773283,0.3013027,0.10867524,-0.17001757,0.09806087,0.11343341,0.5648321,-0.071298614,0.2368844,-0.048501227,0.1833942,-0.025233252,-0.40839666,-0.15234436,-0.38089338,-0.16489339,-0.37812215,-0.20180841,0.004832108,0.031760212,0.07489747,-0.64672345,0.35034844,0.008596813,-0.13942933,0.2116295,0.6244922,-0.10633129,-0.3050241,-0.214096,-0.14789993,0.17973407,0.21889746,-0.31239665,-0.027167892,-0.020579657,-0.21247508,0.031289626,-0.18789992,-0.22486724,0.009171977,0.1033942,0.08577328,-0.30742934,0.22193015,0.39437458,-0.5994032,0.12247916,-0.19443586,-0.34952083,0.10328963,0.16242687,0.013564134,-0.121860705,0.5586622,-0.23459274,-0.32735088,0.00064910133,-0.26779535,-0.052527368,-0.09979534,-0.4523705,-0.04520711,-0.2233509,-0.22293259,0.17440073,-0.2619914,0.33764255,0.15677983,-0.16672345,0.08666217,0.032544527,-0.047612336,0.1985576,-0.024762664,0.10904126,0.57555103,0.03761642,0.013825572,0.10151184,0.37513277,0.20420466,-0.35788685,-0.2806581,-0.19720711,-0.24264501,0.06459682,0.19285825,-0.076788805,0.7509759,0.12577328,0.24263602,0.06104126,-0.29880187,-0.1892594,-0.15574306,0.121904,-0.050854165,0.08321119,0.009276552,-0.018697305,-0.011690768,-0.19971691,0.13021773,-0.09404371,-0.20536397,-0.020684233,-0.37571692,0.46015236,0.41398242,-0.13838358,0.13701512,-0.11035743,-0.15888031,-0.036579657,0.193538,-0.19035743,-0.10884109,0.24441381,-0.18518096,0.22585171,-0.069363974,0.12755106,0.09121119,-0.0004489379,-0.21744241,-0.033390116,0.20859681,0.06857067,-1.0863575,-0.882645,0.78355104,-0.43673652,0.5814596,0.6898517,-0.33676267,-0.15793914,-0.574828,1.2770413,-0.3774947,-0.5336254,-0.42575613,-1.115011,1.061721,1.0045184,0.6360478,0.76681906,-1.2801875,0.6386099,-0.24991299,-0.3677692,-0.7009457,-0.11229207,-0.7744097,0.21999551,-0.1786973,-0.30993915,-0.2806058,-0.5722659,0.10360335,0.2621916,-0.12306332,-0.35772997,-0.41519403,-0.0053639705,0.13853146,-0.013886847,-1.1395862,-0.015821487,-0.4360045,0.4519955,-0.26235744,-0.10852737,0.089224264,0.083106615,0.2364138,0.32378635,1.067002,-0.5595078,0.2672112,-0.22763848,-0.19563848,-0.786279,-0.82429206,-0.06157312,0.0057209968,0.24352492,-0.19506332,0.6435772,-0.4288934,0.19568178,-0.12301103,0.61858374,-0.40264502,-0.19799142,-0.030984886,-0.39438358,0.19594322,-0.4485535,0.47060987,0.37936807,-0.8987496,-0.7023574,0.037511848,0.2141393,0.15359028,-0.61043584,-0.22356005,-0.014409722,0.050060865,-1.1067495,0.41675368,0.51793015,-0.64295876,0.1653027,-0.003952206,0.22187786,0.7745576,-1.0189587,0.19202165,-0.6410241,-0.13310254,-1.1175208,0.08258374,0.67040074,0.18569486,-1.330279,0.5247275,-1.3572594,0.35050532,0.29183865,-0.24363849,0.5475772,-0.18434437,0.47338113,1.0174334,0.33816543,0.052309234,-0.82042277,-0.802279,0.23343341,-0.46695873,-0.8873509,-0.4853117,-0.27647507,0.13832231,0.7043354,-0.40719405,-0.18899795,0.02036152,-0.5635862,-0.5040829,0.850636,0.31578636,0.86993015,-0.7007888,-0.5005274,
0,0,0,1,1,0,1,0,0,0,1,0,0,0,0,0,0,0,0,0,0,0,0,0,0,0,0,0,0,0,0,0,0,0,0,0,0,0,0,0,0,0,0,0,0,0,0,0,0,0,0,0,0,0,0,0,0,0,0,0,0,0,0,0,0,0,0,0,0,0,0,0,0,0,0,0,0,0,0,0,0,0,0,0,0,0,0,0,0,0,0,0,0,0,0,0,0,0,0,0,0,0,0,0,0,0,0,0,0,0,0,0,0,0,0,0,0,0,0,0,0,0,0,0,0,0,0,0,0,0,0,0,0,0,0,0,0,0,0,0,0,0,0,0,0,0,0,0,0,0,0,0,0,0,0,0,0,0,0,0,0,0,0,0,0,0,0,0,0,0,0,0,0,0,0,0,0,0,0,0,0,0,0,0,0,0,0,0,0,0,0,0,0,0,0,0,0,0,0,0,0,0,0,0,0,0,0,0,0,0,0,0,0,0,0,0,0,0,0,0,0,0,0,0,0,0,0,0,0,0,0,0,0,0,0,0,0,0,0,0,0,0,0,0,0,0,0,0,0,0,0,0,0,0,0,0,0,0,0,0,0,0,0,0,0,0,0,0,0,0,0,0,0,0,0,0,0,0,0,0,0,0,0,0,0,0,0,0,0,0,0,0,0,0,0,0,0,0,0,0,0,0,0,0,0,0,0,0,0,0,0,0,0,0,0,0,0,0,0,0,0,0,0,0,0,0,0,0,0,0,0,0,0,0,0,0,0,0,0,0,0,0,0,0,0,0,0,0,0,0,0,0,0,0,0,0,0,0,0,0,0,0,0,0,0,0,0,0,0,0,0,0,0,0,0,0,0,0,0,0,0,0,0,0,0,0,0,0,0,0,0,0,0,0,0,0,0,0,0,0,0,0,0,0,0,0,0,0,0,0,0,0,0,0,0,0,0,0,0,0,0,0,0,0,0,0,0,0,0,0,0,0,0,0,0,0,0,0,0,0,0,0,0,0,0,0,0,0,0,0,0,0,0,0,0,0,0,0,0,0,0,0,0,0,0,0,0,0,0,0,0,0,0,0,0,0,0,0,0,0,0,0,0,0,0,0,0,0,0,0,0,0,0,0,0,0,0,0,0,0,0,0,0,0,0,0,0,0,0,0,0,0,0,0,0,0,0,0,0,0,0,0,0,0,0,0,0,0,0,0,0,0,0,0,0,0,0,0,0,0,0,0,0,0,0,0,0,0,0,0,0,0,0,0,0,0,0,0,0,0,0,0,0,0,0,0,0,0,0,0,0,0,0,0,0,0,0,0,0,0,0,0,0,0,0,0,0,0,0,0,0,0,0,0,0,0,0,0,0,0,0,0,0,0,0,0,0,0,0,0,0,0,0,0,0,0,0,0,0,0,0,0,0,0,0,0,0,0,0,0,0,0,0,0,0,0,0,0,0,0,0,0,0,0,0,0,0,0,0,0,0,0,0,0,0,0,0,0,0,0,0,0,0,0,0,0,0,0,0,0,0,0,0,0,0,0,0,0,0,0,0,0,0,0,0,0,0,0,0,0,0,0,0,0,0,0,0,0,0,0,0,0,0,0,0,0,0,0,0,0,0,0,0,0,0,0,0,0,0,0,0,0,0,0,0,0,0,0,0,0,0,0,0,0,0,0,0,0,0,0,0,0,0,0,0,0,0,0,0,0,0,0,0,0,0,0,0,0,0,0,0,0,0,0,0,0,0,0,0,0,0,0,0,0,0,0,0,0,0,0,0,0,0,0,0,0,0,0,0,0,0,0,0,0,0,0,0,0,0,0,0,0,0,0,0,0,0,0,0,0,0,0,0,0,0,0,0,0,0,0,0,0,0,0,0,0,0,0,0,0,0,0,0,0,0,0,0,0,0,0,0,0,0,0,0,0,0,0,0,0,0,0,0,0,0,0,0,0,0,0,0,0,0,0,0,0,0,0,0,0,0,0,0,0,0,0,0,0,0,0,0,0,0,0,0,0,0,0,0,0,0,0,0,0,0,0,0,0,0,0,0,0,0,0,0,0,0,0,0,0,0,0,0,0,0,0,0,0,0,0,0,0,0,0,0,0,0,0,0,0,0,0,0,0,0,0,0,0,0,0,0,0,0,0,0,0,0,0,0,0,0,0,0,0,0,0,0,0,0,0,0,0,0,0,0,0,0,0,0,0,0,0,0,0,0,0,0,0,0,0,0,0,0,0,0,0,0,0,0,0,0,0,0,0,0,0,0,0,0,0,0,0,0,0,0,0,0,0,0,0,0,0,0,0,0,0,0,0,0,0,0,0,0,0,0,0,0,0,0,0,0,0,0,0,0,0,0,0,0,0,0,0,0,0,0,0,0,0,0,0,0,0,0,0,0,0,0,0,0,0,0,0,0,0,0,0,0,0,0,0,0,0,0,0,0,0,0,0,0,0,0,0,0,0,0,0,0,0,0,0,0,0,0,0,0,0,0,0,0,0,0,0,0,0,0,0,0,0,0,0,0,0,0,0,0,0,0,0,0,0,0,0,0,0,0,0,0,0,0,0,0,0,0,0,0,0,0,0,0,0,0,0,0,0,0,0,0,0,0,0,0,0,0,0,0,0,0,0,0,0,0,0,0,0,0,0,0,0,0,0,0,0,0,0,0,0,0,0,0,0,0,0,0,0,0,0,0,0,0,0,0,0,0,0,0,0,0,0,0,0,0,0,0,0,0,0,0,0,0,0,0,0,0,0,0,0,0,0,0,0,0,0,0,0,0,0,0,0,0,0,0,0,0,0,0,0,0,0,0,0,0,0,0,0,0,0,0,0,0,0,0,0,0,0,0,0,0,0,0,0,0,0,0,0,0,0,0,0,0,0,0,0,0,0,0,0,0,0,0,0,0,0,0,0,0,0,0,0,0,0,0,0,0,0,0,0,0,0,0,0,0,0,0,0,0,0,0,0,0,0,0,0,0,0,0,0,0,0,0,0,0,0,0,0,0,0,0,0,0,0,0,0,0,0,0,0,0,0,0,0,0,0,0,0,0,0,0,0,0,0,0,0,0,0,0,0,0,0,0,0,0,0,0,0,0,0,0,0,0,0,0,0,0,0,0,0,0,0,0,0,0,0,0,0,0,0,0,0,0,0,0,0,0,0,0,0,0,0,0,0,0,0,0,0,0,0,0,0,0,0,0,0,0,0,0,0,0,0,0,0,0,0,0,0,0,0,0,0,0,0,0,0,0,0,0,0,0,0,0,0,0,0,0,0,0,0,0,0,0,0,0,0,0,0,0,0,0,0,0,0,0,0,0,0,0,0,0,0,0,0,0,0,0,0,0,0,0,0,0,0,0,0,0,0,0,0,0,0,0,0,0,0,0,0,0,0,0,0,0,0,0,0,0,0,0,0,0,0,0,0,0,0,0,0,0,0,0,0,0,0,0,0,0,0,0,0,0,0,0,0,0,0,0,0,0,0,0,0,0,0,0,0,0,0,0,0,0,0,0,0,0,0,0,0,0,0,0,0,0,0,0,0,0,0,0,0,0,0,0,0,0,0,0,0,0,0,0,0,0,0,0,0,0,0,0,0,0,0,0,0,0,0,0,0,0,0,0,0,0,0,0,0,0,0,0,0,0,0,0,0,0,0,0,0,0,0,0,0,0,0,0,0,0,0,0,0,0,0,0,0,0,0,0,0,0,0,0,0,0,0,0,0,0,0,0,0,0,0,0,0,0,0,0,0,0,0,0,0,0,0,0,0,0,0,0,0,0,0,0,0,0,0,0,0,0,0,0,0,0,0,0,0,0,0,0,0,0,0,0,0,0,0,0,0,0,0,0,0,0,0,0,0,0,0,0,0,0,0,0,0,0,0,0,0,0,0,0,0,0,0,0,0,0,0,0,0,0,0,0,0,0,0,0,0,0,0,0,0,0,0,0,0,0,0,0,0,0,0,0,0,0,0,0,0,0,0,0,0,0,0,0,0,0,0,0,0,0,0,0,0,0,0,0,0,0,0,0,0,0,0,0,0,0,0,0,0,0,0,0,0,0,0,0,0,0,0,0,0,0,0,0,0,0,0,0,0,0,0,0,0,0,0,0,0,0,0,0,0,0,0,0,0,0,0,0,0,0,0,0,0,0,0,0,0,0,0,0,0,0,0,0,0,0,0,0,0,0,0,0,0,0,0,0,0,0,0,0,0,0,0,0,0,0,0,0,0,0,0,0,0,0,0,0,0,0,0,0,0,0,0,0,0,0,0,0,0,0,0,0,0,0,0,0,0,0,0,0,0,0,0,0,0,0,0,0,0,0,0,0,0,0,0,0,0,0,0,0,0,0,0,0,0,0,0,0,0,0,0,0,0,0,0,0,0,0,0,0,0,0,0,0,0,0,0,0,0,0,0,0,0,0,0,0,0,0,0,0,0,0,0,0,0,0,0,0,0,0,0,0,0,0,0,0,0,0,0,0,0,0,0,0,0,0,0,0,0,0,0,0,0,0,0,0,0,0,0,0,0,0,0,0,0,0,0,0,0,0,0,0,0,0,0,0,0,0,0,0,0,0,0,0,0,0,0,0,0,0,0,0,0,0,0,0,0,0,0,0,0,0,0,0,0,0,0,0,0,0,0,0,0,0,0,0,0,0,0,0,0,0,0,0,0,0,0,0,0,0,0,0,0,0,0,0,0,0,0,0,0,0,0,0,0,0,0,0,0,0,0,0,0,0,0,0,0,0,0,0,0,0,0,0,0,0,0,0,0,0,0,0,0,0,0,0,0,0,0,0,0,0,0,0,0,0,0,0,0,0,0,0,0,0,0,0,0,0,0,0,0,0,0,0,0,0,0,0,0,0,0,0,0,0,0,0,0,0,0,0,0,0,0,0,0,0,0,0,0,0,0,0,0,0,0,0,0,0,0,0,0,0,0,0,0,0,0,0,0,0,0,0,0,0,0,0,0,0,0,0,0,0,0,0,0,0,0,0,0,0,0,0,0,0,0,0,0,0,0,0,0,0,0,0,0,0,0,0,0,0,0,0,0,0,0,0,0,0,0,0,0,0,0,0,0,0,0,0,0,0,0,0,0,0,0,0,0,0,0,0,0,0,0,0,0,0,0,0,0,0,0,0,0,0,0,0,0,0,0,0,0,0,0,0,0,0,0,0,0,0,0,0,0,0,0,0,0,0,0,0,0,0,0,0,0,0,0,0,0,0,0,0,0,0,0,0,0,0,0,0,0,0,0,0,0,0,0,0,0,0,0,0,0,0,0,0,0,0,0,0,0,0,0,0,0,0,0,0,0,0,0,0,0,0,0,0,0,0,0,0,0,0,0,0,0,0,0,0,0,0,0,0,0,0,0,0,0,0,0,0,0,0,0,0,0,0,0,0,0,0,0,0,0,0,0,0,0,0,0,0,0,0,0,0,0,0,0,0,0,0,0,0,0,0,0,0,0,0,0,0,0,0,0,0,0,0,0,0,0,0,0,0,0,0,0,0,0,0,0,0,0,0,0,0,0,0,0,0,0,0,0,0,0,0,0,0,0,0,0,0,0,0,0,0,0,0,0,0,0,0,0,0,0,0,0,0,0,0,0,0,0,0,0,0,0,0,0,0,0,0,0,0,0,0,0,0,0,0,0,0,0,0,0,0,0,0,0,0,0,0,0,0,0,0,0,0,0,0,0,0,0,0,0,0,0,0,0,0,0,0,0,0,0,0,0,0,0,0,0,0,0,0,0,0,0,0,0,0,0,0,0,0,0,0,0,0,0,0,0,0,0,0,0,0,0,0,0,0,0,0,0,0,0,0,0,0,0,0,0,0,0,0,0,0,0,0,0,0,0,0,0,0,0,0,0,0,0,0,0,0,0,0,0,0,0,0,0,0,0,0,0,0,0,0,0,0,0,0,0,0,0,0,0,0,0,0,0,0,0,0,0,0,0,0,0,0,0,0,0,0,0,0,0,0,0,0,0,0,0,0,0,0,0,0,0,0,0,0,0,0,0,0,0,0,0,0,0,0,0,0,0,0,0,0,0,0,0,0,0,0,0,0,0,0,0,0,0,0,0,0,0,0,0,0,0,0,0,0,0,0,0,0,0,0,0,0,0,0,0,0,0,0,0,0,0,0,0,0,0,0,0,0,0,0,0,0,0,0,0,0,0,0,0,0,0,0,0,0,0,0,0,0,0,0,0,0,0,0,0,0,0,0,0,0,0,0,0,0,0,0,0,0,0,0,0,0,0,0,0,0,0,0,0,0,0,0,0,0,0,0,0,0,0,0,0,0,0,0,0,0,0,0,0,0,0,0,0,0,0,0,0,0,0,0,0,0,0,0,0,0,0,0,0,0,0,0,0,0,0,0,0,0,0,0,0,0,0,0,0,0,0,0,0,0,0,0,0,0,0,0,0,0,0,0,0,0,0,0,0,0,0,0,0,0,0,0,0,0,0,0,0,0,0,0,0,0,0,0,0,0,0,0,0,0,0,0,0,0,0,0,0,0,0,0,0,0,0,0,0,0,0,0,0,0,0,0,0,0,0,0,0,0,0,0,0,0,0,0,0,0,0,0,0,0,0,0,0,0,0,0,0,0,0,0,0,0,0,0,0,0,0,0,0,0,0,0,0,0,0,0,0,0,0,0,0,0,0,0,0,0,0,0,0,0,0,0,0,0,0,0,0,0,0,0,0,0,0,0,0,0,0,0,0,0,0,0,0,0,0,0,0,0,0,0,0,0,0,0,0,0,0,0,0,0,0,0,0,0,0,0,0,0,0,0,0,0,0,0,0,0,0,0,0,0,0,0,0,0,0,0,0,0,0,0,0,0,0,0,0,0,0,0,0,0,0,0,0,0,0,0,0,0,0,0,0,0,0,0,0,0,0,0,0,0,0,0,0,0,0,0,0,0,0,0,0,0,0,0,0,0,0,0,0,0,0,0,0,0,0,0,0,0,0,0,0,0,0,0,0,0,0,0,0,0,0,0,0,0,0,0,0,0,0,0,0,0,0,0,0,0,0,0,0,0,0,0,0,0,0,0,0,0,0,0,0,0,0,0,0,0,0,0,0,0,0,0,0,0,0,0,0,0,0,0,0,0,0,0,0,0,0,0,0,0,0,0,0,0,0,0,0,0,0,0,0,0,0,0,0,0,0,0,0,0,0,0,0,0,0,0,0,0,0,0,0,0,0,0,0,0,0,0,0,0,0,0,0,0,0,0,0,0,0,0,0,0,0,0,0,0,0,0,0,0,0,0,0,0,0,0,0,0,0,0,0,0,0,0,0,0,0,0,0,0,0,0,0,0,0,0,0,0,0,0,0,0,0,0,0,0,0,0,0,0,0,0,0,0,0,0,0,0,0,0,0,0,0,0,0,0,0,0,0,0,0,0,0,0,0,0,0,0,0,0,0,0,0,0,0,0,0,0,0,0,0,0,0,0,0,0,0,0,0,0,0,0,0,0,0,0,0,0,0,0,0,0,0,0,0,0,0,0,0,0,0,0,0,0,0,0,0,0,0,0,0,0,0,0,0,0,0,0,0,0,0,0,0,0,0,0,0,0,0,0,0,0,0,0,0,0,0,0,0,0,0,0,0,0,0,0,0,0,0,0,0,0,0,0,0,0,0,0,0,0,0,0,0,0,0,0,0,0,0,0,0,0,0,0,0,0,0,0,0,0,0,0,0,0,0,0,0,0,0,0,0,0,0,0,0,0,0,0,0,0,0,0,0,0,0,0,0,0,0,0,0,0,0,0,0,0,0,0,0,0,0,0,0,0,0,0,0,0,0,0,0,0,0,0,0,0,0,0,0,0,0,0,0,0,0,0,0,0,0,0,0,0,0,0,0,0,0,0,0,0,0,0,0,0,0,0,0,0,0,0,0,0,0,0,0,0,0,0,0,0,0,0,0,0,0,0,0,0,0,0,0,0,0,0,0,0,0,0,0,0,0,0,0,0,0,0,0,0,0,0,0,0,0,0,0,0,0,0,0,0,0,0,0,0,0,0,0,0,0,0,0,0,0,0,0,0,0,0,0,0,0,0,0,0,0,0,0,0,0,0,0,0,0,0,0,0,0,0,0,0,0,0,0,0,0,0,0,0,0,0,0,0,0,0,0,0,0,0,0,0,0,0,0,0,0,0,0,0,0,0,0,0,0,0,0,0,0,0,0,0,0,0,0,0,0,0,0,0,0,0,0,0,0,0,0,0,0,0,0,0,0,0,0,0,0,0,0,0,0,0,0,0,0,0,0,0,0,0,0,0,0,0,0,0,0,0,0,0,0,0,0,0,0,0,0,0,0,0,0,0,0,0,0,0,0,0,0,0,0,0,0,0,0,0,0,0,0,0,0,0,0,0,0,0,0,0,0,0,0,0,0,0,0,0,0,0,0,0,0,0,0,0,0,0,0,0,0,0,0,0,0,0,0,0,0,0,0,0,0,0,0,0,0,0,0,0,0,0,0,0,0,0,0,0,0,0,0,0,0,0,0,0,0,0,0,0,0,0,0,0,0,0,0,0,0,0,0,0,0,0,0,0,0,0,0,0,0,0,0,0,0,0,0,0,0,0,0,0,0,0,0,0,0,0,0,0,0,0,0,0,0,0,0,0,0,0,0,0,0,0,0,0,0,0,0,0,0,0,0,0,0,0,0,0,0,0,0,0,0,0,0,0,0,0,0,0,0,0,0,0,0,0,0,0,0,0,0,0,0,0,0,-0.2237963,0.1050485,1.9712427,-0.32547358,0.5531468,0.49711087,-0.81883526,0.87140805,-1.3773044,-1.0925891,0.3150178,0.99094504,0.89540994,-0.14375849,0.70131594,-0.05209773,0.49928427,-0.3766902,0.085582405,-0.46731153,0.044949282,-0.25715324,0.36113167,-0.6045192,-0.30081022,-0.52174103,-0.23853761,-0.7900141,0.42841256,-0.9591613,0.51241916,-0.29589644,-0.53619885,-0.7279305,-0.15037319,-0.3597755,-0.08158036,-0.36969754,0.59396887,-0.75987,-0.21680361,-0.08035192,0.119978815,0.09540995,0.8658328,-1.3765485,0.7272077,0.82160884,-0.11134649,0.06337593,0.8810466,0.7630216,0.5179944,-0.09915655,0.02557768,0.21844326,-0.4914079,-0.6716111,-0.67643034,-0.74569565,0.74846923,0.12952287,0.35291055,-0.8101417,0.7059462,-0.543853,0.12952287,0.84646124,-0.08158036,0.06932916,-0.6580982,0.049201585,0.2432011,-0.03263163,-0.1627521,-0.3425773,-0.5088896,0.11950634,0.28515717,-0.6708551,0.080952115,0.51704943,-0.41118112,0.2736287,0.45231995,0.055060316,-0.12570983,-0.08101339,-0.08970699,-0.34493968,0.8784952,0.100040235,0.44400433,-0.86022437,-0.059940867,-0.28795883,0.29640216,0.569589,-0.53308046,-0.5774934,0.028696034,-0.34550667,-0.4503968,-0.21850453,-0.42356005,0.71445084,-0.47231978,-0.3445617,0.4663053,-0.098400585,0.67117184,-0.83083624,0.08822828,-0.15311356,-0.29627442,0.7212545,0.33495638,-0.72207177,-0.47780055,-0.030741718,-0.31706348,0.56817156,-0.35873604,0.1850863,-0.13648233,-0.5047318,0.17705417,-0.058617927,0.31397834,0.34620136,0.22713685,-0.09925105,-0.30430657,-0.1348759,0.021514365,-0.29514048,0.09985124,0.022553818,0.38938585,-0.2819111,0.04844562,0.26843145,-0.052948188,-0.41222057,-0.118811645,-0.7399314,0.31586826,-0.064004175,-0.10321987,-0.6672643,-0.92958415,-0.6427899,0.07726679,0.2368699,-0.28399,0.17686518,0.04343735,-0.19365218,0.1611789,0.16618718,0.72890866,0.54464215,0.94993395,-0.5711622,-0.5252373,-0.49518773,0.21759279,-0.047467444,-0.13421443,-0.024221519,0.2586039,0.2261919,0.25558004,-0.50766116,0.11856138,0.7901418,0.093142055,-0.20782652,-0.6001724,-0.2129293,0.08898424,-0.38878566,-0.6819111,0.77785736,-0.37999755,-0.2648074,0.830019,0.050146542,-0.43849036,-0.16662644,0.20767076,-0.1629411,-0.45984638,0.54965043,0.3858895,-0.065138124,0.09144113,0.22439648,0.3515876,-0.1390337,-0.5626576,-0.30222765,0.3259793,-0.53223,0.06507685,-0.5159768,-0.04879038,0.032381363,-0.29646343,-0.98750997,0.32106552,0.28459018,-0.2664138,0.09474848,0.53509814,0.22260107,0.105804466,0.51204115,0.1849918,-0.6194495,0.40724552,0.74431145,-0.10870061,0.30074894,-0.013732503,-0.08961249,0.3667069,0.45449334,-0.30600747,-0.009763687,-0.08696662,-0.3702645,0.5741248,-0.3444672,0.30944255,0.78012526,0.559856,0.04154744,0.41527766,0.43682265,-0.28748634,-0.1481053,-0.050869286,-0.0035269756,0.16524222,0.63318455,-0.5811788,-0.25923216,0.026144652,0.12432561,0.27249476,-0.11720522,0.504954,-0.16114569,0.061486017,-0.10775565,-0.49480975,-0.28994322,0.112230174,0.0554383,-0.1047318,0.12328616,0.180645,-0.0149609465,0.24376808,0.11232467,0.28572413,0.6298772,0.32475084,-0.011748095,-0.6502551,-0.8483179,-0.20603111,-0.12504835,0.38513353,-0.6409,0.28184983,-0.046239,-0.13582085,-0.5214575,-0.18571454,-0.19299072,-0.29835334,0.3619821,0.4117813,0.67873144,-0.026016936,-0.47061887,-0.061641786,-0.14753832,0.03219237,-0.5846751,0.1960478,0.36982524,-0.038962837,-0.002676515,0.37048674,-0.15056218,-0.5451759,0.24745342,-0.43641144,0.56495875,0.7333499,-0.52712727,-0.054176632,0.50391454,0.7844721,0.20596984,0.4253887,-0.5672879,-0.27983218,-0.26367345,-0.18552555,-0.087250106,0.4076235,-0.5780604,-0.081107885,0.9629743,0.41556114,-0.3744223,0.41102535,-0.32386717,-0.91918963,-0.91163,-0.031308692,-0.4268674,0.58244044,-0.36903608,0.17336884,0.59255147,-0.40844074,0.43020797,-0.2817221,-0.3686581,-0.63834864,0.22675887,0.4877558,0.1895276,0.04107496,-0.3966288,-0.13015112,-0.30251116,0.2260029,-0.41751233,0.13254674,-0.15538146,-0.024127023,0.3391142,-1.0610275,-0.2818166,0.109111816,-0.27794227,0.026806122,-0.09632169,-0.14971171,0.39713448,-0.024882987,0.6740067,0.04135845,0.26975438,-0.055027094,-0.7300094,-0.2560193,0.2715498,0.44967407,0.732216,0.15777707,-0.07987945,-0.05748398,-0.19403017,-0.12731625,-0.20584212,0.29441774,0.0050721266,0.15513119,-0.5500897,-0.49008498,-0.5677604,0.5528633,0.22486897,-0.19091181,-0.25875968,0.13764949,0.6380038,-0.48243082,0.6894095,-0.22389078,-0.29816434,-0.32396165,-0.6145357,-0.22880456,0.018490506,0.5997331,-0.4616418,0.82378227,-0.49225837,0.26748648,-0.11181897,0.12971187,-0.20158981,0.21135609,-0.511252,0.26417914,0.49956775,-0.46872896,-0.33898646,-0.081296876,-1.0260642,-0.4874391,-0.3212213,-0.11559879,-0.08469872,-0.006172853,-0.1715402,-0.12665477,-0.042175688,0.43767312,-0.16048421,-0.16861084,0.06658878,0.2804324,-0.4310252,0.3772904,-0.54460895,-0.14479794,-0.117016226,-0.12334743,-0.23305686,-0.033860072,-0.13600984,-0.010519652,-0.43055272,0.5046705,0.40677306,0.42434925,0.35262704,0.24471304,-0.13619883,-0.36657917,-0.076194115,-0.19488062,1.1243728,0.2693764,-0.33114332,0.46734476,-0.11380337,0.1723294,-0.7207488,-0.22266234,-0.036978427,-0.020441692,-0.22115041,-0.4160004,-0.016567372,-0.8171343,0.49503195,-0.5997944,-0.042270184,0.0140492115,-0.11087401,0.4356887,0.7437445,0.43833458,-0.3465461,0.09701637,0.08114111,0.37483352,0.08888975,-0.12523735,0.1722349,0.47660533,0.49786684,0.0071510305,-0.14593188,0.18820466,0.81773454,0.54322475,0.13245223,0.28685808,-0.058617927,0.032286867,-0.20244028,-0.49178588,0.10126868,-0.09074644,-0.04671148,0.34790227,-0.3944554,-0.070618875,0.5714789,-0.32405615,-0.82837933,0.48803928,0.5027806,-0.21245681,0.7945831,0.34242153,-0.5975265,0.034932747,0.5071274,-0.6144412,0.7496032,-0.813071,0.3362793,-0.56568146,0.3343894,-0.28257257,-0.8984006,-0.11304741,-0.20225129,-0.20017238,0.18244043,0.45884013,-0.20735405,-0.63957703,0.41971895,0.5312238,0.020285923,-0.17569801,0.20729278,-0.13648233,0.80705655,-0.024127023,0.0835035,0.03464926,0.19491385,-0.04123073,-0.37583977,0.39571705,-0.37980857,0.43871257,-0.533175,-0.07080787,-0.17730443,-0.10747217,0.34563437,-0.05190874,-0.80163705,0.58565325,0.18470831,-0.20480266,-0.1500897,0.23932679,-0.011559104,0.16968352,-0.2495936,0.15522568,-0.30657446,0.07981817,-0.36601222,0.5465321,0.41253728,0.17327435,-0.5677604,-0.24108899,-0.11729971,-0.4071178,0.48170808,0.6260029,-0.3320883,0.5230027,0.17932206,0.11837239,-0.12126853,0.30358383,0.025199696,0.81300974,0.09342554,0.13216875,0.5868817,0.38806292,-0.2278596,0.22685337,0.33788574,0.16269083,0.1591,-0.3103543,-0.73917544,0.8546823,-0.16360258,0.6243965,-0.20792103,0.032381363,-0.5521686,-0.22842658,-0.15746036,0.1611789,0.6455635,-0.28039917,-0.20225129,-0.5688943,0.8442878,-0.17201269,0.03502724,-0.12155202,-0.02979676,0.407718,-0.43849036,-0.46438217,0.6930003,-0.06409867,0.65756446,0.20596984,-0.18325767,0.24679194,-0.3468296,0.48000717,-0.029513273,0.048729107,-0.24543579,-0.07836752,-0.13402544,-0.03622246,0.14813851,-0.24874313,0.3778574,0.49937877,-0.013449017,-1.0909827,0.4596906,-0.78651774,0.0358777,-0.218977,0.43701166,0.26332867,0.024727218,-0.029229786,-0.89962906,0.16760461,0.119317345,-0.07250878,0.36528948,-0.23787613,0.2433901,0.47443193,0.26965988,0.18206245,-0.43045822,-0.020630684,0.08718883,-0.19289622,-0.030363735,0.18461382,0.375684,-0.2018733,-0.09651068,0.34913072,-0.107944645,-0.12230798,0.014616185,0.45496583,0.072069526,0.21608087,-0.60669255,0.16694313,-0.4719418,0.14105134,0.44334286,-0.118811645,-0.2172761,-0.15396401,0.25784793,-0.17191818,-0.09745563,0.4362557,0.46753374,0.21901023,-0.49121892,-0.4595629,-0.25894865,0.4814246,0.41962445,0.7043398,-0.046994966,0.011875812,-0.14838877,0.49796134,-0.04368762,0.0070565348,0.45090252,-0.023276562,0.44957957,-0.37858012,-0.26943767,-0.18080078,0.15796606,0.1848973,-0.4251665,0.22779833,-0.08233633,0.8987173,-0.85625553,0.23932679,-0.37820214,0.3254123,-0.6885258,-0.28691936,-0.07269777,0.7170022,0.54889446,0.51487607,0.006867544,-0.46551612,0.80185926,-0.6647129,0.51903385,0.16524222,-0.016850859,0.5564541,-0.8178903,-0.08536019,-0.06674455,0.4378621,-0.5176777,-0.20933846,-0.35420024,0.53377515,0.37228215,-0.11465383,-0.63201743,-0.14054564,-0.7172525,0.5413348,-0.026678406,0.07235301,0.31256092,0.015561142,0.25945437,0.24660295,0.44570524,0.5447367,0.15872201,-0.5243869,-0.51427585,-0.48668313,0.32116002,-0.52722174,-0.57229614,-0.57881635,0.6845902,0.30055997,-0.26405144,-0.12570983,-0.090840936,0.20965517,1.2251997,0.103536576,0.004221666,0.05231994,0.7272077,0.68477917,0.40932444,0.41338775,0.7188921,-0.17645398,0.056572244,-0.26716977,-0.37971407,-0.2516725,-0.13638783,-0.17947784,-0.44255367,0.38031426,0.2955517,-0.11021254,-0.6665083,0.34383896,-0.5850531,0.1960478,-0.07827302,0.3363738,0.28326726,-0.21151185,-0.31753597,0.7908033,0.62817633,-0.47524917,0.066305295,-0.23683669,-0.5043538,0.765762,0.09994574,0.44731167,0.14794952,0.17506976,-0.34853053,-0.054932598,0.073864944,-0.40182605,-0.22927703,-0.1801393,-0.18741547,0.061958496,0.26862043,-0.45871243,0.45600528,-0.36374432,0.12196322,-0.26301196,-0.084415235,0.15626514,0.27211678,-0.50605476,-0.09471526,-0.13638783,-0.53421444,0.4617695,0.16467525,0.064982355,-0.010614147,-0.39275447,-0.21018891,-0.2429789,-0.18750997,0.055060316,0.052886914,-0.17409159,-0.18722647,0.09455949,-0.59403014,0.90438706,0.6365864,0.59689826,-0.5529246,0.14105134,0.45704472,-0.31781945,0.37228215,0.88699985,0.9639193,0.2521782,0.4703686,-0.09991252,-0.28436798,-0.74361676,0.1352871,-0.16502,-0.4070233,0.48964572,-0.103503354,0.49786684,-0.22237885,0.08501543,0.45950162,-0.059090406,0.1936854,0.44617772,0.1311293,-0.23334035,-0.4742097,-0.49868408,0.057895184,0.03635018,0.0086629605,-0.10340886,-0.13317499,-0.27690282,0.036161188,-0.47298127,-0.54271907,-0.13950619,0.278448,-0.18297417,-0.047183957,-0.22322932,0.321349,-0.55339706,-0.1520741,0.07953468,0.22090015,-0.07562714,-0.28521845,0.12271918,-0.5214575,-0.16218513,0.40639508,0.24716993,0.277503,-0.029418778,0.017073072,0.06573832,-0.0039994535,-0.09055745,0.04476029,0.25586352,0.011970308,-0.06957942,0.49881178,0.4056391,0.54369724,-0.02091417,-0.29013222,0.39411062,-0.45786196,0.0066785524,0.56439173,-0.24146697,-0.20877148,0.13566509,0.02208134,-0.069106944,0.69432324,-0.42431602,-0.37820214,0.9357596,-0.0851712,-0.13090709,0.28742507,-0.069957405,0.08331451,-0.13440342,-0.1370493,0.51497054,0.14804402,0.4207584,0.11704945,-0.16672093,0.4595961,-0.3514599,-0.68361205,0.06800622,-0.22077243,-0.41269305,0.093142055,0.29952052,-0.11408686,-0.18609253,-0.0873446,0.117805414,0.030396955,0.6527452,-0.17569801,0.24698094,-0.34550667,-0.4097637,0.4985283,-0.27359548,-0.14933373,0.091819115,-0.5195676,0.7618876,0.45940712,-0.049829833,0.43228686,0.7100095,0.2735342,0.41811252,-0.17664297,0.01603362,-0.47770604,0.3431775,0.36321056,0.14908347,-0.25101104,0.19548082,-0.05446012,-0.1627521,-0.19242375,0.32059303,-0.024127023,0.09021269,-0.16747689,-0.40664533,-0.059373893,0.31775817,0.3088756,0.24858737,0.23422402,-0.8800684,-0.08715561,0.19850469,-0.6885258,0.23724788,0.20474139,0.2518002,-0.19280173,-0.14441995,0.23450752,0.7116159,0.17762114,0.34223253,-0.123725414,0.2218451,-0.026394919,-0.19280173,0.39297667,-0.20744854,0.16533671,-0.36525625,-0.19195126,-0.004660923,-0.4440656,0.06536034,-0.20593661,0.09900078,-0.34834152,0.08652736,0.036255684,-0.25724775,0.9693055,-0.17730443,0.35300502,-0.14678235,-0.06504363,0.14568162,0.0033712054,-0.043498628,-0.17513104,0.019813444,-0.11068502,-0.7827379,0.5127971,0.28789756,0.18140097,-0.34323877,0.7319325,0.3043398,0.14691007,-0.14829428,0.6446186,0.22335704,0.17705417,-0.36364982,-0.07723357,1.2606356,1.4306332,1.2941815,-0.14819978,-0.011086626,-0.03934082,-0.64808166,-1.032301,-1.5025111,1.0191993,-1.3898723,-0.24033302,-0.18495858,1.4844012,0.30868658,0.06469887,0.2368699,0.33060956,0.47367597,1.252698,0.12857792,-0.4589014,0.11856138,0.78957486,0.5213962,-1.2369784,-0.2063146,0.42434925,-0.20933846,-0.08602166,0.09682738,-0.3248121,0.67570764,1.2934256,-0.7297259,0.25973785,-0.4201582,1.2634704,-0.049735337,1.0302552,0.0025207447,0.16968352,1.1171912,0.8036547,0.13575958,-0.43404907,1.1350509,-0.9670044,0.65378463,-0.10142445,-0.1802338,-0.8169454,0.081424594,-0.097077645,1.2156557,-0.26631933,0.44098046,-0.3424828,0.12253019,-0.36960304,0.8638484,0.036444675,0.13897243,0.158911,-0.42072517,-0.9480108,-0.67435145,-0.4744932,-0.5094566,0.13689353,-0.8844152,0.43257037,1.163494,-0.20905498,-0.40494442,-0.3813205,0.936988,0.3686913,0.5637303,0.043531846,0.24206717,0.50703293,-0.2885258,-0.3075194,0.1072219,0.12470359,-0.61396873,-0.047939923,-0.0808244,0.020380419,-0.49575472,-0.63702565,-0.93591535,-0.62842655,0.4796292,-0.35420024,-0.40806276,0.082747534,-0.61841005,1.0438626,-0.047183957,0.22165611,-1.1323718,-0.95878327,0.08747231,0.20407993,0.24178368,-0.38472235,-0.91370887,-0.25942114,-1.0094329,0.27873147,-0.84085274,-0.88422626,0.56495875,0.6966856,0.8807631,-0.33076534,0.39571705,-0.034710534,-0.36081496,0.3620766,0.46677777,-0.5393172,-1.1443727,-0.2493101,-0.3148901,0.56250185,
1,1,0,0,0,0,0,0,0,0,0,0,0,0,0,0,0,0,0,0,0,0,0,0,0,0,0,0,0,0,0,0,0,0,0,0,0,0,0,0,0,0,0,0,0,0,0,0,0,0,0,0,0,0,0,0,0,0,0,0,0,0,0,0,0,0,0,0,0,0,0,0,0,0,0,0,0,0,0,0,0,0,0,0,0,0,0,0,0,0,0,0,0,0,0,0,0,0,0,0,0,0,0,0,0,0,0,0,0,0,0,0,0,0,0,0,0,0,0,0,0,0,0,0,0,0,0,0,0,0,0,0,0,0,0,0,0,0,0,0,0,0,0,0,0,0,0,0,0,0,0,0,0,0,0,0,0,0,0,0,0,0,0,0,0,0,0,0,0,0,0,0,0,0,0,0,0,0,0,0,0,0,0,0,0,0,0,0,0,0,0,0,0,0,0,0,0,0,0,0,0,0,0,0,0,0,0,0,0,0,0,0,0,0,0,0,0,0,0,0,0,0,0,0,0,0,0,0,0,0,0,0,0,0,0,0,0,0,0,0,0,0,0,0,0,0,0,0,0,0,0,0,0,0,0,0,0,0,0,0,0,0,0,0,0,0,0,0,0,0,0,0,0,0,0,0,0,0,0,0,0,0,0,0,0,0,0,0,0,0,0,0,0,0,0,0,0,0,0,0,0,0,0,0,0,0,0,0,0,0,0,0,0,0,0,0,0,0,0,0,0,0,0,0,0,0,0,0,0,0,0,0,0,0,0,0,0,0,0,0,0,0,0,0,0,0,0,0,0,0,0,0,0,0,0,0,0,0,0,0,0,0,0,0,0,0,0,0,0,0,0,0,0,0,0,0,0,0,0,0,0,0,0,0,0,0,0,0,0,0,0,0,0,0,0,0,0,0,0,0,0,0,0,0,0,0,0,0,0,0,0,0,0,0,0,0,0,0,0,0,0,0,0,0,0,0,0,0,0,0,0,0,0,0,0,0,0,0,0,0,0,0,0,0,0,0,0,0,0,0,0,0,0,0,0,0,0,0,0,0,0,0,0,0,0,0,0,0,0,0,0,0,0,0,0,0,0,0,0,0,0,0,0,0,0,0,0,0,0,0,0,0,0,0,0,0,0,0,0,0,0,0,0,0,0,0,0,0,0,0,0,0,0,0,0,0,0,0,0,0,0,0,0,0,0,0,0,0,0,0,0,0,0,0,0,0,0,0,0,0,0,0,0,0,0,0,0,0,0,0,0,0,0,0,0,0,0,0,0,0,0,0,0,0,0,0,0,0,0,0,0,0,0,0,0,0,0,0,0,0,0,0,0,0,0,0,0,0,0,0,0,0,0,0,0,0,0,0,0,0,0,0,0,0,0,0,0,0,0,0,0,0,0,0,0,0,0,0,0,0,0,0,0,0,0,0,0,0,0,0,0,0,0,0,0,0,0,0,0,0,0,0,0,0,0,0,0,0,0,0,0,0,0,0,0,0,0,0,0,0,0,0,0,0,0,0,0,0,0,0,0,0,0,0,0,0,0,0,0,0,0,0,0,0,0,0,0,0,0,0,0,0,0,0,0,0,0,0,0,0,0,0,0,0,0,0,0,0,0,0,0,0,0,0,0,0,0,0,0,0,0,0,0,0,0,0,0,0,0,0,0,0,0,0,0,0,0,0,0,0,0,0,0,0,0,0,0,0,0,0,0,0,0,0,0,0,0,0,0,0,0,0,0,0,0,0,0,0,0,0,0,0,0,0,0,0,0,0,0,0,0,0,0,0,0,0,0,0,0,0,0,0,0,0,0,0,0,0,0,0,0,0,0,0,0,0,0,0,0,0,0,0,0,0,0,0,0,0,0,0,0,0,0,0,0,0,0,0,0,0,0,0,0,0,0,0,0,0,0,0,0,0,0,0,0,0,0,0,0,0,0,0,0,0,0,0,0,0,0,0,0,0,0,0,0,0,0,0,0,0,0,0,0,0,0,0,0,0,0,0,0,0,0,0,0,0,0,0,0,0,0,0,0,0,0,0,0,0,0,0,0,0,0,0,0,0,0,0,0,0,0,0,0,0,0,0,0,0,0,0,0,0,0,0,0,0,0,0,0,0,0,0,0,0,0,0,0,0,0,0,0,0,0,0,0,0,0,0,0,0,0,0,0,0,0,0,0,0,0,0,0,0,0,0,0,0,0,0,0,0,0,0,0,0,0,0,0,0,0,0,0,0,0,0,0,0,0,0,0,0,0,0,0,0,0,0,0,0,0,0,0,0,0,0,0,0,0,0,0,0,0,0,0,0,0,0,0,0,0,0,0,0,0,0,0,0,0,0,0,0,0,0,0,0,0,0,0,0,0,0,0,0,0,0,0,0,0,0,0,0,0,0,0,0,0,0,0,0,0,0,0,0,0,0,0,0,0,0,0,0,0,0,0,0,0,0,0,0,0,0,0,0,0,0,0,0,0,0,0,0,0,0,0,0,0,0,0,0,0,0,0,0,0,0,0,0,0,0,0,0,0,0,0,0,0,0,0,0,0,0,0,0,0,0,0,0,0,0,0,0,0,0,0,0,0,0,0,0,0,0,0,0,0,0,0,0,0,0,0,0,0,0,0,0,0,0,0,0,0,0,0,0,0,0,0,0,0,0,0,0,0,0,0,0,0,0,0,0,0,0,0,0,0,0,0,0,0,0,0,0,0,0,0,0,0,0,0,0,0,0,0,0,0,0,0,0,0,0,0,0,0,0,0,0,0,0,0,0,0,0,0,0,0,0,0,0,0,0,0,0,0,0,0,0,0,0,0,0,0,0,0,0,0,0,0,0,0,0,0,0,0,0,0,0,0,0,0,0,0,0,0,0,0,0,0,0,0,0,0,0,0,0,0,0,0,0,0,0,0,0,0,0,0,0,0,0,0,0,0,0,0,0,0,0,0,0,0,0,0,0,0,0,0,0,0,0,0,0,0,0,0,0,0,0,0,0,0,0,0,0,0,0,0,0,0,0,0,0,0,0,0,0,0,0,0,0,0,0,0,0,0,0,0,0,0,0,0,0,0,0,0,0,0,0,0,0,0,0,0,0,0,0,0,0,0,0,0,0,0,0,0,0,0,0,0,0,0,0,0,0,0,0,0,0,0,0,0,0,0,0,0,0,0,0,0,0,0,0,0,0,0,0,0,0,0,0,0,0,0,0,0,0,0,0,0,0,0,0,0,0,0,0,0,0,0,0,0,0,0,0,0,0,0,0,0,0,0,0,0,0,0,0,0,0,0,0,0,0,0,0,0,0,0,0,0,0,0,0,0,0,0,0,0,0,0,0,0,0,0,0,0,0,0,0,0,0,0,0,0,0,0,0,0,0,0,0,0,0,0,0,0,0,0,0,0,0,0,0,0,0,0,0,0,0,0,0,0,0,0,0,0,0,0,0,0,0,0,0,0,0,0,0,0,0,0,0,0,0,0,0,0,0,0,0,0,0,0,0,0,0,0,0,0,0,0,0,0,0,0,0,0,0,0,0,0,0,0,0,0,0,0,0,0,0,0,0,0,0,0,0,0,0,0,0,0,0,0,0,0,0,0,0,0,0,0,0,0,0,0,0,0,0,0,0,0,0,0,0,0,0,0,0,0,0,0,0,0,0,0,0,0,0,0,0,0,0,0,0,0,0,0,0,0,0,0,0,0,0,0,0,0,0,0,0,0,0,0,0,0,0,0,0,0,0,0,0,0,0,0,0,0,0,0,0,0,0,0,0,0,0,0,0,0,0,0,0,0,0,0,0,0,0,0,0,0,0,0,0,0,0,0,0,0,0,0,0,0,0,0,0,0,0,0,0,0,0,0,0,0,0,0,0,0,0,0,0,0,0,0,0,0,0,0,0,0,0,0,0,0,0,0,0,0,0,0,0,0,0,0,0,0,0,0,0,0,0,0,0,0,0,0,0,0,0,0,0,0,0,0,0,0,0,0,0,0,0,0,0,0,0,0,0,0,0,0,0,0,0,0,0,0,0,0,0,0,0,0,0,0,0,0,0,0,0,0,0,0,0,0,0,0,0,0,0,0,0,0,0,0,0,0,0,0,0,0,0,0,0,0,0,0,0,0,0,0,0,0,0,0,0,0,0,0,0,0,0,0,0,0,0,0,0,0,0,0,0,0,0,0,0,0,0,0,0,0,0,0,0,0,0,0,0,0,0,0,0,0,0,0,0,0,0,0,0,0,0,0,0,0,0,0,0,0,0,0,0,0,0,0,0,0,0,0,0,0,0,0,0,0,0,0,0,0,0,0,0,0,0,0,0,0,0,0,0,0,0,0,0,0,0,0,0,0,0,0,0,0,0,0,0,0,0,0,0,0,0,0,0,0,0,0,0,0,0,0,0,0,0,0,0,0,0,0,0,0,0,0,0,0,0,0,0,0,0,0,0,0,0,0,0,0,0,0,0,0,0,0,0,0,0,0,0,0,0,0,0,0,0,0,0,0,0,0,0,0,0,0,0,0,0,0,0,0,0,0,0,0,0,0,0,0,0,0,0,0,0,0,0,0,0,0,0,0,0,0,0,0,0,0,0,0,0,0,0,0,0,0,0,0,0,0,0,0,0,0,0,0,0,0,0,0,0,0,0,0,0,0,0,0,0,0,0,0,0,0,0,0,0,0,0,0,0,0,0,0,0,0,0,0,0,0,0,0,0,0,0,0,0,0,0,0,0,0,0,0,0,0,0,0,0,0,0,0,0,0,0,0,0,0,0,0,0,0,0,0,0,0,0,0,0,0,0,0,0,0,0,0,0,0,0,0,0,0,0,0,0,0,0,0,0,0,0,0,0,0,0,0,0,0,0,0,0,0,0,0,0,0,0,0,0,0,0,0,0,0,0,0,0,0,0,0,0,0,0,0,0,0,0,0,0,0,0,0,0,0,0,0,0,0,0,0,0,0,0,0,0,0,0,0,0,0,0,0,0,0,0,0,0,0,0,0,1,0,0,0,0,0,0,0,0,0,0,0,0,0,0,0,0,0,0,0,0,0,0,0,0,0,0,0,0,0,0,0,0,0,0,0,0,0,0,0,0,0,0,0,0,0,0,0,0,0,0,0,0,0,0,0,0,0,0,0,0,0,0,0,0,0,0,0,0,0,0,0,0,0,0,0,0,0,0,0,0,0,0,0,0,0,0,0,0,0,0,0,0,0,0,0,0,0,0,0,0,0,0,0,0,0,0,0,0,0,0,0,0,0,0,0,0,0,0,0,0,0,0,0,0,0,0,0,0,0,0,0,0,0,0,0,0,0,0,0,0,0,0,0,0,0,0,0,0,0,0,0,0,0,0,0,0,0,0,0,0,0,0,0,0,0,0,0,0,0,0,0,0,0,0,0,0,0,0,0,0,0,0,0,0,0,0,0,0,0,0,0,0,0,0,0,0,0,0,0,0,0,0,0,0,0,0,0,0,0,0,0,0,0,0,0,0,0,0,0,0,0,0,0,0,0,0,0,0,0,0,0,0,0,0,0,0,0,0,0,0,0,0,0,0,0,0,0,0,0,0,0,0,0,0,0,0,0,0,0,0,0,0,0,0,0,0,0,0,0,0,0,0,0,0,0,0,0,0,0,0,0,0,0,0,0,0,0,0,0,0,0,0,0,0,0,0,0,0,0,0,0,0,0,0,0,0,0,0,0,0,0,0,0,0,0,0,0,0,0,0,0,0,0,0,0,0,0,0,0,0,0,0,0,0,0,0,0,0,0,0,0,0,0,0,0,0,0,0,0,0,0,0,0,0,0,0,0,0,0,0,0,0,0,0,0,0,0,0,0,0,0,0,0,0,0,0,0,0,0,0,0,0,0,0,0,0,0,0,0,0,0,0,0,0,0,0,0,0,0,0,0,0,0,0,0,0,0,0,0,0,0,0,0,0,0,0,0,0,0,0,0,0,0,0,0,0,0,0,0,0,0,0,0,0,0,0,0,0,0,0,0,0,0,0,0,0,0,0,0,0,0,0,0,0,0,0,0,0,0,0,0,0,0,0,0,0,0,0,0,0,0,0,0,0,0,0,0,0,0,0,0,0,0,0,0,0,0,0,0,0,0,0,0,0,0,0,0,0,0,0,0,0,0,0,0,0,0,0,0,0,0,0,0,0,0,0,0,0,0,0,0,0,0,0,0,0,0,0,0,0,0,0,0,0,0,0,0,0,0,0,0,0,0,0,0,0,0,0,0,0,0,0,0,0,0,0,0,0,0,0,0,0,0,0,0,0,0,0,0,0,0,0,0,0,0,0,0,0,0,0,0,0,0,0,0,0,0,0,0,0,0,0,0,0,0,0,0,0,0,0,0,0,0,0,0,0,0,0,0,0,0,0,0,0,0,0,0,0,0,0,0,0,0,0,0,0,0,0,0,0,0,0,0,0,0,0,0,0,0,0,0,0,0,0,0,0,0,0,0,0,0,0,0,0,0,0,0,0,0,0,0,0,0,0,0,0,0,0,0,0,0,0,0,0,0,0,0,0,0,0,0,0,0,0,0,0,0,0,0,0,0,0,0,0,0,0,0,0,0,0,0,0,0,0,0,0,0,0,0,0,0,0,0,0,0,0,0,0,0,0,0,0,0,0,0,0,0,0,0,0,0,0,0,0,0,0,0,0,0,0,0,0,0,0,0,0,0,0,0,0,0,0,0,0,0,0,0,0,0,0,0,0,0,0,0,0,0,0,0,0,0,0,0,0,0,0,0,0,0,0,0,0,0,0,0,0,0,0,0,0,0,0,0,0,0,0,0,0,0,0,0,0,0,0,0,0,0,0,0,0,0,0,0,0,0,0,0,0,0,0,0,0,0,0,0,0,0,0,0,0,0,0,0,0,0,0,0,0,0,0,0,0,0,0,0,0,0,0,0,0,0,0,0,0,0,0,0,0,0,0,0,0,0,0,0,0,0,0,0,0,0,0,0,0,0,0,0,0,0,0,0,0,0,0,0,0,0,0,0,0,0,0,0,0,0,0,0,0,0,0,0,0,0,0,0,0,0,0,0,0,0,0,0,0,0,0,0,0,0,0,0,0,0,0,0,0,0,0,0,0,0,0,0,0,0,0,0,0,0,0,0,0,0,0,0,0,0,0,0,0,0,0,0,0,0,0,0,0,0,0,0,0,0,0,0,0,0,0,0,0,0,0,0,0,0,0,0,0,0,0,0,0,0,0,0,0,0,0,0,0,0,0,0,0,0,0,0,0,0,0,0,0,0,0,0,0,0,0,0,0,0,0,0,0,0,0,0,0,0,0,0,0,0,0,0,0,0,0,0,0,0,0,0,0,0,0,0,0,0,0,0,0,0,0,0,0,0,0,0,0,0,0,0,0,0,0,0,0,0,0,0,0,0,0,0,0,0,0,0,0,0,0,0,0,0,0,0,0,0,0,0,0,0,0,0,0,0,0,0,0,0,0,0,0,0,0,0,0,0,0,0,0,0,0,0,0,0,0,0,0,0,0,0,0,0,0,0,0,0,0,0,0,0,0,0,0,0,0,0,0,0,0,0,0,0,0,0,0,0,0,0,0,0,0,0,0,0,0,0,0,0,0,0,0,0,0,0,0,0,0,0,0,0,0,0,0,0,0,0,0,0,0,0,0,0,0,0,0,0,0,0,0,0,0,0,0,0,0,0,0,0,0,0,0,0,0,0,0,0,0,0,0,0,0,0,0,0,0,0,0,0,0,0,0,0,0,0,0,0,0,0,0,0,0,0,0,0,0,0,0,0,0,0,0,0,0,0,0,0,0,0,0,0,0,0,0,0,0,0,0,0,0,0,0,0,0,0,0,0,0,0,0,0,0,0,0,0,0,0,0,0,0,0,0,0,0,0,0,0,0,0,0,0,0,0,0,0,0,0,0,0,0,0,0,0,0,0,0,0,0,0,0,0,0,0,0,0,0,0,0,0,0,0,0,0,0,0,0,0,0,0,0,0,0,0,0,0,0,0,0,0,0,0,0,0,0,0,0,0,0,0,0,0,0,0,0,0,0,0,0,0,0,0,0,0,0,0,0,0,0,0,0,0,0,0,0,0,0,0,0,0,0,0,0,0,0,0,0,0,0,0,0,0,0,0,0,0,0,0,0,0,0,0,0,0,0,0,0,0,0,0,0,0,0,0,0,0,0,0,0,0,0,0,0,0,0,0,0,0,0,0,0,0,0,0,0,0,0,0,0,0,0,0,0,0,0,0,0,0,0,0,0,0,0,0,0,0,0,0,0,0,0,0,0,0,0,0,0,0,0,0,0,0,0,0,0,0,0,0,0,0,0,0,0,0,0,0,0,0,0,0,0,0,0,0,0,0,0,0,0,0,0,0,0,0,0,0,0,0,0,0,0,0,0,0,0,0,0,0,0,0,0,0,0,0,0,0,0,0,0,0,0,0,0,0,0,0,0,0,0,0,0,0,0,0,0,0,0,0,0,0,0,0,0,0,0,0,0,0,0,0,0,0,0,0,0,0,0,0,0,0,0,0,0,0,0,0,0,0,0,0,0,0,0,0,0,0,0,0,0,0,0,0,0,0,0,0,0,0,0,0,0,0,0,0,0,0,0,0,0,0,0,0,0,0,0,0,0,0,0,0,0,0,0,0,0,0,0,0,0,0,0,0,0,0,0,0,0,0,0,0,0,0,0,0,0,0,0,0,0,0,0,0,0,0,0,0,0,0,0,0,0,0,0,0,0,0,0,0,0,-0.42319405,-0.649913,-0.26047507,0.5341393,0.9038125,0.27400857,-0.774828,-1.2838999,-0.4405012,0.57361645,-0.92891955,-0.266645,0.054609887,-0.40238357,-0.14152083,-0.8253378,-0.90136397,-0.5613901,0.4574334,1.3032373,-0.40248814,-0.8215208,0.43526348,-0.63485414,-0.8832202,-0.5269326,0.09868832,0.12870139,1.5912373,0.30386478,-0.08206985,0.56357723,-0.27924633,0.20796937,-0.11208293,-0.6954555,0.52352494,0.662819,0.39955106,-0.26272345,-0.7003705,0.5929105,-0.47239664,-0.85169077,-0.06669731,-0.2709849,0.15756413,-0.40620056,0.6872896,-0.23699796,-0.6472463,0.9746622,-0.09169077,0.98820466,0.18611315,1.0295641,-0.55156004,-0.010435866,-0.6778346,1.1398387,0.47411317,0.0318125,-0.13822672,-0.55166465,-0.67318094,-0.4229849,-0.032710377,0.69382554,0.5253027,0.084936686,0.49847916,0.19155106,-0.5926058,-0.032553513,0.075629495,-1.6488672,-1.0376254,0.7350805,-0.08248816,1.0843092,0.37304127,-0.85597837,0.4427929,-1.2585404,-0.13566463,-0.18110253,-0.8724489,0.18789093,1.1218517,-0.7524489,-0.46094567,0.6604661,0.18219158,-0.40729862,-0.166462,-0.77059275,0.11113276,0.0103223035,0.22004779,0.25842687,-0.5311156,0.12791708,0.013093546,1.2729106,-0.5791156,0.8180609,-0.03307639,1.0798125,-0.60238355,-0.12023979,0.29152492,1.0354203,-0.38455352,-0.44729862,0.4490151,-0.38952082,0.273538,-0.42303717,0.3467406,0.36645302,0.30715892,-0.42037052,-1.4800307,-0.47657967,0.8107406,1.1392635,1.0096426,1.1388974,-0.09122018,0.41936806,0.40258375,0.98616546,-0.1972594,0.6266883,0.06653146,-0.21707639,0.68085825,-0.004422794,-0.20996527,-1.3820437,0.050949756,-0.06742933,0.34956414,0.63411313,-0.2687365,-0.14993913,0.45220464,-0.7189849,-0.61676264,-0.76170385,0.9647798,0.54046607,0.10475367,0.3964138,-0.36395222,-0.89895874,0.056596816,0.3290151,-0.74565154,-0.47108945,0.16237459,-0.14915483,-0.3997692,0.01947263,-0.5537561,0.20143342,-0.010801879,-0.09597835,0.13471445,0.29236153,0.2524138,-0.31501102,1.481172,0.35761642,-0.08112868,0.54579943,-1.044841,-0.56923324,0.23379943,1.1759694,-0.30946854,0.35238767,-0.38220057,-0.3109326,-0.2806058,-0.04578227,-0.53158617,0.4485968,-0.3441875,0.43196937,0.30564258,0.36383864,1.2998909,-0.41937703,0.015132762,0.5300609,0.53068835,-0.93901104,-0.5374424,-0.1530764,-0.5749326,-0.32813522,0.18125041,0.5633681,-0.89477575,-0.60682803,0.6499563,-0.8958738,0.33293667,0.51076674,0.6398648,-0.7896254,-0.36457965,0.47887132,-0.39501104,-0.07401756,-0.10575613,-0.09508946,-0.018435866,-0.9311679,0.49058375,0.7683354,-0.34282804,0.07254452,-0.46936396,-0.619377,0.23855759,0.17345956,-0.12745547,0.16985172,-0.122226715,-0.26910254,0.13257067,0.97518504,0.36043996,-0.49848816,0.4318125,-0.62690645,0.4229759,-0.5887888,1.0279433,-0.41922018,-0.31956005,-0.03129861,-0.5012071,0.52551186,0.35913277,0.6734857,0.22219159,0.2570674,0.6574334,0.2595772,0.7096164,-0.73989993,0.7801524,-0.29226592,0.3847014,0.6148713,0.6361524,-0.6587496,0.45079288,-0.5197692,0.18993014,-0.4428019,0.3475772,0.29293668,-0.4052594,-0.18769076,0.1926491,0.4763615,0.054348446,-0.045886848,-0.8858346,-0.12332475,-0.14110254,-0.29613522,-0.19631822,0.35630924,0.09732884,-0.09953391,0.6418517,-0.22282802,0.03683211,-0.17336397,-1.1041875,-0.9424097,0.031446487,0.8995772,0.5341393,-0.11793914,0.11311969,0.19301511,-0.4911679,0.87526345,-0.31025285,-0.5225927,0.1324138,-0.27783456,-0.89880186,0.35087132,-0.12295874,-0.33592606,1.2074988,-0.31715482,0.72896284,-0.33252737,-0.89822674,-0.210279,-0.18993914,-0.31809598,1.3540609,-0.9954816,0.67353797,0.75793016,0.11934191,-1.0717169,1.1159432,0.01670139,-0.8770502,-0.8458868,-0.6974424,1.0363616,-0.7217561,-0.2822267,-0.7267757,0.1792112,0.014243873,-1.1871156,0.23479289,0.009904004,0.07447917,0.302453,-0.58518094,-1.2477169,0.28138113,0.912806,-0.046775736,0.24640073,0.11165564,-0.26842278,0.97487134,0.36336806,-1.2702528,0.12185171,0.6146099,-0.24295874,0.52227,-0.12322018,-0.28342932,-0.30565155,0.8869236,-0.6528411,0.84294975,-0.0053639705,0.3748713,-0.37221363,-1.2949849,0.6449367,0.79196936,-0.44410908,0.5493027,0.4448844,-0.102200575,-0.52097183,-0.06591299,0.020100081,-0.01597835,0.05021773,0.51620466,-1.2973901,-0.040919527,-0.33388683,-0.7808411,-0.8532071,-0.4326058,-0.042383578,0.7943746,-0.24552083,0.4726491,-0.17210907,0.21811315,0.5496687,-0.25681496,0.6679955,0.5623223,0.5231589,-1.0511678,-0.55082804,-0.5005274,0.02166871,-0.09848815,-0.11736397,0.24530269,-0.091272466,-0.14214829,-0.31448814,0.57691056,0.35908046,0.21931577,-0.24876267,0.021511847,0.25905433,1.13027,-0.3091548,-0.26057965,-0.23412214,0.5039171,-0.11595221,-0.40803063,0.06454453,-0.69127244,-0.81739014,0.45884517,0.49649224,-0.09085417,-0.03783456,0.3652504,0.6085968,0.7401001,0.4200478,0.31364256,-0.32813522,0.53528965,-0.54654044,-0.5944359,-0.20536397,-0.9046581,-0.47035745,0.9308975,0.26773408,-0.20165156,0.09764256,1.2518909,0.02036152,-0.06706332,0.64943343,0.13173407,-0.4485535,-0.29247507,-0.7043444,0.5923354,0.51636153,-0.45754698,0.77230924,-0.55025285,0.8984269,-0.13247508,-0.92175615,-0.6294163,0.3274465,-1.1641613,-0.058906455,-0.21556005,-0.50894564,-0.3197692,0.20953798,0.63244,-0.054409724,-0.19349469,-0.2090241,0.30428308,0.47672755,0.23196936,0.005930147,-0.54580843,0.5840216,-0.9049195,0.4844661,-0.41639665,-0.43558618,-0.8082921,0.37774715,-0.7543313,1.2177471,1.0161785,0.43045303,0.24227002,0.043420345,0.70689744,-0.8763705,-0.25461888,-0.8517953,-0.84081495,-0.13749468,-0.24729861,0.37759027,0.16049224,-0.787011,-1.0377823,-0.3050241,0.3521785,0.19155106,-0.086095996,-1.4895992,-0.0801875,-0.4283705,-0.43187377,-0.16426593,-0.11971691,-0.37414828,-0.2650764,0.15379943,0.10966871,-0.37090644,-0.16290645,0.22475368,-0.43438357,0.28059682,0.35149878,-0.84212214,-0.2553509,0.0158125,-0.3967888,-0.70084107,-0.2528934,-0.18837051,-0.5281875,0.90998244,0.5629498,-0.092579655,-0.23401757,-0.64656657,-0.06157312,0.6006491,-0.6556646,-0.08410907,-0.056448936,-0.32593915,0.59672755,-0.04578227,-0.0053639705,-0.18204372,0.009171977,-0.032553513,-1.0161352,0.80132884,0.39745957,-0.54293257,0.766087,-0.057076387,0.5435511,-0.22340319,0.22308047,0.106897466,0.8606752,-0.48170385,0.7122831,0.38736805,0.037930146,-0.44452736,0.28389093,0.42443994,-0.38340318,-0.721913,-0.4583313,-0.1846058,0.4890151,-0.8813378,0.5251458,-0.14314175,-0.46648815,-0.5081091,-0.0746973,-0.62188685,-0.4372071,0.1640478,-0.60782146,0.122322306,0.22276674,0.5724138,-0.17414829,0.19824387,1.018636,0.6633942,-0.1357692,0.12164257,-0.7446581,0.21670139,0.2746883,0.058531456,0.3025576,-0.023716912,0.019681782,0.7510282,0.5964138,0.55996937,-0.23495874,0.19866218,-0.40290645,-0.35490644,0.6876556,0.00059681374,-0.5807888,-0.22340319,0.046139296,-0.31929862,0.15427002,-0.25634435,-0.857913,-1.3246843,0.67379946,0.31777328,-0.31276268,0.8504792,0.8174334,0.4447798,0.74694973,-0.09524632,-0.3024097,-0.27025285,-0.19992606,0.0318125,-0.9405274,0.74945956,-0.9568934,0.5706883,-0.032919526,-1.0341744,0.15547264,0.2983746,0.7269759,0.36519814,-0.6895993,-0.3538607,-0.5686581,0.104962826,0.6180609,0.052256946,0.19860989,-1.0263835,0.9334596,-0.2751156,0.5992373,-0.44599143,-0.3850764,-0.21916789,0.80132884,0.49769485,0.36932883,-0.30899796,1.0574334,0.49638766,-0.45142934,0.89047915,-0.15312868,0.406087,-0.20583455,0.14067525,-0.20855351,0.32551184,-0.03213521,0.07280596,-0.96081495,0.9512373,-0.010488153,0.03526348,-0.09268423,0.04373407,0.025799427,-0.21901102,-0.06476267,-0.46680188,-0.0056254086,-0.038828023,0.6673158,0.38621774,-0.06371691,0.20111969,-0.20112868,-0.69090647,0.43704125,-0.11820057,-0.64374304,0.12159028,-0.34565157,-1.0417038,0.52211314,0.03526348,-1.0554032,0.6627145,0.15902819,0.15834844,-0.03694567,-0.3083705,0.16378635,0.053564135,-0.60379535,0.52425694,0.19536805,-0.34120712,-0.4582267,0.3307406,-0.24688031,0.43798244,0.38940728,-0.15333782,-0.8067235,-0.47448814,-0.68201756,-0.21038358,-0.014723448,-0.5733117,-0.14706331,-0.52834433,-0.30141625,-0.47114176,-0.14225286,0.13633537,0.2633942,0.00059681374,-0.70272344,0.76875365,1.1143746,-0.14554697,0.22522427,-0.8223574,0.26951185,-0.65189993,-0.9117692,0.5867929,-0.23239665,0.68054456,0.10966871,-0.11820057,-0.66183454,0.5829236,0.32305434,-0.7333117,-1.0981221,-0.0906973,-0.16369076,-0.71966463,-0.470096,-0.23647508,0.473904,-0.1260437,0.032753676,0.1749759,-0.32677573,-0.23485416,-0.13514175,-0.2839522,-0.12928554,-0.16452737,-0.83406985,0.64294976,0.8070282,-0.5358738,0.28159028,-0.273913,-0.4200045,-0.041390114,0.35667524,0.11808701,-0.33545548,0.23662296,-0.14444894,-0.12363848,0.31442687,-0.8684228,-0.62847507,-0.058331292,-0.20301104,0.44420466,-0.19872345,-0.00086723856,0.4714988,0.48300204,0.8946622,0.088805966,0.046714462,0.28059682,-0.48489338,-0.350096,0.13576022,-0.34136397,0.98993015,0.09298897,0.009590277,-0.34774306,-0.66983455,0.8093811,0.1025576,0.060256943,-0.36452737,-0.7143836,-0.5387496,-0.31825286,0.41926348,-0.020370506,-0.77373,0.10443995,0.04885825,0.67704123,0.16922426,-0.19459273,-0.86235744,1.0259563,-0.8655993,0.30658373,-0.24902411,0.309355,-0.56661886,0.26240075,-0.095821485,-0.7595078,-0.4112202,-0.802645,0.40342033,-0.22178227,0.008596813,0.6327537,0.11379943,-0.020527368,0.62951183,0.103028186,0.37952492,-0.5231679,1.0858256,-0.34779534,0.10585172,0.1838125,-0.5515078,0.38438767,-0.012370506,0.30449224,0.7660347,0.5072112,0.56556416,0.21210009,-0.5329457,0.46114585,0.6697733,0.077564135,0.6725968,-0.19631822,0.012675245,-0.15140319,-0.19422671,0.7227406,-0.34199142,0.12885825,0.4393942,-0.6474032,-0.15966463,-0.17566462,0.1594465,0.32352492,-0.38220057,0.5165707,0.06966871,-0.11814828,0.5627406,1.2093289,-1.2611548,0.43745956,-0.22831821,-0.028422793,-0.9125012,0.36640075,0.07359028,-0.20855351,0.19123733,-0.25006986,0.42569485,0.21926348,-0.12567769,-0.24651429,-0.25969076,0.47196937,-0.430096,-0.18575613,0.083681785,-0.17106332,0.36085826,-0.038618874,0.28603473,0.5587667,0.109511845,0.31374714,-0.38230515,-0.38413522,0.49565563,-0.38319403,0.6400216,0.21434845,0.10402165,0.61393017,-0.27480188,0.03960335,-0.70784765,0.04634845,-0.49597836,0.27233538,-3.0637257e-05,-0.66382146,-0.055664625,0.20901512,0.9245707,-0.11563848,1.3719432,-0.21989992,-0.20107639,-0.54695874,0.11693668,-0.37305024,0.28519812,0.120439954,-0.4385666,0.86161643,0.25821772,-0.3530241,0.44258374,1.2032112,0.00802165,0.26559028,-1.3419391,-0.5762921,0.65717196,-0.2418607,-0.022566585,0.07196936,0.13058375,-0.28097183,0.23657067,-0.3896777,0.1118125,0.6294073,0.32488438,0.86015236,0.2432112,-0.023089461,-0.05550776,0.6896949,0.8333811,1.1166229,0.25722426,0.4528321,0.64959025,0.6555511,0.065381125,-0.32573,-0.07380842,-0.7652594,-0.50099796,0.037302695,0.19458374,-0.31699795,-0.7749849,0.2528321,-0.36625287,-0.8703051,-0.4695731,-0.0326058,-0.19950776,-0.90471035,-0.78565156,0.23296283,-0.6357431,-0.3883182,0.9447014,-0.5731548,-1.0081352,1.0870281,-0.20003064,0.28216544,-0.30643585,-0.21425286,0.20509355,-0.22722018,0.6831066,0.44843996,-0.6797169,-0.27250123,0.88859683,0.6775119,0.35782558,-0.38261887,-0.047194038,0.3926491,-0.6853117,0.032753676,-0.64071035,-0.22868423,0.13142034,-0.21435744,0.12122426,-0.068422794,0.4275772,1.1617471,-0.05095874,0.09947263,0.07102819,-0.6700437,-0.33770385,0.4023746,-0.21006985,0.27662295,0.41816545,0.026949754,-0.5298084,0.4334334,-1.158828,0.4882831,1.0713942,-0.016710376,-0.0014424019,0.67494977,0.5442831,0.015341911,-0.15192606,-0.31359926,-0.15203063,-0.4074032,0.4039432,-0.5552202,0.28352493,0.18135498,-1.2408673,0.6994726,0.2637602,-0.029207109,-0.13331169,-0.10957312,-0.008971814,-0.80625284,-0.21346855,0.30815238,-0.40546855,-1.5445012,0.30830923,0.027524918,0.38914582,-0.68274957,0.3164661,0.71301514,-1.1969457,0.1720478,-0.18084109,0.647185,1.2184268,-0.9080045,0.21487132,0.38768178,-0.0014946895,0.12734191,-0.02005678,0.5046491,0.22349878,-0.067115605,-0.18188685,-0.06732476,0.8993158,0.185538,1.141355,-0.21242279,-1.0120568,0.869721,-0.6603182,-1.3280306,1.1016164,0.6558648,1.0874465,-0.313547,-0.20625286,-0.27579534,-0.5279261,0.5002047,-0.12264501,-0.11736397,0.45968178,-0.2586973,0.6460347,-0.6573901,-0.24091953,-0.7956908,-0.91542935,0.8579563,0.8962308,-0.087037176,-0.22329861,0.3506099,-0.40337706,0.3045968,-0.5407888,0.72347265,-0.7510372,0.8722831,0.006819036,-0.25127247,0.084047794,-0.9555339,-0.57210904,0.0229759,0.08227002,0.05000858,-0.6641352,0.70731574,-0.008030637,-0.15579534,-0.9087365,-0.004788807,-1.0625666,0.3333027,0.8786099,0.785538,-0.8579653,0.8958125,0.1614857,-1.4127887,0.19066218,0.37528962,-0.6229326,-0.53017443,-1.1749849,-0.66397834,-1.0450503,-0.16661887,0.6570151,-0.69237053,-0.90350777,-0.48876268,-0.032553513,0.14454453,-0.26094568,0.89393014,1.0763615,1.0427406,0.34789094,0.773721,-0.15945548,0.18407394,-0.09890646,0.19892362,0.8077079,0.034949753,0.13183865,-1.0025927,0.02140727,-0.57895875,0.48938113,-0.15156005,-0.44468424,-0.7840306,-0.7863313,-1.0426973,-0.38748163,-0.28881496,0.61037457,0.09936806,-0.6753771,0.08681904,
1,0,0,0,0,0,0,0,0,0,0,0,1,0,0,0,0,0,0,0,0,0,0,0,0,0,0,0,0,0,0,0,0,0,0,0,0,0,0,0,0,0,0,0,0,0,0,0,0,0,0,0,0,0,0,0,0,0,0,0,0,0,0,0,0,0,0,0,0,0,0,0,0,0,0,0,0,0,0,0,0,0,0,0,0,0,0,0,0,0,0,0,0,0,0,0,0,0,0,0,0,0,0,0,0,0,0,0,0,0,0,0,0,0,0,0,0,0,0,0,0,0,0,0,0,0,0,0,0,0,0,0,0,0,0,0,0,0,0,0,0,0,0,0,0,0,0,0,0,0,0,0,0,0,0,0,0,0,0,0,0,0,0,0,0,0,0,0,0,0,0,0,0,0,0,0,0,0,0,0,0,0,0,0,0,0,0,0,0,0,0,0,0,0,0,0,0,0,0,0,0,0,0,0,0,0,0,0,0,0,0,0,0,0,0,0,0,0,0,0,0,0,0,0,0,0,0,0,0,0,0,0,0,0,0,0,0,0,0,0,0,0,0,0,0,0,0,0,0,0,0,0,0,0,0,0,0,0,0,0,0,0,0,0,0,0,0,0,0,0,0,0,0,0,0,0,0,0,0,0,0,0,0,0,0,0,0,0,0,0,0,0,0,0,0,0,0,0,0,0,0,0,0,0,0,0,0,0,0,0,0,0,0,0,0,0,0,0,0,0,0,0,0,0,0,0,0,0,0,0,0,0,0,0,0,0,0,0,0,0,0,0,0,0,0,0,0,0,0,0,0,0,0,0,0,0,0,0,0,0,0,0,0,0,0,0,0,0,0,0,0,0,0,0,0,0,0,0,0,0,0,0,0,0,0,0,0,0,0,0,0,0,0,0,0,0,0,0,0,0,0,0,0,0,0,0,0,0,0,0,0,0,0,0,0,0,0,0,0,0,0,0,0,0,0,0,0,0,0,0,0,0,0,0,0,0,0,0,0,0,0,0,0,0,0,0,0,0,0,0,0,0,0,0,0,0,0,0,0,0,0,0,0,0,0,0,0,0,0,0,0,0,0,0,0,0,0,0,0,0,0,0,0,0,0,0,0,0,0,0,0,0,0,0,0,0,0,0,0,0,0,0,0,0,0,0,0,0,0,0,0,0,0,0,0,0,0,0,0,0,0,0,0,0,0,0,0,0,0,0,0,0,0,0,0,0,0,0,0,0,0,0,0,0,0,0,0,0,0,0,0,0,0,0,0,0,0,0,0,0,0,0,0,0,0,0,0,0,0,0,0,0,0,0,0,0,0,0,0,0,0,0,0,0,0,0,0,0,0,0,0,0,0,0,0,0,0,0,0,0,0,0,0,0,0,0,0,0,0,0,0,0,0,0,0,0,0,0,0,0,0,0,0,0,0,0,0,0,0,0,0,0,0,0,0,0,0,0,0,0,0,0,0,0,0,0,0,0,0,0,0,0,0,0,0,0,0,0,0,0,0,0,0,0,0,0,0,0,0,0,0,0,0,0,0,0,0,0,0,0,0,0,0,0,0,0,0,0,0,0,0,0,0,0,0,0,0,0,0,0,0,0,0,0,0,0,0,0,0,0,0,0,0,0,0,0,0,0,0,0,0,0,0,0,0,0,0,0,0,0,0,0,0,0,0,0,0,0,0,0,0,0,0,0,0,0,0,0,0,0,0,0,0,0,0,0,0,0,0,0,0,0,0,0,0,0,0,0,0,0,0,0,0,0,0,0,0,0,0,0,0,0,0,0,0,0,0,0,0,0,0,0,0,0,0,0,0,0,0,0,0,0,0,0,0,0,0,0,0,0,0,0,0,0,0,0,0,0,0,0,0,0,0,0,0,0,0,0,0,0,0,0,0,0,0,0,0,0,0,0,0,0,0,0,0,0,0,0,0,0,0,0,0,0,0,0,0,0,0,0,0,0,0,0,0,0,0,0,0,0,0,0,0,0,0,0,0,0,0,0,0,0,0,0,0,0,0,0,0,0,0,0,0,0,0,0,0,0,0,0,0,0,0,0,0,0,0,0,0,0,0,0,0,0,0,0,0,0,0,0,0,0,0,0,0,0,0,0,0,0,0,0,0,0,0,0,0,0,0,0,0,0,0,0,0,0,0,0,0,0,0,0,0,0,0,0,0,0,0,0,0,0,0,0,0,0,0,0,0,0,0,0,0,0,0,0,0,0,0,0,0,0,0,0,0,0,0,0,0,0,0,0,0,0,0,0,0,0,0,0,0,0,0,0,0,0,0,0,0,0,0,0,0,0,0,0,0,0,0,0,0,0,0,0,0,0,0,0,0,0,0,0,0,0,0,0,0,0,0,0,0,0,0,0,0,0,0,0,0,0,0,0,0,0,0,0,0,0,0,0,0,0,0,0,0,0,0,0,0,0,0,0,0,0,0,0,0,0,0,0,0,0,0,0,0,0,0,0,0,0,0,0,0,0,0,0,0,0,0,0,0,0,0,0,0,0,0,0,0,0,0,0,0,0,0,0,0,0,0,0,0,0,0,0,0,0,0,0,0,0,0,0,0,0,0,0,0,0,0,0,0,0,0,0,0,0,0,0,0,0,0,0,0,0,0,0,0,0,0,0,0,0,0,0,0,0,0,0,0,0,0,0,0,0,0,0,0,0,0,0,0,0,0,0,0,0,0,0,0,0,0,0,0,0,0,0,0,0,0,0,0,0,0,0,0,0,0,0,0,0,0,0,0,0,0,0,0,0,0,0,0,0,0,0,0,0,0,0,0,0,0,0,0,0,0,0,0,0,0,0,0,0,0,0,0,0,0,0,0,0,0,0,0,0,0,0,0,0,0,0,0,0,0,0,0,0,0,0,0,0,0,0,0,0,0,0,0,0,0,0,0,0,0,0,0,0,0,0,0,0,0,0,0,0,0,0,0,0,0,0,0,0,0,0,0,0,0,0,0,0,0,0,0,0,0,0,0,0,0,0,0,0,0,0,0,0,0,0,0,0,0,0,0,0,0,0,0,0,0,0,0,0,0,0,0,0,0,0,0,0,0,0,0,0,0,0,0,0,0,0,0,0,0,0,0,0,0,0,0,0,0,0,0,0,0,0,0,0,0,0,0,0,0,0,0,0,0,0,0,0,0,0,0,0,0,0,0,0,0,0,0,0,0,0,0,0,0,0,0,0,0,0,0,0,0,0,0,0,0,0,0,0,0,0,0,0,0,0,0,0,0,0,0,0,0,0,0,0,0,0,0,0,0,0,0,0,0,0,0,0,0,0,0,0,0,0,0,0,0,0,0,0,0,0,0,0,0,0,0,0,0,0,0,0,0,0,0,0,0,0,0,0,0,0,0,0,0,0,0,0,0,0,0,0,0,0,0,0,0,0,0,0,0,0,0,0,0,0,0,0,0,0,0,0,0,0,0,0,0,0,0,0,0,0,0,0,0,0,0,0,0,0,0,0,0,0,0,0,0,0,0,0,0,0,0,0,0,0,0,0,0,0,0,0,0,0,0,0,0,0,0,0,0,0,0,0,0,0,0,0,0,0,0,0,0,0,0,0,0,0,0,0,0,0,0,0,0,0,0,0,0,0,0,0,0,0,0,0,0,0,0,0,0,0,0,0,0,0,0,0,0,0,0,0,0,0,0,0,0,0,0,0,0,0,0,0,0,0,0,0,0,0,0,0,0,0,0,0,0,0,0,0,0,0,0,0,0,0,0,0,0,0,0,0,0,0,0,0,0,0,0,0,0,0,0,0,0,0,0,0,0,0,0,0,0,0,0,0,0,0,0,0,0,0,0,0,0,0,0,0,0,0,0,0,0,0,0,0,0,0,0,0,0,0,0,0,0,0,0,0,0,0,0,0,0,0,0,0,0,0,0,0,0,0,0,0,0,0,0,0,0,0,0,0,0,0,0,0,0,0,0,0,0,0,0,0,0,0,0,0,0,0,0,0,0,0,0,0,0,0,0,0,0,0,0,0,0,0,0,0,0,0,0,0,0,0,0,0,0,0,0,0,0,0,0,0,0,0,0,0,0,0,0,0,0,0,0,0,0,0,0,0,0,0,0,0,0,0,0,0,0,0,0,0,0,0,0,0,0,0,0,0,0,0,0,0,0,0,0,0,0,0,0,0,0,0,0,0,0,0,0,0,0,0,0,0,0,0,0,0,0,0,0,0,0,0,0,0,0,0,0,0,0,0,0,0,0,0,0,0,0,0,0,0,0,0,0,0,0,0,0,0,0,0,0,0,0,0,0,0,0,0,0,0,0,0,0,0,0,0,0,0,0,0,0,0,0,0,0,0,0,0,0,0,0,0,0,0,0,0,0,0,0,0,0,0,0,0,0,0,0,0,0,0,0,0,0,0,0,0,0,0,0,0,0,0,0,0,0,0,0,0,0,0,0,0,0,0,0,0,0,0,0,0,0,0,0,0,0,0,0,0,0,0,0,0,0,0,0,0,0,0,0,0,0,0,0,0,0,0,0,0,0,0,0,0,0,0,0,0,0,0,0,0,0,0,0,0,0,0,0,0,0,0,0,0,0,0,0,0,0,0,0,0,0,0,0,0,0,0,0,0,0,0,0,0,0,0,0,0,0,0,0,0,0,0,0,0,0,0,0,0,0,0,0,0,0,0,0,0,0,0,0,0,0,0,0,0,0,0,0,0,0,0,0,0,0,0,0,0,0,0,0,0,0,0,0,0,0,0,0,0,0,0,0,0,0,0,0,0,0,0,0,0,0,0,0,0,0,0,0,0,0,0,0,0,0,0,0,0,0,0,0,0,0,0,0,0,0,0,0,0,0,0,0,0,0,0,0,0,0,0,0,0,0,0,0,0,0,0,0,0,0,0,0,0,0,0,0,0,0,0,0,0,0,0,0,0,0,0,0,0,0,0,0,0,0,0,0,0,0,0,0,0,0,0,0,0,0,0,0,0,0,0,0,0,0,0,0,0,0,0,0,0,0,0,0,0,0,0,0,0,0,0,0,0,0,0,0,0,0,0,0,0,0,0,0,0,0,0,0,0,0,0,0,0,0,0,0,0,0,0,0,0,0,0,0,0,0,0,0,0,0,0,0,0,0,0,0,0,0,0,0,0,0,0,0,0,0,0,0,0,0,0,0,0,0,0,0,0,0,0,0,0,0,0,0,0,0,0,0,0,0,0,0,0,0,0,0,0,0,0,0,0,0,0,0,0,0,0,0,0,0,0,0,0,0,0,0,0,0,0,0,0,0,0,0,0,0,0,0,0,0,0,0,0,0,0,0,0,0,0,0,0,0,0,0,0,0,0,0,0,0,0,0,0,0,0,0,0,0,0,0,0,0,0,0,0,0,0,0,0,0,0,0,0,0,0,0,0,0,0,0,0,0,0,0,0,0,0,0,0,0,0,0,0,0,0,0,0,0,0,0,0,0,0,0,0,0,0,0,0,0,0,0,0,0,0,0,0,0,0,0,0,0,0,0,0,0,0,0,0,0,0,0,0,0,0,0,0,0,0,0,0,0,0,0,0,0,0,0,0,0,0,0,0,0,0,0,0,0,0,0,0,0,0,0,0,0,0,0,0,0,0,0,0,0,0,0,0,0,0,0,0,0,0,0,0,0,0,0,0,0,0,0,0,0,0,0,0,0,0,0,0,0,0,0,0,0,0,0,0,0,0,0,0,0,0,0,0,0,0,0,0,0,0,0,0,0,0,0,0,0,0,0,0,0,0,0,0,0,0,0,0,0,0,0,0,0,0,0,0,0,0,0,0,0,0,0,0,0,0,0,0,0,0,0,0,0,0,0,0,0,0,0,0,0,0,0,0,0,0,0,0,0,0,0,0,0,0,0,0,0,0,0,0,0,0,0,0,0,0,0,0,0,0,0,0,0,0,0,0,0,0,0,0,0,0,0,0,0,0,0,0,0,0,0,0,0,0,0,0,0,0,0,0,0,0,0,0,0,0,0,0,0,0,0,0,0,0,0,0,0,0,0,0,0,0,0,0,0,0,0,0,0,0,0,0,0,0,0,0,0,0,0,0,0,0,0,0,0,0,0,0,0,0,0,0,0,0,0,0,0,0,0,0,0,0,0,0,0,0,0,0,0,0,0,0,0,0,0,0,0,0,0,0,0,0,0,0,0,0,0,0,0,0,0,0,0,0,0,0,0,0,0,0,0,0,0,0,0,0,0,0,0,0,0,0,0,0,0,0,0,0,0,0,0,0,0,0,0,0,0,0,0,0,0,0,0,0,0,0,0,0,0,0,0,0,0,0,0,0,0,0,0,0,0,0,0,0,0,0,0,0,0,0,0,0,0,0,0,0,0,0,0,0,0,0,0,0,0,0,0,0,0,0,0,0,0,0,0,0,0,0,0,0,0,0,0,0,0,0,0,0,0,0,0,0,0,0,0,0,0,0,0,0,0,0,0,0,0,0,0,0,0,0,0,0,0,0,0,0,0,0,0,0,0,0,0,0,0,0,0,0,0,0,0,0,0,0,0,0,0,0,0,0,0,0,0,0,0,0,0,0,0,0,0,0,0,0,0,0,0,0,0,0,0,0,0,0,0,0,0,0,0,0,0,0,0,0,0,0,0,0,0,0,0,0,0,0,0,0,0,0,0,0,0,0,0,0,0,0,0,0,0,0,0,0,0,0,0,0,0,0,0,0,0,0,0,0,0,0,0,0,0,0,0,0,0,0,0,0,0,0,0,0,0,0,0,0,0,0,0,0,0,0,0,0,0,0,0,0,0,0,0,0,0,0,0,0,0,0,0,0,0,0,0,0,0,0,0,0,0,0,0,0,0,0,0,0,0,0,0,0,0,0,0,0,0,0,0,0,0,0,0,0,0,0,0,0,0,0,0,0,0,0,0,0,0,0,0,0,0,0,0,0,0,0,0,0,0,0,0,0,0,0,0,0,0,0,0,0,0,0,0,0,0,0,0,0,0,0,0,0,0,0,0,0,0,0,0,0,0,0,0,0,0,0,0,0,0,0,0,0,0,0,0,0,0,0,0,0,0,0,0,0,0,0,0,0,0,0,0,0,0,0,0,0,0,0,0,0,0,0,0,0,0,0,0,0,0,0,0,0,0,0,0,0,0,0,0,0,0,0,0,0,0,0,0,0,0,0,0,0,0,0,0,0,0,0,0,0,0,0,0,0,0,0,0,0,0,0,0,0,0,0,0,0,0,0,0,0,0,0,0,0,0,0,0,0,0,0,0,0,0,0,0,0,0,0,0,0,0,0,0,0,0,0,0,0,0,0,0,0,0,0,0,0,0,0,0,0,0,0,0,0,0,0,0,0,0,0,0,0,0,0,0,0,0,0,0,0,0,0,0,0,0,0,0,0,0,0,0,0,0,0,0,0,0,0,0,0,0,0,0,0,0,0,0,0,0,0,0,0,0,0,0,0,0,0,0,0,0,0,0,0,0,0,0,0,0,0,0,0,0,0,0,0,0,0,0,0,0,0,0,0,0,0,0,0,0,0,0,0,0,0,0,0,0,0,0,0,0,0,0,0,0,0,0,0,0,0,0,0,0,0,0,0,0,0,0,0,0,0,0,0,0,0,0,0,0,0,0,0,0,0,0,0,0,0,0,0,0,0,0,0,0,0,0,0,0,0,0,0,0,0,0,0,0,0,0,0,0,0,0,0,0,0,0,0,0,0,0,0,0,0,0,0,0,0,0,0,0,0,0,0,0,0,0,0,0,0,0,0,0,0,0,0,0,0,0,0,0,0,0,0,0,0,0,0,0,0,0,0,0,0,0,0,0,0,0,0,0,0,0,0,0,0,0,0,0,0,0,0,0,0,0,0,0,0,0,0,0,0,0,0,0,0,0,0,0,0,0,0,0,0,0,0,0,0,0,0,0,0,0,0,0,0,0,0,0,0,0,0,0,0,0,0,0,0,0,0,0,0,0,0,0,0,0,0,0,0,0,0,0,0,0,0,0,0,0,0,0,0,0,0,0,0,0,0,0,0,0,0,0,0,0,0,0,0,0,0,0,0,0,0,0,0,0,0,0,0,0,0,0,0,0,0,0,0,0,0,0,0,0,0,0,0,0,0,0,0,0,0,0,0,0,0,0,0,0,0,0,0,0,0,0,0,0,0,0,0,0,0,0,0,0,0,0,0,0,0,0,0,0,0,0,0,0,0,0,0,0,0,0,0,0,0,0,0,0,0,0,0,0,0,0,0,0,0,0,0,0,0,0,0,0,0,0,0,0,0,0,0,0,0,0,0,0,0,0,0,0,0,0,0,0,0,0,0,0,0,0,0,0,0,0,0,0,0,0,0,0,0,0,0,0,0,0,0,0,0,0,0,0,0,0,0,0,0,0,0,0,0,0,0,0,0,0,0,0,0,0,0,0,0,0,0,0,0,0,0,0,0,0,0,0,0,0,0,0,0,0,0,0,0,0,0,0,0,0,0,0,0,0,0,0,0,0,0,0,0,0,0,0,0,0,0,0,0,0,0,0,0,0,0,0,0,0,0,0,0,0,0,0,0,0,0,0,0,0,0,0,0,0,0,0,0,0,0,0,0,0,0,0,0,0,0,0,0,0,0,0,0,0,0,0,0,0,0,0,0,0,0,0,0,0,0,0,0,0,0,0,0,0,0,0,0,0,0,0,0,0,0,0,0,0,0,0,0,0,0,0,0,0,0,0,0,0,0,0,0,0,0,0,0,0,0,0,0,0,0,-0.25642246,-1.3489132,-0.44869918,0.66228634,-0.36156845,-0.9214109,1.2297322,0.15258516,0.23738696,-0.71632487,0.89532,0.76469237,-0.13956313,0.98888963,0.27156797,0.06476943,0.116075195,0.030245928,0.68406904,0.4709686,0.2896517,0.856755,0.14991371,0.09888194,-1.0610803,-0.33841577,0.24827829,-0.1908004,0.28170583,0.5550169,-0.36417142,-0.079147,0.1845742,0.25567618,-0.91250604,0.02380702,0.122377105,-0.6922132,-0.2932749,-0.5893277,0.26471806,0.4214438,-0.4559601,-0.2184055,0.31431136,-0.31964704,-0.032841664,-0.40506533,-0.35307455,-0.42588902,0.22861907,-0.42493004,-0.23614675,0.8267525,0.14169383,0.14648876,0.01887509,0.2417709,0.022231543,-0.1000392,-0.45130214,-0.0035925861,0.055864558,0.2959536,0.64221615,0.07333181,-0.7528348,0.5262473,-0.32409948,-0.084215924,-0.12367136,-0.19826679,0.44144553,0.32458618,0.00017485979,-0.18792343,0.39719516,0.17560084,-0.031951178,0.091895044,-0.09949121,-0.07716053,-0.30546775,0.28129482,-0.05071991,0.024423512,0.03421887,0.616118,-0.30512527,-0.3306754,-0.09024384,-0.3858856,0.32088724,0.14696825,-0.33985424,-0.22347443,0.5897459,0.43500662,0.26951298,0.685576,0.6030347,-0.23107782,-0.007702527,-0.064351216,0.021546552,-0.03544463,-0.3520471,0.24300388,0.50651956,0.30663946,-0.10298466,0.26300558,0.47590053,0.018669594,-0.078530505,-0.29793286,0.25218275,0.051412124,0.3319156,0.074085295,0.025177,0.443295,-0.13641217,0.100457415,-0.4405478,0.3662336,-0.25114802,-0.5659695,0.27012947,0.36143866,-0.2729307,-0.4892506,0.1782723,-0.20607567,-0.022703812,0.10991028,-0.19963677,0.23259202,-0.20319872,0.34273845,0.1856017,0.10210139,0.20683639,-0.22183044,0.18245074,0.1849852,0.012162187,-0.18963592,0.45500833,0.0029833193,-0.14702952,-0.3299219,-0.12627432,0.024355013,0.028464952,-0.30649522,0.08538763,0.03545185,-0.3014948,-0.2660123,0.38548183,-0.48562017,-0.3441012,-0.184019,-0.123328865,-0.047705952,-0.004072079,-0.08243495,-0.2736842,-0.23648924,-0.121616386,-0.06921464,0.35034183,-0.032225173,0.1715594,-0.80509955,0.21450828,-0.0372941,0.11806166,0.019491581,0.21368629,-0.12415085,0.094772,-0.073461585,-0.23957169,0.030245928,-0.0790785,-0.14004262,0.096621476,-0.22210445,-0.3720488,0.28006184,-0.1556604,-0.028800223,0.0460007,0.0808667,-0.03606112,-0.10805359,-0.022977807,0.8108607,0.55118096,0.07792124,-0.078530505,-0.024827281,-0.17059319,-0.15189296,-0.15504391,-0.3212225,-0.14613904,0.27828085,0.05935801,0.17977928,-0.25916243,-0.44280827,-0.16586675,0.22060469,0.62221444,-0.41725814,-0.13120624,-0.1838135,0.0131896725,-0.009552,0.13580291,0.5590583,0.05634405,0.06929037,0.43911654,-0.0723656,0.17642282,0.039630294,0.11847266,0.19532855,0.19567105,0.43206117,-0.08688739,-0.3305384,-0.22217295,-0.010716484,0.029560937,0.43329415,0.19286259,0.23820893,0.042301755,-0.32704493,0.018053103,0.005243787,-0.26519033,0.0878536,-0.09887472,-0.0153744165,-0.23374927,-0.28300008,-0.13956313,-0.21025412,0.067303896,0.38609833,-0.11791744,-0.02551227,-0.23628373,-0.06400872,0.004764294,-0.13291873,-0.23943469,-0.1555234,0.012778679,0.13189846,-0.2725197,0.15676361,-0.2807396,0.070660345,-0.20888413,0.08518214,-0.04503449,0.05442608,-0.40369534,-0.033663653,0.0021613312,0.019765578,0.0038738067,0.061549976,0.1918351,0.32616168,0.30205002,0.15217417,0.11066377,0.079222724,-0.2460791,0.0040108045,0.04764468,-0.3638289,0.044356726,-0.18258052,0.39233172,0.24368887,-0.057501312,-0.15072846,-0.086065404,0.2408119,0.07614027,-0.062022246,0.33527204,-0.15641388,0.3228737,-0.012497458,0.021067059,-0.0032500909,-0.21217209,-0.10908107,0.14600927,-0.287521,-0.0038665822,0.11703418,-0.15148196,0.07175633,0.18005328,-0.2822466,-0.12695931,0.12833652,0.4208958,0.03976729,-0.24977805,-0.06805016,0.092443034,-0.1978558,0.3585617,-0.23285879,-0.050377414,-0.07469457,0.36034268,-0.007908024,-0.11565697,0.026067488,-0.17922406,0.14196782,-0.19949977,0.01894359,-0.16860671,0.08929208,0.04120577,0.12443207,0.08299017,-0.11558848,-0.14100161,-0.10565612,0.18382072,0.2123848,0.06771489,0.14148833,-0.38184416,0.0023668283,0.18964313,0.43075967,0.17039491,0.089566074,0.015587138,-0.35540354,-0.08168146,0.0390823,0.37582347,0.046480194,-0.07318758,0.06456394,0.030314427,0.079976216,0.06148148,-0.25155902,0.066618904,0.0029148203,0.15970907,0.66694427,-0.09223031,-0.025649268,-0.20402071,0.14107734,-0.44643873,-0.19189638,-0.087161385,0.13121347,0.1366934,-0.10236817,-0.04640447,0.26499206,-0.1209314,-0.4676049,-0.18901943,0.05175462,0.07614027,-0.11688996,-0.22463891,-0.46767342,0.15148918,0.22478314,0.20957635,0.009696223,0.102306895,0.10374537,-0.0861339,-0.19032091,0.30554348,-0.32766142,0.2754724,-0.17805958,-0.23347528,-0.3555405,0.12491157,0.08018171,0.07778425,0.10607434,-0.026745252,-0.149016,-0.0088670105,0.010175716,0.035725847,0.23156454,0.1431323,0.32198325,-0.22813235,-0.27690366,-0.23463976,-0.18073104,0.09100455,-0.22306342,-0.18915641,0.36534312,0.09634748,0.31246188,0.23183852,-0.11545148,0.23478399,-0.15641388,0.018464098,-0.083188444,-0.08236645,0.0131896725,0.05511107,-0.13264473,-0.14976948,0.0039423057,-0.21874799,-0.024347788,-0.37437776,-0.23532476,0.2552652,-0.19949977,-0.18210103,0.16005155,-0.33903226,0.2897887,-0.114218496,0.022094544,0.10662233,0.2884187,-0.10147768,0.19046512,-0.0019486097,0.13107648,-0.046609968,0.36952156,0.077578746,-0.18532047,0.15546213,-0.03791059,0.0460692,-0.11195803,-0.30416626,-0.14271408,-0.008456016,-0.07599605,0.12367859,0.3671926,0.16655897,0.12772003,0.19587655,0.26923898,0.025656493,0.061618477,0.0812092,0.21135733,0.086689115,-0.13689166,0.093128026,-0.048870437,0.27437642,-0.13874115,0.014559653,-0.40143487,-0.27861613,0.25389522,-0.026882252,0.015039146,-0.043185018,-0.25662795,-0.1069576,-0.14716652,0.32643566,0.29321364,-0.08298294,0.3944552,-0.24238016,0.24320936,0.014011661,0.07326331,-0.14381006,-0.07832501,0.3169828,0.14943421,-0.24998355,0.02312203,-0.1771006,0.25841615,-0.29060346,-0.0723656,-0.14682403,0.35383528,-0.2594364,0.35828772,0.30663946,0.06257746,-0.1693602,-0.094696276,-0.08168146,-0.03386915,0.05511107,-0.46657744,-0.29348043,-0.057158817,0.08977157,0.06476943,0.35595876,0.5236443,0.019765578,0.46124172,0.15621562,0.05860452,-0.08880536,0.2063569,0.05106963,-0.0931208,-0.01167547,0.09621048,0.18286173,-0.013250947,-0.21313107,0.026889475,0.28677475,-0.120999895,0.16073655,-0.20662367,0.4000036,0.16012006,-0.07620154,0.43939054,0.067303896,0.0664819,-0.22093996,-0.21737802,0.29752907,-0.023868294,-0.05626833,-0.11812294,0.13895386,-0.25744992,-0.1354532,0.09778596,0.024149515,0.11586969,0.057714034,0.20121947,0.09395001,-0.0012636195,-0.090654835,-0.46541294,-0.009483501,-0.24238016,-0.07442057,0.10381387,-0.2114186,0.19580805,0.22464614,-0.19977376,0.01264168,-0.13086376,-0.010647984,-0.25607994,0.33623102,0.25663516,0.3660966,-0.004277576,0.2194402,0.21615225,-0.06859815,-0.4047228,-0.35321155,-0.13127474,0.4159639,0.13683039,-0.18895093,-0.0721601,-0.23443426,0.14477628,0.25786814,-0.1488105,-0.18600546,0.07319481,-0.5133622,0.08819609,0.10806081,0.10819781,-0.06736517,-0.40999725,-0.09236731,0.28218532,0.021409554,-0.34053925,0.12511706,0.0112717,0.010107217,0.2057404,-0.01304545,-0.13593268,-0.009346504,-0.17915556,-0.13394621,-0.0065380437,0.17409386,-0.0037295842,-0.30115232,0.15881857,0.018532597,0.3863038,0.24396285,0.16094205,0.040794775,-0.1694972,0.26156712,0.46624216,0.22492012,-0.43020445,0.13484393,0.198411,-0.04037656,0.20019199,-0.042020533,-0.2329273,-0.28717852,0.055385064,0.06524892,0.15224268,-0.16641475,0.40404505,-0.091202825,0.22567362,0.21265881,0.11730818,-0.30026183,-0.069968134,0.10312888,0.073537305,0.0022298303,0.05798803,-0.1556604,-0.1904579,-0.29258993,-0.28491804,0.16580547,-0.090586334,0.07168783,0.28807622,-0.04366451,-0.13894664,0.10655383,-0.25546345,0.11066377,-0.13737117,-0.23107782,-0.32540095,0.304516,0.1014849,-0.4127372,-0.4460962,0.03641084,-0.22292644,-0.15675639,0.31451684,0.20039748,0.070112355,0.10703333,-0.15997584,0.18779366,0.23930492,-0.08812037,-0.25580597,-0.18079954,0.01613513,0.04257575,0.052782103,-0.13764516,-0.3080022,-0.35999295,0.31520182,0.03421887,-0.26786178,0.13833737,-0.052569382,-0.02838923,0.16710696,-0.31889355,0.30458447,0.20375393,0.04880916,-0.14052212,-0.07318758,0.047165185,0.12902151,-0.03400615,0.14854373,-0.27779415,0.14689974,0.079839215,-0.22354293,0.19019113,0.16840844,-0.23484527,-0.08531191,-0.25642246,0.198685,0.3041735,0.32218874,0.13758388,0.05250811,0.25184023,0.048740663,0.1644355,-0.19025241,-0.05756981,-0.40869576,0.24430536,-0.22203594,-0.043185018,0.11929465,0.058878515,0.09860794,0.39911312,-0.3169756,-0.28375354,-0.12668532,0.016203629,-0.11921892,0.10374537,0.038808305,0.12593906,0.26574555,0.116143696,0.001407842,-0.11154703,0.0068877633,-0.33307284,-0.18614246,-0.15929085,0.079222724,0.14573526,-0.109560564,-0.11456099,0.05353559,0.055042572,-0.21340507,-0.21511754,0.043740235,0.16854544,-0.034828138,-0.18182702,-0.25744992,0.17025791,0.086757615,-0.13860415,-0.18203253,-0.13038427,0.19108161,0.01476515,-0.13401471,-0.030033207,-0.117643446,-0.08414743,0.29992655,-0.10990306,-0.20402071,-0.20326722,0.18224524,-0.19908878,0.056070056,-0.3363608,0.12080163,-0.052980375,0.1367619,0.013806164,0.027094973,-0.06743367,-0.24313365,-0.27032775,-0.29820687,0.23841444,-0.2754652,0.14285831,0.008600239,0.35061583,-0.23833871,0.36465812,-0.028731724,-0.17031918,-0.15045448,-0.047705952,0.17416236,0.04189076,-0.0165389,0.11792467,-0.0719546,-0.20347272,-0.16778472,-0.0021541067,0.03497236,-0.028526228,-0.0020856077,-0.43027297,-0.1212739,0.14902322,-0.25518948,0.12080163,-0.20251372,-0.018114377,-0.32416797,-0.2935489,0.18361522,0.21724825,-0.1629898,0.27876034,-0.23183131,0.020793064,0.07456479,0.29293966,-0.1766896,0.10484135,-0.19264987,0.110869266,0.1363509,-0.15805787,0.040657777,-0.08907936,0.11682868,-0.26354635,-0.10764259,0.18635519,-0.0859969,-0.05010342,-0.148742,-0.013935938,-0.1631953,0.110869266,0.0030518183,-0.21874799,0.019560082,-0.2390922,-0.049555425,0.027711464,0.050179143,-0.19840379,-0.08955885,-0.3982839,-0.38198113,-0.27258822,0.30622846,-0.05202139,0.098744944,0.14189932,-0.037157103,0.13189846,-0.25286052,0.43254066,0.07024935,0.20060298,0.012710179,0.101690404,0.038397312,0.14977671,0.010860706,0.1433378,0.3034885,0.0673724,0.2123848,-0.0859969,-0.26327235,-0.25135353,0.00085984997,-0.03599262,0.21396029,0.014696651,-0.42232707,-0.27498567,0.03154741,0.3942497,0.33164158,-0.07709203,0.058056526,0.24985377,-0.10134068,0.07888023,-0.15257795,0.21622075,-0.12826079,0.086209625,-0.34615615,-0.25286052,-0.5499407,-0.1699767,0.18779366,-0.39465347,-0.12305487,0.08203118,0.28013033,-0.3232775,-0.10353265,-0.20977463,-0.29690537,0.0071617593,-0.26382035,-0.054487355,-0.28943896,-0.01510042,0.47343457,-0.19607481,-0.17360714,-0.077982515,0.009490726,0.13580291,0.12833652,-0.2532715,0.12587056,0.25595018,0.05374109,0.05154912,-0.0023596038,-0.04647297,0.43959606,0.22211167,-0.1559344,0.032300897,-0.26512182,-0.008113521,-0.09380579,0.15333866,0.09573098,-0.089490354,0.2486208,-0.20744565,-0.25834042,-0.023868294,0.2122478,-0.17942956,0.097100966,0.18436871,0.08573013,0.15087269,-0.3094407,-0.16867521,-0.27539667,-0.14100161,-0.22826935,-0.09442228,0.03065692,-0.34649867,-0.014346931,0.120116636,0.015039146,0.35609573,-0.1283978,0.005791779,-0.2801231,0.31506485,-0.080996476,0.06333095,0.12326759,0.13546042,-0.16846971,0.1367619,0.058741517,-0.10846458,0.064358436,-0.26402584,0.0017503372,-0.46781042,0.14224182,-0.05188439,-0.16100332,0.26417005,0.09908744,0.13566591,-0.0305127,0.24183938,0.24478485,0.018053103,-0.012702955,-0.09935421,0.24608633,0.11682868,0.1710114,0.04045228,-0.36581537,-0.36019847,-0.041472543,0.14491329,0.16210653,-0.13833015,0.14943421,-0.17299065,-0.14668703,-0.29375443,0.28698024,0.2057404,0.13559741,0.00503829,0.3856188,0.14018685,-0.38232365,-0.21730952,-0.12558933,1.2208273,0.11408872,-1.8320369,1.2815859,0.040931772,1.2910388,-0.94552255,1.1499994,0.84860367,-0.9979928,0.37041205,-0.84188354,0.31958577,-1.6522269,0.9126502,1.6460692,-0.6624161,0.302735,0.7640074,0.62892735,1.310424,-1.505639,-1.3680245,1.6808667,1.5503076,-0.28279456,-1.3461047,0.24122289,-0.54624176,-1.229177,1.4147481,0.6653688,0.020245072,0.7174966,-1.2106823,-0.0862709,-0.0038665822,0.9197741,-0.11894493,0.5887184,0.14806424,-0.6496068,-1.6372256,1.3656342,0.49590224,-0.9197669,-0.08551741,-0.34095025,-0.088394366,1.381526,0.43199265,-0.17264816,-0.026813753,1.3467284,-1.2141757,-0.5323365,-0.4202036,0.115390204,-0.6314546,-0.3231405,-0.6682385,-0.04989792,1.2535013,-1.223286,-1.403644,0.36869955,0.7709943,-1.0139531,-0.1689492,-1.4070004,-1.1834881,1.276791,-1.1635549,0.05004214,-0.4891136,-0.56740797,-0.59131414,0.4654202,0.29389864,0.6585874,-0.8522269,0.51741093,-1.6636662,0.9170342,0.11751367,-1.7756621,-1.6614058,-1.3387754,-1.4254951,1.3345357,1.2463775,-0.739135,0.55330443,-1.1894475,1.8098503,0.52795976,1.4993443,-0.3150576,0.5960478,0.97998476,1.7518317,1.4314618,-0.5163077,-0.58480674,0.39150974,1.2676806,-0.49938846,-0.09380579,0.6318043,0.87518126,-0.22895434,-1.162048,-0.39602345,0.36150718,-1.2143127,-0.30560476,-0.879695,0.8749758,-1.2696599,1.4435861,-0.69289815,0.4860384,1.557226,-0.9700452,-0.7662606,-1.2460963,0.1502562,-0.0020171087,
0,0,0,0,0,0,0,0,0,0,0,0,0,0,0,0,0,0,0,0,0,0,0,0,0,0,0,0,0,0,0,0,0,0,0,0,0,0,0,0,0,0,0,0,0,0,0,0,0,0,0,0,0,0,0,0,0,0,0,0,0,0,0,0,1,0,0,0,0,0,0,0,0,0,0,0,0,0,0,0,0,0,0,0,0,0,0,0,0,0,0,0,0,0,0,0,0,0,0,0,0,0,0,0,0,0,0,0,0,0,0,0,0,1,0,0,0,0,0,1,0,0,0,0,0,0,0,0,0,0,0,0,0,0,0,0,0,0,0,0,0,0,0,0,0,0,0,0,0,0,0,0,0,0,0,0,0,0,0,0,0,0,0,0,0,0,0,0,0,0,0,0,0,0,0,0,0,0,0,0,0,0,0,0,0,0,1,0,0,0,0,0,0,0,0,0,0,0,0,0,0,0,0,0,0,0,0,0,0,0,0,0,0,0,0,0,0,0,0,0,0,0,0,0,0,0,0,0,0,0,0,0,0,0,0,0,0,0,0,0,0,0,0,0,0,0,0,0,0,0,0,0,0,0,0,0,0,0,0,0,0,0,0,0,0,0,0,0,0,0,0,0,0,0,0,0,0,0,0,0,0,0,0,0,0,0,0,0,0,0,0,0,0,0,0,0,0,0,0,0,0,0,0,0,0,0,0,0,0,0,0,0,0,0,0,0,0,0,0,0,0,0,0,0,0,0,0,0,0,0,0,0,0,0,0,0,0,0,0,0,0,0,0,0,0,0,0,0,0,0,0,0,0,0,0,0,0,0,0,0,0,0,0,0,0,0,0,0,0,0,0,0,0,0,0,0,0,0,0,0,0,0,0,0,0,0,0,0,0,0,0,0,0,0,0,0,0,0,0,0,0,0,0,0,0,0,0,0,0,0,0,0,0,0,0,0,0,0,0,0,0,0,0,0,0,1,0,0,0,0,0,0,0,0,0,0,0,0,0,0,0,0,0,0,0,0,0,0,0,0,0,0,0,0,0,0,0,0,0,0,0,0,0,0,0,0,0,0,0,0,0,0,0,0,0,0,0,0,0,0,0,0,0,0,0,0,0,0,0,0,0,0,0,0,0,0,0,0,0,0,0,0,0,0,0,0,0,0,0,0,0,0,0,0,0,0,0,0,0,0,0,0,0,0,0,0,0,0,0,0,0,0,0,0,0,0,0,0,0,0,0,0,0,0,0,0,0,0,0,0,0,0,0,0,0,0,0,0,0,0,0,0,0,0,0,0,0,0,0,0,0,0,0,0,0,0,0,0,0,0,0,0,0,0,0,0,0,0,0,0,0,0,0,0,0,0,0,0,0,0,0,0,0,0,0,0,0,0,0,0,0,0,0,0,0,0,0,0,0,0,0,0,0,0,0,0,0,0,0,0,0,0,0,0,0,0,0,0,0,0,0,0,0,0,0,0,0,0,0,0,0,0,0,0,0,0,0,0,0,0,0,0,0,0,0,0,0,0,0,0,0,0,0,0,0,0,0,0,0,0,0,0,0,0,0,0,0,0,0,0,0,0,0,0,0,0,0,0,0,0,0,0,0,0,0,0,0,0,0,0,0,0,0,0,0,0,0,0,0,0,0,0,0,0,0,0,0,0,0,0,0,0,0,0,0,0,0,0,0,0,0,0,0,0,0,0,0,0,0,0,0,0,0,0,0,0,0,0,0,0,0,0,0,0,0,0,0,0,0,0,0,0,0,0,0,0,0,0,0,0,0,0,0,0,0,0,0,0,0,0,0,0,0,0,0,0,0,0,0,0,0,0,0,0,0,0,0,0,0,0,0,0,0,0,0,0,0,0,0,0,0,0,0,0,0,0,0,0,0,0,0,0,0,0,0,0,0,0,0,0,0,0,0,0,0,0,0,0,0,0,0,0,0,0,0,0,0,0,0,0,0,0,0,0,0,0,0,0,0,0,0,0,0,0,0,0,0,0,0,0,0,0,0,0,0,0,0,0,0,0,0,0,0,0,0,0,0,0,0,0,0,0,0,0,0,0,0,0,0,0,0,0,0,0,0,0,0,0,0,0,0,0,0,0,0,0,0,0,0,0,0,0,0,0,0,0,0,0,0,0,0,0,0,0,0,0,0,0,0,0,0,0,0,0,0,0,0,0,0,0,0,0,0,0,0,0,0,0,0,0,0,0,0,0,0,0,0,0,0,0,0,0,0,0,0,0,0,0,0,0,0,0,0,0,0,0,0,0,0,0,0,0,0,0,0,0,0,0,0,0,0,0,0,0,0,0,0,0,0,0,0,0,0,0,0,0,0,0,0,0,0,0,0,0,0,0,0,0,0,0,0,0,0,0,0,0,0,0,0,0,0,0,0,0,0,0,0,0,0,0,0,0,0,0,0,0,0,0,0,0,0,0,0,0,0,0,0,0,0,0,0,0,0,0,0,0,0,0,0,0,0,0,0,0,0,0,0,0,0,0,0,0,0,0,0,0,0,0,0,0,0,0,0,0,0,0,0,0,0,0,0,0,0,0,0,0,0,0,0,0,0,0,0,0,0,0,0,0,0,0,0,0,0,0,0,0,0,0,0,0,0,0,0,0,0,0,0,0,0,0,0,0,0,0,0,0,0,0,0,0,0,0,0,0,0,0,0,0,0,0,0,0,0,0,0,0,0,0,0,0,0,0,0,0,0,0,0,0,0,0,0,0,0,0,0,0,0,0,0,0,0,0,0,0,0,0,0,0,0,0,0,0,0,0,0,0,0,0,0,0,0,0,0,0,0,0,0,0,0,0,0,0,0,0,0,0,0,0,0,0,0,0,0,0,0,0,0,0,0,0,0,0,0,0,0,0,0,0,0,0,0,0,0,0,0,0,0,0,0,0,0,0,0,0,0,0,0,0,0,0,0,0,0,0,0,0,0,0,0,0,0,0,0,0,0,0,0,0,0,0,0,0,0,0,0,0,0,0,0,0,0,0,0,0,0,0,0,0,0,0,0,0,0,0,0,0,0,0,0,0,0,0,0,0,0,0,0,0,0,0,0,0,0,0,0,0,0,0,0,0,0,0,0,0,0,0,0,0,0,0,0,0,0,0,0,0,0,0,0,0,0,0,0,0,0,0,0,0,0,0,0,0,0,0,0,0,0,0,0,0,0,0,0,0,0,0,0,0,0,0,0,0,0,0,0,0,0,0,0,0,0,0,0,0,0,0,0,0,0,0,0,0,0,0,0,0,0,0,0,0,0,0,0,0,0,0,0,0,0,0,0,0,0,0,0,0,0,0,0,0,0,0,0,0,0,0,0,0,0,0,0,0,0,0,0,0,0,0,0,0,0,0,0,0,0,0,0,0,0,0,0,0,0,0,0,0,0,0,0,0,0,0,0,0,0,0,0,0,0,0,0,0,0,0,0,0,0,0,0,0,0,0,0,0,0,0,0,0,0,0,0,0,0,0,0,0,0,0,0,0,0,0,0,0,0,0,0,0,0,0,0,0,0,0,0,0,0,0,0,0,0,0,0,0,0,0,0,0,0,0,0,0,0,0,0,0,0,0,0,0,0,0,0,0,0,0,0,0,0,0,0,0,0,0,0,0,0,0,0,0,0,0,0,0,0,0,0,0,0,0,0,0,0,0,0,0,0,0,0,0,0,0,0,0,0,0,0,0,0,0,0,0,0,0,0,0,0,0,0,0,0,0,0,0,0,0,0,0,0,0,0,0,0,0,0,0,0,0,0,0,0,0,0,0,0,0,0,0,0,0,0,0,0,0,0,0,0,0,0,0,0,0,0,0,0,0,0,0,0,0,0,0,0,0,0,0,0,0,0,0,0,0,0,0,0,0,0,0,0,0,0,0,0,0,0,0,0,0,0,0,0,0,0,0,0,0,0,0,0,0,0,0,0,0,0,0,0,0,0,0,0,0,0,0,0,0,0,0,0,0,0,0,0,0,0,0,0,0,0,0,0,0,0,0,0,0,0,0,0,0,0,0,0,0,0,0,0,0,0,0,0,0,0,0,0,0,0,0,0,0,0,0,0,0,0,0,0,0,0,0,0,0,0,0,0,0,0,0,0,0,0,0,0,0,0,0,0,0,0,0,0,0,0,0,0,0,0,0,0,0,0,0,0,0,0,0,0,0,0,0,0,0,0,0,0,0,0,0,0,0,0,0,0,0,0,0,0,0,0,0,0,0,0,0,0,0,0,0,0,0,0,0,0,0,0,0,0,0,0,0,0,0,0,0,0,0,0,0,0,0,0,0,0,0,0,0,0,0,0,0,0,0,0,0,0,0,0,0,0,0,0,0,0,0,0,0,0,0,0,0,0,0,0,0,0,0,0,0,0,0,0,0,0,0,0,0,0,0,0,0,0,0,0,0,0,0,0,0,0,0,0,0,0,0,0,0,0,0,0,0,0,0,0,0,0,0,0,0,0,0,0,0,0,0,0,0,0,0,0,0,0,0,0,0,0,0,0,0,0,0,0,0,0,0,0,0,0,0,0,0,0,0,0,0,0,0,0,0,0,0,0,0,0,0,0,0,0,0,0,0,0,0,0,0,0,0,0,0,0,0,0,0,0,0,0,0,0,0,0,0,0,0,0,0,0,0,0,0,0,0,0,0,0,0,0,0,0,0,0,0,0,0,0,0,0,0,0,0,0,0,0,0,0,0,0,0,0,0,0,0,0,0,0,0,0,0,0,0,0,0,0,0,0,0,0,0,0,0,0,0,0,0,0,0,0,0,0,0,0,0,0,0,0,0,0,0,0,0,0,0,0,0,0,0,0,0,0,0,0,0,0,0,0,0,0,0,0,0,0,0,0,0,0,0,0,0,0,0,0,0,0,0,0,0,0,0,0,0,0,0,0,0,0,0,0,0,0,0,0,0,0,0,0,0,0,0,0,0,0,0,0,0,0,0,0,0,0,0,0,0,0,0,0,0,0,0,0,0,0,0,0,0,0,0,0,0,0,0,0,0,0,0,0,0,0,0,0,0,0,0,0,0,0,0,0,0,0,0,0,0,0,0,0,0,0,0,0,0,0,0,0,0,0,0,0,0,0,0,0,0,0,0,0,0,0,0,0,0,0,0,0,0,0,0,0,0,0,0,0,0,0,0,0,0,0,0,0,0,0,0,0,0,0,0,0,0,0,0,0,0,0,0,0,0,0,0,0,0,0,0,0,0,0,0,0,0,0,0,0,0,0,0,0,0,0,0,0,0,0,0,0,0,0,0,0,0,0,0,0,0,0,0,0,0,0,0,0,0,0,0,0,0,0,0,0,0,0,0,0,0,0,0,0,0,0,0,0,0,0,0,0,0,0,0,0,0,0,0,0,0,0,0,0,0,0,0,0,0,0,0,0,0,0,0,0,0,0,0,0,0,0,0,0,0,0,0,0,0,0,0,0,0,0,0,0,0,0,0,0,0,0,0,0,0,0,0,0,0,0,0,0,0,0,0,0,0,0,0,0,0,0,0,0,0,0,0,0,0,0,0,0,0,0,0,0,0,0,0,0,0,0,0,0,0,0,0,0,0,0,0,0,0,0,0,0,0,0,0,0,0,0,0,0,0,0,0,0,0,0,0,0,0,0,0,0,0,0,0,0,0,0,0,0,0,0,0,0,0,0,0,0,0,0,0,0,0,0,0,0,0,0,0,0,0,0,0,0,0,0,0,0,0,0,0,0,0,0,0,0,0,0,0,0,0,0,0,0,0,0,0,0,0,0,0,0,0,0,0,0,0,0,0,0,0,0,0,0,0,0,0,0,0,0,0,0,0,0,0,0,0,0,0,0,0,0,0,0,0,0,0,0,0,0,0,0,0,0,0,0,0,0,0,0,0,0,0,0,0,0,0,0,0,0,0,0,0,0,0,0,0,0,0,0,0,0,0,0,0,0,0,0,0,0,0,0,0,0,0,0,0,0,0,0,0,0,0,0,0,0,0,0,0,0,0,0,0,0,0,0,0,0,0,0,0,0,0,0,0,0,0,0,0,0,0,0,0,0,0,0,0,0,0,0,0,0,0,0,0,0,0,0,0,0,0,0,0,0,0,0,0,0,0,0,0,0,0,0,0,0,0,0,0,0,0,0,0,0,0,0,0,0,0,0,0,0,0,0,0,0,0,0,0,0,0,0,0,0,0,0,0,0,0,0,0,0,0,0,0,0,0,0,0,0,0,0,0,0,0,0,0,0,0,0,0,0,0,0,0,0,0,0,0,0,0,0,0,0,0,0,0,0,0,0,0,0,0,0,0,0,0,0,0,0,0,0,0,0,0,0,0,0,0,0,0,0,0,0,0,0,0,0,0,0,0,0,0,0,0,0,0,0,0,0,0,0,0,0,0,0,0,0,0,0,0,0,0,0,0,0,0,0,0,0,0,0,0,0,0,0,0,0,0,0,0,0,0,0,0,0,0,0,0,0,0,0,0,0,0,0,0,0,0,0,0,0,0,0,0,0,0,0,0,0,0,0,0,0,0,0,0,0,0,0,0,0,0,0,0,0,0,0,0,0,0,0,0,0,0,0,0,0,0,0,0,0,0,0,0,0,0,0,0,0,0,0,0,0,0,0,0,0,0,0,0,0,0,0,0,0,0,0,0,0,0,0,0,0,0,0,0,0,0,0,0,0,0,0,0,0,0,0,0,0,0,0,0,0,0,0,0,0,0,0,0,0,0,0,0,0,0,0,0,0,0,0,0,0,0,0,0,0,0,0,0,0,0,0,0,0,0,0,0,0,0,0,0,0,0,0,0,0,0,0,0,0,0,0,0,0,0,0,0,0,0,0,0,0,0,0,0,0,0,0,0,0,0,0,0,0,0,0,0,0,0,0,0,0,0,0,0,0,0,0,0,0,0,0,0,0,0,0,0,0,0,0,0,0,0,0,0,0,0,0,0,0,0,0,0,0,0,0,0,0,0,0,0,0,0,0,0,0,0,0,0,0,0,0,0,0,0,0,0,0,0,0,0,0,0,0,0,0,0,0,0,0,0,0,0,0,0,0,0,0,0,0,0,0,0,0,0,0,0,0,0,0,0,0,0,0,0,0,0,0,0,0,0,0,0,0,0,0,0,0,0,0,0,0,0,0,0,0,0,0,0,0,0,0,0,0,0,0,0,0,0,0,0,0,0,0,0,0,0,0,0,0,0,0,0,0,0,0,0,0,0,0,0,0,0,0,0,0,0,0,0,0,0,0,0,0,0,0,0,0,0,0,0,0,0,0,0,0,0,0,0,0,0,0,0,0,0,0,0,0,0,0,0,0,0,0,0,0,0,0,0,0,0,0,0,0,0,0,0,0,0,0,0,0,0,0,0,0,0,0,0,0,0,0,0,0,0,0,0,0,0,0,0,0,0,0,0,0,0,0,0,0,0,0,0,0,0,0,0,0,0,0,0,0,0,0,0,0,0,0,0,0,0,0,0,0,0,0,0,0,0,0,0,0,0,0,0,0,0,0,0,0,0,0,0,0,0,0,0,0,0,0,0,0,0,0,0,0,0,0,0,0,0,0,0,0,0,0,0,0,0,0,0,0,0,0,0,0,0,0,0,0,0,0,0,0,0,0,0,0,0,0,0,0,0,0,0,0,0,0,0,0,0,0,0,0,0,0,0,0,0,0,0,0,0,0,0,0,0,0,0,0,0,0,0,0,0,0,0,0,0,0,0,0,0,0,0,0,0,0,0,0,0,0,0,0,0,0,0,0,0,0,0,0,0,0,0,0,0,0,0,0,0,0,0,0,0,0,0,0,0,0,0,0,0,0,0,0,0,0,0,0,0,0,0,0,0,0,0,0,0,0,0,0,0,0,0,0,0,0,0,0,0,0,0,0,0,0,0,0,0,0,0,0,0,0,0,0,0,0,0,0,0,0,0,0,0,0,0,0,0,0,0,0,0,0,0,0,0,0,0,0,0,0,0,0,0,0,0,0,0,0,0,0,0,0,0,0,0,0,0,0,0,0,0,0,0,0,0,0,0,0,0,0,0,0,0,0,0,0,0,0,0,0,0,0,0,0,0,0,0,0,0,0,0,0,0,0,0,0,0,0,0,0,0,0,0,0,0,0,0,0,0,0,0,0,0,0,0,0,0,0,0,0,0,0,0,0,0,0,0,0,0,0,0,0,0,0,0,0,0,0,0,0,0,0,0,0,0,0,0,0,0,0,0,0,0,0,0,0,0,0,0,0,0,0,0,0,0,0,0,0,0,0,0,0,0,0,0,0,0,0,0,0,0,0,0,0,0,0,0,0,0,0,0,0,0,0,0,0,0,0,0,0,0,0,0,0,0,0,0,0,0,0,0,0,0,0,0,0,0,0,0,0,0,0,0,0,0,0,0,0,0,0,0,0,0,0,0,0,0,0,0,0,0,0,0,0,0,0,0,0,0,0,0,0,0,0,0,0,0,0,0,0,0,0,0,0,0,0,0,0,0,0,0,0,0,0,0,0,0,0,0,0,0,0,0,0,0,0,0,0,0,0,0,0,0,0,0,0,0,0,0,0,0,0,0,0,0,0,0,0,0,0,0,0,0,0,0,0,0,0,0,0,0,0,0,0,0,0,0,0,0,0,0,0,0,0,0,0,0,0,0,0,0,0,0,0,0,0,0,0,0,0,0,0,0,0,0,0,0,0,0,0,0,0,0,0,0,0,0,0,0,0,0,0,0,0,0,0,0,0,0,0,0,0,0,0,0,0.8097816,0.94308156,-0.48069814,-0.57388127,-0.5017912,-0.18713118,-0.49791968,-0.22891675,1.804158,-0.3562092,-1.0087582,0.67487967,1.9054846,-1.1042776,-0.16577114,1.6460937,0.18673615,1.1587511,1.205543,-0.86344326,0.19047417,-0.20134895,0.42870528,1.0413377,-1.1248367,-1.0717703,0.5292977,-0.9992129,0.9944124,0.9860019,1.2728939,1.9087553,0.8615797,-0.28845784,-0.37610072,-0.6720039,-0.026196677,1.0508163,-1.0720373,1.8167737,-0.08073151,-0.5491837,0.1201863,-0.552054,0.38064522,-1.0893255,0.17051588,-1.0140982,-0.8107774,-0.18993469,0.3125601,0.039351925,1.0959393,-0.022658922,0.9448838,-1.8135642,-0.8388125,-0.3608817,-1.7446114,-0.78948414,-0.9036268,-0.07332225,-0.26916707,1.6963565,1.5296814,-1.0357252,-0.41021,0.53190094,0.75344455,-1.4856877,0.8424892,0.4688221,-1.196059,-1.8480073,0.003907619,-1.3943068,-1.4269476,-0.46461135,1.1192352,-0.4022,0.59237653,0.20068693,0.5553302,1.1594187,-0.31141987,0.35127518,-0.89161175,-0.4886414,-1.6462885,0.55840075,-0.49364766,0.6328271,-1.6691837,-1.4109275,0.6605284,-0.9524211,1.0940703,0.51801693,-1.7474816,1.410933,-0.1655709,-1.0564178,-0.0016993899,-0.09575029,-0.6772772,0.12772906,-0.7017077,0.9296648,-1.3529885,-0.79615915,-0.6521792,-0.57214576,-0.2945321,-0.37443197,-0.14661387,0.33752465,0.31743285,-1.152805,0.56734526,0.28879705,-1.3284245,1.1059518,0.21203445,-0.2740398,0.9352718,-0.70531225,0.47075784,0.5924433,-1.2005312,0.76399106,-1.0378612,1.3019302,-0.44425258,-0.47395638,-0.4344403,-1.6184536,0.20589343,0.5535947,-1.2138145,1.030057,1.301997,-0.1297261,-1.0769768,1.191926,1.8693061,-0.41221252,-0.15682663,-0.52468646,0.9020303,-0.891812,0.56614375,1.3658768,1.3891058,0.7619218,1.6009039,0.29380333,-0.30073985,-1.1014742,0.1552301,-1.0642943,-1.7795217,-0.8251287,-0.5848951,-0.70317626,0.6391684,-1.2151495,-0.4971854,-0.04662221,-1.4425671,-0.24073151,-0.10836606,1.5123265,0.9368071,0.77560556,-0.93993884,0.50513417,1.0241829,-1.8760424,-1.2592714,-1.2682159,-1.2747574,1.1855847,-0.45299685,1.876248,-1.8415325,1.2022723,0.24314,-1.3385705,-1.2487248,0.4544041,0.23893474,-0.86611325,-0.6870227,0.572485,-0.5220832,0.06878872,1.3213544,-0.39559177,0.74183005,-0.8168517,0.083006494,0.11865105,1.3078041,0.10877203,-1.3075317,0.09422051,-0.6786122,0.9361396,-0.48450288,1.6679877,-0.23912951,-0.10970106,1.3692143,-1.2864387,0.6362981,-0.55953,0.58122927,-1.1363844,-0.6474399,0.85964394,0.84322345,-0.4165513,-1.4611237,-1.1258379,-0.051361468,-0.101891294,-0.7398888,1.1231066,-0.4918454,0.51414543,-0.68635523,-0.09855379,-0.34012243,-0.2977361,-0.7390878,-0.8043694,0.082806244,0.14581834,-0.51080245,0.8654512,0.32324013,1.1080211,1.1601529,-0.56146574,-0.52415246,-0.016985163,0.62354887,0.8304074,-0.78561264,-0.7590461,-1.1796385,-0.70584625,-0.15041862,-0.60845786,-1.5981616,-0.0751245,-0.6431679,1.0806535,-1.7313949,0.035346918,0.110040285,-0.3586122,-0.20361845,-0.7345488,1.3547295,-0.8705855,-1.0151663,-0.6795467,-0.035608444,0.27004027,-0.59023505,-0.65738565,0.591709,-1.2312363,-0.7546406,0.6741454,0.9977499,-0.82866645,0.8331442,-0.15435688,0.04228893,-0.7932221,0.039485425,-0.8403477,0.38064522,0.23332773,-0.705646,0.45106655,0.8221304,0.7286135,-0.4502601,-0.076526254,-0.41067728,-0.15141988,-0.18839943,-0.8075734,-0.44418582,-1.1764345,0.36782917,-0.09374779,0.24868025,-0.4959839,1.8878626,-0.6251454,-0.7103185,-0.33424842,-0.11277156,0.4503323,-1.7213824,0.7613878,-0.0062383967,0.6816882,-1.0970685,-0.06157423,-0.39252126,1.1583507,0.38651922,-0.10843281,0.63609785,-0.12779033,-0.06571274,0.012051132,0.56387424,0.27237654,0.087679,-1.1684245,-0.93973863,0.19961892,-0.9458129,0.1849339,-0.12078158,0.9974162,1.1112251,-0.727006,0.20015292,0.22218046,-0.51146996,-1.6414157,0.3853177,-0.4545321,-0.05950498,0.41388676,-0.08453627,0.86204696,-0.009976403,-0.34292594,0.7240745,-0.46901688,-0.60712284,-0.91210407,0.92385757,0.45947707,0.4608121,-0.41615078,-1.5022417,0.6069948,0.13820882,0.35808367,-1.8751745,0.060311455,1.219427,-1.1470644,0.22418296,-0.18045618,-0.4905104,0.55880123,0.3252426,-0.15115288,-0.86137396,-0.9861967,-1.8461382,0.29413706,0.045359433,0.2130357,0.046560936,-0.26823255,-1.64482,-0.5741483,1.2647504,0.13880958,0.3894562,-0.6150661,0.27277705,-0.5216159,-1.4270811,0.4461938,-0.82219166,0.13373657,0.67968565,-0.11530807,0.0878125,-0.21496597,0.5247587,-0.10803231,0.11230979,0.36883044,-0.017252164,0.07472948,0.24774575,-1.188583,1.7927437,-0.2954666,-1.4286832,-0.8490252,-0.68281746,-0.31128636,-0.3562092,0.42136276,0.3774412,-1.4298179,-0.9150411,0.65612286,-1.4196051,-0.24113202,0.5328354,1.0153052,-0.741958,-0.23305525,0.45407033,-1.2595384,-0.088808276,0.36095393,0.20122093,-0.7623168,0.6168738,-1.4204729,0.60078704,-0.48523715,-1.4814157,0.20562643,-0.28885832,0.28572655,0.881805,0.104500026,-0.05356422,1.1251091,-0.58302605,-0.9001558,0.10349877,-0.8079739,0.08033649,-1.4248116,-0.710452,-0.5859631,-0.577686,0.85730773,0.6894312,0.26149628,1.2376498,0.26396602,-0.0018996402,-1.0260465,0.5779585,0.2552885,0.047495436,0.028605158,0.10383253,-0.9591629,-0.40900853,-0.13059384,0.44539282,0.16637737,0.8006369,-1.1983953,-1.2915784,0.6368989,0.08627725,-0.8318037,-0.029133683,-0.22451124,-0.59550834,0.34733692,-0.28465307,1.416807,-0.68548745,-0.17671816,0.5005284,-0.2901266,-0.12919208,-1.7360007,-0.705112,-0.7389543,0.3274454,1.1189681,0.9789264,1.4899652,0.47676536,1.6402864,-0.29446533,-1.5577111,0.13834234,-0.09761929,-0.7888834,0.5175497,-1.0057545,0.9476873,-0.045153707,-1.704094,0.9651091,0.8095814,0.03694892,0.48584336,0.79616463,-1.4840857,-0.7097845,-0.6498429,-0.17418166,0.27464604,-1.3367015,0.2916673,0.98500067,-0.21590048,-0.31395638,0.42483377,-0.72854125,0.56280625,0.33779165,-0.1955417,0.25895977,0.064650215,0.57482123,-1.373948,-0.15222088,-0.7477653,0.6704742,-0.92585456,1.8977416,1.6093811,-0.75984704,-0.230185,0.095488764,-0.21610072,0.6324266,-0.3234349,-0.27437356,-0.68869144,0.26470026,0.5813628,0.44011956,0.572752,-0.54344326,0.16410787,-0.68201643,0.05737445,0.55786675,-0.6709359,1.2683549,-1.3202142,-0.012913408,0.4436573,-0.5629343,0.41829225,0.5305659,-0.38104025,0.2839243,-0.2740398,0.25382,-0.82285917,0.8278709,-0.33511615,0.77787507,0.0856765,-0.10649706,-1.3174775,1.0821221,0.8630482,-0.76492006,-0.51320547,-0.5430427,-0.55839527,0.35421216,1.182848,-0.7034432,-0.27677658,0.27117503,-1.1400557,1.8841913,0.49165064,-0.20715621,-1.0031512,0.1462856,-1.4218079,0.45867607,-0.71939653,0.061713208,-0.27691007,-0.4665471,-0.052362718,-1.328558,-0.05209572,1.8929355,-0.09187878,-0.43197057,0.2209122,0.6108663,-0.555525,0.9609039,0.2784508,1.5975664,0.5157474,-1.1200974,0.49205112,-0.3515367,-0.49231267,0.45106655,-0.730744,1.1105576,-0.4182868,-1.4723377,-0.9050953,-1.4109275,-1.1556752,0.41181752,-0.23986377,1.0253844,-0.02139067,-0.09221253,-0.9671729,-0.5497177,-0.43737733,-1.8685663,1.247462,1.081855,-1.0576861,-0.17745242,0.013719885,0.2891308,-1.1558087,0.8215964,0.9815964,0.45714083,0.568213,0.56140447,-0.5146072,0.42423302,0.5427145,0.7491725,1.2038075,0.7045167,-0.15655963,-0.15956339,-1.4391629,-1.4007149,-0.6305521,0.73622304,-0.09101103,-0.6841525,-0.26169103,0.9233903,0.120720305,-0.8951495,-0.3655542,0.80177164,-1.2143486,-0.44952583,-0.08073151,0.44052005,-0.41621754,1.1253093,-0.72013074,-0.52068144,0.6467111,-0.40079826,-0.21436523,-0.42796555,-0.71839523,-0.3146239,1.6765984,-0.53136146,0.7588513,-1.2134141,0.9191183,-0.21616748,0.2721763,-0.42756507,0.24480875,-1.1435934,-0.65838695,-0.8491587,-1.7212489,1.1594855,-0.1389376,0.01765814,-0.5734808,1.0824558,-0.40260053,0.11771654,0.77874285,0.4656181,-0.2008817,-0.061507482,-0.22631349,-0.4715534,-0.91617584,0.6040578,-1.3335642,1.0530858,1.1018133,-0.5276235,-0.40834102,-0.3630177,-0.36909196,0.12739532,-0.0052371453,1.1232401,-0.6716702,-0.63275486,1.7821304,1.1157641,0.29867607,0.38845497,0.10683628,0.010515879,-0.47675988,0.47709912,0.92252254,0.7194687,-1.7813239,-0.1301266,-1.0871228,0.88787925,-0.385112,0.6054596,-0.12218333,-0.7222668,0.8004366,-0.20875822,-1.6694508,-0.47936314,0.21904321,-0.88093174,-0.24173276,0.47502986,-1.7138395,-1.3979113,-0.09828679,1.1755722,-0.088674776,-0.93820333,0.21250169,-0.0027006415,0.2440745,-0.99934644,0.115313545,-0.7298095,0.047428686,-0.54704773,0.32177162,-0.41381454,-0.17591716,0.0049088704,0.002105366,0.2523515,0.7647921,-1.5983618,0.44305655,-0.3060131,-0.0724545,0.591709,-0.45953834,-1.6351411,-1.1042776,0.405276,-0.40727302,0.7112585,0.77720755,-0.58215827,0.46568483,-0.05349747,-0.98719794,1.0106326,0.65992767,0.072192974,-0.54824924,-0.9721124,1.2899818,0.92285633,0.30608535,-1.7425421,-0.8495592,1.379961,0.36802945,-0.31175363,1.2867779,0.041154176,0.04769569,1.1281797,-0.09595054,1.1680294,-1.049409,0.5482547,1.0725768,-0.07826176,-0.90950084,1.1487386,-0.91303855,-0.3913865,0.65966064,0.48684463,-1.7309276,0.15890136,-0.2693673,-0.6894257,-1.4027841,-0.3476652,0.49939364,0.11351129,1.2983924,-0.44912535,-0.58396053,-0.04568771,-0.008774901,0.097624764,0.1585676,-0.9623001,1.5049173,0.3369239,-0.56473655,1.5442331,-0.0025671413,0.49485463,1.1718342,0.704183,-0.7726631,0.15115835,0.89315253,0.69430393,-1.2977194,-0.9528216,-0.4954499,1.2781671,0.90122926,-0.26676404,-0.22938399,-0.36728972,-0.5832263,0.037082423,0.29093307,1.7705827,-0.6377611,-1.2577361,-0.42249206,0.90142953,-0.24947578,1.3120095,-0.41027677,-0.6493089,0.3089556,-0.7095175,0.58656925,-0.092412785,-0.52822423,0.11771654,-1.06356,-0.38164097,0.67207617,0.033010665,-0.5551913,1.5047837,0.19941868,-0.97017664,0.7305493,1.7593687,-1.4184704,-0.41221252,-0.04014745,0.45787507,-0.30955088,0.45300233,1.6088471,0.36596018,-1.1696928,0.47436234,0.26923928,0.6340954,0.05003194,-1.3448449,0.9995522,-1.5533055,-0.552321,-0.4312363,0.6654679,1.3525934,0.18052839,-1.3108692,0.731417,0.25094974,-0.34526217,0.26423302,-0.9177111,-0.121782824,0.566878,0.5975163,-0.6019163,0.92439157,-0.5826923,-0.5057962,1.2104157,1.3841662,-1.838195,-1.0822501,-0.98572946,-1.2816994,0.28565982,-0.055099472,0.61079955,-0.6188041,0.21937695,0.44539282,-1.19152,-1.1295092,1.1650257,-0.42796555,0.2808538,0.1846669,-0.31963015,-0.18853293,-0.40834102,-0.22771524,0.8428229,-1.0142984,-0.6194716,-0.002366891,-0.14948413,-0.18312617,-0.77967185,0.6007203,-0.3568767,0.032276414,-0.84014744,-0.20588796,1.1326519,-0.6345571,-0.47295514,-0.59090257,-0.49658465,-0.3098846,-0.4982534,1.0768487,-0.4569351,-0.94975114,0.33645663,1.2130858,0.413286,-0.0014323895,-0.883268,1.0052927,0.58176327,-0.15295513,0.24013624,-0.019655168,-0.47896263,-0.25114453,0.6947712,0.03194266,-0.397127,1.3203532,-0.7957586,-0.37943822,0.48117086,1.4446418,-0.94728136,1.4669363,-0.40794054,0.1591016,0.09568901,-0.18940069,-1.0484746,-0.44044784,0.92759556,0.80510914,0.7967654,-0.16296764,-0.46100685,-0.17298016,0.4761646,-1.011762,0.6381671,0.09615626,0.41695726,-0.5050619,0.10717003,0.16350712,1.046611,-0.52608824,-0.08400227,0.4754971,1.6594437,1.5794103,0.07426223,-1.3048617,-1.2327048,1.0039576,-0.026263429,-0.14975113,-1.1379197,1.1030816,0.32263938,0.4067445,0.03040741,0.8009706,-1.3855625,0.084942244,-0.7187958,-1.0551496,1.0091642,-0.60992634,0.0067111235,-0.409943,-0.50099015,1.4635321,-0.87679327,1.1470032,0.78755385,-0.27744406,-0.9876652,0.3564149,0.38311496,0.99421215,-0.2636268,-0.17404816,-0.7488333,0.3746377,-0.19520794,-0.6802142,0.09068275,-0.44578785,-1.8402643,0.52415794,0.25568902,-0.22184123,0.32671112,0.8258017,0.2839243,-0.9639021,-0.19153668,-1.5759338,0.73148376,1.0203782,0.7192685,1.2631483,0.06605197,0.3727687,0.08601025,1.415739,0.10550128,1.1002114,-0.46287587,-1.1274399,1.8542873,0.1843999,1.7881379,0.6154053,-0.016250912,-1.3126714,-1.6985538,-0.66773194,-1.51152,0.9524266,-1.6904103,0.29233482,1.6078459,-1.1921208,-1.3457128,0.64731187,0.9470198,-1.5649201,-0.09728554,-0.9606981,-1.4557836,1.7842664,1.0473453,-1.1189626,0.0031733678,-1.5935559,1.7553636,1.6431566,-1.0346572,1.6856097,1.2429898,0.96664435,0.7867528,-1.8159672,0.7553803,-1.1335142,-1.028049,1.3889055,0.25929353,1.5565151,1.3790265,-0.12785709,-1.3565263,1.6634487,-1.70623,0.889548,-1.1783035,-0.8543652,-1.4127299,-0.60765684,0.26616877,-1.7763177,-0.36441946,0.9670449,-0.45553336,-0.23172025,0.30408284,-0.6043861,0.13900983,0.9482213,-0.4220248,0.23165898,0.6851592,1.3826311,1.5015798,-1.2459881,-0.85296345,-1.321082,0.31536362,0.64731187,-1.6898096,-1.8105605,1.3485885,-0.57581705,1.5024475,1.4619969,-0.0060381466,-1.6691837,-1.6380115,-1.4189376,0.8490307,0.48557636,0.14228058,-1.2976527,-1.0057545,1.2216965,-1.6868057,0.67688215,-0.057101976,0.2108997,-1.1596135,0.09054925,-0.40834102,0.1196523,0.78121257,0.56601024,1.2619468,-1.6962843,-0.3242359,0.68602693,0.6794187,-0.5617995,0.41081625,
0,0,0,0,0,0,0,0,0,0,0,0,0,0,0,0,0,0,0,0,0,0,0,0,0,0,0,0,0,0,0,0,0,0,0,0,0,0,0,0,0,0,0,0,0,0,0,0,0,0,0,0,0,0,0,0,0,0,0,0,0,0,0,0,0,0,0,0,0,0,0,0,0,0,0,0,0,0,0,0,0,0,0,0,0,0,0,0,0,0,0,0,0,0,0,0,0,0,0,0,0,0,0,0,0,0,0,0,0,0,0,0,0,0,0,0,0,0,0,0,0,0,0,0,0,0,0,0,0,0,0,0,0,0,0,0,0,0,0,0,0,0,0,0,0,0,0,0,0,0,0,0,0,0,0,0,0,0,0,0,0,0,0,0,0,0,0,0,0,0,0,0,0,0,0,0,0,0,0,0,0,0,0,0,0,0,0,0,0,0,0,0,0,0,0,0,0,0,0,0,0,0,0,0,0,0,0,0,0,0,0,0,0,0,0,0,0,0,0,0,0,0,0,0,0,0,0,0,0,0,0,0,0,0,0,0,0,0,0,0,0,0,0,0,0,0,0,0,0,0,0,0,0,0,0,0,0,0,0,0,0,0,0,0,0,0,0,0,0,0,0,0,0,0,0,0,0,0,0,0,0,0,0,0,0,0,0,0,0,0,0,0,0,0,0,0,0,0,0,0,0,0,0,0,0,0,0,0,0,0,0,0,0,0,0,0,0,0,0,0,0,0,0,0,0,0,0,0,0,0,0,1,0,0,0,0,0,0,0,0,0,0,0,0,0,0,0,0,0,0,0,0,0,0,0,0,0,0,0,0,0,0,0,0,0,0,0,0,0,0,0,0,0,0,0,0,0,0,0,0,0,0,0,0,0,0,0,0,0,0,0,0,0,0,0,0,0,0,0,0,0,0,0,0,0,0,0,0,0,0,0,0,0,0,0,0,0,0,0,0,0,0,0,0,0,0,0,0,0,0,0,0,0,0,0,0,0,0,0,0,0,0,0,0,0,0,0,0,0,0,0,0,0,0,0,0,0,0,0,0,0,0,0,0,0,0,0,0,0,0,0,0,0,0,0,0,0,0,0,0,0,0,0,0,0,0,0,0,0,0,0,0,0,0,0,0,0,0,0,0,0,0,0,0,0,0,0,0,0,0,0,0,0,0,0,0,0,0,0,0,0,0,0,0,0,0,0,0,0,0,0,0,0,0,0,0,0,0,0,0,0,0,0,0,0,0,0,0,0,0,0,0,0,0,0,0,0,0,0,0,0,0,0,0,0,0,0,0,0,0,0,0,0,0,0,0,0,0,0,0,0,0,0,0,0,0,0,0,0,0,0,0,0,0,0,0,0,0,0,0,0,0,0,0,0,0,0,0,0,0,0,0,0,0,0,0,0,0,0,0,0,0,0,0,0,0,0,0,0,0,0,0,0,0,0,0,0,0,0,0,0,0,0,0,0,0,0,0,0,0,0,0,0,0,0,0,0,0,0,0,0,0,0,0,0,0,0,0,0,0,0,0,0,0,0,0,0,0,0,0,0,0,0,0,0,0,0,0,0,0,0,0,0,0,0,0,0,0,0,0,0,0,0,0,0,0,0,0,0,0,0,0,0,0,0,0,0,0,0,0,0,0,0,0,0,0,0,0,0,0,0,0,0,0,0,0,0,0,0,0,0,0,0,0,0,0,0,0,0,0,0,0,0,0,0,0,0,0,0,0,0,0,0,0,0,0,0,0,0,0,0,0,0,0,0,0,0,0,0,0,0,0,0,0,0,0,0,0,0,0,0,0,0,0,0,0,0,0,0,0,0,0,0,0,0,0,0,0,0,0,0,0,0,0,0,0,0,0,0,0,0,0,0,0,0,0,0,0,0,0,0,0,0,0,0,0,0,0,0,0,0,0,0,0,0,0,0,0,0,0,0,0,0,0,0,0,0,0,0,0,0,0,0,0,0,0,0,0,0,0,0,0,0,0,0,0,0,0,0,0,0,0,0,0,0,0,0,0,0,0,0,0,0,0,0,0,0,0,0,0,0,0,0,0,0,0,0,0,0,0,0,0,0,0,0,0,0,0,0,0,0,0,0,0,0,0,0,0,0,0,0,0,0,0,0,0,0,0,0,0,0,0,0,0,0,0,0,0,0,0,0,0,0,0,0,0,0,0,0,0,0,0,0,0,0,0,0,0,0,0,0,0,0,0,0,0,0,0,0,0,0,0,0,0,0,0,0,0,0,0,0,0,0,0,0,0,0,0,0,0,0,0,0,0,0,0,0,0,0,0,0,0,0,0,0,0,0,0,0,0,0,0,0,0,0,0,0,0,0,0,0,0,0,0,0,0,0,0,0,0,0,0,0,0,0,0,0,0,0,0,0,0,0,0,0,0,0,0,0,0,0,0,0,0,0,0,0,0,0,0,0,0,0,0,0,0,0,0,0,0,0,0,0,0,0,0,0,0,0,0,0,0,0,0,0,0,0,0,0,0,0,0,0,0,0,0,0,0,0,0,0,0,0,0,0,0,0,0,0,0,0,0,0,0,0,0,0,0,0,0,0,0,0,0,0,0,0,0,0,0,0,0,0,0,0,0,0,0,0,0,0,0,0,0,0,0,0,0,0,0,0,0,0,0,0,0,0,0,0,0,0,0,0,0,0,0,0,0,0,0,0,0,0,0,0,0,0,0,0,0,0,0,0,0,0,0,0,0,0,0,0,0,0,0,0,0,0,0,0,0,0,0,0,0,0,0,0,0,0,0,0,0,0,0,0,0,0,0,0,0,0,0,0,0,0,0,0,0,0,0,0,0,0,0,0,0,0,0,0,0,0,0,0,0,0,0,0,0,0,0,0,0,0,0,0,0,0,0,0,0,0,0,0,0,0,0,0,0,0,0,0,0,0,0,0,0,0,0,0,0,0,0,0,0,0,0,0,0,0,0,0,0,0,0,0,0,0,0,0,0,0,0,0,0,0,0,0,0,0,0,0,0,0,0,0,0,0,0,0,0,0,0,0,0,0,0,0,0,0,0,0,0,0,0,0,0,0,0,0,0,0,0,0,0,0,0,0,0,0,0,0,0,0,0,0,0,0,0,0,0,0,0,0,0,0,0,0,0,0,0,0,0,0,0,0,0,0,0,0,0,0,0,0,0,0,0,0,0,0,0,0,0,0,0,0,0,0,0,0,0,0,0,0,0,0,0,0,0,0,0,0,0,0,0,0,0,0,0,0,0,0,0,0,0,0,0,0,0,0,0,0,0,0,0,0,0,0,0,0,0,0,0,0,0,0,0,0,0,0,0,0,0,0,0,0,0,0,0,0,0,0,0,0,0,0,0,0,0,0,0,0,0,0,0,0,0,0,0,0,0,0,0,0,0,0,0,0,0,0,0,0,0,0,0,0,0,0,0,0,0,0,0,0,0,0,0,0,0,0,0,0,0,0,0,0,0,0,0,0,0,0,0,0,0,0,0,0,0,0,0,0,0,0,0,0,0,0,0,0,0,0,0,0,0,0,0,0,0,0,0,0,0,0,0,0,0,0,0,0,0,0,0,0,0,0,0,0,0,0,0,0,0,0,0,0,0,0,0,0,0,0,0,0,0,0,0,0,0,0,0,0,0,0,0,0,0,0,0,0,0,0,0,0,0,0,0,0,0,0,0,0,0,0,0,0,0,0,0,0,0,0,0,0,0,0,0,0,0,0,0,0,0,0,0,0,0,0,0,0,0,0,0,0,0,0,0,0,0,0,0,0,0,0,0,0,0,0,0,0,0,0,0,0,0,0,0,0,0,0,0,0,0,0,0,0,0,0,0,0,0,0,0,0,0,0,0,0,0,0,0,0,0,0,0,0,0,0,0,0,0,0,0,0,0,0,0,0,0,0,0,0,0,0,0,0,0,0,0,0,0,0,0,0,0,0,0,0,0,0,0,0,0,0,0,0,0,0,0,0,0,0,0,0,0,0,0,0,0,0,0,0,0,0,0,0,0,0,0,0,0,0,0,0,0,0,0,0,0,0,0,0,0,0,0,0,0,0,0,0,0,0,0,0,0,0,0,0,0,0,0,0,0,0,0,0,0,0,0,0,0,0,0,0,0,0,0,0,0,0,0,0,0,0,0,0,0,0,0,0,0,0,0,0,0,0,0,0,0,0,0,0,0,0,0,0,0,0,0,0,0,0,0,0,0,0,0,0,0,0,0,0,0,0,0,0,0,0,0,0,0,0,0,0,0,0,0,0,0,0,0,0,0,0,0,0,0,0,0,0,0,0,0,0,0,0,0,0,0,0,0,0,0,0,0,0,0,0,0,0,0,0,0,0,0,0,0,0,0,0,0,0,0,0,0,0,0,0,0,0,0,0,0,0,0,0,0,0,0,0,0,0,0,0,0,0,0,0,0,0,0,0,0,0,0,0,0,0,0,0,0,0,0,0,0,0,0,0,0,0,0,0,0,0,0,0,0,0,0,0,0,0,0,0,0,0,0,0,0,0,0,0,0,0,0,0,0,0,0,0,0,0,0,0,0,0,0,0,0,0,0,0,0,0,0,0,0,0,0,0,0,0,0,0,0,0,0,0,0,0,0,0,0,0,0,0,0,0,0,0,0,0,0,0,0,0,0,0,0,0,0,0,0,0,0,0,0,0,0,0,0,0,0,0,0,0,0,0,0,0,0,0,0,0,0,0,0,0,0,0,0,0,0,0,0,0,0,0,0,0,0,0,0,0,0,0,0,0,0,0,0,0,0,0,0,0,0,0,0,0,0,0,0,0,0,0,0,0,0,0,0,0,0,0,0,0,0,0,0,0,0,0,0,0,0,0,0,0,0,0,0,0,0,0,0,0,0,0,0,0,0,0,0,0,0,0,0,0,0,0,0,0,0,0,0,0,0,0,0,0,0,0,0,0,0,0,0,0,0,0,0,0,0,0,0,0,0,0,0,0,0,0,0,0,0,0,0,0,0,0,0,0,0,0,0,0,0,0,0,0,0,0,0,0,0,0,0,0,0,0,0,0,0,0,0,0,0,0,0,0,0,0,0,0,0,0,0,0,0,0,0,0,0,0,0,0,0,0,0,0,0,0,0,0,0,0,0,0,0,0,0,0,0,0,0,0,0,0,0,0,0,0,0,0,0,0,0,0,0,0,0,0,0,0,0,0,0,0,0,0,0,0,0,0,0,0,0,0,0,0,0,0,0,0,0,0,0,0,0,0,0,0,0,0,0,0,0,0,0,0,0,0,0,0,0,0,0,0,0,0,0,0,0,0,0,0,0,0,0,0,0,0,0,0,0,0,0,0,0,0,0,0,0,0,0,0,0,0,0,0,0,0,0,0,0,0,0,0,0,0,0,0,0,0,0,0,0,0,0,0,0,0,0,0,0,0,0,0,0,0,0,0,0,0,0,0,0,0,0,0,0,0,0,0,0,0,0,0,0,0,0,0,0,0,0,0,0,0,0,0,0,0,0,0,0,0,0,0,0,0,0,0,0,0,0,0,0,0,0,0,0,0,0,0,0,0,0,0,0,0,0,0,0,0,0,0,0,0,0,0,0,0,0,0,0,0,0,0,0,0,0,0,0,0,0,0,0,0,0,0,0,0,0,0,0,0,0,0,0,0,0,0,0,0,0,0,0,0,0,0,0,0,0,0,0,0,0,0,0,0,0,0,0,0,0,0,0,0,0,0,0,0,0,0,0,0,0,0,0,0,0,0,0,0,0,0,0,0,0,0,0,0,0,0,0,0,0,0,0,0,0,0,0,0,0,0,0,0,0,0,0,0,0,0,0,0,0,0,0,0,0,0,0,0,0,0,0,0,0,0,0,0,0,0,0,0,0,0,0,0,0,0,0,0,0,0,0,0,0,0,0,0,0,0,0,0,0,0,0,0,0,0,0,0,0,0,0,0,0,0,0,0,0,0,0,0,0,0,0,0,0,0,0,0,0,0,0,0,0,0,0,0,0,0,0,0,0,0,0,0,0,0,0,0,0,0,0,0,0,0,0,0,0,0,0,0,0,0,0,0,0,0,0,0,0,0,0,0,0,0,0,0,0,0,0,0,0,0,0,0,0,0,0,0,0,0,0,0,0,0,0,0,0,0,0,0,0,0,0,0,0,0,0,0,0,0,0,0,0,0,0,0,0,0,0,0,0,0,0,0,0,0,0,0,0,0,0,0,0,0,0,0,0,0,0,0,0,0,0,0,0,0,0,0,0,0,0,0,0,0,0,0,0,0,0,0,0,0,0,0,0,0,0,0,0,0,0,0,0,0,0,0,0,0,0,0,0,0,0,0,0,0,0,0,0,0,0,0,0,0,0,0,0,0,0,0,0,0,0,0,0,0,0,0,0,0,0,0,0,0,0,0,0,0,0,0,0,0,0,0,0,0,0,0,0,0,0,0,0,0,0,0,0,0,0,0,0,0,0,0,0,0,0,0,0,0,0,0,0,0,0,0,0,0,0,0,0,0,0,0,0,0,0,0,0,0,0,0,0,0,0,0,0,0,0,0,0,0,0,0,0,0,0,0,0,0,0,0,0,0,0,0,0,0,0,0,0,0,0,0,0,0,0,0,0,0,0,0,0,0,0,0,0,0,0,0,0,0,0,0,0,0,0,0,0,0,0,0,0,0,0,0,0,0,0,0,0,0,0,0,0,0,0,0,0,0,0,0,0,0,0,0,0,0,0,0,0,0,0,0,0,0,0,0,0,0,0,0,0,0,0,0,0,0,0,0,0,0,0,0,0,0,0,0,0,0,0,0,0,0,0,0,0,0,0,0,0,0,0,0,0,0,0,0,0,0,0,0,0,0,0,0,0,0,0,0,0,0,0,0,0,0,0,0,0,0,0,0,0,0,0,0,0,0,0,0,0,0,0,0,0,0,0,0,0,0,0,0,0,0,0,0,0,0,0,0,0,0,0,0,0,0,0,0,0,0,0,0,0,0,0,0,0,0,0,0,0,0,0,0,0,0,0,0,0,0,0,0,0,0,0,0,0,0,0,0,0,0,0,0,0,0,0,0,0,0,0,0,0,0,0,0,0,0,0,0,0,0,0,0,0,0,0,0,0,0,0,0,0,0,0,0,0,0,0,0,0,0,0,0,0,0,0,0,0,0,0,0,0,0,0,0,0,0,0,0,0,0,0,0,0,0,0,0,0,0,0,0,0,0,0,0,0,0,0,0,0,0,0,0,0,0,0,0,0,0,0,0,0,0,0,0,0,0,0,0,0,0,0,0,0,0,0,0,0,0,0,0,0,0,0,0,0,0,0,0,0,0,0,0,0,0,0,0,0,0,0,0,0,0,0,0,0,0,0,0,0,0,0,0,0,0,0,0,0,0,0,0,0,0,0,0,0,0,0,0,0,0,0,0,0,0,0,0,0,0,0,0,0,0,0,0,0,0,0,0,0,0,0,0,0,0,0,0,0,0,0,0,0,0,0,0,0,0,0,0,0,0,0,0,0,0,0,0,0,0,0,0,0,0,0,0,0,0,0,0,0,0,0,0,0,0,0,0,0,0,0,0,0,0,0,0,0,0,0,0,0,0,0,0,0,0,0,0,0,0,0,0,0,0,0,0,0,0,0,0,0,0,0,0,0,0,0,0,0,0,0,0,0,0,0,0,0,0,0,0,0,0,0,0,0,0,0,0,0,0,0,0,0,0,0,0,0,0,0,0,0,0,0,0,0,0,0,0,0,0,0,0,0,0,0,0,0,0,0,0,0,0,0,0,0,0,0,0,0,0,0,0,0,0,0,0,0,0,0,0,0,0,0,0,0,0,0,0,0,0,0,0,0,0,0,0,0,0,0,0,0,0,0,0,0,0,0,0,0,0,0,0,0,0,0,0,0,0,0,0,0,0,0,0,0,0,0,0,0,0,0,0,0,0,0,0,0,0,0,0,0,0,0,0,0,0,0,0,0,0,0,0,0,0,0,0,0,0,0,0,0,0,0,0,0,0,0,0,0,0,0,0,0,0,0,0,0,0,0,0,0,0,0,0,0,0,0,0,0,0,0,0,0,0,0,0,0,0,0,0,0,0,0,0,0,0,0,0,0,0,0,0,0,0,0,0,0,0,0,0,0,0,0,0,0,0,0,0,0,0,0,0,0,0,0,0,0,0,0,0,0,0,0,0,0,0,0,0,0,0,0,0,0,0,0,0,0,0,0,0,0,0,0,0,0,0,0,0,0,0,0,0,0,0,0,0,0,0,0,0,0,0,0,0,0,0,0,0,0,0,0,0,0,0,0,0,0,0,0,0,0,0,0,0,0,0,0,0,0,0,0,0,0,0,0,0,0,0,0,0,0,0,0,0,0,0,0,0,0,0,0,0,0,0,0,0,0,0,0,0,0,0,0,0,0,0,0,0,0,0,0,0,0,0,0,0,0,0,0,0,0,0,0,0,0,0,0,0,0,0,0,0,0,0,0,0,0,0,0,0,0,0,0,0,0,0,0,0,0,0,0,0,0,0,0,0,0,0,0,0,0,0,0,0,0,0,0,0,0,0,0,0,0,0,0,0,0,0,0,0,0,0,0,0,0,0,0,0,0,0,0,0,0,0,0,0,0,0,0,0,0,0,0,0,0,0,0,0,0,0,0,0,0,0,0,0,0,0,0,0,0,0,0,0,0,0,0,0,0,0,0,0,0,0,0,0,0,0,0,0,0,0,0,0,0,0,0,0,0,0,0,0,0,0,0,0,0,-0.44930804,-0.7965934,-0.0124671655,0.3016958,-0.9104595,1.4152963,0.31438228,-0.10458497,1.3004928,-0.06490057,0.22426434,0.25757423,0.012905852,-0.7829695,0.6012349,-0.052276555,-0.17182972,-0.801343,-0.05696369,0.055652514,-0.45799485,0.10364876,-0.24763629,0.25107473,-1.0900705,0.22270197,0.35512912,-0.0657755,-0.17314212,0.682791,-0.08733632,-0.7990932,0.2490749,1.1243191,-0.39768708,0.03446667,0.06808904,0.48899364,0.6244206,0.8480281,0.48793125,-0.02046654,0.5346151,-0.16289291,-0.36293977,-0.027091023,-0.008217498,0.06433933,-0.091336004,0.3681906,0.104398705,-0.2511985,-0.71816206,0.2886343,0.46943268,0.15714458,-0.1604556,0.38700163,-0.27907133,0.87333864,0.28819683,-0.3434413,0.29613373,0.18457994,0.42281133,0.1582695,0.6651049,-0.5771105,-0.4956169,0.6957275,0.42162392,-0.60792065,-0.5096783,-0.16095556,-0.34087902,-0.35612783,-0.06808782,0.08065056,-0.7356607,-0.4038741,1.2579961,-0.19182815,-0.9285831,0.74003655,0.31613216,-0.43499666,-0.5766731,0.45724612,-0.3575652,0.04546581,-0.42824718,0.67479163,-1.3102407,0.008531194,-0.58386004,0.8877125,1.0849471,-0.5837975,-0.14489432,-0.622607,0.22957642,-0.2575105,-0.2603853,0.10177391,0.33419326,-1.0090768,0.11364798,0.36331597,-0.3385042,-0.40318665,-0.43380925,0.33825544,-0.21720117,-0.4229351,0.10046151,0.682916,-0.36618954,-0.6124203,0.27501038,0.2274516,0.03302928,-0.7145998,-0.6198572,0.29100913,0.3513794,-0.22020094,-0.21695119,-0.5503001,0.3525668,-0.6817899,0.8710888,0.007406282,0.24095054,-0.7723453,-0.5666739,-0.5329265,0.37269023,0.8834003,-0.7232866,-0.8139045,-0.40918618,0.021217702,-0.02202892,0.3745651,-0.28300852,0.19207935,-0.12483339,0.8867751,-0.29875728,0.14902022,0.68372846,-0.50930333,-0.049214296,0.072526194,-0.89821047,0.36212856,0.19414169,-0.37156412,0.024342459,-1.3809853,0.59523535,-0.7041006,0.8344667,0.92514706,-0.038590126,-0.27863386,-0.5349888,-0.01765426,0.6689796,-0.08146177,-0.48843,-0.43924633,0.02021778,0.39393857,0.09396202,-0.7082878,-0.26875964,-0.030340768,0.95620716,0.28600952,0.35106695,-0.1234585,0.28963423,0.02790468,0.6011099,-0.62610674,-0.33525446,0.085837655,0.18051776,-0.3535655,1.1221317,0.27757266,-0.109897055,0.19832887,0.35481665,0.10108646,0.3771899,0.42124894,-0.17239217,-0.37075168,0.019905305,0.11102319,-0.03534038,-0.013967048,0.38656417,0.26988578,-0.07508727,-0.23444982,-0.47974315,-0.31713086,-0.122396074,0.59917253,0.13370891,-0.5397385,1.1470672,-0.5258021,0.17920536,0.4948682,-0.060338426,0.41606185,-0.60904557,-0.11752146,0.047028188,0.18539238,0.23407607,0.18064275,-0.8119047,0.14777032,-0.35100323,-0.36856434,-0.21807611,-0.04427718,-0.08202423,0.5157416,0.057652358,0.74109894,-0.04233983,0.052652746,0.39062634,0.52617824,0.6354197,0.20882805,-0.65729177,0.033841718,-0.30700666,-0.321818,-0.45418265,-0.80071807,0.24138801,-0.64385533,0.07227621,-0.37218907,0.48118177,-0.26732224,0.43256056,-0.29400766,-0.027278509,0.3965009,0.39593843,0.38925144,0.53648996,-0.08771129,0.39050135,0.11021075,-0.59467167,-0.019154143,-0.23457481,-0.21963848,-0.27250934,0.40593764,-0.3383792,-0.9385823,-0.212889,-0.77253276,-0.37881353,0.095899366,-0.26157272,0.1748932,0.13752112,0.02777969,0.30107084,0.80015683,-0.08314914,0.29069665,-0.20363973,-0.47786832,0.049652983,-0.20957677,-0.08146177,0.11408545,0.029342068,0.18095522,0.21401514,0.45930848,0.8443409,-0.20451467,0.39593843,0.24288788,-0.20720196,-0.036777765,-0.78196955,-0.5982964,0.23151377,0.45705864,-0.2975074,-0.4653068,0.14077087,0.20664072,-0.18464121,-0.11583409,0.6909779,-0.2310126,0.10152393,0.39162627,0.55205125,-0.63210624,0.27788514,-0.3808134,-0.32994238,-0.0013430347,-0.38262576,-0.3858755,0.028717117,-0.38893774,0.09002483,0.715476,0.5451143,0.14445807,-0.42081025,0.60942173,0.6326699,-0.29150787,-0.3730015,0.19045448,1.1940635,-0.55379987,-0.6904767,0.65954286,-0.31344366,0.24357533,0.078463234,0.4974305,-0.3334421,0.25969908,-0.29831985,0.4792444,-0.4840553,0.18714224,0.025404876,-0.016904319,0.13339643,-0.17826672,0.4050002,-0.08802376,0.28175986,-0.46818155,-0.3195682,-0.06477558,-1.0582604,0.19407919,0.06527676,-0.51342803,-0.26813468,0.2580742,-0.22557552,-0.18439123,0.25838667,0.59798515,-0.46061966,-0.15989316,-0.026591063,-0.028215935,-0.12502088,0.34056777,0.0005943139,0.20764063,0.8837128,0.35831636,-0.097710505,-0.104647465,-0.21588877,0.8084687,-0.02202892,0.2875094,-0.07239998,-0.13958223,0.13989593,-0.0027179273,-0.38862526,1.0048908,-0.03109071,0.48136926,-0.37581378,0.09252463,-0.17889166,0.45455885,-0.21832608,0.14064588,0.87346363,-0.5151154,0.26238635,0.47761956,0.13152158,0.9562697,0.30207077,0.6155463,0.30638292,0.058214813,-0.19707774,-0.40199924,0.25594938,-0.353753,-0.88927364,0.34356752,0.5751119,0.008093728,0.5576758,-0.15389362,0.04465337,0.6137339,-0.53955096,0.24476273,-0.23769957,-0.6181074,-0.27338427,-0.098710425,0.57542443,1.0613865,-0.09227343,0.0065313503,0.31906945,-0.5892971,0.64635634,-0.0019679859,0.063714385,-0.059963454,-0.71497476,-0.51249063,0.36969048,-0.38118836,-0.22807533,-0.30688167,0.13720864,0.222202,0.9525824,-0.111896895,1.1128824,0.5454267,-0.37725118,-0.26600987,0.3628785,-0.15895572,1.0093905,0.06752659,0.36475337,0.25738674,0.09071227,0.34806716,-0.108897135,-0.29656997,-0.3808759,-0.14495681,-0.65629184,0.13702115,-0.4843678,0.78240824,-0.09689807,0.26532364,-0.13826984,0.3400678,-0.29400766,-0.603421,-0.13726991,0.07746331,-0.2780714,0.017343005,0.16389406,0.44130987,-0.44893306,-0.06740037,0.06208951,-0.21070167,-0.6082331,-0.17757927,-0.5415508,0.4165618,-0.21538882,-0.7360981,-0.7291612,-0.118833855,-0.07152505,0.43306053,-0.5110532,0.23176375,-0.9073973,0.20026621,-0.051276635,-0.35075325,0.09514943,-0.73466074,-0.1477691,0.43281054,-0.4616196,-0.035902835,0.1621442,0.638107,0.69535255,0.44168484,-0.35687774,0.32906866,0.037091464,-0.6199197,-0.18070403,0.044090915,0.4754947,0.5271157,-0.5421133,0.08665009,-0.12695822,-0.55523723,0.33200592,-0.19964004,-0.62541926,0.28913426,-0.6229195,0.3133199,0.27251056,-0.6521672,0.022217624,-0.122521065,0.79909444,-0.32369286,-0.27619657,-0.15395612,-0.8610884,0.02265509,0.452559,-0.052276555,0.12802187,-0.09164848,0.06408935,0.0686515,-0.21226406,-0.24851122,0.7787835,0.10939831,-0.21795112,0.58911085,-0.14433186,-0.08008688,-1.0457615,0.18807967,0.00071930414,0.16876867,0.09564939,-0.0027804223,-0.2347623,0.22557674,-0.2925703,0.018155443,-0.101397716,0.22701412,0.08077555,-0.0014680249,-0.73534817,-0.2657599,-0.059900958,-0.55023766,-0.34562865,0.11158564,-0.24726132,-1.3182402,-0.17270465,-0.11033452,0.80034435,-0.81146723,0.23982562,-0.086086415,0.23832574,-0.012967126,0.07558846,0.05746487,0.36187857,-0.6366684,0.16133176,-0.22988768,-0.17307962,0.29238403,-0.024528723,-0.17764176,-0.17076729,-0.24813625,-0.5499877,-0.32494277,-0.22051342,-0.111584425,0.17920536,0.10246135,-0.60029626,-0.05058919,-0.9410196,0.49493068,-0.025153674,0.5269907,0.40025058,-0.22113836,-0.22995017,-0.19657779,-0.7940311,-0.46080714,-0.12902056,-0.24919868,-0.37787613,0.16783124,-0.44630828,-0.264135,-0.061463337,-0.16932991,-0.1502689,0.5769868,0.01446823,0.19845386,-0.37725118,0.0076562623,-0.33362958,0.66373,-0.94414437,-0.29394516,0.23001389,-0.20845185,0.1787054,0.01165595,-0.36950177,-0.036152814,0.5832988,-0.44562083,-0.13733241,0.21076539,0.12120989,0.018155443,-0.20382722,-0.5933593,-0.32488027,-0.113584265,0.038216375,0.17270587,0.69354016,0.2247018,0.47774455,-0.20620203,0.29857102,-0.4459333,-0.8374652,-0.21720117,-1.3299267,-0.8330281,-0.13064544,-0.34981582,-0.07308743,0.07977563,0.25769922,0.0199678,-0.70185083,0.50705475,0.041153647,-0.3653146,0.30950767,-0.08858622,-0.27094698,0.033779223,-0.33950412,-0.062275775,-0.7771574,-0.07752458,-0.33956662,0.4806193,0.58142394,-0.4769309,-0.2883206,0.07727582,-0.1080222,-0.15589346,0.030279495,0.055839997,-0.8772121,-0.3948123,-0.21601376,-0.07352489,-0.571611,0.03465415,0.2813224,0.2325137,-0.14458184,0.12639698,-0.016091883,-0.05477636,-0.012717146,0.548989,0.5524887,-0.5928593,0.05827731,-0.08927367,-0.03340303,0.48318163,0.25369954,-0.9258958,0.100149035,-0.33381706,0.804469,-0.10627234,-0.17532945,0.3306935,0.35325426,-0.315131,-0.34694102,-0.29194534,-0.11214688,-0.2654474,-0.6503548,-0.24526148,-1.0800712,-0.34825343,1.0531995,-0.29706994,-0.3563153,0.8174055,0.28007248,0.20251603,-0.46218204,0.25494945,-0.35081574,-0.5313016,0.5064923,-0.4535577,0.7111638,3.1857864e-05,-0.047026966,0.6012974,-0.007842527,-0.7779074,-0.8672129,0.38550174,-0.2501361,-0.4162481,-0.6046709,0.25913662,0.18957955,0.0034690893,0.60029745,-0.24257419,0.35469165,0.22901396,0.5288655,-0.7480972,-0.034090478,-0.81490445,-0.5211774,0.30757034,0.50567985,-0.62848157,0.6024223,-0.046277024,0.2068907,-0.27488416,-0.059900958,-0.315131,-0.63716835,-0.724349,-0.16383034,0.2183273,0.3335683,-0.86208826,-0.5409884,-0.36325225,-0.9080847,-0.032590594,0.60698444,-0.09433577,0.35431668,0.50924206,0.15620716,0.27651027,0.28232232,-0.67135316,0.36869055,-0.91102195,0.31132004,-0.15333116,-0.22826281,-0.5113032,-0.10839717,0.03415419,-0.5561747,-0.35406548,0.51730394,-0.30031967,0.22495179,0.34812966,-0.2691346,-0.27013454,-0.20738944,0.13677117,0.21145284,0.04446589,0.039591268,-0.2823211,-0.10995955,-0.58854717,0.7751588,-0.14120711,0.24120052,0.000656809,0.085712664,-0.57167345,-0.6131702,0.08196296,0.1543948,0.10146143,-0.04633952,-0.48286793,-0.25826046,0.3719403,0.31088257,0.15845698,-0.17120476,0.0009692846,0.15239495,0.07746331,-0.25794798,-0.17270465,0.00028183832,0.3630035,0.04509084,-0.07777456,0.11921005,0.09921161,1.3032426,0.4305607,-0.16676761,-0.007905022,0.39706334,0.04084117,-0.12633327,-0.2998197,-0.11639655,-0.4805556,-0.09577316,-0.14020719,-0.2511985,0.055402532,-0.0060301684,-0.41106102,-0.19045326,0.18720473,-0.23788705,0.94895774,0.3513169,-0.5348638,-0.42018533,0.037591424,0.7547229,-0.4193729,-0.086086415,0.5494889,0.85915226,0.14720786,0.69516504,0.010281057,0.40243793,-0.033090554,-0.25563568,-0.5428007,-0.17307962,0.12739691,-0.5676738,0.09927411,0.19464165,-0.13533257,-0.09183597,0.3002584,0.4012505,0.17695554,-0.3856255,0.01653057,-0.41062355,-0.06971269,-0.13645747,0.25882414,-1.127755,0.2172024,-0.2000775,0.4551838,-0.45705745,-0.10727226,-0.082524195,-0.7774074,0.5626129,-0.10389752,0.35381672,0.16758128,0.21676493,0.24732503,0.28588453,0.07396358,0.027717195,0.12370969,0.2388882,0.04259103,-0.4523078,0.046965692,0.12352221,-1.0440116,-1.0463239,-0.60504586,0.42799842,0.74522364,0.085962646,-0.1387698,0.15614466,-0.35350302,0.14558299,0.031654388,-0.15845576,0.030529475,-0.2078269,-1.0104517,0.24282539,0.076338395,0.337443,-0.24332413,0.6204834,-0.6829148,0.6652299,0.19182937,-0.45012048,-0.08933616,-0.6134202,0.3168821,-0.302882,-0.32056808,-0.30238202,-0.4843678,-0.08327413,0.16551892,-0.10883464,0.44149736,-0.101835184,0.49943033,-0.11477167,-0.35069075,0.2208271,-0.2721969,-0.18295385,-0.28413343,-0.07508727,0.945208,0.025967332,0.19701646,0.110523224,0.32294413,-0.06733788,0.51336676,-0.22051342,-0.067525364,-0.12695822,0.21620247,0.35162938,0.47005764,-0.18026656,-0.13689494,-0.4098736,-0.079961896,0.88465023,-0.021903928,0.20514083,-0.4264973,0.05559002,-0.3675644,-0.39831203,0.30350816,-0.5193651,-0.24844873,-0.6110454,0.21676493,-0.5927968,-0.26813468,0.24982484,-0.024278743,-0.4037491,0.31375736,0.07940066,-0.3780636,-0.12195861,-0.15583096,0.30100834,0.042841014,0.21076539,0.3067579,0.23470102,0.076213405,0.13745862,0.811156,-0.2974449,0.2452002,-0.41018608,0.027154738,-0.19814016,0.35356674,0.2761978,0.15064509,-0.14195704,-0.24294916,-0.16345537,-0.17176722,0.040903665,-0.68185234,-0.30225703,-0.0039678295,-0.7225992,0.40862495,-0.10852216,0.008656184,-0.52998924,-0.014154534,0.77697116,-0.71128756,-0.24469902,0.5219911,0.68616575,-0.24344912,-0.5153029,-0.89589816,-0.04208985,-0.5622992,0.8445284,-0.08546146,-0.35706523,0.89208716,-0.27519664,-1.1650021,1.0703232,0.4514341,-0.85758865,0.2708232,0.58023655,0.7737839,-0.68816435,-0.54405063,-0.67085326,1.1601912,0.90108645,-0.58960956,0.4642456,-0.23907447,0.3031957,0.08846245,-1.0058895,0.23945065,-0.19107822,0.029092088,-0.0517141,1.1111951,0.50692976,-0.013592077,0.32400656,-0.13520758,-0.21345146,0.07133879,-0.34906587,-0.5391135,0.7604725,-0.6817899,0.18920457,0.07315115,0.56230044,-0.5972965,-0.07158755,0.59167314,-0.37006423,0.3656908,0.2259517,0.30575797,-0.3588151,-0.17107977,0.14052089,-0.78990644,0.30950767,0.084275275,-0.47136882,-0.09596064,0.4012505,0.30732036,-0.61048293,-0.37243906,-0.45055795,0.60535955,-0.5049912,1.0350136,-0.7694705,1.034576,1.015265,-0.5048662,0.43049824,0.29207155,0.080025606,-0.26426,0.5829863,0.28919676,0.23732582,-0.4484956,-0.34037906,-0.2782589,-0.5118657,0.17251839,-0.35700274,-0.35112822,0.018717898,-0.8613384,0.22032715,-0.5790479,-0.25432327,0.5509263,-0.10321008,-0.20901431,-0.1283331,0.3360681,0.65804297,-0.14426936,0.25601187,-0.004592781,0.20157862,0.24057557,-0.41474825,-0.13976972,0.6652299,-0.56336164,-0.30744413,0.27432293,-0.51567787,-0.66535366,-0.40524897,-0.18914086,0.31638214,0.81634307,-0.7162247,-0.17507946,-0.30406937,-0.26382253,0.32094428,0.25188717,-0.14833155,0.6910404,
1,1,0,0,0,0,0,0,0,0,0,0,0,0,0,0,0,0,0,0,0,0,0,0,0,0,0,0,0,0,0,0,0,0,0,0,1,0,0,0,0,0,0,0,0,0,0,0,0,0,0,0,0,0,0,0,0,0,0,0,0,0,0,0,0,0,0,0,0,0,0,0,0,0,0,0,0,0,0,0,0,0,0,0,0,0,0,0,0,0,0,0,0,0,0,0,0,0,0,0,0,0,0,0,0,0,0,0,0,0,0,0,0,0,0,0,0,0,0,0,0,0,0,0,0,0,0,0,0,0,0,0,0,0,0,0,0,0,0,0,0,0,1,0,0,0,0,0,0,0,0,0,0,0,0,0,0,0,0,0,0,0,0,0,0,0,0,0,0,0,0,0,0,0,0,0,0,0,0,0,0,0,0,0,0,1,0,0,0,0,0,0,0,0,0,0,0,0,0,0,0,0,0,0,0,0,0,0,0,0,0,0,0,0,0,0,0,0,0,0,0,0,0,0,0,0,0,0,0,0,0,0,0,0,0,0,0,0,0,0,0,0,0,0,0,0,0,0,0,0,0,0,0,0,0,0,0,0,0,0,0,0,0,0,0,0,0,0,0,0,0,0,0,0,0,0,0,0,0,0,0,0,0,0,0,0,0,0,0,0,0,0,0,0,0,0,0,0,0,0,0,0,0,0,0,0,0,0,0,0,0,0,0,0,0,0,0,0,0,0,0,0,0,0,0,0,0,0,0,0,0,0,0,0,0,0,0,0,0,0,0,0,0,0,0,0,0,0,0,0,0,0,0,0,0,0,0,0,0,0,0,0,0,0,0,0,0,0,0,0,0,0,0,0,0,0,0,0,0,0,0,0,0,0,0,0,0,0,0,0,0,0,0,0,0,0,0,0,0,0,0,0,0,0,0,0,0,0,0,0,0,0,0,0,0,0,0,0,0,0,0,0,0,0,0,0,0,0,0,0,0,0,0,0,0,0,0,0,0,0,0,0,0,0,0,0,0,0,0,0,0,0,0,0,0,0,0,0,0,0,0,0,0,0,0,0,0,0,0,0,0,0,0,0,0,0,0,0,0,0,0,0,0,0,0,0,0,0,0,0,0,0,0,0,0,0,0,0,0,0,0,0,0,0,0,0,0,0,0,0,0,0,0,0,0,0,0,0,0,0,0,0,0,0,0,0,0,0,0,0,0,0,0,0,0,0,0,0,0,0,0,0,0,0,0,0,0,0,0,0,0,0,0,0,0,0,0,0,0,0,0,0,0,0,0,0,0,0,0,0,0,0,0,0,0,0,0,0,0,0,0,0,0,0,0,0,0,0,0,0,0,0,0,0,0,0,0,0,0,0,0,0,0,0,0,0,0,0,0,0,0,0,0,0,0,0,0,0,0,0,0,0,0,0,0,0,0,0,0,0,0,0,0,0,0,0,0,0,0,0,0,0,0,0,0,0,0,0,0,0,0,0,0,0,0,0,0,0,0,0,0,0,0,0,0,0,0,0,0,0,0,0,0,0,0,0,0,0,0,0,0,0,0,0,0,0,0,0,0,0,0,0,0,0,0,0,0,0,0,0,0,0,0,0,0,0,0,0,0,0,0,0,0,0,0,0,0,0,0,0,0,0,0,0,0,0,0,0,0,0,0,0,0,0,0,0,0,0,0,0,0,0,0,0,0,0,0,0,0,0,0,0,0,0,0,0,0,0,0,0,0,0,0,0,0,0,0,0,0,0,0,0,0,0,0,0,0,0,0,0,0,0,0,0,0,0,0,0,0,0,0,0,0,0,0,0,0,0,0,0,0,0,0,0,0,0,0,0,0,0,0,0,0,0,0,0,0,0,0,0,0,0,0,0,0,0,0,0,0,0,0,0,0,0,0,0,0,0,0,0,0,0,0,0,0,0,0,0,0,0,0,0,0,0,0,0,0,0,0,0,0,0,0,0,0,0,0,0,0,0,0,0,0,0,0,0,0,0,0,0,0,0,0,0,0,0,0,0,0,0,0,0,0,0,0,0,0,0,0,0,0,0,0,0,0,0,0,0,0,0,0,0,0,0,0,0,0,0,0,0,0,0,0,0,0,0,0,0,0,0,0,0,0,0,0,0,0,0,0,0,0,0,0,0,0,0,0,0,0,0,0,0,0,0,0,0,0,0,0,0,0,0,0,0,0,0,0,0,0,0,0,0,0,0,0,0,0,0,0,0,0,0,0,0,0,0,0,0,0,0,0,0,0,0,0,0,0,0,0,0,0,0,0,0,0,0,0,0,0,0,0,0,0,0,0,0,0,0,0,0,0,0,0,0,0,0,0,0,0,0,0,0,0,0,0,0,0,0,0,0,0,0,0,0,0,0,0,0,0,0,0,0,0,0,0,0,0,0,0,0,0,0,0,0,0,0,0,0,0,0,0,0,0,0,0,0,0,0,0,0,0,0,0,0,0,0,0,0,0,0,0,0,0,0,0,0,0,0,0,0,0,0,0,0,0,0,0,0,0,0,0,0,0,0,0,0,0,0,0,0,0,0,0,0,0,0,0,0,0,0,0,0,0,0,0,0,0,0,0,0,0,0,0,0,0,0,0,0,0,0,0,0,0,0,0,0,0,0,0,0,0,0,0,0,0,0,0,0,0,0,0,0,0,0,0,0,0,0,0,0,0,0,0,0,0,0,0,0,0,0,0,0,0,0,0,0,0,0,0,0,0,0,0,0,0,0,0,0,0,0,0,0,0,0,0,0,0,0,0,0,0,0,0,0,0,0,0,0,0,0,0,0,0,0,0,0,0,0,0,0,0,0,0,0,0,0,0,0,0,0,0,0,0,0,0,0,0,0,0,0,0,0,0,0,0,0,0,0,0,0,0,0,0,0,0,0,0,0,0,0,0,0,0,0,0,0,0,0,0,0,0,0,0,0,0,0,0,0,0,0,0,0,0,0,0,0,0,0,0,0,0,0,0,0,0,0,0,0,0,0,0,0,0,0,0,0,0,0,0,0,0,0,0,0,0,0,0,0,0,0,0,0,0,0,0,0,0,0,0,0,0,0,0,0,0,0,0,0,0,0,0,0,0,0,0,0,0,0,0,0,0,0,0,0,0,0,0,0,0,0,0,0,0,0,0,0,0,0,0,0,0,0,0,0,0,0,0,0,0,0,0,0,0,0,0,0,0,0,0,0,0,0,0,0,0,0,0,0,0,0,0,0,0,0,0,0,0,0,0,0,0,0,0,0,0,0,0,0,0,0,0,0,0,0,0,0,0,0,0,0,0,0,0,0,0,0,0,0,0,0,0,0,0,0,0,0,0,0,0,0,0,0,0,0,0,0,0,0,0,0,0,0,0,0,0,0,0,0,0,0,0,0,0,0,0,0,0,0,0,0,0,0,0,0,0,0,0,0,0,0,0,0,0,0,0,0,0,0,0,0,0,0,0,0,0,0,0,0,0,0,0,0,0,0,0,0,0,0,0,0,0,0,0,0,0,0,0,0,0,0,0,0,0,0,0,0,0,0,0,0,0,0,0,0,0,0,0,0,0,0,0,0,0,0,0,0,0,0,0,0,0,0,0,0,0,0,0,0,0,0,0,0,0,0,0,0,0,0,0,0,0,0,0,0,0,0,0,0,0,0,0,0,0,0,0,0,0,0,0,0,0,0,0,0,0,0,0,0,0,0,0,0,0,0,0,0,0,0,0,0,0,0,0,0,0,0,0,0,0,0,0,0,0,0,0,0,0,0,0,0,0,0,0,0,0,0,0,0,0,0,0,0,0,0,0,0,0,0,0,0,0,0,0,0,0,0,0,0,0,0,0,0,0,0,0,0,0,0,0,0,0,0,0,0,0,0,0,0,0,0,0,0,0,0,0,0,0,0,0,0,0,0,0,0,0,0,0,0,0,0,0,0,0,0,0,0,0,0,0,0,0,0,0,0,0,0,0,0,0,0,0,0,0,0,0,0,0,0,0,0,0,0,0,0,0,0,0,0,0,0,0,0,0,0,0,0,0,0,0,0,0,0,0,0,0,0,0,0,0,0,0,0,0,0,0,0,0,0,0,0,0,0,0,0,0,0,0,0,0,0,0,0,0,0,0,0,0,0,0,0,0,0,0,0,0,0,0,0,0,0,0,0,0,0,0,0,0,0,0,0,0,0,0,0,0,0,0,0,0,0,0,0,0,0,0,0,0,0,0,0,0,0,0,0,0,0,0,0,0,0,0,0,0,0,0,0,0,0,0,0,0,0,0,0,0,0,0,0,0,0,0,0,0,0,0,0,0,0,0,0,0,0,0,0,0,0,0,0,0,0,0,0,0,0,0,0,0,0,0,0,0,0,0,0,0,0,0,0,0,0,0,0,0,0,0,0,0,0,0,0,0,0,0,0,0,0,0,0,0,0,0,0,0,0,0,0,0,0,0,0,0,0,0,0,0,0,0,0,0,0,0,0,0,0,0,0,0,0,0,0,0,0,0,0,0,0,0,0,0,0,0,0,0,0,0,0,0,0,0,0,0,0,0,0,0,0,0,0,0,0,0,0,0,0,0,0,0,0,0,0,0,0,0,0,0,0,0,0,0,0,0,0,0,0,0,0,0,0,0,0,0,0,0,0,0,0,0,0,0,0,0,0,0,0,0,0,0,0,0,0,0,0,0,0,0,0,0,0,0,0,0,0,0,0,0,0,0,0,0,0,0,0,0,0,0,0,0,0,0,0,0,0,0,0,0,0,0,0,0,0,0,0,0,0,0,0,0,0,0,0,0,0,0,0,0,0,0,0,0,0,0,0,0,0,0,0,0,0,0,0,0,0,0,0,0,0,0,0,0,0,0,0,0,0,0,0,0,0,0,0,0,0,0,0,0,0,0,0,0,0,0,0,0,0,0,0,0,0,0,0,0,0,0,0,0,0,0,0,0,0,0,0,0,0,0,0,0,0,0,0,0,0,0,0,0,0,0,0,0,0,0,0,0,0,0,0,0,0,0,0,0,0,0,0,0,0,0,0,0,0,0,0,0,0,0,0,0,0,0,0,0,0,0,0,0,0,0,0,0,0,0,0,0,0,0,0,0,0,0,0,0,0,0,0,0,0,0,0,0,0,0,0,0,0,0,0,0,0,0,0,0,0,0,0,0,0,0,0,0,0,0,0,0,0,0,0,0,0,0,0,0,0,0,0,0,0,0,0,0,0,0,0,0,0,0,0,0,0,0,0,0,0,0,0,0,0,0,0,0,0,0,0,0,0,0,0,0,0,0,0,0,0,0,0,0,0,0,0,0,0,0,0,0,0,0,0,0,0,0,0,0,0,0,0,0,0,0,0,0,0,0,0,0,0,0,0,0,0,0,0,0,0,0,0,0,0,0,0,0,0,0,0,0,0,0,0,0,0,0,0,0,0,0,0,0,0,0,0,0,0,0,0,0,0,0,0,0,0,0,0,0,0,0,0,0,0,0,0,0,0,0,0,0,0,0,0,0,0,0,0,0,0,0,0,0,0,0,0,0,0,0,0,0,0,0,0,0,0,0,0,0,0,0,0,0,0,0,0,0,0,0,0,0,0,0,0,0,0,0,0,0,0,0,0,0,0,0,0,0,0,0,0,0,0,0,0,0,0,0,0,0,0,0,0,0,0,0,0,0,0,0,0,0,0,0,0,0,0,0,0,0,0,0,0,0,0,0,0,0,0,0,0,0,0,0,0,0,0,0,0,0,0,0,0,0,0,0,0,0,0,0,0,0,0,0,0,0,0,0,0,0,0,0,0,0,0,0,0,0,0,0,0,0,0,0,0,0,0,0,0,0,0,0,0,0,0,0,0,0,0,0,0,0,0,0,0,0,0,0,0,0,0,0,0,0,0,0,0,0,0,0,0,0,0,0,0,0,0,0,0,0,0,0,0,0,0,0,0,0,0,0,0,0,0,0,0,0,0,0,0,0,0,0,0,0,0,0,0,0,0,0,0,0,0,0,0,0,0,0,0,0,0,0,0,0,0,0,0,0,0,0,0,0,0,0,0,0,0,0,0,0,0,0,0,0,0,0,0,0,0,0,0,0,0,0,0,0,0,0,0,0,0,0,0,0,0,0,0,0,0,0,0,0,0,0,0,0,0,0,0,0,0,0,0,0,0,0,0,0,0,0,0,0,0,0,0,0,0,0,0,0,0,0,0,0,0,0,0,0,0,0,0,0,0,0,0,0,0,0,0,0,0,0,0,0,0,0,0,0,0,0,0,0,0,0,0,0,0,0,0,0,0,0,0,0,0,0,0,0,0,0,0,0,0,0,0,0,0,0,0,0,0,0,0,0,0,0,0,0,0,0,0,0,0,0,0,0,0,0,0,0,0,0,0,0,0,0,0,0,0,0,0,0,0,0,0,0,0,0,0,0,0,0,0,0,0,0,0,0,0,0,0,0,0,0,0,0,0,0,0,0,0,0,0,0,0,0,0,0,0,0,0,0,0,0,0,0,0,0,0,0,0,0,0,0,0,0,0,0,0,0,0,0,0,0,0,0,0,0,0,0,0,0,0,0,0,0,0,0,0,0,0,0,0,0,0,0,0,0,0,0,0,0,0,0,0,0,0,0,0,0,0,0,0,0,0,0,0,0,0,0,0,0,0,0,0,0,0,0,0,0,0,0,0,0,0,0,0,0,0,0,0,0,0,0,0,0,0,0,0,0,0,0,0,0,0,0,0,0,0,0,0,0,0,0,0,0,0,0,0,0,0,0,0,0,0,0,0,0,0,0,0,0,0,0,0,0,0,0,0,0,0,0,0,0,0,0,0,0,0,0,0,0,0,0,0,0,0,0,0,0,0,0,0,0,0,0,0,0,0,0,0,0,0,0,0,0,0,0,0,0,0,0,0,0,0,0,0,0,0,0,0,0,0,0,0,0,0,0,0,0,0,0,0,0,0,0,0,0,0,0,0,0,0,0,0,0,0,0,0,0,0,0,0,0,0,0,0,0,0,0,0,0,0,0,0,0,0,0,0,0,0,0,0,0,0,0,0,0,0,0,0,0,0,0,0,0,0,0,0,0,0,0,0,0,0,0,0,0,0,0,0,0,0,0,0,0,0,0,0,0,0,0,0,0,0,0,0,0,0,0,0,0,0,0,0,0,0,0,0,0,0,0,0,0,0,0,0,0,0,0,0,0,0,0,0,0,0,0,0,0,0,0,0,0,0,0,0,0,0,0,0,0,0,0,0,0,0,0,0,0,0,0,0,0,0,0,0,0,0,0,0,0,0,0,0,0,0,0,0,0,0,0,0,0,0,0,0,0,0,0,0,0,0,0,0,0,0,0,0,0,0,0,0,0,0,0,0,0,0,0,0,0,0,0,0,0,0,0,0,0,0,0,0,0,0,0,0,0,0,0,0,0,0,0,0,0,0,0,0,0,0,0,0,0,0,0,0,0,0,0,0,0,0,0,0,0,0,0,0,0,0,0,0,0,0,0,0,0,0,0,0,0,0,0,0,0,0,0,0,0,0,0,0,0,0,0,0,0,0,0,0,0,0,0,0,0,0,0,0,0,0,0,0,0,0,0,0,0,0,0,0,0,0,0,0,0,0,0,0,0,0,0,0,0,0,0,0,0,0,0,0,0,0,0,0,0,0,0,0,0,0,0,0,0,0,0,0,0,0,0,0,0,0,0,0,0,0,0,0,0,0,0,0,0,0,0,0,0,0,0,0,0,0,0,0,0,0,0,0,0,0,0,0,0,0,0,0,0,0,0,0,0,0,0,0,0,0,0,0,0,0,0,0,0,0,0,0,0,0,0,0,0,0,0,0,0,0,0,0,0,0,0,0,0,0,0,0,0,0,0,0,0,0,0,0,0,0,0,0,0,0,0,0,0,0,0,0,0,0,0,0,0,0,0,0,0,0,0,0,0,0,0,0,0,0,0,0,0,0,0,0,0,0,0,0,0,0,0,0,0,0,0,0,0,0,0,0,0,0,0,0,0,0,0,0,0,0,0,0,0,0,0,0,0,0,0,0,0,0,0,0,0,0,0,0,0,0,0,0,0,0,0,0,0,0,0,0,0,0,0,0,0,0,0,0,0,0,0,0,0,0,0,0,0,0,0,0,0,0,0,0,0,0,0,0,0,0,0,0,0,0,0,0,0,0,0,0,0,0,0,0,0,0,0,0,0,0,0,0,0,0,0,0,0,0,0,0,0,0,0,0,0,0,0,0,0,0,0,0,0,0,0,0,0,0,0,0,0,0,0,0,0,0,0,0,0,0,0,0,0,0,0,0,0,0,0,0,0,0,0,0,0,0,0,0,0,0,0,0,0,0,0,0,0,0,0,0,0,0,0,0,0,0,0,0,0,0,0,0,0,0,0,0,0,0,0,0,0,0,0,0,0,0,0,0,0,0,0,0,0,0,0,0,0,0,0,0,0,0,0,0,0,0,0,0,0,0,0,0,0,0,0,0,0,0,0,0,0,0,0,0,0,0,0,0,0,0,0,0,0,0,0,0,0,0,0,0,0,0,0,0,0,0,0,0,0,0,0,0,0,0,0,0,0,0,0,0,0,0,0,0,0,0,0,0,0,0,0,0,0,0,0,0,0,0,0,0,0,0,0,0,0,0,0,0,0,0,0,0,0,0,0,0,0,0,0,0,0,0,0,0,0,0,0,0,0,0,0,0,0,0,0,0,0,0,0,0,0,0,0,0,0,0,0,0,0,0,0,0,0,0,0.67881906,0.17659682,-0.1273509,0.5130674,-0.96128553,0.5043877,-0.45195222,0.12033538,-0.34983456,-0.16541626,-0.13655351,-1.4807104,1.1763877,-1.1371287,0.4183223,-0.41712868,1.312074,-0.15114175,0.14417851,0.5121262,0.32509354,-0.40008292,0.07677982,-0.2615731,0.7036033,0.19928962,-0.47354698,-0.7122921,-0.6304097,0.16179943,-0.862462,0.20148571,0.27651837,0.20368178,0.23134191,0.16075368,-0.8253901,-0.44954696,-0.33843586,-0.065808415,-0.13571692,0.8260609,-0.035272468,-0.46612215,-0.41284108,0.4466622,0.20545956,-0.102252856,-0.38052738,-0.102200575,0.32394323,-0.3492071,0.11714584,-0.3022006,0.08911969,0.027943218,-0.5477431,0.048962828,-0.40055352,-0.5929718,0.04441381,-0.25383455,0.59285825,-0.113808416,0.30616543,0.38438767,0.28755108,-0.3226973,0.22820465,0.84498894,-0.4152986,0.46193016,0.4165968,-0.35589993,-0.1433509,0.001694853,-0.8903836,0.32540727,-0.48254043,-0.3736254,0.21345957,0.029407272,0.17743342,0.44347262,0.28002164,-0.012056781,-0.0029064543,0.07202165,-0.4658607,0.6647537,-0.47867116,0.10747263,0.12755106,-0.4868803,-0.115481615,-0.1353509,0.044884395,-0.56447506,-0.068056785,-0.01273652,0.21403472,0.064335376,-0.6784097,0.31908047,0.4048321,0.25403473,0.48566872,0.3513942,0.45257068,-0.26434436,0.4027406,0.20091054,-0.5365535,0.07327655,0.5339301,0.26768178,0.5842831,0.21189094,0.5907667,0.4314465,0.36587787,0.018479167,0.2385053,-0.22005679,-0.65864503,0.70914584,0.33523732,-0.0898607,0.41424388,0.40504125,-0.21001756,0.6060347,0.30360335,-0.1589326,0.20796937,-0.150096,-0.23678881,0.3332504,-0.3926058,-0.56034434,-0.114279,-0.002435866,0.07610008,-0.4574424,0.4641785,0.55996937,0.107577205,0.2831589,0.2672112,-0.31312868,0.241904,-0.3352986,-0.28724632,-0.21179534,0.13481903,-0.1441875,0.11667524,-0.09634436,0.12718505,0.25319812,0.3025576,-0.13806985,0.60467523,-0.601913,-0.10298488,-0.40677574,-0.1841875,0.36519814,-0.16295874,0.09617852,0.14302818,0.030609885,0.20791708,-0.007298611,0.16206087,-0.2237692,-0.24222672,-0.23788685,-0.04468423,-0.29566464,0.00974714,0.16111968,0.22736806,0.027368056,-0.3703313,0.1989759,0.09063603,-0.34444892,0.12985171,-0.1833509,0.24587786,-0.22214828,0.14386478,0.2006491,-0.3033509,-0.05556005,0.30987787,0.17711969,-0.15354697,0.09246609,0.43160334,0.012622957,0.24645302,-0.17189991,0.24796936,0.05649224,0.071760215,0.11296283,-0.23244894,-0.2515862,-0.44029206,-0.19276266,-0.35741627,0.38778636,0.37215236,-0.12013521,0.24561642,0.012256945,-0.044422794,-0.08426593,-0.035795342,0.10700204,-0.1483705,0.26700205,-0.0019129902,0.076936685,0.54193014,0.4175903,0.05393015,-0.15427901,0.092100084,0.112387665,0.01126348,-0.33001757,-0.07406985,-0.0057299836,-0.34795222,0.3161001,-0.014357435,0.01989093,-0.24996528,-0.2241352,0.15353799,0.34219158,0.46877983,-0.24128553,-0.3610241,-0.40363848,-0.085468546,0.18789093,0.18391708,-0.06894567,-0.049651552,-0.29205677,0.12054452,-0.1766581,0.1842308,0.011943219,0.050740603,-0.21310253,-0.14847508,0.129904,-0.30063194,0.009067402,-0.2713509,0.122688316,0.14632231,0.14266217,0.056178514,-0.35736397,0.016753677,-0.30016136,-0.20907639,0.021198122,0.18559028,0.16096282,0.16504125,0.023237336,0.374453,-0.16651429,0.20331576,0.4077602,0.32561642,-0.17922018,0.16692361,-0.0061482843,0.18470138,0.33874062,0.23228309,0.31625694,0.008073938,0.18794322,0.09027001,-0.07956005,-0.14873652,-0.32552084,-0.45482802,-0.39616135,0.29089746,-0.5654163,0.23557721,-0.2658084,0.3315249,0.06334191,-0.06847508,0.07604779,-0.13064502,-0.02350776,0.44749877,0.17487133,0.3190282,0.054609887,-0.22031821,0.021041257,-0.12494567,0.15055759,-0.23359926,-0.27501103,-0.30826592,0.05670139,-0.32039666,-0.18518096,0.32368177,-0.62993914,-0.2330764,-0.07820057,0.09800858,0.31379944,-0.12803064,-0.16363849,-0.5016777,0.18145956,0.25006086,-0.21550776,0.13262296,-0.062148284,-0.17691952,-0.08604371,-0.4207888,0.25314584,0.046557598,-0.33895874,-0.32389992,0.21628308,0.018688317,-0.15851429,-0.2115339,0.20143342,-0.10308946,-0.6177561,0.60122424,-0.14314175,0.35578635,-0.21352084,-0.16139011,0.011943219,0.04451838,0.06653146,0.35960335,-0.057076387,0.064701386,-0.085207105,-0.17294566,0.011890931,0.14616545,0.043420345,-0.04212214,0.06459682,-0.16599143,-0.21435744,0.0722308,-0.08400449,-0.122906454,-0.40201756,0.26104125,-0.067481615,0.11876675,-0.03997835,-0.18308946,0.40258375,0.11191708,-0.018749591,-0.13634436,0.13560335,0.22956413,-0.23825286,-0.24996528,0.074060865,-0.041128676,-0.34277573,0.12389093,-0.122540444,-0.068422794,-0.33597836,0.15615237,0.014662174,0.3232112,-0.0081875,-0.21995221,0.044832107,0.11280596,0.0078125,0.20572099,-0.11438358,0.04498897,-0.30178228,0.63463604,0.47447917,-0.20086724,0.091158904,0.21502818,-0.017965278,-0.30131167,-0.3395862,-0.04604371,-0.10972998,0.141721,-0.09827901,0.2196295,-0.27333784,-0.07333782,-0.018592728,-0.07956005,0.09016544,-0.0021221405,0.31207395,-0.17336397,0.09544649,-0.4380437,-0.16803063,0.3202308,0.17560335,-0.1311156,-0.07014828,-0.1370241,-0.2995862,-0.24761234,0.26098898,0.13889746,-0.14591299,0.1202308,0.05298897,0.06287132,-0.030514298,0.108466096,-0.1753509,0.061511848,0.14585172,-0.11950776,-0.24844894,0.03568178,0.137904,0.33000857,0.038453024,0.14569485,0.19672753,-0.12426593,-0.026279002,0.22287132,-0.2881875,0.08577328,-0.1795339,-0.2772071,-0.07046201,-0.37728554,0.13847917,0.12959027,-0.29205677,-0.19370385,-0.18654044,0.03228309,-0.05294567,-0.23297182,0.0056164213,0.21942034,-0.1563705,-0.02073652,-0.09686724,0.34376022,0.12153799,-0.016553514,-0.038148284,0.15092361,0.1715772,0.14208701,-0.18742932,-0.104762666,0.027002042,-0.048082925,-0.10439665,-0.23600449,-0.3606058,0.20854452,0.18229616,0.055655636,0.48488438,-0.24698488,-0.1921875,-0.20243587,0.09068832,-0.17639665,0.056962825,0.1804661,-0.30737704,0.098270014,0.3059563,-0.32452738,-0.1348803,0.1913942,0.31573406,0.120805964,-0.17728554,0.058792893,0.17058374,-0.0237692,-0.068684235,0.14553799,0.004204657,0.011943219,-0.2376254,0.32645303,-0.34993914,-0.18946855,-0.08557312,0.0039955066,0.03332884,0.24493669,0.08776021,0.061930146,-0.18491952,-0.14554697,0.28755108,0.31249225,0.4018517,-0.21623978,0.04645302,0.201538,-0.14533782,-0.21655351,-0.04578227,-0.29556006,-0.16285416,0.29215237,-0.21780841,0.2103223,-0.19438358,0.039655637,0.0049889707,-0.0465143,0.25210008,0.14579943,0.23798244,0.10182557,-0.19699796,-0.100893386,0.09732884,0.1336687,0.34030923,-0.02591299,-0.2843182,0.07254452,0.49774715,-0.44661888,-0.24996528,-0.19830514,-0.091324754,-0.018279003,-0.08599142,-0.29969075,-0.10795221,-0.17393914,0.04504126,0.09523734,0.29638767,-0.057756126,-0.17263195,0.26318505,0.34219158,0.123995505,0.090740606,-0.1564228,-0.11082802,0.25983864,0.31913278,0.21110661,0.33429617,0.4386099,0.20880596,-0.2191156,0.022139298,0.30025694,0.25189093,-0.23098488,0.03892361,0.13471445,-0.44834435,-0.039664622,-0.17984763,0.11296283,0.30386478,0.0722308,-0.15129861,0.06642688,0.072753675,0.01126348,-0.010697304,-0.031821486,0.2676295,-0.11490645,-0.013520833,-0.07684109,-0.34899795,-0.22774306,0.051002044,0.009171977,-0.19616136,0.23369485,-0.30648816,0.12875368,0.005564134,-0.0038476307,-0.33848816,0.5613811,-0.012579657,0.23301512,-0.29723325,-0.105442405,0.31102818,-0.26110253,-0.10554697,0.36143342,0.16101511,-0.06267116,0.051211193,-0.4358999,0.12007394,-0.19286723,-0.17948161,-0.21101102,-0.23234436,-0.29629207,-0.019167893,-0.05859273,-0.07067116,-0.17315482,0.039917074,-0.2216254,0.017171977,-0.106435865,0.254087,0.026897468,0.17549877,-0.16640972,0.0473942,-0.13812214,0.07709355,-0.10732476,-0.102305144,0.18877982,0.08232231,0.28211316,-0.22868423,0.21016544,0.014505311,0.10443995,0.21220465,-0.00097181374,0.06443995,-0.12050123,-0.082645014,0.1770674,-0.2026973,-0.009180964,-0.23705025,0.12859681,-0.0810241,0.2208844,-0.19307639,-0.14972998,-0.0241875,-0.22110254,0.0014857026,-0.29257965,0.08101512,0.12033538,-0.11323325,0.03740727,0.047237337,0.18104126,0.15432231,-0.38350776,-0.16118096,-0.3092071,0.039080475,0.03568178,0.18893668,-0.3084228,-0.14476267,0.26271448,-0.03605678,-0.12170384,-0.18371691,0.054400735,0.12310662,0.14538112,-0.068109065,0.22010008,0.44289747,0.15364257,0.032544527,-0.14894567,-0.103821486,0.19662295,0.054766748,0.3998125,-0.10884109,0.005302696,-0.13874958,0.16284518,-0.1985143,0.15928963,-0.3501483,-0.085520834,0.10349877,-0.016030638,0.01863603,0.065381125,-0.14925939,-0.06612214,-0.2730764,0.02491054,0.34585172,-0.47574306,0.26700205,0.27411315,-0.16285416,-0.44159925,-0.11072345,-0.09942933,-0.068056785,-0.015612337,0.08038767,0.008596813,-0.11647508,0.101407275,-0.11924633,0.17173406,-0.34774306,0.06443995,-0.079350896,-0.0237692,-0.19537704,-0.23522018,-0.012213644,0.14360335,0.45821774,-0.03825286,-0.13759926,-0.47067115,0.019158905,0.04870139,0.015237337,-0.010174428,0.24493669,-0.1669326,0.18308048,0.32561642,-0.011533905,-0.08243587,-0.13524632,-0.05937704,0.20216544,-0.18857966,0.20326348,-0.21623978,-0.10439665,-0.008867239,0.24551184,-0.25163847,-0.19009599,0.2629759,-0.22967769,-0.19940318,0.019995507,-0.10261887,0.21936806,-0.04855351,-0.012997958,-0.07673652,-0.05482802,-0.1075339,0.026270017,-0.24081495,-0.4367888,0.10705433,-0.033337828,-0.13299796,0.4040478,-0.09440972,0.52007395,-0.12593913,-0.022828022,-0.020422794,0.048649102,-0.35501102,0.027106619,0.17926349,0.017694853,-0.2683705,-0.09179534,-0.049546976,-0.11145547,0.1341393,-0.12452737,-0.18706332,0.19735499,-0.26591298,-0.058017567,-0.19924632,0.13591708,0.2548713,-0.20583455,0.04085825,0.05079289,-0.174096,0.06966871,0.3585576,-0.14225286,0.13429616,0.01408701,0.015707925,-0.116161354,-0.06570384,-0.052527368,-0.11542933,0.2710282,-0.21169077,0.02360335,0.46491054,-0.37765154,-0.04191299,-0.15114175,0.16221772,0.15808702,0.052047793,-0.19490646,0.06710662,0.100779824,0.35657066,-0.078723446,0.29617852,0.4073942,-0.16510253,0.05649224,-0.138279,-0.2637169,0.18574715,0.17115891,0.03196936,0.013720997,-0.027167892,-0.07040972,-0.033546977,0.31662294,0.0814857,0.22611316,0.03228309,-0.029729983,0.05900204,-0.068109065,0.1345576,-0.16661887,-0.22763848,0.22067524,0.17800857,-0.0166058,0.0053549837,0.09225694,0.0139301475,-0.03150776,0.16258374,0.007864787,0.2579563,-0.0477692,0.68922424,-0.15820058,0.105904005,0.031028187,0.13732883,-0.11720711,0.20436151,0.0229759,-0.051272467,0.17905433,0.10862296,0.059368055,0.023864787,0.19719812,-0.09372998,0.14982557,-0.07888031,-0.2869849,-0.13127246,0.08838766,0.2731197,0.084047794,-0.16290645,-0.35652736,-0.043952204,0.029302696,0.17528963,-0.38800448,-0.17927247,0.1593942,0.27667525,-0.14157312,-0.5840829,-0.1315339,0.06166871,0.04911969,0.09926348,-0.031716913,-0.1871679,-0.013050245,-0.033128675,-0.02742933,0.25000858,-0.058488153,0.007551062,0.25973406,-0.089390114,0.2508452,-0.17080188,0.13607393,0.121694855,-0.0334424,0.017747141,0.21894975,0.0047275326,-0.04782149,-0.051952206,-0.03370384,0.085982434,0.1362308,0.23740727,0.012466094,-0.06382149,-0.22298488,-0.06110253,0.078871325,0.07677982,0.2103223,0.22810008,0.028622957,0.016962826,0.25434846,-0.1972594,-0.10240972,0.14386478,-0.13676266,-0.27992606,0.15657067,0.1214857,0.07092361,0.030453023,-0.3450241,0.07604779,-0.3058607,-0.2140437,0.009276552,-0.061729982,0.009276552,0.22757721,0.25863603,0.3101393,0.10700204,0.12357721,0.06036152,-0.13404371,-0.055926062,0.026531454,-0.21592607,-0.01791299,-0.20933783,0.16305433,0.090113156,0.09576021,0.043211192,0.37821773,-0.13566463,-0.066435866,0.023655638,-0.06413521,0.14224388,0.13900204,0.31986478,-0.29550776,-0.050749592,-0.04212214,0.019002043,0.08964256,-0.058697306,0.02553799,-0.0095469775,-0.24097182,0.2916295,-0.1690241,0.16551185,-0.05289338,0.122322306,0.21555106,-0.18444894,0.05691054,-0.025285538,0.2865053,0.07191707,0.24838766,-8.292484e-05,-0.19793913,0.060622957,0.02553799,-0.17127247,0.122374594,0.1336687,-1.6254424,-0.52039665,-1.0777823,1.4209889,-1.5701221,-1.1705405,-0.8744882,-0.8760568,-0.80123323,1.1829236,1.7859563,0.2558648,1.6443093,1.8974334,-0.942096,-0.23108946,-1.0094947,0.32598242,0.5068452,-1.9161091,0.82025695,-0.72076267,-0.8814424,0.561904,0.5086752,-0.1429326,-1.1926581,0.42710662,-0.566096,0.30161643,0.5207014,-0.9478476,0.5543746,0.37633538,-1.2498606,0.7733027,-0.63882804,0.44227,0.38789093,0.1425053,1.2705576,0.36728963,-0.018069852,1.0519432,0.6967537,-0.17707638,-1.3401613,0.1476295,0.71081907,-0.13989992,-0.7454424,1.0031066,-1.1738869,-1.3895731,-0.070984885,-0.8220437,-0.80667114,-0.14497182,-0.1568411,0.041224264,-0.23474959,0.38778636,0.31745955,1.1855379,0.66308045,1.089538,0.60891056,-0.061416257,0.9181916,-0.84337705,0.88326347,0.18914583,1.2416948,-1.4663312,-0.62016135,1.2627145,0.13220465,-0.64097184,-0.98936397,0.684989,0.15740727,-0.31668425,0.673172,0.04911969,-0.57210904,-0.30172998,0.44326347,0.021877859,-0.60782146,-0.43584764,-1.209913,0.29356414,0.28671446,1.4727536,0.33011314,0.56556416,-0.71966463,-0.3138084,-0.21101102,0.24681903,1.2458779,-0.53001755,-0.1311156,0.3723615,-0.45383456,1.319185,-1.5683444,0.6759955,-0.3083705,-0.78570384,-1.2221483,-1.5024097,0.11249224,-0.6760568,-1.3990371,-0.04557312,-0.35720712,-0.3661483,0.08122426,-0.15861887,1.0641263,1.588989,-0.13540319,1.3483615,0.53225696,-0.9314293,-1.7425143,0.32938114,
0,0,0,0,0,0,0,0,0,0,0,0,0,0,0,0,0,0,0,0,0,0,0,0,0,0,0,0,1,0,0,0,0,1,0,0,0,0,1,0,0,0,0,0,0,0,0,0,0,0,0,0,0,0,0,0,0,0,0,0,0,0,0,0,0,0,0,0,0,0,0,0,0,0,0,0,0,0,1,0,0,0,0,0,0,0,1,0,0,0,0,0,0,0,0,0,0,0,0,0,0,0,0,0,0,0,0,0,0,0,0,0,0,0,0,0,0,0,0,0,0,0,0,0,0,0,0,0,0,0,0,0,0,0,0,0,0,0,0,0,0,0,0,0,0,0,0,0,0,0,0,0,0,0,0,0,0,0,0,0,0,0,0,0,0,0,0,0,0,0,0,0,0,0,0,0,0,0,0,0,0,0,0,0,0,0,0,0,0,0,0,0,0,0,0,0,0,0,0,0,0,0,0,0,0,0,0,0,0,0,0,0,0,0,0,0,0,0,0,0,0,0,0,0,0,0,0,0,0,0,0,0,0,0,0,0,0,0,0,0,0,0,0,0,0,0,0,0,0,0,0,0,0,0,0,0,0,0,0,0,0,0,0,0,0,0,0,0,0,0,0,0,0,0,0,0,0,0,0,0,0,0,0,0,0,0,0,0,0,0,0,0,0,0,0,0,0,0,0,0,0,0,0,0,0,0,0,0,0,0,0,0,0,0,0,0,0,0,0,0,0,0,0,0,0,0,0,0,0,0,0,0,0,0,0,0,0,0,0,0,0,0,0,0,0,0,0,0,0,0,0,0,0,0,0,0,0,0,0,0,0,0,0,0,0,0,0,0,0,0,0,0,0,0,0,0,0,0,0,0,0,0,0,0,0,0,0,0,0,0,0,0,0,0,0,0,0,0,0,0,0,0,0,0,0,0,0,0,0,0,0,0,0,0,0,0,0,0,0,0,0,0,0,0,0,0,0,0,0,0,0,0,0,0,0,0,0,0,0,0,0,0,0,0,0,0,0,0,0,0,0,0,0,0,0,0,0,0,0,0,0,0,0,0,0,0,0,0,0,0,0,0,0,0,0,0,0,0,0,0,0,0,0,0,0,0,0,0,0,0,0,0,0,0,0,0,0,0,0,0,0,0,0,0,0,0,0,0,0,0,0,0,0,0,0,0,0,0,0,0,0,0,0,0,0,0,0,0,0,0,0,0,0,0,0,0,0,0,0,0,0,0,0,0,0,0,0,0,0,0,0,0,0,0,0,0,0,0,0,0,0,0,0,0,0,0,0,0,0,0,0,0,0,0,0,0,0,0,0,0,0,0,0,0,0,0,0,0,0,0,0,0,0,0,0,0,0,0,0,0,0,0,0,0,0,0,0,0,0,0,0,0,0,0,0,0,0,0,0,0,0,0,0,0,0,0,0,0,0,0,0,0,0,0,0,0,0,0,0,0,0,0,0,0,0,0,0,0,0,0,0,0,0,0,0,0,0,0,0,0,0,0,0,0,0,0,0,0,0,0,0,0,0,0,0,0,0,0,0,0,0,0,0,0,0,0,0,0,0,0,0,0,0,0,0,0,0,0,0,0,0,0,0,0,0,0,0,0,0,0,0,0,0,0,0,0,0,0,0,0,0,0,0,0,0,0,0,0,0,0,0,0,0,0,0,0,0,0,0,0,0,0,0,0,0,0,0,0,0,0,0,0,0,0,0,0,0,0,0,0,0,0,0,0,0,0,0,0,0,0,0,0,0,0,0,0,0,0,0,0,0,0,0,0,0,0,0,0,0,0,0,0,0,0,0,0,0,0,0,0,0,0,0,0,0,0,0,0,0,0,0,0,0,0,0,0,0,0,0,0,0,0,0,0,0,0,0,0,0,0,0,0,0,0,0,0,0,0,0,0,0,0,0,0,0,0,0,0,0,0,0,0,0,0,0,0,0,0,0,0,0,0,0,0,0,0,0,0,0,0,0,0,0,0,0,0,0,0,0,0,0,0,0,0,0,0,0,0,0,0,0,0,0,0,0,0,0,0,0,0,0,0,0,0,0,0,0,0,0,0,0,0,0,0,0,0,0,0,0,0,0,0,0,0,0,0,0,0,0,0,0,0,0,0,0,0,0,0,0,0,0,0,0,0,0,0,0,0,0,0,0,0,0,0,0,0,0,0,0,0,0,0,0,0,0,0,0,0,0,0,0,0,0,0,0,0,0,0,0,0,0,0,0,0,0,0,0,0,0,0,0,0,0,0,0,0,0,0,0,0,0,0,0,0,0,0,0,0,0,0,0,0,0,0,0,0,0,0,0,0,0,0,0,0,0,0,0,0,0,0,0,0,0,0,0,0,0,0,0,0,0,0,0,0,0,0,0,0,0,0,0,0,0,0,0,0,0,0,0,0,0,0,0,0,0,0,0,0,0,0,0,0,0,0,0,0,0,0,0,0,0,0,0,0,0,0,0,0,0,0,0,0,0,0,0,0,0,0,0,0,0,0,0,0,0,0,0,0,0,0,0,0,0,0,0,0,0,0,0,0,0,0,0,0,0,0,0,0,0,0,0,0,0,0,0,0,0,0,0,0,0,0,0,0,0,0,0,0,0,0,0,0,0,0,0,0,0,0,0,0,0,0,0,0,0,0,0,0,0,0,0,0,0,0,0,0,0,0,0,0,0,0,0,0,0,0,0,0,0,0,0,0,0,0,0,0,0,0,0,0,0,0,0,0,0,0,0,0,0,0,0,0,0,0,0,0,0,0,0,0,0,0,0,0,0,0,0,0,0,0,0,0,0,0,0,0,0,0,0,0,0,0,0,0,0,0,0,0,0,0,0,0,0,0,0,0,0,0,0,0,0,0,0,0,0,0,0,0,0,0,0,0,0,0,0,0,0,0,0,0,0,0,0,0,0,0,0,0,0,0,0,0,0,0,0,0,0,0,0,0,0,0,0,0,0,0,0,0,0,0,0,0,0,0,0,0,0,0,0,0,0,0,0,0,0,0,0,0,0,0,0,0,0,0,0,0,0,0,0,0,0,0,0,0,0,0,0,0,0,0,0,0,0,0,0,0,0,0,0,0,0,0,0,0,0,0,0,0,0,0,0,0,0,0,0,0,0,0,0,0,0,0,0,0,0,0,0,0,0,0,0,0,0,0,0,0,0,0,0,0,0,0,0,0,0,0,0,0,0,0,0,0,0,0,0,0,0,0,0,0,0,0,0,0,0,0,0,0,0,0,0,0,0,0,0,0,0,0,0,0,0,0,0,0,0,0,0,0,0,0,0,0,0,0,0,0,0,0,0,0,0,0,0,0,0,0,0,0,0,0,0,0,0,0,0,0,0,0,0,0,0,0,0,0,0,0,0,0,0,0,0,0,0,0,0,0,0,0,0,0,0,0,0,0,0,0,0,0,0,0,0,0,0,0,0,0,0,0,0,0,0,0,0,0,0,0,0,0,0,0,0,0,0,0,0,0,0,0,0,0,0,0,0,0,0,0,0,0,0,0,0,0,0,0,0,0,0,0,0,0,0,0,0,0,0,0,0,0,0,0,0,0,0,0,0,0,0,0,0,0,0,0,0,0,0,0,0,0,0,0,0,0,0,0,0,0,0,0,0,0,0,0,0,0,0,0,0,0,0,0,0,0,0,0,0,0,0,0,0,0,0,0,0,0,0,0,0,0,0,0,0,0,0,0,0,0,0,0,0,0,0,0,0,0,0,0,0,0,0,0,0,0,0,0,0,0,0,0,0,0,0,0,0,0,0,0,0,0,0,0,0,0,0,0,0,0,0,0,0,0,0,0,0,0,0,0,0,0,0,0,0,0,0,0,0,0,0,0,0,0,0,0,0,0,0,0,0,0,0,0,0,0,0,0,0,0,0,0,0,0,0,0,0,0,0,0,0,0,0,0,0,0,0,0,0,0,0,0,0,0,0,0,0,0,0,0,0,0,0,0,0,0,0,0,0,0,0,0,0,0,0,0,0,0,0,0,0,0,0,0,0,0,0,0,0,0,0,0,0,0,0,0,0,0,0,0,0,0,0,0,0,0,0,0,0,0,0,0,0,0,0,0,0,0,0,0,0,0,0,0,0,0,0,0,0,0,0,0,0,0,0,0,0,0,0,0,0,0,0,0,0,0,0,0,0,0,0,0,0,0,0,0,0,0,0,0,0,0,0,0,0,0,0,0,0,0,0,0,0,0,0,0,0,0,0,0,0,0,0,0,0,0,0,0,0,0,0,0,0,0,0,0,0,0,0,0,0,0,0,0,0,0,0,0,0,0,0,0,0,0,0,0,0,0,0,0,0,0,0,0,0,0,0,0,0,0,0,0,0,0,0,0,0,0,0,0,0,0,0,0,0,0,0,0,0,0,0,0,0,0,0,0,0,0,0,0,0,0,0,0,0,0,0,0,0,0,0,0,0,0,0,0,0,0,0,0,0,0,0,0,0,0,0,0,0,0,0,0,0,0,0,0,0,0,0,0,0,0,0,0,0,0,0,0,0,0,0,0,0,0,0,0,0,0,0,0,0,0,0,0,0,0,0,0,0,0,0,0,0,0,0,0,0,0,0,0,0,0,0,0,0,0,0,0,0,0,0,0,0,0,0,0,0,0,0,0,0,0,0,0,0,0,0,0,0,0,0,0,0,0,0,0,0,0,0,0,0,0,0,0,0,0,0,0,0,0,0,0,0,0,0,0,0,0,0,0,0,0,0,0,0,0,0,0,0,0,0,0,0,0,0,0,0,0,0,0,0,0,0,0,0,0,0,0,0,0,0,0,0,0,0,0,0,0,0,0,0,0,0,0,0,0,0,0,0,0,0,0,0,0,0,0,0,0,0,0,0,0,0,0,0,0,0,0,0,0,0,0,0,0,0,0,0,0,0,0,0,0,0,0,0,0,0,0,0,0,0,0,0,0,0,0,0,0,0,0,0,0,0,0,0,0,0,0,0,0,0,0,0,0,0,0,0,0,0,0,0,0,0,0,0,0,0,0,0,0,0,0,0,0,0,0,0,0,0,0,0,0,0,0,0,0,0,0,0,0,0,0,0,0,0,0,0,0,0,0,0,0,0,0,0,0,0,0,0,0,0,0,0,0,0,0,0,0,0,0,0,0,0,0,0,0,0,0,0,0,0,0,0,0,0,0,0,0,0,0,0,0,0,0,0,0,0,0,0,0,0,0,0,0,0,0,0,0,0,0,0,0,0,0,0,0,0,0,0,0,0,0,0,0,0,0,0,0,0,0,0,0,0,0,0,0,0,0,0,0,0,0,0,0,0,0,0,0,0,0,0,0,0,0,0,0,0,0,0,0,0,0,0,0,0,0,0,0,0,0,0,0,0,0,0,0,0,0,0,0,0,0,0,0,0,0,0,0,0,0,0,0,0,0,0,0,0,0,0,0,0,0,0,0,0,0,0,0,0,0,0,0,0,0,0,0,0,0,0,0,0,0,0,0,0,0,0,0,0,0,0,0,0,0,0,0,0,0,0,0,0,0,0,0,0,0,0,0,0,0,0,0,0,0,0,0,0,0,0,0,0,0,0,0,0,0,0,0,0,0,0,0,0,0,0,0,0,0,0,0,0,0,0,0,0,0,0,0,0,0,0,0,0,0,0,0,0,0,0,0,0,0,0,0,0,0,0,0,0,0,0,0,0,0,0,0,0,0,0,0,0,0,0,0,0,0,0,0,0,0,0,0,0,0,0,0,0,0,0,0,0,0,0,0,0,0,0,0,0,0,0,0,0,0,0,0,0,0,0,0,0,0,0,0,0,0,0,0,0,0,0,0,0,0,0,0,0,0,0,0,0,0,0,0,0,0,0,0,0,0,0,0,0,0,0,0,0,0,0,0,0,0,0,0,0,0,0,0,0,0,0,0,0,0,0,0,0,0,0,0,0,0,0,0,0,0,0,0,0,0,0,0,0,0,0,0,0,0,0,0,0,0,0,0,0,0,0,0,0,0,0,0,0,0,0,0,0,0,0,0,0,0,0,0,0,0,0,0,0,0,0,0,0,0,0,0,0,0,0,0,0,0,0,0,0,0,0,0,0,0,0,0,0,0,0,0,0,0,0,0,0,0,0,0,0,0,0,0,0,0,0,0,0,0,0,0,0,0,0,0,0,0,0,0,0,0,0,0,0,0,0,0,0,0,0,0,0,0,0,0,0,0,0,0,0,0,0,0,0,0,0,0,0,0,0,0,0,0,0,0,0,0,0,0,0,0,0,0,0,0,0,0,0,0,0,0,0,0,0,0,0,0,0,0,0,0,0,0,0,0,0,0,0,0,0,0,0,0,0,0,0,0,0,0,0,0,0,0,0,0,0,0,0,0,0,0,0,0,0,0,0,0,0,0,0,0,0,0,0,0,0,0,0,0,0,0,0,0,0,0,0,0,0,0,0,0,0,0,0,0,0,0,0,0,0,0,0,0,0,0,0,0,0,0,0,0,0,0,0,0,0,0,0,0,0,0,0,0,0,0,0,0,0,0,0,0,0,0,0,0,0,0,0,0,0,0,0,0,0,0,0,0,0,0,0,0,0,0,0,0,0,0,0,0,0,0,0,0,0,0,0,0,0,0,0,0,0,0,0,0,0,0,0,0,0,0,0,0,0,0,0,0,0,0,0,0,0,0,0,0,0,0,0,0,0,0,0,0,0,0,0,0,0,0,0,0,0,0,0,0,0,0,0,0,0,0,0,0,0,0,0,0,0,0,0,0,0,0,0,0,0,0,0,0,0,0,0,0,0,0,0,0,0,0,0,0,0,0,0,0,0,0,0,0,0,0,0,0,0,0,0,0,0,0,0,0,0,0,0,0,0,0,0,0,0,0,0,0,0,0,0,0,0,0,0,0,0,0,0,0,0,0,0,0,0,0,0,0,0,0,0,0,0,0,0,0,0,0,0,0,0,0,0,0,0,0,0,0,0,0,0,0,0,0,0,0,0,0,0,0,0,0,0,0,0,0,0,0,0,0,0,0,0,0,0,0,0,0,0,0,0,0,0,0,0,0,0,0,0,0,0,0,0,0,0,0,0,0,0,0,0,0,0,0,0,0,0,0,0,0,0,0,0,0,0,0,0,0,0,0,0,0,0,0,0,0,0,0,0,0,0,0,0,0,0,0,0,0,0,0,0,0,0,0,0,0,0,0,0,0,0,0,0,0,0,0,0,0,0,0,0,0,0,0,0,0,0,0,0,0,0,0,0,0,0,0,0,0,0,0,0,0,0,0,0,0,0,0,0,0,0,0,0,0,0,0,0,0,0,0,0,0,0,0,0,0,0,0,0,0,0,0,0,0,0,0,0,0,0,0,0,0,0,0,0,0,0,0,0,0,0,0,0,0,0,0,0,0,0,0,0,0,0,0,0,0,0,0,0,0,0,0,0,0,0,0,0,0,0,0,0,0,0,0,0,0,0,0,0,0,0,0,0,0,0,0,0,0,0,0,0,0,0,0,0,0,0,0,0,0,0,0,0,0,0,0,0,0,0,0,0,0,0,0,0,0,0,0,0,0,0,0,0,0,0,0,0,0,0,0,0,0,0,0,0,0,0,0,0,0,0,0,0,0,0,0,0,0,0,0,0,0,0,0,0,0,0,0,0,0,0,0,0,0,0,0,0,0,0,0,0,0,0,0,0,0,0,0,0,0,0,0,0,0,0,0,0,0,0,0,0,0,0,0,0,0,0,0,0,0,0,0,0,0,0,0,0,0,0,0,0,0,0,0,0,0,0,0,0,0,0,0,0,0,0,0,0,0,0,0,0,0,0,0,0,0,0,0,0,0,0,0,0,0,0,0,0,0,0,0,0,0,0,0,0,0,0,0,0,0,0,0,0,0,0,0,0,0,0,0,0,0,0,0,0,0,0,0,0,0,0,0,0,0,0,0,0,0,0,0,0,0,0,0,0,0,0,0,0,0,0,0,0,0,0,0,0,0,0,0,0,0,0,0,0,0,0,0,0,0,0,0,0,0,0,0,0,0,0,0,0,0,0,0,0,0,0,0,0,0,0,0,0,0,0,0,0,0,0,0,0,0,0,0,0,0,0,0,0,0,0,0,0,0,0,0,0,0,0,0,0,0,0,0,0,0,0,0,0,0,0,0,0,0,0,0,0,0,0,0,0,0,0,0,0,0,0,0,0,0,0,0,0,0,0,0,0,0,0,0,0,0,0,0,0,0,0,0,0,0,0,0,0,0,0,0,0,0,0,0,0,0,0,0,0,0,0,0,0,0,0,0,0,0,0,0,0,0,0,0,0,0,0,0,0,0,0,0,0,0,0,0,0,0,0,0,0,0,0,0,0,0,0,0,0,0,0,0,0,0,0,0,0,0,0,0,0,0,0,0,0,0,0,0,0,0,0,0,0,0,0,0,0,0,0,0,0,0,0,0,0,0,0,0,0,0,0,0,0,0,0,0,0,0,0,0,0,0,0,0,0,0,0,0,0,0,0,0,0,0,0,0,0,0,0,0,0,0,0,0,0,0,0,0,0,0,0,0,0,0,0,0,0,0,0,0,0,0,0,0,0,0,0,0,0,0,0,0,0,0,0,0,0,0,0,0,0,0,0,0,0,0,0,0,0,0,0,0,0,0,0,0,0,0,0,0,0,0,0,0,0,0,0,0,0,0,0,0,0,0,0,0,0,0,0,0,0,0,0,0,0,0,0,0,0,0,0,0,0,0,0,0,0,0,0,0,-1.4905932,1.5427217,1.1854559,-0.006041266,0.8893958,0.96174324,-0.12192912,-0.35392472,-1.4752002,0.23746249,-0.062262632,0.16826697,0.5343289,0.84717476,0.5459837,0.44204375,-1.0009469,0.4943802,-0.42634547,0.4098649,1.468102,-0.3277565,-0.098912805,0.24963035,-0.1390081,0.16592135,-0.018135823,0.73223984,0.23650959,-0.023266848,0.9442245,-0.64096886,0.8003359,-0.19911438,-0.23767036,-1.2878444,-1.0683832,-1.0202249,0.90068406,1.4391484,-0.026931865,0.00026256414,-0.12669364,-0.9179709,-1.1802396,-1.9418302,-1.4134812,1.8810029,-0.7589824,-1.8553357,-1.8977034,-1.2249527,0.8461486,-1.2153504,0.4281167,-0.044010848,-0.26229927,1.4560808,0.71362156,-1.304557,0.68950576,0.39579123,1.271144,-0.24419409,0.49562633,-0.5475109,-1.3797631,0.28488782,0.06630618,0.14437105,-1.9374322,1.1433082,1.7902571,1.7137315,-0.88696486,-1.2031093,1.2236453,-1.0322461,-0.3504063,-0.22997382,0.5657014,-0.8086068,0.042703465,-0.63649756,-1.9120703,-1.59402,1.8919246,0.18747166,0.6812228,0.08382496,0.17310478,-0.4756766,0.4959928,1.8999144,-0.10155162,-1.0869282,1.3762567,0.14363804,0.6313053,1.3898172,0.53718764,1.298705,0.8468083,0.8437297,-0.84540355,-1.3288194,0.3847229,-0.29242572,-1.0013866,0.5523608,1.5109094,0.100830644,0.7134749,-0.4304503,0.65886617,-1.1516525,-0.84027255,-0.7507728,0.24230032,-0.17558497,-0.19178435,-1.0403092,0.08103955,-0.6465397,-0.9395945,-1.2641685,0.3238836,0.49995103,-0.27959818,-0.8143975,-0.76426005,-1.3604118,-1.2204814,0.35401005,-0.4732577,0.50361603,0.78442967,0.5528006,0.46205476,-0.0050883614,-1.1133896,-0.17052725,-0.6494717,-0.7119236,0.826724,-0.3906482,0.31354827,-0.1185573,0.35159114,-0.24045578,0.7191191,-0.3757682,0.17940861,-0.669556,-0.99317706,-1.1514325,0.35085812,-0.2452203,1.3593243,-0.21172205,0.41880757,0.42012694,-0.6496183,0.3026998,0.8602222,-1.0862685,0.39080682,-0.48476583,-0.36360037,0.08536427,0.10750097,0.5766965,0.31838608,0.13630801,-0.72372496,0.4748823,0.6804165,-0.5004521,1.2121372,0.8696047,-0.3313482,1.4277135,0.42371866,1.1724818,-0.30532658,1.3937755,1.0158389,0.17090577,0.07275661,-1.737029,0.5076476,0.04175056,0.75826144,-0.19471636,-0.071131974,-0.23561795,-0.7033475,0.88096625,-0.4374138,-0.0012034428,-0.53314406,0.86102855,0.091081694,0.4298026,-0.5346101,-0.0966405,0.7454339,0.0925477,-1.5490869,-1.5429296,0.831122,0.8019485,0.39886987,-0.06145633,0.50061077,-0.5693544,0.065719776,1.246515,0.45707032,-0.90309095,-0.013884403,0.29918137,-0.46189612,0.5131451,-0.8487754,0.20249823,0.60029924,0.7675706,-0.26229927,0.18497944,1.0189176,-0.24016258,-1.6270052,-0.0016432449,-0.08637845,0.42819,-0.41754943,0.8499602,0.6414207,-0.78559047,-1.4566551,0.96636117,-0.5240548,-0.38324487,0.011844019,-0.6240365,-1.7947164,1.570576,-0.5346101,0.8484942,0.68738,-0.04056573,-1.1763546,-0.026272163,-0.21032934,-0.38559046,0.326669,-0.5335839,-1.1656528,-0.2892005,1.1458004,0.59223616,0.09709232,0.6296927,-0.08476584,0.80011594,-0.18760623,-1.041482,-0.33845836,-0.081394024,0.48741668,-0.25277025,-0.26376528,-0.19361685,-0.7101644,1.1967442,-0.5365892,-0.3538514,-0.4967871,0.0049537863,-0.8506079,0.21092777,0.044829175,-0.6984364,0.38303697,-0.0059679653,0.68334854,0.37885886,0.6351169,0.37775937,0.39828345,0.06044215,-0.023560049,-0.05969712,0.11204559,0.11556401,0.36713082,0.112632,0.08477787,0.18358673,0.0056134895,0.09460011,0.9761834,1.6088387,0.32564282,-0.2430213,-0.8713519,0.7334126,-1.605968,-0.15711328,1.1227841,0.19172308,-0.7085518,0.7225642,0.47942695,0.21473938,0.066159576,0.52883136,-0.5944965,-1.4507178,-1.6455501,-0.13541637,1.2292162,-1.2648281,0.16606796,-1.3906848,-0.8764829,0.31303516,0.5306639,0.37790596,-0.11701799,0.14085263,0.8876366,0.58607894,-0.6749802,-0.94992983,0.46095526,0.80341446,0.320072,0.60587007,0.6129802,0.2809296,-0.14831725,0.10193015,0.87884057,0.0045872848,-0.6667706,0.6620181,0.6605521,-0.16539623,0.088003084,-0.2611265,0.90383595,0.13689442,-0.8550792,0.35283723,-0.6060779,0.4110377,-0.80186313,-0.64844555,0.07825413,-0.7836847,-0.10177152,-0.06834656,-0.14758424,-0.9791767,-0.33801854,0.31076285,0.45553103,0.39285922,0.18644544,0.51783633,-0.9270601,-1.0061512,-0.70371395,-0.10756225,-0.30158827,-0.05126758,-0.7712236,0.046368483,0.4494471,0.9632092,-0.1816689,0.31582057,-0.7995908,0.85758346,-0.57822376,0.43911174,0.019980358,0.044462673,-0.22528261,0.057290234,0.18769155,0.3647852,-0.054052994,0.32791513,0.63218486,-0.5451653,0.3253496,0.053918418,-0.34146366,-0.7125833,1.719962,0.09863163,0.61473936,-0.24199508,1.5545231,-0.006041266,-0.98027617,0.08404486,-0.05999032,0.4113309,-0.8778023,-0.21736617,0.09394041,0.7235171,0.17332469,0.48096624,0.2827621,-0.29902276,0.25256237,0.6310121,0.6576934,1.0661229,-0.6846559,-0.44701615,-0.9804228,-0.043937545,0.5767698,0.11204559,-0.88601196,-0.6257957,0.31428126,-0.16554283,0.51703,-0.3309817,-0.14883034,1.2963593,0.7060716,1.2622746,-1.4344451,-0.07890181,-1.0169997,0.5290513,0.024451679,-0.4794149,-0.0548593,-0.3698309,-0.0772159,0.6598924,-0.039979327,-0.15623368,0.8646936,0.044022873,0.6246349,1.6377923,0.37086913,1.1429417,0.2604788,0.4473947,0.69786197,0.42203277,-0.14223331,-0.3479141,1.5144279,0.57068586,0.065279976,-0.88366634,0.5630626,-0.4163033,0.44402286,-0.0345551,-0.5284529,0.764492,0.26648942,-0.7271701,-1.4016066,1.240651,-0.035947807,-0.30627948,-1.6648282,-0.5166515,-1.5953394,-0.46233594,-0.58694655,-1.0106225,-0.56634915,-1.0285811,-1.0792316,0.6024249,-0.95058954,0.5113859,-0.011318891,0.3276219,-0.5562337,0.8943069,1.2234988,-0.68121076,0.10046414,1.0981551,0.7768065,-1.1196934,-0.5180442,-0.46761355,0.07495562,0.6554944,-0.5165782,0.5124854,-0.35722324,-0.31163043,-1.2185023,0.7495387,0.6373892,-0.7522388,0.36258617,0.60931516,-0.5004521,-0.6816506,1.1199987,0.57193196,-0.38185215,0.34961203,0.474076,0.8461486,-0.43961284,-0.6285811,0.11204559,-1.1172012,-0.1190704,0.25395507,0.37893215,0.14158563,0.8082523,-0.28648838,-1.1086984,0.8034878,-0.7299555,0.45516452,-0.17661117,0.54451764,-0.42341346,-0.37342262,-0.058377713,-0.15234876,-1.4059314,-0.022900347,0.6799767,0.24171391,0.75745517,0.73773736,-0.22997382,-1.0287278,0.27176705,0.71743315,0.18387994,-0.69484466,0.4753954,1.3829271,1.1769531,-0.7302487,1.135685,1.0906786,-0.32995552,-0.46937278,-0.48439935,-0.02385325,0.008252302,1.0857674,0.54642344,-1.5515791,-1.124971,0.08397156,0.0012887691,0.6596725,0.77790594,-0.6028527,-0.8353614,0.25417498,1.2504,-0.2032925,0.37072253,-0.07164508,-0.44005263,0.526046,-0.38918218,0.37724626,0.5338158,0.82525796,-1.5600086,-0.26215267,1.231122,1.6406511,-0.7461549,-0.22044478,-1.5054,0.3227841,-1.0817971,0.20337783,0.60455066,0.5143179,-0.44063902,-0.61428756,-0.069812566,0.20235163,1.1370044,0.020273559,0.6255145,0.18629885,0.70885706,0.4114775,-0.59625566,-0.8369007,-0.25628865,-0.5398144,-1.725814,0.5022966,0.71523416,-0.066807255,-0.4312566,1.4225825,0.24955705,0.053332016,-1.1777474,-0.59588915,0.445269,1.5812044,1.1177996,-0.67871857,-0.40091023,-0.2691895,0.18094793,-0.12691353,0.8129435,0.12824497,-0.69352525,-1.1432228,0.6030113,-0.46995917,0.537774,0.22800675,0.4078125,-0.14780414,-0.6176594,0.03456713,-0.99149114,0.5055219,-0.87890184,-0.0768494,-1.1373588,-0.19141784,-0.39709863,0.4704843,-0.8515608,-0.7496733,0.11864263,-1.433199,0.10999318,-0.052660286,1.3616699,0.044755876,-0.005015061,-0.54853714,0.26553652,-1.2662208,1.2389652,0.49797192,1.4872334,-1.2136645,-0.18533392,0.33121362,-1.6336755,-0.6077638,0.067039184,-0.057718012,-0.8756033,0.7504916,1.6492271,0.23643629,-0.2672104,0.59252936,0.48397157,-0.17829709,-1.2000307,0.18146102,0.41111103,0.7841365,0.73319274,-0.8507545,0.96973294,0.43647292,1.1260827,0.13748081,-0.056691807,-1.1138294,0.26942143,1.192053,-0.16422342,-0.50675595,0.39227283,0.90500873,0.14832927,0.8532587,-0.65760803,-0.24280138,0.19274928,-0.18386792,0.15096807,0.95118797,-1.1177876,-0.4370473,-0.29396504,-0.099352606,0.085437566,-0.7078921,-0.892609,-0.6167065,-0.46724707,1.4242685,0.06058875,0.5254596,0.53073716,-0.19772168,-0.037340514,-0.1176044,0.2806364,0.12238094,-0.21362785,-0.33860496,-1.667247,0.3051187,0.22837324,-0.53241104,-0.11320637,-0.04049243,-0.0962007,-0.6647915,-0.056252003,-1.0529169,0.07583522,0.8109644,-0.6480057,0.35019842,0.29163146,-0.22147098,0.5962677,1.4134933,-0.52508104,-0.38500407,1.296286,-0.029350776,-1.1224788,-0.20886333,1.0265408,0.28540093,0.5492822,-0.73633265,0.3471198,-0.5794699,-0.6067376,0.2412008,-0.098473005,-0.68927383,0.9496487,-0.4760431,-1.4050517,0.15866461,-1.8507178,-0.21348125,-0.36345378,0.7085638,-0.075383395,-0.536296,-1.277216,-0.42004162,-1.667247,0.8509131,-0.48095423,0.3427951,0.8061266,-0.43990603,-0.8467963,-1.3692812,0.12985758,-0.19039164,0.26443702,0.84688157,0.79241943,0.6983751,0.16987957,0.9290513,0.5989065,-0.67388076,-1.3475842,-0.012711598,-0.40047044,-1.5718833,0.9371876,1.0496304,-0.08403283,0.57874894,0.5483293,-1.0998291,-0.4339687,-0.12757324,0.2821024,0.8476879,-0.15769969,1.3244333,-1.1333274,-0.07860861,-0.28326318,-0.46856648,0.11776302,0.9639422,-0.121562615,0.099584535,-0.3103843,-1.0876611,-0.083446436,0.41741484,-1.362904,0.21261367,0.23233147,-0.77774733,-0.620005,-0.13490328,-0.5732394,-0.14289302,-0.3270968,-0.1368824,-0.7534849,-0.5127666,0.39799026,1.2498869,0.50156367,0.46608627,0.45516452,-0.07311109,0.16694756,-1.7335106,1.2039276,0.48353177,-0.012271795,0.14642346,-0.23986937,0.8690916,0.10786747,-0.20138669,-0.42436635,1.1565756,0.44387627,1.2094984,0.059269343,0.3861889,1.2500335,0.7427951,-0.033015795,-0.24741931,0.69690907,-0.023193548,-0.42781147,0.23218487,-0.8565452,0.008398903,0.02254587,-0.6098895,0.5547064,0.75195765,-0.57111365,0.7059983,-0.8388065,-0.31852064,-0.34131706,-0.67256135,1.4279335,0.4490073,-0.7898419,-1.5764279,0.8811129,-0.34600827,1.1666178,1.1501251,-0.39658552,-0.47721592,0.5755237,1.0656831,0.37343463,-0.18789943,-0.010512587,-0.2857554,-0.3477675,-1.065378,-0.38361135,-0.2657444,0.1550729,-1.5160284,-0.3259973,-0.9623909,-0.65167075,0.16496845,0.31472105,-0.6245496,-0.30217466,0.2393683,0.7260826,-0.80450195,0.24537893,0.15096807,-0.5799097,0.99201626,0.47436923,-0.15960549,-0.32196575,0.5147577,-0.33640593,-0.93065184,0.2642171,1.0974954,0.4726833,0.4892492,0.90486217,0.33568496,0.70819736,0.70072067,0.13234979,-0.59229743,-0.53314406,-0.63539803,-0.48652506,-0.3704173,0.07334301,-0.66097987,-0.16466323,-0.9010385,0.46432707,-0.7934336,0.5517744,0.9954614,0.33048064,1.2204934,-1.1755483,-1.5123634,0.8013621,0.55228746,0.37783265,-0.88938373,-0.06812666,0.019393954,-0.26926282,-0.56986755,-0.4334556,-0.49121627,-0.38346475,-0.48762456,-0.056398604,0.71318173,0.45670384,0.47686142,-0.11034766,-0.46189612,0.5827804,-1.2047218,-1.247236,-0.16847484,0.28716013,0.3450674,0.14898898,0.2826888,-0.31551534,1.3811678,0.3915398,-0.15762639,-0.78067935,0.830389,-0.11327968,-0.19398336,1.5130352,0.11695672,-0.013517901,-1.3837947,0.45575094,-1.2838129,0.6442794,0.0023149739,0.39498493,0.2656831,1.1049721,-0.25592214,1.5699162,0.94657004,-0.8969337,0.3419888,1.0881131,-0.27769235,-0.29777664,-0.7847109,0.39520484,0.32952774,-0.19017173,0.27535877,-0.36044845,-0.043790944,-0.73567295,0.53975314,0.8261376,0.23218487,0.6360698,-0.26068667,0.114171304,-0.7767211,0.7901471,0.15932432,0.79879653,-0.8509744,-0.15344827,0.27330637,-0.23187964,-0.38375795,0.29317075,-0.4792683,-0.29352522,-0.8534666,0.39952955,0.3643454,0.53689444,0.66927487,-0.78969526,-0.1171646,-0.092535675,-0.67637295,-1.0852423,-0.04063903,-1.1194003,0.80407417,-1.4815773,1.0497036,0.20997486,-0.307379,1.5405228,0.16907327,0.09833843,1.0840815,1.3888644,0.9313236,0.3842831,1.1700628,0.7836234,1.102993,-0.44789577,1.7103597,-0.92625386,0.6808563,1.2886628,1.4855475,-1.3171645,1.0476513,0.7901471,1.648201,-0.90888166,-0.2830433,0.8131634,-1.5542179,-1.1074523,0.08477787,-1.1765745,-1.1647732,-0.45082778,-0.8870382,0.66209143,1.2884429,0.58475953,-1.3752918,-1.0172195,-0.8713519,-0.92654705,0.14099923,-0.07186498,-1.2209213,0.9168834,-0.769611,-0.9975018,-1.0650847,-1.5188138,-0.5912712,-0.2875879,-0.86475486,-0.46893296,1.1510047,-0.8142509,1.307281,0.72227097,-0.19259065,-0.54985654,0.66766226,-0.15623368,-0.91042095,-0.7933603,0.18512604,1.0875999,-0.71243674,0.41624203,-1.209413,0.7436014,0.88455796,-1.2747236,0.15228748,0.8440962,0.11160579,0.7831836,-0.47142518,-0.052660286,0.77211523,-1.0515242,-0.5605584,0.17017277,0.3229307,-0.20549151,0.114024706,-1.3351965,0.0023149739,-1.231843,-0.7714435,0.058976144,1.1262292,1.2778876,-0.4974468,1.1831102,-0.042984642,1.451976,-0.9796898,1.0143728,-0.771077,1.3624029,-0.6017532,0.41382313,-0.9975018,0.18512604,-0.7432229,0.3682303,-1.0044653,-0.44862875,-1.0329791,-0.4152038,-0.32658368,1.0329179,0.5343289,-0.96576273,-0.6169264,0.8634475,-0.09055657,0.4312686,-1.1087717,
1,0,0,0,0,0,0,0,0,0,0,0,0,0,0,0,0,0,0,0,0,0,0,0,0,0,0,0,0,0,0,0,0,0,0,0,0,0,0,0,0,0,0,0,0,0,0,0,0,0,0,0,0,0,0,0,0,0,0,0,0,0,0,0,0,0,0,0,0,0,0,0,0,0,0,0,0,0,0,0,0,0,0,0,0,0,0,0,0,0,0,1,0,0,0,0,0,0,0,0,0,0,0,0,0,0,0,0,0,0,0,0,0,0,0,0,0,0,0,0,0,0,0,0,0,0,0,0,0,0,0,0,0,0,0,0,0,0,0,0,0,0,0,0,0,0,0,0,0,0,0,0,0,0,0,0,0,0,0,0,0,0,0,0,0,0,0,0,0,0,0,0,0,0,0,0,0,0,0,0,0,0,0,0,0,0,0,0,0,0,0,0,0,0,0,0,0,0,0,0,0,0,0,0,0,0,0,0,0,0,0,0,0,0,0,0,0,0,0,0,0,0,0,0,0,0,0,0,0,0,0,0,0,0,0,0,0,0,0,0,0,0,0,0,0,0,0,0,0,0,0,0,0,0,0,0,0,0,0,0,0,0,0,0,0,0,0,0,0,0,0,0,0,0,0,0,0,0,0,0,0,0,0,0,0,0,0,0,0,0,0,0,0,0,0,0,0,0,0,0,0,0,0,0,0,0,0,0,0,0,0,0,0,0,0,0,0,0,0,0,0,0,0,0,0,0,0,0,0,0,0,0,0,0,0,0,0,0,0,0,0,0,0,0,0,0,0,0,0,0,0,0,0,0,0,0,0,0,0,0,0,0,0,0,0,0,0,0,0,0,0,0,0,0,0,0,0,0,0,0,0,0,0,0,0,0,0,0,0,0,0,0,0,0,0,0,0,0,0,0,0,0,0,0,0,0,0,0,0,0,0,0,0,0,0,0,0,0,0,0,0,0,0,0,0,0,0,0,0,0,0,0,0,0,0,0,0,0,0,0,0,0,0,0,0,0,0,0,0,0,0,0,0,0,0,0,0,0,0,0,0,0,0,0,0,0,0,0,0,0,0,0,0,0,0,0,0,0,0,0,0,0,0,0,0,0,0,0,0,0,0,0,0,0,0,0,0,0,0,0,0,0,0,0,0,0,0,0,0,0,0,0,0,0,0,0,0,0,0,0,0,0,0,0,0,0,0,0,0,0,0,0,0,0,0,0,0,0,0,0,0,0,0,0,0,0,0,0,0,0,0,0,0,0,0,0,0,0,0,0,0,0,0,0,0,0,0,0,0,0,0,0,0,0,0,0,0,0,0,0,0,0,0,0,0,0,0,0,0,0,0,0,0,0,0,0,0,0,0,0,0,0,0,0,0,0,0,0,0,0,0,0,0,0,0,0,0,0,0,0,0,0,0,0,0,0,0,0,0,0,0,0,0,0,0,0,0,0,0,0,0,0,0,0,0,0,0,0,0,0,0,0,0,0,0,0,0,0,0,0,0,0,0,0,0,0,0,0,0,0,0,0,0,0,0,0,0,0,0,0,0,0,0,0,0,0,0,0,0,0,0,0,0,0,0,0,0,0,0,0,0,0,0,0,0,0,0,0,0,0,0,0,0,0,0,0,0,0,0,0,0,0,0,0,0,0,0,0,0,0,0,0,0,0,0,0,0,0,0,0,0,0,0,0,0,0,0,0,0,0,0,0,0,0,0,0,0,0,0,0,0,0,0,0,0,0,0,0,0,0,0,0,0,0,0,0,0,0,0,0,0,0,0,0,0,0,0,0,0,0,0,0,0,0,0,0,0,0,0,0,0,0,0,0,0,0,0,0,0,0,0,0,0,0,0,0,0,0,0,0,0,0,0,0,0,0,0,0,0,0,0,0,0,0,0,0,0,0,0,0,0,0,0,0,0,0,0,0,0,0,0,0,0,0,0,0,0,0,0,0,0,0,0,0,0,0,0,0,0,0,0,0,0,0,0,0,0,0,0,0,0,0,0,0,0,0,0,0,0,0,0,0,0,0,0,0,0,0,0,0,0,0,0,0,0,0,0,0,0,0,0,0,0,0,0,0,0,0,0,0,0,0,0,0,0,0,0,0,0,0,0,0,0,0,0,0,0,0,0,0,0,0,0,0,0,0,0,0,0,0,0,0,0,0,0,0,0,0,0,0,0,0,0,0,0,0,0,0,0,0,0,0,0,0,0,0,0,0,0,0,0,0,0,0,0,0,0,0,0,0,0,0,0,0,0,0,0,0,0,0,0,0,0,0,0,0,0,0,0,0,0,0,0,0,0,0,0,0,0,0,0,0,0,0,0,0,0,0,0,0,0,0,0,0,0,0,0,0,0,0,0,0,0,0,0,0,0,0,0,0,0,0,0,0,0,0,0,0,0,0,0,0,0,0,0,0,0,0,0,0,0,0,0,0,0,0,0,0,0,0,0,0,0,0,0,0,0,0,0,0,0,0,0,0,0,0,0,0,0,0,0,0,0,0,0,0,0,0,0,0,0,0,0,0,0,0,0,0,0,0,0,0,0,0,0,0,0,0,0,0,0,0,0,0,0,0,0,0,0,0,0,0,0,0,0,0,0,0,0,0,0,0,0,0,0,0,0,0,0,0,0,0,0,0,0,0,0,0,0,0,0,0,0,0,0,0,0,0,0,0,0,0,0,0,0,0,0,0,0,0,0,0,0,0,0,0,0,0,0,0,0,0,0,0,0,0,0,0,0,0,0,0,0,0,0,0,0,0,0,0,0,0,0,0,0,0,0,0,0,0,0,0,0,0,0,0,0,0,0,0,0,0,0,0,0,0,0,0,0,0,0,0,0,0,0,0,0,0,0,0,0,0,0,0,0,0,0,0,0,0,0,0,0,0,0,0,0,0,0,0,0,0,0,0,0,0,0,0,0,0,0,0,0,0,0,0,0,0,0,0,0,0,0,0,0,0,0,0,0,0,0,0,0,0,0,0,0,0,0,0,0,0,0,0,0,0,0,0,0,0,0,0,0,0,0,0,0,0,0,0,0,0,0,0,0,0,0,0,0,0,0,0,0,0,0,0,0,0,0,0,0,0,0,0,0,0,0,0,0,0,0,0,0,0,0,0,0,0,0,0,0,0,0,0,0,0,0,0,0,0,0,0,0,0,0,0,0,0,0,0,0,0,0,0,0,0,0,0,0,0,0,0,0,0,0,0,0,0,0,0,0,0,0,0,0,0,0,0,0,0,0,0,0,0,0,0,0,0,0,0,0,0,0,0,0,0,0,0,0,0,0,0,0,0,0,0,0,0,0,0,0,0,0,0,0,0,0,0,0,0,0,0,0,0,0,0,0,0,0,0,0,0,0,0,0,0,0,0,0,0,0,0,0,0,0,0,0,0,0,0,0,0,0,0,0,0,0,0,0,0,0,0,0,0,0,0,0,0,0,0,0,0,0,0,0,0,0,0,0,0,0,0,0,0,0,0,0,0,0,0,0,0,0,0,0,0,0,0,0,0,0,0,0,0,0,0,0,0,0,0,0,0,0,0,0,0,0,0,0,0,0,0,0,0,0,0,0,0,0,0,0,0,0,0,0,0,0,0,0,0,0,0,0,0,0,0,0,0,0,0,0,0,0,0,0,0,0,0,0,0,0,0,0,0,0,0,0,0,0,0,0,0,0,0,0,0,0,0,0,0,0,0,0,0,0,0,0,0,0,0,0,0,0,0,0,0,0,0,0,0,0,0,0,0,0,0,0,0,0,0,0,0,0,0,0,0,0,0,0,0,0,0,0,0,0,0,0,0,0,0,0,0,0,0,0,0,0,0,0,0,0,0,0,0,0,0,0,0,0,0,0,0,0,0,0,0,0,0,0,0,0,0,0,0,0,0,0,0,0,0,0,0,0,0,0,0,0,0,0,0,0,0,0,0,0,0,0,0,0,0,0,0,0,0,0,0,0,0,0,0,0,0,0,0,0,0,0,0,0,0,0,0,0,0,0,0,0,0,0,0,0,0,0,0,0,0,0,0,0,0,0,0,0,0,0,0,0,0,0,0,0,0,0,0,0,0,0,0,0,0,0,0,0,0,0,0,0,0,0,0,0,0,0,0,0,0,0,0,0,0,0,0,0,0,0,0,0,0,0,0,0,0,0,0,0,0,0,0,0,0,0,0,0,0,0,0,0,0,0,0,0,0,0,0,0,0,0,0,0,0,0,0,0,0,0,0,0,0,0,0,0,0,0,0,0,0,0,0,0,0,0,0,0,0,0,0,0,0,0,0,0,0,0,0,0,0,0,0,0,0,0,0,0,0,0,0,0,0,0,0,0,0,0,0,0,0,0,0,0,0,0,0,0,0,0,0,0,0,0,0,0,0,0,0,0,0,0,0,0,0,0,0,0,0,0,0,0,0,0,0,0,0,0,0,0,0,0,0,0,0,0,0,0,0,0,0,0,0,0,0,0,0,0,0,0,0,0,0,0,0,0,0,0,0,0,0,0,0,0,0,0,0,0,0,0,0,0,0,0,0,0,0,0,0,0,0,0,0,0,0,0,0,0,0,0,0,0,0,0,0,0,0,0,0,0,0,0,0,0,0,0,0,0,0,0,0,0,0,0,0,0,0,0,0,0,0,0,0,0,0,0,0,0,0,0,0,0,0,0,0,0,0,0,0,0,0,0,0,0,0,0,0,0,0,0,0,0,0,0,0,0,0,0,0,0,0,0,0,0,0,0,0,0,0,0,0,0,0,0,0,0,0,0,0,0,0,0,0,0,0,0,0,0,0,0,0,0,0,0,0,0,0,0,0,0,0,0,0,0,0,0,0,0,0,0,0,0,0,0,0,0,0,0,0,0,0,0,0,0,0,0,0,0,0,0,0,0,0,0,0,0,0,0,0,0,0,0,0,0,0,0,0,0,0,0,0,0,0,0,0,0,0,0,0,0,0,0,0,0,0,0,0,0,0,0,0,0,0,0,0,0,0,0,0,0,0,0,0,0,0,0,0,0,0,0,0,0,0,0,0,0,0,0,0,0,0,0,0,0,0,0,0,0,0,0,0,0,0,0,0,0,0,0,0,0,0,0,0,0,0,0,0,0,0,0,0,0,0,0,0,0,0,0,0,0,0,0,0,0,0,0,0,0,0,0,0,0,0,0,0,0,0,0,0,0,0,0,0,0,0,0,0,0,0,0,0,0,0,0,0,0,0,0,0,0,0,0,0,0,0,0,0,0,0,0,0,0,0,0,0,0,0,0,0,0,0,0,0,0,0,0,0,0,0,0,0,0,0,0,0,0,0,0,0,0,0,0,0,0,0,0,0,0,0,0,0,0,0,0,0,0,0,0,0,0,0,0,0,0,0,0,0,0,0,0,0,0,0,0,0,0,0,0,0,0,0,0,0,0,0,0,0,0,0,0,0,0,0,0,0,0,0,0,0,0,0,0,0,0,0,0,0,0,0,0,0,0,0,0,0,0,0,0,0,0,0,0,0,0,0,0,0,0,0,0,0,0,0,0,0,0,0,0,0,0,0,0,0,0,0,0,0,0,0,0,0,0,0,0,0,0,0,0,0,0,0,0,0,0,0,0,0,0,0,0,0,0,0,0,0,0,0,0,0,0,0,0,0,0,0,0,0,0,0,0,0,0,0,0,0,0,0,0,0,0,0,0,0,0,0,0,0,0,0,0,0,0,0,0,0,0,0,0,0,0,0,0,0,0,0,0,0,0,0,0,0,0,0,0,0,0,0,0,0,0,0,0,0,0,0,0,0,0,0,0,0,0,0,0,0,0,0,0,0,0,0,0,0,0,0,0,0,0,0,0,0,0,0,0,0,0,0,0,0,0,0,0,0,0,0,0,0,0,0,0,0,0,0,0,0,0,0,0,0,0,0,0,0,0,0,0,0,0,0,0,0,0,0,0,0,0,0,0,0,0,0,0,0,0,0,0,0,0,0,0,0,0,0,0,0,0,0,0,0,0,0,0,0,0,0,0,0,0,0,0,0,0,0,0,0,0,0,0,0,0,0,0,0,0,0,0,0,0,0,0,0,0,0,0,0,0,0,0,0,0,0,0,0,0,0,0,0,0,0,0,0,0,0,0,0,0,0,0,0,0,0,0,0,0,0,0,0,0,0,0,0,0,0,0,0,0,0,0,0,0,0,0,0,0,0,0,0,0,0,0,0,0,0,0,0,0,0,0,0,0,0,0,0,0,0,0,0,0,0,0,0,0,0,0,0,0,0,0,0,0,0,0,0,0,0,0,0,0,0,0,0,0,0,0,0,0,0,0,0,0,0,0,0,0,0,0,0,0,0,0,0,0,0,0,0,0,0,0,0,0,0,0,0,0,0,0,0,0,0,0,0,0,0,0,0,0,0,0,0,0,0,0,0,0,0,0,0,0,0,0,0,0,0,0,0,0,0,0,0,0,0,0,0,0,0,0,0,0,0,0,0,0,0,0,0,0,0,0,0,0,0,0,0,0,0,0,0,0,0,0,0,0,0,0,0,0,0,0,0,0,0,0,0,0,0,0,0,0,0,0,0,0,0,0,0,0,0,0,0,0,0,0,0,0,0,0,0,0,0,0,0,0,0,0,0,0,0,0,0,0,0,0,0,0,0,0,0,0,0,0,0,0,0,0,0,0,0,0,0,0,0,0,0,0,0,0,0,0,0,0,0,0,0,0,0,0,0,0,0,0,0,0,0,0,0,0,0,0,0,0,0,0,0,0,0,0,0,0,0,0,0,0,0,0,0,0,0,0,0,0,0,0,0,0,0,0,0,0,0,0,0,0,0,0,0,0,0,0,0,0,0,0,0,0,0,0,0,0,0,0,0,0,0,0,0,0,0,0,0,0,0,0,0,0,0,0,0,0,0,0,0,0,0,0,0,0,0,0,0,0,0,0,0,0,0,0,0,0,0,0,0,0,0,0,0,0,0,0,0,0,0,0,0,0,0,0,0,0,0,0,0,0,0,0,0,0,0,0,0,0,0,0,0,0,0,0,0,0,0,0,0,0,0,0,0,0,0,0,0,0,0,0,0,0,0,0,0,0,0,0,0,0,0,0,0,0,0,0,0,0,0,0,0,0,0,0,0,0,0,0,0,0,0,0,0,0,0,0,0,0,0,0,0,0,0,0,0,0,0,0,0,0,0,0,0,0,0,0,0,0,0,0,0,0,0,0,0,0,0,0,0,0,0,0,0,0,0,0,0,0,0,0,0,0,0,0,0,0,0,0,0,0,0,0,0,0,0,0,0,0,0,0,0,0,0,0,0,0,0,0,0,0,0,0,0,0,0,0,0,0,0,0,0,0,0,0,0,0,0,0,0,0,0,0,0,0,0,0,0,0,0,0,0,0,0,0,0,0,0,0,0,0,0,0,0,0,0,0,0,0,0,0,0,0,0,0,0,0,0,0,0,0,0,0,0,0,0,0,0,0,0,0,0,0,0,0,0,0,0,0,0,0,0,0,0,0,0,0,0,0,0,0,0,0,0,0,0,0,0,0,0,0,0,0,0,0,0,0,0,0,0,0,0,0,0,0,0,0,0,0,0,0,0,0,0,0,0,0,0,0,0,0,0,0,0,0,0,0,0,0,0,0,0,0,0,0,0,0,0,0,0,0,0,0,0,0,0,0,0,0,0,0,0,0,0,0,0,0,0,0,0,0,0,0,0,0,0,0,0,0,0,0,0,0,0,0,0,0,0,0,0,0,0,0,0,0,0,0,0,0,0,0,0,0,0,0,0,0,0,0,0,0,0,0,0,0,0,0,0,0,0,0,0,0,0,0,0,0,0,0,0,0,0,0,0,0,0,0,0,0,0,0,0,0,0,0,0,0,0,0,0,0,0,0,0,0,0,0,0,0,0,0,0,0,0,0,0,0,0,0,0,0,0,0,0,0,0,0,0,0,0,0,0,0,0,0,0,0,0,0,0,0,0,0,0,0,0,0,0,0,0,0,0,0,0,0,0,0,0,0,0,0,0,0,0,0,0,0,0,0,0,0,0,0,0,0,0,0,0,0,0,0,0,0,0,0,0,0,0,0,0,0,0,0,0,0,0,0,0,0,0,0,0,0,0,0,0,0,0,0,0,0,0,0,0,0,0,0,0,0,0,0,0,0,0,0,0,0,0,0,0,0,0,0,0,0,0,0,0,0,0,0,0,0,0,0,0,0,0,0,0,0,0,0,0,0,0,0,0,0,0,0,0,0,0,0,0,0,0,0,0,0,0,0,0,0,0,0,0,0,0,0,0,0,0,0,0,0,0,0,0,0,0,0,0,0,0,0,0,0,0,0,0,0,0,0,0,0,0,0,0,0,0,0,0,0,0,0,0,0,0,0,0,0,0,0,0,0,0,0,0,0,0,0,0,0,0,0,0,0,0,0,0,0,0,0,0,0,0,0,0,0,0,0,0,0,0,0,0,0,0,0,0,0,0,0,0,0,0,0,0,0,0,0,0,0,0,0,0,0,0,0,0,0,0,0,0,0,0,0,0,0,0,0,0,0,0,0,0,0,0,0,0,0,0,0,0,0,0,0,0,0,0,0,0,0,0,0,0,0,0,0,0,0,0,0,0,0,0,0,0,0,0,0,0,0,0,0,0,0,0,0,0,0,0,0,0,0,0,0,0,0,0,0,0,0,0,0,0,0,0,0,0,0,0,0,0,0,0,0,0,0,0,0,0,0,0,0,0,0,0,0,0,0,0,0,0,0.12740235,-1.786539,-0.48536974,0.91387475,0.055734787,-0.4710506,0.8236427,-0.07558379,0.48559627,-0.7215993,0.46919045,0.9510757,0.09300768,0.5869814,-0.16351327,-0.4111837,0.62950706,-0.57293946,0.75175923,1.1760082,0.95769554,1.3868375,1.1616172,0.8663122,-1.1227505,-0.11062607,0.7697481,-0.21683222,0.7997535,0.25915268,0.8451573,0.30851406,-0.41845122,-0.18553163,-0.6227326,0.22598124,-0.2855496,-0.21999826,-0.10652461,-0.42773345,-0.7014518,0.5965515,-0.47932547,-0.5551664,-0.32116753,0.28527248,0.0739395,-0.22064586,-0.69468796,-0.4707628,0.08739516,-0.61906284,-0.49537152,0.18568622,-0.19150393,0.13646874,-0.3670031,0.7059956,0.36060977,-0.7231103,-0.7096547,-0.48630515,0.5164651,0.4024878,0.2189296,-0.5518565,-0.4199623,0.3600341,-0.73872465,-0.44212455,0.03227733,-0.7223908,-0.19092828,-0.5043659,-0.13264441,-0.008665284,0.70793843,0.41306525,0.36204886,-0.46047315,0.016447147,0.3485932,-0.76534814,-0.06565395,-0.86047316,-0.4734971,0.002631712,-0.3133244,-0.24230443,-0.29260126,-0.15905204,-0.013126518,0.6335366,0.11538581,-0.7888056,-1.3918637,-0.11645445,0.43321276,1.0939791,0.33916706,0.18964377,-0.043923423,0.12970492,-0.14408532,0.28095517,0.3450674,-0.40276495,0.41824603,-0.25245014,-0.4116874,-0.14538053,0.25238886,0.2169868,0.16762541,0.6082802,-0.07033105,0.9533063,-0.14552443,-0.2344613,-0.025790665,-0.13681783,0.29340345,-0.010464168,0.022131622,-0.057163216,-0.15300779,-0.18294123,-0.4221929,0.63742214,0.36320016,-0.4288128,-0.5096187,-0.08680884,-0.39837566,-0.27633932,0.27455112,0.068542846,-0.025502844,0.19180243,0.5474779,0.17575638,0.20921563,0.390903,-0.029820168,0.08609996,0.47429928,-0.5108419,-0.32735568,0.0050062397,-0.0032686298,-0.16538411,0.10919764,0.16481915,-0.1517126,0.0140006635,-0.004995559,0.2115182,0.38888824,-0.050759185,0.46969414,0.34772974,0.018317986,-0.10220729,0.261815,-0.6733172,0.049978357,-0.29001084,-0.07090669,0.20137249,-0.103790306,-0.38384068,0.41608736,0.4039269,-0.15106499,-0.11400797,0.022995086,0.23468783,0.15287456,0.36032194,0.08847449,-0.3694496,0.15776753,-0.06889194,-0.10019254,-0.07148234,-0.2060389,-0.1863951,-0.252666,0.13675655,0.13726024,-0.14401338,-0.18272537,-0.40988854,-0.034713134,-0.15271997,-0.0022612542,-0.42715782,-0.048888344,0.18906812,0.10336926,-0.08968705,-0.16157049,-0.84097326,-0.13818498,0.27750129,0.13006471,-0.30987054,-0.41535714,0.52682674,0.75434965,-0.5147995,0.4289674,0.55560887,0.30031115,-0.049823765,-0.0857295,-0.13199683,0.05465546,0.35046405,0.31319118,0.2308742,-0.06989932,-0.27367696,0.08336566,0.23569521,-0.04162085,0.23519152,-0.40420404,0.18395929,-0.42622238,0.27196074,0.06681592,0.040336337,0.11150021,0.018605808,0.44414997,0.5660424,-0.4796133,-0.19711645,-0.34563237,0.2526767,0.00407082,-0.20093007,0.62317497,0.32938114,0.20928758,0.4930077,0.10970133,0.051273555,0.3498884,-0.11328842,-0.03730353,0.9926659,0.20533004,0.9334466,-0.13401157,0.022563355,-0.22294843,0.13905913,-0.36369318,-0.42694196,-0.4263663,0.3616891,0.039688736,-0.0056431573,0.2260532,-0.34419325,-0.0025490758,-0.27180615,-0.2587822,-0.36016735,-0.032842293,0.066672005,0.21331708,0.0024878012,-0.12746362,-0.6004264,-0.025790665,-0.27425262,-0.20985255,0.473148,0.26123938,-0.16689518,0.51293933,-0.05241416,0.50013125,-0.063998975,-0.53070164,0.21885765,-0.18596336,-0.27720279,-0.25986153,0.41608736,0.3305324,0.17100732,-0.58531576,0.2821784,0.2249019,0.58683753,0.28145882,-0.30627277,-0.37794033,0.29174846,-0.027949328,0.08833058,0.45760563,0.1633081,-0.0496079,-0.0723458,0.4509138,-0.45665953,-0.04737728,-0.27310133,0.108837865,0.5143065,-0.34743124,0.24612874,-0.17409071,0.5422252,-0.09501175,-0.20128986,0.47250038,0.5899316,-0.12386586,0.15460148,-0.04773706,0.2142525,0.04774774,0.30995318,-0.26014936,-0.10889914,-0.11861312,-0.34757516,0.2955621,0.20864,0.28368947,-0.12472932,0.3432685,-0.37067285,-0.04291605,0.042494997,-0.086017326,0.071421064,0.100706905,0.13646874,0.18100911,-0.05507651,-0.5621461,0.1700719,-0.0823476,-0.021689208,-0.103790306,-0.07615944,-0.14149493,0.039400917,-0.06378311,0.27455112,0.4422072,0.11574558,0.033644482,0.2887983,0.32628703,0.19144265,0.1192714,0.008460099,-0.10026449,0.25080585,0.08689147,-0.15646166,-0.31015837,-0.5938065,0.07581034,-0.39319488,0.37787905,-0.2533136,-0.7113816,-0.1197644,0.4358751,0.021340113,0.14697422,0.6597283,0.15330629,0.086243875,-0.7420346,-0.38837385,0.5902914,-0.2970625,0.13301487,-0.04694555,0.028607607,-0.29986873,0.08667561,0.28052342,-0.14869046,0.38723326,-0.57668114,0.040552203,-0.33742946,-0.09493979,0.3129753,-0.4362242,-0.53192484,-0.19553342,-0.59805185,-0.26784858,0.4765299,-0.08335498,-0.17754458,0.41882166,-0.1370337,0.5046645,0.13488571,0.086819515,0.13423811,0.053000484,-0.0060029346,-0.15602992,-0.38204178,-0.4902627,0.009467474,-0.35908803,0.029974759,-0.43485704,0.41946927,-0.18682683,-0.11415188,0.10092277,0.3050602,0.06285837,-0.10328662,-0.24374354,0.024578106,0.26195893,-0.18826593,0.31937933,0.36161715,0.12502782,0.7324033,-0.32757157,0.6736157,0.036234878,-0.5033586,-0.2626678,-0.15725316,0.23440002,0.32578337,-0.09594717,0.12438023,0.13308683,0.32772616,-0.509115,0.34679434,0.06983805,0.38147682,-0.13264441,-0.15768489,0.047531873,0.43911308,-0.25302577,0.44681233,-0.37614146,0.6341122,0.27858064,-0.067812614,0.28728724,-0.5214194,0.17813091,0.25174126,-0.10587701,-0.085585594,0.77370566,-0.0033405852,-0.34901428,-0.58754635,-0.34937406,0.078616604,-0.480117,0.35881087,0.24461769,0.17064755,-0.17401877,0.39745092,0.41191396,0.057173897,-0.039678056,-0.31915277,-0.07241776,0.055806745,-0.02823715,0.07890442,0.12927319,-0.21546507,-0.62244475,-0.025790665,-0.010392213,0.0645853,-0.33433536,-0.441405,-0.12480128,-0.47982916,-0.035792466,-0.076878995,0.037386164,-0.50969064,-0.42147335,0.08358152,-0.13048576,0.4547274,0.20446658,-0.1150873,-0.8915579,-0.37700492,0.30146244,0.326359,0.090633154,0.14035432,0.14193735,-0.07284949,-0.14451705,0.087754935,0.2915326,-0.21884698,-0.13401157,-0.3002285,0.3490969,0.8281039,-0.08328302,-0.042772137,0.35967433,0.3576596,-0.16408892,0.075306654,0.22864358,-0.0131984735,-0.167183,0.46883067,-0.3657079,0.45076987,0.09300768,-0.012263053,0.25166932,0.21533184,0.43681052,0.078688554,-0.25842243,0.3826281,0.104016855,0.22497386,0.32283318,0.6649091,0.08207046,0.4655207,0.27044967,-0.2359004,-0.12739167,0.39356533,0.18028957,0.44918686,0.20655328,-0.12703189,0.48286197,0.042207174,-0.1363861,-0.16840625,-0.9342274,0.3357132,-0.031043408,0.19719908,0.7806853,0.09451874,0.25015825,-0.018307306,0.09689327,0.07214062,0.015583682,-0.76952153,-0.899401,-0.5522163,0.34938473,0.1113563,0.33420214,0.10703898,-0.13163704,-0.023632005,-0.07335318,-0.5409193,0.12833777,-0.4370157,0.26066372,0.43033454,-0.025215022,0.17640397,-0.5009121,-0.22748162,0.04069611,0.095382206,0.26915446,-0.5237939,-0.20035444,0.3208904,0.5463986,0.21799418,0.2276362,0.08653169,-0.18668291,0.7737776,-0.021617254,0.4353714,0.09279181,0.42126817,-0.11559099,-0.3647725,-0.23957013,0.15237087,0.04292673,-0.33491102,-0.0208977,-0.18020692,-0.031259276,0.09020142,0.35341424,0.2382856,-0.39585721,0.0639377,0.07250039,-0.033274025,-0.6200702,-0.19064046,-0.18711464,0.04789165,0.39370924,-0.50386226,0.36305624,-0.07047496,-0.15236019,0.6668519,-0.3594478,-0.28015295,0.36982006,0.10092277,0.3476578,-0.29986873,0.19655149,-0.36369318,-0.055580195,-0.33966008,-0.12084373,0.42148402,-0.18409252,0.22195174,-0.031403188,0.46206686,0.3590987,0.08703538,-0.533292,-0.030827543,-0.21172339,-0.21345031,-0.4258626,0.32873353,-0.102423154,0.41450435,-0.5886977,-0.46399897,-0.031043408,-0.060473163,0.04666841,0.2854164,-0.109546736,-0.22949637,-0.19963488,-0.018451216,0.0052940613,0.06293033,0.29124478,0.13207945,-0.24194466,-0.04788097,0.12171788,-0.2949038,-0.09882539,-0.032338608,-0.12919056,0.5243802,0.30470043,0.16719368,-0.12811123,0.116033405,0.22511777,0.2947706,0.3757204,-0.3287948,-0.20006661,0.022851177,-0.049535945,-0.08824794,0.302182,0.20655328,0.04256695,0.18827662,-0.0022612542,-0.13724956,0.36427948,0.29937574,-0.45291784,0.025369614,0.42623308,0.618282,-0.11681423,-0.06853217,0.13582113,-0.3228225,-0.029892122,-0.032194696,0.6644054,-0.36304557,0.12509978,-0.19466996,-0.09335677,-0.13818498,-0.4263663,-0.14250231,-0.26209217,0.15237087,0.092000306,-0.16164243,0.009179653,0.18439102,-0.3888056,-0.54941005,0.0019841136,0.3845709,-0.08515386,0.092575945,-0.0039881836,0.41644713,0.3176524,-0.3144757,-0.19567734,-0.5386167,0.3305324,0.29275584,-0.5517126,-0.5746664,-0.21834329,0.11711273,0.09271986,-0.26338735,0.12912929,-0.15869227,0.032996885,0.42983085,0.08696343,-0.41801947,0.18964377,-0.2304318,-0.1418547,0.14862919,-0.25748703,-0.24518265,0.0011206489,-0.2466937,-0.096594766,0.4291113,-0.058098637,0.23497567,-0.08947118,0.13869935,0.2087839,0.34485152,0.060124066,-0.09940103,0.6836175,0.48753908,0.36672598,-0.62856096,-0.33440733,0.08401325,0.44789165,0.17820285,0.010043117,-0.19646885,0.32787007,-0.26835227,0.43889722,0.006301437,-0.48846382,0.10610356,0.44803557,-0.22201301,0.20065294,0.039544825,-0.6102123,0.31599742,-0.46997127,-0.2186311,0.09149662,-0.2887876,-0.47565576,0.02292313,-0.44636992,0.29563406,0.4934394,-0.644607,-0.16329741,0.012345689,0.53121597,-0.120412,-0.47615942,0.061491217,-0.42687,0.05134551,0.1334466,0.20396289,-0.12710385,0.3277981,-0.0037723174,0.24692026,0.12898538,0.5623727,0.67375964,0.31096056,-0.1544469,0.08379739,-0.47709486,-0.028884748,-0.37844402,0.053432215,-0.13206877,0.096461535,-0.22064586,0.22835577,-0.13199683,0.07897638,-0.00075019116,0.07854465,0.15157937,-0.29785398,-0.2038083,-0.042988002,-0.024711335,-0.5175338,0.50624746,-0.15221629,-0.19085632,0.58640575,0.31693286,0.67160094,-0.014925403,0.17107928,-0.17013317,-0.14991371,0.15186718,0.11229172,0.09487852,-0.16070701,-0.21157947,-0.103214666,-0.018882949,0.05962038,0.0065892586,-0.020178147,0.22389454,0.14675835,0.42227554,-0.15746902,-0.0449308,0.40932357,-0.5425023,0.14301667,0.20820825,-0.5399119,-0.30145174,0.32758224,-0.35361943,-0.5467477,0.06300228,-0.052054383,0.17532465,-0.5015597,0.14452773,-0.39391443,0.051273555,0.24799958,-0.6033046,0.11495407,-0.057522994,0.15568082,-0.1089711,-0.10069622,-0.45111898,-0.3308815,0.4421352,0.25857702,0.38931996,0.06631223,-0.03133123,0.38622588,1.0227432,0.49559808,0.71239966,0.08451694,0.26656407,-0.62712187,-0.19258325,0.44580495,0.4491149,0.12804995,0.2810271,0.31937933,-0.3942742,-0.21416987,-0.103790306,-0.11990831,-0.31807345,-0.04975181,-0.05334958,0.1186238,0.28081125,-0.12746362,0.4644414,-0.0013258342,-0.36937764,-0.4168682,-0.128471,-0.36966547,-0.26425081,0.5918024,-0.5965408,-0.24611807,-0.1691258,-0.0065785777,-0.14660376,0.15891881,0.044725616,0.5238046,0.110708706,0.06285837,0.016878879,0.10106668,0.34370026,0.3792462,-0.45147875,0.09041729,0.050338134,-0.37448648,-0.08134022,0.23195353,0.27181682,-0.28756437,0.05854105,-0.08472213,0.0028475781,0.07782509,-0.010392213,-0.5054453,-0.4662296,0.41112244,0.0076685892,0.0021999797,-0.38420045,0.060196023,0.3852185,0.3750728,-0.457523,0.15337825,-0.15077718,0.32787007,0.118479885,0.1534502,0.15330629,-0.175242,0.088690355,0.2628224,0.6154758,0.06631223,-0.10781981,0.2536121,-0.100408405,0.27930018,0.18028957,-0.2366919,0.14021042,0.31563765,0.011985913,0.14265689,-0.1744505,-0.051694605,0.1547454,0.061491217,-0.11738987,0.117904246,0.04832338,0.2882946,-0.2597896,-0.20229723,-0.22870485,0.20986323,0.11092457,-0.3002285,0.10480836,0.054727413,0.0452293,0.109413505,0.37205067,-0.64633393,0.123300895,-0.18711464,0.21166211,0.04242304,-0.16890994,-0.113000594,-0.099904716,0.19446477,-0.10479768,0.4884745,0.35355812,0.17518073,0.0879708,-0.15775685,0.60885584,0.33247522,-0.14415728,0.5113563,1.1980985,0.4028476,-1.7416389,1.3726623,0.36967614,1.368273,-1.2369437,0.9197031,0.9043047,-0.71778566,0.46372184,-0.34001985,0.5018582,-1.8502195,0.8612034,1.5710433,-1.2609049,-0.2092769,0.9094135,1.3777711,0.71736455,-1.6001025,-1.1469995,1.2660964,1.7563285,0.09178444,-1.1062008,-0.2887876,-0.6699353,-0.5294784,1.3998615,0.7496006,-0.3700972,0.51042086,-0.65662354,0.1534502,-0.4254309,0.74823344,-0.98092645,0.26915446,0.8623547,-0.40305278,-1.1648444,1.2243623,-0.21690418,-0.24136901,0.7706835,0.116537094,-0.39708048,1.3285537,0.29642555,-1.2041321,-1.0266181,1.5996815,-1.5826894,0.11646514,-0.41859514,-0.42902866,-0.82269657,-0.820466,-1.0982857,0.34787366,0.58302385,-1.3196925,-1.2459382,-0.07457642,0.5185518,-1.0919536,-0.61452967,-1.6282371,-0.85565215,1.1969472,-0.8456504,0.10128255,0.38939193,0.67016184,-1.3922235,-0.1951017,-0.7885897,0.5670498,-0.65115494,0.8886184,-1.7134323,0.6100791,0.8046465,-1.4297842,-0.5386167,-1.0102123,-0.57437855,1.2431426,0.16704977,-0.87162626,0.91574556,0.7330508,1.402164,-0.012047187,0.70707494,-0.4918457,0.3696042,-0.36124668,1.2717808,0.9777711,-0.49609107,-0.21301858,-0.5981958,-0.37542188,-1.206003,0.7269347,0.6358391,-0.011903277,0.09214421,0.15380998,-0.5230024,0.92128617,-1.3264563,-0.65871024,-1.3734431,1.2610595,-1.0584944,0.7968753,-0.8922055,0.9613653,1.3689206,-1.4797932,-0.7888056,-0.86824435,0.92272526,-0.47932547,
1,0,0,0,0,0,0,0,0,0,0,0,0,0,0,0,0,0,0,0,0,0,0,0,0,0,0,0,0,0,0,0,0,0,0,0,0,0,0,0,0,0,0,0,0,0,0,0,0,0,0,0,0,0,0,0,0,0,0,0,0,0,0,0,0,0,0,0,0,0,0,0,0,0,0,0,0,0,0,0,0,0,0,0,0,0,0,0,0,0,0,0,0,0,0,0,0,0,0,0,0,0,0,0,0,0,0,0,0,0,0,0,0,0,0,0,0,0,0,0,0,0,0,0,0,0,0,0,0,0,0,0,0,0,0,0,0,0,0,0,0,0,0,0,0,0,0,0,0,0,0,0,0,0,0,0,0,0,0,0,0,0,0,0,0,0,0,0,0,0,0,0,0,0,0,0,0,0,0,0,0,0,0,0,0,0,0,0,0,0,0,0,0,0,0,0,0,0,0,0,0,0,0,0,0,0,0,0,0,0,0,0,0,0,0,0,0,0,0,0,0,0,0,0,0,0,0,0,0,0,0,0,0,0,0,0,0,0,0,0,0,0,0,0,0,0,0,0,0,0,0,0,0,0,0,0,0,0,0,0,0,1,0,0,0,0,0,0,0,0,0,0,0,0,0,0,0,0,0,0,0,0,0,0,0,0,0,0,0,0,0,0,0,0,0,0,0,0,0,0,0,0,0,0,0,0,0,0,0,0,0,0,0,0,0,0,0,0,0,0,0,0,0,0,0,0,0,0,0,0,0,0,0,0,0,0,0,0,0,0,0,0,0,0,0,0,0,0,0,0,0,0,0,0,0,0,0,0,0,0,0,0,0,0,0,0,0,0,0,0,0,0,0,0,0,0,0,0,0,0,0,0,0,0,0,0,0,0,0,0,0,0,0,0,0,0,0,0,0,0,0,0,0,0,0,0,0,0,0,0,0,0,0,0,0,0,0,0,0,0,0,0,0,0,0,0,0,0,0,0,0,0,0,0,0,0,0,0,0,0,0,0,0,0,0,0,0,0,0,0,0,0,0,0,0,0,0,0,0,0,0,0,0,0,0,0,0,0,0,0,0,0,0,0,0,0,0,0,0,0,0,0,0,0,0,0,0,0,0,0,0,0,0,0,0,0,0,0,0,0,0,0,0,0,0,0,0,0,0,0,0,0,0,0,0,0,0,0,0,0,0,0,0,0,0,0,0,0,0,0,0,0,0,0,0,0,0,0,0,0,0,0,0,0,0,0,0,0,0,0,0,0,0,0,0,0,0,0,0,0,0,0,0,0,0,0,0,0,0,0,0,0,0,0,0,0,0,0,0,0,0,0,0,0,0,0,0,0,0,0,0,0,0,0,0,0,0,0,0,0,0,0,0,0,0,0,0,0,0,0,0,0,0,0,0,0,0,0,0,0,0,0,0,0,0,0,0,0,0,0,0,0,0,0,0,0,0,0,0,0,0,0,0,0,0,0,0,0,0,0,0,0,0,0,0,0,0,0,0,0,0,0,0,0,0,0,0,0,0,0,0,0,0,0,0,0,0,0,0,0,0,0,0,0,0,0,0,0,0,0,0,0,0,0,0,0,0,0,0,0,0,0,0,0,0,0,0,0,0,0,0,0,0,0,0,0,0,0,0,0,0,0,0,0,0,0,0,0,0,0,0,0,0,0,0,0,0,0,0,0,0,0,0,0,0,0,0,0,0,0,0,0,0,0,0,0,0,0,0,0,0,0,0,0,0,0,0,0,0,0,0,0,0,0,0,0,0,0,0,0,0,0,0,0,0,0,0,0,0,0,0,0,0,0,0,0,0,0,0,0,0,0,0,0,0,0,0,0,0,0,0,0,0,0,0,0,0,0,0,0,0,0,0,0,0,0,0,0,0,0,0,0,0,0,0,0,0,0,0,0,0,0,0,0,0,0,0,0,0,0,0,0,0,0,0,0,0,0,0,0,0,0,0,0,0,0,0,0,0,0,0,0,0,0,0,0,0,0,0,0,0,0,0,0,0,0,0,0,0,0,0,0,0,0,0,0,0,0,0,0,0,0,0,0,0,0,0,0,0,0,0,0,0,0,0,0,0,0,0,0,0,0,0,0,0,0,0,0,0,0,0,0,0,0,0,0,0,0,0,0,0,0,0,0,0,0,0,0,0,0,0,0,0,0,0,0,0,0,0,0,0,0,0,0,0,0,0,0,0,0,0,0,0,0,0,0,0,0,0,0,0,0,0,0,0,0,0,0,0,0,0,0,0,0,0,0,0,0,0,0,0,0,0,0,0,0,0,0,0,0,0,0,0,0,0,0,0,0,0,0,0,0,0,0,0,0,0,0,0,0,0,0,0,0,0,0,0,0,0,0,0,0,0,0,0,0,0,0,0,0,0,0,0,0,0,0,0,0,0,0,0,0,0,0,0,0,0,0,0,0,0,0,0,0,0,0,0,0,0,0,0,0,0,0,0,0,0,0,0,0,0,0,0,0,0,0,0,0,0,0,0,0,0,0,0,0,0,0,0,0,0,0,0,0,0,0,0,0,0,0,0,0,0,0,0,0,0,0,0,0,0,0,0,0,0,0,0,0,0,0,0,0,0,0,0,0,0,0,0,0,0,0,0,0,0,0,0,0,0,0,0,0,0,0,0,0,0,0,0,0,0,0,0,0,0,0,0,0,0,0,0,0,0,0,0,0,0,0,0,0,0,0,0,0,0,0,0,0,0,0,0,0,0,0,0,0,0,0,0,0,0,0,0,0,0,0,0,0,0,0,0,0,0,0,0,0,0,0,0,0,0,0,0,0,0,0,0,0,0,0,0,0,0,0,0,0,0,0,0,0,0,0,0,0,0,0,0,0,0,0,0,0,0,0,0,0,0,0,0,0,0,0,0,0,0,0,0,0,0,0,0,0,0,0,0,0,0,0,0,0,0,0,0,0,0,0,0,0,0,0,0,0,0,0,0,0,0,0,0,0,0,0,0,0,0,0,0,0,0,0,0,0,0,0,0,0,0,0,0,0,0,0,0,0,0,0,0,0,0,0,0,0,0,0,0,0,0,0,0,0,0,0,0,0,0,0,0,0,0,0,0,0,0,0,0,0,0,0,0,0,0,0,0,0,0,0,0,0,0,0,0,0,0,0,0,0,0,0,0,0,0,0,0,0,0,0,0,0,0,0,0,0,0,0,0,0,0,0,0,0,0,0,0,0,0,0,0,0,0,0,0,0,0,0,0,0,0,0,0,0,0,0,0,0,0,0,0,0,0,0,0,0,0,0,0,0,0,0,0,0,0,0,0,0,0,0,0,0,0,0,0,0,0,0,0,0,0,0,0,0,0,0,0,0,0,0,0,0,0,0,0,0,0,0,0,0,0,0,0,0,0,0,0,0,0,0,0,0,0,0,0,0,0,0,0,0,0,0,0,0,0,0,0,0,0,0,0,0,0,0,0,0,0,0,0,0,0,0,0,0,0,0,0,0,0,0,0,0,0,0,0,0,0,0,0,0,0,0,0,0,0,0,0,0,0,0,0,0,0,0,0,0,0,0,0,0,0,0,0,0,0,0,0,0,0,0,0,0,0,0,0,0,0,0,0,0,0,0,0,0,0,0,0,0,0,0,0,0,0,0,0,0,0,0,0,0,0,0,0,0,0,0,0,0,0,0,0,0,0,0,0,0,0,0,0,0,0,0,0,0,0,0,0,0,0,0,0,0,0,0,0,0,0,0,0,0,0,0,0,0,0,0,0,0,0,0,0,0,0,0,0,0,0,0,0,0,0,0,0,0,0,0,0,0,0,0,0,0,0,0,0,0,0,0,0,0,0,0,0,0,0,0,0,0,0,0,0,0,0,0,0,0,0,0,0,0,0,0,0,0,0,0,0,0,0,0,0,0,0,0,0,0,0,0,0,0,0,0,0,0,0,0,0,0,0,0,0,0,0,0,0,0,0,0,0,0,0,0,0,0,0,0,0,0,0,0,0,0,0,0,0,0,0,0,0,0,0,0,0,0,0,0,0,0,0,0,0,0,0,0,0,0,0,0,0,0,0,0,0,0,0,0,0,0,0,0,0,0,0,0,0,0,0,0,0,0,0,0,0,0,0,0,0,0,0,0,0,0,0,0,0,0,0,0,0,0,0,0,0,0,0,0,0,0,0,0,0,0,0,0,0,0,0,0,0,0,0,0,0,0,0,0,0,0,0,0,0,0,0,0,0,0,0,0,0,0,0,0,0,0,0,0,0,0,0,0,0,0,0,0,0,0,0,0,0,0,0,0,0,0,0,0,0,0,0,0,0,0,0,0,0,0,0,0,0,0,0,0,0,0,0,0,0,0,0,0,0,0,0,0,0,0,0,0,0,0,0,0,0,0,0,0,0,0,0,0,0,0,0,0,0,0,0,0,0,0,0,0,0,0,0,0,0,0,0,0,0,0,0,0,0,0,0,0,0,0,0,0,0,0,0,0,0,0,0,0,0,0,0,0,0,0,0,0,0,0,0,0,0,0,0,0,0,0,0,0,0,0,0,0,0,0,0,0,0,0,0,0,0,0,0,0,0,0,0,0,0,0,0,0,0,0,0,0,0,0,0,0,0,0,0,0,0,0,0,0,0,0,0,0,0,0,0,0,0,0,0,0,0,0,0,0,0,0,0,0,0,0,0,0,0,0,0,0,0,0,0,0,0,0,0,0,0,0,0,0,0,0,0,0,0,0,0,0,0,0,0,0,0,0,0,0,0,0,0,0,0,0,0,0,0,0,0,0,0,0,0,0,0,0,0,0,0,0,0,0,0,0,0,0,0,0,0,0,0,0,0,0,0,0,0,0,0,0,0,0,0,0,0,0,0,0,0,0,0,0,0,0,0,0,0,0,0,0,0,0,0,0,0,0,0,0,0,0,0,0,0,0,0,0,0,0,0,0,0,0,0,0,0,0,0,0,0,0,0,0,0,0,0,0,0,0,0,0,0,0,0,0,0,0,0,0,0,0,0,0,0,0,0,0,0,0,0,0,0,0,0,0,0,0,0,0,0,0,0,0,0,0,0,0,0,0,0,0,0,0,0,0,0,0,0,0,0,0,0,0,0,0,0,0,0,0,0,0,0,0,0,0,0,0,0,0,0,0,0,0,0,0,0,0,0,0,0,0,0,0,0,0,0,0,0,0,0,0,0,0,0,0,0,0,0,0,0,0,0,0,0,0,0,0,0,0,0,0,0,0,0,0,0,0,0,0,0,0,0,0,0,0,0,0,0,0,0,0,0,0,0,0,0,0,0,0,0,0,0,0,0,0,0,0,0,0,0,0,0,0,0,0,0,0,0,0,0,0,0,0,0,0,0,0,0,0,0,0,0,0,0,0,0,0,0,0,0,0,0,0,0,0,0,0,0,0,0,0,0,0,0,0,0,0,0,0,0,0,0,0,0,0,0,0,0,0,0,0,0,0,0,0,0,0,0,0,0,0,0,0,0,0,0,0,0,0,0,0,0,0,0,0,0,0,0,0,0,0,0,0,0,0,0,0,0,0,0,0,0,0,0,0,0,0,0,0,0,0,0,0,0,0,0,0,0,0,0,0,0,0,0,0,0,0,0,0,0,0,0,0,0,0,0,0,0,0,0,0,0,0,0,0,0,0,0,0,0,0,0,0,0,0,0,0,0,0,0,0,0,0,0,0,0,0,0,0,0,0,0,0,0,0,0,0,0,0,0,0,0,0,0,0,0,0,0,0,0,0,0,0,0,0,0,0,0,0,0,0,0,0,0,0,0,0,0,0,0,0,0,0,0,0,0,0,0,0,0,0,0,0,0,0,0,0,0,0,0,0,0,0,0,0,0,0,0,0,0,0,0,0,0,0,0,0,0,0,0,0,0,0,0,0,0,0,0,0,0,0,0,0,0,0,0,0,0,0,0,0,0,0,0,0,0,0,0,0,0,0,0,0,0,0,0,0,0,0,0,0,0,0,0,0,0,0,0,0,0,0,0,0,0,0,0,0,0,0,0,0,0,0,0,0,0,0,0,0,0,0,0,0,0,0,0,0,0,0,0,0,0,0,0,0,0,0,0,0,0,0,0,0,0,0,0,0,0,0,0,0,0,0,0,0,0,0,0,0,0,0,0,0,0,0,0,0,0,0,0,0,0,0,0,0,0,0,0,0,0,0,0,0,0,0,0,0,0,0,0,0,0,0,0,0,0,0,0,0,0,0,0,0,0,0,0,0,0,0,0,0,0,0,0,0,0,0,0,0,0,0,0,0,0,0,0,0,0,0,0,0,0,0,0,0,0,0,0,0,0,0,0,0,0,0,0,0,0,0,0,0,0,0,0,0,0,0,0,0,0,0,0,0,0,0,0,0,0,0,0,0,0,0,0,0,0,0,0,0,0,0,0,0,0,0,0,0,0,0,0,0,0,0,0,0,0,0,0,0,0,0,0,0,0,0,0,0,0,0,0,0,0,0,0,0,0,0,0,0,0,0,0,0,0,0,0,0,0,0,0,0,0,0,0,0,0,0,0,0,0,0,0,0,0,0,0,0,0,0,0,0,0,0,0,0,0,0,0,0,0,0,0,0,0,0,0,0,0,0,0,0,0,0,0,0,0,0,0,0,0,0,0,0,0,0,0,0,0,0,0,0,0,0,0,0,0,0,0,0,0,0,0,0,0,0,0,0,0,0,0,0,0,0,0,0,0,0,0,0,0,0,0,0,0,0,0,0,0,0,0,0,0,0,0,0,0,0,0,0,0,0,0,0,0,0,0,0,0,0,0,0,0,0,0,0,0,0,0,0,0,0,0,0,0,0,0,0,0,0,0,0,0,0,0,0,0,0,0,0,0,0,0,0,0,0,0,0,0,0,0,0,0,0,0,0,0,0,0,0,0,0,0,0,0,0,0,0,0,0,0,0,0,0,0,0,0,0,0,0,0,0,0,0,0,0,0,0,0,0,0,0,0,0,0,0,0,0,0,0,0,0,0,0,0,0,0,0,0,0,0,0,0,0,0,0,0,0,0,0,0,0,0,0,0,0,0,0,0,0,0,0,0,0,0,0,0,0,0,0,0,0,0,0,0,0,0,0,0,0,0,0,0,0,0,0,0,0,0,0,0,0,0,0,0,0,0,0,0,0,0,0,0,0,0,0,0,0,0,0,0,0,0,0,0,0,0,0,0,0,0,0,0,0,0,0,0,0,0,0,0,0,0,0,0,0,0,0,0,0,0,0,0,0,0,0,0,0,0,0,0,0,0,0,0,0,0,0,0,0,0,0,0,0,0,0,0,0,0,0,0,0,0,0,0,0,0,0,0,0,0,0,0,0,0,0,0,0,0,0,0,0,0,0,0,0,0,0,0,0,0,0,0,0,0,0,0,0,0,0,0,0,0,0,0,0,0,0,0,0,0,0,0,0,0,0,0,0,0,0,0,0,0,0,0,0,0,0,0,0,0,0,0,0,0,0,0,0,0,0,0,0,0,0,0,0,0,0,0,0,0,0,0,0,0,0,0,0,0,0,0,0,0,0,0,0,0,0,0,0,0,0,0,0,0,0,0,0,0,0,0,0,0,0,0,0,0,0,0,0,0,0,0,0,0,0,0,0,0,0,0,0,0,0,0,0,0,0,0,0,0,0,0,0,0,0,0,0,0,0,0,0,0,0,0,0,0,0,0,0,0,0,0,0,0,0,0,0,0,0,0,0,0,0,0,0,0,0,0,0,0,0,0,0,0,0,0,0,0,0,0,0,0,0,0,0,0,0,0,0,0,0,0,0,0,0,0,0,0,0,0,0,0,0,0,0,0,0,0,0,0,0,0,0,0,0,0,0,0,0,0,0,0,0,0,0,0,0,0,0,0,0,0,0,0,0,0,0,0,0,0,0,0,0,0,0,0,0,0,0,0,0,0,0,0,0,0,0,0,0,0,0,0,0,0,0,0,0,0,0,0,0,0,0,0,0,0,0,0,0,0,0,0,0,0,0,0,0,0,0,0,0,0,0,0,0,0,0,0,0,0,0,0,0,0,0,0,0,0,0,0,0,0,0,0,0,0,0,0,0,0,0,0,0,0,0,0,0,0,0,0,0,0,0,0,0,0,0,0,0,0,0,0,0,0,0,0,0,0,0,0,0,0,0,0,0,0,0,0,0,0,0,0,0,0,0,0,0,0,0,0,0,0,0,0,0,0,0,0,0,0,0,0,0,0,0,0,0,0,0,0,0,0,0,0,0,0,0,0,0,0,0,0,0,0,0,0,0,0,0,0,0,0,0,0,0,0,0,0,0,0,0,0,0,0,0,0,0,0,0,0,0,0,0,0,0,0,0,0,0,0,0,0,0,0,0,0,0,0,0,0,0,0,0,0,0,0,0,0,0,0,0,0,0,0,0,0,0,0,0,0,0,0,0,0,0,0,0,0,0,0,0,0,0,0,0,0,0,0,0,0,0,0,0,0,0,0,0,0,0,0,0,0,0,0,0,0,0,0,0,0,0,0,0,0,0,0,0,0,0,0,0,0,0,0,0,0,0,0,0,0,0,0,0,0,0,0,0,0,0,0,0,0,0,0,0,0,0,0,0,0,0,0,0,0,0,0,0,0,0,0,0,0,0,0,0,0,0,0,0,0,0,0,0,0,0,0,0,0,0,0,0,0,0,0,0,0,0,0,0,0,0,0,0,0,0,0,0,0,0,0,0,0,0,0,0,0,0,0,0,0,0,0,0,0,0,0,0,0,0,0.4094263,-0.5362043,0.02779152,-0.3521649,0.8215945,-1.2409247,1.204714,-0.40535623,-0.39147744,-1.1007811,0.36094734,0.27005732,-0.17141771,-0.74709755,1.3050287,0.668153,-0.11183569,0.47120312,-0.40019202,0.7944824,0.337192,0.23920119,0.87975633,-1.0900007,0.77724683,0.2166078,-0.16502701,0.5404035,-0.43279105,-0.83772933,0.10183332,0.65053016,0.6056661,0.02979265,0.16025339,0.044704292,0.43944326,0.015849294,0.404133,0.32641172,0.38192692,-0.1888469,-0.061936554,-0.40516257,-0.41516823,-0.08859676,-0.4765577,0.037603512,0.33383524,0.3710821,0.35229728,0.31408218,-0.38831434,0.19963047,-0.16025011,-0.10040988,-0.24332927,0.66156864,-0.24758974,0.056775626,0.6212233,-0.27792946,-0.04405549,0.10712663,-0.77098197,0.33764386,-0.15418218,-0.4761704,0.19756478,-0.46041957,0.291166,0.65730816,-0.36597916,-0.18471554,0.6461406,0.43995968,-0.28606308,0.67202616,0.39832327,0.25327364,0.0536771,-0.3284741,-0.10996366,0.44099253,0.20169614,-0.1462422,-0.2438457,-0.14243361,0.17981282,0.1451481,0.52426535,0.22022273,0.5842992,0.43931416,0.59068996,-0.5525361,0.086728014,-0.13817313,0.3055612,-0.24733153,0.096540004,0.18045835,-0.00939076,0.039475534,-0.37307993,0.20595661,-0.05160814,0.09279596,-0.06600337,0.4025192,0.27954653,-0.08317435,0.7534915,0.04057293,-0.13410632,-0.19394656,0.18600987,0.3814105,0.18045835,0.45771164,0.91325915,0.06329543,0.11926251,-0.2991027,-0.47707412,0.013008982,-0.33292824,-0.20498505,0.10835313,0.3145986,0.0662003,0.235909,-0.542014,0.21163724,-0.3648172,0.010362326,0.028437046,0.580297,0.17297025,0.12991369,0.069621585,-0.18213344,-0.25236663,-0.38218185,0.27276853,0.22467686,0.016172057,-0.47255546,0.40981364,0.2398467,-0.49934477,-0.2536577,0.09912211,0.10835313,0.28742197,-0.24423301,0.42743647,0.3127911,-0.1261018,-0.6544646,-0.24010165,-0.5340095,-0.1281675,0.013654508,-0.6997805,0.4128476,-0.6167659,0.06942793,0.3615283,-0.0832389,-0.20311302,0.4124603,-0.22609374,-0.035082683,0.08446868,-0.27586377,-0.586168,-0.37650123,0.2129283,0.080208205,0.2356508,-0.21834743,0.12875174,-0.031338632,-0.49844104,-0.003064608,0.1842024,-0.06613247,-0.25598156,0.1993077,-0.004420212,-0.35423058,0.20776409,-0.31879124,-0.39528602,0.21589771,-0.24203822,-0.2943258,0.112161726,-0.028885636,0.34906965,-0.18542562,0.100735925,0.118358776,0.058518544,-0.24449122,-0.33576855,-0.00487208,0.19369163,-0.08620832,0.43092233,0.024628444,-0.21518435,0.23429519,0.03837814,0.34267896,-0.108414404,-0.17264421,0.16503029,0.2808376,-0.61979985,-0.1800032,-0.005453053,-0.4711353,-0.110480085,-0.061226472,-0.25875732,-0.03372708,0.078142524,-0.49301863,0.6177375,-0.48759618,-0.024302404,0.07033166,0.10493184,-0.32363266,-0.41361895,0.10925686,-0.33931893,-0.21931572,-0.3266021,0.4469959,0.23526348,0.22719441,-0.060451843,-0.46171063,-0.016104227,-0.3362204,-0.11312674,0.17664975,-0.18587749,-0.33751148,0.34777862,-0.12384246,0.36417496,-0.107962534,-0.15095454,0.11313002,0.23048659,-0.08420719,0.13481969,-0.017201621,0.7822174,0.082403,0.4392496,-0.21227948,-0.059612658,-0.1997563,-0.3158218,-0.13726941,-0.10034533,-0.39296213,-0.49172756,-0.079817615,-0.26127487,-0.020106487,-0.20007905,-0.11060919,0.15612203,-0.20472683,-0.17212778,0.18820466,0.002938781,-0.07387878,-0.34170738,0.21957721,-0.277994,-0.23151615,0.027662415,-0.07555714,0.52878404,0.19143228,-0.4959235,0.67325264,0.3422271,-0.318533,0.116293095,-0.255917,0.10738484,-0.15637696,-0.13229886,-0.20575967,-0.27702573,0.09163401,-0.019073645,-0.3597821,0.04283227,-0.3456451,-0.2287404,0.06658761,0.42549992,-0.06038729,0.042186745,0.17245384,-0.19491485,0.0813056,0.24384898,-0.50237876,0.48385543,0.07756155,-0.041150626,-0.04405549,0.12139275,-0.22170416,-0.32150245,-0.14301458,-0.116225265,0.05038492,0.051805075,-0.004226554,-0.4588703,-0.1007972,0.22680709,0.05186963,-0.23306541,-0.19071893,-0.21867019,0.39173892,-0.111319266,-0.2326781,0.23429519,-0.19936897,-0.05864437,0.0964109,-0.75574756,-0.20401676,0.35739693,0.40961996,-0.43066084,0.014364586,0.26760432,-0.41503912,-0.09827965,-0.35151938,0.07355929,-0.25217298,-0.24197367,-0.21279591,-0.13714029,-0.051866353,0.1415977,-0.29632694,0.48572746,0.078658946,-0.17529087,-0.0053885006,0.6620205,0.132754,0.19995323,0.06516746,-0.18632935,0.23364967,-0.4355668,0.17122734,0.35901076,-0.16141206,0.26547408,0.46778184,0.24785124,-0.29348662,0.2922634,-0.43692243,0.13707902,0.11041881,-0.27424994,0.23248772,-0.066778,0.028114283,0.22248207,0.21744697,-0.1647688,-0.057740636,-0.3220834,-0.00022429497,-0.2452013,-0.060710054,-0.46300167,0.19214237,0.4855338,0.116615854,-0.30239487,0.34061328,-0.43634146,0.25953525,-0.03695471,-0.08356167,-0.5447898,-0.30826917,-0.33267003,0.020884395,-0.11616071,0.50806266,0.17949006,0.09344149,-0.19181633,-0.073620565,0.22351491,-0.015846018,0.09408701,0.051094998,0.40051806,-0.11564429,0.09079483,-0.3279577,0.22293393,-0.13939963,0.11964983,0.21718876,-0.07865567,-0.12849025,-0.040375993,0.07485034,0.13088198,-0.20433952,0.37495524,-0.30310497,0.2687017,0.29897687,0.074914895,0.020367974,-0.13236341,-0.09918339,0.13636895,0.14934401,-0.35900748,-0.04560475,-0.013522125,0.09608814,0.03127736,-0.3584265,0.28141856,-0.10241102,-0.09531023,0.23584445,0.25049788,-0.2768966,-0.09079155,-0.02249493,-0.13042682,0.15825227,0.27780363,-0.24320017,-0.089629605,-0.18645845,-0.30504152,0.34745586,-0.29671425,-0.09718225,0.07710969,-0.082206056,0.5034794,0.10835313,0.56615996,-0.10557409,0.315115,-0.13810858,-0.2555297,-0.019138198,-0.4662293,0.15560561,0.05387076,0.36436862,-0.030305794,-0.0055821585,-0.01694341,0.46326315,-0.22370529,0.15734853,0.2543065,-0.22125229,-0.13184698,0.07375295,-0.05793429,0.024886655,-0.3981909,-0.017330727,-0.29877993,-0.410585,0.5284613,-0.021074776,0.32176393,0.008296644,-0.26359877,-0.23764865,0.12094088,-0.25488418,-0.08485272,-0.050639853,-0.11519242,-0.14914708,0.4577762,-0.36242875,0.04160577,-0.029853925,0.40374568,-0.15205194,0.22803359,0.2521117,-0.112933084,0.14643915,-0.6280626,-0.27147418,-0.05283464,-0.007712393,0.52110225,0.081499256,0.58423465,0.34881145,0.019206028,0.26160094,0.2619237,0.15418546,-0.08001127,-0.12616636,-0.26979584,-0.60734123,-0.074524306,-0.0075187352,-0.2239635,-0.13991606,-0.21660452,-0.07781649,0.12875174,-0.093309104,-0.11564429,0.02224,0.25669494,-0.017588936,0.23203585,-0.054125693,0.23364967,-0.026432639,-0.02772369,0.047480054,-0.17645282,-0.18335994,0.22454776,-0.024044193,-0.016878858,-0.061807446,-0.09021058,0.010814195,-0.3672702,0.24158964,-0.41336074,-0.09363186,0.15463732,-0.20201562,0.066006646,0.18458971,-0.18006775,-0.3328637,-0.18026142,-0.029402057,0.38011944,0.03302028,0.25153074,0.21912533,-0.09524568,0.12416851,0.009781353,-0.0049366327,-0.18620025,-0.019331856,0.2736077,-0.23900425,0.2597289,0.108546786,-0.13688208,0.021078054,0.3685,-0.101055406,-0.011004575,0.020755291,0.097895615,0.3437118,0.37928027,0.07078353,-0.40148306,-0.08620832,-0.191429,0.21363837,0.007909329,0.41575247,0.007909329,-0.1271992,-0.28244814,0.05709839,0.5485371,0.10867589,-0.029531162,-0.17690468,0.11487294,0.022820972,0.29723394,-0.024044193,-0.07504072,-0.07303959,-0.2313225,-0.08504637,-0.23409826,0.17258294,-0.117451765,-0.04457191,0.012621666,-0.013199362,0.28916487,0.17477772,-0.063033946,-0.16631806,0.18381508,-0.19639955,0.2860018,0.6351021,0.058583096,-0.36798027,0.038700905,0.10176877,0.12991369,-0.0795594,0.1338514,-0.38573223,0.3193755,-0.36417168,-0.3482272,0.32744455,-0.048186854,-0.013263914,-0.22338253,-0.04483012,-0.07019928,0.08259665,-0.23112884,-0.20169286,0.35223272,-0.673443,-0.14437018,-0.35739365,-0.10609051,-0.14617765,0.03954009,0.14217867,0.09841203,-0.15644151,0.28348425,0.042122193,0.70985395,-0.42956343,0.37753734,-0.54143304,-0.21763735,-0.21873474,-0.14527392,0.07949813,0.031406466,0.2658614,0.2410732,-0.46003225,0.08227389,-0.07136123,0.26779798,-0.05005888,-0.43427578,-0.081366874,0.24494636,-0.24881624,-0.110931955,-0.017588936,-0.08891953,-0.0821415,0.44544664,-0.35526344,0.37605265,0.28529173,0.29316714,0.12836443,-0.082657926,0.15108693,-0.12190589,0.19401439,-0.16309042,0.21215366,-0.08472361,-0.22706203,0.493151,0.2166078,-0.085433684,0.35952717,0.5337546,-0.019009093,0.08195113,-0.254045,-0.24442667,-0.38760427,0.2681853,0.15728398,-0.09350276,-0.15611875,0.1630937,0.14979587,-0.10692969,0.21899623,-0.026109876,-0.13055593,-0.16160572,-0.11351406,0.3761172,-0.20685707,-0.20078912,-0.11461145,-0.07975306,-0.016749753,0.20653759,-0.012295625,0.52110225,0.09111759,-0.15269746,0.19227147,0.121586405,0.009394038,0.08175747,-0.220284,-0.4589994,0.08569518,-0.118742816,-0.3336383,0.51180667,0.28335515,0.49353832,0.29897687,0.23339145,-0.1862648,0.19762933,-0.0020963196,0.32673448,-0.37036872,-0.024625167,-0.3959961,-0.20072457,0.022498209,0.02430568,0.19027033,0.05813123,-0.067875385,0.0373453,0.7133398,0.14372794,0.13243124,-0.34545144,-0.39199385,0.25295088,0.11680952,-0.034630816,-0.1572807,-0.11842005,0.028372493,0.23132578,0.4089099,0.14121039,0.37017834,0.1342387,0.24823855,0.05690473,-0.38050348,0.057356596,-0.1033793,0.27586704,-0.13907687,0.12171551,0.07620595,0.37643996,0.3830243,0.22900188,0.11797146,-0.19639955,0.19788754,0.11319457,-0.27224883,-0.14921163,-0.11687079,0.4581635,0.41168565,-0.27844587,-0.32259983,-0.21925117,0.25953525,-0.14662953,-0.09937704,-0.34687158,-0.26824656,-0.27618653,-0.14062613,-0.06916644,0.1694844,-0.010423601,-0.16651171,-0.089629605,0.1778117,-0.23080607,-0.0644541,0.09389335,0.2522408,0.22235297,-0.1572807,-0.2402953,0.20698945,0.14082307,-0.41174692,-0.14837244,-0.07549259,-0.5617671,0.12197372,0.04509161,0.06858874,0.20117973,0.3524264,0.22196566,0.1466328,0.045349818,0.010878747,0.37792465,0.25282177,-0.28728956,-0.2627596,0.1151957,0.11364644,0.27270398,0.3665634,-0.2426192,-0.027142717,-0.34499958,0.07149361,-0.09802144,-0.49159846,0.21989997,-0.19930442,0.13146295,0.15734853,-0.44892922,0.06290812,-0.49250218,0.042122193,0.2480449,0.47281694,-0.09789234,-0.4090357,-0.39935285,0.062585354,0.0077156713,-0.20530781,0.38354072,-0.05160814,0.00022757302,-0.5424013,-0.055997714,0.013396298,-0.3995465,-0.0056467107,-0.21428062,-0.2328072,0.42059392,-0.08820945,0.2560494,-0.068714574,-0.2530767,0.07381751,0.13327041,0.017398557,-0.005775816,0.30427018,0.116680406,-0.17199868,-0.03379163,-0.30258852,0.17955461,-0.08788668,0.043736007,0.20505288,0.38586462,-0.25707898,-0.06355037,-0.3593948,0.109708734,-0.41206968,-0.33686596,-0.38760427,-0.09511657,0.17103368,-0.29219556,0.041734874,-0.3261502,-0.17871214,-0.26934397,-0.26553535,0.19478902,-0.026755402,0.34945697,-0.36384892,0.2410732,0.24520458,0.048512895,0.16767694,0.3337707,-0.018428119,-0.049155142,-0.27341077,-0.11403047,0.0347632,0.1541209,0.38709113,-0.5261986,-0.3859259,0.041218456,0.36010814,0.21015254,0.17632699,0.18755913,-0.21570078,0.5125168,-0.18645845,0.32880014,-0.41678202,0.36501414,-0.30026463,-0.27237794,-0.35926569,-0.15056723,-0.14275637,0.4414444,0.2433971,0.070008904,0.013654508,0.33551362,0.10764305,-0.03624463,0.10590013,0.2156395,0.029469887,-0.004097449,0.1814912,0.0050690155,-0.06116192,0.16483663,-0.5386573,0.11577667,-0.0035164761,0.04186398,-0.18148792,-0.24255465,0.43111598,0.387543,0.030438175,0.27857825,-0.34648427,-0.071103014,-0.18026142,0.22144923,0.01171793,-0.5937206,0.17090456,-0.02998303,0.05064313,-0.19736785,-0.1246171,-0.4380198,0.04057293,-0.25236663,0.021078054,-0.40354875,-0.040892415,0.07297832,-0.20472683,0.37179217,-0.32640845,-0.09634307,-0.0031937133,0.25901884,-0.38941175,0.08911646,0.048642002,0.283807,-0.13488096,0.18613897,-0.18671668,-0.49082384,0.15547651,-0.32240617,-0.22957958,-0.15560234,0.1328831,0.14243689,0.41510695,0.2142839,-0.17535542,0.0460599,-0.18813683,-0.0059694736,-0.21266681,0.11745504,0.55131286,0.1277189,0.039217327,0.029082572,-0.3188558,-0.89311546,-0.19885255,0.73302835,1.2030356,0.64575326,-0.37863147,1.4857758,-0.0060340264,-0.042118914,-0.9756782,-0.004549317,-0.43337205,-0.352875,0.82520944,-0.63400143,-0.1698039,-0.6802211,1.3227161,-0.31879124,-0.76207376,0.70320505,-0.51980793,0.60727996,0.53569114,0.5120003,0.48314536,1.1291875,-0.69713384,0.2662487,1.0637957,0.43182606,0.7046252,0.9641911,0.40787706,-0.48030177,0.16012429,-0.6466537,-0.31892034,0.11048336,1.1072396,0.58197534,1.2241443,-0.06142013,-0.16657627,-0.65272164,0.93927383,-0.21240859,-1.0402308,-0.47526667,-0.36940044,0.22370857,-0.2264165,-0.23693857,-0.306849,-1.115499,-0.5540854,0.19601552,0.6047624,-0.64381343,-0.30316952,0.54376024,-0.34499958,-0.9226805,-0.46396995,1.107175,1.1093053,0.31408218,0.5750037,0.58552575,0.0073929084,-0.23074152,-0.12603725,-0.8680045,0.79603165,-0.16864195,-0.21983214,1.0172533,0.57745665,0.08446868,-0.37856692,0.166515,0.7746002,-0.03346887,0.33409345,-0.44505605,-1.0710223,-0.33073345,0.39658034,-0.84592754,0.52491087,0.9297846,-0.7583297,0.8234665,0.041024797,0.21873802,-0.6886129,0.4730106,0.5593174,0.24423629,0.7367724,-0.92829657,0.550861,-0.51967883,0.77292186,0.47036394,0.12875174,0.23119667,0.8911176,0.35978538,0.048642002,-0.5775825,-0.9537303,0.4194965,-0.31795204,-0.23435646,0.78157187,-0.2022093,-0.23603484,-0.09756957,0.4779166,-0.67111915,-0.03250058,-0.22196238,0.12378119,0.43272978,0.5340128,-0.119517446,0.5621577,
1,1,0,0,0,0,0,0,0,0,0,0,0,0,0,0,0,0,0,0,0,0,0,0,0,0,0,0,0,0,0,0,0,0,0,1,0,0,0,0,0,0,0,0,0,0,0,0,1,0,0,0,0,0,0,0,0,0,0,0,0,0,0,0,0,0,0,0,0,0,0,0,0,0,0,0,0,0,0,0,0,0,0,0,0,0,0,0,0,0,0,0,0,0,0,0,0,0,0,0,0,0,0,0,0,0,0,0,0,0,0,0,0,0,0,0,0,0,0,0,0,0,0,0,0,0,0,0,0,0,0,0,0,0,0,0,0,0,0,0,0,0,0,0,0,0,0,0,0,0,0,0,0,0,0,0,0,0,0,0,0,0,0,0,0,0,0,0,0,0,0,0,0,0,0,0,0,0,0,0,0,0,0,0,0,0,0,0,0,0,0,0,0,0,0,0,0,0,0,0,0,0,0,0,0,0,0,0,0,0,0,0,0,0,0,0,0,0,0,0,0,0,0,0,0,0,0,0,0,0,1,0,0,0,0,0,0,0,0,0,0,0,0,0,0,0,0,0,0,0,0,0,0,0,0,0,0,0,0,0,0,0,0,0,0,0,0,0,0,0,0,0,0,0,0,0,0,0,0,0,0,0,0,0,0,0,0,0,0,0,0,0,0,0,0,0,0,0,0,0,0,0,0,0,0,0,0,0,0,0,0,0,0,0,0,0,0,0,0,0,0,0,0,0,0,0,0,0,0,0,0,0,0,0,0,0,0,0,0,0,0,0,0,0,0,0,0,0,0,0,0,0,0,0,0,0,0,0,0,0,0,0,0,0,0,0,0,0,0,0,0,0,0,0,0,0,0,0,0,0,0,0,0,0,0,0,0,0,0,0,0,0,0,0,0,0,0,0,0,0,0,0,0,0,0,0,0,0,0,0,0,0,0,0,0,0,0,0,0,0,0,0,0,0,0,0,0,0,0,0,0,0,0,0,0,0,0,0,0,0,0,0,0,0,0,0,0,0,0,0,0,0,0,0,0,0,0,0,0,0,0,0,0,0,0,0,0,0,0,0,0,0,0,0,0,0,0,0,0,0,0,0,0,0,0,0,0,0,0,0,0,0,0,0,0,0,0,0,0,0,0,0,0,0,0,0,0,0,0,0,0,0,0,0,0,0,0,0,0,0,0,0,0,0,0,0,0,0,0,0,0,0,0,0,0,0,0,0,0,0,0,0,0,0,0,0,0,0,0,0,0,0,0,0,0,0,0,0,0,0,0,0,0,0,0,0,0,0,0,0,0,0,0,0,0,0,0,0,0,0,0,0,0,0,0,0,0,0,0,0,0,0,0,0,0,0,0,0,0,0,0,0,0,0,0,0,0,0,0,0,0,0,0,0,0,0,0,0,0,0,0,0,0,0,0,0,0,0,0,0,0,0,0,0,0,0,0,0,0,0,0,0,0,0,0,0,0,0,0,0,0,0,0,0,0,0,0,0,0,0,0,0,0,0,0,0,0,0,0,0,0,0,0,0,0,0,0,0,0,0,0,0,0,0,0,0,0,0,0,0,0,0,0,0,0,0,0,0,0,0,0,0,0,0,0,0,0,0,0,0,0,0,0,0,0,0,0,0,0,0,0,0,0,0,0,0,0,0,0,0,0,0,0,0,0,0,0,0,0,0,0,0,0,0,0,0,0,0,0,0,0,0,0,0,0,0,0,0,0,0,0,0,0,0,0,0,0,0,0,0,0,0,0,0,0,0,0,0,0,0,0,0,0,0,0,0,0,0,0,0,0,0,0,0,0,0,0,0,0,0,0,0,0,0,0,0,0,0,0,0,0,0,0,0,0,0,0,0,0,0,0,0,0,0,0,0,0,0,0,0,0,0,0,0,0,0,0,0,0,0,0,0,0,0,0,0,0,0,0,0,0,0,0,0,0,0,0,0,0,0,0,0,0,0,0,0,0,0,0,0,0,0,0,0,0,0,0,0,0,0,0,0,0,0,0,0,0,0,0,0,0,0,0,0,0,0,0,0,0,0,0,0,0,0,0,0,0,0,0,0,0,0,0,0,0,0,0,0,0,0,0,0,0,0,0,0,0,0,0,0,0,0,0,0,0,0,0,0,0,0,0,0,0,0,0,0,0,0,0,0,0,0,0,0,0,0,0,0,0,0,0,0,0,0,0,0,0,0,0,0,0,0,0,0,0,0,0,0,0,0,0,0,0,0,0,0,0,0,0,0,0,0,0,0,0,0,0,0,0,0,0,0,0,0,0,0,0,0,0,0,0,0,0,0,0,0,0,0,0,0,0,0,0,0,0,0,0,0,0,0,0,0,0,0,0,0,0,0,0,0,0,0,0,0,0,0,0,0,0,0,0,0,0,0,0,0,0,0,0,0,0,0,0,0,0,0,0,0,0,0,0,0,0,0,0,0,0,0,0,0,0,0,0,0,0,0,0,0,0,0,0,0,0,0,0,0,0,0,0,0,0,0,0,0,0,0,0,0,0,0,0,0,0,0,0,0,0,0,0,0,0,0,0,0,0,0,0,0,0,0,0,0,0,0,0,0,0,0,0,0,0,0,0,0,0,0,0,0,0,0,0,0,0,0,0,0,0,0,0,0,0,0,0,0,0,0,0,0,0,0,0,0,0,0,0,0,0,0,0,0,0,0,0,0,0,0,0,0,0,0,0,0,0,0,0,0,0,0,0,0,0,0,0,0,0,0,0,0,0,0,0,0,0,0,0,0,0,0,0,0,0,0,0,0,0,0,0,0,0,0,0,0,0,0,0,0,0,0,0,0,0,0,0,0,0,0,0,0,0,0,0,0,0,0,0,0,0,0,0,0,0,0,0,0,0,0,0,0,0,0,0,0,0,0,0,0,0,0,0,0,0,0,0,0,0,0,0,0,0,0,0,0,0,0,0,0,0,0,0,0,0,0,0,0,0,0,0,0,0,0,0,0,0,0,0,0,0,0,0,0,0,0,0,0,0,0,0,0,0,0,0,0,0,0,0,0,0,0,0,0,0,0,0,0,0,0,0,0,0,0,0,0,0,0,0,0,0,0,0,0,0,0,0,0,0,0,0,0,0,0,0,0,0,0,0,0,0,0,0,0,0,0,0,0,0,0,0,0,0,0,0,0,0,0,0,0,0,0,0,0,0,0,0,0,0,0,0,0,0,0,0,0,0,0,0,0,0,0,0,0,0,0,0,0,0,0,0,0,0,0,0,0,0,0,0,0,0,0,0,0,0,0,0,0,0,0,0,0,0,0,0,0,0,0,0,0,0,0,0,0,0,0,0,0,0,0,0,0,0,0,0,0,0,0,0,0,0,0,0,0,0,0,0,0,0,0,0,0,0,0,0,0,0,0,0,0,0,0,0,0,0,0,0,0,0,0,0,0,0,0,0,0,0,0,0,0,0,0,0,0,0,0,0,0,0,0,0,0,0,0,0,0,0,0,0,0,0,0,0,0,0,0,0,0,0,0,0,0,0,0,0,0,0,0,0,0,0,0,0,0,0,0,0,0,0,0,0,0,0,0,0,0,0,0,0,0,0,0,0,0,0,0,0,0,0,0,0,0,0,0,0,0,0,0,0,0,0,0,0,0,0,0,0,0,0,0,0,0,0,0,0,0,0,0,0,0,0,0,0,0,0,0,0,0,0,0,0,0,0,0,0,0,0,0,0,0,0,0,0,0,0,0,0,0,0,0,0,0,0,0,0,0,0,0,0,0,0,0,0,0,0,0,0,0,0,0,0,0,0,0,0,0,0,0,0,0,0,0,0,0,0,0,0,0,0,0,0,0,0,0,0,0,0,0,0,0,0,0,0,0,0,0,0,0,0,0,0,0,0,0,0,0,0,0,0,0,0,0,0,0,0,0,0,0,0,0,0,0,0,0,0,0,0,0,0,0,0,0,0,0,0,0,0,0,0,0,0,0,0,0,0,0,0,0,0,0,0,0,0,0,0,0,0,0,0,0,0,0,0,0,0,0,0,0,0,0,0,0,0,0,0,0,0,0,0,0,0,0,0,0,0,0,0,0,0,0,0,0,0,0,0,0,0,0,0,0,0,0,0,0,0,0,0,0,0,0,0,0,0,0,0,0,0,0,0,0,0,0,0,0,0,0,0,0,0,0,0,0,0,0,0,0,0,0,0,0,0,0,0,0,0,0,0,0,0,0,0,0,0,0,0,0,0,0,0,0,0,0,0,0,0,0,0,0,0,0,0,0,0,0,0,0,0,0,0,0,0,0,0,0,0,0,0,0,0,0,0,0,0,0,0,0,0,0,0,0,0,0,0,0,0,0,0,0,0,0,0,0,0,0,0,0,0,0,0,0,0,0,0,0,0,0,0,0,0,0,0,0,0,0,0,0,0,0,0,0,0,0,0,0,0,0,0,0,0,0,0,0,0,0,0,0,0,0,0,0,0,0,0,0,0,0,0,0,0,0,0,0,0,0,0,0,0,0,0,0,0,0,0,0,0,0,0,0,0,0,0,0,0,0,0,0,0,0,0,0,0,0,0,0,0,0,0,0,0,0,0,0,0,0,0,0,0,0,0,0,0,0,0,0,0,0,0,0,0,0,0,0,0,0,0,0,0,0,0,0,0,0,0,0,0,0,0,0,0,0,0,0,0,0,0,0,0,0,0,0,0,0,0,0,0,0,0,0,0,0,0,0,0,0,0,0,0,0,0,0,0,0,0,0,0,0,0,0,0,0,0,0,0,0,0,0,0,0,0,0,0,0,0,0,0,0,0,0,0,0,0,0,0,0,0,0,0,0,0,0,0,0,0,0,0,0,0,0,0,0,0,0,0,0,0,0,0,0,0,0,0,0,0,0,0,0,0,0,0,0,0,0,0,0,0,0,0,0,0,0,0,0,0,0,0,0,0,0,0,0,0,0,0,0,0,0,0,0,0,0,0,0,0,0,0,0,0,0,0,0,0,0,0,0,0,0,0,0,0,0,0,0,0,0,0,0,0,0,0,0,0,0,0,0,0,0,0,0,0,0,0,0,0,0,0,0,0,0,0,0,0,0,0,0,0,0,0,0,0,0,0,0,0,0,0,0,0,0,0,0,0,0,0,0,0,0,0,0,0,0,0,0,0,0,0,0,0,0,0,0,0,0,0,0,0,0,0,0,0,0,0,0,0,0,0,0,0,0,0,0,0,0,0,0,0,0,0,0,0,0,0,0,0,0,0,0,0,0,0,0,0,0,0,0,0,0,0,0,0,0,0,0,0,0,0,0,0,0,0,0,0,0,0,0,0,0,0,0,0,0,0,0,0,0,0,0,0,0,0,0,0,0,0,0,0,0,0,0,0,0,0,0,0,0,0,0,0,0,0,0,0,0,0,0,0,0,0,0,0,0,0,0,0,0,0,0,0,0,0,0,0,0,0,0,0,0,0,0,0,0,0,0,0,0,0,0,0,0,0,0,0,0,0,0,0,0,0,0,0,0,0,0,0,0,0,0,0,0,0,0,0,0,0,0,0,0,0,0,0,0,0,0,0,0,0,0,0,0,0,0,0,0,0,0,0,0,0,0,0,0,0,0,0,0,0,0,0,0,0,0,0,0,0,0,0,0,0,0,0,0,0,0,0,0,0,0,0,0,0,0,0,0,0,0,0,0,0,0,0,0,0,0,0,0,0,0,0,0,0,0,0,0,0,0,0,0,0,0,0,0,0,0,0,0,0,0,0,0,0,0,0,0,0,0,0,0,0,0,0,0,0,0,0,0,0,0,0,0,0,0,0,0,0,0,0,0,0,0,0,0,0,0,0,0,0,0,0,0,0,0,0,0,0,0,0,0,0,0,0,0,0,0,0,0,0,0,0,0,0,0,0,0,0,0,0,0,0,0,0,0,0,0,0,0,0,0,0,0,0,0,0,0,0,0,0,0,0,0,0,0,0,0,0,0,0,0,0,0,0,0,0,0,0,0,0,0,0,0,0,0,0,0,0,0,0,0,0,0,0,0,0,0,0,0,0,0,0,0,0,0,0,0,0,0,0,0,0,0,0,0,0,0,0,0,0,0,0,0,0,0,0,0,0,0,0,0,0,0,0,0,0,0,0,0,0,0,0,0,0,0,0,0,0,0,0,0,0,0,0,0,0,0,0,0,0,0,0,0,0,0,0,0,0,0,0,0,0,0,0,0,0,0,0,0,0,0,0,0,0,0,0,0,0,0,0,0,0,0,0,0,0,0,0,0,0,0,0,0,0,0,0,0,0,0,0,0,0,0,0,0,0,0,0,0,0,0,0,0,0,0,0,0,0,0,0,0,0,0,0,0,0,0,0,0,0,0,0,0,0,0,0,0,0,0,0,0,0,0,0,0,0,0,0,0,0,0,0,0,0,0,0,0,0,0,0,0,0,0,0,0,0,0,0,0,0,0,0,0,0,0,0,0,0,0,0,0,0,0,0,0,0,0,0,0,0,0,0,0,0,0,0,0,0,0,0,0,0,0,0,0,0,0,0,0,0,0,0,0,0,0,0,0,0,0,0,0,0,0,0,0,0,0,0,0,0,0,0,0,0,0,0,0,0,0,0,0,0,0,0,0,0,0,0,0,0,0,0,0,0,0,0,0,0,0,0,0,0,0,0,0,0,0,0,0,0,0,0,0,0,0,0,0,0,0,0,0,0,0,0,0,0,0,0,0,0,0,0,0,0,0,0,0,0,0,0,0,0,0,0,0,0,0,0,0,0,0,0,0,0,0,0,0,0,0,0,0,0,0,0,0,0,0,0,0,0,0,0,0,0,0,0,0,0,0,0,0,0,0,0,0,0,0,0,0,0,0,0,0,0,0,0,0,0,0,0,0,0,0,0,0,0,0,0,0,0,0,0,0,0,0,0,0,0,0,0,0,0,0,0,0,0,0,0,0,0,0,0,0,0,0,0,0,0,0,0,0,0,0,0,0,0,0,0,0,0,0,0,0,0,0,0,0,0,0,0,0,0,0,0,0,0,0,0,0,0,0,0,0,0,0,0,0,0,0,0,0,0,0,0,0,0,0,0,0,0,0,0,0,0,0,0,0,0,0,0,0,0,0,0,0,0,0,0,0,0,0,0,0,0,0,0,0,0,0,0,0,0,0,0,0,0,0,0,0,0,0,0,0,0,0,0,0,0,0,0,0,0,0,0,0,0,0,0,0,0,0,0,0,0,0,0,0,0,0,0,0,0,0,0,0,0,0,0,0,0,0,0,0,0,0,0,0,0,0,0,0,0,0,0,0,0,0,0,0,0,0,0,0,0,0,0,0,0,0,0,0,0,0,0,0,0,0,0,0,0,0,0,0,0,0,0,0,0,0,0,0,0,0,0,0,0,0,0,0,0,0,0,0,0,0,0,0,0,0,0,0,0,0,0,0,0,0,0,0,0,0,0,0,0,0,0,0,0,0,0,0,0,0,0,0,0,0,0,0,0,0,0,0,0,0,0,0,0,0,0,0,0,0,0,0,0,0,0,0,0,0,0,0,0,0,0,0,0,0,0,0,0,0,0,0,0,0,0,0,0,0,0,0,0,0,0,0,0,0,0,0,0,0,0,0,0,0,0,0,0,0,0,0,0,0,0,0,0,0,0,0,0,0,0,0,0,0,0,0,0,0,0,0,0,0,0,0,0,0,0,0,0,0,0,0,0,0,0,0,0,0,0,0,0,0,0,0,0,0,0,0,0,0,0,0,0,0,0,0,0,0,0,0,0,0,0,0,0,0,0,0,0,0,0,0,0,0,0,0,0,0,0,0,0,0,0,0,0,0,0,0,0,0,0,0,0,0,0,0,0,0,0,0,0,0,0,0,0,0,0,0,0,0,0,0,0,0,0,0,0,0,0,0,0,0,0,0,0,0,0,0,0,0,0,0,0,0,0,0,0,0,0,0,0,0,0,0,0,0,0,0,0,0,0,0,0,0,0,0,0,0,0,0,0,0,0,0,0,0,0,0,0,0,0,0,0,0,0,0,0,0,0,0,0,0,0,0,0,0,0,0,0,0,0,0,0,0,0,0,0,0,0,0,0,0,0,0,0,0,0,0,0,0,0,0,0,0,0,0,0,0,0,0,0,0,0,0,0,0,0,0,0,0,0,0,0,0,0,0,0,0,0,0,0,0,0,0,0,0,0,0,0,0,0,0,0,0,0,0,0,0,0,0,0,0,0,0,0,0,0,0,0,0,0,0,0,0,0,0,0,0,0,0,0,0,0,0,0,0,0,0,0,0,0,0,0,0,0,0,0,0,0,0,0,0,0,0,0,0,0,0,0,0,0,0,0,0,0,0,0,0,0,0,0,0,0,0,0,0,0,0,0,0,0,0,0,0,0,0,0,0,0,0,0,0,0,0,0,0,0,0,0,0,0,0,0,0,0,0,0,0,0,0,0,0,0,0,0,0,0,0,0,0,0,0,0,0,0,0,0,0,0,0,0,0,0,0,0,0,0,0,0,0,0,0,0,0,0,0,0,0,0,0,0,0,0,0,0,0,0,0,0,0,0,0,0,0,0,0,0,0,0,0,0,0,0,0,0,0,0,0,0,0,0,0,0,0,0,0,0,0,0,0,0,0,0,0,0,0,0,0,0,0,0,0,0,0,0,0,0,0,0,0,0,0,0,0,0,0,0,0,0,0,0,0,0,0,0,0,0,0,0,0,0,0,0,0,0,0,0,0,0,0,0,0,0,0,0,0,0,0,0.5380086,0.5921785,-0.41247508,1.1284399,-1.2669587,0.8882308,0.33466217,0.12828308,-0.22146855,0.44875368,-0.04855351,0.016387664,-1.0162398,-1.6234555,-0.13101102,1.0869759,0.8652766,0.47887132,1.1116556,-0.22659273,0.33481905,0.7214334,-0.96912867,-0.59014827,-0.23025286,0.054819036,0.19698897,0.70945954,0.27479288,-1.4744881,0.21361642,0.26658374,-1.0899652,-0.80322015,0.9076295,0.40043995,0.26752493,-0.17691952,-1.134828,-0.39616135,0.6886491,0.24467525,-0.7609718,-0.51061887,-0.29174307,0.09068832,0.79740727,-0.4280045,-0.20342933,0.027629493,-0.34392607,-0.03474959,-0.054148283,0.441904,0.19787785,0.3842308,0.49800858,-0.047507763,0.0022700164,0.4056687,-0.26857966,-0.6328672,-0.10596528,-0.34042278,-0.56635743,0.059211195,-0.40363848,0.38224387,-0.25352085,-0.80593914,-0.4674816,0.38961643,0.76383865,0.8019563,0.046557598,0.8263223,-0.015664624,0.2448844,0.4424269,0.6424269,0.6981654,-0.34356004,-0.16677573,-0.39652738,1.0189497,0.08718505,0.15113276,-0.42554697,0.406087,0.4743746,-0.5593509,-0.18643586,-0.0414424,0.28666216,0.29910663,-1.0721875,-0.19025286,0.50355107,0.44556412,0.4339563,0.23887132,0.032178514,0.18308048,-0.32505023,-0.89592606,-0.08682802,0.12979943,0.21319813,-0.4376254,-0.078357436,0.53173405,-0.4603182,-0.2031156,0.6288321,-0.5978346,-0.514279,0.22119813,-0.302828,-0.32933784,-0.3585143,1.0479171,-0.43480188,0.44843996,-0.01963848,-0.071926065,-0.16379534,-0.17927247,-0.41723326,-0.0877692,0.24786478,0.3341393,-0.043272465,0.7159955,0.6505315,0.025799427,0.08838766,0.19908047,-0.5000568,0.61053145,-0.20635743,0.14062296,0.34151185,-0.1214424,-0.25059274,-0.5967365,-0.16823979,0.20796937,0.46532884,0.41183865,-0.6872463,0.13555107,-0.53346854,0.30240074,0.8986883,0.09225694,-0.19182149,0.6903223,-0.028004494,0.0246491,-0.3370764,-0.5830372,-0.1058607,0.077930145,-0.26408294,0.19740728,0.22815236,-0.20233129,0.41089746,-0.04212214,-0.530645,0.023028186,-0.25440973,0.16582558,-0.3112986,-0.17336397,0.80749875,0.19667524,-0.015350899,0.19081904,-0.5389587,0.15484518,0.1804661,0.5937994,0.18898897,0.081433415,0.6839432,-0.079664625,0.73440075,-0.442645,0.93105435,-0.89205676,0.08038767,0.14705433,0.061773285,0.14255759,-0.2887104,0.079185046,0.40430924,-0.9132333,-0.5656254,-0.18110253,0.25508046,0.19458374,0.09246609,-0.5269849,-0.10392606,0.37398243,-0.5037692,0.5283354,-0.8289457,-0.0894424,0.3475772,0.54893667,0.15500204,-0.64531165,0.6869759,-0.17200449,0.3808844,-0.02031822,-0.4999522,-0.17676267,0.093720995,-0.020370506,0.32331577,0.17215237,0.48791707,-0.15020058,0.38668832,-0.35987377,0.15766871,0.2596295,-0.44975612,0.24467525,-0.1576777,-0.25780842,-0.1046058,-0.721181,-0.62988687,0.40389094,-0.19772999,-0.27495873,-0.40348163,0.3282308,-0.426645,-0.28463194,0.48660988,0.21774714,-0.56076264,-0.54952085,-0.44886723,-0.12118097,0.39636153,0.40216544,-0.4692071,-0.21592607,-0.3105143,0.0028974672,0.08671446,0.24577329,0.19212623,-0.36552083,-0.36949468,0.00091053924,-0.19872345,0.4755772,0.28347263,-0.075795345,-0.019952206,0.048649102,-0.01812214,-0.094148286,-0.13085416,0.38193014,-0.289913,0.11196936,-0.59778225,0.13387786,-0.59919405,0.07228309,0.7475249,0.23934191,0.5625315,0.076622956,-0.21613522,-0.023037173,-0.18188685,-0.015716912,-0.32327247,0.4790282,-0.19103718,0.3026099,-0.28886724,-0.31375614,-0.1761875,0.115577206,0.16587786,-0.4368411,0.021982435,-0.45519403,-0.38256657,-0.30512866,0.08566871,-0.89822674,-0.29189992,0.34182557,-0.2207888,0.5160478,-0.38052738,0.2999955,-0.22183456,-0.42774305,0.07228309,-0.40327248,0.49466217,0.3109236,0.11876675,0.12347263,-0.64975613,-0.4776254,-0.14863195,0.0713942,0.5717341,0.57863605,0.19918504,-0.7732071,-0.2195862,0.43275368,-0.0877692,0.78281903,0.5076295,-0.2203705,-0.16196528,-0.14905025,-0.32536396,0.16687132,-0.37472343,-0.13890645,-0.13085416,-0.02957312,-0.10298488,-0.38094568,-0.20599142,0.21387786,0.23003472,0.10161642,-0.46303716,-0.40243587,0.68619156,-0.10633129,0.014714461,0.074688315,0.058322303,0.031655636,-0.27454045,-0.24175613,-0.022828022,0.21178636,-0.14031821,-0.2578607,0.641904,0.5296426,0.28383863,0.064701386,0.021773284,0.20969485,0.4381393,-0.2456254,-0.45017442,-0.95783454,0.29889748,0.10229616,-0.17237051,0.16111968,-0.40954697,0.049015116,-0.48599142,-0.17482802,-0.15365155,0.048753675,-0.18580842,-0.3244228,-0.19030514,-0.16076267,-0.25362542,-0.1134424,-0.22047508,0.6480739,0.124936685,0.31850532,0.22830923,0.13633537,-0.035586193,-0.67788684,1.0133027,-0.034279004,-0.41043586,0.077250406,-0.38246202,0.058165442,-0.37299797,-0.21294567,0.034688316,0.25994322,-0.46240973,-0.2945143,0.51003474,-0.043795343,0.31871447,0.24289747,0.26794323,0.10187786,-0.306279,0.06260989,0.24117197,0.24258374,0.49947262,0.34010008,0.15986478,-0.5046058,0.22559027,0.24593015,0.053511847,-0.16097182,0.08995629,0.18491054,-0.38601756,-0.07025286,0.20765564,-0.6360568,0.36969486,0.41262296,-0.47982147,0.16885825,-0.11197835,0.4170674,-0.0001875,0.40671447,0.31740728,-0.24839665,0.01905433,-0.4310372,0.0076556373,-0.14847508,0.39819157,0.4108452,0.5919171,0.066688314,-0.14314175,-0.019115604,-0.2157692,0.018688317,-0.26559925,-0.4945143,0.052413806,-0.19788684,-0.025337826,-0.4595339,-0.8671679,-0.48023978,-0.07370384,-0.17806986,-0.66685414,0.16326348,-0.5892594,-0.45310253,-0.012841095,-0.15746854,-0.14230515,-0.093520835,-0.23485416,0.3407798,0.1013027,0.19677982,-0.6846842,-0.28384763,0.011106618,-0.5772855,-0.17545548,0.3240478,0.09884518,0.07040074,0.19285825,-0.3449718,-0.07406985,-0.45519403,0.18182558,0.18077981,-0.27793914,-0.289913,-0.07208292,-0.03715482,-0.5565274,0.6546622,0.06585172,0.13994321,0.21277982,0.21947263,-0.169913,0.1787406,0.38611317,0.06313276,-0.14199142,-0.007926062,0.19379942,0.46653146,-0.18863195,-0.34889337,0.18433538,0.2831589,-0.26267117,-0.2528411,0.11186479,0.015237337,0.34789094,-0.012056781,-0.007821487,0.06119812,0.33173406,-0.23856659,-0.1786973,0.3500347,-0.3555339,0.12227002,-0.5539653,-0.037416257,0.5803092,-0.080030635,-0.23820058,-0.009076389,-0.5520306,-0.19391298,-0.2932071,-0.31522018,-0.19014828,0.3513942,0.23066217,-0.04217443,-0.82601756,0.289904,0.03630923,-0.18978228,0.20399551,0.18783864,-0.061677694,0.01084518,-0.26706332,0.07698897,0.12880597,0.0041000815,0.16284518,-0.07856659,0.22187786,0.10475367,0.24624388,-0.010383578,0.3968321,0.406453,-0.06371691,-0.034958743,-0.066488154,-0.5389587,0.29016545,0.24849224,-0.23626593,-0.1576777,-0.21064502,0.37806088,0.3960478,-0.22742933,-0.038043708,0.061250407,0.12718505,0.29356414,-0.37623978,-0.3474816,0.51332885,-0.25043586,-0.2296254,0.0848844,0.09487132,0.0861393,-0.5197692,0.3399955,-0.050592728,-0.070984885,0.2044138,0.28760335,0.1589759,0.2966491,-0.020265931,0.45983866,0.04498897,0.25215238,-0.38941625,-0.12865809,-0.18450123,-0.27234435,-0.7115601,-0.009860703,-0.22345547,0.23306741,-0.54277575,0.16002165,0.56917197,-0.20295875,0.19369486,-0.41461888,-0.3821483,-0.2792986,-0.07673652,-0.31579533,0.038348448,-0.44635743,-0.2999522,-0.13137704,0.08556414,-0.27752084,0.0789759,0.091158904,-0.12494567,0.052466094,0.080126226,0.16723734,0.073904,0.106897466,0.013354984,-0.5814685,0.019577205,0.027890932,0.19411315,-0.2826973,-0.2590633,0.06877982,-0.13430515,-0.1669326,-0.30288032,-0.28771693,0.10443995,-0.39061886,0.01795629,0.29868832,0.5796295,-0.10779534,0.25168177,-0.16536397,0.19447917,-0.30188686,-0.15522018,-0.4645535,0.04127655,0.44033536,0.0073419116,-0.088448934,-0.27825287,0.09732884,-0.16829208,-0.2798215,0.06585172,-0.93252736,0.20070139,0.25570792,-0.08008292,0.3425053,-0.609181,0.10250531,0.43871447,0.10093668,-0.08337704,-0.21221365,-0.19040972,-0.5062267,0.1269236,-0.63380843,0.19787785,0.036466096,-0.39166462,0.37335497,-0.030409722,0.13513276,-0.76572996,0.054819036,-0.56389993,0.2911589,-0.08023979,-0.7328934,0.33319813,0.1341393,-0.2203705,0.19526348,-0.30439666,-0.16912867,0.21555106,-0.20091952,0.20143342,0.010060866,0.017851716,-0.36029208,0.10647917,0.18318506,0.13570793,-0.5063836,0.22726348,-0.4784097,-0.49184763,0.34229615,-0.3652594,-0.005939134,0.56932884,-0.16274959,0.07317198,-0.0043705064,0.07489747,0.06161642,-0.15004371,-0.43401757,-0.037677698,-0.18596528,-0.03307639,0.13450532,-0.03150776,-0.023194036,0.18177329,0.013354984,-0.2553509,-0.10507639,-0.11014828,-0.17163847,0.2516295,0.2639171,0.541721,0.1863223,0.45006087,-0.01901103,-0.58173,0.36294976,0.026322303,0.41027,-0.33712867,0.075002044,-0.048971813,0.4119955,0.0166491,0.25905433,0.24085826,-0.3525012,0.34234846,-0.4911679,-0.7166842,0.04629616,0.0490674,-0.013991422,0.38914582,0.345904,0.1505053,-0.040030636,0.042531453,0.34297588,-0.174096,0.1846491,-0.111246325,-0.038043708,0.29021773,-0.28593913,-0.09718096,0.25131577,0.13779943,-0.057076387,0.1345576,0.21779943,-0.09033129,-0.15020058,-0.3230633,-0.16065809,0.1564661,0.14208701,-0.1441352,-0.48342934,-0.116161354,-0.51914173,-0.35401756,0.59662294,-0.1917692,-0.25503716,0.043786354,0.21513276,0.29403472,0.13743341,0.036466096,0.0654857,-0.1934424,0.0764661,0.28462297,-0.2031156,-0.008919526,0.30993015,0.572989,0.024126226,0.24394321,-0.20745547,-0.0036384803,0.016230801,-0.023926063,0.43071446,0.19646609,0.19327655,0.045982435,0.102139294,0.3026099,-0.49273652,0.16420466,0.5450151,-0.22612214,-0.28808293,0.19447917,-0.074488156,-0.29205677,-0.22172998,0.4811197,-0.047246322,0.0625576,-0.17629208,-0.09603064,0.446087,-0.0011286765,-0.23040973,-0.41221365,0.26993015,0.11630923,0.18653145,0.097590275,0.39745957,-0.0957692,-0.29969075,-0.018174428,0.19662295,0.5080478,-0.29942933,-0.45989993,0.039760213,-0.017756127,0.15934192,0.21753798,0.057642564,-0.14491953,-0.023664623,-0.4200045,-0.22779535,-0.4625143,0.06621773,0.1067406,0.14407393,-0.3113509,-0.0063574347,-0.49085417,-0.06314175,0.33440074,0.16462296,-0.057860702,-0.21331169,-0.21273652,0.23740727,0.070819035,0.022139298,0.025642565,-0.11213521,-0.58690643,0.17617851,0.34229615,0.30579942,-0.2225143,0.48394322,0.13084517,0.07944649,-0.016135212,-0.13059273,-0.1286058,0.11442688,0.033485703,0.24477983,0.50945956,-0.26722017,0.57027,-0.059115604,-0.15030515,0.034792893,-0.3445535,-0.5832986,-0.5475339,-0.053102534,-0.5067496,-0.29540318,-0.1875339,-0.12468423,-0.17838357,0.20744649,-0.013782271,0.30945957,-0.047560047,0.0381393,-0.1298607,-0.011481618,0.03824387,-0.35082802,0.07908048,0.14731577,-0.08076266,-0.04191299,0.49779943,-0.17420056,0.318087,-0.12980841,0.49068832,0.51458377,-0.24729861,-0.1879522,0.27494976,0.28017852,0.12378635,0.029982435,-0.29116789,0.25047916,-0.16259272,0.004309232,0.3593942,0.14877982,-0.033546977,0.2654857,0.2798125,-0.029363971,0.15552492,0.18030924,-0.2258607,-0.4246581,0.13607393,-0.07454044,-0.24552083,0.18914583,0.37732884,0.14825694,-0.25127247,0.3808321,0.34140727,-0.20557313,-0.32206985,0.23453145,0.06569485,0.237721,0.11573407,-0.059481617,0.014819036,0.3606491,-0.12499796,-0.3934947,0.209904,-0.35088032,0.14187786,0.5340347,-0.18172999,0.19662295,0.06804779,0.22778636,-0.18434437,-0.066435866,-0.27501103,0.13387786,0.15217851,-0.056448936,-0.25587377,-0.20891953,-0.12217443,-0.03067116,-0.18491952,-0.81739014,-0.11689338,0.6650151,0.14966871,-0.11108946,-0.11563848,0.058949754,-0.19448815,-0.12374306,-0.76426595,0.1311589,0.1349759,-0.037311684,-0.7329457,0.22125041,0.27118504,-0.17467116,0.3316818,0.18135498,-0.2667496,-0.10152084,-0.11501103,-0.09833129,0.18025695,-0.014305147,-0.19103718,0.2839955,-0.014305147,0.14130269,0.19463603,0.15834844,-0.08797835,0.04885825,-0.057180963,-0.16128553,-0.45435745,0.19076675,-0.19323325,0.54020464,-0.32379535,0.20713276,0.2158125,-0.023403186,0.14062296,-0.2401875,0.26982558,0.36514583,0.80932885,0.06804779,-0.28191298,-0.19736397,-0.40719405,1.2942439,-0.09059273,-1.784815,0.35803473,0.38564256,0.23949878,-0.45671037,1.3094596,-1.1027757,-1.282279,-1.8548803,-0.3407365,1.1976165,-0.6535731,0.75667524,0.6322308,0.72509354,0.6844138,1.089538,-1.6354294,0.5691197,-1.3956908,0.6199432,1.3031328,0.4266883,-0.87710255,-0.9256777,-0.9613378,-0.40536398,-0.76243585,0.85314584,-0.5239522,1.7527537,0.390453,-0.05874959,-0.035952207,0.31327656,-0.52672344,0.62872756,0.45445302,-1.3047104,-0.9246842,0.10637459,-1.3488934,-0.7441875,0.7548452,0.7212766,0.38156414,0.68556416,0.17659682,-0.4002398,-1.0242921,0.9165184,0.3635249,0.57220465,-1.4205797,-1.1048672,1.0873419,0.0119955065,-1.0397692,0.593538,-1.1739914,-0.09874959,0.18093668,0.13659681,-0.085154824,0.37272754,0.08911969,0.44749877,0.18527655,-0.56923324,0.40457067,0.17591707,0.3867406,0.34433538,-0.6284228,-0.9610764,-1.1770241,-0.830096,0.43463603,-0.5293378,-0.008605801,-0.8941483,0.70862293,0.11803472,1.0295641,-0.6588542,-0.7753509,0.48509353,-0.27370384,1.464806,0.22883211,-0.58654046,-0.1846581,0.94098896,-0.43961233,-0.10591299,0.2806491,0.19991708,-0.5291287,-0.4219914,-0.27919403,-0.6242921,-0.05874959,0.21152492,-0.721181,0.09251838,0.9078909,0.51060987,-0.09273652,-0.174462,0.5391066,-0.24912867,0.27463603,-0.32410908,0.6056687,0.08321119,0.0928844,0.9380086,-0.68243587,0.22376022,-0.62319404,-0.35108945,0.7975119,0.8874988,-0.24196528,0.24985172,-0.49043587,
0,0,0,0,0,0,0,0,0,0,0,0,0,0,0,0,0,0,0,0,0,0,0,0,0,0,0,0,0,0,0,0,0,0,0,0,0,0,0,0,0,0,0,0,0,0,0,0,0,0,0,0,0,0,0,0,0,0,0,0,0,0,0,0,0,0,0,0,0,0,0,0,0,0,0,0,0,0,0,0,0,0,0,0,0,0,0,0,0,0,0,0,0,0,0,0,0,0,0,0,0,0,0,0,0,0,0,0,0,0,0,0,0,0,0,0,0,0,0,0,0,0,0,0,0,0,0,0,0,0,0,0,0,1,0,0,0,0,0,0,0,0,0,0,0,0,0,0,0,0,0,0,0,0,0,0,0,0,0,0,0,0,0,0,0,0,0,0,0,0,0,0,0,0,0,0,0,0,0,0,0,0,0,0,0,0,0,0,0,0,0,0,0,0,0,0,0,0,0,0,0,0,0,0,0,0,0,0,0,0,0,0,0,0,0,0,0,0,0,0,0,0,0,0,0,0,0,0,0,0,0,0,0,0,0,0,0,0,0,0,0,0,0,0,0,0,0,0,0,0,0,0,0,0,0,0,0,0,0,0,0,0,0,0,0,0,0,0,0,0,0,0,0,0,0,0,0,0,0,0,0,0,0,0,0,0,0,0,0,0,0,0,0,0,0,0,0,0,0,0,0,0,0,0,0,0,0,0,0,0,0,0,0,0,0,0,0,0,0,0,0,0,0,0,0,0,0,0,0,0,0,0,0,0,0,0,0,0,0,0,0,0,0,0,0,0,0,0,0,0,0,0,0,0,0,0,0,0,0,0,0,0,0,0,0,0,0,0,0,0,0,0,0,0,0,0,0,0,0,0,0,0,0,0,0,0,0,0,0,0,0,0,0,0,0,0,0,0,0,0,0,0,0,0,0,0,0,0,0,0,0,0,0,0,0,0,0,0,0,0,0,0,0,0,0,0,0,0,0,0,0,0,0,0,0,0,0,0,0,0,0,0,0,0,0,0,0,0,0,0,0,0,0,0,0,0,0,0,0,0,0,0,0,0,0,0,0,0,0,0,0,0,0,0,0,0,0,0,0,0,0,0,0,0,0,0,0,0,0,0,0,0,0,0,0,0,0,0,0,0,0,0,0,0,0,0,0,0,0,0,0,0,0,0,0,0,0,0,0,0,0,0,0,0,0,0,0,0,0,0,0,0,0,0,0,0,0,0,0,0,0,0,0,0,0,0,0,0,0,0,0,0,0,0,0,0,0,0,0,0,0,0,0,0,0,0,0,0,0,0,0,0,0,0,0,0,0,0,0,0,0,0,0,0,0,0,0,0,0,0,0,0,0,0,0,0,0,0,0,0,0,0,0,0,0,0,0,0,0,0,0,0,0,0,0,0,0,0,0,0,0,0,0,0,0,0,0,0,0,0,1,0,0,0,0,0,0,0,0,0,0,0,0,0,0,0,0,0,0,0,0,0,0,0,0,0,0,0,0,0,0,0,0,0,0,0,0,0,0,0,0,0,0,0,0,0,0,0,0,0,0,0,0,0,0,0,0,0,0,0,0,0,0,0,0,0,0,0,0,0,0,0,0,0,0,0,0,0,0,0,0,0,0,0,0,0,0,0,0,0,0,0,0,0,0,0,0,0,0,0,0,0,0,0,0,0,0,0,0,0,0,0,0,0,0,0,0,0,0,0,0,0,0,0,0,0,0,0,0,0,0,0,0,0,0,0,0,0,0,0,0,0,0,0,0,0,0,0,0,0,0,0,0,0,0,0,0,0,0,0,0,0,0,0,0,0,0,0,0,0,0,0,0,0,0,0,0,0,0,0,0,0,0,0,0,0,0,0,0,0,0,0,0,0,0,0,0,0,0,0,0,0,0,0,0,0,0,0,0,0,0,0,0,0,0,0,0,0,0,0,0,0,0,0,0,0,0,0,0,0,0,0,0,0,0,0,0,0,0,0,0,0,0,0,0,0,0,0,0,0,0,0,0,0,0,0,0,0,0,0,0,0,0,0,0,0,0,0,0,0,0,0,0,0,0,0,0,0,0,0,0,0,0,0,0,0,0,0,0,0,0,0,0,0,0,0,0,0,0,0,0,0,0,0,0,0,0,0,0,0,0,0,0,0,0,0,0,0,0,0,0,0,0,0,0,0,0,0,0,0,0,0,0,0,0,0,0,0,0,0,0,0,0,0,0,0,0,0,0,0,0,0,0,0,0,0,0,0,0,0,0,0,0,0,0,0,0,0,0,0,0,0,0,0,0,0,0,0,0,0,0,0,0,0,0,0,0,0,0,0,0,0,0,0,0,0,0,0,0,0,0,0,0,0,0,0,0,0,0,0,0,0,0,0,0,0,0,0,0,0,0,0,0,0,0,0,0,0,0,0,0,0,0,0,0,0,0,0,0,0,0,0,0,0,0,0,0,0,0,0,0,0,0,0,0,0,0,0,0,0,0,0,0,0,0,0,0,0,0,0,0,0,0,0,0,0,0,0,0,0,0,0,0,0,0,0,0,0,0,0,0,0,0,0,0,0,0,0,0,0,0,0,0,0,0,0,0,0,0,0,0,0,0,0,0,0,0,0,0,0,0,0,0,0,0,0,0,0,0,0,0,0,0,0,0,0,0,0,0,0,0,0,0,0,0,0,0,0,0,0,0,0,0,0,0,0,0,0,0,0,0,0,0,0,0,0,0,0,0,0,0,0,0,0,0,0,0,0,0,0,0,0,0,0,0,0,0,0,0,0,0,0,0,0,0,0,0,0,0,0,0,0,0,0,0,0,0,0,0,0,0,0,0,0,0,0,0,0,0,0,0,0,0,0,0,0,0,0,0,0,0,0,0,0,0,0,0,0,0,0,0,0,0,0,0,0,0,0,0,0,0,0,0,0,0,0,0,0,0,0,0,0,0,0,0,0,0,0,0,0,0,0,0,0,0,0,0,0,0,0,0,0,0,0,0,0,0,0,0,0,0,0,0,0,0,0,0,0,0,0,0,0,0,0,0,0,0,0,0,0,0,0,0,0,0,0,0,0,0,0,0,0,0,0,0,0,0,0,0,0,0,0,0,0,0,0,0,0,0,0,0,0,0,0,0,0,0,0,0,0,0,0,0,0,0,0,0,0,0,0,0,0,0,0,0,0,0,0,0,0,0,0,0,0,0,0,0,0,0,0,0,0,0,0,0,0,0,0,0,0,0,0,0,0,0,0,0,0,0,0,0,0,0,0,0,0,0,0,0,0,0,0,0,0,0,0,0,0,0,0,0,0,0,0,0,0,0,0,0,0,0,0,0,0,0,0,0,0,0,0,0,0,0,0,0,0,0,0,0,0,0,0,0,0,0,0,0,0,0,0,0,0,0,0,0,0,0,0,0,0,0,0,0,0,0,0,0,0,0,0,0,0,0,0,0,0,0,0,0,0,0,0,0,0,0,0,0,0,0,0,0,0,0,0,0,0,0,0,0,0,0,0,0,0,0,0,0,0,0,0,0,0,0,0,0,0,0,0,0,0,0,0,0,0,0,0,0,0,0,0,0,0,0,0,0,0,0,0,0,0,0,0,0,0,0,0,0,0,0,0,0,0,0,0,0,0,0,0,0,0,0,0,0,0,0,0,0,0,0,0,0,0,0,0,0,0,0,0,0,0,0,0,0,0,0,0,0,0,0,0,0,0,0,0,0,0,0,0,0,0,0,0,0,0,0,0,0,0,0,0,0,0,0,0,0,0,0,0,0,0,0,0,0,0,0,0,0,0,0,0,0,0,0,0,0,0,0,0,0,0,0,0,0,0,0,0,0,0,0,0,0,0,0,0,0,0,0,0,0,0,0,0,0,0,0,0,0,0,0,0,0,0,0,0,0,0,0,0,0,0,0,0,0,0,0,0,0,0,0,0,0,0,0,0,0,0,0,0,0,0,0,0,0,0,0,0,0,0,0,0,0,0,0,0,0,0,0,0,0,0,0,0,0,0,0,0,0,0,0,0,0,0,0,0,0,0,0,0,0,0,0,0,0,0,0,0,0,0,0,0,0,0,0,0,0,0,0,0,0,0,0,0,0,0,0,0,0,0,0,0,0,0,0,0,0,0,0,0,0,0,0,0,0,0,0,0,0,0,0,0,0,0,0,0,0,0,0,0,0,0,0,0,0,0,0,0,0,0,0,0,0,0,0,0,0,0,0,0,0,0,0,0,0,0,0,0,0,0,0,0,0,0,0,0,0,0,0,0,0,0,0,0,0,0,0,0,0,0,0,0,0,0,0,0,0,0,0,0,0,0,0,0,0,0,0,0,0,0,0,0,0,0,0,0,0,0,0,0,0,0,0,0,0,0,0,0,0,0,0,0,0,0,0,0,0,0,0,0,0,0,0,0,0,0,0,0,0,0,0,0,0,0,0,0,0,0,0,0,0,0,0,0,0,0,0,0,0,0,0,0,0,0,0,0,0,0,0,0,0,0,0,0,0,0,0,0,0,0,0,0,0,0,0,0,0,0,0,0,0,0,0,0,0,0,0,0,0,0,0,0,0,0,0,0,0,0,0,0,0,0,0,0,0,0,0,0,0,0,0,0,0,0,0,0,0,0,0,0,0,0,0,0,0,0,0,0,0,0,0,0,0,0,0,0,0,0,0,0,0,0,0,0,0,0,0,0,0,0,0,0,0,0,0,0,0,0,0,0,0,0,0,0,0,0,0,0,0,0,0,0,0,0,0,0,0,0,0,0,0,0,0,0,0,0,0,0,0,0,0,0,0,0,0,0,0,0,0,0,0,0,0,0,0,0,0,0,0,0,0,0,0,0,0,0,0,0,0,0,0,0,0,0,0,0,0,0,0,0,0,0,0,0,0,0,0,0,0,0,0,0,0,0,0,0,0,0,0,0,0,0,0,0,0,0,0,0,0,0,0,0,0,0,0,0,0,0,0,0,0,0,0,0,0,0,0,0,0,0,0,0,0,0,0,0,0,0,0,0,0,0,0,0,0,0,0,0,0,0,0,0,0,0,0,0,0,0,0,0,0,0,0,0,0,0,0,0,0,0,0,0,0,0,0,0,0,0,0,0,0,0,0,0,0,0,0,0,0,0,0,0,0,0,0,0,0,0,0,0,0,0,0,0,0,0,0,0,0,0,0,0,0,0,0,0,0,0,0,0,0,0,0,0,0,0,0,0,0,0,0,0,0,0,0,0,0,0,0,0,0,0,0,0,0,0,0,0,0,0,0,0,0,0,0,0,0,0,0,0,0,0,0,0,0,0,0,0,0,0,0,0,0,0,0,0,0,0,0,0,0,0,0,0,0,0,0,0,0,0,0,0,0,0,0,0,0,0,0,0,0,0,0,0,0,0,0,0,0,0,0,0,0,0,0,0,0,0,0,0,0,0,0,0,0,0,0,0,0,0,0,0,0,0,0,0,0,0,0,0,0,0,0,0,0,0,0,0,0,0,0,0,0,0,0,0,0,0,0,0,0,0,0,0,0,0,0,0,0,0,0,0,0,0,0,0,0,0,0,0,0,0,0,0,0,0,0,0,0,0,0,0,0,0,0,0,0,0,0,0,0,0,0,0,0,0,0,0,0,0,0,0,0,0,0,0,0,0,0,0,0,0,0,0,0,0,0,0,0,0,0,0,0,0,0,0,0,0,0,0,0,0,0,0,0,0,0,0,0,0,0,0,0,0,0,0,0,0,0,0,0,0,0,0,0,0,0,0,0,0,0,0,0,0,0,0,0,0,0,0,0,0,0,0,0,0,0,0,0,0,0,0,0,0,0,0,0,0,0,0,0,0,0,0,0,0,0,0,0,0,0,0,0,0,0,0,0,0,0,0,0,0,0,0,0,0,0,0,0,0,0,0,0,0,0,0,0,0,0,0,0,0,0,0,0,0,0,0,0,0,0,0,0,0,0,0,0,0,0,0,0,0,0,0,0,0,0,0,0,0,0,0,0,0,0,0,0,0,0,0,0,0,0,0,0,0,0,0,0,0,0,0,0,0,0,0,0,0,0,0,0,0,0,0,0,0,0,0,0,0,0,0,0,0,0,0,0,0,0,0,0,0,0,0,0,0,0,0,0,0,0,0,0,0,0,0,0,0,0,0,0,0,0,0,0,0,0,0,0,0,0,0,0,0,0,0,0,0,0,0,0,0,0,0,0,0,0,0,0,0,0,0,0,0,0,0,0,0,0,0,0,0,0,0,0,0,0,0,0,0,0,0,0,0,0,0,0,0,0,0,0,0,0,0,0,0,0,0,0,0,0,0,0,0,0,0,0,0,0,0,0,0,0,0,0,0,0,0,0,0,0,0,0,0,0,0,0,0,0,0,0,0,0,0,0,0,0,0,0,0,0,0,0,0,0,0,0,0,0,0,0,0,0,0,0,0,0,0,0,0,0,0,0,0,0,0,0,0,0,0,0,0,0,0,0,0,0,0,0,0,0,0,0,0,0,0,0,0,0,0,0,0,0,0,0,0,0,0,0,0,0,0,0,0,0,0,0,0,0,0,0,0,0,0,0,0,0,0,0,0,0,0,0,0,0,0,0,0,0,0,0,0,0,0,0,0,0,0,0,0,0,0,0,0,0,0,0,0,0,0,0,0,0,0,0,0,0,0,0,0,0,0,0,0,0,0,0,0,0,0,0,0,0,0,0,0,0,0,0,0,0,0,0,0,0,0,0,0,0,0,0,0,0,0,0,0,0,0,0,0,0,0,0,0,0,0,0,0,0,0,0,0,0,0,0,0,0,0,0,0,0,0,0,0,0,0,0,0,0,0,0,0,0,0,0,0,0,0,0,0,0,0,0,0,0,0,0,0,0,0,0,0,0,0,0,0,0,0,0,0,0,0,0,0,0,0,0,0,0,0,0,0,0,0,0,0,0,0,0,0,0,0,0,0,0,0,0,0,0,0,0,0,0,0,0,0,0,0,0,0,0,0,0,0,0,0,0,0,0,0,0,0,0,0,0,0,0,0,0,0,0,0,0,0,0,0,0,0,0,0,0,0,0,0,0,0,0,0,0,0,0,0,0,0,0,0,0,0,0,0,0,0,0,0,0,0,0,0,0,0,0,0,0,0,0,0,0,0,0,0,0,0,0,0,0,0,0,0,0,0,0,0,0,0,0,0,0,0,0,0,0,0,0,0,0,0,0,0,0,0,0,0,0,0,0,0,0,0,0,0,0,0,0,0,0,0,0,0,0,0,0,0,0,0,0,0,0,0,0,0,0,0,0,0,0,0,0,0,0,0,0,0,0,0,0,0,0,0,0,0,0,0,0,0,0,0,0,0,0,0,0,0,0,0,0,0,0,0,0,0,0,0,0,0,0,0,0,0,0,0,0,0,0,0,0,0,0,0,0,0,0,0,0,0,0,0,0,0,0,0,0,0,0,0,0,0,0,0,0,0,0,0,0,0,0,0,0,0,0,0,0,0,0,0,0,0,0,0,0,0,0,0,0,0,0,0,0,0,0,0,0,0,0,0,0,0,0,0,0,0,0,0,0,0,0,0,0,0,0,0,0,0,0,0,0,0,0,0,0,0,0,0,0,0,0,0,0,0,0,0,0,0,0,0,0,0,0,0,0,0,0,0,0,0,0,0,0,0,0,0,0,0,0,0,0,0,0,0,0,0,0,0,0,0,0,0,0,0,0,0,0,0,0,0,0,0,0,0,0,0,0,0,0,0,0,0,0,0,0,0,0,0,0,0,0,0,0,0,0,0,0,0,0,0,0,0,0,0,0,0,0,0,0,0,0,0,0,0,0,0,0,0,0,0,0,0,0,0,0,0,0,0,0,0,0,0,0,0,0,0,0,0,0,0,0,0,0,0,0,0,0,0,0,0,0,0,0,0,0,0,0,0,0,0,0,0,0,0,0,0,0,0,0,0,0,0,0,0,0,0,0,0,0,0,0,0,0,0,0,0,0,0,0,0,0,0,0,0,0,0,0,0,0,0,0,0,0,0,0,0,0,0,0,0,0,0,0,0,0,0,0,0,0,0,0,0,0,0,0,0,0,0,0,0,0,0,0,0,0,0,0,0,0,0,0,0,0,0,0,0,0,0,0,0,0,0,0,0,0,0,0,0,0,0,0,0,0,0,0,0,0,0,0,0,0,0,0,0,0,0,0,0,0,0,0,0,0,0,0,0,0,0,0,0,0,0,0,0,0,0,0,0,0,0,0,0,0,0,0,0,0,0,0,0,0,0,0,0,0,0,0,0,0,0,0,0,0,0,0,0,0,0,0,0,0,0,0,0,0,0,0,0,0,0,0,0,0,0,0,0,0,0,0,0,0,0,0,0,0,0,0,0,0,0,0,0,0,0,0,0,0,0,0,0,0,0,0,0,0,0,0,0,0,0,0,0,0,0,0,0,0,0,0,0,0,0,0,0,0,0,0,0,0,0,0,0,0,0,0,0,0,0,0,0,0,0,0,0,0,0,0,0,0,0,0,0,0,0,0,0,0,0,0,0,0,0,0,0,0,0,0,0,0,0,0,0,0,0,0,0,0,0,0,0,0,0,0,0,0,0,0,0,0,0,0,0,0,0,0,0,0,0,0,0,0,0,0,0,0,0,0,0,0,0,0,0,0,0,0,0,0,0,0,0,0,0,0,0,0,0,0,0,0,0,0,0,0,0,0,0,0,0,0,0,0,0,0,0,0,0,0,0,0,0,0,0,0,0,0,0,0,0,0,0,0.7749236,0.3833942,0.1273942,-1.1148542,-0.027272467,-0.011847631,1.745172,0.063707925,0.42276675,0.766087,-0.69942933,-1.5940698,0.021616422,0.21068832,0.68342036,0.7374857,-0.17524633,0.32525042,-0.6020176,0.07463603,-1.0310894,0.48854452,0.20179942,0.39160335,-0.2435862,-0.8421744,-0.44792607,0.073904,0.5518125,-0.8783574,-0.22486724,0.41502818,0.49978635,0.43411314,-0.57477576,0.29168177,-0.7204489,0.058008578,0.6348975,0.2161785,0.19254452,-1.1445535,-0.7030895,-0.56128556,0.8498517,0.07123733,0.54046607,0.03160335,-0.23673652,0.4179563,-0.15736397,0.124309234,0.79081905,0.6940347,-0.652998,-0.54612213,-0.6890241,0.38224387,0.6157602,0.27845302,0.110819034,-0.012631944,0.61309355,0.15677983,0.78438765,1.050636,-0.7259914,0.09168178,-0.641913,-0.46403062,-0.54220057,-0.22199142,-0.5818868,-0.4115862,0.67500204,-0.5850764,-0.14878881,0.8135641,0.32216543,-0.78308946,-0.09833129,-0.18392606,-0.08536397,0.17942034,-0.19961233,0.21602166,-0.2594816,0.08378635,-0.32682803,-0.39762542,-0.19752084,0.5008844,-0.040605802,0.47045302,-0.2005535,-0.6177561,0.22355106,0.5726752,0.14433537,-0.6293117,-0.5888411,-0.29430515,0.2385053,0.53947264,0.21382557,0.27484518,0.5304792,-0.48871037,0.6668975,0.0414857,-0.33854043,0.1593942,-0.44546854,-0.6363182,-0.07522018,0.22632231,-0.14010906,-0.8688934,-0.586279,0.025433416,-0.012265932,-0.41393915,-0.046984885,0.95317197,-0.76154697,0.6572766,-0.5009457,-0.024867238,0.22030923,-0.25587377,0.32676676,0.47285825,-0.22763848,0.020675246,-0.53765154,-0.56416136,-0.20552084,-0.29137704,-0.04034436,-0.8720306,-0.44661888,-0.052056782,0.38491055,-0.045468546,-0.30612215,0.2292504,-0.26183456,-0.103560045,-0.21122018,0.061302695,-0.39584762,-0.82946855,0.11636152,0.13393015,0.06313276,-0.21817443,-0.0036384803,-0.30685416,0.05884518,0.1804661,-0.06559926,-0.17237051,-0.102252856,0.18402165,-0.2658607,0.14647916,-0.051377043,0.08279289,0.35144648,-0.14617443,-0.14784764,0.4309236,-0.43067116,0.13047917,-0.4081352,-0.087716915,0.65931576,0.06417851,0.12258374,-0.07668423,0.6583223,-0.69221365,-0.2520045,-0.17346855,0.0478125,0.5045968,-0.5340437,0.61440074,0.36938113,0.31615236,0.83735496,-0.012213644,-0.3240045,0.25643995,0.6404399,0.34527656,0.5404138,0.4967014,-0.061991423,0.07803472,-0.3458607,0.2924661,-0.08437051,0.1109759,0.22119813,0.038400736,-0.34643587,-0.41059273,0.14119811,-0.20431823,0.21487132,0.09246609,-0.15056658,-0.20322017,0.23291054,0.2693027,0.013041258,-0.257913,0.08352492,-0.12939012,-0.19882803,-0.10528554,0.1505053,-0.56672347,-0.7597692,0.16880596,0.10642688,0.08556414,0.55238765,-0.24013521,0.7294857,0.7115511,0.31280595,0.07134191,0.06166871,0.2343746,-0.81038356,0.8096948,0.5665576,-0.14063194,0.23667525,-0.15150777,0.62574714,1.0020609,0.34193015,0.37508047,0.5373811,0.1539563,-0.257913,0.38454452,0.10491054,0.41011316,-0.05184763,-0.17357312,0.09319812,-0.55401754,0.39662296,-0.034226716,-0.008762663,-0.177913,0.07845302,-0.24923325,0.3981393,0.2983746,0.49487132,0.094348446,-0.04452737,0.09863603,0.18731576,0.25011316,0.20525041,-0.3370241,-0.055037174,0.33393013,-0.37979534,0.4023223,-0.5378084,-0.6734424,0.49434844,0.39155105,-0.3430372,-0.30533782,0.0747406,0.18877982,0.12352492,-0.46152082,-0.2646058,-0.043167893,-0.026906455,0.21419159,0.097851716,0.14470139,0.25999552,0.14820465,-0.3517692,0.039028186,-0.2779914,0.3563615,-0.081860706,0.05779943,-0.4354816,0.26062295,-0.14518097,0.18752491,-0.11788685,0.42825696,-0.1967888,0.45968178,0.17361642,0.101773284,-0.35997835,-0.26486725,0.25727656,-0.01791299,-0.08348162,0.37403473,-0.123795345,0.15834844,-0.52572995,-0.26063195,0.33225694,0.06522427,0.119446486,0.15803473,-0.123167895,0.46396935,-0.017076388,-0.35563847,-0.07077573,-0.23924632,-0.5414163,0.5342439,-0.30868423,0.22653146,-0.44457966,0.02036152,-0.071664624,0.8028452,-0.23495874,-0.17142934,0.16007394,-0.21639664,-0.51239663,-0.06115482,0.21377328,-0.18471037,0.31285825,0.119864784,-0.20578226,0.21173407,-0.07558619,-0.055716913,-0.4268019,-0.034906454,0.5188713,-0.040762663,-0.36332476,-0.60107636,0.0069236113,0.0046229577,0.19128962,0.4986883,0.4439955,-0.0498607,0.010792892,0.2874465,0.01084518,-0.13634436,0.02208701,-0.047246322,0.3640478,0.020675246,0.10062296,-0.04034436,0.26020464,0.0037340687,0.030871324,-0.04708946,-0.5727365,0.3253027,0.030975899,0.30867526,-0.25372997,-0.27223977,0.29487133,-0.107115604,-0.45331168,-0.28667116,-0.097076386,-0.19223979,-0.17671038,0.44394323,0.020622957,-0.31438357,0.28331578,-0.14120711,0.22945955,-0.051899917,0.40755105,0.35589093,-0.29906332,-0.04128554,-0.34643587,-0.1909326,-0.13012214,-0.5774947,-0.41252738,0.09345956,0.20870139,-0.1572071,-0.1921875,-0.09038358,0.05779943,-0.056344364,-0.09305024,-0.3344097,-0.34172997,-0.07621364,0.17319812,-0.03088031,0.49230924,0.06621773,0.18098897,-0.3054947,-0.17529862,0.027681781,-0.43307638,-0.2721352,-0.47793913,-0.42021364,-0.42539012,0.17178635,-0.11333783,0.28101513,-0.097390115,-0.5280829,-0.3092071,0.4752112,0.38328964,0.24263602,0.46752492,-0.010383578,0.21680596,-0.35705024,0.112701386,0.3467929,0.1362308,-0.015612337,-0.35281494,-0.37874958,-0.6066189,0.24247916,0.4485968,-0.23297182,0.1202308,0.018897468,-0.046566583,-0.11088031,-0.15956005,-0.3088411,-0.024082925,-0.54680187,-0.14680187,0.17189093,0.07719812,0.43881905,0.25147262,0.23076674,0.48556414,-0.05163848,-0.023350898,0.55254453,0.7913419,-0.518462,-0.32881495,0.21633537,-0.11731169,-0.106435865,0.31406087,-0.35867116,0.1416687,0.21921119,0.1050674,0.5168321,-0.5642659,-0.005207108,-0.09671038,0.6087014,0.2746883,-0.24238358,-8.292484e-05,-0.0012332516,-0.09817443,-0.49817443,-0.061468545,0.15411316,0.2696687,0.14459682,0.14653145,-0.58857965,-0.01838358,0.6673158,0.22114584,-0.09681495,-0.7372333,-0.04405678,-0.10742933,-0.04389992,0.30355105,-0.3985143,0.24258374,-0.69467115,0.5855903,0.7113419,-0.23830515,0.13236152,-0.17174305,0.010897467,0.053982433,0.35667524,0.30485824,0.286087,-0.112867236,0.009171977,-0.27359927,0.7137994,-0.21357313,0.13006087,0.16075368,0.25602165,0.04394322,0.32896283,0.13450532,-0.158096,-0.30397835,-0.006932598,0.19521119,-0.41038358,0.46470138,0.2558648,0.29654452,-0.055037174,0.22119813,-0.6615731,-0.15067115,-0.40897182,0.20305432,0.66004777,-0.48029208,0.33816543,-0.89336395,-0.2970241,-0.005886846,-0.5135993,0.289538,-0.25927246,0.5899302,-0.15882802,-0.12740318,0.1800478,-0.11788685,0.03249224,0.15672754,0.02773407,-0.045259394,-0.0027495916,0.2242308,0.44896284,0.22443995,-0.026906455,-0.32348162,0.43798244,0.22710662,-0.32813522,0.21183865,-0.13043587,-0.28322017,0.3910282,0.5447014,-0.18701103,-0.41644895,0.08174714,-0.04520711,0.28964257,-0.46643588,-0.23563848,-0.17273653,0.089904,0.18736805,0.50109357,-0.22356005,-0.49142933,-0.5349849,-0.0785143,-0.7777038,-0.08541626,-0.258279,-0.4326058,-0.5355601,-0.17127247,-0.24400449,0.23484518,-0.45582148,-0.33686724,-0.24400449,-0.22559926,0.3964138,0.086923614,0.04713276,0.40885824,-0.23699796,-0.008710376,0.07379943,0.3481001,0.14747263,0.11019158,0.096962824,0.5451197,-0.08923325,0.433538,-0.6304097,-0.057128675,0.080126226,0.14883211,-0.026958741,0.17800857,0.06271446,0.03677982,0.12033538,0.5033942,-0.3122398,0.12629616,0.20331576,0.13236152,-0.35961235,-0.09765155,0.25947264,-0.26361233,-0.16510253,-0.57838356,-0.18314175,-0.045886848,0.02810008,-0.03265809,-0.017756127,-0.04661887,-0.05880188,-0.013207108,-0.0054162582,0.17126349,-0.36991298,-0.39459273,0.24075368,-0.15030515,0.30412623,0.10475367,-0.22549468,0.1063223,-0.8468803,0.20159028,0.39327654,-0.5242137,0.54161644,0.007864787,0.23280597,0.6759432,0.2811197,0.062766746,-0.13268423,0.1551589,0.26862296,0.26240075,-0.48170385,-0.2868803,-0.1766058,0.09555106,0.16556413,0.06877982,0.20885825,-0.2621483,-0.49090645,0.36645302,-0.18361233,0.081904,0.36979944,0.32807395,0.39463603,0.31761643,-0.22722018,0.21356413,0.3159432,0.72749877,0.24791707,0.015551062,0.09701511,0.090792894,0.17905433,0.0021131537,-0.14701103,0.2650674,-0.013573121,-0.08536397,0.30145955,-0.13446201,-0.14491953,-0.23339011,0.33722427,0.3432896,-0.40996528,0.0036294935,-0.058645017,-0.24112868,-0.46999142,0.1319955,0.69424385,-0.37268424,0.2044138,0.75698894,-0.13430515,0.2002831,-0.13854045,0.05884518,0.10559028,-0.1795339,-0.5054424,-0.06654044,-0.2751156,0.023760213,0.20870139,-0.21838358,-0.2927888,-0.32588685,0.0035772058,-0.27459273,-0.18695875,0.5174073,0.061145835,-0.29942933,-0.0067234477,0.22830923,0.46736807,-0.15114175,-0.37739012,0.36885825,0.20300204,0.067211196,0.36603472,0.018897468,-0.42486724,0.59578633,-0.013259395,0.17115891,0.5143746,-0.10303717,0.024073938,-0.41163847,-0.036788806,0.16169485,-0.06591299,-0.14690645,-0.105180964,0.6510543,0.034165442,0.6683092,0.08702818,0.06015237,-0.36107638,0.09586479,0.45528963,-0.18288031,0.2347406,0.41063604,-0.12630515,-0.20468423,0.0032111928,-0.4337561,0.115890935,0.25821772,0.18867524,0.0003353758,-0.31908947,-0.008501225,0.59793013,-0.23286724,-0.043952204,-0.05362541,-0.3655731,0.028727533,-0.22941625,-0.07924632,-0.13142933,-0.42722017,0.6250674,-0.108997956,-0.2813901,0.044309232,0.06616544,0.5362308,0.03761642,0.5410935,-0.44871038,-0.18408293,0.76885825,0.3758125,-0.50570387,-0.05142933,-0.22434436,0.09387786,0.33743343,-0.15281495,-0.024867238,0.42773408,-0.3033509,0.62951183,0.4765184,0.1446491,0.103707924,0.34234846,0.48791707,0.16917197,-0.24688031,-0.19574305,-0.13712868,-0.041808415,0.074949756,0.6253811,-0.014514297,-0.005677696,0.45905432,0.5429759,-0.040710375,-0.06784763,-0.2641352,-0.29686725,0.090740606,-0.45006984,-0.31788686,0.61942035,-0.0641875,-0.14774306,0.52838767,-0.04515482,0.36927655,0.2701393,0.4152896,-0.0152986115,0.00457067,0.36969486,-0.08823979,-0.2945143,-0.0066188728,-0.08243587,-0.16651429,-0.23040973,0.06532884,-0.37420058,-0.39574304,-0.3677692,-0.22946854,0.07782557,-0.1841875,0.4996295,-0.16891953,-0.17404372,0.67704123,0.12446609,0.4288321,-0.5111418,-0.14371692,-0.4570241,-0.302828,-0.3821483,-0.62073654,-0.068056785,0.42627,-0.41922018,0.2705053,-0.015403186,0.1433942,0.3205968,0.41774714,-0.4536254,-0.38324633,0.25105432,0.30004779,-0.2847365,0.3850674,0.14935498,-0.118618876,-0.3093117,-0.18941626,0.23489746,-0.10601757,-0.0789326,-0.27422673,-0.74936396,-0.13937704,-0.3799522,0.15019159,0.14083211,0.5003092,-0.44374305,-0.18774305,0.24817851,-0.035377044,0.42747262,-0.5785927,-0.10136397,0.15102819,-0.0856777,-0.6510633,0.42370793,-0.3315339,-0.23971692,0.038662173,0.21487132,-0.5921875,-0.47297183,-0.93006986,-0.1454424,0.12002165,-0.2751156,-0.34716788,-0.21320711,-0.38031822,-0.35987377,0.050270017,-0.58690643,0.24885826,-0.5643705,-0.19652736,-0.036579657,0.54820466,-0.053991422,-0.5547496,-0.20264502,0.23693669,0.46909353,-0.093259394,-0.02314175,-0.06559926,0.29774714,0.61738116,-0.22659273,0.20373407,-0.13461888,0.1033942,0.2604661,-0.3114555,-0.108370505,-0.60609597,-0.06230515,0.66951185,0.5606491,0.9084661,0.21084517,0.17858374,0.35243994,-0.024030637,-0.4785666,0.26077983,-0.5900437,-0.4069326,-0.07040972,0.30898896,-0.26288033,-0.12897182,-0.20891953,0.22830923,0.097590275,-0.28510255,-0.342462,0.14684518,0.35819158,-0.6481875,-0.21263194,-0.088344365,-0.84384763,-0.08928554,0.047498774,0.51291054,-0.21367769,0.08457067,0.2667406,0.076936685,0.59688437,-0.17545548,0.6330151,0.39400858,0.13068831,0.2789236,-0.1441875,-0.14146854,0.17241381,0.33042687,-0.23480187,0.33335498,-0.026383579,-0.032553513,0.059315767,0.043420345,-0.3214947,-0.25864503,0.08901511,-0.3749326,-0.590096,0.33863604,0.96237457,0.27196935,0.31578636,-0.05550776,0.07447917,0.21889746,-0.4468803,-0.1934424,0.29973406,0.07447917,0.23128963,-0.13163848,-0.09671038,0.13691054,0.087289624,0.35782558,-0.3914032,-0.93310255,0.0023745915,1.4949236,0.87076676,-0.66350776,0.2974334,1.4656949,-1.102096,0.13487132,0.24451838,-1.8451548,-1.3913509,1.0551327,-1.3843443,-0.101939134,-1.0908018,-0.8069849,0.48833537,-0.23673652,0.9490935,1.4434726,-0.12646201,1.0786622,0.6503746,-1.8229326,1.2188975,-1.6546189,-1.337913,-1.4298868,-1.1221744,-0.123533905,-1.0528411,-0.7540176,-0.7811548,1.5638386,-0.17822671,-0.7989326,-1.6277953,-0.698645,1.279551,-0.7874816,0.20138113,0.46062297,0.8405445,0.6344269,-0.33488032,-0.95208293,1.1666622,-1.0580176,0.3885184,0.4406491,-0.8127365,0.71160334,1.481904,-0.87971693,-1.0197953,-1.1045535,0.7609105,1.1785837,-0.95349467,-1.1596646,-0.6805535,-0.123795345,0.24985172,-0.4086581,-0.7236385,1.0222962,-0.38910252,0.037825573,-0.40426594,0.019420343,-0.71072346,-0.561913,-0.48918095,0.44258374,1.2858256,-0.14392607,0.5629498,-0.71276265,0.9637341,0.22909355,-0.41205677,-0.18528554,1.5610151,0.92938113,-0.8051025,0.8647014,-0.16782148,1.3352896,-0.48112866,-0.9357169,0.9491981,0.57424384,1.1160477,0.18627001,-0.9196646,-0.68965155,0.3143223,-0.16238357,0.38025695,-0.8805535,0.9761785,-0.9069064,0.6875511,-0.43793914,0.86919814,-0.1303313,1.4776688,0.66433537,-1.0632464,0.26961643,0.4482308,0.62030923,0.574819,0.5071066,-1.2037953,0.36430922,0.3745053,-0.18931168,1.3488843,-0.9805797,0.6856687,1.3649889,1.350453,0.0031589053,-1.0772594,1.4079694,0.20274061,
1,0,0,0,0,0,0,0,0,0,0,0,0,0,0,0,0,0,0,0,0,0,0,0,0,0,0,0,0,0,0,0,0,0,0,0,0,0,0,0,0,0,0,0,0,0,0,0,0,0,0,0,0,0,0,0,0,0,0,0,0,0,0,0,0,0,0,0,0,0,0,0,0,0,0,0,0,0,0,0,0,0,0,0,0,0,0,0,0,0,0,0,0,0,0,0,0,0,0,0,0,0,0,0,0,0,0,0,0,0,0,0,0,0,0,0,0,0,0,0,0,0,0,0,0,0,0,0,0,0,0,0,0,0,0,0,0,0,0,0,0,0,0,0,0,0,0,0,0,0,0,0,0,0,0,0,0,0,0,0,0,0,0,0,0,0,0,0,0,0,0,0,0,0,0,0,0,0,0,0,0,0,0,0,0,0,0,0,0,0,0,0,0,0,0,0,0,0,0,0,0,0,0,0,0,0,0,0,0,0,0,0,0,0,0,0,0,0,0,0,0,0,0,0,0,0,0,0,0,0,0,0,0,0,0,0,0,0,0,0,0,0,0,0,0,0,0,0,0,0,0,0,0,0,0,0,0,0,0,0,0,0,0,0,0,0,0,0,0,0,0,0,0,0,0,0,0,0,0,0,0,0,0,0,0,0,0,0,0,0,0,0,0,0,0,0,0,0,0,0,0,0,0,0,0,0,0,0,0,0,0,0,0,0,0,0,0,0,0,0,0,0,0,0,0,0,0,0,0,0,0,0,0,0,0,0,0,0,0,0,0,0,0,0,0,0,0,0,0,0,0,0,0,0,0,0,0,0,0,0,0,0,0,0,0,0,0,0,0,0,0,0,0,0,0,0,0,0,0,0,0,0,0,0,0,0,0,0,0,0,0,0,0,0,0,0,0,0,0,0,0,0,0,0,0,0,0,0,0,0,0,0,0,0,0,0,0,0,0,0,0,0,0,0,0,0,0,0,0,0,0,0,0,0,0,0,0,0,0,0,0,0,0,0,0,0,0,0,0,0,0,0,0,0,0,0,0,0,0,0,0,0,0,0,0,0,0,0,0,0,0,0,0,0,0,0,0,0,0,0,0,0,0,0,0,0,0,0,0,0,0,0,0,0,0,0,0,0,0,0,0,0,0,0,0,0,0,0,0,0,0,0,0,0,0,0,0,0,0,0,0,0,0,0,0,0,0,0,0,0,0,0,0,0,0,0,0,0,0,0,0,0,0,0,0,0,0,0,0,0,0,0,0,0,0,0,0,0,0,0,0,0,0,0,0,0,0,0,0,0,0,0,0,0,0,0,0,0,0,0,0,0,0,0,0,0,0,0,0,0,0,0,0,0,0,0,0,0,0,0,0,0,0,0,0,0,0,0,0,0,0,0,0,0,0,0,0,0,0,0,0,0,0,0,0,0,0,0,0,0,0,0,0,0,0,0,0,0,0,0,0,0,0,0,0,0,0,0,0,0,0,0,0,0,0,0,0,0,0,0,0,0,0,0,0,0,0,0,0,0,0,0,0,0,0,0,0,0,0,0,0,0,0,0,0,0,0,0,0,0,0,0,0,0,0,0,0,0,0,0,0,0,0,0,0,0,0,0,0,0,0,0,0,0,0,0,0,0,0,0,0,0,0,0,0,0,0,0,0,0,0,0,0,0,0,0,0,0,0,0,0,0,0,0,0,0,0,0,0,0,0,0,0,0,0,0,0,0,0,0,0,0,0,0,0,0,0,0,0,0,0,0,0,0,0,0,0,0,0,0,0,0,0,0,0,0,0,0,0,0,0,0,0,0,0,0,0,0,0,0,0,0,0,0,0,0,0,0,0,0,0,0,0,0,0,0,0,0,0,0,0,0,0,0,0,0,0,0,0,0,0,0,0,0,0,0,0,0,0,0,0,0,0,0,0,0,0,0,0,0,0,0,0,0,0,0,0,0,0,0,0,0,0,0,0,0,0,0,0,0,0,0,0,0,0,0,0,0,0,0,0,0,0,0,0,0,0,0,0,0,0,0,0,0,0,0,0,0,0,0,0,0,0,0,0,0,0,0,0,0,0,0,0,0,0,0,0,0,0,0,0,0,0,0,0,0,0,0,0,0,0,0,0,0,0,0,0,0,0,0,0,0,0,0,0,0,0,0,0,0,0,0,0,0,0,0,0,0,0,0,0,0,0,0,0,0,0,0,0,0,0,0,0,0,0,0,0,0,0,0,0,0,0,0,0,0,0,0,0,0,0,0,0,0,0,0,0,0,0,0,0,0,0,0,0,0,0,0,0,0,0,0,0,0,0,0,0,0,0,0,0,0,0,0,0,0,0,0,0,0,0,0,0,0,0,0,0,0,0,0,0,0,0,0,0,0,0,0,0,0,0,0,0,0,0,0,0,0,0,0,0,0,0,0,0,0,0,0,0,0,0,0,0,0,0,0,0,0,0,0,0,0,0,0,0,0,0,0,0,0,0,0,0,0,0,0,0,0,0,0,0,0,0,0,0,0,0,0,0,0,0,0,0,0,0,0,0,0,0,0,0,0,0,0,0,0,0,0,0,0,0,0,0,0,0,0,0,0,0,0,0,0,0,0,0,0,0,0,0,0,0,0,0,0,0,0,0,0,0,0,0,0,0,0,0,0,0,0,0,0,0,0,0,0,0,0,0,0,0,0,0,0,0,0,0,0,0,0,0,0,0,0,0,0,0,0,0,0,0,0,0,0,0,0,0,0,0,0,0,0,0,0,0,0,0,0,0,0,0,0,0,0,0,0,0,0,0,0,0,0,0,0,0,0,0,0,0,0,0,0,0,0,0,0,0,0,0,0,0,0,0,0,0,0,0,0,0,0,0,0,0,0,0,0,0,0,0,0,0,0,0,0,0,0,0,0,0,0,0,0,0,0,0,0,0,0,0,0,0,0,0,0,0,0,0,0,0,0,0,0,0,0,0,0,0,0,0,0,0,0,0,0,0,0,0,0,0,0,0,0,0,0,0,0,0,0,0,0,0,0,0,0,0,0,0,0,0,0,0,0,0,0,0,0,0,0,0,0,0,0,0,0,0,0,0,0,0,0,0,0,0,0,0,0,0,0,0,0,0,0,0,0,0,0,0,0,0,0,0,0,0,0,0,0,0,0,0,0,0,0,0,0,0,0,0,0,0,0,0,0,0,0,0,0,0,0,0,0,0,0,0,0,0,0,0,0,0,0,0,0,0,0,0,0,0,0,0,0,0,0,0,0,1,0,0,0,0,0,0,0,0,0,0,0,0,0,0,0,0,0,0,0,0,0,0,0,0,0,0,0,0,0,0,0,0,0,0,0,0,0,0,0,0,0,0,0,0,0,0,0,0,0,0,0,0,0,0,0,0,0,0,0,0,0,0,0,0,0,0,0,0,0,0,0,0,0,0,0,0,0,0,0,0,0,0,0,0,0,0,0,0,0,0,0,0,0,0,0,0,0,0,0,0,0,0,0,0,0,0,0,0,0,0,0,0,0,0,0,0,0,0,0,0,0,0,0,0,0,0,0,0,0,0,0,0,0,0,0,0,0,0,0,0,0,0,0,0,0,0,0,0,0,0,0,0,0,0,0,0,0,0,0,0,0,0,0,0,0,0,0,0,0,0,0,0,0,0,0,0,0,0,0,0,0,0,0,0,0,0,0,0,0,0,0,0,0,0,0,0,0,0,0,0,0,0,0,0,0,0,0,0,0,0,0,0,0,0,0,0,0,0,0,0,0,0,0,0,0,0,0,0,0,0,0,0,0,0,0,0,0,0,0,0,0,0,0,0,0,0,0,0,0,0,0,0,0,0,0,0,0,0,0,0,0,0,0,0,0,0,0,0,0,0,0,0,0,0,0,0,0,0,0,0,0,0,0,0,0,0,0,0,0,0,0,0,0,0,0,0,0,0,0,0,0,0,0,0,0,0,0,0,0,0,0,0,0,0,0,0,0,0,0,0,0,0,0,0,0,0,0,0,0,0,0,0,0,0,0,0,0,0,0,0,0,0,0,0,0,0,0,0,0,0,0,0,0,0,0,0,0,0,0,0,0,0,0,0,0,0,0,0,0,0,0,0,0,0,0,0,0,0,0,0,0,0,0,0,0,0,0,0,0,0,0,0,0,0,0,0,0,0,0,0,0,0,0,0,0,0,0,0,0,0,0,0,0,0,0,0,0,0,0,0,0,0,0,0,0,0,0,0,0,0,0,0,0,0,0,0,0,0,0,0,0,0,0,0,0,0,0,0,0,0,0,0,0,0,0,0,0,0,0,0,0,0,0,0,0,0,0,0,0,0,0,0,0,0,0,0,0,0,0,0,0,0,0,0,0,0,0,0,0,0,0,0,0,0,0,0,0,0,0,0,0,0,0,0,0,0,0,0,0,0,0,0,0,0,0,0,0,0,0,0,0,0,0,0,0,0,0,0,0,0,0,0,0,0,0,0,0,0,0,0,0,0,0,0,0,0,0,0,0,0,0,0,0,0,0,0,0,0,0,0,0,0,0,0,0,0,0,0,0,0,0,0,0,0,0,0,0,0,0,0,0,0,0,0,0,0,0,0,0,0,0,0,0,0,0,0,0,0,0,0,0,0,0,0,0,0,0,0,0,0,0,0,0,0,0,0,0,0,0,0,0,0,0,0,0,0,0,0,0,0,0,0,0,0,0,0,0,0,0,0,0,0,0,0,0,0,0,0,0,0,0,0,0,0,0,0,0,0,0,0,0,0,0,0,0,0,0,0,0,0,0,0,0,0,0,0,0,0,0,0,0,0,0,0,0,0,0,0,0,0,0,0,0,0,0,0,0,0,0,0,0,0,0,0,0,0,0,0,0,0,0,0,0,0,0,0,0,0,0,0,0,0,0,0,0,0,0,0,0,0,0,0,0,0,0,0,0,0,0,0,0,0,0,0,0,0,0,0,0,0,0,0,0,0,0,0,0,0,0,0,0,0,0,0,0,0,0,0,0,0,0,0,0,0,0,0,0,0,0,0,0,0,0,0,0,0,0,0,0,0,0,0,0,0,0,0,0,0,0,0,0,0,0,0,0,0,0,0,0,0,0,0,0,0,0,0,0,0,0,0,0,0,0,0,0,0,0,0,0,0,0,0,0,0,0,0,0,0,0,0,0,0,0,0,0,0,0,0,0,0,0,0,0,0,0,0,0,0,0,0,0,0,0,0,0,0,0,0,0,0,0,0,0,0,0,0,0,0,0,0,0,0,0,0,0,0,0,0,0,0,0,0,0,0,0,0,0,0,0,0,0,0,0,0,0,0,0,0,0,0,0,0,0,0,0,0,0,0,0,0,0,0,0,0,0,0,0,0,0,0,0,0,0,0,0,0,0,0,0,0,0,0,0,0,0,0,0,0,0,0,0,0,0,0,0,0,0,0,0,0,0,0,0,0,0,0,0,0,0,0,0,0,0,0,0,0,0,0,0,0,0,0,0,0,0,0,0,0,0,0,0,0,0,0,0,0,0,0,0,0,0,0,0,0,0,0,0,0,0,0,0,0,0,0,0,0,0,0,0,0,0,0,0,0,0,0,0,0,0,0,0,0,0,0,0,0,0,0,0,0,0,0,0,0,0,0,0,0,0,0,0,0,0,0,0,0,0,0,0,0,0,0,0,0,0,0,0,0,0,0,0,0,0,0,0,0,0,0,0,0,0,0,0,0,0,0,0,0,0,0,0,0,0,0,0,0,0,0,0,0,0,0,0,0,0,0,0,0,0,0,0,0,0,0,0,0,0,0,0,0,0,0,0,0,0,0,0,0,0,0,0,0,0,0,0,0,0,0,0,0,0,0,0,0,0,0,0,0,0,0,0,0,0,0,0,0,0,0,0,0,0,0,0,0,0,0,0,0,0,0,0,0,0,0,0,0,0,0,0,0,0,0,0,0,0,0,0,0,0,0,0,0,0,0,0,0,0,0,0,0,0,0,0,0,0,0,0,0,0,0,0,0,0,0,0,0,0,0,0,0,0,0,0,0,0,0,0,0,0,0,0,0,0,0,0,0,0,0,0,0,0,0,0,0,0,0,0,0,0,0,0,0,0,0,0,0,0,0,0,0,0,0,0,0,0,0,0,0,0,0,0,0,0,0,0,0,0,0,0,0,0,0,0,0,0,0,0,0,0,0,0,0,0,0,0,0,0,0,0,0,0,0,0,0,0,0,0,0,0,0,0,0,0,0,0,0,0,0,0,0,0,0,0,0,0,0,0,0,0,0,0,0,0,0,0,0,0,0,0,0,0,0,0,0,0,0,0,0,0,0,0,0,0,0,0,0,0,0,0,0,0,0,0,0,0,0,0,0,0,0,0,0,0,0,0,0,0,0,0,0,0,0,0,0,0,0,0,0,0,0,0,0,0,0,0,0,0,0,0,0,0,0,0,0,0,0,0,0,0,0,0,0,0,0,0,0,0,0,0,0,0,0,0,0,0,0,0,0,0,0,0,0,0,0,0,0,0,0,0,0,0,0,0,0,0,0,0,0,0,0,0,0,0,0,0,0,0,0,0,0,0,0,0,0,0,0,0,0,0,0,0,0,0,0,0,0,0,0,0,0,0,0,0,0,0,0,0,0,0,0,0,0,0,0,0,0,0,0,0,0,0,0,0,0,0,0,0,0,0,0,0,0,0,0,0,0,0,0,0,0,0,0,0,0,0,0,0,0,0,0,0,0,0,0,0,0,0,0,0,0,0,0,0,0,0,0,0,0,0,0,0,0,0,0,0,0,0,0,0,0,0,0,0,0,0,0,0,0,0,0,0,0,0,0,0,0,0,0,0,0,0,0,0,0,0,0,0,0,0,0,0,0,0,0,0,0,0,0,0,0,0,0,0,0,0,0,0,0,0,0,0,0,0,0,0,0,0,0,0,0,0,0,0,0,0,0,0,0,0,0,0,0,0,0,0,0,0,0,0,0,0,0,0,0,0,0,0,0,0,0,0,0,0,0,0,0,0,0,0,0,0,0,0,0,0,0,0,0,0,0,0,0,0,0,0,0,0,0,0,0,0,0,0,0,0,0,0,0,0,0,0,0,0,0,0,0,0,0,0,0,0,0,0,0,0,0,0,0,0,0,0,0,0,0,0,0,0,0,0,0,0,0,0,0,0,0,0,0,0,0,0,0,0,0,0,0,0,0,0,0,0,0,0,0,0,0,0,0,0,0,0,0,0,0,0,0,0,0,0,0,0,0,0,0,0,0,0,0,0,0,0,0,0,0,0,0,0,0,0,0,0,0,0,0,0,0,0,0,0,0,0,0,0,0,0,0,0,0,0,0,0,0,0,0,0,0,0,0,0,0,0,0,0,0,0,0,0,0,0,0,0,0,0,0,0,0,0,0,0,0,0,0,0,0,0,0,0,0,0,0,0,0,0,0,0,0,0,0,0,0,0,0,0,0,0,0,0,0,0,0,0,0,0,0,0,0,0,0,0,0,0,0,0,0,0,0,0,0,0,0,0,0,0,0,0,0,0,0,0,0,0,0,0,0,0,0,0,0,0,0,0,0,0,0,0,0,0,0,0,0,0,0,0,0,0,0,0,0,0,0,0,0,0,0,0,0,0,0,0,0,0,0,0,0,0,0,0,0,0,0,0,0,0,0,0,0,0,0,0,0,0,0,0,0,0,0,0,0,0,0,0,0,0,0,0,0,0,0,0,0,0,0,0,0,0,0,0,0,0,0,0,0,0,0,0,0,0,0,0,0,0,0,0,0,0,0,0,0,0,0,0,0,0,0,0,0,0,0,0,0,0,0,0,0,0,0,0,0,0,0,0,0,0,0,0,0,0,0,0,0,0,0,0,0,0,0,0,0,0,0,0,0,0,0,0,0,0,0,0,0,0,0,0,0,0,0,0,0,0,0,0,0,0,0,0,0,0,0,0,0,0,0,0,0,0,0,0,0,0,0,0,0,0,0,0,0,0,0,0,0,0,0,0,0,0,0,0,0,0,0,0,0,0,0,0,0,0,0,0,0,0,0,0,0,0,0,0,0,0,0,0,0,0,0,0,0,0,0,0,0,0,0,0,0,0,0,0,0,0,0,0,0,0,0,0,0,0,0,0,0,0,0,0,0,0,0,0,0,0,0,0,0,0,0,0,0,0,0,0,0,0,0,0,0,0,0,0,0,0,0,0,0,0,0,0,0,0,0,0,0,0,0,0,0,0,0,0,0,0,0,0,0,0,0,0,0,0,0,0,0,0,0,0,0,0,0,0,0,0,0,0,0,0,0,0,0,0,0,0,0,0,0,0,0,0,0,0,0,0,0,0,0,0,0,0,0,0,0,0,0,0,0,0,0,0,0,0,0,0,0,0,0,0,0,0,0,0,0,0,0,0,0,0,0,0,0,0,0,0,0,0,0,0,0,0,0,0,0,0,0,0,0,0,0,0,0,0,0,0,0,0,0,0,0,0,0,0,0,0,0,0,0,0,0,0,0,0,0,0,0,0,0,0,0,0,0,0,0,0,0,0,0,0,0,0,0,0,0,0,0,0,0,0,0,0,0,0,0,0,0,0,0,0,0,0,0,0,0,0,0,0,0,0,0,0,0,0,0,0,0,0,0,0,0,0,0,0,0,0,0,0,0,0,0,0,0,0,0,0,0,0,0,0,0,0,0,0,0,0,0,0,0,0,0,0,0,0,0,0,0,0,0,0,0,0,0,0,0,0,0,0,0,0,0,0,0,0,0,0,0.04634845,0.5484661,-0.003690768,1.6134596,-0.119298615,0.26098898,-0.3832986,-0.9880045,0.06710662,-0.7402659,-1.1412071,-0.3202921,-0.6452594,0.26909354,0.1652504,-0.8733378,1.6790282,-0.39145547,1.0874988,0.5914988,0.6769367,0.44985172,0.35332885,-1.8283705,1.4058778,0.8681524,0.07374714,0.6965445,-1.335717,0.42595628,-0.04975613,0.7312112,-0.99579537,0.44378635,0.60493666,-0.31903717,0.6150805,-0.060841095,0.6027929,0.095969364,-0.88578224,-1.7246842,0.4145053,-0.50690645,1.3324138,0.64300203,0.7951066,1.1925968,1.088074,0.37884519,-0.19318096,-1.3709065,0.067890935,0.22653146,0.8856687,0.9789497,1.2168583,0.60577327,-0.43914175,-0.06314175,-0.3197169,-0.74523324,0.57424384,-0.19448815,1.9277602,0.14219159,-0.18831822,0.20687133,-0.3613901,-0.25608292,-0.11558619,0.06266218,-0.42899796,0.4466622,-0.5046581,-1.729547,0.19270138,0.8423223,1.3777994,-0.14575613,-0.9829849,0.33586478,-0.4535731,0.25847918,-0.08426593,0.3072112,-0.20159927,1.173355,0.28974715,0.97440076,-0.11077574,-0.802279,0.5818779,-1.40756,-0.07961234,-1.4747496,0.28514582,0.4928321,0.908623,-0.6250241,-0.38826594,-0.25033128,-1.1051286,-0.31992605,0.3214857,-0.7897823,-0.4090764,-0.8878215,-0.33754697,-0.853364,-0.82685417,1.4807537,0.15484518,0.9852766,-0.35244894,-1.2357954,-0.7829326,-0.05122018,-1.7053901,0.1951589,0.13560335,-0.36196527,-1.147011,-1.4867234,-0.4924751,-0.15286724,0.33471447,-0.27773,0.31693667,-0.48180842,1.1138517,0.6371458,0.68002164,1.0897994,-1.0126319,-0.090017565,-0.82172996,-0.32023978,0.02360335,0.25194323,1.560074,-0.3672986,-1.025024,-0.6571287,0.51636153,-1.2136776,0.9404661,-1.5506711,0.4604138,0.57178634,-1.3468542,-1.1620176,-0.7080045,0.40875366,0.9654596,0.7228452,-0.074279,0.99118507,-0.22188684,-0.86162543,-0.07281495,-1.9409456,-0.15156005,-0.69294566,-0.7171025,0.20624387,1.0517341,-0.43108946,1.1237341,-0.0043705064,0.52802163,-1.5026189,-1.3744097,0.83949876,0.44169486,0.7518648,-0.056396652,-0.93613523,0.067577206,1.638819,0.41366872,0.3736687,-0.67574304,-0.3796385,-0.23631822,1.1056426,0.5223746,0.2111589,-0.57608294,0.2664269,0.4528844,-0.014409722,1.2482308,1.251159,0.81513274,-1.4562398,-0.36515483,0.31965563,-0.61514175,-1.3285012,0.17110662,0.8881785,-0.12677574,0.10705433,-1.2769979,-1.3940176,-1.3415208,0.29471445,-0.49969077,-0.55443585,0.34653145,-1.522645,0.75280595,0.1607014,-0.7795862,-0.63454044,-0.95522016,0.3214857,0.2107929,0.53304124,-0.59328556,-0.6416516,0.35829616,1.771002,0.18491054,-0.7428803,0.4490151,-1.113547,-0.6631417,-1.4052594,1.1796294,-0.28970385,0.096283086,-1.1780176,-0.15799142,0.028884396,-0.8496516,-1.2968673,0.5616426,-0.5240568,-0.86361235,0.55024385,0.8802308,-1.280815,-0.15961234,-1.0219914,0.086348444,-0.531377,0.06428309,-0.43119404,0.4279955,-0.73728555,-0.7586189,0.003838644,0.9505576,-0.890645,-0.8792986,0.01947263,-0.93095875,-1.1509326,-0.9235862,-1.1160045,-1.1143836,0.3765968,-0.7708019,0.5929105,1.110087,1.0724399,0.20477982,-0.8321352,0.7833419,-0.9562659,-0.93080187,0.95128965,-1.8138345,-0.13430515,-0.64729863,-0.11950776,-0.1909326,-0.51030517,-0.4440045,0.38036153,-0.46481496,0.050322305,-0.89561236,0.6312373,-0.8503836,-0.110618874,0.22998244,0.91254455,-0.89106333,0.74098897,0.08164257,-0.9565797,1.1568321,-0.5867496,-0.37101102,-0.40614828,-1.137547,-1.6594293,0.4957602,-0.010540442,0.777904,-0.15976919,1.3154204,0.5345576,0.07547263,1.0883876,-1.401181,-0.63495874,-1.1068019,-1.0037954,-0.0095469775,-0.514279,-1.6014425,0.64969486,-0.9324228,-0.36698487,0.31034845,-0.3361875,-0.42690647,1.4315511,0.98438764,0.18051839,1.1500347,-0.7947496,1.1644138,0.5324138,0.5267668,1.3613288,0.3674988,0.22323734,0.75505435,-1.2603705,0.09424387,0.7546883,-0.705547,0.2529367,-0.33901104,1.0531981,-1.3187234,0.19421773,-0.10894567,-0.6914293,-0.3728934,1.0425837,0.3290151,0.28415236,0.8652766,1.0720739,0.42459682,-0.17184763,-0.35354698,-0.4356385,-0.27882802,-0.63208294,0.29063603,0.45272753,-0.40829208,0.95285827,-0.13545547,-1.232083,0.5814596,-0.24750777,-0.07924632,-0.7723705,1.450636,1.1334072,-1.2330763,0.9295903,-0.52384764,-0.9563182,0.36425695,0.358087,0.27291054,-0.7243182,0.45502818,1.0963354,0.022766748,1.3339825,0.070819035,-0.63093257,0.72253144,-0.53718096,-0.14423978,1.1012504,-0.031612337,-0.40823978,-0.48123324,-0.22298488,-0.44572997,0.59573406,-1.1099914,-0.41148162,-0.24478881,0.31468832,-1.6787235,0.85931575,1.5831327,0.79662293,0.86778635,-1.248449,0.73152494,-0.039298613,-0.19522017,-0.87537706,1.3197079,1.1424531,-0.8344359,-0.19762541,0.002583742,-0.32206985,-0.31156003,-0.26863194,0.54046607,0.40666217,-1.2135209,-0.35391298,-0.8010241,-0.12400449,-1.404632,0.38961643,-0.4191156,0.7079432,-0.58528554,0.59887135,-0.36871037,0.015864788,0.24979943,0.05466217,-0.7060698,-0.3994555,1.3232635,-1.4958738,0.82198244,-0.5769718,-0.6428019,0.6995772,0.57894975,0.9644661,0.7250413,1.3579302,-1.1414685,0.9105576,-0.109939136,1.1008844,0.4267929,0.6473942,-1.329181,-1.4531548,0.16253145,-1.2914816,-0.8157692,-0.85488033,1.3553158,0.2035772,0.28404778,1.4542961,0.21063603,1.0385576,-0.6799784,-0.5659391,-0.68348163,0.5196034,1.6745838,0.42579943,-0.89979535,1.4058778,-0.5933901,-0.43537703,0.4759955,0.86433536,0.3203354,0.16582558,0.23427002,0.5135903,0.9538517,0.039028186,0.56629616,-0.030357435,1.7426622,0.48593014,0.6165968,0.21926348,0.62945956,-0.080710374,0.08059681,-0.75370383,0.80922425,0.04049224,-1.3717431,-0.7088411,-0.8561352,1.2047275,-0.79156005,-0.090906456,0.3967798,-0.46356004,-0.63783455,1.3410412,-0.7794293,0.87050533,-0.19244894,0.42062294,0.29424387,1.3789498,-0.43626595,1.3532243,-0.81006986,-1.6598476,0.8856687,-0.21691953,0.23243995,0.22156413,0.35761642,-1.5213379,0.9050674,-0.3311156,0.6068713,-0.2136254,0.77816546,-1.0818084,1.437721,-0.92322016,-1.0687888,1.0733289,0.44796938,0.11500204,0.44342035,-0.37556005,-1.0234032,-0.46857965,0.98438764,-1.3861744,1.0622962,-1.4492855,0.5597602,-0.31736398,0.16263603,0.36995628,-0.22204371,-0.9821483,0.14773408,1.5285968,-1.4693117,0.8873419,-0.21697181,0.9568321,-0.4591679,0.9871066,-0.1960045,-0.6221483,-0.9354555,1.598819,-1.6711941,1.3168321,0.07913276,-0.31349468,-0.016658088,-0.545913,0.30135497,1.4858255,0.17827001,-0.5816254,0.7773811,-1.0032202,0.26731578,-0.7294424,-1.178279,-0.25650123,0.41110662,-0.3988803,-1.6906973,-0.09179534,-0.22319403,0.5964661,-0.7932333,1.0180086,-1.7939652,-0.88086724,-0.7978346,0.5084138,-0.1576254,-0.7211287,0.7467929,-0.1130241,-1.293207,0.7832896,-0.822462,1.151551,0.30287132,-1.5896777,-1.9613378,0.75698894,1.9011981,-1.1639522,0.1122308,-0.42884108,0.1399955,-0.38570383,-0.021886846,0.59155107,1.2034726,-0.3754032,-0.085782275,0.353904,-0.8141483,0.24885826,0.70496285,-1.0805012,0.6515249,0.49565563,-0.5645274,0.650636,0.1673942,-0.7185143,-0.6856777,0.095289625,0.7682308,0.6579563,-0.36761233,0.25074062,0.3703746,-0.62031823,-0.5318999,0.04582557,0.4717079,0.8546622,0.4835772,-0.25927246,-0.11762541,-0.30199143,-0.22110254,-0.4562398,1.1803615,-0.32886723,-0.0013901144,0.59029615,0.9539563,-0.856815,0.66292363,0.9970413,-0.22063194,0.66574717,-0.7865927,-1.0371548,1.375708,0.20462295,0.36545956,-0.75406986,-1.5970502,-0.16076267,-1.4799783,0.36755106,0.6040478,0.14328963,0.25732884,-0.3875862,-0.17655352,-0.29540318,-0.40437052,1.0814857,0.88744646,1.4764661,0.6225053,0.14543341,0.034531455,-0.9606058,0.16932884,-1.1985143,-1.4421221,0.31202164,1.0419563,-0.38256657,0.24828309,-0.8346973,-0.17263195,0.23092361,-0.6802398,-0.16332476,1.556989,1.090636,0.40305433,0.46360335,-0.7800568,-0.3366058,-1.2106973,0.6085968,0.7184007,0.30606088,1.9065838,0.5488844,-0.6110633,0.15332884,0.019002043,-0.8953509,1.2193158,0.45549878,0.30360335,0.49471447,-0.03067116,0.4663223,-0.71563846,-0.4919522,0.2318125,0.23782557,-0.23652737,0.11636152,-0.74779534,0.24347264,-0.34439665,-0.6720306,0.024858251,0.39704126,-0.37064502,-0.38220057,-0.40939012,-0.115795344,0.2040478,0.47040072,1.37827,0.5876818,-0.45566463,-0.57592607,-1.1879522,0.5096687,-0.6031156,0.31698897,-0.40505025,-0.045102533,-0.6835339,-0.27610907,-0.22272345,0.029407272,0.67526346,-0.41362542,-0.8665927,-0.40348163,-1.0764228,0.006348448,-0.9218607,1.0925707,-1.2418084,1.3801001,-1.4006058,-0.88473654,0.2932504,-1.0137299,0.15751185,-0.38057965,-0.2645012,0.51536804,-0.23929861,0.40943342,0.18564257,-0.5437169,0.11803472,-0.48379534,1.2365184,-0.14120711,0.3274465,0.43071446,0.7983484,0.30637458,-0.85806984,-0.646828,0.24728963,1.3267667,1.0715511,-0.52379537,-0.5521875,-0.19380842,0.63060987,-0.39250124,0.5129628,0.9731981,0.57272756,0.99207395,0.18862295,-0.03328554,0.27489746,-0.12750776,-0.5388542,0.28368178,1.0093288,1.7557341,1.6861916,0.1198125,0.73382556,0.48436153,0.8550282,-0.36640972,0.7311589,0.7030282,-0.1880045,-0.71788687,1.0516295,-0.3568411,-0.28133783,-0.63752085,0.8477602,-0.66779536,-0.19386071,0.82438767,-0.21310253,-0.96311563,0.22193015,-0.10172998,0.42245302,-0.05012214,0.6500609,-0.006200572,-0.7979391,0.9614334,0.41147262,1.1694857,0.28305432,-0.10047508,-0.2452071,-0.58999145,0.6684138,-0.982096,0.39003474,0.3303746,0.60206085,0.44227,0.9422439,-0.20552084,0.33393013,-0.8478215,-0.10183456,-0.014984885,-0.35772997,-1.490279,0.6958648,-0.00342933,0.06313276,-1.1017823,0.10663603,-0.60881495,0.8263746,0.17257068,-0.6192202,-0.33718097,1.0602046,0.9236295,-0.25106332,0.03437459,-0.9252071,-1.1507758,-0.2098607,-0.5005274,0.0878125,-0.5045012,0.82820463,-1.2369456,1.1236818,-0.19563848,0.043211192,1.4453549,-1.1174163,0.8515772,-0.11250123,-0.051952206,0.04153799,-0.21472345,-0.06978227,-0.32379535,0.90281904,0.29424387,-0.028684232,-0.5941221,0.2845184,0.66355103,0.19944648,-0.011743056,1.0592635,0.26857066,-0.96672344,0.129904,-0.434279,0.7976687,-0.33299795,-0.53174305,0.50559026,0.10187786,1.2641262,-0.30570385,-0.6818607,-0.3320568,-0.5239522,0.7250413,-0.82973,-0.90972996,0.069145836,-1.0093901,-0.45446202,-0.3769718,0.93926346,0.9459563,-0.2553509,-0.43454045,0.04242688,1.4963354,-0.9606581,1.2420609,-0.7529718,0.94700205,-1.034645,0.59976023,-0.19229208,-0.09252737,-0.43108946,0.74020463,0.7471066,0.33481905,0.47693667,-0.13639665,-0.21467116,-1.3507235,0.2752635,-0.42617443,-0.88457966,-0.0020175653,0.31970793,-0.095455475,-0.46570385,1.687185,1.4216688,0.08514583,-0.7465927,-0.39647508,-0.75987375,-0.20327246,-1.1856515,0.70600855,0.094034724,0.50914586,-0.26910254,0.54663604,0.42569485,0.2987929,0.12331577,0.19651838,-1.139377,0.21534191,0.5682831,0.68101513,0.10606086,0.6581132,0.25769484,1.3432373,1.6308191,0.050426878,0.04070139,0.3589759,0.015760213,-1.1560045,1.0785576,0.07719812,0.7639432,-0.14256659,0.33251837,-0.6414424,0.25476676,-0.19673651,0.06987786,-0.30826592,0.125721,0.0031589053,0.31243995,0.34412622,0.48279288,-0.3745143,0.9765445,0.21089746,0.5329367,0.7130674,0.98161644,0.72796935,0.15908048,1.515891,-0.52342933,-0.46324632,0.11803472,1.184806,-0.002069853,0.44169486,-0.47166464,0.38752493,-0.4044228,0.21555106,0.034636028,0.7096687,-0.12050123,0.20723733,0.35996938,1.0363616,0.87798244,0.091106616,-0.2326058,0.7564661,0.17732884,-0.40557313,-1.3239522,-0.8170241,-0.049808417,0.36169484,-0.7151156,0.048596814,0.074688315,-0.18894567,0.523002,0.019158905,1.2898517,-0.3884228,-0.86434436,0.7052243,-0.25090647,-0.27574307,-0.015141749,0.8642831,-1.0934162,0.8298256,1.078819,-0.031037172,-1.5634294,-0.32630515,-0.2401875,0.01408701,-1.4550894,1.0254858,-1.882279,0.5125968,-1.8076123,0.74993014,0.77257067,-0.99579537,1.4932504,-0.7595078,0.12922427,-0.09885417,1.1463746,-1.1894163,1.0422701,0.38271445,0.52049226,1.5890412,1.6854596,0.9598648,-0.4612594,0.062348448,1.703917,1.1626884,-1.1405797,-1.4108019,1.1682308,0.034949753,1.8295119,0.35610008,1.2928321,-0.5959522,-0.21006985,-0.2094947,0.35238767,0.15834844,0.8002308,-1.7184098,0.7759694,0.26077983,0.3939563,0.66893667,1.5588713,0.5752896,-0.681913,1.1377472,-0.84682804,-0.32724634,0.6143485,-0.34622672,-0.51783454,1.7031327,1.5005184,-0.97817445,0.25565565,0.66574717,-0.9884751,-0.22528554,1.0083877,0.7791066,-1.395168,-0.2558215,0.860989,1.3449628,0.42747262,0.689904,-0.3661483,0.86417854,0.55108047,0.4961785,0.41785172,-1.0848933,-0.029050246,-1.2082921,-0.5690241,-0.6678999,-0.19067116,0.0638125,0.7379563,0.007551062,0.21853146,-0.5834555,-0.08536397,-1.2844751,0.1291197,1.5121785,0.1556295,-0.12118097,1.2593157,-0.5071156,-0.85357314,-0.7952202,-0.5048149,-0.843743,0.027943218,-1.0851026,1.2567537,0.5488321,-0.418279,1.1389498,-1.2291025,-0.5259391,-0.1686058,0.05021773,0.10245302,1.0653288,-0.23328555,-0.97791296,-0.11469731,0.22705433,-0.835011,-0.12745547,0.5456948,-0.33948162,1.2524137,0.55798244,-0.057860702,-1.1586711,0.42250532,1.3055903,-0.94303715,0.77471447,
0,0,0,0,0,0,0,0,0,0,0,0,0,0,0,1,0,0,1,0,0,0,0,0,0,0,0,0,0,0,0,0,0,0,0,0,0,0,0,0,0,0,0,0,0,0,0,0,0,0,0,0,0,0,0,0,0,0,0,0,0,0,0,0,0,0,0,1,0,0,0,0,0,0,0,0,0,0,0,0,0,0,0,0,0,0,0,0,0,0,0,0,0,0,0,0,0,0,0,0,0,0,0,0,0,0,0,0,0,0,0,0,0,0,0,0,0,0,0,0,0,0,0,0,0,0,0,0,0,0,0,0,0,0,0,0,0,0,0,0,0,0,0,0,0,0,0,0,0,0,0,0,0,0,0,0,0,0,0,0,0,0,0,0,0,0,0,0,0,0,0,0,0,0,0,0,0,0,0,0,0,0,0,0,0,0,0,0,0,0,0,0,0,0,0,0,0,0,0,0,0,0,0,0,0,0,0,0,0,0,0,0,0,0,0,0,0,0,0,0,0,0,0,0,0,0,0,0,0,0,0,0,0,0,0,0,0,0,0,0,0,0,0,0,0,0,0,0,0,0,0,0,0,0,0,0,0,0,0,0,0,0,0,0,0,0,0,0,0,0,0,0,0,0,0,0,0,0,0,0,0,0,0,0,0,0,0,0,0,0,0,0,0,0,0,0,0,0,0,0,0,0,0,0,0,0,0,0,0,0,0,0,0,0,0,0,0,0,0,0,0,0,0,0,0,0,0,0,0,0,0,0,0,0,0,0,0,0,0,0,0,0,0,0,0,0,0,0,0,0,0,0,0,0,0,0,0,0,0,0,0,0,0,0,0,0,0,0,0,0,0,0,0,0,0,0,0,0,0,0,0,0,0,0,0,0,0,0,0,0,0,0,0,0,0,0,0,0,0,0,0,0,0,0,0,0,0,0,0,0,0,0,0,0,0,0,0,0,0,0,0,0,0,0,0,0,0,0,0,0,0,0,0,0,0,0,0,0,0,0,0,0,0,0,0,0,0,0,0,0,0,0,0,0,0,0,0,0,0,0,0,0,0,0,0,0,0,0,0,0,0,0,0,0,0,0,0,0,0,0,0,0,0,0,0,0,0,0,0,0,0,0,0,0,0,0,0,0,0,0,0,0,0,0,0,0,0,0,0,0,0,0,0,0,0,0,0,0,0,0,0,0,0,0,0,0,0,0,0,0,0,0,0,0,0,0,0,0,0,0,0,0,0,0,0,0,0,0,0,0,0,0,0,0,0,0,0,0,0,0,0,0,0,0,0,0,0,0,0,0,0,0,0,0,0,0,0,0,0,0,0,0,0,0,0,0,0,0,0,0,0,0,0,0,0,0,0,0,0,0,0,0,0,0,0,0,0,0,0,0,0,0,0,0,0,0,0,0,0,0,0,0,0,0,0,0,0,0,0,0,0,0,0,0,0,0,0,0,0,0,0,0,0,0,0,0,0,0,0,0,0,0,0,0,0,0,0,0,0,0,0,0,0,0,0,0,0,0,0,0,0,0,0,0,0,0,0,0,0,0,0,0,0,0,0,0,0,0,0,0,0,0,0,0,0,0,0,0,0,0,0,0,0,0,0,0,0,0,0,0,0,0,0,0,0,0,0,0,0,0,0,0,0,0,0,0,0,0,0,0,0,0,0,0,0,0,0,0,0,0,0,0,0,0,0,0,0,0,0,0,0,0,0,0,0,0,0,0,0,0,0,0,0,0,0,0,0,0,0,0,0,0,0,0,0,0,0,0,0,0,0,0,0,0,0,0,0,0,0,0,0,0,0,0,0,0,0,0,0,0,0,0,0,0,0,0,0,0,0,0,0,0,0,0,0,0,0,0,0,0,0,0,0,0,0,0,0,0,0,0,0,0,0,0,0,0,0,0,0,0,0,0,0,0,0,0,0,0,0,0,0,0,0,0,0,0,0,0,0,0,0,0,0,0,0,0,0,0,0,0,0,0,0,0,0,0,0,0,0,0,0,0,0,0,0,0,0,0,0,0,0,0,0,0,0,0,0,0,0,0,0,0,0,0,0,0,0,0,0,0,0,0,0,0,0,0,0,0,0,0,0,0,0,0,0,0,0,0,0,0,0,0,0,0,0,0,0,0,0,0,0,0,0,0,0,0,0,0,0,0,0,0,0,0,0,0,0,0,0,0,0,0,0,0,0,0,0,0,0,0,0,0,0,0,0,0,0,0,0,0,0,0,0,0,0,0,0,0,0,0,0,0,0,0,0,0,0,0,0,0,0,0,0,0,0,0,0,0,0,0,0,0,0,0,0,0,0,0,0,0,0,0,0,0,0,0,0,0,0,0,0,0,0,0,0,0,0,0,0,0,0,0,0,0,0,0,0,0,0,0,0,0,0,0,0,0,0,0,0,0,0,0,0,0,0,0,0,0,0,0,0,0,0,0,0,0,0,0,0,0,0,0,0,0,0,0,0,0,0,0,0,0,0,0,0,0,0,0,0,0,0,0,0,0,0,0,0,0,0,0,0,0,0,0,0,0,0,0,0,0,0,0,0,0,0,0,0,0,0,0,0,0,0,0,0,0,0,0,0,0,0,0,0,0,0,0,0,0,0,0,0,0,0,0,0,0,0,0,0,0,0,0,0,0,0,0,0,0,0,0,0,0,0,0,0,0,0,0,0,0,0,0,0,0,0,0,0,0,0,0,0,0,0,0,0,0,0,0,0,0,0,0,0,0,0,0,0,0,0,0,0,0,0,0,0,0,0,0,0,0,0,0,0,0,0,0,0,0,0,0,0,0,0,0,0,0,0,0,0,0,0,0,0,0,0,0,0,0,0,0,0,0,0,0,0,0,0,0,0,0,0,0,0,0,0,0,0,0,0,0,0,0,0,0,0,0,0,0,0,0,0,0,0,0,0,0,0,0,0,0,0,0,0,0,0,0,0,0,0,0,0,0,0,0,0,0,0,0,0,0,0,0,0,0,0,0,0,0,0,0,0,0,0,0,0,0,0,0,0,0,0,0,0,0,0,0,0,0,0,0,0,0,0,0,0,0,0,0,0,0,0,0,0,0,0,0,0,0,0,0,0,0,0,0,0,0,0,0,0,0,0,0,0,0,0,0,0,0,0,0,0,0,0,0,0,0,0,0,0,0,0,0,0,0,0,0,0,0,0,0,0,0,0,0,0,0,0,0,0,0,0,0,0,0,0,0,0,0,0,0,0,0,0,0,0,0,0,0,0,0,0,0,0,0,0,0,0,0,0,0,0,0,0,0,0,0,0,0,0,0,0,0,0,0,0,0,0,0,0,0,0,0,0,0,0,0,0,0,0,0,0,0,0,0,0,0,0,0,0,0,0,0,0,0,0,0,0,0,0,0,0,0,0,0,0,0,0,0,0,0,0,0,0,0,0,0,0,0,0,0,0,0,0,0,0,0,0,0,0,0,0,0,0,0,0,0,0,0,0,0,0,0,0,0,0,0,0,0,0,0,0,0,0,0,0,0,0,0,0,0,0,0,0,0,0,0,0,0,0,0,0,0,0,0,0,0,0,0,0,0,0,0,0,0,0,0,0,0,0,0,0,0,0,0,0,0,0,0,0,0,0,0,0,0,0,0,0,0,0,0,0,0,0,0,0,0,0,0,0,0,0,0,0,0,0,0,0,0,0,0,0,0,0,0,0,0,0,0,0,0,0,0,0,0,0,0,0,0,0,0,0,0,0,0,0,0,0,0,0,0,0,0,0,0,0,0,0,0,0,0,0,0,0,0,0,0,0,0,0,0,0,0,0,0,0,0,0,0,0,0,0,0,0,0,0,0,0,0,0,0,0,0,0,0,0,0,0,0,0,0,0,0,0,0,0,0,0,0,0,0,0,0,0,0,0,0,0,0,0,0,0,0,0,0,0,0,0,0,0,0,0,0,0,0,0,0,0,0,0,0,0,0,0,0,0,0,0,0,0,0,0,0,0,0,0,0,0,0,0,0,0,0,0,0,0,0,0,0,0,0,0,0,0,0,0,0,0,0,0,0,0,0,0,0,0,0,0,0,0,0,0,0,0,0,0,0,0,0,0,0,0,0,0,0,0,0,0,0,0,0,0,0,0,0,0,0,0,0,0,0,0,0,0,0,0,0,0,0,0,0,0,0,0,0,0,0,0,0,0,0,0,0,0,0,0,0,0,0,0,0,0,0,0,0,0,0,0,0,0,0,0,0,0,0,0,0,0,0,0,0,0,0,0,0,0,0,0,0,0,0,0,0,0,0,0,0,0,0,0,0,0,0,0,0,0,0,0,0,0,0,0,0,0,0,0,0,0,0,0,0,0,0,0,0,0,0,0,0,0,0,0,0,0,0,0,0,0,0,0,0,0,0,0,0,0,0,0,0,0,0,0,0,0,0,0,0,0,0,0,0,0,0,0,0,0,0,0,0,0,0,0,0,0,0,0,0,0,0,0,0,0,0,0,0,0,0,0,0,0,0,0,0,0,0,0,0,0,0,0,0,0,0,0,0,0,0,0,0,0,0,0,0,0,0,0,0,0,0,0,0,0,0,0,0,0,0,0,0,0,0,0,0,0,0,0,0,0,0,0,0,0,0,0,0,0,0,0,0,0,0,0,0,0,0,0,0,0,0,0,0,0,0,0,0,0,0,0,0,0,0,0,0,0,0,0,0,0,0,0,0,0,0,0,0,0,0,0,0,0,0,0,0,0,0,0,0,0,0,0,0,0,0,0,0,0,0,0,0,0,0,0,0,0,0,0,0,0,0,0,0,0,0,0,0,0,0,0,0,0,0,0,0,0,0,0,0,0,0,0,0,0,0,0,0,0,0,0,0,0,0,0,0,0,0,0,0,0,0,0,0,0,0,0,0,0,0,0,0,0,0,0,0,0,0,0,0,0,0,0,0,0,0,0,0,0,0,0,0,0,0,0,0,0,0,0,0,0,0,0,0,0,0,0,0,0,0,0,0,0,0,0,0,0,0,0,0,0,0,0,0,0,0,0,0,0,0,0,0,0,0,0,0,0,0,0,0,0,0,0,0,0,0,0,0,0,0,0,0,0,0,0,0,0,0,0,0,0,0,0,0,0,0,0,0,0,0,0,0,0,0,0,0,0,0,0,0,0,0,0,0,0,0,0,0,0,0,0,0,0,0,0,0,0,0,0,0,0,0,0,0,0,0,0,0,0,0,0,0,0,0,0,0,0,0,0,0,0,0,0,0,0,0,0,0,0,0,0,0,0,0,0,0,0,0,0,0,0,0,0,0,0,0,0,0,0,0,0,0,0,0,0,0,0,0,0,0,0,0,0,0,0,0,0,0,0,0,0,0,0,0,0,0,0,0,0,0,0,0,0,0,0,0,0,0,0,0,0,0,0,0,0,0,0,0,0,0,0,0,0,0,0,0,0,0,0,0,0,0,0,0,0,0,0,0,0,0,0,0,0,0,0,0,0,0,0,0,0,0,0,0,0,0,0,0,0,0,0,0,0,0,0,0,0,0,0,0,0,0,0,0,0,0,0,0,0,0,0,0,0,0,0,0,0,0,0,0,0,0,0,0,0,0,0,0,0,0,0,0,0,0,0,0,0,0,0,0,0,0,0,0,0,0,0,0,0,0,0,0,0,0,0,0,0,0,0,0,0,0,0,0,0,0,0,0,0,0,0,0,0,0,0,0,0,0,0,0,0,0,0,0,0,0,0,0,0,0,0,0,0,0,0,0,0,0,0,0,0,0,0,0,0,0,0,0,0,0,0,0,0,0,0,0,0,0,0,0,0,0,0,0,0,0,0,0,0,0,0,0,0,0,0,0,0,0,0,0,0,0,0,0,0,0,0,0,0,0,0,0,0,0,0,0,0,0,0,0,0,0,0,0,0,0,0,0,0,0,0,0,0,0,0,0,0,0,0,0,0,0,0,0,0,0,0,0,0,0,0,0,0,0,0,0,0,0,0,0,0,0,0,0,0,0,0,0,0,0,0,0,0,0,0,0,0,0,0,0,0,0,0,0,0,0,0,0,0,0,0,0,0,0,0,0,0,0,0,0,0,0,0,0,0,0,0,0,0,0,0,0,0,0,0,0,0,0,0,0,0,0,0,0,0,0,0,0,0,0,0,0,0,0,0,0,0,0,0,0,0,0,0,0,0,0,0,0,0,0,0,0,0,0,0,0,0,0,0,0,0,0,0,0,0,0,0,0,0,0,0,0,0,0,0,0,0,0,0,0,0,0,0,0,0,0,0,0,0,0,0,0,0,0,0,0,0,0,0,0,0,0,0,0,0,0,0,0,0,0,0,0,0,0,0,0,0,0,0,0,0,0,0,0,0,0,0,0,0,0,0,0,0,0,0,0,0,0,0,0,0,0,0,0,0,0,0,0,0,0,0,0,0,0,0,0,0,0,0,0,0,0,0,0,0,0,0,0,0,0,0,0,0,0,0,0,0,0,0,0,0,0,0,0,0,0,0,0,0,0,0,0,0,0,0,0,0,0,0,0,0,0,0,0,0,0,0,0,0,0,0,0,0,0,0,0,0,0,0,0,0,0,0,0,0,0,0,0,0,0,0,0,0,0,0,0,0,0,0,0,0,0,0,0,0,0,0,0,0,0,0,0,0,0,0,0,0,0,0,0,0,0,0,0,0,0,0,0,0,0,0,0,0,0,0,0,0,0,0,0,0,0,0,0,0,0,0,0,0,0,0,0,0,0,0,0,0,0,0,0,0,0,0,0,0,0,0,0,0,0,0,0,0,0,0,0,0,0,0,0,0,0,0,0,0,0,0,0,0,0,0,0,0,0,0,0,0,0,0,0,0,0,0,0,0,0,0,0,0,0,0,0,0,0,0,0,0,0,0,0,0,0,0,0,0,0,0,0,0,0,0,0,0,0,0,0,0,0,0,0,0,0,0,0,0,0,0,0,0,0,0,0,0,0,0,0,0,0,0,0,0,0,0,0,0,0,0,0,0,0,0,0,0,0,0,0,0,0,0,0,0,0,0,0,0,0,0,0,0,0,0,0,0,0,0,0,0,0,0,0,0,0,0,0,0,0,0,0,0,0,0,0,0,0,0,0,0,0,0,0,0,0,0,0,0,0,0,0,0,0,0,0,0,0,0,0,0,0,0,0,0,0,0,0,0,0,0,0,0,0,0,0,0,0,0,0,0,0,0,0,0,0,0,0,0,0,0,0,0,0,0,0,0,0,0,0,0,0,0,0,0,0,0,0,0,0,0,0,0,0,0,0,0,0,0,0,0,0,0,0,0,0,0,0,0,0,0,0,0,0,0,0,0,0,0,0,0,0,0,0,0,0,0,0,0,0,0,0,0,0,0,0,0,0,0,0,0,0,0,0,0,0,0,0,0,0,0,0,0,0,0,0,0,0,0,0,0,0,0,0,0,0,0,0,0,0,0,0,0,0,0,0,0,0,0,0,0,0,0,0,0,0,0,0,0,0,0,0,0,0,0,0,0,0,0,0,0,0,0,0,0,0,0,0,0,0,0,0,0,0,0,0,0,0,0,0,0,0,0,0,0,0,0,0,0,0,0,0,0,0,0,0,0,0,0,0,0,0,0,0,0,0,0,0,0,0,0,0,0,0,0,0,0,0,0,0,0,0,0,0,0,0,0,0,0,0,0,0,0,0,0,0,0,0,0,0,0,0,0,0,0,0,0,0,0,0,0,0,0,0,0,0,0,0,0,0,0,0,0,0,0,0,0,0,0,0,0,0,0,0,0,0,0,0,0,0,0,0,0,0,0,0,0,0,0,0,0,0,0,0,0,0,0,0,0,0,0,0,0,0,0,0,0,0,0,0,0,0,0,0,0,0,0,0,0,0,0,0,0,0,0,0,0,0,0,0,0,0,0,0,0,0,0,0,0,0,0,0,0,0,0,0,0,0,0,0,0,0,0,0,0,0,0,0,0,0,0,0,0,0,0,0,0,0,0,0,0,0,0,0,0,0,0,0,0,0,0,0,0,0,0,0,0,0,0,0,0,0,0,0,0,0,0,0,0,0,0,0,0,0,0,0,0,0,0,0,0,0,0,0,0,0,0,0,0,0,0,0,0,0,0,0,0,0,0,0,0,0,0,0,0,0,0,0,0,0,0,0,0,0,0,0,0,0,0,0,0,0,0,0,0,0,0,0,0,0,0,0,0,0,0,0,0,0,0,0,0,0,0,0,0,0,0,0,0,0,0,0,0,0,0,0,0,0,0,0,0,0,0,0,0,0,0,0,0,0,0,0,0,0,0,0,0,0,0,0,0,0,0,0,0,0,0,0,0,0,0,0,0,0,0,0,0,0,0,0,0,0,0,0,0,0,0,0,0,0,0,0,0,0,0,0,0,0,0,0,0,0,0,0,0,0,0,0,0,0,0,0,0,0,0,0,0,0,0,0,0,0,0,0,0,0,0,0,0,0,0,0,0,0,0,0,0,0,0,0,0,0,0,0,0,0,0,0,0,0,0,0,0,0,0,0,0,0,0,0,0,0,0,0,0,0,0,0,0,0,0,0,0,0,0,0,0,0,0,0,0,0,0,0,0,0,0,0,0,0,0,0,0,0,0,0,0,0,0,0,0,0,0,0,0,0,0,0,0,0,0,0,0,0,0,0,0,0,0,0,0,0,0,0,0,0,0,0,0,0,0,0,0,0,0,0,0,0,0,0,0,0,0,0,0,0,0,0,0,0,0,0,0,0,0,0,0,0,0,0,-0.25366074,0.43770123,0.17251839,-0.36558443,-1.0307672,1.5231278,0.18163338,0.07840074,1.3161325,0.24745214,0.41470173,-1.0746465,1.0155497,-0.05355475,0.04374255,0.26398632,0.04808807,0.48624387,0.04798208,0.30532178,-0.5950492,-0.08111172,-0.64719546,1.3968956,-0.046241555,-0.5979109,-0.83808047,-0.7949432,0.8769169,0.060382716,-0.07591829,-0.06871108,0.97643995,0.61544365,-0.5029453,0.50648767,-0.23903434,0.7186763,0.076598935,0.8686498,-0.6686051,-0.21720074,0.5470812,0.15015484,0.18205734,-0.20819174,0.9652052,-0.9204334,-0.36537245,-0.59070367,-0.15085204,-0.7823306,-0.09563212,-0.14534065,-1.2836554,-0.3622988,-0.95042807,-0.050163124,0.9053218,-0.120963335,0.72005415,-0.02408999,-0.044757716,0.6859259,0.5451734,-0.42228818,0.33022904,0.07214742,-0.4142331,0.45571923,-0.9702479,0.7552423,0.4314479,-0.14936821,-0.151276,-0.30633694,-0.37999883,0.038867082,0.26101863,-0.3184196,-0.19791088,-1.2031043,0.34898898,0.9738962,0.6306,-0.27189073,0.7614956,0.31390682,-0.3222352,-0.35890716,-0.65631044,-0.09531415,-1.4378685,-0.5431149,0.16986868,0.2241347,0.2685438,-0.40586,0.6883636,0.4039969,1.2057987,-0.06818114,-0.08545724,-0.27814403,-0.5302903,-0.33294,-0.14046519,-0.83458287,-1.0740105,0.5601177,0.15248659,0.6162916,0.6145958,-0.5504281,-0.18720604,-0.12414298,-0.39727494,-0.09266445,-0.0676512,-0.009781565,-0.20013663,-0.24380383,-0.5920815,-0.028965455,0.339768,0.74220574,-0.9076088,-0.03511278,0.42625448,-0.81349117,-0.3320921,0.98195136,0.58460104,-0.7168298,-0.17565332,0.2870918,0.20155919,0.5449614,0.4740552,-0.4759183,0.24830005,0.37092856,0.5041559,-1.0439098,1.2460743,0.66737795,-0.7523359,-0.034476846,1.1159207,0.03515749,-0.67326856,-0.6044822,0.17389624,-0.28831893,-0.013703133,-0.78731203,0.121008046,0.5441135,-0.076872185,-0.32594478,-0.16887006,-0.100083634,0.0969487,0.5681729,-0.15901315,-0.34565863,0.03017604,0.9105152,-0.46002004,-0.12085734,-0.6320391,0.34803507,0.013005929,-0.33188012,-0.101779446,0.22233291,-0.18392041,0.35789198,0.32471764,0.5986975,0.18099745,-0.4350068,0.6324018,0.1423117,-1.0170947,-0.20003064,-0.505595,-0.8952082,-0.5660084,0.059216846,0.77622795,0.01925924,0.37474415,-0.14777839,-0.07146678,-0.7757593,0.22212093,-0.009887553,-0.0111594135,0.14411351,0.096524745,-0.055038586,0.19943942,0.28168637,-0.49764588,-0.7773491,0.46833184,0.81152207,-0.38890186,-0.13940531,-0.007449821,-0.002150404,-0.06288172,0.6928151,-0.3940953,-0.7266867,0.5833292,0.23377964,0.43282574,0.16647704,0.6986445,0.118676305,0.29016545,0.1387081,0.21374784,-0.787842,-0.36600837,0.5258835,-0.88556325,-0.32997236,-0.051434983,-0.55053407,0.21639755,0.22212093,-0.32022142,0.17061059,0.2259365,0.015655637,0.21194604,0.15916385,-0.33961728,0.17887768,-0.32022142,0.70352,0.41078016,0.01353587,0.71178705,-0.3749114,-0.039246324,-0.23087324,0.45190364,-0.55509156,0.5022481,-0.7101525,0.27999055,-0.63617265,-0.3266867,-0.24337988,0.4532815,-0.11428607,-0.3501101,0.6973727,-0.20151447,-0.23808046,0.56096566,0.21194604,0.176016,0.56923276,0.22063708,-0.12085734,0.21438378,0.7063817,-0.053236786,0.15110874,0.693875,0.027950285,-0.08058178,0.19795558,-0.17141378,-0.12923042,-0.2911806,-0.38540426,0.34941292,-0.5282765,-0.10644293,-0.43627864,0.72906315,0.41067418,0.09641875,-0.23288703,0.28401813,-0.623984,0.33839014,0.5861909,0.5451734,-0.78063476,0.3086074,-0.87146676,0.6842301,-0.33156216,0.26705998,0.5012942,0.248724,0.04215272,-0.14322089,-0.20384622,0.6086604,-0.4620338,-0.12848851,-0.29616207,0.9153907,-0.55615145,0.34591532,0.4640923,-0.16547844,0.5623435,0.030705981,-0.055568527,-0.7953671,0.34676322,-0.515028,0.6062227,0.25985277,0.058686905,-0.39642704,-0.012961215,0.5245057,0.19265617,-0.16431257,0.33817816,-0.37544134,-0.13103223,0.43621737,-0.12711066,-0.010099529,0.52916914,-0.12711066,0.2788247,0.012052034,-0.09446625,0.35725605,-0.478568,0.28179237,-0.49648002,0.27363127,0.058686905,-0.21179534,0.5462333,0.2860319,-0.40882766,0.43823114,-0.117677696,-0.32212922,-0.28153569,0.22031912,-0.1121663,0.17718187,0.42678443,0.3295931,-0.1885839,-0.08270154,-0.28683507,-0.19250546,0.11825235,0.75566626,-0.7506401,0.7878867,-0.29700997,-0.414869,-0.414869,0.34103984,-0.8457116,-0.044121787,-0.057052366,0.36064768,-0.89912975,0.29429898,-0.45016313,0.019047264,0.43494552,-0.3931414,-0.30188543,-0.3067609,-0.24242598,0.62848026,0.4149137,0.44914794,-0.2719967,-0.23193313,0.009826278,0.15513629,1.0444845,0.07564504,-0.11449805,0.062396497,0.18640286,0.9725184,-0.025679816,-0.24348585,-0.16102692,0.088469625,0.06716597,-0.28704706,0.46303242,-0.10729084,0.055401266,-0.9025214,0.8227568,0.9492009,0.2232868,1.2496779,0.017033486,0.44967788,-0.65980804,0.19795558,0.3433716,-0.5590131,0.37135252,0.45900488,0.055613242,-0.7015675,-0.43044928,0.34273565,-0.14057118,0.004738838,-0.14512868,0.23483953,0.6674839,-0.007343833,-0.5302903,-0.39727494,0.08793969,0.099492416,0.43558145,0.9142248,0.185131,-0.11301421,-0.5801048,-0.010629471,-0.20660192,-0.37904495,0.26282045,-0.3356957,-0.7757593,0.5996514,0.07034562,-0.24168405,0.31157508,-0.16876407,-0.1703539,0.1295931,-0.21910854,-0.3230831,-0.009357612,0.75609016,-0.5001896,-0.14173704,0.112317,0.23430958,-0.26235178,-0.016140865,-0.59557915,0.7475051,0.47108755,0.13722427,0.2650462,0.0078125,-0.83532476,0.912529,0.739662,-0.007661798,0.4470282,-0.56304073,-0.26775718,0.37389624,-0.57628924,-0.49510217,0.15704408,-0.07772009,-0.74841434,0.49906847,-0.31142437,-0.30898666,-0.7219172,0.26366836,0.073313296,-0.15551554,-0.46160987,0.3522746,-0.22260615,0.40177116,0.376016,0.37591,0.046180278,0.4915433,0.3531225,-0.044863705,0.0777648,0.87204146,-0.60670793,0.15587822,0.59742564,-0.30707887,0.03717127,-0.09870578,0.75110877,-0.55721134,0.5924442,0.27087557,0.4012412,0.09981038,-0.61465704,0.08370015,0.16085966,-0.24719545,-0.3522299,-0.47284463,-0.1248849,0.5185703,0.37813577,0.084548056,0.118676305,-0.76961195,-0.32446095,0.41237,-0.2684991,0.3179344,0.7063817,-0.23712656,0.33860213,-0.5677042,-0.48810694,0.052327603,0.6494659,-0.7112124,0.30828944,-0.5558335,0.012052034,-0.6487853,-0.9271107,0.18301123,-0.094148286,-0.6811117,0.2358994,0.13648234,0.26282045,0.21067418,-0.38180065,-0.10347526,0.29281515,-0.37999883,-0.56261677,0.22826825,-0.07475242,0.08677381,0.7142248,-0.55964905,-0.21561092,0.51072717,0.12641345,-0.59345937,0.25889888,-0.9770312,-0.80554205,0.2603827,-0.12340107,-0.20013663,-0.75615144,0.16382734,0.19721366,-0.32106933,0.0051627913,-0.30336928,0.1259895,0.41099215,-0.23627865,-0.2867291,-0.5230831,-0.5774551,-0.187524,0.73489255,-0.34693047,0.16403931,-0.41603488,0.3660531,0.21141611,0.1705046,0.4613366,0.3877807,0.034839526,-0.5156639,0.2079185,0.5129529,0.11136311,0.102778055,0.25847492,0.011946045,-0.8048001,0.032931738,-0.32594478,-0.1377095,0.047770105,0.2922852,-0.83055526,0.5831172,-0.133046,0.26907375,-0.13792147,-0.9273226,-0.58911383,0.49122533,-0.33007833,0.8071766,0.56902075,0.32514158,0.94633925,0.14167577,0.23844314,-0.39526117,-0.52276516,-0.021334294,0.030282028,0.45624918,-0.38710007,-0.23267505,0.48348817,0.16743094,-0.3678102,-0.6975399,0.013005929,-0.070618875,0.9086074,0.03717127,0.9236578,-0.35064006,-0.14258495,-0.17586529,-0.51375616,-0.35699937,0.14294763,0.58640283,0.67532706,0.10934933,-0.8631997,-0.22599778,-0.3050651,0.1750621,0.09260317,-0.39791086,-0.051117018,-0.16908205,0.027102377,0.30998525,0.19403401,0.25550726,0.33181885,-0.7158759,0.2250886,-1.0026803,0.20950831,0.16255547,0.5834352,-0.3123783,0.26017073,0.20208913,-0.6484673,0.3805735,-0.057582308,-0.0027863341,-0.19261146,-0.296586,0.43748924,0.5333027,-0.37289762,0.15450037,0.13287874,-0.333152,0.41067418,-0.70686686,-0.22875348,-0.57279164,-0.38190663,0.14252368,-0.26722723,-0.5559395,-0.6121133,0.5389201,0.0550833,0.21586761,0.0063286633,0.09037742,-0.32838252,-0.24157807,-0.055568527,-0.63066125,-0.4731626,-0.0069198795,0.1505788,0.78173935,0.3978496,0.4169275,0.10193015,0.0314479,0.12768531,0.3368003,-0.5249909,0.55831593,-0.21815464,-0.20723784,-0.23627865,0.70193017,-0.08195963,-0.11682979,-0.123931006,0.20071128,0.16213152,0.20537476,-0.013385168,-0.83723253,-0.49732792,0.52980506,0.53022903,0.6806265,0.6478761,-0.3920815,-0.33442384,0.9062757,0.1832232,0.08073248,0.4416228,-0.17257966,-0.07729614,0.4339916,0.1378602,0.08317021,0.5432656,-0.4011965,-0.3705659,0.20399693,0.5649932,0.42614847,0.025406566,-0.506019,0.5407219,-0.20087855,0.15397042,0.42127302,-0.004270171,0.7320308,-0.065955386,0.37485012,0.14750513,-0.14004123,-0.45005715,0.82084906,-0.22875348,0.26568213,-1.0948902,-0.81879056,0.54093385,-0.5084567,-0.38052878,-0.2804758,0.37983158,-0.3958971,-0.25175294,0.7540764,-0.578515,0.17357826,-0.5992887,0.5713525,0.8550833,-0.43733853,-0.16685629,-0.050269112,0.7923382,0.28083846,0.35958782,-0.13717955,0.22254488,-0.17395751,0.65699106,-0.8347948,0.42275685,-0.079521894,-0.63649064,-0.49107462,-0.46796915,-0.13505979,0.046710223,-0.15413769,0.35450035,-0.29881176,0.04819406,-0.04846731,0.31835833,0.8089784,0.21841134,-0.94534063,0.46271446,-0.5101525,-0.36812815,0.49461696,-0.0075558093,0.35471234,0.25858092,-0.60087854,0.22477064,-0.24433376,0.33065298,-0.7396173,0.4750091,0.5771819,-0.94735444,-0.074222475,0.36827886,0.26801386,0.63367367,0.33817816,-0.37204972,-0.47242066,0.33934402,-0.3457646,-0.2556745,0.12567154,-0.89012074,-0.07252666,0.17845373,0.36827886,-0.35540953,-0.3131202,0.061124634,-0.69722193,0.4369593,0.089211546,0.19530587,0.6411988,0.77643996,0.42911616,-0.496692,0.42837423,-0.28630516,-0.24507569,0.43770123,-0.16897605,-0.3157699,-0.4374445,0.60823643,0.6694977,-0.27454045,0.24289463,0.15110874,0.0136418585,0.06589411,-0.5539257,-0.23246308,0.2405629,0.38746274,-0.12541485,-0.6768722,0.77930164,0.09663073,-0.32170525,0.0006052928,0.20675261,0.2150197,0.06705999,0.603467,-0.8036342,0.18110344,0.12810926,-0.05811225,0.13987397,-0.16378263,0.47426718,0.5680669,-0.12923042,-0.3757593,0.76011777,0.12259787,0.24755813,-0.0803698,0.10193015,-0.13082024,-0.24899726,0.075963005,0.1913843,0.11994816,-0.09351236,0.31348288,-0.62885946,-0.17416948,-0.20564802,0.23706529,0.27659893,-0.46924102,0.5157086,0.16552316,0.052327603,0.44808808,0.19912146,-0.6832315,-0.024725921,0.051161733,0.118040375,0.97993755,-0.4475134,0.43367365,0.07023963,-0.39229348,0.35757402,0.47628096,-0.18423837,-0.11449805,0.14315961,0.266848,0.051691674,-0.5444927,-0.108032756,0.019471217,0.5136949,0.36107165,-0.27825004,-0.6599141,0.20654064,-1.3720497,0.25264558,0.59562385,-0.25980806,0.03409761,0.33945003,-0.741949,0.42296883,-0.49065068,-0.2430619,-0.28354946,-0.19367133,-0.48153567,0.5514267,-0.2585362,0.45932284,0.20378494,0.6358994,-0.9450227,-0.14343286,0.57379025,-0.29245248,0.1595878,-0.12117531,0.72206795,0.24331859,-0.092452474,-0.20787378,0.4533875,-0.7188436,0.14284165,0.35619617,-0.13336398,0.2712995,0.9284272,-0.30866867,0.7153907,0.2832762,-0.113968104,-0.40289232,0.08370015,-0.29753992,0.35990578,-0.03415888,0.06705999,-0.020380398,0.63833714,-0.59324735,0.75746804,-0.118631594,-0.18296652,0.1369063,-0.36876407,-0.34269094,0.43377966,0.28846964,0.06557614,0.41078016,-0.4814297,-0.13516577,-0.11290822,-0.25366074,0.16721897,0.5726244,0.43271977,0.5972137,0.33521047,-0.24613556,0.63992697,0.17749983,0.043954525,0.58937055,0.5195242,0.2987505,-0.018790573,-0.24867928,0.29546484,-0.27803805,-0.50167346,-0.03691458,-0.815081,0.8367473,-0.32817054,-0.08598718,-0.85132897,-0.76473653,1.1595879,-0.6357487,0.10129422,-0.38423836,-0.023984002,-0.68015784,0.23950301,0.080944456,0.3051098,0.38481304,1.0970547,-0.1259448,-0.07337457,-0.98921984,-0.8931944,0.6369593,-1.0502691,-0.09393631,0.2985385,-1.1260508,-0.066591315,1.2747971,-0.016140865,-1.2926644,-1.0357487,0.26017073,0.34294763,0.25105575,-0.04073016,-0.11110642,0.13701229,-0.39515516,1.1920202,0.39615378,-0.932834,0.3094553,0.14421949,0.2788247,-0.12287112,0.70002234,-0.15254787,-0.5119543,-0.2804758,-0.35625744,0.44289464,0.92556554,0.045120396,0.18640286,-0.5881599,0.045756325,-0.32287112,0.050525803,-0.3839204,-0.28079376,-0.84963316,-0.33156216,0.7111511,0.030705981,-0.028753478,-0.2813237,-0.26648533,0.62190896,0.5365883,0.6797786,0.86176056,-1.0128552,0.28306422,-0.58211863,-0.79833484,-0.6484673,0.26398632,-0.13749751,0.40198314,-0.02345406,0.5443255,-0.24518166,0.3558782,0.7888406,-0.66362363,0.3976376,-0.44380382,-0.3050651,-0.46436557,0.34739915,-0.10485311,0.74496144,0.44618028,-0.61020553,0.27331328,-0.14555264,0.157786,-1.0936184,-0.42228818,0.5008703,0.41385382,-0.19971268,-0.5629347,1.0431067,-0.36092094,0.09090736,0.6042089,0.10563974,0.6657881,-0.53527176,0.3569381,0.7407219,-0.08429137,-0.3284885,0.21851732,-0.7506401,0.12609549,-0.070618875,0.64278865,-0.5202214,-0.34014723,-0.7475664,0.31814638,0.13287874,-0.04454574,-0.31831363,0.34941292,-0.605542,0.33637637,0.7441135,0.07108754,0.7857669,-0.17014192,-0.042531963,0.116026595,0.7618136,0.9268374,-0.31619385,-0.23150918,-0.35530356,-0.40045458,0.40717658,0.024770634,0.5912783,-0.3686581,0.439609,0.4524336,
0,0,0,1,0,0,1,0,0,0,0,0,0,1,0,0,0,0,0,0,0,0,0,0,0,0,0,0,0,0,0,0,0,0,0,0,0,0,0,0,0,0,0,0,0,0,0,0,0,0,0,0,0,0,0,0,0,0,0,0,0,0,0,0,0,0,0,0,0,0,0,0,0,0,0,0,0,0,0,0,0,0,0,0,0,0,0,0,0,0,0,0,0,0,0,0,0,0,0,0,0,0,0,0,0,0,0,0,0,0,0,0,0,0,0,0,0,0,0,0,0,0,0,0,0,0,0,0,0,0,0,0,0,0,0,0,0,0,0,0,0,0,0,0,0,0,0,0,0,0,0,0,0,0,0,0,0,0,0,0,0,0,0,0,0,0,0,0,0,0,0,0,0,0,0,0,0,0,0,0,0,0,0,0,0,0,0,0,0,0,0,0,0,0,0,0,0,0,0,0,0,0,0,0,0,0,0,0,0,0,0,0,0,0,0,0,0,0,0,0,0,0,0,0,0,0,0,0,0,0,0,0,0,0,0,0,0,0,0,0,0,0,0,0,0,0,0,0,0,0,0,0,0,0,0,0,0,0,0,0,0,0,0,0,0,0,0,0,0,0,0,0,0,0,0,0,0,0,0,0,0,0,0,0,0,0,0,0,0,0,0,0,0,0,0,0,0,0,0,0,0,0,0,0,0,0,0,0,0,0,0,0,0,0,0,0,0,0,0,0,0,0,0,0,0,0,0,0,0,0,0,0,0,0,0,0,0,0,0,0,0,0,0,0,0,0,0,0,0,0,0,0,0,0,0,0,0,0,0,0,0,0,0,0,0,0,0,0,0,0,0,0,0,0,0,0,0,0,0,0,0,0,0,0,0,0,0,0,0,0,0,0,0,0,0,0,0,0,0,0,0,0,0,0,0,0,0,0,0,0,0,0,0,0,0,0,0,0,0,0,0,0,0,0,0,0,0,0,0,0,0,0,0,0,0,0,0,0,0,0,0,0,0,0,0,0,0,0,0,0,0,0,0,0,0,0,0,0,0,0,0,0,0,0,0,0,0,0,0,0,0,0,0,0,0,0,0,0,0,0,0,0,0,0,0,0,0,0,0,0,0,0,0,0,0,0,0,0,0,0,0,0,0,0,0,0,0,0,0,0,0,0,0,0,0,0,0,0,0,0,0,0,0,0,0,0,0,0,0,0,0,0,0,0,0,0,0,0,0,0,0,0,0,0,0,0,0,0,0,0,0,0,0,0,0,0,0,0,0,0,0,0,0,0,0,0,0,0,0,0,0,0,0,0,0,0,0,0,0,0,0,0,0,0,0,0,0,0,0,0,0,0,0,0,0,0,0,0,0,0,0,0,0,0,0,0,0,0,0,0,0,0,0,0,0,0,0,0,0,0,0,0,0,0,0,0,0,0,0,0,0,0,0,0,0,0,0,0,0,0,0,0,0,0,0,0,0,0,0,0,0,0,0,0,0,0,0,0,0,0,0,0,0,0,0,0,0,0,0,0,0,0,0,0,0,0,0,0,0,0,0,0,0,0,0,0,0,0,0,0,0,0,0,0,0,0,0,0,0,0,0,0,0,0,0,0,0,0,0,0,0,0,0,0,0,0,0,0,0,0,0,0,0,0,0,0,0,0,0,0,0,0,0,0,0,0,0,0,0,0,0,0,0,0,0,0,0,0,0,0,0,0,0,0,0,0,0,0,0,0,0,0,0,0,0,0,0,0,0,0,0,0,0,0,0,0,0,0,0,0,0,0,0,0,0,0,0,0,0,0,0,0,0,0,0,0,0,0,0,0,0,0,0,0,0,0,0,0,0,0,0,0,0,0,0,0,0,0,0,0,0,0,0,0,0,0,0,0,0,0,0,0,0,0,0,0,0,0,0,0,0,0,0,0,0,0,0,0,0,0,0,0,0,0,0,0,0,0,0,0,0,0,0,0,0,0,0,0,0,0,0,0,0,0,0,0,0,0,0,0,0,0,0,0,0,0,0,0,0,0,0,0,0,0,0,0,0,0,0,0,0,0,0,0,0,0,0,0,0,0,0,0,0,0,0,0,0,0,0,0,0,0,0,0,0,0,0,0,0,0,0,0,0,0,0,0,0,0,0,0,0,0,0,0,0,0,0,0,0,0,0,0,0,0,0,0,0,0,0,0,0,0,0,0,0,0,0,0,0,0,0,0,0,0,0,0,0,0,0,0,0,0,0,0,0,0,0,0,0,0,0,0,0,0,0,0,0,0,0,0,0,0,0,0,0,0,0,0,0,0,0,0,0,0,0,0,0,0,0,0,0,0,0,0,0,0,0,0,0,0,0,0,0,0,0,0,0,0,0,0,0,0,0,0,0,0,0,0,0,0,0,0,0,0,0,0,0,0,0,0,0,0,0,0,0,0,0,0,0,0,0,0,0,0,0,0,0,0,0,0,0,0,0,0,0,0,0,0,0,0,0,0,0,0,0,0,0,0,0,0,0,0,0,0,0,0,0,0,0,0,0,0,0,0,0,0,0,0,0,0,0,0,0,0,0,0,0,0,0,0,0,0,0,0,0,0,0,0,0,0,0,0,0,0,0,0,0,0,0,0,0,0,0,0,0,0,0,0,0,0,0,0,0,0,0,0,0,0,0,0,0,0,0,0,0,0,0,0,0,0,0,0,0,0,0,0,0,0,0,0,0,0,0,0,0,0,0,0,0,0,0,0,0,0,0,0,0,0,0,0,0,0,0,0,0,0,0,0,0,0,0,0,0,0,0,0,0,0,0,0,0,0,0,0,0,0,0,0,0,0,0,0,0,0,0,0,0,0,0,0,0,0,0,0,0,0,0,0,0,0,0,0,0,0,0,0,0,0,0,0,0,0,0,0,0,0,0,0,0,0,0,0,0,0,0,0,0,0,0,0,0,0,0,0,0,0,0,0,0,0,0,0,0,0,0,0,0,0,0,0,0,0,0,0,0,0,0,0,0,0,0,0,0,0,0,0,0,0,0,0,0,0,0,0,0,0,0,0,0,0,0,0,0,0,0,0,0,0,0,0,0,0,0,0,0,0,0,0,0,0,0,0,0,0,0,0,0,0,0,0,0,0,0,0,0,0,0,0,0,0,0,0,0,0,0,0,0,0,0,0,0,0,0,0,0,0,0,0,0,0,0,0,0,0,0,0,0,0,0,0,0,0,0,0,0,0,0,0,0,0,0,0,0,0,0,0,0,0,0,0,0,0,0,0,0,0,0,0,0,0,0,0,0,0,0,0,0,0,0,0,0,0,0,0,0,0,0,0,0,0,0,0,0,0,0,0,0,0,0,0,0,0,0,0,0,0,0,0,0,0,0,0,0,0,0,0,0,0,0,0,0,0,0,0,0,0,0,0,0,0,0,0,0,0,0,0,0,0,0,0,0,0,0,0,0,0,0,0,0,0,0,0,0,0,0,0,0,0,0,0,0,0,0,0,0,0,0,0,0,0,0,0,0,0,0,0,0,0,0,0,0,0,0,0,0,0,0,0,0,0,0,0,0,0,0,0,0,0,0,0,0,0,0,0,0,0,0,0,0,0,0,0,0,0,0,0,0,0,0,0,0,0,0,0,0,0,0,0,0,0,0,0,0,0,0,0,0,0,0,0,0,0,0,0,0,0,0,0,0,0,0,0,0,0,0,0,0,0,0,0,0,0,0,0,0,0,0,0,0,0,0,0,0,0,0,0,0,0,0,0,0,0,0,0,0,0,0,0,0,0,0,0,0,0,0,0,0,0,0,0,0,0,0,0,0,0,0,0,0,0,0,0,0,0,0,0,0,0,0,0,0,0,0,0,0,0,0,0,0,0,0,0,0,0,0,0,0,0,0,0,0,0,0,0,0,0,0,0,0,0,0,0,0,0,0,0,0,0,0,0,0,0,0,0,0,0,0,0,0,0,0,0,0,0,0,0,0,0,0,0,0,0,0,0,0,0,0,0,0,0,0,0,0,0,0,0,0,0,0,0,0,0,0,0,0,0,0,0,0,0,0,0,0,0,0,0,0,0,0,0,0,0,0,0,0,0,0,0,0,0,0,0,0,0,0,0,0,0,0,0,0,0,0,0,0,0,0,0,0,0,0,0,0,0,0,0,0,0,0,0,0,0,0,0,0,0,0,0,0,0,0,0,0,0,0,0,0,0,0,0,0,0,0,0,0,0,0,0,0,0,0,0,0,0,0,0,0,0,0,0,0,0,0,0,0,0,0,0,0,0,0,0,0,0,0,0,0,0,0,0,0,0,0,0,0,0,0,0,0,0,0,0,0,0,0,0,0,0,0,0,0,0,0,0,0,0,0,0,0,0,0,0,0,0,0,0,0,0,0,0,0,0,0,0,0,0,0,0,0,0,0,0,0,0,0,0,0,0,0,0,0,0,0,0,0,0,0,0,0,0,0,0,0,0,0,0,0,0,0,0,0,0,0,0,0,0,0,0,0,0,0,0,0,0,0,0,0,0,0,0,0,0,0,0,0,0,0,0,0,0,0,0,0,0,0,0,0,0,0,0,0,0,0,0,0,0,0,0,0,0,0,0,0,0,0,0,0,0,0,0,0,0,0,0,0,0,0,0,0,0,0,0,0,0,0,0,0,0,0,0,0,0,0,0,0,0,0,0,0,0,0,0,0,0,0,0,0,0,0,0,0,0,0,0,0,0,0,0,0,0,0,0,0,0,0,0,0,0,0,0,0,0,0,0,0,0,0,0,0,0,0,0,0,0,0,0,0,0,0,0,0,0,0,0,0,0,0,0,0,0,0,0,0,0,0,0,0,0,0,0,0,0,0,0,0,0,0,0,0,0,0,0,0,0,0,0,0,0,0,0,0,0,0,0,0,0,0,0,0,0,0,0,0,0,0,0,0,0,0,0,0,0,0,0,0,0,0,0,0,0,0,0,0,0,0,0,0,0,0,0,0,0,0,0,0,0,0,0,0,0,0,0,0,0,0,0,0,0,0,0,0,0,0,0,0,0,0,0,0,0,0,0,0,0,0,0,0,0,0,0,0,0,0,0,0,0,0,0,0,0,0,0,0,0,0,0,0,0,0,0,0,0,0,0,0,0,0,0,0,0,0,0,0,0,0,0,0,0,0,0,0,0,0,0,0,0,0,0,0,0,0,0,0,0,0,0,0,0,0,0,0,0,0,0,0,0,0,0,0,0,0,0,0,0,0,0,0,0,0,0,0,0,0,0,0,0,0,0,0,0,0,0,0,0,0,0,0,0,0,0,0,0,0,0,0,0,0,0,0,0,0,0,0,0,0,0,0,0,0,0,0,0,0,0,0,0,0,0,0,0,0,0,0,0,0,0,0,0,0,0,0,0,0,0,0,0,0,0,0,0,0,0,0,0,0,0,0,0,0,0,0,0,0,0,0,0,0,0,0,0,0,0,0,0,0,0,0,0,0,0,0,0,0,0,0,0,0,0,0,0,0,0,0,0,0,0,0,0,0,0,0,0,0,0,0,0,0,0,0,0,0,0,0,0,0,0,0,0,0,0,0,0,0,0,0,0,0,0,0,0,0,0,0,0,0,0,0,0,0,0,0,0,0,0,0,0,0,0,0,0,0,0,0,0,0,0,0,0,0,0,0,0,0,0,0,0,0,0,0,0,0,0,0,0,0,0,0,0,0,0,0,0,0,0,0,0,0,0,0,0,0,0,0,0,0,0,0,0,0,0,0,0,0,0,0,0,0,0,0,0,0,0,0,0,0,0,0,0,0,0,0,0,0,0,0,0,0,0,0,0,0,0,0,0,0,0,0,0,0,0,0,0,0,0,0,0,0,0,0,0,0,0,0,0,0,0,0,0,0,0,0,0,0,0,0,0,0,0,0,0,0,0,0,0,0,0,0,0,0,0,0,0,0,0,0,0,0,0,0,0,0,0,0,0,0,0,0,0,0,0,0,0,0,0,0,0,0,0,0,0,0,0,0,0,0,0,0,0,0,0,0,0,0,0,0,0,0,0,0,0,0,0,0,0,0,0,0,0,0,0,0,0,0,0,0,0,0,0,0,0,0,0,0,0,0,0,0,0,0,0,0,0,0,0,0,0,0,0,0,0,0,0,0,0,0,0,0,0,0,0,0,0,0,0,0,0,0,0,0,0,0,0,0,0,0,0,0,0,0,0,0,0,0,0,0,0,0,0,0,0,0,0,0,0,0,0,0,0,0,0,0,0,0,0,0,0,0,0,0,0,0,0,0,0,0,0,0,0,0,0,0,0,0,0,0,0,0,0,0,0,0,0,0,0,0,0,0,0,0,0,0,0,0,0,0,0,0,0,0,0,0,0,0,0,0,0,0,0,0,0,0,0,0,0,0,0,0,0,0,0,0,0,0,0,0,0,0,0,0,0,0,0,0,0,0,0,0,0,0,0,0,0,0,0,0,0,0,0,0,0,0,0,0,0,0,0,0,0,0,0,0,0,0,0,0,0,0,0,0,0,0,0,0,0,0,0,0,0,0,0,0,0,0,0,0,0,0,0,0,0,0,0,0,0,0,0,0,0,0,0,0,0,0,0,0,0,0,0,0,0,0,0,0,0,0,0,0,0,0,0,0,0,0,0,0,0,0,0,0,0,0,0,0,0,0,0,0,0,0,0,0,0,0,0,0,0,0,0,0,0,0,0,0,0,0,0,0,0,0,0,0,0,0,0,0,0,0,0,0,0,0,0,0,0,0,0,0,0,0,0,0,0,0,0,0,0,0,0,0,0,0,0,0,0,0,0,0,0,0,0,0,0,0,0,0,0,0,0,0,0,0,0,0,0,0,0,0,0,0,0,0,0,0,0,0,0,0,0,0,0,0,0,0,0,0,0,0,0,0,0,0,0,0,0,0,0,0,0,0,0,0,0,0,0,0,0,0,0,0,0,0,0,0,0,0,0,0,0,0,0,0,0,0,0,0,0,0,0,0,0,0,0,0,0,0,0,0,0,0,0,0,0,0,0,0,0,0,0,0,0,0,0,0,0,0,0,0,0,0,0,0,0,0,0,0,0,0,0,0,0,0,0,0,0,0,0,0,0,0,0,0,0,0,0,0,0,0,0,0,0,0,0,0,0,0,0,0,0,0,0,0,0,0,0,0,0,0,0,0,0,0,0,0,0,0,0,0,0,0,0,0,0,0,0,0,0,0,0,0,0,0,0,0,0,0,0,0,0,0,0,0,0,0,0,0,0,0,0,0,0,0,0,0,0,0,0,0,0,0,0,0,0,0,0,0,0,0,0,0,0,0,0,0,0,0,0,0,0,0,0,0,0,0,0,0,0,0,0,0,0,0,0,0,0,0,0,0,0,0,0,0,0,0,0,0,0,0,0,0,0,0,0,0,0,0,0,0,0,0,0,0,0,0,0,0,0,0,0,0,0,0,0,0,0,0,0,0,0,0,0,0,0,0,0,0,0,0,0,0,0,0,0,0,0,0,0,0,0,0,0,0,0,0,0,0,0,0,0,0,0,0,0,0,0,0,0,0,0,0,0,0,0,0,0,0,0,0,0,0,0,0,0,0,0,0,0,0,0,0,0,0,0,0,0,0,0,0,0,0,0,0,0,0,0,0,0,0,0,0,0,0,0,0,0,0,0,0,0,0,0,0,0,0,0,0,0,0,0,0,0,0,0,0,0,0,0,0,0,0,0,0,0,0,0,0,0,0,0,0,0,0,0,0,0,0,0,0,0,0,0,0,0,0,0,0,0,0,0,0,0,0,0,0,0,0,0,0,0,0,0,0,0,0,0,0,0,0,0,0,0,0,0,0,0,0,0,0,0,0,0,0,0,0,0,0,0,0,0,0,0,0,0,0,0,0,0,0,0,0,0,0,0,0,0,0,0,0,0,0,0,0,0,0,0,0,0,0,0,0,0,0,0,0,0,0,0,0,0,0,0,0,0,0,0,0,0,0,0,0,0,0,0,0,0,0,0,0,0,0,0,0,0,0,0,0,0,0,0,0,0,0,0,0,0,0,0,0,0,0,0,0,0,0,0,0,0,0,0,0,0,0,0,0,0,0,0,0,0,0,0,0,0,0,0,0,0,0,0,0,0,0,0,0,0,0,0,0,0,0,0,0,0,0,0,0,0,0,0,0,0,0,0,0,0,0,0,0,0,0,0,0,0,0,0,0,0,0,0,0,0,0,0,0,0,0,0,0,0,0,0,0,0,0,0,0,0,0,0,0,0,0,0,0,0,0,0,0,0,0,0,0,0,0,0,0,0,0,0,0,0,0,0,0,0,0,0,0,0,0,0,0,0,0,0,0,0,0,0,0,0,0,0,0,0,0,0,0,0,0,0,0,0,0,0,0,0,0,0,0,0,0,0,0,0,0,0,0,0,0,0,0,0,0,0,0,0,0,0,0,0,0,0,0,0,0,0,0,0,0,0,0,0,0,0,0,0,0,0,0,0,0,0,0,0,0,0,0,0,0,0,0,0,0,0,0,0,0,0,0,0,0,0,0,0,0,0,0,0,0,0,0,0,0,0,0,0,0,0,0,0,0,0,0,0,0,0,0,0,0,0,0,0,0,0,0,0,0,0,0,0,0,0,0,0,0,0,0,0,0,0,0,0,0,0,0,0,0,0,0,0,0,0,0,0,0,0,0,0,0,0,0,0,0,0,0,0,0,0,0,0,0,0,0,0,0,0,0,0,0,0,0,0,0,0,0,0,0,0,0,0,0,0,-1.6329195,0.85555106,2.0072374,0.069145836,1.1885706,0.15421773,-0.42444894,0.63416547,0.40718505,-0.31903717,-0.071926065,0.59243995,0.6835249,0.41769487,0.38140726,0.32854453,-0.06068423,1.2035772,-0.8460437,-0.90167767,-0.3816254,0.37879288,-0.5804228,0.39170793,0.38015237,0.21058375,-0.66063195,-0.3109326,0.53445303,-0.3269326,-0.16170384,0.33942035,0.9070543,1.1908714,1.6570674,1.0316557,0.03657067,1.0641263,-1.451168,-1.2805012,-0.54769075,-0.00065808825,-0.8337038,0.51521116,0.3067406,0.87751186,-1.0819653,1.0035772,1.0636034,-0.2393509,-1.0224097,1.5234203,0.16043995,-1.1311679,0.9874203,0.7038648,0.89142036,1.2717602,-0.118095994,1.0508451,0.10161642,0.17962949,0.85989094,0.13131577,1.0725446,-0.58340317,-0.2060437,0.09732884,-1.2751156,-0.67574304,0.4073419,0.40331578,-1.059743,1.6318648,-0.47861886,-0.80206984,-0.23971692,-0.40034437,-0.84625286,-0.5530241,0.41016543,0.7597602,-1.6113248,-0.002435866,-0.03088031,0.390453,0.17816544,0.6899563,0.43296283,-0.21017443,0.013511847,0.47500205,-0.7282398,0.65215236,-0.20813522,-0.58141625,-0.729181,0.29680598,0.8693027,0.32043996,-0.14110254,0.82757723,-0.1268803,0.18904126,1.4949759,0.989721,1.350087,-0.60196525,-0.6470895,-0.09848815,0.7850674,1.265538,-0.115743056,0.95128965,0.20274061,0.3247798,-1.0469326,0.19986479,-0.10439665,0.25173408,0.66355103,0.738636,-0.20081495,-0.07778227,0.5345576,-0.38533783,-0.55997837,-0.6401352,0.6318648,0.20687133,-1.0508542,0.6435772,0.25596938,-0.9037169,0.1795772,0.6262177,-0.032344364,-0.4318215,-0.26821363,0.054139297,-0.77048814,-0.30779535,0.03395629,0.13612622,-1.2735993,0.5874726,0.285721,0.52770793,0.6904269,-0.5870633,-0.06863195,-0.95652735,-0.11464502,-0.8389326,-0.5002136,0.5441262,-0.30831823,-0.38173,-0.02826593,0.27866217,-0.619377,0.5900347,-0.6368934,-0.50533783,0.83704126,0.5613288,0.6883877,0.37351185,0.05596936,-0.0730241,0.16127655,-0.8124751,0.90093666,0.15374714,0.034270015,0.034531455,0.24357721,0.37220466,0.1850674,0.74778634,-0.40489337,-0.497913,0.64796937,-0.4718215,0.120753676,-0.37315482,-1.0173378,-0.62774307,-0.9752463,0.42538112,-0.37895873,0.50543344,-0.32933784,0.40504125,-0.36389992,-0.10471038,-0.00055351306,0.478453,0.7643092,-0.7372333,0.45094976,1.1592896,0.21110661,-0.17357312,0.12802166,-0.12939012,-0.78209597,-0.16421364,-0.03396528,1.0299824,0.056858253,-0.34606984,-0.120971814,-0.29294568,0.27928963,-0.33237052,-0.03997835,-0.48907638,-0.82831824,-0.41216135,0.17277981,-0.1555862,0.15259682,0.2907406,-0.5946973,0.41058373,-0.65603065,0.2949236,-0.2207888,-0.61399144,0.26496282,-0.78580844,-0.5950633,-0.22434436,0.8605184,-0.30983457,-0.8331287,0.05262296,-0.4899653,-0.43778226,-0.67140317,0.7337733,0.22919813,0.37523735,0.12974714,-0.378279,-0.11276266,0.9912896,0.09345956,0.51207393,-0.9689718,-0.19077574,-1.046096,-0.20023979,0.12922427,0.838453,-0.5083705,0.08786479,0.5480478,-0.09697182,0.277355,0.648806,0.51996934,-0.56076264,0.7101916,-0.022095997,-0.2869849,-0.7454424,-0.07417443,0.57476676,-0.00071037584,-0.5176777,-0.1092594,-0.26188684,0.41225696,-0.81629205,-0.048239786,0.084936686,-0.9238999,0.78177327,-1.1011548,-0.57979536,1.051002,0.14559028,-0.6006058,-0.7812594,0.35170794,1.0031066,-0.8679522,-1.0692594,-0.19114175,-0.42350775,-0.089390114,0.8518909,-0.52918094,-0.71663195,0.86747265,-0.74178225,0.09173407,-0.2763705,-1.0568672,-0.18774305,-0.6927365,-0.70831823,-0.85174304,0.75233537,0.22679289,-0.21843587,-1.2842137,-0.19569077,-0.3930241,1.0037863,0.8625576,0.47254452,0.6153419,0.26883212,-0.17378227,-0.38471037,-0.43888032,0.72650534,-0.82434434,-0.043743055,1.1452765,-0.9214424,0.8391328,-0.42382148,0.41387784,-0.59365153,-0.5749849,-0.1395862,-0.4266973,-0.3184097,0.032544527,0.121904,-0.5498868,0.1665053,0.79285824,0.6484922,-0.87987375,-0.03004371,-0.16102411,0.9537994,0.845355,0.33351186,0.3687014,-0.7840306,-1.2258607,-0.05226593,0.010949755,-1.0627757,0.62914586,-0.0680045,-0.7192463,0.04477982,1.4996818,-1.121181,-0.11919404,0.12410008,0.8036295,-0.6158215,0.12132884,0.13230923,-0.3311679,0.8355249,-0.47412214,0.5303746,0.44854453,-0.7179914,0.1273942,-0.14204371,0.5784269,-0.91056657,-1.2599,0.596257,0.21006086,0.44514585,-0.42633128,0.569904,0.19798243,0.50402164,-0.27103716,-0.56489336,-0.21848816,-0.83349466,0.25194323,-1.0531548,-0.10528554,0.2331197,-0.950096,-1.2227235,-0.10397835,0.054243874,0.88080597,0.5214334,1.1795249,0.39322427,0.05387786,-0.5826189,0.80247915,0.8233942,-0.0776777,-0.13822672,-0.48128554,0.30574715,0.4752112,-0.5303836,-0.9355078,0.57309353,-0.618279,1.3126491,-0.23187378,0.79285824,0.5948452,0.7937994,-0.32635742,-0.1374424,-0.020527368,-0.057128675,-0.38549468,-0.12128554,-0.08473652,0.047289625,-0.87616134,1.5519694,0.32561642,-0.2995862,0.5278648,0.68002164,-0.10596528,0.1564661,-0.5579391,-0.32583457,-0.4056777,-0.23532476,-1.352658,-1.2407627,-0.21095875,0.06287132,0.16143341,1.0066621,0.06449224,1.4610412,0.6709236,1.1168844,-0.4427496,-0.33357313,-0.2603705,0.8183223,-0.31187376,-0.5593509,0.39793015,0.0621393,0.68917197,-1.1005274,-0.6001875,-0.8361614,-0.47778228,1.2567014,-0.24165155,0.3151589,-0.45393914,-0.11156005,0.8273681,0.09199551,-1.3942267,0.55657065,-0.05901103,0.9262962,-0.2216254,-0.0057299836,0.0072373366,0.37816545,0.13565564,0.37722427,0.78480595,0.71536803,-0.8472986,-0.50319403,-0.11339012,-0.93901104,0.35552493,0.06334191,-0.2869849,-0.1256254,-0.14643587,0.20085825,-0.785181,0.44640073,0.5783223,-0.3572594,-0.6064097,0.43374714,0.47667524,-0.7861744,-0.3771287,0.22177328,0.25345957,-1.5986189,0.24227002,-0.53017443,0.022819037,0.42956415,-0.49859273,0.7205968,0.27332884,-0.49305025,-0.24013521,0.28080598,0.4739563,-0.12363848,-0.22204371,-0.0136254085,0.5349236,0.5453811,-0.11103717,-0.41880187,-0.49587378,0.44681904,-0.19699796,1.0504792,0.025485702,0.99050534,0.22224388,0.4578517,0.49528962,-0.6152986,0.1345576,0.8469759,0.058479168,-1.5450764,-0.35736397,-0.26565155,0.33680597,-0.2966581,-1.2805535,0.5772765,0.017747141,-0.8809195,1.2183746,0.21994323,0.108204655,-0.25216135,1.1285446,-0.857547,0.09654453,-0.40457967,-0.1766581,-0.0030110294,-0.35469732,0.33764255,-0.36410907,0.6733288,-1.8436385,1.2480216,1.1456949,-0.08091953,-0.100997955,-0.28034437,1.0644922,-0.53461885,-0.36494568,0.27113277,0.577538,0.735185,0.49596936,0.79296285,0.13058375,-0.6218346,0.42705432,0.3534857,-0.5583574,0.8677341,1.8355772,0.6271066,0.55568177,0.5939563,-0.07542933,0.80305433,-0.14674959,0.51955104,0.9733027,0.6679955,0.39066216,-0.15077573,-0.91908944,1.1031327,-0.8516385,0.8675772,-0.029782271,-0.24316789,0.22491054,-0.8851025,-0.9235339,-0.43914175,0.06893668,1.3645706,-0.03323325,-0.6592725,0.48347265,0.1421393,-0.37895873,-0.24123324,-0.5520829,-0.74533784,-0.24703717,-1.2753247,-0.35192606,0.8287798,-0.44546854,-0.6596908,-0.17880188,0.42318505,-0.33184764,0.5346099,0.31270137,0.25868833,-0.17519404,-0.01273652,0.5732504,0.20519812,0.5514988,-0.5227496,0.49413928,0.23092361,0.9043354,-0.8928934,-0.066749595,-0.580632,-0.5632202,-0.45843586,-0.077416256,-0.2545143,-0.68844897,0.24326348,0.68687135,0.014348447,0.6087537,-0.7846058,0.6740086,0.43672752,-0.4570764,1.3217994,-0.069729984,-0.27966464,-0.46392608,0.15908048,-0.90340316,1.053721,-0.18397835,-0.4974424,-0.30481496,0.14658374,-0.27773,-1.1362398,0.37858373,-0.81885415,-0.065546975,1.2577472,-1.0926843,-0.25566462,0.67458373,0.012727533,-0.62057966,-1.105181,0.38977328,-0.55443585,0.8455641,1.2294595,0.20410009,0.19144648,0.865904,0.56127656,0.2267406,-0.44003063,0.7910805,-0.6295731,0.13293669,-0.34810907,-0.4541483,-0.03328554,-0.25106332,0.95427,0.44927657,-0.38471037,0.26653147,-0.56421363,-0.8873509,1.1270282,-1.7735208,-0.23271038,-0.8461483,0.53084517,0.21236151,-0.45749468,-0.06392606,-0.6580176,0.25769484,0.012309232,-0.6848411,0.73858374,1.275525,-1.5503575,-0.32761234,0.61858374,-0.1370241,-0.5563705,0.027420344,-0.273913,0.13800858,-0.48405677,-0.47030514,-0.7336777,0.54438764,0.24974714,0.11296283,-1.1544882,-0.7080045,0.18010008,-0.18491952,0.7063746,-0.6051548,0.3943223,-0.30397835,-1.043168,0.60221773,0.3481001,-0.07595221,0.28713277,0.2558125,-0.29937705,-0.001808415,-0.4726058,-0.8313509,-0.044422794,0.13842689,0.3808321,0.29502818,0.20964256,0.19494976,0.963002,-1.2408673,0.083995506,0.67379946,-0.5678738,0.14689746,-0.100997955,0.049851716,-0.49843585,0.0153942,0.28263602,0.28802165,0.381355,-0.4275339,-0.0018607026,0.36938113,0.32718503,-0.24719404,-0.48918095,0.27118504,1.0159694,0.4355249,-0.72567767,-1.0548803,-0.20332475,-0.11919404,0.97340727,0.3733027,-0.4204228,0.449172,-0.9606581,-0.082226716,-0.14230515,-0.013520833,-0.15234436,0.22140726,-0.8240829,-0.2389326,-0.36206985,0.5147929,-0.7606058,-0.6652855,0.11876675,-0.80086726,0.7508713,0.42747262,-0.9034555,-0.25059274,-0.3745143,-0.10429207,0.69806087,0.7910805,-0.3698084,0.23840074,-0.37880188,-0.8602659,0.6196295,0.7198125,-0.194279,1.1963092,-0.4545143,0.5796295,-0.31454045,-0.16614829,1.1712112,-0.4494947,1.3419825,-0.17095874,0.57732886,0.4641785,-0.8177561,0.4461393,0.31311968,-0.16206986,-0.32238358,-0.24552083,0.29774714,0.8190543,-0.2200045,0.15149878,0.18935499,-0.16552083,-0.69697183,-0.2254424,0.29027003,0.11505433,0.8753158,-0.012265932,0.41168177,-0.44505024,-0.6475078,-0.42742932,-1.4218868,-0.4628803,-1.436475,1.1360216,0.3960478,-1.7153771,0.6263223,0.37947264,-0.0241875,-0.7045012,0.07034845,0.33952492,0.2528321,-0.18444894,0.5232112,-0.40149468,0.07123733,0.8672635,0.27955106,0.6855118,0.49236152,-0.17090645,1.301355,1.021721,0.06647917,-0.16337705,-0.14141625,0.3518125,-0.20583455,-0.58816135,0.021459559,-0.29550776,0.95777327,0.49523735,0.12634845,-0.6112202,-0.81728554,0.043786354,0.9985576,-0.42617443,-0.931011,0.8856687,-1.0869325,0.13319813,-0.96468425,-0.31255352,-0.38706332,-0.08797835,-0.482645,0.4878648,-0.40614828,-0.3711679,0.69147265,0.037041258,1.1502962,0.56185174,0.14909354,0.12833537,0.42318505,0.892989,0.38778636,1.6999432,0.51243997,-0.086514294,1.0765706,0.95374715,0.83819157,1.1330936,0.52326345,0.74517196,0.35207394,-1.3831941,0.341355,-0.20578226,-0.5235862,0.2756818,0.3678125,-0.74303716,0.23526348,0.18224387,-0.27448815,0.91484517,-0.016292075,-0.58016133,0.017799428,0.9177733,0.6119955,0.52227,0.36817852,-1.059534,-0.2995862,-0.04280188,0.012047794,-0.46983457,1.0644922,0.41178635,-0.05984763,-0.15077573,0.60017854,-0.38193914,-0.33001757,0.26883212,0.28043994,0.063446485,1.7460086,0.022871323,0.3244661,1.0003353,-0.015403186,0.62198246,-0.21221365,-0.978279,-1.2260176,-0.78063196,0.4953419,0.60122424,0.89445305,-0.10821364,0.10998243,0.6410151,0.56859684,-0.63752085,-1.5545927,-0.3434032,0.091420345,1.1345053,-0.09556005,0.34443995,-0.82905024,-0.29817444,-0.0709326,0.5241524,0.1181393,0.43045303,-0.22805679,0.96854454,-0.11506332,-0.2878215,-0.26099795,0.50229615,0.2714465,0.7539563,-0.41430515,-0.68761235,-1.1315862,0.0031066176,0.42198244,-0.601913,-0.34727246,0.20038766,-0.122540444,-0.81085414,0.26684517,0.30579942,0.68660986,-0.102096,-0.39025286,0.16833538,0.36279288,0.7662439,1.1076818,-0.5978346,-1.4462006,-0.26565155,-0.38873652,-0.3054947,1.6919955,0.39840072,-0.42340317,0.124309234,1.6382439,0.61931574,0.59243995,0.33989093,0.68603474,0.36002165,-0.9278738,0.6470282,0.4368321,0.07834845,0.18543342,0.90726346,0.08812623,-0.3576777,-0.43265808,1.1391066,1.1315249,-1.0881352,-0.18471037,0.574819,-0.052579656,-1.3484751,0.25816545,1.366087,1.4896426,1.7530152,-0.6619914,-1.1347234,0.15667525,0.17016543,0.8159171,-1.7848673,0.82783866,-0.13739012,0.38914582,0.31400856,0.21481903,0.69189095,0.9801001,-0.5975731,-0.26722017,0.056544527,0.72681904,0.71845305,-0.18434437,-0.12515482,1.3620086,0.24132884,0.5677079,-0.3167888,-0.18157312,-0.6086581,-0.8933117,-0.5451287,0.5787406,1.052989,0.44629616,0.4761001,-0.986279,0.4083354,0.6452504,-0.31793913,1.2765183,-1.5472202,0.3527014,0.44127655,1.349355,0.29131576,-0.57017446,1.0141393,-0.60505027,1.563734,0.019524919,1.0125184,0.08258374,-0.62973,-0.68133783,1.0286752,0.7976687,-1.4737039,-0.8091287,-1.2552463,1.2963877,-0.0038476307,0.42360336,-0.042017564,-0.34146854,0.70642686,-0.6211025,-0.2835339,-0.26575613,-0.0060959966,-0.6648672,-0.75773,-1.0481352,0.18496282,-0.34021366,-0.046305146,0.77419156,0.7407798,-0.15710253,0.75123733,0.23761642,-0.15339011,1.0859301,0.17481904,-0.2960829,0.26909354,0.1118125,-0.27532476,0.29858375,0.36247918,-0.04604371,-0.41728553,0.20169485,-0.12165155,-0.16588685,-0.5032463,-0.28505024,0.09936806,-0.4009718,-0.91914177,0.46653146,0.79840076,-0.40086722,-1.7053901,0.31996936,-0.01749469,-0.24719404,-0.039350897,0.732623,0.3257733,0.39379942,0.67113274,0.35965565,-0.42863193,-0.57639664,-0.6443705,0.5967798,-0.11877573,0.4060347,0.16891053,0.66151184,0.7684922,-0.19312868,-0.70444894,-0.1526058,-0.7287627,-0.037991423,0.5909759,-0.6536254,
0,0,0,0,0,0,0,0,0,0,0,0,1,0,0,0,0,0,0,0,0,0,0,0,0,0,0,0,0,0,0,0,0,0,0,0,0,0,0,0,0,0,0,0,0,0,0,0,0,0,0,0,0,0,0,0,0,0,0,0,0,0,0,0,0,0,0,0,0,0,0,0,0,0,0,0,0,0,0,0,0,0,0,0,0,0,0,0,0,0,0,0,0,0,0,0,0,0,0,0,0,0,0,0,0,0,0,0,0,0,0,0,0,0,0,0,0,0,0,0,0,0,0,0,0,0,0,0,0,0,0,0,0,0,0,0,0,0,0,0,0,0,0,0,0,0,0,0,0,0,0,0,0,0,0,0,0,0,0,0,0,0,0,0,0,0,0,0,0,0,0,0,0,0,0,0,0,0,0,0,0,0,0,0,0,0,0,0,0,0,0,0,0,0,0,0,0,0,0,0,0,0,0,0,0,0,0,0,0,0,0,0,0,0,0,0,0,0,0,0,0,0,0,0,0,0,0,0,0,0,0,0,0,0,0,0,0,0,0,0,0,0,0,0,0,0,0,0,0,0,0,0,0,0,0,0,0,0,0,0,0,0,0,0,0,0,0,0,0,0,0,0,0,0,0,0,0,0,0,0,0,0,0,0,0,0,0,0,0,0,0,0,0,0,0,0,0,0,0,0,0,0,0,0,0,0,0,0,0,0,0,0,0,0,0,0,0,0,0,0,0,0,0,0,0,0,0,0,0,0,0,0,0,0,0,0,0,0,0,0,0,0,0,0,0,0,0,0,0,0,0,0,0,0,0,0,0,0,0,0,0,0,0,0,0,0,0,0,0,0,0,0,0,0,0,0,0,0,0,0,0,0,0,0,0,0,0,0,0,0,0,0,0,0,0,0,0,0,0,0,0,0,0,0,0,0,0,0,0,0,0,0,0,0,0,0,0,0,0,0,0,0,0,0,0,0,0,0,0,0,0,0,0,0,0,0,0,0,0,0,0,0,0,0,0,0,0,0,0,0,0,0,0,0,0,0,0,0,0,0,0,0,0,0,0,0,0,0,0,0,0,0,0,0,0,0,0,0,0,0,0,0,0,0,0,0,0,0,0,0,0,0,0,0,0,0,0,0,0,0,0,0,0,0,0,0,0,0,0,0,0,0,0,0,0,0,0,0,0,0,0,0,0,0,0,0,0,0,0,0,0,0,0,0,0,0,0,0,0,0,0,0,0,0,0,0,0,0,0,0,0,0,0,0,0,0,0,0,0,0,0,0,0,0,0,0,0,0,0,0,0,0,0,0,0,0,0,0,0,0,0,0,0,0,0,0,0,0,0,0,0,0,0,0,0,0,0,0,0,0,0,0,0,0,0,0,0,0,0,0,0,0,0,0,0,0,0,0,0,0,0,0,0,0,0,0,0,0,0,0,0,0,0,0,0,0,0,0,0,0,0,0,0,0,0,0,0,0,0,0,0,0,0,0,0,0,0,0,0,0,0,0,0,0,0,0,0,0,0,0,0,0,0,0,0,0,0,0,0,0,0,0,0,0,0,0,0,0,0,0,0,0,0,0,0,0,0,0,0,0,0,0,0,0,0,0,0,0,0,0,0,0,0,0,0,0,0,0,0,0,0,0,0,0,0,0,0,0,0,0,0,0,0,0,0,0,0,0,0,0,0,0,0,0,0,0,0,0,0,0,0,0,0,0,0,0,0,0,0,0,0,0,0,0,0,0,0,0,0,0,0,0,0,0,0,0,0,0,0,0,0,0,0,0,0,0,0,0,0,0,0,0,0,0,0,0,0,0,0,0,0,0,0,0,0,0,0,0,0,0,0,0,0,0,0,0,0,0,0,0,0,0,0,0,0,0,0,0,0,0,0,0,0,0,0,0,0,0,0,0,0,0,0,0,0,0,0,0,0,0,0,0,0,0,0,0,0,0,0,0,0,0,0,0,0,0,0,0,0,0,0,0,0,0,0,0,0,0,0,0,0,0,0,0,0,0,0,0,0,0,0,0,0,0,0,0,0,0,0,0,0,0,0,0,0,0,0,0,0,0,0,0,0,0,0,0,0,0,0,0,0,0,0,0,0,0,0,0,0,0,0,0,0,0,0,0,0,0,0,0,0,0,0,0,0,0,0,0,0,0,0,0,0,0,0,0,0,0,0,0,0,0,0,0,0,0,0,0,0,0,0,0,0,0,0,0,0,0,0,0,0,0,0,0,0,0,0,0,0,0,0,0,0,0,0,0,0,0,0,0,0,0,0,0,0,0,0,0,0,0,0,0,0,0,0,0,0,0,0,0,0,0,0,0,0,0,0,0,0,0,0,0,0,0,0,0,0,0,0,0,0,0,0,0,0,0,0,0,0,0,0,0,0,0,0,0,0,0,0,0,0,0,0,0,0,0,0,0,0,0,0,0,0,0,0,0,0,0,0,0,0,0,0,0,0,0,0,0,0,0,0,0,0,0,0,0,0,0,0,0,0,0,0,0,0,0,0,0,0,0,0,0,0,0,0,0,0,0,0,0,0,0,0,0,0,0,0,0,0,0,0,0,0,0,0,0,0,0,0,0,0,0,0,0,0,0,0,0,0,0,0,0,0,0,0,0,0,0,0,0,0,0,0,0,0,0,0,0,0,0,0,0,0,0,0,0,0,0,0,0,0,0,0,0,0,0,0,0,0,0,0,0,0,0,0,0,0,0,0,0,0,0,0,0,0,0,0,0,0,0,0,0,0,0,0,0,0,0,0,0,0,0,0,0,0,0,0,0,0,0,0,0,0,0,0,0,0,0,0,0,0,0,0,0,0,0,0,0,0,0,0,0,0,0,0,0,0,0,0,0,0,0,0,0,0,0,0,0,0,0,0,0,0,0,0,0,0,0,0,0,0,0,0,0,0,0,0,0,0,0,0,0,0,0,0,0,0,0,0,0,0,0,0,0,0,0,0,0,0,0,0,0,0,0,0,0,0,0,0,0,0,0,0,0,0,0,0,0,0,0,0,0,0,0,0,0,0,0,0,0,0,0,0,0,0,0,0,0,0,0,0,0,0,0,0,0,0,0,0,0,0,0,0,0,0,0,0,0,0,0,0,0,0,0,0,0,0,0,0,0,0,0,0,0,0,0,0,0,0,0,0,0,0,0,0,0,0,0,0,0,0,0,0,0,0,0,0,0,0,0,0,0,0,0,0,0,0,0,0,0,0,0,0,0,0,0,0,0,0,0,0,0,0,0,0,0,0,0,0,0,0,0,0,0,0,0,0,0,0,0,0,0,0,0,0,0,0,0,0,0,0,0,0,0,0,0,0,0,0,0,0,0,0,0,0,0,0,0,0,0,0,0,0,0,0,0,0,0,0,0,0,0,0,0,0,0,0,0,0,0,0,0,0,0,0,0,0,0,0,0,0,0,0,0,0,0,0,0,0,0,0,0,0,0,0,0,0,0,0,0,0,0,0,0,0,0,0,0,0,0,0,0,0,0,0,0,0,0,0,0,0,0,0,0,0,0,0,0,0,0,0,0,0,0,0,0,0,0,0,0,0,0,0,0,0,0,0,0,0,0,0,0,0,0,0,0,0,0,0,0,0,0,0,0,0,0,0,0,0,0,0,0,0,0,0,0,0,0,0,0,0,0,0,0,0,0,0,0,0,0,0,0,0,0,0,0,0,0,0,0,0,0,0,0,0,0,0,0,0,0,0,0,0,0,0,0,0,0,0,0,0,0,0,0,0,0,0,0,0,0,0,0,0,0,0,0,0,0,0,0,0,0,0,0,0,0,0,0,0,0,0,0,0,0,0,0,0,0,0,0,0,0,0,0,0,0,0,0,0,0,0,0,0,0,0,0,0,0,0,0,0,0,0,0,0,0,0,0,0,0,0,0,0,0,0,0,0,0,0,0,0,0,0,0,0,0,0,0,0,0,0,0,0,0,0,0,0,0,0,0,0,0,0,0,0,0,0,0,0,0,0,0,0,0,0,0,0,0,0,0,0,0,0,0,0,0,0,0,0,0,0,0,0,0,0,0,0,0,0,0,0,0,0,0,0,0,0,0,0,0,0,0,0,0,0,0,0,0,0,0,0,0,0,0,0,0,0,0,0,0,0,0,0,0,0,0,0,0,0,0,0,0,0,0,0,0,0,0,0,0,0,0,0,0,0,0,0,0,0,0,0,0,0,0,0,0,0,0,0,0,0,0,0,0,0,0,0,0,0,0,0,0,0,0,0,0,0,0,0,0,0,0,0,0,0,0,0,0,0,0,0,0,0,0,0,0,0,0,0,0,0,0,0,0,0,0,0,0,0,0,0,0,0,0,0,0,0,0,0,0,0,0,0,0,0,0,0,0,0,0,0,0,0,0,0,0,0,0,0,0,0,0,0,0,0,0,0,0,0,0,0,0,0,0,0,0,0,0,0,0,0,0,0,0,0,0,0,0,0,0,0,0,0,0,0,0,0,0,0,0,0,0,0,0,0,0,0,0,0,0,0,0,0,0,0,0,0,0,0,0,0,0,0,0,0,0,0,0,0,0,0,0,0,0,0,0,0,0,0,0,0,0,0,0,0,0,0,0,0,0,0,0,0,0,0,0,0,0,0,0,0,0,0,0,0,0,0,0,0,0,0,0,0,0,0,0,0,0,0,0,0,0,0,0,0,0,0,0,0,0,0,0,0,0,0,0,0,0,0,0,0,0,0,0,0,0,0,0,0,0,0,0,0,0,0,0,0,0,0,0,0,0,0,0,0,0,0,0,0,0,0,0,0,0,0,0,0,0,0,0,0,0,0,0,0,0,0,0,0,0,0,0,0,0,0,0,0,0,0,0,0,0,0,0,0,0,0,0,0,0,0,0,0,0,0,0,0,0,0,0,0,0,0,0,0,0,0,0,0,0,0,0,0,0,0,0,0,0,0,0,0,0,0,0,0,0,0,0,0,0,0,0,0,0,0,0,0,0,0,0,0,0,0,0,0,0,0,0,0,0,0,0,0,0,0,0,0,0,0,0,0,0,0,0,0,0,0,0,0,0,0,0,0,0,0,0,0,0,0,0,0,0,0,0,0,0,0,0,0,0,0,0,0,0,0,0,0,0,0,0,0,0,0,0,0,0,0,0,0,0,0,0,0,0,0,0,0,0,0,0,0,0,0,0,0,0,0,0,0,0,0,0,0,0,0,0,0,0,0,0,0,0,0,0,0,0,0,0,0,0,0,0,0,0,0,0,0,0,0,0,0,0,0,0,0,0,0,0,0,0,0,0,0,0,0,0,0,0,0,0,0,0,0,0,0,0,0,0,0,0,0,0,0,0,0,0,0,0,0,0,0,0,0,0,0,0,0,0,0,0,0,0,0,0,0,0,0,0,0,0,0,0,0,0,0,0,0,0,0,0,0,0,0,0,0,0,0,0,0,0,0,0,0,0,0,0,0,0,0,0,0,0,0,0,0,0,0,0,0,0,0,0,0,0,0,0,0,0,0,0,0,0,0,0,0,0,0,0,0,0,0,0,0,0,0,0,0,0,0,0,0,0,0,0,0,0,0,0,0,0,0,0,0,0,0,0,0,0,0,0,0,0,0,0,0,0,0,0,0,0,0,0,0,0,0,0,0,0,0,0,0,0,0,0,0,0,0,0,0,0,0,0,0,0,0,0,0,0,0,0,0,0,0,0,0,0,0,0,0,0,0,0,0,0,0,0,0,0,0,0,0,0,0,0,0,0,0,0,0,0,0,0,0,0,0,0,0,0,0,0,0,0,0,0,0,0,0,0,0,0,0,0,0,0,0,0,0,0,0,0,0,0,0,0,0,0,0,0,0,0,0,0,0,0,0,0,0,0,0,0,0,0,0,0,0,0,0,0,0,0,0,0,0,0,0,0,0,0,0,0,0,0,0,0,0,0,0,0,0,0,0,0,0,0,0,0,0,0,0,0,0,0,0,0,0,0,0,0,0,0,0,0,0,0,0,0,0,0,0,0,0,0,0,0,0,0,0,0,0,0,0,0,0,0,0,0,0,0,0,0,0,0,0,0,0,0,0,0,0,0,0,0,0,0,0,0,0,0,0,0,0,0,0,0,0,0,0,0,0,0,0,0,0,0,0,0,0,0,0,0,0,0,0,0,0,0,0,0,0,0,0,0,0,0,0,0,0,0,0,0,0,0,0,0,0,0,0,0,0,0,0,0,0,0,0,0,0,0,0,0,0,0,0,0,0,0,0,0,0,0,0,0,0,0,0,0,0,0,0,0,0,0,0,0,0,0,0,0,0,0,0,0,0,0,0,0,0,0,0,0,0,0,0,0,0,0,0,0,0,0,0,0,0,0,0,0,0,0,0,0,0,0,0,0,0,0,0,0,0,0,0,0,0,0,0,0,0,0,0,0,0,0,0,0,0,0,0,0,0,0,0,0,0,0,0,0,0,0,0,0,0,0,0,0,0,0,0,0,0,0,0,0,0,0,0,0,0,0,0,0,0,0,0,0,0,0,0,0,0,0,0,0,0,0,0,0,0,0,0,0,0,0,0,0,0,0,0,0,0,0,0,0,0,0,0,0,0,0,0,0,0,0,0,0,0,0,0,0,0,0,0,0,0,0,0,0,0,0,0,0,0,0,0,0,0,0,0,0,0,0,0,0,0,0,0,0,0,0,0,0,0,0,0,0,0,0,0,0,0,0,0,0,0,0,0,0,0,0,0,0,0,0,0,0,0,0,0,0,0,0,0,0,0,0,0,0,0,0,0,0,0,0,0,0,0,0,0,0,0,0,0,0,0,0,0,0,0,0,0,0,0,0,0,0,0,0,0,0,0,0,0,0,0,0,0,0,0,0,0,0,0,0,0,0,0,0,0,0,0,0,0,0,0,0,0,0,0,0,0,0,0,0,0,0,0,0,0,0,0,0,0,0,0,0,0,0,0,0,0,0,0,0,0,0,0,0,0,0,0,0,0,0,0,0,0,0,0,0,0,0,0,0,0,0,0,0,0,0,0,0,0,0,0,0,0,0,0,0,0,0,0,0,0,0,0,0,0,0,0,0,0,0,0,0,0,0,0,0,0,0,0,0,0,0,0,0,0,0,0,0,0,0,0,0,0,0,0,0,0,0,0,0,0,0,0,0,0,0,0,0,0,0,0,0,0,0,0,0,0,0,0,0,0,0,0,0,0,0,0,0,0,0,0,0,0,0,0,0,0,0,0,0,0,0,0,0,0,0,0,0,0,0,0,0,0,0,0,0,0,0,0,0,0,0,0,0,0,0,0,0,0,0,0,0,0,0,0,0,0,0,0,0,0,0,0,0,0,0,0,0,0,0,0,0,0,0,0,0,0,0,0,0,0,0,0,0,0,0,0,0,0,0,0,0,0,0,0,0,0,0,0,0,0,0,0,0,0,0,0,0,0,0,0,0,0,0,0,0,0,0,0,0,0,0,0,0,0,0,0,0,0,0,0,0,0,0,0,0,0,0,0,0,0,0,0,0,0,0,0,0,0,0,0,0,0,0,0,0,0,0,0,0,0,0,0,0,0,0,0,0,0,0,0,0,0,0,0,0,0,0,0,0,0,0,0,0,0,0,0,0,0,0,0,0,0,0,0,0,0,0,0,0,0,0,0,0,0,0,0,0,0,0,0,0,0,0,0,0,0,0,0,0,0,0,0,0,0,0,0,0,0,0,0,0,0,0,0,0,0,0,0,0,0,0,0,0,0,0,0,0,0,0,0,0,0,0,0,0,0,0,0,0,0,0,0,0,0,0,0,0,0,0,0,0,0,0,0,0,0,0,0,0,0,0,0,0,0,0,0,0,0,0,0,0,0,0,0,0,0,0,0,0,0,0,0,0,0,0,0,0,0,0,0,0,0,0,0,0,0,0,0,0,0,0,0,0,0,0,0,0,0,0,0,0,0,0,0,0,0,0,0,0,0,0,0,0,0,0,0,0,0,0,0,0,0,0,0,0,0,0,0,0,0,0,0,0,0,0,0,0,0,0,0,0,0,0,0,0,0,0,0,0,0,0,0,0,0,0,0,0,0,0,0,0,0,0,0,0,0,0,0,0,0,0,0,0,0,0,0,0,0,0,0,0,0,0,0,0,0,0,0,0,0,0,0,0,0,0,0,0,0,0,0,0,0,0,0,0,0,0,0,0,0,0,0,0,0,0,0,0,0,0,0,0,0,0,0,0,0,0,0,0,0,0,0,0,0,0,0,0,0,0,0,0,0,0,0,0,0,0,0,0,0,0,0,0,0,0,0,0,0,0,0,0,0,0,0,0,0,0,0,0,0,0,0,0,0,0,0,0,0,0,0,0,0,0,0,0,0,0,0,0,0,0,0,0,0,0,0,0,0,0,0,0,0,0,0,0,0,0,0,0,0,0,0,0,0,0,0,0,0,0,0,0,0,0,0,0,0,0,0,0,0,0,0,0,0,0,0,0,0,0,0,0,0,0,0,0,0,0,0,0,0,0,0,0,0,0,0,0,0,0,0,0,0,0,0,0,0,0,0,0,0,0,0,0,0,0,0,0,0,0,0,0,0,0,0,0,0,0,0,0,0,0,0,0,0,0,0,0,0,0,0,0,0,0,0,0,0,0,0,0,0,0,0,0,0,0,0,0,0,0,0,0,0,0,0,0,0,0,0,0,0,0,0,0,0,0,0,0,0,0,0,0,0,0,0,0,0,0,0,0,0,0,0,0,0,0,0,0,0,0,0.721538,0.36796936,0.3374857,0.05194322,-0.44745547,-0.17556004,1.1061654,-0.67156005,-0.53216136,1.3247799,-0.042906456,-1.2058868,-1.576292,-0.178279,-0.99271035,-1.2904881,-0.5181483,0.114322305,-0.9244751,-0.087089464,0.7879955,-0.4031156,0.3946883,-0.30350778,-0.6034293,0.38187787,1.1864792,-0.94779533,-1.001181,0.2549759,-0.09728554,-0.0003966503,-0.1543313,-0.42387378,-0.6465143,-0.34172997,-0.47250122,0.39688438,0.5545837,-0.2107496,-0.05723325,-0.3850241,-0.409913,0.28043994,-0.28797835,0.41183865,0.37089747,-0.14397834,0.36289746,-0.29629207,-0.37456658,0.31928962,0.29847917,0.29685825,0.3585053,-0.011795343,1.2191067,-0.47271037,0.049224265,0.63719815,-0.43668422,-0.39799142,0.01602165,-0.28803062,0.7548452,0.7771197,0.1038125,0.14386478,-0.47872344,-0.4225143,-0.27950776,-0.011847631,0.08943342,-0.3079522,-0.46371692,-0.20520711,-0.77373,-0.46272343,-0.4325535,0.3952635,0.04519812,0.7706883,0.052884396,0.09068832,-0.5050241,-0.21655351,-0.067481615,-0.98193914,-0.048082925,-0.0095469775,-0.46272343,0.39630923,0.031289626,0.45868832,0.17047916,-0.74936396,0.5285968,0.029407272,-0.05169077,0.17445302,-0.70857966,-0.32311562,0.6797602,0.7993419,0.6203615,0.72221774,0.17471446,-0.020997958,-0.2536777,-0.24541625,-0.054932598,0.5792635,-0.11971691,-0.24389991,-0.20086724,-0.6120568,0.374087,0.13351184,-0.017285539,0.68457067,-0.02826593,0.008858251,-0.033756126,-0.1905143,0.30898896,-0.16274959,0.39207393,0.040283088,-0.13995221,0.7155249,0.06459682,-0.30429208,-0.17085417,-0.21848816,0.44101512,-0.1429326,0.06443995,-0.5931287,-0.16431822,0.593904,0.4212504,-0.044370506,-0.37932476,0.31751186,0.35108048,-0.5892071,-0.032553513,0.70600855,-0.56876266,-0.23208292,-0.21252736,-0.10946854,-0.8966058,-0.41942933,-0.084841095,-0.09749469,-0.4330241,0.13309355,0.361904,0.044936683,-0.028684232,-0.13430515,-0.06742933,-0.29906332,0.54522425,0.7020347,-0.043952204,0.43625695,0.23745956,-0.37765154,-0.15197834,0.20342034,-0.27846202,0.4162831,-0.44055352,0.5887798,0.9176687,0.29602164,-0.18857966,0.3239955,-0.44337705,0.13879289,-0.43898487,-0.074854165,-0.47333783,-0.1766058,-0.99396527,-0.19574305,-0.5085797,-0.6067234,0.4119955,0.25785172,0.16854453,-0.5543313,-0.40003064,-0.19705024,-0.26099795,0.021041257,-0.39281496,0.03421773,-0.626279,0.18229616,0.45549878,0.20216544,0.2124138,-0.21733783,-0.13974306,0.12436152,-0.07825286,-0.32850122,0.5122831,0.34945956,0.47683212,0.09931577,-0.26565155,0.39751184,-0.330279,0.16457067,0.9541131,-0.46465808,1.0487536,0.26051837,0.36472753,-0.1463313,-0.20463194,-0.04274959,-0.7149587,0.12263603,0.007446487,-0.27150777,0.07076675,0.012936683,-0.5487888,-0.49482802,-0.32363847,-0.093520835,0.33508047,-0.18826593,-0.6542529,0.42072752,-0.25090647,0.00891054,0.12666218,0.2153942,0.45157722,-0.28029206,-0.45901102,0.094348446,-0.31830513,0.35416543,-0.13671038,-0.4312986,0.19908047,-0.07778227,-0.2115339,0.44410008,-0.3833509,-0.064867236,0.17476675,-0.53331167,0.036622956,0.52838767,0.22010008,0.613721,-0.36410907,-0.6404489,-0.18303718,0.45617852,0.29215237,0.4284138,0.29351184,0.24770792,-0.020788807,-0.11506332,-0.60264504,-0.7766058,-0.41723326,0.7417733,0.27860987,0.5581393,-0.02183456,0.30485824,0.32896283,0.08796936,0.06637459,-0.28593913,-0.51333785,0.07066217,-0.64332473,-0.2865143,-0.7930241,-0.13315482,0.033904005,0.19296283,-0.05723325,0.12619159,-0.34638357,-0.50617445,-0.22282802,-0.56803066,-0.24918096,-0.005050245,0.22260989,-0.17226593,-0.035377044,0.0878125,0.006348448,0.13549878,-0.1770241,-0.25101104,-0.013677696,0.40054452,0.59155107,0.28483212,-0.6206842,0.22365564,-0.060841095,-0.44510254,-0.18204372,0.07845302,-0.0037953432,-0.40667117,-0.41399142,-0.098697305,0.25194323,0.21607395,-0.2603705,-0.12871037,-0.39532477,-0.18993914,0.054243874,0.47076675,0.0865576,0.19871446,-0.65848815,-0.13346854,-0.38784763,-0.6132071,0.41340727,-0.07987378,0.13236152,0.34579942,-0.5071679,-0.23396528,0.084309235,-0.05681495,0.19672753,0.18726347,-0.13864502,-0.5542267,0.0073419116,-0.19119404,-0.00515482,0.141721,-0.70397836,-0.4052594,0.43630922,0.42313275,-0.7180437,0.34721118,-0.09796528,0.1694857,-0.030984886,-0.8420176,-0.1374424,0.27128962,-0.42789993,0.39625695,0.023917075,0.39494976,-0.05922018,-0.10486724,-0.6737561,0.20017852,0.62328964,-0.022828022,0.068204656,-0.107377045,0.06140727,0.51045305,0.31081903,0.09874061,0.0045183823,0.27808702,0.08002165,0.067315765,-0.5429849,-0.0060437093,0.16969486,-0.20959927,-0.21566463,0.1838125,-0.22063194,0.029250408,0.13549878,0.18945956,-0.010645016,-0.18423979,0.2171197,-0.15187377,-0.07433129,0.5787406,-0.47197834,0.13889746,0.03228309,-0.15589991,0.27296284,0.036622956,-0.8038476,-0.27626592,-0.013311683,0.4154465,-0.2566058,0.0076556373,-0.6311417,0.49262297,0.44629616,0.3656687,-0.86476266,-0.30199143,-0.69467115,-0.1268803,-0.36839664,0.0062438725,-0.24348162,0.20891054,-0.27804372,0.28002164,0.39589092,-0.1370241,-0.15877573,-0.028004494,-0.5748803,-0.17822671,0.3783223,-0.07454044,-0.33106333,0.17952491,-0.09163848,-0.41519403,0.07092361,-0.15626593,-0.6743313,-0.15574306,-0.33142933,0.15186478,-0.57854044,-0.09603064,0.2843615,0.44504127,-0.036004495,0.27745956,0.2546622,-0.14727247,0.10684518,0.32854453,-0.214096,-0.130279,-0.3993509,-0.8451548,0.35568178,-0.23328555,-0.47956005,0.28263602,-0.036893383,-0.31234437,0.03186479,0.30067524,-0.19569077,0.40425694,-0.5534424,-0.14193913,-0.3681352,0.066008575,-0.20023979,0.13685825,0.4814857,-0.13179535,-0.27318096,-0.735194,-0.08468423,0.14470139,-0.026017565,0.7016164,0.23510662,0.18276675,-0.47736397,-0.03757312,0.449172,-0.062095996,-0.19877574,-0.005939134,-0.65430516,0.15338112,-0.012527369,0.3072635,0.21654452,0.0012242647,0.0042569446,-0.4658607,0.4869759,0.06710662,-0.030723447,-0.037886847,-0.021102533,-0.016658088,-0.34816137,-0.8334424,0.33528963,0.2574857,0.47876674,-0.023350898,-0.0049979575,-0.70141625,-0.1841875,0.1294857,0.30240074,0.04258374,0.63824385,-0.47752082,-0.16939011,0.22318505,0.26998243,0.66679287,0.64253145,0.030819036,-0.072553515,0.36169484,-0.32855353,-0.019272467,0.1366491,-0.1850241,-0.03584763,0.21419159,-0.030618872,0.07102819,0.17387787,-0.10810907,0.011368056,-0.19391298,-0.69754696,-0.5068019,-0.4549326,-0.5552202,0.23860988,-0.42392606,0.08174714,-0.23077573,0.09837459,0.101145834,0.011211193,-0.21718097,0.41821772,0.115315765,0.28033537,-0.056292076,0.42982557,-0.038043708,0.289904,-0.23610906,-0.21681495,0.52310663,0.004309232,-0.011847631,0.014819036,0.114688314,0.23960336,0.08514583,-0.3693901,-0.078409724,-0.29456657,-0.41880187,0.15212622,0.68561643,-0.0081875,-0.053834558,0.55123734,-0.210279,-0.68248814,0.015289624,0.6858256,0.06543341,-0.22397836,-0.1816777,0.10062296,0.63291055,0.56556416,-0.3614947,-0.21556005,0.04389093,0.62747264,0.47369486,-0.5406842,-0.03391299,-0.11987378,0.111760214,-0.59474957,0.021093545,-0.31610906,-0.2810241,-0.42821366,0.20577328,-0.1749326,-0.5092071,-0.31464502,0.31332883,-0.13848816,-0.11443587,-0.652998,-0.15370384,0.18799551,0.12681903,-0.3000568,-0.74099797,0.26553798,0.13638766,-0.58946854,0.08734191,-0.13106331,0.07359028,0.016230801,-0.06889338,-0.18899795,-0.17257966,-0.28463194,-0.14648816,0.614087,0.26407394,0.016858252,-0.22403064,-0.023926063,0.21351184,0.24080597,-0.3442398,-0.61299795,0.1366491,0.0478125,0.007917075,0.045093548,0.40671447,-0.43908945,-0.234279,0.37434846,0.4962308,-0.09012214,0.32640073,-0.0844228,-0.08123325,0.00932884,-0.013677696,0.17926349,-0.2801875,-0.66894567,0.36159027,-0.24008292,-0.1446058,-0.28301102,-0.39861888,0.025799427,0.075629495,-0.38931167,-0.32206985,-0.14983456,-0.33305025,-0.278096,0.26119813,0.016126225,-0.29592606,0.022034721,-0.004318219,-0.12473652,-0.20593913,-0.7286058,-0.09655351,0.41518503,0.027106619,0.4418517,0.08415237,-0.06821364,0.04331577,0.12263603,0.00974714,-0.022618873,-0.15161234,0.14334191,0.15453145,-0.19647509,-0.49890646,0.30004779,-0.70173,-0.580632,0.22036152,0.41487134,-0.33801755,-0.15140319,-0.36264503,0.42794323,0.57827,-0.12865809,0.23657067,0.3130151,-0.019377042,-0.035324756,0.42825696,-0.2494424,-0.19040972,0.11458374,0.078191586,-0.50816137,-0.25320712,-0.20071037,-0.90272343,-0.08588684,-0.14073652,-0.17430514,0.19568178,-0.048971813,-0.5583574,-0.55956006,-0.3172071,0.14877982,0.19170792,-0.19605678,0.44556412,-0.05163848,-0.20301104,-0.23229207,-0.44891953,0.52770793,0.5428713,0.13319813,0.42459682,-0.43757313,0.035890933,0.4717602,-0.182462,0.10804779,-0.45566463,-0.13069731,-0.31945547,-0.10146855,0.2974334,-0.12274959,0.3770674,0.32551184,0.44336805,-0.08055352,0.47625694,0.26480597,-0.57080185,0.08352492,0.117877856,-0.4855731,-0.07626593,0.20451838,-0.47318095,-0.06240972,-0.24206986,0.16075368,0.03876675,-0.34042278,-0.20447508,0.24587786,-0.1294947,0.016492238,-0.16238357,-0.041599266,0.10438766,0.1269236,-0.3230633,-0.06863195,0.185538,-0.2684751,-0.24154697,0.055917077,-0.5256254,-0.3841875,0.10438766,-0.2612594,-0.1706973,-0.33597836,-0.71893257,-0.817913,0.4516818,-0.26491952,-0.2974424,0.4162308,-0.022932598,-0.25299796,0.22553799,0.12263603,-0.14356005,0.04310662,-0.27417442,-0.27820057,0.16101511,0.19651838,0.25136805,0.024492238,-0.15098488,0.19442688,-0.40473652,-0.15579534,0.1673942,-0.2330764,0.2103223,-0.0107495915,0.024126226,-0.12588684,0.2743746,-0.37634435,-0.07924632,-0.23689339,0.16221772,0.03740727,-0.2398215,-0.080030635,0.2664269,-0.15872344,-0.32363847,0.37173408,0.04932884,-0.25812215,-0.13629207,0.019681782,0.0012242647,0.18030924,0.23317198,0.12436152,-0.06852737,-0.85942936,0.21680596,-0.06005678,0.1926491,-0.39114174,0.36901513,-0.19971691,-0.005520833,-0.47192606,0.6521001,-0.01942933,0.24174714,0.60880595,-0.053991422,-0.4023313,0.20284519,0.22945955,-0.062984884,0.39034843,0.14768179,0.41251838,-0.04599142,0.35793015,0.22935498,0.005564134,0.33983865,0.21586479,0.0398125,-0.15793914,0.18036152,-0.0414424,0.45973408,-0.068370506,0.12504126,0.56300205,0.7078909,-0.03783456,0.31761643,-0.63741624,0.10119812,-0.23872344,0.15960334,0.08007394,-0.5897823,-0.36337703,0.43348572,-0.49597836,0.061982434,-0.22826593,0.0073941993,-0.11213521,0.07024387,0.108204655,-0.18983456,-0.078095995,0.21126348,0.10998243,0.49743342,-0.19720711,-0.19840972,-0.05728554,-0.25294566,0.46135497,-0.5563705,0.28253144,-0.48034436,0.38684517,0.07751185,-0.37132475,0.21372099,-0.1357692,0.25821772,-0.00097181374,-0.18737704,-0.16635743,-0.06863195,0.13361642,0.27416545,-0.7400045,0.3863746,0.08425695,0.039080475,0.34187785,0.08321119,-0.20782149,-0.5181483,0.055446487,0.3080478,0.1947929,0.32080597,0.12054452,-0.486096,-0.53691953,0.2583746,0.33586478,0.22836152,0.27866217,-0.33932474,0.19986479,-0.2258607,-0.30115482,-0.3336254,0.11866217,-0.3205535,-0.023664623,0.12577328,-0.36081496,0.39536807,0.14328963,-0.03213521,0.016335376,0.028518382,-0.40201756,0.3345576,0.25596938,0.066270016,-0.5770764,-0.18617442,-0.32337704,0.27176023,0.4739563,-0.025756128,0.24974714,-0.0957692,-0.3499914,0.3341916,0.17576021,-0.31323326,-0.38267115,0.1799955,0.49267524,-0.04170384,-0.42978227,0.45121118,-0.31150776,0.23081903,0.50344646,0.40807393,-0.06178227,0.24394321,-0.29906332,-0.26539013,0.12603472,0.026060866,-0.1105143,0.6242831,0.45236152,0.073015116,0.44389093,0.27876675,-0.5099914,0.122374594,0.06083211,0.27845302,-0.065180965,-0.21848816,-0.3521875,-0.622096,0.5134857,-0.2831156,-0.3690241,-0.32640973,-0.7282398,0.18166871,-0.16729861,-0.16165155,-0.21357313,0.18694976,0.5828713,0.53759027,-0.23710254,0.3047537,-0.42063195,-0.11940318,0.43996936,0.29314584,-0.09404371,-0.112919524,0.16838767,0.0734857,-0.27908945,0.43913275,-0.3858084,0.68247914,0.25419158,0.19254452,-0.27840972,0.11160335,0.253355,-0.034906454,0.4243354,0.0764661,-0.043586195,-0.08959927,-0.83406985,1.6269498,0.45560336,1.7001001,1.4220347,0.806087,-1.3053378,1.5532242,1.6396556,-0.16996528,0.13361642,-1.7722659,-1.3990895,1.7283354,1.442636,-0.77864504,1.1636295,-1.4659129,1.092623,1.3337733,1.1994988,1.0163354,-1.7483182,-0.7290241,0.30579942,-1.3860699,-1.8282659,-0.65289336,-1.1713247,1.7060086,-0.6924228,0.11453146,-1.0940437,0.06391708,-0.9948019,1.3571981,-1.4745927,1.566453,1.0224007,-0.30434436,-0.13508946,1.1417733,1.6150281,0.589355,1.1658778,0.6012766,-0.17205678,0.3097733,1.7210674,1.6475511,-1.0771025,-0.022932598,-1.1041352,-1.086828,-1.6122136,1.2609367,-0.64756006,1.0314465,1.3009889,1.5634203,0.25973406,-1.2752202,-1.6453117,0.34067523,1.1307406,0.1392112,0.0768844,1.0224531,1.1607537,0.21900204,0.6751589,-0.6881352,1.7027668,-0.41399142,-0.9603444,-0.2646581,-0.49221364,-0.4626189,0.7645184,-0.3976777,0.39406088,-0.42172998,1.1133288,1.3485184,-0.9246842,-1.4066188,0.23233537,-1.0718215,0.77732885,0.829721,0.19254452,-1.3535993,0.9189759,0.8263223,0.055760212,0.32420465,0.3345576,0.68258375,0.7837079,-0.35072345,0.21105433,-0.71537703,-0.11401757,-0.042017564,0.87510663,-0.66784763,-1.0143051,0.78276676,-0.09472345,0.57518506,-0.29634437,0.20807394,0.42564258,1.369172,-0.41864502,-1.0623051,1.1465315,-0.5962659,0.12483211,0.4200478,-0.46026593,-0.35396528,-0.62978226,0.3796818,-0.80076265,-0.46606985,0.33910662,-1.1255732,
0,0,0,1,1,0,1,0,0,0,1,0,0,0,0,0,0,0,0,0,0,0,0,0,0,0,0,0,0,0,0,0,0,0,0,0,0,0,0,0,0,0,0,0,0,0,0,0,0,0,0,0,0,0,0,0,0,0,0,0,0,0,0,0,0,0,0,0,0,0,0,0,0,0,0,0,0,0,0,0,0,0,0,0,0,0,0,0,0,0,0,0,0,0,0,0,0,0,0,0,0,0,0,0,0,0,0,0,0,0,0,0,0,0,0,0,0,0,0,0,0,0,0,0,0,0,0,0,0,0,0,0,0,0,0,0,0,0,0,0,0,0,0,0,0,0,0,0,0,0,0,0,0,0,0,0,0,0,0,0,0,0,0,0,0,0,0,0,0,0,0,0,0,0,0,0,0,0,0,0,0,0,0,0,0,0,0,0,0,0,0,0,0,0,0,0,0,0,0,0,0,0,0,0,0,0,0,0,0,0,0,0,0,0,0,0,0,0,0,0,0,0,0,0,0,0,0,0,0,0,0,0,0,0,0,0,0,0,0,0,0,0,0,0,0,0,0,0,0,0,0,0,0,0,0,0,0,0,0,0,0,0,0,0,0,0,0,0,0,0,0,0,0,0,0,0,0,0,0,0,0,0,0,0,0,0,0,0,0,0,0,0,0,0,0,0,0,0,0,0,0,0,0,0,0,0,0,0,0,0,0,0,0,0,0,0,0,0,0,0,0,0,0,0,0,0,0,0,0,0,0,0,0,0,0,0,0,0,0,0,0,0,0,0,0,0,0,0,0,0,0,0,0,0,0,0,0,0,0,0,0,0,0,0,0,0,0,0,0,0,0,0,0,0,0,0,0,0,0,0,0,0,0,0,0,0,0,0,0,0,0,0,0,0,0,0,0,0,0,0,0,0,0,0,0,0,0,0,0,0,0,0,0,0,0,0,0,0,0,0,0,0,0,0,0,0,0,0,0,0,0,0,0,0,0,0,0,0,0,0,0,0,0,0,0,0,0,0,0,0,0,0,0,0,0,0,0,0,0,0,0,0,0,0,0,0,0,0,0,0,0,0,0,0,0,0,0,0,0,0,0,0,0,0,0,0,0,0,0,0,0,0,0,0,0,0,0,0,0,0,0,0,0,0,0,0,0,0,0,0,0,0,0,0,0,0,0,0,0,0,0,0,0,0,0,0,0,0,0,0,0,0,0,0,0,0,0,0,0,0,0,0,0,0,0,0,0,0,0,0,0,0,0,0,0,0,0,0,0,0,0,0,0,0,0,0,0,0,0,0,0,0,0,0,0,0,0,0,0,0,0,0,0,0,0,0,0,0,0,0,0,0,0,0,0,0,0,0,0,0,0,0,0,0,0,0,0,0,0,0,0,0,0,0,0,0,0,0,0,0,0,0,0,0,0,0,0,0,0,0,0,0,0,0,0,0,0,0,0,0,0,0,0,0,0,0,0,0,0,0,0,0,0,0,0,0,0,0,0,0,0,0,0,0,0,0,0,0,0,0,0,0,0,0,0,0,0,0,0,0,0,0,0,0,0,0,0,0,0,0,0,0,0,0,0,0,0,0,0,0,0,0,0,0,0,0,0,0,0,0,0,0,0,0,0,0,0,0,0,0,0,0,0,0,0,0,0,0,0,0,0,0,0,0,0,0,0,0,0,0,0,0,0,0,0,0,0,0,0,0,0,0,0,0,0,0,0,0,0,0,0,0,0,0,0,0,0,0,0,0,0,0,0,0,0,0,0,0,0,0,0,0,0,0,0,0,0,0,0,0,0,0,0,0,0,0,0,0,0,0,0,0,0,0,0,0,0,0,0,0,0,0,0,0,0,0,0,0,0,0,0,0,0,0,0,0,0,0,0,0,0,0,0,0,0,0,0,0,0,0,0,0,0,0,0,0,0,0,0,0,0,0,0,0,0,0,0,0,0,0,0,0,0,0,0,0,0,0,0,0,0,0,0,0,0,0,0,0,0,0,0,0,0,0,0,0,0,0,0,0,0,0,0,0,0,0,0,0,0,0,0,0,0,0,0,0,0,0,0,0,0,0,0,0,0,0,0,0,0,0,0,0,0,0,0,0,0,0,0,0,0,0,0,0,0,0,0,0,0,0,0,0,0,0,0,0,0,0,0,0,0,0,0,0,0,0,0,0,0,0,0,0,0,0,0,0,0,0,0,0,0,0,0,0,0,0,0,0,0,0,0,0,0,0,0,0,0,0,0,0,0,0,0,0,0,0,0,0,0,0,0,0,0,0,0,0,0,0,0,0,0,0,0,0,0,0,0,0,0,0,0,0,0,0,0,0,0,0,0,0,0,0,0,0,0,0,0,0,0,0,0,0,0,0,0,0,0,0,0,0,0,0,0,0,0,0,0,0,0,0,0,0,0,0,0,0,0,0,0,0,0,0,0,0,0,0,0,0,0,0,0,0,0,0,0,0,0,0,0,0,0,0,0,0,0,0,0,0,0,0,0,0,0,0,0,0,0,0,0,0,0,0,0,0,0,0,0,0,0,0,0,0,0,0,0,0,0,0,0,0,0,0,0,0,0,0,0,0,0,0,0,0,0,0,0,0,0,0,0,0,0,0,0,0,0,0,0,0,0,0,0,0,0,0,0,0,0,0,0,0,0,0,0,0,0,0,0,0,0,0,0,0,0,0,0,0,0,0,0,0,0,0,0,0,0,0,0,0,0,0,0,0,0,0,0,0,0,0,0,0,0,0,0,0,0,0,0,0,0,0,0,0,0,0,0,0,0,0,0,0,0,0,0,0,0,0,0,0,0,0,0,0,0,0,0,0,0,0,0,0,0,0,0,0,0,0,0,0,0,0,0,0,0,0,0,0,0,0,0,0,0,0,0,0,0,0,0,0,0,0,0,0,0,0,0,0,0,0,0,0,0,0,0,0,0,0,0,0,0,0,0,0,0,0,0,0,0,0,0,0,0,0,0,0,0,0,0,0,0,0,0,0,0,0,0,0,0,0,0,0,0,0,0,0,0,0,0,0,0,0,0,0,0,0,0,0,0,0,0,0,0,0,0,0,0,0,0,0,0,0,0,0,0,0,0,0,0,0,0,0,0,0,0,0,0,0,0,0,0,0,0,0,0,0,0,0,0,0,0,0,0,0,0,0,0,0,0,0,0,0,0,0,0,0,0,0,0,0,0,0,0,0,0,0,0,0,0,0,0,0,0,0,0,0,0,0,0,0,0,0,0,0,0,0,0,0,0,0,0,0,0,0,0,0,0,0,0,0,0,0,0,0,0,0,0,0,0,0,0,0,0,0,0,0,0,0,0,0,0,0,0,0,0,0,0,0,0,0,0,0,0,0,0,0,0,0,0,0,0,0,0,0,0,0,0,0,0,0,0,0,0,0,0,0,0,0,0,0,0,0,0,0,0,0,0,0,0,0,0,0,0,0,0,0,0,0,0,0,0,0,0,0,0,0,0,0,0,0,0,0,0,0,0,0,0,0,0,0,0,0,0,0,0,0,0,0,0,0,0,0,0,0,0,0,0,0,0,0,0,0,0,0,0,0,0,0,0,0,0,0,0,0,0,0,0,0,0,0,0,0,0,0,0,0,0,0,0,0,0,0,0,0,0,0,0,0,0,0,0,0,0,0,0,0,0,0,0,0,0,0,0,0,0,0,0,0,0,0,0,0,0,0,0,0,0,0,0,0,0,0,0,0,0,0,0,0,0,0,0,0,0,0,0,0,0,0,0,0,0,0,0,0,0,0,0,0,0,0,0,0,0,0,0,0,0,0,0,0,0,0,0,0,0,0,0,0,0,0,0,0,0,0,0,0,0,0,0,0,0,0,0,0,0,0,0,0,0,0,0,0,0,0,0,0,0,0,0,0,0,0,0,0,0,0,0,0,0,0,0,0,0,0,0,0,0,0,0,0,0,0,0,0,0,0,0,0,0,0,0,0,0,0,0,0,0,0,0,0,0,0,0,0,0,0,0,0,0,0,0,0,0,0,0,0,0,0,0,0,0,0,0,0,0,0,0,0,0,0,0,0,0,0,0,0,0,0,0,0,0,0,0,0,0,0,0,0,0,0,0,0,0,0,0,0,0,0,0,0,0,0,0,0,0,0,0,0,0,0,0,0,0,0,0,0,0,0,0,0,0,0,0,0,0,0,0,0,0,0,0,0,0,0,0,0,0,0,0,0,0,0,0,0,0,0,0,0,0,0,0,0,0,0,0,0,0,0,0,0,0,0,0,0,0,0,0,0,0,0,0,0,0,0,0,0,0,0,0,0,0,0,0,0,0,0,0,0,0,0,0,0,0,0,0,0,0,0,0,0,0,0,0,0,0,0,0,0,0,0,0,0,0,0,0,0,0,0,0,0,0,0,0,0,0,0,0,0,0,0,0,0,0,0,0,0,0,0,0,0,0,0,0,0,0,0,0,0,0,0,0,0,0,0,0,0,0,0,0,0,0,0,0,0,0,0,0,0,0,0,0,0,0,0,0,0,0,0,0,0,0,0,0,0,0,0,0,0,0,0,0,0,0,0,0,0,0,0,0,0,0,0,0,0,0,0,0,0,0,0,0,0,0,0,0,0,0,0,0,0,0,0,0,0,0,0,0,0,0,0,0,0,0,0,0,0,0,0,0,0,0,0,0,0,0,0,0,0,0,0,0,0,0,0,0,0,0,0,0,0,0,0,0,0,0,0,0,0,0,0,0,0,0,0,0,0,0,0,0,0,0,0,0,0,0,0,0,0,0,0,0,0,0,0,0,0,0,0,0,0,0,0,0,0,0,0,0,0,0,0,0,0,0,0,0,0,0,0,0,0,0,0,0,0,0,0,0,0,0,0,0,0,0,0,0,0,0,0,0,0,0,0,0,0,0,0,0,0,0,0,0,0,0,0,0,0,0,0,0,0,0,0,0,0,0,0,0,0,0,0,0,0,0,0,0,0,0,0,0,0,0,0,0,0,0,0,0,0,0,0,0,0,0,0,0,0,0,0,0,0,0,0,0,0,0,0,0,0,0,0,0,0,0,0,0,0,0,0,0,0,0,0,0,0,0,0,0,0,0,0,0,0,0,0,0,0,0,0,0,0,0,0,0,0,0,0,0,0,0,0,0,0,0,0,0,0,0,0,0,0,0,0,0,0,0,0,0,0,0,0,0,0,0,0,0,0,0,0,0,0,0,0,0,0,0,0,0,0,0,0,0,0,0,0,0,0,0,0,0,0,0,0,0,0,0,0,0,0,0,0,0,0,0,0,0,0,0,0,0,0,0,0,0,0,0,0,0,0,0,0,0,0,0,0,0,0,0,0,0,0,0,0,0,0,0,0,0,0,0,0,0,0,0,0,0,0,0,0,0,0,0,0,0,0,0,0,0,0,0,0,0,0,0,0,0,0,0,0,0,0,0,0,0,0,0,0,0,0,0,0,0,0,0,0,0,0,0,0,0,0,0,0,0,0,0,0,0,0,0,0,0,0,0,0,0,0,0,0,0,0,0,0,0,0,0,0,0,0,0,0,0,0,0,0,0,0,0,0,0,0,0,0,0,0,0,0,0,0,0,0,0,0,0,0,0,0,0,0,0,0,0,0,0,0,0,0,0,0,0,0,0,0,0,0,0,0,0,0,0,0,0,0,0,0,0,0,0,0,0,0,0,0,0,0,0,0,0,0,0,0,0,0,0,0,0,0,0,0,0,0,0,0,0,0,0,0,0,0,0,0,0,0,0,0,0,0,0,0,0,0,0,0,0,0,0,0,0,0,0,0,0,0,0,0,0,0,0,0,0,0,0,0,0,0,0,0,0,0,0,0,0,0,0,0,0,0,0,0,0,0,0,0,0,0,0,0,0,0,0,0,0,0,0,0,0,0,0,0,0,0,0,0,0,0,0,0,0,0,0,0,0,0,0,0,0,0,0,0,0,0,0,0,0,0,0,0,0,0,0,0,0,0,0,0,0,0,0,0,0,0,0,0,0,0,0,0,0,0,0,0,0,0,0,0,0,0,0,0,0,0,0,0,0,0,0,0,0,0,0,0,0,0,0,0,0,0,0,0,0,0,0,0,0,0,0,0,0,0,0,0,0,0,0,0,0,0,0,0,0,0,0,0,0,0,0,0,0,0,0,0,0,0,0,0,0,0,0,0,0,0,0,0,0,0,0,0,0,0,0,0,0,0,0,0,0,0,0,0,0,0,0,0,0,0,0,0,0,0,0,0,0,0,0,0,0,0,0,0,0,0,0,0,0,0,0,0,0,0,0,0,0,0,0,0,0,0,0,0,0,0,0,0,0,0,0,0,0,0,0,0,0,0,0,0,0,0,0,0,0,0,0,0,0,0,0,0,0,0,0,0,0,0,0,0,0,0,0,0,0,0,0,0,0,0,0,0,0,0,0,0,0,0,0,0,0,0,0,0,0,0,0,0,0,0,0,0,0,0,0,0,0,0,0,0,0,0,0,0,0,0,0,0,0,0,0,0,0,0,0,0,0,0,0,0,0,0,0,0,0,0,0,0,0,0,0,0,0,0,0,0,0,0,0,0,0,0,0,0,0,0,0,0,0,0,0,0,0,0,0,0,0,0,0,0,0,0,0,0,0,0,0,0,0,0,0,0,0,0,0,0,0,0,0,0,0,0,0,0,0,0,0,0,0,0,0,0,0,0,0,0,0,0,0,0,0,0,0,0,0,0,0,0,0,0,0,0,0,0,0,0,0,0,0,0,0,0,0,0,0,0,0,0,0,0,0,0,0,0,0,0,0,0,0,0,0,0,0,0,0,0,0,0,0,0,0,0,0,0,0,0,0,0,0,0,0,0,0,0,0,0,0,0,0,0,0,0,0,0,0,0,0,0,0,0,0,0,0,0,0,0,0,0,0,0,0,0,0,0,0,0,0,0,0,0,0,0,0,0,0,0,0,0,0,0,0,0,0,0,0,0,0,0,0,0,0,0,0,0,0,0,0,0,0,0,0,0,0,0,0,0,0,0,0,0,0,0,0,0,0,0,0,0,0,0,0,0,0,0,0,0,0,0,0,0,0,0,0,0,0,0,0,0,0,0,0,0,0,0,0,0,0,0,0,0,0,0,0,0,0,0,0,0,0,0,0,0,0,0,0,0,0,0,0,0,0,0,0,0,0,0,0,0,0,0,0,0,0,0,0,0,0,0,0,0,0,0,0,0,0,0,0,0,0,0,0,0,0,0,0,0,0,0,0,0,0,0,0,0,0,0,0,0,0,0,0,0,0,0,0,0,0,0,0,0,0,0,0,0,0,0,0,0,0,0,0,0,0,0,0,0,0,0,0,0,0,0,0,0,0,0,0,0,0,0,0,0,0,0,0,0,0,0,0,0,0,0,0,0,0,0,0,0,0,0,0,0,0,0,0,0,0,0,0,0,0,0,0,0,0,0,0,0,0,0,0,0,0,0,0,0,0,0,0,0,0,0,0,0,0,0,0,0,0,0,0,0,0,0,0,0,0,0,0,0,0,0,0,0,0,0,0,0,0,0,0,0,0,0,0,0,0,0,0,0,0,0,0,0,0,0,0,0,0,0,0,0,0,0,0,0,0,0,0,0,0,0,0,0,0,0,0,0,0,0,0,0,0,0,0,0,0,0,0,0,0,0,0,0,0,0,0,0,0,0,0,0,0,0,0,0,0,0,0,0,0,0,0,0,0,0,0,0,0,0,0,0,0,0,0,0,0,0,0,0,0,0,0,0,0,0,0,0,0,0,0,0,0,0,0,0,0,0,0,0,0,0,0,0,0,0,0,0,0,0,0,0,0,0,0,0,0,0,0,0,0,0,0,0,0,0,0,0,0,0,0,0,0,0,0,0,0,0,0,0,0,0,0,0,0,0,0,0,0,0,0,0,0,0,0,0,0,0,0,0,0,0,0,0,0,0,0,0,0,0,0,0,0,0,0,0,0,0,0,0,0,0,0,0,0,0,0,0,0,0,0,0,0,0,0,0,0,0,0,0,0,0,0,0,0,0,0,0,0,0,0,0,0,0,0,0,0,0,0,0,0,0,0,0,0,0,0,0,0,0,0,0,0,0,0,0,0,0,0,0,0,0,0,0,0,0,0,0,0,0,0,0,0,0,0,0,0,0,0,0,0,0,0,0,0,0,0,0,0,0,0,0,0,0,0,0,0,0,0,0,0,0,0,0,0,0,0,0,0,0,0,0,0,0,0,0,0,0,0,0,0,0,0,0,0,0,0,0,0,0,0,0,0,0,0,0,0,0,0,0,0,0,0,0,0,0,0,0,0,0,0,0,0,0,0,0,0,0,0,0,0,0,0,0,0,0,0,0,0,0,0,0,0,0,0,0,0,0,0,0,0,0,0,0,0,0,0,0,0,0,0,0,0,0,0,0,0,0,0,0,0,0,0,0,0,0,0,0,0,0,0,0,0,0,0,0,0,0,0,0,0,0,0,0,0,0,0,0,0,0,0,0,0,0,0,0,0,0,0,0,0,0,0,0,0,0,0,0,0,0,0,0,0,0,0,0,0,0,0,0,0,0,0,0,0,0,0,0,0,0,0,0,0,0,0,0,0,0,0,0,0,0,0,0,0,0,0,0,0,0,0,0,0,0,0,0,0,0,0,0,0,0,0,0,0,0,0,0,0,0,0,0,0,0,0,0,0,0,0,0,0,0,0,0,0,0,0,0,0,0,0,0,0,0,0,0,0,0,0,0,-0.85407346,0.29290915,1.9116994,-0.10673056,-0.58169764,0.08283502,-0.54711026,0.122189276,-0.8796814,0.008671642,-0.21758762,0.40448678,0.2323812,0.068534456,-0.2270659,0.12762128,-0.68324274,0.06587388,-0.18693565,0.059499606,-0.52771026,1.2962765,-0.54422796,-0.22822991,-0.6763696,-0.5158486,0.019923635,0.035443623,-0.0539626,-0.43071032,0.07707045,0.300004,0.4721096,0.042871047,-0.2429739,-0.16781281,-0.059283737,0.38170567,0.8441459,-0.1439231,-0.63574046,0.59094834,0.37034282,-0.22606818,-0.66639245,-0.40554577,0.6753106,-0.31547442,-0.021536907,-0.026414618,-0.15650538,-0.46324688,-0.5395165,0.108387575,0.07058531,-0.32650468,-0.12092026,-0.064715736,-0.2526739,-0.8836723,0.44644618,-0.35128126,-0.6696073,0.6510329,0.17201953,-0.3234561,0.51284957,-0.29363558,-0.31708184,-0.20971677,-0.06527002,-0.08794029,-0.13039854,0.4260485,0.33337197,0.23337892,-0.51656914,0.4388525,0.23587319,0.07457617,0.07307959,-0.86527,-0.1547871,0.18992294,-0.30178356,0.57792264,0.296124,0.02014535,0.67231745,0.0107224975,-0.7543021,0.30355144,0.041762475,0.14901668,-0.34562755,0.19890237,-0.07147802,0.49721873,0.09436415,0.4377439,-0.056290597,0.09209158,-0.30056414,-0.32500812,-0.037112325,-0.0006403511,-0.47704858,-0.13355798,0.17401496,-0.08688714,0.124018416,0.5405638,-0.8690946,0.19662979,-0.3444081,0.25981832,0.71743625,-0.11255056,0.09768987,-0.33359954,-0.044040892,0.35587597,0.22750348,0.25737947,-0.5419554,0.37239367,0.18704066,-0.295243,0.58856493,-0.22584647,0.1550584,-0.18056136,0.09486301,0.104951,0.4239422,-0.29402357,-0.4259989,-0.0527986,0.32433712,0.37172854,-0.37921724,-0.05479403,-0.03051633,-0.048696887,-0.2455236,0.42815477,0.13721041,0.2650286,0.28531545,0.45143476,0.31929314,-0.022368336,0.11980585,0.50375926,0.22722635,0.1358247,-0.41851604,0.2300532,-0.2309459,-0.018654624,-0.271963,-0.29491043,0.064100176,0.26896402,-0.23510304,-0.036336325,0.2671903,0.32633257,-0.017268911,0.16276295,-0.024197478,0.108055,0.43591475,-0.12962255,0.46257588,0.24867718,0.0480259,-0.124024265,0.33797255,0.20932293,0.067924745,0.23748063,-0.15999737,0.034002483,-0.21198934,-0.21586934,-0.08600029,-0.049195744,0.05855732,-0.021148907,-0.05695574,0.084775016,0.2012858,0.0657076,0.4568113,0.0035722174,0.14519212,0.35471198,-0.2356019,0.30299714,0.3425177,-0.15966481,-0.10556656,-0.052188884,-0.025306048,-0.14941053,0.091648154,0.21846864,0.014269924,-0.5338074,-0.28654072,-0.3144767,0.47382787,0.22883376,-0.10872599,0.34767255,-0.10800542,-0.096143715,-0.1852728,0.16065668,0.1787818,-0.29186186,-0.13571969,0.25987375,0.34418055,0.5054221,0.015267638,-0.21226649,0.25771204,0.35676283,-0.39008123,-0.06260945,0.017096778,-0.2791133,-0.07042487,0.22168349,-0.18017337,0.14364012,-0.013111771,0.10384243,0.49433643,-0.5012154,-0.25666475,0.34961253,-0.2526739,0.058280177,-0.43215147,-0.38376236,0.3192377,-0.07702087,-0.02519519,-0.37572524,0.5178381,0.002408218,-0.2503459,-0.1724688,0.004680788,0.4116925,-0.44678462,-0.13937797,-0.038664322,0.14280869,0.16176525,-0.13294825,0.052238468,0.4016045,0.16470297,0.27411887,-0.32151613,-0.19840935,-0.27035558,0.20450065,0.26198003,-0.16171567,-0.0006957796,0.2696846,-0.28410187,-0.20007221,0.14513668,0.093809865,0.1861538,0.09253501,0.43197933,0.33497941,-0.12136369,0.07030817,0.28032687,-0.066267736,0.12656812,0.3373074,-0.23393904,-0.16554023,0.09053958,0.11248928,-0.2552236,0.073135026,-0.3881412,-0.13965511,0.46152276,0.13915041,-0.047699176,-0.20500535,-0.09791742,-0.072531156,-0.01771234,-0.015495198,-0.0130563425,-0.1227494,-0.07131173,-0.49539542,-0.2629836,0.54461014,0.5756501,-0.1097237,-0.12225055,-0.0731963,0.12435099,-0.22318591,-0.15705967,0.01632078,0.016875066,-0.18128194,0.1323327,0.028792199,0.12712242,0.016819637,0.105449855,-0.00041863698,0.44273248,0.294572,0.029235628,0.26186916,-0.019264339,-0.3927972,0.021364776,0.00035736247,0.09835501,-0.35660237,0.048081327,0.09768987,0.31147772,0.540841,-0.29574186,0.09924186,0.2945166,-0.016714625,0.18404752,-0.20057106,-0.3993932,-0.4908503,0.18465723,-0.2299482,0.17445838,0.12540413,-0.76838094,0.032284196,-0.028687188,0.21087493,-0.055237453,0.49999014,0.19230637,-0.1563391,-0.07491458,0.35144168,0.028903056,-0.1720808,0.12069271,0.010389927,0.3064337,-0.08006944,-0.22119048,0.1785601,0.09597158,-0.3599281,0.26319945,0.13648984,0.06554132,-0.15877795,0.27777717,0.029845342,0.14718755,-0.31281385,-0.38631207,0.2189675,0.5828558,-0.22074705,0.20838064,-0.09021286,0.059167035,0.39240336,-0.06903916,0.07640531,0.16370524,0.096581295,-0.08372772,-0.35122582,-0.13472196,0.14657784,-0.2159802,0.5088033,0.18188581,0.023637345,0.10057215,0.19385837,-0.09292886,0.23332348,0.28864115,0.03178534,0.05678361,0.119584136,0.20804808,-0.058507737,0.26009548,-0.0036889203,0.27295488,0.10029501,-0.37894008,0.18837094,-0.5911759,0.11304357,0.35620853,0.32860512,-0.008455774,-0.26348245,0.3172977,0.07147217,0.4204502,-0.014331198,0.35875824,0.26818803,-0.3817115,0.014103638,0.14452697,-0.051191173,-0.08090086,-0.044761464,0.13200012,-0.39196578,-0.24846132,-0.04753289,-0.03816547,0.055287037,0.23293549,0.20405722,0.3746108,0.18144238,-0.17546195,0.63213176,-0.2027882,-0.13389054,0.22378978,0.1776178,-0.055680882,-0.20611392,0.025078489,-0.009065488,-0.21459448,-0.14808024,-0.009231773,0.09270129,0.14508125,-0.014719198,-0.1147677,0.13205555,-0.03611461,0.009669356,0.037993334,-0.29612985,0.27289945,-0.17496309,0.20012179,0.21037607,-0.27129787,0.049855042,-0.06748716,-0.23831789,0.30050287,-0.3249527,0.4533193,0.07862245,0.120803565,0.59067124,-0.08439286,0.13227727,0.3615851,-0.036391754,-0.090102,0.49089986,-0.39784122,0.34711826,-0.18072765,-0.15151681,0.13881783,-0.02630376,0.3277737,0.5158981,-0.19319907,-0.5927279,-0.13217226,-0.5891805,0.37754852,0.15988068,0.51761645,0.69792545,-0.4052132,0.041041903,-0.2068345,0.13887326,-0.43442404,-0.33570582,-0.35233438,0.50952387,-0.029463187,0.21176179,0.1195287,0.11703442,-0.009564345,-0.035172325,-0.016659196,-0.08666543,0.041817904,0.485745,0.038713906,-0.07014773,0.3083183,0.13793097,-0.17740194,0.03516648,-0.3121487,-0.2047282,-0.35621437,0.30587944,0.0070087863,0.03588705,-0.35931838,0.05628475,0.33148742,0.4928953,0.014269924,0.2685206,0.30005944,0.06421103,-0.6591313,0.1342727,0.103787005,0.11836471,-0.17318937,-0.27811557,-0.4156892,-0.08915972,0.13826355,0.19147494,0.25311148,0.006676215,-0.0076797744,-0.013943199,0.4455039,0.113154426,0.2065515,-0.41679776,0.31197658,-0.40055722,0.08544016,-0.2608773,-0.014774627,0.02873677,0.0699756,0.019591063,-0.09093343,-0.45443374,-0.07979229,0.2619246,0.43336505,-0.30339098,0.1379864,0.22800234,-0.052078027,-0.36075953,0.032783054,0.42843193,-0.18189165,0.1869298,-0.16609451,-0.12241684,-0.037888326,-0.13533169,0.11398585,-0.42112118,-0.057842597,-0.47544116,-0.38082466,-0.1398214,-0.17662594,0.27461773,-0.3711801,0.20710579,0.5375707,0.36762682,0.26353204,-0.2101602,-0.31164983,0.27871946,0.074964166,-0.18438594,0.10539443,-0.17956366,-0.37289837,-0.25167617,0.15583439,0.022528775,0.28110287,-0.046258032,0.43242276,-0.1081717,0.49494615,0.15738639,-0.274291,-0.39357322,-0.34374297,0.09142644,0.10240129,-0.3614801,0.017761922,0.062492747,-0.29984358,-0.2152042,-0.35266694,-0.66179186,-0.034174614,0.05589675,-0.023643192,-0.12058769,-0.20029393,0.05484361,0.011276783,-0.062886596,-0.29297042,0.14336297,0.07557388,0.42017305,-0.1392671,0.6441043,-0.19430764,-0.030350044,0.16065668,0.25250176,0.0880453,0.37178394,0.15112297,-0.42771718,-0.30472127,0.18554409,-0.42971262,0.09768987,-0.022534622,-0.14608482,-0.38658923,-0.15434366,0.25771204,0.019923635,-0.6953816,-0.11842598,-0.51656914,0.2057755,-0.21021563,-0.07995858,-0.17540652,-0.6826884,-0.275067,-0.034950614,0.30959314,0.41014048,-0.18837678,-0.09802828,0.0011887904,0.17218581,-0.34169212,-0.20167963,0.063157886,0.056617323,-0.005019205,0.059943035,0.25943032,0.3417971,-0.14541967,0.19108695,0.027517343,-0.4527709,-0.46657258,-0.17451966,0.06576303,0.11720071,-0.18505108,0.072802454,0.18144238,-0.12640768,-0.10928027,0.016431637,-0.005019205,0.29024857,-0.0014163506,-0.058618594,0.07806817,0.42194676,0.24934232,0.03372534,0.09236872,0.19635265,0.054677323,0.27256688,-0.080790006,0.3897428,-0.10373742,-0.15994196,0.21553092,0.17584409,-0.010451201,-0.12546541,0.11636928,-0.14286996,-0.0782403,0.32982457,0.1915858,0.35609767,0.22800234,0.028071629,0.11138071,0.11581499,-0.22030362,-0.23515847,-0.114989415,0.32361656,-0.32755783,0.2339332,-0.040604323,0.10971785,-0.4021092,0.07962016,0.09026244,-0.025028905,0.06421103,0.16237496,0.14364012,0.03633048,-0.10495685,0.0915373,0.23398863,0.3557651,-0.20118079,0.2962903,-0.3329344,-0.05656774,0.035055622,0.36280453,-0.09032372,0.19518866,-0.30427784,0.20427893,0.058889892,0.19335951,-0.015218055,-0.09209743,0.17418124,-0.20439564,0.24263547,-0.23504761,-0.052964885,-0.045814604,0.33858228,0.03638591,-0.29186186,0.09292301,-0.53369653,-0.24973617,0.0074522146,0.63734204,0.12407385,-0.08189858,-0.13067569,-0.15977566,-0.07463744,-0.060226023,-0.03916318,-0.07230944,-0.38337436,-0.110832274,-0.2501242,-0.01011863,0.07612816,0.14979269,-0.29186186,0.15134469,0.0029625033,-0.041047752,0.4213925,-0.42389262,0.30321887,0.13022642,-0.0010283508,-0.1174837,-0.040160894,-0.15772481,-0.40809548,-0.042433463,-0.09542314,0.37017652,-0.19020593,0.15832868,-0.08411572,0.061661318,-0.58518964,0.21769263,-0.0026357782,-0.28975558,-0.060170595,-0.3803258,-0.32888812,-0.1856608,0.112821855,0.34246227,-0.25167617,0.15555725,0.47565702,0.12684527,0.29867372,0.04913447,-0.15024196,-0.14497624,-0.2740693,-0.12446769,0.37993196,0.1873178,0.02014535,-0.03506147,0.1327207,-0.16709223,-0.26752874,0.0054567875,0.080617875,0.10107101,-0.5623531,0.033614483,0.47765246,0.09985158,-0.057953455,-0.03306604,0.15744182,-0.02292262,-0.022534622,-0.19009507,-0.39346236,-0.38974863,0.35388052,-0.47045258,-0.21875162,-0.35638067,0.13222183,-0.22850704,-0.060059737,-0.33221382,-0.09570029,0.006731644,0.055675037,-0.06987058,-0.14824653,0.29412857,0.07490874,-0.2787253,-0.20871906,-0.35904124,0.18931323,0.035055622,0.063767605,-0.065159164,-0.1363294,0.300392,0.23615034,0.18659723,-0.078960866,-0.017823195,0.16198696,-0.07729801,-0.054239742,0.10306643,0.105449855,-0.23870589,-0.19181336,-0.10867056,-0.37611324,0.04314819,0.44018278,0.2127595,0.16891553,0.10788871,-0.16537395,-0.16454253,-0.15234825,-0.10268428,-0.4411863,-0.25500187,0.14801897,0.09624872,-0.3003424,0.20904578,-0.1289574,-0.34274524,-0.0042432058,0.340744,-0.26913616,0.15904924,0.019591063,-0.21841906,0.10123729,-0.11177456,-0.4550989,-0.002802064,-0.0047420627,-0.13433397,0.46972618,0.14036983,0.007396786,-0.01050663,0.5475478,0.2329909,-0.0116152,0.14979269,-0.065935165,-0.11720655,0.24834462,0.13244355,0.116646424,0.058668178,0.34395882,0.17052296,0.37666166,0.048469327,-0.25799504,0.13055898,0.20012179,-0.48957542,-0.18726821,0.28575888,0.2188012,0.22545263,-0.18654765,-0.4323732,-0.07247573,-0.1520711,-0.29069787,0.04054305,-0.03816547,-0.17302309,0.14862868,-0.001970636,-0.22495963,0.058003034,0.3293257,-0.05096946,-0.054128885,0.035277337,-0.030571759,0.21348007,0.015045923,0.082613304,-8.606579e-05,-0.010174058,0.036441337,-0.20422935,-0.19524993,-0.0351169,-0.2999544,-0.0689283,-0.14087453,0.09369901,-0.33831096,0.2807703,-0.086610004,0.34844854,-0.03700147,-0.09996828,0.39678222,0.15988068,-0.06998144,0.23825662,-0.18233508,-0.017656911,-0.2424196,-0.36375266,-0.03955118,-0.15074082,-0.2631499,-0.27462357,0.059499606,-0.31608412,-0.16991909,-0.035671182,0.5227713,-0.20882991,-0.21315335,0.13355212,0.2589869,0.13150127,-0.30272585,-0.07646658,-0.16648252,0.17301723,-0.4121972,-0.0335649,-0.014885484,0.4235542,-0.07624487,-0.09714142,0.27583715,0.041374475,0.15411611,-0.2664756,0.19463436,-0.22152305,-0.026414618,-0.005185491,0.101791576,0.2827103,0.091980726,-0.022035765,1.2181222,1.2928953,1.3010433,-0.26852643,0.15805154,-0.27168587,-0.5244954,-1.1154745,-0.89392656,0.93033725,-0.7988112,-0.74792784,-0.4292692,1.0440766,-0.122804835,-0.0728083,0.11149157,-0.24646589,0.43458447,0.86914414,-0.7664409,-0.016271196,0.19020009,0.311256,0.5490998,-0.9038483,-0.12424598,0.3091497,-0.24990246,-0.20788763,1.0487326,0.4200622,0.10506186,1.0140898,-1.0263454,0.51667416,-0.3607041,-0.31730357,-0.037167754,0.28864115,0.020699633,0.67664087,0.42388678,0.8479705,0.23714805,0.25848803,0.2599846,-0.21237734,0.33237427,0.70917743,0.1708001,-0.296019,0.29002687,0.48258558,0.5727678,-0.26714075,0.28897372,-0.28099787,0.4151845,-0.1693648,0.52604157,-0.11110941,0.69271517,0.8354436,-0.96210366,-0.31225955,-0.11504484,-0.19220136,0.64277405,0.17318353,-0.21686706,0.68046546,0.7014729,0.3818165,-0.6204422,0.056672752,0.6441043,-0.5441725,0.1972395,-0.42727375,0.114263,-0.3927972,-0.97302306,1.4319655,0.11548242,0.11260014,0.77741,0.30538058,-0.5933931,-0.2459116,-0.32007498,-0.31508642,0.028293343,-0.26303902,-0.035671182,0.2250092,0.18033381,-0.06865116,-0.41524577,-0.111164846,-0.9103334,0.99385834,0.45420617,-0.14957681,0.2685206,-0.06216602,-0.4481703,0.09968529,-0.17424251,0.32999083,-0.9138254,0.4685622,0.29191145,-0.55021423,0.9426424,1.1621948,-0.105954565,-0.67071587,-0.051690027,-0.48508573,0.6393929,-0.20711163,0.25505146,-1.0926933,-0.4940097,-0.021259764,-0.0123912,0.081116736,
0,0,0,0,0,0,0,0,0,0,0,0,0,0,0,0,0,0,0,0,0,0,0,0,0,0,0,0,0,0,0,0,0,0,0,0,0,0,0,0,0,0,0,0,0,0,0,0,0,0,0,0,0,0,0,0,0,0,0,0,0,0,0,0,0,0,0,0,0,0,0,0,0,0,0,0,0,0,0,0,0,0,0,0,0,0,0,0,0,0,0,0,0,0,0,0,0,0,0,0,0,0,0,0,0,0,0,0,0,0,0,0,0,0,0,0,0,0,0,0,0,0,0,0,0,0,0,0,0,0,0,0,0,0,0,0,0,0,0,0,0,0,0,0,0,0,0,0,0,0,0,0,0,0,0,0,0,0,0,0,0,0,0,0,0,0,0,0,0,0,0,0,0,0,0,0,0,0,0,0,0,0,0,0,0,0,0,0,0,0,0,0,0,0,0,0,0,0,0,0,0,0,0,0,0,0,0,0,0,0,0,0,0,0,0,0,0,0,0,0,0,0,0,0,0,0,1,0,0,0,0,0,0,0,0,0,0,0,0,0,0,0,0,0,0,0,0,0,0,0,0,0,0,0,0,0,0,0,0,0,0,0,0,0,0,0,0,0,0,0,0,0,0,0,0,0,0,0,0,0,0,0,0,0,0,0,0,0,0,0,0,0,0,0,0,0,0,0,0,0,0,0,0,0,0,0,0,0,0,0,0,0,0,0,0,0,0,0,0,0,0,0,0,0,0,0,0,0,0,0,0,0,0,0,0,0,0,0,0,0,0,0,0,0,0,0,0,0,0,0,0,0,0,0,0,0,0,0,0,0,0,0,0,0,0,0,0,0,0,0,0,0,0,0,0,0,0,0,0,0,0,0,0,0,0,0,0,0,0,0,0,0,0,0,0,0,0,0,0,0,0,0,0,0,0,0,0,0,0,0,0,0,0,0,0,0,0,0,0,0,0,0,0,0,0,0,0,0,0,0,0,0,0,0,0,0,0,0,0,0,0,0,0,0,0,0,0,0,0,0,0,0,0,0,0,0,0,0,0,0,0,0,0,0,0,0,0,0,0,0,0,0,0,0,0,0,0,0,0,0,0,0,0,0,0,0,0,0,0,0,0,0,0,0,0,0,0,0,0,0,0,0,0,0,0,0,0,0,0,0,0,0,0,0,0,0,0,0,0,0,0,0,0,0,0,0,0,0,0,0,0,0,0,0,0,0,0,0,0,0,0,0,0,0,0,0,0,0,0,0,0,0,0,0,0,0,0,0,0,0,0,0,0,0,0,0,0,0,0,0,0,0,0,0,0,0,0,0,0,0,0,0,0,0,0,0,0,0,0,0,0,0,0,0,0,0,0,0,0,0,0,0,0,0,0,0,0,0,0,0,0,0,0,0,0,0,0,0,0,0,0,0,0,0,0,0,0,0,0,0,0,0,0,0,0,0,0,0,0,0,0,0,0,0,0,0,0,0,0,0,0,0,0,0,0,0,0,0,0,0,0,0,0,0,0,0,0,0,0,0,0,0,0,0,0,0,0,0,0,0,0,0,0,0,0,0,0,0,0,0,0,0,0,0,0,0,0,0,0,0,0,0,0,0,0,0,0,0,0,0,0,0,0,0,0,0,0,0,0,0,0,0,0,0,0,0,0,0,0,0,0,0,0,0,0,0,0,0,0,0,0,0,0,0,0,0,0,0,0,0,0,0,0,0,0,0,0,0,0,0,0,0,0,0,0,0,0,0,0,0,0,0,0,0,0,0,0,0,0,0,0,0,0,0,0,0,0,0,0,0,0,0,0,0,0,0,0,0,0,0,0,0,0,0,0,0,0,0,0,0,0,0,0,0,0,0,0,0,0,0,0,0,0,0,0,0,0,0,0,0,0,0,0,0,0,0,0,0,0,0,0,0,0,0,0,0,0,0,0,0,0,0,0,0,0,0,0,0,0,0,0,0,0,0,0,0,0,0,0,0,0,0,0,0,0,0,0,0,0,0,0,0,0,0,0,0,0,0,0,0,0,0,0,0,0,0,0,0,0,0,0,0,0,0,0,0,0,0,0,0,0,0,0,0,0,0,0,0,0,0,0,0,0,0,0,0,0,0,0,0,0,0,0,0,0,0,0,0,0,0,0,0,0,0,0,0,0,0,0,0,0,0,0,0,0,0,0,0,0,0,0,0,0,0,0,0,0,0,0,0,0,0,0,0,0,0,0,0,0,0,0,0,0,0,0,0,0,0,0,0,0,0,0,0,0,0,0,0,0,0,0,0,0,0,0,0,0,0,0,0,0,0,0,0,0,0,0,0,0,0,0,0,0,0,0,0,0,0,0,0,0,0,0,0,0,0,0,0,0,0,0,0,0,0,0,0,0,0,0,0,0,0,0,0,0,0,0,0,0,0,0,0,0,0,0,0,0,0,0,0,0,0,0,0,0,0,0,0,0,0,0,0,0,0,0,0,0,0,0,0,0,0,0,0,0,0,0,0,0,0,0,0,0,0,0,0,0,0,0,0,0,0,0,0,0,0,0,0,0,0,0,0,0,0,0,0,0,0,0,0,0,0,0,0,0,0,0,0,0,0,0,0,0,0,0,0,0,0,0,0,0,0,0,0,0,0,0,0,0,0,0,0,0,0,0,0,0,0,0,0,0,0,0,0,0,0,0,0,0,0,0,0,0,0,0,0,0,0,0,0,0,0,0,0,0,0,0,0,0,0,0,0,0,0,0,0,0,0,0,0,0,0,0,0,0,0,0,0,0,0,0,0,0,0,0,0,0,0,0,0,0,0,0,0,0,0,0,0,0,0,0,0,0,0,0,0,0,0,0,0,0,0,0,0,0,0,0,0,0,0,0,0,0,0,0,0,0,0,0,0,0,0,0,0,0,0,0,0,0,0,0,0,0,0,0,0,0,0,0,0,0,0,0,0,0,0,0,0,0,0,0,0,0,0,0,0,0,0,0,0,0,0,0,0,0,0,0,0,0,0,0,0,0,0,0,0,0,0,0,0,0,0,0,0,0,0,0,0,0,0,0,0,0,0,0,0,0,0,0,0,0,0,0,0,0,0,0,0,0,0,0,0,0,0,0,0,0,0,0,0,0,0,0,0,0,0,0,0,0,0,0,0,0,0,0,0,0,0,0,0,0,0,0,0,0,0,0,0,0,0,0,0,0,0,0,0,0,0,0,0,0,0,0,0,0,0,0,0,0,0,0,0,0,0,0,0,0,0,0,0,0,0,0,0,0,0,0,0,0,0,0,0,0,0,0,0,0,0,0,0,0,0,0,0,0,0,0,0,0,0,0,0,0,0,0,0,0,0,0,0,0,0,0,0,0,0,0,0,0,0,0,0,0,0,0,0,0,0,0,0,0,0,0,0,0,0,0,0,0,0,0,0,0,0,0,0,0,0,0,0,0,0,0,0,0,0,0,0,0,0,0,0,0,0,0,0,0,0,0,0,0,0,0,0,0,0,0,0,0,0,0,0,0,0,0,0,0,0,0,0,0,0,0,0,0,0,0,0,0,0,0,0,0,0,0,0,0,0,0,0,0,0,0,0,0,0,0,0,0,0,0,0,0,0,0,0,0,0,0,0,0,0,0,0,0,0,0,0,0,0,0,0,0,0,0,0,0,0,0,0,0,0,0,0,0,0,0,0,0,0,0,0,0,0,0,0,0,0,0,0,0,0,0,0,0,0,0,0,0,0,0,0,0,0,0,0,0,0,0,0,0,0,0,0,0,0,0,0,0,0,0,0,0,0,0,0,0,0,0,0,0,0,0,0,0,0,0,0,0,0,0,0,0,0,0,0,0,0,0,0,0,0,0,0,0,0,0,0,0,0,0,0,0,0,0,0,0,0,0,0,0,0,0,0,0,0,0,0,0,0,0,0,0,0,0,0,0,0,0,0,0,0,0,0,0,0,0,0,0,0,0,0,0,0,0,0,0,0,0,0,0,0,0,0,0,0,0,0,0,0,0,0,0,0,0,0,0,0,0,0,0,0,0,0,0,0,0,0,0,0,0,0,0,0,0,0,0,0,0,0,0,0,0,0,0,0,0,0,0,0,0,0,0,0,0,0,0,0,0,0,0,0,0,0,0,0,0,0,0,0,0,0,0,0,0,0,0,0,0,0,0,0,0,0,0,0,0,0,0,0,0,0,0,0,0,0,0,0,0,0,0,0,0,0,0,0,0,0,0,0,0,0,0,0,0,0,0,0,0,0,0,0,0,0,0,0,0,0,0,0,0,0,0,0,0,0,0,0,0,0,0,0,0,0,0,0,0,0,0,0,0,0,0,0,0,0,0,0,0,0,0,0,0,0,0,0,0,0,0,0,0,0,0,0,0,0,0,0,0,0,0,0,0,0,0,0,0,0,0,0,0,0,0,0,0,0,0,0,0,0,0,0,0,0,0,0,0,0,0,0,0,0,0,0,0,0,0,0,0,0,0,0,0,0,0,0,0,0,0,0,0,0,0,0,0,0,0,0,0,0,0,0,0,0,0,0,0,0,0,0,0,0,0,0,0,0,0,0,0,0,0,0,0,0,0,0,0,0,0,0,0,0,0,0,0,0,0,0,0,0,0,0,0,0,0,0,0,0,0,0,0,0,0,0,0,0,0,0,0,0,0,0,0,0,0,0,0,0,0,0,0,0,0,0,0,0,0,0,0,0,0,0,0,0,0,0,0,0,0,0,0,0,0,0,0,0,0,0,0,0,0,0,0,0,0,0,0,0,0,0,0,0,0,0,0,0,0,0,0,0,0,0,0,0,0,0,0,0,0,0,0,0,0,0,0,0,0,0,0,0,0,0,0,0,0,0,0,0,0,0,0,0,0,0,0,0,0,0,0,0,0,0,0,0,0,0,0,0,0,0,0,0,0,0,0,0,0,0,0,0,0,0,0,0,0,0,0,0,0,0,0,0,0,0,0,0,0,0,0,0,0,0,0,0,0,0,0,0,0,0,0,0,0,0,0,0,0,0,0,0,0,0,0,0,0,0,0,0,0,0,0,0,0,0,0,0,0,0,0,0,0,0,0,0,0,0,0,0,0,0,0,0,0,0,0,0,0,0,0,0,0,0,0,0,0,0,0,0,0,0,0,0,0,0,0,0,0,0,0,0,0,0,0,0,0,0,0,0,0,0,0,0,0,0,0,0,0,0,0,0,0,0,0,0,0,0,0,0,0,0,0,0,0,0,0,0,0,0,0,0,0,0,0,0,0,0,0,0,0,0,0,0,0,0,0,0,0,0,0,0,0,0,0,0,0,0,0,0,0,0,0,0,0,0,0,0,0,0,0,0,0,0,0,0,0,0,0,0,0,0,0,0,0,0,0,0,0,0,0,0,0,0,0,0,0,0,0,0,0,0,0,0,0,0,0,0,0,0,0,0,0,0,0,0,0,0,0,0,0,0,0,0,0,0,0,0,0,0,0,0,0,0,0,0,0,0,0,0,0,0,0,0,0,0,0,0,0,0,0,0,0,0,0,0,0,0,0,0,0,0,0,0,0,0,0,0,0,0,0,0,0,0,0,0,0,0,0,0,0,0,0,0,0,0,0,0,0,0,0,0,0,0,0,0,0,0,0,0,0,0,0,0,0,0,0,0,0,0,0,0,0,0,0,0,0,0,0,0,0,0,0,0,0,0,0,0,0,0,0,0,0,0,0,0,0,0,0,0,0,0,0,0,0,0,0,0,0,0,0,0,0,0,0,0,0,0,0,0,0,0,0,0,0,0,0,0,0,0,0,0,0,0,0,0,0,0,0,0,0,0,0,0,0,0,0,0,0,0,0,0,0,0,0,0,0,0,0,0,0,0,0,0,0,0,0,0,0,0,0,0,0,0,0,0,0,0,0,0,0,0,0,0,0,0,0,0,0,0,0,0,0,0,0,0,0,0,0,0,0,0,0,0,0,0,0,0,0,0,0,0,0,0,0,0,0,0,0,0,0,0,0,0,0,0,0,0,0,0,0,0,0,0,0,0,0,0,0,0,0,0,0,0,0,0,0,0,0,0,0,0,0,0,0,0,0,0,0,0,0,0,0,0,0,0,0,0,0,0,0,0,0,0,0,0,0,0,0,0,0,0,0,0,0,0,0,0,0,0,0,0,0,0,0,0,0,0,0,0,0,0,0,0,0,0,0,0,0,0,0,0,0,0,0,0,0,0,0,0,0,0,0,0,0,0,0,0,0,0,0,0,0,0,0,0,0,0,0,0,0,0,0,0,0,0,0,0,0,0,0,0,0,0,0,0,0,0,0,0,0,0,0,0,0,0,0,0,0,0,0,0,0,0,0,0,0,0,0,0,0,0,0,0,0,0,0,0,0,0,0,0,0,0,0,0,0,0,0,0,0,0,0,0,0,0,0,0,0,0,0,0,0,0,0,0,0,0,0,0,0,0,0,0,0,0,0,0,0,0,0,0,0,0,0,0,0,0,0,0,0,0,0,0,0,0,0,0,0,0,0,0,0,0,0,0,0,0,0,0,0,0,0,0,0,0,0,0,0,0,0,0,0,0,0,0,0,0,0,0,0,0,0,0,0,0,0,0,0,0,0,0,0,0,0,0,0,0,0,0,0,0,0,0,0,0,0,0,0,0,0,0,0,0,0,0,0,0,0,0,0,0,0,0,0,0,0,0,0,0,0,0,0,0,0,0,0,0,0,0,0,0,0,0,0,0,0,0,0,0,0,0,0,0,0,0,0,0,0,0,0,0,0,0,0,0,0,0,0,0,0,0,0,0,0,0,0,0,0,0,0,0,0,0,0,0,0,0,0,0,0,0,0,0,0,0,0,0,0,0,0,0,0,0,0,0,0,0,0,0,0,0,0,0,0,0,0,0,0,0,0,0,0,0,0,0,0,0,0,0,0,0,0,0,0,0,0,0,0,0,0,0,0,0,0,0,0,0,0,0,0,0,0,0,0,0,0,0,0,0,0,0,0,0,0,0,0,0,0,0,0,0,0,0,0,0,0,0,0,0,0,0,0,0,0,0,0,0,0,0,0,0,0,0,0,0,0,0,0,0,0,0,0,0,0,0,0,0,0,0,0,0,0,0,0,0,0,0,0,0,0,0,0,0,0,0,0,0,0,0,0,0,0,0,0,0,0,0,0,0,0,0,0,0,0,0,0,0,0,0,0,0,0,0,0,0,0,0,0,0,0,0,0,0,0,0,0,0,0,0,0,0,0,0,0,0,0,0,0,0,0,0,0,0,0,0,0,0,0,0,0,0,0,0,0,0,0,0,0,0,0,0,0,0,0,0,0,0,0,0,0,0,0,0,0,0,0,0,0,0,0,0,0,0,0,0,0,0,0,0,0,0,0,0,0,0,0,0,0,0,0,0,0,0,0,0,0,0,0,0,0,0,0,0,0,0,0,0,0,0,0,0,0,0,0,0,0,0,0,0,0,0,0,0,0,0,0,0,0,0,0,0,0,0,0,0,0,0,0,0,0,0,0,0,0,0,0,0,0,0,0,0,0,0,0,0,0,0,0,0,0,0,0,0,0,0,0,0,0,0,0,0,0,0,0,0,0,0,0,0,0,0,0,0,0,0,0,0,0,0,0,0,0,0,0,0,0,0,0,0,0,0,0,0,0,0,0,0,0,0,0,0,0,0,0,0,0,0,0,0,0,0,0,0,0,0,0,0,0,0,0,0,0,0,0,0,0,0,0,0,0,0,0,0,0,0,0,0,0,0,0,0,0,0,0,0,0,0,0,0,0,0,0,0,0,0,0,0,0,0,0,0,0,0,0,0,0,0,0,0,0,0,0,0,0,0,0,0,0,0,0,0,0,0,0,0,0,0,0,0,0,0,0,0,0,0,0,0,0,0,0,0,0,0,0,0,0,0,0,0,0,0,0,0,0,0,0,0,0,0,0,0,0,0,0,0,0,0,0,0,0,0,0,0,0,0,0,0,0,0,0,0,0,0,0,0,0,0,0,0,0,0,0,0,0,0,0,0,0,0,0,0,0,0,0,0,0,0,0,0,0,0,0,0,0,0,0,0,0,0,0,0,0,0,0,0,0,0,0,0,0,0,0,0,0,0,0,0,0,0,0,0,0,0,0,0,0,0,0,0,0,0,0,0,0,0,0,0,0,0,0,0,0,0,0,0,0,0,0,0,0,0,0,0,0,0,0,0,0,0,0,0,0,0,0,0,0,0,0,0,0,0,0,0,0,0,0,0,0,0,0,0,0,0,0,0,0,0,0,0,0,0,0,0,0,0,0,0,0,0,0,0,0,0,0,0,0,0,0,0,0,0,0,0,0,0,0,0,0,0,0,0,0,0,0,0,0,0,0,0,0,0,0,0,0,0,0,0,0,0,0,0,0,0,0,0,0,0,0,0,0,0,0,0,0,0,0,0,0,0,0,0,0,0,0,0,0,0,0,0,0,0,0,0,0,0,0,0,0,0,0,0,0,0,0,0,0,0,0,0,0,0,0,0,0,0,0,0,0,0,0,0,0,0,0,0,0,0,0,0,0,0,0,0,0,0,0,0,0,0,0,0,0,0,0,0,0,0,0,0,0,0,0,0,0,0,0,0,0,0,0,0,0,0,0,0,0,0,0,0,0,0,0,0,0,0,0,0,0,0,0,0,0,0,0,0,0,0,0,0,0,0,0,0,0,0,0,0,0,0,0,0,0,0,0,0,0,0,0,0,0,0,0,0,0,0,0,0,0,0,0,0,0,0,1.1809367,0.43406087,-0.5587757,1.2320739,-0.7513509,-0.66554695,0.61811316,-1.0549849,0.11311969,-0.990096,-1.0859914,1.0361,0.3972504,0.79411316,-0.93932474,-0.072919525,1.3974073,0.7805707,1.4068713,1.4482307,0.2246491,0.3295903,0.9399955,-0.8994816,-0.17226593,0.17042688,-0.037468545,2.0032113,-0.63699794,1.3459563,-0.087716915,0.3159955,0.08451838,-0.30319405,0.40263602,0.4979563,-0.4354816,-1.7191417,-0.25216135,-1.1627496,-0.06052737,-0.9362398,0.95578635,0.51881903,0.6873419,-0.1761875,-0.05984763,-0.7691287,1.1025575,-0.6595862,1.8056687,-1.8445797,1.7678125,0.82857066,-0.4410764,-0.8876646,0.9573027,0.18794322,-0.22267117,1.7585053,-0.49937704,0.38825694,-1.027377,-0.21806985,0.6873942,-0.08839665,0.53701514,-0.55312866,-0.446462,0.8647014,0.4187929,0.8066622,0.926087,1.109721,-1.9921875,-0.06716789,-0.60928553,1.0353158,0.9453811,-1.1767627,-0.19370385,0.43249223,-0.42857966,0.38569486,-0.14769077,-0.23961234,-0.22267117,-1.6908019,-0.7623836,-0.72640973,-0.5994032,-0.903194,-0.20395221,0.19406086,0.31531575,-0.024971813,0.38030922,0.57853144,0.9703746,1.081172,0.38166872,-0.33984762,0.5256164,-0.39208293,-0.6102267,1.2698256,1.2677864,-1.7112464,0.48488438,1.0501654,0.013302696,-0.6597431,-0.48468423,-0.9404751,0.02966871,-0.8364751,-1.1283966,-1.3016254,-0.1909326,-0.55961233,-1.3452855,-1.3767104,1.4784007,1.0455642,-1.8827496,-0.6570764,-0.9350372,0.41769487,-0.79987377,1.7470543,0.5581916,-1.4275862,-1.1092072,0.96938115,1.1302177,-1.016449,-0.7841875,1.1725184,0.7705315,-0.59276265,0.72634846,-0.29806986,0.67887133,1.2817994,-0.64557314,-0.81341624,1.0023223,0.43960336,-1.9389588,0.5850151,-1.4915339,1.2517864,-1.8187495,0.6705053,0.2862439,0.0057732845,-1.1705928,1.3527536,-1.6962398,-1.1989849,0.1042308,0.34569484,0.67657065,-0.6739653,-1.2611026,0.11677982,-0.99542934,1.0765184,1.3509237,-1.1244228,-1.4734424,-0.03150776,-1.4730763,0.53675365,-0.9038738,0.545538,-1.4862006,-0.8805012,-0.19291952,0.025067402,-1.3873248,-1.1810503,1.600806,-0.9561614,0.7951066,-0.67412215,0.11766871,-1.1451287,0.16932884,-0.16165155,0.99249226,0.28619158,1.2169105,1.4280478,0.18747263,-1.0198476,0.29617852,1.4334334,0.4629759,-1.782828,-1.6037431,-0.30303717,1.0356295,-0.910462,0.40713277,0.8018517,1.4928844,-0.99961233,-0.68839663,-0.31035742,0.6289367,-0.7926581,0.44556412,0.033851717,-1.043377,0.22355106,0.58579946,-0.9538084,0.39756414,-0.07971691,-0.72897184,-0.2120045,0.88294977,0.44551185,1.0471851,-0.069729984,-1.5712725,0.14564256,0.5373811,0.04629616,1.3894596,-1.0245535,1.380623,-0.15297182,-1.4947234,1.37027,0.00064910133,0.5049105,0.4761001,0.49607393,-0.83077574,-0.34606984,-0.42769077,0.64885825,0.39411315,-0.26559925,-1.6380438,1.708989,-0.44071037,-0.2338607,1.9371719,0.11908048,1.1895641,0.5046491,0.6034203,-1.5522921,1.2778778,-0.7289195,1.2447798,1.6599956,0.50156415,-0.30737704,-1.0851548,1.1559433,0.35327655,1.2508975,-0.57780844,1.6257994,1.3988191,-0.616815,0.6427929,0.4066099,-0.90110254,0.5147929,0.66145957,1.3004661,0.08294976,0.24593015,-0.97556007,-1.3870633,0.27944648,-1.6575992,0.002060866,0.8434203,-1.2037953,0.8559171,-1.8304098,0.53230923,-0.034854166,0.14747263,0.58857065,1.0495902,0.7386883,0.5719955,-0.8529457,0.87651837,1.3401524,0.52854455,-0.26267117,-1.8927366,0.9605968,-1.0589588,0.13654453,0.8213027,0.2617733,0.37983865,-0.17467116,0.20880596,1.0161263,1.7822962,0.5122831,-0.5263574,-0.61676264,-0.35025287,0.99165565,-0.92086726,0.12551184,-0.8317692,1.6902701,1.1706883,1.0420609,-0.7555862,0.057485703,0.07928962,-1.4988018,0.37889746,0.6604138,0.7514465,-0.20682803,-0.18633129,1.3052765,-0.9471679,1.2956556,0.8759955,-0.74559927,-0.8008149,0.6751589,0.004309232,0.013825572,0.33382556,-0.44719404,-0.16703717,-0.063873775,-1.3315862,-0.5369718,-0.7105666,-1.9921875,-0.06612214,0.28843996,0.7589759,-1.697547,0.57492363,-0.11752083,1.644466,1.1758125,-0.08050123,-0.66005677,-1.0955077,-1.3985666,-1.0212594,-0.65503716,0.5987145,-1.6388803,0.46187785,0.11254453,0.04436152,0.3008844,-0.64975613,0.034479167,0.10668832,-0.3167888,-0.36829206,0.21894975,0.80875367,1.2832634,1.3975642,-0.029363971,0.90208703,1.0787667,-1.2851548,-1.753547,0.75244,0.71536803,-0.34105024,-0.37336397,0.8890674,0.769538,1.1916556,1.7888844,-0.09467116,0.5009367,-0.40546855,-0.65331167,-0.035743054,0.3687014,0.7186622,1.4266883,-1.4812856,0.44545954,-0.5907757,0.98151183,-0.30606985,-0.29697183,-0.6379914,-0.79647505,-0.98491955,-0.84667116,-0.6549849,-0.9458084,0.273904,-1.3207626,1.0577995,1.3970412,0.43636152,-1.4287888,1.405721,0.38203472,0.55484515,0.20289747,-0.22497182,-1.0564489,1.661721,-0.38193914,0.13759027,0.42700204,0.5564661,0.19526348,-1.2573901,-0.32865807,-0.096082926,0.38658375,-0.5192986,0.39636153,0.5521785,0.10773407,1.3247799,0.3161001,0.56002164,-0.39187378,0.769904,-0.44813523,-0.8487627,-0.3572594,-0.26173,-0.016919525,0.5485707,-0.2208411,-0.67600447,0.14904127,-0.26868424,0.56258374,0.564989,0.60164255,-1.5505143,-0.32008293,-1.4120568,0.8175903,0.06349877,-1.5829849,1.3419302,-0.98178226,1.0226098,1.1483616,0.28310663,-0.54565156,-1.0756385,1.4965968,-1.3426712,-0.5912463,0.083734065,0.7863223,-0.012475082,0.122060865,-0.06392606,-1.5128672,-0.38946855,0.31892362,0.78480595,-0.390828,-1.3892071,1.3694334,0.76959026,-0.34983456,-1.7998738,-0.36447507,0.4470282,-0.35281494,1.4621392,-1.0127366,0.5424007,-0.48719403,0.14522426,-1.7246842,-0.777547,0.7216948,-0.28635743,-0.2802398,-1.3549064,-1.095194,-1.074279,-0.5296515,0.21126348,0.4807014,-0.03501103,-1.0488672,0.5513419,-0.838462,-1.8787235,0.52509356,-1.404998,1.6763616,1.3602831,0.38015237,-1.0711417,-0.16761234,-0.26946855,0.04436152,-0.0030110294,-0.59563845,-0.2948803,-0.7238476,-0.45519403,1.0427406,-0.54664505,-0.7576777,-0.38052738,0.49811316,-1.304658,-1.3234293,-0.6920568,-1.3685012,-0.96212214,1.2211459,-0.33346856,0.03960335,-0.42695874,0.6329628,-0.07715482,0.58857065,0.46810007,1.2454072,-0.65132475,0.7798386,1.1728843,-1.5847104,-0.090017565,-1.3177823,-1.4759521,-0.06899796,-0.20180841,0.08111969,0.11542034,-1.2107496,-1.1205535,-1.739377,1.9452243,0.59029615,-0.36254045,-0.5720045,0.4445184,-0.25362542,1.4472896,0.9832373,0.77607393,0.54611313,0.5335118,-0.008553513,0.42830923,-0.10010907,-0.55642277,-1.3881091,0.13952492,0.33476675,-0.58988684,0.56859684,-0.002069853,0.7228452,-1.2981222,-0.064553514,0.2604138,-0.057390116,1.652257,-0.120605804,-0.85597837,0.31866217,-0.8504881,-0.46805677,0.39327654,-0.6826973,-0.32044894,-1.4814425,0.24985172,-0.16044894,-0.9875339,0.49989092,-0.50533783,-0.18931168,-0.7318999,-0.69712865,0.5678648,0.10898897,-0.8677431,1.3373811,-1.5947496,-0.037311684,-0.15966463,-1.190462,-0.22497182,1.2894334,0.5220609,1.7770151,-0.3034032,0.12556413,-1.234279,-0.77592605,-0.20217443,-0.10664502,-0.5144359,-0.52583456,-0.7171025,0.48206088,0.94198245,-0.8189064,0.0048843953,1.1235772,0.06459682,-0.06465809,0.21827002,-0.3665143,-1.1670895,0.9119171,0.9219563,0.79123735,-0.48792607,-1.226645,0.10940727,0.14642689,0.90684515,0.22328962,-0.42910254,-0.029886845,0.3779563,-1.5098869,-0.50089335,-1.3959522,-0.5990372,-0.44625285,-0.06115482,-0.24159926,-0.19271037,-1.4032202,-0.64886725,0.053564135,-0.59746855,0.41173407,-0.21493259,-1.0947757,-0.31229207,-1.9708018,-0.8305666,-0.11406985,-0.454096,1.0252242,-0.7173117,-0.7397953,-0.5557954,-0.54193914,0.7929105,-0.534096,-0.5112986,1.5613811,-0.78267115,0.7913419,-0.83950776,0.8227667,0.11317198,-0.8634032,0.653721,-0.721913,-1.4566581,0.3303223,0.48598245,1.4420086,-0.27861887,-0.015403186,-0.24259272,0.14919811,-0.7408411,-0.5780176,0.8980086,-1.003534,1.9316295,0.26344648,0.54627,1.4507406,0.5640478,0.73429614,-1.0748541,-0.30654043,-0.329547,0.7659302,0.30104125,0.14642689,-1.5150111,-1.7466973,-0.73634434,-0.84797835,-1.9297562,-0.24421364,-0.41895875,0.20017852,0.7868452,-1.1016254,-0.6351679,-0.34350777,-1.3050241,-0.15987377,1.0200478,-0.08410907,0.5201785,0.15667525,1.175551,0.2504269,0.21152492,0.13670139,0.15625694,0.33225694,-1.256815,0.9336164,-0.20379534,0.7798386,0.5063746,0.2196295,-0.51203066,-0.14497182,-1.531534,0.32132885,-0.678462,0.5557341,0.7273942,-1.0372593,1.5737733,-1.0276384,-0.6166058,-0.8646581,1.4021654,1.3986099,0.69513273,1.6111588,0.61126345,-0.30429208,0.7090936,1.9504007,0.525721,0.9433942,-0.6993247,1.6148714,0.44875368,0.20791708,1.3379563,-0.12661888,-0.10565155,-1.092475,-0.48463196,-0.44703716,0.32420465,-0.06115482,-0.85770386,-1.8886058,-1.1846058,1.4925706,-0.04426593,-0.13273652,0.9089367,-0.67929864,1.1830282,0.90208703,-0.035115603,0.0558125,0.7648844,-1.2786189,0.36645302,-0.6068803,1.0990543,0.37147263,0.053616423,1.1012504,-0.15668423,1.1741393,1.2277341,0.2616687,-1.4811287,0.7192373,0.6591589,-0.13399142,-0.0018607026,0.36959028,-1.9079522,0.9896164,0.33502817,1.1313158,-0.66423976,0.22491054,-0.5905143,0.35468832,-0.60044897,-1.1630111,-0.4758999,0.1606491,1.158087,-0.24034436,-0.40081495,-0.18899795,-0.60003066,0.49858373,-0.30601758,0.57879287,0.5054857,0.5842831,0.57738113,-1.5659914,-0.0746973,1.2996818,1.3229498,-0.6449457,0.63965565,0.87165564,0.028047794,-1.1439784,0.337538,-1.2217823,-0.6548803,-1.1940175,-0.008396651,-0.5171548,-1.7991418,-0.5892594,0.40723735,0.71458375,-0.94993913,0.1585053,0.33230925,-1.2043182,0.33570793,-0.24337704,1.1516033,1.0603615,0.68420464,-0.1757692,-0.77017444,-0.29634437,-0.03840972,0.15793015,-1.2337039,-0.73770386,-1.5661483,-0.37169078,-0.9480045,-0.97718096,-1.4376777,-0.33043587,-1.1889457,0.10705433,-1.1933901,0.42438766,-0.370279,-1.7140175,-1.1477953,1.448074,0.7116556,-0.36170384,-0.646096,0.94386476,-0.108684234,0.4561262,-0.3878999,0.3918125,-0.06706332,-1.5019914,0.39787787,-0.69843584,1.6821132,-0.07626593,0.6801785,-0.25299796,1.3158909,-1.2438476,0.031289626,-0.38523325,0.59583867,-0.38235745,0.9786883,-0.1505143,0.012100082,1.0104269,-0.18094566,1.5590281,-1.819743,0.8002308,1.3524922,-0.56118095,-0.7209718,0.28849223,-0.33341625,0.013093546,0.1770674,1.4062439,0.015185049,-0.5920829,-0.97346854,0.4339563,-0.81064504,1.3358124,1.6752112,0.83908045,0.050479166,-0.78350776,-0.7156908,0.8045184,0.6338517,-0.486462,0.5541654,-0.4481875,1.0883354,1.4508975,-0.25310254,0.78522426,0.8696687,0.68760335,-1.0268018,-0.6886058,-0.7293901,0.6521001,0.39500204,0.029459558,-0.042906456,0.078557596,-1.2646581,-0.5243705,0.8489105,-0.24729861,-0.37315482,-1.2983313,1.0212504,0.6134596,-0.68274957,-0.4397169,0.5982439,-0.076475084,-0.7795339,-0.15945548,-0.63537705,-0.3996646,0.32875368,-1.3409979,-0.029886845,0.75369483,-0.14403063,0.72294974,0.8148713,0.64221776,1.2009106,-1.0230894,-1.6307757,-1.1952724,-0.35291952,0.35285825,1.6533027,0.9494073,-0.5757692,-0.999194,-0.1496777,0.45659682,-0.43281496,-0.008710376,-0.77979535,0.04310662,-0.5038215,-0.26026592,-0.7744097,-0.07621364,-0.12546855,-0.06962541,0.86161643,-0.42612213,-0.75867116,0.5985576,0.8521001,1.4668452,-0.35642278,0.5404138,0.14627002,-0.76531166,1.1194465,-0.65864503,-0.32311562,0.5484138,0.36723733,-0.18946855,-0.40677574,-1.0043182,-0.22356005,0.112387665,0.58600855,-1.1561091,-0.5068019,-0.40055352,-0.3964228,-0.5678215,-0.8250241,-0.106435865,-0.12593913,-0.2914816,0.76854455,0.2023223,0.3345576,-0.07234436,-0.6178607,-0.73226595,0.002060866,0.8468713,-0.73226595,0.6257994,-0.108684234,-1.336815,0.5303746,0.023655638,-0.35077575,1.2052504,-0.5221744,0.044727534,1.2202047,1.5963092,-0.093520835,-0.7458084,1.4416425,1.2976948,-0.54857963,-1.4274817,-0.06272345,-0.6216777,1.0073419,-0.8915862,1.2355249,-0.5398476,-0.8032725,-0.9724751,1.2229236,-0.7063313,-1.0934685,-0.3407888,-1.7247366,-0.7457038,0.5435511,0.2036295,1.2252243,0.1610674,0.47338113,-0.3902006,-0.41440973,1.4016949,1.0643877,-0.10042279,0.89894974,-0.4810241,1.8925184,0.23531577,0.25868833,-0.78068423,0.23019159,-1.548998,0.6474465,0.6024269,0.84608704,0.20274061,-0.1841875,1.2025838,0.46532884,1.2346361,-0.57095873,-1.1175731,1.4636556,0.31970793,0.24033538,1.6328583,-1.1939653,0.79840076,1.0686753,-0.9221221,-0.50188684,1.3894073,0.37847915,-1.7570503,-0.59532475,1.194636,-0.033024102,-1.1793771,-1.0036907,1.0623485,-0.93655354,0.37596935,-0.17592606,1.428257,1.3436034,0.57047915,-0.28672343,-1.4498084,-0.31234437,-0.75626594,-1.0705143,0.5336164,-0.17739011,0.8142962,-0.2885535,-0.10805678,-0.1766581,0.71751183,-0.31542933,0.7801001,0.08096283,-0.98439664,-0.30382147,0.2771981,-0.4549326,0.6041524,-0.6733378,1.374087,-1.0196385,-0.3989326,0.44660988,-0.2494424,-1.3765012,0.119498774,-0.015246323,0.5330936,-0.32034436,1.0814857,-0.44891953,0.597355,0.8441524,0.46862295,0.25382558,-0.08891953,0.42611316,0.025381127,-0.7766581,-0.43161234,0.36462295,0.16776021,0.23808701,0.537538,-0.62659276,
1,0,0,0,0,0,0,0,0,0,0,0,0,0,0,0,0,0,0,0,0,0,0,0,0,0,0,0,0,0,0,0,0,0,0,0,0,0,0,0,0,0,0,0,0,0,0,0,0,0,0,0,0,0,0,0,0,0,0,0,0,0,0,0,0,0,0,0,0,0,0,0,0,0,0,0,0,0,0,0,0,0,0,0,0,0,0,0,0,0,0,0,0,0,0,0,0,0,0,0,0,0,0,0,0,0,0,0,0,0,0,0,0,0,0,0,0,0,0,0,0,0,0,0,0,0,0,0,0,0,0,0,0,0,0,0,0,0,0,0,0,0,0,0,0,0,0,0,0,0,0,0,0,0,0,0,0,0,0,0,0,0,0,0,0,0,0,0,0,0,0,0,0,0,0,0,0,0,0,0,0,0,0,0,0,0,0,0,0,0,0,0,0,0,0,0,0,0,0,0,0,0,0,0,0,0,0,0,0,0,0,0,0,0,0,0,0,0,0,0,0,0,0,0,0,0,0,0,0,0,0,0,0,0,0,0,0,0,0,0,0,0,0,0,0,0,0,0,0,0,0,0,0,0,0,0,0,0,0,0,0,0,0,0,0,0,0,0,0,0,0,0,0,0,0,0,0,0,0,0,0,0,0,0,0,0,0,0,0,0,0,0,0,0,0,0,0,0,0,0,0,0,0,0,0,0,0,0,0,0,0,0,0,0,0,0,0,0,0,0,0,0,0,0,0,0,0,0,0,0,0,0,0,0,0,0,0,0,0,0,0,0,0,0,0,0,0,0,0,0,0,0,0,0,0,0,0,0,0,0,0,0,0,0,0,0,0,0,0,0,0,0,0,0,0,0,0,0,0,0,0,0,0,0,0,0,0,0,0,0,0,0,0,0,0,0,0,0,0,0,0,0,0,0,0,0,0,0,0,0,0,0,0,0,0,0,0,0,0,0,0,0,0,0,0,0,0,0,0,0,0,0,0,0,0,0,0,0,0,0,0,0,0,0,0,0,0,0,0,0,0,0,0,0,0,0,0,0,0,0,0,0,0,0,0,0,0,0,0,0,0,0,0,0,0,0,0,0,0,0,0,0,0,0,0,0,0,0,0,0,0,0,0,0,0,0,0,0,0,0,0,0,0,0,0,0,0,0,0,0,0,0,0,0,0,0,0,0,0,0,0,0,0,0,0,0,0,0,0,0,0,0,0,0,0,0,0,0,0,0,0,0,0,0,0,0,0,0,0,0,0,0,0,0,0,0,0,0,0,0,0,0,0,0,0,0,0,0,0,0,0,0,0,0,0,0,0,0,0,0,0,0,0,0,0,0,0,0,0,0,0,0,0,0,0,0,0,0,0,0,0,0,0,0,0,0,0,0,0,0,0,0,0,0,0,0,0,0,0,0,0,0,0,0,0,0,0,0,0,0,0,0,0,0,0,0,0,0,0,0,0,0,0,0,0,0,0,0,0,0,0,0,0,0,0,0,0,0,0,0,0,0,0,0,0,0,0,0,0,0,0,0,0,0,0,0,0,0,0,0,0,0,0,0,0,0,0,0,0,0,0,0,0,0,0,0,0,0,0,0,0,0,0,0,0,0,0,0,0,0,0,0,0,0,0,0,0,0,0,0,0,0,0,0,0,0,0,0,0,0,0,0,0,0,0,0,0,0,0,0,0,0,0,0,0,0,0,0,0,0,0,0,0,0,0,0,0,0,0,0,0,0,0,0,0,0,0,0,0,0,0,0,0,0,0,0,0,0,0,0,0,0,0,0,0,0,0,0,0,0,0,0,0,0,0,0,0,0,0,0,0,0,0,0,0,0,0,0,0,0,0,0,0,0,0,0,0,0,0,0,0,0,0,0,0,0,0,0,0,0,0,0,0,0,0,0,0,0,0,0,0,0,0,0,0,0,0,0,0,0,0,0,0,0,0,0,0,0,0,0,0,0,0,0,0,0,0,0,0,0,0,0,0,0,0,0,0,0,0,0,0,0,0,0,0,0,0,0,0,0,0,0,0,0,0,0,0,0,0,0,0,0,0,0,0,0,0,0,0,0,0,0,0,0,0,0,0,0,0,0,0,0,0,0,0,0,0,0,0,0,0,0,0,0,0,0,0,0,0,0,0,0,0,0,0,0,0,0,0,0,0,0,0,0,0,0,0,0,0,0,0,0,0,0,0,0,0,0,0,0,0,0,0,0,0,0,0,0,0,0,0,0,0,0,0,0,0,0,0,0,0,0,0,0,0,0,0,0,0,0,0,0,0,0,0,0,0,0,0,0,0,0,0,0,0,0,0,0,0,0,0,0,0,0,0,0,0,0,0,0,0,0,0,0,0,0,0,0,0,0,0,0,0,0,0,0,0,0,0,0,0,0,0,0,0,0,0,0,0,0,0,0,0,0,0,0,0,0,0,0,0,0,0,0,0,0,0,0,0,0,0,0,0,0,0,0,0,0,0,0,0,0,0,0,0,0,0,0,0,0,0,0,0,0,0,0,0,0,0,0,0,0,0,0,0,0,0,0,0,0,0,0,0,0,0,0,0,0,0,0,0,0,0,0,0,0,0,0,0,0,0,0,0,0,0,0,0,0,0,0,0,0,0,0,0,0,0,0,0,0,0,0,0,0,0,0,0,0,0,0,0,0,0,0,0,0,0,0,0,0,0,0,0,0,0,0,0,0,0,0,0,0,0,0,0,0,0,0,0,0,0,0,0,0,0,0,0,0,0,0,0,0,0,0,0,0,0,0,0,0,0,0,0,0,0,0,0,0,0,0,0,0,0,0,0,0,0,0,0,0,0,0,0,0,0,0,0,0,0,0,0,0,0,0,0,0,0,0,0,0,0,0,0,0,0,0,0,0,0,0,0,0,0,0,0,0,0,0,0,0,0,0,0,0,0,0,0,0,0,0,0,0,0,0,0,0,0,0,0,0,0,0,0,0,0,0,0,0,0,0,0,0,0,0,0,0,0,0,0,0,0,0,0,0,0,0,0,0,0,0,0,0,0,0,0,0,0,0,0,0,0,0,0,0,0,0,0,0,0,0,0,0,0,0,0,0,0,0,0,0,0,0,0,0,0,0,0,0,0,0,0,0,0,0,0,0,0,0,0,0,0,0,0,0,0,0,0,0,0,0,0,0,0,0,0,0,0,0,0,0,0,0,0,0,0,0,0,0,0,0,0,0,0,0,0,0,0,0,0,0,0,0,0,0,0,0,0,0,0,0,0,0,0,0,0,0,0,0,0,0,0,0,0,0,0,0,0,0,0,0,0,0,0,0,0,0,0,0,0,0,0,0,0,0,0,0,0,0,0,0,0,0,0,0,0,0,0,0,0,0,0,0,0,0,0,0,0,0,0,0,0,0,0,0,0,0,0,0,0,0,0,0,0,0,0,0,0,0,0,0,0,0,0,0,0,0,0,0,0,0,0,0,0,0,0,0,0,0,0,0,0,0,0,0,0,0,0,0,0,0,0,0,0,0,0,0,0,0,0,0,0,0,0,0,0,0,0,0,0,0,0,0,0,0,0,0,0,0,0,0,0,0,0,0,0,0,0,0,0,0,0,0,0,0,0,0,0,0,0,0,0,0,0,0,0,0,0,0,0,0,0,0,0,0,0,0,0,0,0,0,0,0,0,0,0,0,0,0,0,0,0,0,0,0,0,0,0,0,0,0,0,0,0,0,0,0,0,0,0,0,0,0,0,0,0,0,0,0,0,0,0,0,0,0,0,0,0,0,0,0,0,0,0,0,0,0,0,0,0,0,0,0,0,0,0,0,0,0,0,0,0,0,0,0,0,0,0,0,0,0,0,0,0,0,0,0,0,0,0,0,0,0,0,0,0,0,0,0,0,0,0,0,0,0,0,0,0,0,0,0,0,0,0,0,0,0,0,0,0,0,0,0,0,0,0,0,0,0,0,0,0,0,0,0,0,0,0,0,0,0,0,0,0,0,0,0,0,0,0,0,0,0,0,0,0,0,0,0,0,0,0,0,0,0,0,0,0,0,0,0,0,0,0,0,0,0,0,0,0,0,0,0,0,0,0,0,0,0,0,0,0,0,0,0,0,0,0,0,0,0,0,0,0,0,0,0,0,0,0,0,0,0,0,0,0,0,0,0,0,0,0,0,0,0,0,0,0,0,0,0,0,0,0,0,0,0,0,0,0,0,0,0,0,0,0,0,0,0,0,0,0,0,0,0,0,0,0,0,0,0,0,0,0,0,0,0,0,0,0,0,0,0,0,0,0,0,0,0,0,0,0,0,0,0,0,0,0,0,0,0,0,0,0,0,0,0,0,0,0,0,0,0,0,0,0,0,0,0,0,0,0,0,0,0,0,0,0,0,0,0,0,0,0,0,0,0,0,0,0,0,0,0,0,0,0,0,0,0,0,0,0,0,0,0,0,0,0,0,0,0,0,0,0,0,0,0,0,0,0,0,0,0,0,0,0,0,0,0,0,0,0,0,0,0,0,0,0,0,0,0,0,0,0,0,0,0,0,0,0,0,0,0,0,0,0,0,0,0,0,0,0,0,0,0,0,0,0,0,0,0,0,0,0,0,0,0,0,0,0,0,0,0,0,0,0,0,0,0,0,0,0,0,0,0,0,0,0,0,0,0,0,0,0,0,0,0,0,0,0,0,0,0,0,0,0,0,0,0,0,0,0,0,0,0,0,0,0,0,0,0,0,0,0,0,0,0,0,0,0,0,0,0,0,0,0,0,0,0,0,0,0,0,0,0,0,0,0,0,0,0,0,0,0,0,0,0,0,0,0,0,0,0,0,0,0,0,0,0,0,0,0,0,0,0,0,0,0,0,0,0,0,0,0,0,0,0,0,0,0,0,0,0,0,0,0,0,0,0,0,0,0,0,0,0,0,0,0,0,0,0,0,0,0,0,0,0,0,0,0,0,0,0,0,0,0,0,0,0,0,0,0,0,0,0,0,0,0,0,0,0,0,0,0,0,0,0,0,0,0,0,0,0,0,0,0,0,0,0,0,0,0,0,0,0,0,0,0,0,0,0,0,0,0,0,0,0,0,0,0,0,0,0,0,0,0,0,0,0,0,0,0,0,0,0,0,0,0,0,0,0,0,0,0,0,0,0,0,0,0,0,0,0,0,0,0,0,0,0,0,0,0,0,0,0,0,0,0,0,0,0,0,0,0,0,0,0,0,0,0,0,0,0,0,0,0,0,0,0,0,0,0,0,0,0,0,0,0,0,0,0,0,0,0,0,0,0,0,0,0,0,0,0,0,0,0,0,0,0,0,0,0,0,0,0,0,0,0,0,0,0,0,0,0,0,0,0,0,0,0,0,0,0,0,0,0,0,0,0,0,0,0,0,0,0,0,0,0,0,0,0,0,0,0,0,0,0,0,0,0,0,0,0,0,0,0,0,0,0,0,0,0,0,0,0,0,0,0,0,0,0,0,0,0,0,0,0,0,0,0,0,0,0,0,0,0,0,0,0,0,0,0,0,0,0,0,0,0,0,0,0,0,0,0,0,0,0,0,0,0,0,0,0,0,0,0,0,0,0,0,0,0,0,0,0,0,0,0,0,0,0,0,0,0,0,0,0,0,0,0,0,0,0,0,0,0,0,0,0,0,0,0,0,0,0,0,0,0,0,0,0,0,0,0,0,0,0,0,0,0,0,0,0,0,0,0,0,0,0,0,0,0,0,0,0,0,0,0,0,0,0,0,0,0,0,0,0,0,0,0,0,0,0,0,0,0,0,0,0,0,0,0,0,0,0,0,0,0,0,0,0,0,0,0,0,0,0,0,0,0,0,0,0,0,0,0,0,0,0,0,0,0,0,0,0,0,0,0,0,0,0,0,0,0,0,0,0,0,0,0,0,0,0,0,0,0,0,0,0,0,0,0,0,0,0,0,0,0,0,0,0,0,0,0,0,0,0,0,0,0,0,0,0,0,0,0,0,0,0,0,0,0,0,0,0,0,0,0,0,0,0,0,0,0,0,0,0,0,0,0,0,0,0,0,0,0,0,0,0,0,0,0,0,0,0,0,0,0,0,0,0,0,0,0,0,0,0,0,0,0,0,0,0,0,0,0,0,0,0,0,0,0,0,0,0,0,0,0,0,0,0,0,0,0,0,0,0,0,0,0,0,0,0,0,0,0,0,0,0,0,0,0,0,0,0,0,0,0,0,0,0,0,0,0,0,0,0,0,0,0,0,0,0,0,0,0,0,0,0,0,0,0,0,0,0,0,0,0,0,0,0,0,0,0,0,0,0,0,0,0,0,0,0,0,0,0,0,0,0,0,0,0,0,0,0,0,0,0,0,0,0,0,0,0,0,0,0,0,0,0,0,0,0,0,0,0,0,0,0,0,0,0,0,0,0,0,0,0,0,0,0,0,0,0,0,0,0,0,0,0,0,0,0,0,0,0,0,0,0,0,0,0,0,0,0,0,0,0,0,0,0,0,0,0,0,0,0,0,0,0,0,0,0,0,0,0,0,0,0,0,0,0,0,0,0,0,0,0,0,0,0,0,0,0,0,0,0,0,0,0,0,0,0,0,0,0,0,0,0,0,0,0,0,0,0,0,0,0,0,0,0,0,0,0,0,0,0,0,0,0,0,0,0,0,0,0,0,0,0,0,0,0,0,0,0,0,0,0,0,0,0,0,0,0,0,0,0,0,0,0,0,0,0,0,0,0,0,0,0,0,0,0,0,0,0,0,0,0,0,0,0,0,0,0,0,0,0,0,0,0,0,0,0,0,0,0,0,0,0,0,0,0,0,0,0,0,0,0,0,0,0,0,0,0,0,0,0,0,0,0,0,0,0,0,0,0,0,0,0,0,0,0,0,0,0,0,0,0,0,0,0,0,0,0,0,0,0,0,0,0,0,0,0,0,0,0,0,0,0,0,0,0,0,0,0,0,0,0,0,0,0,0,0,0,0,0,0,0,0,0,0,0,0,0,0,0,0,0,0,0,0,0,0,0,0,0,0,0,0,0,0,0,0,0,0,0,0,0,0,0,0,0,0,0,0,0,0,0,0,0,0,0,0,0,0,0,0,0,0,0,0,0,0,0,0,0,0,0,0,0,0,0,0,0,0,0,0,0,0,0,0,0,0,0,0,0,0,0,0,0,0,0,0,0,0,0,0,0,0,0,0,0,0,0,0,0,0,0,0,0,0,0,0,0,0,0,0,0,0,0,0,0,0,0,0,0,0,0,0,0,0,0,0,0,0,0,0,0,0,0,0,0,0,0,0,0,0,0,0,0,0,0,0,0,0,0,0,0,0,0,0,0,0,0,0,0,0,0,0,0,0,0,0,0,0,0,0,0,0,0,0,0,0,0,0,0,0,0,0,0,0,0,0,0,0,0,0,0,0,0,0,0,0,0,0,0,0,0,0,0,0,0,0,0,0,0,0,0,0,0,0,0,0,0,0,0,0,0,0,0,0,0,0,0,0,0,0,0,0,0,0,0,0,0,0,0,0,0,0,0,0,0,0,0,0,0,0,0,0,0,0,0,0,0,0,0,0,0,0,0,0,0,0,0,0,0,0,0,0,0,0,0,0,0,0,0,0,0,0,0,0,0,0,0,0,0,0,0,0,0,0,0,0,0,0,0,0,0,0,0,0,0,0,0,0,0,0,0,0,0,0,0,0,0,0,0,0,0,0,0,0,0,0,0,0,0,0,0,0,0,0,0,0,0,0,0,0,0,0,0,0,0,0,0,0,0,0,0,0,0,0,0,0,0,0,0,0,0,0,0,0,0,0,0,0,0,0,0,0,0,0,0,0,0,0,0,0,0,0,0,0,0,0,0,0,0,0,0,0,0,0,0,0,0,0,0,0,0,0,0,0,0,0,0,0,0,0,0,0,0,0,0,0,0,0,0,0,0,0,0,0,0,0,0,0,0,0,0,0,0,0,0,0,0,0,0,0,0,0,0,0,0,0,0,0,0,0,0,0,0,0,0,0,0,0,0,0,0,0,0,0,0,0,0,0,0,0,0,0,0,0,0,0,0,0,0,0,0,0,0,0,0,0,0,0,0,0,0,0,0,0,0,0,0,0,0,0,0,0,0,0,0,0,0,0,0,0,0,0,0,0,0,0,0,0,0,0,0,0,0,0,0,0,0,0,0,0,0,0,0,0,0,0,0,0,0,0,0,0,0,0,0,0,0,0,0,0,0,0,0,0,0,0,0,0,0,0,0,0,0,0,0,0,0,0,0,0,0,0,0,0,0,0,0,0,0,0,0,0,0,0,0,0,0,0,0,0,0,0,0,0,0,0,0,0,0,0,0,0,0,0,0,0,0,0,0,0,0,0,0,0,0,0,0,0,0,0,0,0,0,0,0,0,0,0,0,0,0,0,0,0,0,0,0,0,0,0,0,0,0,0,0,0,0,0,0,0,0,0,0,0,0,0,0,0,0,0,0,0,0,0,0,0,0,0,0,0,0,0,0,0,0,0,0,0,0,0,0,0,0,0,0,0,0,0,0,0,0,0,0,0,0,0,0,0,0,0,0,0,0,0,0,0,0,0,0,0,0,0,0,0,0,0,0,0,0,0,0,0,0,0,0,0,0,0,0,0,0,0,0,0,0,0,0,0,0,0,0,0,0,0,0,0,0,0,0,0,0,0,0,0,0,0,0,0,0,0,0,0,0,0,0,0,0,0,0,0,0,0,0,0,0,0,0,0,0,0,0,0,0,0,0,0,-0.16223706,-1.3570945,0.039098863,0.27456537,-0.6550619,-0.75251216,0.9494774,0.12235678,0.28824058,-0.9794747,0.86271447,0.6774096,-0.30186215,0.30312243,-0.7640614,0.65988463,0.101154454,0.67160624,1.0260701,0.60897607,0.017436862,0.5749604,0.69493455,0.049843673,-0.53020376,0.5327856,0.21934737,0.5007235,0.11126722,0.53301543,-0.2759482,-0.16913213,0.69855446,0.22549547,-0.52600926,0.16016473,-0.346795,-0.5966262,-0.44229165,-0.36742273,0.63374084,0.32179657,0.12488497,-0.32105342,0.39206877,0.08156098,0.0013483759,-0.022899272,-0.14425243,-0.044388894,-0.0047997246,0.27335873,-0.21843185,0.80686444,-0.07242883,0.21526779,-0.5073351,-0.3338093,0.11459983,0.31702748,0.19734062,0.024217011,0.15470614,0.34771052,0.5232474,0.12936676,-0.4443027,0.15326966,0.40844455,0.14327182,-0.19481625,-0.23509492,0.5961053,-0.45251933,-0.21843185,-0.09409083,-0.16556968,-0.14367785,-0.23181976,0.012265563,-0.4070119,-0.1462635,-0.25417128,0.32570377,-0.05634034,-0.19705714,-0.1191429,-0.018474938,-0.25118342,-0.49274054,-0.4818808,-0.10224999,0.41039816,0.076562054,0.37011948,0.0196203,-0.15166463,0.3725902,0.027262332,0.4241883,-0.0460552,0.08179081,0.10965837,-0.0431248,-0.15057291,-0.5399143,-0.4649879,0.32794467,0.0742637,-0.1359209,0.18992843,0.1424674,0.05512989,0.2299198,-0.19619526,-0.5481309,0.22779383,-0.032035235,0.22032417,-0.48280016,-0.20492901,0.15809621,0.12166727,0.2036611,0.14740886,0.41976395,-0.04553807,0.29881302,0.2260126,0.094948895,-0.04668725,-0.34926572,0.022608161,-0.14160933,-0.065016635,-0.13069214,-0.24118556,0.1480409,-0.3755819,-0.0034207113,0.17539133,-0.1262678,0.024389388,0.009967208,0.011690974,0.07736648,-0.7004544,0.17705764,0.30363956,0.16602553,0.3038694,-0.353058,-0.1329905,0.34207955,0.322601,-0.2883593,-0.11793626,-0.25572267,-0.23015346,-0.11730421,0.31863633,0.010656714,-0.1631564,0.014276624,0.09615553,-0.28255597,-0.04513586,0.27042833,-0.068636544,-0.24957456,-0.17424597,-0.07788742,0.03450215,0.23434414,0.06415093,-0.20739974,-0.07150949,-0.042262916,0.024849059,0.004680991,-0.05231822,-0.05697239,-0.09236706,0.05662382,-0.2145821,0.18544663,-0.19205822,0.15981998,-0.12649764,0.092708,-0.19119634,0.04846466,0.16194595,-0.23049821,-0.041113738,-0.27554598,-0.16827025,-0.04364193,-0.18470348,0.2696239,0.4487807,0.09517873,0.080181964,-0.055076245,-0.21940865,0.23290767,0.2864019,-0.010545612,-0.023933532,0.18222894,-0.2256142,-0.09322894,-0.29778257,-0.096733935,0.03691542,0.05604923,0.11655343,-0.3262247,-0.122360595,-0.08914936,-0.26008955,-0.15379061,-0.09811295,0.28967705,-0.19274773,0.19561686,0.061392907,-0.16005363,0.31346503,0.17303552,0.17470182,-0.15551437,-0.16419066,0.6302933,0.0024400947,-0.24233474,0.018873334,-0.12787665,-0.045940284,0.05714095,0.38942567,0.19113506,-0.05645526,-0.22354569,0.1502818,-0.103341706,0.2637631,-0.11994732,-0.060132626,0.12907946,0.14976467,-0.041343573,0.03536403,-0.01841748,-0.017210843,0.37069407,-0.3119749,-0.10765112,0.010771632,-0.24808063,0.4427475,0.016804814,-0.30203453,-0.4575757,0.13212478,0.09259308,0.13873257,-0.2791659,-0.30858484,-0.04760659,-0.20487155,0.24658288,0.16280784,-0.023358943,-0.16016854,0.17998804,0.11000312,0.070011735,0.18084992,-0.08880461,0.18803228,-0.025427463,0.33535686,-0.0029610402,-0.2633647,-0.21521415,-0.3192722,0.4598128,0.18355049,-0.2925538,-0.302092,-0.27227083,0.04892433,0.16183104,-0.14879169,-0.08374823,0.008645654,0.22423138,-0.01991141,-0.030024173,0.32530156,-0.09104551,0.1982025,0.2845632,-0.32674184,-0.086563714,-0.23388828,-0.084954865,0.26519957,-0.3027815,0.092937835,0.17636813,0.2039484,-0.2652034,0.13292922,-0.01945174,0.106727965,0.010254502,0.09977544,0.024504306,-0.07656587,-0.19188584,-0.38138524,0.35943213,0.14137568,-0.043871764,0.20843019,-0.14850439,0.012667775,-0.112592585,-0.03485072,0.06581724,-0.097251065,-0.097710736,-0.021405341,0.08891571,0.3906323,-0.06880892,0.014334083,0.055302266,0.18182673,0.061967496,-0.055995587,0.4398171,-0.10351408,-0.012269379,0.38666764,0.37586537,0.0046235323,0.109313615,-0.060362462,0.094489224,0.29140082,0.16861118,-0.108972676,-0.37747803,-0.041860703,-0.17775096,-0.28008524,0.10454453,-0.004569889,0.1111523,0.2415265,-0.09759582,0.037892222,-0.18728913,0.25813213,-0.090643294,-0.044733647,0.10460199,-0.21659316,0.043982867,-0.25072375,-0.21808709,-0.24107064,-0.041745786,-0.107536204,0.16751947,0.19153728,0.029215934,0.017379403,0.30978766,0.03180158,-0.15448011,-0.0502497,0.123678334,-0.041803245,0.014506459,0.304444,-0.32587996,0.10684288,0.057485703,0.1221844,-0.029392125,0.0021528003,-0.084437735,-0.16815533,-0.05634034,0.23101152,-0.27893606,0.11965621,-0.16108789,0.132527,-0.0369767,0.13103306,0.06030119,0.2967445,0.18406762,-0.057202224,0.3488597,-0.263652,0.1160363,-0.09242452,-0.16827025,-0.079841025,0.069954276,-0.070647605,0.35449067,0.19389309,-0.12063683,-0.037206534,-0.1078235,0.20055832,0.22710432,-0.21504177,0.3258187,0.09322513,0.0616802,0.344263,-0.05432928,-0.12965788,0.2253231,-0.25532046,-0.30462018,-0.2837626,-0.3804659,-0.18596758,0.02163136,0.0045660734,0.045189504,-0.04203308,-0.10305441,0.020367265,-0.087023385,0.08811129,0.17119683,-0.34150878,0.33903423,-0.45613924,-0.25239006,-0.08685101,0.16401447,-0.2106749,-0.006006361,0.0966152,-0.07696808,-0.33018938,-0.07817472,0.17441453,-0.17441835,0.07357419,-0.07604874,-0.12919821,0.20406331,-0.07553161,0.017092109,0.09897102,0.00065886934,0.063921094,0.032606006,0.04633868,0.16539349,-0.0065809498,0.09994782,-0.03433359,-0.2236606,-0.023071649,0.11011804,0.08811129,-0.07443989,-0.1809112,-0.06852163,0.03490436,-0.20734228,-0.045882825,-0.27089182,0.4278082,-0.05634034,-0.14005794,-0.10311187,-0.12293518,-0.18016423,-0.010315777,-0.07489956,0.022493243,-0.034103755,-0.17430343,0.055302266,-0.195161,0.12229932,-0.19510354,0.23624028,-0.19814886,0.12574685,0.22819604,-0.0014096504,0.0007163282,0.0020953414,-0.2450353,-0.30915943,-0.058064107,0.028583886,-0.2616984,0.15332712,-0.09184993,0.3327712,0.2602581,-0.07949627,0.016172767,0.014506459,0.14045633,-0.006408573,0.180735,-0.19676985,-0.48159352,-0.03186286,0.027664544,-0.06972826,0.15097131,0.08248032,0.00985229,0.12907946,0.003244519,0.071390755,-0.39460078,0.13758339,0.18010296,0.075010665,-0.2569293,-0.09960688,-0.046285037,-0.12057937,0.17705764,0.011288762,-0.09322894,0.03438723,0.092708,0.017436862,0.3789107,-0.29864445,0.06777084,0.012897611,-0.43378773,0.04179943,-0.110581525,0.26295868,-0.2096981,-0.25043646,-0.081392415,-0.20699753,0.37138358,0.095925696,0.027262332,-0.010028482,-0.06369508,-0.058064107,-0.0062936554,0.048809413,0.12350596,0.022895455,-0.19596542,-0.29307094,0.06351888,0.038926482,-0.28169408,-0.09989417,-0.057776812,-0.25124088,-0.12362469,0.0024975536,-0.15379061,-0.06151164,0.3452398,-0.007442833,0.07771123,-0.008304716,-0.18407144,-0.0095113525,-0.17326917,0.04392541,-0.06472934,0.018758416,-0.14396514,-0.069096215,0.43958727,0.12425292,-0.026863934,0.14108838,-0.056685094,-0.24802317,0.15390171,-0.12000478,0.2149805,-0.086563714,-0.02508271,0.3453547,0.16556586,-0.0095113525,-0.21015777,0.020884395,0.14424862,0.5747306,0.2982959,-0.21211137,-0.066510566,-0.15539946,0.030824782,0.06024373,0.03645575,0.18780245,0.30840865,0.11379541,-0.18591012,0.25807467,0.010714173,0.31243077,-0.014280439,-0.44447508,0.14057125,-0.025714757,0.1551658,-0.06490172,-0.16545476,-0.0039378414,0.022435784,0.058060292,-0.25095358,-0.022382142,0.16395701,-0.077255376,0.08023942,0.30714455,0.013299823,0.054268006,-0.28594604,0.079147704,-0.1531011,-0.03531039,-0.14132203,0.12787282,-0.32363907,0.21159042,0.25347793,0.16568078,0.088800795,-0.05438674,-0.020256164,0.12896454,0.25945368,0.10253347,-0.1278192,0.02841151,-0.16551222,0.012840152,0.04019058,-0.3407618,0.119024165,0.14752378,0.038179517,-0.14672317,-0.041630868,-0.15264143,-0.23681869,-0.02559984,-0.014625193,0.10954345,-0.16608681,0.26106253,-0.29726544,-0.06484426,-0.02353132,0.19803013,-0.11196054,0.22417392,0.31438437,0.1214949,0.23279275,-0.5332491,0.11224402,-0.054099444,-0.0015820271,0.022952914,0.017839074,-0.18550791,-0.15936412,0.08736432,0.031629205,-0.19056429,-0.16614427,0.192629,0.015713096,0.018815875,-0.033471707,0.13562979,-0.05645526,0.1813096,-0.052950267,0.12241424,-0.118223555,-0.008534552,0.13787068,0.085180886,0.16792168,-0.24193253,-0.034620885,0.0026699302,-0.12839378,0.11465729,-0.1974019,0.15826859,-0.12730207,0.2262999,-0.06335033,0.17447199,0.0205971,-0.34351984,0.3848864,0.20101799,0.14482321,-0.15493979,0.07380403,-0.1698791,-0.14281596,-0.3139285,0.11299098,-0.37512222,0.13356127,0.21923245,-0.19803394,0.18211402,-0.08731068,0.052946452,-0.05743206,-0.22205175,0.062427167,-0.1243142,-0.05030716,0.2100965,-0.090126164,0.0077837706,-0.27250066,0.38655272,0.21687664,0.19354834,0.031054618,0.17866649,-0.17407359,-0.102939494,0.17981566,-0.103629,-0.28272834,-0.32921258,0.046166304,0.269509,-0.06277574,0.007496476,0.038236976,-0.06363762,0.077079184,0.22721924,-0.18843831,0.007668853,0.12252916,0.01703465,-0.25646964,-0.12103904,-0.13126673,0.05668128,-0.03634465,0.16183104,-0.03582752,-0.07081998,-0.29295602,0.32920876,0.21457829,0.14677681,0.06271446,0.16217579,-0.051916007,0.09678758,-0.05530608,-0.023876073,-0.023876073,-0.07857693,0.011231303,-0.30846992,-0.0018118626,-0.101847775,-0.03272474,0.11155451,0.29697433,0.09868372,0.021746278,0.22836842,0.22486342,-0.18085374,0.14131822,0.0058876276,-0.1572956,0.26031557,0.063346505,0.09167374,0.2169341,-0.17849793,-0.0893792,-0.09489525,-0.091102965,0.034042478,0.022435784,0.034099936,0.029790523,-0.09299911,-0.24354137,0.022493243,0.22538055,-0.13040484,0.19257154,-0.3182954,-0.16298403,-0.07001556,0.058922175,0.11661089,0.26129237,0.16884102,-0.2010218,0.18900909,0.24531879,-0.11081136,0.22124352,0.02892864,-0.10023893,-0.0224396,-0.1065594,0.11724294,0.16321005,-0.03898776,0.16717471,-0.040883902,-0.24348392,0.07891787,0.11258877,0.0885135,-0.17683162,-0.04714692,-0.05116904,-0.048468474,-0.1725222,0.21699156,-0.0034781701,0.022550702,0.25273097,0.05558956,-0.095240004,0.10201634,-0.21802963,-0.09656156,-0.22607388,-0.1811985,-0.02910483,0.17039241,-0.17556752,-0.10230745,-0.07668079,0.0035318134,-0.2772123,0.24049224,0.57823557,0.16424431,0.13689388,-0.22325839,0.0299629,-0.23250927,0.092363246,0.18469967,-0.095240004,0.17533387,0.07357419,0.18056263,-0.16746582,-0.321628,0.022608161,0.07225264,-0.06358016,0.13850273,-0.07685316,0.007841229,-0.19498862,0.09971798,0.013529658,0.0054854155,-0.09690631,-0.17062606,0.08276761,0.17004766,0.03398502,-0.25882545,0.41120258,-0.1178788,0.2444569,-0.44734803,-0.019221904,-0.04306734,0.2188877,0.17918362,-0.057144765,-0.31444564,0.13103306,0.124080546,-0.005489231,-0.028185489,0.05352104,0.05610669,0.07679189,0.09420193,-0.039102677,0.025078895,-0.15109004,-0.07978357,0.14815582,0.2279662,-0.10931743,-0.065993436,0.1930312,-0.089091904,-0.46521774,0.0039340258,-0.025312545,0.23365463,0.05053318,0.17401232,-0.085931666,0.050303344,-0.022267224,-0.14896406,-0.02657664,-0.25319448,0.01036942,-0.03542531,-0.10219253,-0.21182407,-0.023761155,0.23129882,0.08299745,-0.044388894,-0.024852874,-0.025657298,-0.024623038,0.042546395,-0.10719145,-0.103973754,0.084778674,0.1706797,-0.115178235,0.033755183,-0.01680863,0.14436354,-0.06691278,-0.17206253,0.15763654,0.17700018,0.008703113,0.1017865,0.09569586,0.060531024,-0.12776174,0.2218181,-0.08978141,-0.30134502,-0.06783212,-0.0625459,-0.27307525,-0.2854289,-0.18240513,0.025021436,0.08546818,0.02887118,-0.047836427,-0.053524856,-0.12356723,-0.13063468,-0.0032483346,0.17579354,0.29473343,-0.15074529,0.040937547,-0.26457134,0.0014632937,-0.14735521,0.17315044,0.08397425,0.0073240995,0.07167805,0.04582155,-0.16608681,0.17774715,-0.13597836,0.11379541,0.27335873,0.13821544,0.02013743,-0.075703986,-0.13040484,-0.21274342,0.07075871,-0.41976777,0.15355696,0.24537624,0.019505382,0.16757692,0.027089955,-0.07242883,0.040650252,-0.14298834,-0.03841317,1.0421011,-0.15741052,-1.1015174,0.9680366,0.42114297,1.1828754,-0.50337046,-0.75446576,0.48693338,0.2218181,0.6891312,-0.2604343,0.83996075,-1.1555862,0.1495923,1.3240519,-1.106344,-0.55341715,0.44992986,1.5037832,1.0280812,-0.36684814,-0.3801786,0.88523835,0.9754488,0.6759731,-0.23181976,0.4634327,-0.22412027,0.9111523,0.19745554,0.11689819,0.34282652,-0.15269889,0.59070414,-0.18332447,-0.3436922,0.19193949,0.26617637,-0.40609255,1.4578736,-0.029736878,-0.29646102,-0.24589719,-0.12804903,0.21308435,0.05363596,0.11678327,-0.32266226,0.028066756,0.19544448,-0.69942015,-0.59312123,0.48302618,-0.6035213,0.3829328,-0.070130475,-0.1750504,-0.40149584,0.16401447,-0.11581028,0.5616874,-0.08828748,-0.116212495,-0.38173,0.04386795,-0.707292,-0.11443127,-0.23923196,-0.8970787,-0.10535277,-0.044331435,0.5872566,0.29082623,-0.12224568,-0.29462233,-0.6792521,0.72331923,-0.5330767,0.5068141,0.12884963,1.1063402,-0.34685245,0.13292922,0.32518664,-1.0014815,-0.016291501,0.5295679,-0.75435084,0.5676057,-0.39850798,-0.4387292,0.360294,0.0894903,0.71923965,0.110865004,-0.016463878,-0.0874256,0.19969644,-0.16114534,-0.4652752,0.27065817,0.9077048,0.24009003,-0.19337977,0.54289836,-0.5789289,0.76658577,-0.40810362,0.43723145,0.3041567,0.51204294,-0.16528238,0.37293497,0.0833422,-0.19401182,-0.86852163,-0.4954411,-0.9779808,0.37115374,-0.48670736,-0.095182545,-0.03801096,-0.07955373,-0.33639494,-0.1958505,0.28772345,0.5007235,
1,1,0,0,0,0,0,0,0,0,0,0,0,0,0,0,0,0,0,0,0,0,0,0,0,0,0,0,0,0,0,0,0,0,0,0,0,0,0,0,0,0,0,0,0,0,0,0,0,0,0,0,0,0,0,0,0,0,0,0,0,0,0,0,0,0,0,0,0,0,0,0,0,0,0,0,0,0,0,0,0,0,0,0,0,0,0,0,0,0,0,0,0,0,0,0,0,0,0,0,0,0,0,0,0,0,0,0,0,0,0,0,0,0,0,0,0,0,0,0,0,0,0,0,0,0,0,0,0,0,0,0,0,0,0,0,0,0,0,0,0,0,0,0,0,0,0,0,0,0,0,0,0,0,0,0,0,0,0,0,0,0,0,0,0,0,0,0,0,0,0,0,0,0,0,0,0,0,0,0,0,0,0,0,0,0,0,0,0,0,0,0,0,0,0,0,0,0,0,0,0,0,0,0,0,0,0,0,0,0,0,0,0,0,0,0,0,0,0,0,0,0,0,0,0,0,0,0,0,0,0,0,0,0,0,0,0,0,0,0,0,0,0,0,0,0,0,0,0,0,0,0,0,0,0,0,0,0,0,0,0,0,0,0,0,0,0,0,0,0,0,0,0,0,0,0,0,0,0,0,0,0,0,0,0,0,0,0,0,0,0,0,0,0,0,0,0,0,0,0,0,0,0,0,0,0,0,0,0,0,0,0,0,0,0,0,0,0,0,0,0,0,0,0,0,0,0,0,0,0,0,0,0,0,0,0,0,0,0,0,0,0,0,0,0,0,0,0,0,0,0,0,0,0,0,0,0,0,0,0,0,0,0,0,0,0,0,0,0,0,0,0,0,0,0,0,0,0,0,0,0,0,0,0,0,0,0,0,0,0,0,0,0,0,0,0,0,0,0,0,0,0,0,0,0,0,0,0,0,0,0,0,0,0,0,0,0,0,0,0,0,0,0,0,0,0,0,0,0,0,0,0,0,0,0,0,0,0,0,0,0,0,0,0,0,0,0,0,0,0,0,0,0,0,0,0,0,0,0,0,0,0,0,0,0,0,0,0,0,0,0,0,0,0,0,0,0,0,0,0,0,0,0,0,0,0,0,0,0,0,0,0,0,0,0,0,0,0,0,0,0,0,0,0,0,0,0,0,0,0,0,0,0,0,0,0,0,0,0,0,0,0,0,0,0,0,0,0,0,0,0,0,0,0,0,0,0,0,0,0,0,0,0,0,0,0,0,0,0,0,0,0,0,0,0,0,0,0,0,0,0,0,0,0,0,0,0,0,0,0,0,0,0,0,0,0,0,0,0,0,0,0,0,0,0,0,0,0,0,0,0,0,0,0,0,0,0,0,0,0,0,0,0,0,0,0,0,0,0,0,0,0,0,1,0,0,0,0,0,0,0,0,0,0,0,0,0,0,0,0,0,0,0,0,0,0,0,0,0,0,0,0,0,0,0,0,0,0,0,0,0,0,0,0,0,0,0,0,0,0,0,0,0,0,0,0,0,0,0,0,0,0,0,0,0,0,0,0,0,0,0,0,0,0,0,0,0,0,0,0,0,0,0,0,0,0,0,0,0,0,0,0,0,0,0,0,0,0,0,0,0,0,0,0,0,0,0,0,0,0,0,0,0,0,0,0,0,0,0,0,0,0,0,0,0,0,0,0,0,0,0,0,0,0,0,0,0,0,0,0,0,0,0,0,0,0,0,0,0,0,0,0,0,0,0,0,0,0,0,0,0,0,0,0,0,0,0,0,0,0,0,0,0,0,0,0,0,0,0,0,0,0,0,0,0,0,0,0,0,0,0,0,0,0,0,0,0,0,0,0,0,0,0,0,0,0,0,0,0,0,0,0,0,0,0,0,0,0,0,0,0,0,0,0,0,0,0,0,0,0,0,0,0,0,0,0,0,0,0,0,0,0,0,0,0,0,0,0,0,0,0,0,0,0,0,0,0,0,0,0,0,0,0,0,0,0,0,0,0,0,0,0,0,0,0,0,0,0,0,0,0,0,0,0,0,0,0,0,0,0,0,0,0,0,0,0,0,0,0,0,0,0,0,0,0,0,0,0,0,0,0,0,0,0,0,0,0,0,0,0,0,0,0,0,0,0,0,0,0,0,0,0,0,0,0,0,0,0,0,0,0,0,0,0,0,0,0,0,0,0,0,0,0,0,0,0,0,0,0,0,0,0,0,0,0,0,0,0,0,0,0,0,0,0,0,0,0,0,0,0,0,0,0,0,0,0,0,0,0,0,0,0,0,0,0,0,0,0,0,0,0,0,0,0,0,0,0,0,0,0,0,0,0,0,0,0,0,0,0,0,0,0,0,0,0,0,0,0,0,0,0,0,0,0,0,0,0,0,0,0,0,0,0,0,0,0,0,0,0,0,0,0,0,0,0,0,0,0,0,0,0,0,0,0,0,0,0,0,0,0,0,0,0,0,0,0,0,0,0,0,0,0,0,0,0,0,0,0,0,0,0,0,0,0,0,0,0,0,0,0,0,0,0,0,0,0,0,0,0,0,0,0,0,0,0,0,0,0,0,0,0,0,0,0,0,0,0,0,0,0,0,0,0,0,0,0,0,0,0,0,0,0,0,0,0,0,0,0,0,0,0,0,0,0,0,0,0,0,0,0,0,0,0,0,0,0,0,0,0,0,0,0,0,0,0,0,0,0,0,0,0,0,0,0,0,0,0,0,0,0,0,0,0,0,0,0,0,0,0,0,0,0,0,0,0,0,0,0,0,0,0,0,0,0,0,0,0,0,0,0,0,0,0,0,0,0,0,0,0,0,0,0,0,0,0,0,0,0,0,0,0,0,0,0,0,0,0,0,0,0,0,0,0,0,0,0,0,0,0,0,0,0,0,0,0,0,0,0,0,0,0,0,0,0,0,0,0,0,0,0,0,0,0,0,0,0,0,0,0,0,0,0,0,0,0,0,0,0,0,0,0,0,0,0,0,0,0,0,0,0,0,0,0,0,0,0,0,0,0,0,0,0,0,0,0,0,0,0,0,0,0,0,0,0,0,0,0,0,0,0,0,0,0,0,0,0,0,0,0,0,0,0,0,0,0,0,0,0,0,0,0,0,0,0,0,0,0,0,0,0,0,0,0,0,0,0,0,0,0,0,0,0,0,0,0,0,0,0,0,0,0,0,0,0,0,0,0,0,0,0,0,0,0,0,0,0,0,0,0,0,0,0,0,0,0,0,0,0,0,0,0,0,0,0,0,0,0,0,0,0,0,0,0,0,0,0,0,0,0,0,0,0,0,0,0,0,0,0,0,0,0,0,0,0,0,0,0,0,0,0,0,0,0,0,0,0,0,0,0,0,0,0,0,0,0,0,0,0,0,0,0,0,0,0,0,0,0,0,0,0,0,0,0,0,0,0,0,0,0,0,0,0,0,0,0,0,0,0,0,0,0,0,0,0,0,0,0,0,0,0,0,0,0,0,0,0,0,0,0,0,0,0,0,0,0,0,0,0,0,0,0,0,0,0,0,0,0,0,0,0,0,0,0,0,0,0,0,0,0,0,0,0,0,0,0,0,0,0,0,0,0,0,0,0,0,0,0,0,0,0,0,0,0,0,0,0,0,0,0,0,0,0,0,0,0,0,0,0,0,0,0,0,0,0,0,0,0,0,0,0,0,0,0,0,0,0,0,0,0,0,0,0,0,0,0,0,0,0,0,0,0,0,0,0,0,0,0,0,0,0,0,0,0,0,0,0,0,0,0,0,0,0,0,0,0,0,0,0,0,0,0,0,0,0,0,0,0,0,0,0,0,0,0,0,0,0,0,0,0,0,0,0,0,0,0,0,0,0,0,0,0,0,0,0,0,0,0,0,0,0,0,0,0,0,0,0,0,0,0,0,0,0,0,0,0,0,0,0,0,0,0,0,0,0,0,0,0,0,0,0,0,0,0,0,0,0,0,0,0,0,0,0,0,0,0,0,0,0,0,0,0,0,0,0,0,0,0,0,0,0,0,0,0,0,0,0,0,0,0,0,0,0,0,0,0,0,0,0,0,0,0,0,0,0,0,0,0,0,0,0,0,0,0,0,0,0,0,0,0,0,0,0,0,0,0,0,0,0,0,0,0,0,0,0,0,0,0,0,0,0,0,0,0,0,0,0,0,0,0,0,0,0,0,0,0,0,0,0,0,0,0,0,0,0,0,0,0,0,0,0,0,0,0,0,0,0,0,0,0,0,0,0,0,0,0,0,0,0,0,0,0,0,0,0,0,0,0,0,0,0,0,0,0,0,0,0,0,0,0,0,0,0,0,0,0,0,0,0,0,0,0,0,0,0,0,0,0,0,0,0,0,0,0,0,0,0,0,0,0,0,0,0,0,0,0,0,0,0,0,0,0,0,0,0,0,0,0,0,0,0,0,0,0,0,0,0,0,0,0,0,0,0,0,0,0,0,0,0,0,0,0,0,0,0,0,0,0,0,0,0,0,0,0,0,0,0,0,0,0,0,0,0,0,0,0,0,0,0,0,0,0,0,0,0,0,0,0,0,0,0,0,0,0,0,0,0,0,0,0,0,0,0,0,0,0,0,0,0,0,0,0,0,0,0,0,0,0,0,0,0,0,0,0,0,0,0,0,0,0,0,0,0,0,0,0,0,0,0,0,0,0,0,0,0,0,0,0,0,0,0,0,0,0,0,0,0,0,0,0,0,0,0,0,0,0,0,0,0,0,0,0,0,0,0,0,0,0,0,0,0,0,0,0,0,0,0,0,0,0,0,0,0,0,0,0,0,0,0,0,0,0,0,0,0,0,0,0,0,0,0,0,0,0,0,0,0,0,0,0,0,0,0,0,0,0,0,0,0,0,0,0,0,0,0,0,0,0,0,0,0,0,0,0,0,0,0,0,0,0,0,0,0,0,0,0,0,0,0,0,0,0,0,0,0,0,0,0,0,0,0,0,0,0,0,0,0,0,0,0,0,0,0,0,0,0,0,0,0,0,0,0,0,0,0,0,0,0,0,0,0,0,0,0,0,0,0,0,0,0,0,0,0,0,0,0,0,0,0,0,0,0,0,0,0,0,0,0,0,0,0,0,0,0,0,0,0,0,0,0,0,0,0,0,0,0,0,0,0,0,0,0,0,0,0,0,0,0,0,0,0,0,0,0,0,0,0,0,0,0,0,0,0,0,0,0,0,0,0,0,0,0,0,0,0,0,0,0,0,0,0,0,0,0,0,0,0,0,0,0,0,0,0,0,0,0,0,0,0,0,0,0,0,0,0,0,0,0,0,0,0,0,0,0,0,0,0,0,0,0,0,0,0,0,0,0,0,0,0,0,0,0,0,0,0,0,0,0,0,0,0,0,0,0,0,0,0,0,0,0,0,0,0,0,0,0,0,0,0,0,0,0,0,0,0,0,0,0,0,0,0,0,0,0,0,0,0,0,0,0,0,0,0,0,0,0,0,0,0,0,0,0,0,0,0,0,0,0,0,0,0,0,0,0,0,0,0,0,0,0,0,0,0,0,0,0,0,0,0,0,0,0,0,0,0,0,0,0,0,0,0,0,0,0,0,0,0,0,0,0,0,0,0,0,0,0,0,0,0,0,0,0,0,0,0,0,0,0,0,0,0,0,0,0,0,0,0,0,0,0,0,0,0,0,0,0,0,0,0,0,0,0,0,0,0,0,0,0,0,0,0,0,0,0,0,0,0,0,0,0,0,0,0,0,0,0,0,0,0,0,0,0,0,0,0,0,0,0,0,0,0,0,0,0,0,0,0,0,0,0,0,0,0,0,0,0,0,0,0,0,0,0,0,0,0,0,0,0,0,0,0,0,0,0,0,0,0,0,0,0,0,0,0,0,0,0,0,0,0,0,0,0,0,0,0,0,0,0,0,0,0,0,0,0,0,0,0,0,0,0,0,0,0,0,0,0,0,0,0,0,0,0,0,0,0,0,0,0,0,0,0,0,0,0,0,0,0,0,0,0,0,0,0,0,0,0,0,0,0,0,0,0,0,0,0,0,0,0,0,0,0,0,0,0,0,0,0,0,0,0,0,0,0,0,0,0,0,0,0,0,0,0,0,0,0,0,0,0,0,0,0,0,0,0,0,0,0,0,0,0,0,0,0,0,0,0,0,0,0,0,0,0,0,0,0,0,0,0,0,0,0,0,0,0,0,0,0,0,0,0,0,0,0,0,0,0,0,0,0,0,0,0,0,0,0,0,0,0,0,0,0,0,0,0,0,0,0,0,0,0,0,0,0,0,0,0,0,0,0,0,0,0,0,0,0,0,0,0,0,0,0,0,0,0,0,0,0,0,0,0,0,0,0,0,0,0,0,0,0,0,0,0,0,0,0,0,0,0,0,0,0,0,0,0,0,0,0,0,0,0,0,0,0,0,0,0,0,0,0,0,0,0,0,0,0,0,0,0,0,0,0,0,0,0,0,0,0,0,0,0,0,0,0,0,0,0,0,0,0,0,0,0,0,0,0,0,0,0,0,0,0,0,0,0,0,0,0,0,0,0,0,0,0,0,0,0,0,0,0,0,0,0,0,0,0,0,0,0,0,0,0,0,0,0,0,0,0,0,0,0,0,0,0,0,0,0,0,0,0,0,0,0,0,0,0,0,0,0,0,0,0,0,0,0,0,0,0,0,0,0,0,0,0,0,0,0,0,0,0,0,0,0,0,0,0,0,0,0,0,0,0,0,0,0,0,0,0,0,0,0,0,0,0,0,0,0,0,0,0,0,0,0,0,0,0,0,0,0,0,0,0,0,0,0,0,0,0,0,0,0,0,0,0,0,0,0,0,0,0,0,0,0,0,0,0,0,0,0,0,0,0,0,0,0,0,0,0,0,0,0,0,0,0,0,1,0,0,0,0,0,0,0,0,0,0,0,0,0,0,0,0,0,0,0,0,0,0,0,0,0,0,0,0,0,0,0,0,0,0,0,0,0,0,0,0,0,0,0,0,0,0,0,0,0,0,0,0,0,0,0,0,0,0,0,0,0,0,0,0,0,0,0,0,0,0,0,0,0,0,0,0,0,0,0,0,0,0,0,0,0,0,0,0,0,0,0,0,0,0,0,0,0,0,0,0,0,0,0,0,0,0,0,0,0,0,0,0,0,0,0,0,0,0,0,0,0,0,0,0,0,0,0,0,0,0,0,0,0,0,0,0,0,0,0,0,0,0,0,0,0,0,0,0,0,0,0,0,0,0,0,0,0,0,0,0,0,0,0,0,0,0,0,0,0,0,0,0,0,0,0,0,0,0,0,0,0,0,0,0,0,0,0,0,0,0,0,0,0,0,0,0,0,0,0,0,0,0,0,0,0,0,0,0,0,0,0,0,0,0,0,0,0,0,0,0,0,0,0,0,0,0,0,0,0,0,0,0,0,0,0,0,0,0,0,0,0,0,0,0,0,0,0,0,0,0,0,0,0,0,0,0,0,0,0,0,0,0,0,0,0,0,0,0,0,0,0,0,0,0,0,0,0,0,0,0,0,0,0,0,0,0,0,0,0,0,0,0,0,0,0,0,0,0,0,0,0,0,0,0,0,0,0,0,0,0,0,0,0,0,0,0,0,0,0,0,0,0,0,0,0,0,0,0,0,0,0,0,0,0,0,0,0,0,0,0,0,0,0,0,0,0,0,0,0,0,0,0,0,0,0,0,0,0,0,0,0,0,0,0,0,0,0,0,0,0,0,0,0,0,0,0,0,0,0,0,0,0,0,0,0,0,0,0,0,0,0,0,0,0,0,0,0,0,0,0,0,0,0,0,0,0,0,0,0,0,0,0,0,0,0,0,0,0,0,0,0,0,0,0,0,0,0,0,0,0,0,0,0,0,0,0,0,0,0,0,0,0,0,0,0,0,0,0,0,0,0,0,0,0,0,0,0,0,0,0,0,0,0,0,0,0,0,0,0,0,0,0,0,0,0,0,0,0,0,0,0,0,0,0,0,0,0,0,0,0,0,0,0,0,0,0,0,0,0,0,0,0,0,0,0,0,0,0,0,0,0,0,0,0,0,0,0,0,0,0,0,0,0,0,0,0,0,0,0,0,0,0,0,0,0,0,0,0,0,0,0,0,0,0,0,0,0,0,0,0,0,0,0,0,0,0,0,0,0,0,0,0,0,0,0,0,0,0,0,0,0,0,0,0,0,0,0,0,0,0,0,0,0,0,0,0,0,0,0,0,0,0,0,0,0,0,0,0,0,0,0,0,0,0,0,0,0,0,0,0,0,0,0,0,0,0,0,0,0,0,0,0,0,0,0,0,0,0,0,0,0,0,0,0,0,0,0,0,0,0,0,0,0,0,0,0,0,0,0,0,0,0,0,0,0,0,0,0,0,0,0,0,0,0,0,0,0,0,0,0,0,0,0,0,0,0,0,0,0,0,0,0,0,0,0,0,0,0,0,0,0,0,0,0,0,0,0,0,0,0,0,0,0,0,0,0,0,0,0,0,0,0,0,0,0,0,0,0,0,0,0,0,0,0,0,0,0,0,0,0,0,0,0,0,0,0,0,0,0,0,0,0,0,0,0,0,0,0,0,0,0,0,0,0,0,0,0,0,0,0,0,0,0,0,0,0,0,0,0,0,0,0,0,0,0,0,0,0,0,0,0,0,0,0,0,0,0,0,0,0,0,0,0,0,0,0,0,0,0,0,0,0,0,0,0,0,0,0,0,0,0,0,0,0,0,0,0,0,0.33633536,-1.688292,-0.089390114,0.2954988,-0.14465809,1.5024008,-0.1433509,-0.238096,1.7075249,0.9271328,0.5445968,0.63908046,0.16153799,1.2988975,-0.2869326,-0.22894567,1.247917,0.37779942,-0.09237051,0.87751186,-0.6603705,0.649538,-0.010592729,0.17534192,0.35824388,1.2787144,0.8546622,0.070819035,-0.9213901,0.1640478,-0.23715483,0.40096283,-0.41169077,0.07202165,0.003681781,0.09779943,-0.21686724,0.3362308,-0.13425286,0.6850935,-0.38403064,0.33136806,-0.8814424,-0.2957169,0.13147263,0.12896283,-0.1320045,0.6713942,-0.6304097,0.2549759,-0.06277574,0.3881001,-0.6532071,-0.41299796,0.07751185,0.09863603,0.30815238,0.9976687,-0.7332594,-0.8709849,0.64253145,-0.07286724,-0.53859276,-0.45059273,-0.52703714,-0.2679522,-0.21545547,-0.7690241,-0.10805678,-0.4039522,-0.93566465,0.31787786,-0.8489195,0.0036294935,0.07719812,-0.2435862,-0.59908944,-0.21257965,-0.11569077,-0.5861744,-0.1290241,-0.3311156,0.35928962,-0.33142933,0.18344648,-0.8104359,0.17016543,0.27076674,-0.35542932,-0.49629208,0.32964256,0.3816164,-0.041337825,0.8965968,0.3278648,-0.16384763,0.6859824,0.717721,0.58229613,-0.007821487,-0.2632986,0.1522308,-0.18021365,-0.23694567,0.08138113,0.1404661,-0.5108803,0.79155105,0.20540728,-0.33937705,-0.38340318,-0.55067116,0.015760213,-0.87914175,-0.26382148,0.069511846,0.18438767,0.44258374,0.026322303,0.1808321,0.020047795,0.05272753,0.35463604,-0.17310253,0.006662173,-0.62591296,0.0061392975,0.32122427,0.1324661,0.14036152,0.1758125,-0.27234435,-0.64531165,-0.72886723,0.30789092,0.45821774,0.449904,-0.14010906,0.50606084,-0.12206985,0.2639171,0.2991589,-0.40039665,-0.3037692,0.42898896,-0.262096,0.07641381,-0.5224882,0.5797341,-0.24688031,-0.42863193,0.032701388,0.19374715,-0.5480045,0.16462296,0.6595772,-0.100318216,-0.25393912,0.5569367,-0.27877572,-0.06669731,0.40760335,-0.3719522,0.9350282,0.11808701,0.06313276,0.11249224,0.034583744,-0.34350777,-0.24238358,0.48054454,-0.234279,-0.3854424,-0.27171692,0.3753942,0.318087,0.1728321,-0.40264502,0.0026360294,-0.08991299,-0.2991156,0.7783746,0.7520217,0.2221393,-0.03516789,0.82386476,-0.028318219,0.2772504,0.18475367,0.3859563,0.5795772,0.24545956,-0.118984886,0.3513942,0.118871324,0.22553799,0.5234726,-0.3846581,-0.11783456,-0.07558619,0.097485706,-0.49984762,0.21549878,0.38898897,-0.31637052,-0.4337561,0.13000858,-0.16071038,-0.25142932,-0.045468546,0.3678648,0.4605184,-0.030148285,0.3939563,0.345172,0.16138113,-0.18277574,-0.6358999,0.47427002,0.72091055,0.07484518,-0.04975613,-0.064501226,-0.005834559,-0.20797835,-0.013834558,-0.44363847,-0.0075077615,-0.28044894,0.1471589,0.2654334,0.10778636,-0.45425287,0.125721,0.23233537,0.6708713,-0.06225286,-0.0047365194,0.3538517,0.054871324,0.0013288399,0.54030925,-0.5538084,0.3286491,-0.48803064,0.87395626,0.7440739,-0.36081496,-0.068788804,0.43364257,0.0642308,-0.18826593,-0.46826592,-0.15480188,-0.050174426,-0.02915482,0.37220466,-0.37895873,-0.08698489,0.21952492,-0.65733784,0.089904,-0.17989992,-0.12881495,0.4986883,-0.63485414,0.5242047,0.30386478,0.23332883,-0.44442278,-0.41629207,-0.23495874,-0.7487365,0.035890933,0.4481785,-0.20254044,-0.43480188,-0.075115606,-0.2166058,-0.48139012,0.1505053,-0.6271679,0.5309498,-0.4604751,0.09319812,-0.39694566,0.11834845,-0.19255352,-0.06507639,0.20012623,-0.63077575,0.23756413,0.03829616,-0.020997958,-0.20667116,-0.5952202,-0.058854166,-0.07799142,0.2693027,-0.478462,-0.3522398,-0.054984886,-0.36886725,0.0072896243,0.05325041,0.06830923,-0.21012214,-0.08154698,-0.3210241,0.29393014,-0.37085417,0.47280598,-0.18758619,0.44660988,-0.25937703,-0.30962542,0.65717196,0.337904,0.2647014,-0.1770241,0.25471446,0.31667525,0.30198243,-0.7092594,0.03353799,0.06752492,0.5447537,0.022871323,-0.100004494,-0.43595222,0.23233537,-0.55156004,-0.36374307,-0.74277574,0.016753677,-0.079664625,0.34125042,-0.21989992,-0.46183455,-0.8456777,0.03615237,-0.10920711,-0.38230515,-0.04661887,0.12551184,0.20085825,-0.36766464,-0.37587377,0.22376022,0.87024385,0.3981393,-0.36212215,-0.11987378,0.042688318,0.2642831,-0.10539012,-0.22559926,-0.06345548,0.43134192,-0.08348162,-0.11506332,0.09868832,0.29398245,-0.7139653,0.030714462,-0.49085417,0.25685826,0.005982435,-0.110932596,0.18768178,-0.5063836,-0.21132475,0.11019158,-0.17038357,-0.18131168,-0.2321352,-0.09435743,0.46877983,-0.03673652,-0.0675339,-0.29759926,0.10229616,0.31327656,-0.6349065,0.2579563,-0.17519404,-0.17676267,0.5286491,0.51202166,-0.17074959,-0.29561234,-0.47945547,0.057015114,-0.60536397,-0.15610906,-0.24238358,0.01926348,0.60122424,0.6130413,0.22532883,-0.24505025,-0.25127247,-0.0814424,-0.4489718,0.16331577,-0.19166462,-0.18162541,-0.21106331,0.3450674,0.7644661,-0.20578226,-0.54105026,0.217904,-0.10763848,0.11395629,-0.35156006,0.12540728,-0.17038357,0.44974715,0.23024388,0.29555106,-0.09012214,-0.41388685,0.57894975,0.12483211,0.249904,-0.20667116,0.088178515,0.78951186,-0.44410908,0.10104126,0.6174857,0.26182556,0.084936686,0.49560335,0.20608701,-0.05357312,0.5109236,-0.342462,0.49142033,0.10187786,-0.36327246,0.13633537,0.030609885,-0.10878881,-0.19333783,-0.13001756,-0.26471037,-0.00091952615,0.45147264,-0.5121875,0.23965564,0.21230923,0.06166871,-0.31757313,0.042897467,-0.24118097,-0.10455351,-0.23506331,0.4456687,-0.5600829,0.58600855,0.42057067,-0.23563848,0.09058374,0.6494857,0.5140086,0.17983864,0.20096283,0.0003876634,0.039969362,-0.5742006,0.13649224,0.18522426,-0.3105143,-0.20013522,-0.087037176,0.21753798,-0.32369077,0.2954988,-0.14680187,0.8118386,-0.12588684,-0.35077575,0.17664911,-0.0038476307,-0.100370504,-0.67626595,0.13084517,0.037302695,-0.32949468,0.85356414,-0.18005678,0.045564134,0.24002165,0.34125042,-0.22021364,0.2525184,-0.20933783,-0.33759928,-0.044004492,0.047707926,0.042531453,-0.31626594,-0.4709326,0.011681781,0.10360335,-0.060370505,-0.058645017,0.0402308,-0.058435865,0.23060988,-0.7694424,0.010113154,-0.21639664,0.52843994,0.20723733,-0.26868424,0.021616422,-0.394279,0.037354983,-0.5246319,0.029093545,-0.39124632,0.50830925,0.6507406,0.27871445,-0.042383578,-0.3846058,-0.6680045,0.465538,0.68587786,0.00059681374,-0.45765156,0.28504127,-0.0045796568,0.3029759,0.49471447,0.042479165,-0.015873775,-0.37420058,-0.24238358,0.025642565,0.21978636,0.10151184,-0.15417443,-0.062148284,-0.3601352,0.09246609,0.24624388,0.42198244,-0.05054044,0.19630924,-0.2515339,0.21900204,0.042949755,0.058113154,-0.07626593,0.5832896,-0.15825287,-0.06539012,-0.096135214,0.3134857,0.4225576,0.2444661,0.015080474,0.70600855,-0.03265809,0.3320478,-0.3374424,-0.6216254,-0.3388019,0.15756413,0.4865053,-0.32295874,-0.30105025,-0.017076388,-0.09456658,-0.16212215,0.6581132,-0.4448934,-0.084841095,-0.6913248,-0.4292594,0.6998909,-0.53686726,0.20671447,0.22323734,-0.076161355,0.0030020424,0.2730151,-0.1534424,-0.29817444,0.2983746,-0.14057966,0.3792112,-0.1391156,0.03573407,0.27196935,-0.10795221,-0.046148285,0.1278648,-0.258279,0.31615236,0.3450674,0.22757721,-0.02225286,-0.42983454,0.21957721,-0.34010908,-0.7058084,0.38804778,-0.018697305,0.2979563,0.6665837,0.18564257,-0.07731168,0.03740727,0.52551186,0.12687132,-0.46936396,-0.06988685,-0.058958743,0.36143342,0.41774714,0.28289747,-0.118618876,0.16718505,-0.037939135,0.3530674,0.0031066176,-0.059481617,0.33994323,-0.1172594,0.39991707,0.17168178,-0.12170384,-0.3972071,0.22266217,-0.0060959966,0.18250531,-0.29906332,-0.6775208,-0.105128676,-0.4763705,-0.2936254,-0.24719404,0.038191587,-0.19501103,0.08033538,0.4376687,-0.67244893,-1.0218346,-0.061991423,-0.13399142,0.49743342,0.14072753,0.4705053,-0.094096,-0.18983456,0.00075367646,-0.11396528,-0.19940318,-0.47888032,-0.05362541,0.32049224,0.12321119,0.17393015,-0.1955339,0.20744649,-0.36201757,0.32791707,0.3471589,0.13811316,0.22475368,0.0017471405,-0.36342934,0.30653146,0.02877982,-0.65174305,-0.5881091,0.27254453,-0.22089338,0.082479164,-0.1576254,-0.33482802,-0.10617443,-0.22857966,-0.15108946,0.011734068,0.2679955,0.31913278,0.88786477,-0.15171692,0.024805965,-0.38413522,0.22940727,-0.210279,0.52195626,-0.20661888,0.4376164,-0.086148284,-0.20536397,-0.81482804,-0.44975612,-0.03239665,-0.36159927,0.33607394,0.29298896,-0.5278215,-0.2406058,-0.2789326,-0.06638358,0.30083212,0.12483211,-0.14601757,0.45058376,0.37063602,0.060936682,0.11019158,0.40849224,-0.05791299,0.022505311,-0.16996528,-0.0047365194,0.19437459,-0.22115482,-0.16876267,0.528806,0.4418517,0.013041258,-0.054305147,-0.04928554,0.14825694,-0.023455475,0.4301393,-0.52410907,-0.65006983,0.3311066,-0.5725797,0.28383863,-0.39182147,-0.770279,-0.28416136,0.23296283,0.028256945,0.23719811,0.07657067,-0.32661888,-0.11846201,-0.30899796,0.20227002,0.29006088,0.73183864,-0.10403064,-0.36128554,0.2954465,0.038348448,-0.14779535,-0.102566585,0.13894975,-0.28719404,0.3155249,-0.020370506,0.40294975,0.59275365,0.4739563,0.6318125,0.79280597,0.021041257,0.12556413,0.19986479,-0.11171691,0.3888844,-0.01749469,-0.27192608,0.3833419,-0.3492071,0.030871324,0.6502177,-0.17749469,-0.30188686,-0.18727247,-0.0869326,-0.27657965,0.13989092,0.08091054,0.3013027,-0.31616136,-0.26565155,0.25602165,0.027890932,-0.5635339,0.5989759,0.48875368,0.01257067,0.17000858,0.3475249,-0.14167769,0.58098894,0.31719813,-0.117729984,-0.79271036,-0.24541625,-0.45723325,0.21000858,-0.37393913,-0.088971816,-0.047455475,-0.17148162,0.030871324,-0.45948163,0.19170792,0.47756413,0.30313277,-0.0014424019,0.30407393,0.060675245,0.1559955,-0.47281495,-0.24902411,-0.1361352,0.06077982,-0.101573125,0.19474061,0.43615237,0.020256944,0.34407395,0.1421393,-0.047403187,0.52352494,0.121904,0.5123877,0.16959028,-0.08923325,-0.022984887,-0.46732476,0.34721118,-0.3563705,-0.1513509,-0.32599142,0.41889748,0.10485825,0.17738113,-0.44112867,0.23583864,-0.12044894,0.1825576,0.16561642,-0.37095875,-0.32374305,0.3201785,-0.31778228,0.057381127,0.2023223,-0.10648815,-0.07600449,-0.17587377,0.26025695,-0.70863193,-0.3024097,-0.3623313,0.27573407,0.0036294935,0.9271328,0.33105433,-0.3319522,-0.579011,-0.06329861,0.22710662,0.41502818,-0.22612214,-0.3247888,0.11641381,-0.29540318,0.019211194,-0.037468545,0.1880478,0.3433942,0.17304125,-0.28546855,0.47332883,-0.22157311,-0.4472463,-0.510462,0.36807394,-0.14026593,-0.1315339,0.3821916,-0.41712868,-0.19020057,-0.22680187,0.45445302,0.3522308,0.3913942,0.078609884,-0.20782149,-0.36395222,-0.028579656,0.22945955,-0.072919525,-0.039873775,-0.7058084,0.18135498,-0.3167888,0.024544526,0.13230923,-0.05336397,0.5202308,0.24530269,-0.34533784,0.1795772,-0.042017564,0.4718648,-0.5040829,0.089904,-0.0016515523,-0.26361233,-0.029886845,-0.19522017,-0.23480187,-0.004161356,-0.037050243,0.40117198,-0.13749468,0.08378635,0.19259681,0.18203472,0.30951184,-0.13315482,0.009694853,0.5543223,-0.26016137,0.29063603,0.19081904,0.2999955,-0.12165155,-0.30648816,-0.10403064,-0.2040045,-0.053991422,0.63416547,-0.17472345,-0.73806983,0.3012504,-0.016553514,0.19019158,0.15102819,0.24122426,-0.23793913,0.015132762,-0.10690645,0.1290674,-0.33906332,-0.1880045,0.6113158,0.66480595,0.17173406,0.23578636,-0.1332594,-0.09634436,0.31813928,0.29523733,-0.05749469,-0.23328555,-0.24703717,-0.2060437,0.15751185,-0.034958743,-0.52410907,0.055446487,0.110766746,0.12791708,0.49340728,0.00070138887,0.011211193,0.14553799,-0.55971694,-0.74047506,-0.18423979,-0.11626593,0.13345955,0.26240075,-0.09346855,-0.099586196,0.46642688,-0.048344363,0.59081906,0.636989,0.2006491,0.42569485,0.14893669,-0.15339011,-0.15291953,-0.037416257,0.37021774,-0.06988685,-0.04536397,-0.17189991,0.20817852,0.32927656,0.16791707,-0.1871679,-0.31459272,0.26564255,-0.45556006,-0.17796528,-0.18915482,0.04838766,-0.3184097,0.36791706,-0.450279,-0.11046201,-0.43997836,0.031551063,0.19087133,0.4347406,-0.32756004,0.25612622,-0.16546854,0.32221773,0.08969485,-0.21017443,0.1484661,-1.0672202,0.055237338,-0.4758999,-0.22706331,-0.99067116,-1.2285274,-1.0403967,-0.8204751,1.0096426,-0.07788685,0.035158906,-0.10052737,-0.60714173,0.13884518,-0.15156005,-0.2565535,-0.46110255,-1.5388019,-1.5537038,0.6751589,-0.5810502,-1.2119522,0.997721,0.9656164,-1.2076646,-0.7551679,1.5110805,-1.3763443,0.0014857026,-0.19077574,-0.012318219,1.2058256,1.3079432,-1.4900175,-0.822096,-1.5402659,1.6468713,-0.28876266,0.36969486,-1.0637692,-0.16123325,-1.1258346,-0.77163845,0.98694974,0.33607394,1.1243092,0.77722424,-0.34978226,0.5917602,0.9077341,-1.2855208,0.21487132,0.8419563,1.2824268,1.0823224,0.8999955,-1.1842921,1.2051982,-0.2962398,1.5159955,-1.1201352,-1.3835077,-0.1555862,0.26360336,0.35207394,-1.6577561,-1.2499653,1.5334073,0.5483092,0.70773405,1.7730412,-0.2822267,0.64812624,-0.95982146,0.83960336,-0.1816777,0.71876675,-0.3411548,-0.95940316,1.0012243,-1.6757953,-0.23030515,0.54705435,-0.51135087,0.98260987,-0.16055351,-0.94000447,-1.3301744,-0.6015993,0.90266216,1.032074,-1.0454162,-0.20206985,0.9648321,-0.80233127,0.5985053,1.0473942,-1.0894424,-0.6280045,-0.28259274,-0.67255354,0.88959026,-0.57739013,0.80603474,-0.8526319,-0.34732476,0.494087,-0.0014424019,0.9452243,-0.2552463,-1.24573,-0.69723326,-0.9349326,1.0812243,0.9976164,-0.45226592,-0.032919526,-0.4019653,0.9029236,1.0566491,-1.1532855,0.99625695,-1.3330503,-0.76013523,-0.85257965,0.32211316,-1.0677954,0.22736806,
0,0,0,0,0,0,0,0,0,1,0,0,0,0,0,0,0,0,0,0,0,0,0,0,0,0,0,0,0,0,0,0,0,0,1,0,0,0,0,0,0,0,0,0,0,0,0,0,0,0,0,0,0,0,0,0,0,0,0,0,0,0,0,0,0,0,0,0,0,0,0,0,0,0,0,0,0,0,0,0,0,0,0,0,0,0,0,0,0,0,0,0,0,0,0,0,0,0,0,0,0,0,0,0,0,0,0,0,0,0,0,0,0,0,0,0,0,0,0,0,0,0,0,0,0,0,0,0,0,0,0,0,0,0,0,0,0,0,0,0,0,0,0,0,0,0,0,0,0,0,0,0,0,0,0,0,0,0,0,0,0,0,0,0,0,0,0,0,0,0,0,0,0,0,0,0,0,0,0,0,0,0,0,0,0,0,0,0,0,0,0,0,0,0,0,0,0,0,0,0,0,0,0,0,0,0,0,0,0,0,0,0,0,0,0,0,0,0,0,0,0,0,0,0,0,0,0,0,0,0,0,0,0,0,0,0,0,0,0,0,0,0,0,0,0,0,0,0,0,0,0,0,0,0,0,0,0,0,0,0,0,0,0,0,0,0,0,0,0,0,0,0,0,0,0,0,0,0,0,0,0,0,0,0,0,0,0,0,0,0,0,0,0,0,0,0,0,0,0,0,0,0,0,0,0,0,0,0,0,0,0,0,0,0,0,0,0,0,0,0,0,0,0,0,0,0,0,0,0,0,0,0,0,0,0,0,0,0,0,0,0,0,0,0,0,0,0,0,0,0,0,0,0,0,0,0,0,0,0,0,0,0,0,0,0,0,0,0,0,0,0,0,0,0,0,0,0,0,0,0,0,0,0,0,0,0,0,0,0,0,0,0,0,0,0,0,0,0,0,0,0,0,0,0,0,0,0,0,0,0,0,0,0,0,0,0,0,0,0,0,0,0,0,0,0,0,0,0,0,0,0,0,0,0,0,0,0,0,0,0,0,0,0,0,0,0,0,0,0,0,0,0,0,0,0,0,0,0,0,0,0,0,0,0,0,0,0,0,0,0,0,0,0,0,0,0,0,0,0,0,0,0,0,0,0,0,0,0,0,0,0,0,0,0,0,0,0,0,0,0,0,0,0,0,0,0,0,0,0,0,0,0,0,0,0,0,0,0,0,0,0,0,0,0,0,0,0,0,0,0,0,0,0,0,0,0,0,0,0,0,0,0,0,0,0,0,0,0,0,0,0,0,0,0,0,0,0,0,0,0,0,0,0,0,0,0,0,0,0,0,0,0,0,0,0,0,0,0,0,0,0,0,0,0,0,0,0,0,0,0,0,0,0,0,0,0,0,0,0,0,0,0,0,0,0,0,0,0,0,0,0,0,0,0,0,0,0,0,0,0,0,0,0,0,0,0,0,0,0,0,0,0,0,0,0,0,0,0,0,0,0,0,0,0,0,0,0,0,0,0,0,0,0,0,0,0,0,0,0,0,0,0,0,0,0,0,0,0,0,0,0,0,0,0,0,0,0,0,0,0,0,0,0,0,0,0,0,0,0,0,0,0,0,0,0,0,0,0,0,0,0,0,0,0,0,0,0,0,0,0,0,0,0,0,0,0,0,0,0,0,0,0,0,0,0,0,0,0,0,0,0,0,0,0,0,0,0,0,0,0,0,0,0,0,0,0,0,0,0,0,0,0,0,0,0,0,0,0,0,0,0,0,0,0,0,0,0,0,0,0,0,0,0,0,0,0,0,0,0,0,0,0,0,0,0,0,0,0,0,0,0,0,0,0,0,0,0,0,0,0,0,0,0,0,0,0,0,0,0,0,0,0,0,0,0,0,0,0,0,0,0,0,0,0,0,0,0,0,0,0,0,0,0,0,0,0,0,0,0,0,0,0,0,0,0,0,0,0,0,0,0,0,0,0,0,0,0,0,0,0,0,0,0,0,0,0,0,0,0,0,0,0,0,0,0,0,0,0,0,0,0,0,0,0,0,0,0,0,0,0,0,0,0,0,0,0,0,0,0,0,0,0,0,0,0,0,0,0,0,0,0,0,0,0,0,0,0,0,0,0,0,0,0,0,0,0,0,0,0,0,0,0,0,0,0,0,0,0,0,0,0,0,0,0,0,0,0,0,0,0,0,0,0,0,0,0,0,0,0,0,0,0,0,0,0,0,0,0,0,0,0,0,0,0,0,0,0,0,0,0,0,0,0,0,0,0,0,0,0,0,0,0,0,0,0,0,0,0,0,0,0,0,0,0,0,0,0,0,0,0,0,0,0,0,0,0,0,0,0,0,0,0,0,0,0,0,0,0,0,0,0,0,0,0,0,0,0,0,0,0,0,0,0,0,0,0,0,0,0,0,0,0,0,0,0,0,0,0,0,0,0,0,0,0,0,0,0,0,0,0,0,0,0,0,0,0,0,0,0,0,0,0,0,0,0,0,0,0,0,0,0,0,0,0,0,0,0,0,0,0,0,0,0,0,0,0,0,0,0,0,0,0,0,0,0,0,0,0,0,0,0,0,0,0,0,0,0,0,0,0,0,0,0,0,0,0,0,0,0,0,0,0,0,0,0,0,0,0,0,0,0,0,0,0,0,0,0,0,0,0,0,0,0,0,0,0,0,0,0,0,0,0,0,0,0,0,0,0,0,0,0,0,0,0,0,0,0,0,0,0,0,0,0,0,0,0,0,0,0,0,0,0,0,0,0,0,0,0,0,0,0,0,0,0,0,0,0,0,0,0,0,0,0,0,0,0,0,0,0,0,0,0,0,0,0,0,0,0,0,0,0,0,0,0,0,0,0,0,0,0,0,0,0,0,0,0,0,0,0,0,0,0,0,0,0,0,0,0,0,0,0,0,0,0,0,0,0,0,0,0,0,0,0,0,0,0,0,0,0,0,0,0,0,0,0,0,0,0,0,0,0,0,0,0,0,0,0,0,0,0,0,0,0,0,0,0,0,0,0,0,0,0,0,0,0,0,0,0,0,0,0,0,0,0,0,0,0,0,0,0,0,0,0,0,0,0,0,0,0,0,0,0,0,0,0,0,0,0,0,0,0,0,0,0,0,0,0,0,0,0,0,0,0,0,0,0,0,0,0,0,0,0,0,0,0,0,0,0,0,0,0,0,0,0,0,0,0,0,0,0,0,0,0,0,0,0,0,0,0,0,0,0,0,0,0,0,0,0,0,0,0,0,0,0,0,0,0,0,0,0,0,0,0,0,0,0,0,0,0,0,0,0,0,0,0,0,0,0,0,0,0,0,0,0,0,0,0,0,0,0,0,0,0,0,0,0,0,0,0,0,0,0,0,0,0,0,0,0,0,0,0,0,0,0,0,0,0,0,0,0,0,0,0,0,0,0,0,0,0,0,0,0,0,0,0,0,0,0,0,0,0,0,0,0,0,0,0,0,0,0,0,0,0,0,0,0,0,0,0,0,0,0,0,0,0,0,0,0,0,0,0,0,0,0,0,0,0,0,0,0,0,0,0,0,0,0,0,0,0,0,0,0,0,0,0,0,0,0,0,0,0,0,0,0,0,0,0,0,0,0,0,0,0,0,0,0,0,0,0,0,0,0,0,0,0,0,0,0,0,0,0,0,0,0,0,0,0,0,0,0,0,0,0,0,0,0,0,0,0,0,0,0,0,0,0,0,0,0,0,0,0,0,0,0,0,0,0,0,0,0,0,0,0,0,0,0,0,0,0,0,0,0,0,0,0,0,0,0,0,0,0,0,0,0,0,0,0,0,0,0,0,0,0,0,0,0,0,0,0,0,0,0,0,0,0,0,0,0,0,0,0,0,0,0,0,0,0,0,0,0,0,0,0,0,0,0,0,0,0,0,0,0,0,0,0,0,0,0,0,0,0,0,0,0,0,0,0,0,0,0,0,0,0,0,0,0,0,0,0,0,0,0,0,0,0,0,0,0,0,0,0,0,0,0,0,0,0,0,0,0,0,0,0,0,0,0,0,0,0,0,0,0,0,0,0,0,0,0,0,0,0,0,0,0,0,0,0,0,0,0,0,0,0,0,0,0,0,0,0,0,0,0,0,0,0,0,0,0,0,0,0,0,0,0,0,0,0,0,0,0,0,0,0,0,0,0,0,0,0,0,0,0,0,0,0,0,0,0,0,0,0,0,0,0,0,0,0,0,0,0,0,0,0,0,0,0,0,0,0,0,0,0,0,0,0,0,0,0,0,0,0,0,0,0,0,0,0,0,0,0,0,0,0,0,0,0,0,0,0,0,0,0,0,0,0,0,0,0,0,0,0,0,0,0,0,0,0,0,0,0,0,0,0,0,0,0,0,0,0,0,0,0,0,0,0,0,0,0,0,0,0,0,0,0,0,0,0,0,0,0,0,0,0,0,0,0,0,0,0,0,0,0,0,0,0,0,0,0,0,0,0,0,0,0,0,0,0,0,0,0,0,0,0,0,0,0,0,0,0,0,0,0,0,0,0,0,0,0,0,0,0,0,0,0,0,0,0,0,0,0,0,0,0,0,0,0,0,0,0,0,0,0,0,0,0,0,0,0,0,0,0,0,0,0,0,0,0,0,0,0,0,0,0,0,0,0,0,0,0,0,0,0,0,0,0,0,0,0,0,0,0,0,0,0,0,0,0,0,0,0,0,0,0,0,0,0,0,0,0,0,0,0,0,0,0,0,0,0,0,0,0,0,0,0,0,0,0,0,0,0,0,0,0,0,0,0,0,0,0,0,0,0,0,0,0,0,0,0,0,0,0,0,0,0,0,0,0,0,0,0,0,0,0,0,0,0,0,0,0,0,0,0,0,0,0,0,0,0,0,0,0,0,0,0,0,0,0,0,0,0,0,0,0,0,0,0,0,0,0,0,0,0,0,0,0,0,0,0,0,0,0,0,0,0,0,0,0,0,0,0,0,0,0,0,0,0,0,0,0,0,0,0,0,0,0,0,0,0,0,0,0,0,0,0,0,0,0,0,0,0,0,0,0,0,0,0,0,0,0,0,0,0,0,0,0,0,0,0,0,0,0,0,0,0,0,0,0,0,0,0,0,0,0,0,0,0,0,0,0,0,0,0,0,0,0,0,0,0,0,0,0,0,0,0,0,0,0,0,0,0,0,0,0,0,0,0,0,0,0,0,0,0,0,0,0,0,0,0,0,0,0,0,0,0,0,0,0,0,0,0,0,0,0,0,0,0,0,0,0,0,0,0,0,0,0,0,0,0,0,0,0,0,0,0,0,0,0,0,0,0,0,0,0,0,0,0,0,0,0,0,0,0,0,0,0,0,0,0,0,0,0,0,0,0,0,0,0,0,0,0,0,0,0,0,0,0,0,0,0,0,0,0,0,0,0,0,0,0,0,0,0,0,0,0,0,0,0,0,0,0,0,0,0,0,0,0,0,0,0,0,0,0,0,0,0,0,0,0,0,0,0,0,0,0,0,0,0,0,0,0,0,0,0,0,0,0,0,0,0,0,0,0,0,0,0,0,0,0,0,0,0,0,0,0,0,0,0,0,0,0,0,0,0,0,0,0,0,0,0,0,0,0,0,0,0,0,0,0,0,0,0,0,0,0,0,0,0,0,0,0,0,0,0,0,0,0,0,0,0,0,0,0,0,0,0,0,0,0,0,0,0,0,0,0,0,0,0,0,0,0,0,0,0,0,0,0,0,0,0,0,0,0,0,0,0,0,0,0,0,0,0,0,0,0,0,0,0,0,0,0,0,0,0,0,0,0,0,0,0,0,0,0,0,0,0,0,0,0,0,0,0,0,0,0,0,0,0,0,0,0,0,0,0,0,0,0,0,0,0,0,0,0,0,0,0,0,0,0,0,0,0,0,0,0,0,0,0,0,0,0,0,0,0,0,0,0,0,0,0,0,0,0,0,0,0,0,0,0,0,0,0,0,0,0,0,0,0,0,0,0,0,0,0,0,0,0,0,0,0,0,0,0,0,0,0,0,0,0,0,0,0,0,0,0,0,0,0,0,0,0,0,0,0,0,0,0,0,0,0,0,0,0,0,0,0,0,0,0,0,0,0,0,0,0,0,0,0,0,0,0,0,0,0,0,0,0,0,0,0,0,0,0,0,0,0,0,0,0,0,0,0,0,0,0,0,0,0,0,0,0,0,0,0,0,0,0,0,0,0,0,0,0,0,0,0,0,0,0,0,0,0,0,0,0,0,0,0,0,0,0,0,0,0,0,0,0,0,0,0,0,0,0,0,0,0,0,0,0,0,0,0,0,0,0,0,0,0,0,0,0,0,0,0,0,0,0,0,0,0,0,0,0,0,0,0,0,0,0,0,0,0,0,0,0,0,0,0,0,0,0,0,0,0,0,0,0,0,0,0,0,0,0,0,0,0,0,0,0,0,0,0,0,0,0,0,0,0,0,0,0,0,0,0,0,0,0,0,0,0,0,0,0,0,0,0,0,0,0,0,0,0,0,0,0,0,0,0,0,0,0,0,0,0,0,0,0,0,0,0,0,0,0,0,0,0,0,0,0,0,0,0,0,0,0,0,0,0,0,0,0,0,0,0,0,0,0,0,0,0,0,0,0,0,0,0,0,0,0,0,0,0,0,0,0,0,0,0,0,0,0,0,0,0,0,0,0,0,0,0,0,0,0,0,0,0,0,0,0,0,0,0,0,0,0,0,0,0,0,0,0,0,0,0,0,0,0,0,0,0,0,0,0,0,0,0,0,0,0,0,0,0,0,0,0,0,0,0,0,0,0,0,0,0,0,0,0,0,0,0,0,0,0,0,0,0,0,0,0,0,0,0,0,0,0,0,0,0,0,0,0,0,0,0,0,0,0,0,0,0,0,0,0,0,0,0,0,0,0,0,0,0,0,0,0,0,0,0,0,0,0,0,0,0,0,0,0,0,0,0,0,0,0,0,0,0,0,0,0,0,0,0,0,0,0,0,0,0,0,0,0,0,0,0,0,0,0,0,0,0,0,0,0,0,0,0,0,0,0,0,0,0,0,0,0,0,0,0,0,0,0,0,0,0,0,0,0,0,0,0,0,0,0,0,0,0,0,0,0,0,0,0,0,0,0,0,0,0,0,0,0,0,0,0,0,0,0,0,0,0,0,0,0,0,0,0,0,0,0,0,0,0,0,0,0,0,0,0,0,0,0,0,0,0,0,0,0,0,0,0,0,0,0,0,0,0,0,0,0,0,0,0,0,0,0,0,0,0,0,0,0,0,0,0,0,0,0,0,0,0,0,0,0,0,0,0,0,0,0,0,0,0,0,0,0,0,0,0,0,0,0,0,0,0,0,0,0,0,0,0,0,0,0,0,0,0,0,0,0,0,0,0,0,0,0,0,0,0,0,0,0,0,0,0,0,0,0,0,0,0,0,0,0,0,0,0,0,0,0,0,0,0,0,0,0,0,0,0,0,0,0,0,0,0,0,0,0,0,0,0,0,0,0,0,0,0,0,0,0,0,0,0,0,0,0,0,0,0,0,0,0,0,0,0,0,0,0,0,0,0,0,0,0,0,0,0,0,0,0,0,0,0,0,0,0,0,0,0,0,0,0,0,0,0,0,0,0,0,0,0,0,0,0,0,0,0,0,0,0,0,0,0,0,0,0,0,0,0,0,0,0,0,0,0,0,0,0,0,0,0,0,0,0,0,0,0,0,0,0,0,0,0,0,0,0,0,0,0,0,0,0,0,0,0,0,0,0,0,0,0,0,0,0,0,0,0,0,0,0,0,0,0,0,0,0,0,0,0,0,0,0,0,0,0,0,0,0,0,0,0,0,0,0,0,0,0,0,0,0,0,0,0,0,0,0,0,0,0,0,0,0,0,0,0,0,0,0,0,0,0,0,0,0,0,0,0,0,0,0,0,0,0,0,0,0,0,0,0,0,0,0,0,0,0,0,0,0,0,0,0,0,0,0,0,0,0,0,0,0,0,0,0,0,0,0,0,0,0,0,0,0,0,0,0,0,0,0,0,0,0,0,0,0,0,0,0,0,0,0,0,0,0,0,0,0,0,0,0,0,0,0,0,0,0,0,0,0,0,0,0,0,0,0,0,0,0,0,0,0,0,0,0,0,0,0,0,0,0,0,0,0,0,0,0,0,0,0,0,0,0,0,0,0,0,0,0,0,0,0,0,0,0,0,0,0,0,0,0,0,0,0,0,0,0,0,0,0,0,0,0,0,0,0,0,0,0,0,0,0,0,0,0,0,0,0,0,0,0,0,0,0,0,0,0,0,0,0,0,0,0,0,0,0,0,0,0,0,0,0,0,0,0,0,0,0,0,0,0,0,0,0,0,0,0,0,0,0,0,0,0,0,0,0,0,0,0,0,0,0,0,0,0,0,0,0,0,0,0,0,0,0,0,0,0,0,0,0,0,0,0,0,0,0,0,0,0,0,0,0,0,0,0,0,0,0,0,0,0,0,0,0,0,0,0,0,0,0,0,0,0,0,0,0,0,0,0,0,0,0,0,0,0,0,0,0,0,0,0,0,0,0,0,0,0,0,0,0,0,0,0,0,0,0,0,0,0,0,0,0,0,0,0,0,0,0,0,0,0,0,0,0,0,0,0,0,0,0,0,0,0,0,0,0,0,0,0,0,0,0,0,0,0,0,0,0,0,0,0,0,0,0,0,0,0,0,0,0,0,0,0,0,0,0,0,0,0,0,0,0,0,0,0,0,0,0,0,0,0,0,0,0,0,0,0.34776834,0.71572053,0.1072801,-0.70861393,0.22113545,0.41176003,0.11008493,0.17989404,-0.89009684,-0.36133435,0.30361825,0.31140944,-0.57595587,0.55626076,-0.72575456,0.24305467,0.35327414,0.45601404,-0.4996021,0.9245246,0.8899317,-0.855504,-0.51798934,0.02645943,0.80069655,-0.63381845,-0.0037704112,0.14800209,-0.4568025,0.87829685,0.015967285,0.3756089,0.22809558,0.5266542,-0.45825684,0.006825615,0.5643636,-0.50541955,-0.039402146,0.32730347,0.43991223,-0.078565896,-0.28383794,0.6706355,0.2632079,0.78906167,-0.18140967,-0.30170575,0.06468823,0.45964992,0.2907368,0.21157825,0.649859,0.5819197,-0.1759039,0.20773458,0.22539464,-0.8017966,-0.5369999,-0.8464662,-0.02319646,0.8379904,-0.64483,-0.91596365,-0.03483131,0.19682692,0.78688014,0.07040177,0.29883963,0.03591275,-0.061633028,0.3117211,-0.55268615,-0.013847025,-0.09923853,0.26123413,0.5880488,-0.081370726,0.48634776,-0.32788417,0.6207719,0.30818906,-0.871398,1.4954635,0.07123283,0.21718791,-0.35447812,-0.6281049,0.2657011,0.19911233,-0.4296891,0.47730997,0.9511186,0.38485444,-0.30773094,-0.54177845,0.13886042,0.25718272,0.14779432,0.11538295,0.023862364,0.7671425,0.3109939,-0.96052927,0.072687194,-0.04833605,0.2517808,-0.7872531,-0.32144344,0.43669188,-0.6533484,-0.69947225,-0.030883772,-0.9335198,0.63500375,0.7008653,-0.4429861,0.014512928,-0.91918397,0.16992132,0.21916167,0.13345852,-0.5727355,-0.051971942,0.054923266,0.5422366,0.2519886,0.18986678,-0.16250305,0.4627664,0.0373671,-0.525365,0.16129906,0.18415323,0.48510116,-0.6825394,0.5881527,0.3928534,-0.6471154,0.066662,0.002358663,0.15859811,-1.0007318,-0.19013582,0.38017973,-0.06423009,0.8915938,-0.43831137,0.63812023,0.98882794,-0.044076864,-0.16717777,0.16784367,0.18488042,0.43866563,0.14363901,0.4317055,0.22768004,0.33758786,-0.31645706,0.22892664,0.17168732,-0.4382075,-0.14557017,-0.18296792,0.39919025,-0.22587144,0.8094227,-0.7686581,0.11673342,-0.28176028,0.0062023196,0.09148994,-0.6851365,0.5612471,0.5646753,0.06302611,0.2118899,-0.12074223,-0.671424,-0.9688399,-0.19761537,-0.33463654,-0.122819886,0.8876463,0.007968324,-0.52692324,-0.51154864,0.32397923,0.23214701,0.35836437,0.44988495,-0.8321304,0.55127436,0.16898638,0.58378965,-0.2942262,0.61723983,0.24149644,0.10156656,0.49486613,0.1491448,-0.031507067,-0.030676007,0.30465707,0.08671135,-0.5166389,-0.23833735,-0.15491961,-0.054465126,0.6114224,-0.879397,-0.18805817,0.3050726,0.42235607,-0.08427943,0.1138247,-0.9300917,-0.5245339,-0.44797248,0.52395326,-0.24207713,-0.35967225,0.06583094,0.055338796,0.4825041,0.46089652,-0.27074873,-0.44381717,-0.0014849938,-0.18078639,-0.019145038,-0.52266407,-0.30773094,-0.19159018,-0.5581919,-0.16510011,-0.12915672,0.1281605,-0.10651032,-0.22109284,-0.54707646,0.2375489,0.16794755,0.16337672,-0.19055136,-0.27822828,-0.16665834,0.2118899,0.27297288,0.118395545,0.27442724,0.41768134,-0.68461704,-0.15658173,0.08754241,0.13221192,-0.652829,-0.36434695,-0.24384312,0.28398442,0.14779432,0.20679964,-0.29225242,-0.14640124,-1.0903826,0.12587509,-0.703212,-0.4429861,0.44708014,-0.15595844,0.59313905,0.08691911,-0.9748651,0.32584912,0.13273135,0.21417531,0.09211324,-0.77000856,-0.22026178,-0.40517282,-0.03233813,0.13314687,0.0027741932,-0.845739,0.08951618,-0.16707388,-0.583747,0.15859811,0.015551754,0.25385848,0.7059556,0.44334036,-0.8551923,0.2482488,0.18280277,-0.49565458,-0.050309822,0.093048185,-0.3073154,-0.66903466,-0.76709986,-0.123339295,-0.12863731,-0.2488295,0.058559157,0.14436619,0.28232232,-0.9145093,0.34247035,-0.30980858,-0.58613634,-0.24602467,-0.12043059,-0.46293157,0.105306335,-0.29806986,-0.078565896,0.31182498,0.0792318,-0.8614253,0.38589326,0.00017712796,-0.24737513,-0.40963978,0.7394058,0.13750994,0.35244307,0.054611616,-0.25734788,0.11247423,-0.102770545,-0.1878504,0.32262877,0.2058647,0.38225737,-0.067138806,-0.23553252,-0.27344966,-0.030156596,-0.3000436,-0.049686525,0.5017224,0.41892794,0.24211973,-0.62436515,0.5637403,-0.57387817,-0.34866068,-0.13767509,0.15361175,0.18072511,0.0026703107,0.045781594,-0.23823346,-0.31157458,0.27525827,-0.09009686,-0.6312214,-0.009483955,0.20991613,-0.4579452,0.089620054,0.5343415,-0.12074223,0.30579978,-0.22400156,0.6127729,0.6292902,-0.39945927,0.031030264,0.056897033,-0.044076864,-0.48100713,-0.79338217,-0.45150447,0.21749955,-0.17143695,0.69006157,0.07777744,-0.118872344,-0.47560525,-0.30773094,0.051391255,0.043911707,0.4119678,0.106968455,0.49839813,-0.29204467,-0.27791664,-0.0070946547,0.5024496,-0.03077989,-0.48329255,-0.15242644,-0.082721196,0.58306247,-0.4316629,0.20846176,-0.49794,-0.26545072,0.08089392,-0.21870354,0.5017224,0.29561928,-0.29152524,0.18965901,-0.43062407,0.27660877,0.28398442,0.20544916,-0.40621164,-0.23106557,0.1856076,0.56529856,-0.4877595,0.16670096,0.259572,-0.023092577,-0.1968882,0.17688145,-0.06443786,0.12545955,0.02053812,-0.04584287,0.26757097,-0.16717777,0.19765797,-0.118352935,0.37820596,-0.7030043,-0.4680218,0.31431815,-0.043349687,0.2124093,-0.28061756,-0.16686611,0.1993201,0.11673342,-0.30409503,0.28024465,-0.35125774,-0.09518711,-0.1884737,-0.15575068,-0.51144475,-0.36632073,-0.06651551,0.2028521,-0.3896943,0.18415323,0.2757777,-0.262542,0.02334295,0.05907857,-0.26358083,0.035808865,0.19973563,0.09128218,0.2918795,-0.53585714,-0.5887334,-0.32258615,-0.40382236,0.5173048,-0.29277185,-0.06786598,-0.18899311,-0.5080166,0.09865785,-0.4656325,0.13854876,0.7318224,-0.1579322,0.112682,0.35431296,-0.32601428,0.21033165,-0.2219239,0.32875782,-0.093317226,0.06146787,-0.80657524,0.34600234,0.011811981,-0.38553903,-0.3706838,-0.3060688,-0.050413705,-0.6020304,0.17947851,0.36501285,0.2741156,-0.16977483,0.048690308,-0.060801964,0.4005407,0.093048185,0.2740117,-0.4764363,0.12566732,-0.09934241,0.12036931,-0.08542214,-0.17029424,-0.48859057,-0.24695961,-0.08666874,0.22383639,-0.091031805,-0.24508972,-0.12572859,0.28190678,-0.014781969,-0.07638436,0.05793586,-0.031299304,0.2184345,0.16202624,-0.45742577,0.20357928,-0.33816853,0.031030264,0.24243139,-0.37213814,0.22009662,0.4358608,-0.059243727,-0.41805428,0.44635296,0.3265763,0.013577985,-0.891759,0.4944506,-0.016236326,0.63157564,-0.4446482,0.025628367,0.42588806,-0.07098246,0.19880068,0.1760504,-0.32736474,0.06551929,-0.30222514,0.22809558,-0.20229009,0.06146787,0.23879549,0.031030264,-0.5136263,-0.23231216,-0.36673626,-0.24425866,-0.46137333,-0.28633112,-0.24945278,-0.031299304,-0.27344966,-0.3012902,0.0373671,-0.4298969,0.56602573,0.23006935,-0.43301338,-0.2649313,0.062402815,-0.075137764,0.017629407,0.043496177,-0.13237709,0.2614419,-0.5938237,-0.5246378,0.035497215,0.2901135,0.024277894,0.03570498,0.25136527,0.20264433,0.4406394,-0.08324061,-0.2673206,0.17532322,0.067700826,-0.2176647,-0.07804648,0.06988236,-0.48266926,0.38942528,0.63697755,0.728602,-0.019145038,0.19069783,0.008176089,-0.19823866,-0.4477647,-0.33401322,-0.47186548,-0.033273075,0.0451583,0.041418526,-0.13102661,-0.108899616,0.39659318,0.12919933,0.51460385,0.04598936,0.17376497,0.039029226,-0.13310426,0.10873446,-0.27531955,-0.047193345,0.3444441,-0.16956706,0.19277549,-0.30357563,-0.09913465,0.23079653,-0.31053576,0.2841922,-0.003043233,0.22539464,0.26892143,0.12130425,0.23069264,0.36927205,-0.41473,0.69089264,-0.20145902,-0.43052018,0.52655035,-1.1270531,0.14602831,0.17428438,0.17760862,-0.025793524,-0.70206934,0.017109994,-0.28716218,-0.032649778,0.08203663,0.38485444,0.9388604,0.6954635,-0.07389118,-0.11731411,-0.3151066,0.4113445,-0.20436774,-0.32206672,0.0024625454,0.23599066,-0.23792182,0.10457915,0.7254855,-0.18525334,-0.40693882,0.024797307,-0.015924677,0.26414284,0.4901914,-0.46594414,0.39628154,-0.2912136,-0.052491356,-0.27729332,0.7787773,0.19204831,-0.3736964,-0.6251962,0.25458565,0.20139775,-0.27739722,0.47689444,-0.38460407,-0.2661779,-0.14619347,-0.13154602,0.17023297,-0.089058034,0.11153929,-0.08552603,0.324187,-0.045738988,-0.20457551,0.2577021,-0.45742577,-0.15180314,-0.5045885,-0.06745046,-0.124793656,0.40895522,0.10000832,-0.16052927,-0.42252123,-0.05986702,0.07164837,0.3087085,0.41352606,-0.17746215,-0.11596363,0.8167983,0.53621143,-0.046466164,0.2716224,-0.18577275,-0.08344837,-0.06308738,-0.14463523,-0.38751277,-0.26804778,0.03206909,-0.19096687,0.2829456,0.26954475,0.5822314,0.19132113,-0.1824485,-0.1567895,-0.026728468,0.08702299,-0.2839418,-0.15190701,-0.36673626,-0.30887365,0.026147781,0.44261318,0.67821896,-0.8666194,-0.111392796,-0.36143824,0.0642727,0.023239069,-0.70009553,0.34361306,0.26476616,-0.56151617,0.81285083,-0.5100943,0.40521544,-0.3223784,-0.51435345,-0.20821139,-0.2028095,0.3039299,-0.04584287,-0.0486477,0.43596467,-0.36497027,-0.12780625,-0.3773323,-0.18587664,0.06977848,0.26310402,-0.19668043,0.55667627,0.19474927,0.1072801,0.11611012,0.3743623,-0.06890481,0.2249791,-0.04636228,0.49611273,0.3814263,0.22529075,-0.15533514,0.018668232,0.013474102,0.30766967,0.27494663,-0.5012642,0.1759465,0.29458046,0.03134191,0.14332737,-0.48142266,0.04443112,0.15226127,0.11413635,-0.7057052,-0.5169505,0.35826048,0.035497215,0.34309363,0.60124195,-0.2570362,-0.038778853,-0.42719594,-0.14660901,-0.28736994,0.22768004,-0.38127983,-0.3389996,0.06915519,0.47034982,-0.34834903,0.09180159,0.42973173,-0.1657234,0.7423145,0.30881238,-0.25204986,0.029887555,-0.13071497,0.15849423,-0.064645626,0.8895162,0.21459085,0.14872926,0.031861324,0.0072411457,-0.35291988,0.2979047,-0.102458894,0.15122245,0.3037221,0.16129906,0.093879245,0.2375489,-0.18514945,0.18675031,-0.29079807,0.20638411,-0.17933203,0.017837172,-0.061529145,-0.23906453,-0.08614932,0.2919834,-0.3611266,-0.20727645,0.005475141,-0.51975536,-0.117521875,-0.10630255,0.103851974,0.48624387,-0.44049293,0.14280796,-0.56224334,0.36511675,-0.056750543,0.113097526,0.09377536,-0.08303285,0.30008623,0.045781594,-0.1633341,-0.14214206,0.10322868,-0.09903077,-0.02080716,0.1945415,-0.14525853,0.45009273,-0.28892818,0.22830334,-0.38730502,-0.21163952,0.38173798,0.26767486,-0.36787897,0.2733884,-0.18172133,-0.37057993,-0.41358733,-0.0027315852,0.35088482,0.31920063,-0.29017478,0.5346532,0.066869766,-0.3343249,-0.0070946547,-0.0020044069,-0.54084355,-0.46895674,-0.16738553,0.32584912,-0.25755563,-0.018937273,-0.13694791,0.25739047,-0.073475644,-0.10474431,-0.09321334,-0.28363016,-0.34429762,0.07424543,0.008176089,0.069674596,-0.43748033,-0.5380387,0.25697494,0.19069783,0.18467265,-0.531598,-0.23594806,0.27318063,0.09678796,-0.6196904,-0.16478845,0.12556344,0.13709441,0.3917107,0.14062642,-0.13476638,-0.14744006,-0.07004752,-0.18400675,-0.16842435,0.14727491,-0.05384183,-0.5193398,0.48271185,0.25687107,0.043807827,0.48946422,-0.22400156,-0.50905544,-0.5076011,0.36210415,0.16566212,0.11257812,-0.23771405,-0.29568055,0.37342736,-0.112223856,0.43908116,-0.019560568,0.2619613,-0.32507932,0.38516608,0.060948458,-0.010938312,0.44863838,0.54774237,0.10541022,-0.20499103,-0.20073184,-0.6205215,0.67873836,-0.13715568,0.33634126,0.27058357,0.10437139,-0.27781275,-0.60057604,0.124524616,0.035081685,-0.08843474,-0.34180444,-0.034727428,0.17262226,-0.08438332,-0.040544856,0.13366629,0.64601535,-0.37244982,0.26310402,-0.29017478,-0.12427424,-0.4716577,-0.44755694,0.40168342,0.038613696,-0.40434176,0.51263005,0.06863577,-0.4715538,0.11133152,-0.31147072,0.15537775,0.1359517,0.048586424,-0.2630614,0.21511026,0.00422855,-0.08635709,-0.5551793,-0.15388079,-0.16478845,-0.71089935,0.22092769,0.019914825,0.44905388,-0.4221057,-0.13840228,0.31847346,-0.1418304,-0.13102661,0.09678796,-0.073995054,-0.043972984,-0.21683365,0.016382815,-0.27417687,0.19287938,-0.089058034,-0.3478296,0.5576112,0.37103805,-0.06994364,0.2130326,-0.073475644,-0.013431494,-0.08760368,-0.4938886,0.029887555,0.19765797,-0.33203948,0.23941879,0.107487865,0.182595,-0.32372886,-0.27791664,0.44905388,-0.38720113,0.2936455,0.8237585,0.2130326,0.814409,-0.781124,0.21573354,-0.21631424,0.10561798,0.68756837,0.760494,0.73140687,-0.60348475,-0.1728913,-0.34564808,0.36148086,1.1477684,0.23422465,-1.1220667,-0.1352858,-1.1089776,-0.51778156,0.8501447,-0.67454046,0.05596209,0.31068227,0.10354033,-0.3318317,-0.019248921,-0.69085,0.25624776,0.18945125,0.40698144,-0.24799843,-0.9931484,0.16649319,-1.3089515,-1.5888113,-0.39374575,-0.8735795,-0.59766734,-0.6777608,0.04983302,-0.108068556,-0.46417814,0.1694019,0.059701864,-0.17164472,-0.33058512,-0.35624412,-0.34554422,-0.07409894,-0.8026277,-0.88895416,0.10374809,-0.43602598,-0.1693593,-0.45462096,0.0690513,-0.003874294,0.6168243,-1.2474531,-0.46781403,-0.10931514,1.3997875,-0.6002644,-0.75515336,0.4812575,0.044119474,-0.3168726,-0.9887853,0.42983562,-0.05945149,0.59251577,0.64913183,-0.6460766,0.026667194,0.23619843,-0.38013712,0.6265893,0.6829975,0.95267683,0.16088353,0.07611532,0.044327237,1.2054232,-0.031403188,-1.1946807,-0.4446482,-0.6555299,-0.53575325,0.39004856,-0.16842435,-0.44495988,-0.90380937,0.2607147,-0.28892818,0.27733594,0.42619973,-0.16167198,-1.1266376,-0.2004202,-0.71370417,-0.52401453,0.6885033,-0.65355617,-0.36050332,0.7040857,-0.5595424,-0.8958104,0.8642727,-0.02039163,1.1995019,-0.20426385,0.16306506,0.07777744,0.46266252,-0.59475857,-0.10401713,0.48354292,-0.092693925,-0.9614642,0.14104195,-0.43010464,-0.42137852,0.3260569,0.25811765,0.82999146,-0.73687,-0.44932294,0.04640489,-0.37857887,
0,0,0,0,0,0,0,0,0,0,0,1,0,0,0,0,0,0,0,0,1,0,0,0,0,0,0,0,0,0,0,0,0,0,0,0,0,0,0,0,0,0,0,0,0,0,0,0,0,0,0,0,0,0,0,0,0,0,0,0,0,0,0,0,0,0,0,0,0,0,0,0,0,0,0,0,0,0,0,0,0,0,0,0,0,0,0,0,0,0,0,0,0,0,0,0,0,0,0,0,0,0,0,0,0,0,0,0,0,0,0,0,0,0,0,0,0,0,0,0,0,0,0,0,0,0,0,0,0,0,0,0,0,0,0,0,0,0,0,0,0,0,0,0,0,0,0,0,0,0,0,0,0,0,0,0,0,0,0,0,0,0,0,0,0,0,0,0,0,0,0,0,0,0,0,0,0,0,0,0,0,0,0,0,0,0,0,0,0,0,0,0,0,0,0,0,0,0,0,0,0,0,0,0,0,0,0,0,0,0,0,0,0,0,0,0,0,0,0,0,0,0,0,0,0,0,0,0,0,0,0,0,0,0,0,0,0,0,0,0,0,0,0,0,0,0,0,0,0,0,1,0,0,0,0,0,0,0,0,0,0,0,0,0,0,0,0,0,0,0,0,0,0,0,0,0,0,0,0,0,0,0,0,0,0,0,0,0,0,0,0,0,0,0,0,0,0,0,0,0,0,0,0,0,0,0,0,0,0,0,0,0,0,0,0,0,0,0,0,0,0,0,0,0,0,0,0,0,0,0,0,0,0,0,0,0,0,0,0,0,0,0,0,0,0,0,0,0,0,0,0,0,0,0,0,0,0,0,0,0,0,0,0,0,0,0,0,0,0,0,0,0,0,0,0,0,0,0,0,0,0,0,0,0,0,0,0,0,0,0,0,0,0,0,0,0,0,0,0,0,0,0,0,0,0,0,0,0,0,0,0,0,0,0,0,0,0,0,0,0,0,0,0,0,0,0,0,0,0,0,0,0,0,0,0,0,0,0,0,0,0,0,0,0,0,0,0,0,0,0,0,0,0,0,0,0,0,0,0,0,0,0,0,0,0,0,0,0,0,0,0,0,0,0,0,0,0,0,0,0,0,0,0,0,0,0,0,0,0,0,0,0,0,0,0,0,0,0,0,0,0,0,0,0,0,0,0,0,0,0,0,0,0,0,0,0,0,0,0,0,0,0,0,0,0,0,0,0,0,0,0,0,0,0,0,0,0,0,0,0,0,0,0,0,0,0,0,0,0,0,0,0,0,0,0,0,0,0,0,0,0,0,0,0,0,0,0,0,0,0,0,0,0,0,0,0,0,0,0,0,0,0,0,0,0,0,0,0,0,0,0,0,0,0,0,0,0,0,0,0,0,0,0,0,0,0,0,0,0,0,0,0,0,0,0,0,0,0,0,0,0,0,0,0,0,0,0,0,0,0,0,0,0,0,0,0,0,0,0,0,0,0,0,0,0,0,0,0,0,0,0,0,0,0,0,0,0,0,0,0,0,0,0,0,0,0,0,0,0,0,0,0,0,0,0,0,0,0,0,0,0,0,0,0,0,0,0,0,0,0,0,0,0,0,0,0,0,0,0,0,0,0,0,0,0,0,0,0,0,0,0,0,0,0,0,0,0,0,0,0,0,0,0,0,0,0,0,0,0,0,0,0,0,0,0,0,0,0,0,0,0,0,0,0,0,0,0,0,0,0,0,0,0,0,0,0,0,0,0,0,0,0,0,0,0,0,0,0,0,0,0,0,0,0,0,0,0,0,0,0,0,0,0,0,0,0,0,0,0,0,0,0,0,0,0,0,0,0,0,0,0,0,0,0,0,0,0,0,0,0,0,0,0,0,0,0,0,0,0,0,0,0,0,0,0,0,0,0,0,0,0,0,0,0,0,0,0,0,0,0,0,0,0,0,0,0,0,0,0,0,0,0,0,0,0,0,0,0,0,0,0,0,0,0,0,0,0,0,0,0,0,0,0,0,0,0,0,0,0,0,0,0,0,0,0,0,0,0,0,0,0,0,0,0,0,0,0,0,0,0,0,0,0,0,0,0,0,0,0,0,0,0,0,0,0,0,0,0,0,0,0,0,0,0,0,0,0,0,0,0,0,0,0,0,0,0,0,0,0,0,0,0,0,0,0,0,0,0,0,0,0,0,0,0,0,0,0,0,0,0,0,0,0,0,0,0,0,0,0,0,0,0,0,0,0,0,0,0,0,0,0,0,0,0,0,0,0,0,0,0,0,0,0,0,0,0,0,0,0,0,0,0,0,0,0,0,0,0,0,0,0,0,0,0,0,0,0,0,0,0,0,0,0,0,0,0,0,0,0,0,0,0,0,0,0,0,0,0,0,0,0,0,0,0,0,0,0,0,0,0,0,0,0,0,0,0,0,0,0,0,0,0,0,0,0,0,0,0,0,0,0,0,0,0,0,0,0,0,0,0,0,0,0,0,0,0,0,0,0,0,0,0,0,0,0,0,0,0,0,0,0,0,0,0,0,0,0,0,0,0,0,0,0,0,0,0,0,0,0,0,0,0,0,0,0,0,0,0,0,0,0,0,0,0,0,0,0,0,0,0,0,0,0,0,0,0,0,0,0,0,0,0,0,0,0,0,0,0,0,0,0,0,0,0,0,0,0,0,0,0,0,0,0,0,0,0,0,0,0,0,0,0,0,0,0,0,0,0,0,0,0,0,0,0,0,0,0,0,0,0,0,0,0,0,0,0,0,0,0,0,0,0,0,0,0,0,0,0,0,0,0,0,0,0,0,0,0,0,0,0,0,0,0,0,0,0,0,0,0,0,0,0,0,0,0,0,0,0,0,0,0,0,0,0,0,0,0,0,0,0,0,0,0,0,0,0,0,0,0,0,0,0,0,0,0,0,0,0,0,0,0,0,0,0,0,0,0,0,0,0,0,0,0,0,0,0,0,0,0,0,0,0,0,0,0,0,0,0,0,0,0,0,0,0,0,0,0,0,0,0,0,0,0,0,0,0,0,0,0,0,0,0,0,0,0,0,0,0,0,0,0,0,0,0,0,0,0,0,0,0,0,0,0,0,0,0,0,0,0,0,0,0,0,0,0,0,0,0,0,0,0,0,0,0,0,0,0,0,0,0,0,0,0,0,0,0,0,0,0,0,0,0,0,0,0,0,0,0,0,0,0,0,0,0,0,0,0,0,0,0,0,0,0,0,0,0,0,0,0,0,0,0,0,0,0,0,0,0,0,0,0,0,0,0,0,0,0,0,0,0,0,0,0,0,0,0,0,0,0,0,0,0,0,0,0,0,0,0,0,0,0,0,0,0,0,0,0,0,0,0,0,0,0,0,0,0,0,0,0,0,0,0,0,0,0,0,0,0,0,0,0,0,0,0,0,0,0,0,0,0,0,0,0,0,0,0,0,0,0,0,0,0,0,0,0,0,0,0,0,0,0,0,0,0,0,0,0,0,0,0,0,0,0,0,0,0,0,0,0,0,0,0,0,0,0,0,0,0,0,0,0,0,0,0,0,0,0,0,0,0,0,0,0,0,0,0,0,0,0,0,0,0,0,0,0,0,0,0,0,0,0,0,0,0,0,0,0,0,0,0,0,0,0,0,0,0,0,0,0,0,0,0,0,0,0,0,0,0,0,0,0,0,0,0,0,0,0,0,0,0,0,0,0,0,0,0,0,0,0,0,0,0,0,0,0,0,0,0,0,0,0,0,0,0,0,0,0,0,0,0,0,0,0,0,0,0,0,0,0,0,0,0,0,0,0,0,0,0,0,0,0,0,0,0,0,0,0,0,0,0,0,0,0,0,0,0,0,0,0,0,0,0,0,0,0,0,0,0,0,0,0,0,0,0,0,0,0,0,0,0,0,0,0,0,0,0,0,0,0,0,0,0,0,0,0,0,0,0,0,0,0,0,0,0,0,0,0,0,0,0,0,0,0,0,0,0,0,0,0,0,0,0,0,0,0,0,0,0,0,0,0,0,0,0,0,0,0,0,0,0,0,0,0,0,0,0,0,0,0,0,0,0,0,0,0,0,0,0,0,0,0,0,0,0,0,0,0,0,0,0,0,0,0,0,0,0,0,0,0,0,0,0,0,0,0,0,0,0,0,0,0,0,0,0,0,0,0,0,0,0,0,0,0,0,0,0,0,0,0,0,0,0,0,0,0,0,0,0,0,0,0,0,0,0,0,0,0,0,0,0,0,0,0,0,0,0,0,0,0,0,0,0,0,0,0,0,0,0,0,0,0,0,0,0,0,0,0,0,0,0,0,0,0,0,0,0,0,0,0,0,0,0,0,0,0,0,0,0,0,0,0,0,0,0,0,0,0,0,0,0,0,0,0,0,0,0,0,0,0,0,0,0,0,0,0,0,0,0,0,0,0,0,0,0,0,0,0,0,0,0,0,0,0,0,0,0,0,0,0,0,0,0,0,0,0,0,0,0,0,0,0,0,0,0,0,0,0,0,0,0,0,0,0,0,0,0,0,0,0,0,0,0,0,0,0,0,0,0,0,0,0,0,0,0,0,0,0,0,0,0,0,0,0,0,0,0,0,0,0,0,0,0,0,0,0,0,0,0,0,0,0,0,0,0,0,0,0,0,0,0,0,0,0,0,0,0,0,0,0,0,0,0,0,0,0,0,0,0,0,0,0,0,0,0,0,0,0,0,0,0,0,0,0,0,0,0,0,0,0,0,0,0,0,0,0,0,0,0,0,0,0,0,0,0,0,0,0,0,0,0,0,0,0,0,0,0,0,0,0,0,0,0,0,0,0,0,0,0,0,0,0,0,0,0,0,0,0,0,0,0,0,0,0,0,0,0,0,0,0,0,0,0,0,0,0,0,0,0,0,0,0,0,0,0,0,0,0,0,0,0,0,0,0,0,0,0,0,0,0,0,0,0,0,0,0,0,0,0,0,0,0,0,0,0,0,0,0,0,0,0,0,0,0,0,0,0,0,0,0,0,0,0,0,0,0,0,0,0,0,0,0,0,0,0,0,0,0,0,0,0,0,0,0,0,0,0,0,0,0,0,0,0,0,0,0,0,0,0,0,0,0,0,0,0,0,0,0,0,0,0,0,0,0,0,0,0,0,0,0,0,0,0,0,0,0,0,0,0,0,0,0,0,0,0,0,0,0,0,0,0,0,0,0,0,0,0,0,0,0,0,0,0,0,0,0,0,0,0,0,0,0,0,0,0,0,0,0,0,0,0,0,0,0,0,0,0,0,0,0,0,0,0,0,0,0,0,0,0,0,0,0,0,0,0,0,0,0,0,0,0,0,0,0,0,0,0,0,0,0,0,0,0,0,0,0,0,0,0,0,0,0,0,0,0,0,0,0,0,0,0,0,0,0,0,0,0,0,0,0,0,0,0,0,0,0,0,0,0,0,0,0,0,0,0,0,0,0,0,0,0,0,0,0,0,0,0,0,0,0,0,0,0,0,0,0,0,0,0,0,0,0,0,0,0,0,0,0,0,0,0,0,0,0,0,0,0,0,0,0,0,0,0,0,0,0,0,0,0,0,0,0,0,0,0,0,0,0,0,0,0,0,0,0,0,0,0,0,0,0,0,0,0,0,0,0,0,0,0,0,0,0,0,0,0,0,0,0,0,0,0,0,0,0,0,0,0,0,0,0,0,0,0,0,0,0,0,0,0,0,0,0,0,0,0,0,0,0,0,0,0,0,0,0,0,0,0,0,0,0,0,0,0,0,0,0,0,0,0,0,0,0,0,0,0,0,0,0,0,0,0,0,0,0,0,0,0,0,0,0,0,0,0,0,0,0,0,0,0,0,0,0,0,0,0,0,0,0,0,0,0,0,0,0,0,0,0,0,0,0,0,0,0,0,0,0,0,0,0,0,0,0,0,0,0,0,0,0,0,0,0,0,0,0,0,0,0,0,0,0,0,0,0,0,0,0,0,0,0,0,0,0,0,0,0,0,0,0,0,0,0,0,0,0,0,0,0,0,0,0,0,0,0,0,0,0,0,0,0,0,0,0,0,0,0,0,0,0,0,0,0,0,0,0,0,0,0,0,0,0,0,0,0,0,0,0,0,0,0,0,0,0,0,0,0,0,0,0,0,0,0,0,0,0,0,0,0,0,0,0,0,0,0,0,0,0,0,0,0,0,0,0,0,0,0,0,0,0,0,0,0,0,0,0,0,0,0,0,0,0,0,0,0,0,0,0,0,0,0,0,0,0,0,0,0,0,0,0,0,0,0,0,0,0,0,0,0,0,0,0,0,0,0,0,0,0,0,0,0,0,0,0,0,0,0,0,0,0,0,0,0,0,0,0,0,0,0,0,0,0,0,0,0,0,0,0,0,0,0,0,0,0,0,0,0,0,0,0,0,0,0,0,0,0,0,0,0,0,0,0,0,0,0,0,0,0,0,0,0,0,0,0,0,0,0,0,0,0,0,0,0,0,0,0,0,0,0,0,0,0,0,0,0,0,0,0,0,0,0,0,0,0,0,0,0,0,0,0,0,0,0,0,0,0,0,0,0,0,0,0,0,0,0,0,0,0,0,0,0,0,0,0,0,0,0,0,0,0,0,0,0,0,0,0,0,0,0,0,0,0,0,0,0,0,0,0,0,0,0,0,0,0,0,0,0,0,0,0,0,0,0,0,0,0,0,0,0,0,0,0,0,0,0,0,0,0,0,0,0,0,0,0,0,0,0,0,0,0,0,0,0,0,0,0,0,0,0,0,0,0,0,0,0,0,0,0,0,0,0,0,0,0,0,0,0,0,0,0,0,0,0,0,0,0,0,0,0,0,0,0,0,0,0,0,0,0,0,0,0,0,0,0,0,0,0,0,0,0,0,0,0,0,0,0,0,0,0,0,0,0,0,0,0,0,0,0,0,0,0,0,0,0,0,0,0,0,0,0,0,0,0,0,0,0,0,0,0,0,0,0,0,0,0,0,0,0,0,0,0,0,0,0,0,0,0,0,0,0,0,0,0,0,0,0,0,0,0,0,0,0,0,0,0,0,0,0,0,0,0,0,0,0,0,0,0,0,0,0,0,0,0,0,0,0,0,0,0,0,0,0,0,0,0,0,0,0,0,0,0,0,0,0,0,0,0,0,0,0,0,0,0,0,0,0,0,0,0,0,0,0,0,0,0,0,0,0,0,0,0,0,0,0,0,0,0,0,0,0,0,0,0,0,0,0,0,0,0,0,0,0,0,0,0,0,0,0,0,0,0,0,0,0,0,0,0,0,0,0,0,0,0,0,0,0,0,0,0,0,0,0,0,0,0,0,0,0,0,0,0,0,0,0,0,0,0,0,0,0,0,0,0,0,0,0,0,0,0,0,0,0,0,0,0,0,0,0,0,0,0,0,0,0,0,0,0,0,0,0,0,0,0,0,0,0,0,0,0,0,0,0,0,0,0,0,0,0,0,0,0,0,0,0,0,0,0,0,0,0,0,0,0,0,0,0,0,0,0,0,0,0,0,0,0,0,0,0,0,0,0,0,0,0,0,0,0,0,0,0,0,0,0,0,0,0,0,0,0,0,0,0,0,0,0,0,0,0,0,0,0,0,0,0,0,0,0,0,0,0,0,0,0,0,0,0,0,0,0,0,0,0,0,0,0,0,0,0,0,0,0,0,0,0,0,0,0,0,0,0,0,0,0,0,0,0,0,0,0,0,0,0,0,0,0,0,0,0,0,0,0,0,0,0,0,0,0,0,0,0,0,0,0,0,0,0,0,0,0,0,0,0,0,0,0,0,0,0,0,0,0,0,0,0,0,0,0,0,0,0,0,0,0,0,0,0,0,0,0,0,0,0,0,0,0,0,0,0,0,0,0,0,0,0,0,0,0,0,0,0,0,0,0,0,0,0,0,0,0,0,0,0,0,0,0,0,0,0,0,0,0,0,0,0,0,0,0,0,0,0,0,0,0,0,0,0,0,0,0,0,0,0,0,0,0,0,0,0,0,0,0,0,0,0,0,0,0,0,0,0,0,0,0,0,0,0,0,0,0,0,0,0,0,0,0,0,0,0,0,0,0,0,0,0,0,0,0,0,0,0,0,0,0,0,0,0,0,0,0,0,0,0,0,0,0,0,0,0,0,0,0,0,0,0,0,0,0,0,0,0,0,0,0,0,0,0,0,0,0,0,0,0,0,0,0,0,0,0,0,0,0,0,0,0,0,0,0,0,0,0,0,0,0,0,0,0,0,0,0,0,0,0,0,0,0,0,0,0,0,0,0,0,0,0,0,0,0,0,0,0,0,0,0,0,0,0,0,0,0,0,0,0,0,0,0,0,0,0,0,0,0,0,0,0,0,0,0,0,0,0,0,0,0,0,0,0,0,0,0,0,0,0,0,0,0,0,0,0,0,0,0,0,0,0,0,0,0,0,0,0,0,0,0,0,0,0,0,0,0,0,0,0,0,0,0,0,0,0,0,0,0,0,0,0,0,0,0,0,0,0,0,0,0,0,0,0,0,0,0,0,0,0,0,0,0,0,0,0,0,0,0,0,0,0,0,0,0,0,0,0,0,0,0,0,0,0,0,0,0,0,0,0,0,0,0,0,0,0,0,0,0,0,0,0,0,0,0,0,0,0,0,0,0,0,0,0,0,0,0,0,0,0,0,0,0,0,0,0,0,0,0,0,0,0,0,0,0,0,0,0,0,0,0,0,0,0,0,0,0,0,0,0,0,0,0,0,0,0,0,0,0,0,0,0,0,0.9223353,0.5627877,-0.5060269,-1.0916262,0.14960732,0.24808587,-0.23018278,0.037460208,0.2657899,-0.87332004,-0.5271155,-0.07689989,-0.5905766,0.9158916,0.5284211,1.1539845,0.25889054,-0.5850441,0.18442954,-0.20805277,-0.598257,-0.21690477,1.2337828,0.09350122,0.058809165,0.072477706,0.18390884,-0.23148455,0.009927869,-0.82177013,-0.20317115,-0.7948887,-0.15422477,-0.8407759,0.2585,0.251145,0.43540993,0.29494944,-0.2439164,0.07722915,-0.23831882,0.27002063,0.8897261,-0.5728726,1.227274,-0.30184498,0.082306035,0.42694846,-0.18741979,0.14492096,0.81943077,-0.04858649,0.43749276,-0.24046673,0.12969029,-0.6482448,0.4760901,-0.06446803,-0.1856624,-0.03250969,-0.31746617,0.55081147,-1.1983058,0.32671252,-0.29156104,0.30647007,0.09376157,0.18163075,0.24945273,0.88224095,-0.8785922,0.25348818,0.20831694,0.17232312,0.11751879,0.5439121,0.33862367,0.09317578,-0.1911949,0.033099294,-0.3073775,0.2505592,-0.8908939,-0.06713665,0.41314974,0.48377052,0.281346,0.123702176,0.1730391,-0.4682106,0.18813957,-0.26279202,0.6666686,0.25836983,0.37871805,0.6599645,0.48520246,0.5400068,0.31590787,0.879312,-1.0389047,0.62039083,0.06701028,0.107495196,0.123376735,-0.28576818,0.24541725,-0.8031549,-0.3250164,-0.23493423,-0.7935218,0.8016617,0.13496245,-0.052166346,0.28225723,0.65423673,-0.23519458,0.5683853,0.21547665,-0.62845796,-0.2712535,-0.53251785,-0.056331996,0.025549056,0.103785165,-0.18338431,0.3334166,0.6304144,0.48097172,0.573332,-0.03127301,1.1095943,0.94941205,-0.27047244,0.065838695,0.58478755,-0.4155542,-0.10579909,-0.0071252594,0.014288783,0.45298377,-0.02782333,1.161665,-0.11478127,-0.32078567,-0.5927245,-0.08067501,-0.45447698,0.039477948,-0.25947252,0.48930302,0.22641148,0.112767346,0.43872944,-0.106580146,-0.29475036,-0.09427846,-0.6820256,-0.3461701,-0.6526057,-0.86212486,0.41738048,0.14492096,0.52978796,0.53877014,-0.52308005,0.2096187,-0.2806913,-0.006604553,0.29872456,-0.25725952,0.1540984,-0.56480163,0.17733492,-0.2678689,0.72635454,-0.004196287,0.045986775,0.011359811,-0.537074,-0.47686735,-0.34324113,0.017282844,-0.30210534,-0.4443232,-0.055941466,0.027046086,0.083087094,0.35704365,-0.6832623,-0.6813747,-1.2142525,-0.7563564,0.41132727,-0.10677541,-0.7887704,0.8098628,-0.67636293,0.47478834,-0.46560708,0.14218725,0.45350447,-1.1604245,-0.5060269,-0.47517505,0.41640416,-0.028474214,-0.27379194,0.14479078,0.042927627,0.1224655,0.5015396,-0.06342662,-0.36927643,-0.4755005,-0.051124934,-0.43195644,0.33855858,0.40351668,-0.0807401,0.13353051,-0.47315732,-0.029190185,0.20916308,-0.42525235,0.2767898,0.20922817,0.004916072,-0.7005107,-0.63958806,0.11738861,-0.411714,-0.43182626,0.021253228,0.29384294,-0.10781682,0.3279492,0.3589312,-0.45688525,-0.21378054,-0.4199802,-0.34493342,0.23864807,-0.12871017,-0.3694717,-0.17075719,-0.32046023,0.11673773,-0.010965467,-0.32156673,0.31141677,0.22257127,0.24255337,0.34357038,0.06518781,-0.40318742,-0.43898597,0.101116545,-0.4072229,0.8514542,0.15370788,0.28453532,0.36856428,-0.2306384,-0.67187184,1.2942498,-0.04982317,-0.056331996,0.3818423,0.262926,0.12929976,-0.024894359,-0.17095245,-0.03400672,0.16386165,0.47231498,0.18820466,0.16809238,0.6549527,-0.3145372,0.57417816,0.6831359,0.14921679,-0.3766965,-0.29429474,0.47042742,0.025093438,0.46496,0.50681174,0.50284135,-0.49242344,-0.38431183,-1.4470081,0.7559046,0.28870097,0.281346,-0.8041312,0.15364279,-0.15721883,0.0858208,-0.9960765,-0.350531,-0.07663954,0.33380714,-0.44360724,-0.025675418,-0.8220305,-0.31154314,0.0886196,-0.11094106,0.06401622,0.45714942,-0.48168388,0.5582966,-0.2389697,-0.14478697,0.34825674,0.2440504,-0.21592845,-0.04715455,0.16177882,0.64636105,0.23096766,-0.4106075,-0.26923576,0.5063561,0.3463041,0.56923145,-0.141858,-0.34701625,0.49294797,0.16099776,-0.10560382,0.30705586,-0.5534112,-0.068959124,-0.17062701,-0.41640034,-0.5228197,0.20779623,-0.16483416,0.18442954,0.66471595,-0.07169283,0.28154126,-0.005107523,-0.114130385,0.61589974,-0.24267973,0.10157216,-0.22146095,-0.5050506,-0.12701787,0.14101566,0.39368835,-0.6300852,0.07716406,0.46795407,-0.35098663,0.52868146,-0.98917717,0.13867249,0.30939904,0.3957061,0.20701517,-0.30379763,-0.36816993,-0.8019182,0.7022719,0.12194479,0.16125812,0.50720227,0.30946413,0.49815503,0.1330098,0.31812087,0.16431727,0.3589312,0.26377216,0.66360945,0.2713875,-0.88874596,0.18124022,0.47316113,0.43925014,0.63295287,-0.20128359,0.8127267,-0.5489852,0.3317894,-0.4083945,0.20226373,0.3995463,0.45578256,-0.3233892,0.41712013,-0.604896,-0.26721802,0.36915007,0.1946484,0.023401141,-0.5579023,0.44178858,0.4550666,-0.56252354,-0.58074826,0.6966092,0.27320996,-0.11998833,-0.29917637,-0.10944403,0.23910369,0.49581185,0.03322947,0.27828684,0.30256477,0.50928515,-0.26246658,-0.07358039,0.038436532,-0.1823429,0.3019139,0.1657492,-0.3127798,-0.23753776,-0.48858324,0.43749276,-0.27157894,-0.23278631,0.072542794,-0.21462668,-0.13040246,-0.4533054,0.20330514,0.21261276,-0.19985165,0.09219945,0.17805089,0.20395602,-0.52705044,-0.09727252,-0.5290031,0.25765383,-0.16034307,0.0047858953,-0.16053833,0.20883764,-0.1496035,-0.9078819,0.21749438,0.12812817,0.5623972,0.45708433,0.24893202,0.5405275,-0.04259837,-0.4976956,0.45877662,-0.19972147,0.16770186,-0.5431923,0.036028266,-0.10527838,-0.14374556,-0.46690884,-0.10976947,-0.022355916,0.29436365,0.5640244,0.11237682,0.31154695,0.13392104,0.04312289,0.42597213,-0.38235918,-0.10300029,-0.6587891,-0.5679259,-1.0724251,0.17564262,-0.7510192,0.118885644,0.38197246,-0.49691454,-0.073124774,-0.19633688,-0.16359748,0.39928594,-0.019426944,-0.27314106,-0.25276843,0.25238168,0.029975059,-0.1490828,-0.13202967,-0.16320695,-0.5526952,0.60860986,-0.61732787,0.10990346,-0.090438254,0.10918749,0.21586718,-0.21378054,-0.15656795,0.31857648,-0.31030646,0.30861798,-0.30314675,0.16672553,-0.36406937,0.40989533,0.28980747,-0.2768511,-0.25420037,-0.7202324,-0.09089387,0.3590614,-0.31499282,0.024572732,-0.58699673,0.50922006,-0.16594066,-0.41203943,0.23363627,0.1835834,0.04924119,-0.009208084,0.12637079,0.18416919,0.3940138,-0.44861904,0.07989777,0.1452464,0.31584278,-0.71118516,0.57098883,0.12435306,0.109773286,-3.0637257e-05,-0.08314837,-0.714765,-0.023071887,-0.14966859,-0.5823104,0.86167306,0.27600875,-0.2916912,0.5273797,0.048915748,0.093240865,0.22133459,-0.1068405,-0.45311013,0.07573212,0.16750659,0.26006213,0.43872944,0.24841131,0.054708604,0.3272983,0.267352,0.32873026,-0.23031296,0.006413102,0.30868307,0.055815104,0.42200175,-0.006539465,-0.69686574,-0.061278705,0.13281454,0.112441905,-0.19217123,0.25947633,-0.03088248,0.090572245,-0.66738075,0.65631956,0.14928187,-0.242875,-0.8929116,-0.79671115,-0.625529,0.5599889,-0.6226651,-0.12994684,0.84663767,0.20994414,-0.26702276,-0.139645,-0.037130956,-0.40188566,0.3407065,-0.17277493,0.39993683,-0.60294336,-0.5040743,0.26344672,-0.27978006,0.039673213,0.3101801,-0.189047,0.11927617,-0.29702845,-0.1640531,0.5878467,-0.8446812,-0.45955387,-0.18436064,-0.24925365,-0.39400998,0.2758135,-0.20134868,-0.33269683,0.19041766,0.16919889,-0.33822933,-0.43397418,-0.12766875,-0.26773873,0.036548972,-0.04292381,0.35775962,-0.3810574,-0.13066281,0.24717464,-0.32989803,-0.01766956,0.21775474,-0.079828866,0.070980676,-0.1773311,0.3017837,-0.81656307,0.10729993,-0.15220703,0.08887995,-0.60626286,-0.10723103,0.17063083,0.55139726,0.20636429,0.31883684,-0.043574695,0.16216935,0.521717,0.21716894,0.2657248,-0.4432818,-0.4792756,0.18442954,-0.14270414,0.49288288,0.14433517,-0.14413609,-0.21020068,0.10840643,-0.1390592,-0.13840832,-0.5532159,-0.027237536,-0.18559732,-0.06218994,0.15722264,-0.055681113,-0.37428823,-0.1501242,0.07768477,-0.39934722,-0.41451278,-0.5539319,-0.17602934,0.073258765,0.17160715,0.1251992,0.30536357,0.02691591,-0.26689258,0.1452464,-0.12623681,0.069548726,-0.5124056,-0.46619287,0.24255337,0.23747648,-0.070846684,0.26533428,-0.27912918,-0.6819605,-0.035764102,0.043708686,0.1035899,0.3828186,-0.4210216,-0.202325,-0.26435414,-0.0054980526,0.4650902,-0.019101502,-0.60632795,-0.34662572,-0.03732622,-0.12610663,-0.23825373,-0.10124291,0.29169503,0.033099294,-0.34239498,0.17336453,0.09272016,0.4216763,0.017608285,0.13554825,-0.4848732,-0.10983456,0.20512761,0.23708595,0.014549136,0.0018569228,-0.28700486,-0.35411087,0.19041766,0.44081226,-0.4249269,-0.346105,-0.2801706,-0.22679819,0.25537574,-0.5021867,-0.2356502,0.6482486,0.56304806,-0.3356258,-0.13372196,-0.29800478,0.061803225,0.68020695,0.2696952,-0.45727578,-0.16275133,-0.087769635,0.06264937,-0.144071,0.272494,0.07657827,-0.2667624,0.50622594,0.6975855,0.46092454,-0.26969138,0.75291055,-0.31753126,0.19803299,0.32144037,0.02574432,0.21762456,0.67194074,0.109447844,-0.24014129,-0.07110704,-0.47016326,-0.6117303,0.33250538,0.26618043,-0.20030726,0.1391281,0.120708115,-0.041036252,0.11485017,-0.011746527,-0.00256908,0.18547095,0.39082447,-0.36992732,0.13698019,-0.24352588,0.29221573,0.47198954,-0.66022104,-0.017148854,-0.45812193,-0.28023568,-0.22146095,-0.10215414,0.13489737,0.08510483,0.092459805,-0.3467559,0.14960732,0.18735851,-0.062450293,-0.05281723,0.12103356,-0.0701958,-0.61016816,-0.2084433,0.1880094,-0.33653703,-0.26910558,0.55933803,0.20154776,0.10508693,-0.8242435,-0.037065867,0.14615764,0.22634639,-0.06531418,-0.20603503,0.041951302,0.12676132,-0.063621886,-0.04943264,-0.32046023,0.3439609,-0.7868177,0.33484855,-0.787013,0.23038186,-0.25049034,-0.15097035,0.22602095,-0.20655574,-0.16170992,-0.42915764,-0.21091665,-0.1184913,-0.3612055,-0.11393512,-0.6072392,-0.12773384,-0.39134136,-0.116017945,-0.3011941,0.15839423,-0.51474875,-0.061604146,-0.2513365,-0.3556079,0.22862448,-0.53258294,0.056986693,-0.08991755,-0.006995083,-0.4760212,-0.06726683,0.33758226,0.24697937,0.15715756,-0.36211672,-0.5112991,-0.23851408,-0.03237951,0.033880353,-0.019296767,-0.8997459,0.37585416,0.18260707,-0.03127301,-0.012397409,-0.24632467,-0.040255193,-0.39355436,0.5945508,-0.38489762,-0.3078982,-0.24665011,0.09974969,-0.14400591,-0.1878754,0.24365987,-0.4860448,0.55491203,0.40664092,0.061022166,0.0564009,-0.38021126,0.2652692,-0.026196124,0.19145907,0.27952352,0.20115723,0.6161601,0.07117594,-0.002308727,-0.016107442,0.47374693,0.31330433,-0.07169283,0.5816633,-0.19933094,-0.21150245,-0.2879161,-0.24593414,-0.027172448,-0.020208003,-0.54247636,-0.28322974,-0.052491788,0.3345882,0.29084888,-0.13502373,-0.80608386,-0.19086947,-0.21312965,-0.43742386,-0.13170423,0.10573781,0.33315626,0.42994252,-0.32052532,0.36934534,0.15006293,0.32202616,0.13405122,-0.09479917,-0.18533696,-0.20382203,-0.19575109,0.23656525,0.3694755,-0.2750937,0.36225072,-0.17355599,-0.47172537,0.7150292,0.28993765,-0.29767933,-0.34799257,-0.105864175,0.24815096,0.40429774,0.50609577,0.08198059,-0.42401567,0.34819165,0.15943564,-0.317336,0.16425218,0.22530498,-0.4138619,0.30419198,0.4023451,0.26318637,-0.029841067,-0.25036016,-0.31082717,0.097341426,0.13099205,-0.106580146,0.4195284,0.25296748,0.52393,-0.0015276676,-0.008882643,0.07547177,-0.23493423,0.7538218,0.4839007,-0.12539066,0.4910604,0.13938846,0.647077,0.05490387,-0.1712779,0.083477624,0.115435965,-0.033746365,-0.59747595,0.2734703,0.23155345,-0.81493586,0.13099205,0.16327585,-0.065509446,0.6016454,-0.17557372,0.49906626,0.10293902,0.21762456,-0.07097686,-0.1518165,-0.17863287,0.15722264,0.5228235,0.107560284,-0.037912015,-0.21085157,-0.63464135,-0.30321184,-0.43286768,0.021643758,-0.20134868,-0.62676567,-0.4488143,-0.30496922,0.28251758,-0.5711803,0.09337104,-0.019231679,-0.11360968,0.16483797,0.15377297,0.33204976,-0.12480486,0.202459,-0.24756135,-0.16828384,0.0022474525,-0.61635154,-0.4610509,-0.023071887,-0.36140075,0.44920865,-0.13391723,-0.111852296,-0.32683888,0.14440025,0.018389344,-0.6215586,0.04123533,-0.18839611,-0.39739457,0.3157126,-0.3300933,-1.0156682,-0.14875735,0.0027030704,0.17661895,0.22921027,0.25212133,-0.63522714,-0.17557372,0.46124998,-0.08789981,1.4149885,-0.95090526,0.0325135,-0.8036105,0.265139,0.36251107,-1.4354224,-0.6320378,0.07260788,-0.39043012,-0.18397011,-0.05802429,0.7371592,0.079637416,0.03166735,0.09864319,-0.27483335,-0.66288966,0.16295041,0.02730644,-0.36101022,-0.9628164,0.1824118,-0.029775979,0.38548723,-0.2968332,0.5300483,-0.042728547,0.3696057,-1.0067511,-0.27522388,0.016827226,-0.79169935,-0.35593334,-0.6593749,1.1210499,0.78506416,-0.2134551,-0.13150896,-0.20727171,0.1724533,-0.14192308,-0.2167746,0.7586383,-0.73351043,-0.17700566,-1.021461,0.575545,-0.18494643,-0.7283034,-0.17602934,0.26676622,0.25550592,-0.11556233,-0.30438343,0.6338641,-0.50029916,0.57600063,-0.017995002,-0.2273189,-0.5448846,0.49971715,0.14498605,-0.9108109,-0.71339816,-0.80549806,-0.06869877,-0.2184669,0.6128406,-0.41802755,-0.200112,-0.3744184,0.15090908,-0.0017880207,0.049306277,-0.15051474,0.1413411,0.059590224,-0.49906245,0.431765,0.9613883,0.7378101,0.23435225,-0.48233476,-0.56974834,0.2646834,0.38796058,-0.28166762,-0.0657698,-0.9644436,-0.8689591,0.00914681,0.042992715,0.029584529,0.11979688,0.1474594,-0.526009,0.21658315,0.28440514,0.2691094,-0.2995018,0.47264042,0.32196108,0.08243621,-0.6332094,-0.08340872,-0.6969308,0.29748788,0.2572633,-0.055225495,-0.2984604,-0.030036332,0.47927943,-0.30438343,0.46847478,-0.32937732,-0.12005342,
1,1,0,0,0,0,0,0,0,0,0,0,0,0,0,0,0,0,0,0,0,0,0,0,0,0,0,0,0,0,0,0,0,0,0,0,0,0,0,0,0,0,0,0,0,0,0,0,0,0,0,0,0,0,0,0,0,0,0,0,0,0,0,0,0,0,0,0,0,0,0,0,0,0,0,0,0,0,0,0,0,0,0,0,0,0,0,0,0,0,0,0,0,0,0,0,0,0,0,0,0,0,0,0,0,0,0,0,0,0,0,0,0,0,0,0,0,0,0,0,0,0,0,0,0,0,0,0,0,0,0,0,0,0,0,0,0,0,0,0,0,0,0,0,0,0,0,0,0,0,0,0,0,0,0,0,0,0,0,0,0,0,0,0,0,0,0,0,0,0,0,0,0,0,0,0,0,0,0,0,0,0,0,0,0,0,0,0,0,0,0,0,0,0,0,0,0,0,0,0,0,0,0,0,0,0,0,0,0,0,0,0,0,0,0,0,0,0,0,0,0,0,0,0,0,0,0,0,0,0,0,0,0,0,0,0,0,0,0,0,0,0,0,0,0,0,0,0,0,0,0,0,0,0,0,0,0,0,0,0,0,0,0,0,0,0,0,0,0,0,0,0,0,0,0,0,0,0,0,0,0,0,0,0,0,0,0,0,0,0,0,0,0,0,0,0,0,0,0,0,0,0,0,0,0,0,0,0,0,0,0,0,0,0,0,0,0,0,0,0,0,0,0,0,0,0,0,0,0,0,0,0,0,0,0,0,0,0,0,0,0,0,0,0,0,0,0,0,0,0,0,0,0,0,0,0,0,0,0,0,0,0,0,0,0,0,0,0,0,0,0,0,0,0,0,0,0,0,0,0,0,0,0,0,0,0,0,0,0,0,0,0,0,0,0,0,0,0,0,0,0,0,0,0,0,0,0,0,0,1,0,0,0,0,0,0,0,0,0,0,0,0,0,0,0,0,0,0,0,0,0,0,0,0,0,0,0,0,0,0,0,0,0,1,0,0,0,0,0,0,0,0,0,0,0,0,0,0,0,0,0,0,0,0,0,0,0,0,0,0,0,0,0,0,0,0,0,0,0,0,0,0,0,0,0,0,0,0,0,0,0,0,0,0,0,0,0,0,0,0,0,0,0,0,0,0,0,0,0,0,0,0,0,0,0,0,0,0,0,0,0,0,0,0,0,0,0,0,0,0,0,0,0,0,0,0,0,0,0,0,0,0,0,0,0,0,0,0,0,0,0,0,0,0,0,0,0,0,0,0,0,0,0,0,0,0,0,0,0,0,0,0,0,0,0,0,0,0,0,0,0,0,0,0,0,0,0,0,0,0,0,0,0,0,0,0,0,0,0,0,0,0,0,0,0,0,0,0,0,0,0,0,0,1,0,0,0,0,0,0,0,0,0,0,0,0,0,0,0,0,0,0,0,0,0,0,0,0,0,0,0,0,0,0,0,0,0,0,0,0,0,0,0,0,0,0,0,0,0,0,0,0,0,0,0,0,0,0,0,0,0,0,0,0,0,0,0,0,0,0,0,0,0,0,0,0,0,0,0,0,0,0,0,0,0,0,0,0,0,0,0,0,0,0,0,0,0,0,0,0,0,0,0,0,0,0,0,0,0,0,0,0,0,0,0,0,0,0,0,0,0,0,0,0,0,0,0,0,0,0,0,0,0,0,0,0,0,0,0,0,0,0,0,0,0,0,0,0,0,0,0,0,0,0,0,0,0,0,0,0,0,0,0,0,0,0,0,0,0,0,0,0,0,0,0,0,0,0,0,0,0,0,0,0,0,0,0,0,0,0,0,0,0,0,0,0,0,0,0,0,0,0,0,0,0,0,0,0,0,0,0,0,0,0,0,0,0,0,0,0,0,0,0,0,0,0,0,0,0,0,0,0,0,0,0,0,0,0,0,0,0,0,0,0,0,0,0,0,0,0,0,0,0,0,0,0,0,0,0,0,0,0,0,0,0,0,0,0,0,0,0,0,0,0,0,0,0,0,0,0,0,0,0,0,0,0,0,0,0,0,0,0,0,0,0,0,0,0,0,0,0,0,0,0,0,0,0,0,0,0,0,0,0,0,0,0,0,0,0,0,0,0,0,0,0,0,0,0,0,0,0,0,0,0,0,0,0,0,0,0,0,0,0,0,0,0,0,0,0,0,0,0,0,0,0,0,0,0,0,0,0,0,0,0,0,0,0,0,0,0,0,0,0,0,0,0,0,0,0,0,0,0,0,0,0,0,0,0,0,0,0,0,0,0,0,0,0,0,0,0,0,0,0,0,0,0,0,0,0,0,0,0,0,0,0,0,0,0,0,0,0,0,0,0,0,0,0,0,0,0,0,0,0,0,0,0,0,0,0,0,0,0,0,0,0,0,0,0,0,0,0,0,0,0,0,0,0,0,0,0,0,0,0,0,0,0,0,0,0,0,0,0,0,0,0,0,0,0,0,0,0,0,0,0,0,0,0,0,0,0,0,0,0,0,0,0,0,0,0,0,0,0,0,0,0,0,0,0,0,0,0,0,0,0,0,0,0,0,0,0,0,0,0,0,0,0,0,0,0,0,0,0,0,0,0,0,0,0,0,0,0,0,0,0,0,0,0,0,0,0,0,0,0,0,0,0,0,0,0,0,0,0,0,0,0,0,0,0,0,0,0,0,0,0,0,0,0,0,0,0,0,0,0,0,0,0,0,0,0,0,0,0,0,0,0,0,0,0,0,0,0,0,0,0,0,0,0,0,0,0,0,0,0,0,0,0,0,0,0,0,0,0,0,0,0,0,0,0,0,0,0,0,0,0,0,0,0,0,0,0,0,0,0,0,0,0,0,0,0,0,0,0,0,0,0,0,0,0,0,0,0,0,0,0,0,0,0,0,0,0,0,0,0,0,0,0,0,0,0,0,0,0,0,0,0,0,0,0,0,0,0,0,0,0,0,0,0,0,0,0,0,0,0,0,0,0,0,0,0,0,0,0,0,0,0,0,0,0,0,0,0,0,0,0,0,0,0,0,0,0,0,0,0,0,0,0,0,0,0,0,0,0,0,0,0,0,0,0,0,0,0,0,0,0,0,0,0,0,0,0,0,0,0,0,0,0,0,0,0,0,0,0,0,0,0,0,0,0,0,0,0,0,0,0,0,0,0,0,0,0,0,0,0,0,0,0,0,0,0,0,0,0,0,0,0,0,0,0,0,0,0,0,0,0,0,0,0,0,0,0,0,0,0,0,0,0,0,0,0,0,0,0,0,0,0,0,0,0,0,0,0,0,0,0,0,0,0,0,0,0,0,0,0,0,0,0,0,0,0,0,0,0,0,0,0,0,0,0,0,0,0,0,0,0,0,0,0,0,0,0,0,0,0,0,0,0,0,0,0,0,0,0,0,0,0,0,0,0,0,0,0,0,0,0,0,0,0,0,0,0,0,0,0,0,0,0,0,0,0,0,0,0,0,0,0,0,0,0,0,0,0,0,0,0,0,0,0,0,0,0,0,0,0,0,0,0,0,0,0,0,0,0,0,0,0,0,0,0,0,0,0,0,0,0,0,0,0,0,0,0,0,0,0,0,0,0,0,0,0,0,0,0,0,0,0,0,0,0,0,0,0,0,0,0,0,0,0,0,0,0,0,0,0,0,0,0,0,0,0,0,0,0,0,0,0,0,0,0,0,0,0,0,0,0,0,0,0,0,0,0,0,0,0,0,0,0,0,0,0,0,0,0,0,0,0,0,0,0,0,0,0,0,0,0,0,0,0,0,0,0,0,0,0,0,0,0,0,0,0,0,0,0,0,0,0,0,0,0,0,0,0,0,0,0,0,0,0,0,0,0,0,0,0,0,0,0,0,0,0,0,0,0,0,0,0,0,0,0,0,0,0,0,0,0,0,0,0,0,0,0,0,0,0,0,0,0,0,0,0,0,0,0,0,0,0,0,0,0,0,0,0,0,0,0,0,0,0,0,0,0,0,0,0,0,0,0,0,0,0,0,0,0,0,0,0,0,0,0,0,0,0,0,0,0,0,0,0,0,0,0,0,0,0,0,0,0,0,0,0,0,0,0,0,0,0,0,0,0,0,0,0,0,0,0,0,0,0,0,0,0,0,0,0,0,0,0,0,0,0,0,0,0,0,0,0,0,0,0,0,0,0,0,0,0,0,0,0,0,0,0,0,0,0,0,0,0,0,0,0,0,0,0,0,0,0,0,0,0,0,0,0,0,0,0,0,0,0,0,0,0,0,0,0,0,0,0,0,0,0,0,0,0,0,0,0,0,0,0,0,0,0,0,0,0,0,0,0,0,0,0,0,0,0,0,0,0,0,0,0,0,0,0,0,0,0,0,0,0,0,0,0,0,0,0,0,0,0,0,0,0,0,0,0,0,0,0,0,0,0,0,0,0,0,0,0,0,0,0,0,0,0,0,0,0,0,0,0,0,0,0,0,0,0,0,0,0,0,0,0,0,0,0,0,0,0,0,0,0,0,0,0,0,0,0,0,0,0,0,0,0,0,0,0,0,0,0,0,0,0,0,0,0,0,0,0,0,0,0,0,0,0,0,0,0,0,0,0,0,0,0,0,0,0,0,0,0,0,0,0,0,0,0,0,0,0,0,0,0,0,0,0,0,0,0,0,0,0,0,0,0,0,0,0,0,0,0,0,0,0,0,0,0,0,0,0,0,0,0,0,0,0,0,0,0,0,0,0,0,0,0,0,0,0,0,0,0,0,0,0,0,0,0,0,0,0,0,0,0,0,0,0,0,0,0,0,0,0,0,0,0,0,0,0,0,0,0,0,0,0,0,0,0,0,0,0,0,0,0,0,0,0,0,0,0,0,0,0,0,0,0,0,0,0,0,0,0,0,0,0,0,0,0,0,0,0,0,0,0,0,0,0,0,0,0,0,0,0,0,0,0,0,0,0,0,0,0,0,0,0,0,0,0,0,0,0,0,0,0,0,0,0,0,0,0,0,0,0,0,0,0,0,0,0,0,0,0,0,0,0,0,0,0,0,0,0,0,0,0,0,0,0,0,0,0,0,0,0,0,0,0,0,0,0,0,0,0,0,0,0,0,0,0,0,0,0,0,0,0,0,0,0,0,0,0,0,0,0,0,0,0,0,0,0,0,0,0,0,0,0,0,0,0,0,0,0,0,0,0,0,0,0,0,0,0,0,0,0,0,0,0,0,0,0,0,0,0,0,0,0,0,0,0,0,0,0,0,0,0,0,0,0,0,0,0,0,0,0,0,0,0,0,0,0,0,0,0,0,0,0,0,0,0,0,0,0,0,0,0,0,0,0,0,0,0,0,0,0,0,0,0,0,0,0,0,0,0,0,0,0,0,0,0,0,0,0,0,0,0,0,0,0,0,0,0,0,0,0,0,0,0,0,0,0,0,0,0,0,0,0,0,0,0,0,0,0,0,0,0,0,0,0,0,0,0,0,0,0,0,0,0,0,0,0,0,0,0,0,0,0,0,0,0,0,0,0,0,0,0,0,0,0,0,0,0,0,0,0,0,0,0,0,0,0,0,0,0,0,0,0,0,0,0,0,0,0,0,0,0,0,0,0,0,0,0,0,0,0,0,0,0,0,0,0,0,0,0,0,0,0,0,0,0,0,0,0,0,0,0,0,0,0,0,0,0,0,0,0,0,0,0,0,1,0,0,0,0,0,0,0,0,0,0,0,0,0,0,0,0,0,0,0,0,0,0,0,0,0,0,0,0,0,0,0,0,0,0,0,0,0,0,0,0,0,0,0,0,0,0,0,0,0,0,0,0,0,0,0,0,0,0,0,0,0,0,0,0,0,0,0,0,0,0,0,0,0,0,0,0,0,0,0,0,0,0,0,0,0,0,0,0,0,0,0,0,0,0,0,0,0,0,0,0,0,0,0,0,0,0,0,0,0,0,0,0,0,0,0,0,0,0,0,0,0,0,0,0,0,0,0,0,0,0,0,0,0,0,0,0,0,0,0,0,0,0,0,0,0,0,0,0,0,0,0,0,0,0,0,0,0,0,0,0,0,0,0,0,0,0,0,0,0,0,0,0,0,0,0,0,0,0,0,0,0,0,0,0,0,0,0,0,0,0,0,0,0,0,0,0,0,0,0,0,0,0,0,0,0,0,0,0,0,0,0,0,0,0,0,0,0,0,0,0,0,0,0,0,0,0,0,0,0,0,0,0,0,0,0,0,0,0,0,0,0,0,0,0,0,0,0,0,0,0,0,0,0,0,0,0,0,0,0,0,0,0,0,0,0,0,0,0,0,0,0,0,0,0,0,0,0,0,0,0,0,0,0,0,0,0,0,0,0,0,0,0,0,0,0,0,0,0,0,0,0,0,0,0,0,0,0,0,0,0,0,0,0,0,0,0,0,0,0,0,0,0,0,0,0,0,0,0,0,0,0,0,0,0,0,0,0,0,0,0,0,0,0,0,0,0,0,0,0,0,0,0,0,0,0,0,0,0,0,0,0,0,0,0,0,0,0,0,0,0,0,0,0,0,0,0,0,0,0,0,0,0,0,0,0,0,0,0,0,0,0,0,0,0,0,0,0,0,0,0,0,0,0,0,0,0,0,0,0,0,0,0,0,0,0,0,0,0,0,0,0,0,0,0,0,0,0,0,0,0,0,0,0,0,0,0,0,0,0,0,0,0,0,0,0,0,0,0,0,0,0,0,0,0,0,0,0,0,0,0,0,0,0,0,0,0,0,0,0,0,0,0,0,0,0,0,0,0,0,0,0,0,0,0,0,0,0,0,0,0,0,0,0,0,0,0,0,0,0,0,0,0,0,0,0,0,0,0,0,0,0,0,0,0,0,0,0,0,0,0,0,0,0,0,0,0,0,0,0,0,0,0,0,0,0,0,0,0,0,0,0,0,0,0,0,0,0,0,0,0,0,0,0,0,0,0,0,0,0,0,0,0,0,0,0,0,0,0,0,0,0,0,0,0,0,0,0,0,0,0,0,0,0,0,0,0,0,0,0,0,0,0,0,0,0,0,0,0,0,0,0,0,0,0,0,0,0,0,0,0,0,0,0,0,0,0,0,0,0,0,0,0,0,0,0,0,0,0,0,0,0,0,0,0,0,0,0,0,0,0,0,0,0,0,0,0,0,0,0,0,0,0,0,0,0,0,0,0,0,0,0,0,0,0,0,0,0,0,0,0,0,0,0,0,0,0,0,0,0,0,0,0,0,0,0,0,0,0,0,0,0,0,0,0,0,0,0,0,0,0,0,0,0,0,0,0,0,0,0,0,0,0,0,0,0,0,0,0,0,0,0,0,0,0,0,0,0,0,0,0,0,0,0,0,0,0,0,0,0,0,0,0,0,0,0,0,0,0,0,0,0,0,0,0,0,0,0,0,0,0,0,0,0,0,0,0,0,0,0,0,0,0,0,0,0,0,0,0,0,0,0,0,0,0,0,0,0,0,0,0,0,0,0,0,0,0,0,0,0,0,0,0,0,0,0,0,0,0,0,0,0,0,0,0,0,0,0,0,0,0,0,0,0,0,0,0,0,0,0,0,0,0,0,0,0,0,0,0,0,0,0,0,0,0,0,0,0,0,0,0,0,0,0,0,0,0,0,0,0,0,0,0,0,0,0,0,0,0,0,0,0,0,0,0,0,0,0,0,0,0,0,0,0,0,0,0,0,0,0,0,0,0,0,0,0,0,0,0,0,0,0,0,0,0,0,0,0,0,0,0,0,0,0,0,0,0,0,0,0,0,0,0,0,0,0,0,0,0,0,0,0,0,0,0,0,0,0,0,0,0,0,0,0,0,0,0,0,0,0,0,0,0,0,0,0,0,0,0,0,0,0,0,0,0,0,0,0,0,0,0,0,0,0,0,0,0,0,0,0,0,0,0,0,0,0,0,0,0,0,0,0,0,0,0,0,0,0,0,0,0,0,0,0,0,0,0,0,0,0,0,0,0,0,0,0,0,0,0,0,0,0,0,0,0,0,0,0,0,0,0,0,0,0,0,0,0,0,0,0,0,0,0,0,0,0,0,0,0,0,0,0,0,0,0,0,0,0,0,0,0,0,0,0,0,0,0,0,0,0,0,0,0,0,0,0,0,0,0,0,0,0,0,0,0,0,0,0,0,0,0,0,0,0,0,0,0,0,0,0,0,0,0,0,0,0,0,0,0,0,0,0,0,0,0,0,0,0,0,0,0,0,0,0,0,0,0,0,0,0,0,0,0,0,0,0,0,0,0,0,0,0,0,0,0,0,0,0,0,0,0,0,0,0,0,0,0,0,0,0,0,0,0,0,0,0,0,0,0,0,0,0,0,0,0,0,0,0,0,0,0,0,0,0,0,0,0,0,0,0,0,0,0,0,0,0,0,0,0,0,0,0,0,0,0,0,0,0,0,0,0,0,0,0,0,0,0,0,0,0,0,0,0,0,0,0,0,0,0,0,0,0,0,0,0,0,0,0,0,0,0,0,0,0,0,0,0,0,0,0,0,0,0,0,0,0,0,0,0,0,0,0,0,0,0,0,0,0,0,0,0,0,0,0,0,0,0,0,0,0,0,0,0,0,0,0,0,0,0,0,0,0,0,0,0,0,0,0,0,0,0,0,0,0,0,0,0,0,0,0,0,0,0,0,0,0,0,0,0,0,0,0,0,0,0,0,0,0,0,0,0,0,0,0,0,0,0,0,0,0,0,0,0,0,0,0,0,0,0,0,0,1.0350477,-1.0855496,-0.6888596,1.1970911,0.22375062,-0.65050733,-0.17466636,-1.2662296,-0.2965588,-0.7675068,-0.3834809,0.2462007,-0.6282731,0.56668997,-0.009168971,1.426341,1.0003651,0.8406961,0.4387533,-0.35419506,0.63260114,1.4741913,-0.23388565,0.035299458,0.8826461,-0.50825155,-0.1399119,-0.4602573,0.7983144,0.6056898,-0.39938304,-0.122498706,-0.5433658,1.084409,0.35823524,-0.701092,0.5112124,-0.560779,0.33866337,0.07840074,-0.5079637,0.072788216,-1.1685861,0.29534623,0.7460028,1.0542597,-0.32224685,-0.8141339,-0.9173179,-0.6520904,-0.21229903,-1.1901008,-0.99459803,0.7095214,0.32290515,0.10581574,1.2889062,0.13934694,0.8148641,-0.124513455,0.52617913,1.0326731,-0.90119994,0.89710915,0.043142594,-0.66885597,1.0148282,0.18561426,-0.94818676,-0.04385147,-0.23402956,-0.483283,-0.020322056,0.07595425,-0.6404336,0.35442162,-0.076950945,0.16014205,-0.9630096,-0.08515386,0.16352396,0.22677274,0.5984943,-0.013414339,-1.3485465,0.48905012,0.8691185,0.021627935,-0.37549385,-0.05989752,0.044653658,-0.7944901,-0.89904124,-0.40398818,0.26375782,0.8471721,0.11624927,0.81400067,1.2547994,-0.3928351,0.087251246,0.5646753,-0.6345332,0.30412477,0.21533184,1.7019302,-0.24180074,-0.98934525,1.2881867,1.2337165,0.47163692,-0.79225945,1.1470822,-1.1374295,0.39075908,1.2998434,0.13171968,0.78932,0.3971631,1.1625526,-0.093788505,-0.19445409,-0.061696403,-0.3734791,-0.08134022,-0.6248193,0.26757145,0.56402767,-0.84867245,-0.17538592,0.4600521,-0.7657079,0.54085803,0.6744792,0.50754267,0.49674937,-0.4957313,-0.28180793,0.86501706,-0.010032436,0.9629483,-0.97675306,-0.46824434,0.9845349,-0.5448768,0.732835,-0.37700492,-0.34016377,0.04710014,0.18230431,-0.68367875,0.03918505,0.65123755,-0.30512148,-0.46227205,0.6726083,-0.70533735,-0.5809265,1.0788684,0.5879888,0.5466864,-0.93897647,-0.52674407,0.5604299,-0.2733172,0.1981345,0.012273734,-0.23424542,0.3809012,-0.5253769,0.38003772,-0.25367337,-0.20438394,0.92560345,-0.16660737,-0.43197882,-0.0596097,-0.09688259,0.30239785,-0.7136842,0.09912389,-0.08911141,-0.6960551,0.5068231,-0.14264621,0.40471843,0.800617,-0.84708947,0.67850864,0.7336984,-0.62748164,-0.1117054,-0.56747085,0.6249019,-0.47421664,0.15014026,0.33823165,-0.29886135,-0.2512269,-0.21251489,-0.09681063,-0.38492,0.8039989,-0.21640049,-0.3242616,-0.49328482,0.78514653,0.78644174,0.025297659,-0.09580326,0.8740834,-0.1797752,0.13042448,-0.026006533,0.7796779,0.05882887,-0.20344852,-0.49529958,-0.5697734,0.40342322,-0.018667083,0.19338545,-0.0442832,-0.45399716,0.38270006,0.20295551,0.3791023,1.0103669,-0.5161666,-0.19495778,0.17518073,0.33815968,-0.6061828,-0.50213534,0.41738257,-0.16667931,0.69347537,0.48559627,-0.1697734,-0.7814661,-0.42291245,0.39601183,-0.48400256,0.7347058,-0.3721839,0.22101632,0.18237627,-0.5878342,0.41867778,0.27462307,0.03868136,0.20648132,-0.9584764,0.8278881,0.0049342844,-0.12480128,-0.3226786,-0.30763993,-0.8302519,0.1739575,-0.034569222,-0.56890994,0.097396955,0.14575098,-1.0274097,-0.063495286,0.2782928,-0.3133244,-0.2065426,-0.24482286,-0.36232603,-0.93933624,0.43817768,0.79277384,-0.20013857,-0.060473163,-0.6641069,-0.034065537,-0.15128087,-0.19855556,0.6290753,0.84271085,0.6523889,0.0044305967,0.13891521,-0.44565034,-0.6512989,-0.50321466,-0.6823116,0.5031534,1.0342561,-0.8519824,0.008675965,0.104016855,0.23727824,0.061491217,-0.81550103,0.5981345,0.44954664,0.3349217,-0.4149254,-0.509115,0.2568501,0.7003831,0.50768656,-0.05097505,0.19554411,0.111788034,-0.62453145,-0.085585594,-0.33706966,-0.16545607,0.54719007,-1.0937525,-0.07256167,-0.6538173,-0.39449006,-0.30907902,-0.076015525,-0.6147455,-0.5522163,-0.8355766,-0.31296462,0.1687767,1.0461287,-0.3060569,-0.39585721,-0.7405235,-0.4975302,0.49293572,0.6089998,0.0045745075,0.17899437,-0.69778204,0.47336385,-0.7063447,-0.23460521,0.2589368,-0.10465377,1.2016963,-0.08688079,0.0599082,-0.35246813,-0.0003184588,-0.39650482,-0.75534636,0.34125376,0.18583013,-0.43888655,0.2115182,0.12078246,0.32391253,0.9052401,0.15035613,0.28980565,0.024290284,-0.021113565,-0.25827852,0.019901006,0.37471303,-0.015932778,0.41738257,-0.46788457,0.38723326,0.49624568,0.34254897,0.6849846,0.12466805,-0.51307255,0.7561485,0.20741674,-1.1019554,-0.68986696,-0.012766741,0.071996704,0.4968213,0.085740186,-0.0017575666,-0.24388744,0.160214,0.9753966,-0.11084194,0.031485822,1.0272764,-0.46666133,-0.30533734,0.213461,-0.012910652,0.7637758,-0.3425383,-0.7860713,-0.10602092,-0.6195665,0.9431606,0.23094615,0.47372365,0.07897638,0.10049104,-0.14430119,-0.08371475,-0.124513455,0.3552131,0.042782817,-0.0071542207,-0.47745463,-0.66259587,-0.53653,-0.46968344,-0.13178095,0.83414817,1.0479276,0.20230791,0.7971631,0.06559268,0.44465366,-0.019746413,-0.32296643,0.43983266,0.13531744,-0.13516286,0.40579775,0.1794261,0.9087659,0.00874792,-0.55631775,-0.37045696,1.0538999,0.15611255,0.06134731,0.6265569,-0.84874445,0.09509438,-0.69986874,-0.083211064,1.0415956,0.19842233,0.45228094,-0.41276675,0.44048023,-0.22294843,-0.07939743,0.25188518,0.42472202,0.09005751,0.2649091,-0.4352168,-0.6695755,-0.3149074,-0.36729094,0.6646213,-0.44147694,-0.65626377,0.6259812,0.14495946,-1.1147635,0.19101092,0.68354553,-0.51098585,-0.65777487,0.18525448,0.5673376,-0.27749062,-0.4931409,-0.10544528,0.04789165,0.052784618,-0.47486424,-0.8998328,-0.18920135,0.32945308,0.050194222,-0.32807526,-0.41399,1.0120219,0.8055099,0.8745151,0.2307303,0.2732559,0.055159144,0.23857343,0.19000354,-0.14142297,0.41011506,0.17438923,-0.35592198,-1.0420166,-0.12818319,0.40658927,0.4273124,-0.17588961,-0.38492,0.3028296,-0.38017094,-0.36167842,0.19935775,-0.2033046,0.21986502,0.21921743,-0.2697914,-0.6918817,-0.76577985,-0.49889734,-0.5676867,0.53582114,0.09559807,-0.1297662,-0.30634472,-0.09997667,-0.02852497,-0.74081135,0.619937,0.49387115,-0.63503695,-0.33145714,-0.74340177,0.3368645,0.07789705,-0.5343713,0.505456,-0.06500635,0.5936733,0.1466864,-0.963873,0.3652149,-0.39722437,-0.47745463,0.5479816,-0.42665413,0.40932357,-0.27821016,0.81040287,0.4192534,0.65778553,0.11531385,-0.538113,-0.32131144,0.66656405,0.9477657,-0.1863951,-0.18294123,0.48883426,0.35873893,0.18503863,0.0886184,-0.34153092,0.050338134,0.40363908,0.3218258,0.17719549,-0.6181274,0.571583,0.62044066,0.1979906,0.0799118,0.5542417,-0.3642688,0.22482994,0.48293394,-0.62222886,0.32873353,-0.8560119,0.11855184,-0.90321463,0.32340884,-0.61172336,-0.7247653,-0.8567315,0.6694423,0.32657486,-0.00075019116,-0.15048936,0.23159376,-0.30979857,-0.41837925,-0.009312882,-0.94775504,-0.40902507,0.23001073,0.32369664,0.19928579,-0.08867967,0.37996575,-0.2725257,-0.060545117,0.20604959,-0.022408763,-0.37966725,0.020836426,-0.22064586,0.014288485,0.07163693,-0.16919775,0.48782688,0.6400845,0.010762671,-0.46327943,-0.6691438,0.20871194,0.18374342,0.252173,-0.45370936,0.16107747,-0.50256705,0.6320974,-0.35498658,0.5122917,-0.10458182,0.32657486,0.35931456,-0.028596926,0.7468663,-0.12897469,0.597271,-0.4718421,0.6133171,0.41615933,-0.521995,0.4326371,-0.1831571,-0.22762553,-0.092277445,-0.5730114,-0.11544708,-0.48500994,-0.72296643,0.4545835,0.5410019,-0.6556881,0.025369614,0.5910109,0.21230972,0.34269288,0.2821784,0.036019012,-0.5618583,-0.30663255,0.71909153,0.9106367,-0.3872226,0.5429447,-0.7195845,0.55704796,-0.5665354,-0.49450806,0.16100553,0.08228633,0.53963476,-0.7147635,-0.78405654,-0.26417887,0.3691005,-0.6125149,-0.768802,-0.22453144,-0.3060569,0.42062056,-0.3217432,0.7711872,-0.17948738,-0.6854777,0.44803557,-0.36577988,-0.6456144,-0.27166224,-0.36887395,-0.55401516,0.5665461,-0.039246324,-0.9594118,-0.022552673,0.24015644,-0.2778504,0.043286506,-0.03507291,-0.40290886,-0.04334778,0.67548656,-0.68540573,0.20482635,0.58806074,-0.042988002,-0.06889194,-0.24302398,-0.49630696,0.008244232,-0.32116753,0.7883126,0.28987762,0.113155186,0.00018522891,0.25397187,0.8216999,0.09703718,-0.18596336,-0.076375306,0.38622588,-0.18071061,0.26836297,0.49307963,-0.26014936,-0.4063627,0.3062115,-0.28367877,0.8459489,-0.37081674,-0.54386944,0.0986202,0.15251479,-0.106164835,-0.7531157,0.144096,0.61921746,0.021987712,-0.14199862,0.560286,-0.5920796,-0.48731253,-0.09184571,0.64728004,-0.62870485,0.20655328,0.21230972,0.29995137,0.48897818,0.47098932,0.053863946,0.09509438,0.41356894,0.71844393,-0.21819937,0.2294351,0.944024,0.42400247,-0.26662534,0.37320197,-0.24611807,0.4617071,0.12545955,-0.22129345,0.0011206489,-0.11926071,0.26901054,-0.41434976,-0.31721,-0.56725496,0.4891221,0.13466986,0.05026618,0.18144085,0.07552252,-0.90112793,0.16834497,-0.05241416,-0.48241955,-0.027013907,-0.65259403,-0.5335079,-0.59193563,-0.16092288,-0.47270557,0.44127175,-0.00060628034,-0.01355825,-0.40039042,-0.21129166,0.10747071,0.7345619,0.39953762,-0.20107399,0.229579,0.40097675,-0.039102413,0.029686937,0.72348076,0.45832518,-0.29936504,-0.82629436,0.42839175,-0.20229723,-0.37599754,-0.069755405,0.3749289,-0.43399358,-0.21402596,0.03824963,-0.9097626,0.24001254,-0.14725137,0.38082922,0.5577675,-0.88371474,0.39601183,-0.10026449,0.58791685,-0.24503873,1.4735438,-0.1449488,-0.32131144,-0.13775325,-0.30742404,-0.14516465,0.16740955,0.62885946,0.13481376,-0.72908264,0.34852126,0.7206026,0.40658927,0.09761282,-0.3997428,-0.46126467,0.36082563,0.0065892586,0.057605628,0.5723025,0.1613653,-0.39744025,0.3277981,-0.5127128,-0.5083235,0.70916164,-0.3938425,0.96546674,-0.25065124,-0.030467765,0.3668699,0.17251839,0.12164592,0.22655688,-0.2733172,0.08998555,-0.10386226,0.54467165,-0.007585953,-0.012982607,0.1887803,0.4530005,0.33204347,0.86480117,0.43198952,0.594105,0.4814948,0.74305266,-0.12947838,0.1855423,0.21885765,-0.5670391,-0.21604072,-0.03442531,0.27016184,0.19676735,0.13589309,-0.41499737,0.10639138,-0.16747083,-0.5979799,0.09437483,0.20489831,-0.16070701,0.90128255,-0.09141398,0.25713792,-0.40096605,-0.5822217,-0.74649584,0.8437902,0.4250818,0.22425431,-0.8178036,-0.30339456,0.31614134,-0.29583925,-0.35189247,-0.026582176,0.5397067,0.6906691,0.13445398,-0.13185291,0.30995318,-0.48205978,0.0011926043,-0.31533915,-0.059537742,0.055734787,0.54107386,-0.5561738,0.05854105,-0.7766451,-0.7097986,0.7818366,0.0011206489,-0.0026210311,-0.22345212,-0.57567376,-0.5516406,-0.23431738,0.5410019,-0.9000486,0.33448997,0.6397967,0.12107028,0.547334,0.35837916,0.2767098,0.39946568,0.24907891,-0.48090848,0.6299388,-0.4303958,-0.2592859,-0.073641,0.52610713,0.61302924,0.48595604,0.13776393,-0.101343825,-0.021905076,-0.31843323,0.21468423,-0.54710746,-0.3089351,-0.52854294,-0.43327403,0.54632664,0.5391311,-0.3499497,0.0058697048,0.39421293,0.5674815,0.1974869,0.23137788,-0.60164964,0.11286736,0.060771666,0.4678233,-0.17812023,0.432781,-0.07378491,-0.30763993,0.4984763,0.075162746,-0.3613906,0.22339085,0.022347488,0.2589368,0.25058997,0.42306703,-0.9355226,-0.8115435,0.34578696,0.17575638,-0.38851777,-0.03946219,0.0069490355,0.21166211,0.7710433,0.14092997,-0.10407813,-0.663891,0.38917604,-0.5678306,-0.060760986,0.3798938,-0.84867245,-0.5399119,-0.48760036,0.22835577,-0.6025851,-0.3508851,0.23404025,-0.18114235,0.4868195,-0.006290756,0.25389993,-1.1825454,-0.1984836,-0.2352528,0.36852485,0.077681184,0.5735258,-0.08918336,-0.44291604,0.5842471,0.34384415,-0.51998025,-0.56372917,0.43681052,0.17899437,-0.48098046,-0.64000183,-0.4802609,0.44666842,-0.5557421,0.15042807,0.25649032,0.363488,0.54862916,-0.30792773,-0.36556402,0.5506439,-0.2438155,-0.093788505,0.7657906,-0.25971764,0.22231151,-1.0163286,0.17784308,-0.24043359,-0.062344003,-0.4050675,-0.17704089,0.105887696,-0.17394681,-0.8302519,0.78305984,0.12099832,0.16078965,0.5590627,-0.6137381,-0.002405165,-0.38822997,-0.8483847,-0.52257067,0.04350237,0.327942,0.36291233,-1.3668232,-0.654249,-0.83003604,-0.3883019,-0.9409912,-0.3741267,0.41112244,0.7796779,-1.3641609,-0.26597774,-1.425323,-1.1457043,-0.3373575,-0.18344492,0.16316418,0.21612334,-0.32433358,-0.73433536,0.24821545,1.1283017,0.6305864,-0.82082576,1.4169148,0.17057559,-0.79938304,-0.7289387,-0.8368718,1.3430886,0.33341062,-1.0563357,0.14776573,0.6515254,1.2111944,-0.6775626,-0.13631414,-1.3680465,0.21720268,0.3115362,0.6721766,1.2277441,-0.84824073,-0.35030946,0.29692924,0.027672186,0.40752468,0.31045687,-0.46435875,-0.43284228,-0.3342634,0.21885765,0.5130832,-0.008593328,-0.4957313,0.21015105,0.5653948,-0.13293223,-0.16257785,0.6434664,0.6438262,0.5330149,0.6624626,-0.67130244,-0.5799191,0.29714513,-1.0435277,0.12056659,-1.0972064,0.44335845,-0.25950176,-0.7241177,-0.35951975,-0.7507412,-0.8985376,-0.267201,0.53582114,0.35226294,-0.29483187,0.39291772,-0.23518084,-0.7708887,-0.39182773,-0.14005582,-0.08126827,0.3316837,0.076242074,0.09365528,-0.040469564,-0.4434917,-0.75534636,0.78932,0.3852185,0.34391612,0.43206146,1.0563464,-0.012838696,-0.6040242,-0.14645985,-0.05083114,-0.015501046,-0.29288906,-0.2821677,0.83537143,-0.041045208,0.4765299,0.43673858,0.4387533,0.117472515,0.56078964,-0.39002883,-0.76642746,0.2886544,0.22123218,-0.09091029,-0.87659115,-0.19610907,-1.0513709,-0.036080286,-0.29677466,0.48645973,0.56582654,0.3453552,-1.0420885,-0.062272046,-0.30094805,0.053288303,0.24361031,
0,0,0,1,1,0,0,0,0,0,0,0,0,1,0,0,0,0,0,0,0,0,0,0,0,0,0,0,0,0,0,0,0,0,0,0,0,0,0,0,0,0,0,0,0,0,0,0,0,0,0,0,0,0,1,0,0,0,0,0,0,0,0,0,0,0,0,0,0,0,0,0,0,0,0,0,0,0,0,0,0,0,0,0,0,0,0,0,0,0,0,0,0,0,0,0,0,0,0,0,0,0,0,0,0,0,0,0,0,0,0,0,0,0,0,0,0,0,0,0,0,0,0,0,0,0,0,0,0,0,0,0,0,0,0,0,0,0,0,0,0,0,0,0,0,0,0,0,0,0,0,0,0,0,0,0,0,0,0,0,0,0,0,0,0,0,0,0,0,0,0,0,0,0,0,0,0,0,0,0,0,0,0,0,0,0,0,0,0,0,0,0,0,0,0,0,0,0,0,0,0,0,0,0,0,0,0,0,0,0,0,0,0,0,0,0,0,0,0,0,0,0,0,0,0,0,0,0,0,0,0,0,0,0,0,0,0,0,0,0,0,0,0,0,0,0,0,0,0,0,0,0,0,0,0,0,0,0,0,0,0,0,0,0,0,0,0,0,0,0,0,0,0,0,0,0,0,0,0,0,0,0,0,0,0,0,0,0,0,0,0,0,0,0,0,0,0,0,0,0,0,0,0,0,0,0,0,0,0,0,0,0,0,0,0,0,0,0,0,0,0,0,0,0,0,0,0,0,0,0,0,0,0,0,0,0,0,0,0,0,0,0,0,0,0,0,0,0,0,0,0,0,0,0,0,0,0,0,0,0,0,0,0,0,0,0,0,0,0,0,0,0,0,0,0,0,0,0,0,0,0,0,0,0,0,0,0,0,0,0,0,0,0,0,0,0,0,0,0,0,0,0,0,0,0,0,0,0,0,0,0,0,0,0,0,0,0,0,0,0,0,0,0,0,0,0,0,0,0,0,0,0,0,0,0,0,0,0,0,0,0,0,0,0,0,0,0,0,0,0,0,0,0,0,0,0,0,0,0,0,0,0,0,0,0,0,0,0,0,0,0,0,0,0,0,0,0,0,0,0,0,0,0,0,0,0,0,0,0,0,0,0,0,0,0,0,0,0,0,0,0,0,0,0,0,0,0,0,0,0,0,0,0,0,0,0,0,0,0,0,0,0,0,0,0,0,0,0,0,0,0,0,0,0,0,0,0,0,0,0,0,0,0,0,0,0,0,0,0,0,0,0,0,0,0,0,0,0,0,0,0,0,0,0,0,0,0,0,0,0,0,0,0,0,0,0,0,0,0,0,0,0,0,0,0,0,0,0,0,0,0,0,0,0,0,0,0,0,0,0,0,0,0,0,0,0,0,0,0,0,0,0,0,0,0,0,0,0,0,0,0,0,0,0,0,0,0,0,0,0,0,0,0,0,0,0,0,0,0,0,0,0,0,0,0,0,0,0,0,0,0,0,0,0,0,0,0,0,0,0,0,0,0,0,0,0,0,0,0,0,0,0,0,0,0,0,0,0,0,0,0,0,0,0,0,0,0,0,0,0,0,0,0,0,0,0,0,0,0,0,0,0,0,0,0,0,0,0,0,0,0,0,0,0,0,0,0,0,0,0,0,0,0,0,0,0,0,0,0,0,0,0,0,0,0,0,0,0,0,0,0,0,0,0,0,0,0,0,0,0,0,0,0,0,0,0,0,0,0,0,0,0,0,0,0,0,0,0,0,0,0,0,0,0,0,0,0,0,0,0,0,0,0,0,0,0,0,0,0,0,0,0,0,0,0,0,0,0,0,0,0,0,0,0,0,0,0,0,0,0,0,0,0,0,0,0,0,0,0,0,0,0,0,0,0,0,0,0,0,0,0,0,0,0,0,0,0,0,0,0,0,0,0,0,0,0,0,0,0,0,0,0,0,0,0,0,0,0,0,0,0,0,0,0,0,0,0,0,0,0,0,0,0,0,0,0,0,0,0,0,0,0,0,0,0,0,0,0,0,0,0,0,0,0,0,0,0,0,0,0,0,0,0,0,0,0,0,0,0,0,0,0,0,0,0,0,0,0,0,0,0,0,0,0,0,0,0,0,0,0,0,0,0,0,0,0,0,0,0,0,0,0,0,0,0,0,0,0,0,0,0,0,0,0,0,0,0,0,0,0,0,0,0,0,0,0,0,0,0,0,0,0,0,0,0,0,0,0,0,0,0,0,0,0,0,0,0,0,0,0,0,0,0,0,0,0,0,0,0,0,0,0,0,0,0,0,0,0,0,0,0,0,0,0,0,0,0,0,0,0,0,0,0,0,0,0,0,0,0,0,0,0,0,0,0,0,0,0,0,0,0,0,0,0,0,0,0,0,0,0,0,0,0,0,0,0,0,0,0,0,0,0,0,0,0,0,0,0,0,0,0,0,0,0,0,0,0,0,0,0,0,0,0,0,0,0,0,0,0,0,0,0,0,0,0,0,0,0,0,0,0,0,0,0,0,0,0,0,0,0,0,0,0,0,0,0,0,0,0,0,0,0,0,0,0,0,0,0,0,0,0,0,0,0,0,0,0,0,0,0,0,0,0,0,0,0,0,0,0,0,0,0,0,0,0,0,0,0,0,0,0,0,0,0,0,0,0,0,0,0,0,0,0,0,0,0,0,0,0,0,0,0,0,0,0,0,0,0,0,0,0,0,0,0,0,0,0,0,0,0,0,0,0,0,0,0,0,0,0,0,0,0,0,0,0,0,0,0,0,0,0,0,0,0,0,0,0,0,0,0,0,0,0,0,0,0,0,0,0,0,0,0,0,0,0,0,0,0,0,0,0,0,0,0,0,0,0,0,0,0,0,0,0,0,0,0,0,0,0,0,0,0,0,0,0,0,0,0,0,0,0,0,0,0,0,0,0,0,0,0,0,0,0,0,0,0,0,0,0,0,0,0,0,0,0,0,0,0,0,0,0,0,0,0,0,0,0,0,0,0,0,0,0,0,0,0,0,0,0,0,0,0,0,0,0,0,0,0,0,0,0,0,0,0,0,0,0,0,0,0,0,0,0,0,0,0,0,0,0,0,0,0,0,0,0,0,0,0,0,0,0,0,0,0,0,0,0,0,0,0,0,0,0,0,0,0,0,0,0,0,0,0,0,0,0,0,0,0,0,0,0,0,0,0,0,0,0,0,0,0,0,0,0,0,0,0,0,0,0,0,0,0,0,0,0,0,0,0,0,0,0,0,0,0,0,0,0,0,0,0,0,0,0,0,0,0,0,0,0,0,0,0,0,0,0,0,0,0,0,0,0,0,0,0,0,0,0,0,0,0,0,0,0,0,0,0,0,0,0,0,0,0,0,0,0,0,0,0,0,0,0,0,0,0,0,0,0,0,0,0,0,0,0,0,0,0,0,0,0,0,0,0,0,0,0,0,0,0,0,0,0,0,0,0,0,0,0,0,0,0,0,0,0,0,0,0,0,0,0,0,0,0,0,0,0,0,0,0,0,0,0,0,0,0,0,0,0,0,0,0,0,0,0,0,0,0,0,0,0,0,0,0,0,0,0,0,0,0,0,0,0,0,0,0,0,0,0,0,0,0,0,0,0,0,0,0,0,0,0,0,0,0,0,0,0,0,0,0,0,0,0,0,0,0,0,0,0,0,0,0,0,0,0,0,0,0,0,0,0,0,0,0,0,0,0,0,0,0,0,0,0,0,0,0,0,0,0,0,0,0,0,0,0,0,0,0,0,0,0,0,0,0,0,0,0,0,0,0,0,0,0,0,0,0,0,0,0,0,0,0,0,0,0,0,0,0,0,0,0,0,0,0,0,0,0,0,0,0,0,0,0,0,0,0,0,0,0,0,0,0,0,0,0,0,0,0,0,0,0,0,0,0,0,0,0,0,0,0,0,0,0,0,0,0,0,0,0,0,0,0,0,0,0,0,0,0,0,0,0,0,0,0,0,0,0,0,0,0,0,0,0,0,0,0,0,0,0,0,0,0,0,0,0,0,0,0,0,0,0,0,0,0,0,0,0,0,0,0,0,0,0,0,0,0,0,0,0,0,0,0,0,0,0,0,0,0,0,0,0,0,0,0,0,0,0,0,0,0,0,0,0,0,0,0,0,0,0,0,0,0,0,0,0,0,0,0,0,0,0,0,0,0,0,0,0,0,0,0,0,0,0,0,0,0,0,0,0,0,0,0,0,0,0,0,0,0,0,0,0,0,0,0,0,0,0,0,0,0,0,0,0,0,0,0,0,0,0,0,0,0,0,0,0,0,0,0,0,0,0,0,0,0,0,0,0,0,0,0,0,0,0,0,0,0,0,0,0,0,0,0,0,0,0,0,0,0,0,0,0,0,0,0,0,0,0,0,0,0,0,0,0,0,0,0,0,0,0,0,0,0,0,0,0,0,0,0,0,0,0,0,0,0,0,0,0,0,0,0,0,0,0,0,0,0,0,0,0,0,0,0,0,0,0,0,0,0,0,0,0,0,0,0,0,0,0,0,0,0,0,0,0,0,0,0,0,0,0,0,0,0,0,0,0,0,0,0,0,0,0,0,0,0,0,0,0,0,0,0,0,0,0,0,0,0,0,0,0,0,0,0,0,0,0,0,0,0,0,0,0,0,0,0,0,0,0,0,0,0,0,0,0,0,0,0,0,0,0,0,0,0,0,0,0,0,0,0,0,0,0,0,0,0,0,0,0,0,0,0,0,0,0,0,0,0,0,0,0,0,0,0,0,0,0,0,0,0,0,0,0,0,0,0,0,0,0,0,0,0,0,0,0,0,0,0,0,0,0,0,0,0,0,0,0,0,0,0,0,0,0,0,0,0,0,0,0,0,0,0,0,0,0,0,0,0,0,0,0,0,0,0,0,0,0,0,0,0,0,0,0,0,0,0,0,0,0,0,0,0,0,0,0,0,0,0,0,0,0,0,0,0,0,0,0,0,0,0,0,0,0,0,0,0,0,0,0,0,0,0,0,0,0,0,0,0,0,0,0,0,0,0,0,0,0,0,0,0,0,0,0,0,0,0,0,0,0,0,0,0,0,0,0,0,0,0,0,0,0,0,0,0,0,0,0,0,0,0,0,0,0,0,0,0,0,0,0,0,0,0,0,0,0,0,0,0,0,0,0,0,0,0,0,0,0,0,0,0,0,0,0,0,0,0,0,0,0,0,0,0,0,0,0,0,0,0,0,0,0,0,0,0,0,0,0,0,0,0,0,0,0,0,0,0,0,0,0,0,0,0,0,0,0,0,0,0,0,0,0,0,0,0,0,0,0,0,0,0,0,0,0,0,0,0,0,0,0,0,0,0,0,0,0,0,0,0,0,0,0,0,0,0,0,0,0,0,0,0,0,0,0,0,0,0,0,0,0,0,0,0,0,0,0,0,0,0,0,0,0,0,0,0,0,0,0,0,0,0,0,0,0,0,0,0,0,0,0,0,0,0,0,0,0,0,0,0,0,0,0,0,0,0,0,0,0,0,0,0,0,0,0,0,0,0,0,0,0,0,0,0,0,0,0,0,0,0,0,0,0,0,0,0,0,0,0,0,0,0,0,0,0,0,0,0,0,0,0,0,0,0,0,0,0,0,0,0,0,0,0,0,0,0,0,0,0,0,0,0,0,0,0,0,0,0,0,0,0,0,0,0,0,0,0,0,0,0,0,0,0,0,0,0,0,0,0,0,0,0,0,0,0,0,0,0,0,0,0,0,0,0,0,0,0,0,0,0,0,0,0,0,0,0,0,0,0,0,0,0,0,0,0,0,0,0,0,0,0,0,0,0,0,0,0,0,0,0,0,0,0,0,0,0,0,0,0,0,0,0,0,0,0,0,0,0,0,0,0,0,0,0,0,0,0,0,0,0,0,0,0,0,0,0,0,0,0,0,0,0,0,0,0,0,0,0,0,0,0,0,0,0,0,0,0,0,0,0,0,0,0,0,0,0,0,0,0,0,0,0,0,0,0,0,0,0,0,0,0,0,0,0,0,0,0,0,0,0,0,0,0,0,0,0,0,0,0,0,0,0,0,0,0,0,0,0,0,0,0,0,0,0,0,0,0,0,0,0,0,0,0,0,0,0,0,0,0,0,0,0,0,0,0,0,0,0,0,0,0,0,0,0,0,0,0,0,0,0,0,0,0,0,0,0,0,0,0,0,0,0,0,0,0,0,0,0,0,0,0,0,0,0,0,0,0,0,0,0,0,0,0,0,0,0,0,0,0,0,0,0,0,0,0,0,0,0,0,0,0,0,0,0,0,0,0,0,0,0,0,0,0,0,0,0,0,0,0,0,0,0,0,0,0,0,0,0,0,0,0,0,0,0,0,0,0,0,0,0,0,0,0,0,0,0,0,0,0,0,0,0,0,0,0,0,0,0,0,0,0,0,0,0,0,0,0,0,0,0,0,0,0,0,0,0,0,0,0,0,0,0,0,0,0,0,0,0,0,0,0,0,0,0,0,0,0,0,0,0,0,0,0,0,0,0,0,0,0,0,0,0,0,0,0,0,0,0,0,0,0,0,0,0,0,0,0,0,0,0,0,0,0,0,0,0,0,0,0,0,0,0,0,0,0,0,0,0,0,0,0,0,0,0,0,0,0,0,0,0,0,0,0,0,0,0,0,0,0,0,0,0,0,0,0,0,0,0,0,0,0,0,0,0,0,0,0,0,0,0,0,0,0,0,0,0,0,0,0,0,0,0,0,0,0,0,0,0,0,0,0,0,0,0,0,0,0,0,0,0,0,0,0,0,0,0,0,0,0,0,0,0,0,0,0,0,0,0,0,0,0,0,0,0,0,0,0,0,0,0,0,0,0,0,0,0,0,0,0,0,0,0,0,0,0,0,0,0,0,0,0,0,0,0,0,0,0,0,0,0,0,0,0,0,0,0,0,0,0,0,0,0,0,0,0,0,0,0,0,0,0,0,0,0,0,0,0,0,0,0,0,0,0,0,0,0,0,0,0,0,0,0,0,0,0,0,0,0,0,0,0,0,0,0,0,0,0,0,0,0,0,0,0,0,0,0,0,0,0,0,0,0,0,0,0,0,0,0,0,0,0,0,0,0,0,0,0,0,0,0,0,0,0,0,0,0,0,0,0,0,0,0,0,0,0,0,0,0,0,0,0,0,0,0,0,0,0,0,0,0,0,0,0,0,0,0,0,0,0,0,0,0,0,0,0,0,0,0,0,0,0,0,0,0,0,0,0,0,0,0,0,0,0,0,0,0,0,0,0,0,0,0,0,0,0,0,0,0,0,0,0,0,0,0,0,0,0,0,0,0,0,0,0,0,0,0,0,0,0,0,0,0,0,0,0,0,0,0,0,0,0,0,0,0,0,0,0,0,0,0,0,0,0,0,0,0,0,0,0,0,0,0,0,0,0,0,0,0,0,0,0,0,0,0,0,0,0,0,0,0,0,0,0,0,0,0,0,0,0,0,0,0,0,0,0,0,0,0,0,0,0,0,0,0,0,0,0,0,0,0,0,0,0,0,0,0,0,0,0,0,0,0,0,0,0,0,0,0,0,0,0,0,0,0,0,0,0,0,0,0,0,0,0,0,0,0,0,0,0,0,0,0,0,0,0,0,0,0,0,0,0,0,0,0,0,0,0,0,0,0,0,0,0,0,0,0,0,0,0,0,0,0,0,0,0,0,0,0,0,0,0,0,0,0,0,0,0,0,0,0,0,0,0,0,0,0,0,0,0,0,0,0,0,0,0,0,0,0,0,0,0,0,0,0,0,0,0,0,0,0,0,0,0,0,0,0,0,0,0,0,0,0,0,0,0,0,0,0,0,0,0,0,0,0,0,0,0,0,0,0,0,0,0,0,0,0,0,0,0,0,0,0,0,0,0,0,0,0,0,0,0,0,0,0,0,0,0,0,0,0,0,0,0,0,0,0,0,0,0,0,0,0,0,0,0,0,0,0,0,0,0,0,0,0,0,0,0,0,0,0,0,0,0,0,0,0,0,0,0,0,0,0,0,0,0,0,0,0,0,0,0,0,0,0,0,0,0,0,0,0,0,0,0,0,0,0,0,0,0,0,0,0,0,0,0,0,0,0,0,0,0,0,0,0,0,0,0,0,0,0,0,0,0,0,0,0,0,0,0,0,0,0,0,0,0,0,0,0,0,0,0,0,0,0,0,0,0,0,0,0,0,0,0,0,0,0,0,0,0,0,0,0,0,0,0,0,0,0,0,0,0,0,0,0,0,0,0,0,0,0,0,0,0,0,0,0,0,0,0,0,0,0,0,0,0,0,0,0,0,0,0,0,0,0,0,0,0,0,0,0,0,0,0,0,0,0,0,0,0,0,0,0,0,0,0,0,0,0,0,0,0,0,0,0,0,0,0,0,0,0,0,0,0,0,0,0,0,0,0,0,0,0,0,0,0,0,0,0,0,0,0,0,0,0,0,0,0,0,0,0,0,0,0,0,0,0,0,0,0,0,0,0,0,0,0,0,0,0,0,0,0,0,0,0,0,0,0,0,0,0,0,0,0,0,0,0,0,0,0,0,0,0,0,0,0,0,0,0,0,0,0,0,0,0,0,0,0,0,0,0,0,0,0,0,0,0,0,0,0,0,0,0,0,0,0,0,0,0,0,0,0,0,0,0,0,0,0,0,0,0,0,0,0,0,0,0,0,0,0,0,0,0,0,0,0,0,0,0,0,0,0,0,0,0,0,0,0,0,-0.59618104,0.12193374,1.8567061,1.0995196,1.1951483,-1.0163286,0.8406961,0.37687168,1.673148,0.2268447,0.21108647,-1.8214374,-1.3942382,0.58518255,-1.897926,1.3335185,0.6952023,-1.5634773,-0.80082214,-0.4476651,1.5242723,-1.0627397,0.20432267,1.5782388,-0.5984116,1.5485932,-0.17401877,-1.7567495,-0.16293764,0.2415236,0.74967253,-0.5400558,1.1120399,-1.3367459,0.25483534,0.45415178,1.1630563,0.5772674,0.39018342,0.4439341,-0.6313672,0.77406543,-1.0044559,0.8158715,-0.063423336,0.8268807,-0.67763454,0.3710433,0.6579294,0.75032014,1.0853444,-0.53739345,1.1301726,0.2952023,-1.3154471,1.2358751,-0.15782881,0.22267129,-0.9463879,0.6429627,-1.5767171,0.31045687,0.3316837,-1.5357025,-0.35736108,0.6223835,-0.46126467,-0.7850639,0.40270367,-0.15538232,0.8645853,0.6221676,1.3846068,1.4189296,0.5944648,-0.30181155,-1.1882299,-0.42672607,0.7017503,-1.2309715,-0.15480667,0.50056297,-0.03183492,0.07847269,0.24778372,-1.4355407,-0.60229725,0.18129694,-0.37182412,0.2736157,-0.6426642,0.14870115,0.23440002,-0.18891352,-0.38916537,0.6167709,-0.17596155,-1.3586923,0.85969234,-1.6983937,-1.0412971,-0.6433118,-0.67857,-1.6877443,-0.38448828,0.62418234,0.6662043,-0.47061887,-0.66338736,1.397271,0.80601364,0.48099113,-0.34663975,1.0870714,0.40342322,-0.50954676,-0.07040301,-0.24791695,-0.6828153,0.5877729,-0.25043538,0.62648493,-0.2233082,1.6721406,0.047387965,-0.9130725,-1.0451826,-0.6867729,0.5635959,-1.3483307,0.5207105,-1.7227865,0.6209444,-0.36398098,0.42349878,0.28563225,-0.03759135,-0.98790616,0.15812731,-1.2206818,-0.85838646,1.3168969,0.8598362,-0.95264804,0.86868674,-0.55552626,0.7951484,-0.072129935,1.3184079,-0.28547767,-0.87047493,0.29311562,0.947334,-0.8241357,0.10049104,-0.22532296,-1.2519104,0.8220597,0.1979906,-0.7380051,-0.43723157,-1.3095467,-1.7175338,-1.3240098,-1.2915579,-1.7781922,0.3350656,0.9708634,1.0297948,-0.7598795,0.37946206,-0.19913119,0.46559268,0.7218978,0.35737178,0.73189956,-0.999491,0.38010967,-1.2440673,0.78708935,0.18115303,0.50056297,0.7700359,-0.25964567,0.050913777,-1.8910183,0.63015467,-1.4395701,-0.46162444,-0.12703189,-0.8352168,-1.4392823,-0.022120941,-1.9133244,-0.29519165,0.36701378,0.15704797,-0.39873543,-0.48745644,-0.1276795,0.7072189,-1.1279314,-1.1463519,0.12027877,0.6097913,-0.2594298,-0.8616964,-0.6426642,0.01874972,0.056670208,0.41997296,-0.4096007,0.36579055,0.88307786,-1.0908023,-0.34627995,-0.29404035,-0.1812143,-0.6651862,-0.5886257,-0.73786116,0.44141567,0.6308023,0.23627086,-0.096163034,-0.108539365,0.34463567,0.0034232214,1.5603219,0.3444198,-1.5271398,-0.5238659,-1.6502554,-0.67115855,-1.3663915,1.4403723,0.8481075,0.10178623,1.4464166,0.6855603,0.4807033,-0.11264082,0.5615092,-1.3976201,-1.5385088,1.429507,1.0471361,-0.1907124,1.0297229,0.2920363,0.6079204,0.48466086,0.5052401,-0.23503694,-0.23849079,-1.1195126,0.8776812,-0.51285666,0.032493196,0.7255675,0.13114403,-1.4582065,1.0296509,0.1689206,-0.7025311,0.08854645,0.3450674,-1.689687,-1.0452546,-0.89932907,0.3011746,-0.121131554,-0.99754816,0.7003831,-0.805931,0.31786826,1.5029736,1.0842651,0.55726385,0.085884094,0.9612214,0.114162564,0.13308683,0.34513935,1.0117341,1.3235167,1.3455352,0.73082024,-0.8975302,1.0436103,-0.7852798,-0.025071112,1.2700539,-0.40341255,-0.055939972,-0.209133,0.3165011,1.1349217,0.67757326,1.1655747,0.1873412,-0.106668524,-0.48098046,1.5458589,0.09005751,-0.15156868,-0.8416928,0.5539539,-0.86889195,0.22339085,-0.15617383,-0.18984894,-1.7499857,0.08372544,-0.8515507,0.13035253,-0.25245014,0.5172566,-1.3878342,-0.5579008,0.08847449,1.0092156,-0.58279735,0.18374342,0.23454392,0.80284756,-1.7406315,-0.7341195,1.3205665,-0.088463806,-0.4228405,-0.17891173,-0.17826413,0.07876051,0.18806075,0.09171248,-0.6206459,0.56496304,0.694051,0.95143545,-0.48688078,-0.18668291,1.4308742,-0.70555323,-0.7982318,-1.155778,-0.9681904,1.6028476,-0.3602393,-0.87047493,-0.15128087,0.13359052,-0.17301139,1.1375121,0.6897337,0.17129514,-0.6566955,-0.3976561,-0.05680344,-0.77376693,-0.5824375,0.5981345,0.93970674,0.49567002,0.40371105,-1.4630276,0.8011926,1.0032433,-0.83989394,-0.5917198,0.22576536,0.16165312,0.78967977,1.0664921,0.6988001,0.7206745,0.4710613,0.025369614,-1.0464059,-0.6645386,0.408604,0.63116205,-1.350993,0.8712052,-1.0823116,-0.84305996,-0.23345391,-0.7321048,-0.5522163,0.97208667,0.21511596,-0.86774063,-0.33016196,-0.4121911,0.23871733,-0.25626376,0.9142345,0.13754806,0.37003592,-0.046729684,0.65461946,0.13949086,-0.10789176,0.1394189,0.83220536,-1.0166883,-0.9212035,1.3066072,0.5317197,0.9028656,-0.8851539,-0.11832529,0.647352,1.042387,-0.38866168,1.1025418,1.1095934,0.030838223,-0.15567014,-0.34520063,1.4469203,-0.40729812,0.64871913,0.34003052,0.28390533,0.81515193,0.072428435,1.0834736,-0.3855676,-1.1153392,0.43681052,-0.3654201,0.21921743,0.6056179,-0.3728315,0.9145943,0.40068892,0.03371644,-1.6587462,-0.70951074,-0.7500936,-0.41305456,0.7323313,0.49149662,1.0154757,-1.5645566,0.16640218,-0.4789657,-0.3780123,0.27455112,0.2647652,0.5248839,-0.16631953,1.1051321,-0.29835767,-0.23626018,0.3218258,-0.47450447,0.5336625,1.6387533,-0.16013138,1.6593325,-1.7460281,0.85573477,-0.51681423,-0.20064226,-0.14998567,1.2673196,1.2248659,-0.16264981,-0.3307376,-0.30332258,1.0816747,0.33967075,0.22641297,-0.86903584,0.73398626,-0.8160767,0.1708634,-0.52357805,0.2413797,-0.3660677,0.7439161,0.81097853,-1.2690358,1.0041788,0.5800018,-0.047809016,0.38852847,-0.15516645,-0.7120292,0.80658925,0.46955022,1.453756,-0.8452186,0.602236,0.6920363,0.9964795,-0.003124719,0.79486054,1.2073088,-0.5345872,-0.66065305,-0.1312053,-1.2925652,-0.5314931,-0.6084854,1.3209264,0.0739395,-0.48198783,-1.0535295,0.2200809,1.0210882,-1.6468736,0.9481255,1.3106368,-1.1163465,-0.572004,-0.5255928,0.80766857,-0.46191227,0.05559088,-0.1710686,0.3497445,-0.3750621,0.294123,-0.12285849,0.64123577,-0.69353664,0.063290104,-0.4789657,0.9202788,-0.18553163,0.69772077,-0.60647064,-1.3263843,1.6837974,1.1088018,-0.20675847,-0.27648324,-1.4513708,0.258649,0.049834445,0.9116441,-0.4449308,1.0575696,-0.7067045,1.018138,0.9084781,0.3549253,-0.17797631,-0.18812202,-0.069179766,0.35010427,0.38903216,-0.03133123,0.6963536,0.14949265,0.13279901,0.74593085,0.9334466,1.2190375,0.90358514,-0.84176475,-1.055904,0.2968573,0.28980565,0.78435504,-0.7223908,0.22706057,-0.47198603,-1.0132345,-1.4937525,-0.45435697,-0.79938304,0.48602802,-0.13336398,0.23914908,-1.0970625,-0.42262462,1.6391131,1.29898,0.98949987,0.9117161,0.6432505,-1.1305937,-0.17955934,0.71578157,-1.3627937,-0.58970505,-0.63417345,0.5225094,-0.42946038,0.8652329,-0.21956652,-0.37182412,-0.8637831,0.6664921,-0.3680105,0.57208663,-0.44759315,-0.23402956,-0.44133303,0.7708994,0.542513,0.10243384,-0.0032686298,-0.19085632,-1.0518025,-0.17668112,-0.5312053,1.0782208,-1.0659777,0.72146606,0.6007969,0.035371415,0.03594706,0.2562025,0.11718469,-0.23877862,-0.52019614,-0.20531936,-0.05522042,0.3316837,-1.4593579,0.1420093,-0.51602274,0.54661447,-0.79744023,-0.35822457,0.31124836,0.1120039,0.800545,0.5531624,-0.28626916,-0.5350909,-1.3722199,-0.024279604,-0.86255985,1.2340043,0.6872872,-0.3002285,-0.49623498,-0.49666673,0.9324392,-0.4729934,0.14121778,-0.8727056,-0.4133424,-0.4950837,0.6694423,0.48710734,-0.73116934,-0.9118493,0.6356952,-0.44471493,-1.2206818,-1.4171201,-0.7992391,-0.9919357,-0.17660916,0.70822626,-1.0500757,1.7560406,-0.41636452,-1.0004264,-0.37160826,-0.11220909,-1.2826355,0.76442343,-1.2811964,0.19978948,0.08955382,-0.2151053,-0.7423944,1.121394,0.042998683,1.3171127,-0.4352168,-0.87284946,-0.90933084,0.36758944,-0.7868628,-1.3016317,-0.5620742,0.8514894,0.70059896,0.30498827,-0.5176057,0.919919,-0.9904246,1.3867656,-0.16149853,-1.2731373,-0.284902,-0.6131625,1.0131732,0.6429627,0.5579834,-1.5586563,-1.3281112,0.019397317,-1.1346232,0.24209924,1.0813869,0.16438742,0.5109246,-0.46032926,-1.0477011,0.29196432,-0.35002163,-0.16905384,-0.3241177,0.12567542,-0.40535533,1.2181021,0.5855423,-0.49076638,0.08228633,0.045373213,0.43659467,1.1696762,0.90322536,0.34981647,-0.06644546,0.5335905,-0.73469514,-0.19200762,0.34729803,-0.46968344,-0.4659418,0.4712052,0.53308684,-0.40952876,0.5757564,0.030622358,-0.008737239,0.36305624,-1.5777245,-0.36937764,0.61691487,-1.5457762,-0.08047676,-0.884938,0.31786826,-0.49745822,0.1646033,-0.90602094,0.66821903,0.03824963,-1.5084314,0.23001073,1.2901294,0.6110865,1.1160694,0.5422971,-0.28569353,-0.28144816,-0.28403854,-0.20956473,0.56100553,-1.2025491,0.24339443,0.38989562,-0.47529596,0.774785,-1.4228765,-0.2325185,-0.6523062,-0.39290705,-0.96394503,0.2854164,-0.25504053,0.34139767,0.14582293,0.7297409,-0.41456562,0.33995858,-0.3659238,0.71196795,-0.3608869,1.1174365,-0.25230622,0.06307424,-0.8918457,0.21482815,-0.3007322,-0.28252748,0.08207046,-0.36462858,0.127978,-0.040757388,0.3144144,1.5736337,0.94308865,0.22770816,0.64771175,-0.0012538788,-0.43017995,-0.30116394,0.40032914,0.39219818,0.70772254,0.07300408,0.015079994,-0.77275956,1.334598,0.7727702,0.09818847,0.70333326,0.50495225,-0.1410632,1.5589548,-1.6116874,-0.6643228,0.17035972,0.7212502,-0.36765072,-0.045794263,-0.94631594,-0.6305757,0.42529765,0.9429447,-0.52645624,1.324596,0.13711633,-0.24316789,0.1126515,-0.063063554,-1.0613726,0.5789224,-1.1843444,1.297325,1.5982424,-0.36822635,0.42148402,-0.00607489,-0.40744203,-0.4614086,0.07566643,0.37269828,-0.20790975,-0.34102723,0.79773873,0.8914966,-0.4373035,-0.18711464,-0.63438934,0.69254,1.705312,1.4357672,0.17366967,0.56920844,0.43357253,-1.4228045,-0.61841524,-1.2586024,1.3406421,1.6881148,-0.517174,0.63756603,-0.6376993,-0.24280812,-0.27921754,0.33463386,-0.3931229,0.39198232,0.1787785,-0.6903706,-1.2338496,0.5571919,-0.9694856,0.9461827,1.2422792,0.74852127,1.4294351,1.6585411,-0.007585953,-1.1418906,-1.4001386,0.20799239,0.9443838,1.110169,0.5009228,-0.9168862,0.7819086,0.921574,0.6898776,0.011842002,0.3870174,0.36629423,-0.55005765,-0.36671528,-0.21755177,0.19194634,-0.051694605,-0.6573431,0.048970982,-1.0783541,-0.0047796927,-0.010320257,0.71786827,0.903729,0.5863338,-0.063423336,0.83803374,0.23778191,-1.5802429,0.39155057,-0.8162926,0.14308862,0.46077168,0.8692624,-0.9795593,0.663398,-0.09206158,-0.5148714,0.3183,-0.52372193,-0.6459022,-0.6918097,0.033356663,1.1869454,0.4529285,1.0725363,1.4150441,-0.24755718,-0.3965768,-0.26446667,1.0379978,-0.62194103,0.27901235,0.597271,-0.6275536,-1.6509751,0.8752347,0.23209745,-1.1898849,-0.24518265,0.52114224,-0.07558379,0.66325414,1.4322413,-0.9405595,0.2568501,0.34665042,1.2532164,-0.8297482,-1.5115975,0.91466624,0.5174725,-0.831691,-0.7352708,-0.6922415,-0.6821677,0.5846788,-0.5765372,0.83997655,-0.03867068,1.0346159,0.031773645,1.07635,-0.8686041,-0.66079694,0.86566466,-0.041404985,0.115169935,-0.2405775,0.7805414,0.022203578,-0.16775864,-0.79664874,0.62482995,-0.98243755,-0.5654561,0.8371703,0.75240684,0.4234268,0.3481615,-0.14739527,-1.5911801,0.28498465,0.19223416,0.18993159,0.031485822,-0.4844343,-0.81319845,1.4031714,0.42544156,-0.37275955,0.25210103,-1.3350909,1.1429087,0.21921743,0.35341424,-0.52357805,-0.84097326,-0.51854116,-0.4439234,0.4504101,-0.22280452,1.3929538,-0.2954075,-1.1910362,0.31678894,0.8959578,0.915098,0.014576307,0.19964556,0.0411998,0.24850327,-0.48184392,-0.7828333,0.05537501,0.22259933,-0.3870067,-0.8636392,0.13582113,-0.28814,1.0998794,-0.38175398,-1.0918816,-0.6707988,-0.11465557,0.787665,1.4448335,0.5750368,-0.28576547,-1.4023691,-0.29231343,1.1847868,1.9023259,0.19424891,1.2478197,1.6300467,-0.2954075,-0.030683633,0.16467525,-0.3883019,1.7035851,1.2754506,1.7041608,1.7412897,1.6345079,-0.53825694,-0.45320567,1.078005,0.47609815,1.5497445,1.4674275,0.6626785,-1.1918997,0.27138507,0.41687888,1.2551591,1.1342021,1.871601,-0.8754399,1.7132992,1.0382856,1.3581274,1.9307482,-0.48162806,-1.7353787,-1.3032867,1.2082442,1.2078125,-1.1759975,0.49149662,0.9594225,-1.0246754,-0.88292325,-1.8050315,-0.31728193,1.334382,0.32355273,0.4357312,-1.7254488,0.8391131,-0.9539432,1.7844629,0.8637938,-0.97905564,1.571403,1.097289,-0.8457223,1.1611135,1.2773215,-1.0459741,-0.03133123,-0.76498836,-1.502603,0.8953822,-1.308971,-1.5602393,-1.2644308,0.58597404,1.2922882,-0.49112615,-0.39197165,1.0641176,-1.5105901,-0.86658937,0.22223955,1.0869274,1.1205306,1.398998,-1.5302339,1.6856682,-0.8368718,0.7630563,-1.4871327,-0.63295025,0.7863698,1.7544576,1.3130833,1.4759902,-1.5162026,1.7838154,0.73189956,1.6868196,1.6996275,0.43616292,-0.09493979,1.440948,1.3976308,1.3842471,-1.6912701,-1.1078558,-1.7189729,-0.45083115,-0.4904066,1.5239125,-0.29598314,-1.3794874,0.5304245,-1.365672,-0.73030585,1.8790123,-1.5400199,-0.6918817,0.119918995,1.6271685,0.9884925,1.4374222,1.2623547,0.7549253,1.6047184,-1.1131085,-0.14437315,1.2065892,0.9141626,
0,0,1,0,0,0,0,0,0,0,0,0,0,0,0,0,0,0,0,0,0,0,0,0,0,0,0,0,0,0,0,0,0,0,0,0,0,0,0,0,0,0,0,0,0,1,0,0,0,0,0,1,0,0,0,0,1,0,0,0,0,0,0,0,0,0,0,0,0,0,0,0,0,0,0,0,0,1,0,0,0,0,0,0,0,0,0,0,0,0,0,0,0,0,0,0,0,0,0,0,0,0,0,0,0,0,0,0,0,0,0,0,0,0,0,0,0,0,0,0,0,0,0,0,0,0,0,0,0,0,0,0,0,0,0,0,0,0,0,0,0,0,0,0,0,0,0,0,0,0,0,0,0,0,0,0,0,0,0,0,0,0,0,0,0,0,0,0,0,0,0,0,0,0,0,0,0,0,0,0,0,0,0,0,0,0,0,0,0,0,0,0,0,0,0,0,0,0,0,0,0,0,0,0,0,0,0,0,0,0,0,0,1,0,0,0,0,0,0,0,0,0,0,0,0,0,0,0,0,0,0,0,0,0,0,0,0,0,0,0,0,0,0,0,0,0,0,0,0,0,0,0,0,0,0,0,0,0,0,0,0,0,0,0,0,0,0,0,0,0,0,0,0,0,0,0,0,0,0,0,0,0,0,0,0,0,0,0,0,0,0,0,0,0,0,1,0,0,0,0,0,0,0,0,0,0,0,0,0,0,0,0,0,0,0,0,0,0,0,0,0,0,0,0,0,0,0,0,0,0,0,0,0,0,0,0,0,0,0,0,0,0,0,0,0,0,0,0,0,0,0,0,0,0,0,0,0,0,0,0,0,0,0,0,0,0,0,0,0,0,0,0,0,0,0,0,0,0,0,0,0,0,0,0,0,0,0,0,0,0,0,0,0,0,0,0,0,0,0,0,0,0,0,0,0,0,0,0,0,0,0,0,0,0,0,0,0,0,0,0,0,0,0,0,0,0,0,0,0,0,0,0,0,0,0,0,0,0,0,0,0,0,0,0,0,0,0,0,0,0,0,0,0,0,0,0,0,0,0,0,0,0,0,0,0,0,0,0,0,0,0,0,0,0,0,0,0,0,0,0,0,0,0,0,0,0,0,0,0,0,0,0,0,0,0,0,0,0,0,0,0,0,0,0,0,0,0,0,0,0,0,0,0,0,0,0,0,0,0,0,0,0,0,0,0,0,0,0,0,0,0,0,0,0,0,0,0,0,0,0,0,0,0,0,0,0,0,0,0,0,0,0,0,0,0,0,0,0,0,0,0,0,0,0,0,0,0,0,0,0,0,0,0,0,0,0,0,0,0,0,0,0,0,0,0,0,0,0,0,0,0,0,0,0,0,0,0,0,0,0,0,0,0,0,0,0,0,0,0,0,0,0,0,0,0,0,0,0,0,0,0,0,0,0,0,0,0,0,0,0,0,0,0,0,0,0,0,0,0,0,0,0,0,0,0,0,0,0,0,0,0,0,0,0,0,0,0,0,0,0,0,0,0,0,0,0,0,0,0,0,0,0,0,0,0,0,0,0,0,0,0,0,0,0,0,0,0,0,0,0,0,0,0,0,0,0,0,0,0,0,0,0,0,0,0,0,0,0,0,0,0,0,0,0,0,0,0,0,0,0,0,0,0,0,0,0,0,0,0,0,0,0,0,0,0,0,0,0,0,0,0,0,0,0,0,0,0,0,0,0,0,0,0,0,0,0,0,0,0,0,0,0,0,0,0,0,0,0,0,0,0,0,0,0,0,0,0,0,0,0,0,0,0,0,0,0,0,0,0,0,0,0,0,0,0,0,0,0,0,0,0,0,0,0,0,0,0,0,0,0,0,0,0,0,0,0,0,0,0,0,0,0,0,0,0,0,0,0,0,0,0,0,0,0,0,0,0,0,0,0,0,0,0,0,0,0,0,0,0,0,0,0,0,0,0,0,0,0,0,0,0,0,0,0,0,0,0,0,0,0,0,0,0,0,0,0,0,0,0,0,0,0,0,0,0,0,0,0,0,0,0,0,0,0,0,0,0,0,0,0,0,0,0,0,0,0,0,0,0,0,0,0,0,0,0,0,0,0,0,0,0,0,0,0,0,0,0,0,0,0,0,0,0,0,0,0,0,0,0,0,0,0,0,0,0,0,0,0,0,0,0,0,0,0,0,0,0,0,0,0,0,0,0,0,0,0,0,0,0,0,0,0,0,0,0,0,0,0,0,0,0,0,0,0,0,0,0,0,0,0,0,0,0,0,0,0,0,0,0,0,0,0,0,0,0,0,0,0,0,0,0,0,0,0,0,0,0,0,0,0,0,0,0,0,0,0,0,0,0,0,0,0,0,0,0,0,0,0,0,0,0,0,0,0,0,0,0,0,0,0,0,0,0,0,0,0,0,0,0,0,0,0,0,0,0,0,0,0,0,0,0,0,0,0,0,0,0,0,0,0,0,0,0,0,0,0,0,0,0,0,0,0,0,0,0,0,0,0,0,0,0,0,0,0,0,0,0,0,0,0,0,0,0,0,0,0,0,0,0,0,0,0,0,0,0,0,0,0,0,0,0,0,0,0,0,0,0,0,0,0,0,0,0,0,0,0,0,0,0,0,0,0,0,0,0,0,0,0,0,0,0,0,0,0,0,0,0,0,0,0,0,0,0,0,0,0,0,0,0,0,0,0,0,0,0,0,0,0,0,0,0,0,0,0,0,0,0,0,0,0,0,0,0,0,0,0,0,0,0,0,0,0,0,0,0,0,0,0,0,0,0,0,0,0,0,0,0,0,0,0,0,0,0,0,0,0,0,0,0,0,0,0,0,0,0,0,0,0,0,0,0,0,0,0,0,0,0,0,0,0,0,0,0,0,0,0,0,0,0,0,0,0,0,0,0,0,0,0,0,0,0,0,0,0,0,0,0,0,0,0,0,0,0,0,0,0,0,0,0,0,0,0,0,0,0,0,0,0,0,0,0,0,0,0,0,0,0,0,0,0,0,0,0,0,0,0,0,0,0,0,0,0,0,0,0,0,0,0,0,0,0,0,0,0,0,0,0,0,0,0,0,0,0,0,0,0,0,0,0,0,0,0,0,0,0,0,0,0,0,0,0,0,0,0,0,0,0,0,0,0,0,0,0,0,0,0,0,0,0,0,0,0,0,0,0,0,0,0,0,0,0,0,0,0,0,0,0,0,0,0,0,0,0,0,0,0,0,0,0,0,0,0,0,0,0,0,0,0,0,0,0,0,0,0,0,0,0,0,0,0,0,0,0,0,0,0,0,0,0,0,0,0,0,0,0,0,0,0,0,0,0,0,0,0,0,0,0,0,0,0,0,0,0,0,0,0,0,0,0,0,0,0,0,0,0,0,0,0,0,0,0,0,0,0,0,0,0,0,0,0,0,0,0,0,0,0,0,0,0,0,0,0,0,0,0,0,0,0,0,0,0,0,0,0,0,0,0,0,0,0,0,0,0,0,0,0,0,0,0,0,0,0,0,0,0,0,0,0,0,0,0,0,0,0,0,0,0,0,0,0,0,0,0,0,0,0,0,0,0,0,0,0,0,0,0,0,0,0,0,0,0,0,0,0,0,0,0,0,0,0,0,0,0,0,0,0,0,0,0,0,0,0,0,0,0,0,0,0,0,0,0,0,0,0,0,0,0,0,0,0,0,0,0,0,0,0,0,0,0,0,0,0,0,0,0,0,0,0,0,0,0,0,0,0,0,0,0,0,0,0,0,0,0,0,0,0,0,0,0,0,0,0,0,0,0,0,0,0,0,0,0,0,0,0,0,0,0,0,0,0,0,0,0,0,0,0,0,0,0,0,0,0,0,0,0,0,0,0,0,0,0,0,0,0,0,0,0,0,0,0,0,0,0,0,0,0,0,0,0,0,0,0,0,0,0,0,0,0,0,0,0,0,0,0,0,0,0,0,0,0,0,0,0,0,0,0,0,0,0,0,0,0,0,0,0,0,0,0,0,0,0,0,0,0,0,0,0,0,0,0,0,0,0,0,0,0,0,0,0,0,0,0,0,0,0,0,0,0,0,0,0,0,0,0,0,0,0,0,0,0,0,0,0,0,0,0,0,0,0,0,0,0,0,0,0,0,0,0,0,0,0,0,0,0,0,0,0,0,0,0,0,0,0,0,0,0,0,0,0,0,0,0,0,0,0,0,0,0,0,0,0,0,0,0,0,0,0,0,0,0,0,0,0,0,0,0,0,0,0,0,0,0,0,0,0,0,0,0,0,0,0,0,0,0,0,0,0,0,0,0,0,0,0,0,0,0,0,0,0,0,0,0,0,0,0,0,0,0,0,0,0,0,0,0,0,0,0,0,0,0,0,0,0,0,0,0,0,0,0,0,0,0,0,0,0,0,0,0,0,0,0,0,0,0,0,0,0,0,0,0,0,0,0,0,0,0,0,0,0,0,0,0,0,0,0,0,0,0,0,0,0,0,0,0,0,0,0,0,0,0,0,0,0,0,0,0,0,0,0,0,0,0,0,0,0,0,0,0,0,0,0,0,0,0,0,0,0,0,0,0,0,0,0,0,0,0,0,0,0,0,0,0,0,0,0,0,0,0,0,0,0,0,0,0,0,0,0,0,0,0,0,0,0,0,0,0,0,0,0,0,0,0,0,0,0,0,0,0,0,0,0,0,0,0,0,0,0,0,0,0,0,0,0,0,0,0,0,0,0,0,0,0,0,0,0,0,0,0,0,0,0,0,0,0,0,0,0,0,0,0,0,0,0,0,0,0,0,0,0,0,0,0,0,0,0,0,0,0,0,0,0,0,0,0,0,0,0,0,0,0,0,0,0,0,0,0,0,0,0,0,0,0,0,0,0,0,0,0,0,0,0,0,0,0,0,0,0,0,0,0,0,0,0,0,0,0,0,0,0,0,0,0,0,0,0,0,0,0,0,0,0,0,0,0,0,0,0,0,0,0,0,0,0,0,0,0,0,0,0,0,0,0,0,0,0,0,0,0,0,0,0,0,0,0,0,0,0,0,0,0,0,0,0,0,0,0,0,0,0,0,0,0,0,0,0,0,0,0,0,0,0,0,0,0,0,0,0,0,0,0,0,0,0,0,0,0,0,0,0,0,0,0,0,0,0,0,0,0,0,0,0,0,0,0,0,0,0,0,0,0,0,0,0,0,0,0,0,0,0,0,0,0,0,0,0,0,0,0,0,0,0,0,0,0,0,0,0,0,0,0,0,0,0,0,0,0,0,0,0,0,0,0,0,0,0,0,0,0,0,0,0,0,0,0,0,0,0,0,0,0,0,0,0,0,0,0,0,0,0,0,0,0,0,0,0,0,0,0,0,0,0,0,0,0,0,0,0,0,0,0,0,0,0,0,0,0,0,0,0,0,0,0,0,0,0,0,0,0,0,0,0,0,0,0,0,0,0,0,0,0,0,0,0,0,0,0,0,0,0,0,0,0,0,0,0,0,0,0,0,0,0,0,0,0,0,0,0,0,0,0,0,0,0,0,0,0,0,0,0,0,0,0,0,0,0,0,0,0,0,0,0,0,0,0,0,0,0,0,0,0,0,0,0,0,0,0,0,0,0,0,0,0,0,0,0,0,0,0,0,0,0,0,0,0,0,0,0,0,0,0,0,0,0,0,0,0,0,0,0,0,0,0,0,0,0,0,0,0,0,0,0,0,0,0,0,0,0,0,0,0,0,0,0,0,0,0,0,0,0,0,0,0,0,0,0,0,0,0,0,0,0,0,0,0,0,0,0,0,0,0,0,0,0,0,0,0,0,0,0,0,0,0,0,0,0,0,0,0,0,0,0,0,0,0,0,0,0,0,0,0,0,0,0,0,0,0,0,0,0,0,0,0,0,0,0,0,0,0,0,0,0,0,0,0,0,0,0,0,0,0,0,0,0,0,0,0,0,0,0,0,0,0,0,0,0,0,0,0,0,0,0,0,0,0,0,0,0,0,0,0,0,0,0,0,0,0,0,0,0,0,0,0,0,0,0,0,0,0,0,0,0,0,0,0,0,0,0,0,0,0,0,0,0,0,0,0,0,0,0,0,0,0,0,0,0,0,0,0,0,0,0,0,0,0,0,0,0,0,0,0,0,0,0,0,0,0,0,0,0,0,0,0,0,0,0,0,0,0,0,0,0,0,0,0,0,0,0,0,0,0,0,0,0,0,0,0,0,0,0,0,0,0,0,0,0,0,0,0,0,0,0,0,0,0,0,0,0,0,0,0,0,0,0,0,0,0,0,0,0,0,0,0,0,0,0,0,0,0,0,0,0,0,0,0,0,0,0,0,0,0,0,0,0,0,0,0,0,0,0,0,0,0,0,0,0,0,0,0,0,0,0,0,0,0,0,0,0,0,0,0,0,0,0,0,0,0,0,0,0,0,0,0,0,0,0,0,0,0,0,0,0,0,0,0,0,0,0,0,0,0,0,0,0,0,0,0,0,0,0,0,0,0,0,0,0,0,0,0,0,0,0,0,0,0,0,0,0,0,0,0,0,0,0,0,0,0,0,0,0,0,0,0,0,0,0,0,0,0,0,0,0,0,0,0,0,0,0,0,0,0,0,0,0,0,0,0,0,0,0,0,0,0,0,0,0,0,0,0,0,0,0,0,0,0,0,0,0,0,0,0,0,0,0,0,0,0,0,0,0,0,0,0,0,0,0,0,0,0,0,0,0,0,0,0,0,0,0,0,0,0,0,0,0,0,0,0,0,0,0,0,0,0,0,0,0,0,0,0,0,0,0,0,0,0,0,0,0,0,0,0,0,0,0,0,0,0,0,0,0,0,0,0,0,0,0,0,0,0,0,0,0,0,0,0,0,0,0,0,0,0,0,0,0,0,0,0,0,0,0,0,0,0,0,0,0,0,0,0,0,0,0,0,0,0,0,0,0,0,0,0,0,0,0,0,0,0,0,0,0,0,0,0,0,0,0,0,0,0,0,0,0,0,0,0,0,0,0,0,0,0,0,0,0,0,0,0,0,0,0,0,0,0,0,0,0,0,0,0,0,0,0,0,0,0,0,0,0,0,0,0,0,0,0,0,0,0,0,0,0,0,0,0,0,0,0,0,0,0,0,0,0,0,0,0,0,0,0,0,0,0,0,0,0,0,0,0,0,0,0,0,0,0,0,0,0,0,0,0,0,0,0,0,0,0,0,0,0,0,0,0,0,0,0,0,0,0,0,0,0,0,0,0,0,0,0,0,0,0,0,0,0,0,0,0,0,0,0,0,0,0,0,0,0,0,0,0,0,0,0,0,0,0,0,0,0,0,0,0,0,0,0,0,0,0,0,0,0,0,0,0,0,0,0,0,0,0,0,0,0,0,0,0,0,0,0,0,0,0,0,0,0,0,0,0,0,0,0,0,0,0,0,0,0,0,0,0,0,0,0,0,0,0,0,0,0,0,0,0,0,0,0,0,0,0,0,0,0,0,0,0,0,0,0,0,0,0,0,0,0,0,0,0,0,0,0,0,0,0,0,0,0,0,0,0,0,0,0,0,0,0,0,0,0,0,0,0,0,0,0,0,0,0,0,0,0,0,0,0,0,0,0,0,0,0,0,0,0,0,0,0,0,0,0,0,0,0,0,0,0,0,0,0,0,0,0,0,0,0,0,0,0,0,0,0,0,0,0,0,0,0,0,0,0,0,0,0,0,0,0,0,0,0,0,0,0,0,0,0,0,0,0,0,0,0,0,0,0,0,0,0,0,0,0,0,0,0,0,0,0,0,0,0,0,0,0,0,0,0,0,0,0,0,0,0,0,0,0,0,0,0,0,0,0,0,0,0,0,0,0,0,0,0,0,0,0,0,0,0,0,0,0,0,0,0,0,0,0,0,0,0,0,0,0,0,0,0,0,0,0,0,0,0,0,0,0,0,0,0,0,0,0,0,0,0,0,0,0,0,0,0,0,0,0,0,0,0,0,0,0,0,0,0,0,0,0,0,0,0,0,0,0,0,0,0,0,0,0,0,0,0,0,0,0,0,0,0,0,0,0,0,0,0,0,0,0,0,0,0,0,0,0,0,0,0,0,0,0,0,0,0,0,0,0,0,0,0,0,0,0,0,0,0,0,0,0,0,0,0,0,0,0,0,0,0,0,0,0,0,0,0,0,0,0,0,0,0,0,0,0,0,0,0,0,0,0,0,0,0,0,0,0,0,0,0,0,0,0,0,0,0,0,0,0,0,0,0,0,0,0,0,0,0,0,0,0,0,0,0,0,0,0,0,0,0,0,0,0,0,0,0,0,0,0,0,0,0,0,0,0,0,0,0,0,0,0,0,0,0,0,0,0,0,0,0,0,0,0,0,0,0,0,0,0,0,0,0,0,0,0,0,0,0,0,0,0,0,0,0,0,0,0,0,0,0,0,0,0,0,0,0,0,0,0,0,0,0,0,0,0,0,0,0,0,0,0,0,0,0,0,0,0,0,0,0,0,0,0,0,0,0,0,0,0,0,0,0,0,0,0,0,0,0,0,0,0,0,0,0,0,0,0,0,0,0,0,0,0,0,0,0,0,0,0,0,0,0,0,0,0,0,0,0,0,0,0,0,0,0,0,0,0,0,0,0,0,0,0,0,0,0,0,0,0,0,0,0,0,0,0,0,0,0,0,0,0,0,0,0,0,0,0,0,0,0,0,0,0,0,0,0,0,0,0,0,0,0,0,0,0,0,0,0,0,0,0,0,0,0,0,0,0,0,-0.62907296,0.57729244,-0.55484736,0.60968804,0.05509866,0.19320607,0.40212905,0.32278836,0.046800848,-0.12392947,-0.4481125,-1.0946598,-0.13836539,-1.163543,1.0767525,-0.5110849,1.426511,0.46498784,-0.6696527,1.3774061,0.45839506,-0.34456033,0.60275424,-0.8340176,1.445721,1.2084945,0.5851356,-0.7546768,-0.83504057,-0.43231255,-1.029755,-0.75001645,-0.08766917,-0.9035828,0.8989748,0.82168007,0.0013333866,-0.9813321,-0.12824889,-0.7476294,-0.11392663,-0.61475074,0.95569545,-0.6229349,1.3716091,0.12886962,0.50840926,-1.8080443,-0.5524603,0.53682643,-0.83185786,-1.6192406,1.8300347,0.042936116,-1.2924433,0.24117425,-0.17371634,-0.7322841,0.05100659,-0.87459725,0.060100082,-0.79843926,1.1466588,-0.70318496,1.1647321,-0.46891385,1.6028111,-0.19122131,0.107954584,0.4760137,-0.28613463,0.20195857,0.9369401,0.7828054,0.835775,-1.2806218,-0.3280784,0.10772725,0.82747716,-0.6210025,1.048108,-0.39923495,0.45509866,0.5258006,-0.86402607,-0.21929747,-0.64941967,1.0595886,0.64663035,-1.0027019,0.07021659,-1.3545064,-0.52506614,-0.92643017,-0.41367087,0.29857692,1.2440728,-0.55996245,0.302328,1.217929,-0.055955615,-0.7142108,-0.41480756,0.73154086,-0.8052594,0.06532884,-0.43810964,-0.4731196,-0.172807,-1.072267,0.5783155,0.109773286,0.37450758,0.6301484,0.09533737,-0.67783684,-0.3156885,-0.8536822,-0.5024461,-0.29613748,0.31699124,-0.67272174,0.20661898,-0.9597351,-0.9135856,-0.5703063,1.1656414,-0.06345775,-0.29602382,0.26220295,0.15092134,-0.16860126,-0.19474505,1.1831464,0.18661329,0.03554765,-0.12131509,-0.37752426,-0.803668,-0.7661574,0.43691167,0.3743939,0.14546524,-0.6261176,-0.24464558,-0.28465694,0.19138739,-0.32557768,-0.46629947,-0.7519488,-0.34410566,-1.3670099,-0.009465136,-0.1999738,0.9155704,-1.280167,-0.3309201,0.8142916,0.58036155,0.00031036872,0.14648826,-0.25737646,0.38610178,-0.38298035,0.6394692,1.0233283,0.6016176,0.1564911,0.5525127,0.1793385,0.040094398,-0.79116446,0.5674033,-1.5073907,-0.27499512,-1.464765,-0.6939778,1.4095744,-0.030493837,-0.8377686,0.3947406,-1.0357795,0.03577499,0.0154283,-0.8377686,-0.24987434,0.22401029,-0.45697862,0.2308304,-0.4124205,1.3729731,0.04157209,0.54035014,0.4490742,-0.40400904,-0.3451287,1.0402648,-0.2693117,0.45043823,-0.21043132,0.8092902,-0.1277942,0.9403502,0.9862723,-1.3666689,1.0493584,-0.5080159,-0.3355805,-0.09039722,1.0843683,-0.7000022,0.2928935,-0.45697862,0.61946356,-0.77718323,-0.4302665,-0.32921508,-0.89585334,-0.61156803,0.5236409,-0.44674847,0.6267383,0.91432005,-0.16223581,-0.8628894,0.42986423,-0.09164757,0.27879858,0.2523138,-1.6757339,0.321538,-0.011170166,-0.5094935,-0.9974731,0.84464115,-0.31989422,-1.3039238,-0.4872145,-0.14359415,-0.50687915,0.51102364,0.48783523,0.1775198,-0.25464842,-0.48266774,0.47715038,0.15444507,-0.6638556,0.7334732,0.30642006,-0.06152538,0.17865649,1.1051697,0.4331606,0.039639723,-0.5118806,0.09761074,1.3559228,0.1912737,-0.55007327,0.0007650433,-0.18531054,0.65606487,-0.7679761,0.12261784,-0.23089167,0.69277984,0.36530042,-0.31034607,0.0020153986,-0.14041142,1.0857323,-0.8593657,0.72688043,1.0880058,0.8644195,-0.19792777,0.378827,0.36814213,-0.8916476,0.38667014,-1.1138698,0.99150103,0.5063632,-0.5404114,0.06782955,-0.22759528,-0.6137277,-0.82140034,-0.344674,0.9140927,0.11943512,-0.5067655,-0.7555862,-0.13597836,-0.6811332,0.15580909,8.30314e-05,-0.7584279,-0.2906814,-0.5840602,-0.013898213,0.25492817,-0.20986298,-0.7269417,-0.22782262,0.79849166,0.4220211,-0.5568934,-0.97542137,0.15990116,1.177122,-0.039814666,-0.027993126,0.7523422,0.7674601,-1.6836908,0.22992106,1.2571447,-0.2637419,0.1300063,-0.12415681,0.063396476,0.77302986,-0.650329,0.7936039,0.5601285,-0.07948503,0.80178803,0.34745446,-0.106879175,-0.48005337,0.11272867,0.5641069,-0.9126763,-0.09869503,-0.5269985,0.3298358,-0.5637135,0.06191878,0.19354708,-0.40571406,-0.3181892,-0.3979846,-1.0129321,-0.3327388,0.18831833,-0.060843367,0.3240387,-0.86027503,-0.47221023,-0.14109343,-0.88414544,-0.78070694,-0.16087179,-0.21531907,0.33279118,0.71471786,-0.19781409,0.45327997,0.20252691,-0.38980046,0.006221139,0.30062297,0.09124529,0.007471494,0.47248995,0.25356412,-0.6910224,-0.28386128,-0.20838529,-1.2555009,0.037821025,0.032478597,-0.6181608,-0.8647081,0.6970992,0.13512139,-0.25555778,-0.37445518,-0.24839665,-0.31682518,0.30323735,-0.66612893,-0.14507185,0.4716943,0.52591425,0.86669284,-0.31523383,-0.32466832,-0.4890332,0.08226547,0.43588865,0.87715036,-0.2569218,-0.13700137,0.21355277,0.35313788,-0.38002494,-0.14177544,1.2703303,-0.048226148,-0.5706473,0.45293894,-0.7809343,1.122902,-0.14132078,-0.22861831,0.39906,-0.55462,0.05453032,0.48738056,0.2606116,0.15421773,-1.0308917,0.086243875,-1.1796839,0.5350077,-0.30454898,-0.36956742,0.8878352,0.031796586,0.31846893,0.31130782,-0.29250008,0.3255164,0.9833169,-0.38298035,-0.707618,-0.37763792,0.3889435,-0.018103953,0.06919357,0.4872669,0.0306599,-0.24112186,-0.6979562,-0.19383569,0.46498784,0.455326,0.50875026,0.16240187,-0.4429974,-0.41196585,-0.53541,0.32744876,0.19741182,0.2924388,0.18354425,-0.044134077,0.29448485,0.11852577,0.22207792,-0.13711503,-0.24294056,0.68073094,-1.3104029,0.5538767,-0.120519415,0.89249563,-0.4481125,-0.7431963,-0.87903035,-0.18542421,0.16819897,0.43350163,-0.7534265,-0.95541567,-0.45845634,0.71505886,0.064874165,0.40474343,-1.0071349,0.102043815,0.5270509,0.3139222,-0.6754498,-0.58769757,-0.2804512,0.72426605,-0.2014515,-0.9408661,0.2913021,0.7109668,0.2101427,-0.90801585,-0.6929548,-1.0258902,0.4984064,-0.9196101,-0.13972941,0.23253544,-0.26328725,0.19263774,0.5924104,0.08851725,0.29528052,0.1278466,0.44680086,-0.27192608,0.9941154,0.66868204,0.7091481,-0.553938,0.19286507,-0.28863534,-0.0436794,-0.02856147,0.61730385,-0.6235032,-0.7184166,0.86055475,-0.093920946,0.50079346,-0.14234379,0.12523222,0.5473976,-0.29454613,-0.43560892,-0.34149128,1.0534505,-1.281872,0.103180505,0.009972204,-0.19860978,-0.6250946,-0.20736226,-0.68727136,-0.09221592,-0.57780844,-0.85004485,0.18559028,-0.09176124,0.6133254,0.38655645,0.61866784,0.5473976,-0.47346058,-1.0820426,0.41474628,-0.2170241,-0.027197447,-0.027197447,-0.43435857,0.40008304,0.38257805,0.52625525,0.42077073,-0.574171,0.39008018,0.19297874,-0.27238074,-0.11483598,0.50431716,0.8901086,0.53898615,1.0127571,0.6116204,0.1387588,0.019861378,0.704715,-0.1984961,-0.18906161,-0.73160213,-0.48414543,-0.4049184,-0.68977207,0.21298443,0.16899465,-0.07380159,-0.25828582,0.8012197,0.058736056,0.94580626,0.33119982,0.4455505,-0.5807638,-0.9582574,0.34233937,-0.46527645,0.34950048,-0.34728837,0.23230809,-0.57951343,0.18786365,-0.21247736,0.38166872,-0.038109638,-0.15962143,0.75575227,0.5612652,-0.48994255,0.17445076,-0.61475074,0.81019956,0.15785512,-0.41151118,0.057258364,0.6684547,0.7396113,-0.40662342,-0.44379306,-0.55143726,0.5999125,-0.33228412,0.1713817,0.41235924,0.3179006,0.57376873,-0.55996245,-0.52813524,-0.7926422,0.09385967,0.44645983,-1.1545632,-1.1551315,0.030546231,0.008039838,-0.026629103,-0.07971237,-0.54859555,-0.25123838,0.31494522,-0.6191838,-0.04220171,-1.2545916,-0.41708094,-1.1030713,0.074763335,0.002583742,0.8491879,-0.18951629,0.53239334,-0.92768055,0.38439676,-0.06777716,0.056462687,0.14864796,-0.26408294,-0.08789651,0.17069969,0.29232514,0.16194719,1.1522285,-0.39627957,0.69380283,-0.087100826,-0.6439636,-0.20747593,-1.2956259,0.29266614,-0.6090673,-0.88187206,0.5851356,-0.120974086,0.87590003,-0.8343586,0.03816203,0.87715036,-0.3544495,0.40940386,0.09488269,-0.41014716,-0.25498945,-0.58201414,0.1028395,0.9957068,1.3048855,-0.038450643,-0.4520909,0.4677159,-0.42787945,0.64765334,-0.5432531,-0.3877544,0.06282813,-0.39207384,0.45964542,1.1304041,-0.5241568,0.80167437,0.2475397,0.10840926,0.56035584,0.27084178,-0.70170724,-0.69875187,0.13625808,-0.11142592,-0.287044,-0.23964417,-0.31068707,-0.4004853,-0.5477999,0.7462041,0.24583466,1.0387872,-0.5276805,0.38962552,0.036002327,-0.16064444,-0.30716336,-0.19622274,-0.92836255,0.48272014,-0.05561461,0.588091,0.550012,-0.16144013,-0.049362835,0.085107185,-0.30864105,-0.24316789,-0.38650405,-0.1901983,-0.057660647,-0.2435089,-0.3940062,0.3751896,0.16308388,0.004516109,-0.69977486,-0.47937137,0.3954226,-0.5073339,-0.49142024,-0.1716703,-0.3733185,0.33040413,-0.48062173,0.50079346,0.59400177,0.09465535,1.216906,-1.1329662,0.60718733,-0.08300876,-0.6557851,0.3914442,-0.29534182,0.06623819,0.061464105,-0.46754983,-0.26749298,-0.10812953,-0.45595562,0.14035015,-0.36263365,0.46396482,-0.35638186,-0.10381012,-0.2594225,-0.47618863,1.3694494,-0.14370781,0.67300147,0.27675253,-1.0993202,0.24140158,-0.64725995,-0.12870355,0.9942291,-0.49460295,0.6053686,0.16058317,-0.56712353,-0.32853305,0.4205434,0.12295885,0.20229957,-0.39207384,0.14035015,-0.43629095,0.7375653,0.2953942,0.8222484,-0.062093724,1.4086651,0.2856187,0.25970224,-0.20417954,0.4523706,0.18240756,0.51545674,-0.13768338,0.1089776,0.07794606,-0.5191554,-0.020263659,0.7105121,0.1336437,-0.12438415,0.41190457,-0.27158505,0.6050276,-0.1372287,0.35347888,-0.16496386,0.2634533,0.5468293,0.37109753,-0.6731764,-0.46198004,-0.29647848,0.22639732,1.1179006,0.07680938,0.36893782,-0.25680813,-0.59792775,0.19263774,-0.26658362,0.5210265,-0.53268194,-0.7375129,0.15353572,0.074081324,0.3094891,-0.26874334,-0.28681666,0.8282729,-0.062093724,1.0496994,-0.60167885,-0.43083483,0.036457002,-0.8853958,-0.707277,0.64731234,-0.1259755,0.2609526,-0.59281266,-0.062207393,-0.23418806,0.6184405,-0.4549326,0.3276761,0.008608181,-0.6929548,-0.024014724,-0.48232675,0.64503896,-0.4048047,-0.37172714,-0.021741351,-0.9934947,-0.8307212,0.12295885,-0.32171294,0.13353004,-0.22452623,-0.11483598,-0.2456686,0.4124729,1.4572015,-0.18587889,0.6961899,0.33995232,0.7979233,0.17888382,-0.46152538,-0.23953049,0.16603927,0.341771,0.2924388,0.30130497,0.74972785,-1.0778369,-0.89494395,-0.93666035,-0.57974076,0.05759937,0.31630924,-0.8462938,-0.27806416,0.13262068,0.22832969,-0.59440404,-0.5163137,-0.1339323,-0.5375697,1.2194067,-0.648283,-0.68670297,0.040435404,-0.26215056,0.16092418,-0.18633357,0.79303557,-0.27999654,-0.1372287,0.0026974105,0.32381135,0.08465251,0.016564986,0.40588012,-0.71887124,-0.3105734,-0.104037456,-0.57689905,-0.07073254,-0.66215056,0.23890087,0.5300063,0.17013134,-0.9285899,0.6414016,0.32676676,0.085561864,-0.09710367,-0.07778,-0.4024177,-0.6069076,0.82111174,-0.10494681,0.21605347,-0.3794566,0.5042035,0.5512623,0.2579972,0.2657267,0.20605063,1.1996284,0.15626377,0.53171134,-0.49721733,0.22025922,0.82747716,0.4447548,-0.6279363,-0.018785965,-0.32660067,-0.83697295,0.6884604,-0.93415964,0.53523505,-0.60042846,-0.029016145,0.6193499,-0.17485303,0.17524643,0.23151241,0.19366075,-0.30432162,-0.83083487,0.302328,-0.47550663,-0.0028723537,-1.2639124,0.19672981,-0.28204256,0.43350163,0.18263489,0.7164229,0.43225127,-0.30102524,-0.67624545,-0.46970952,0.11647973,0.588091,-0.78286666,0.64435697,-0.05049952,0.12477755,0.5473976,-0.45822898,0.9336437,0.44452748,0.31551355,-0.57974076,-0.59076667,0.32881278,-0.85072684,0.8868122,-0.9231338,0.7653004,-0.32535034,0.42747718,-0.79878026,-0.0378823,0.5608105,0.109545946,0.46714753,-0.43515426,1.1443853,-0.85447794,-0.6948871,0.5381904,-0.28101957,0.025431141,0.46021375,0.43918505,0.48965394,0.2750475,1.1499552,0.3048287,0.43816203,-0.05561461,0.8154283,0.5197761,0.112160325,0.62787503,0.3265394,0.3943996,0.49067694,-0.2054299,-0.43197152,0.5745644,-0.38877743,-0.24816932,0.76018536,0.99616146,-0.1259755,-0.23214203,-0.4095788,-0.89073825,-0.2630599,0.28618705,0.31949195,0.18286224,-0.04879449,-0.39991698,-0.3406956,0.09590571,-1.0911361,0.92580056,0.88794893,-1.635268,1.0049139,-0.13245462,-0.37854725,-0.050726857,1.2267952,-0.42958447,0.25310946,1.1840558,-0.13859273,0.85509866,1.3093187,1.0469713,-1.5412639,-0.24816932,0.18411258,-1.3975867,-0.5035828,1.2489605,-0.66146857,0.23924188,-1.2010536,0.7149452,1.4527684,-0.96621424,-0.38718608,0.22491963,0.09079062,-1.258229,1.4695914,1.451518,-0.065276444,-1.1677487,0.52841496,0.9783155,-0.46664047,0.6381052,-0.01753561,0.57081336,0.4324786,-0.43128952,0.34040698,-0.88505477,-0.81878597,0.6823223,-1.5452423,1.0682274,-0.090624556,-1.4411218,0.5312567,1.7073863,-0.8020767,0.7836011,0.14739761,-0.87550664,1.3388724,1.6464598,0.056121677,-1.3063108,0.37393925,-1.48568,-1.356325,-0.56348616,0.07112594,-1.2454981,1.2229304,0.5733141,-0.023560049,1.3484206,-1.6032133,0.5526264,-0.9310906,0.5502393,0.88124245,-0.7483114,0.22310093,-1.0175924,1.3502393,-0.70750433,-1.7208604,-0.3127331,-0.82071835,0.05430298,-0.64953333,-0.20224717,1.3162524,0.36814213,0.13932714,0.40633482,-0.6439636,-0.18349184,-1.5381949,-1.1044353,0.74563575,1.0730015,-0.5512099,0.169563,-0.54950494,-0.32910138,0.5895687,-0.018331291,-0.003099691,-0.6468053,-1.7039238,1.0469713,1.4800489,-1.3688285,-0.2764728,-1.1036396,-0.60588455,1.3214811,-0.81469387,1.273172,-0.5706473,-0.5759897,0.5830896,-0.68420225,0.46748856,0.96149254,1.2076988,-1.047601,0.9445559,-0.64623696,-0.42060468,0.79349023,
0,0,1,0,0,0,0,0,0,0,0,0,0,0,0,0,0,0,0,0,0,0,0,0,0,0,0,0,0,0,1,0,0,0,0,0,0,0,0,0,0,0,0,0,0,0,0,0,0,0,0,0,0,0,0,0,0,0,0,0,0,0,0,0,0,0,0,0,0,0,0,0,0,0,0,0,0,0,0,0,0,0,0,0,0,0,0,0,0,0,0,0,0,0,0,0,0,0,0,0,0,0,0,0,0,0,0,0,0,0,0,0,0,0,0,0,0,0,0,0,0,0,0,0,0,0,0,0,0,0,0,0,0,0,0,0,0,0,0,0,0,0,0,0,0,0,0,0,0,0,0,0,0,0,0,0,0,0,0,0,0,0,0,0,0,0,0,0,0,0,0,0,0,0,0,0,0,0,0,0,0,0,0,0,0,0,0,0,0,0,0,0,0,0,0,0,0,0,0,0,0,0,0,0,0,0,0,0,0,0,0,0,0,0,0,0,0,0,0,0,0,0,0,0,0,0,0,0,0,0,0,0,0,0,0,0,0,0,0,0,0,0,0,0,0,0,0,0,0,0,0,0,0,0,0,0,0,0,0,0,0,0,0,0,0,0,0,0,0,0,0,0,0,0,0,0,0,0,0,0,0,0,0,0,0,0,0,0,0,0,0,0,0,0,0,0,0,0,0,0,0,0,0,0,0,0,0,0,0,0,0,0,0,0,0,0,0,0,0,0,0,0,0,0,0,0,0,0,0,0,0,0,0,0,0,0,0,0,0,0,0,0,0,0,0,0,0,0,0,0,0,0,0,0,0,0,0,0,0,0,0,0,0,0,0,0,0,0,0,0,0,0,0,0,0,0,0,0,0,0,0,0,0,0,0,0,0,0,0,0,0,0,0,0,0,0,0,0,0,0,0,0,0,0,0,0,0,0,0,0,0,0,0,0,0,0,0,0,0,0,0,0,0,0,0,0,0,0,0,0,0,0,0,0,0,0,0,0,0,0,0,0,0,0,0,0,0,0,0,0,0,0,0,0,0,0,0,0,0,0,0,0,0,0,0,0,0,0,0,0,0,0,0,0,0,0,0,0,0,0,0,0,0,0,0,0,0,0,0,0,0,0,0,0,0,0,0,0,0,0,0,0,0,0,0,0,0,0,0,0,0,0,0,0,0,0,0,0,0,0,0,0,0,0,0,0,0,0,0,0,0,0,0,0,0,0,0,0,0,0,0,0,0,0,0,0,0,0,0,0,0,0,0,0,0,0,0,0,0,0,0,0,0,0,0,0,0,0,0,0,0,0,0,0,0,0,0,0,0,0,0,0,0,0,0,0,0,0,0,0,0,0,0,0,0,0,0,0,0,0,0,0,0,0,0,0,0,0,0,0,0,0,0,0,0,0,0,0,0,0,0,0,0,0,0,0,0,0,0,0,0,0,0,0,0,0,0,0,0,0,0,0,0,0,0,0,0,0,0,0,0,0,0,0,0,0,0,0,0,0,0,0,0,0,0,0,0,0,0,0,0,0,0,0,0,0,0,0,0,0,0,0,0,0,0,0,0,0,0,0,0,0,0,0,0,0,0,0,0,0,0,0,0,0,0,0,0,0,0,0,0,0,0,0,0,0,0,0,0,0,0,0,0,0,0,0,0,0,0,0,0,0,0,0,0,0,0,0,0,0,0,0,0,0,0,0,0,0,0,0,0,0,0,0,0,0,0,0,0,0,0,0,0,0,0,0,0,0,0,0,0,0,0,0,0,0,0,0,0,0,0,0,0,0,0,0,0,0,0,0,0,0,0,0,0,0,0,0,0,0,0,0,0,0,0,0,0,0,0,0,0,0,0,0,0,0,0,0,0,0,0,0,0,0,0,0,0,0,0,0,0,0,0,0,0,0,0,0,0,0,0,0,0,0,0,0,0,0,0,0,0,0,0,0,0,0,0,0,0,0,0,0,0,0,0,0,0,0,0,0,0,0,0,0,0,0,0,0,0,0,0,0,0,0,0,0,0,0,0,0,0,0,0,0,0,0,0,0,0,0,0,0,0,0,0,0,0,0,0,0,0,0,0,0,0,0,0,0,0,0,0,0,0,0,0,0,0,0,0,0,0,0,0,0,0,0,0,0,0,0,1,0,0,0,0,0,0,0,0,0,0,0,0,0,0,0,0,0,0,0,0,0,0,0,0,0,0,0,0,0,0,0,0,0,0,0,0,0,0,0,0,0,0,0,0,0,0,0,0,0,0,0,0,0,0,0,0,0,0,0,0,0,0,0,0,0,0,0,0,0,0,0,0,0,0,0,0,0,0,0,0,0,0,0,0,0,0,0,0,0,0,0,0,0,0,0,0,0,0,0,0,0,0,0,0,0,0,0,0,0,0,0,0,0,0,0,0,0,0,0,0,0,0,0,0,0,0,0,0,0,0,0,0,0,0,0,0,0,0,0,0,0,0,0,0,0,0,0,0,0,0,0,0,0,0,0,0,0,0,0,0,0,0,0,0,0,0,0,0,0,0,0,0,0,0,0,0,0,0,0,0,0,0,0,0,0,0,0,0,0,0,0,0,0,0,0,0,0,0,0,0,0,0,0,0,0,0,0,0,0,0,0,0,0,0,0,0,0,0,0,0,0,0,0,0,0,1,0,0,0,0,0,0,0,0,0,0,0,0,0,0,0,0,0,0,0,0,0,0,0,0,0,0,0,0,0,0,0,0,0,0,0,0,0,0,0,0,0,0,0,0,0,0,0,0,0,0,0,0,0,0,0,0,0,0,0,0,0,0,0,0,0,0,0,0,0,0,0,0,0,0,0,0,0,0,0,0,0,0,0,0,0,0,0,0,0,0,0,0,0,0,0,0,0,0,0,0,0,0,0,0,0,0,0,0,0,0,0,0,0,0,0,0,0,0,0,0,0,0,0,0,0,0,0,0,0,0,0,0,0,0,0,0,0,0,0,0,0,0,0,0,0,0,0,0,0,0,0,0,0,0,0,0,0,0,0,0,0,0,0,0,0,0,0,0,0,0,0,0,0,0,0,0,0,0,0,0,0,0,0,0,0,0,0,0,0,0,0,0,0,0,0,0,0,0,0,0,0,0,0,0,0,0,0,0,0,0,0,0,0,0,0,0,0,0,0,0,0,0,0,0,0,0,0,0,0,0,0,0,0,0,0,0,0,0,0,0,0,0,0,0,0,0,0,0,0,0,0,0,0,0,0,0,0,0,0,0,0,0,0,0,0,0,0,0,0,0,0,0,0,0,0,0,0,0,0,0,0,0,0,0,0,0,0,0,0,0,0,0,0,0,0,0,0,0,0,0,0,0,0,0,0,0,0,0,0,0,0,0,0,0,0,0,0,0,0,0,0,0,0,0,0,0,0,0,0,0,0,0,0,0,0,0,0,0,0,0,0,0,0,0,0,0,0,0,0,0,0,0,0,0,0,0,0,0,0,0,0,0,0,0,0,0,0,0,0,0,0,0,0,0,0,0,0,0,0,0,0,0,0,0,0,0,0,0,0,0,0,0,0,0,0,0,0,0,0,0,0,0,0,0,0,0,0,0,0,0,0,0,0,0,0,0,0,0,0,0,0,0,0,0,0,0,0,0,0,0,0,0,0,0,0,0,0,0,0,0,0,0,0,0,0,0,0,0,0,0,0,0,0,0,0,0,0,0,0,0,0,0,0,0,0,0,0,0,0,0,0,0,0,0,0,0,0,0,0,0,0,0,0,0,0,0,0,0,0,0,0,0,0,0,0,0,0,0,0,0,0,0,0,0,0,0,0,0,0,0,0,0,0,0,0,0,0,0,0,0,0,0,0,0,0,0,0,0,0,0,0,0,0,0,0,0,0,0,0,0,0,0,0,0,0,0,0,0,0,0,0,0,0,0,0,0,0,0,0,0,0,0,0,0,0,0,0,0,0,0,0,0,0,0,0,0,0,0,0,0,0,0,0,0,0,0,0,0,0,0,0,0,0,0,0,0,0,0,0,0,0,0,0,0,0,0,0,0,0,0,0,0,0,0,0,0,0,0,0,0,0,0,0,0,0,0,0,0,0,0,0,0,0,0,0,0,0,0,0,0,0,0,0,0,0,0,0,0,0,0,0,0,0,0,0,0,0,0,0,0,0,0,0,0,0,0,0,0,0,0,0,0,0,0,0,0,0,0,0,0,0,0,0,0,0,0,0,0,0,0,0,0,0,0,0,0,0,0,0,0,0,0,0,0,0,0,0,0,0,0,0,0,0,0,0,0,0,0,0,0,0,0,0,0,0,0,0,0,0,0,0,0,0,0,0,0,0,0,0,0,0,0,0,0,0,0,0,0,0,0,0,0,0,0,0,0,0,0,0,0,0,0,0,0,0,0,0,0,0,0,0,0,0,0,0,0,0,0,0,0,0,0,0,0,0,0,0,0,0,0,0,0,0,0,0,0,0,0,0,0,0,0,0,0,0,0,0,0,0,0,0,0,0,0,0,0,0,0,0,0,0,0,0,0,0,0,0,0,0,0,0,0,0,0,0,0,0,0,0,0,0,0,0,0,0,0,0,0,0,0,0,0,0,0,0,0,0,0,0,0,0,0,0,0,0,0,0,0,0,0,0,0,0,0,0,0,0,0,0,0,0,0,0,0,0,0,0,0,0,0,0,0,0,0,0,0,0,0,0,0,0,0,0,0,0,0,0,0,0,0,0,0,0,0,0,0,0,0,0,0,0,0,0,0,0,0,0,0,0,0,0,0,0,0,0,0,0,0,0,0,0,0,0,0,0,0,0,0,0,0,0,0,0,0,0,0,0,0,0,0,0,0,0,0,0,0,0,0,0,0,0,0,0,0,0,0,0,0,0,0,0,0,0,0,0,0,0,0,0,0,0,0,0,0,0,0,0,0,0,0,0,0,0,0,0,0,0,0,0,0,0,0,0,0,0,0,0,0,0,0,0,0,0,0,0,0,0,0,0,0,0,0,0,0,0,0,0,0,0,0,0,0,0,0,0,0,0,0,0,0,0,0,0,0,0,0,0,0,0,0,0,0,0,0,0,0,0,0,0,0,0,0,0,0,0,0,0,0,0,0,0,0,0,0,0,0,0,0,0,0,0,0,0,0,0,0,0,0,0,0,0,0,0,0,0,0,0,0,0,0,0,0,0,0,0,0,0,0,0,0,0,0,0,0,0,0,0,0,0,0,0,0,0,0,0,0,0,0,0,0,0,0,0,0,0,0,0,0,0,0,0,0,0,0,0,0,0,0,0,0,0,0,0,0,0,0,0,0,0,0,0,0,0,0,0,0,0,0,0,0,0,0,0,0,0,0,0,0,0,0,0,0,0,0,0,0,0,0,0,0,0,0,0,0,0,0,0,0,0,0,0,0,0,0,0,0,0,0,0,0,0,0,0,0,0,0,0,0,0,0,0,0,0,0,0,0,0,0,0,0,0,0,0,0,0,0,0,0,0,0,0,0,0,0,0,0,0,0,0,0,0,0,0,0,0,0,0,0,0,0,0,0,0,0,0,0,0,0,0,0,0,0,0,0,0,0,0,0,0,0,0,0,0,0,0,0,0,0,0,0,0,0,0,0,0,0,0,0,0,0,0,0,0,0,0,0,0,0,0,0,0,0,0,0,0,0,0,0,0,0,0,0,0,0,0,0,0,0,0,0,0,0,0,0,0,0,0,0,0,0,0,0,0,0,0,0,0,0,0,0,0,0,0,0,0,0,0,0,0,0,0,0,0,0,0,0,0,0,0,0,0,0,0,0,0,0,0,0,0,0,0,0,0,0,0,0,0,0,0,0,0,0,0,0,0,0,0,0,0,0,0,0,0,0,0,0,0,0,0,0,0,0,0,0,0,0,0,0,0,0,0,0,0,0,0,0,0,0,0,0,0,0,0,0,0,0,0,0,0,0,0,0,0,0,0,0,0,0,0,0,0,0,0,0,0,0,0,0,0,0,0,0,0,0,0,0,0,0,0,0,0,0,0,0,0,0,0,0,0,0,0,0,0,0,0,0,0,0,0,0,0,0,0,0,0,0,0,0,0,0,0,0,0,0,0,0,0,0,0,0,0,0,0,0,0,0,0,0,0,0,0,0,0,0,0,0,0,0,0,0,0,0,0,0,0,0,0,0,0,0,0,0,0,0,0,0,0,0,0,0,0,0,0,0,0,0,0,0,0,0,0,0,0,0,0,0,0,0,0,0,0,0,0,0,0,0,0,0,0,0,0,0,0,0,0,0,0,0,0,0,0,0,0,0,0,0,0,0,0,0,0,0,0,0,0,0,0,0,0,0,0,0,0,0,0,0,0,0,0,0,0,0,0,0,0,0,0,0,0,0,0,0,0,0,0,0,0,0,0,0,0,0,0,0,0,0,0,0,0,0,0,0,0,0,0,0,0,0,0,0,0,0,0,0,0,0,0,0,0,0,0,0,0,0,0,0,0,0,0,0,0,0,0,0,0,0,0,0,0,0,0,0,0,0,0,0,0,0,0,0,0,0,0,0,0,0,0,0,0,0,0,0,0,0,0,0,0,0,0,0,0,0,0,0,0,0,0,0,0,0,0,0,0,0,0,0,0,0,0,0,0,0,0,0,0,0,0,0,0,0,0,0,0,0,0,0,0,0,0,0,0,0,0,0,0,0,0,0,0,0,0,0,0,0,0,0,0,0,0,0,0,0,0,0,0,0,0,0,0,0,0,0,0,0,0,0,0,0,0,0,0,0,0,0,0,0,0,0,0,0,0,0,0,0,0,0,0,0,0,0,0,0,0,0,0,0,0,0,0,0,0,0,0,0,0,0,0,0,0,0,0,0,0,0,0,0,0,0,0,0,0,0,0,0,0,0,0,0,0,0,0,0,0,0,0,0,0,0,0,0,0,0,0,0,0,0,0,0,0,0,0,0,0,0,0,0,0,0,0,1,0,0,0,0,0,0,0,0,0,0,0,0,0,0,0,0,0,0,0,0,0,0,0,0,0,0,0,0,0,0,0,0,0,0,0,0,0,0,0,0,0,0,0,0,0,0,0,0,0,0,0,0,0,0,0,0,0,0,0,0,0,0,0,0,0,0,0,0,0,0,0,0,0,0,0,0,0,0,0,0,0,0,0,0,0,0,0,0,0,0,0,0,0,0,0,0,0,0,0,0,0,0,0,0,0,0,0,0,0,0,0,0,0,0,0,0,0,0,0,0,0,0,0,0,0,0,0,0,0,0,0,0,0,0,0,0,0,0,0,0,0,0,0,0,0,0,0,0,0,0,0,0,0,0,0,0,0,0,0,0,0,0,0,0,0,0,0,0,0,0,0,0,0,0,0,0,0,0,0,0,0,0,0,0,0,0,0,0,0,0,0,0,0,0,0,0,0,0,0,0,0,0,0,0,0,0,0,0,0,0,0,0,0,0,0,0,0,0,0,0,0,0,0,0,0,0,0,0,0,0,0,0,0,0,0,0,0,0,0,0,0,0,0,0,0,0,0,0,0,0,0,0,0,0,0,0,0,0,0,0,0,0,0,0,0,0,0,0,0,0,0,0,0,0,0,0,0,0,0,0,0,0,0,0,0,0,0,0,0,0,0,0,0,0,0,0,0,0,0,0,0,0,0,0,0,0,0,0,0,0,0,0,0,0,0,0,0,0,0,0,0,0,0,0,0,0,0,0,0,0,0,0,0,0,0,0,0,0,0,0,0,0,0,0,0,0,0,0,0,0,0,0,0,0,0,0,0,0,0,0,0,0,0,0,0,0,0,0,0,0,0,0,0,0,0,0,0,0,0,0,0,0,0,0,0,0,0,0,0,0,0,0,0,0,0,0,0,0,0,0,0,0,0,0,0,0,0,0,0,0,0,0,0,0,0,0,0,0,0,0,0,0,0,0,0,0,0,0,0,0,0,0,0,0,0,0,0,0,0,0,0,0,0,0,0,0,0,0,0,0,0,0,0,0,0,0,0,0,0,0,0,0,0,0,0,0,0,0,0,0,0,0,0,0,0,0,0,0,0,0,0,0,0,0,0,0,0,0,0,0,0,0,0,0,0,0,0,0,0,0,0,0,0,0,0,0,0,0,0,0,0,0,0,0,0,0,0,0,0,0,0,0,0,0,0,0,0,0,0,0,0,0,0,0,0,0,0,0,0,0,0,0,0,0,0,0,0,0,0,0,0,0,0,0,0,0,0,0,0,0,0,0,0,0,0,0,0,0,0,0,0,0,0,0,0,0,0,0,0,0,0,0,0,0,0,0,0,0,0,0,0,0,0,0,0,0,0,0,0,0,0,0,0,0,0,0,0,0,0,0,0,0,0,0,0,0,0,0,0,0,0,0,0,0,0,0,0,0,0,0,0,0,0,0,0,0,0,0,0,0,0,0,0,0,0,0,0,0,0,0,0,0,0,0,0,0,0,0,0,0,0,0,0,0,0,0,0,0,0,0,0,0,0,0,0,0,0,0,0,0,0,0,0,0,0,0,0,0,0,0,0,0,0,0,0,0,0,0,0,0,0,0,0,0,0,0,0,0,0,0,0,0,0,0,0,0,0,0,0,0,0,0,0,0,0,0,0,0,0,0,0,0,0,0,0,0,0,0,0,0,0,0,0,0,0,0,0,0,0,0,0,0,0,0,0,0,0,0,0,0,0,0,0,0,0,0,0,0,0,0,0,0,0,0,0,0,0,0,0,0,0,0,0,0,0,0,0,0,0,0,0,0,0,0,0,-0.7042903,0.73815155,-0.6838131,0.55609804,0.18944101,0.1699684,-0.5678274,0.13411406,-0.5165186,0.5289754,0.3623764,0.34661284,-0.32395607,-1.1727922,-0.5230867,0.24283616,-0.5876091,0.09524609,0.5101983,-0.07019387,0.55215716,0.71937436,0.32791296,1.4733201,-0.18301141,0.07051896,-0.042298578,-0.86022574,0.28417683,-1.2396327,-0.071662046,-0.30123803,0.06688716,-0.7825671,0.9718229,-0.7719035,0.19763188,-0.51899135,-0.3651422,0.17970471,-0.42881456,-0.290729,-0.41521463,-0.017185085,-0.40130562,1.4839064,0.07260531,1.3905615,-0.99359775,-0.40571016,-0.18988866,-0.2293748,0.29174954,-0.14592072,-0.23632929,-0.30734253,-0.91910726,-0.5416321,-0.5165186,-0.39195567,-0.21183398,0.7842058,0.20860454,-0.2103658,0.031187367,-0.45014173,-0.43399182,-0.16423425,0.13102317,-0.38453755,0.2901268,0.7091744,0.15103668,-0.3138334,-0.17543873,-0.21361125,-0.8324077,-0.047862183,0.8512009,-0.25193828,-1.1180834,0.30697218,-0.68095404,-0.21129307,0.06356446,0.22274537,-0.81981236,-0.14406618,1.0611497,0.25272703,0.35070828,-0.78055805,0.11209145,0.16301389,-0.15140705,0.2893541,-0.92575264,1.064936,0.25064066,-1.1403378,0.023923771,0.12260048,0.7815013,0.28023595,0.52735275,0.4315351,0.41067156,0.40541705,0.80012393,-0.4618871,0.7659696,0.1314868,0.5366254,-0.52872765,0.5578753,-0.28184268,-0.048171274,-1.0629883,1.1316993,0.41662154,-0.37928304,-1.0877154,-0.14282982,-0.89260286,-0.007835139,0.35325825,-1.0381066,0.64326113,0.63205665,0.5399481,0.23209532,0.36345822,-1.2092646,0.5749525,-1.1935784,0.6874609,-0.19027501,0.335022,0.5542435,0.9583003,0.8277101,0.19740006,-0.7446264,0.45587587,0.91216874,0.5503026,0.40464434,0.065573536,-0.11902996,0.69232905,-0.015485095,-0.3091198,-0.9691797,0.04347366,0.2360362,-0.6330452,-0.07398022,-0.08904831,-0.14499345,-0.45956895,0.17846835,-0.14507072,0.098568805,0.11100964,1.406866,0.0048375167,0.8970234,-0.8416031,0.33826745,0.37636268,-0.41761008,0.5924933,0.6414839,0.36732182,-0.13942985,-0.5680592,-0.1952977,-0.013476015,0.879328,-0.4276555,-0.6559951,0.913096,-1.2734779,-0.42611003,0.014032919,-0.39821473,-0.15055706,-0.5131186,-0.39620566,-0.6218407,0.3885717,-0.7103948,-0.54773664,0.12453229,0.20698182,0.39745802,-0.6410815,-0.79578066,0.35279462,-0.13402079,0.47086668,0.7463424,-0.726622,-0.11076183,-0.7803262,-1.3737001,-0.29018807,-0.77151716,0.8363646,1.3727115,0.1328777,-0.10388459,-0.7068403,-0.22280665,-0.4819779,-0.29327896,-0.034107715,0.038296416,0.24067254,0.18009107,-1.264669,-0.05203489,-0.104657315,0.6014569,0.23595893,0.55377984,-0.3054107,-0.28516537,-0.78403527,0.60431594,-0.3465196,0.17228657,-0.21793848,-0.16554788,0.2806223,0.37744448,0.43408507,0.019055618,0.59457964,-0.63049525,-0.40377834,-0.59201366,0.71968347,-0.2418929,-0.16029337,-0.35138774,-0.48097336,-0.7293265,0.15605938,-0.6872904,-0.15202522,-0.43646452,0.08496888,0.03226918,0.18349105,0.08581887,0.54582083,0.24206345,0.8375237,-0.03928496,0.24700888,0.24948159,-0.11987995,0.2957677,0.15845482,0.26238605,-0.115089074,-0.5070914,-0.27658814,0.39846256,0.5727116,-0.15225704,0.82013744,0.18573195,-0.21353397,0.2429907,0.34576285,-0.1347935,0.09339156,-0.43275544,0.2973904,-0.45601442,0.21300906,0.36199003,0.12383684,-0.13981621,-1.2547008,-0.4833688,-0.7212129,0.0014375362,0.07422803,-0.3701649,0.38408992,0.062173557,0.4580395,0.512671,-0.7483355,0.51282555,0.3431356,-0.6038363,-0.467528,-0.3023971,-0.15364794,0.8680462,-0.10249369,0.64550203,0.60338867,-0.6271725,0.39019442,0.43586233,-0.4203146,0.49659836,-0.043534935,-0.13301624,-0.1524116,-0.25618827,0.3077449,-0.46126893,0.90235513,-0.14143893,1.0524179,-0.052962154,0.0103238495,0.306354,-0.27481088,0.3099858,0.44057596,0.34244016,0.49080294,0.30496308,-0.59773177,-0.13618441,-0.4407145,-0.14646162,0.25203156,-0.2287566,-0.7348901,0.031651,-0.3060289,-0.5415548,-0.07753474,-0.18138869,-0.6763177,0.41515335,0.27019057,-0.27164274,-0.6803359,0.7379197,-0.06578936,-0.023212323,-0.30247438,-0.70382667,-0.10388459,0.13666405,0.36994907,0.40402615,0.11587779,-0.34914684,0.103282414,0.23093623,-0.5710729,0.25512245,-0.2546428,0.7022972,-0.6401543,-0.094302826,0.2722769,0.13434587,1.0976223,0.400008,-0.04778491,-0.16106609,0.5761888,-0.025375947,0.3040358,0.6407112,-0.22025666,0.7243198,0.26269513,-0.54850936,-0.37889665,-0.34860593,0.16718659,0.09099612,0.73135155,0.051046345,-0.24475197,-0.65645874,0.36121732,0.26485875,0.13156407,0.16170026,0.53461635,0.14663216,-0.4858415,-0.07537112,0.3291493,-0.22690208,-0.348915,-0.2731109,-0.039516777,0.7441015,-0.58645004,-1.1230288,-0.34922412,-0.644327,0.31408122,-0.31460613,-0.27581543,-0.38322392,-0.23215659,-0.058448486,0.10173696,0.33216292,-0.04678037,-0.26955637,0.20165004,-1.0150021,1.0596043,0.43215328,0.09532337,0.5649843,0.19639552,-0.20294766,-0.061075743,-0.13015717,-0.050721258,-0.023135051,0.31670848,-0.11176637,0.28085414,0.18550013,0.2929859,0.046332736,-0.817726,0.10274151,-0.16786605,-0.2424338,-0.672995,-0.3667649,0.31709483,-0.08588015,0.6635065,-0.20959309,-0.01533055,0.019596525,-0.5324367,-0.55940473,0.09733245,0.13998675,-0.059607573,0.098723345,0.11394599,0.53909814,0.07453712,-0.34458777,0.01812835,0.52959365,-0.31043342,-0.47772792,-0.013166926,0.1640957,-0.6318089,0.01673745,0.19732279,-0.43074638,0.3946762,-0.63072705,0.29638585,0.07677802,0.16108209,0.007773864,-0.32542425,-0.13989347,-0.16462061,0.01642836,-0.51860493,-0.22636117,-0.47301432,0.056764495,0.29947674,0.751906,-0.51675045,0.15760483,0.08125981,-0.6060772,0.00097390247,-0.72275835,0.51135737,0.06974624,-0.7633263,-0.5368412,-0.34072417,-0.03449408,0.17638199,0.81812835,0.1242232,-0.16361608,0.039996408,0.25960425,0.3599037,0.36307186,-0.24676105,-0.07761201,-0.2424338,0.108846016,-0.23524748,-0.013862377,0.18704557,-0.32125154,0.4574213,-0.43236908,-0.023830501,0.027478298,-0.15364794,0.35944006,-0.29018807,0.39058077,0.29862675,0.7806513,0.2931404,-0.07343931,0.3492401,0.27212235,0.7192971,-0.7911443,-0.059066664,0.48547116,-0.21670213,-0.4237146,-0.034803167,0.79015577,0.04509638,-0.8661757,-0.13966165,0.40325344,-0.33454236,-0.6348225,0.17615017,0.19817278,0.050428167,-0.74648094,-0.8475531,-0.44620082,0.8185147,-0.19908406,-0.47649157,0.086359784,-0.3748785,-0.3093516,0.07198714,-0.05443033,-0.41768736,-0.0837938,0.18781829,-0.22643845,-0.7095448,-0.30023348,-0.0659439,-0.35463318,-0.21469305,-0.22667027,0.25883153,0.13697313,-0.07807565,0.10204606,0.63128394,0.15698665,0.01542382,0.3905035,0.39459893,-0.0759893,-0.5683683,0.10668239,-0.066098444,-0.3277424,0.08527797,0.37481722,0.32899478,-0.13857985,0.33262655,0.19376826,0.44011232,-0.16176154,0.38208082,-0.41544646,0.950264,-0.522314,-0.17822054,-0.07768929,0.52681184,0.35109463,-0.11161182,-0.54719573,-0.64672244,0.24399525,-0.04909854,0.030414645,0.09849153,0.41074884,-0.2530974,-0.47564158,-0.00791241,0.09238702,-0.08456652,-0.40988284,0.0043738834,-0.6595496,-0.4086465,-0.1370344,0.09679154,0.5673798,0.01913289,0.03288736,0.11796415,0.0573054,-0.4379327,0.024619224,0.1794729,-0.79323065,-0.32704696,-0.3715558,-0.044462204,-0.37194216,-0.05481669,0.28912225,0.06425991,-0.3163834,0.38540354,-0.12289357,-0.100793704,-0.7545945,-0.7576082,0.7630332,0.3754354,0.0174329,-0.20317948,0.29391316,0.42666695,0.30643126,-0.092525564,-0.17883871,-0.19970223,0.21354997,0.24507706,-0.9616843,-0.1668615,0.2870359,0.4020171,-0.8533485,-0.52872765,0.118273236,-0.057366677,0.43107146,-0.1517934,-0.30309254,-0.46559617,0.14415945,-0.019580526,-0.62748164,-0.1786069,-0.57740915,0.46128494,0.11193691,0.030569188,0.16247298,0.13249134,-0.09121194,-0.13958439,-0.48066428,0.3445265,-0.2672382,0.3757445,-0.14445254,-0.59695905,0.004064794,0.09725517,0.3062767,0.19036828,-0.37024218,-0.040830407,-0.17505237,-0.101798244,0.25203156,0.12043686,-0.2103658,0.53701174,-0.59394544,-0.4669098,-0.5623411,-0.43406907,0.5917978,-0.25842917,-0.58915454,-0.083021075,0.6662883,-0.0054396973,0.011792023,0.058773573,-0.46961433,-0.21801576,0.28209049,0.2848723,-0.23942019,-0.23887928,0.41322157,0.17166838,-0.3771194,-0.22327028,0.16332299,-0.3442787,0.10590967,-0.7753035,0.11958686,0.17120476,-0.3152243,0.72686976,0.49134386,0.06997806,0.30171764,-0.40988284,-0.24892467,-0.39543295,-0.5908545,0.26014516,-0.08147563,0.7574696,-0.45987803,-0.386933,-0.020662338,-0.24289744,0.036132794,0.057769034,-0.43630996,-0.38453755,-0.3417287,-0.45160988,-0.7651808,0.12692773,0.16061845,-0.48576424,-0.106280036,-0.56767285,0.24214071,0.0682008,-0.47262794,0.413917,-0.2251248,0.4292942,0.30279946,-0.019889615,-0.49078694,0.14508672,-0.08642106,-0.41629645,-0.38569662,0.25434974,-0.27581543,0.16471387,0.39289895,-0.53019583,0.5704707,0.005455695,-0.15828428,0.16896386,-0.3754194,0.33077204,0.08620524,0.7404697,-0.1822387,0.07569621,0.19639552,0.47758937,-0.4300509,0.41128975,-0.14939797,0.19438644,0.084350705,0.08805977,0.83458734,0.29275405,0.2965404,-0.37109217,0.07724165,-0.3547877,-0.21585214,0.54705715,-0.014866916,-0.16485243,0.59566146,-0.27712905,0.17182294,-0.13038899,-0.2432838,0.37280816,0.14354128,-0.6889131,-0.08047109,0.4981438,0.34823558,0.01673745,0.07051896,-0.11848906,0.23209532,-0.37796938,0.3450674,0.3746627,0.079791635,0.3180221,0.52758455,-0.24150653,-0.016103273,0.25504518,-0.09128921,-0.075448394,0.17638199,-0.4719325,-0.24807468,0.47681665,0.1529685,0.015655637,-0.43623272,0.26957238,0.403408,-0.5773319,-0.15411158,0.272586,0.48199388,-0.03155773,0.6750201,0.18750921,-0.01942598,0.0014375362,-0.018962348,0.14663216,0.5012347,-0.1565843,-0.6713723,-0.17335238,-0.32333788,-0.11006638,0.14160946,0.49837562,0.21656358,0.32003117,-0.65916324,-0.46490073,-0.29837894,0.073996216,0.0857416,-0.42240095,0.42782602,-0.8466258,0.04610092,0.63916576,-0.12582992,0.4142261,-0.14027984,0.54705715,0.2460816,0.4543304,0.13658677,-0.49001423,-0.26878366,0.4677758,0.018901072,-0.25742462,-0.06385755,-0.6958676,0.26176786,0.720688,0.907996,0.6907836,0.82392377,-0.039903138,0.0508918,0.4836939,-0.087811954,-0.51141864,-0.2483065,0.6692247,-0.14561163,0.8469509,0.7055426,-0.06748935,0.7317379,-0.32905605,-0.048171274,-0.2313066,-0.3871648,-0.38461483,0.05691904,0.25798154,0.24863158,0.66868377,0.18928647,0.4735712,0.42635784,-0.05651668,-0.29273805,-0.36321038,-0.3774285,0.35658097,-0.4102692,0.18998192,-0.21994758,-0.7239174,0.020214703,0.024696495,0.028096477,0.17182294,-0.001035177,-0.35416955,-0.21878849,-0.65027696,-0.025839582,0.24005437,-0.001035177,-0.20271584,-0.33817416,-0.22651571,-0.0737484,0.34746283,-0.34056962,-0.2728791,-0.4808188,0.007001141,0.063719,-0.17142057,0.22297719,-0.1632297,-0.04848036,0.23008624,-0.06300755,-0.43963268,-0.42271006,-0.23694748,-0.49797326,-0.5638093,-0.24838378,-0.14893433,0.09833699,0.609725,0.4758121,0.30094492,-0.34056962,0.17769563,-0.03866678,0.49049383,0.27606326,-0.1704933,0.48021662,-0.062080286,0.3495492,0.12453229,0.492812,0.09849153,0.44598502,-0.31236523,-0.14120711,-0.28068358,0.398308,0.14199583,-0.22381118,-0.7491082,0.14439127,-0.1593661,0.17676836,-0.023907775,-0.3846921,0.20520456,-0.039748594,-0.010539669,-0.24537015,-0.091443755,-0.382683,-0.6940903,-0.17883871,-0.12467084,0.27521324,-0.35517406,0.18125015,0.15111396,0.15389577,0.28015867,-0.083021075,0.13040498,-0.37580577,0.07360985,-0.12134813,-0.8483258,-0.26453367,0.002751165,-0.18811138,0.4471441,-0.2510883,-0.13780713,-0.27048364,0.4270533,-0.31375614,0.08960522,0.033814624,0.39962164,-0.1735842,-0.03688952,0.13674131,-0.44929174,0.0034466158,-0.048248544,0.39676255,0.3643082,-0.27542907,-0.08920286,-0.2636064,0.27281782,-0.37897393,-0.25371554,0.14400491,0.14462309,-0.26376095,0.3958353,0.20628637,0.38563535,-0.124361746,-0.43291,-0.9927477,0.41329885,0.5418799,-0.32882422,1.2352442,-0.42271006,-0.074598394,-0.27025184,-1.3885363,0.8865143,1.0574406,-0.89252555,-0.16662969,0.42898512,-0.25657463,0.22359537,-0.25356102,0.85970086,0.20033641,-0.61318624,0.16224116,0.45100772,-0.8656348,1.0784587,0.36685818,0.46089855,0.96309114,0.13828675,-0.7120948,0.42303514,-0.33678326,-0.29296988,0.69387454,0.40680796,0.24963613,0.35681278,0.43501234,-0.3076516,1.4276521,0.010478394,0.22351809,0.04787818,0.40495342,0.06194174,-0.12459356,-0.52942306,-0.23447476,0.39158532,0.570007,-0.91555274,0.35820368,-0.28191996,0.35395372,0.8865143,-0.8691893,-0.8334123,0.5751843,-0.45562804,0.55957526,-0.386933,0.036132794,-0.7324174,-0.63853157,-0.364524,0.059700843,0.9883592,-0.68651766,-0.5958,-0.089357406,-1.0457565,0.20296367,-0.15187068,0.64217937,-0.496196,0.32868567,0.38702625,0.22421354,-0.21461578,0.16564114,0.70832443,0.3233539,-0.48375517,0.11340508,0.12607774,-0.43221456,0.42357606,-0.39952835,0.5174619,-0.9844023,-0.3416514,0.34437194,0.27552235,-0.33485147,-0.028698657,0.20033641,-1.0003204,0.18812738,-0.44388267,-0.30726525,0.9889001,0.6958063,0.34746283,0.19500461,0.84092367,0.33355382,0.8682781,0.35804915,-0.3163061,0.68004274,-0.8426077,-0.07220296,-1.0024067,0.34267196,0.7789513,0.6417157,1.0225135,-0.5148959,1.00335,0.37419906,0.20072277,-0.37804666,0.32034028,-0.31622884,0.049964532,0.64635205,1.3377072,-0.7426946,
0,0,0,0,0,0,0,0,0,0,0,0,0,0,0,0,0,0,0,0,0,0,0,0,0,0,0,0,0,0,0,0,0,0,0,0,0,0,0,0,0,0,0,0,0,0,0,0,0,0,0,0,0,0,0,0,0,0,0,0,0,0,0,0,0,0,0,0,0,0,0,0,0,0,0,0,0,0,0,0,0,0,0,0,0,0,0,0,0,0,0,0,0,0,0,0,0,0,0,0,0,0,0,0,0,0,0,0,0,0,0,0,0,0,0,0,0,0,0,0,0,0,0,0,0,0,0,0,0,0,0,0,0,0,0,0,0,0,0,0,0,0,0,0,0,0,0,0,0,0,0,0,0,0,0,0,0,0,0,0,0,0,0,0,0,0,0,0,0,0,0,0,0,0,0,0,0,0,0,0,0,0,0,0,0,0,0,0,0,0,0,0,0,0,0,0,0,0,0,0,0,0,0,0,0,0,0,0,0,0,0,0,0,0,0,0,0,0,0,0,0,0,0,0,0,0,0,0,0,0,0,0,0,0,0,0,0,0,0,0,0,0,0,0,0,0,0,0,0,0,0,0,0,0,0,0,0,0,0,0,0,0,0,0,0,0,0,0,0,0,0,0,0,0,0,0,0,0,0,0,0,0,0,0,0,0,0,0,0,0,0,0,0,0,0,0,0,0,0,0,0,0,0,0,0,0,1,0,0,0,0,0,0,0,0,0,0,0,0,0,0,0,0,0,0,0,0,0,0,0,0,0,0,0,0,0,0,0,0,0,0,0,0,0,0,0,0,0,0,0,0,0,0,0,0,0,0,0,0,0,0,0,0,0,0,0,0,0,0,0,0,0,0,0,0,0,0,0,0,0,0,0,0,0,0,0,0,0,0,0,0,0,0,0,0,0,0,0,0,0,0,0,0,0,0,0,0,0,0,0,0,0,0,0,0,0,0,0,0,0,0,0,0,0,0,0,0,0,0,0,0,0,0,0,0,0,0,0,0,0,0,0,0,0,0,0,0,0,0,0,0,0,0,0,0,0,0,0,0,0,0,0,0,0,0,0,0,0,0,0,0,0,0,0,0,0,0,0,0,0,0,0,0,0,0,0,0,0,0,0,0,0,0,0,0,0,0,0,0,0,0,0,0,0,0,0,0,0,0,0,0,0,0,0,0,0,0,0,0,0,0,0,0,0,0,0,0,0,0,0,0,0,0,0,0,0,0,0,0,0,0,0,0,0,0,0,0,0,0,0,0,0,0,0,0,0,0,0,0,0,0,0,0,0,0,0,0,0,0,0,0,0,0,0,0,0,0,0,0,0,0,0,0,0,0,0,0,0,0,0,0,0,0,0,0,0,0,0,0,0,0,0,0,0,0,0,0,0,0,0,0,0,0,0,0,0,0,0,0,0,0,0,0,0,0,0,0,0,0,0,0,0,0,0,0,0,0,0,0,0,0,0,0,0,0,0,0,0,0,0,0,0,0,0,0,0,0,0,0,0,0,0,0,0,0,0,0,0,0,0,0,0,0,0,0,0,0,0,0,0,0,0,0,0,0,0,0,0,0,0,0,0,0,0,0,0,0,0,0,0,0,0,0,0,0,0,0,0,0,0,0,0,0,0,0,0,0,0,0,0,0,0,0,0,0,0,0,0,0,0,0,0,0,0,0,0,0,0,0,0,0,0,0,0,0,0,0,0,0,0,0,0,0,0,0,0,0,0,0,0,0,0,0,0,0,0,0,0,0,0,0,0,0,0,0,0,0,0,0,0,0,0,0,0,0,0,0,0,0,0,0,0,0,0,0,0,0,0,0,0,0,0,0,0,0,0,0,0,0,0,0,0,0,0,0,0,0,0,0,0,0,0,0,0,0,0,0,0,0,0,0,0,0,0,0,0,0,0,0,0,0,0,0,0,0,0,0,0,0,0,0,0,0,0,0,0,0,0,0,0,0,0,0,0,0,0,0,0,0,0,0,0,0,0,0,0,0,0,0,0,0,0,0,0,0,0,0,0,0,0,0,0,0,0,0,0,0,0,0,0,0,0,0,0,0,0,0,0,0,0,0,0,0,0,0,0,0,0,0,0,0,0,0,0,0,0,0,0,0,0,0,0,0,0,0,0,0,0,0,0,0,0,0,0,0,0,0,0,0,0,0,0,0,0,0,0,0,0,0,0,0,0,0,0,0,0,0,0,0,0,0,0,0,0,0,0,0,0,0,0,0,0,0,0,0,0,0,0,0,0,0,0,0,0,0,0,0,0,0,0,0,0,0,0,0,0,0,0,0,0,0,0,0,0,0,0,0,0,0,0,0,0,0,0,0,0,0,0,0,0,0,0,0,0,0,0,0,0,0,0,0,0,0,0,0,0,0,0,0,0,0,0,0,0,0,0,0,0,0,0,0,0,0,0,0,0,0,0,0,0,0,0,0,0,0,0,0,0,0,0,0,0,0,0,0,0,0,0,0,0,0,0,0,0,0,0,0,0,0,0,0,0,0,0,0,0,0,0,0,0,0,0,0,0,0,0,0,0,0,0,0,0,0,0,0,0,0,0,0,0,0,0,0,0,0,0,0,0,0,0,0,0,0,0,0,0,0,0,0,0,0,0,0,0,0,0,0,0,0,0,0,0,0,0,0,0,0,0,0,0,0,0,0,0,0,0,0,0,0,0,0,0,0,0,0,0,0,0,0,0,0,0,0,0,0,0,0,0,0,0,0,0,0,0,0,0,0,0,0,0,0,0,0,0,0,0,0,0,0,0,0,0,0,0,0,0,0,0,0,0,0,0,0,0,0,0,0,0,0,0,0,0,0,0,0,0,0,0,0,0,0,0,0,0,0,0,0,0,0,0,0,0,0,0,0,0,0,0,0,0,0,0,0,0,0,0,0,0,0,0,0,0,0,0,0,0,0,0,0,0,0,0,0,0,0,0,0,0,0,0,0,0,0,0,0,0,0,0,0,0,0,0,0,0,0,0,0,0,0,0,0,0,0,0,0,0,0,0,0,0,0,0,0,0,0,0,0,0,0,0,0,0,0,0,0,0,0,0,0,0,0,0,0,0,0,0,0,0,0,0,0,0,0,0,0,0,0,0,0,0,0,0,0,0,0,0,0,0,0,0,0,0,0,0,0,0,0,0,0,0,0,0,0,0,0,0,0,0,0,0,0,0,0,0,0,0,0,0,0,0,0,0,0,0,0,0,0,0,0,0,0,0,0,0,0,0,0,0,0,0,0,0,0,0,0,0,0,0,0,0,0,0,0,0,0,0,0,0,0,0,0,0,0,0,0,0,0,0,0,0,0,0,0,0,0,0,0,0,0,0,0,0,0,0,0,0,0,0,0,0,0,0,0,0,0,0,0,0,0,0,0,0,0,0,0,0,0,0,0,0,0,0,0,0,0,0,0,0,0,0,0,0,0,0,0,0,0,0,0,0,0,0,0,0,0,0,0,0,0,0,0,0,0,0,0,0,0,0,0,0,0,0,0,0,0,0,0,0,0,0,0,0,0,0,0,0,0,0,0,0,0,0,0,0,0,0,0,0,0,0,0,0,0,0,0,0,0,0,0,0,0,0,0,0,0,0,0,0,0,0,0,0,0,0,0,0,0,0,0,0,0,0,0,0,0,0,0,0,0,0,0,0,0,0,0,0,0,0,0,0,0,0,0,0,0,0,0,0,0,0,0,0,0,0,0,0,0,0,0,0,0,0,0,0,0,0,0,0,0,0,0,0,0,0,0,0,0,0,0,0,0,0,0,0,0,0,0,0,0,0,0,0,0,0,0,0,0,0,0,0,0,0,0,0,0,0,0,0,0,0,0,0,0,0,0,0,0,0,0,0,0,0,0,0,0,0,0,0,0,0,0,0,0,0,0,0,0,0,0,0,0,0,0,0,0,0,0,0,0,0,0,0,0,0,0,0,0,0,0,0,0,0,0,0,0,0,0,0,0,0,0,0,0,0,0,0,0,0,0,0,0,0,0,0,0,0,0,0,0,0,0,0,0,0,0,0,0,0,0,0,0,0,0,0,0,0,0,0,0,0,0,0,0,0,0,0,0,0,0,0,0,0,0,0,0,0,0,0,0,0,0,0,0,0,0,0,0,0,0,0,0,0,0,0,0,0,0,0,0,0,0,0,0,0,0,0,0,0,0,0,0,0,0,0,0,0,0,0,0,0,0,0,0,0,0,0,0,0,0,0,0,0,0,0,0,0,0,0,0,0,0,0,0,0,0,0,0,0,0,0,0,0,0,0,0,0,0,0,0,0,0,0,0,0,0,0,0,0,0,0,0,0,0,0,0,0,0,0,0,0,0,0,0,0,0,0,0,0,0,0,0,0,0,0,0,0,0,0,0,0,0,0,0,0,0,0,0,0,0,0,0,0,0,0,0,0,0,0,0,0,0,0,0,0,0,0,0,0,0,0,0,0,0,0,0,0,0,0,0,0,0,0,0,0,0,0,0,0,0,0,0,0,0,0,0,0,0,0,0,0,0,0,0,0,0,0,0,0,0,0,0,0,0,0,0,0,0,0,0,0,0,0,0,0,0,0,0,0,0,0,0,0,0,0,0,0,0,0,0,0,0,0,0,0,0,0,0,0,0,0,0,0,0,0,0,0,0,0,0,0,0,0,0,0,0,0,0,0,0,0,0,0,0,0,0,0,0,0,0,0,0,0,0,0,0,0,0,0,0,0,0,0,0,0,0,0,0,0,0,0,0,0,0,0,0,0,0,0,0,0,0,0,0,0,0,0,0,0,0,0,0,0,0,0,0,0,0,0,0,0,0,0,0,0,0,0,0,0,0,0,0,0,0,0,0,0,0,0,0,0,0,0,0,0,0,0,0,0,0,0,0,0,0,0,0,0,0,0,0,0,0,0,0,0,0,0,0,0,0,0,0,0,0,0,0,0,0,0,0,0,0,0,0,0,0,0,0,0,0,0,0,0,0,0,0,0,0,0,0,0,0,0,0,0,0,0,0,0,0,0,0,0,0,0,0,0,0,0,0,0,0,0,0,0,0,0,0,0,0,0,0,0,0,0,0,0,0,0,0,0,0,0,0,0,0,0,0,0,0,0,0,0,0,0,0,0,0,0,0,0,0,0,0,0,0,0,0,0,0,0,0,0,0,0,0,0,0,0,0,0,0,0,0,0,0,0,0,0,0,0,0,0,0,0,0,0,0,0,0,0,0,0,0,0,0,0,0,0,0,0,0,0,0,0,0,0,0,0,0,0,0,0,0,0,0,0,0,0,0,0,0,0,0,0,0,0,0,0,0,0,0,0,0,0,0,0,0,0,0,0,0,0,0,0,0,0,0,0,0,0,0,0,0,0,0,0,0,0,0,0,0,0,0,0,0,0,0,0,0,0,0,0,0,0,0,0,0,0,0,0,0,0,0,0,0,0,0,0,0,0,0,0,0,0,0,0,0,0,0,0,0,0,0,0,0,0,0,0,0,0,0,0,0,0,0,0,0,0,0,0,0,0,0,0,0,0,0,0,0,0,0,0,0,0,0,0,0,0,0,0,0,0,0,0,0,0,0,0,0,0,0,0,0,0,0,0,0,0,0,0,0,0,0,0,0,0,0,0,0,0,0,0,0,0,0,0,0,0,0,0,0,0,0,0,0,0,0,0,0,0,0,0,0,0,0,0,0,0,0,0,0,0,0,0,0,0,0,0,0,0,0,0,0,0,0,0,0,0,0,0,0,0,0,0,0,0,0,0,0,0,0,0,0,0,0,0,0,0,0,0,0,0,0,0,0,0,0,0,0,0,0,0,0,0,0,0,0,0,0,0,0,0,0,0,0,0,0,0,0,0,0,0,0,0,0,0,0,0,0,0,0,0,0,0,0,0,0,0,0,0,0,0,0,0,0,0,0,0,0,0,0,0,0,0,0,0,0,0,0,0,0,0,0,0,0,0,0,0,0,0,0,0,0,0,0,0,0,0,0,0,0,0,0,0,0,0,0,0,0,0,0,0,0,0,0,0,0,0,0,0,0,0,0,0,0,0,0,0,0,0,0,0,0,0,0,0,0,0,0,0,0,0,0,0,0,0,0,0,0,0,0,0,0,0,0,0,0,0,0,0,0,0,0,0,0,0,0,0,0,0,0,0,0,0,0,0,0,0,0,0,0,0,0,0,0,0,0,0,0,0,0,0,0,0,0,0,0,0,0,0,0,0,0,0,0,0,0,0,0,0,0,0,0,0,0,0,0,0,0,0,0,0,0,0,0,0,0,0,0,0,0,0,0,0,0,0,0,0,0,0,0,0,0,0,0,0,0,0,0,0,0,0,0,0,0,0,0,0,0,0,0,0,0,0,0,0,0,0,0,0,0,0,0,0,0,0,0,0,0,0,0,0,0,0,0,0,0,0,0,0,0,0,0,0,0,0,0,0,0,0,0,0,0,0,0,0,0,0,0,0,0,0,0,0,0,0,0,0,0,0,0,0,0,0,0,0,0,0,0,0,0,0,0,0,0,0,0,0,0,0,0,0,0,0,0,0,0,0,0,0,0,0,0,0,0,0,0,0,0,0,0,0,0,0,0,0,0,0,0,0,0,0,0,0,0,0,0,0,0,0,0,0,0,0,0,0,0,0,0,0,0,0,0,0,0,0,0,0,0,0,0,0,0,0,0,0,0,0,0,0,0,0,0,0,0,0,0,0,0,0,0,0,0,0,0,0,0,0,0,0,0,0,0,0,0,0,0,0,0,0,0,0,0,0,0,0,0,0,0,0,0,0,0,0,0,0,0,0,0,0,0,0,0,0,0,0,0,0,0,0,0,0,0,0,0,0,0,0,0,0,0,0,0,0,0,0,0,0,0,0,0,0,0,0,0,0,0,0,0,0,0,0,0,0,0,0,0,0,0,0,0,0,0,0,0,0,0,0,0,0,0,0,0,0,0,0,0,0,0,0,0,0,0,0,0,0,0,0,0,0,0,0,0,0,0,0,0,0,0,0,0,0,0,0,0,0,0,0,0,0,0,0,0,0,0,0,0,0,0,0,0,0,0,0,0,0,0,0,0,0,0,0,0,0,0,0,0,0,0,0,0,0,0,0,0,0,0,0,0,0,0,0,0,0,0,0,0,0,0,0,0,0,0,0,0,0,0,0,0,0,0,0,0,0,0,0,0,0,0,0,0,0,0,0,0,0,0,0,0,0,0,0,0,0,0,0,0,0,0,0,0,0,0,0,0,0,0,0,0,0,0,0,0,0,0,0,0,0,0,0,0,0,0,0,0,0,0,0,0,0,0,0,0,0,0,0,0,0,0,0,0,0,0,0,0,0,0,0,0,0,0,0,0,0,0,0,0,0,0,0,0,0,0,0,0,0,0,0,0,0,0,0,0,0,0,0,0,0,0,0,0,0,0,0,0,0,0,0,0,0,0,0,0,0,0,0,0,0,0,0,0,0,0,0,0,0,0,0,0,0,0,0,0,0,0,0,0,0,0,0,0,0,0,0,0,0,0,0,0,0,0,0,0,0,0,0,0,0,0,0,0,0,0,0,0,0,0,0,0,0,0,0,0,0,0,0,0,0,0,0,0,0,0,0,0,0,0,0,0,0,0,0,0,0,0,0,0,0,0,0,0,0,0,0,0,0,0,0,0,0,0,0,0,0,0,0,0,0,0,0,0,0,0,0,0,0,0,0,0,0,0,0,0,0,0,0,0,0,0,0,0,0,0,0,0,0,0,0,0,0,0,0,0,0,0,0,0,0,0,0,0,0,0,0,0,0,0,0,0,0,0,0,0,0,0,0,0,0,0,0,0,0,0,0,0,0,0,0,0,0,0,0,0,0,0,0,0,0,0,0,0,0,0,0,0,0,0,0,0,0,0,0,0,0,0,0,0,0,0,0,0,0,0,0,0,0,0,0,0,0,0,0,0,0,0,0,0,0,0,0,0,0,0,0,0,0,0,0,0,0,0,0,0,0,0,0,0,0,0,0,0,0,0,0,0,0,0,0,0,0,0,0,0,0,0,0,0,0,0,0,0,0,0,0,0,0,0,0,0,0,0,0,0,0,0,0,0,0,0,0,0,0,0,0,0,0,0,0,0,0,0,0,0,0,0,0,0,0,0,0,0,0,0,0,0,0,0,0,0,0,0,0,0,0,0,0,0,0,0,0,0,0,0,0,0,0,0,0,0,0,0,0,0,0,0,0,0,0,0,0,0,0,0,0,0,0,0,0,0,0,0,0,0,0,0,0,0,0,0,0,0,0,0,0,0,0,0,0,0,0,0,0,0,0,0,0,0,0,0,0,0,0,0,0,0,0,0,0,0,0,0,0,0,0,0,0,0,0,0,0,0,0,0,0,0,0,0,0,0,0,0,0,0,0,0,0,0,0,0,0,0,0,0,0,0,0,0,0,0,0,0,0,0,0,0,0,0,0,0,0,0,0,0,0,0,0,0,0,0,0,0,0,0,0,0,0,0,0,0,0,0,0,0,0,0,0,0,0,0,0,0,0,0,0,0,0,0,0,0,0,0,0,0,0,0,0,0,0,0,0,0,0,0,0,0,0,0,0,0,0,0,0,0,0,0,0,0,0,0,0,0,0,0,0,0,0,0,0,0,0,0,0,0,0,0,0,0,0,0,0,0,0,0,0,0,0,0,0,0,0,0,0,0,0,0,0,0,0,0,0,0,0,0,0,0,0,0,0,0,0,0,0,0,0,0,0,0,0,0,0,0,0,-1.3387679,-1.6759102,-1.1685455,0.04214968,1.2704074,-0.920192,-0.8667536,0.7135823,-1.3323132,-0.98676485,-0.474972,-1.0318723,-0.17190418,-0.650298,-0.8349307,0.75636303,-1.7251456,1.0207781,0.42447448,-0.8220965,1.0604815,-1.8013253,-0.28328422,-0.4982387,-0.032904264,-0.27360228,-0.5537036,0.58621573,0.14242175,-0.1791844,-1.032848,0.4047353,-0.28726208,-0.14315851,0.31759766,0.3888989,-0.37800232,0.35835195,0.64078,0.42432436,-0.15681833,0.30341247,-0.22962065,-0.08964505,0.20096382,0.110673934,-0.7056878,-0.64369327,-0.9566682,0.026163189,0.75200987,0.008450459,1.2532952,0.3591025,-0.5672133,-0.2352497,-0.42611188,1.2383595,-0.120717384,0.057310577,-0.4809763,0.39497828,0.06564157,-0.06517746,-0.5566307,-0.3665941,-0.44720203,0.9600594,-0.65299994,0.16396223,0.006724218,-0.30332363,0.6117341,0.9114995,-0.6078175,-0.5106226,-0.1265716,-0.15321574,-0.60819274,-0.20747975,0.52917475,-0.30332363,-0.27675453,-0.37515026,0.099190675,-0.6533752,0.41156518,-1.1591637,-0.41650498,-0.13250086,0.6003259,-0.3690709,0.9320643,0.83419394,-0.3921875,-0.31585765,0.08095257,-1.4260556,-0.41890672,-0.4886318,-0.51707727,1.026107,-0.20140037,-1.018888,0.019408334,-0.64196706,-0.43947148,0.37028554,-0.76400477,-0.13009912,-0.22053912,0.033143207,0.11780406,-1.2279131,0.5644501,-0.42228413,-0.26609686,0.55259156,-0.71979797,0.014830044,-0.12146792,-0.36456764,0.40953875,0.35077152,-0.31030366,-0.6371636,-0.058047336,-0.4676167,-1.6004059,-0.66951185,0.58599055,-0.03718234,0.5270732,-0.36696938,0.597774,-0.4863802,-0.035155885,-0.44284892,-1.0942421,0.02406168,-0.3175839,0.49945337,0.75403637,-1.3164768,-0.23750132,0.3815436,-0.044087302,-0.61779964,0.16628891,-0.30212277,0.8164062,-0.10525627,-0.13377677,0.43880978,-0.23990305,-0.5910054,0.36465648,1.0523007,-0.2935666,-0.1210176,-0.4575595,0.58906776,0.671477,-0.26527128,0.006649164,-0.53891796,0.06631705,-0.75147074,0.651963,0.12185697,-0.89204675,0.055584338,0.06894394,0.017832201,-0.37740186,-1.6510674,0.9090978,0.27894488,-0.02937673,-0.19014227,0.91345096,0.15548113,-0.21220814,-0.36974636,-1.2963624,0.6184889,-1.4687613,1.3630991,-0.11764017,-0.07403383,0.18069926,0.48706946,-0.1210176,0.1130006,-1.4219276,-0.4340676,-0.4977884,0.074798144,-1.3079207,-1.3606836,-0.0014566622,0.17169279,-0.7751878,-0.5997867,-0.89992744,-0.27360228,0.4037596,0.23488821,-0.55618036,1.077744,0.5141639,-0.27900615,0.8958883,-0.98939174,-0.7526716,-0.73773587,0.22445571,0.2906533,-0.07095662,-1.2023948,0.016931554,-0.5495006,0.37433845,-0.29784468,-0.7300053,-0.3323695,-0.10353003,1.4386034,-1.3056691,1.1440917,1.5489327,0.12966257,0.1661388,-0.15396628,0.7341471,0.5358545,-0.18061043,-0.4453257,-0.09670012,0.78413296,-1.1711724,0.74375397,-0.23457421,-0.00445882,0.012353264,1.0447953,-0.66260684,-0.030052215,0.18955563,0.39580387,0.46252683,0.49787724,-0.0036332265,0.038021713,0.06256435,0.1548807,0.21342278,-0.5460481,-0.66696,-0.23637551,-0.512499,0.41854522,-0.08266503,-0.20342682,0.1840767,-0.52098006,-0.44307408,-0.9884911,-0.159145,0.2778941,0.48159054,0.014154558,-0.924395,-0.18061043,-0.35315946,-0.22068924,0.6707265,-0.7054627,-0.55032617,0.04958002,1.1983557,0.56827784,-0.16770115,0.101292185,0.8738975,0.11555244,-0.24080369,-1.1757507,-1.3491253,-0.11103542,-0.57524407,0.053407773,0.38672236,0.14579917,-0.86735404,0.42905277,0.43205494,-0.4378203,1.4009264,-0.2230159,0.62892145,-0.39759138,-0.26602182,-1.3697652,-0.95141447,0.46740532,0.11907997,0.014830044,-0.31795916,0.9108991,0.29703286,-0.23442411,0.3603784,-0.009037111,-0.35526097,-0.9490127,-0.9057816,-0.6369384,0.06646716,-1.2365444,0.12606,-0.45808485,-1.073227,-0.45155516,-0.4186065,0.5580705,0.15923384,0.11472684,-0.22046408,0.30438817,0.78938675,0.79659194,0.7342221,0.6183388,0.7022491,0.10369392,-0.9674009,0.12786129,0.5070338,0.983101,0.5480883,-0.49073333,-1.0540131,0.038472038,0.80785,-0.52540827,-0.07373361,-0.23630045,0.31369486,-0.3115045,0.36060357,0.4896213,0.2586803,-1.4581037,0.90309346,0.59319574,-0.48645526,0.6567664,-0.1325759,0.14594929,0.7060018,0.58013636,0.34304094,0.19563499,-0.6966063,0.07810052,-0.7194227,-0.0001056912,-0.43827063,0.4873697,-0.5582068,-0.09564936,-0.050767105,0.08943366,0.9144266,0.08988399,-1.1220871,-0.82314724,0.138594,0.31091785,0.8429002,-0.13017417,-0.19554617,-0.23172216,0.5776596,0.12861182,1.5382,-0.035155885,0.44961753,-0.39436406,-0.86149985,0.57112986,0.5445608,0.033518475,-0.7635544,1.1184232,0.36600745,0.27399132,0.011602724,0.31039247,-0.32043594,0.31174344,-0.96665037,-0.06435187,0.30799076,-1.1384488,-0.1400813,-0.27029988,0.1309385,0.5065084,-0.19404508,0.36353067,-0.65675265,-0.54694873,0.011302508,-0.43249148,0.09851519,-1.3902549,0.37463865,-0.26699752,1.3636996,-0.2945423,-0.118090495,0.39940646,-0.30767676,-0.5053688,1.1721618,0.34919536,0.35039625,0.56595117,-0.7730112,0.052882396,-0.16965255,0.13221441,-1.1827307,0.11044877,-0.5538537,-0.66328233,1.0144736,-0.84814024,-0.52180564,-0.33469617,0.03171718,0.96996653,1.3714302,0.09648874,-0.27202612,0.4643281,0.0010951719,1.1650318,-0.09137129,-0.12709697,-0.36524314,-0.8694555,-0.003182903,-0.40104386,0.08260375,0.026838675,0.20374082,-0.6299584,0.1319142,-0.34843105,-0.08604246,0.35917753,0.6536892,0.5534922,0.8326178,-1.343196,0.805073,-1.4473709,-0.25656503,-1.2187566,0.95518094,0.30911657,-0.78779685,-0.28298402,-0.7871964,-0.370647,0.8312669,-1.1554111,0.87727493,0.086731724,0.7969672,-0.026599733,-0.5567058,0.6344754,1.5592151,0.6284711,-0.58717763,1.7312387,-0.44359946,0.7195115,0.32202584,-0.52360696,-1.0695493,-0.6045902,-0.15704349,-1.2613872,-1.6571467,0.11172469,-0.31961033,0.029540617,-0.86435187,1.376834,0.5191926,-0.3102286,-0.15666822,-0.7550733,0.12643526,1.0899028,1.7325146,-0.31308064,-0.4599612,-1.2147037,0.61841387,0.5688783,0.9003165,0.010551969,-0.30625072,-0.38896018,0.05093099,-0.44284892,-0.2350996,-0.5160265,0.6633712,-0.03260405,-0.30182254,-0.27292678,0.29095352,1.1567007,1.0514001,1.515909,-0.43346718,-0.008511733,-0.59776026,-0.14601056,0.6073809,-0.04198579,-1.0654213,0.7296438,-0.47114426,0.53810614,0.057835955,0.0567852,-0.14075679,0.66412175,-1.3365163,0.46020016,-0.6990831,-0.21040684,-0.25003532,0.3716365,1.0080189,-0.45831004,-0.75762516,-0.25814116,1.3957475,-1.4202764,0.06421554,-0.21190792,-1.4924033,0.7904375,0.025112435,-0.95224005,0.6721525,0.3846959,-0.91749007,-0.6346117,-0.42506114,-0.46821713,0.7262664,0.89851516,-1.006579,0.4552466,0.27474186,0.19623543,0.7399262,0.06571662,1.5216881,-0.30805203,1.753905,-0.5795972,-0.66245675,0.19105671,-0.124169864,-0.7119173,-0.38137972,-0.23127185,0.8612884,0.82113457,0.19803673,-0.5058192,0.7634181,-0.52248114,1.2574232,0.15420522,0.2394665,-0.08319041,0.16005942,0.41862026,-1.2985389,1.7662889,-1.2523057,-0.1467611,0.55409265,-0.2988204,0.5580705,1.2168189,0.063615106,0.16741471,1.1509967,0.22970949,-0.38002875,0.27151453,-1.6304275,-0.8817644,-0.34122586,0.16231105,-0.3695212,0.54163367,-0.40434623,0.22580668,1.4654727,-0.608493,1.2138919,0.2327867,-0.96139663,-0.5156512,-0.15937017,-0.9448848,0.8883829,0.40563592,-0.3848322,-0.40089375,-0.63626295,-1.7418826,-0.8602239,0.345893,0.6944435,-0.68872565,-0.07868717,0.8741227,0.05550928,-0.5427457,0.55521846,-0.0126397,-0.39744127,-0.5637608,1.0444951,-0.31585765,0.13866906,0.7218382,0.71741,0.21319762,-0.2877124,0.24171811,0.05505896,1.2887957,0.4435382,-0.39031115,-0.09362291,0.58321357,-0.22414172,0.5723308,-0.8641267,-0.74666727,0.5412584,0.3440917,0.43445665,0.8799018,0.05378304,0.6216412,0.15345468,-1.2315909,1.2687563,-0.68722457,0.5455365,1.0435945,-1.6259993,1.0003633,-0.43054006,0.7755018,1.2917228,-0.09670012,-0.8252488,0.44263753,0.7481071,-1.3453726,-0.30212277,0.94182134,-0.58852863,-1.2603365,-0.32313788,0.61443603,0.13304001,0.1043694,0.22858368,0.038997415,-0.45178032,-0.66065544,0.34776935,1.06521,-0.1915683,-0.47609782,-0.43969664,1.314239,0.6412303,0.73692405,1.4178885,0.19128187,0.29688278,0.2202527,-0.06953059,-0.19404508,0.0654164,0.66164494,-0.8499415,0.9599093,1.3073341,0.75246024,-0.067278974,-0.23007098,0.15285425,-0.15396628,-0.90022767,-0.22046408,-0.48773116,-0.92379457,-1.0880877,-1.3063445,0.3499459,-0.19314444,0.31969917,1.1182731,0.26235795,0.5603221,0.19113176,-0.122443624,-0.9887913,-0.09767582,-1.6275754,-0.774062,-0.7694837,0.21514903,0.7042756,1.1497208,-0.15599273,-0.37657627,-0.76918346,-0.024723385,-1.3520525,0.3618795,-1.2050967,-0.26887387,0.1604347,-0.570966,-0.9011283,0.46207651,0.60025084,-0.18166119,-0.9320505,0.5148394,0.18250056,1.392145,-0.559858,1.2472159,-0.020145094,0.02863997,-0.18841603,-1.1975914,0.8089758,-0.09602463,-0.6271814,-1.3813984,-0.99269414,-0.6979573,-0.23112173,0.3398887,-0.56421113,-1.3754692,0.3613541,-0.44885322,0.84275013,-0.38235542,-0.29011413,0.47731245,0.73542297,-0.3082772,0.03321826,0.88478035,0.7851837,-1.1668943,-1.448872,1.0820972,-0.41582948,0.51318824,0.54403543,0.70952934,0.319474,-0.612696,-0.5810232,0.91405135,0.07412266,0.31121808,0.20261501,0.038922362,0.23248649,0.63897866,0.11337587,0.41899553,0.18302594,-1.1041492,-0.40862432,0.060688004,-1.6092622,-0.8838659,0.21777591,0.48174062,0.06263941,0.043200433,-0.19877349,-0.3380736,0.40105763,-0.64279264,0.26010633,-1.0139344,0.7903625,0.19248272,-0.5648116,-0.21588579,0.117954165,-0.9449598,-0.02254682,-1.249904,-1.219357,1.1353854,0.30228665,-0.0488157,0.5758583,-0.77203554,-0.5595578,0.19068144,-0.56518686,-0.39361352,0.99150705,-0.17985989,-0.20823029,0.6421309,-0.02937673,-0.45433217,0.65511525,-0.54019386,-0.23382367,-0.34993213,1.0859249,-0.6791938,-0.376201,-0.5987359,0.72221345,0.34041405,0.67477936,0.28059608,0.64505804,-0.110510044,-0.17010288,0.0021459272,-0.58897895,-0.28155798,0.06744286,-0.39646557,0.16598868,0.43400633,0.5377309,1.6600876,0.20674299,0.857911,-0.28350937,0.1635119,-0.081764385,0.19503456,-0.2486093,0.59417146,0.07757514,-0.5446971,-1.2050217,0.34161493,0.7990687,-0.017142937,0.20028834,0.6281709,0.27219003,-0.91553867,-0.9808356,-0.669737,-0.5035676,0.45479628,0.45487133,0.16628891,-0.15689339,1.3516909,0.91487694,-0.3361222,0.636652,-1.2223592,0.42027146,0.5730062,-0.51137316,0.606105,-0.19479562,0.2146987,-0.2409538,-0.27863088,-0.18834099,0.5600219,-1.034274,-1.1991675,-0.28553584,-1.2857047,0.24434501,0.84867936,-0.14270818,-0.32493916,1.0381906,-0.20913093,-0.41050068,-1.0822334,-1.0501103,0.6118842,-0.35428527,-0.1352028,0.9106739,0.44443882,-0.45620853,-0.0706564,0.22265442,-0.056846473,1.1864221,-0.3190099,1.3139387,-0.10172873,-0.84986645,-0.21280856,1.3505651,0.012653479,0.46132597,-0.58897895,0.77189916,0.31774777,0.63740253,0.9694412,-0.4233349,-0.26939926,-0.36344182,-0.5495006,-0.52735966,0.42169747,0.40848798,-0.532013,0.4526197,-0.021871336,0.11915503,0.8360703,0.76139164,-0.7242262,0.7686719,-0.5901798,-0.40967506,1.4487357,0.67222756,-0.19066766,-0.41950715,-0.49561185,-1.0359251,0.31489572,0.27871972,-0.1523151,-0.19509584,0.22760798,1.2951002,-0.27998185,-0.65720296,0.56354946,0.0805773,0.018882956,0.7711486,-0.41582948,-0.31931013,0.95120305,0.77294993,0.21800107,1.1927266,0.20456642,-0.47136942,0.021434791,0.31294432,-1.5429146,0.53878164,-0.059923686,-0.70351124,-0.42250928,0.50815964,1.1037127,0.08613129,0.044176135,-0.9707033,0.1881296,0.45156896,0.6576671,-1.1026481,-0.7715101,0.345893,-0.3558614,-0.8507671,-0.04956624,-0.63363606,-0.8534691,0.38949934,-0.6253801,-0.3491816,0.68641275,0.06429059,0.0109272385,-0.061049495,-0.4808262,-1.0074798,-1.2738461,-0.044837844,0.8396729,-1.1611903,0.37779093,-1.1217119,0.10234294,-1.4005373,0.5743572,1.6207592,-1.0471833,0.325028,0.5857654,0.3260037,0.3020615,0.55701977,-0.17490633,-0.21168277,-1.1110542,-0.5726922,0.41944587,0.7557626,0.38927418,-0.6110448,-0.85226816,-0.8669037,0.3566257,-0.34400287,-0.5687144,-1.060693,-0.2383269,0.6253188,0.42627576,0.3633055,-0.47669825,-0.7161203,0.38409546,-0.48495418,0.20824406,0.83029115,0.29313007,-0.43616912,0.8975395,-0.007536032,0.7453301,-0.40419614,-0.5930319,-0.21393438,-0.026374573,0.109848335,0.721538,0.024587058,1.0360891,0.12200708,0.19255778,0.21349783,-0.5317128,-0.43286675,0.3955787,-0.07763641,-1.597779,-0.03320448,-0.02179628,-0.5419201,0.38672236,-0.13782968,0.19991307,-0.2256428,1.3256472,-0.14728647,-0.5681139,0.29237953,-1.087262,-0.47046876,0.47791287,-0.35315946,-0.5489001,0.4729593,-0.70448697,0.02541265,0.16606374,-0.17970978,-0.2603177,0.65691656,0.1043694,0.77557683,-0.6455696,1.3644501,-0.6476711,-0.26009256,0.47761267,-0.09287237,0.76642025,-0.37702662,-0.62875754,-0.16612501,0.2480977,-0.67514086,0.4480414,0.66412175,-1.2288138,0.42229792,-0.5648866,0.33148265,-0.55227757,0.9924827,0.08875818,0.43933517,0.7014235,0.31414518,0.003571952,0.5594215,-0.08063857,-1.0420046,-0.23892735,0.3123439,0.22408044,-0.3237383,0.21109611,0.67477936,-0.5905551,0.040123224,0.43182975,0.67485446,1.0282835,-0.6302586,0.24186823,
1,0,0,0,0,0,0,0,0,0,0,0,0,0,0,0,0,0,0,0,0,0,0,0,0,0,0,0,0,0,0,0,0,0,0,0,0,0,0,0,0,0,0,0,0,0,0,0,0,0,0,0,0,0,0,0,0,0,0,0,0,0,0,0,0,0,0,0,0,0,0,0,0,0,0,0,0,0,0,0,0,0,0,0,0,0,0,0,0,0,0,0,0,0,0,0,0,0,0,0,0,0,0,0,0,0,0,0,0,0,0,0,0,0,0,0,0,0,0,0,0,0,0,0,0,0,0,0,0,0,0,0,0,0,0,0,0,0,0,1,0,0,0,0,0,0,0,0,0,0,0,0,0,0,0,0,0,0,0,0,0,0,0,0,0,0,0,0,0,0,0,0,0,0,0,0,0,0,0,0,0,0,0,0,0,0,0,0,0,0,0,0,0,0,0,0,0,0,0,0,0,0,0,0,0,0,0,0,0,0,0,0,0,0,0,0,0,0,0,0,0,0,0,0,0,0,0,0,0,0,0,0,0,0,0,0,0,0,0,0,0,0,0,0,0,0,0,0,0,0,0,0,0,0,0,0,0,0,0,0,0,0,0,0,0,0,0,0,0,0,0,0,0,0,0,0,0,0,0,0,0,0,0,0,0,0,0,0,0,0,0,0,0,0,0,0,0,0,0,0,0,0,0,0,0,0,0,0,0,0,0,0,0,0,0,0,0,0,0,0,0,0,0,0,0,0,0,0,0,0,0,0,0,0,0,0,0,0,0,0,0,0,0,0,0,0,0,0,0,0,0,0,0,0,0,0,0,0,0,0,0,0,0,0,0,0,0,0,0,0,0,0,0,0,0,0,0,0,0,0,0,0,0,0,0,0,0,0,0,0,0,0,0,0,0,0,0,0,0,0,0,0,0,0,0,0,0,0,0,0,0,0,0,0,0,0,0,0,0,0,0,0,0,0,0,0,0,0,0,0,0,0,0,0,0,0,0,0,0,0,0,0,0,0,0,0,0,0,0,0,0,0,0,0,0,0,0,0,0,0,0,0,0,0,0,0,0,0,0,0,0,0,0,0,0,0,0,0,0,0,0,0,0,0,0,0,0,0,0,0,0,0,0,0,0,0,0,0,0,0,0,0,0,0,0,0,0,0,0,0,0,0,0,0,0,0,0,0,0,0,0,0,0,0,0,0,0,0,0,0,0,0,0,0,0,0,0,0,0,0,0,0,0,0,0,0,0,0,0,0,0,0,0,0,0,0,0,0,0,0,0,0,0,0,0,0,0,0,0,0,0,0,0,0,0,0,0,0,0,0,0,0,0,0,0,0,0,0,0,0,0,0,0,0,0,0,0,0,0,0,0,0,0,0,0,0,0,0,0,0,0,0,0,0,0,0,0,0,0,0,0,0,0,0,0,0,0,0,0,0,0,0,0,0,0,0,0,0,0,0,0,0,0,0,0,0,0,0,0,0,0,0,0,0,0,0,0,0,0,0,0,0,0,0,0,0,0,0,0,0,0,0,0,0,0,0,0,0,0,0,0,0,0,0,0,0,0,0,0,0,0,0,0,0,0,0,0,0,0,0,0,0,0,0,0,0,0,0,0,0,0,0,0,0,0,0,0,0,0,0,0,0,0,0,0,0,0,0,0,0,0,0,0,0,0,0,0,0,0,0,0,0,0,0,0,0,0,0,0,0,0,0,0,0,0,0,0,0,0,0,0,0,0,0,0,0,0,0,0,0,0,0,0,0,0,0,0,0,0,0,0,0,0,0,0,0,0,0,0,0,0,0,0,0,0,0,0,0,0,0,0,0,0,0,0,0,0,0,0,0,0,0,0,0,0,0,0,0,0,0,0,0,0,0,0,0,0,0,0,0,0,0,0,0,0,0,0,0,0,0,0,0,0,0,0,0,0,0,0,0,0,0,0,0,0,0,0,0,0,0,0,0,0,0,0,0,0,0,0,0,0,0,0,0,0,0,0,0,0,0,0,0,0,0,0,0,0,0,0,0,0,0,0,0,0,0,0,0,0,0,0,0,0,0,0,0,0,0,0,0,0,0,0,0,0,0,0,0,0,0,0,0,0,0,0,0,0,0,0,0,0,0,0,0,0,0,0,0,0,0,0,0,0,0,0,0,0,0,0,0,0,0,0,0,0,0,0,0,0,0,0,0,0,0,0,0,0,0,0,0,0,0,0,0,0,0,0,0,0,0,0,0,0,0,0,0,0,0,0,0,0,0,0,0,0,0,0,0,0,0,0,0,0,0,0,0,0,0,0,0,0,0,0,0,0,0,0,0,0,0,0,0,0,0,0,0,0,0,0,0,0,0,0,0,0,0,0,0,0,0,0,0,0,0,0,0,0,0,0,0,0,0,0,0,0,0,0,0,0,0,0,0,0,0,0,0,0,0,0,0,0,0,0,0,0,0,0,0,0,0,0,0,0,0,0,0,0,0,0,0,0,0,0,0,0,0,0,0,0,0,0,0,0,0,0,0,0,0,0,0,0,0,0,0,0,0,0,0,0,0,0,0,0,0,0,0,0,0,0,0,0,0,0,0,0,0,0,0,0,0,0,0,0,0,0,0,0,0,0,0,0,0,0,0,0,0,0,0,0,0,0,0,0,0,0,0,0,0,0,0,0,0,0,0,0,0,0,0,0,0,0,0,0,0,0,0,0,0,0,0,0,0,0,0,0,0,0,0,0,0,0,0,0,0,0,0,0,0,0,0,0,0,0,0,0,0,0,0,0,0,0,0,0,0,0,0,0,0,0,0,0,0,0,0,0,0,0,0,0,0,0,0,0,0,0,0,0,0,0,0,0,0,0,0,0,0,0,0,0,0,0,0,0,0,0,0,0,0,0,0,0,0,0,0,0,0,0,0,0,0,0,0,0,0,0,0,0,0,0,0,0,0,0,0,0,0,0,0,0,0,0,0,0,0,0,0,0,0,0,0,0,0,0,0,0,0,0,0,0,0,0,0,0,0,0,0,0,0,0,0,0,0,0,0,0,0,0,0,0,0,0,0,0,0,0,0,0,0,0,0,0,0,0,0,0,0,0,0,0,0,0,0,0,0,0,0,0,0,0,0,0,0,0,0,0,0,0,0,0,0,0,0,0,0,0,0,0,0,0,0,0,0,0,0,0,0,0,0,0,0,0,0,0,0,0,0,0,0,0,0,0,0,0,0,0,0,0,0,0,0,0,0,0,0,0,0,0,0,0,0,0,0,0,0,0,0,0,0,0,0,0,0,0,0,0,0,0,0,0,0,0,0,0,0,0,0,0,0,0,0,0,0,0,0,0,0,0,0,0,0,0,0,0,0,0,0,0,0,0,0,0,0,0,0,0,0,0,0,0,0,0,0,0,0,0,0,0,0,0,0,0,0,0,0,0,0,0,0,0,0,0,0,0,0,0,0,0,0,0,0,0,0,0,0,0,0,0,0,0,0,0,0,0,0,0,0,0,0,0,0,0,0,0,0,0,0,0,0,0,0,0,0,0,0,0,0,0,0,0,0,0,0,0,0,0,0,0,0,0,0,0,0,0,0,0,0,0,0,0,0,0,0,0,0,0,0,0,0,0,0,0,0,0,0,0,0,0,0,0,0,0,0,0,0,0,0,0,0,0,0,0,0,0,0,0,0,0,0,0,0,0,0,0,0,0,0,0,0,0,0,0,0,0,0,0,0,0,0,0,0,0,0,0,0,0,0,0,0,0,0,0,0,0,0,0,0,0,0,0,0,0,0,0,0,0,0,0,0,0,0,0,0,0,0,0,0,0,0,0,0,0,0,0,0,0,0,0,0,0,0,0,0,0,0,0,0,0,0,0,0,0,0,0,0,0,0,0,0,0,0,0,0,0,0,0,0,0,0,0,0,0,0,0,0,0,0,0,0,0,0,0,0,0,0,0,0,0,0,0,0,0,0,0,0,0,0,0,0,0,0,0,0,0,0,0,0,0,0,0,0,0,0,0,0,0,0,0,0,0,0,0,0,0,0,0,0,0,0,0,0,0,0,0,0,0,0,0,0,0,0,0,0,0,0,0,0,0,0,0,0,0,0,0,0,0,0,0,0,0,0,0,0,0,0,0,0,0,0,0,0,0,0,0,0,0,0,0,0,0,0,0,0,0,0,0,0,0,0,0,0,0,0,0,0,0,0,0,0,0,0,0,0,0,0,0,0,0,0,0,0,0,0,0,0,0,0,0,0,0,0,0,0,0,0,0,0,0,0,0,0,0,0,0,0,0,0,0,0,0,0,0,0,0,0,0,0,0,0,0,0,0,0,0,0,0,0,0,0,0,0,0,0,0,0,0,0,0,0,0,0,0,0,0,0,0,0,0,0,0,0,0,0,0,0,0,0,0,0,0,0,0,0,0,0,0,0,0,0,0,0,0,0,0,0,0,0,0,0,0,0,0,0,0,0,0,0,0,0,0,0,0,0,0,0,0,0,0,0,0,0,0,0,0,0,0,0,0,0,0,0,0,0,0,0,0,0,0,0,0,0,0,0,0,0,0,0,0,0,0,0,0,0,0,0,0,0,0,0,0,0,0,0,0,0,0,0,0,0,0,0,0,0,0,0,0,0,0,0,0,0,0,0,0,0,0,0,0,0,0,0,0,0,0,0,0,0,0,0,0,0,0,0,0,0,0,0,0,0,0,0,0,0,0,0,0,0,0,0,0,0,0,0,0,0,0,0,0,0,0,0,0,0,0,0,0,0,0,0,0,0,0,0,0,0,0,0,0,0,0,0,0,0,0,0,0,0,0,0,0,0,0,0,0,0,0,0,0,0,0,0,0,0,0,0,0,0,0,0,0,0,0,0,0,0,0,0,0,0,0,0,0,0,0,0,0,0,0,0,0,0,0,0,0,0,0,0,0,0,0,0,0,0,0,0,0,0,0,0,0,0,0,0,0,0,0,0,0,0,0,0,0,0,0,0,0,0,0,0,0,0,0,0,0,0,0,0,0,0,0,0,0,0,0,0,0,0,0,0,0,0,0,0,0,0,0,0,0,0,0,0,0,0,0,0,0,0,0,0,0,0,0,0,0,0,0,0,0,0,0,0,0,0,0,0,0,0,0,0,0,0,0,0,0,0,0,0,0,0,0,0,0,0,0,0,0,0,0,0,0,0,0,0,0,0,0,0,0,0,0,0,0,0,0,0,0,0,0,0,0,0,0,0,0,0,0,0,0,0,0,0,0,0,0,0,0,0,0,0,0,0,0,0,0,0,0,0,0,0,0,0,0,0,0,0,0,0,0,0,0,0,0,0,0,0,0,0,0,0,0,0,0,0,0,0,0,0,0,0,0,0,0,0,0,0,0,0,0,0,0,0,0,0,0,0,0,0,0,0,0,0,0,0,0,0,0,0,0,0,0,0,0,0,0,0,0,0,0,0,0,0,0,0,0,0,0,0,0,0,0,0,0,0,0,0,0,0,0,0,0,0,0,0,0,0,0,0,0,0,0,0,0,0,0,0,0,0,0,0,0,0,0,0,0,0,0,0,0,0,0,0,0,0,0,0,0,0,0,0,0,0,0,0,0,0,0,0,0,0,0,0,0,0,0,0,0,0,0,0,0,0,0,0,0,0,0,0,0,0,0,0,0,0,0,0,0,0,0,0,0,0,0,0,0,0,0,0,0,0,0,0,0,0,0,0,0,0,0,0,0,0,0,0,0,0,0,0,0,0,0,0,0,0,0,0,0,0,0,0,0,0,0,0,0,0,0,0,0,0,0,0,0,0,0,0,0,0,0,0,0,0,0,0,0,0,0,0,0,0,0,0,0,0,0,0,0,0,0,0,0,0,0,0,0,0,0,0,0,0,0,0,0,0,0,0,0,0,0,0,0,0,0,0,0,0,0,0,0,0,0,0,0,0,0,0,0,0,0,0,0,0,0,0,0,0,0,0,0,0,0,0,0,0,0,0,0,0,0,0,0,0,0,0,0,0,0,0,0,0,0,0,0,0,0,0,0,0,0,0,0,0,0,0,0,0,0,0,0,0,0,0,0,0,0,0,0,0,0,0,0,0,0,0,0,0,0,0,0,0,0,0,0,0,0,0,0,0,0,0,0,0,0,0,0,0,0,0,0,0,0,0,0,0,0,0,0,0,0,0,0,0,0,0,0,0,0,0,0,0,0,0,0,0,0,0,0,0,0,0,0,0,0,0,0,0,0,0,0,0,0,0,0,0,0,0,0,0,0,0,0,0,0,0,0,0,0,0,0,0,0,0,0,0,0,0,0,0,0,0,0,0,0,0,0,0,0,0,0,0,0,0,0,0,0,0,0,0,0,0,0,0,0,0,0,0,0,0,0,0,0,0,0,0,0,0,0,0,0,0,0,0,0,0,0,0,0,0,0,0,0,0,0,0,0,0,0,0,0,0,0,0,0,0,0,0,0,0,0,0,0,0,0,0,0,0,0,0,0,0,0,0,0,0,0,0,0,0,0,0,0,0,0,0,0,0,0,0,0,0,0,0,0,0,0,0,0,0,0,0,0,0,0,0,0,0,0,0,0,0,0,0,0,0,0,0,0,0,0,0,0,0,0,0,0,0,0,0,0,0,0,0,0,0,0,0,0,0,0,0,0,0,0,0,0,0,0,0,0,0,0,0,0,0,0,0,0,0,0,0,0,0,0,0,0,0,0,0,0,0,0,0,0,0,0,0,0,0,0,0,0,0,0,0,0,0,0,0,0,0,0,0,0,0,0,0,0,0,0,0,0,0,0,0,0,0,0,0,0,0,0,0,0,0,0,0,0,0,0,0,0,0,0,0,0,0,0,0,0,0,0,0,0,0,0,0,0,0,0,0,0,0,0,0,0,0,0,0,0,0,0,0,0,0,0,0,0,0,0,0,0,0,0,0,0,0,0,0,0,0,0,0,0,0,0,0,0,0,0,0,0,0,0,0,0,0,0,0,0,0,0,0,0,0,0,0,0,0,0,0,0,0,0,0,0,0,0,0,0,0,0,0,0,0,0,0,0,0,0,0,0,0,0,0,0,0,0,0,0,0,0,0,0,0,0,0,0,0,0,0,0,0,0,0,0,0,0,0,0,0,0,0,0,0,0,0,0,0,0,0,0,0,0,0,0,0,0,0,0,0,0,0,0,0,0,0,0,0,0,0,0,0,0,0,0,0,0,0,0,0,0,0,0,0,0,0,0,0,0,0,0,0,0,0,0,0,0,0,0,0,0,0,0,0,0,0,0,0,0,0,0,0,0,0,0,0,0,0,0,0,0,0,0,0,0,0,0,0,0,0,0,0,0,0,0,0,0,0,0,0,0,0,0,0,0,0,0,0,0,0,0,0,0,0,0,0,0,0,0,0,0,0,0,0,0,0,0,0,0,0,0,0,0,0,0,0,0,0,0,0,0,0,0,0,0,0,0,0,0,0,0,0,0,0,0,0,0,0,0,0,0,0,0,0,0,0,0,0,0,0,0,0,0,0,0,0,0,0,0,0,0,0,0,0,0,0,0,0,0,0,0,0,0,0,0,0,0,0,0,0,0,0,0,0,0,0,0,0,0,0,0,0,0,0,0,0,0,0,0,0,0,0,0,0,0,0,0,0,0,0,0,0,0,0,0,0,0,0,0,0,0,0,0,0,0,0,0,0,0,0,0,0,0,0,0,0,0,0,0,0,0,0,0,0,0,0,0,0,0,0,0,0,0,0,0,0,0,0,0,0,0,0,0,0,0,0,0,0,0,0,0,0,0,0,0,0,0,0,0,0,0,0,0,0,0,0,0,0,0,0,0,0,0,0,0,0,0,0,0,0,0,0,0,0,0,0,0,0,0,0,0,0,0,0,0,0,0,0,0,0,0,0,0,0,0,0,0,0,0,0,0,0,0,0,0,0,0,0,0,0,0,0,0,0,0,0,0,0,0,0,0,0,0,0,0,0,0,0,0,0,0,0,0,0,0,0,0,0,0,0,0,0,0,0,0,0,0,0,0,0,0,0,0,0,0,0,0,0,0,0,0,0,0,0,0,0,0,0,0,0,0,0,0,0,0,0,0,0,0,0,0,0,0,0,0,0,0,0,0,0,0,0,0,0,0,0,0,0,0,0,0,0,0,0,0,0,0,0,0,0,0,0,0,0,0,0,0,0,0,0,0,0,0,0,0,0,0,0,0,0,0,0,0,0,0,0,0,0,0,0,0,0,0,0,0,0,0,0,0,0,0,0,0,0,0,0,0,0,0,0,0,0,0,0,0,0,0,0,0,0,0,0,0,0,0,0,0,0,0,0,0,0,0,0,0,0,0,0,0,0,0,0,0,0,0,0,0,0,0,0,0,0,0,0,0,0,0,0,0,0,0,0,0,0,0,0,0,0,0,0,0,0,0,0,0,0,0,0,0,0,0,0,0,0,0,0,0,0,0,0,0,0,0,0,0,0,0,0,0,0,0,0,0,0,0,0,0,0,0,0,0,0,0,0,0,0,0,0,0,0,0,0,0,0,0,0,0,0,0,0,0,0,0,0,0,0,0,0,0,0,0,0,0,0,0,0,0,0,0,0,0,0,0,0,0,0,0,0,0,0,0,0,0,0,0,0,0,0,0,0,0,0,0,0,0,0,0,0,0,0,0,0,0,0,0,0,0,0,0,0,0,0,0,0,0,0,0,0,0,0,0,0,0,0,0,0,0,0,0,0,0,0,0,0,0,0,0,0,0,0,0,0,0,0,1.3470544,-1.756998,-0.5588803,0.89058375,-0.13252737,-0.4541483,-1.4397691,0.04441381,-0.3614947,-1.4282136,-0.7363967,-0.49963847,-0.094200574,0.46328962,-0.50345546,1.1446491,0.7353942,0.7681785,0.5409367,-0.0881875,1.1242046,0.37173408,0.07557721,0.5128583,-0.36797836,-1.2142006,-0.63265806,-0.1189326,-0.606462,1.1370151,-1.2024882,0.6521001,-0.9130241,0.43667525,0.84477985,-0.42010906,-0.0561875,-0.22455351,-0.6907496,0.17502819,0.5964661,0.7205968,-0.67626595,-0.7576254,0.5633681,0.13858373,0.15615237,-0.30952084,-0.11673652,0.09382557,-0.46852738,-1.0648149,-0.382096,0.11740727,0.12127655,0.88373405,-0.7844489,0.7745576,0.6417471,0.05727655,-0.22455351,0.57309353,-0.8213117,-0.66910255,0.5399432,-0.025599265,-1.220841,-0.25508946,-0.12023979,1.042636,-0.0970241,0.26407394,-0.12112868,0.6713419,0.72807395,0.09445302,1.3367014,-1.0719261,-0.38052738,-0.6287888,-1.4035339,0.5267668,-1.2552463,0.28033537,0.29398245,0.46266216,-0.66465807,-0.9015731,-1.2936777,0.018426878,-0.19192606,-0.067743056,0.28519812,0.07829616,0.54135495,0.4006491,-0.09550776,-0.2885535,0.23824388,0.24713276,-0.33252737,0.5081001,-0.40667117,0.582087,0.65931576,0.22836152,-1.2618868,-0.82643586,-0.48175612,-1.1240568,-0.009233251,-0.18512867,0.36713275,0.4887014,1.0519955,-0.2999522,0.15338112,0.85267526,-0.39898488,0.45042688,-0.6400829,0.93366873,0.24143341,-0.17080188,-0.6172333,-0.00034436275,0.21136805,0.25189093,0.08749878,-0.123795345,-0.011115605,-1.5496777,-0.013259395,-0.47203064,0.23944649,0.4107406,0.09999551,-0.31328553,-0.30105025,-0.055926062,-0.7865927,0.5941132,0.5830805,-0.48499796,-0.88384765,-0.03412214,0.18841381,0.5863223,0.886087,-0.49529862,0.2696687,-0.3320568,-0.57937706,0.56964254,0.6118909,-0.9468542,-1.1194032,-0.54952085,0.59144646,0.30119812,0.553172,-0.019586192,0.61340725,0.70480597,-0.049128678,-0.48573,-0.6805012,0.7924922,0.16378635,0.3922308,0.024962828,-0.015560049,0.28347263,0.6489105,-0.24410906,0.5581393,0.93827003,0.49743342,-0.35663193,0.25508046,-0.2894424,0.51249224,0.20070139,-0.46439666,1.0037863,0.015289624,-0.16238357,-0.049651552,1.0191066,0.5324661,-0.48369077,0.09555106,-0.30570385,-0.79328555,0.3681262,-0.62936395,-0.21817443,-0.1563705,0.019211194,1.1033942,-0.38565156,-0.5570502,0.042688318,-0.1711156,-0.87710255,0.06328963,-0.49216136,0.06266218,-0.39652738,-0.5023574,0.4456687,0.23055759,-0.042906456,0.1719955,-0.72593915,-0.015821487,-0.06899796,0.302453,0.092100084,-0.11621364,0.9199694,-0.052527368,0.19327655,-0.7145404,-1.1121875,0.39494976,0.35526347,0.0046229577,0.4002831,0.47918504,1.174819,-0.07830515,0.6716033,-0.21540318,0.22595629,1.212989,-0.9088934,0.29894975,0.3066883,0.36859682,0.485721,-0.029363971,1.1508191,-0.09038358,0.22815236,-0.10539012,-0.5978346,-0.13571692,-0.13550776,-0.35584763,-0.9482659,0.21612622,0.28383863,0.35087132,-0.105808415,-0.84337705,-1.0874032,-0.10873652,-0.17399143,-0.12939012,-0.1934424,-0.21707639,0.46559027,0.102662176,0.3147929,0.27908048,0.09053145,-0.5189849,0.5376949,0.5493027,0.61596936,0.63176024,0.16200858,0.03960335,0.53847915,0.4015903,-0.05676266,-0.6490241,0.04002165,0.09089747,-0.08646201,0.43327656,-0.08295874,0.16033538,0.6176426,0.42198244,-0.07731168,-0.69054043,0.3707406,0.055237338,-0.9773901,-0.42350775,0.19594322,-0.12013521,0.05643995,-0.060161356,-0.16923325,0.36336806,-1.0889195,-0.4494947,1.0462961,0.017694853,-0.51694566,0.069721,0.9278125,0.1442308,0.47630924,0.24817851,-0.4393509,0.26182556,0.0049889707,-0.34350777,0.17142034,0.31641382,0.34909356,-0.11088031,-0.07312868,0.23144649,0.9871066,0.31662294,-0.34701103,0.80342036,-0.21378227,0.32206085,0.24164256,-0.6840045,0.8089628,-0.6457823,0.6730151,-0.047507763,-0.48928553,0.6424792,0.21100204,-0.91412216,0.46156412,-0.3248934,0.32169485,1.2611982,-0.7761352,0.42485824,0.7010413,-0.14256659,-0.82303715,-0.31318095,0.29612622,-0.46465808,-0.30444893,0.49894977,0.02747263,0.85612625,-0.16782148,-0.1189326,0.21319813,0.38308048,0.7622177,-0.36724633,0.37455758,0.4166491,-0.052056782,-0.42319405,-0.19365156,0.2579563,0.40326348,-0.86575615,0.027995506,-0.18471037,0.20938113,0.24352492,-0.07783456,-0.1576777,-0.1239522,-0.36918098,0.44211316,-0.338279,-0.6156646,0.08896282,-1.0827496,-0.25226593,-0.17074959,-0.7504097,0.92462295,0.80593014,0.988989,0.1644661,0.5381132,0.37398243,0.31965563,-0.27961233,0.41821772,0.3413027,0.37455758,-0.73268425,0.23761642,0.16619158,-0.21655351,0.26951185,0.29105434,0.87756413,0.73136806,0.6258517,0.062819034,0.19578636,0.24132884,-0.35365155,0.15427002,0.7934857,0.48687133,0.79531574,-0.266279,-0.9004751,0.29685825,-0.42763847,0.63427,0.21136805,-0.56834435,-0.3736777,-0.12358619,0.11693668,-0.6966058,-0.019481618,0.2073942,-0.71323323,-0.7807888,0.23677982,0.39113277,-0.4478215,0.26574713,0.35928962,-0.85806984,-0.3185666,0.3691197,-0.120030634,-0.0028541666,-0.09901103,0.28979942,0.3745053,-0.46052736,-0.16337705,0.3842308,0.27280596,0.4288844,-0.38763848,-0.31067115,0.13466217,0.10710662,-0.31108946,-0.45806986,-0.40803063,0.4887014,0.104596816,-0.17101103,0.33225694,0.23008701,0.6638648,1.0236557,0.16927655,-0.48452738,-0.11908946,0.35155106,-0.33979535,0.60258377,0.0010151144,-0.6532071,0.7689105,0.07395629,0.5430282,-0.26941627,0.1627406,-0.15004371,-0.17718096,0.25304127,0.4839955,0.012204657,0.16253145,0.310087,-0.26403064,-0.43610907,0.7564661,0.8026883,-0.2018607,-0.7933378,-0.16939011,0.36718506,0.6287798,-0.21425286,-0.10763848,1.0987406,-0.0029064543,0.6553942,-0.020631945,-0.52682805,-0.2700437,-0.21498488,0.019629493,-0.08865809,-0.13420057,1.043891,0.62156415,0.7702177,-0.8409718,0.74532884,-0.10371691,-0.24227901,0.3833942,0.42077982,0.93565565,-0.047507763,-0.24572998,-0.08557312,0.28838766,0.6226099,-0.46570385,-0.25383455,0.24854453,0.3442308,0.58600855,-0.2948803,-0.58356005,-0.4212071,0.10647917,0.0010151144,0.3442308,0.5784792,-0.83020055,-0.6426973,0.4402831,0.16969486,0.11029616,-0.7731025,-0.8191156,-0.38094568,1.0134072,-0.15323325,0.18485825,0.026792891,0.108884394,0.078191586,-0.4031679,0.106949754,0.106897466,-0.5669326,-1.1722659,-0.5308019,-0.28332475,-0.32379535,0.025642565,0.16833538,0.22360335,0.093982436,-0.45514175,-0.11882802,0.3613811,-0.11025286,0.5496687,0.51735497,-0.6842659,0.98647916,-0.09524632,0.6841001,0.42627,-0.1315862,0.25053146,0.49696282,-0.06497181,-0.15077573,0.36200857,-0.121965274,-0.47820058,0.33481905,0.13319813,-0.9849718,-0.105808415,-0.5548019,-0.10591299,-0.064501226,-0.5331025,-0.047246322,0.80708045,-0.25885418,1.0664269,0.5287537,0.42898896,0.049381126,0.95500207,0.9555249,-0.6288934,-0.27956006,-0.34220058,0.84410006,0.48383865,0.53272754,0.6037341,-0.044631943,-0.27035743,-0.38235745,-0.18037051,0.42569485,0.03934191,0.529172,-0.24494568,0.59087133,-0.10371691,-0.39438358,-0.31888032,0.6253811,0.35667524,-0.16133782,0.51782554,-0.018749591,-0.4651287,0.2945576,-0.4157692,0.67960334,-0.6860437,-0.2027496,0.5721001,0.4485968,-0.14408292,-0.26993912,-0.93257964,0.33215237,0.8838909,0.06909355,-0.45969078,0.36645302,-0.05613521,-0.6124751,-0.2566058,-0.31234437,-0.23223978,0.7808844,-0.32949468,0.48718506,0.59186476,-0.052213643,-0.4300437,-0.108631946,0.369904,-0.10235743,0.15730269,0.06522427,-0.7685012,-0.4220437,-0.4266973,0.8651197,-0.059481617,0.7208583,-0.42617443,0.42810008,0.61555105,0.302453,0.17021772,-0.3859653,-0.15291953,0.14030923,-0.350096,-0.14779535,0.8436295,-0.68463194,-0.0906973,0.43960336,0.56760335,-0.61399144,-0.22617443,0.6767798,-0.13937704,-0.011952206,-0.24703717,-0.40327248,0.22334191,0.40891054,0.11928962,-0.67961234,0.24211316,0.74564254,-0.16175613,-0.46136397,-0.44907638,0.5669759,-0.116161354,-0.14952083,-0.8526319,0.56885827,-0.36515483,0.6725968,-0.2646581,-0.8394032,0.6779302,0.39515892,-0.015821487,-0.31600448,0.19740728,-0.5385404,0.30360335,-0.44086725,-0.16322018,0.07557721,0.44728962,0.7164138,0.5339301,-0.3812071,-0.5481613,-0.110305145,0.10940727,1.1946883,0.49727654,-0.5541744,-0.59459275,0.0013811274,0.5632635,0.010165441,-0.06983456,-0.7058084,-0.6963444,0.7546883,0.18355106,-0.64745545,-0.5563705,0.24070139,0.73816544,0.45147264,-0.13305025,0.1724661,-0.4566058,0.62742037,0.20394322,-0.10617443,0.3433942,0.5492504,0.22862296,-0.58518094,0.20702818,-0.5185666,-0.762645,-0.5174686,-0.59370387,-0.014252859,-0.070984885,0.14951184,0.121904,0.14501512,0.34867525,0.46689746,-0.7437692,0.3003615,0.16174714,0.37586477,0.17508048,0.1867406,0.0062438725,-0.502096,-0.06654044,0.14119811,0.29942036,-0.06847508,-0.23537704,0.11311969,0.9479955,-0.17148162,-0.1172594,-0.26533782,0.033642564,-0.048919525,-0.15778227,-0.059795342,0.09675368,0.008858251,0.013564134,-0.04384763,0.7406753,-0.93467116,-0.52499795,-0.65906334,-0.36259273,-0.16745548,0.05131577,0.3750282,-0.3451287,0.7560478,-0.5047104,-0.39804372,0.29079288,-0.12023979,-0.542096,0.07484518,0.193538,-0.04907639,-0.16803063,-0.48463196,0.084988974,0.14977328,0.6711851,0.8771458,0.040753677,-0.3686058,-1.1043967,-0.013102532,-0.18999141,0.30412623,0.5256687,0.6127798,-0.44761235,-0.18774305,0.029198121,-0.4194816,-0.026540441,0.35735497,0.53518504,-0.4674816,-1.0792986,-0.2911156,0.32043996,-0.670096,0.5319432,0.27500203,0.3113419,0.23479289,0.48179942,-0.04128554,-0.35501102,0.08582557,-0.16954698,0.13696283,0.59118503,-0.39443585,0.4066099,-0.77006984,0.3403615,-0.9534424,0.027211193,-0.07203063,-0.6361613,0.21764256,-0.41556004,0.16885825,-0.007194036,0.0646491,-0.0633509,0.3408321,0.121694855,0.85168177,-0.7727888,-0.09655351,0.18836153,0.5896687,0.06585172,0.65978634,0.29983863,-0.9561614,-0.47699797,0.03008701,-0.4127888,-0.81869733,0.019838644,-0.0035339051,-0.3349326,0.3955772,0.29779944,-0.012161356,-0.25059274,0.5141131,-0.12384763,-0.63579535,-0.659011,0.071080476,0.37429616,0.29973406,-0.20013522,0.27212623,-0.37200448,0.0545576,0.034270015,0.61612624,0.082060866,0.6701393,0.5147929,0.95892364,-0.2887104,0.12791708,-0.027952205,0.1749759,0.6229759,-0.6262267,-0.29461887,0.16896282,-0.22565155,-0.9535993,0.34799552,0.23803473,-0.016082926,0.037145834,0.18344648,-0.2288411,0.34564257,-0.7050764,0.281904,0.8284661,0.18156414,-0.67584765,-0.13848816,1.0027406,0.49178636,0.86104125,0.5409367,0.06417851,0.6577994,-0.44714174,0.28007394,0.7071066,-1.0886058,0.2439955,0.5534334,-0.21561234,-0.4876646,0.5328844,-0.45697182,0.32211316,-0.040710375,-0.45508945,-0.27370384,-0.25801757,0.44462296,-0.41420057,0.047341913,-0.6566581,-0.42021364,-0.3792202,0.3883615,0.106531456,-0.18983456,-0.16008292,0.3442308,0.27944648,-0.20170385,-0.5652594,-0.6268542,-0.4831679,0.37100205,0.45779943,0.25853145,0.10935498,-0.15454043,-0.15234436,-0.058226716,0.42193013,-0.21043587,-0.48724633,-0.110305145,-0.21048816,0.079498775,-0.29012215,0.019158905,0.122322306,0.56645304,0.07134191,0.7195511,0.46506742,0.64796937,-0.46789992,0.55008703,-0.31244895,0.49272752,0.43735498,0.09152492,-0.020684233,0.1408844,-0.26455352,-0.74308944,-0.63710254,-0.6720306,-1.2136776,-0.15914175,0.12859681,-0.41592607,-0.050906453,-0.2073509,0.129904,0.40368178,-0.35229206,-0.075481616,-0.15527247,-0.2869849,-0.32363847,-0.07443587,-0.32714176,-0.342462,-0.10455351,-0.7019391,-0.02225286,-0.17477573,-0.059063315,-0.1841875,0.36185172,-0.03652737,-0.4127365,0.39327654,0.012518383,0.39087132,0.22193015,0.060100082,0.64096284,-0.26491952,-0.13064502,0.43463603,0.46647915,0.11118505,-0.1391156,-0.22491953,0.22820465,-0.011063317,0.03824387,0.5274465,-0.75422674,-0.3480568,-0.518462,-0.28630516,-0.19820057,-0.20447508,0.6423223,0.018740604,0.6865053,-0.3041352,0.42156413,-0.16410907,1.1182438,-0.16107638,-1.4233509,0.64843994,0.51427,1.2431066,-0.8156123,0.08540727,0.44619158,0.13471445,0.6750543,0.4276295,0.7258779,-1.6386188,0.048335377,1.2480739,-1.0542005,-0.5879522,0.37351185,1.2225053,1.1829236,-1.1389587,-0.25095874,1.1021916,0.6782439,-0.031246323,-0.073599264,0.73989093,-0.830828,0.7004661,0.34355107,0.36645302,0.16979943,0.25649223,0.9913419,-0.026906455,-0.96912867,0.046766747,0.17251839,-0.39657965,1.1757603,-0.20076266,-0.87271035,-0.18131168,-0.71046203,0.27228308,-0.26727247,0.924989,-0.29733783,0.26752493,-0.24405678,-0.31558618,-0.20306332,0.8297733,-1.5853901,-0.24536397,0.52221775,-0.6291025,-0.025599265,0.5319432,-0.6066189,0.14219159,0.17210008,-0.92322016,-0.016239788,0.16472754,-1.060109,-0.42612213,0.14914583,-0.8720306,-0.4031679,-0.5568411,0.4401785,-1.0510111,0.3555772,-0.9649457,-1.2698869,1.0711328,0.20221773,0.74689746,0.24828309,0.59374714,-1.4018607,0.18098897,0.2368844,-1.124998,0.37769485,0.56096286,-0.54664505,1.033538,-0.46528554,-0.2531548,0.02877982,-0.053939134,-0.2439522,1.1025575,0.76828307,0.653721,-0.7862267,-0.47025287,-0.34873652,-0.2806581,0.1067406,0.41555107,-0.4603182,0.44153798,-0.27323326,-0.56118095,0.36206087,0.09544649,1.0022178,1.1369628,-0.20614828,0.4798125,-0.594645,0.43165565,-1.0907496,-0.33142933,-0.77969074,-0.41859272,-0.28750777,-0.974828,-0.5075339,0.26522428,-0.17184763,0.46119812,0.09298897,0.90182555,
0,0,0,0,0,0,0,0,0,0,0,0,0,0,0,0,0,0,0,0,0,0,0,0,0,0,0,0,0,0,0,0,0,0,0,0,0,0,0,0,0,0,0,0,0,0,0,0,0,0,0,0,0,0,0,0,0,0,0,0,0,0,0,0,0,0,0,0,0,0,0,0,0,0,0,0,0,0,0,0,0,0,0,0,0,0,0,0,0,0,0,0,0,0,0,0,0,0,0,0,0,0,0,0,0,0,0,0,0,0,0,0,0,0,0,0,0,0,0,0,0,0,0,0,0,0,0,0,0,0,0,0,0,0,0,0,0,0,0,0,0,0,0,0,0,0,0,0,0,0,0,0,0,0,0,0,0,0,0,0,0,0,0,0,0,0,0,0,0,0,0,0,0,0,0,0,0,0,0,0,0,0,0,0,0,0,0,0,0,0,0,0,0,0,0,0,0,0,0,0,0,0,0,0,0,0,0,0,0,0,0,0,0,0,0,0,0,0,0,0,0,0,0,0,0,0,0,0,0,0,0,0,0,0,0,0,0,0,0,0,0,0,0,0,0,0,0,0,0,0,0,0,0,0,0,0,0,0,0,0,0,0,0,0,0,0,0,0,0,0,0,0,0,0,0,0,0,0,0,0,0,0,0,0,0,0,0,0,0,0,0,0,0,0,0,0,0,0,0,0,0,0,0,0,0,0,0,0,0,0,0,0,0,0,0,0,0,0,0,0,0,0,0,0,0,0,0,0,0,0,0,0,0,0,0,0,0,0,0,0,0,0,0,0,0,0,0,0,0,0,0,0,0,0,0,0,0,0,0,0,0,0,0,0,0,0,0,0,0,0,0,0,0,0,0,0,0,0,0,0,0,0,0,0,0,0,0,0,0,0,0,0,0,0,0,0,0,0,1,0,0,0,0,0,0,0,0,0,0,0,0,0,0,0,0,0,0,0,0,0,0,0,0,0,0,0,0,0,0,0,0,0,0,0,0,0,0,0,0,0,0,0,0,0,0,0,0,0,0,0,0,0,0,0,0,0,0,0,0,0,0,0,0,0,0,0,0,0,0,0,0,0,0,0,0,0,0,0,0,0,0,0,0,0,0,0,0,0,0,0,0,0,0,0,0,0,0,0,0,0,0,1,0,0,0,0,0,0,0,0,0,0,0,0,0,0,0,0,0,0,0,0,0,0,0,0,0,0,0,0,0,0,0,0,0,0,0,0,0,0,0,0,0,0,0,0,0,0,0,0,0,0,0,0,0,0,0,0,0,0,0,0,0,0,0,0,0,0,0,0,0,0,0,0,0,0,0,0,0,0,0,0,0,0,0,0,0,0,0,0,0,0,0,0,0,0,0,0,0,0,0,0,0,0,0,0,0,0,0,0,0,0,0,0,0,0,0,0,0,0,0,0,0,0,0,0,0,0,0,0,0,0,0,0,0,0,0,0,0,0,0,0,0,0,0,0,0,0,0,0,0,0,0,0,0,0,0,0,0,0,0,0,0,0,0,0,0,0,0,0,0,0,0,0,0,0,0,0,0,0,0,0,0,0,0,0,0,0,0,0,0,0,0,0,0,0,0,0,0,0,0,0,0,0,0,0,0,0,0,0,0,0,0,0,0,0,0,0,0,0,0,0,0,0,0,0,0,0,0,0,0,0,0,0,0,0,0,0,0,0,0,0,0,0,0,0,0,0,0,0,0,0,0,0,0,0,0,0,0,0,0,0,0,0,0,0,0,0,0,0,0,0,0,0,0,0,0,0,0,0,0,0,0,0,0,0,0,0,0,0,0,0,0,0,0,0,0,0,0,0,0,0,0,0,0,0,0,0,0,0,0,0,0,0,0,0,0,0,0,0,0,0,0,0,0,0,0,0,0,0,0,0,0,0,0,0,0,0,0,0,0,0,0,0,0,0,0,0,0,0,0,0,0,0,0,0,0,0,0,0,0,0,0,0,0,0,0,0,0,0,0,0,0,0,0,0,0,0,0,0,0,0,0,0,0,0,0,0,0,0,0,0,0,0,0,0,0,0,0,0,0,0,0,0,0,0,0,0,0,0,0,0,0,0,0,0,0,0,0,0,0,0,0,0,0,0,0,0,0,0,0,0,0,0,0,0,0,0,0,0,0,0,0,0,0,0,0,0,0,0,0,0,0,0,0,0,0,0,0,0,0,0,0,0,0,0,0,0,0,0,0,0,0,0,0,0,0,0,0,0,0,0,0,0,0,0,0,0,0,0,0,0,0,0,0,0,0,0,0,0,0,0,0,0,0,0,0,0,0,0,0,0,0,0,0,0,0,0,0,0,0,0,0,0,0,0,0,0,0,0,0,0,0,0,0,0,0,0,0,0,0,0,0,0,0,0,0,0,0,0,0,0,0,0,0,0,0,0,0,0,0,0,0,0,0,0,0,0,0,0,0,0,0,0,0,0,0,0,0,0,0,0,0,0,0,0,0,0,0,0,0,0,0,0,0,0,0,0,0,0,0,0,0,0,0,0,0,0,0,0,0,0,0,0,0,0,0,0,0,0,0,0,0,0,0,0,0,0,0,0,0,0,0,0,0,0,0,0,0,0,0,0,0,0,0,0,0,0,0,0,0,0,0,0,0,0,0,0,0,0,0,0,0,0,0,0,0,0,0,0,0,0,0,0,0,0,0,0,0,0,0,0,0,0,0,0,0,0,0,0,0,0,0,0,0,0,0,0,0,0,0,0,0,0,0,0,0,0,0,0,0,0,0,0,0,0,0,0,0,0,0,0,0,0,0,0,0,0,0,0,0,0,0,0,0,0,0,0,0,0,0,0,0,0,0,0,0,0,0,0,0,0,0,0,0,0,0,0,0,0,0,0,0,0,0,0,0,0,0,0,0,0,0,0,0,0,0,0,0,0,0,0,0,0,0,0,0,0,0,0,0,0,0,0,0,0,0,0,0,0,0,0,0,0,0,0,0,0,0,0,0,0,0,0,0,0,0,0,0,0,0,0,0,0,0,0,0,0,0,0,0,0,0,0,0,0,0,0,0,0,0,0,0,0,0,0,0,0,0,0,0,0,0,0,0,0,0,0,0,0,0,0,0,0,0,0,0,0,0,0,0,0,0,0,0,0,0,0,0,0,0,0,0,0,0,0,0,0,0,0,0,0,0,0,0,0,0,0,0,0,0,0,0,0,0,0,0,0,0,0,0,0,0,0,0,0,0,0,0,0,0,0,0,0,0,0,0,0,0,0,0,0,0,0,0,0,0,0,0,0,0,0,0,0,0,0,0,0,0,0,0,0,0,0,0,0,0,0,0,0,0,0,0,0,0,0,0,0,0,0,0,0,0,0,0,0,0,0,0,0,0,0,0,0,0,0,0,0,0,0,0,0,0,0,0,0,0,0,0,0,0,0,0,0,0,0,0,0,0,0,0,0,0,0,0,0,0,0,0,0,0,0,0,0,0,0,0,0,0,0,0,0,0,0,0,0,0,0,0,0,0,0,0,0,0,0,0,0,0,0,0,0,0,0,0,0,0,0,0,0,0,0,0,0,0,0,0,0,0,0,0,0,0,0,0,0,0,0,0,0,0,0,0,0,0,0,0,0,0,0,0,0,0,0,0,0,0,0,0,0,0,0,0,0,0,0,0,0,0,0,0,0,0,0,0,0,0,0,0,0,0,0,0,0,0,0,0,0,0,0,0,0,0,0,0,0,0,0,0,0,0,0,0,0,0,0,0,0,0,0,0,0,0,0,0,0,0,0,0,0,0,0,0,0,0,0,0,0,0,0,0,0,0,0,0,0,0,0,0,0,0,0,0,0,0,0,0,0,0,0,0,0,0,0,0,0,0,0,0,0,0,0,0,0,0,0,0,0,0,0,0,0,0,0,0,0,0,0,0,0,0,0,0,0,0,0,0,0,0,0,0,0,0,0,0,0,0,0,0,0,0,0,0,0,0,0,0,0,0,0,0,0,0,0,0,0,0,0,0,0,0,0,0,0,0,0,0,0,0,0,0,0,0,0,0,0,0,0,0,0,0,0,0,0,0,0,0,0,0,0,0,0,0,0,0,0,0,0,0,0,0,0,0,0,0,0,0,0,0,0,0,0,0,0,0,0,0,0,0,0,0,0,0,0,0,0,0,0,0,0,0,0,0,0,0,0,0,0,0,0,0,0,0,0,0,0,0,0,0,0,0,0,0,0,0,0,0,0,0,0,0,0,0,0,0,0,0,0,0,0,0,0,0,0,0,0,0,0,0,0,0,0,0,0,0,0,0,0,0,0,0,0,0,0,0,0,0,0,0,0,0,0,0,0,0,0,0,0,0,0,0,0,0,0,0,0,0,0,0,0,0,0,0,0,0,0,0,0,0,0,0,0,0,0,0,0,0,0,0,0,0,0,0,0,0,0,0,0,0,0,0,0,0,0,0,0,0,0,0,0,0,0,0,0,0,0,0,0,0,0,0,0,0,0,0,0,0,0,0,0,0,0,0,0,0,0,0,0,0,0,0,0,0,0,0,0,0,0,0,0,0,0,0,0,0,0,0,0,0,0,0,0,0,0,0,0,0,0,0,0,0,0,0,0,0,0,0,0,0,0,0,0,0,0,0,0,0,0,0,0,0,0,0,0,0,0,0,0,0,0,0,0,0,0,0,0,0,0,0,0,0,0,0,0,0,0,0,0,0,0,0,0,0,0,0,0,0,0,0,0,0,0,0,0,0,0,0,0,0,0,0,0,0,0,0,0,0,0,0,0,0,0,0,0,0,0,0,0,0,0,0,0,0,0,0,0,0,0,0,0,0,0,0,0,0,0,0,0,0,0,0,0,0,0,0,0,0,0,0,0,0,0,0,0,0,0,0,0,0,0,0,0,0,0,0,0,0,0,0,0,0,0,0,0,0,0,0,0,0,0,0,0,0,0,0,0,0,0,0,0,0,0,0,0,0,0,0,0,0,0,0,0,0,0,0,0,0,0,0,0,0,0,0,0,0,0,0,0,0,0,0,0,0,0,0,0,0,0,0,0,0,0,0,0,0,0,0,0,0,0,0,0,0,0,0,0,0,0,0,0,0,0,0,0,0,0,0,0,0,0,0,0,0,0,0,0,0,0,0,0,0,0,0,0,0,0,0,0,0,0,0,0,0,0,0,0,0,0,0,0,0,0,0,0,0,0,0,0,0,0,0,0,0,0,0,0,0,0,0,0,0,0,0,0,0,0,0,0,0,0,0,0,0,0,0,0,0,0,0,0,0,0,0,0,0,0,0,0,0,0,0,0,0,0,0,0,0,0,0,0,0,0,0,0,0,0,0,0,0,0,0,0,0,0,0,0,0,0,0,0,0,0,0,0,0,0,0,0,0,0,0,0,0,0,0,0,0,0,0,0,0,0,0,0,0,0,0,0,0,0,0,0,0,0,0,0,0,0,0,0,0,0,0,0,0,0,0,0,0,0,0,0,0,0,0,0,0,0,0,0,0,0,0,0,0,0,0,0,0,0,0,0,0,0,0,0,0,0,0,0,0,0,0,0,0,0,0,0,0,0,0,0,0,0,0,0,0,0,0,0,0,0,0,0,0,0,0,0,0,0,0,0,0,0,0,0,0,0,0,0,0,0,0,0,0,0,0,0,0,0,0,0,0,0,0,0,0,0,0,0,0,0,0,0,0,0,0,0,0,0,0,0,0,0,0,0,0,0,0,0,0,0,0,0,0,0,0,0,0,0,0,0,0,0,0,0,0,0,0,0,0,0,0,0,0,0,0,0,0,0,0,0,0,0,0,0,0,0,0,0,0,0,0,0,0,0,0,0,0,0,0,0,0,0,0,0,0,0,0,0,0,0,0,0,0,0,0,0,0,0,0,0,0,0,0,0,0,0,0,0,0,0,0,0,0,0,0,0,0,0,0,0,0,0,0,0,0,0,0,0,0,0,0,0,0,0,0,0,0,0,0,0,0,0,0,0,0,0,0,0,0,0,0,0,0,0,0,0,0,0,0,0,0,0,0,0,0,0,0,0,0,0,0,0,0,0,0,0,0,0,0,0,0,0,0,0,0,0,0,0,0,0,0,0,0,0,0,0,0,0,0,0,0,0,0,0,0,0,0,0,0,0,0,0,0,0,0,0,0,0,0,0,0,0,0,0,0,0,0,0,0,0,0,0,0,0,0,0,0,0,0,0,0,0,0,0,0,0,0,0,0,0,0,0,0,0,0,0,0,0,0,0,0,0,0,0,0,0,0,0,0,0,0,0,0,0,0,0,0,0,0,0,0,0,0,0,0,0,0,0,0,0,0,0,0,0,0,0,0,0,0,0,0,0,0,0,0,0,0,0,0,0,0,0,0,0,0,0,0,0,0,0,0,0,0,0,0,0,0,0,0,0,0,0,0,0,0,0,0,0,0,0,0,0,0,0,0,0,0,0,0,0,0,0,0,0,0,0,0,0,0,0,0,0,0,0,0,0,0,0,0,0,0,0,0,0,0,0,0,0,0,0,0,0,0,0,0,0,0,0,0,0,0,0,0,0,0,0,0,0,0,0,0,0,0,0,0,0,0,0,0,0,0,0,0,0,0,0,0,0,0,0,0,0,0,0,0,0,0,0,0,0,0,0,0,0,0,0,0,0,0,0,0,0,0,0,0,0,0,0,0,0,0,0,0,0,0,0,0,0,0,0,0,0,0,0,0,0,0,0,0,0,0,0,0,0,0,0,0,0,0,0,0,0,0,0,0,0,0,0,0,0,0,0,0,0,0,0,0,0,0,0,0,0,0,0,0,0,0,0,0,0,0,0,0,0,0,0,0,0,0,0,0,0,0,0,0,0,0,0,0,0,0,0,0,0,0,0,0,0,0,0,0,0,0,0,0,0,0,0,0,0,0,0,0,0,0,0,0,0,0,0,0,0,0,0,0,0,0,0,0,0,0,0,0,0,0,0,0,0,0,0,0,0,0,0,0,0,0,0,0,0,0,0,0,0,0,0,0,0,0,0,0,0,0,0,0,0,0,0,0,0,0,0,0,0,0,0,0,0,0,0,0,0,0,0,0,0,0,0,0,0,0,0,0,0,0,0,0,0,0,0,0,0,0,0,0,0,0,0,0,0,0,0,0,0,0,0,0,0,0,0,0,0,0,0,0,0,0,0,0,0,0,0,0,0,0,0,0,0,0,0,0,0,0,0,0,0,0,0,0,0,0,0,0,0,0,0,0,0,0,0,0,0,0,0,0,0,0,0,0,0,0,0,0,0,0,0,0,0,0,0,0,0,0,0,0,0,0,0,0,0,0,0,0,0,0,0,0,0,0,0,0,0,0,0,0,0,0,0,0,0,0,0,0,0,0,0,0,0,0,0,0,0,0,0,0,0,0,0,0,0,0,0,0,0,0,0,0,0,0,0,0,0,0,0,0,0,0,0,0,0,0,0,0,0,0,0,0,0,0,0,0,0,0,0,0,0,0,0,0,0,0,0,0,0,0,0,0,0,0,0,0,0,0,0,0,0,0,0,0,0,0,0,0,0,0,0,0,0,0,0,0,0,0,0,0,0,0,0,0,0,0,0,0,0,0,0,0,0,0,0,0,0,0,0,0,0,0,0,0,0,0,0,0,0,0,0,0,0,0,0,0,0,0,0,0,0,0,0,0,0,0,0,0,0,0,0,0,0,0,0,0,0,0,0,0,0,0,0,0,0,0,0,0,0,0,0,0,0,0,0,0,0,0,0,0,0,0,0,0,0,0,0,0,0,0,0,0,0,0,0,0,0,0,0,0,0,0,0,0,0,0,0,0,0,0,0,0,0,0,0,0,0,0,0,0,0,0,0,0,0,0,0,0,0,0,0,0,0,0,0,0,0,0,0,0,0,0,0,0,0,0,0,0,0,0,0,0,0,0,0,0,0,0,0,0,0,0,0,0,0,0,0,0,0,0,0,0,0,0,0,0,0,0,0,0,0,0,0,0,0,0,0,0,0,0,0,0,0,0,0,0,0,0,0,0,0,0,0,0,0,0,0,0,0,0,0,0,0,0,0,0,0,0,0,0,0,0,0,0,0,0,0,0,0,0,0,0,0,0,0,0,0,0,0,0,0,0,0,0,0,0,0,0,0,0,0,0,0,0,0,0,0,0,0,0,0,0,0,0,0,0,0,0,0,0,0,0,0,0,0,0,0,0,0,0,0,0,0,0,0,0,0,0,0,0,0,0,0,0,0,0,0,0,0,0,0,0,0,0,0,0,0,0,0,0,0,0,0,0,0,0,0,0,0,0,0,0,0,0,0,0,0,0,0,0,0,0,0,0,0,0,0,0,0,0,0,0,0,0,0,0,0,0,0,0,0,0,0,0,0,0,0,0,0,0,0,0,0,0,0,0,0,0,0,0,0,0,0,0,0,0,0,0,0,0,0,0,0,0,0,0,0,0,0,0,0,0,0,0,0,0,0,0,0,0,0,0,0,0,0,0,0,0,0,0,0,0,0,0,0,0,0,0,0,0,0,0,0,0,0,0,0,0,0,0,0,0,0,0,0,0,0,0,0,0,0,0,0,0,0,0,0,0,0,0,0,0,0,0,0,0,0,0,0,0,0,0,0,0,0,0,0,0,0,0,0,0,0,0,0,0,0,0,0,0,0,0,0,0,0,0,0,0,0,0,0,0,0,0,0,0,0,0,0,0,0,0,0,0,0,0,0,0,0,0,0,0,0,0,0,0,0,0,0,0,0,0,0,0,0,0.2789236,0.49421772,-0.6297038,1.0952635,-0.28499797,-0.38068423,-0.5225143,1.009904,-0.5665666,0.4194465,0.9292504,0.9948713,0.37853146,0.24611315,0.1402308,-0.10159926,-0.4563705,-0.32996526,-1.3306189,-0.33793914,0.5794465,-0.037024103,0.85983866,0.6829759,-0.02578227,-0.555194,-0.54996526,0.38310662,-0.1555862,0.86088437,0.44049224,0.102714464,0.10637459,0.71343344,-0.25401756,0.09526348,-0.048004493,-0.37440974,0.47317198,-0.29454044,0.225721,-0.82630515,1.2146099,-0.8223836,-0.30761233,-0.41872343,0.745721,0.47800857,-0.2073509,0.95434844,1.1965706,-0.52016133,0.2637602,-0.2197692,0.6871589,0.59722424,0.8305576,-0.14865808,0.23186478,-0.2129718,-0.442645,0.389904,-0.54983455,0.22206086,-0.7695731,0.66219157,0.54049224,-0.33610907,0.762453,0.30820465,0.29291055,0.85643995,0.1360478,0.1733027,-0.4439522,0.43657067,0.18010008,-0.18617442,0.28232232,0.14611316,0.55709356,0.6506883,0.8485968,-0.0029064543,-0.0019914217,0.88964254,-0.40146855,0.7739563,-0.33323324,-0.89650124,0.15068832,0.2629759,-0.008527369,0.12768178,-0.17035744,-0.06421364,-0.4299653,0.41931576,-0.42408293,0.15905432,0.30140728,0.46794322,0.2836295,0.24911968,-0.2874816,-0.17114174,0.4092504,-0.16539012,-0.41440973,-0.45375612,0.1926491,0.61970794,0.1105576,0.004936683,0.6106883,-0.55114174,0.31447917,-0.5481352,-0.6076123,0.87238765,0.16611315,-0.3957169,0.3292504,0.30428308,-0.11297181,-0.54081494,-0.3646058,-0.07558619,-0.22212215,-1.0355862,0.345721,0.5601001,0.3704269,-0.42081496,0.24376021,0.7918648,0.35108048,0.17081903,-0.054801878,-0.24643587,0.18114583,0.41251838,-0.2218607,-0.5565012,0.21238767,-0.38774306,-0.10486724,0.80389094,0.022583742,-0.15950777,0.30885825,-0.06813521,0.6836295,-0.30617443,-0.22878881,0.34402165,0.84049225,-0.62591296,-0.3646058,0.15434845,0.070688315,0.04166871,0.554087,0.48938113,0.4003615,0.2547406,-0.14408292,-0.1439522,-0.42813522,-1.1757169,0.072126225,-0.36434436,0.52624387,0.6381393,-0.44839665,-0.11179534,-0.5861744,-0.13271038,0.18454453,0.24859682,0.11879289,-0.6395078,0.84611315,-0.26852736,-0.31192607,-0.33401757,-0.22643587,-0.11101103,0.0981393,0.3147406,-0.42486724,0.04925041,0.06036152,0.4568321,-0.20212214,0.059838645,0.21186478,-0.042775735,-0.18172999,0.26245302,-0.3839522,-0.019115604,0.14193015,0.07434845,0.4455903,0.09108047,0.42820466,-0.21179534,0.5016687,-0.02473652,0.086243875,-0.52682805,0.19356413,0.0032373366,-0.60539013,0.10742034,0.6763092,-0.5580698,0.08702818,-0.6315339,-0.20172998,0.2478125,0.2534334,-0.10839665,-0.68918097,0.688989,-0.13610907,-0.64016134,-0.008265931,-0.33388683,-0.09715482,0.036178514,-0.3597692,-0.059115604,0.17617851,0.21513276,0.5608844,-0.39963847,-0.0825143,0.044675246,0.086113155,-0.40238357,0.40323734,0.34728962,-0.20486724,0.08794322,0.29304126,-0.121729985,-0.39806986,-0.1460437,0.087420344,-0.25166464,0.076439954,-0.16839665,-0.06447508,-0.20905024,0.385721,0.046243872,0.14179944,0.41238767,0.06859681,0.052256946,-0.18395221,-0.06604371,0.7812765,-0.25244895,-0.30068424,-0.24055351,0.32075366,-0.3589849,-0.08630515,0.44728962,0.11434845,-0.01336397,-0.0025142974,-0.46016136,0.3097733,0.17970793,-0.017546978,0.40284517,-0.2610764,-0.18434437,-0.058331292,0.30349877,-0.25061888,-0.11467116,-0.056893382,0.2836295,-0.4797692,0.17983864,-0.2729718,-0.06552083,0.59212625,-0.06264502,0.4202308,0.008858251,-0.27676266,-0.03637051,0.46807393,-0.044997957,-0.6321875,-0.10068423,0.07827002,-0.20434436,-0.092710376,0.3500347,0.61081904,0.21081904,-0.29937705,0.07983864,-0.305913,-0.05806985,-0.1391156,-0.8839522,0.41460988,0.040753677,0.2078125,0.18728963,-0.67571694,0.049773283,0.28585172,0.032256946,-0.33310252,-0.19545548,-0.8757169,-0.17689338,0.3533027,-0.40264502,-0.18486723,0.2555249,0.3748713,-0.1328411,0.19160335,-0.02722018,-0.33663195,0.11016544,0.2989236,0.6685968,0.15487133,0.09343342,0.14323734,-0.08382149,0.24938112,-0.22356005,-0.37650123,0.354087,-0.02957312,-0.28761235,0.07787786,0.07434845,0.054609887,-0.118723445,0.2636295,-0.27924633,0.16310662,-0.082906455,-0.14643587,0.29330269,0.1787929,0.053956293,-0.3363705,0.4734334,0.34271446,-0.07571691,-0.1563705,-0.032579657,0.5152635,0.27630922,-0.32722017,0.07800858,0.0774857,-0.43257967,-0.09022672,0.00088439544,-0.08931168,0.2621916,0.26323733,0.14376022,0.07761642,0.43447918,-0.09728554,0.0478125,-0.3452594,0.50676674,0.43526348,-0.0991156,0.6139563,0.2919955,0.040753677,0.13879289,-0.08852737,0.15931576,-0.35885417,-0.03597835,-0.2936254,0.048335377,-0.54094565,-0.10120711,0.060622957,0.29578635,0.24140728,0.18715891,-0.2921875,0.49068832,-0.31950775,-0.11663195,-0.15454043,0.43068832,0.06650531,-0.14996527,-0.16591299,-0.09571691,0.48545957,-0.2363705,0.1147406,-0.055716913,-0.33166462,-0.39061886,-0.37127247,-0.8971548,-0.2605535,0.36598244,-0.08878881,0.60493666,-0.15297182,0.39199552,-0.1639522,-0.15715481,-0.07545547,-0.24695875,0.39657068,-0.057677697,-0.06068423,-0.024213644,0.40820464,0.15866217,0.2650674,-0.09192606,0.0071589053,-0.18656659,-0.32630515,0.10911969,-0.00342933,-0.07637051,0.17225695,-0.14735089,0.057093546,-0.22382149,0.17460988,0.31068832,-0.26173,0.07996936,-0.18708946,-0.10199142,-0.18578227,-0.06512868,0.018139297,-0.012448938,0.38467523,0.40245304,0.36820465,-0.45663196,-0.06329861,0.14519812,-0.27271038,-0.23506331,0.48545957,-0.014540441,-0.018069852,-0.03597835,-0.4168934,0.28898898,0.94140726,0.2029759,0.03905433,-0.36356005,-0.07780842,0.30454454,0.117877856,0.22689746,-0.0012071078,0.059446488,0.46898898,-0.298462,0.029119689,-0.1383313,-0.4170241,0.18676674,-0.10029207,-0.10303717,0.20689747,-0.11271038,0.28310663,0.2023223,-0.51637053,-0.070226714,0.5050674,0.37277982,0.61081904,0.07304126,-0.09467116,0.32598242,0.38258374,0.4237602,-0.39048815,0.31447917,0.55931574,0.026243873,-0.2673509,0.12585172,-0.43898487,-0.53728557,-0.094148286,-0.15806985,0.11709355,-0.43061888,0.20676675,0.045067403,0.05657067,0.24951185,-0.3583313,0.10911969,-0.042775735,-0.09989992,0.1292504,-0.48643586,0.21578635,0.23709355,0.19578636,0.41866216,-0.109050244,-0.18029207,-0.30499795,-0.0076123364,-0.5315339,0.22833538,0.21813929,0.024413807,0.18637459,0.14964257,-0.04212214,0.07996936,0.04925041,0.48336807,0.20389093,-0.046435867,0.2153942,0.4976164,0.042453025,0.4479432,-0.11650123,-0.06303717,-0.047612336,-0.05728554,-0.21310253,0.32062295,0.5370935,-0.031926062,-0.24356005,0.17421773,0.032256946,-0.14918096,-0.43310252,-0.03349469,-0.040292077,0.21853146,0.013694853,0.048073936,0.29212624,0.088727534,-0.13741626,0.032256946,0.41722426,-0.45179534,-0.36512867,0.1533027,-0.22434436,0.12101512,-0.18604371,0.35304126,-0.0010763889,-0.18891953,-0.23362541,0.0072896243,0.3279432,0.6608844,0.18820466,-0.3349326,0.56402165,-0.4418607,0.062191583,-0.09153391,0.08964256,0.38206086,-0.12356005,0.009381128,0.26323733,0.33827,-0.29872346,-0.2410764,-0.061468545,-0.12748162,0.08820466,0.53212625,-0.30774304,-0.1460437,0.0629759,0.22284518,0.11853145,0.14728962,0.32532883,0.4697733,-0.4321875,0.2878125,0.24480596,0.27996936,-0.2191156,0.1595772,0.3008844,-0.41061887,0.13774714,-0.27780843,-0.5431679,-0.06277574,-0.0013378268,-0.08878881,0.2986622,-0.45663196,-0.14303717,-0.15676266,0.28454453,-0.04983456,0.31905434,0.07460988,0.17539419,-0.19689338,0.4926491,-0.08839665,0.24271446,0.06441381,0.85657066,-0.44565156,0.27630922,-0.16264501,-0.27127248,-0.15793914,0.24598244,-0.59244895,0.4347406,-0.07257966,-0.38722017,0.22545956,-0.13022672,-0.22539012,-0.051272467,0.49173406,-0.054932598,0.3223223,0.34362948,0.121930145,-0.046305146,-0.230096,0.048466094,0.07761642,0.087420344,0.29029617,0.2781393,0.37526348,0.4050674,0.04911969,-0.11950776,-0.3970241,0.29447916,0.12049224,0.16310662,-0.29519403,0.09643995,0.29108047,-0.16669731,0.31147262,0.32624388,0.2008844,-0.0749326,0.06454453,-0.17101103,0.09251838,-0.3804228,-0.29061887,0.04742034,0.14480597,0.010165441,-0.07950776,-0.12342933,-0.3604228,0.2876818,0.16598244,0.19369486,-0.22199142,-0.13885416,0.56389093,-0.36826593,0.02140727,-0.41506332,-0.053886846,-0.029180964,0.1581393,-0.21035743,0.28323734,0.30859682,0.16820465,-0.109180965,-0.107612334,-0.3832986,0.3029759,0.08637459,0.51421773,0.87853146,0.07944649,0.32206085,-0.5273509,-0.2706189,-0.098069854,0.076309234,0.34389094,0.43356413,0.13369486,0.6514726,-0.34408292,-0.12133782,-0.103690766,-0.17623979,0.19931577,-0.36852738,-0.029442402,0.34075367,-0.17480189,-0.9046058,0.26624388,-0.4576777,-0.124475084,-0.20499796,-0.15480188,-0.5582006,0.40728962,0.009250408,0.24415237,0.106897466,-0.024344362,0.15121119,-0.6282659,-0.4344097,-0.17061888,-0.11284109,0.28611314,0.24402165,-0.050357435,0.261538,-0.20512867,-0.36852738,0.051211193,0.44245303,-0.067481615,-0.17623979,-0.026174428,0.3842831,-0.10303717,0.27800858,0.16258374,0.07147263,0.053302698,-0.11950776,0.30794322,-0.078854166,0.037877858,-0.19310254,-0.07074959,0.047158904,-0.38813522,-0.33480188,0.47983864,-0.28499797,-0.10342933,0.035786357,-0.051795345,-0.01336397,0.26742035,-0.37349468,0.3333027,0.5346099,-0.16094567,-0.6866973,0.4802308,0.17722426,0.45643994,0.5505576,-0.19519404,0.07617851,0.35147262,-0.29271036,0.10742034,0.019577205,0.16768178,-0.06408293,0.5590543,0.17513277,0.119185045,0.1374857,0.06362949,0.19147263,0.44323733,0.08402165,-0.5446058,0.36611316,0.41238767,-0.37676266,0.09474061,0.17251839,0.20742035,0.69866216,-0.5480045,0.027289623,0.25853145,-0.09859273,-0.08643587,-0.1818607,0.40728962,-0.08225286,0.13892362,-0.4087888,0.26245302,0.28833538,0.20702818,-0.042645015,-0.0797692,-0.17741627,0.20480597,-0.18774305,-0.34722018,0.17996936,-0.11780842,-0.18839665,0.9199694,0.6876818,0.3278125,0.3346099,-0.015324755,-0.2562398,0.59042686,0.038792893,-0.5397692,0.17866217,0.13761643,-0.17872345,-0.003167892,-0.25205678,0.06349877,-0.20382148,0.21578635,0.035132762,0.098270014,0.05291054,-0.46055353,0.30284518,-0.29506332,0.63983864,0.39657068,0.097093545,0.6031066,-0.2706189,-0.15898488,-0.095455475,-0.38434437,-0.21454044,-0.3176777,0.06284518,-0.27401757,0.09016544,-0.14473651,-0.26839665,-0.3329718,0.1912112,-0.4570241,0.13761643,-0.057416257,0.05277982,-0.018854167,-0.03467116,0.16820465,0.26245302,0.020753676,0.16611315,0.098400734,-0.08225286,-0.32865807,0.43212622,-0.20029208,-0.16826594,-0.24356005,0.29774714,-0.118984886,-0.096631944,-0.38891953,0.05905433,-0.12120711,0.15447916,-0.33545548,0.3761785,0.24310662,-0.1115339,0.30402166,0.18389094,-0.21375613,0.18127654,0.041015115,-0.2073509,0.22075367,-0.057939135,0.36768177,0.23317198,-0.46199143,-0.15467116,-0.019507762,0.16101511,-0.30290645,-0.008527369,0.2216687,-0.12264501,-0.11597835,0.2760478,0.60755104,-0.5212071,0.23996936,0.17905433,0.5268975,0.08532884,0.029642565,0.105721,0.2885968,-0.2706189,0.2202308,0.18702818,0.10755106,-0.39454043,0.06049224,0.05029616,0.26951185,-0.3846058,0.4567014,-0.21584763,0.32545957,-0.41519403,0.12127655,-0.26016137,-0.22447509,0.18532884,-0.070618875,-0.28356004,-0.07715482,-0.029050246,-0.5225143,-0.3060437,0.29840073,-0.21676266,0.2581393,0.03186479,-0.02604371,-0.3928411,0.40049225,0.6718648,0.5445445,-0.46708947,-0.22421364,0.46559027,0.19787785,0.75722426,0.29186478,0.23343341,0.78885823,0.3601001,0.15617852,0.094348446,0.29474062,-0.031403188,0.39029616,-0.4907496,0.2892504,-0.16434436,-0.080030635,0.67944646,0.24349877,0.0038909314,0.15696283,-0.31480187,-0.09467116,-0.2720568,-0.09140319,-0.021991422,0.21892361,-0.4914032,-0.49127248,0.37434846,-0.18199143,-0.31388685,0.39722428,0.4526491,-0.016501226,0.25108048,-0.03571691,-0.033756126,0.43657067,0.62559026,0.24964257,0.41892362,-0.48774305,-0.310096,0.30885825,0.0074203433,0.457355,-0.5707496,-0.16447508,0.14794321,-0.414279,0.09460989,0.09774714,0.18925041,-0.8357169,-1.1385927,0.397355,0.21813929,0.06637459,-0.9497038,-0.6531025,-0.33336398,0.11853145,1.3197079,1.0874203,-0.35663193,-0.5842136,-0.286828,-1.0229064,1.1470282,-0.63480186,0.5150021,-0.43414828,1.2129105,0.3104269,-0.11297181,0.26859683,-0.18408293,0.7254596,0.154087,-1.2316647,-0.185913,-0.18277574,-0.37584764,-0.7874816,0.15068832,0.1050674,0.3084661,-0.05963848,-0.44225287,0.92336804,-0.9541483,0.07408701,-0.58905023,0.03134191,-0.41440973,0.21526349,-0.68146855,-1.1265665,1.2612766,-0.18539011,0.43866217,1.008989,0.36179942,-1.070096,0.25827003,-0.021207107,-0.23166463,0.23526348,1.6930412,-0.58826596,1.0727798,0.7241524,0.5236295,-1.4734946,0.873172,-0.038200572,-1.4805535,-1.2782006,0.40964258,0.91042686,-0.26068422,1.1397079,0.23460989,-0.048919525,-0.6192463,0.4519955,-1.1855209,1.2129105,1.2552634,0.74389094,0.17173406,1.437355,0.77591705,0.69134194,0.7916033,0.7084661,0.3221916,-0.88342935,0.32911968,-0.8167627,0.34794322,1.3199694,-1.0914031,0.24389093,0.766636,-1.4063052,-1.1146711,0.37787786,1.0249367,-0.26761234,0.18101512,-1.2064359,-0.38225287,-0.89806986,0.017224265,-0.9210764,0.29774714,0.5020609,-0.24290645,-1.0580698,0.334087,0.8431066,1.0187929,-0.2591156,0.770819,0.30127656,0.5387929,-0.66081494,0.3678125,-0.582645,0.52062297,0.44062296,-0.21584763,-1.1906189,0.08702818,0.08820466,1.4850674,0.25212622,0.45513275,0.6468975,
0,1,0,0,0,0,0,0,0,0,0,0,0,0,0,0,1,0,0,0,0,0,0,0,0,0,0,0,0,0,0,0,0,0,0,0,0,0,0,0,0,0,0,0,0,0,0,0,0,0,0,0,0,0,0,0,0,0,0,0,0,0,0,0,0,0,0,0,0,0,0,0,0,0,0,0,0,0,0,0,0,0,0,0,0,0,0,0,0,0,0,0,0,0,0,0,0,0,0,0,0,0,0,0,0,0,0,0,0,0,0,0,0,0,0,0,0,0,0,0,0,0,0,0,0,0,0,0,0,0,0,0,0,0,0,0,0,0,0,0,0,0,0,0,0,0,0,0,0,0,0,0,0,0,0,0,0,0,0,0,0,0,0,0,0,0,0,0,0,0,0,0,0,0,0,0,0,0,0,0,0,0,0,0,0,0,0,0,0,1,0,0,0,0,0,0,0,0,0,0,0,0,0,0,0,0,0,0,0,0,0,0,0,0,0,0,0,0,0,0,0,0,0,0,0,0,0,0,0,0,0,0,0,0,0,0,0,0,0,0,0,0,0,0,0,0,0,0,0,0,0,0,0,0,0,0,0,0,0,0,0,0,0,0,0,0,0,0,0,0,0,0,0,0,0,0,0,0,0,0,0,0,0,0,0,0,0,0,0,0,0,0,0,0,0,0,0,0,0,0,0,0,0,0,0,0,0,0,0,0,0,0,0,0,0,0,0,0,0,0,0,0,0,0,0,0,0,0,0,0,0,0,0,0,0,0,0,0,0,0,0,0,0,0,0,0,0,0,0,0,0,0,0,0,0,0,0,0,0,0,0,0,0,0,0,0,0,0,0,0,0,0,0,0,0,0,0,0,0,0,0,0,0,0,0,0,0,0,0,0,0,0,0,0,0,0,0,0,0,0,0,0,0,0,0,0,0,0,0,0,0,0,0,0,0,0,0,0,0,0,0,0,0,0,0,0,0,0,0,0,0,0,0,0,0,1,0,0,0,0,0,0,0,0,0,0,0,0,0,0,0,0,0,0,0,0,0,0,0,0,0,0,0,0,0,0,0,0,0,0,0,0,0,0,0,0,0,0,0,0,0,0,0,0,0,0,0,0,0,0,0,0,0,0,0,0,0,0,0,0,0,0,0,0,0,0,0,0,0,0,0,0,0,0,0,0,0,0,0,0,0,0,0,0,0,0,0,0,0,0,0,0,0,0,0,0,0,0,0,0,0,0,0,0,0,0,0,0,0,0,0,0,0,0,0,0,0,0,0,0,0,0,0,0,0,0,0,0,0,0,0,0,0,0,0,0,0,0,0,0,0,0,0,0,0,0,0,0,0,0,0,0,0,0,0,0,0,0,0,0,0,0,0,0,0,0,0,0,0,0,1,0,0,0,0,0,0,0,0,0,0,0,0,0,0,0,0,0,0,0,0,0,0,0,0,0,0,0,0,0,0,0,0,0,0,0,0,0,0,0,0,0,0,0,0,0,0,0,0,0,0,0,0,0,0,0,0,0,0,0,0,0,0,0,0,0,0,0,0,0,0,0,0,0,0,0,0,0,0,0,0,0,0,0,0,0,0,0,0,0,0,0,0,0,0,0,0,0,0,0,0,0,0,0,0,0,0,0,0,0,0,0,0,0,0,0,0,0,0,0,0,0,0,0,0,0,0,0,0,0,0,0,0,0,0,0,0,0,0,0,0,0,0,0,0,0,0,0,0,0,0,0,0,0,0,0,0,0,0,0,0,0,0,0,0,0,0,0,0,0,0,0,0,0,0,0,0,0,0,0,0,0,0,0,0,0,0,0,0,0,0,0,0,0,0,0,0,0,0,0,0,0,0,0,0,0,0,0,0,0,0,0,0,0,0,0,0,0,0,0,0,0,0,0,0,0,0,0,0,0,0,0,0,0,0,0,0,0,0,0,0,0,0,0,0,0,0,0,0,0,0,0,0,0,0,0,0,0,0,0,0,0,0,0,0,0,0,0,0,0,0,0,0,0,0,0,0,0,0,0,0,0,0,0,0,0,0,0,0,0,0,0,0,0,0,0,0,0,0,0,0,0,0,0,0,0,0,0,0,0,0,0,0,0,0,0,0,0,0,0,0,0,0,0,0,0,0,0,0,0,0,0,0,0,0,0,0,0,0,0,0,0,0,0,0,0,0,0,0,0,0,0,0,0,0,0,0,0,0,0,0,0,0,0,0,0,0,0,0,0,0,0,0,0,0,0,0,0,0,0,0,0,0,0,0,0,0,0,0,0,0,0,0,0,0,0,0,0,0,0,0,0,0,0,0,0,0,0,0,0,0,0,0,0,0,0,0,0,0,0,0,0,0,0,0,0,0,0,0,0,0,0,0,0,0,0,0,0,0,0,0,0,0,0,0,0,0,0,0,0,0,0,0,0,0,0,0,0,0,0,0,0,0,0,0,0,0,0,0,0,0,0,0,0,0,0,0,0,0,0,0,0,0,0,0,0,0,0,0,0,0,0,0,0,0,0,0,0,0,0,0,0,0,0,0,0,0,0,0,0,0,0,0,0,0,0,0,0,0,0,0,0,0,0,0,0,0,0,0,0,0,0,0,0,0,0,0,0,0,0,0,0,0,0,0,0,0,0,0,0,0,0,0,0,0,0,0,0,0,0,0,0,0,0,0,0,0,0,0,0,0,0,0,0,0,0,0,0,0,0,0,0,0,0,0,0,0,0,0,0,0,0,0,0,0,0,0,0,0,0,0,0,0,0,0,0,0,0,0,0,0,0,0,0,0,0,0,0,0,0,0,0,0,0,0,0,0,0,0,0,0,0,0,0,0,0,0,0,0,0,0,0,0,0,0,0,0,0,0,0,0,0,0,0,0,0,0,0,0,0,0,0,0,0,0,0,0,0,0,0,0,0,0,0,0,0,0,0,0,0,0,0,0,0,0,0,0,0,0,0,0,0,0,0,0,0,0,0,0,0,0,0,0,0,0,0,0,0,0,0,0,0,0,0,0,0,0,0,0,0,0,0,0,0,0,0,0,0,0,0,0,0,0,0,0,0,0,0,0,0,0,0,0,0,0,0,0,0,0,0,0,0,0,0,0,0,0,0,0,0,0,0,0,0,0,0,0,0,0,0,0,0,0,0,0,0,0,0,0,0,0,0,0,0,0,0,0,0,0,0,0,0,0,0,0,0,0,0,0,0,0,0,0,0,0,0,0,0,0,0,0,0,0,0,0,0,0,0,0,0,0,0,0,0,0,0,0,0,0,0,0,0,0,0,0,0,0,0,0,0,0,0,0,0,0,0,0,0,0,0,0,0,0,0,0,0,0,0,0,0,0,0,0,0,0,0,0,0,0,0,0,0,0,0,0,0,0,0,0,0,0,0,0,0,0,0,0,0,0,0,0,0,0,0,0,0,0,0,0,0,0,0,0,0,0,0,0,0,0,0,0,0,0,0,0,0,0,0,0,0,0,0,0,0,0,0,0,0,0,0,0,0,0,0,0,0,0,0,0,0,0,0,0,0,0,0,0,0,0,0,0,0,0,0,0,0,0,0,0,0,0,0,0,0,0,0,0,0,0,0,0,0,0,0,0,0,0,0,0,0,0,0,0,0,0,0,0,0,0,0,0,0,0,0,0,0,0,0,0,0,0,0,0,0,0,0,0,0,0,0,0,0,0,0,0,0,0,0,0,0,0,0,0,0,0,0,0,0,0,0,0,0,0,0,0,0,0,0,0,0,0,0,0,0,0,0,0,0,0,0,0,0,0,0,0,0,0,0,0,0,0,0,0,0,0,0,0,0,0,0,0,0,0,0,0,0,0,0,0,0,0,0,0,0,0,0,0,0,0,0,0,0,0,0,0,0,0,0,0,0,0,0,0,0,0,0,0,0,0,0,0,0,0,0,0,0,0,0,0,0,0,0,0,0,0,0,0,0,0,0,0,0,0,0,0,0,0,0,0,0,0,0,0,0,0,0,0,0,0,0,0,0,0,0,0,0,0,0,0,0,0,0,0,0,0,0,0,0,0,0,0,0,0,0,0,0,0,0,0,0,0,0,0,0,0,0,0,0,0,0,0,0,0,0,0,0,0,0,0,0,0,0,0,0,0,0,0,0,0,0,0,0,0,0,0,0,0,0,0,0,0,0,0,0,0,0,0,0,0,0,0,0,0,0,0,0,0,0,0,0,0,0,0,0,0,0,0,0,0,0,0,0,0,0,0,0,0,0,0,0,0,0,0,0,0,0,0,0,0,0,0,0,0,0,0,0,0,0,0,0,0,0,0,0,0,0,0,0,0,0,0,0,0,0,0,0,0,0,0,0,0,0,0,0,0,0,0,0,0,0,0,0,0,0,0,0,0,0,0,0,0,0,0,0,0,0,0,0,0,0,0,0,0,0,0,0,0,0,0,0,0,0,0,0,0,0,0,0,0,0,0,0,0,0,0,0,0,0,0,0,0,0,0,0,0,0,0,0,0,0,0,0,0,0,0,0,0,0,0,0,0,0,0,0,0,0,0,0,0,0,0,0,0,0,0,0,0,0,0,0,0,0,0,0,0,0,0,0,0,0,0,0,0,0,0,0,0,0,0,0,0,0,0,0,0,0,0,0,0,0,0,0,0,0,0,0,0,0,0,0,0,0,0,0,0,0,0,0,0,0,0,0,0,0,0,0,0,0,0,0,0,0,0,0,0,0,0,0,0,0,0,0,0,0,0,0,0,0,0,0,0,0,0,0,0,0,0,0,0,0,0,0,0,0,0,0,0,0,0,0,0,0,0,0,0,0,0,0,0,0,0,0,0,0,0,0,0,0,0,0,0,0,0,0,0,0,0,0,0,0,0,0,0,0,0,0,0,0,0,0,0,0,0,0,0,0,0,0,0,0,0,0,0,0,0,0,0,0,0,0,0,0,0,0,0,0,0,0,0,0,0,0,0,0,0,0,0,0,0,0,0,0,0,0,0,0,0,0,0,0,0,0,0,0,0,0,0,0,0,0,0,0,0,0,0,0,0,0,0,0,0,0,0,0,0,0,0,0,0,0,0,0,0,0,0,0,0,0,0,0,0,0,0,0,0,0,0,0,0,0,0,0,0,0,0,0,0,0,0,0,0,0,0,0,0,0,0,0,0,0,0,0,0,0,0,0,0,0,0,0,0,0,0,0,0,0,0,0,0,0,0,0,0,0,0,0,0,0,0,0,0,0,0,0,0,0,0,0,0,0,0,0,0,0,0,0,0,0,0,0,0,0,0,0,0,0,0,0,0,0,0,0,0,0,0,0,0,0,0,0,0,0,0,0,0,0,0,0,0,0,0,0,0,0,0,0,0,0,0,0,0,0,0,0,0,0,0,0,0,0,0,0,0,0,0,0,0,0,0,0,0,0,0,0,0,0,0,0,0,0,0,0,0,0,0,0,0,0,0,0,0,0,0,0,0,0,0,0,0,0,0,0,0,0,0,0,0,0,0,0,0,0,0,0,0,0,0,0,0,0,0,0,0,0,0,0,0,0,0,0,0,0,0,0,0,0,0,0,0,0,0,0,0,0,0,0,0,0,0,0,0,0,0,0,0,0,0,0,0,0,0,0,0,0,0,0,0,0,0,0,0,0,0,0,0,0,0,0,0,0,0,0,0,0,0,0,0,0,0,0,0,0,0,0,0,0,0,0,0,0,0,0,0,0,0,0,0,0,0,0,0,0,0,0,0,0,0,0,0,0,0,0,0,0,0,0,0,0,0,0,0,0,0,0,0,0,0,0,0,0,0,0,0,0,0,0,0,0,0,0,0,0,0,0,0,0,0,0,0,0,0,0,0,0,0,0,0,0,0,0,0,0,0,0,0,0,0,0,0,0,0,0,0,0,0,0,0,0,0,0,0,0,0,0,0,0,0,0,0,0,0,0,0,0,0,0,0,0,0,0,0,0,0,0,0,0,0,0,0,0,0,0,0,0,0,0,0,0,0,0,0,0,0,0,0,0,0,0,0,0,0,0,0,0,0,0,0,0,0,0,0,0,0,0,0,0,0,0,0,0,0,0,0,0,0,0,0,0,0,0,0,0,0,0,0,0,0,0,0,0,0,0,0,0,0,0,0,0,0,0,0,0,0,0,0,0,0,0,0,0,0,0,0,0,0,0,0,0,0,0,0,0,0,0,0,0,0,0,0,0,0,0,0,0,0,0,0,0,0,0,0,0,0,0,0,0,0,0,0,0,0,0,0,0,0,0,0,0,0,0,0,0,0,0,0,0,0,0,0,0,0,0,0,0,0,0,0,0,0,0,0,0,0,0,0,0,0,0,0,0,0,0,0,0,0,0,0,0,0,0,0,0,0,0,0,0,0,0,0,0,0,0,0,0,0,0,0,0,0,0,0,0,0,0,0,0,0,0,0,0,0,0,0,0,0,0,0,0,0,0,0,0,0,0,0,0,0,0,0,0,0,0,0,0,0,0,0,0,0,0,0,0,0,0,0,0,0,0,0,0,0,0,0,0,0,0,0,0,0,0,0,0,0,0,0,0,0,0,0,0,0,0,0,0,0,0,0,0,0,0,0,0,0,0,0,0,0,0,0,0,0,0,0,0,0,0,0,0,0,0,0,0,0,0,0,0,0,0,0,0,0,0,0,0,0,0,0,0,0,0,0,0,0,0,0,0,0,0,0,0,0,0,0,0,0,0,0,0,0,0,0,0,0,0,0,0,0,0,0,0,0,0,0,0,0,0,0,0,0,0,0,0,0,0,0,0,0,0,0,0,0,0,0,0,0,0,0,0,0,0,0,0,0,0,0,0,0,0,0,0,0,0,0,0,0,0,0,0,0,0,0,0,0,0,0,0,0,0,0,0,0,0,0,0,0,0,0,0,0,0,0,0,0,0,0,0,0,0,0,0,0,0,0,0,0,0,0,0,0,0,0,0,0,0,0,0,0,0,0,0,0,0,0,0,0,0,0,0,0,0,0,0,0,0,0,0,0,0,0,0,0,0,0,0,0,0,0,0,0,0,0,0,0,0,0,0,0,0,0,0,0,0,0,0,0,0,0,0,0,0,0,0,0,0,0,0,0,0,0,0,0,0,0,0,0,0,0,0,0,0,0,0,0,0,0,0,0,0,0,0,0,0,0,0,0,0,0,0,0,0,0,0,0,0,0,0,0,0,0,0,0,0,0,0,0,0,0,0,0,0,0,0,0,0,0,0,0,0,0,0,0,0,0,0,0,0,0,0,0,0,0,0,0,0,0,0,0,0,0,0,0,0,0,0,0,0,0,0,0,0,0,0,0,0,0,0,0,0,0,0,0,0,0,0,0,0,0,0,0,0,0,0,0,0,0,0,0,0,0,0,0,0,0,0,0,0,0,0,0,0,0,0,0,0,0,0,0,0,0,0,0,0,0,0,0,0,0,0,0,0,0,0,0,0,0,0,0,0,0,0,0,0,0,0,0,0,0,0,0,0,0,0,0,0,0,0,0,0,0,0,0,0,0,0,0,0,0,0,0,0,0,0,0,0,0,0,0,0,0,0,0,0,0,0,0,0,0,0,0,0,0,0,0,0,0,0,0,0,0,0,0,0,0,0,0,0,0,0,0,0,0,0,0,0,0,0,0,0,0,0,0,0,0,0,0,0,0,0,0,0,0,0,0,0,0,0,0,0,0,0,0,0,0,0,0,0,0,0,0,0,0,0,0,0,0,0,0,0,0,0,0,0,0,0,0,0,0,0,0,0,0,0,0,0,0,0,0,0,0,0,0,0,0,0,0,0,0,0,0,0,0,0,0,0,0,0,0,0,0,0,0,0,0,0,0,0,0,0,0,0,0,0,0,0,0,0,0,0,0,0,0,0,0,0,0,0,0,0,0,0,0,0,0,0,0,0,0,0,0,0,0,0,0,0,0,0,0,0,0,0,0,0,0,0,0,0,0,0,0,0,0,0,0,0,0,0,0,0,0,0,0,0,0,0,0,0,0,0,0,0,0,0,0,0,0,0,0,0,0,0,0,0,0,0,0,0,0,0,0,0,0,0,0,0,0,0,0,0,0,0,0,0,0,0,0,0,0,0,0,0,0,0,0,0,0,0,0,0,0,0,0,0,0,0,0,0,0,0,0,0,0,0,0,0,0,0,0,0,0,0,0,0,0,0,0,0,0,0,0,0,0,0,0,0,0,0,0,0,0,0,0,0,0,0,0,0,0,0,0,0,0,0,0,0,0,0,0,0,0,0,0,0,0,0,0,0,0,0,0,0,0,0,0,0,0,0,0,0,0,0,0,0,0,0,0,0,0,0,0,0,0,0,0,0,0,0,0,0,0,0,0,0,0,0,0,0,0,0,0,0,0,0,0,0,0,0,0,0,0,0,0,0,0,0,0,0,0,0,0,0,0,0,0,0,0,0,0,0,0,0,0,0,0,0,0,0,0,0,0,0,0,0,0,0,0,0,0,0,0,0,0,0,0,0,0,0,0,0,0,0,0,0,0,0,0,0,0,0,0,0,0,0,0,0,0,0,0,0,0,0,0,0,0,0,0,0,0,0,0,0,0,0,0,0,0,0,0,0,0,0,0,0,0,0,0,0,0,0,0,0,0,0,0,0,0,0,0,0,0,0,0,0,0,0,0,0,0,0,0,0,0,0,0,0,0,0,0,0,0,0,0,0,0,0,0,0,0,0,0,0,0,0,0,0,0,0,0,0,0,0,0,0,0,0,0,0,0,0,0,0,0,0,0.56891054,0.25811315,-0.17346855,-0.10329861,-0.33263195,0.14653145,-0.36264503,-0.918096,0.9055903,-0.7981483,0.34313276,-0.5992986,0.62647915,0.30569485,0.39651838,0.6351589,0.7067406,-0.7431418,0.26077983,0.46198243,0.62443995,0.12153799,-0.60044897,0.5913419,-0.56463194,-0.58999145,-0.51150775,-0.69514173,-0.5033509,-0.11516789,-0.42518097,0.08007394,-0.08499796,0.62491053,0.07217851,-0.9450241,0.22480597,0.53471446,-0.6864097,0.409904,0.4807014,0.68749875,-1.0021222,0.24410008,0.2292504,0.66893667,-0.6945143,-0.1829326,0.5792112,-0.18810907,0.48462296,0.06543341,-0.40055352,0.46145955,-0.66999143,0.6524138,-0.4044751,-0.33759928,-0.26779535,-0.16829208,0.21168178,0.02966871,-0.57927245,0.08253145,0.042740606,-0.74810904,0.01147263,0.047917075,0.23615237,0.33042687,-0.24510254,0.27332884,-0.1951679,0.02987786,0.3800478,-0.3859653,0.7175641,-0.5277692,0.02810008,0.29079288,-0.24975613,0.59714586,0.23965564,-0.13765155,-0.11103717,-0.13101102,0.32117197,-0.2973901,-0.19156004,-0.466645,-0.15532476,-0.33409598,-0.059952207,-0.08055352,0.04760335,0.25785172,-0.18141626,0.20859681,0.32132885,-0.010854167,0.08953799,0.849172,-0.3386973,0.72723734,0.44802165,-0.25456658,0.18015237,-0.1210241,-0.5470633,-0.4410241,0.08085825,0.62789094,0.23275368,0.14898898,-0.4191679,0.12498897,-0.37315482,0.12179943,-0.42350775,0.59170794,-0.28332475,0.13230923,0.30857068,-0.41927245,0.8366752,0.1552112,-0.3158999,0.2725968,0.0066098855,-0.10465809,0.2359955,-0.3218607,-0.4923182,-0.4865143,0.24587786,0.30574715,-0.06789992,-0.39370385,0.18569486,-0.2910633,0.63108045,-0.095455475,0.8029497,0.37178636,0.26789093,0.43494976,-0.6789326,0.4393419,0.2516295,0.1922831,-0.25718096,0.42700204,-0.6064097,0.485721,0.62318504,0.36713275,0.5817733,0.22417851,0.27808702,-0.16640972,-0.009337827,0.13100204,-0.2637692,0.14203472,0.3538517,-0.34528553,-0.14429207,0.41827002,0.3631066,0.60049224,-0.35563847,-0.55772996,0.15275368,-0.6065143,0.48603472,-0.116161354,0.33053145,0.39280596,-0.32342932,-0.2650241,0.04174714,-0.44416136,-0.37650123,-0.119664624,-0.4355339,-0.06340319,-0.18199143,0.33084518,0.67468834,0.4141393,0.33142033,0.2204138,-0.10110253,-0.13718097,0.23343341,0.17837459,0.13779943,-0.23166463,-0.55495876,0.14177328,-0.059952207,-0.36395222,0.48179942,-0.18586071,0.1527014,0.022191584,0.19311969,0.00974714,0.11113276,-0.47025287,0.48185173,0.0865576,0.2949236,0.1715772,0.14789093,-0.011377042,-0.43234438,0.10438766,-0.18638358,-0.17519404,0.7527014,0.28174713,-0.032553513,-0.61770386,-0.05854044,0.004832108,-0.06533783,-0.23626593,-0.7992463,0.1795772,0.4158125,0.25000858,-0.29629207,0.08932884,0.42982557,0.32927656,-0.12959926,0.574819,-0.0726058,-0.39616135,0.09523734,-0.2642398,0.7357602,0.4381916,0.08425695,0.2862439,0.27923733,-0.17179534,0.34600857,-0.28478882,-0.39668423,-0.6746973,-0.042540442,0.17722426,0.59013927,0.097590275,0.4604138,-0.25733784,-0.1677169,0.16310662,0.15547264,-0.2684751,0.17889747,-0.089337826,-0.29566464,0.1261393,-0.3126058,0.47076675,0.44540727,-0.433913,-0.08081495,0.21957721,-0.29932475,-0.16531168,0.3016687,-0.0083443625,-0.10784763,0.16817851,-0.34596527,0.0054072714,-0.16091953,0.41053146,0.23134191,-0.61848813,0.27453145,-0.103507765,-0.3888934,0.27583864,-0.02115482,-0.109311685,-0.40750775,-0.12620057,-0.05472345,-0.6072986,-0.278096,0.47468832,0.29298896,0.27908048,-0.36803064,0.225904,-0.28923324,0.5427145,-0.20792606,0.23359028,0.4482308,0.2503746,0.13612622,-0.5078476,-0.40897182,0.015655637,-0.2528934,-0.088082924,0.3906099,0.29016545,0.04765564,0.61759025,0.06517198,-0.025599265,-0.0730241,0.20227002,0.18140727,0.39996937,-0.18387377,-0.36635745,-0.0974424,-0.104501225,0.3362308,-0.55861884,-0.026017565,-0.37174305,-0.31459272,0.1353942,0.22308047,-0.2191156,-0.42910254,0.38627002,0.5045968,-0.186279,0.2587929,0.3315249,0.015028186,0.19202165,0.504806,-0.6877169,-0.41142932,-0.003063317,0.229721,0.7198125,-0.13556005,0.062034722,-0.48091954,-0.34157312,0.31353799,0.021564133,-0.2570241,0.30443996,-0.11213521,-0.001808415,-0.25942934,0.19311969,-0.28750777,0.17534192,-0.22732475,0.4481785,-0.31061888,-0.25268424,0.0037863562,0.2309759,-0.13179535,-0.05169077,-0.106435865,-0.07474959,0.31087133,-0.20264502,0.115995504,-0.17372999,-0.25556004,0.05466217,0.06386479,-0.26784763,0.06328963,0.115995504,0.6061916,-0.28494567,-0.023560049,0.17183864,-0.5638476,-0.07025286,0.07589093,-0.18952084,-0.20457965,0.08953799,-0.25922018,0.17314583,-0.013207108,0.47160336,0.305904,-0.34523326,-0.5272463,-0.17299795,-0.5917169,0.22768179,0.08525041,0.023498775,0.6077079,0.20080596,0.17335498,-0.26857966,-0.25707638,-0.37723324,0.6570674,-0.093520835,-0.16086724,0.21555106,0.24744649,0.58872753,-0.23375612,-0.079403184,-0.6374685,-0.2831156,0.32430923,-0.009024101,-0.36050123,0.48085827,-0.24076267,-0.42722017,0.069145836,0.30694976,-0.7537561,-0.25566462,0.1653027,-0.09974305,0.12807393,-0.15976919,0.119132765,-0.040082924,-0.17231822,0.44206086,-0.17937705,0.45387787,-0.08369077,-0.42732474,-0.12557311,-0.346279,0.3704269,0.31207395,-0.3210764,0.092100084,-0.51422673,-0.19663194,-0.0019129902,0.621355,0.32974714,-0.33388683,-0.11438358,-0.5109326,0.6924138,-0.3914032,-0.026801879,-0.21137704,-0.39867115,0.1993942,-0.161913,-0.11621364,-0.3884751,0.5201785,0.4048321,-0.20133783,0.2103223,-0.037259396,-0.5909849,0.08420466,0.0781393,-0.23705025,0.2506883,0.22036152,-0.09378227,-0.039455473,0.056544527,0.35615236,0.25858375,0.38987786,-0.27412215,-0.91072345,-0.054305147,-0.0566058,0.23798244,0.3445968,-0.42559928,0.3370674,-0.4903313,0.40765563,-0.2527365,-0.05184763,-0.089390114,0.30198243,0.20221773,-0.32745546,0.041171975,-0.4013901,-0.48620057,-0.02701103,0.115995504,0.33257067,-0.5021483,0.20943342,0.107577205,-0.5484228,-0.32311562,-0.119612336,-0.0003966503,0.4705053,-0.053102534,0.43238765,-0.18115482,-0.3413117,-0.22345547,-0.063873775,0.1732504,-0.45503718,0.15081903,0.21800858,-0.20808293,0.18527655,0.24247916,0.22527656,0.06030923,0.25220466,-0.2577561,-0.08719403,-0.17822671,-0.18528554,0.12629616,-0.5042398,-0.04468423,0.3766491,0.33858374,0.19427001,-0.20212214,-0.30136397,-0.25885418,-0.15328553,-0.038723446,0.07798243,0.21596937,0.2890674,0.6809628,-0.3517692,0.7934857,-0.118984886,-0.13712868,0.6598386,0.34527656,0.14412622,-0.23030515,-0.020422794,0.043524917,-0.4283705,-0.25806984,-0.31020057,0.6790805,0.26668832,0.16723734,-0.34214827,-0.23689339,0.18010008,-0.21263194,0.19186479,0.10742034,0.1888321,0.3509759,0.26349878,-0.007926062,0.009799428,0.024753677,-0.3866973,0.381355,-0.25299796,0.47494975,0.20535499,-0.19082803,0.3746099,-0.1303313,-0.09597835,-0.008239788,-0.07631822,-0.024710376,-0.10941626,-0.3272986,0.5829236,-0.1201875,-0.14397834,0.033381127,0.3951066,-0.20175613,0.018374592,-0.24342933,0.8022177,0.2503223,-0.1993509,-0.058279004,0.29978636,-0.3476385,-0.13869731,0.059629492,-0.09550776,-0.7362398,-0.15417443,0.30611315,-0.27783456,0.042897467,-0.2573901,0.13136806,-0.046095997,-0.109050244,0.16185172,0.08289747,-0.1197692,-0.19846201,0.37377328,-0.30152082,0.24258374,-0.21148162,-0.19067116,-0.032501224,0.36127657,0.005668709,0.04153799,-0.18518096,-0.2915862,0.2469759,0.2654857,-0.14010906,0.061720997,-0.6112202,-0.4894424,0.29445302,-0.012527369,0.25460988,0.59128964,0.09570792,-0.02439665,-0.18455352,-0.32865807,-0.10758619,-0.10633129,0.043158904,-0.39663196,0.21983865,-0.07522018,0.04070139,0.23202164,-0.15380841,0.025171977,0.29711968,-0.29425287,-0.17033128,-0.39898488,-0.27208292,0.48159027,0.14574714,-0.37770385,0.37973407,-0.07752083,-0.003324755,-0.15229207,-0.35793912,-0.17770384,0.12096283,0.45314583,0.01602165,0.05774714,0.039289623,-0.2608411,0.22062296,0.46234846,-0.17393914,-0.4641875,0.12859681,-0.08374306,0.21847917,-0.051377043,0.34569484,-0.31239665,0.08127655,-0.4486058,-0.11950776,0.20430923,-0.5369718,0.057224266,-0.03459273,-0.43558618,-0.019586192,-0.0797692,0.015707925,0.26328963,-0.34146854,0.12624387,0.15808702,0.021877859,0.68462294,0.07008701,0.12974714,0.17659682,-0.2317692,0.007080474,0.06778636,0.16504125,0.039237335,-0.107377045,-0.36264503,0.14914583,-0.68133783,-0.2801352,0.17711969,0.41047916,-0.050174426,0.06872753,0.38663602,0.2705576,-0.22047508,-0.21697181,0.14538112,0.05126348,0.261721,-0.49174306,0.14240074,-0.025599265,-0.31924632,-0.09529861,-0.22742933,-0.16097182,-0.13775612,-0.3985143,0.854453,-0.08782148,0.035838645,-0.25644892,0.18219158,0.16504125,-0.101625405,0.37905434,0.02036152,-0.25932476,0.6721785,0.019211194,0.2036295,-0.49331167,-0.00991299,0.2048321,-0.108997956,-0.18596528,0.14857067,0.11385172,-0.44499797,-0.40761232,-0.54178226,0.09236152,-0.028370507,0.49335498,0.027943218,0.25131577,0.11583865,0.52551186,0.25189093,-0.15391299,0.0633942,-0.22131169,-0.21195221,-0.22905025,0.27029616,0.51427,-0.5614947,-0.1361875,-0.3315339,-0.2115339,0.021302696,-0.3172071,0.20195629,-0.15067115,-0.6410241,0.09847917,-0.09498489,0.4743223,-0.051533904,0.21131577,0.20634845,0.4107406,0.35552493,-0.20175613,-0.08285417,0.1198125,-0.28306332,-0.3146973,0.2894857,-0.20939012,0.14726348,0.05952492,-0.08342933,0.32854453,0.26208702,-0.24688031,0.137904,-0.11454044,-0.15480188,-0.29378226,0.11510662,0.35123733,-0.19631822,0.1597602,0.030453023,-0.011115605,-0.04081495,0.029354984,-0.25707638,0.023132762,0.61602163,0.07745956,0.34119812,-0.1892594,-0.08217443,-0.07197835,0.08378635,0.43045303,-0.52112865,0.044832107,0.07970793,-0.09148162,0.1476295,-0.2966058,-0.080971815,0.09555106,0.23615237,0.060466096,-0.029102532,0.23860988,0.01670139,0.037825573,-0.0032201798,-0.035115603,-0.43715483,0.14433537,0.13717198,0.08870139,-0.39365155,0.1253027,0.16640073,-0.22491953,0.026322303,0.3724661,-0.57796526,0.037354983,-0.13216135,0.31834844,-0.20484109,-0.1475862,0.026479166,0.05215237,0.06302819,0.19970793,-0.24980842,0.04457067,-0.030305147,0.21926348,0.24535498,-0.0498607,-0.24902411,0.1556295,0.070819035,0.10919812,-0.25372997,0.3602308,0.06773407,0.4372504,0.015864788,-0.06225286,0.09513276,-0.13718097,0.0034203432,-0.15872344,-0.12552084,0.39427,0.09152492,-0.2107496,0.09711969,0.2907406,0.036727533,0.2614073,0.17518505,-0.085468546,0.033904005,-0.270462,-0.6918999,-0.054096,-0.012109068,-0.32233128,0.27280596,-0.3655731,0.20629616,-0.39406985,0.10349877,-0.5513509,0.0033680554,0.07803472,0.2654857,-0.19537704,0.16593015,-0.23752083,-0.4722398,0.39202166,0.45910662,0.09544649,-0.021102533,-0.20076266,0.45194322,-0.30539012,-0.080030635,0.16138113,0.37560335,-0.2700437,0.28535497,-0.23156005,0.12446609,-0.16939011,0.106949754,-0.1601875,-0.2376254,0.20880596,-0.4279522,-0.12970383,-0.13378227,0.016492238,-0.13697182,-0.3758215,-0.2788803,0.42093667,0.014139297,-0.1905143,-0.12834436,-0.17932476,0.039969362,0.33769485,0.034688316,0.33053145,-0.49984762,0.25696284,-0.29048815,-0.3432463,0.11359028,-0.1328411,0.047080472,-0.16761234,0.12279289,-0.21493259,0.12859681,0.0330674,-0.21796528,-0.18690646,-0.4229326,0.082479164,-0.38303718,-0.27736396,0.08650531,-0.20578226,0.13204779,0.061145835,-0.14481495,-0.019533906,-0.04212214,-0.170279,0.09816544,0.44174713,-0.3863313,0.38830924,-0.32959926,0.33853146,-0.39459273,0.2887537,0.08174714,0.2583223,-0.074488156,-0.11114175,0.027943218,0.1682308,0.1231589,-0.003063317,0.13523734,-0.27323326,-0.02031822,0.17236152,-0.18256658,-0.4742267,0.13508047,0.15186478,0.21267524,0.28749877,-0.23610906,0.039760213,0.46454453,0.3657733,-0.04855351,0.29691052,-0.060422793,0.0013811274,0.36378637,-0.33854043,0.22287132,-0.23940319,-0.28745547,-0.07276266,0.09377328,-0.25435743,-0.052997958,-0.13540319,-0.004475082,0.5429759,-0.2843182,-0.25122017,-0.4089195,0.037930146,-0.18674959,0.4060347,0.09173407,0.12242688,-0.29629207,-0.3093117,-0.5534424,-0.056082927,-0.5832986,-1.8242921,0.80880594,0.49978635,0.6487537,-0.31752083,0.85858375,-0.5317953,0.45440075,-0.038566586,0.88969487,0.15003473,0.96383864,0.47740728,0.93293667,1.1632112,0.88671446,-0.8536777,0.055655636,-0.8578607,-0.062148284,-1.0291548,-0.62805676,0.6245445,0.942087,-0.6813901,1.2202047,-0.87067115,0.377904,-0.23924632,-0.5494685,0.078609884,0.28258374,0.6872896,0.02334191,-0.8205274,0.5085184,-0.06110253,-0.9223836,-0.023089461,0.7922308,-1.0127888,-0.059743054,-0.6534163,-0.27778226,-0.22868423,-1.0632986,0.13335498,0.005982435,0.015028186,-0.122906454,0.53806084,-0.2734424,0.3345576,-0.028579656,1.315368,-0.010592729,0.4318125,0.05863603,-0.020475082,-0.5209195,0.21649224,0.44959027,-0.23375612,0.094975896,-0.5273509,-0.5274032,-0.82528555,-0.3117692,-0.16405678,-0.6571287,0.72896284,0.009171977,0.5781654,0.6641262,-0.15804371,-0.07793913,-0.025285538,0.020413807,-0.606462,-0.9337823,-0.48405677,0.6453027,0.2852504,-0.8386189,0.3631066,-0.13503717,0.2550282,0.39040074,-0.57843584,0.89419156,0.6974857,-0.17529862,0.5959955,-0.07950776,-0.5642659,-0.5431417,-0.69006985,0.9634726,0.3429236,0.569904,0.5171458,-0.10120711,-0.17257966,0.558087,-0.40170383,-0.81629205,-0.37623978,-1.008658,-1.091377,0.12959027,0.41711968,-0.20520711,-0.43569076,-0.40248814,0.25047916,-0.3863313,0.14731577,0.16075368,-0.8253378,-0.24740319,0.21931577,0.45000857,-0.709364,
0,0,0,0,0,0,0,0,0,0,0,0,0,0,0,0,0,0,0,0,0,0,0,0,0,0,0,0,0,0,0,0,0,0,0,0,0,0,0,0,0,0,0,0,0,0,0,0,0,0,0,0,0,0,0,0,0,0,0,0,0,0,0,0,0,0,0,0,0,0,0,0,0,0,0,0,0,0,0,0,0,0,0,0,0,0,0,0,0,0,0,0,0,0,0,0,0,0,0,0,0,0,0,0,0,0,0,0,0,0,0,0,0,0,0,0,0,0,0,0,0,0,0,0,0,0,0,0,0,0,0,0,0,0,0,0,0,0,0,0,0,0,0,0,0,0,0,0,0,0,0,0,0,0,0,0,0,0,0,0,0,0,0,0,0,0,0,0,0,0,0,0,0,0,0,0,0,0,0,0,0,0,0,0,0,0,0,0,0,0,0,0,0,0,0,0,0,0,0,0,0,0,0,0,0,0,0,0,0,0,0,0,0,0,0,0,0,0,0,0,0,0,0,0,0,0,0,0,0,0,0,0,0,0,0,0,0,0,0,0,0,0,0,0,0,0,0,0,0,0,0,0,0,0,0,0,0,0,0,0,0,0,0,0,0,0,0,0,0,0,0,0,0,0,0,0,0,0,0,0,0,0,0,0,0,0,0,0,0,0,0,0,0,0,0,0,0,0,0,0,0,0,0,0,0,0,0,0,0,0,0,0,0,0,0,0,0,0,0,0,0,0,0,0,0,0,0,0,0,0,0,0,0,0,0,0,0,0,0,0,0,0,0,0,0,0,0,0,0,0,0,0,0,0,0,0,0,0,0,0,0,0,0,0,0,0,0,0,0,0,0,0,0,0,0,0,0,0,0,0,0,0,0,0,0,0,0,0,0,0,0,0,0,0,0,0,0,0,0,0,0,0,0,0,0,0,0,0,0,0,0,0,0,0,0,0,0,0,0,0,0,0,0,0,0,0,0,0,0,0,0,0,0,0,0,0,0,0,0,0,0,0,0,0,0,0,0,0,0,0,0,0,0,0,0,0,0,0,0,0,0,0,0,0,0,0,0,0,0,0,0,0,0,0,0,0,0,0,0,0,0,0,1,0,0,0,0,0,0,0,0,0,0,0,0,0,0,0,0,0,0,0,0,0,0,0,0,0,0,0,0,0,0,0,0,0,0,0,0,0,0,0,0,0,0,0,0,0,0,0,0,0,0,0,0,0,0,0,0,0,0,0,0,0,0,0,0,0,0,0,0,0,0,0,0,0,0,0,0,0,0,0,0,0,0,0,0,0,0,0,0,0,0,0,0,0,0,0,0,0,0,0,0,0,0,0,0,0,0,0,0,0,0,0,0,0,0,0,0,0,0,0,0,0,0,0,0,0,0,0,0,0,0,0,0,0,0,0,0,0,0,0,0,0,0,0,0,0,0,0,0,0,0,0,0,0,0,0,0,0,0,0,0,0,0,0,0,0,0,0,0,0,0,0,0,0,0,0,0,0,0,0,0,0,0,0,0,0,0,0,0,0,0,0,0,0,0,0,0,0,0,0,0,0,0,0,0,0,0,0,0,0,0,0,0,0,0,0,0,0,0,0,0,0,0,0,0,0,0,0,0,0,0,0,0,0,0,0,0,0,0,0,0,0,0,0,0,0,0,0,0,0,0,0,0,0,0,0,0,0,0,0,0,0,0,0,0,0,0,0,0,0,0,0,0,0,0,0,0,0,0,0,0,0,0,0,0,0,0,0,0,0,0,0,0,0,0,0,0,0,0,0,0,0,0,0,0,0,0,0,0,0,0,0,0,0,0,0,0,0,0,0,0,0,0,0,0,0,0,0,0,0,0,0,0,0,0,0,0,0,0,0,0,0,0,0,0,0,0,0,0,0,0,0,0,0,0,0,0,0,0,0,0,0,0,0,0,0,0,0,0,0,0,0,0,0,0,0,0,0,0,0,0,0,0,0,0,0,0,0,0,0,0,0,0,0,0,0,0,0,0,0,0,0,0,0,0,0,0,0,0,0,0,0,0,0,0,0,0,0,0,0,0,0,0,0,0,0,0,0,0,0,0,0,0,0,0,0,0,0,0,0,0,0,0,0,0,0,0,0,0,0,0,0,0,0,0,0,0,0,0,0,0,0,0,0,0,0,0,0,0,0,0,0,0,0,0,0,0,0,0,0,0,0,0,0,0,0,0,0,0,0,0,0,0,0,0,0,0,0,0,0,0,0,0,0,0,0,0,0,0,0,0,0,0,0,0,0,0,0,0,0,0,0,0,0,0,0,0,0,0,0,0,0,0,0,0,0,0,0,0,0,0,0,0,0,0,0,0,0,0,0,0,0,0,0,0,0,0,0,0,0,0,0,0,0,0,0,0,0,0,0,0,0,0,0,0,0,0,0,0,0,0,0,0,0,0,0,0,0,0,0,0,0,0,0,0,0,0,0,0,0,0,0,0,0,0,0,0,0,0,0,0,0,0,0,0,0,0,0,0,0,0,0,0,0,0,0,0,0,0,0,0,0,0,0,0,0,0,0,0,0,0,0,0,0,0,0,0,0,0,0,0,0,0,0,0,0,0,0,0,0,0,0,0,0,0,0,0,0,0,0,0,0,0,0,0,0,0,0,0,0,0,0,0,0,0,0,0,0,0,0,0,0,0,0,0,0,0,0,0,0,0,0,0,0,0,0,0,0,0,0,0,0,0,0,0,0,0,0,0,0,0,0,0,0,0,0,0,0,0,0,0,0,0,0,0,0,0,0,0,0,0,0,0,0,0,0,0,0,0,0,0,0,0,0,0,0,0,0,0,0,0,0,0,0,0,0,0,0,0,0,0,0,0,0,0,0,0,0,0,0,0,0,0,0,0,0,0,0,0,0,0,0,0,0,0,0,0,0,0,0,0,0,0,0,0,0,0,0,1,0,0,0,0,0,0,0,0,0,0,0,0,0,0,0,0,0,0,0,0,0,0,0,0,0,0,0,0,0,0,0,0,0,0,0,0,0,0,0,0,0,0,0,0,0,0,0,0,0,0,0,0,0,0,0,0,0,0,0,0,0,0,0,0,0,0,0,0,0,0,0,0,0,0,0,0,0,0,0,0,0,0,0,0,0,0,0,0,0,0,0,0,0,0,0,0,0,0,0,0,0,0,0,0,0,0,0,0,0,0,0,0,0,0,0,0,0,0,0,0,0,0,0,0,0,0,0,0,0,0,0,0,0,0,0,0,0,0,0,0,0,0,0,0,0,0,0,0,0,0,0,0,0,0,0,0,0,0,0,0,0,0,0,0,0,0,0,0,0,0,0,0,0,0,0,0,0,0,0,0,0,0,0,0,0,0,0,0,0,0,0,0,0,0,0,0,0,0,0,0,0,0,0,0,0,0,0,0,0,0,0,0,0,0,0,0,0,0,0,0,0,0,0,0,0,0,0,0,0,0,0,0,0,0,0,0,0,0,0,0,0,0,0,0,0,0,0,0,0,0,0,0,0,0,0,0,0,0,0,0,0,0,0,0,0,0,0,0,0,0,0,0,0,0,0,0,0,0,0,0,0,0,0,0,0,0,0,0,0,0,0,0,0,0,0,0,0,0,0,0,0,0,0,0,0,0,0,0,0,0,0,0,0,0,0,0,0,0,0,0,0,0,0,0,0,0,0,0,0,0,0,0,0,0,0,0,0,0,0,0,0,0,0,0,0,0,0,0,0,0,0,0,0,0,0,0,0,0,0,0,0,0,0,0,0,0,0,0,0,0,0,0,0,0,0,0,0,0,0,0,0,0,0,0,0,0,0,0,0,0,0,0,0,0,0,0,0,0,0,0,0,0,0,0,0,0,0,0,0,0,0,0,0,0,0,0,0,0,0,0,0,0,0,0,0,0,0,0,0,0,0,0,0,0,0,0,0,0,0,0,0,0,0,0,0,0,0,0,0,0,0,0,0,0,0,0,0,0,0,0,0,0,0,0,0,0,0,0,0,0,0,0,0,0,0,0,0,0,0,0,0,0,0,0,0,0,0,0,0,0,0,0,0,0,0,0,0,0,0,0,0,0,0,0,0,0,0,0,0,0,0,0,0,0,0,0,0,0,0,0,0,0,0,0,0,0,0,0,0,0,0,0,0,0,0,0,0,0,0,0,0,0,0,0,0,0,0,0,0,0,0,0,0,0,0,0,0,0,0,0,0,0,0,0,0,0,0,0,0,0,0,0,0,0,0,0,0,0,0,0,0,0,0,0,0,0,0,0,0,0,0,0,0,0,0,0,0,0,0,0,0,0,0,0,0,0,0,0,0,0,0,0,0,0,0,0,0,0,0,0,0,0,0,0,0,0,0,0,0,0,0,0,0,0,0,0,0,0,0,0,0,0,0,0,0,0,0,0,0,0,0,0,0,0,0,0,0,0,0,0,0,0,0,0,0,0,0,0,0,0,0,0,0,0,0,0,0,0,0,0,0,0,0,0,0,0,0,0,0,0,0,0,0,0,0,0,0,0,0,0,0,0,0,0,0,0,0,0,0,0,0,0,0,0,0,0,0,0,0,0,0,0,0,0,0,0,0,0,0,0,0,0,0,0,0,0,0,0,0,0,0,0,0,0,0,0,0,0,0,0,0,0,0,0,0,0,0,0,0,0,0,0,0,0,0,0,0,0,0,0,0,0,0,0,0,0,0,0,0,0,0,0,0,0,0,0,0,0,0,0,0,0,0,0,0,0,0,0,0,0,0,0,0,0,0,0,0,0,0,0,0,0,0,0,0,0,0,0,0,0,0,0,0,0,0,0,0,0,0,0,0,0,0,0,0,0,0,0,0,0,0,0,0,0,0,0,0,0,0,0,0,0,0,0,0,0,0,0,0,0,0,0,0,0,0,0,0,0,0,0,0,0,0,0,0,0,0,0,0,0,0,0,0,0,0,0,0,0,0,0,0,0,0,0,0,0,0,0,0,0,0,0,0,0,0,0,0,0,0,0,0,0,0,0,0,0,0,0,0,0,0,0,0,0,0,0,0,0,0,0,0,0,0,0,0,0,0,0,0,0,0,0,0,0,0,0,0,0,0,0,0,0,0,0,0,0,0,0,0,0,0,0,0,0,0,0,0,0,0,0,0,0,0,0,0,0,0,0,0,0,0,0,0,0,0,0,0,0,0,0,0,0,0,0,0,0,0,0,0,0,0,0,0,0,0,0,0,0,0,0,0,0,0,0,0,0,0,0,0,0,0,0,0,0,0,0,0,0,0,0,0,0,0,0,0,0,0,0,0,0,0,0,0,0,0,0,0,0,0,0,0,0,0,0,0,0,0,0,0,0,0,0,0,0,0,0,0,0,0,0,0,0,0,0,0,0,0,0,0,0,0,0,0,0,0,0,0,0,0,0,0,0,0,0,0,0,0,0,0,0,0,0,0,0,0,0,0,0,0,0,0,0,0,0,0,0,0,0,0,0,0,0,0,0,0,0,0,0,0,0,0,0,0,0,0,0,0,0,0,0,0,0,0,0,0,0,0,0,0,0,0,0,0,0,0,0,0,0,0,0,0,0,0,0,0,0,0,0,0,0,0,0,0,0,0,0,0,0,0,0,0,0,0,0,0,0,0,0,0,0,0,0,0,0,0,0,0,0,0,0,0,0,0,0,0,0,0,0,0,0,0,0,0,0,0,0,0,0,0,0,0,0,0,0,0,0,0,0,0,0,0,0,0,0,0,0,0,0,0,0,0,0,0,0,0,0,0,0,0,0,0,0,0,0,0,0,0,0,0,0,0,0,0,0,0,0,0,0,0,0,0,0,0,0,0,0,0,0,0,0,0,0,0,0,0,0,0,0,0,0,0,0,0,0,0,0,0,0,0,0,0,0,0,0,0,0,0,0,0,0,0,0,0,0,0,0,0,0,0,0,0,0,0,0,0,0,0,0,0,0,0,0,0,0,0,0,0,0,0,0,0,0,0,0,0,0,0,0,0,0,0,0,0,0,0,0,0,0,0,0,0,0,0,0,0,0,0,0,0,0,0,0,0,0,0,0,0,0,0,0,0,0,0,0,0,0,0,0,0,0,0,0,0,0,0,0,0,0,0,0,0,0,0,0,0,0,0,0,0,0,0,0,0,0,0,0,0,0,0,0,0,0,0,0,0,0,0,0,0,0,0,0,0,0,0,0,0,0,0,0,0,0,0,0,0,0,0,0,0,0,0,0,0,0,0,0,0,0,0,0,0,0,0,0,0,0,0,0,0,0,0,0,0,0,0,0,0,0,0,0,0,0,0,0,0,0,0,0,0,0,0,0,0,0,0,0,0,0,0,0,0,0,0,0,0,0,0,0,0,0,0,0,0,0,0,0,0,0,0,0,0,0,0,0,0,0,0,0,0,0,0,0,0,0,0,0,0,0,0,0,0,0,0,0,0,0,0,0,0,0,0,0,0,0,0,0,0,0,0,0,0,0,0,0,0,0,0,0,0,0,0,0,0,0,0,0,0,0,0,0,0,0,0,0,0,0,0,0,0,0,0,0,0,0,0,0,0,0,0,0,0,0,0,0,0,0,0,0,0,0,0,0,0,0,0,0,0,0,0,0,0,0,0,0,0,0,0,0,0,0,0,0,0,0,0,0,0,0,0,0,0,0,0,0,0,0,0,0,0,0,0,0,0,0,0,0,0,0,0,0,0,0,0,0,0,0,0,0,0,0,0,0,0,0,0,0,0,0,0,0,0,0,0,0,0,0,0,0,0,0,0,0,0,0,0,0,0,0,0,0,0,0,0,0,0,0,0,0,0,0,0,0,0,0,0,0,0,0,0,0,0,0,0,0,0,0,0,0,0,0,0,0,0,0,0,0,0,0,0,0,0,0,0,0,0,0,0,0,0,0,0,0,0,0,0,0,0,0,0,0,0,0,0,0,0,0,0,0,0,0,0,0,0,0,0,0,0,0,0,0,0,0,0,0,0,0,0,0,0,0,0,0,0,0,0,0,0,0,0,0,0,0,0,0,0,0,0,0,0,0,0,0,0,0,0,0,0,0,0,0,0,0,0,0,0,0,0,0,0,0,0,0,0,0,0,0,0,0,0,0,0,0,0,0,0,0,0,0,0,0,0,0,0,0,0,0,0,0,0,0,0,0,0,0,0,0,0,0,0,0,0,0,0,0,0,0,0,0,0,0,0,0,0,0,0,0,0,0,0,0,0,0,0,0,0,0,0,0,0,0,0,0,0,0,0,0,0,0,0,0,0,0,0,0,0,0,0,0,0,0,0,0,0,0,0,0,0,0,0,0,0,0,0,0,0,0,0,0,0,0,0,0,0,0,0,0,0,0,0,0,0,0,0,0,0,0,0,0,0,0,0,0,0,0,0,0,0,0,0,0,0,0,0,0,0,0,0,0,0,0,0,0,0,0,0,0,0,0,0,0,0,0,0,0,0,0,0,0,0,0,0,0,0,0,0,0,0,0,0,0,0,0,0,0,0,0,0,0,0,0,0,0,0,0,0,0,0,0,0,0,0,0,0,0,0,0,0,0,0,0,0,0,0,0,0,0,0,0,0,0,0,0,0,0,0,0,0,0,0,0,0,0,0,0,0,0,0,0,0,0,0,0,0,0,0,0,0,0,0,0,0,0,0,0,0,0,0,0,0,0,0,0,0,0,0,0,0,0,0,0,0,0,0,0,0,0,0,0,0,0,0,0,0,0,0,0,0,0,0,0,0,0,0,0,0,0,0,0,0,0,0,0,0,0,0,0,0,0,0,0,0,0,0,0,0,0,0,0,0,0,0,0,0,0,0,0,0,0,0,0,0,0,0,0,0,0,0,0,0,0,0,0,0,0,0,0,0,0,0,0,0,0,0,0,0,0,0,0,0,0,0,0,0,0,0,0,0,0,0,0,0,0,0,0,0,0,0,0,0,0,0,0,0,0,0,0,0,0,0,0,0,0,0,0,0,0,0,0,0,0,0,0,0,0,0,0,0,0,0,0,0,0,0,0,0,0,0,0,0,0,0,0,0,0,0,0,0,0,0,0,0,0,0,0,0,0,0,0,0,0,0,0,0,0,0,0,0,0,0,0,0,0,0,0,0,0,0,0,0,0,0,0,0,0,0,0,0,0,0,0,0,0,0,0,0,0,0,0,0,0,0,0,0,0,0,0,0,0,0,0,0,0,0,0,0,0,0,0,0,0,0,0,0,0,0,0,0,0,0,0,0,0,0,0,0,0,0,0,0,0,0,0,0,0,0,0,0,0,0,0,0,0,0,0,0,0,0,0,0,0,0,0,0,0,0,0,0,0,0,0,0,0,0,0,0,0,0,0,0,0,0,0,0,0,0,0,0,0,0,0,0,0,0,0,0,0,0,0,0,0,0,0,0,0,0,0,0,0,0,0,0,0,0,0,0,0,0,0,0,0,0,0,0,0,0,0,0,0,0,0,0,0,0,0,0,0,0,0,0,0,0,0,0,0,0,0,0,0,0,0,0,0,0,0,0,0,0,0,0,0,0,0,0,0,0,0,0,0,0,0,0,0,0,0,0,0,0,0,0,0,0,0,0,0,0,0,0,0,0,0,0,0,0,0,0,0,0,0,0,0,0,0,0,0,0,0,0,0,0,0,0,0,0,0,0,0,0,0,0,0,0,0,0,0,0,0,0,0,0,0,0,0,0,0,0,0,0,0,0,0,0,0,0,0,0,0,0,0,0,0,0,0,0,0,0,0,0,0,0,0,0,0.6450413,0.7131197,-0.8771548,1.5148975,-0.6069849,-0.064239785,0.0023745915,-0.61974305,-1.0761614,0.029407272,0.6629759,1.0398648,0.7282308,0.22083211,-0.5009457,-0.10303717,-1.5771286,-1.2410764,-0.46178228,0.10532884,1.2917341,1.8987406,-0.15349469,0.050949756,-0.06481495,-0.56907636,-0.20766462,0.46145955,1.288806,0.16849224,0.051786356,0.30888438,0.6911589,0.7109759,1.4588975,0.18966872,0.23071446,-0.19271037,-0.1934424,0.70799553,0.46109354,-1.1154293,0.16043995,0.77722424,0.449172,0.5636818,-0.017808415,1.4396033,-0.58784765,1.9050674,-0.18549469,-1.8554032,-0.27956006,-0.12954697,0.5559432,-0.07699796,1.6769366,0.5479955,0.5315772,-1.5256777,1.1921263,-0.8423313,-0.5246319,-0.8768934,-0.84039664,0.6822177,-0.88316786,0.43793014,-0.68259275,-1.134096,1.867891,0.39976022,-0.3370764,-1.0570763,-0.33467117,0.5603877,0.09168178,0.22647917,-0.39339012,-0.11328554,0.11667524,1.0032111,-0.8413378,0.45544648,0.8230805,-0.19522017,-0.27422673,0.24305433,-0.36123326,-1.2258607,0.61973405,0.66323733,-1.4396124,0.16953799,0.5719955,0.66825694,0.42328963,1.0382439,0.89131576,1.1705837,0.34794322,0.4726491,0.3126491,0.5487275,-0.48871037,1.4393419,0.97806084,0.07463603,-0.6709326,1.0006491,-0.9588803,1.4132504,-0.6680045,-1.582096,0.32164258,1.233904,0.48498896,-0.89864504,0.89649224,-0.4456254,-0.6070372,-1.6570241,-0.41017443,1.1433419,1.1368582,1.0512112,-0.89378226,0.46757722,0.8046752,-0.9899914,0.65732884,0.55615234,-0.5796385,-0.06910253,1.1348714,0.005302696,0.8023746,-0.5298084,0.64467525,0.265904,-0.19772999,0.65084517,1.7774857,0.5346099,1.1205446,0.34909356,0.4848321,-1.1356646,-0.26983455,1.7522308,-0.1905143,-0.9327365,1.223551,0.20394322,0.4971197,0.2427406,-0.064553514,-0.4587496,0.0041000815,-0.28494567,0.4288321,-0.20871037,-0.614462,0.59071445,0.12608701,0.98904127,0.501355,-0.58654046,0.43191707,-0.4031156,0.7354988,-0.22314174,0.2789759,1.0651197,-1.2041091,-0.5243182,-0.674645,-1.2356385,0.49136806,0.528806,-1.0876646,-1.3598214,-0.7467496,-0.10497181,-0.5232202,-0.07443587,0.005982435,1.4992635,0.7254596,-0.46946853,-0.32871038,0.37523735,-1.3631679,0.91662294,-0.35574305,-0.94674957,-0.5669849,0.5825053,-0.28206986,-1.2640307,0.5116556,1.4037341,0.5827668,-0.61603063,1.0701916,0.8878125,0.35447916,1.7510282,1.9401001,-0.21488032,0.2494857,0.06804779,0.37298897,-0.6413378,0.15494975,-0.19647509,1.5922308,-0.22706331,1.3917079,0.43824387,0.21685825,-0.15359926,0.8698779,-0.012109068,0.8924138,-0.17488031,0.32117197,-0.4216254,1.3816687,0.04870139,0.51060987,1.4057733,-1.0566058,-0.19631822,0.42621773,1.5065837,-0.9290764,-0.42439666,-0.39443585,-1.6097039,0.009224265,0.8451458,-0.047873773,-0.37372997,-0.5141744,-0.19940318,1.3474203,-1.532998,-0.7353509,1.0076034,1.6107407,0.1479955,0.28504127,-0.6702006,-0.35610908,0.73183864,-0.104762666,-0.020684233,-0.036684234,0.47285825,0.9871066,0.84132886,-1.7419392,-0.34816137,0.20833537,0.6651197,1.5898256,-0.41592607,-0.004475082,0.42062294,0.10810008,0.19416544,0.63808703,-0.529547,-0.8901221,0.5164661,0.49424386,1.2754726,0.012518383,0.20755106,-1.0253901,0.46993014,0.16472754,-1.0658084,0.9660347,-0.118723445,1.2582177,-0.3474816,-0.4267496,-0.9979391,-0.015664624,0.19725041,-1.3194032,0.96556413,0.016805964,-0.73054045,-0.7645274,0.48389092,0.084309235,0.6889628,0.017694853,-0.3761352,0.8654334,0.11803472,-0.17210907,-0.6114816,0.6513681,-1.3049718,-1.433547,0.32352492,0.8532504,-1.0247626,-0.66423976,0.55526346,1.0467668,-0.46554697,-0.052579656,-0.62345546,-0.7891548,0.9376426,1.314636,-1.0960829,-0.8957169,-0.1172594,-0.7416777,0.32467523,-0.6670633,0.08075368,-0.44588685,0.06402165,0.03960335,0.47196937,-0.4115339,0.5254596,-0.38523325,-0.4448411,-0.029520834,0.914636,-0.026174428,1.5618517,-1.1974163,1.2505314,-1.0310372,0.1960478,0.5969367,1.227002,-1.2864621,-0.17937705,-0.9238999,0.07829616,0.20017852,0.23066217,-0.7564228,0.8929367,-0.63035744,-1.3348804,-1.1322136,0.38616544,0.41481903,-1.5869064,0.37607393,-0.027167892,-0.55072343,0.10287132,-0.030409722,-0.5934947,-0.49106333,-0.19757313,-0.53989995,0.7129628,-1.4302006,0.750819,0.3590282,-1.3070633,0.998453,-0.81728554,-0.3723705,0.22454453,0.010531454,-0.3563182,0.26313275,-1.2821221,-0.19171691,0.67787784,-0.84379536,1.3942177,-1.0642921,-1.0140437,-0.55501103,-0.134096,0.039707925,0.99745953,-0.12384763,-1.3219653,0.4276295,-0.65472347,-0.43197834,0.64556414,0.36373407,0.9926491,0.72394323,-0.56034434,-0.080710374,-0.89723325,0.81079286,-0.29843587,-0.5203444,-0.5589326,0.2958125,-1.05556,-0.09137704,1.0883354,1.1086752,-1.2317692,0.72938114,0.5609105,-0.3143313,-0.29420057,-1.0539914,0.293355,-0.6565535,-0.25033128,-0.11370384,-0.013991422,-0.2410764,-0.3185666,0.093720995,0.5677602,-0.97775614,0.12305433,0.88284516,0.16880596,0.08258374,1.272074,-0.82863194,0.021302696,-0.02570384,-0.09833129,-0.16447508,0.036622956,0.22151184,-0.4784097,-0.50617445,-0.46199143,-1.0405536,1.2310805,0.1854857,-0.56991297,1.1705315,1.3006753,0.16258374,-0.17728554,-0.71694565,-0.22465809,-0.51396525,-1.4209456,0.5168844,1.5147406,-0.19799142,0.881904,0.04017851,-0.46889338,0.9722047,0.8090151,0.69769484,0.41894975,-0.60206985,-0.007560049,0.2553942,-0.43156004,0.2638648,-1.1487365,0.067263484,-0.42094567,0.4814857,0.37178636,0.48718506,-0.28306332,0.23029616,-1.416449,0.310087,-0.9057561,-0.054096,0.6275772,-0.80635744,0.3863223,-0.121965274,-1.10173,0.88399553,-1.1449195,0.29502818,0.2183746,-0.28243586,0.74198246,0.6526753,0.33053145,0.5711589,-0.20630515,1.2494334,0.38919812,0.06083211,0.02574714,0.61429614,-0.067377046,-0.5335208,0.7194465,0.35526347,-0.9719522,0.46433538,0.30966872,0.30637458,0.7521262,-0.92133784,-0.95694566,0.032126226,-0.35893258,0.34857067,0.10135499,0.15453145,-0.55574304,-1.297181,0.6370413,0.8407014,0.30982557,-0.051899917,0.305538,-0.6587496,-0.3336777,-0.5565274,0.17779943,-0.08206985,-0.87401754,1.5854334,0.66532886,1.1949497,0.80765563,-0.4229326,-1.5016254,-1.4261222,0.29434845,0.8301916,0.55798244,0.027106619,0.62114584,-0.6443705,-1.3483182,0.94156414,-1.0367365,0.022766748,0.75019157,0.13989092,1.1357602,0.32964256,-0.05550776,-0.5423052,-0.02350776,-0.038723446,0.018374592,0.92974716,-0.10303717,-0.5719522,-0.057180963,-0.008605801,0.4456687,1.1513942,0.29215237,0.49450532,0.5449628,-0.5326842,-0.7631679,-0.65681493,0.2819563,1.3276033,-0.33508947,-0.56834435,-0.032292075,0.51677984,-0.073180966,0.011158905,-0.073860705,0.08974714,0.6008583,0.3677602,-0.6476646,0.009015114,0.51034844,1.4454073,0.11965564,-0.5306973,-1.335194,0.65476674,0.79667526,0.17670138,-1.0142529,1.318087,-0.47234437,-0.78695875,0.05602165,-0.12557311,-0.44044894,-1.1702267,0.17094976,0.29476675,-0.06612214,-0.18136397,-1.2338607,-0.017651552,-1.0167626,0.630087,-0.35569078,0.9185576,-0.19793913,1.2225575,0.12216544,-0.9739914,1.5960478,-1.0970764,0.93596935,-0.96097183,-0.482279,0.14030923,-0.8685797,-0.093207106,0.92718506,1.5555772,1.3881,0.46313277,0.58313274,-0.11244894,-0.34240973,-0.16107638,-0.41974306,-0.61885417,1.0352635,-0.17101103,0.21434845,-0.53859276,0.28979942,-0.058488153,1.1825054,1.125355,-0.53634435,0.5586622,0.114008576,-0.40416136,-0.71773,1.1556817,0.8461393,0.048492238,1.7389498,-0.3576254,0.4907929,-0.5646842,-1.1654162,-0.052213643,-1.3194555,-1.1178346,-0.78742933,1.4992112,-0.4545666,1.1190804,-0.12834436,0.81047916,-0.17864501,-0.818645,1.3290673,-0.6841091,0.59672755,0.8164399,0.17189093,0.29806086,0.4129367,-0.13116789,1.5456426,0.4216687,0.69722426,-0.6787757,0.39494976,0.0056164213,1.1176164,0.014034722,-0.32719404,0.6519955,0.056858253,-0.6959261,-0.43443587,1.3096164,0.2992112,0.38198245,0.00054452615,-1.036632,0.28692362,0.13487132,-0.31637052,-0.7645274,-0.942096,-0.2708803,-0.85174304,-0.48792607,0.24028309,-1.0219914,0.021459559,-0.47825286,1.1283877,1.0047798,0.96138114,-0.46434435,0.293355,-1.3309587,0.5057994,-0.34387377,-0.8550895,0.44002166,0.3741393,0.5537471,0.073067404,0.19149877,1.4470805,-0.3521352,-1.1396384,-0.9405274,1.0102178,-1.3884228,0.12943341,0.046714462,-0.91103715,0.45460987,0.43338114,-1.051743,-0.08829208,-0.8397169,-0.7665666,0.59212625,-0.6935731,0.21502818,-0.26481494,0.73356414,0.6888583,0.57335496,-1.2177038,-1.0705665,0.009433415,-0.5705404,-0.6783574,-1.1090503,0.6839432,1.1981916,-0.30805677,-0.5757169,-0.63940316,-0.45697182,0.20807394,-0.7057561,-0.39443585,0.23625694,-1.3018346,1.0811197,-0.2914816,-0.49932477,-0.2822267,-1.0454162,0.07698897,-0.3878999,1.025538,0.13408701,0.27651837,-0.31637052,0.2903223,0.3004661,0.63594323,-0.5868019,0.56247914,0.14412622,1.1284399,-0.13796528,1.1844399,-0.3476385,0.48817852,-0.29169077,-0.2621483,0.059211195,-1.0400306,0.33936805,-1.4449457,-0.3542267,0.8133027,-1.2189587,-0.31820056,-0.25665808,-0.8554032,1.2054073,0.23458374,0.47160336,1.2205184,1.0223484,1.3141655,1.2519432,-0.3525012,-0.6797169,0.031446487,0.7134857,0.9047537,0.5026099,-0.19187377,-0.03370384,-0.14716789,-0.414096,-0.06852737,1.0470805,-0.22235744,-0.65101105,-0.16965155,0.5177733,-0.5972594,-0.39725938,-0.008396651,0.52310663,-0.29477572,-1.046828,1.4690412,-0.47271037,0.066270016,0.32504126,-0.44306332,0.1783223,-0.571011,-0.098069854,0.617904,0.75610006,-0.5391156,0.33063602,-0.4431679,0.6503746,-0.45221364,0.17314583,0.052256946,0.5739824,-0.93597835,0.13335498,-0.666279,0.40802166,0.0034726306,1.2257994,0.19646609,0.774819,-0.5738869,1.384074,-0.1383313,-0.6090764,0.6013811,-0.44959927,-0.1315862,0.36995628,0.33199552,0.8120478,-1.1917692,1.0557603,0.37670138,0.26616544,0.40190402,0.9866883,-0.4739653,-0.55626595,1.282636,0.068204656,0.50574714,0.21340728,0.70496285,-0.17796528,0.11066217,-0.11040972,-1.1704359,0.0393942,0.23332883,-0.39239666,0.036622956,0.7710543,0.07589093,0.035106618,0.27270138,-0.24431822,-0.2583313,-0.55072343,-0.31318095,-0.11035743,-0.7731025,-0.45477572,-0.3315339,0.2073942,-0.45806986,0.25131577,0.787002,0.18140727,-0.085834555,-0.09137704,-0.58471036,0.50904125,-0.5326842,-1.2997954,-0.22397836,1.3273419,0.7454334,-0.8305666,1.0938256,0.2734857,-0.17372999,0.2061393,-0.801547,-0.77519405,0.11390401,0.64551187,-0.8872986,-0.071926065,-0.73916787,-0.66277575,1.1574073,-0.68562543,-0.49137706,-0.31705025,-0.21289338,1.2752634,-0.45404372,-0.47156006,-0.16604371,-0.3796385,1.5724138,0.5995511,0.9534334,0.14893669,0.73523736,0.28326347,0.5488844,-0.9424097,1.3525968,1.0557603,1.4807014,0.8438909,-0.00494567,0.04002165,0.3311589,-0.42952085,1.5355511,1.0792373,0.5128583,-0.18000449,-0.015089461,-0.65880185,-1.1523967,-0.5921352,-0.71694565,0.33602166,1.3777994,0.16959028,-0.39035743,-0.12719403,0.0013288399,0.28268832,0.5467406,0.9318909,-0.5675601,0.4966491,0.0941393,-0.0030110294,-0.5446058,1.2792896,0.37978634,0.9859563,-0.9660437,0.3063223,1.0960217,-0.15396528,-0.6148803,0.46909353,-0.5963705,0.31338114,0.049694855,0.5176687,-1.0744882,0.6042569,0.46062297,-0.40708947,0.20922427,-0.2843182,0.03918505,-0.016239788,-0.6033248,-0.91276264,0.99353796,0.08796936,-0.05613521,0.7840217,-0.103560045,1.1411982,-0.82805675,0.5519171,0.45968178,-0.87945545,-0.3703836,0.6074465,-0.15203063,-0.2772071,0.8252243,1.0919433,0.07683211,0.77027,-0.59820056,-0.9956385,0.01063603,-0.14136396,-0.06392606,-1.0341744,-1.0688934,-0.012161356,-0.18423979,-0.11522018,0.16211316,-0.18559927,0.05408701,0.24420466,-0.9807365,-0.67888033,0.053564135,-0.6093378,-0.001808415,0.14083211,-0.2545143,-0.6483967,-1.430828,0.63782555,-0.62350774,0.87165564,0.86156416,-0.065180965,0.24049224,0.03196936,0.039028186,-0.6203705,0.38313276,-0.93221366,-0.5572594,-0.4086581,-1.0352725,-0.79516786,-0.5373901,0.6836295,1.1679693,0.03379943,-0.04128554,-0.1058607,0.18114583,-0.3298084,1.7198125,-0.63323325,0.26276675,0.22600858,-0.14172998,0.21387786,-0.13440973,-0.35772997,0.24253145,-0.795377,-0.96656656,-0.17932476,-0.39124632,0.76828307,-0.32384762,0.43176022,-0.37268424,-0.6057823,0.26559028,0.12749878,-0.40886724,0.0326491,0.2171197,0.16002165,0.86480594,-0.057756126,-1.4546189,0.38700205,-1.2140437,1.2032635,-0.66654044,-0.85043585,-0.6561352,-0.005834559,-1.166096,0.8024269,0.2890674,0.012309232,0.11840074,-0.2856254,0.59369487,-1.0969195,-0.19067116,0.010949755,0.10428309,0.72007394,0.66532886,0.18721119,-0.080030635,-1.019377,1.0037341,-0.08013521,0.28603473,-0.59663194,-0.09017443,0.4065576,-0.68578225,-0.6007104,-0.8270633,0.7327798,-0.12452737,-0.48369077,-0.04468423,-0.90397835,0.8745837,0.0043615196,0.0966491,-0.81728554,0.41429615,0.49586478,-0.7059653,-0.25927246,-0.527194,-1.1101483,-0.35020056,-0.69582146,-0.6157692,-0.8692071,0.18522426,1.6658517,-0.75077575,-0.21754698,-0.9224359,0.4878648,-0.32505023,-0.7938607,0.76723737,0.8271066,-0.6010241,-1.3314294,-0.57806987,1.0592635,0.94825697,0.45910662,0.38114583,1.2840478,-0.22701102,-0.01294567,0.37586477,-0.64039665,-0.52285415,
1,0,0,0,0,0,0,0,0,0,0,0,1,0,0,0,0,0,0,0,0,0,0,0,0,0,0,0,0,0,0,0,0,0,0,0,0,0,0,0,0,0,0,0,0,0,0,0,0,0,0,0,0,0,0,0,0,0,0,0,0,0,0,0,0,0,0,0,0,0,0,0,0,0,0,0,0,0,0,0,0,0,0,0,0,0,0,0,0,0,0,0,0,0,0,0,0,0,0,0,0,0,0,0,0,0,0,0,0,0,0,0,0,0,0,0,0,0,0,0,0,0,0,0,0,0,0,0,0,0,0,0,0,0,0,0,0,0,0,0,0,0,0,0,0,0,0,0,0,0,0,0,0,0,0,0,0,0,0,0,0,0,0,0,0,0,0,0,0,0,0,0,0,0,0,0,0,0,0,0,0,0,0,0,0,0,0,0,0,0,0,0,0,0,0,0,0,0,0,0,0,0,0,0,0,0,0,0,0,0,0,0,0,0,0,0,0,0,0,0,0,0,0,0,0,0,0,0,0,0,0,0,0,0,0,0,0,0,0,0,0,0,0,0,0,0,0,0,0,0,0,0,0,0,0,0,0,0,0,0,0,0,0,0,0,0,0,0,0,0,0,0,0,0,0,0,0,0,0,0,0,0,0,0,0,0,0,0,0,0,0,0,0,0,0,0,0,0,0,0,0,0,0,0,0,0,0,0,0,0,0,0,0,0,0,0,0,0,0,0,0,0,0,0,0,0,0,0,0,0,0,0,0,0,0,0,0,0,0,0,0,0,0,0,0,0,0,0,0,0,0,0,0,0,0,0,0,0,0,0,0,0,0,0,0,0,0,0,0,0,0,0,0,0,0,0,0,0,0,0,0,0,0,0,0,0,0,0,0,0,0,0,0,0,0,0,0,0,0,0,0,0,0,0,0,0,0,0,0,0,0,0,0,0,0,0,0,0,0,0,0,0,0,0,0,0,0,0,0,0,0,0,0,0,0,0,0,0,0,0,0,0,0,0,0,0,0,0,0,0,0,0,0,0,0,0,0,0,0,0,0,0,0,0,0,0,0,0,0,0,0,0,0,0,0,0,0,0,0,0,0,0,0,0,0,0,0,0,0,0,0,0,0,0,0,0,0,0,0,0,0,0,0,0,0,0,0,0,0,0,0,0,0,0,0,0,0,0,0,0,0,0,0,0,0,0,0,0,0,0,0,0,0,0,0,0,0,0,0,0,0,0,0,0,0,0,0,0,0,0,0,0,0,0,0,0,0,0,0,0,0,0,0,0,0,0,0,0,0,0,0,0,0,0,0,0,0,0,0,0,0,0,0,0,0,0,0,0,0,0,0,0,0,0,0,0,0,0,0,0,0,0,0,0,0,0,0,0,0,0,0,0,0,0,0,0,0,0,0,0,0,0,0,0,0,0,0,0,0,0,0,0,0,0,0,0,0,0,0,0,0,0,0,0,0,0,0,0,0,0,0,0,0,0,0,0,0,0,0,0,0,0,0,0,0,0,0,0,0,0,0,0,0,0,0,0,0,0,0,0,0,0,0,0,0,0,0,0,0,0,0,0,0,0,0,0,0,0,0,0,0,0,0,0,0,0,0,0,0,0,0,0,0,0,0,0,0,0,0,0,0,0,0,0,0,0,0,0,0,0,0,0,0,0,0,0,0,0,0,0,0,0,0,0,0,0,0,0,0,0,0,0,0,0,0,0,0,0,0,0,0,0,0,0,0,0,0,0,0,0,0,0,0,0,0,0,0,0,0,0,0,0,0,0,0,0,0,0,0,0,0,0,0,0,0,0,0,0,0,0,0,0,0,0,0,0,0,0,0,0,0,0,0,0,0,0,0,0,0,0,0,0,0,0,0,0,0,0,0,0,0,0,0,0,0,0,0,0,0,0,0,0,0,0,0,0,0,0,0,0,0,0,0,0,0,0,0,0,0,0,0,0,0,0,0,0,0,0,0,0,0,0,0,0,0,0,0,0,0,0,0,0,0,0,0,0,0,0,0,0,0,0,0,0,0,0,0,0,0,0,0,0,0,0,0,0,0,0,0,0,0,0,0,0,0,0,0,0,0,0,0,0,0,0,0,0,0,0,0,0,0,0,0,0,0,0,0,0,0,0,0,0,0,0,0,0,0,0,0,0,0,0,0,0,0,0,0,0,0,0,0,0,0,0,0,0,0,0,0,0,0,0,0,0,0,0,0,0,0,0,0,0,0,0,0,0,0,0,0,0,0,0,0,0,0,0,0,0,0,0,0,0,0,0,0,0,0,0,0,0,0,0,0,0,0,0,0,0,0,0,0,0,0,0,0,0,0,0,0,0,0,0,0,0,0,0,0,0,0,0,0,0,0,0,0,0,0,0,0,0,0,0,0,0,0,0,0,0,0,0,0,0,0,0,0,0,0,0,0,0,0,0,0,0,0,0,0,0,0,0,0,0,0,0,0,0,0,0,0,0,0,0,0,0,0,0,0,0,0,0,0,0,0,0,0,0,0,0,0,0,0,0,0,0,0,0,0,0,0,0,0,0,0,0,0,0,0,0,0,0,0,0,0,0,0,0,0,0,0,0,0,0,0,0,0,0,0,0,0,0,0,0,0,0,0,0,0,0,0,0,0,0,0,0,0,0,0,0,0,0,0,0,0,0,0,0,0,0,0,0,0,0,0,0,0,0,0,0,0,0,0,0,0,0,0,0,0,0,0,0,0,0,0,0,0,0,0,0,0,0,0,0,0,0,0,0,0,0,0,0,0,0,0,0,0,0,0,0,0,0,0,0,0,0,0,0,0,0,0,0,0,0,0,0,0,0,0,0,0,0,0,0,0,0,0,0,0,0,0,0,0,0,0,0,0,0,0,0,0,0,0,0,0,0,0,0,0,0,0,0,0,0,0,0,0,0,0,0,0,0,0,0,0,0,0,0,0,0,0,0,0,0,0,0,0,0,0,0,0,0,0,0,0,0,0,0,0,0,0,0,0,0,0,0,0,0,0,0,0,0,0,0,0,0,0,0,0,0,0,0,0,0,0,0,0,0,0,0,0,0,0,0,0,0,0,0,0,0,0,0,0,0,0,0,0,0,0,0,0,0,0,0,0,0,0,0,0,0,0,0,0,0,0,0,0,0,0,0,0,0,0,0,0,0,0,0,0,0,0,0,0,0,0,0,0,0,0,0,0,0,0,0,0,0,0,0,0,0,0,0,0,0,0,0,0,0,0,0,0,0,0,0,0,0,0,0,0,0,0,0,0,0,0,0,0,0,0,0,0,0,0,0,0,0,0,0,0,0,0,0,0,0,0,0,0,0,0,0,0,0,0,0,0,0,0,0,0,0,0,0,0,0,0,0,0,0,0,0,0,0,0,0,0,0,0,0,0,0,0,0,0,0,0,0,0,0,0,0,0,0,0,0,0,0,0,0,0,0,0,0,0,0,0,0,0,0,0,0,0,0,0,0,0,0,0,0,0,0,0,0,0,0,0,0,0,0,0,0,0,0,0,0,0,0,0,0,0,0,0,0,0,0,0,0,0,0,0,0,0,0,0,0,0,0,0,0,0,0,0,0,0,0,0,0,0,0,0,0,0,0,0,0,0,0,0,0,0,0,0,0,0,0,0,0,0,0,0,0,0,0,0,0,0,0,0,0,0,0,0,0,0,0,0,0,0,0,0,0,0,0,0,0,0,0,0,0,0,0,0,0,0,0,0,0,0,0,0,0,0,0,0,0,0,0,0,0,0,0,0,0,0,0,0,0,0,0,0,0,0,0,0,0,0,0,0,0,0,0,0,0,0,0,0,0,0,0,0,0,0,0,0,0,0,0,0,0,0,0,0,0,0,0,0,0,0,0,0,0,0,0,0,0,0,0,0,0,0,0,0,0,0,0,0,0,0,0,0,0,0,0,0,0,0,0,0,0,0,0,0,0,0,0,0,0,0,0,0,0,0,0,0,0,0,0,0,0,0,0,0,0,0,0,0,0,0,0,0,0,0,0,0,0,0,0,0,0,0,0,0,0,0,0,0,0,0,0,0,0,0,0,0,0,0,0,0,0,0,0,0,0,0,0,0,0,0,0,0,0,0,0,0,0,0,0,0,0,0,0,0,0,0,0,0,0,0,0,0,0,0,0,0,0,0,0,0,0,0,0,0,0,0,0,0,0,0,0,0,0,0,0,0,0,0,0,0,0,0,0,0,0,0,0,0,0,0,0,0,0,0,0,0,0,0,0,0,0,0,0,0,0,0,0,0,0,0,0,0,0,0,0,0,0,0,0,0,0,0,0,0,0,0,0,0,0,0,0,0,0,0,0,0,0,0,0,0,0,0,0,0,0,0,0,0,0,0,0,0,0,0,0,0,0,0,0,0,0,0,0,0,0,0,0,0,0,0,0,0,0,0,0,0,0,0,0,0,0,0,0,0,0,0,0,0,0,0,0,0,0,0,0,0,0,0,0,0,0,0,0,0,0,0,0,0,0,0,0,0,0,0,0,0,0,0,0,0,0,0,0,0,0,0,0,0,0,0,0,0,0,0,0,0,0,0,0,0,0,0,0,0,0,0,0,0,0,0,0,0,0,0,0,0,0,0,0,0,0,0,0,0,0,0,0,0,0,0,0,0,0,0,0,0,0,0,0,0,0,0,0,0,0,0,0,0,0,0,0,0,0,0,0,0,0,0,0,0,0,0,0,0,0,0,0,0,0,0,0,0,0,0,0,0,0,0,0,0,0,0,0,0,0,0,0,0,0,0,0,0,0,0,0,0,0,0,0,0,0,0,0,0,0,0,0,0,0,0,0,0,0,0,0,0,0,0,0,0,0,0,0,0,0,0,0,0,0,0,0,0,0,0,0,0,0,0,0,0,0,0,0,0,0,0,0,0,0,0,0,0,0,0,0,0,0,0,0,0,0,0,0,0,0,0,0,0,0,0,0,0,0,0,0,0,0,0,0,0,0,0,0,0,0,0,0,0,0,0,0,0,0,0,0,0,0,0,0,0,0,0,0,0,0,0,0,0,0,0,0,0,0,0,0,0,0,0,0,0,0,0,0,0,0,0,0,0,0,0,0,0,0,0,0,0,0,0,0,0,0,0,0,0,0,0,0,0,0,0,0,0,0,0,0,0,0,0,0,0,0,0,0,0,0,0,0,0,0,0,0,0,0,0,0,0,0,0,0,0,0,0,0,0,0,0,0,0,0,0,0,0,0,0,0,0,0,0,0,0,0,0,0,0,0,0,0,0,0,0,0,0,0,0,0,0,0,0,0,0,0,0,0,0,0,0,0,0,0,0,0,0,0,0,0,0,0,0,0,0,0,0,0,0,0,0,0,0,0,0,0,0,0,0,0,0,0,0,0,0,0,0,0,0,0,0,0,0,0,0,0,0,0,0,0,0,0,0,0,0,0,0,0,0,0,0,0,0,0,0,0,0,0,0,0,0,0,0,0,0,0,0,0,0,0,0,0,0,0,0,0,0,0,0,0,0,0,0,0,0,0,0,0,0,0,0,0,0,0,0,0,0,0,0,0,0,0,0,0,0,0,0,0,0,0,0,0,0,0,0,0,0,0,0,0,0,0,0,0,0,0,0,0,0,0,0,0,0,0,0,0,0,0,0,0,0,0,0,0,0,0,0,0,0,0,0,0,0,0,0,0,0,0,0,0,0,0,0,0,0,0,0,0,0,0,0,0,0,0,0,0,0,0,0,0,0,0,0,0,0,0,0,0,0,0,0,0,0,0,0,0,0,0,0,0,0,0,0,0,0,0,0,0,0,0,0,0,0,0,0,0,0,0,0,0,0,0,0,0,0,0,0,0,0,0,0,0,0,0,0,0,0,0,0,0,0,0,0,0,0,0,0,0,0,0,0,0,0,0,0,0,0,0,0,0,0,0,0,0,0,0,0,0,0,0,0,0,0,0,0,0,0,0,0,0,0,0,0,0,0,0,0,0,0,0,0,0,0,0,0,0,0,0,0,0,0,0,0,0,0,0,0,0,0,0,0,0,0,0,0,0,0,0,0,0,0,0,0,0,0,0,0,0,0,0,0,0,0,0,0,0,0,0,0,0,0,0,0,0,0,0,0,0,0,0,0,0,0,0,0,0,0,0,0,0,0,0,0,0,0,0,0,0,0,0,0,0,0,0,0,0,0,0,0,0,0,0,0,0,0,0,0,0,0,0,0,0,0,0,0,0,0,0,0,0,0,0,0,0,0,0,0,0,0,0,0,0,0,0,0,0,0,0,0,0,0,0,0,0,0,0,0,0,0,0,0,0,0,0,0,0,0,0,0,0,0,0,0,0,0,0,0,0,0,0,0,0,0,0,0,0,0,0,0,0,0,0,0,0,0,0,0,0,0,0,0,0,0,0,0,0,0,0,0,0,0,0,0,0,0,0,0,0,0,0,0,0,0,0,0,0,0,0,0,0,0,0,0,0,0,0,0,0,0,0,0,0,0,0,0,0,0,0,0,0,0,0,0,0,0,0,0,0,0,0,0,0,0,0,0,0,0,0,0,0,0,0,0,0,0,0,0,0,0,0,0,0,0,0,0,0,0,0,0,0,0,0,0,0,0,0,0,0,0,0,0,0,0,0,0,0,0,0,0,0,0,0,0,0,0,0,0,0,0,0,0,0,0,0,0,0,0,0,0,0,0,0,0,0,0,0,0,0,0,0,0,0,0,0,0,0,0,0,0,0,0,0,0,0,0,0,0,0,0,0,0,0,0,0,0,0,0,0,0,0,0,0,0,0,0,0,0,0,0,0,0,0,0,0,0,0,0,0,0,0,0,0,0,0,0,0,0,0,0,0,0,0,0,0,0,0,0,0,0,0,0,0,0,0,0,0,0,0,0,0,0,0,0,0,0,0,0,0,0,0,0,0,0,0,0,0,0,0,0,0,0,0,0,0,0,0,0,0,0,0,0,0,0,0,0,0,0,0,0,0,0,0,0,0,0,0,0,0,0,0,0,0,0,0,0,0,0,0,0,0,0,0,0,0,0,0,0,0,0,0,0,0,0,0,0,0,0,0,0,0,0,0,0,0,0,0,0,0,0,0,0,0,0,0,0,0,0,0,0,0,0,0,0,0,0,0,0,0,0,0,0,0,0,0,0,0,0,0,0,0,0,0,0,0,0,0,0,0,0,0,0,0,0,0,0,0,0,0,0,0,0,0,0,0,0,0,0,0,0,0,0,0,0,0,0,0,0,0,0,0,0,0,0,0,0,0,0,0,0,0,0,0,0,0,0,0,0,0,0,0,0,0,0,0,0,0,0,0,0,0,0,0,0,0,0,0,0,0,0,0,0,0,0,0,0,0,0,0,0,0,0,0,0,0,0,0,0,0,0,0,0,0,0,0,0,0,0,0,0,0,0,0,0,0,0,0,0,0,0,0,0,0,0,0,0,0,0,0,0,0,0,0,0,0,0,0,0,0,0,0,0,0,0,0,0,0,0,0,0,0,0,0,0,0,0,0,0,0,0,0,0,0,0,0,0,0,0,0,0,0,0,0,0,0,0,0,0,0,0,0,0,0,0,0,0,0,0,0,0,0,0,0,0,0,0,0,0,0,0,0,0,0,0,0,0,0,0,0,0,0,0,0,0,0,0,0,0,0,0,0,0,0,0,0,0,0,0,0,0,0,0,0,0,0,0,0,0,0,0,0,0,0,0,0,0,0,0,0,0,0,0,0,0,0,0,0,0,0,0,0,0,0,0,0,0,0,0,0,0,0,0,0,0,0,0,0,0,0,0,0,0,0,0,0,0,0,0,0,0,0,0,0,0,0,0,0,0,0,0,0,0,0,0,0,0,0,0,0,0,0,0,0,0,0,0,0,0,0,0,0,0,0,0,0,0,0,0,0,0,0,0,0,0,0,0,0,0,0,0,0,0,0,0,0,0,0,0,0,0,0,0,0,0,0,0,0,0,0,0,0,0,0,0,0,0,0,0,0,0,0,0,0,0,0,0,0,0,0,0,0,0,0,0,0,0,0,0,0,0,0,0,0,0,0,0,0,0,0,0,0,0,0,0,0,0,0,0,0,0,0,0,0,0,0,0,0,0,0,0,0,0,0,0,0,0,0,0,0,0,0,0,0,0,0,0,0,0,0,0,0,0,0,0,0,0,0,0,0,0,0,0,0,0,0,0,0,0,0,0,0,0,0,0,0,0,0,0,0,0,0,0,0,0,0,0,0,0,0,0,0,0,0,0,0,0,0,0,0,0,0,0,0,0,0,0,0,0,0,0,0,0,0,0,0,0,0,0,0,0,0,0,0,0,0,0,0,0,0,0,0,0,0,0,0,0,0,0,0,0,0,0,0,0,0,0,0,0,0,0,0,0,0,0,0,0,0,0,0,0,0,0,0,0,0,0,0,0,0,0,0,0,0,0,0,0,0,0,0,0,0,0,0,0,0,0,0,0,0,0,0,0,0,0,0,0,0,0,0,0,0,0,0,0,0,0,0,0,0,0,0,0,0,0,0,0,0,0,0,0,0,0,0,0,0,0,0,0,0,0,0,0,0,0,0,0,0,0,0,0,0,0,0,0,0,0,0,0,0,0,0,0,0,0,0,0,0,0,0,0,0,0,0,0,0,0,0,0,0,0,0,0,0,0,0,0,0,0,0,0,0,0,0,0,0,0,0,0,0,0,0,0,0,0,0,0,0,0,0,0,0,0,0,0,0,0,0,0,0,0,0,0,0,0.2034582,0.07266713,-0.2845472,0.6425657,-0.2103349,-0.8896047,1.1748172,-0.3150543,-0.1205445,-0.058989394,0.5691107,0.7715177,-0.103235506,-0.15819156,0.21341088,0.023336502,0.3151012,0.3032013,0.33836016,0.11712961,-0.2500374,0.27226144,0.24975976,-0.30282983,0.175872,-0.17268784,0.24997613,0.24413434,0.42760965,-0.012146932,-0.2316466,-0.063424826,0.49662927,0.21059817,-0.65723145,0.035020072,-0.19540589,0.039671864,0.23602074,0.31942844,0.31142303,0.30850217,-0.17041603,0.104472406,0.12253866,0.19696733,-0.039408594,0.04443184,0.0066765975,0.3956962,0.18095651,0.5401181,0.07158532,0.02398559,-0.10529095,-0.23326932,-0.23186296,-0.6936885,-0.37239033,0.4792121,0.3324102,-0.48836058,-0.18393868,0.30201128,0.41224793,0.14125401,-0.29774532,0.19058464,-0.34718412,0.2799423,-0.36427674,0.28545955,0.61140954,-0.1769069,-0.36936125,0.07840074,-0.16868514,0.15163942,0.05568268,-0.21585214,-0.012904201,-0.18058507,-0.48349243,0.04021277,0.17771108,0.087379776,0.4543304,0.084350705,-0.18307324,-0.04059859,-0.34080142,0.20161913,0.20475638,-0.11632543,0.09960425,-0.4387054,0.1827956,-0.09555464,-0.09458101,0.49792746,0.15899573,0.061632648,-0.0037087982,0.18614921,-0.010956938,0.081646174,-0.21866485,0.10533786,-0.14434436,-0.18145052,-0.008252408,0.13887402,0.06736625,-0.21498668,-0.13785349,-0.19908406,0.15520939,-0.18404686,0.14330946,0.21492541,-0.15548703,-0.21650122,0.34019926,0.25841427,0.04313366,0.15661575,-0.0526067,0.09765699,0.054817233,-0.21498668,-0.2913626,-0.19681224,-0.19021319,-0.17203875,0.019982886,-0.10594004,-0.48003063,0.044107296,0.22747444,-0.14434436,-0.14218074,0.13173407,0.009272946,0.17630473,0.065310806,0.33619654,-0.18318142,0.23483075,-0.0037087982,-0.16165335,-0.019935979,-0.3604904,-0.084628336,0.041294582,0.17641291,-0.07413476,0.39364076,-0.038218603,0.14839397,-0.3069407,-0.006737872,-0.059963025,0.03837369,0.020848336,0.058603574,0.15293759,0.14947578,-0.084195614,0.1488267,0.046920005,-0.028806837,0.095277004,0.26198423,-0.11892178,-0.20784673,-0.07240386,-0.1780969,0.27745414,0.07071987,-0.14380346,-0.022207784,-0.12822536,0.21838722,0.21946903,0.34896192,-0.060071204,0.2581979,0.1320586,-0.5747974,-0.12249176,0.033397354,0.17381656,0.35209918,0.09322156,-0.10172097,-0.2391111,0.12545955,-0.10204551,-0.35107863,0.05633177,-0.04698128,0.043025482,-0.11178182,0.022903778,0.12199776,0.029935556,-0.14196438,-0.059097573,0.100253336,-0.5618156,0.032748267,-0.0577994,0.049732715,-0.09966552,-0.2524174,0.035993703,0.086189784,-0.27275544,0.0682317,-0.18177506,-0.32803604,-0.10366823,-0.25782645,-0.014202375,0.18193014,-0.19973314,0.049516354,-0.025994126,0.1965346,0.032640085,0.28275502,-0.03551407,-0.21877304,0.3445265,0.38952988,-0.09079467,0.037291877,-0.068292975,0.056656312,0.23277532,-0.28844172,-0.09436464,0.15769756,-0.3696858,-0.08819832,-0.05617668,-0.18004416,-0.13687986,0.33825198,0.05806267,-0.04871218,-0.41836736,0.14406672,-0.1188136,0.158563,0.11929323,-0.17063239,0.011544752,-0.14326255,-0.06072029,0.07017896,-0.22905025,0.008515677,-0.17820507,0.13952312,0.08099709,0.16905658,0.001159356,-0.19378318,-0.13785349,-0.11059183,0.40737978,0.3277584,-0.18577777,-0.025561402,-0.2016804,0.19740006,-0.30607527,-0.17495964,-0.18242414,-0.23835383,-0.19064592,0.1677584,0.1470958,-0.18393868,-0.31289068,0.13779221,0.15585847,-0.19345863,-0.16479062,-0.24614288,-0.25263375,-0.004898791,0.11734597,0.18647376,-0.11892178,-0.36016586,-0.34004417,-0.088414684,0.3577246,0.02842102,-0.06407391,0.08142981,0.20432365,-0.37985483,0.032531906,-0.36622402,-0.0140941935,-0.4105783,0.074073486,0.3226739,-0.09198466,-0.036704063,-0.2758927,0.14179492,-0.21422942,0.18939465,-0.16295153,-0.0992328,0.08683887,0.46687943,-0.19021319,-0.20178857,0.17836016,-0.21487851,-0.3635195,-0.4210719,-0.21541941,0.19923913,-0.37812394,0.19512825,-0.018421441,-0.13201171,0.029070107,0.045946375,0.20216003,0.14871852,0.1441749,0.20259276,-0.25761008,0.21968539,0.08943522,-0.13655531,-0.06418209,-0.07824565,0.19610189,-0.04254585,-0.082356535,0.19815733,-0.0039251605,0.11388417,0.10414786,0.2109227,0.16786659,-0.08062563,-0.59729904,0.06877261,-0.4152301,-0.14456072,-0.19454044,-0.11783997,0.085757054,-0.07554112,-0.28779265,0.05189634,0.1217814,-0.04784673,-0.0140941935,-0.06223483,0.13465495,-0.08289744,0.3399829,0.23007078,0.19804914,-0.12205903,0.16916476,0.30092946,-0.16186972,0.051355433,0.036101885,-0.31310704,-0.2004904,0.018684711,0.23612893,0.16537842,0.027988294,0.093005195,-0.06255937,0.045297287,-0.2044931,0.33771107,0.4457841,0.16732569,-0.32695425,-0.1608961,-0.0014369929,0.3451756,-0.18512867,-0.015500549,0.174682,0.0141411,0.0034311612,-0.060828473,0.13746767,-0.061044835,0.1885292,0.13768403,0.21059817,0.1654866,-0.17485146,0.025067402,0.08380979,0.20216003,-0.3668731,-0.14228892,0.2316935,-0.046007648,-0.10561549,0.28957045,-0.2949326,-0.18469596,-0.21455397,-0.16035518,-0.103235506,0.37232906,-0.3594086,0.27182874,0.052329063,-0.061585743,-0.16836059,0.15564212,0.052220885,-0.2684282,-0.20795491,-0.20892854,0.009381128,-0.27145728,-0.12465538,-0.08571015,-0.04795491,-0.14369528,0.16537842,-0.067211166,0.011112027,0.17749472,0.05633177,0.4677449,-0.046224013,-0.28552082,-0.065588444,-0.23640656,0.05178816,-0.13871893,0.017386537,0.016521087,-0.1193545,0.06704171,0.34690648,-0.23997654,0.060118113,0.30233583,0.13865766,-0.1694424,0.3664873,-0.0761902,0.009381128,0.24792068,-0.43102455,-0.14888798,0.045080926,-0.13341807,0.23872527,0.1741411,0.22206537,0.3082858,-0.009550584,0.19577734,0.056548133,-0.19151136,-0.19151136,0.05719722,-0.15397249,-0.03637952,0.14114584,0.016953811,0.09484428,-0.18729231,0.37405998,-0.09468919,-0.04968581,0.2568997,-0.27913815,0.23461439,0.10955692,-0.122924484,-0.1832896,-0.21087581,-0.082356535,0.19621007,-0.12681901,0.605135,-0.027508663,-0.22039574,0.083917975,-0.034756802,0.11756233,-0.22234301,-0.19540589,0.120699584,0.09430337,-0.2460347,0.24316071,0.2046482,-0.12541266,-0.1285499,0.033397354,-0.019503254,-0.14791434,-0.0934992,-0.019395072,0.06022629,-0.13266079,0.026149213,-0.015284187,-0.12984808,-0.102153696,0.1574812,0.21167998,0.08370161,0.30504036,0.14179492,-0.08278926,-0.07186296,-0.0905783,-0.051849432,-0.35216045,-0.21163307,0.0682317,-0.04070677,-0.117299065,0.13909039,-0.26713002,0.18874556,-0.28671083,0.25430337,0.15055759,-0.006305147,-0.07316113,0.18582468,-0.10291096,0.26998964,0.05622359,-0.28021994,0.13638586,0.1562912,-0.0761902,-0.008144228,-0.19940859,-0.2188812,-0.3564877,0.06325537,-0.1861023,-0.17149785,0.28145686,-0.19637953,-0.06580481,-0.30661616,0.086514324,-0.020368703,0.27107146,0.13984767,-0.017772354,0.017819261,0.25646698,-0.16208608,0.33035475,0.14449945,0.08370161,0.05351906,-0.095230095,0.05189634,-0.2926608,0.3824981,0.10295787,-0.34631866,0.0590363,-0.29114625,-0.2644255,0.050381802,0.14092948,-0.17376965,-0.12833354,-0.2644255,-0.27556816,0.643323,-0.004033342,-0.45568988,-0.29233626,-0.19497317,-0.41101104,0.039455503,0.143634,0.21936084,0.031990997,-0.3819103,-0.056501225,-0.07294477,0.064229,0.18831284,-0.09652827,-0.057474855,-0.048603997,0.079374366,0.116913244,-0.013986013,0.15813029,-0.16327608,-0.2280766,0.29259953,0.09635881,0.021713784,0.2765887,-0.48392516,0.17706199,0.020631973,0.08521615,0.13259952,0.06595989,0.16429661,-0.035622254,-0.07402658,0.17100385,0.16083482,0.12372866,0.04540547,-0.06147756,0.23677802,0.14514853,-0.2224512,0.079374366,-0.119462684,-0.058340307,-0.12422266,0.09462792,-0.17798872,-0.08452015,0.050598167,-0.0699157,0.010030215,0.20659547,0.1753311,0.16289026,-0.12898263,-0.146508,-0.09825917,-0.35280955,-0.15029433,0.10652785,-0.06028757,0.22444536,-0.51107866,-0.2765418,-0.11329636,-0.24030109,-0.19237682,0.4515177,0.18528377,-0.142938,-0.08149108,-0.028374113,0.14287673,-0.32111245,0.06617626,-0.08441198,-0.033242267,0.08716341,-0.061369378,-0.18621048,0.15899573,-0.4128501,-0.39175478,0.036318246,0.27182874,-0.24819832,-0.23846202,-0.06537209,0.09062521,0.01143657,-0.018745985,0.09625063,0.0026738928,-0.3593004,0.035128254,0.15932028,0.2109227,0.19685915,0.20183548,0.14871852,-0.17993598,0.175872,0.074830756,0.1574812,-0.23186296,-0.12757628,0.019441979,0.14839397,-0.17355329,-0.22493936,0.13541223,0.20746091,0.021713784,-0.091443755,0.118860506,-0.02361414,-0.0070624156,0.12318775,0.2673933,-0.05574396,-0.2604228,0.049516354,0.061199922,0.28686592,0.021497423,-0.10063916,-0.33420238,-0.1677115,0.22974624,0.24965158,0.23634529,-0.24863105,-0.11297181,0.19480371,0.09927971,-0.25555465,0.11756233,0.07656165,0.3859599,-0.09187648,0.06985442,0.36140275,0.1257841,-0.04882036,0.10760966,0.26750147,0.1713284,0.23017897,0.095709726,-0.17095694,-0.05509487,-0.24365471,0.069529876,0.18431014,-0.19637953,0.1684075,0.04205185,0.15715665,0.14147037,-0.08603469,0.049732715,0.113559626,0.24175435,-0.18599413,0.43799505,-0.26604822,-0.21920575,-0.2568528,0.053410877,0.06660899,-0.05325579,0.28589228,0.050273623,-0.063749366,-0.034756802,0.08532433,0.37438452,-0.082681075,-0.15191704,0.48289025,0.40023983,0.15964481,-0.032917723,-0.3634113,0.087379776,0.04010459,-0.22526391,-0.04871218,0.08564888,0.44719046,-0.1642497,-0.02188324,-0.023938684,0.018576529,-0.31126797,-0.2845472,0.30525672,-0.038218603,0.058387212,-0.11318818,-0.15721792,-0.20211312,0.23721074,0.28091595,-0.2752436,-0.04254585,-0.4485499,0.24294434,0.12243049,0.2311526,-0.26345187,0.064120814,-0.11513544,-0.32673788,0.09884698,0.095709726,-0.10366823,-0.09155194,0.350801,0.27648053,-0.06623753,-0.014310556,-0.029455924,0.3312202,-0.10637276,0.33078748,0.04313366,-0.13969257,0.54174083,-0.012363294,-0.19562225,-0.033674993,0.026365576,-0.14261347,0.041510943,0.005811148,0.23937437,0.056872677,0.123079576,0.04821818,-0.09382374,0.063039005,0.11410053,-0.24278925,-0.15180887,0.017170174,0.0033229801,0.0739653,0.15996936,0.007542047,-0.06569663,0.13324861,0.17554745,0.048867267,-0.17441873,-0.115784526,-0.14564253,0.30871853,-0.24235654,0.10533786,0.017602898,0.13000317,-0.0940401,0.08110526,0.20161913,0.018792892,0.25506064,0.28913772,-0.24333017,0.036967333,-0.012904201,-0.1562443,0.101010606,-0.043303117,0.18485104,-0.09555464,-0.00479061,0.23591256,0.15207213,-0.13720441,-0.18101779,-0.24744105,0.040537313,-0.15689339,-0.11253909,0.0035393424,-0.10594004,-0.045466743,0.077427104,-0.45049718,0.09322156,-0.013877831,-0.036812246,0.21817085,0.06888079,-0.116866335,0.03393826,-0.02361414,0.2133027,-0.01658236,0.0711526,-0.31710973,-0.07943564,-0.26172096,0.13757585,0.1644048,-0.20752218,0.2559261,0.035885524,0.03642643,0.019550161,-0.1671706,-0.2879008,0.16343117,-0.025345039,0.015331093,-0.09880008,0.14341764,0.14980033,-0.07586566,0.04205185,-0.13103807,-0.055311233,-0.28000358,0.15639938,-0.1510516,-0.0118223885,0.2627415,-0.007386959,0.12957044,-0.08581833,-0.120328136,0.076345295,0.15174758,-0.31927338,-0.35399953,0.26533785,-0.2840063,-0.22558844,-0.049361266,-0.41209283,0.13811676,-0.19161955,-0.19865133,-0.22548026,-0.26226187,-0.07943564,-0.108536385,-0.16154517,0.2893541,0.25397882,-0.084195614,0.09365428,0.04010459,-0.03886769,-0.17971961,-0.1815587,0.011544752,0.12892136,-0.12779264,-0.09999007,0.10111879,-0.07846201,0.28881317,-0.24105836,0.006352054,0.017494718,-0.18859048,-0.16554788,0.4389687,0.24997613,0.07299168,0.4159261,-0.16727878,0.09149066,0.025391946,-0.31245795,-0.16327608,0.041835487,-0.23153841,-0.019070528,0.15391122,-0.16879332,-0.10291096,0.12394502,0.039022777,-0.0877656,0.019225618,-0.087224685,0.059360843,-0.11286363,0.049732715,-0.18101779,0.21990176,0.16786659,0.05719722,0.19242373,0.2530052,0.18203832,-0.19172773,0.11193691,0.115398705,-0.030970462,-0.32814422,0.42544603,0.10717694,-0.06840116,0.11020601,-0.6505242,-0.26485822,-0.05228216,-0.19508135,0.33338383,0.2380762,0.06087538,0.06520263,-0.13644713,-0.24105836,0.18344468,0.07309986,0.2334244,-0.09014558,-0.010524214,-0.051092166,-0.21444578,-0.05228216,-0.8888474,-0.2840063,-0.18978047,1.6113284,0.3882317,-0.8133369,0.37027362,-0.3583268,-0.7040739,0.6477584,0.6913554,0.013708375,-0.8172315,0.43236962,-0.89652824,0.20648728,0.15499303,0.43734598,0.23407349,-1.455176,0.052112702,0.008623859,-0.85293126,-0.13136262,1.4819437,0.41257247,0.8002939,-0.10713003,0.03123373,1.0199018,0.20042913,0.45454678,0.24023981,0.30114582,-0.3789894,-0.305318,-0.449199,0.049299993,0.5186982,1.1816326,-0.0595303,0.083160706,-0.1947568,0.15996936,0.44275504,0.7623223,0.16700114,-0.65268785,-0.617529,-0.03335045,-0.67919225,0.027447388,-1.0712409,-0.5191922,0.22801533,-1.1450205,-0.30250528,0.8830525,-0.6123363,0.030801006,0.7766022,-0.12573719,-0.17084876,0.88467526,-0.11221454,0.57971245,-0.19259317,-0.42118007,0.6473257,-0.5545675,0.18247105,0.94287676,0.39818436,-0.4733234,0.23537166,0.25159883,1.3112338,-0.16360062,-0.1498616,0.5569944,0.9835529,0.82928646,-0.6102808,0.36097005,0.494682,-0.94347894,-0.3380969,-0.1988677,0.66831285,0.13681859,0.41863063,0.038049147,-0.15862428,-0.49560872,-0.09652827,0.10652785,-0.51053774,-0.208604,0.81630474,-0.37985483,-0.50815773,0.7920721,-0.2723227,-0.687414,-0.32554787,-0.3259806,-0.5697129,0.12156504,0.19556098,-0.04362766,-0.38234302,-0.7248447,0.2979004,-0.17896235,-0.41220102,-0.10918547,0.15282941,0.59388417,-0.6478197,0.65673745,-0.74388456,-0.7138102,0.29649404,0.013924738,0.8787253,-0.3703349,-0.51183593,0.45195043,
0,0,0,0,0,0,0,0,0,0,0,0,0,0,0,0,0,0,0,0,0,0,0,0,0,0,0,0,0,0,0,0,0,0,0,0,0,0,0,0,0,0,0,0,0,0,0,0,0,0,0,0,0,0,0,0,0,0,0,0,0,0,0,0,0,0,0,0,0,0,0,0,0,0,0,0,0,0,0,0,0,0,0,0,0,0,0,0,0,0,0,0,0,0,0,0,0,0,0,0,0,0,0,0,0,0,0,0,0,0,0,0,0,0,0,0,0,0,0,0,0,0,0,0,0,0,0,0,0,0,0,0,0,0,0,0,0,0,0,0,0,0,0,0,0,0,0,0,0,0,0,0,0,0,0,0,0,0,0,0,0,0,0,0,0,0,0,0,0,0,0,0,0,0,0,0,0,0,0,0,0,0,0,0,0,0,0,0,0,0,0,0,0,0,0,0,0,0,0,0,0,0,0,0,0,0,0,0,0,0,0,0,0,0,0,0,0,0,0,0,0,0,0,0,0,0,0,0,0,0,0,0,0,0,0,0,0,0,0,0,0,0,0,0,0,0,0,0,0,0,0,0,0,0,0,0,0,0,0,0,0,0,0,0,0,0,0,0,0,0,0,0,0,0,0,0,0,0,0,0,0,0,0,0,0,0,0,0,0,0,0,0,0,0,0,0,0,0,0,0,0,0,0,0,0,0,0,0,0,0,0,0,0,0,0,0,0,0,0,0,0,0,0,0,0,0,0,0,0,0,0,0,0,0,0,0,0,0,0,0,0,0,0,0,0,0,0,0,0,0,0,0,0,0,0,0,0,0,0,0,0,0,0,0,0,0,0,0,0,0,0,0,0,0,0,0,0,0,0,0,0,0,0,0,0,0,0,0,0,0,0,0,0,0,0,0,0,0,0,0,0,0,0,0,0,0,0,0,0,0,0,0,0,0,0,0,0,0,0,0,0,0,0,0,0,0,0,0,0,0,0,0,0,0,0,0,0,0,0,0,0,0,0,0,0,0,0,0,0,0,0,0,0,0,0,0,0,0,0,0,0,0,0,0,0,0,0,0,0,0,0,0,0,0,0,0,0,0,0,0,0,0,0,0,0,0,0,0,0,0,0,0,0,0,0,0,0,0,0,0,0,0,0,0,0,0,0,0,0,0,0,0,0,0,0,0,0,0,0,0,0,0,0,0,0,0,0,0,0,0,0,0,0,0,0,0,0,0,0,0,0,0,0,0,0,0,0,0,0,0,0,0,0,0,0,0,0,0,0,0,0,0,0,0,0,0,0,0,0,0,0,0,0,0,0,0,0,0,0,0,0,0,0,0,0,0,0,0,0,0,0,0,0,0,0,0,0,0,0,0,0,0,0,0,0,0,0,0,0,0,0,0,0,0,0,0,0,0,0,0,0,0,0,0,0,0,0,0,0,0,0,0,0,0,0,0,0,0,0,0,0,0,0,0,0,0,0,0,0,0,0,0,0,0,0,0,0,0,0,0,0,0,0,0,0,0,0,0,0,0,0,0,0,0,0,0,0,0,0,0,0,0,0,0,0,0,0,0,0,0,0,0,0,0,0,0,0,0,0,0,0,0,0,0,0,0,0,0,0,0,0,0,0,0,0,0,0,0,0,0,0,0,0,0,0,0,0,0,0,0,0,0,0,0,0,0,0,0,0,0,0,0,0,0,0,0,0,0,0,0,0,0,0,0,0,0,0,0,0,0,0,0,0,0,0,0,0,0,0,0,0,0,0,0,0,0,0,0,0,0,0,0,0,0,0,0,0,0,0,0,0,0,0,0,0,0,0,0,0,0,0,0,0,0,0,0,0,0,0,0,0,0,0,0,0,0,0,0,0,0,0,0,0,0,0,0,0,0,0,0,0,0,0,0,0,0,0,0,0,0,0,0,0,0,0,0,0,0,0,0,0,0,0,0,0,0,0,0,0,0,0,0,0,0,0,0,0,0,0,0,0,0,0,0,0,0,0,0,0,0,0,0,0,0,0,0,0,0,0,0,0,0,0,0,0,0,0,0,0,0,0,0,0,0,0,0,0,0,0,0,0,0,0,0,0,0,0,0,0,0,0,0,0,0,0,0,0,0,0,0,0,0,0,0,0,0,0,0,0,0,0,0,0,0,0,0,0,0,0,0,0,0,0,0,0,0,0,0,0,0,0,0,0,0,0,0,0,0,0,0,0,0,1,0,0,0,0,0,0,0,0,0,0,0,0,0,0,0,0,0,0,0,0,0,0,0,0,0,0,0,0,0,0,0,0,0,0,0,0,0,0,0,0,0,0,0,0,0,0,0,0,0,0,0,0,0,0,0,0,0,0,0,0,0,0,0,0,0,0,0,0,0,0,0,0,0,0,0,0,0,0,0,0,0,0,0,0,0,0,0,0,0,0,0,0,0,0,0,0,0,0,0,0,0,0,0,0,0,0,0,0,0,0,0,0,0,0,0,0,0,0,0,0,0,0,0,0,0,0,0,0,0,0,0,0,0,0,0,0,0,0,0,0,0,0,0,0,0,0,0,0,0,0,0,0,0,0,0,0,0,0,0,0,0,0,0,0,0,0,0,0,0,0,0,0,0,0,0,0,0,0,0,0,0,0,0,0,0,0,0,0,0,0,0,0,0,0,0,0,0,0,0,0,0,0,0,0,0,0,0,0,0,0,0,0,0,0,0,0,0,0,0,0,0,0,0,0,0,0,0,0,0,0,0,0,0,0,0,0,0,0,0,0,0,0,0,0,0,0,0,0,0,0,0,0,0,0,0,0,0,0,0,0,0,0,0,0,0,0,0,0,0,0,0,0,0,0,0,0,0,0,0,0,0,0,0,0,0,0,0,0,0,0,0,0,0,0,0,0,0,0,0,0,0,0,0,0,0,0,0,0,0,0,0,0,0,0,0,0,0,0,0,0,0,0,0,0,0,0,0,0,0,0,0,0,0,0,0,0,0,0,0,0,0,0,0,0,0,0,0,0,0,0,0,0,0,0,0,0,0,0,0,0,0,0,0,0,0,0,0,0,0,0,0,0,0,0,0,0,0,0,0,0,0,0,0,0,0,0,0,0,0,0,0,0,0,0,0,0,0,0,0,0,0,0,0,0,0,0,0,0,0,0,0,0,0,0,0,0,0,0,0,0,0,0,0,0,0,0,0,0,0,0,0,0,0,0,0,0,0,0,0,0,0,0,0,0,0,0,0,0,0,0,0,0,0,0,0,0,0,0,0,0,0,0,0,0,0,0,0,0,0,0,0,0,0,0,0,0,0,0,0,0,0,0,0,0,0,0,0,0,0,0,0,0,0,0,0,0,0,0,0,0,0,0,0,0,0,0,0,0,0,0,0,0,0,0,0,0,0,0,0,0,0,0,0,0,0,0,0,0,0,0,0,0,0,0,0,0,0,0,0,0,0,0,0,0,0,0,0,0,0,0,0,0,0,0,0,0,0,0,0,0,0,0,0,0,0,0,0,0,0,0,0,0,0,0,0,0,0,0,0,0,0,0,0,0,0,0,0,0,0,0,0,0,0,0,0,0,0,0,0,0,0,0,0,0,0,0,0,0,0,0,0,0,0,0,0,0,0,0,0,0,0,0,0,0,0,0,0,0,0,0,0,0,0,0,0,0,0,0,0,0,0,0,0,0,0,0,0,0,0,0,0,0,0,0,0,0,0,0,0,0,0,0,0,0,0,0,0,0,0,0,0,0,0,0,0,0,0,0,0,0,0,0,0,0,0,0,0,0,0,0,0,0,0,0,0,0,0,0,0,0,0,0,0,0,0,0,0,0,0,0,0,0,0,0,0,0,0,0,0,0,0,0,0,0,0,0,0,0,0,0,0,0,0,0,0,0,0,0,0,0,0,0,0,0,0,0,0,0,0,0,0,0,0,0,0,0,0,0,0,0,0,0,0,0,0,0,0,0,0,0,0,0,0,0,0,0,0,0,0,0,0,0,0,0,0,0,0,0,0,0,0,0,0,0,0,0,0,0,0,0,0,0,0,0,0,0,0,0,0,0,0,0,0,0,0,0,0,0,0,0,0,0,0,0,0,0,0,0,0,0,0,0,0,0,0,0,0,0,0,0,0,0,0,0,0,0,0,0,0,0,0,0,0,0,0,0,0,0,0,0,0,0,0,0,0,0,0,0,0,0,0,0,0,0,0,0,0,0,0,0,0,0,0,0,0,0,0,0,0,0,0,0,0,0,0,0,0,0,0,0,0,0,0,0,0,0,0,0,0,0,0,0,0,0,0,0,0,0,0,0,0,0,0,0,0,0,0,0,0,0,0,0,0,0,0,0,0,0,0,0,0,0,0,0,0,0,0,0,0,0,0,0,0,0,0,0,0,0,0,0,0,0,0,0,0,0,0,0,0,0,0,0,0,0,0,0,0,0,0,0,0,0,0,0,0,0,0,0,0,0,0,0,0,0,0,0,0,0,0,0,0,0,0,0,0,0,0,0,0,0,0,0,0,0,0,0,0,0,0,0,0,0,0,0,0,0,0,0,0,0,0,0,0,0,0,0,0,0,0,0,0,0,0,0,0,0,0,0,0,0,0,0,0,0,0,0,0,0,0,0,0,0,0,0,0,0,0,0,0,0,0,0,0,0,0,0,0,0,0,0,0,0,0,0,0,0,0,0,0,0,0,0,0,0,0,0,0,0,0,0,0,0,0,0,0,0,0,0,0,0,0,0,0,0,0,0,0,0,0,0,0,0,0,0,0,0,0,0,0,0,0,0,0,0,0,0,0,0,0,0,0,0,0,0,0,0,0,0,0,0,0,0,0,0,0,0,0,0,0,0,0,0,0,0,0,0,0,0,0,0,0,0,0,0,0,0,0,0,0,0,0,0,0,0,0,0,0,0,0,0,0,0,0,0,0,0,0,0,0,0,0,0,0,0,0,0,0,0,0,0,0,0,0,0,0,0,0,0,0,0,0,0,0,0,0,0,0,0,0,0,0,0,0,0,0,0,0,0,0,0,0,0,0,0,0,0,0,0,0,0,0,0,0,0,0,0,0,0,0,0,0,0,0,0,0,0,0,0,0,0,0,0,0,0,0,0,0,0,0,0,0,0,0,0,0,0,0,0,0,0,0,0,0,0,0,0,0,0,0,0,0,0,0,0,0,0,0,0,0,0,0,0,0,0,0,0,0,0,0,0,0,0,0,0,0,0,0,0,0,0,0,0,0,0,0,0,0,0,0,0,0,0,0,0,0,0,0,0,0,0,0,0,0,0,0,0,0,0,0,0,0,0,0,0,0,0,0,0,0,0,0,0,0,0,0,0,0,0,0,0,0,0,0,0,0,0,0,0,0,0,0,0,0,0,0,0,0,0,0,0,0,0,0,0,0,0,0,0,0,0,0,0,0,0,0,0,0,0,0,0,0,0,0,0,0,0,0,0,0,0,0,0,0,0,0,0,0,0,0,0,0,0,0,0,0,0,0,0,0,0,0,0,0,0,0,0,0,0,0,0,0,0,0,0,0,0,0,0,0,0,0,0,0,0,0,0,0,0,0,0,0,0,0,0,0,0,0,0,0,0,0,0,0,0,0,0,0,0,0,0,0,0,0,0,0,0,0,0,0,0,0,0,0,0,0,0,0,0,0,0,0,0,0,0,0,0,0,0,0,0,0,0,0,0,0,0,0,0,0,0,0,0,0,0,0,0,0,0,0,0,0,0,0,0,0,0,0,0,0,0,0,0,0,0,0,0,0,0,0,0,0,0,0,0,0,0,0,0,0,0,0,0,0,0,0,0,0,0,0,0,0,0,0,0,0,0,0,0,0,0,0,0,0,0,0,0,0,0,0,0,0,0,0,0,0,0,0,0,0,0,0,0,0,0,0,0,0,0,0,0,0,0,0,0,0,0,0,0,0,0,0,0,0,0,0,0,0,0,0,0,0,0,0,0,0,0,0,0,0,0,0,0,0,0,0,0,0,0,0,0,0,0,0,0,0,0,0,0,0,0,0,0,0,0,0,0,0,0,0,0,0,0,0,0,0,0,0,0,0,0,0,0,0,0,0,0,0,0,0,0,0,0,0,0,0,0,0,0,0,0,0,0,0,0,0,0,0,0,0,0,0,0,0,0,0,0,0,0,0,0,0,0,0,0,0,0,0,0,0,0,0,0,0,0,0,0,0,0,0,0,0,0,0,0,0,0,0,0,0,0,0,0,0,0,0,0,0,0,0,0,0,0,0,0,0,0,0,0,0,0,0,0,0,0,0,0,0,0,0,0,0,0,0,0,0,0,0,0,0,0,0,0,0,0,0,0,0,0,0,0,0,0,0,0,0,0,0,0,0,0,0,0,0,0,0,0,0,0,0,0,0,0,0,0,0,0,0,0,0,0,0,0,0,0,0,0,0,0,0,0,0,0,0,0,0,0,0,0,0,0,0,0,0,0,0,0,0,0,0,0,0,0,0,0,0,0,0,0,0,0,0,0,0,0,0,0,0,0,0,0,0,0,0,0,0,0,0,0,0,0,0,0,0,0,0,0,0,0,0,0,0,0,0,0,0,0,0,0,0,0,0,0,0,0,0,0,0,0,0,0,0,0,0,0,0,0,0,0,0,0,0,0,0,0,0,0,0,0,0,0,0,0,0,0,0,0,0,0,0,0,0,0,0,0,0,0,0,0,0,0,0,0,0,0,0,0,0,0,0,0,0,0,0,0,0,0,0,0,0,0,0,0,0,0,0,0,0,0,0,0,0,0,0,0,0,0,0,0,0,0,0,0,0,0,0,0,0,0,0,0,0,0,0,0,0,0,0,0,0,0,0,0,0,0,0,0,0,0,0,0,0,0,0,0,0,0,0,0,0,0,0,0,0,0,0,0,0,0,0,0,0,0,0,0,0,0,0,0,0,0,0,0,0,0,0,0,0,0,0,0,0,0,0,0,0,0,0,0,0,0,0,0,0,0,0,0,0,0,0,0,0,0,0,0,0,0,0,0,0,0,0,0,0,0,0,0,0,0,0,0,0,0,0,0,0,0,0,0,0,0,0,0,0,0,0,0,0,0,0,0,0,0,0,0,0,0,0,0,0,0,0,0,0,0,0,0,0,0,0,0,0,0,0,0,0,0,0,0,0,0,0,0,0,0,0,0,0,0,0,0,0,0,0,0,0,0,0,0,0,0,0,0,0,0,0,0,0,0,0,0,0,0,0,0,0,0,0,0,0,0,0,0,0,0,0,0,0,0,0,0,0,0,0,0,0,0,0,0,0,0,0,0,0,0,0,0,0,0,0,0,0,0,0,0,0,0,0,0,0,0,0,0,0,0,0,0,0,0,0,0,0,0,0,0,0,0,0,0,0,0,0,0,0,0,0,0,0,0,0,0,0,0,0,0,0,0,0,0,0,0,0,0,0,0,0,0,0,0,0,0,0,0,0,0,0,0,0,0,0,0,0,0,0,0,0,0,0,0,0,0,0,0,0,0,0,0,0,0,0,0,0,0,0,0,0,0,0,0,0,0,0,0,0,0,0,0,0,0,0,0,0,0,0,0,0,0,0,0,0,0,0,0,0,0,0,0,0,0,0,0,0,0,0,0,0,0,0,0,0,0,0,0,0,0,0,0,0,0,0,0,0,0,0,0,0,0,0,0,0,0,0,0,0,0,0,0,0,0,0,0,0,0,0,0,0,0,0,0,0,0,0,0,0,0,0,0,0,0,0,0,0,0,0,0,0,0,0,0,0,0,0,0,0,0,0,0,0,0,0,0,0,0,0,0,0,0,0,0,0,0,0,0,0,0,0,0,0,0,0,0,0,0,0,0,0,0,0,0,0,0,0,0,0,0,0,0,0,0,0,0,0,0,0,0,0,0,0,0,0,0,0,0,0,0,0,0,0,0,0,0,0,0,0,0,0,0,0,0,0,0,0,0,0,0,0,0,0,0,0,0,0,0,0,0,0,0,0,0,0,0,0,0,0,0,0,0,0,0,0,0,0,0,0,0,0,0,0,0,0,0,0,0,0,0,0,0,0,0,0,0,0,0,0,0,0,0,0,0,0,0,0,0,0,0,0,0,0,0,0,0,0,0,0,0,0,0,0,0,0,0,0,0,0,0,0,0,0,0,0,0,0,0,0,0,0,0,0,0,0,0,0,0,0,0,0,0,0,0,0,0,0,0,0,0,0,0,0,0,0,0,0,0,0,0,0,0,0,0,0,0,0,0,0,0,0,0,0,0,0,0,0,0,0,0,0,0,0,0,0,0,0,0,0,0,0,0,0,0,0,0,0,0,0,0,0,0,0,0,0,0,0,0,0,0,0,0,0,0,0,0,0,0,0,0,0,0,0,0,0,0,0,0,0,0,0,0,0,0,0,0,0,0,0,0,0,0,0,0,0,0,0,0,0,0,0,0,0,0,0,0,0,0,0,0,0,0,0,0,0,0,0,0,0,0,0,0,0,0,0,0,0,0,0,0,0,0,0,0,0,0,0,0,0,0,0,0,0,0,0,0,0,0,0,0,0,0,0,0,0,0,0,0,0,0,0,0,0,0,0,0,0,0,0,0,0,0,0,0,0,0,0,0,0,0,0,0,0,0,0,0,0,0,0,0,0,0,0,0,0,0,0,0,0,0,0,0,0,0,0,0,0,0,0,0,0,0,0,0,0,0,0,0,0,0,0,0,0,0,0,0,0,0,0,0,0,0,0,0,0,0,0,0,0,0,0,0,0,0,0,-0.7587757,-1.3984097,-0.66324633,0.58166873,0.6114726,1.1522831,0.28551185,0.29764256,0.70224386,-1.612266,-1.4872463,-0.53906333,-0.05116789,-0.32076266,-1.0088149,-0.5850241,-1.5307496,-0.529913,0.66909355,-1.0070895,1.1401001,0.7725184,-0.0031156046,1.0609367,1.339891,-0.9909326,0.44195628,-0.09163848,-0.20473652,-0.7452855,0.5707929,-1.0112724,0.32525042,1.089904,-0.46068424,0.54187787,-0.657547,-0.6493378,0.2116295,0.20849223,0.11798243,-0.008710376,0.23709355,0.14862296,-0.12457965,0.3593942,0.17210008,0.01926348,1.0843092,0.3581393,-0.8615208,-0.48081496,0.14313276,-0.78408295,0.30438766,0.43202165,0.33257067,-0.46899796,-0.6278476,0.28216544,-0.41472346,-0.26591298,0.27202165,-0.18518096,0.09612623,1.1560478,0.41685826,-0.7370764,-0.08667116,0.5772765,-1.0833248,-1.0154555,-0.2822267,-0.7481614,0.6771981,-0.39725938,0.6359955,-0.004684232,-0.27265808,0.82454455,0.4814857,0.21931577,0.54940724,0.8078125,-0.07663194,-0.43480188,-1.0478737,-0.8249195,-0.738279,1.0667406,0.62820464,0.16383864,-0.678096,-0.86941624,0.905172,-0.5794816,-0.099586196,0.33162948,0.62616545,-0.5945404,-0.7030372,0.23557721,-0.056553513,0.0119955065,-0.17137705,-0.07156005,-0.029677697,-0.88463193,0.2351589,-0.120030634,-0.036788806,0.18914583,-0.7032986,-0.5314816,-0.14606985,0.70454454,0.56331575,-0.25456658,0.29189092,1.1676556,0.12305433,-0.697181,-1.0714031,-0.4848411,0.32305434,0.08718505,-0.2839522,0.2633942,0.049642567,-0.42146856,-0.0068280227,0.030243872,0.41403472,-0.18643586,0.2448844,0.019995507,0.5814596,0.7330413,-0.054566585,0.27902818,0.3008844,0.28138113,-0.28980842,0.6360478,-0.35893258,-0.8771548,0.40718505,0.72279286,-0.17566462,-0.55616134,0.28033537,0.4045184,-0.32750776,0.010531454,-0.24264501,1.2096949,-0.6410241,0.6867145,-0.6644489,-0.5235862,0.2010674,-0.53001755,-0.9042398,0.90396935,-0.20206985,0.3607537,0.19881904,0.28765565,-0.07333782,0.01905433,0.046662174,-0.38403064,0.25267524,-0.91203064,-0.8725535,-0.6258084,-0.37514174,-0.22089338,0.08174714,-0.6573901,-0.009808415,-0.07333782,0.85058373,0.7804138,0.63636154,-1.0686319,0.26072752,0.3210674,0.49968177,-0.3272986,0.023289625,1.0577995,-0.4582267,0.58067524,-0.14099796,0.8342177,-0.14021364,-0.61216134,0.3475249,0.5413027,-0.34230515,0.059838645,-0.059952207,-1.0575993,-0.107063316,-0.30000448,-0.17566462,-0.79705024,-0.394279,-0.36322019,-0.39736396,0.2002831,-0.2094947,0.06830923,-0.63840973,0.06810008,-0.7233248,-0.8032725,-0.3240045,-0.022723448,-0.40159926,-0.14617443,-0.12337704,0.16268831,-0.22225286,0.015185049,-1.1843444,-0.26471037,-0.65074956,0.5811458,0.8295118,0.043420345,0.46757722,0.118557595,0.5699563,0.33225694,0.7099301,1.0261655,-0.42601755,0.49277982,-0.11715482,-0.19365156,-0.71532476,-0.11584763,-0.61184764,-0.5505143,-0.6443705,-0.07412214,0.50145954,-0.35067117,0.5133811,0.27615237,0.28655759,-0.11501103,-0.4312986,0.42015237,0.6213027,0.18867524,-0.06575613,-0.37294567,0.48556414,0.55066216,1.0293549,0.17021772,0.2271589,0.39568177,-0.5648411,-0.4293117,0.5345576,-0.15506332,0.20880596,-0.088710375,0.5192896,-0.36081496,0.1438125,0.6285184,0.37492362,-0.31490645,-0.35077575,0.7821393,0.0878125,0.32671446,0.4962308,-0.3318999,0.27489746,-0.29927248,0.5428713,0.510819,-0.082226716,-1.0242921,-0.29817444,0.6098517,0.031080473,0.3901393,0.13325042,0.39165562,0.33173406,-0.4701483,1.076623,0.009171977,0.47045302,-0.3158999,-0.3012594,0.75594324,0.6701916,0.43029615,0.17680596,0.33691055,-0.13289338,-0.6853117,0.4752112,-0.19558619,0.5837602,-0.3180437,0.23918505,0.31793016,0.1346099,-0.14450122,-0.4110633,-0.004788807,0.33549878,0.024387663,-0.09278881,-0.079037175,0.3321001,0.8656949,-0.19276266,0.057015114,-0.32792607,-0.6236646,-0.48201758,-0.05597835,0.4561262,-0.36834437,0.4272112,0.058479168,-0.45765156,0.44624388,-0.8624097,0.5282308,-0.12646201,-0.52656657,-0.11903717,-0.5243705,-0.31359926,-0.29859272,-0.06701103,-0.25859272,0.7847537,-0.058383577,0.7471589,-0.72023976,-0.6810764,-0.40975612,0.30151185,-0.26999143,0.11604779,-0.36844894,0.6391851,0.18145956,0.40681905,-0.2696777,-0.326462,-0.1121875,-0.030723447,0.10532884,-0.13216135,0.2587929,0.082426876,1.0521524,-0.2949326,-0.5975208,0.21607395,0.1429759,-0.077468544,-0.13388684,-0.3079522,0.27636153,0.5821393,-0.13514175,0.108466096,-0.28756005,0.44342035,-0.46068424,0.3704269,0.1547406,-0.9720045,-0.037729982,-0.16959926,0.17680596,0.029616421,0.5315249,0.14872754,0.25089747,0.46062297,0.36164257,-0.06471038,-0.24881496,-0.3383836,0.78825694,0.2646491,-0.29691952,0.16545956,0.09351185,-0.13822672,-0.5080045,-0.6645535,-0.13571692,-0.19830514,0.7134857,-0.037677698,-0.27056658,0.046871323,0.18877982,-0.15234436,0.22757721,0.6466099,0.35353798,-0.036893383,-0.25597835,-0.40008292,-0.059115604,-0.33989993,-0.22601756,0.09811316,-0.9295993,0.5547406,0.9610674,0.12347263,-0.10277574,-0.22450122,0.21743341,-0.7070633,0.2591589,0.51709354,-0.31281495,0.12734191,0.20185171,-0.39223978,0.039080475,0.5705314,0.14574714,-0.83563846,0.31139418,0.21136805,-0.2772071,-0.13404371,0.21246609,0.68974715,-0.38486725,0.24875368,-0.310096,0.8139824,-0.0401875,-0.4195339,0.44854453,-0.5434032,-0.22706331,0.31202164,-0.38491952,0.2869759,0.21136805,-0.6100699,-0.3525012,-0.061311685,0.104649104,-0.51950777,-0.5352463,0.22773407,0.46323735,0.18825695,-0.31710252,0.27625695,0.5324661,0.16796936,-0.14993913,0.5838648,0.8478125,-0.21383455,0.5350805,0.093720995,-0.3453901,-0.09184763,-0.1526058,0.16807394,-0.95621365,0.21225694,0.5000478,-0.23339011,-0.35778227,-0.24322018,-0.6145143,-0.54596525,0.6427406,-0.17838357,-0.09901103,0.30020466,-0.07757312,0.14522426,0.19411315,0.60765564,0.0030543301,-0.036004495,-0.0102790035,-0.008292075,0.061825573,0.34663603,0.77471447,-0.18549469,-0.05854044,-0.64468426,0.7293288,-0.20071037,0.034531455,0.3088321,0.20096283,0.7191328,0.5627929,-0.6074555,0.02642688,-0.18429208,0.34334192,0.10804779,-0.14716789,0.38193014,0.017171977,-0.28939012,0.018270016,0.110453025,-0.23663194,-0.5047104,0.31630924,-0.33142933,0.1328844,-0.066801876,0.5859563,0.015655637,-0.23846202,-0.26763847,-0.49770385,0.5746099,-0.17189991,-0.44546854,-0.36593914,0.3147406,0.68012625,0.51709354,-0.039821487,-0.32505023,-0.4944097,-0.9320045,-0.43166462,0.06020466,0.98119813,0.26825693,0.86062294,-0.90298486,0.35500205,-0.45299795,0.17424387,-0.4532071,0.20802166,-0.07527247,0.19280596,0.20749877,-0.26915482,0.14491054,0.010583742,-0.52803063,0.073015116,-0.53048813,0.104649104,0.7463223,-0.32206985,0.6276295,0.22663602,0.4963354,-0.81728554,-0.1357692,0.5133811,-0.982828,0.9896164,0.5995511,-0.29561234,-0.24416135,-0.26439664,0.77863604,-0.29477572,-0.37848815,0.15604779,-0.44003063,0.031655636,0.04870139,-0.6652855,-0.10633129,-0.9567365,0.008805964,0.20159028,-0.4776254,0.6941916,0.078557596,0.1442308,0.33727655,-0.590462,-0.862462,0.01429616,0.7774334,0.23568179,-0.15542933,0.6166491,-0.11914175,0.50517195,-0.38591298,-0.3158999,-0.4491287,0.405721,0.30747262,-0.37571692,-0.454096,-0.61169076,-0.15480188,-0.4156646,-0.23861887,0.6212504,-0.08792606,0.3201785,0.11730269,0.42731577,-0.14539011,0.2882308,0.0066098855,0.8398648,-0.3337823,0.2650674,-0.63767767,-0.3728934,-0.5075339,0.533355,-0.16447508,-0.06664502,-0.5941221,0.29058373,0.44430923,-0.21033129,0.9093027,0.5794726,-0.6354293,-0.38654044,-0.25059274,0.589355,0.54909354,-0.95825285,0.66993016,0.36723733,0.18412623,-0.14826593,-0.44578227,-0.14371692,-0.14392607,0.54836154,0.26025695,0.26151183,0.65978634,0.16075368,0.15118505,-0.1277692,0.8028452,0.5794203,0.05194322,-1.1107235,-0.4157692,0.01732884,-0.789364,0.023237336,-0.3821483,0.3883615,-0.630462,-0.8588542,0.6381916,-0.004109069,-0.39579535,0.25638765,0.24101512,0.016178513,-0.08201756,-0.00034436275,0.18302819,0.08796936,-0.10821364,1.015185,0.22522427,0.32922426,-0.7389587,0.6367275,-0.029050246,-1.0558215,0.072126225,-0.37106332,-0.2275339,-0.34784764,-0.26267117,-0.15757312,0.09183864,0.05732884,-0.48918095,0.058531456,0.7660347,0.5005184,-0.046828024,-0.05984763,-0.2835339,0.09027001,0.42224386,0.46742034,-0.16954698,0.22156413,-0.10042279,-0.42821366,-0.44306332,0.31834844,-0.29247507,-0.5076908,-0.22094567,-0.033860702,0.2772504,0.40436152,0.29889748,-0.4169718,-0.10303717,-0.64159924,0.53701514,-0.5386973,-0.47276267,-0.10115482,0.27866217,0.51060987,0.5717341,-0.9202398,-0.14685416,-0.67616135,-0.2187496,0.10443995,0.18877982,-0.080030635,-0.46188685,-0.19966462,-0.57294565,0.6875511,0.36676675,-0.16285416,0.014243873,0.18402165,0.21534191,0.1707929,-0.4208411,-0.36295873,0.9262439,-0.6901221,-0.25430515,0.4208321,0.6117341,-0.60379535,-0.8048411,-0.4506973,0.88399553,-0.7956385,-0.13524632,0.2313942,-0.3274032,-0.47114176,0.27453145,-0.47108945,-0.2082398,0.0028451798,-0.8961875,-0.0877692,0.035368055,-0.5757169,0.64122427,0.22276674,-0.52426594,0.017904004,0.39489746,-0.37890646,-0.069363974,-0.426645,-0.36510253,0.38783863,-0.10199142,0.19698897,0.57434845,0.64091057,-0.3719522,-0.096135214,-0.60782146,-0.110096,0.21335499,0.24765563,0.99285823,-0.035377044,-0.5777561,0.33387786,-0.42497182,0.55798244,0.4380347,0.7465314,-0.7623313,-0.32557312,-0.066279,-0.063246325,-0.214096,-0.33289337,-0.4886058,-0.37524632,0.7395249,0.22491054,0.9547929,0.15573406,-0.69122016,-0.38240972,0.56702816,-0.16071038,0.44274062,-0.18664502,0.4183223,-0.27940318,0.34125042,0.7488321,-0.14638358,-0.342462,-0.07030515,-0.15234436,-0.66366464,-0.67956007,0.9029759,-0.42314175,0.22313276,0.41816545,-0.89006984,-0.82905024,-0.3072202,-0.31077573,-0.34172997,0.11500204,-0.2810764,0.18559028,0.12378635,0.04305433,0.20755106,0.37173408,-0.3816254,-0.27867115,-0.26230514,-0.37916788,-0.040501226,0.06642688,0.44211316,-0.7168411,-0.055403188,0.0789759,0.26993015,0.1349759,0.12708047,0.5917602,-0.32850122,0.27406088,0.457904,0.8587929,0.37068832,0.26574713,-0.41676265,-0.7301744,-0.65012217,0.16974714,-0.72081494,0.31693667,0.4014857,0.48043996,0.24153799,0.40054452,-0.13780841,0.02705433,-0.20348161,-0.28118098,-0.11720711,0.6537733,-0.67318094,-0.45765156,0.09387786,-0.0321875,0.13743341,-0.4106973,0.011368056,0.26998243,-0.2569718,0.44195628,0.4149759,0.5524399,0.13487132,-0.4491287,-0.40410906,-0.09456658,0.629721,0.39374715,0.068622954,-0.20756005,0.46532884,0.2709759,-0.2658084,-0.34993914,-0.6489195,0.2002831,-0.037311684,-0.430462,0.11165564,0.17466217,0.65262294,0.29769486,0.6453027,-0.31966463,-0.5478476,0.72896284,-0.6282659,-0.39114174,-0.100997955,0.2574857,0.030243872,-0.5138607,0.14470139,0.21889746,-0.1770241,-0.7053901,-0.61942935,-0.25090647,-0.24965155,-0.57561237,0.49915892,0.45053145,0.70443994,-0.104239784,-0.27767769,0.7761262,-0.54277575,0.3530674,-0.0029064543,-0.6248149,-0.09817443,-0.56332475,-0.28086725,0.3282308,-0.31030515,-0.08165155,0.36206087,0.1286491,-0.40322018,-0.41341627,0.12676674,0.6970674,0.5590805,-0.26643586,-0.16907638,-0.14831822,0.8998386,-0.6212594,0.24002165,0.9828713,-0.5185666,-0.40839666,0.32645303,-0.1728411,0.49277982,-0.5381221,-0.47119403,-0.17890646,0.26663604,-0.63997835,0.7422439,-0.19558619,-0.24322018,0.04959028,0.31923735,-0.069050245,0.2036295,0.5248321,-0.45461887,0.33926347,0.43887132,0.826636,-0.27156004,0.5731458,0.3694334,0.33121118,-0.005520833,0.42956415,0.33874062,0.022819037,0.66334194,0.70140725,0.07296283,-0.5156385,-0.30277574,-0.2881875,-0.41864502,-0.54434437,-0.12311561,-0.019481618,0.14935498,0.34653145,0.17685825,-0.49132475,0.23840074,-0.6156123,-0.32389992,-0.58298486,0.24718505,-0.0064620096,0.68054456,-0.33775613,0.5685445,-0.10115482,-0.082279004,0.009381128,0.70454454,-0.12844893,-1.5293379,-0.7210241,-0.71621364,1.1007798,-1.4584881,0.26119813,-1.8442136,1.0497994,-0.57122016,1.008806,1.688074,-1.6169719,0.9854334,1.5734595,-1.3190894,0.5707406,0.27834845,-0.7019391,-1.3380698,-1.6534685,-0.51422673,-0.8763705,0.97701514,-0.16118096,0.19176021,1.2921001,0.4276295,1.0456164,1.395002,-0.036788806,-0.07788685,-0.30429208,-1.0567627,1.8170674,0.5586099,-1.3002137,-0.05963848,-1.2278999,0.8031589,1.7427144,0.42459682,0.47291055,-1.3006842,0.08843995,-0.5171548,0.33863604,0.14203472,1.2619824,-1.4186974,1.0183223,1.1756034,-1.808292,1.4393419,0.873172,-0.73299795,0.6767798,0.92472756,1.591917,1.6866099,-1.385181,-0.3883182,1.6945575,0.77304125,1.5202308,-0.5475862,-0.84154695,-0.56118095,-1.1533902,0.83489746,1.4206753,-0.7993509,-0.09859273,-0.7438215,1.2236556,1.7663485,0.8460347,-1.0012332,1.2308713,0.31787786,0.87024385,-0.6956123,-0.95610905,-0.9807365,0.55782557,0.25173408,1.4047276,0.25027,1.4005969,1.3100348,0.4747406,-1.4390894,-1.5699652,-0.70643586,-0.064239785,-1.4786189,0.09842688,1.5621655,0.4949759,-0.07752083,0.76179945,1.654819,0.66177326,1.1742439,-1.0182267,-0.15438358,-0.90366465,-0.43040973,1.2421654,-1.4066712,0.43176022,0.5906099,-1.2298346,-1.6443182,-1.0340699,1.4493811,1.3977733,-1.2330241,0.27364257,0.026636029,0.9919171,-0.12494567,-1.0968672,0.8851981,-0.10010907,0.007080474,-0.6831156,1.5993942,-0.45064503,
0,0,0,0,0,0,0,0,0,0,0,0,0,0,0,1,0,0,0,0,0,0,0,0,0,0,0,0,0,0,0,0,0,0,0,0,0,0,0,0,0,0,0,0,0,0,0,0,0,0,0,0,0,0,0,0,0,0,0,0,0,0,0,0,0,0,0,0,0,0,0,0,0,0,0,0,0,0,0,0,0,0,0,0,0,0,0,0,0,0,0,0,0,0,0,0,0,0,0,0,0,0,0,0,0,0,0,0,0,0,0,0,0,0,0,0,0,0,0,0,0,0,0,0,0,0,0,0,0,0,0,0,0,0,0,0,0,0,0,0,0,0,0,0,0,0,0,0,0,0,0,0,0,0,0,0,0,0,0,0,0,0,0,0,0,0,0,0,0,0,0,0,0,0,0,0,0,0,0,0,0,0,0,0,0,0,0,0,0,0,0,0,0,0,0,0,0,0,0,0,0,0,0,0,0,0,0,0,0,0,0,0,0,0,0,0,0,0,0,0,0,0,0,0,0,0,0,0,0,0,0,0,0,0,0,0,0,0,0,0,0,0,0,0,0,0,0,0,0,0,0,0,0,0,0,0,0,0,0,0,0,0,0,0,0,0,0,0,0,0,0,0,0,0,0,0,0,0,0,0,0,0,0,0,0,0,0,0,0,0,0,0,0,0,0,0,0,0,0,0,0,0,0,0,0,0,0,0,0,0,0,0,0,0,0,0,0,0,0,0,0,0,0,0,0,0,0,0,0,0,0,0,0,0,0,0,0,0,0,0,0,0,0,0,0,0,0,0,0,0,0,0,0,0,0,0,0,0,0,0,0,0,0,0,0,0,0,0,0,0,0,0,0,0,0,0,0,0,0,0,0,0,0,0,0,0,0,0,0,0,0,0,0,0,0,0,0,0,0,0,0,0,0,0,0,0,0,0,0,0,0,0,0,0,0,0,0,0,0,0,0,0,0,0,0,0,0,0,0,0,0,0,0,0,0,0,0,0,0,0,0,0,0,0,0,0,0,0,0,0,0,0,0,0,0,0,0,0,0,0,0,0,0,0,0,0,0,0,0,0,0,0,0,0,0,0,0,0,0,0,0,0,0,0,0,0,0,0,0,0,0,0,0,0,0,0,0,0,0,1,0,0,0,0,0,0,0,0,0,0,0,0,0,0,0,0,0,0,0,0,0,0,0,0,0,0,0,0,0,0,0,0,0,0,0,0,0,0,0,0,0,0,0,0,0,0,0,0,0,0,0,0,0,0,0,0,0,0,0,0,0,0,0,0,0,0,0,0,0,0,0,0,0,0,0,0,0,0,0,0,0,0,0,0,0,0,0,0,0,0,0,0,0,0,0,0,0,0,0,0,0,0,0,0,0,0,0,0,0,0,0,0,0,0,0,0,0,0,0,0,0,0,0,0,0,0,0,0,0,0,0,0,0,0,0,0,0,0,0,0,0,0,0,0,0,0,0,0,0,0,0,0,0,0,0,0,0,0,0,0,0,0,0,0,0,0,0,0,0,0,0,0,0,0,0,0,0,0,0,0,0,0,0,0,0,0,0,0,0,0,0,0,0,0,0,0,0,0,0,0,0,0,0,0,0,0,0,0,0,0,0,0,0,0,0,0,0,0,0,0,0,0,0,0,0,0,0,0,0,0,0,0,0,0,0,0,0,0,0,0,0,0,0,0,0,0,0,0,0,0,0,0,0,0,0,0,0,0,0,0,0,0,0,0,0,0,0,0,0,0,0,0,0,0,0,0,0,0,0,0,0,0,0,0,0,0,0,0,0,0,0,0,0,0,0,0,0,0,0,0,0,0,0,0,0,0,0,0,0,0,0,0,0,0,0,0,0,0,0,0,0,0,0,0,0,0,0,0,0,0,0,0,0,0,0,0,0,0,0,0,0,0,0,0,0,0,0,0,0,0,0,0,0,0,0,0,0,0,0,0,0,0,0,0,0,0,0,0,0,0,0,0,0,0,0,0,0,0,0,0,0,0,0,0,0,0,0,0,0,0,0,0,0,0,0,0,0,0,0,0,0,0,0,0,0,0,0,0,0,0,0,0,0,0,0,0,0,0,0,0,0,0,0,0,0,0,0,0,0,0,0,0,0,0,0,0,0,0,0,0,0,0,0,0,0,0,0,0,0,0,0,0,0,0,0,0,0,0,0,0,0,0,0,0,0,0,0,0,0,0,0,0,0,0,0,0,0,0,0,0,0,0,0,0,0,0,0,0,0,0,0,0,0,0,0,0,0,0,0,0,0,0,0,0,0,0,0,0,0,0,0,0,0,0,0,0,0,0,0,0,0,0,0,0,0,0,0,0,0,0,0,0,0,0,0,0,0,0,0,0,0,0,0,0,0,0,0,0,0,0,0,0,0,0,0,0,0,0,0,0,0,0,0,0,0,0,0,0,0,0,0,0,0,0,0,0,0,0,0,0,0,0,0,0,0,0,0,0,0,0,0,0,0,0,0,0,0,0,0,0,0,0,0,0,0,0,0,0,0,0,0,0,0,0,0,0,0,0,0,0,0,0,0,0,0,0,0,0,0,0,0,0,0,0,0,0,0,0,0,0,0,0,0,0,0,0,0,0,0,0,0,0,0,0,0,0,0,0,0,0,0,0,0,0,0,0,0,0,0,0,0,0,0,0,0,0,0,0,0,0,0,0,0,0,0,0,0,0,0,0,0,0,0,0,0,0,0,0,0,0,0,0,0,0,0,0,0,0,0,0,0,0,0,0,0,0,0,0,0,0,0,0,0,0,0,0,0,0,0,0,0,0,0,0,0,0,0,0,0,0,0,0,0,0,0,0,0,0,0,0,0,0,0,0,0,0,0,0,0,0,0,0,0,0,0,0,0,0,0,0,0,0,0,0,0,0,0,0,0,0,0,0,0,0,0,0,0,0,0,0,0,0,0,0,0,0,0,0,0,0,0,0,0,0,0,0,0,0,0,0,0,0,0,0,0,0,0,0,0,0,0,0,0,0,0,0,0,0,0,0,0,0,0,0,0,0,0,0,0,0,0,0,0,0,0,0,0,0,0,0,0,0,0,0,0,0,0,0,0,0,0,0,0,0,0,0,0,0,0,0,0,0,0,0,0,0,0,0,0,0,0,0,0,0,0,0,0,0,0,0,0,0,0,0,0,0,0,0,0,0,0,0,0,0,0,0,0,0,0,0,0,0,0,0,0,0,0,0,0,0,0,0,0,0,0,0,0,0,0,0,0,0,0,0,0,0,0,0,0,0,0,0,0,0,0,0,0,0,0,0,0,0,0,0,0,0,0,0,0,0,0,0,0,0,0,0,0,0,0,0,0,0,0,0,0,0,0,0,0,0,0,0,0,0,0,0,0,0,0,0,0,0,0,0,0,0,0,0,0,0,0,0,0,0,0,0,0,0,0,0,0,0,0,0,0,0,0,0,0,0,0,0,0,0,0,0,0,0,0,0,0,0,0,0,0,0,0,0,0,0,0,0,0,0,0,0,0,0,0,0,0,0,0,0,0,0,0,0,0,0,0,0,0,0,0,0,0,0,0,0,0,0,0,0,0,0,0,0,0,0,0,0,0,0,0,0,0,0,0,0,0,0,0,0,0,0,0,0,0,0,0,0,0,0,0,0,0,0,0,0,0,0,0,0,0,0,0,0,0,0,0,0,0,0,0,0,0,0,0,0,0,0,0,0,0,0,0,0,0,0,0,0,0,0,0,0,0,0,0,0,0,0,0,0,0,0,0,0,0,0,0,0,0,0,0,0,0,0,0,0,0,0,0,0,0,0,0,0,0,0,0,0,0,0,0,0,0,0,0,0,0,0,0,0,0,0,0,0,0,0,0,0,0,0,0,0,0,0,0,0,0,0,0,0,0,0,0,0,0,0,0,0,0,0,0,0,0,0,0,0,0,0,0,0,0,0,0,0,0,0,0,0,0,0,0,0,0,0,0,0,0,0,0,0,0,0,0,0,0,0,0,0,0,0,0,0,0,0,0,0,0,0,0,0,0,0,0,0,0,0,0,0,0,0,0,0,0,0,0,0,0,0,0,0,0,0,0,0,0,0,0,0,0,0,0,0,0,0,0,0,0,0,0,0,0,0,0,0,0,0,0,0,0,0,0,0,0,0,0,0,0,0,0,0,0,0,0,0,0,0,0,0,0,0,0,0,0,0,0,0,0,0,0,0,0,0,0,0,0,0,0,0,0,0,0,0,0,0,0,0,0,0,0,0,0,0,0,0,0,0,0,0,0,0,0,0,0,0,0,0,0,0,0,0,0,0,0,0,0,0,0,0,0,0,0,0,0,0,0,0,0,0,0,0,0,0,0,0,0,0,0,0,0,0,0,0,0,0,0,0,0,0,0,0,0,0,0,0,0,0,0,0,0,0,0,0,0,0,0,0,0,0,0,0,0,0,0,0,0,0,0,0,0,0,0,0,0,0,0,0,0,0,0,0,0,0,0,0,0,0,0,0,0,0,0,0,0,0,0,0,0,0,0,0,0,0,0,0,0,0,0,0,0,0,0,0,0,0,0,0,0,0,0,0,0,0,0,0,0,0,0,0,0,0,0,0,0,0,0,0,0,0,0,0,0,0,0,0,0,0,0,0,0,0,0,0,0,0,0,0,0,0,0,0,0,0,0,0,0,0,0,0,0,0,0,0,0,0,0,0,0,0,0,0,0,0,0,0,0,0,0,0,0,0,0,0,0,0,0,0,0,0,0,0,0,0,0,0,0,0,0,0,0,0,0,0,0,0,0,0,0,0,0,0,0,0,0,0,0,0,0,0,0,0,0,0,0,0,0,0,0,0,0,0,0,0,0,0,0,0,0,0,0,0,0,0,0,0,0,0,0,0,0,0,0,0,0,0,0,0,0,0,0,0,0,0,0,0,0,0,0,0,0,0,0,0,0,0,0,0,0,0,0,0,0,0,0,0,0,0,0,0,0,0,0,0,0,0,0,0,0,0,0,0,0,0,0,0,0,0,0,0,0,0,0,0,0,0,0,0,0,0,0,0,0,0,0,0,0,0,0,0,0,0,0,0,0,0,0,0,0,0,0,0,0,0,0,0,0,0,0,0,0,0,0,0,0,0,0,0,0,0,0,0,0,0,0,0,0,0,0,0,0,0,0,0,0,0,0,0,0,0,0,0,0,0,0,0,0,0,0,0,0,0,0,0,0,0,0,0,0,0,0,0,0,0,0,0,0,0,0,0,0,0,0,0,0,0,0,0,0,0,0,0,0,0,0,0,0,0,0,0,0,0,0,0,0,0,0,0,0,0,0,0,0,0,0,0,0,0,0,0,0,0,0,0,0,0,0,0,0,0,0,0,0,0,0,0,0,0,0,0,0,0,0,0,0,0,0,0,0,0,0,0,0,0,0,0,0,0,0,0,0,0,0,0,0,0,0,0,0,0,0,0,0,0,0,0,0,0,0,0,0,0,0,0,0,0,0,0,0,0,0,0,0,0,0,0,0,0,0,0,0,0,0,0,0,0,0,0,0,0,0,0,0,0,0,0,0,0,0,0,0,0,0,0,0,0,0,0,0,0,0,0,0,0,0,0,0,0,0,0,0,0,0,0,0,0,0,0,0,0,0,0,0,0,0,0,0,0,0,0,0,0,0,0,0,0,0,0,0,0,0,0,0,0,0,0,0,0,0,0,0,0,0,0,0,0,0,0,0,0,0,0,0,0,0,0,0,0,0,0,0,0,0,0,0,0,0,0,0,0,0,0,0,0,0,0,0,0,0,0,0,0,0,0,0,0,0,0,0,0,0,0,0,0,0,0,0,0,0,0,0,0,0,0,0,0,0,0,0,0,0,0,0,0,0,0,0,0,0,0,0,0,0,0,0,0,0,0,0,0,0,0,0,0,0,0,0,0,0,0,0,0,0,0,0,0,0,0,0,0,0,0,0,0,0,0,0,0,0,0,0,0,0,0,0,0,0,0,0,0,0,0,0,0,0,0,0,0,0,0,0,0,0,0,0,0,0,0,0,0,0,0,0,0,0,0,0,0,0,0,0,0,0,0,0,0,0,0,0,0,0,0,0,0,0,0,0,0,0,0,0,0,0,0,0,0,0,0,0,0,0,0,0,0,0,0,0,0,0,0,0,0,0,0,0,0,0,0,0,0,0,0,0,0,0,0,0,0,0,0,0,0,0,0,0,0,0,0,0,0,0,0,0,0,0,0,0,0,0,0,0,0,0,0,0,0,0,0,0,0,0,0,0,0,0,0,0,0,0,0,0,0,0,0,0,0,0,0,0,0,0,0,0,0,0,0,0,0,0,0,0,0,0,0,0,0,0,0,0,0,0,0,0,0,0,0,0,0,0,0,0,0,0,0,0,0,0,0,0,0,0,0,0,0,0,0,0,0,0,0,0,0,0,0,0,0,0,0,0,0,0,0,0,0,0,0,0,0,0,0,0,0,0,0,0,0,0,0,0,0,0,0,0,0,0,0,0,0,0,0,0,0,0,0,0,0,0,0,0,0,0,0,0,0,0,0,0,0,0,0,0,0,0,0,0,0,0,0,0,0,0,0,0,0,0,0,0,0,0,0,0,0,0,0,0,0,0,0,0,0,0,0,0,0,0,0,0,0,0,0,0,0,0,0,0,0,0,0,0,0,0,0,0,0,0,0,0,0,0,0,0,0,0,0,0,0,0,0,0,0,0,0,0,0,0,0,0,0,0,0,0,0,0,0,0,0,0,0,0,0,0,0,0,0,0,0,0,0,0,0,0,0,0,0,0,0,0,0,0,0,0,0,0,0,0,0,0,0,0,0,0,0,0,0,0,0,0,0,0,0,0,0,0,0,0,0,0,0,0,0,0,0,0,0,0,0,0,0,0,0,0,0,0,0,0,0,0,0,0,0,0,0,0,0,0,0,0,0,0,0,0,0,0,0,0,0,0,0,0,0,0,0,0,0,0,0,0,0,0,0,0,0,0,0,0,0,0,0,0,0,0,0,0,0,0,0,0,0,0,0,0,0,0,0,0,0,0,0,0,0,0,0,0,0,0,0,0,0,0,0,0,0,0,0,0,0,0,0,0,0,0,0,0,0,0,0,0,0,0,0,0,0,0,0,0,0,0,0,0,0,0,0,0,0,0,0,0,0,0,0,0,0,0,0,0,0,0,0,0,0,0,0,0,0,0,0,0,0,0,0,0,0,0,0,0,0,0,0,0,0,0,0,0,0,0,0,0,0,0,0,0,0,0,0,0,0,0,0,0,0,0,0,0,0,0,0,0,0,0,0,0,0,0,0,0,0,0,0,0,0,0,0,0,0,0,0,0,0,0,0,0,0,0,0,0,0,0,0,0,0,0,0,0,0,0,0,0,0,0,0,0,0,0,0,0,0,0,0,0,0,0,0,0,0,0,0,0,0,0,0,0,0,0,0,0,0,0,0,0,0,0,0,0,0,0,0,0,0,0,0,0,0,0,0,0,0,0,0,0,0,0,0,0,0,0,0,0,0,0,0,0,0,0,0,0,0,0,0,0,0,0,0,0,0,0,0,0,0,0,0,0,0,0,0,0,0,0,0,0,0,0,0,0,0,0,0,0,0,0,0,0,0,0,0,0,0,0,0,0,0,0,0,0,0,0,0,0,0,0,0,0,0,0,0,0,0,0,0,0,0,0,0,0,0,0,0,0,0,0,0,0,0,0,0,0,0,0,0,0,0,0,0,0,0,0,0,0,0,0,0,0,0,0,0,0,0,0,0,0,0,0,0,0,0,0,0,0,0,0,0,0,0,0,0,0,0,0,0,0,0,0,0,0,0,0,0,0,0,0,0,0,0,0,0,0,0,0,0,0,0,0,0,0,0,0,0,0,0,0,0,0,0,0,0,0,0,0,0,0,0,0,0,0,0,0,0,0,0,0,0,0,0,0,0,0,0,0,0,0,0,0,0,0,0,0,0,0,0,0,0,0,0,0,0,0,0,0,0,0,0,0,0,0,0,0,0,0,0,0,0,0,0,0,0,0,0,0,0,0,0,0,0,0,0,0,0,0,0,0,0,0,0,0,0,0,0,0,0,0,0,0,0,0,0,0,0,0,0,0,0,0,0,0,0,0,0,0,0,0,0,0,0,0,0,0,0,0,0,0,0,0,0,0,0,0,0,0,0,0,0,0,0,0,0,0,0,0,0,0,0,0,0,0,0,0,0,0,0,0,0,0,0,0,0,0,0,0,0,0,0,0,0,0,0,0,0,0,0,0,0,0,0,0,0,0,0,0,0,0,0,0,0,0,0,0,0,0,0,0,0,0,0,0,0,0,0,0,0,0,0,0,0,0,0,0,0,0,0,0,0,0,0,0,0,0,0,0,0,0,0,0,0,0,0,0,0,0,0,0,0,0,0,0,0,0,0,0,0,0,0,0,0,0,0,0,0,0,0,0,0,0,0,0,0,0,0,0,0,0,0,0,0,0,0,0,0,0,0,0,0,0,0,0,0,0,0,0,0,0,0,0,0,0,0,0,0,0,0,0,0,0,0,0,0,0,0,0,0,0,0,0,0,0,0,0,0,0,0,0,0,0,0,0,0,0,0,0,0,0,0,0,0,0,0,0,0,0,0,0,0,0,0,0,0,0,0,0,0,0,0,0,0,0,0,0,0,0,0,0,0,0,0,0,0,0,0,0,0,0,0,0,0,0,0,0,0,0,0,0,0,0,0,0,0,0,0,0,0,0,0,-0.3921352,0.8252243,-0.7441875,0.7014596,-0.08593913,-0.4174424,-0.5602398,1.2146622,-0.4527888,-0.11156005,-0.43056658,-0.004527369,0.11735498,0.8858256,0.45345956,-0.77346855,0.47714582,-0.87009597,0.6039432,1.1657733,-0.6086581,-0.3997692,-0.50089335,0.3155772,-0.08839665,1.1834987,-0.2296254,-1.0057822,0.3492504,-0.07281495,-0.931011,0.9743484,0.48263603,-0.9712202,0.6664792,0.17983864,-0.27067116,0.32796937,0.034688316,-0.5601352,-0.0465143,-0.95705026,1.4427929,-1.4613639,-0.7214947,-1.3823051,-0.3597692,0.21403472,1.1191851,0.3700086,-0.6059914,0.28708047,-0.21294567,-1.2723967,1.0819563,1.4777733,-0.56923324,-1.3666712,-0.065180965,1.7910805,-1.6605273,-1.5840306,-1.1765535,-0.69728553,-0.59459275,0.08812623,-0.699011,-1.5629587,-1.865547,-0.16463195,-1.2992724,0.5202831,0.4965968,0.2705576,-0.9025666,-0.7209718,-0.306279,0.3488321,0.7965184,0.017642565,-0.035272468,-1.4007103,1.2744269,-0.39835742,0.13429616,1.051891,-1.0723966,-0.5821483,0.52007395,-0.83877575,-0.7298607,1.698636,0.6754726,-1.1903574,-1.0714031,1.7339824,0.81821775,1.1233158,-0.6023313,-0.250645,0.41429615,0.85759026,1.6179563,0.38443995,-0.79417443,0.7552635,0.59662294,-0.99997836,0.2427406,0.5852243,0.8387145,-1.5059652,0.60927653,-1.465547,-0.86863196,0.2604138,-0.16996528,-1.3143836,0.21220465,0.24828309,1.3006229,1.4655902,1.497172,0.21722427,0.6348452,-0.89122015,0.8305053,-0.7897823,-1.4418085,0.4119955,0.4853027,-0.91542935,-1.7034032,0.33659682,0.39766872,1.2156557,1.8245968,0.2664269,-0.0898607,-0.57723325,1.8597864,0.36593014,1.1050152,-0.28823978,-0.8646058,0.3046491,1.0536687,0.9588713,-0.1345143,0.42569485,0.649538,0.6988975,-0.20897181,-1.3150634,0.1981393,0.8223485,-0.774096,-1.6033248,0.34585172,-0.169913,0.9511328,-0.70690644,0.4019563,0.1694857,1.448649,-0.63997835,-0.3248934,-0.54277575,0.9043354,1.3338778,-1.102462,-1.0768933,-0.19736397,1.3248321,-1.3883705,0.09121119,-1.1222267,-0.58193916,-0.4747496,-1.2668542,-0.5122398,-0.8574424,0.013407271,0.27610007,-0.8387234,-1.2901745,0.3770151,-0.42073652,1.5599693,-0.6296254,0.3723615,-0.122279,0.19296283,-0.82831824,-0.6409195,-0.6516385,0.13215236,-0.15522018,0.9713681,0.8754726,-1.0437953,-0.70978224,0.4727014,-0.58690643,0.013773284,0.06940727,-0.6183313,-1.5406842,0.4726491,0.9538517,0.69837457,-1.4197954,1.1339824,1.6597863,1.4694073,-0.7736777,0.20321119,-0.4969195,-1.4788281,0.66810006,0.21372099,-0.7943313,0.22810008,-0.51135087,-0.35542932,-0.104762666,0.3669759,0.6986883,0.6479171,0.8440478,-0.40682802,-0.77639663,-0.92923325,-0.018592728,0.26313275,-1.3777038,1.2218256,-0.8524751,0.24127655,-1.095194,-0.8292594,0.8873942,0.8106883,0.98621774,1.3110805,0.22940727,-0.7194032,1.3423485,0.9133811,-0.7419914,0.2730674,1.2035772,-0.6807104,-0.90816134,-0.71793914,0.7661916,1.076832,-0.28797835,-0.4586973,-0.550462,0.07829616,0.9038125,1.2624007,1.5735642,0.9927014,-1.1354555,1.4793942,1.4201524,0.8114203,1.579002,-1.2930503,1.5083092,0.052518383,1.7198648,-0.45080188,0.67458373,0.7011458,-0.38528553,-1.1507758,1.6254334,1.4435772,-0.22512868,-1.0711417,0.6207798,-0.23124632,-0.4120045,0.7602831,-0.90340316,0.6836295,0.12185171,0.9913942,0.5527537,-1.5277169,0.7341393,-1.2253379,-1.276266,1.3670282,-0.7013117,0.3586622,-0.038828023,0.09675368,-0.31443587,-0.93341625,1.2051458,1.46627,-0.6295731,0.3567798,0.44634846,-0.015141749,-0.70643586,-0.5938607,-0.022514297,0.8306622,-1.4208934,-0.470096,-0.33901104,0.32410008,0.57319814,0.33042687,0.6309759,0.10417851,-1.1436124,0.5105053,-0.45927247,-0.33090645,1.009904,0.31102818,-0.16954698,0.46386477,-0.513913,-0.75161237,1.2010151,1.4931982,-0.5529195,0.58538115,0.11923733,-0.1466973,-0.06047508,-0.3917169,-0.33210906,-0.085207105,-0.13874958,0.7637864,-1.2583836,0.098270014,1.3489367,-0.96871036,0.42182556,-0.6090764,0.3113419,-0.26957312,0.4553419,1.1570413,-1.1556385,-0.85775614,-1.4444228,-0.4447888,1.3708974,-0.42737705,-1.3618608,-1.534096,0.41434845,-0.078095995,-0.42063195,-1.7332071,0.561538,-0.16844894,-0.23234436,-0.43276265,0.8781393,0.76211315,-0.22680187,0.18836153,0.7645184,0.9607537,-1.7443444,0.9391589,1.116989,-0.18894567,1.2173811,0.27902818,-0.6759522,-0.048292074,-0.11950776,1.211525,1.3551589,-1.2092855,-0.03830515,0.40179944,-0.09916789,0.5228452,0.22595629,-0.93456656,-0.46172997,0.9593942,-1.350096,0.81147265,0.43427002,-0.6856777,-0.095821485,0.21696283,-0.46826592,-0.85728556,-0.34157312,-0.30267116,-0.11171691,0.3867929,0.598087,-0.6114816,0.58454454,-0.59579533,0.54177326,-0.14308946,0.8777733,0.9640478,1.021355,-0.16243586,-1.5141221,0.2103223,1.038453,-0.2174947,-0.062618874,-1.0593771,0.06145956,-0.5828803,-0.20327246,0.06522427,-1.8470894,0.11636152,-0.8207888,-0.95908946,-0.21440972,-0.598828,-0.16876267,-0.7708542,0.12519813,0.2242308,-1.227743,0.34794322,0.7840217,1.1363877,0.29900205,1.4531981,0.05973407,1.5506098,0.39447916,-0.3072202,0.57853144,1.4479693,0.74229616,0.22020465,1.5550021,-0.13289338,-0.90429205,0.12326348,-0.03459273,0.72493666,-0.30444893,-0.0974424,0.8907929,0.13607393,-0.5006319,0.285721,0.6490151,-0.046828024,-1.1329457,-0.13001756,-0.44975612,0.11087132,0.62491053,-0.79961234,0.97016543,0.006034722,0.7505053,-0.9007888,-1.5730503,-0.11501103,0.06836152,0.60122424,-0.5171548,0.030557599,-0.5757692,0.19824387,-1.3424621,0.24535498,0.26904127,-0.7305927,1.4706099,-0.6905927,1.1625837,0.18668832,0.58898896,-0.71621364,-1.0892855,-0.21179534,0.6413288,0.253721,-0.38617444,0.14543341,0.93393016,-0.7100437,0.9307406,-0.24850123,-1.3280829,-0.9395339,0.4478648,0.46658373,-1.0043705,0.7096164,0.28091055,-0.40050122,-0.56975615,-0.8239261,-0.12703717,0.74015236,-0.02094567,0.6980086,-0.5362921,-0.6946189,-1.3531287,-0.041599266,-1.2933639,-0.78685415,-0.22429207,-0.37341624,-1.217181,1.2501131,1.2671067,-0.08107639,0.5838648,-0.9205535,0.23918505,-0.08991299,1.0654334,-0.8251287,-0.37529862,-0.17090645,-0.8840568,1.2004923,0.2242308,0.14883211,-0.37216136,-0.8338084,-0.47600448,-0.052004494,0.5842308,0.4060347,0.22940727,-0.912815,-1.205364,0.70945954,0.8861393,1.5409889,-1.1814163,-0.2746973,-0.17001757,0.8991066,-0.068422794,-1.3301221,0.3682308,-0.87114173,0.53471446,-0.071664624,-0.73989993,-0.6407627,0.2279955,-0.21869731,-0.7610241,1.1170412,-0.7568411,-0.87997836,-0.3925535,0.62459683,1.153538,-1.2799261,-0.570279,0.3610674,-0.18633129,-0.30810907,0.79453146,-0.5883182,-0.53550774,-0.96803063,0.005982435,-0.32206985,0.14867525,-1.1553247,-0.3117169,-0.23861887,0.060936682,-1.0957692,-1.1665666,0.03829616,-0.25388685,0.58710665,0.9746099,-1.1493117,0.3454334,0.051106617,-0.15799142,-0.25226593,0.03960335,0.055289622,0.8582177,0.3045968,-0.3728934,-1.2852072,-0.7677169,0.70067525,0.38742036,0.20054452,-0.72536397,-0.28614828,0.03620466,-0.056553513,0.20828308,-0.22340319,0.70355105,-0.102252856,0.2477602,-0.2696254,0.81251836,-0.4720829,-0.24389991,0.6614073,0.37429616,0.00059681374,0.41424388,-0.5955339,-0.03569077,-0.88316786,1.1760217,-0.6684228,-0.3815731,-0.82643586,-0.38277572,0.086871326,-1.0390894,0.27494976,0.69523734,0.6307145,-0.06481495,-0.4174424,-0.17488031,-0.32661888,0.91238767,0.32932884,-0.9403705,-0.63454044,-1.4148281,0.5964138,-0.14654045,-0.29383457,-0.4853117,-1.3885274,0.9623223,0.8619824,0.47202164,-0.28044894,-0.3117169,-0.0705143,0.63965565,-0.46852738,-0.8717692,-0.8338084,-1.3377038,-0.5534947,-0.7630633,1.1866883,-0.2502267,0.25633538,-0.3736777,-0.5127104,-0.008239788,0.030243872,-0.52071035,0.7659302,1.4640217,0.89027,0.15824388,0.5607537,0.05753799,-0.3475339,0.3859563,-1.0674293,0.13926348,0.47233537,-1.5574162,0.95291054,0.19866218,1.1666622,-0.594645,-0.15992606,0.30281904,0.5017733,0.98919815,-0.35793912,0.050688315,-0.40112868,0.17068832,-0.74748164,-0.3614424,-0.026749592,0.51824385,0.46559027,0.45000857,-0.7865927,-0.73299795,0.36917198,0.6665837,0.7627929,0.72044,-0.83108944,-0.20646201,-0.05749469,0.33800858,-0.53257966,0.17481904,1.0751066,-0.41336396,1.2248583,-0.45561233,-0.48342934,-0.52918094,1.4936687,-0.16044894,-0.9766581,0.6797602,-0.39145547,-0.07281495,0.29215237,-0.7698607,-0.013207108,-0.51375616,-0.17074959,-0.31328553,-0.061050244,-0.21801756,-0.25393912,0.5522831,0.65042686,-0.20782149,-1.2094424,-0.3774947,-0.016239788,-0.28348163,-0.4713509,-1.184658,-0.19757313,0.5516034,0.5994465,0.28728962,1.4332243,-0.27783456,-0.1921875,-0.6560829,1.1057471,0.51955104,-1.0699391,-0.2995339,0.43986478,-0.58695877,-1.1509326,-0.7402659,0.5179824,0.425538,-0.35616136,0.7791589,-0.46857965,0.4225576,0.3496164,-0.44290647,-0.54267114,0.42386478,-1.3145927,0.1745576,0.6527798,0.70569485,-0.04708946,-1.1301222,-0.6177561,-0.6470895,0.6306622,0.38998243,-0.03474959,0.16985172,-0.08337704,1.0900086,-1.4375209,0.15777329,-0.026435865,0.3501393,-0.30910254,-0.23375612,-0.27454045,0.50904125,0.22778636,-0.6083444,0.88713276,0.14475368,-0.84881496,0.13649224,0.6113158,0.97858375,0.6684661,-0.48154697,-0.4988019,0.1589759,0.9940609,-0.75830513,-0.031194037,0.44467524,-0.74993914,1.0896949,0.3386883,-0.38852736,0.96566874,1.3638387,0.31923735,0.15243995,1.1188713,-0.7607627,0.37696284,0.40425694,0.8371458,-0.8087104,0.33978635,-0.3703836,-0.25603065,1.0455642,0.8397079,0.54893667,-0.20248815,-0.06136397,0.2372504,-0.8209457,1.1712112,-0.17901103,0.19406086,-0.35548162,0.027315767,-1.0025405,0.3652504,-0.58518094,0.26072752,0.22919813,-1.1777039,-0.7665143,0.24566871,0.9552635,0.3854857,-0.3585143,0.43275368,-0.14988685,-0.8090241,-0.05728554,-0.2132594,0.57732886,0.08901511,-0.3029326,0.7538517,-0.3012594,-0.31276268,-0.30099794,-0.21080188,0.6700347,0.3180347,-0.3071156,0.30292362,-0.43820056,-0.9400568,-0.14094567,-0.4722398,0.38606086,0.41513276,0.60164255,-0.1926058,-0.29707637,-0.53561234,0.84049225,-0.071612336,-0.48970383,-0.12975612,-0.8418607,-0.20855351,-0.29294568,-0.39354697,0.29591706,0.7697994,-0.6201091,-1.0214163,-0.78277576,0.117198125,0.6177994,-0.38131168,0.0144007355,0.6330151,-0.80583453,-0.08923325,0.80891055,0.015028186,0.44755107,-0.07804371,-0.116109066,-0.25017443,-0.4439522,-0.0801875,0.4506883,-0.096082926,0.66810006,1.020257,0.3445968,-0.8355339,-0.41111562,-0.73629206,0.3034465,-0.72212213,-0.37796527,0.1792112,-0.4233509,-0.7115601,0.44979942,0.24242687,0.16206087,-0.13691953,-0.41006985,-0.71746856,0.88331574,-0.9176254,0.12415237,0.27996936,0.37643996,0.15353799,-0.027167892,0.120387666,-0.05038358,0.5020347,0.012413807,-0.4254424,0.49743342,0.30177328,0.4584269,-0.05148162,0.5800478,-0.30695873,-0.13540319,0.31029615,-0.22565155,0.31118506,-0.2082398,0.7285968,-0.2583313,-0.0042659314,0.2048844,0.12111969,0.50187784,0.18783864,0.9476818,0.7080478,0.84838766,0.040387664,0.022557598,-0.14539011,-0.2788803,-0.704815,0.11489747,-0.3231679,-0.30946854,0.50145954,-0.31527248,0.3918125,-0.13482802,-0.45226592,-0.27877572,-0.6395078,0.8021132,-0.697181,-0.2966581,0.35824388,0.09874061,-0.614462,-0.18695875,-0.4191679,0.16352493,0.11411315,0.94501513,-0.0012332516,0.16833538,0.60430926,-0.3715339,1.3724661,0.17863603,-0.1121875,-0.50559926,-0.37132475,0.5738779,-1.1240568,-0.61357313,-0.0066188728,-0.66481495,0.16582558,0.40540728,-0.34471038,-0.016762663,-0.686462,-0.0869326,0.28268832,-0.34136397,0.53429615,-0.1804228,0.710087,-0.04578227,0.07557721,-0.7843444,0.1829759,-0.86737704,1.1131719,0.2705053,0.57189095,-1.0097561,0.36185172,0.5738779,0.26402166,0.39322427,-1.2994816,-0.077729985,-0.08023979,-1.8853639,0.29968178,-0.2569718,0.3425576,0.22433537,1.6674204,0.26627,-0.4653378,0.905904,1.1687536,1.1423484,-1.0310894,-0.35281494,1.2140347,-0.43490645,-1.3835601,1.4496949,0.7407798,-0.3041875,0.8082308,0.20394322,0.32545957,0.3850151,0.8207798,1.0305576,0.4251197,-0.36531168,-1.2900176,-1.0130502,-0.4620437,-0.28745547,0.73298895,-1.2105404,0.4659563,0.08138113,1.1424531,0.05858374,0.30961642,0.9885707,-0.7514555,-0.18648815,-0.41205677,-0.1172594,0.63735497,0.3742439,0.63176024,0.8012243,-0.4561352,-0.055769198,-1.2772071,0.642636,1.0831066,-0.23234436,-1.124632,1.4079694,-1.2561876,-0.2923705,1.3145838,-0.13420057,-1.1701221,-1.1099914,-0.2010241,-0.66868424,-0.6961875,-0.1463313,0.36211315,-0.30099794,0.032701388,-0.7687104,1.0575902,0.849172,0.52802163,0.069721,-1.4364228,0.08760335,0.06715891,0.85241383,-0.025808414,-0.8312463,-0.3243705,0.086923614,-0.17775613,0.8698256,0.31280595,0.46119812,-0.2831156,-0.2292594,-0.46643588,1.6296687,1.4432635,-0.33812213,-0.07652737,-0.37623978,0.80012625,-1.1995077,-0.8988542,-0.42868423,-1.1957953,0.1484138,-0.92280185,0.45847917,1.2183223,0.10323734,0.4958125,0.85675365,-0.030618872,0.37272754,-1.4589587,-0.6629326,-0.030409722,0.71275365,-0.8161875,1.2734857,1.3814596,-0.63569075,0.67641383,-0.2958215,-1.2055209,-0.09310253,-0.085520834,1.4904791,-0.97718096,-0.17169076,-0.21106331,0.0061392975,
1,1,0,0,0,1,0,0,0,0,0,0,0,0,0,0,0,0,0,0,0,0,0,0,0,0,0,0,0,0,0,0,0,0,0,0,0,0,0,0,0,0,0,0,0,0,0,0,0,0,0,0,0,0,0,0,0,0,0,0,0,0,0,0,0,0,0,0,0,0,0,0,0,0,0,0,0,0,0,0,0,0,0,0,0,0,0,0,0,0,0,0,0,0,0,0,0,0,0,0,0,0,0,0,0,0,0,0,0,0,0,0,0,0,0,0,0,0,0,0,0,0,0,0,0,0,0,0,0,0,0,0,0,0,0,0,0,0,0,0,0,0,0,0,0,0,0,0,0,0,0,0,0,0,0,0,0,0,0,0,0,0,0,0,0,0,0,0,0,0,0,0,0,0,0,0,0,0,0,0,0,0,0,0,0,0,0,0,0,0,0,0,0,0,0,0,0,0,0,0,0,0,0,0,0,0,0,0,0,0,0,0,0,0,0,0,0,0,0,0,0,0,0,0,0,0,0,0,0,0,0,0,0,0,0,0,0,0,0,0,0,0,0,0,0,0,0,0,0,0,0,0,0,0,0,0,0,0,0,0,0,0,0,0,0,0,0,0,0,0,0,0,0,0,0,0,0,0,0,0,0,0,0,0,0,0,0,0,0,0,0,0,0,0,0,0,0,0,0,0,0,0,0,0,0,0,0,0,0,0,0,0,0,0,0,0,0,0,0,0,0,0,0,0,0,0,0,0,0,0,0,0,0,0,0,0,0,0,0,0,0,0,0,0,0,0,0,0,0,0,0,0,0,0,0,0,0,0,0,0,0,0,0,0,0,0,0,0,0,0,0,0,0,0,0,0,0,0,0,0,0,0,0,0,0,0,0,0,0,0,0,0,0,0,0,0,0,0,0,0,0,0,0,0,0,0,0,0,0,0,0,0,0,0,0,0,0,0,0,0,0,0,0,0,0,0,0,0,0,0,0,0,0,0,0,0,0,0,0,0,0,0,0,0,0,0,0,0,0,0,0,0,0,0,0,0,0,0,0,0,0,0,0,0,0,0,0,0,0,0,0,0,0,0,0,0,0,0,0,0,0,0,0,0,0,0,0,0,0,0,0,0,0,0,0,0,0,0,0,0,0,0,0,0,0,0,0,0,0,0,0,0,0,0,0,0,0,0,0,0,0,0,0,0,0,0,0,0,0,0,0,0,0,0,0,0,0,0,0,0,0,0,0,0,0,0,0,0,0,0,0,0,0,0,0,0,0,0,0,0,0,0,0,0,0,0,0,0,0,0,0,0,0,0,0,0,0,0,0,0,0,0,0,0,0,0,0,0,0,0,0,0,0,0,0,0,0,0,0,0,0,0,0,0,0,0,0,0,0,0,0,0,0,0,0,0,0,0,0,0,0,0,0,0,0,0,0,0,0,0,0,0,0,0,0,0,0,0,0,0,0,0,0,0,0,0,0,0,0,0,0,0,0,0,0,0,0,0,0,0,0,0,0,0,0,0,0,0,0,0,0,0,0,0,0,0,0,0,0,0,0,0,0,0,0,0,0,0,0,0,0,0,0,0,0,0,0,0,0,0,0,0,0,0,0,0,0,0,0,0,0,0,0,0,0,0,0,0,0,0,0,0,0,0,0,0,0,0,0,0,0,0,0,0,0,0,0,0,0,0,0,0,0,0,0,0,0,0,0,0,0,0,0,0,0,0,0,0,0,0,0,0,0,0,0,0,0,0,0,0,0,0,0,0,0,0,0,0,0,0,0,0,0,0,0,0,0,0,0,0,0,0,0,0,0,0,0,0,0,0,0,0,0,0,0,0,0,0,0,0,0,0,0,0,0,0,0,0,0,0,0,0,0,0,0,0,0,0,0,0,0,0,0,0,0,0,0,0,0,0,0,0,0,0,0,0,0,0,0,0,0,0,0,0,0,0,0,0,0,0,0,0,0,0,0,0,0,0,0,0,0,0,0,0,0,0,0,0,0,0,0,0,0,0,0,0,0,0,0,0,0,0,0,0,0,0,0,0,0,0,0,0,0,0,0,0,0,0,0,0,0,0,0,0,0,0,0,0,0,0,0,0,0,0,0,0,0,0,0,0,0,0,0,0,0,0,0,0,0,0,0,0,0,0,0,0,0,0,0,0,0,0,0,0,0,0,0,0,0,0,0,0,0,0,0,0,0,0,0,0,0,0,0,0,0,0,0,0,0,0,0,0,0,0,0,0,0,0,0,0,0,0,0,0,0,0,0,0,0,0,0,0,0,0,0,0,0,0,0,0,0,0,0,0,0,0,0,0,0,0,0,0,0,0,0,0,0,0,0,0,0,0,0,0,0,0,0,0,0,0,0,0,0,0,0,0,0,0,0,0,0,0,0,0,0,0,0,0,0,0,0,0,0,0,0,0,0,0,0,0,0,0,0,0,0,0,0,0,0,0,0,0,0,0,0,0,0,0,0,0,0,0,0,0,0,0,0,0,0,0,0,0,0,0,0,0,0,0,0,0,0,0,0,0,0,0,0,0,0,0,0,0,0,0,0,0,0,0,0,0,0,0,0,0,0,0,0,0,0,0,0,0,0,0,0,0,0,0,0,0,0,0,0,0,0,0,0,0,0,0,0,0,0,0,0,0,0,0,0,0,0,0,0,0,0,0,0,0,0,0,0,0,0,0,0,0,0,0,0,0,0,0,0,0,0,0,0,0,0,0,0,0,0,0,0,0,0,0,0,0,0,0,0,0,0,0,0,0,0,0,0,0,0,0,0,0,0,0,0,0,0,0,0,0,0,0,0,0,0,0,0,0,0,0,0,0,0,0,0,0,0,0,0,0,0,0,0,0,0,0,0,0,0,0,0,0,0,0,0,0,0,0,0,0,0,0,0,0,0,0,0,0,0,0,0,0,0,0,0,0,0,0,0,0,0,0,0,0,0,0,0,0,0,0,0,0,0,0,0,0,0,0,0,0,0,0,0,0,0,0,0,0,0,0,0,0,0,0,0,0,0,0,0,0,0,0,0,0,0,0,0,0,0,0,0,0,0,0,0,0,0,0,0,0,0,0,0,0,0,0,0,0,0,0,0,0,0,0,0,0,0,0,0,0,0,0,0,0,0,0,0,0,0,0,0,0,0,0,0,0,0,0,0,0,0,0,0,0,0,0,0,0,0,0,0,0,0,0,0,0,0,0,0,0,0,0,0,0,0,0,0,0,0,0,0,0,0,0,0,0,0,0,0,0,0,0,0,0,0,0,0,0,0,0,0,0,0,0,0,0,0,0,0,0,0,0,0,0,0,0,0,0,0,0,0,0,0,0,0,0,0,0,0,0,0,0,0,0,0,0,0,0,0,0,0,0,0,0,0,0,0,0,0,0,0,0,0,0,0,0,0,0,0,0,0,0,0,0,0,0,0,0,0,0,0,0,0,0,0,0,0,0,0,0,0,0,0,0,0,0,0,0,0,0,0,0,0,0,0,0,0,0,0,0,0,0,0,0,0,0,0,0,0,0,0,0,0,0,0,0,0,0,0,0,0,0,0,0,0,0,0,0,0,0,0,0,0,0,0,0,0,0,0,0,0,0,0,0,0,0,0,0,0,0,0,0,0,0,0,0,0,0,0,0,0,0,0,0,0,0,0,0,0,0,0,0,0,0,0,0,0,0,0,0,0,0,0,0,0,0,0,0,0,0,0,0,0,0,0,0,0,0,0,0,0,0,0,0,0,0,0,0,0,0,0,0,0,0,0,0,0,0,0,0,0,0,0,0,0,0,0,0,0,0,0,0,0,0,0,0,0,0,0,0,0,0,0,0,0,0,0,0,0,0,0,0,0,0,0,0,0,0,0,0,0,0,0,0,0,0,0,0,0,0,0,0,0,0,0,0,0,0,0,0,0,0,0,0,0,0,0,0,0,0,0,0,0,0,0,0,0,0,0,0,0,0,0,0,0,0,0,0,0,0,0,0,0,0,0,0,0,0,0,0,0,0,0,0,0,0,0,0,0,0,0,0,0,0,0,0,0,0,0,0,0,0,0,0,0,0,0,0,0,0,0,0,0,0,0,0,0,0,0,0,0,0,0,0,0,0,0,0,0,0,0,0,0,0,0,0,0,0,0,0,0,0,0,0,0,0,0,0,0,0,0,0,0,0,0,0,0,0,0,0,0,0,0,0,0,0,0,0,0,0,0,0,0,0,0,0,0,0,0,0,0,0,0,0,0,0,0,0,0,0,0,0,0,0,0,0,0,0,0,0,0,0,0,0,0,0,0,0,0,0,0,0,0,0,0,0,0,0,0,0,0,0,0,0,0,0,0,0,0,0,0,0,0,0,0,0,0,0,0,0,0,0,0,0,0,0,0,0,0,0,0,0,0,0,0,0,0,0,0,0,0,0,0,0,0,0,0,0,0,0,0,0,0,0,0,0,0,0,0,0,0,0,0,0,0,0,0,0,0,0,0,0,0,0,0,0,0,0,0,0,0,0,0,0,0,0,0,0,0,0,0,0,0,0,0,0,0,0,0,0,0,0,0,0,0,0,0,0,0,0,0,0,0,0,0,0,0,0,0,0,0,0,0,0,0,0,0,0,0,0,0,0,0,0,0,0,0,0,0,0,0,0,0,0,0,0,0,0,0,0,0,0,0,0,0,0,0,0,0,0,0,0,0,0,0,0,0,0,0,0,0,0,0,0,0,0,0,0,0,0,0,0,0,0,0,0,0,0,0,0,0,0,0,0,0,0,0,0,0,0,0,0,0,0,0,0,0,0,0,0,0,0,0,0,0,0,0,0,0,0,0,0,0,0,0,0,0,0,0,0,0,0,0,0,0,0,0,0,0,0,0,0,0,0,0,0,0,0,0,0,0,0,0,0,0,0,0,0,0,0,0,0,0,0,0,0,0,0,0,0,0,0,0,0,0,0,0,0,0,0,0,0,0,0,0,0,0,0,0,0,0,0,0,0,0,0,0,0,0,0,0,0,0,0,0,0,0,0,0,0,0,0,0,0,0,0,0,0,0,0,0,0,0,0,0,0,0,0,0,0,0,0,0,0,0,0,0,0,0,0,0,0,0,0,0,0,0,0,0,0,0,0,0,0,0,0,0,0,0,0,0,0,0,0,0,0,0,0,0,0,0,0,0,0,0,0,0,0,0,0,0,0,0,0,0,0,0,0,0,0,0,0,0,0,0,0,0,0,0,0,0,0,0,0,0,0,0,0,0,0,0,0,0,0,0,0,0,0,0,0,0,0,0,0,0,0,0,0,0,0,0,0,0,0,0,0,0,0,0,0,0,0,0,0,0,0,0,0,0,0,0,0,0,0,0,0,0,0,0,0,0,0,0,0,0,0,0,0,0,0,0,0,0,0,0,0,0,0,0,0,0,0,0,0,0,0,0,0,0,0,0,0,0,0,0,0,0,0,0,0,0,0,0,0,0,0,0,0,0,0,0,0,0,0,0,0,0,0,0,0,0,0,0,0,0,0,0,0,0,0,0,0,0,0,0,0,0,0,0,0,0,0,0,0,0,0,0,0,0,0,0,0,0,0,0,0,0,0,0,0,0,0,0,0,0,0,0,0,0,0,0,0,0,0,0,0,0,0,0,0,0,0,0,0,0,0,0,0,0,0,0,0,0,0,0,0,0,0,0,0,0,0,0,0,0,0,0,0,0,0,0,0,0,0,0,0,0,0,0,0,0,0,0,0,0,0,0,0,0,0,0,0,0,0,0,0,0,0,0,0,0,0,0,0,0,0,0,0,0,0,0,0,0,0,0,0,0,0,0,0,0,0,0,0,0,0,0,0,0,0,0,0,0,0,0,0,0,0,0,0,0,0,0,0,0,0,0,0,0,0,0,0,0,0,0,0,0,0,0,0,0,0,0,0,0,0,0,0,0,0,0,0,0,0,0,0,0,0,0,0,0,0,0,0,0,0,0,0,0,0,0,0,0,0,0,0,0,0,0,0,0,0,0,0,0,0,0,0,0,0,0,0,0,0,0,0,0,0,0,0,0,0,0,0,0,0,0,0,0,0,0,0,0,0,0,0,0,0,0,0,0,0,0,0,0,0,0,0,0,0,0,0,0,0,0,0,0,0,0,0,0,0,0,0,0,0,0,0,0,0,0,0,0,0,0,0,0,0,0,0,0,0,0,0,0,0,0,0,0,0,0,0,0,0,0,0,0,0,0,0,0,0,0,0,0,0,0,0,0,0,0,0,0,0,0,0,0,0,0,0,0,0,0,0,0,0,0,0,0,0,0,0,0,0,0,0,0,0,0,0,0,0,0,0,0,0,0,0,0,0,0,0,0,0,0,0,0,0,0,0,0,0,0,0,0,0,0,0,0,0,0,0,0,0,0,0,0,0,0,0,0,0,0,0,0,0,0,0,0,0,0,0,0,0,0,0,0,0,0,0,0,0,0,0,0,0,0,0,0,0,0,0,0,0,0,0,0,0,0,0,0,0,0,0,0,0,0,0,0,0,0,0,0,0,0,0,0,0,0,0,0,0,0,0,0,0,0,0,0,0,0,0,0,0,0,0,0,0,0,0,0,0,0,0,0,0,0,0,0,0,0,0,0,0,0,0,0,0,0,0,0,0,0,0,0,0,0,0,0,0,0,0,0,0,0,0,0,0,0,0,0,0,0,0,0,0,0,0,0,0,0,0,0,0,0,0,0,0,0,0,0,0,0,0,0,0,0,0,0,0,0,0,0,0,0,0,0,0,0,0,0,0,0,0,0,0,0,0,0,0,0,0,0,0,0,0,0,0,0,0,0,0,0,0,0,0,0,0,0,0,0,0,0,0,0,0,0,0,0,0,0,0,0,0,0,0,0,0,0,0,0,0,0,0,0,0,0,0,0,0,0,0,0,0,0,0,0,0,0,0,0,0,0,0,0,0,0,0,0,0,0,0,0,0,0,0,0,0,0,0,0,0,0,0,0,0,0,0,0,0,0,0,0,0,0,0,0,0,0,0,0,0,0,0,0,0,0,0,0,0,0,0,0,0,0,0,0,0,0,0,0,0,0,0,0,0,0,0,0,0,0,0,0,0,0,0,0,0,0,0,0,0,0,0,0,0,0,0,0,0,0,0,0,0,0,0,0,0,0,0,0,0,0,0,0,0,0,0,0,0,0,0,0,0,0,0,0,0,0,0,0,0,0,0,0,0,0,0,0,0,0,0,0,0,0,0,0,0,0,0,0,0,0,0,0,0,0,0,0,0,0,0,0,0,0,0,0,0,0,0,0,0,0,0,0,0,0,0,0,0,0,0,0,0,0,0,0,0,0,0,0,0,0,0,0,0,0,0,0,0,0,0,0,0,0,0,0,0,0,0,0,0,0,0,0,0,0,0,0,0,0,0,0,0,0,0,0,0,0,0,0,0,0,0,0,0,0,0,0,0,0,0,0,0,0,0,0,0,0,0,0,0,0,0,0,0,0,0,0,0,0,0,0,0,0,0,0,0,0,0,0,0,0,0,0,0,0,0,0,0,0,0,0,0,0,0,0,0,0,0,0,0,0,0,0,0,0,0,0,0,0,0,0,0,0,0,0,0,0,0,0,0,0,0,0,0,0,0,0,0,0,0,0,0,0,0,0,0,0,0,0,0,0,0,0,0,0,0,0,0,0,0,0,0,0,0,0,0,0,0,0,0,0,0,0,0,0,0,0,0,0,0,0,0,0,0,0,0,0,0,0,0,0,0,0,0,0,0,0,0,0,0,0,0,0,0,0,0,0,0,0,0,0,0,0,0,0,0,0,0,0,0,0,0,0,0,0,0,0,0,0,0,0,0,0,0,0,0,0,0,0,0,0,0,0,0,0,0,0,0,0,0,0,0,0,0,0,0,0,0,0,0,0,0,0,0,0,0,0,0,0,0,0,0,0,0,0,0,0,0,0,0,0,0,0,0,0,0,0,0,0,0,0,0,0,0,0,0,0,0,0,0,0,0,0,0,0,0,0,0,0,0,0,0,0,0,0,0,0,0,0,0,0,0,0,0,0,0,0,0,0,0,0,0,0,0,0,0,0,0,0,0,0,0,0,0,0,0,0,0,0,0,0,0,0,0,0,0,0,0,0,0,0,0,0,0,0,0,0,0,0,0,0,0,0,0,0,0,0,0,0,0,0,0,0,0,0,0,0,0,0,0,0,0,0,0,0,0,0,0,0,0,0,0,0,0,0,0,0,0,0,0,0,0,0,0,0,0,0,0,0,0,0,0,0,0,0,0,0,0,0,0,0,0,0,0,0,0,0,0,0,0,0,0,0,0,0,0,0,0,0,0,0,0,0,0,0,0,0,0,0,0,0,0,0,0,0,0,0,0,0,0,0,0,0,0,0,0,0,0,0,0,0,0,0,0,0,0,0,0,0,0,0,0,0,0,0,0,0,0,0,0,0,0,0,0,0,0,0,0,0,0,0,0,0,0,0,0,0,0,0,0,0,0,0,0,0,0,0,0,0,0,0,0,0,0,0,0,0,0,0,0,0,0,0,0,0,0,0,0,0,0,0,0,0,0,0,0,0,0,0,0,0,0,0,0,0,0,0,0,0,0,0,0,0,0,0,0,0,0,0,0,0,0,0,0,0,0,0,0,0,0,0,0,0,0,0,0,0,0,0,0,0,0,0,0,0,0,0,0,0,0,0,0,0,0,0,0,0,0,0,0,0,0,0,0,0,0,0,0,0,0,0,0,0,0,0,0,0.55740726,-0.4447888,-0.51710254,0.62433535,0.50815237,-0.7792725,-0.41963848,-1.0450503,0.5527537,-0.36327246,-0.814462,0.5127014,0.24843995,0.8975903,0.9584007,0.5837602,0.30229616,0.50830925,-0.5514555,-0.080658086,-0.10392606,1.1975641,-0.20991299,-0.2111156,0.25565565,-0.48510253,-0.25294566,-1.2494947,-0.005939134,0.5601785,-0.390462,1.1255119,-1.14356,0.42538112,-0.101625405,-0.3828803,1.2124138,-0.5182006,-0.10884109,0.8718125,0.5945315,0.44509354,-0.64201754,0.12927656,0.27829617,-0.6671156,-0.19135089,-0.7080568,0.15651838,-1.1041352,0.18166871,-0.31867117,-0.024448939,0.9084661,-0.648815,0.029773284,-0.087037176,0.44964257,-0.22591299,0.095969364,0.18904126,0.72279286,-0.09205678,0.25905433,-0.10434436,-0.28217444,-0.2330764,0.24708048,0.1998125,0.053616423,0.095655635,-0.4877692,0.26234844,0.21769485,-0.29080188,0.5923877,-0.14565155,-0.44907638,0.3045968,-0.67527246,-0.53932476,-0.25142932,-0.75699794,0.29989094,-0.6241875,-0.028318219,0.15761642,-0.09033129,-0.31323326,-0.12808293,-0.90512866,0.5902439,-0.8439522,0.11902819,-0.6736516,-0.5547496,-0.081337824,0.8123092,0.526087,0.5540086,0.05021773,0.3297994,0.19238767,-0.1626973,0.6147668,0.7286491,-0.26826593,-0.22476266,0.043786354,0.2536687,0.358087,-0.30146855,0.13910662,-0.012318219,0.005041258,0.27667525,0.110766746,0.36164257,-0.20520711,0.80347264,-0.07119404,0.10715891,0.37351185,0.17534192,0.002949755,-0.31040972,0.44770792,0.1627406,0.3640478,0.34443995,0.06872753,-0.41299796,0.15505433,-0.21718097,0.31996936,-0.25320712,0.006453023,0.13084517,-0.0067234477,-0.13268423,0.61382556,-0.34664503,-0.17488031,0.33847916,0.09936806,0.048962828,-0.55574304,0.17983864,-0.22810906,0.15416545,0.1707929,-0.39736396,-0.62633127,-0.50157315,0.39128962,0.39343342,-0.28886724,0.38726348,-0.06314175,-0.27067116,0.23855759,-0.046775736,-0.76374304,-0.22559926,0.7507145,0.34522426,0.010217729,0.2279955,-0.23312868,-0.44918096,-0.69780844,0.52227,0.10219158,-0.4154032,-0.4241352,-0.063246325,-0.13022672,-0.07778227,-0.38356006,0.27876675,-0.34664503,-0.6485535,-0.12897182,0.5511851,0.14470139,-0.7791156,0.86376023,-0.22026592,-0.011324755,0.65764254,0.30825695,-0.33942932,-0.7641091,-0.19940318,-0.027586192,-0.48023978,0.02857067,-0.5725797,-0.5267757,-0.23548162,-0.46925938,-0.36457965,0.41691053,0.65084517,0.108884394,-0.38894567,0.68300205,0.31024387,-0.1530764,0.022243872,0.100832105,0.67887133,-0.26727247,0.1126491,-0.5438738,-0.10314175,0.52551186,0.3964138,-0.13472345,0.30637458,-0.266645,-0.020370506,0.021982435,-0.5751417,-0.45561233,0.14632231,0.49889746,0.104073934,-0.39265808,-0.41503718,-0.3634816,-0.11129861,-0.6654424,-0.45038357,-0.4872986,-0.44719404,0.6785576,0.20127656,0.4313942,-0.5613901,-0.83919406,-0.38701102,-0.35035744,-0.17587377,-0.122906454,-0.51652735,0.4961785,-0.34988683,0.15787786,-0.39799142,-0.22831821,-0.108370505,-0.6275339,0.22611316,-0.0071417484,-0.107115604,0.0078125,-0.5551679,0.20624387,0.6604661,-0.27035743,-0.62345546,-0.04928554,0.01905433,-0.17498489,0.035629492,-0.09754698,-0.17237051,-0.25733784,-0.116422795,-0.10167769,0.2570151,0.018949755,0.21074061,0.3879432,-0.22152083,-0.07715482,0.28127655,-0.32081494,-0.080344364,0.29591706,-0.14674959,-0.1508803,-0.5202398,0.20938113,0.12457067,0.8874988,-0.5589326,-0.060841095,0.32504126,-0.02481495,-0.23234436,-0.19783457,-0.110984884,0.10606086,0.4002831,-0.32735088,0.28504127,-0.050069854,0.75871444,0.66062295,0.79254454,-0.26722017,0.02574714,-0.5034032,0.82517195,0.40708047,-0.27610907,-0.097756125,-0.5899391,-0.77718097,-0.16400449,0.04007394,-0.5019391,-0.21352084,-0.2174947,0.09147263,-0.49268425,0.774087,-0.44003063,0.24326348,-0.31312868,0.48498896,-0.19631822,0.15531577,-0.20714174,0.12959027,0.1893027,-0.23365155,0.23196936,0.106949754,-0.07030515,-0.22591299,0.25649223,0.24812622,-0.32536396,0.10208701,0.33372098,-0.1294947,0.2731197,0.54376024,0.23092361,0.22072753,-0.044475082,0.32211316,0.052884396,0.39693668,0.14820465,0.15212622,0.06208701,0.0013288399,0.28593016,-0.3593509,-0.5732071,-0.23668423,-0.28044894,-0.27443588,0.27630922,-0.041599266,-0.01446201,-0.14073652,0.4225576,-0.39401758,0.4921001,0.3426622,-0.5298084,0.4060347,-0.02507639,-0.22601756,0.49722427,0.47782558,-0.071298614,-0.72567767,-0.73686725,0.43871447,0.37983865,0.047969364,-0.04557312,-0.12708946,-0.40154698,0.15102819,0.11745956,-0.50863194,-0.23067117,0.115315765,-0.38654044,0.40247917,-0.3441875,-0.018488154,0.0037340687,0.21189094,-0.5342529,0.03683211,0.10925041,-0.0010763889,0.2798125,-0.454096,0.15808702,0.018949755,-0.5636385,0.29973406,0.37335497,-0.4031156,-0.594645,-0.03673652,0.11860988,0.025433416,0.4187929,-0.20201756,0.06710662,0.50600857,-0.33393914,0.11311969,0.13314584,-0.34141627,-0.005520833,0.16336806,-0.83835745,0.07960335,-0.108997956,0.12969485,0.39489746,0.23118505,-0.66439664,-0.31872344,0.24849224,0.35359028,-0.32499796,-0.7794816,0.4014334,0.8366752,-0.0961875,-0.45812213,-0.815194,-0.266279,-0.3754032,-0.0894424,0.71160334,0.4966491,-0.1884228,-0.1732071,0.1661393,0.22198243,0.55970794,-0.096135214,0.29842687,0.03327655,-0.109677695,-0.042854168,-0.043115605,0.26538113,0.16185172,-0.020265931,-0.5303313,-0.58800447,-0.19297181,-0.28635743,-0.31621364,0.0798125,-0.33090645,0.01753799,-0.05681495,0.14470139,0.16880596,0.077930145,-0.49676266,0.10945956,-0.19809599,-0.21268423,0.7165184,-0.037939135,0.1319955,-0.032344364,0.07447917,0.47238767,0.32880595,0.084988974,0.2743223,0.1922308,0.011002042,-0.008762663,0.341355,0.103707924,0.37100205,-0.33890647,0.0054595587,-0.28410906,-0.3580437,0.47876674,0.07991707,-0.58225286,-0.721913,-0.32154697,-0.6485535,-0.023716912,0.13968179,-0.07239665,-0.36604372,-0.063560046,-0.36959925,0.039289623,-0.30131167,-0.17833129,-0.19825286,0.16582558,0.19866218,0.2693027,-0.25995222,-0.2797169,0.0073941993,-0.29263195,0.53701514,-0.62089336,-0.3921352,-0.3635339,0.06260989,-0.08625286,0.03887132,0.053354982,0.26904127,-0.17414829,-0.19323325,0.3838648,0.63594323,-0.06329861,-0.021468546,-0.14298488,-0.6747496,-0.1960045,0.22177328,0.19338113,0.16645302,-0.2355862,0.2166491,-0.27485415,-0.2998999,-0.02722018,-0.13038358,-0.08363848,0.05774714,-0.19370385,-0.4422267,0.35976022,-0.4246581,-0.14873652,0.1231589,0.119760215,-0.8496516,0.2739563,0.30077982,-0.19077574,-0.12698488,-0.86073655,0.3278125,0.25016543,0.09121119,0.12258374,0.25210008,-0.5071156,-0.14397834,0.86260986,0.45863602,-0.34392607,0.2002831,-0.20259273,-0.12698488,-0.3774947,0.26987785,-0.5872202,0.40681905,0.10443995,-0.10957312,-0.19291952,0.040387664,-0.3799522,-0.55072343,0.12838766,0.20650531,0.09910662,-0.043690767,-0.010069853,0.733721,0.15557721,-0.3429326,-0.2157692,-0.07265809,-0.21718097,-0.16604371,-0.25336397,-0.09461887,-0.21461888,-0.72107637,-0.29153392,-0.6594293,-0.20614828,-0.31563848,0.26559028,0.074949756,-0.120658085,-0.038723446,0.31991708,0.6761001,0.34747264,-0.37942934,0.49272752,0.03202165,-0.35312867,-0.15793914,0.43400857,0.17236152,0.15427002,-0.5298607,-0.34491953,-0.16583456,0.49068832,0.5533288,0.2574334,-0.040971816,-0.5842398,-0.5527627,-0.3672986,-0.29006985,0.21502818,-0.1518215,-0.01597835,0.070819035,0.17460988,-0.30476266,-0.30361235,0.12734191,0.4002308,0.2862439,0.5665053,0.3286491,-0.2789326,-0.4672202,0.00891054,0.19369486,-0.34967768,-0.25676265,-0.028579656,-0.0038476307,-0.06633129,-0.040292077,0.14077982,-0.2494424,-0.024919527,-0.058435865,0.22093669,-0.081599265,-0.1946973,-0.08023979,0.09868832,-0.3378607,0.084361516,-0.36029208,0.41189092,0.01905433,-0.05012214,-0.10716789,0.19359028,0.13502818,-0.026906455,0.23087132,-0.39563847,0.38051838,0.69121116,0.026479166,-0.3454424,0.048178513,0.15709354,0.052256946,-0.109311685,0.011943219,-0.039873775,0.2487014,0.29858375,-0.25184762,0.3480478,-0.1121875,0.08911969,-0.0561875,0.4945576,0.12535499,0.7405184,-0.1303313,-0.10240972,0.57189095,0.4368844,-0.03762541,0.44519812,-0.036265932,0.91625696,0.27270138,-0.36541626,-0.027324755,-0.025285538,-0.00991299,0.19442688,-0.2764228,-0.16274959,-0.103194036,-0.060370505,-0.0060959966,0.3883615,0.1551589,-0.09895874,-0.14450122,0.24765563,0.11395629,0.57309353,-0.28876266,0.16540727,-0.07433129,-0.16855352,-0.32212213,-0.3613901,-0.7599261,0.19908047,-0.05969077,-0.14821364,0.08875368,-0.38643587,0.10543341,0.076309234,-0.04907639,0.21272753,0.18161643,0.010688317,0.373721,0.13947263,0.30527654,0.18454453,0.23714583,0.03374714,-0.80165154,0.5480478,0.06579943,-0.273913,-0.6314555,-0.130279,0.16728963,0.49544647,-0.007298611,0.38114583,-0.40243587,0.16749877,0.15338112,-0.5408411,0.15144649,-0.36839664,-0.602279,0.2002308,0.28007394,0.20075367,-0.5572594,-0.27370384,0.56875366,-0.18999141,-0.11197835,0.116884395,-0.1656777,-0.091952205,0.074060865,0.08974714,0.13189094,0.22496283,0.19793014,0.33372098,-0.19208293,-0.33519402,-0.46685416,-0.02852737,-0.12740318,-0.6782529,-0.13989992,0.11735498,-0.23506331,-0.35412213,0.031498775,0.4351066,-0.050592728,0.2529367,-0.026645016,-0.10685416,0.06140727,0.06700204,0.19123733,0.10684518,-0.21592607,-0.098435864,-0.18141626,0.021250408,-0.3703836,-0.30518097,0.1404661,0.56702816,0.22302818,0.3879955,-0.43370384,0.087917075,0.33811316,0.20410009,-0.2725535,-0.34931168,-0.09556005,-0.43239665,-0.52212214,-0.51281494,-0.390828,-0.16578227,0.006766748,0.038348448,-0.04259273,0.29460987,-0.14345548,0.14909354,-0.3563182,-0.30272344,-0.15888031,-0.60065806,0.1619563,0.03918505,-0.03997835,-0.12782149,0.47008702,-0.19788684,0.09670139,-0.07506332,0.2592635,0.009799428,0.010270016,-0.2562398,-0.36044893,0.08979943,-0.012161356,0.05450531,-0.02481495,-0.75412214,-0.35856658,-0.06638358,0.46794322,0.18166871,-0.35961235,-0.00097181374,-0.022566585,-0.3172071,-0.03459273,0.09643995,-0.088971816,-0.16259272,-0.24322018,-0.5233247,-0.09189992,0.22109355,0.39202166,0.13879289,-0.37054044,0.019158905,0.31908047,0.23416544,0.13795629,0.07196936,-0.030252859,-0.7442398,0.23160335,-0.070723444,0.32263604,0.095917076,0.038662173,-0.117991425,-0.14272344,-0.3467496,-0.5541744,-0.14789993,0.7122308,-0.010488153,-0.46199143,-0.08301103,0.21999551,-0.10810907,-0.5066973,-0.39495873,0.2410674,-0.25399143,-0.16891953,-0.005573121,-0.057756126,0.1193942,0.31453145,0.17659682,0.1442308,0.5350805,0.17785172,-0.36243588,-0.20369077,0.23296283,-0.07689338,-0.4515862,-0.5121875,-0.25822672,-0.25048816,0.20859681,0.5051197,0.4015903,-0.1635862,-0.23365155,0.17774715,0.18449225,0.21842688,-0.35229206,-0.08170384,0.07604779,-0.22230515,0.01670139,0.2368844,-0.20013522,0.1122308,-0.14857966,0.05272753,0.35976022,-0.09571691,-0.35971692,-0.34779534,0.044936683,0.16457067,-0.5005274,-0.3635339,0.012622957,-0.16745548,-0.016239788,-0.10821364,-0.09963848,-0.007194036,-0.06319404,0.018008579,0.10794322,-0.32620057,-0.68949467,-0.2865666,0.22804779,0.4041001,-0.07793913,-0.36761233,0.2111589,-0.314279,-0.14591299,0.26694974,0.18093668,-0.2637692,-0.40123326,0.097590275,0.3497733,-0.2321352,0.19751185,-0.031141749,-0.00091952615,0.08640073,-0.41357312,0.12227002,0.117250405,0.25973406,0.38893667,0.009956291,0.5849105,-0.011795343,-0.3501483,-0.39501104,0.03677982,0.47359028,0.09617852,-0.38816136,0.1673942,-0.39626592,0.101093546,0.18051839,0.104649104,-0.10559926,-0.47391298,-0.09623979,-0.10308946,-0.28923324,0.09837459,0.25821772,-0.05231822,0.07270139,0.04802165,-0.42973,-0.11474959,0.5267668,0.0139301475,-0.06988685,0.19745956,0.27123734,-0.098069854,-0.23856659,0.35186478,0.025015114,0.40843996,0.035995506,-0.14403063,0.24943341,-0.14664501,0.27343342,-0.009024101,-0.28923324,-0.15140319,0.059838645,0.31102818,0.11745956,0.014819036,-0.11783456,-0.32797834,-0.31950775,0.3156818,-0.24635744,0.5395772,0.42485824,-0.03213521,0.20582557,-0.3859653,0.012832108,-0.26701102,0.14810008,-0.4199522,0.13262296,-0.833547,-0.1576777,-1.2991679,-1.4029064,0.12959027,-0.85059273,1.3919171,0.3834988,-0.88844895,1.1965706,-1.7514032,-0.3416777,-1.3294424,-0.12567769,-0.68489337,-1.4402921,-0.47145548,0.7056426,-0.6098607,-0.794645,1.0445184,-0.25984764,0.07944649,-0.9087888,0.48132885,0.5635249,-1.0983313,0.07170793,-0.72573,-0.56876266,-0.62617445,-0.3399522,0.49931577,0.3367014,0.87834847,-0.10884109,0.45434844,0.17685825,0.2036295,-1.4927888,1.2935119,0.39887133,0.98349875,1.0900086,-1.3805274,0.94360334,0.4268452,1.3511851,0.3025053,-0.4549326,-0.5176777,-0.62434435,-0.61142933,1.0344791,-0.81195223,-0.36991298,-0.45059273,0.31970793,-0.4836385,-0.58486724,0.21926348,0.64786476,0.17272753,-0.6963444,-0.37435743,-0.72996527,-0.17697181,0.031551063,0.3786883,1.2427928,-0.47610906,0.96237457,-0.50350773,0.5021916,-0.26533782,-0.0856777,-0.8908542,-1.3846058,-0.72050124,1.2490674,-0.64844894,0.6919432,-0.5470633,0.98689747,-0.8368411,-0.04473652,-0.7138607,0.049799427,0.58355105,0.6378779,-0.0949326,-0.11129861,0.65183866,-0.4354816,0.80807394,-0.6512725,-0.21561234,-0.6387757,0.5015119,-0.021468546,-0.4173901,0.4907406,0.81811315,1.2277863,-0.22115482,0.5656687,0.51494974,0.099158905,0.03693668,-0.07537704,0.053720996,-0.9877431,-0.61545545,-0.19401756,-0.25174305,0.08425695,-0.56044894,-0.08149469,-0.3138607,-1.1866972,0.08462296,0.39902818,0.59170794,0.11803472,0.809904,0.5159432,
0,0,1,0,0,0,0,1,0,0,0,0,0,0,0,0,0,0,0,0,0,0,0,0,0,0,0,0,0,0,0,0,0,0,0,0,0,0,0,0,0,0,0,0,0,0,0,0,0,0,0,0,0,0,0,0,0,0,0,0,0,0,0,0,0,0,0,0,0,0,0,0,0,0,0,0,0,0,0,0,0,0,0,0,0,0,0,0,0,0,0,0,0,0,0,0,0,0,0,0,0,0,0,0,0,0,0,0,0,0,0,0,0,0,0,0,0,0,0,0,0,0,0,0,0,0,0,0,0,0,0,0,0,0,0,0,0,0,0,0,0,0,0,0,0,0,0,0,0,0,0,0,0,0,0,0,0,0,0,0,0,0,0,0,0,0,0,0,0,0,0,0,0,0,0,0,0,0,0,0,0,0,0,0,0,0,0,0,0,0,0,0,0,0,0,0,0,0,0,0,0,0,0,0,0,0,0,0,0,0,0,0,0,0,0,0,0,0,0,0,0,0,0,0,0,0,0,0,0,0,0,0,0,0,0,0,0,0,0,0,0,0,0,0,0,0,0,0,0,0,0,0,0,0,0,0,0,0,0,0,0,0,0,0,0,0,0,0,0,0,0,0,0,0,0,0,0,0,0,0,0,0,0,0,0,0,0,0,0,0,0,0,0,0,0,0,0,0,0,0,0,0,0,0,0,0,0,0,0,0,0,0,0,0,0,0,0,0,0,0,0,0,0,0,0,0,0,0,0,0,0,0,0,0,0,0,0,0,0,0,0,0,0,0,0,0,0,0,0,0,0,0,0,0,0,0,0,0,0,0,0,0,0,0,0,0,0,0,0,0,0,0,0,0,0,0,0,0,0,0,0,0,0,0,0,0,0,0,0,0,0,0,0,0,0,0,0,0,0,0,0,0,0,0,0,0,0,0,0,0,0,0,0,0,0,0,0,0,0,0,0,0,0,0,0,0,0,0,0,0,0,0,0,0,0,0,0,0,0,0,0,0,0,0,0,0,0,0,0,0,0,0,0,0,0,0,0,0,0,0,0,0,0,0,0,0,0,0,0,0,0,0,0,0,0,0,0,0,0,0,0,0,0,0,0,0,0,0,0,0,0,0,0,0,0,0,0,0,0,0,0,0,0,0,0,0,0,0,0,0,0,0,0,0,0,0,0,0,0,0,0,0,0,0,0,0,0,0,0,0,0,0,0,0,0,0,0,0,0,0,0,0,0,0,0,0,0,0,0,0,0,0,0,0,0,0,0,0,0,0,0,0,0,0,0,0,0,0,0,0,0,0,0,0,0,0,0,0,0,0,0,0,0,0,0,0,0,0,0,0,0,0,0,0,0,0,0,0,0,0,0,0,0,0,0,0,0,0,0,0,0,0,0,0,0,0,0,0,0,0,0,0,0,0,0,0,0,0,0,0,0,0,0,0,0,0,0,0,0,0,0,0,0,0,0,0,0,0,0,0,0,0,0,0,0,0,0,0,0,0,0,0,0,0,0,0,0,0,0,0,0,0,0,0,0,0,0,0,0,0,0,0,0,0,0,0,0,0,0,0,0,0,0,0,0,0,0,0,0,0,0,0,0,0,0,0,0,0,0,0,0,0,0,0,0,0,0,0,0,0,0,0,0,0,0,0,0,0,0,0,0,0,0,0,0,0,0,0,0,0,0,0,0,0,0,0,0,0,0,0,0,0,0,0,0,0,0,0,0,0,0,0,0,0,0,0,0,0,0,0,0,0,0,0,0,0,0,0,0,0,0,0,0,0,0,0,0,0,0,0,0,0,0,0,0,0,0,0,0,0,0,0,0,0,0,0,0,0,0,0,0,0,0,0,0,0,0,0,0,0,0,0,0,0,0,0,0,0,0,0,0,0,0,0,0,0,0,0,0,0,0,0,0,0,0,0,0,0,0,0,0,0,0,0,0,0,0,0,0,0,0,0,0,0,0,0,0,0,0,0,0,0,0,0,0,0,0,0,0,0,0,0,0,0,0,0,0,0,0,0,0,0,0,0,0,0,0,0,0,0,0,0,0,0,0,0,0,0,0,0,0,0,0,0,0,0,0,0,0,0,0,0,0,0,0,0,0,0,0,0,0,0,0,0,0,0,0,0,0,0,0,0,0,0,0,0,0,0,0,0,0,0,0,0,0,0,0,0,0,0,0,0,0,0,0,0,0,0,0,0,0,0,0,0,0,0,0,0,0,0,0,0,0,0,0,0,0,0,0,0,0,0,0,0,0,0,0,0,0,0,0,0,0,0,0,0,0,0,0,0,0,0,0,0,0,0,0,0,0,0,0,0,0,0,0,0,0,0,0,0,0,0,0,0,0,0,0,0,0,0,0,0,0,0,0,0,0,0,0,0,0,0,0,0,0,0,0,0,0,0,0,0,0,0,0,0,0,0,0,0,0,0,0,0,0,0,0,0,0,0,0,0,0,0,0,0,0,0,0,0,0,0,0,0,0,0,0,0,0,0,0,0,0,0,0,0,0,0,0,0,0,0,0,0,0,0,0,0,0,0,0,0,0,0,0,0,0,0,0,0,0,0,0,0,0,0,0,0,0,0,0,0,0,0,0,0,0,0,0,0,0,0,0,0,0,0,0,0,0,0,0,0,0,0,0,0,0,0,0,0,0,0,0,0,0,0,0,0,0,0,0,0,0,0,0,0,0,0,0,0,0,0,0,0,0,0,0,0,0,0,0,0,0,0,0,0,0,0,0,0,0,0,0,0,0,0,0,0,0,0,0,0,0,0,0,0,0,0,0,0,0,0,0,0,0,0,0,0,0,0,0,0,0,0,0,0,0,0,0,0,0,0,0,0,0,0,0,0,0,0,0,0,0,0,0,0,0,0,0,0,0,0,0,0,0,0,0,0,0,0,0,0,0,0,0,0,0,0,0,0,0,0,0,0,0,0,0,0,0,0,0,0,0,0,0,0,0,0,0,0,0,0,0,0,0,0,0,0,0,0,0,0,0,0,0,0,0,0,0,0,0,0,0,0,0,0,0,0,0,0,0,0,0,0,0,0,0,0,0,0,0,0,0,0,0,0,0,0,0,0,0,0,0,0,0,0,0,0,0,0,0,0,0,0,0,0,0,0,0,0,0,0,0,0,0,0,0,0,0,0,0,0,0,0,0,0,0,0,0,0,0,0,0,0,0,0,0,0,0,0,0,0,0,0,0,0,0,0,0,0,0,0,0,0,0,0,0,0,0,0,0,0,0,0,0,0,0,0,0,0,0,0,0,0,0,0,0,0,0,0,0,0,0,0,0,0,0,0,0,0,0,0,0,0,0,0,0,0,0,0,0,0,0,0,0,0,0,0,0,0,0,0,0,0,0,0,0,0,0,0,0,0,0,0,0,0,0,0,0,0,0,0,0,0,0,0,0,0,0,0,0,0,0,0,0,0,0,0,0,0,0,0,0,0,0,0,0,0,0,0,0,0,0,0,0,0,0,0,0,0,0,0,0,0,0,0,0,0,0,0,0,0,0,0,0,0,0,0,0,0,0,0,0,0,0,0,0,0,0,0,0,0,0,0,0,0,0,0,0,0,0,0,0,0,0,0,0,0,0,0,0,0,0,0,0,0,0,0,0,0,0,0,0,0,0,0,0,0,0,0,0,0,0,0,0,0,0,0,0,0,0,0,0,0,0,0,0,0,0,0,0,0,0,0,0,0,0,0,0,0,0,0,0,0,0,0,0,0,0,0,0,0,0,0,0,0,0,0,0,0,0,0,0,0,0,0,0,0,0,0,0,0,0,0,0,0,0,0,0,0,0,0,0,0,0,0,0,0,0,0,0,0,0,0,0,0,0,0,0,0,0,0,0,0,0,0,0,0,0,0,0,0,0,0,0,0,0,0,0,0,0,0,0,0,0,0,0,0,0,0,0,0,0,0,0,0,0,0,0,0,0,0,0,0,0,0,0,0,0,0,0,0,0,0,0,0,0,0,0,0,0,0,0,0,0,0,0,0,0,0,0,0,0,0,0,0,0,0,0,0,0,0,0,0,0,0,0,0,0,0,0,0,0,0,0,0,0,0,0,0,0,0,0,0,0,0,0,0,0,0,0,0,0,0,0,0,0,0,0,0,0,0,0,0,0,0,0,0,0,0,0,0,0,0,0,0,0,0,0,0,0,0,0,0,0,0,0,0,0,0,0,0,0,0,0,0,0,0,0,0,0,0,0,0,0,0,0,0,0,0,0,0,0,0,0,0,0,0,0,0,0,0,0,0,0,0,0,0,0,0,0,0,0,0,0,0,0,0,0,0,0,0,0,0,0,0,0,0,0,0,0,0,0,0,0,0,0,0,0,0,0,0,0,0,0,0,0,0,0,0,0,0,0,0,0,0,0,0,0,0,0,0,0,0,0,0,0,0,0,0,0,0,0,0,0,0,0,0,0,0,0,0,0,0,0,0,0,0,0,0,0,0,0,0,0,0,0,0,0,0,0,0,0,0,0,0,0,0,0,0,0,0,0,0,0,0,0,0,0,0,0,0,0,0,0,0,0,0,0,0,0,0,0,0,0,0,0,0,0,0,0,0,0,0,0,0,0,0,0,0,0,0,0,0,0,0,0,0,0,0,0,0,0,0,0,0,0,0,0,0,0,0,0,0,0,0,0,0,0,0,0,0,0,0,0,0,0,0,0,0,0,0,0,0,0,0,0,0,0,0,0,0,0,0,0,0,0,0,0,0,0,0,0,0,0,0,0,0,0,0,0,0,0,0,0,0,0,0,0,0,0,0,0,0,0,0,0,0,0,0,0,0,0,0,0,0,0,0,0,0,0,0,0,0,0,0,0,0,0,0,0,0,0,0,0,0,0,0,0,0,0,0,0,0,0,0,0,0,0,0,0,0,0,0,0,0,0,0,0,0,0,0,0,0,0,0,0,0,0,0,0,0,0,0,0,0,0,0,0,0,0,0,0,0,0,0,0,0,0,0,0,0,0,0,0,0,0,0,0,0,0,0,0,0,0,0,0,0,0,0,0,0,0,0,0,0,0,0,0,0,0,0,0,0,0,0,0,0,0,0,0,0,0,0,0,0,0,0,0,0,0,0,0,0,0,0,0,0,0,0,0,0,0,0,0,0,0,0,0,0,0,0,0,0,0,0,0,0,0,0,0,0,0,0,0,0,0,0,0,0,0,0,0,0,0,0,0,0,0,0,0,0,0,0,0,0,0,0,0,0,0,0,0,0,0,0,0,0,0,0,0,0,0,0,0,0,0,0,0,0,0,0,0,0,0,0,0,0,0,0,0,0,0,0,0,0,0,0,0,0,0,0,0,0,0,0,0,0,0,0,0,0,0,0,0,0,0,0,0,0,0,0,0,0,0,0,0,0,0,0,0,0,0,0,0,0,0,0,0,0,0,0,0,0,0,0,0,0,0,0,0,0,0,0,0,0,0,0,0,0,0,0,0,0,0,0,0,0,0,0,0,0,0,0,0,0,0,0,0,0,0,0,0,0,0,0,0,0,0,0,0,0,0,0,0,0,0,0,0,0,0,0,0,0,0,0,0,0,0,0,0,0,0,0,0,0,0,0,0,0,0,0,0,0,0,0,0,0,0,0,0,0,0,0,0,0,0,0,0,0,0,0,0,0,0,0,0,0,0,0,0,0,0,0,0,0,0,0,0,0,0,0,0,0,0,0,0,0,0,0,0,0,0,0,0,0,0,0,0,0,0,0,0,0,0,0,0,0,0,0,0,0,0,0,0,0,0,0,0,0,0,0,0,0,0,0,0,0,0,0,0,0,0,0,0,0,0,0,0,0,0,0,0,0,0,0,0,0,0,0,0,0,0,0,0,0,0,0,0,0,0,0,0,0,0,0,0,0,0,0,0,0,0,0,0,0,0,0,0,0,0,0,0,0,0,0,0,0,0,0,0,0,0,0,0,0,0,0,0,0,0,0,0,0,0,0,0,0,0,0,0,0,0,0,0,0,0,0,0,0,0,0,0,0,0,0,0,0,0,0,0,0,0,0,0,0,0,0,0,0,0,0,0,0,0,0,0,0,0,0,0,0,0,0,0,0,0,0,0,0,0,0,0,0,0,0,0,0,0,0,0,0,0,0,0,0,0,0,0,0,0,0,0,0,0,0,0,0,0,0,0,0,0,0,0,0,0,0,0,0,0,0,0,0,0,0,0,0,0,0,0,0,0,0,0,0,0,0,0,0,0,0,0,0,0,0,0,0,0,0,0,0,0,0,0,0,0,0,0,0,0,0,0,0,0,0,0,0,0,0,0,0,0,0,0,0,0,0,0,0,0,0,0,0,0,0,0,0,0,0,0,0,0,0,0,0,0,0,0,0,0,0,0,0,0,0,0,0,0,0,0,0,0,0,0,0,0,0,0,0,0,0,0,0,0,0,0,0,0,0,0,0,0,0,0,0,0,0,0,0,0,0,0,0,0,0,0,0,0,0,0,0,0,0,0,0,0,0,0,0,0,0,0,0,0,0,0,0,0,0,0,0,0,0,0,0,0,0,0,0,0,0,0,0,0,0,0,0,0,0,0,0,0,0,0,0,0,0,0,0,0,0,0,0,0,0,0,0,0,0,0,0,0,0,0,0,0,0,0,0,0,0,0,0,0,0,0,0,0,0,0,0,0,0,0,0,0,0,0,0,0,0,0,0,0,0,0,0,0,0,0,0,0,0,0,0,0,0,0,0,0,0,0,0,0,0,0,0,0,0,0,0,0,0,0,0,0,0,0,0,0,0,0,0,0,0,0,0,0,0,0,0,0,0,0,0,0,0,0,0,0,0,0,0,0,0,0,0,0,0,0,0,0,0,0,0,0,0,0,0,0,0,0,0,0,0,0,0,0,0,0,0,0,0,0,0,0,0,0,0,0,0,0,0,0,0,0,0,0,0,0,0,0,0,0,0,0,0,0,0,0,0,0,0,0,0,0,0,0,0,0,0,0,0,0,0,0,0,0,0,0,0,0,0,0,0,0,0,0,0,0,0,0,0,0,0,0,0,0,0,0,0,0,0,0,0,0,0,0,0,0,0,0,0,0,0,0,0,0,0,0,0,0,0,0,0,0,0,0,0,0,0,0,0,0,0,0,0,0,0,0,0,0,0,0,0,0,0,0,0,0,0,0,0,0,0,0,0,0,0,0,0,0,0,0,0,0,0,0,0,0,0,0,0,0,0,0,0,0,0,0,0,0,0,0,0,0,0,0,0,0,0,0,0,0,0,0,0,0,0,0,0,0,0,0,0,0,0,0,0,0,0,0,0,0,0,0,0,0,0,0,0,0,0,0,0,0,0,0,0,0,0,0,0,0,0,0,0,0,0,0,0,0,0,0,0,0,0,0,0,0,0,0,0,0,0,0,0,0,0,0,0,0,0,0,0,0,0,0,0,0,0,0,0,0,0,0,0,0,0,0,0,0,0,0,0,0,0,0,0,0,0,0,0,0,0,0,0,0,0,0,0,0,0,0,0,0,0,0,0,0,0,0,0,0,0,0,0,0,0,0,0,0,0,0,0,0,0,0,0,0,0,0,0,0,0,0,0,0,0,0,0,0,0,0,0,0,0,0,0,0,0,0,0,0,0,0,0,0,0,0,0,0,0,0,0,0,0,0,0,0,0,0,0,0,0,0,0,0,0,0,0,0,0,0,0,0,0,0,0,0,0,0,0,0,0,0,0,0,0,0,0,0,0,0,0,0,0,0,0,0,0,0,0,0,0,0,0,0,0,0,0,0,0,0,0,0,0,0,0,0,0,0,0,0,0,0,0,0,0,0,0,0,0,0,0,0,0,0,0,0,0,0,0,0,0,0,0,0,0,0,0,0,0,0,0,0,0,0,0,0,0,0,0,0,0,0,0,0,0,0,0,0,0,0,0,0,0,0,0,0,0,0,0,0,0,0,0,0,0,0,0,0,0,0,0,0,0,0,0,0,0,0,0,0,0,0,0,0,0,0,0,0,0,0,0,0,0,0,0,0,0,0,0,0,0,0,0,0,0,0,0,0,0,0,0,0,0,0,0,0,0,0,0,0,0,0,0,0,0,0,0,0,0,0,0,0,0,0,0,0,0,0,0,0,0,0,0,0,0,0,0,0,0,0,0,0,0,0,0,0,0,0,0,0,0,0,0,0,0,0,0,0,0,0,0,0,0,0,0,0,0,0,0,0,0,0,0,0,0,0,0,0,0,0,0,0,0,0,0,0,0,0,0,0,0,0,0,0,0,0,0,0,0,0,0,0,0,0,0,0,0,0,0,0,0,0,0,0,0,0,0,0,0,0,0,0,0,0,0,0,0,0,0,0,0,0,0,0,0,0,0,0,0,0,0,0,0,0,0,0,0,0,0,0,0,0,0,0,0,0,0,0,0,0,0,0,0,0,0,0,0,0,0,0,0,0,0,0,0,0,0,0,0,0,0,0,0,0,0,0,0,0,0,0,0,0,0,0,0,0,0,0,0,0,0,0,0,0,0,0,0,0,0,0,0,0,0,0,0,0,0,0,0,0,0,0,0,0,0,0,0,0,0,0,0,0,0,0,0,0,0,0,0,0,0,0,0,0,0,0,0,0,0,0,0,0,0,0,0,0,0,0,0,0,0,0,0,0,0,0,0,0,0,0,0,0,0,0,0,0,0,0,0,0,0,0,0,0,0,0,0,0,0,0,0,0,0,0,0,0,0,0,0,0,0,0,0,0,0,0,0,-0.590955,0.062191583,-0.44021738,0.46293855,-0.80361605,1.7684101,0.16967991,1.0567014,0.50939983,1.0029945,0.7991477,0.1486155,-1.2238588,-1.1820288,-0.929181,1.3452542,-0.13261701,0.104171045,0.56056696,0.28471258,-0.02527807,-0.45866743,-0.7014312,-0.03454044,0.37068832,0.038363386,-0.777547,0.025814367,1.3687088,-0.42826593,-0.02482989,0.6652168,-1.0654274,-0.42961046,-0.7493117,-0.37164596,0.0016126868,-1.0987421,-0.93381214,-0.4248299,0.4444885,-0.16257031,0.1679619,-0.70195407,-0.49056286,-0.8531399,-1.3063238,-0.0044377334,0.33042687,0.110893734,-0.6684153,0.6109124,-0.68230885,-0.28305584,-0.026174428,0.5229946,-0.39554885,-0.57877946,-0.9813939,0.12560895,0.65087503,0.13024014,0.52157533,-0.768434,-0.15749095,0.55421776,0.3820422,0.28359213,0.5610898,-1.0004414,0.12523547,-0.5143164,0.81983864,0.27485266,0.02857814,0.08549691,-0.2689382,-0.25108573,0.18372287,0.3410338,0.85838205,-0.4200493,-0.7011324,-0.3319074,-0.032448936,-0.09474586,0.6195772,-0.18520337,0.18700951,-0.1240269,0.17505807,0.43686944,0.43955854,-1.0598252,0.26036152,-0.027070787,-0.078760795,1.2471776,0.75261176,0.9743111,0.88855946,0.651622,-1.3965572,0.086243875,0.06854079,0.50835407,1.035114,-1.0646058,0.6218928,-0.27289712,-0.83028275,-0.4509737,-0.51670665,-0.06957312,-0.42400822,0.2631253,0.101257876,0.32265845,-0.46919963,0.52090305,0.117915206,-0.5521875,0.3389423,0.77591705,-0.3815059,-0.87614644,-0.46524072,0.11866217,0.46346143,-1.2337935,-0.8648672,-0.2774536,1.2128918,0.47996935,-0.18811654,-0.3705255,1.0966641,0.40265843,0.567439,0.80923176,0.538158,-0.00070290617,-1.0838028,0.31772846,0.16086572,-0.28716415,-0.9177524,0.048596814,0.0899787,0.3862999,-0.7065853,0.11888626,0.033433415,-0.07891019,0.83320934,-1.0774536,0.1050674,0.30353612,0.6906136,-0.65997463,1.3170935,0.27545023,-0.47315857,-0.39734155,-0.010861636,0.014161706,-0.78187937,-0.5102081,-0.27663195,0.1634054,0.0075884103,0.22786853,0.044936683,-1.23342,0.35089374,0.37233165,-0.2363705,0.4898293,0.86032414,-0.4872762,0.5426398,0.27305993,-0.68006796,0.06465657,1.4045632,-0.37769637,0.12822333,-0.22755632,1.5712112,-0.46404558,0.8920702,1.6447126,0.2975604,-0.33721083,-1.1089009,0.32855946,-0.7098719,0.5156743,0.2326491,-0.28021738,-0.020796277,0.2673083,-0.18923698,-0.17265436,0.20015611,0.5355436,0.40848476,0.76157534,0.43559963,-0.6985927,-0.59312123,-0.26356006,0.16661735,1.1035361,0.49259308,-0.1368747,0.27679476,0.6592411,-0.2020848,-1.1948019,0.43081903,-0.44305584,-0.12118843,-0.7759783,-1.1007589,1.3820795,-0.3643257,-0.4223649,0.06704686,0.3237789,-0.6655769,-0.57467115,-0.07943306,0.3411832,0.024320437,-0.34804183,0.44090307,-0.097957805,-0.30172998,0.39100578,0.89281714,1.1286342,0.5335268,-0.39300916,-0.933364,-0.54882616,0.39294788,0.0597266,-0.591702,0.3342364,0.92837274,-0.26953578,-0.27461514,-0.667519,-0.29635182,0.14928776,-0.37844333,0.772257,-0.022364905,-0.329293,-0.20283176,-0.11909693,-0.10131915,-0.01467116,-0.35491392,0.20411502,-0.7794891,-0.28006798,-0.092579655,-0.14456846,-0.29986256,0.22376022,0.4896799,-0.10983456,-0.066286474,0.8562906,0.8964026,-0.1413565,0.2759731,-0.5739242,-0.6311417,-0.59693074,-0.36768705,-0.3398252,-0.91842467,1.1139936,-0.19820057,0.60389096,0.20277049,0.060921744,0.19552492,0.64497405,-1.1735134,0.30159402,0.44329336,-0.049778536,-0.0068280227,0.109698586,0.09894229,-0.44679067,-0.3856889,-0.15808852,-0.32847133,-0.8231866,-0.73033875,0.20732698,-0.3490129,0.3475324,1.0445259,0.65296656,-0.6636347,-0.16003063,-0.9450166,0.53210753,-0.91618377,-1.0120194,-0.6686394,1.2359731,0.6344418,0.06981063,0.35283583,-1.8185928,-0.4657636,-0.38927433,-0.26333597,0.19022146,0.85890496,0.327439,-0.29328927,0.35470325,-0.27005866,0.57916635,-0.41668797,0.12971726,-0.22890085,-0.31741625,-1.394167,-0.5212631,0.3644885,0.116197184,0.013489437,1.6024344,1.720903,0.7976538,-0.8712164,-0.81937706,0.6872523,0.37883025,-0.14875145,-0.21388684,-0.13336398,-0.8633733,0.43970793,-0.19491392,0.50207955,-0.47121644,0.35291055,-0.7036721,0.03201418,1.1809964,-0.10826593,0.83642125,-0.35312122,0.9549647,0.050090745,1.1463373,-0.25706145,0.0704082,-0.3081539,0.09558094,-0.3038962,-0.38075894,-0.65713614,0.22734565,1.1511925,-0.57310253,0.76605713,0.25827003,0.80841005,0.6994278,-0.81713617,0.69666404,-1.0887328,-0.028788807,-0.74557686,-0.01056285,0.013564134,0.8944605,0.6155436,0.41065097,-0.33736023,0.3777845,-0.822589,-0.3772482,-0.7252594,-0.64204746,0.29188347,0.9435361,0.41147262,-0.5691436,0.6451981,0.5659451,-1.1546898,-0.62621176,-0.45209414,-0.3295171,-0.11394287,0.07018411,0.4684661,-0.80959177,0.64467525,0.9547406,-0.80862075,0.03500204,-0.58550215,-0.3664172,0.2935268,0.6392224,0.6636482,0.529045,0.69248104,-0.2129158,0.54981065,0.03291054,0.5631066,1.0384754,-0.2647552,-0.1802734,-0.16144986,0.8334334,-0.77560484,-0.25429767,0.94361085,0.13502072,-0.59879816,0.33475927,-0.18580094,0.21965191,-1.0410764,0.59410566,1.0528919,-0.9422529,-0.7288448,0.2435548,1.6792971,0.5060384,-0.76335466,0.29636526,-0.06158059,-0.16787377,0.3604549,0.6324997,0.05905433,0.18334939,0.6999507,0.5500347,-0.106398515,1.5687462,0.051360585,-0.9176777,-0.46329862,0.5613139,-0.9281352,-0.9053528,-0.31308386,0.4447873,-0.29396155,-0.23442839,0.34409633,-0.47696808,0.3752448,0.11679476,0.6344418,0.12172473,1.0835922,-1.1552874,1.0853102,-0.3314592,-0.26557687,0.6909871,0.5646005,-0.30247694,-0.99625844,-0.8544097,-0.23838732,-0.35394287,-0.18938638,-0.29366276,-0.93575424,0.010725665,-0.088321954,-1.1195824,0.7627705,0.8686902,-0.42684668,0.106934816,-0.26714548,1.154255,0.4382887,-0.07711747,-0.6038775,-0.36806053,0.1072336,-1.1311604,0.08504873,0.72243434,-0.25885418,0.2591664,0.44321865,-0.65496993,0.5074577,-0.39293447,-0.085782275,-0.078760795,0.13203286,0.16870886,0.08422706,-0.61381215,-0.65392417,0.3361785,0.31832603,-0.07786444,-0.39980656,0.6459451,0.5793158,-0.5684714,-0.0807776,0.05576768,-0.8486581,-0.19872345,-1.1880045,0.8263372,-0.9772108,-0.32585695,0.17610382,0.042023517,-0.0022715337,-0.864195,-0.79622114,-0.36933035,-0.010936333,-0.34154323,0.031192519,-0.021842029,-0.34557685,0.4943858,0.3771122,0.115151435,0.27149132,0.26872754,0.41550624,0.2108377,0.19447917,-0.50871414,-1.2214686,-1.6083219,0.42850345,-1.0775284,-0.5548019,0.3798013,-0.23958246,0.38488066,0.5057397,0.950707,0.047775153,0.8209591,0.5439096,0.28792456,-0.026398517,0.18559028,1.4693998,-0.33975053,1.0563279,0.92807394,0.8383634,-0.660124,-0.2904508,-0.064867236,0.91276115,-0.57437235,0.5116407,-0.07383082,-0.13201943,0.6215193,-0.60425097,1.2225277,0.7390917,0.4899787,-0.1695171,-1.1524489,-0.52275705,-0.29149655,0.88191146,-1.5064359,0.38211688,-0.55838734,-1.2625517,0.35925975,0.39623454,-0.23353204,-0.8979578,-0.21127246,-0.03737891,-0.4547832,0.43179008,-0.10751896,-0.048060514,0.15332137,0.098494105,-0.9310484,-0.045670226,-0.5483033,-0.7180138,0.0034801003,-1.115773,0.8216314,0.027607085,0.15033351,-0.2946338,-0.0043630367,-1.2665106,1.3715473,-0.65646386,0.46241567,-1.1852407,1.1361785,-0.40877014,-0.61993724,-0.28059086,-0.14232756,-0.3707496,0.61128587,0.115076736,0.6003055,-0.9849046,0.41953987,0.17326535,-0.14016135,-0.67050683,0.31227562,-0.10572625,-0.8986301,-0.48346668,-0.9138682,0.91754174,-0.16025473,-0.69246763,0.29599178,0.83948386,-0.7183126,-0.1435227,-0.6117206,-0.45209414,-0.78957313,-0.14509133,0.6502775,-0.06673465,-0.98146856,-1.6573976,-0.7537188,0.5133587,0.2586435,-0.19252363,-0.42333597,0.5675137,0.5919395,-0.52283174,0.72900766,0.14428309,1.2366453,0.69621587,1.0093437,-1.5069587,0.510819,-0.5716086,-0.99207544,0.4730973,0.29808328,0.2457957,-0.3206282,-0.7705255,0.79309726,1.0052354,-0.036781337,-0.8305068,0.6820235,0.31197682,0.95548755,0.64728963,0.45218223,0.7496239,1.5786061,1.8339189,0.719073,0.7989983,-0.48832196,0.19119252,0.10334938,0.42768177,1.2683914,0.5914166,-0.56764966,-0.082943805,0.0017620799,-0.48144987,-1.0829811,-0.4938495,-1.2045871,-0.39136583,-0.006155754,0.28187412,0.21897963,-1.2024956,0.38368553,-0.31547415,1.170763,0.17670138,0.22562763,-0.4180325,0.09326535,0.8692877,1.0340683,-1.2506748,-0.77963847,0.46465656,0.47354546,-0.7687328,1.0944978,-0.4916086,-0.4985554,1.6327611,0.14293855,0.71862483,0.10066031,-0.41937703,0.041650034,-0.717491,1.3847686,-0.12059086,-0.79084295,0.7738256,0.4379152,0.19642128,-0.17362541,-0.024680497,-0.045744922,-0.26131916,-1.2298346,-0.0614312,0.8962532,-1.2270708,0.18805526,1.1281112,-0.2106002,1.1570189,0.4209591,-1.3969307,0.18088439,-0.17377481,0.39989465,-0.38389617,0.8920702,0.17707486,0.4181953,-0.46501663,-0.3773976,-0.4482099,0.3842831,0.03843808,0.5477191,1.3501095,-0.62680936,0.115226135,-1.1619354,0.38114583,-0.13829394,-0.17623979,0.2612579,-0.20783642,-0.89086163,0.37830737,0.083405405,0.27836338,0.4639843,-0.65272903,-0.92081493,1.4721636,-0.21142186,-0.10916229,0.4861692,-1.7869214,0.8572616,-0.18430701,-0.76372814,-1.5462492,0.24855946,-0.10423232,-0.22299983,-0.022813084,-0.0027944094,1.7539936,-0.16249563,1.5019675,0.12165003,0.8305203,-0.1436721,0.2843391,0.3576911,0.24631856,-0.11140319,0.48176208,0.84814864,-0.30658525,-0.7035974,-0.6147085,-1.0618421,1.0199507,-0.9972295,-0.89041346,-0.33063754,-0.867631,0.5226958,0.018643498,-1.115026,0.32474995,-0.20283176,0.20986666,-0.7638028,0.5643018,-0.42356005,-0.7574536,0.5069348,1.1584381,-0.3621595,0.2021729,0.74245304,1.3194839,0.6646192,-1.172617,-0.37612775,0.041874126,-0.22494194,0.08960522,0.08967991,-0.40608105,0.8203615,-0.15091766,0.37016544,0.5818555,-0.30158058,0.6248807,-0.56578225,0.6312299,-0.5238028,-0.22240226,-0.34079626,1.2111739,-0.76245826,0.4769815,0.16407767,-0.69851804,0.88631856,-0.018704774,0.41251838,0.31981996,-0.008023168,0.23003472,-0.82266366,-0.18617442,-0.9201427,-0.21605304,1.1611272,0.004525852,-0.6699839,0.998214,0.1680366,-0.6378644,-0.22897555,0.7419301,-0.3233173,0.42977327,-0.11655725,0.3730786,-0.5196198,0.37277982,-0.80421364,-0.63136584,0.4312672,-0.25011468,-0.44895688,-0.5456889,-0.3770241,0.5096239,0.06204219,-0.6974723,0.25109914,0.53703755,0.83313465,0.34917572,-0.14852737,0.006766748,-0.5997692,0.7339376,-0.5257449,0.53009075,-0.014521767,-0.41534343,0.7132467,1.253228,0.124637894,0.11014677,-0.22987191,0.14794321,-0.05336397,0.49759775,0.91911036,-0.09332662,1.0787369,-0.18445641,0.046281222,-0.3119634,1.0155436,-0.4089195,-0.60305583,0.5910431,-0.14232756,0.47892362,-0.41444707,-0.05097368,1.3463746,0.91403097,-0.13022672,0.41737366,-0.8470148,-0.38426965,-0.9227571,-0.12806052,1.0207723,-0.51424164,0.31996936,-0.8349886,0.7871963,-0.6757356,0.68799925,-1.5392276,0.86756974,-0.024456408,-0.71823794,0.058008578,-0.331758,-0.13874212,0.4810898,-0.6776777,-0.4337935,0.5048433,-0.043354634,0.403256,0.8400814,0.24893294,0.05823267,0.3493998,-0.3449046,-0.25220618,0.1181393,-0.030805614,0.46159402,-0.6770054,0.46988532,1.1426024,0.6435548,-0.13717349,0.80392826,-0.7715713,0.35081902,1.6154315,0.8444138,0.064059,-0.60074025,-1.6074256,-0.7238402,0.14458187,0.036720064,0.053228,-0.5418047,0.47615984,0.14450718,-1.2856328,-0.8463425,1.058046,0.3104082,0.5467481,-0.7014312,-1.6397692,-0.3686581,0.38734564,0.15010943,0.59216356,0.9333027,-0.3446805,-0.68537146,0.21427375,0.7477565,1.1537322,0.5591477,-0.470096,0.48594508,0.40026814,-0.6598252,-0.8461184,-0.16809787,0.40489933,-0.5992463,-0.34849003,-0.19558619,0.050240137,1.0045632,-0.32884482,-0.5115526,0.38592643,-0.3399746,-0.1413565,0.3209404,0.03896096,0.14092174,-1.285857,1.7767761,-1.7491996,-1.7678738,1.7215754,0.9126118,0.593284,-0.5604041,-1.7428504,-1.4168,1.8820982,-1.7869214,-1.8240455,-0.5995451,-0.6770801,-1.6981072,-1.9604415,-0.025427463,-0.9306002,1.6463559,-1.7429252,-1.6637468,-1.4168748,-1.9804602,-0.7928598,-1.5774723,-1.8100027,-1.8560157,1.5322196,-0.3271268,-0.82998395,-1.3772855,-0.8751007,-0.4396198,0.6818741,1.3215753,-0.76029205,-0.7230185,1.916608,0.76598245,-0.11244894,0.027308298,-0.029909255,-0.7455022,-0.86822855,1.6307443,1.7683353,1.044003,-1.2526917,0.3276631,0.19918504,1.3035735,-0.8511978,0.76762575,0.67522615,1.2319394,-0.171758,-0.72421366,0.5005856,-0.12865809,0.24407767,0.03283584,0.9509311,-1.4678178,0.21853146,1.5756183,-0.4636721,-0.23091766,-0.42288777,-0.5996945,-0.8246058,-0.046491887,-0.45164594,0.76598245,-0.60492325,0.80265844,-0.14038545,0.63391894,-0.642645,0.02812996,-1.0020101,0.6244325,-0.092579655,-0.34341067,-0.2994144,0.06988533,-0.3839709,0.75582373,-0.11177667,0.8353008,-0.21426032,-0.7543911,0.76755106,-0.6070148,0.8853475,-0.08219684,-1.020012,0.1851421,-0.26049748,-0.8613565,0.848298,0.012443686,-0.10744427,-0.77426034,0.7430506,-1.2689009,0.736552,-0.17661327,-0.79719216,1.4652915,0.07018411,0.7776351,0.06966124,0.8620422,0.26439515,1.2636108,1.1981766,-0.07375613,0.4942364,0.22503005,1.2171496,-1.0232239,-0.4198999,0.5060384,-0.5719821,-1.1207029,0.15332137,-0.6139615,
1,1,0,0,0,0,0,0,0,0,0,0,0,0,0,0,0,0,0,0,0,0,0,0,0,0,0,0,0,0,0,0,0,0,0,0,1,0,0,0,0,0,0,0,0,0,0,0,0,0,0,0,0,0,0,0,0,0,0,0,0,0,0,0,0,0,0,0,0,0,0,0,0,0,0,0,0,0,0,0,0,0,0,0,0,0,0,0,0,0,0,0,0,0,0,0,0,0,0,0,0,0,0,0,0,0,0,0,0,0,0,0,0,0,0,0,0,0,0,0,0,0,0,0,0,0,0,0,0,0,0,0,1,0,0,0,0,0,0,0,0,0,1,0,0,0,0,0,0,0,0,0,0,0,0,0,0,0,0,0,0,0,0,0,0,0,0,0,0,0,0,0,0,0,0,0,0,0,0,0,0,0,0,0,0,1,0,0,0,0,0,0,0,0,0,0,0,0,0,0,0,0,0,0,0,0,0,0,0,0,0,0,0,0,0,0,0,0,0,0,0,0,0,0,0,0,0,0,0,0,0,0,0,0,0,0,0,0,0,0,0,0,0,0,0,0,0,0,0,0,0,0,0,0,0,0,0,0,0,0,0,0,0,0,0,0,0,0,0,0,0,0,0,0,0,0,0,0,0,0,0,0,0,0,0,0,0,0,0,0,0,0,0,0,0,0,0,0,0,0,0,0,0,0,0,0,0,0,0,0,0,0,0,0,0,0,0,0,0,0,0,0,0,0,0,0,0,0,0,0,0,0,0,0,0,0,0,0,0,0,0,0,0,0,0,0,0,0,0,0,0,0,0,0,0,0,0,0,0,0,0,0,0,0,0,0,0,0,0,0,0,0,0,0,0,0,0,0,0,0,0,0,0,0,0,0,0,0,0,0,0,0,0,0,0,0,0,0,0,0,0,0,0,0,0,0,0,0,0,0,0,0,0,0,0,0,0,0,0,0,0,0,0,0,0,0,0,0,0,0,0,0,0,0,0,0,0,0,0,0,0,0,0,0,0,0,0,0,0,0,0,0,0,0,0,0,0,0,0,0,0,0,0,0,0,0,0,0,0,0,0,0,0,0,0,0,0,0,0,0,0,0,0,0,0,0,0,0,0,0,0,0,0,0,0,0,0,0,0,0,0,0,0,0,0,0,0,0,0,0,0,0,0,0,0,0,0,0,0,0,0,0,0,0,0,0,0,0,0,0,0,0,0,0,0,0,0,0,0,0,0,0,0,0,0,0,0,0,0,0,0,0,0,0,0,0,0,0,0,0,0,0,0,0,0,0,0,0,0,0,0,0,0,0,0,0,0,0,0,0,0,0,0,0,0,0,0,0,0,0,0,0,0,0,0,0,0,0,0,0,0,0,0,0,0,0,0,0,0,0,0,0,0,0,0,0,0,0,0,0,0,0,0,0,0,0,0,0,0,0,0,0,0,0,0,0,0,0,0,0,0,0,0,0,0,0,0,0,0,0,0,0,0,0,0,0,0,0,0,0,0,0,0,0,0,0,0,0,0,0,0,0,0,0,0,0,0,0,0,0,0,0,0,0,0,0,0,0,0,0,0,0,0,0,0,0,0,0,0,0,0,0,0,0,0,0,0,0,0,0,0,0,0,0,0,0,0,0,0,0,0,0,0,0,0,0,0,0,0,0,0,0,0,0,0,0,0,0,0,0,0,0,0,0,0,0,0,0,0,0,0,0,0,0,0,0,0,0,0,0,0,0,0,0,0,0,0,0,0,0,0,0,0,0,0,0,0,0,0,0,0,0,0,0,0,0,0,0,0,0,0,0,0,0,0,0,0,0,0,0,0,0,0,0,0,0,0,0,0,0,0,0,0,0,0,0,0,0,0,0,0,0,0,0,0,0,0,0,0,0,0,0,0,0,0,0,0,0,0,0,0,0,0,0,0,0,0,0,0,0,0,0,0,0,0,0,0,0,0,0,0,0,0,0,0,0,0,0,0,0,0,0,0,0,0,0,0,0,0,0,0,0,0,0,0,0,0,0,0,0,0,0,0,0,0,0,0,0,0,0,0,0,0,0,0,0,0,0,0,0,0,0,0,0,0,0,0,0,0,0,0,0,0,0,0,0,0,0,0,0,0,0,0,0,0,0,0,0,0,0,0,0,0,0,0,0,0,0,0,0,0,0,0,0,0,0,0,0,0,0,0,0,0,0,0,0,0,0,0,0,0,0,0,0,0,0,0,0,0,0,0,0,0,0,0,0,0,0,0,0,0,0,0,0,0,0,0,0,0,0,0,0,0,0,0,0,0,0,0,0,0,0,0,0,0,0,0,0,0,0,0,0,0,0,0,0,0,0,0,0,0,0,0,0,0,0,0,0,0,0,0,0,0,0,0,0,0,0,0,0,0,0,0,0,0,0,0,0,0,0,0,0,0,0,0,0,0,0,0,0,0,0,0,0,0,0,0,0,0,0,0,0,0,0,0,0,0,0,0,0,0,0,0,0,0,0,0,0,0,0,0,0,0,0,0,0,0,0,0,0,0,0,0,0,0,0,0,0,0,0,0,0,0,0,0,0,0,0,0,0,0,0,0,0,0,0,0,0,0,0,0,0,0,0,0,0,0,0,0,0,0,0,0,0,0,0,0,0,0,0,0,0,0,0,0,0,0,0,0,0,0,0,0,0,0,0,0,0,0,0,0,0,0,0,0,0,0,0,0,0,0,0,0,0,0,0,0,0,0,0,0,0,0,0,0,0,0,0,0,0,0,0,0,0,0,0,0,0,0,0,0,0,0,0,0,0,0,0,0,0,0,0,0,0,0,0,0,0,0,0,0,0,0,0,0,0,0,0,0,0,0,0,0,0,0,0,0,0,0,0,0,0,0,0,0,0,0,0,0,0,0,0,0,0,0,0,0,0,0,0,0,0,0,0,0,0,0,0,0,0,0,0,0,0,0,0,0,0,0,0,0,0,0,0,0,0,0,0,0,0,0,0,0,0,0,0,0,0,0,0,0,0,0,0,0,0,0,0,0,0,0,0,0,0,0,0,0,0,0,0,0,0,0,0,0,0,0,0,0,0,0,0,0,0,0,0,0,0,0,0,0,0,0,0,0,0,0,0,0,0,0,0,0,0,0,0,0,0,0,0,0,0,0,0,0,0,0,0,0,0,0,0,0,0,0,0,0,0,0,0,0,0,0,0,0,0,0,0,0,0,0,0,0,0,0,0,0,0,0,0,0,0,0,0,0,0,0,0,0,0,0,0,0,0,0,0,0,0,0,0,0,0,0,0,0,0,0,0,0,0,0,0,0,0,0,0,0,0,0,0,0,0,0,0,0,0,0,0,0,0,0,0,0,0,0,0,0,0,0,0,0,0,0,0,0,0,0,0,0,0,0,0,0,0,0,0,0,0,0,0,0,0,0,0,0,0,0,0,0,0,0,0,0,0,0,0,0,0,0,0,0,0,0,0,0,0,0,0,0,0,0,0,0,0,0,0,0,0,0,0,0,0,0,0,0,0,0,0,0,0,0,0,0,0,0,0,0,0,0,0,0,0,0,0,0,0,0,0,0,0,0,0,0,0,0,0,0,0,0,0,0,0,0,0,0,0,0,0,0,0,0,0,0,0,0,0,0,0,0,0,0,0,0,0,0,0,0,0,0,0,0,0,0,0,0,0,0,0,0,0,0,0,0,0,0,0,0,0,0,0,0,0,0,0,0,0,0,0,0,0,0,0,0,0,0,0,0,0,0,0,0,0,0,0,0,0,0,0,0,0,0,0,0,0,0,0,0,0,0,0,0,0,0,0,0,0,0,0,0,0,0,0,0,0,0,0,0,0,0,0,0,0,0,0,0,0,0,0,0,0,0,0,0,0,0,0,0,0,0,0,0,0,0,0,0,0,0,0,0,0,0,0,0,0,0,0,0,0,0,0,0,0,0,0,0,0,0,0,0,0,0,0,0,0,0,0,0,0,0,0,0,0,0,0,0,0,0,0,0,0,0,0,0,0,0,0,0,0,0,0,0,0,0,0,0,0,0,0,0,0,0,0,0,0,0,0,0,0,0,0,0,0,0,0,0,0,0,0,0,0,0,0,0,0,0,0,0,0,0,0,0,0,0,0,0,0,0,0,0,0,0,0,0,0,0,0,0,0,0,0,0,0,0,0,0,0,0,0,0,0,0,0,0,0,0,0,0,0,0,0,0,0,0,0,0,0,0,0,0,0,0,0,0,0,0,0,0,0,0,0,0,0,0,0,0,0,0,0,0,0,0,0,0,0,0,0,0,0,0,0,0,0,0,0,0,0,0,0,0,0,0,0,0,0,0,0,0,0,0,0,0,0,0,0,0,0,0,0,0,0,0,0,0,0,0,0,0,0,0,0,0,0,0,0,0,0,0,0,0,0,0,0,0,0,0,0,0,0,0,0,0,0,0,0,0,0,0,0,0,0,0,0,0,0,0,0,0,0,0,0,0,0,0,0,0,0,0,0,0,0,0,0,0,0,0,0,0,0,0,0,0,0,0,0,0,0,0,0,0,0,0,0,0,0,0,0,0,0,0,0,0,0,0,0,0,0,0,0,0,0,0,0,0,0,0,0,0,0,0,0,0,0,0,0,0,0,0,0,0,0,0,0,0,0,0,0,0,0,0,0,0,0,0,0,0,0,0,0,0,0,0,0,0,0,0,0,0,0,0,0,0,0,0,0,0,0,0,0,0,0,0,0,0,0,0,0,0,0,0,0,0,0,0,0,0,0,0,0,0,0,0,0,0,0,0,0,0,0,0,0,0,0,0,0,0,0,0,0,0,0,0,0,0,0,0,0,0,0,0,0,0,0,0,0,0,0,0,0,0,0,0,0,0,0,0,0,0,0,0,0,0,0,0,0,0,0,0,0,0,0,0,0,0,0,0,0,0,0,0,0,0,0,0,0,0,0,0,0,0,0,0,0,0,0,0,0,0,0,0,0,0,0,0,0,0,0,0,0,0,0,0,0,0,0,0,0,0,0,0,0,0,0,0,0,0,0,0,0,0,0,0,0,0,0,0,0,0,0,0,0,0,0,0,0,0,0,0,0,0,0,0,0,0,0,0,0,0,0,0,0,0,0,0,0,0,0,0,0,0,0,0,0,0,0,0,0,0,0,0,0,0,0,0,0,0,0,0,0,0,0,0,0,0,0,0,0,0,0,0,0,0,0,0,0,0,0,0,0,0,0,0,0,0,0,0,0,0,0,0,0,0,0,0,0,0,0,0,0,0,0,0,0,0,0,0,0,0,0,0,0,0,0,0,0,0,0,0,0,0,0,0,0,0,0,0,0,0,0,0,0,0,0,0,0,0,0,0,0,0,0,0,0,0,0,0,0,0,0,0,0,0,0,0,0,0,0,0,0,0,0,0,0,0,0,0,0,0,0,0,0,0,0,0,0,0,0,0,0,0,0,0,0,0,0,0,0,0,0,0,0,0,0,0,0,0,0,0,0,0,0,0,0,0,0,0,0,0,0,0,0,0,0,0,0,0,0,0,0,0,0,0,0,0,0,0,0,0,0,0,0,0,0,0,0,0,0,0,0,0,0,0,0,0,0,0,0,0,0,0,0,0,0,0,0,0,0,0,0,0,0,0,0,0,0,0,0,0,0,0,0,0,0,0,0,0,0,0,0,0,0,0,0,0,0,0,0,0,0,0,0,0,0,0,0,0,0,0,0,0,0,0,0,0,0,0,0,0,0,0,0,0,0,0,0,0,0,0,0,0,0,0,0,0,0,0,0,0,0,0,0,0,0,0,0,0,0,0,0,0,0,0,0,0,0,0,0,0,0,0,0,0,0,0,0,0,0,0,0,0,0,0,0,0,0,0,0,0,0,0,0,0,0,0,0,0,0,0,0,0,0,0,0,0,0,0,0,0,0,0,0,0,0,0,0,0,0,0,0,0,0,0,0,0,0,0,0,0,0,0,0,0,0,0,0,0,0,0,0,0,0,0,0,0,0,0,0,0,0,0,0,0,0,0,0,0,0,0,0,0,0,0,0,0,0,0,0,0,0,0,0,0,0,0,0,0,0,0,0,0,0,0,0,0,0,0,0,0,0,0,0,0,0,0,0,0,0,0,0,0,0,0,0,0,0,0,0,0,0,0,0,0,0,0,0,0,0,0,0,0,0,0,0,0,0,0,0,0,0,0,0,0,0,0,0,0,0,0,0,0,0,0,0,0,0,0,0,0,0,0,0,0,0,0,0,0,0,0,0,0,0,0,0,0,0,0,0,0,0,0,0,0,0,0,0,0,0,0,0,0,0,0,0,0,0,0,0,0,0,0,0,0,0,0,0,0,0,0,0,0,0,0,0,0,0,0,0,0,0,0,0,0,0,0,0,0,0,0,0,0,0,0,0,0,0,0,0,0,0,0,0,0,0,0,0,0,0,0,0,0,0,0,0,0,0,0,0,0,0,0,0,0,0,0,0,0,0,0,0,0,0,0,0,0,0,0,0,0,0,0,0,0,0,0,0,0,0,0,0,0,0,0,0,0,0,0,0,0,0,0,0,0,0,0,0,0,0,0,0,0,0,0,0,0,0,0,0,0,0,0,0,0,0,0,0,0,0,0,0,0,0,0,0,0,0,0,0,0,0,0,0,0,0,0,0,0,0,0,0,0,0,0,0,0,0,0,0,0,0,0,0,0,0,0,0,0,0,0,0,0,0,0,0,0,0,0,0,0,0,0,0,0,0,0,0,0,0,0,0,0,0,0,0,0,0,0,0,0,0,0,0,0,0,0,0,0,0,0,0,0,0,0,0,0,0,0,0,0,0,0,0,0,0,0,0,0,0,0,0,0,0,0,0,0,0,0,0,0,0,0,0,0,0,0,0,0,0,0,0,0,0,0,0,0,0,0,0,0,0,0,0,0,0,0,0,0,0,0,0,0,0,0,0,0,0,0,0,0,0,0,0,0,0,0,0,0,0,0,0,0,0,0,0,0,0,0,0,0,0,0,0,0,0,0,0,0,0,0,0,0,0,0,0,0,0,0,0,0,0,0,0,0,0,0,0,0,0,0,0,0,0,0,0,0,0,0,0,0,0,0,0,0,0,0,0,0,0,0,0,0,0,0,0,0,0,0,0,0,0,0,0,0,0,0,0,0,0,0,0,0,0,0,0,0,0,0,0,0,0,0,0,0,0,0,0,0,0,0,0,0,0,0,0,0,0,0,0,0,0,0,0,0,0,0,0,0,0,0,0,0,0,0,0,0,0,0,0,0,0,0,0,0,0,0,0,0,0,0,0,0,0,0,0,0,0,0,0,0,0,0,0,0,0,0,0,0,0,0,0,0,0,0,0,0,0,0,0,0,0,0,0,0,0,0,0,0,0,0,0,0,0,0,0,0,0,0,0,0,0,0,0,0,0,0,0,0,0,0,0,0,0,0,0,0,0,0,0,0,0,0,0,0,0,0,0,0,0,0,0,0,0,0,0,0,0,0,0,0,0,0,0,0,0,0,0,0,0,0,0,0,0,0,0,0,0,0,0,0,0,0,0,0,0,0,0,0,0,0,0,0,0,0,0,0,0,0,0,0,0,0,0,0,0,0,0,0,0,0,0,0,0,0,0,0,0,0,0,0,0,0,0,0,0,0,0,0,0,0,0,0,0,0,0,0,0,0,0,0,0,0,0,0,0,0,0,0,0,0,0,0,0,0,0,0,0,0,0,0,0,0,0,0,0,0,0,0,0,0,0,0,0,0,0,0,0,0,0,0,0,0,0,0,0,0,0,0,0,0,0,0,0,0,0,0,0,0,0,0,0,0,0,0,0,0,0,0,0,0,0,0,0,0,0,0,0,0,0,0,0,0,0,0,0,0,0,0,0,0,0,0,0,0,0,0,0,0,0,0,0,0,0,0,0,0,0,0,0,0,0,0,0,0,0,0,0,0,0,0,0,0,0,0,0,0,0,0,0,0,0,0,0,0,0,0,0,0,0,0,0,0,0,0,0,0,0,0,0,0,0,0,0,0,0,0,0,0,0,0,0,0,0,0,0,0,0,0,0,0,0,0,0,0,0,0,0,0,0,0,0,0,0,0,0,0,0,0,0,0,0,0,0,0,0,0,0,0,0,0,0,0,0,0,0,0,0,0,0,0,0,0,0,0,0,0,0,0,0,0,0,0,0,0,0,0,0,0,0,0,0,0,0,0,0,0,0,0,0,0,0,0,0,0,0,0,0,0,0,0,0,0,0,0,0,0,0,0,0,0,0,0,0,0,0,0,0,0,0,0,0,0,0,0,0,0,0,0,0,0,0,0,0,0,0,0,0,0,0,0,0,0,0,0,0,0,0,0,0,0,0,0,0,0,0,0,0,0,0,0,0,0,0,0,0,0,0,0,0,0,0,0,0,0,0,0,0,0,0,0,0,0,0,0,0,0,0,0,0,0,0,0,0,0,0,0,0,0,0,0,0,0,0,0,0,0,0,0,0,0,0,0,0,0,0,0,0,0,0,0,0,0,0,0,0,0,0,0,0,0,0,0,0,0,0,0,0,0,0,0,0,0,0,0,0,0,0,0,0,0,0,0,0,0,0,0,0,0,0,0,0,0,0,0,0,0,0,0,0,0,0,0,0,0,0,0,0,0,0,0,0,0,0,0,0,0,0,0,0,0,0,0,0,0,0,0,0,0,0,0,0,0,0,0,0,0,0,0,0,0,0,0,0,0,0,0,0,0,0,0,0,0,0,0,0,0.54868615,-0.29510218,-0.35288095,0.41277882,-0.59550345,0.7203267,-0.16089065,-0.23393176,-0.09499619,-0.24955748,-0.17609242,-0.9531989,0.93272734,-1.2304039,1.0354452,-0.16846125,0.77144337,0.25476533,-0.03255392,0.13975285,0.5116205,-0.09766104,0.45796013,-0.42422625,0.36626506,0.7242634,-0.1235222,-0.62469566,-0.263124,0.2720263,-0.49036297,-0.4817628,0.20019647,-0.035097636,0.14768682,0.62705696,-0.7053679,-0.2995234,0.15071507,0.03969985,-0.13884509,0.6080396,0.23017605,0.32132602,-0.23708114,0.040911146,0.19298927,0.09784202,-0.28753158,-0.004209606,-0.44300133,-0.4346434,0.18505529,-0.16688657,-0.64758915,-0.28722876,0.43809488,0.01771484,-0.6926493,-0.19353506,0.17064087,-0.48806152,0.66024643,-0.7566057,0.21461089,0.3777118,0.88712204,-0.08542696,0.0036638135,0.40853927,0.17082258,0.06259333,-0.19323224,-0.5102888,0.036368787,-0.33337912,-0.7153611,0.43264404,-0.19171812,0.4442725,0.41877472,-0.08052121,0.3180555,0.17784809,-0.07664507,0.19565412,-0.14526495,0.54184234,-0.47564575,0.34621814,-0.15786242,0.029585533,0.33368123,-0.14338744,-0.101779446,0.17294234,0.6530998,-0.2685748,-0.13981412,0.2659698,0.07016393,-0.7320164,-0.3423427,0.4726168,0.43645963,-0.17348813,0.21418694,-0.19341394,0.3892797,-0.848543,0.0070554405,0.14126696,0.117586136,-0.34476528,-0.10093154,0.40169546,0.19831897,0.24162278,0.0997801,-0.1931111,0.119463645,-0.44384924,0.18887086,-0.30582213,-0.34167647,0.4368836,0.41253656,-0.42749676,-0.10081041,0.31744987,-0.32108447,0.082216315,0.1635548,0.31575406,0.46377435,0.44275838,-0.50980425,0.15755889,-0.07058859,-0.24095728,0.09051369,-0.02534671,-0.23356837,0.019592347,-0.015777476,0.33652776,0.057142504,0.10934933,-0.44845217,-0.20558746,0.12915401,-0.29752478,-0.04188089,-0.5883568,0.21727574,-0.14217615,0.21763913,-0.24150236,-0.10498938,-0.18099816,0.26451626,0.41132525,-0.5203425,0.5474143,-0.1585892,-0.4961772,-0.044788,-0.56001246,-0.09281586,0.10813803,0.08899957,0.43252292,-0.16228364,-0.208434,0.4439091,-0.14084372,0.027950285,-0.01910854,-0.2261189,-0.6481948,0.17633396,0.29389018,0.42822284,-0.015535218,0.00590471,0.23768607,0.3852824,-0.44300133,0.3620861,0.103716806,-0.09705539,-0.075009815,-0.12085734,-0.100083634,0.05114659,-0.09856951,0.160466,-0.40193844,-0.24192631,-0.25428152,-0.009054787,0.1038985,0.21152209,-0.07494925,0.07700775,-0.26251835,0.27014878,-0.4795219,0.04478729,0.11001554,0.26760507,-0.4195022,0.06998223,0.34294763,0.07222313,-0.14429592,0.0016046114,-0.16943029,-0.4456662,-0.41477814,-0.053993843,0.32592893,-0.47055832,0.07452459,0.099961795,0.07900638,0.3870388,0.16737038,0.08530512,-0.07646337,-0.06901391,0.34379554,0.23320428,-0.19268715,0.082216315,-0.2414418,-0.024377674,-0.18632786,0.34724772,0.10856199,0.034975797,-0.11358958,0.307275,-0.34391737,0.20588957,-0.35560638,-0.12134186,-0.0874256,-0.107714795,-0.28807667,-0.43797445,-0.4282841,0.038730815,-0.4572946,0.15992092,-0.41338518,-0.17463885,0.07749227,0.23804946,-0.25585622,-0.27578202,-0.026315745,0.33919263,-0.13781548,0.08996861,0.5480805,-0.027224217,0.5884772,-0.13085054,-0.07046746,-0.2555534,-0.10995569,-0.013839404,0.08366987,-0.1608301,0.14138809,0.11268039,0.24459046,0.53669435,-0.061140485,0.12406657,-0.14181276,0.56643164,0.009478031,0.14296278,-0.2992206,0.36214668,0.3364672,0.5164051,0.2881971,-0.18051364,-0.29976568,-0.27947646,0.053508617,-0.38267884,0.042183004,-0.35821065,0.03437015,0.19498791,-0.40169618,0.48230717,0.11467903,0.15568137,0.021348726,-0.30909264,-0.26360852,0.01099215,-0.08251985,0.16264632,0.32350636,-0.17548676,0.20201342,-0.15495531,0.03297716,0.26397118,-0.0038462176,0.18820466,0.071920305,0.20667692,0.2588232,-0.004270171,-0.32586908,0.13648234,-0.061140485,0.20013592,0.3407673,0.00051444565,-0.059989758,-0.024256544,-0.11322618,-0.076705635,-0.18517713,-0.47098225,-0.16192026,0.15556026,-0.27971873,0.00039331612,0.017896533,0.046240844,-0.19365619,0.34633926,-0.2938303,-0.3321678,0.17530437,0.22823797,0.047149315,-0.44930008,-0.5392993,0.11213531,-0.17996857,0.058959447,-0.32592964,0.45220646,-0.26403245,-0.22236389,-0.7091229,-0.49236163,0.5912632,0.20540506,-0.25852105,-0.11480087,0.41592818,0.06283559,-0.14163107,0.1424177,0.3782569,-0.15749903,-0.10062871,-0.10353582,0.19262588,-0.041335806,-0.0363695,0.2041332,-0.1470819,0.25264558,0.12654972,0.3792865,-0.06852939,-0.32193238,0.13175829,0.26239648,-0.31024337,-0.23138805,0.2521005,-0.35821065,-0.6240294,-0.1774854,0.19093007,0.011294974,-0.67248124,0.32277957,-0.25131387,0.11831292,0.23090282,0.43385535,0.29770574,-0.5597702,0.21509542,-0.12897302,0.08457834,0.071920305,-0.055265706,0.03182643,0.2978269,-0.22557382,-0.0989329,-0.22514987,0.29722124,0.028253108,-0.05568966,0.14284165,0.26385006,-0.2797793,-0.10299074,-0.25119272,-0.0011813678,0.0476944,0.27765882,-0.06271517,-0.050178263,0.24586232,0.05381144,-0.6045276,0.24010867,-0.114074096,0.011537233,-0.012991497,0.033946197,-0.050359957,0.11643541,-0.035582155,0.102808334,0.121643975,0.12576239,-0.59719926,0.23701985,-0.0691956,0.17627339,0.24380311,-0.16331325,-0.2907415,0.06271446,0.06386519,-0.098872334,-0.041335806,-0.14920166,-0.26475924,0.15931526,-0.11813193,-0.26251835,-0.009175917,0.010204808,-0.043092187,0.110439494,-0.18929553,0.4221058,-0.14096485,-0.042728797,0.41114357,-0.12194751,-0.19408014,0.009659725,-0.027284782,-0.2863203,-0.44130552,0.33022904,-0.03854983,0.054659348,0.025043176,-0.027769301,0.43228066,0.34294763,-0.29431483,0.43300745,-0.033038434,-0.2106749,0.26475853,0.15319823,0.09899276,0.46038273,-0.27905253,-0.2823836,-0.39588195,0.06980054,0.12012986,-0.035339896,0.01099215,-0.10268792,0.09281515,-0.34930766,0.12630747,-0.0874256,0.39273188,-0.042183716,-0.038489264,0.2613669,-0.1907491,-0.32193238,-0.23962486,-0.05520514,0.050722636,-0.105110504,-0.02637631,-0.15398628,0.17475928,0.044363335,-0.063926466,0.2133996,-0.015656346,0.13714856,0.18402569,-0.15846807,-0.22157656,-0.046059858,-0.13012375,0.3593607,0.38382885,0.12340036,0.039397027,0.234355,-0.08875802,-0.18329962,0.3440378,-0.23102465,0.097478636,-0.20255922,-0.2931641,0.015534508,-0.31339273,-0.18136154,0.05114659,0.325505,0.25936827,-0.022015648,-0.068166,0.34633926,-0.02546784,0.22393787,-0.07458586,-0.34633997,0.11407338,0.124127135,0.38419223,-0.28722876,0.3280487,0.0031187306,0.33204597,0.2728742,-0.19250546,0.32429367,-0.030918669,-0.23247822,0.044242207,-0.04424292,-0.015292958,0.1092282,0.56382734,0.4205311,0.1817848,-0.024619933,-0.021349436,0.10299003,-0.15659055,-0.27796236,0.49278486,0.21612501,0.06465253,-0.1735487,-0.011598508,-0.18227002,0.011597798,0.17015636,0.04224357,0.16531117,-0.06550115,-0.25821823,-0.12055452,-0.12527858,0.121643975,0.21994059,-0.40569344,0.38510072,0.022196632,0.3473083,0.2015289,-0.071254805,0.38516128,0.34761113,0.030978523,-0.2840188,0.08597133,0.1769396,-0.32247746,0.35615075,0.03509693,-0.47237524,-0.069256164,-9.120202e-05,-0.0287989,0.45729393,0.2505258,0.14005567,0.09378418,0.15598421,0.033522245,-0.20098454,0.1918991,0.4285862,-0.28862175,-0.121099606,0.15459122,-0.08488187,-0.32574794,0.1147396,0.09087708,-0.13666475,-0.2600352,-0.3899466,-0.063623644,0.0057835802,0.1697324,-0.21231015,-0.081732504,-0.16979368,-0.2555534,-0.14581002,0.18323834,0.07749227,-0.1946858,0.014080954,0.2587626,0.03461241,0.14907981,0.07149635,-0.2283598,0.28226173,-0.44330415,-0.28607804,-0.3401018,-0.6054966,-0.047634542,-0.11013738,-0.049027532,-0.27487355,-0.36269245,-0.0059659844,-0.33652848,-0.31405896,-0.11982775,-0.016261995,0.42034942,-0.013233757,-0.03182714,0.4405175,0.21806309,0.32974452,0.033037726,-0.5105916,0.08542625,0.25058636,0.024255835,-0.12000944,-0.10486825,0.11595089,0.10032518,-0.06683358,0.12152285,-0.09832726,0.3273825,-0.26681843,0.2874703,-0.18796311,0.14150922,-0.22533157,0.39963627,0.023529056,0.07234426,-0.19135474,-0.016443688,-0.09657087,-0.14181276,-0.21237071,-0.35033724,0.0008172695,0.30127907,-0.32005486,0.26954314,0.3202964,-0.15937653,-0.36856723,-0.27541864,0.16949014,0.30842572,0.1914146,0.31381598,0.115102984,-0.09705539,-0.16101179,0.3610565,-0.36148116,-0.08663826,-0.17990799,-0.013899969,0.40629837,0.04278865,-0.60113597,0.20098382,-0.41290066,-0.25973237,0.07652323,-0.47825003,0.12558068,0.016140155,-0.06604623,-0.23980655,0.078158475,-0.05508401,-0.3198126,-0.49981108,-0.00844914,-0.021228306,-0.09814556,-0.19208151,0.031402476,-0.25815767,0.13823873,-0.11225715,-0.2978276,-0.17936291,0.042061877,-0.029586243,0.13914719,-0.09941742,0.2312662,0.31993303,0.27226856,-0.055810787,-0.06410816,-0.016685948,-0.22630061,-0.034673683,0.006570922,0.058111537,-0.107896484,0.20043874,-0.028496077,-0.061140485,0.027344637,0.11370999,-0.05187408,-0.34004125,0.0149894245,-0.30200657,-0.14411421,0.11722275,0.09008974,-0.063805334,0.23792833,0.121946804,-0.083731145,0.31048492,0.17148878,-0.15719621,0.20643465,-0.08754672,0.29243663,0.22460409,-0.071557626,-0.014505616,-0.081853636,-0.07458586,0.21636727,0.045877457,-0.10153718,0.36154103,0.23108451,0.28189835,-0.11885871,-0.056900952,-0.2931641,0.06828642,-0.19420128,0.037882905,-0.096328616,-0.11825306,0.26615152,-0.019532492,-0.16967255,-0.07737184,0.3780752,-0.0480585,0.038488556,-0.3937016,-0.090272136,0.008751254,-0.1900223,-0.36202624,-0.067984305,0.08288253,0.200681,-0.045757037,-0.3043686,0.2094629,0.15440951,0.08354874,-0.1891744,0.3860092,0.07664435,-0.092149645,-0.20116623,0.011355539,-0.04109355,0.049511343,0.14768682,-0.307094,0.06901319,-0.30339956,0.09257289,0.1860849,-0.18208833,0.023892445,0.10529149,-0.03146375,0.22272657,-0.036248367,0.05138885,0.14375012,0.31769213,0.08591077,0.0530241,-0.15277497,0.2821406,0.27105725,-0.1670077,-0.16416116,0.4428795,-0.020501528,-0.18614617,0.108077474,-0.0041490416,0.21570106,-0.37862098,-0.06513776,0.27917293,0.010689327,-0.18572222,0.0626539,-0.024256544,0.042364698,0.09941671,-0.038004745,0.21679123,0.03842799,0.1900216,0.07276821,-0.23241764,0.17003523,0.16942959,0.08167123,-0.049693745,0.010749891,0.18735676,0.15562081,0.08415439,-0.03933717,-0.20334657,-0.08585091,0.072707646,-0.12751947,0.13714856,0.2464074,-0.28195962,0.28208005,-0.10159775,-0.010387212,-0.024317108,0.051207155,-0.25325194,-0.009721,-0.19735065,0.18765958,0.038488556,0.34143353,-0.07398022,0.3430082,-0.020743787,0.13097095,0.0029976012,-0.16010332,0.19577526,-0.07028577,0.017412016,0.17627339,0.27814335,-0.01620143,0.26615152,0.046119716,-0.08361001,0.066469476,-0.08040008,0.06513705,0.019834606,-0.32278028,0.03552088,-0.05550796,0.09905332,-0.09105948,0.05671855,-0.007298409,-0.15864976,-0.11280223,0.020743078,-0.18475318,-0.13048714,0.1250356,-0.173367,-0.2340529,0.21969834,-0.0936032,0.3218711,0.359179,0.1092282,-0.07167876,0.21376298,-0.099599116,-0.18390527,0.18269326,0.17924108,-0.25670412,-0.15350175,-0.51137894,0.071920305,0.061200343,-0.19819856,-0.09596523,0.13327241,0.061200343,0.25543153,0.18002841,0.06804416,-0.0033616994,-0.21043263,0.2654853,0.32108375,-0.07731128,0.0009989637,0.476069,-0.032675046,-0.14847489,-0.1773037,0.17173104,-0.19741121,0.18214817,-0.1762741,-0.01723103,-0.07222384,-0.025528403,-0.17409378,0.016442979,0.14623328,-0.15519758,0.1561659,-0.2637902,-0.046241555,0.25543153,-0.21763985,0.10722956,-0.069861814,0.2152771,-0.22109203,-0.22333293,0.052176192,-0.18021081,0.059807353,0.06483423,-0.08772842,0.2929817,0.22393787,-0.18233058,-0.14665794,-0.14078316,-0.07476756,-0.15138198,0.15477291,0.14726287,0.42416498,0.10238438,0.38891628,0.28547168,-0.16016388,-0.11292336,-0.1795446,0.17530437,0.084699474,0.40133208,0.33368123,-0.6099784,-0.0125069795,-0.016685948,0.12721594,0.100749135,0.17379025,-0.40260464,-0.08548752,-0.22581609,0.084699474,-0.10898665,0.15755889,-0.12116017,0.2814744,-0.28262582,0.14659666,0.39745593,-0.35312322,-0.073919654,-0.04666551,-0.20910022,0.10474641,-0.14114654,0.04581689,-0.14944391,0.07628097,0.2604584,0.33283332,-1.6618673,-0.52542996,-0.8007574,1.7697929,-1.4653952,-0.5662506,-0.9998338,-0.46855968,-1.7692486,1.2671055,1.9511844,0.29528317,0.9647055,1.3480805,-0.39176354,0.36899048,-0.6334775,-0.34652168,-0.53396964,-1.8540999,-0.38243657,-0.6592781,-1.0260583,-0.07464643,0.66642404,-0.64431864,-1.0898936,1.4438939,-1.0843216,-1.3799382,-0.2978276,-1.0307823,1.438322,0.52791244,-1.2897574,-0.010084389,0.8107499,-0.3337425,0.714997,0.12818497,1.4814441,1.2016349,-1.0482856,-0.64789194,0.800999,-0.54935306,-0.96434283,-1.0933458,-0.5031422,-0.58369327,1.4072523,0.6666663,-0.52555114,0.07016393,-1.5087595,-0.9249152,0.03715613,0.2771743,1.1356193,-0.16652317,0.9546518,-0.19395901,0.45408398,0.6707847,0.32090205,1.0914676,-0.48273182,-0.5478389,0.8727682,0.5774544,1.5186309,-0.06604623,0.9051704,-1.2406393,0.45868692,0.8148683,0.14029792,-0.009781565,0.05823267,-1.4254224,-0.92007,0.18148197,1.3674006,-0.1807559,-0.9041415,-0.04745285,-0.18130098,0.37419906,1.094617,-0.3896438,-1.0281781,0.930547,-1.0433193,-0.21963848,-0.6478314,-0.9925055,-0.5587406,0.33846584,-0.7566057,-0.12673213,0.6055565,-0.5554701,-1.7823306,-0.3712321,0.75769514,0.9501094,-1.1807407,-0.26469865,-0.017533856,0.028434804,-0.96337384,-0.046907768,0.46086723,-1.1478541,0.07440346,0.7995454,-0.044788,-0.325324,0.45226705,0.7306227,0.3645087,0.027768591,-0.88488185,0.8045723,-0.8738591,-0.85211635,0.79264104,0.3717159,
1,1,0,0,0,0,0,0,0,0,0,0,0,0,0,0,0,0,0,0,0,0,0,0,0,0,0,0,0,0,0,0,0,0,0,0,0,0,0,0,0,0,0,0,0,0,0,0,0,0,0,0,0,0,0,0,0,0,0,0,0,0,0,0,0,0,0,0,0,0,0,0,0,0,0,0,0,0,0,0,0,0,0,0,0,0,0,0,0,0,0,0,0,0,0,0,0,0,0,0,0,0,0,0,0,0,0,0,0,0,0,0,0,0,0,0,0,0,0,0,0,0,0,0,0,0,0,0,0,0,0,0,0,0,0,0,0,0,0,0,0,0,0,0,0,0,0,0,0,0,0,0,0,0,0,0,0,0,0,0,0,0,0,0,0,0,0,0,0,0,0,0,0,0,0,0,0,0,0,0,0,0,0,0,0,0,0,0,0,0,0,0,0,0,0,0,0,0,0,0,0,0,0,0,0,0,0,0,0,0,0,0,0,0,0,0,0,0,0,0,0,0,0,0,0,0,0,0,0,0,0,0,0,0,0,0,0,0,0,0,0,1,0,0,0,0,0,0,0,0,0,0,0,0,0,0,0,0,0,0,0,0,0,0,0,0,0,0,0,0,0,0,0,0,0,0,0,0,0,0,0,0,0,0,0,0,0,0,0,0,0,0,0,0,0,0,0,0,0,0,0,0,0,0,0,0,0,0,0,0,0,0,0,0,0,0,0,0,0,0,0,0,0,0,0,0,0,0,0,0,0,0,0,0,0,0,0,0,0,0,0,0,0,0,0,0,0,0,0,0,0,0,0,0,0,0,0,0,0,0,0,0,0,0,0,0,0,0,0,0,0,0,0,0,0,0,0,0,0,0,0,0,0,0,0,0,0,0,0,0,0,0,0,0,0,0,0,0,0,0,0,0,0,0,0,0,0,0,0,0,0,0,0,0,0,0,0,0,0,0,0,0,0,0,0,0,0,0,0,0,0,0,0,0,0,0,0,0,0,0,0,0,0,0,0,0,0,0,0,0,0,0,0,0,0,0,0,0,0,0,0,0,0,0,0,0,0,0,0,0,0,0,0,0,0,0,0,0,0,0,0,0,0,0,0,0,0,0,0,0,0,0,0,0,0,0,0,0,0,0,0,0,0,0,0,0,0,0,0,0,0,0,0,0,0,0,0,0,0,0,0,0,0,0,0,0,0,0,0,0,0,0,0,0,0,0,0,0,0,0,0,0,0,0,0,0,0,0,0,0,0,0,0,0,0,0,0,0,0,0,0,0,0,0,0,0,0,0,0,0,0,0,0,0,0,0,0,0,0,0,0,0,0,0,0,0,0,0,0,0,0,0,0,0,0,0,0,0,0,0,0,0,0,0,0,0,0,0,0,0,0,0,0,0,0,0,0,0,0,0,0,0,0,0,0,0,0,0,0,0,0,0,0,0,0,0,0,0,0,0,0,0,0,0,0,0,0,0,0,0,0,0,0,0,0,0,0,0,0,0,0,0,0,0,0,0,0,0,0,0,0,0,0,0,0,0,0,0,0,0,0,0,0,0,0,0,0,0,0,0,0,0,0,0,0,0,0,0,0,0,0,0,0,0,0,0,0,0,0,0,0,0,0,0,0,0,0,0,0,0,0,0,0,0,0,0,0,0,0,0,0,0,0,0,0,0,0,0,0,0,0,0,0,0,0,0,0,0,0,0,0,0,0,0,0,0,0,0,0,0,0,0,0,0,0,0,0,0,0,0,0,0,0,0,0,0,0,0,0,0,0,0,0,0,0,0,0,0,0,0,0,0,0,0,0,0,0,0,0,0,0,0,0,0,0,0,0,0,0,0,0,0,0,0,0,0,0,0,0,0,0,0,0,0,0,0,0,0,0,0,0,0,0,0,0,0,0,0,0,0,0,0,0,0,0,0,0,0,0,0,0,0,0,0,0,0,0,0,0,0,0,0,0,0,0,0,0,0,0,0,0,0,0,0,0,0,0,0,0,0,0,0,0,0,0,0,0,0,0,0,0,0,0,0,0,0,0,0,0,0,0,0,0,0,0,0,0,0,0,0,0,0,0,0,0,0,0,0,0,0,0,0,0,0,0,0,0,0,0,0,0,0,0,0,0,0,0,0,0,0,0,0,0,0,0,0,0,0,0,0,0,0,0,0,0,0,0,0,0,0,0,0,0,0,0,0,0,0,0,0,0,0,0,0,0,0,0,0,0,0,0,0,0,0,0,0,0,0,0,0,0,0,0,0,0,0,0,0,0,0,0,0,0,0,0,0,0,0,0,0,0,0,0,0,0,0,0,0,0,0,0,0,0,0,0,0,0,0,0,0,0,0,0,0,0,0,0,0,0,0,0,0,0,0,0,0,0,0,0,0,0,0,0,0,0,0,0,0,0,0,0,0,0,0,0,0,0,0,0,0,0,0,0,0,0,0,0,0,0,0,0,0,0,0,0,0,0,0,0,0,0,0,0,0,0,0,0,0,0,0,0,0,0,0,0,0,0,0,0,0,0,0,0,0,0,0,0,0,0,0,0,0,0,0,0,0,0,0,0,0,0,0,0,0,0,0,0,0,0,0,0,0,0,0,0,0,0,0,0,0,0,0,0,0,0,0,0,0,0,0,0,0,0,0,0,0,0,0,0,0,0,0,0,0,0,0,0,0,0,0,0,0,0,0,0,0,0,0,0,0,0,0,0,0,0,0,0,0,0,0,0,0,0,0,0,0,0,0,0,0,0,0,0,0,0,0,0,0,0,0,0,0,0,0,0,0,0,0,0,0,0,0,0,0,0,0,0,0,0,0,0,0,0,0,0,0,0,0,0,0,0,0,0,0,0,0,0,0,0,0,0,0,0,0,0,0,0,0,0,0,0,0,0,0,0,0,0,0,0,0,0,0,0,0,0,0,0,0,0,0,0,0,0,0,0,0,0,0,0,0,0,0,0,0,0,0,0,0,0,0,0,0,0,0,0,0,0,0,0,0,0,0,0,0,0,0,0,0,0,0,0,0,0,0,0,0,0,0,0,0,0,0,0,0,0,0,0,0,0,0,0,0,0,0,0,0,0,0,0,0,0,0,0,0,0,0,0,0,0,0,0,0,0,0,0,0,0,0,0,0,0,0,0,0,0,0,0,0,0,0,0,0,0,0,0,0,0,0,0,0,0,0,0,0,0,0,0,0,0,0,0,0,0,0,0,0,0,0,0,0,0,0,0,0,0,0,0,0,0,0,0,0,0,0,0,0,0,0,0,0,0,0,0,0,0,0,0,0,0,0,0,0,0,0,0,0,0,0,0,0,0,0,0,0,0,0,0,0,0,0,0,0,0,0,0,0,0,0,0,0,0,0,0,0,0,0,0,0,0,0,0,0,0,0,0,0,0,0,0,0,0,0,0,0,0,0,0,0,0,0,0,0,0,0,0,0,0,0,0,0,0,0,0,0,0,0,0,0,0,0,0,0,0,0,0,0,0,0,0,0,0,0,0,0,0,0,0,0,0,0,0,0,0,0,0,0,0,0,0,0,0,0,0,0,0,0,0,0,0,0,0,0,0,0,0,0,0,0,0,0,0,0,0,0,0,0,0,0,0,0,0,0,0,0,0,0,0,0,0,0,0,0,0,0,0,0,0,0,0,0,0,0,0,0,0,0,0,0,0,0,0,0,0,0,0,0,0,0,0,0,0,0,0,0,0,0,0,0,0,0,0,0,0,0,0,0,0,0,0,0,0,0,0,0,0,0,0,0,0,0,0,0,0,0,0,0,0,0,0,0,0,0,0,0,0,0,0,0,0,0,0,0,0,0,0,0,0,0,0,0,0,0,0,0,0,0,0,0,0,0,0,0,0,0,0,0,0,0,0,0,0,0,0,0,0,0,0,0,0,0,0,0,0,0,0,0,0,0,0,0,0,0,0,0,0,0,0,0,0,0,0,0,0,0,0,0,0,0,0,0,0,0,0,0,0,0,0,0,0,0,0,0,0,0,0,0,0,0,0,0,0,0,0,0,0,0,0,0,0,0,0,0,0,0,0,0,0,0,0,0,0,0,0,0,0,0,0,0,0,0,0,0,0,0,0,0,0,0,0,0,0,0,0,0,0,0,0,0,0,0,0,0,0,0,0,0,0,0,0,0,0,0,0,0,0,0,0,0,0,0,0,0,0,0,0,0,0,0,0,0,0,0,0,0,0,0,0,0,0,0,0,0,0,0,0,0,0,0,0,0,0,0,0,0,0,0,0,0,0,0,0,0,0,0,0,0,0,0,0,0,0,0,0,0,0,0,0,0,0,0,0,0,0,0,0,0,0,0,0,0,0,0,0,0,0,0,0,0,0,0,0,0,0,0,0,0,0,0,0,0,0,0,0,0,0,0,0,0,0,0,0,0,0,0,0,0,0,0,0,0,0,0,0,0,0,0,0,0,0,0,0,0,0,0,0,0,0,0,0,0,0,0,0,0,0,0,0,0,0,0,0,0,0,0,0,0,0,0,0,0,0,0,0,0,0,0,0,0,0,0,0,0,0,0,0,0,0,0,0,0,0,0,0,0,0,0,0,0,0,0,0,0,0,0,0,0,0,0,0,0,0,0,0,0,0,0,0,0,0,0,0,0,0,0,0,0,0,0,0,0,0,0,0,0,0,0,0,0,0,0,0,0,0,0,0,0,0,0,0,0,0,0,0,0,0,0,0,0,0,0,0,0,0,0,0,0,0,0,0,0,0,0,0,0,0,0,0,0,0,0,0,0,0,0,0,0,0,0,0,0,0,0,0,0,0,0,0,0,0,0,0,0,0,0,0,0,0,0,0,0,0,0,0,0,0,0,0,0,0,0,0,0,0,0,0,0,0,0,0,0,0,0,0,0,0,0,0,0,0,0,0,0,0,0,0,0,0,0,0,0,0,0,0,0,0,0,0,0,0,0,0,0,0,0,0,0,0,0,0,0,0,0,0,0,0,0,0,0,0,0,0,0,0,0,0,0,0,0,0,0,0,0,0,0,0,0,0,0,0,0,0,0,0,0,0,0,0,0,0,0,0,0,0,0,0,0,0,0,0,0,0,0,0,0,0,0,0,0,0,0,0,0,0,0,0,0,0,0,0,0,0,0,0,0,0,0,0,0,0,0,0,0,0,0,0,0,0,0,0,0,0,0,0,0,0,0,0,0,0,0,0,0,0,0,0,0,0,0,0,0,0,0,0,0,0,0,0,0,0,0,0,0,0,0,0,0,0,0,0,0,0,0,0,0,0,0,0,0,0,0,0,0,0,0,0,0,0,0,0,0,0,0,0,0,0,0,0,0,0,0,0,0,0,0,0,0,0,0,0,0,0,0,0,0,0,0,0,0,0,0,0,0,0,0,0,0,0,0,0,0,0,0,0,0,0,0,0,0,0,0,0,0,0,0,0,0,0,0,0,0,0,0,0,0,0,0,0,0,0,0,0,0,0,0,0,0,0,0,0,0,0,0,0,0,0,0,0,0,0,0,0,0,0,0,0,0,0,0,0,0,0,0,0,0,0,0,0,0,0,0,0,0,0,0,0,0,0,0,0,0,0,0,0,0,0,0,0,0,0,0,0,0,0,0,0,0,0,0,0,0,0,0,0,0,0,0,0,0,0,0,0,0,0,0,0,0,0,0,0,0,0,0,0,0,0,0,0,0,0,0,0,0,0,0,0,0,0,0,0,0,0,0,0,0,0,0,0,0,0,0,0,0,0,0,0,0,0,0,0,0,0,0,0,0,0,0,0,0,0,0,0,0,0,0,0,0,0,0,0,0,0,0,0,0,0,0,0,0,0,0,0,0,0,0,0,0,0,0,0,0,0,0,0,0,0,0,0,0,0,0,0,0,0,0,0,0,0,0,0,0,0,0,0,0,0,0,0,0,0,0,0,0,0,0,0,0,0,0,0,0,0,0,0,0,0,0,0,0,0,0,0,0,0,0,0,0,0,0,0,0,0,0,0,0,0,0,0,0,0,0,0,0,0,0,0,0,0,0,0,0,0,0,0,0,0,0,0,0,0,0,0,0,0,0,0,0,0,0,0,0,0,0,0,0,0,0,0,0,0,0,0,0,0,0,0,0,0,0,0,0,0,0,0,0,0,0,0,0,0,0,0,0,0,0,0,0,0,0,0,0,0,0,0,0,0,0,0,0,0,0,0,0,0,0,0,0,0,0,0,0,0,0,0,0,0,0,0,0,0,0,0,0,0,0,0,0,0,0,0,0,0,0,0,0,0,0,0,0,0,0,0,0,0,0,0,0,0,0,0,0,0,0,0,0,0,0,0,0,0,0,0,0,0,0,0,0,0,0,0,0,0,0,0,0,0,0,0,0,0,0,0,0,0,0,0,0,0,0,0,0,0,0,0,0,0,0,0,0,0,0,0,0,0,0,0,0,0,0,0,0,0,0,0,0,0,0,0,0,0,0,0,0,0,0,0,0,0,0,0,0,0,0,0,0,0,0,0,0,0,0,0,0,0,0,0,0,0,0,0,0,0,0,0,0,0,0,0,0,0,0,0,0,0,0,0,0,0,0,0,0,0,0,0,0,0,0,0,0,0,0,0,0,0,0,0,0,0,0,0,0,0,0,0,0,0,0,0,0,0,0,0,0,0,0,0,0,0,0,0,0,0,0,0,0,0,0,0,0,0,0,0,0,0,0,0,0,0,0,0,0,0,0,0,0,0,0,0,0,0,0,0,0,0,0,0,0,0,0,0,0,0,0,0,0,0,0,0,0,0,0,0,0,0,0,0,0,0,0,0,0,0,0,0,0,0,0,0,0,0,0,0,0,0,0,0,0,0,0,0,0,0,0,0,0,0,0,0,0,0,0,0,0,0,0,0,0,0,0,0,0,0,0,0,0,0,0,0,0,0,0,0,0,0,0,0,0,0,0,0,0,0,0,0,0,0,0,0,0,0,0,0,0,0,0,0,0,0,0,0,0,0,0,0,0,0,0,0,0,0,0,0,0,0,0,0,0,0,0,0,0,0,0,0,0,0,0,0,0,0,0,0,0,0,0,0,0,0,0,0,0,0,0,0,0,0,0,0,0,0,0,0,0,0,0,0,0,0,0,0,0,0,0,0,0,0,0,0,0,0,0,0,0,0,0,0,0,0,0,0,0,0,0,0,0,0,0,0,0,0,0,0,0,0,0,0,0,0,0,0,0,0,0,0,0,0,0,0,0,0,0,0,0,0,0,0,0,0,0,0,0,0,0,0,0,0,0,0,0,0,0,0,0,0,0,0,0,0,0,0,0,0,0,0,0,0,0,0,0,0,0,0,0,0,0,0,0,0,0,0,0,0,0,0,0,0,0,0,0,0,0,0,0,0,0,0,0,0,0,0,0,0,0,0,0,0,0,0,0,0,0,0,0,0,0,0,0,0,0,0,0,0,0,0,0,0,0,0,0,0,0,0,0,0,0,0,0,0,0,0,0,0,0,0,0,0,0,0,0,0,0,0,0,0,0,0,0,0,0,0,0,0,0,0,0,0,0,0,0,0,0,0,0,0,0,0,0,0,0,0,0,0,0,0,0,0,0,0,0,0,0,0,0,0,0,0,0,0,0,0,0,0,0,0,0,0,0,0,0,0,0,0,0,0,0,0,0,0,0,0,0,0,0,0,0,0,0,0,0,0,0,0,0,0,0,0,0,0,0,0,0,0,0,0,0,0,0,0,0,0,0,0,0,0,0,0,0,0,0,0,0,0,0,0,0,0,0,0,0,0,0,0,0,0,0,0,0,0,0,0,0,0,0,0,0,0,0,0,0,0,0,0,0,0,0,0,0,0,0,0,0,0,0,0,0,0,0,0,0,0,0,0,0,0,0,0,0,0,0,0,0,0,0,0,0,0,0,0,0,0,0,0,0,0,0,0,0,0,0,0,0,0,0,0,0,0,0,0,0,0,0,0,0,0,0,0,0,0,0,0,0,0,0,0,0,0,0,0,0,0,0,0,0,0,0,0,0,0,0,0,0,0,0,0,0,0,0,0,0,0,0,0,0,0,0,0,0,0,0,0,0,0,0,0,0,0,0,0,0,0,0,0,0,0,0,0,0,0,0,0,0,0,0,0,0,0,0,0,0,0,0,0,0,0,0,0,0,0,0,0,0,0,0,0,0,0,0,0,0,0,0,0,0,0,0,0,0,0,0,0,0,0,0,0,0,0,0,0,0,0,0,0,0,0,0,0,0,0,0,0,0,0,0,0,0,0,0,0,0,0,0,0,0,0,0,0,0,0,0,0,0,0,0,0,0,0,0,0,0,0,0,0,0,0,0,0,0,0,0,0,0,0,0,0,0,0,0,0,0,0,0,0,0,0,0,0,0,0,0,0,0,0,0,0,0,0,0,0,0,0,0,0,0,0,0,0,0,0,0,0,0,0,0,0,0,0,0,0,0,0,0,0,0,0,0,0,0,0,0,0,0,0,0,0,0,0,0,0,0,0,0,0,0,0,0,0,0,0,0,0,0,0,0,0,0,0,0,0,0,0,0,0,0,0,0,0,0,0,0,0,0,0,0,0,0,0,0,0,0,0,0,0,0,0,0,0,0,0,0,0,0,0,0,0,0,0,0,0,0,0,0,0,0,0,0,0,0,0,0,0,0,0,0,0,0,0,0,0,0,0,0,0,0,0,0,0,0,0,0,0,0,0,0,0,0,0,0,0,0,0,0,0,0,0,0,0,0,0,0,0,0,0,0,0.86425376,-1.3867999,-0.16810833,0.9207683,0.010817815,-0.56019187,-0.85955054,0.082872055,-0.19647557,-0.8604301,-0.19808818,0.025844386,0.5786756,-0.19794157,-0.5947897,-0.1187039,0.054504823,-0.28648838,0.6003725,1.0480177,-0.026418762,0.5952415,0.51856935,0.53945994,-0.45031467,-0.4141043,-0.79900444,0.18014161,0.35151783,0.20887536,0.7913199,-0.7518723,0.013676528,0.21598549,-1.0054915,-0.16686223,-0.1411338,-0.17213985,0.6584264,0.2656831,-0.06702716,0.52311397,0.47825414,-0.6894204,-0.4114655,0.4893958,0.4946734,-0.19750178,-0.15520747,0.112851895,-0.53541636,0.10537526,0.31706667,-0.42898428,-0.048262265,-0.19816148,0.22104321,0.8685052,0.74162227,-0.10206472,-0.027518269,-0.24668631,0.7248365,-0.36601928,0.22082332,0.94700986,0.58292705,0.3250564,-0.08110082,0.32982093,0.4726833,-0.19456977,0.41866094,0.45751014,0.3016736,-0.21428755,-0.2672104,-0.008533478,-1.0726346,0.058829542,0.50632817,0.33480534,-0.42737168,0.6268339,-0.031623088,0.29558966,-0.12354172,0.46278775,0.4137498,-0.23415194,-0.478462,0.19069687,-0.081833825,-0.45148748,0.42071337,0.15368019,0.01822115,0.16071703,0.07884054,-0.38559046,0.32901463,0.31450117,0.26971465,0.44057775,-0.08923716,0.22390193,0.56782717,0.34924552,-0.06563445,-0.58921885,-0.4502414,-0.06871306,-0.40523496,-0.09949921,-0.306646,-0.080954224,-0.19009843,0.5801416,-0.22799473,0.37512055,0.36617792,0.050033502,-0.5516158,-0.29909605,0.61283356,-0.041738536,-0.4819804,0.017194945,-0.09114297,-0.21164875,-0.8001772,-0.10976126,-0.29557765,-0.048115667,-0.33530644,0.4277502,-0.1391547,0.4298026,0.017341545,-0.42033485,-0.00897328,0.18688525,-0.21186864,0.21950391,0.22294903,-0.23488495,0.07378282,0.24875075,0.39432523,-0.1844543,-0.112986475,-0.2439742,0.42042017,-0.24785912,-0.1609249,-0.25562894,-0.08117412,-0.015497011,-0.30349407,0.45274562,0.3004275,0.3869219,0.17149217,0.26458362,-0.5620977,0.2382688,-0.063068934,0.321538,-0.42671198,-0.3905749,-0.24346109,-0.19992068,-0.114672385,-0.8111723,0.24010131,-0.25643525,-0.10411713,-0.017842622,-0.31800756,0.34316158,-0.21721958,-0.38632348,-0.43008378,0.6130535,-0.43536142,-0.1837946,0.16496845,-0.064241745,-0.641482,0.2387086,-0.2454402,0.46286106,-0.30019557,0.010084811,0.7228574,-0.21692637,-0.24177518,0.33935,0.057949938,-0.18416111,-0.20805703,-0.022460544,0.20095892,0.21869761,-0.5980882,-0.27871856,0.06931149,-0.4144708,-0.27505353,0.32864812,-0.19325036,0.79439855,0.11131259,0.5776494,-0.04459725,-0.07245138,0.03691274,0.40546688,0.2597458,0.33004084,-0.10411713,-0.14435902,0.21429957,0.28803974,0.36889002,-0.06739366,-0.30342078,0.7654449,-0.1817422,-0.28810102,-0.03257599,-0.27490693,0.05186601,-0.203659,0.1342556,-0.042031735,-0.05295349,0.4083256,0.080819644,-0.43023038,-0.010879089,0.084118165,0.37812585,-0.14582503,-0.2665507,-0.12383492,0.58490616,0.23665619,0.08228565,0.45736355,-0.29249904,-0.15586717,0.14195214,0.1138048,0.2857674,0.56526166,0.58387995,-0.016449915,-0.19141784,0.23174506,-0.15850599,-0.29447815,0.34052277,0.45377183,0.00150867,-0.3496,-0.119876705,-0.55469435,0.6379023,-0.304447,-0.27351424,0.0927676,0.03324772,0.22903295,-0.10221132,0.36456528,-0.112546675,-0.07406399,0.299328,0.19546139,-0.014031004,0.017341545,0.4281167,0.011037716,0.32769522,-0.21362785,0.37233514,-0.40325585,0.08257885,-0.3705639,-0.4536865,-0.44496375,0.01851435,0.60484385,-0.26809,-0.2870748,-0.33523312,-0.27571324,-0.39827144,-0.2632522,-0.5432595,0.18673865,-0.3259973,0.1974405,0.42173958,-0.033528898,0.034420528,0.22793345,0.18974397,0.16878006,0.05597083,-0.062262632,0.53557503,0.14143904,-0.022827046,-0.06607425,0.1549263,-0.6598804,0.54239196,-0.08806436,0.15294719,-0.19889449,0.011330917,0.1979536,0.09980444,0.20213172,0.41528913,-0.3457884,-0.18254851,0.015142535,-0.41901544,-0.1408406,0.29492995,-0.087771155,-0.32350507,0.35283723,-0.06438834,-0.010512587,-0.19493626,0.6381955,-0.04965497,-0.2675769,-0.12706015,-0.32218567,0.33839706,0.23152517,0.18409984,-0.29623735,0.4549446,-0.2469062,0.22170292,-0.27454045,0.110286385,0.15199429,0.17515719,0.0074459985,-0.010952389,-0.4156436,-0.039246324,0.12333385,-0.20043379,0.11783632,0.239295,-0.15381476,0.006712995,0.5124854,-0.33750543,0.4718037,-0.2230103,0.27895048,0.44263017,-0.13263097,0.006712995,-0.2884675,-0.12068301,-0.07054557,0.06549987,0.82980263,0.13095708,-0.08887066,0.21085447,0.27059424,0.4292162,-0.52156264,0.090935096,0.025697784,-0.40662766,0.33465874,-0.2027061,0.014629432,0.067478985,0.050693203,0.24244691,0.50882035,-0.17712428,-0.2675769,-0.075310096,-0.45075446,0.018147849,0.50083065,-0.23569125,0.04219036,0.12597266,0.2181112,-0.1609249,0.77182204,-0.03865992,0.47803423,0.17882222,-0.39431322,0.023132272,-0.19860128,0.174864,-0.02568576,0.0928409,0.19502158,-0.44342443,-0.2241831,-0.013884403,0.022399269,-0.071131974,-0.29916936,-0.2883209,-0.24162859,-0.109614655,0.5688534,-0.40765387,0.37849236,-0.17697768,0.44050446,0.34983194,-0.3692445,-0.16598262,0.033834122,-0.2644983,0.23321107,0.10061074,-0.07736251,0.22837324,0.07334301,-0.2655245,-0.31177703,0.12883137,0.20103222,-0.35876253,-0.35282522,0.4549446,0.059709147,0.1540467,-0.47142518,-0.56246424,0.2190641,-0.1400343,0.16372234,0.37526715,-0.060503423,-0.19266395,0.08492447,-0.029130876,-0.2892738,0.17237177,-0.3679984,0.18050812,0.13557501,0.24398622,-0.26075998,0.41484934,0.14033952,0.04570878,-0.109614655,-0.11020106,0.32850152,0.38098457,0.2379023,0.32967433,0.20403753,-0.2444873,0.066159576,0.5317634,0.29119164,0.20557684,0.12641247,0.219284,-0.005015061,0.015362436,0.11871593,-0.44950837,-0.33633265,0.07715463,0.12721877,0.12377365,-0.20615122,-0.3111906,0.17031938,-0.14707114,0.42225266,-0.062335934,0.0707042,0.05443152,0.19062357,-0.5539614,0.12575276,0.39476505,0.0011421683,0.18989056,-0.46732035,-0.05317339,0.09306081,0.3438213,0.38919422,-0.29616404,-0.106975846,0.12289405,-0.19251736,-0.19325036,0.112485394,0.10068404,-0.40047044,0.6544682,0.17962852,0.082872055,-0.35846934,-0.022020742,0.5707592,0.14715646,0.2588662,-0.19273725,0.03735254,0.5031763,0.043216567,-0.13417028,0.27286655,0.09379381,0.29500327,-0.19493626,-0.46152964,0.014995934,0.17127228,0.26920155,0.29434356,0.0020217726,0.050253402,0.13880022,0.122234344,0.37453413,-0.2644983,0.50149035,0.08206575,0.1352818,-0.540694,-0.27974477,0.470411,-0.29814315,0.39835677,-0.1788835,0.7285748,0.6355567,0.34154898,-0.2839962,0.31530747,-0.11569858,0.3274753,0.008032401,0.23760909,0.16020392,0.4078858,-0.5216359,-0.2867816,0.16863346,-0.016303314,0.35159114,0.41660854,-0.3482073,0.0715838,0.080746345,0.04123746,-0.104043834,-0.15616038,-0.19442315,0.044902477,0.5343289,-0.10587634,-0.12896594,0.27037436,0.36954972,0.15536611,-0.48227364,-0.26845652,0.51336503,0.34719312,0.15925102,-0.16458991,0.19392209,0.040284555,0.348879,-0.35707664,0.0012887691,-0.3119969,-0.46937278,-0.16957434,0.37761277,0.20652974,-0.3279764,-0.039759427,0.3427218,0.32952774,-0.024659554,0.2197238,-0.15242206,-0.25878087,-0.18577372,0.19245608,-0.17595147,-0.33376712,0.20411083,-0.0556656,-0.09268228,0.06681928,0.0070061963,-0.17990969,-0.08623185,0.13081048,-0.2817239,-0.3655795,0.34030288,-0.01938193,-0.25570226,0.2826155,0.047248088,-0.045770053,-0.12925915,0.008692104,-0.45163408,0.18124112,0.13755411,0.10544857,-0.030303681,0.016828442,0.20183852,-0.5597521,-0.17287286,-0.32071966,-0.24199508,0.555586,0.24244691,-0.2880277,0.08067305,0.514831,0.5534603,-0.27732587,0.4906419,-0.20959634,0.18270713,-0.18701982,-0.1401809,0.4444627,-0.008826679,0.31406134,-0.0049417606,0.023205573,0.37790596,-0.09363518,0.22236262,0.1540467,-0.04965497,0.019833757,-0.11965681,0.48155266,-0.11577189,0.5222343,-0.09216917,-0.2878811,-0.11635829,-0.13255766,-0.085205644,-0.46402183,0.025917687,-0.33537972,0.44248357,-0.3682916,0.19062357,-0.06328884,0.18739836,0.12245424,-0.15124926,0.34843922,0.11101939,-0.08212703,-0.16825494,-0.25650856,-0.3715901,-0.027298367,-0.09517449,0.0917414,-0.18672663,-0.21208854,-0.24807902,0.2989615,0.29507658,0.06601298,-0.060869925,0.07913374,-0.20124009,0.002534875,-0.024732854,0.006346493,-0.5551342,0.010817815,-0.44642976,0.014702733,-0.029570678,0.10266315,-0.42246056,-0.3067926,-0.6350316,-0.20659102,-0.42766488,0.09848503,-0.023046946,0.067478985,-0.15733318,-0.056691807,-0.0014233439,-0.38353807,0.28606063,0.021739567,-0.4548593,0.23562998,0.051426206,0.1560258,-0.42502606,-0.21377446,0.4673324,-0.30224797,0.040284555,-0.21729288,-0.14325951,0.18717845,-0.016523216,-0.21546036,-0.23429856,0.030022506,0.0499602,-0.29301214,0.44131076,-0.23693736,0.26890835,0.016535241,0.06630618,0.2642171,0.2411275,-0.01960183,0.14620356,-0.22513601,0.31743318,0.09306081,-0.060576726,0.3467533,-0.2224239,-0.08931046,0.2197238,-0.030890083,-0.05295349,0.18989056,0.4495937,-0.14208671,-0.29000682,0.16965967,-0.4985463,-0.27109534,0.12853818,0.16526164,0.030682208,-0.35685673,0.33524516,-0.09979241,-0.031696387,-0.17082044,0.29610276,0.103322856,-0.11980341,0.08389826,0.1991997,-0.35671014,-0.030596882,-0.2870748,-0.47347757,-0.434042,0.40165526,0.5972206,0.30819732,0.045342278,-0.18467422,-0.08044112,-0.1187039,-0.31309643,0.04592868,-0.28106418,-0.27498025,-0.07127857,0.009351808,-0.04708946,-0.16444331,0.14275844,-0.0343352,-0.48967695,0.37152883,0.299328,0.19890651,-0.32511768,-0.17323937,-0.090409964,-0.34908688,-0.32379827,0.13989973,0.22822665,-0.15718658,-0.014250905,0.11988873,0.325203,-0.2897869,0.06264116,0.14121914,-0.15051626,0.09723893,0.26964134,0.037792344,0.117103316,-0.12962565,-0.027005166,-0.3534116,-0.28062436,-0.05097438,0.09547972,0.015435737,-0.08256683,-0.0061878664,-0.012418396,-0.37547502,0.05575093,0.26949474,-0.03631431,-0.103164226,-0.32130605,0.15199429,0.17017277,0.22522134,0.11937563,-0.44063902,0.07664153,0.06418047,-0.49993902,0.25285557,0.11160579,-0.03638761,-0.2040988,0.11981543,0.12567946,0.18739836,-0.21538706,-0.041518636,0.021079862,0.15785831,0.047248088,0.35386345,-0.44708946,-0.02781147,-0.10052542,-0.54729104,0.2572536,0.5390201,-0.23107333,-0.302981,-0.08417944,-0.28062436,0.15807821,-0.23517816,-0.42040813,-0.12867275,-0.46248254,0.007885801,-0.21318805,0.3876549,0.25219586,0.045195676,0.05677713,0.02254587,0.46293437,-0.23942958,-0.091582775,-0.2861952,-0.1591657,0.23372418,-0.26134637,-0.008093676,-0.033382297,-0.008899979,0.105595164,0.22895965,0.5327896,-0.15359487,-0.4773625,-0.005528163,-0.39959085,-0.12258882,0.55104136,-0.27380744,0.20579673,-0.013371301,0.07744783,-0.27937827,0.074369214,-0.19156444,-0.181449,0.19817351,-0.15344827,-0.17558497,0.083311856,0.07282991,-0.22938743,0.040284555,0.26414382,-0.0757499,-0.18606693,-0.0025961495,0.12084164,0.061321754,-0.11020106,0.020566761,0.33722427,0.09650592,-0.05104768,0.21166077,-0.27270794,0.4521592,0.31728658,-0.03023038,-0.11929031,-0.22073798,0.022619171,-0.34307626,-0.29381844,0.22250922,0.40165526,-0.20475851,-0.19999398,-0.069006264,-0.04848217,-0.3126566,0.17962852,-0.4544195,-0.16488312,-0.06776016,-0.25753477,-0.028691074,-0.03624101,-0.33457342,0.08191915,0.37204194,-0.42810467,-0.1604118,0.09518652,0.17193198,0.10046414,0.044975776,0.3214647,0.12802507,0.24537893,0.3455072,0.20645644,0.14722976,-0.34622818,0.031928316,-0.10507004,-0.09099637,0.015802238,0.15316708,-0.36360037,-0.043864246,0.26319093,0.21422628,-0.1376154,-0.24008928,0.044462673,0.14312494,0.021666266,0.21327338,0.25351527,-0.5947897,-0.012125195,-0.738385,0.18402654,0.0105979135,0.029949205,-0.17338596,0.033907425,0.08580407,-0.066367455,0.04314327,0.0018018715,-0.32027987,0.2167918,-0.15132256,0.551188,-0.20791042,0.03522683,-0.22946073,0.10882038,0.02665069,-0.4358012,-0.038073517,0.46058875,0.04776119,-0.21406765,-0.09964581,0.044902477,0.11593051,-0.11049426,0.35371685,-0.031623088,-0.30202806,-0.013664502,0.06440037,-0.047895763,0.90251654,-0.021361038,-0.5820354,0.7023333,0.8544315,-0.25137752,-1.1358196,-0.24903192,1.2929142,-0.6037323,1.0428867,0.56394225,0.27301317,-1.6941483,0.32886803,0.3504916,-0.6697759,-0.20908323,-0.23466505,0.98908424,0.4710707,-1.0675036,0.58615226,0.15712531,-0.023413448,0.9506016,-1.1166881,0.24002801,-1.0647914,0.6570337,0.98014164,0.8730498,-0.3242381,0.874076,0.08858948,0.111459196,-0.18320821,0.31391475,-0.8337488,-0.06600095,0.39703736,0.69192463,-1.7657627,1.2769347,-0.3714435,0.50456893,-0.44408414,0.64765126,-0.7611815,0.66502345,0.07466242,0.37416765,-1.0801113,-0.05060788,-1.1663125,-0.30334747,0.21862431,-0.697117,0.25674048,-0.7113372,0.71222883,-0.8017898,-0.18687323,-0.9167248,0.9632825,-0.6977767,0.8041475,-0.59713525,0.0290696,-0.98863244,0.39366552,1.1439679,-0.07039897,0.03691274,0.9046423,0.9091136,-0.3954127,0.51175237,0.6899455,0.96592134,-0.04327784,-1.0316597,-1.2746503,0.17977512,0.6560808,0.70423913,-0.306646,-0.0100727845,-0.4332357,0.891155,-0.65650856,-0.6446339,-0.42187414,1.2965792,-0.9364426,0.39095342,-1.109798,0.5086738,-0.1604118,0.6719137,-0.062262632,0.27008113,0.66846853,0.5580782,0.10273645,-0.8506812,0.090128794,-0.19185765,0.809645,-0.82246053,-0.19127125,0.093647204,0.029216202,-0.19786827,-0.36462656,-0.10389723,-0.5549143,0.39850336,0.87642163,-0.40398887,-0.5552075,-1.1982714,0.80436736,-0.0045019584,0.79769707,0.96218306,0.44328988,-0.054199595,
0,0,0,0,0,0,0,0,0,0,0,0,0,0,0,0,0,0,0,0,0,0,0,0,0,0,1,0,0,0,0,0,0,0,0,0,0,0,0,0,0,0,0,0,0,0,0,0,0,0,0,0,0,0,0,0,0,0,0,0,0,0,0,0,0,0,0,0,0,0,0,0,0,0,0,0,0,0,0,0,0,0,0,0,0,0,0,0,0,0,0,0,0,0,0,0,0,0,0,0,0,0,0,0,0,0,0,0,0,0,0,0,0,0,0,0,0,0,0,0,0,0,0,0,0,0,0,0,0,0,0,0,0,0,0,0,0,0,0,0,0,0,0,0,0,0,0,0,0,0,0,0,0,0,0,0,0,0,0,0,0,0,0,0,0,0,0,0,0,0,0,0,0,0,0,0,0,0,0,0,0,0,0,0,0,0,0,0,0,1,0,0,0,0,0,0,0,0,0,1,0,0,0,0,0,0,0,0,0,0,0,0,0,0,0,0,0,0,0,0,0,0,0,0,0,0,0,0,0,0,0,0,0,0,0,0,0,0,0,0,0,0,0,0,0,0,0,0,0,0,0,0,0,0,0,0,0,0,0,0,0,0,0,0,0,0,0,0,0,0,0,0,0,0,0,0,0,0,0,0,0,0,0,0,0,0,0,0,0,0,0,0,0,0,0,0,0,0,0,0,0,0,0,0,0,0,0,0,0,0,0,0,0,0,0,0,0,0,0,0,0,0,0,0,0,0,1,0,0,0,0,0,0,0,0,0,0,0,0,0,0,0,0,0,0,0,0,0,0,0,0,0,0,0,0,0,0,0,0,0,0,0,0,0,0,0,0,0,0,0,0,0,0,0,0,0,0,0,0,0,0,0,0,0,0,0,0,0,0,0,0,0,0,0,0,0,0,0,0,0,0,0,0,0,0,0,0,0,0,0,0,0,0,0,0,0,0,0,0,0,0,0,0,0,0,0,0,0,0,0,0,0,0,0,0,0,0,0,0,0,0,0,0,0,0,0,0,0,0,0,0,0,0,0,0,0,0,0,0,0,0,0,0,0,0,0,0,0,0,0,0,0,0,0,0,0,0,0,0,0,0,0,0,0,0,0,0,0,0,0,0,0,0,0,0,0,0,0,0,0,0,0,0,0,0,0,0,0,0,0,0,0,0,0,0,0,0,0,0,0,0,0,0,0,0,0,0,0,0,0,0,0,0,0,0,0,0,0,0,0,0,0,0,0,0,0,0,0,0,0,0,0,0,0,0,0,0,0,0,0,0,0,0,0,0,0,0,0,0,0,0,0,0,0,0,0,0,0,0,0,0,0,0,0,0,0,0,0,0,0,0,0,0,0,0,0,0,0,0,0,0,0,0,0,0,0,0,0,0,0,0,0,0,0,0,0,0,0,0,0,0,0,0,0,0,0,0,0,0,0,0,0,0,0,0,0,0,0,0,0,0,0,0,0,0,0,0,0,0,0,0,0,0,0,0,0,0,0,0,0,0,0,0,0,0,0,0,0,0,0,0,0,0,0,0,0,0,0,0,0,0,0,0,0,0,0,0,0,0,0,0,0,0,0,0,0,0,0,0,0,0,0,0,0,0,0,0,0,0,0,0,0,0,0,0,0,0,0,0,0,0,0,0,0,0,0,0,0,0,0,0,0,0,0,0,0,0,0,0,0,0,1,0,0,0,0,0,0,0,0,0,0,0,0,0,0,0,0,0,0,0,0,0,0,0,0,0,0,0,0,0,0,0,0,0,0,0,0,0,0,0,0,0,0,0,0,0,0,0,0,0,0,0,0,0,0,0,0,0,0,0,0,0,0,0,0,0,0,0,0,0,0,0,0,0,0,0,0,0,0,0,0,0,0,0,0,0,0,0,0,0,0,0,0,0,0,0,0,0,0,0,0,0,0,0,0,0,0,0,0,0,0,0,0,0,0,0,0,0,0,0,0,0,0,0,0,0,0,0,0,0,0,0,0,0,0,0,0,0,0,0,0,0,0,0,0,0,0,0,0,0,0,0,0,0,0,0,0,0,0,0,0,0,0,0,0,0,0,0,0,0,0,0,0,0,0,0,0,0,0,0,0,0,0,0,0,0,0,0,0,0,0,0,0,0,0,0,0,0,0,0,0,0,0,0,0,0,0,0,0,0,0,0,0,0,0,0,0,0,0,0,0,0,0,0,0,0,0,0,0,0,0,0,0,0,0,0,0,0,0,0,0,0,0,0,0,0,0,0,0,0,0,0,0,0,0,0,0,0,0,0,0,0,0,0,0,0,0,0,0,0,0,0,0,0,0,0,0,0,0,0,0,0,0,0,0,0,0,0,0,0,0,0,0,0,0,0,0,0,0,0,0,0,0,0,0,0,0,0,0,0,0,0,0,0,0,0,0,0,0,0,0,0,0,0,0,0,0,0,0,0,0,0,0,0,0,0,0,0,0,0,0,0,0,0,0,0,0,0,0,0,0,0,0,0,0,0,0,0,0,0,0,0,0,0,0,0,0,0,0,0,0,0,0,0,0,0,0,0,0,0,0,0,0,0,0,0,0,0,0,0,0,0,0,0,0,0,0,0,0,0,0,0,0,0,0,0,0,0,0,0,0,0,0,0,0,0,0,0,0,0,0,0,0,0,0,0,0,0,0,0,0,0,0,0,0,0,0,0,0,0,0,0,0,0,0,0,0,0,0,0,0,0,0,0,0,0,0,0,0,0,0,0,0,0,0,0,0,0,0,0,0,0,0,0,0,0,0,0,0,0,0,0,0,0,0,0,0,0,0,0,0,0,0,0,0,0,0,0,0,0,0,0,0,0,0,0,0,0,0,0,0,0,0,0,0,0,0,0,0,0,0,0,0,0,0,0,0,0,0,0,0,0,0,0,0,0,0,0,0,0,0,0,0,0,0,0,0,0,0,0,0,0,0,0,0,0,0,0,0,0,0,0,0,0,0,0,0,0,0,0,0,0,0,0,0,0,0,0,0,0,0,0,0,0,0,0,0,0,0,0,0,0,0,0,0,0,0,0,0,0,0,0,0,0,0,0,0,0,0,0,0,0,0,0,0,0,0,0,0,0,0,0,0,0,0,0,0,0,0,0,0,0,0,0,0,0,0,0,0,0,0,0,0,0,0,0,0,0,0,0,0,0,0,0,0,0,0,0,0,0,0,0,0,0,0,0,0,0,0,0,0,0,0,0,0,0,0,0,0,0,0,0,0,0,0,0,0,0,0,0,0,0,0,0,0,0,0,0,0,0,0,0,0,0,0,0,0,0,0,0,0,0,0,0,0,0,0,0,0,0,0,0,0,0,0,0,0,0,0,0,0,0,0,0,0,0,0,0,0,0,0,0,0,0,0,0,0,0,0,0,0,0,0,0,0,0,0,0,0,0,0,0,0,0,0,0,0,0,0,0,0,0,0,0,0,0,0,0,0,0,0,0,0,0,0,0,0,0,0,0,0,0,0,0,0,0,0,0,0,0,0,0,0,0,0,0,0,0,0,0,0,0,0,0,0,0,0,0,0,0,0,0,0,0,0,0,0,0,0,0,0,0,0,0,0,0,0,0,0,0,0,0,0,0,0,0,0,0,0,0,0,0,0,0,0,0,0,0,0,0,0,0,0,0,0,0,0,0,0,0,0,0,0,0,0,0,0,0,0,0,0,0,0,0,0,0,0,0,0,0,0,0,0,0,0,0,0,0,0,0,0,0,0,0,0,0,0,0,0,0,0,0,0,0,0,0,0,0,0,0,0,0,0,0,0,0,0,0,0,0,0,0,0,0,0,0,0,0,0,0,0,0,0,0,0,0,0,0,0,0,0,0,0,0,0,0,0,0,0,0,0,0,0,0,0,0,0,0,0,0,0,0,0,0,0,0,0,0,0,0,0,0,0,0,0,0,0,0,0,0,0,0,0,0,0,0,0,0,0,0,0,0,0,0,0,0,0,0,0,0,0,0,0,0,0,0,0,0,0,0,0,0,0,0,0,0,0,0,0,0,0,0,0,0,0,0,0,0,0,0,0,0,0,0,0,0,0,0,0,0,0,0,0,0,0,0,0,0,0,0,0,0,0,0,0,0,0,0,0,0,0,0,0,0,0,0,0,0,0,0,0,0,0,0,0,0,0,0,0,0,0,0,0,0,0,0,0,0,0,0,0,0,0,0,0,0,0,0,0,0,0,0,0,0,0,0,0,0,0,0,0,0,0,0,0,0,0,0,0,0,0,0,0,0,0,0,0,0,0,0,0,0,0,0,0,0,0,0,0,0,0,0,0,0,0,0,0,0,0,0,0,0,0,0,0,0,0,0,0,0,0,0,0,0,0,0,0,0,0,0,0,0,0,0,0,0,0,0,0,0,0,0,0,0,0,0,0,0,0,0,0,0,0,0,0,0,0,0,0,0,0,0,0,0,0,0,0,0,0,0,0,0,0,0,0,0,0,0,0,0,0,0,0,0,0,0,0,0,0,0,0,0,0,0,0,0,0,0,0,0,0,0,0,0,0,0,0,0,0,0,0,0,0,0,0,0,0,0,0,0,0,0,0,0,0,0,0,0,0,0,0,0,0,0,0,0,0,0,0,0,0,0,0,0,0,0,0,0,0,0,0,0,0,0,0,0,0,0,0,0,0,0,0,0,0,0,0,0,0,0,0,0,0,0,0,0,0,0,0,0,0,0,0,0,0,0,0,0,0,0,0,0,0,0,0,0,0,0,0,0,0,0,0,0,0,0,0,0,0,0,0,0,0,0,0,0,0,0,0,0,0,0,0,0,0,0,0,0,0,0,0,0,0,0,0,0,0,0,0,0,0,0,0,0,0,0,0,0,0,0,0,0,0,0,0,0,0,0,0,0,0,0,0,0,0,0,0,0,0,0,0,0,0,0,0,0,0,0,0,0,0,0,0,0,0,0,0,0,0,0,0,0,0,0,0,0,0,0,0,0,0,0,0,0,0,0,0,0,0,0,0,0,0,0,0,0,0,0,0,0,0,0,0,0,0,0,0,0,0,0,0,0,0,0,0,0,0,0,0,0,0,0,0,0,0,0,0,0,0,0,0,0,0,0,0,0,0,0,0,0,0,0,0,0,0,0,0,0,0,0,0,0,0,0,0,0,0,0,0,0,0,0,0,0,0,0,0,0,0,0,0,0,0,0,0,0,0,0,0,0,0,0,0,0,0,0,0,0,0,0,0,0,0,0,0,0,0,0,0,0,0,0,0,0,0,0,0,0,0,0,0,0,0,0,0,0,0,0,0,0,0,0,0,0,0,0,0,0,0,0,0,0,0,0,0,0,0,0,0,0,0,0,0,0,0,0,0,0,0,0,0,0,0,0,0,0,0,0,0,0,0,0,0,0,0,0,0,0,0,0,0,0,0,0,0,0,0,0,0,0,0,0,0,0,0,0,0,0,0,0,0,0,0,0,0,0,0,0,0,0,0,0,0,0,0,0,0,0,0,0,0,0,0,0,0,0,0,0,0,0,0,0,0,0,0,0,0,0,0,0,0,0,0,0,0,0,0,0,0,0,0,0,0,0,0,0,0,0,0,0,0,0,0,0,0,0,0,0,0,0,0,0,0,0,0,0,0,0,0,0,0,0,0,0,0,0,0,0,0,0,0,0,0,0,0,0,0,0,0,0,0,0,0,0,0,0,0,0,0,0,0,0,0,0,0,0,0,0,0,0,0,0,0,0,0,0,0,0,0,0,0,0,0,0,0,0,0,0,0,0,0,0,0,0,0,0,0,0,0,0,0,0,0,0,0,0,0,0,0,0,0,0,0,0,0,0,0,0,0,0,0,0,0,0,0,0,0,0,0,0,0,0,0,0,0,0,0,0,0,0,0,0,0,0,0,0,0,0,0,0,0,0,0,0,0,0,0,0,0,0,0,0,0,0,0,0,0,0,0,0,0,0,0,0,0,0,0,0,0,0,0,0,0,0,0,0,0,0,0,0,0,0,0,0,0,0,0,0,0,0,0,0,0,0,0,0,0,0,0,0,0,0,0,0,0,0,0,0,0,0,0,0,0,0,0,0,0,0,0,0,0,0,0,0,0,0,0,0,0,0,0,0,0,0,0,0,0,0,0,0,0,0,0,0,0,0,0,0,0,0,0,0,0,0,0,0,0,0,0,0,0,0,0,0,0,0,0,0,0,0,0,0,0,0,0,0,0,0,0,0,0,0,0,0,0,0,0,0,0,0,0,0,0,0,0,0,0,0,0,0,0,0,0,0,0,0,0,0,0,0,0,0,0,0,0,0,0,0,0,0,0,0,0,0,0,0,0,0,0,0,0,0,0,0,0,0,0,0,0,0,0,0,0,0,0,0,0,0,0,0,0,0,0,0,0,0,0,0,0,0,0,0,0,0,0,0,0,0,0,0,0,0,0,0,0,0,0,0,0,0,0,0,0,0,0,0,0,0,0,0,0,0,0,0,0,0,0,0,0,0,0,0,0,0,0,0,0,0,0,0,0,0,0,0,0,0,0,0,0,0,0,0,0,0,0,0,0,0,0,0,0,0,0,0,0,0,0,0,0,0,0,0,0,0,0,0,0,0,0,0,0,0,0,0,0,0,0,0,0,0,0,0,0,0,0,0,0,0,0,0,0,0,0,0,0,0,0,0,0,0,0,0,0,0,0,0,0,0,0,0,0,0,0,0,0,0,0,0,0,0,0,0,0,0,0,0,0,0,0,0,0,0,0,0,0,0,0,0,0,0,0,0,0,0,0,0,0,0,0,0,0,0,0,0,0,0,0,0,0,0,0,0,0,0,0,0,0,0,0,0,0,0,0,0,0,0,0,0,0,0,0,0,0,0,0,0,0,0,0,0,0,0,0,0,0,0,0,0,0,0,0,0,0,0,0,0,0,0,0,0,0,0,0,0,0,0,0,0,0,0,0,0,0,0,0,0,0,0,0,0,0,0,0,0,0,0,0,0,0,0,0,0,0,0,0,0,0,0,0,0,0,0,0,0,0,0,0,0,0,0,0,0,0,0,0,0,0,0,0,0,0,0,0,0,0,0,0,0,0,0,0,0,0,0,0,0,0,0,0,0,0,0,0,0,0,0,0,0,0,0,0,0,0,0,0,0,0,0,0,0,0,0,0,0,0,0,0,0,0,0,0,0,0,0,0,0,0,0,0,0,0,0,0,0,0,0,0,0,0,0,0,0,0,0,0,0,0,0,0,0,0,0,0,0,0,0,0,0,0,0,0,0,0,0,0,0,0,0,0,0,0,0,0,0,0,0,0,0,0,0,0,0,0,0,0,0,0,0,0,0,0,0,0,0,0,0,0,0,0,0,0,0,0,0,0,0,0,0,0,0,0,0,0,0,0,0,0,0,0,0,0,0,0,0,0,0,0,0,0,0,0,0,0,0,0,0,0,0,0,0,0,0,0,0,0,0,0,0,0,0,0,0,0,0,0,0,0,0,0,0,0,0,0,0,0,0,0,0,0,0,0,0,0,0,0,0,0,0,0,0,0,0,0,0,0,0,0,0,0,0,0,0,0,0,0,0,0,0,0,0,0,0,0,0,0,0,0,0,0,0,0,0,0,0,0,0,0,0,0,0,0,0,0,0,0,0,0,0,0,0,0,0,0,0,0,0,0,0,0,0,0,0,0,0,0,0,0,0,0,0,0,0,0,0,0,0,0,0,0,0,0,0,0,0,0,0,0,0,0,0,0,0,0,0,0,0,0,0,0,0,0,0,0,0,0,0,0,0,0,0,0,0,0,0,0,0,0,0,0,0,0,0,0,0,0,0,0,0,0,0,0,0,0,0,0,0,0,0,0,0,0,0,0,0,0,0,0,0,0,0,0,0,0,0,0,0,0,0,0,0,0,0,0,0,0,0,0,0,0,0,0,0,0,0,0,0,0,0,0,0,0,0,0,0,0,0,0,0,0,0,0,0,0,0,0,0,0,0,0,0,0,0,0,0,0,0,0,0,0,0,0,0,0,0,0,0,0,0,0,0,0,0,0,0,0,0,0,0,0,0,0,0,0,0,0,0,0,0,0,0,0,0,0,0,0,0,0,0,0,0,0,0,0,0,0,0,0,0,0,0,0,0,0,0,0,0,0,0,0,0,0,0,0,0,0,0,0,0,0,0,0,0,0,0,0,0,0,0,0,0,0,0,0,0,0,0,0,0,0,0,0,0,0,0,0,0,0,0,0,0,0,0,0,0,0,0,0,0,0,0,0,0,0,0,0,0,0,0,0,0,0,0,0,0,0,0,0,0,0,0,0,0,0,0,0,0,0,0,0,0,0,0,0,0,0,0,0,0,0,0,0,0,0,0,0,0,0,0,0,0,0,0,0,0,0,0,0,0,0,0,0,0,0,0,0,0,0,0,0,0,0,0,0,0,0,0,0,0,0,0,0,0,0,0,0,0,0,0,0,0,0,0,0,0,0,0,0,0,0,0,0,0,0,0,0,0,0,0,0,0,0,0,0,0,0,0,0,0,0,0,0,0,0,0,0,0,0,0,0,0,0,0,0,0,0,0,0,0,0,0,0,0,0,0,0,0,0,0,0,0,0,0,0,0,0,0,0,0,0,0,0,0,0,0,0,0,0,0,0,0,0,0,0,0,0,0,0,0,0,0,0,0,0,0,0,0,0,0,0,0,0,0,0,0,0,0,0,0,0,0,0,0,0,0,0,0,0,0,0,0,0,0,0,0,0,0,0,0,0,0,0,0.40917197,0.66606086,-0.4578607,0.010583742,0.11427002,-0.12708946,-1.034279,0.2970151,0.4928321,-0.51448816,0.89136803,0.13157721,0.24247916,1.0422177,-1.0278999,0.13272753,0.24645302,-1.4275339,-0.77435744,0.9546883,0.9127537,-0.017285539,0.1522308,-0.33226594,-0.5980437,0.4809628,-0.7404228,0.13361642,0.21011315,-0.8384097,0.05466217,0.11955106,-1.0717692,0.90266216,0.7512896,0.036466096,0.4339563,-0.20844893,0.2798648,-0.82988685,-1.2514293,-0.5049718,0.08556414,-1.2566057,-0.47271037,0.2671589,-0.24055351,-0.47427902,-0.67454046,0.28540727,0.3294857,-0.60206985,-0.0042659314,-0.60494566,-0.6327627,0.01408701,1.6823746,-1.3731549,0.9819824,0.73889744,-1.2597953,-0.031037172,-0.8738607,0.099838644,0.8814857,0.04843995,0.44143343,0.50412625,1.0247014,0.54491055,0.16692361,0.14438766,-0.39412215,0.1619563,-0.75422674,0.04504126,0.046609886,-0.5116646,0.73471445,-0.41425285,1.0425837,-0.066435866,0.71458375,-0.7096777,-0.3888411,-1.1686581,-0.771377,0.69267523,-0.30988684,0.09926348,0.32420465,0.9703746,0.88917196,0.7134857,0.7256164,0.7921785,0.72713274,-0.3167888,-1.0821221,0.22208701,0.7162569,0.39108047,1.001172,-0.7205535,-0.30868423,0.082426876,-0.9894686,-0.4186973,-0.06099796,0.0058778594,-0.9390633,0.9633158,-0.5555862,-0.85676265,0.19280596,1.2421654,0.06334191,0.3522308,0.10328963,0.05821773,-1.1606581,0.08127655,0.77173406,-0.6327104,-0.36839664,-0.0042659314,-0.2986973,0.7927537,0.73110664,0.1291197,-1.2120045,0.80603474,-0.17712867,-0.81566465,-1.3603444,0.57894975,0.94642687,-0.70784765,-0.81524634,-0.6727627,0.10041381,-0.30826592,-0.67072344,-0.6383051,-0.19731168,-0.25691953,0.94344646,1.0325968,0.21089746,-0.34952083,0.91113275,0.554636,-0.5497823,0.5648844,-0.60034436,-0.08023979,-0.32698488,-1.1952724,-0.07778227,0.072753675,-1.2187496,-0.039141748,-0.71652734,-0.3226973,0.5965184,0.028622957,-0.7682398,-0.14120711,0.4361001,0.22579943,0.43427002,0.34193015,-0.037991423,0.39019158,-0.0658607,0.25262296,-0.43291953,0.6402831,0.11542034,0.6963354,0.3994465,-0.40463194,-0.19914176,0.22616544,0.36854452,0.4115772,-0.98905027,0.8392896,-1.413207,-0.9508803,-0.4855731,0.44169486,0.4048321,0.5956818,0.48676676,-0.17780842,-1.1890502,0.17429616,-0.36923325,-0.37090644,0.27657068,-0.14816135,1.1602308,0.22193015,0.2776164,0.45764256,0.49978635,-0.61038357,-0.86178225,-0.41179535,0.5794203,0.3817733,-0.61671036,-0.69937706,0.31949878,0.028256945,-0.021991422,0.2941393,0.9712112,-0.42863193,-0.7474293,-0.45843586,-0.95464504,-0.47025287,-0.3614947,0.63421774,0.6588452,0.69382554,0.69262296,0.12985171,-0.34230515,-0.1753509,0.88969487,-0.24112868,-0.47579533,-0.1121875,-0.10878881,-0.7343574,-0.29864502,-0.4132071,0.4705053,0.2301393,0.9079955,-0.22408293,-0.5725797,0.32671446,0.9292765,0.5071589,0.3366491,-0.029939134,-0.37189993,0.27108046,0.08096283,-0.12107639,-0.3320045,-0.40374306,-0.2768411,-0.1155339,0.7282308,0.29042688,-1.0347496,0.6024269,-0.67699796,-0.033808414,0.5484661,0.06961642,0.15034845,0.22062296,0.057224266,-0.4886058,-0.32881495,0.74935496,-0.90559924,-0.25759926,-0.4367888,-0.008448938,0.33016545,0.05821773,-0.07668423,0.07745956,0.5510282,-0.1816777,0.0103223035,0.2785576,-0.7353509,-0.68735087,-0.49006987,0.24843995,0.47029617,0.50789094,-0.2212594,-0.24008292,-0.47448814,-0.08562541,0.27636153,-0.038618874,-0.45723325,0.7888321,-0.034435865,-0.6796646,-0.25812215,0.43808702,-0.52756006,-1.4161875,0.8507929,0.23050532,-0.02701103,-0.008814951,0.6146622,-0.051899917,-0.96656656,0.7075249,0.92043996,-0.5425666,0.32075366,-0.414096,0.00049223856,0.3404138,-0.7411025,0.38407394,0.3016687,-0.3260437,0.24582557,-0.30852738,-0.07433129,-0.06946854,0.12969485,0.080544524,-0.4166058,0.16504125,0.48509353,0.68964255,0.64153796,0.034060866,-0.14695874,0.3811981,-0.2305143,0.36091053,0.49586478,0.57293665,-0.6586973,-0.34617442,0.1122308,0.03243995,-0.25571692,0.04870139,0.5766491,0.4326491,-0.12473652,0.23536806,-0.07673652,-0.5475339,0.51949877,-0.39114174,0.69596934,-0.15600449,-0.7656254,0.43212622,-0.58356005,0.45230922,0.4356295,0.48640072,0.054819036,0.89345956,-0.13712868,-0.7778607,0.48294976,-0.47229207,0.30004779,-0.3008411,-0.11856659,-1.2743313,1.2224008,-0.107743055,0.22684518,-0.67114174,0.44927657,-0.6363705,0.7997602,0.008858251,-0.7554293,-1.0572332,0.14360335,-0.120658085,0.51275367,0.06522427,0.635002,-0.6456777,0.06877982,-0.18491952,0.4890674,-0.062932596,0.9054857,-0.9370241,0.22198243,-0.5875339,-0.16536397,0.12002165,-1.244109,0.11960335,-0.33848816,-0.032448936,0.3202831,0.83317196,-0.9129195,0.03745956,-0.50288033,-0.61127245,0.9093027,-0.46905026,-0.75281495,0.5173027,-0.046984885,-0.53937703,0.21068832,-0.111926064,0.6312896,-0.9046581,0.09842688,0.09926348,-0.064867236,0.66119814,-0.09561234,-0.19741626,-0.37780842,1.3457471,0.08174714,-0.7794293,0.2393942,-0.32499796,0.75793016,-0.38303718,0.50025696,-0.36975613,0.2065576,-0.5497823,-0.24327247,-0.04034436,-0.48196527,-0.22512868,-0.3883705,0.5669236,0.621355,0.5966752,0.093354985,-0.060370505,0.5113942,0.3319432,-0.16719404,0.49785173,-0.621364,0.049642567,0.49858373,-0.048658088,0.60091054,-0.58256656,-0.059533905,-0.38978228,0.95207393,0.2608844,0.68085825,-0.4428019,-0.49163848,-0.18936397,-0.13922018,0.31536806,0.33466217,0.6309759,-0.06920711,0.58198243,-0.07495874,-0.88301104,0.334087,-0.09399142,-0.16677573,-0.47705024,-0.22361234,0.49612623,0.5682831,0.65617853,-0.37268424,0.45936805,0.81178635,0.24624388,-0.48212215,0.25508046,0.8152896,-0.46183455,0.98705435,0.22783865,0.5738256,-0.07014828,0.69853145,0.10057067,0.7804661,-0.20389992,0.5050674,0.85847914,-0.122854166,0.5870543,0.7158387,0.7507145,-0.3534947,0.3016687,0.6416426,0.8339563,0.16728963,0.93868834,0.84498894,0.5189759,-1.1897299,-0.48206985,0.39327654,0.08525041,-0.18324633,-0.05226593,0.305538,0.26961643,0.35280597,-0.0017561275,0.061354984,0.2836295,0.61382556,0.26783866,-1.0568149,0.257904,0.0473942,0.14193015,0.5421393,-0.798096,0.58396935,-0.016344363,0.088858254,0.6209367,0.28294975,0.8991589,-1.0170764,0.574453,0.81779945,-0.25372997,-0.013886847,-0.021259395,0.8972766,0.02773407,-0.15281495,0.024126226,-0.046566583,0.7143223,0.78224385,0.16174714,-1.2503836,-0.33545548,0.6249628,0.19191708,0.05471446,0.3534334,-0.33895874,-0.3412594,0.3416687,0.035890933,-0.17759927,-0.19187377,0.06810008,-0.40703717,0.74522424,-0.82230514,-0.24097182,0.51160336,-0.1294947,-0.30178228,-0.13038358,-0.27480188,0.2398125,-0.5703313,-0.0070894607,0.37345955,-0.3349849,0.18904126,-0.44112867,0.2633942,-0.24698488,-0.6712986,0.055028185,-0.18047509,-0.19610907,1.393904,0.12650532,0.2777733,0.91285825,-0.56844896,-0.6385143,-0.3319522,0.2751066,0.8392896,0.022348449,0.04650531,0.32467523,0.833904,-0.22256659,0.5594988,-0.29812214,-0.5471156,0.24242687,-0.206096,-0.4081875,-0.5121352,-0.4561352,-0.8274816,0.30904126,0.2006491,-0.2598999,-0.5837692,-0.28808293,-0.32499796,1.0417994,0.20755106,0.67113274,-0.6037431,0.2444661,0.47489747,-1.0309325,-0.07757312,0.41340727,-0.24525939,-0.18805678,0.1278125,-0.03903717,-0.24756005,-0.21671037,-0.057024103,0.24603473,0.21257067,0.7679171,0.25596938,0.7592896,-0.6021744,0.72891057,-0.48050123,0.538636,-0.5758738,-0.73603064,-0.22183456,0.14135498,0.65560335,-0.69252735,-0.06847508,-0.030148285,-0.65864503,0.9488321,0.43463603,-0.55124635,0.32169485,0.27824387,-0.81127244,0.50862294,1.0358909,-0.19056658,-0.5971548,0.35196936,0.622087,-0.7121875,0.23217851,0.60362947,0.7527537,-0.08525939,-0.03522018,0.46627003,0.67243993,0.048753675,-0.16928554,0.47787786,-0.5218607,-0.3147496,-0.2376254,-0.096448936,-0.50863194,0.6822177,0.21335499,-0.020161357,0.17659682,-0.15657966,0.40310663,-0.99956006,0.29476675,0.093982436,-0.170279,-0.38152084,0.45732883,0.26057068,0.6406491,0.5112896,0.42193013,0.8497471,-0.66392606,0.20624387,0.18872753,0.42344648,0.063446485,-0.0045796568,0.42276675,-0.31673652,-0.7686581,-0.6013901,0.53027004,0.2873942,0.21277982,0.05000858,0.4494857,0.2284138,0.64368176,-0.68029207,-0.2448411,-0.6344359,-0.073860705,0.7233158,-0.4131548,0.21586479,0.36305434,-0.35020056,0.09570792,-0.5507757,0.12666218,-0.5154293,-0.19501103,0.34067523,0.09366871,0.4831066,-0.6554032,0.14302818,0.23651838,0.5361262,0.21994323,0.3130674,-0.6095993,0.20111969,-0.07631822,-0.050645016,0.11285825,0.19296283,-0.1559522,0.37220466,0.3066883,-0.62706333,-0.06722018,-0.3434032,-0.20463194,-0.099690765,0.80802166,0.44310662,0.16038767,-0.28588685,-0.30016136,0.35777327,0.34647918,-0.017546978,-0.21623978,-0.3770764,-0.26115483,-0.46889338,0.1147406,0.7337733,0.69230926,0.21272753,-0.6002398,0.3016687,0.079237334,-0.36416134,-0.5072725,0.67641383,-0.77561235,-0.06157312,0.7010413,-0.17806986,0.7880478,1.1443877,-0.6258084,0.16342035,0.5231589,-0.118618876,0.030034723,0.24660988,1.1813027,0.16917197,0.07610008,-0.69754696,0.38193014,0.2596295,0.17586479,-0.7687104,0.021564133,0.35411316,0.31871447,0.68619156,0.41366872,0.527185,-0.010174428,0.19536805,0.79657066,0.37434846,0.7560478,0.5496687,0.0313942,0.19186479,-0.10763848,0.2251197,-0.753913,-0.18941626,-0.13273652,0.26491055,0.6718648,0.36760336,-0.23339011,-0.4877169,0.027420344,0.0040477943,-0.16813521,0.33811316,0.7416687,0.46731576,0.42501512,0.34496284,-0.5324228,0.3896687,-0.7765535,0.057485703,-0.5222267,-0.54183453,0.22689746,0.22114584,0.3285968,0.48624387,0.65978634,0.36258376,-0.068370506,-0.4199522,0.5673419,-0.60248816,0.08446609,1.121538,0.35860988,-0.37472343,-0.48175612,0.08227002,-0.005311683,-0.52756006,-0.23574306,-0.31124634,0.041904002,0.057015114,0.7218517,-0.622096,0.029407272,-0.29984763,0.45027003,0.5760217,0.0031589053,0.3543223,-0.30450124,-0.18183456,-0.7046581,0.07379943,1.1212243,0.25356412,0.22726348,-0.47548163,0.23531577,-0.17331168,0.4251197,-0.17529862,-0.21739012,0.10705433,-0.25372997,-0.5037692,-0.4250241,-0.5223836,0.13220465,-0.94518095,0.3501916,0.37047917,0.44378635,0.23902819,0.30653146,-0.010488153,0.6556556,-0.08437051,0.7471066,0.35834846,-0.0076123364,-0.0016515523,0.37900203,0.49858373,0.510819,-0.62763846,0.29189092,-0.46894568,-0.29843587,0.11996936,0.5194465,-0.54146856,-0.21697181,0.1303223,-0.31443587,0.4296687,-0.014200572,-0.020579657,-0.10214829,0.028413808,-0.26403064,0.16383864,-0.6565535,0.3307406,0.1985576,0.16017851,-0.3093117,0.28734192,-0.015821487,0.57100207,0.47657067,0.42449224,0.33649224,0.3315772,0.7653027,0.5964138,-0.41508946,0.09100204,0.017485702,-0.16525939,-0.84855354,0.60807395,0.117564134,-0.11229207,0.41670138,-0.22878881,0.13628308,-0.24410906,0.45021772,0.27547264,-0.103560045,0.33121118,0.14370793,-0.33508947,-0.43150777,-0.11710253,-0.49425286,0.018949755,0.5570413,0.65429616,-0.0566058,0.4112112,-0.15898488,-0.24891953,-0.41906333,-0.23077573,-0.7421483,-0.91631824,0.6806491,-0.116109066,0.302087,0.057171978,0.40049225,0.30145955,-0.53503716,-0.15924633,-0.0326058,0.040805966,-0.2456254,-0.29550776,0.20342034,0.1421393,0.15531577,-0.14167769,-0.15114175,-0.20970383,0.13105433,0.030871324,-0.29592606,0.6723354,0.36091053,-0.19605678,-0.049128678,-0.15150777,0.47453144,0.19196936,-0.58857965,0.3416687,0.18323734,0.036727533,0.5555772,-0.4280045,-0.23474959,-0.09759927,0.5311589,0.21084517,-0.20416136,0.48038766,0.075315766,0.43996936,0.06260989,0.25889745,-0.5049718,-0.13357311,-0.46789992,-0.18209599,0.5487275,0.0054072714,0.0633942,-0.10303717,0.46893668,0.44577327,0.48509353,-0.1323705,0.62057066,0.87494975,-0.4018607,-0.27025285,-0.74272346,0.32206085,-0.0013378268,0.86449224,-0.6023313,0.4002831,0.17230923,0.33173406,-0.16745548,-1.1847104,-1.182462,-0.19872345,0.47630924,-1.0145143,-0.024605801,-1.350096,0.5553158,-0.13148162,1.017172,0.9752373,-1.6817038,0.4377733,0.30334193,0.18260989,1.1185576,0.16509354,1.1566752,-0.24222672,-0.6942006,-0.5160568,-0.31124634,1.3735641,1.124257,0.6456164,0.2772504,-0.25257966,-0.39956003,0.09246609,1.1897733,0.23557721,-0.5344097,-1.5615469,1.5551589,0.13089746,-0.10010907,-0.20756005,0.62517196,0.15693669,0.21717198,0.82271445,-0.26952082,0.9487798,0.820623,-0.06706332,-0.2250241,1.0320216,1.5200217,1.2523092,-0.2615731,0.3341393,-0.9320568,-0.54220057,-0.35929862,0.9792112,-0.073546976,0.4083354,0.23207393,-0.59877574,-0.6536254,-0.04342933,0.5450674,-1.1351941,-0.802279,0.6414334,-0.9067496,1.0938779,-0.5672463,0.65262294,0.011002042,0.023969363,-1.2730241,-0.71286726,1.2150282,0.9469498,0.5513419,-0.12588684,-0.982096,1.2104791,-0.48719403,0.27034846,1.0258517,-0.8448411,-0.18732476,-0.37739012,-0.8519522,-1.2908542,1.5854857,-0.35072345,-0.073546976,-1.2465665,-0.25723326,0.93738115,-0.68573,-0.14193913,0.22611316,-0.2966581,-0.5518215,1.324989,1.6443093,0.665904,-0.12729861,-0.49022672,-0.039873775,-0.88003063,-0.55323327,-0.8355862,-0.43406984,0.78391707,0.084936686,-0.7521875,0.34778637,1.0441524,0.9346099,-0.015194036,0.9017733,-0.49817443,0.69853145,0.8204661,1.1763353,0.9594465,-0.29838356,-0.49979535,-0.9092594,-1.2615209,0.34606087,-0.96672344,-0.5794816,
0,0,0,0,0,0,1,0,1,0,0,0,0,0,0,0,0,0,0,0,0,0,0,0,0,0,0,0,0,0,0,0,0,0,0,0,0,0,0,0,0,0,0,0,0,0,0,0,0,0,0,0,0,0,0,0,0,0,0,0,0,0,0,0,0,0,0,0,0,0,0,0,0,0,0,0,0,0,0,0,0,0,0,0,0,0,0,0,0,0,0,0,0,0,0,0,0,0,0,0,0,0,0,0,0,0,0,0,0,0,0,0,0,0,0,0,0,0,0,0,0,0,0,0,0,0,0,0,0,0,0,0,0,0,0,0,0,0,0,0,0,0,0,0,0,0,0,0,0,0,0,0,0,0,0,0,0,0,0,0,0,0,0,0,0,0,0,0,0,0,0,0,0,0,0,0,0,0,0,0,0,0,0,0,0,0,0,0,0,0,0,0,0,0,0,0,0,0,0,0,0,0,0,0,0,0,0,0,0,0,0,0,0,0,0,0,0,0,0,0,0,0,0,0,0,0,0,0,0,0,0,0,0,0,0,0,0,0,0,0,0,0,0,0,0,0,0,0,0,0,0,0,0,0,0,0,0,0,0,0,0,0,0,0,0,0,0,0,0,0,0,0,0,0,0,0,0,0,0,0,0,0,0,0,0,0,0,0,0,0,0,0,0,0,0,0,0,0,0,0,0,0,0,0,0,0,0,0,0,0,0,0,0,0,0,0,0,0,0,0,0,0,0,0,0,0,0,0,0,0,0,0,0,0,0,0,0,0,0,0,0,0,0,0,0,0,0,0,0,0,0,0,0,0,0,0,0,0,0,0,0,0,0,0,0,0,0,0,0,0,0,0,0,0,0,0,0,0,0,0,0,0,0,0,0,0,0,0,0,0,0,0,0,0,0,0,0,0,0,0,0,0,0,0,0,0,0,0,0,0,0,0,0,0,0,0,0,0,0,0,0,0,0,0,0,0,0,0,0,0,0,0,0,0,0,0,0,0,0,0,0,0,0,0,0,0,0,0,0,0,0,0,0,0,0,0,0,0,0,0,0,0,0,0,0,0,0,0,0,0,0,0,0,0,0,0,0,0,0,0,0,0,0,0,0,0,0,0,0,0,0,0,0,0,0,0,0,0,0,0,0,0,0,0,0,0,0,0,0,0,0,0,0,0,0,0,0,0,0,0,0,0,0,0,0,0,0,0,0,0,0,0,0,0,0,0,0,0,0,0,0,0,0,0,0,0,0,0,0,0,0,0,0,0,0,0,0,0,0,0,0,0,0,0,0,0,0,0,0,0,0,0,0,0,0,0,0,0,0,0,0,0,0,0,0,0,0,0,0,0,0,0,0,0,0,0,0,0,0,0,0,0,0,0,0,0,0,0,0,0,0,0,0,0,0,0,0,0,0,0,0,0,0,0,0,0,0,0,0,0,0,0,0,0,0,0,0,0,0,0,0,0,0,0,0,0,0,0,0,0,0,0,0,0,0,0,0,0,0,0,0,0,0,0,0,0,0,0,0,0,0,0,0,0,0,0,0,0,0,0,0,0,0,0,0,0,0,0,0,0,0,0,0,0,0,0,0,0,0,0,0,0,0,0,0,0,0,0,0,0,0,0,0,0,0,0,0,0,0,0,0,0,0,0,0,0,0,0,0,0,0,0,0,0,0,0,0,0,0,0,0,0,0,0,0,0,0,0,0,0,0,0,0,0,0,0,0,0,0,0,0,0,0,0,0,0,0,0,0,0,0,0,0,0,0,0,0,0,0,0,0,0,0,0,0,0,0,0,0,0,0,0,0,0,0,0,0,0,0,0,0,0,0,0,0,0,0,0,0,0,0,0,0,0,0,0,0,0,0,0,0,0,0,0,0,0,0,0,0,0,0,0,0,0,0,0,0,0,0,0,0,0,0,0,0,0,0,0,0,0,0,0,0,0,0,0,0,0,0,0,0,0,0,0,0,0,0,0,0,0,0,0,0,0,0,0,0,0,0,0,0,0,0,0,0,0,0,0,0,0,0,0,0,0,0,0,0,0,0,0,0,0,0,0,0,0,0,0,0,0,0,0,0,0,0,0,0,0,0,0,0,0,0,0,0,0,0,0,0,0,0,0,0,0,0,0,0,0,0,0,0,0,0,0,0,0,0,0,0,0,0,0,0,0,0,0,0,0,0,0,0,0,0,0,0,0,0,0,0,0,0,0,0,0,0,0,0,0,0,0,0,0,0,0,0,0,0,0,0,0,0,0,0,0,0,0,0,0,0,0,0,0,0,0,0,0,0,0,0,0,0,0,0,0,0,0,0,0,0,0,0,0,0,0,0,0,0,0,0,0,0,0,0,0,0,0,0,0,0,0,0,0,0,0,0,0,0,0,0,0,0,0,0,0,0,0,0,0,0,0,0,0,0,0,0,0,0,0,0,0,0,0,0,0,0,0,0,0,0,0,0,0,0,0,0,0,0,0,0,0,0,0,0,0,0,0,0,0,0,0,0,0,0,0,0,0,0,0,0,0,0,0,0,0,0,0,0,0,0,0,0,0,0,0,0,0,0,0,0,0,0,0,0,0,0,0,0,0,0,0,0,0,0,0,0,0,0,0,0,0,0,0,0,0,0,0,0,0,0,0,0,0,0,0,0,0,0,0,0,0,0,0,0,0,0,0,0,0,0,0,0,0,0,0,0,0,0,0,0,0,0,0,0,0,0,0,0,0,0,0,0,0,0,0,0,0,0,0,0,0,0,0,0,0,0,0,0,0,0,0,0,0,0,0,0,0,0,0,0,0,0,0,0,0,0,0,0,0,0,0,0,0,0,0,0,0,0,0,0,0,0,0,0,0,0,0,0,0,0,0,0,0,0,0,0,0,0,0,0,0,0,0,0,0,0,0,0,0,0,0,0,0,0,0,0,0,0,0,0,0,0,0,0,0,0,0,0,0,0,0,0,0,0,0,0,0,0,0,0,0,0,0,0,0,0,0,0,0,0,0,0,0,0,0,0,0,0,0,0,0,0,0,0,0,0,0,0,0,0,0,0,0,0,0,0,0,0,0,0,0,0,0,0,0,0,0,0,0,0,0,0,0,0,0,0,0,0,0,0,0,0,0,0,0,0,0,0,0,0,0,0,0,0,0,0,0,0,0,0,0,0,0,0,0,0,0,0,0,0,0,0,0,0,0,0,0,0,0,0,0,0,0,0,0,0,0,0,0,0,0,0,0,0,0,0,0,0,0,0,0,0,0,0,0,0,0,0,0,0,0,0,0,0,0,0,0,0,0,0,0,0,0,0,0,0,0,0,0,0,0,0,0,0,0,0,0,0,0,0,0,0,0,0,0,0,0,0,0,0,0,0,0,0,0,0,0,0,0,0,0,0,0,0,0,0,0,0,0,0,0,0,0,0,0,0,0,0,0,0,0,0,0,0,0,0,0,0,0,0,0,0,0,0,0,0,0,0,0,0,0,0,0,0,0,0,0,0,0,0,0,0,0,0,0,0,0,0,0,0,0,0,0,0,0,0,0,0,0,0,0,0,0,0,0,0,0,0,0,0,0,0,0,0,0,0,0,0,0,0,0,0,0,0,0,0,0,0,0,0,0,0,0,0,0,0,0,0,0,0,0,0,0,0,0,0,0,0,0,0,0,0,0,0,0,0,0,0,0,0,0,0,0,0,0,0,0,0,0,0,0,0,0,0,0,0,0,0,0,0,0,0,0,0,0,0,0,0,0,0,0,0,0,0,0,0,0,0,0,0,0,0,0,0,0,0,0,0,0,0,0,0,0,0,0,0,0,0,0,0,0,0,0,0,0,0,0,0,0,0,0,0,0,0,0,0,0,0,0,0,0,0,0,0,0,0,0,0,0,0,0,0,0,0,0,0,0,0,0,0,0,0,0,0,0,0,0,0,0,0,0,0,0,0,0,0,0,0,0,0,0,0,0,0,0,0,0,0,0,0,0,0,0,0,0,0,0,0,0,0,0,0,0,0,0,0,0,0,0,0,0,0,0,0,0,0,0,0,0,0,0,0,0,0,0,0,0,0,0,0,0,0,0,0,0,0,0,0,0,0,0,0,0,0,0,0,0,0,0,0,0,0,0,0,0,0,0,0,0,0,0,0,0,0,0,0,0,0,0,0,0,0,0,0,0,0,0,0,0,0,0,0,0,0,0,0,0,0,0,0,0,0,0,0,0,0,0,0,0,0,0,0,0,0,0,0,0,0,0,0,0,0,0,0,0,0,0,0,0,0,0,0,0,0,0,0,0,0,0,0,0,0,0,0,0,0,0,0,0,0,0,0,0,0,0,0,0,0,0,0,0,0,0,0,0,0,0,0,0,0,0,0,0,0,0,0,0,0,0,0,0,0,0,0,0,0,0,0,0,0,0,0,0,0,0,0,0,0,0,0,0,0,0,0,0,0,0,0,0,0,0,0,0,0,0,0,0,0,0,0,0,0,0,0,0,0,0,0,0,0,0,0,0,0,0,0,0,0,0,0,0,0,0,0,0,0,0,0,0,0,0,0,0,0,0,0,0,0,0,0,0,0,0,0,0,0,0,0,0,0,0,0,0,0,0,0,0,0,0,0,0,0,0,0,0,0,0,0,0,0,0,0,0,0,0,0,0,0,0,0,0,0,0,0,0,0,0,0,0,0,0,0,0,0,0,0,0,0,0,0,0,0,0,0,0,0,0,0,0,0,0,0,0,0,0,0,0,0,0,0,0,0,0,0,0,0,0,0,0,0,0,0,0,0,0,0,0,0,0,0,0,0,0,0,0,0,0,0,0,0,0,0,0,0,0,0,0,0,0,0,0,0,0,0,0,0,0,0,0,0,0,0,0,0,0,0,0,0,0,0,0,0,0,0,0,0,0,0,0,0,0,0,0,0,0,0,0,0,0,0,0,0,0,0,0,0,0,0,0,0,0,0,0,0,0,0,0,0,0,0,0,0,0,0,0,0,0,0,0,0,0,0,0,0,0,0,0,0,0,0,0,0,0,0,0,0,0,0,0,0,0,0,0,0,0,0,0,0,0,0,0,0,0,0,0,0,0,0,0,0,0,0,0,0,0,0,0,0,0,0,0,0,0,0,0,0,0,0,0,0,0,0,0,0,0,0,0,0,0,0,0,0,0,0,0,0,0,0,0,0,0,0,0,0,0,0,0,0,0,0,0,0,0,0,0,0,0,0,0,0,0,0,0,0,0,0,0,0,0,0,0,0,0,0,0,0,0,0,0,0,0,0,0,0,0,0,0,0,0,0,0,0,0,0,0,0,0,0,0,0,0,0,0,0,0,0,0,0,0,0,0,0,0,0,0,0,0,0,0,0,0,0,0,0,0,0,0,0,0,0,0,0,0,0,0,0,0,0,0,0,0,0,0,0,0,0,0,0,0,0,0,0,0,0,0,0,0,0,0,0,0,0,0,0,0,0,0,0,0,0,0,0,0,0,0,0,0,0,0,0,0,0,0,0,0,0,0,0,0,0,0,0,0,0,0,0,0,0,0,0,0,0,0,0,0,0,0,0,0,0,0,0,0,0,0,0,0,0,0,0,0,0,0,0,0,0,0,0,0,0,0,0,0,0,0,0,0,0,0,0,0,0,0,0,0,0,0,0,0,0,0,0,0,0,0,0,0,0,0,0,0,0,0,0,0,0,0,0,0,0,0,0,0,0,0,0,0,0,0,0,0,0,0,0,0,0,0,0,0,0,0,0,0,0,0,0,0,0,0,0,0,0,0,0,0,0,0,0,0,0,0,0,0,0,0,0,0,0,0,0,0,0,0,0,0,0,0,0,0,0,0,0,0,0,0,0,0,0,0,0,0,0,0,0,0,0,0,0,0,0,0,0,0,0,0,0,0,0,0,0,0,0,0,0,0,0,0,0,0,0,0,0,0,0,0,0,0,0,0,0,0,0,0,0,0,0,0,0,0,0,0,0,0,0,0,0,0,0,0,0,0,0,0,0,0,0,0,0,0,0,0,0,0,0,0,0,0,0,0,0,0,0,0,0,0,0,0,0,0,0,0,0,0,0,0,0,0,0,0,0,0,0,0,0,0,0,0,0,0,0,0,0,0,0,0,0,0,0,0,0,0,0,0,0,0,0,0,0,0,0,0,0,0,0,0,0,0,0,0,0,0,0,0,0,0,0,0,0,0,0,0,0,0,0,0,0,0,0,0,0,0,0,0,0,0,0,0,0,0,0,0,0,0,0,0,0,0,0,0,0,0,0,0,0,0,0,0,0,0,0,0,0,0,0,0,0,0,0,0,0,0,0,0,0,0,0,0,0,0,0,0,0,0,0,0,0,0,0,0,0,0,0,0,0,0,0,0,0,0,0,0,0,0,0,0,0,0,0,0,0,0,0,0,0,0,0,0,0,0,0,0,0,0,0,0,0,0,0,0,0,0,0,0,0,0,0,0,0,0,0,0,0,0,0,0,0,0,0,0,0,0,0,0,0,0,0,0,0,0,0,0,0,0,0,0,0,0,0,0,0,0,0,0,0,0,0,0,0,0,0,0,0,0,0,0,0,0,0,0,0,0,0,0,0,0,0,0,0,0,0,0,0,0,0,0,0,0,0,0,0,0,0,0,0,0,0,0,0,0,0,0,0,0,0,0,0,0,0,0,0,0,0,0,0,0,0,0,0,0,0,0,0,0,0,0,0,0,0,0,0,0,0,0,0,0,0,0,0,0,0,0,0,0,0,0,0,0,0,0,0,0,0,0,0,0,0,0,0,0,0,0,0,0,0,0,0,0,0,0,0,0,0,0,0,0,0,0,0,0,0,0,0,0,0,0,0,0,0,0,0,0,0,0,0,0,0,0,0,0,0,0,0,0,0,0,0,0,0,0,0,0,0,0,0,0,0,0,0,0,0,0,0,0,0,0,0,0,0,0,0,0,0,0,0,0,0,0,0,0,0,0,0,0,0,0,0,0,0,0,0,0,0,0,0,0,0,0,0,0,0,0,0,0,0,0,0,0,0,0,0,0,0,0,0,0,0,0,0,0,0,0,0,0,0,0,0,0,0,0,0,0,0,0,0,0,0,0,0,0,0,0,0,0,0,0,0,0,0,0,0,0,0,0,0,0,0,0,0,0,0,0,0,0,0,0,0,0,0,0,0,0,0,0,0,0,0,0,0,0,0,0,0,0,0,0,0,0,0,0,0,0,0,0,0,0,0,0,0,0,0,0,0,0,0,0,0,0,0,0,0,0,0,0,0,0,0,0,0,0,0,0,0,0,0,0,0,0,0,0,0,0,0,0,0,0,0,0,0,0,0,0,0,0,0,0,0,0,0,0,0,0,0,0,0,0,0,0,0,0,0,0,0,0,0,0,0,0,0,0,0,0,0,0,0,0,0,0,0,0,0,0,0,0,0,0,0,0,0,0,0,0,0,0,0,0,0,0,0,0,0,0,0,0,0,0,0,0,0,0,0,0,0,0,0,0,0,0,0,0,0,0,0,0,0,0,0,0,0,0,0,0,0,0,0,0,0,0,0,0,0,0,0,0,0,0,0,0,0,0,0,0,0,0,0,0,0,0,0,0,0,0,0,0,0,0,0,0,0,0,0,0,0,0,0,0,0,0,0,0,0,0,0,0,0,0,0,0,0,0,0,0,0,0,0,0,0,0,0,0,0,0,0,0,0,0,0,0,0,0,0,0,0,0,0,0,0,0,0,0,0,0,0,0,0,0,0,0,0,0,0,0,0,0,0,0,0,0,0,0,0,0,0,0,0,0,0,0,0,0,0,0,0,0,0,0,0,0,0,0,0,0,0,0,0,0,0,0,0,0,0,0,0,0,0,0,0,0,0,0,0,0,0,0,0,0,0,0,0,0,0,0,0,0,0,0,0,0,0,0,0,0,0,0,0,0,0,0,0,0,0,0,0,0,0,0,0,0,0,0,0,0,0,0,0,0,0,0,0,0,0,0,0,0,0,0,0,0,0,0,0,0,0,0,0,0,0,0,0,0,0,0,0,0,0,0,0,0,0,0,0,0,0,0,0,0,0,0,0,0,0,0,0,0,0,0,0,0,0,0,0,0,0,0,0,0,0,0,0,0,0,0,0,0,0,0,0,0,0,0,0,0,0,0,0,0,0,0,0,0,0,0,0,0,0,0,0,0,0,0,0,0,0,0,0,0,0,0,0,0,0,0,0,0,0,0,0,0,0,0,0,0,0,0,0,0,0,0,0,0,0,0,0,0,0,0,0,0,0,0,0,0,0,0,0,0,0,0,0,0,0,0,0,0,0,0,0,0,0,0,0,0,0,0,0,0,0,0,0,0,0,0,0,0,0,0,0,0,0,0,0,0,0,0,0,0,0,0,0,0,0,0,0,0,0,0,0,0,0,0,0,0,0,0,0,0,0,0,0,0,0,0,0,0,0,0,0,0,0,0,0,0,0,0,0,0,0,0,0,0,0,0,0,0,0,0,0,0,0,0,0,0,0,0,0,0,0,0,0,0,0,0,0,0,0,0,0,0,0,0,0,0,0,0,0,0,0,0,0,0,0,0,0,0,0,0,0,0,0,0,0,0,0,0,0,0,0,0,0,0,0,0,0,0,0,0,0,0,0,0,0,0,0,0,0,0,0,0,0,0,0,0,0,0,0,0,0,0,0,0,0,0,0,0,0,0,0,0,0,0,0,0,0,0,0,0,0,0,0,0,0,0,0,0,0,0,0,0,0,0,0,0,0,0,-0.83010274,-0.044082247,1.7001015,0.67057794,0.07108589,-0.20468369,0.054099202,-0.8694404,1.2286192,-0.3959262,0.10099547,-0.858143,-0.35406905,-0.29872006,-0.052372403,0.79525536,-0.23987621,0.9893425,1.1304377,0.41203886,-0.80791444,0.12277745,-1.0808393,0.091892555,0.34701803,0.9633342,0.41106355,0.9477292,-0.31473145,0.16447206,0.3748957,-0.33667597,1.0329877,0.3213348,0.9074976,0.6005992,0.41073844,-0.38690457,-0.93811864,-0.17444901,-1.6834198,-0.9840396,1.5593313,0.43804717,-0.95795,1.2304885,0.382048,0.40895036,-0.04343204,-0.127634,-0.8531039,0.49697232,-0.6877072,0.15447511,0.15707594,0.47974178,-0.9429139,-0.8397746,1.1654677,0.009641211,0.45820364,0.9511428,-0.43363827,-0.28620356,-0.4559079,-0.6527585,0.23274392,-0.7133091,1.1931828,0.29044992,0.49201447,-1.3675811,-0.28750396,-0.34350315,-0.019374333,-0.84034353,-1.0427209,-0.58099174,-0.88472027,1.3106266,-0.003850611,0.42967576,-0.86106896,1.4324595,-0.41461968,-0.46013427,0.2715126,0.4607232,-0.029452562,-0.11024094,-0.63853514,-0.57310796,-0.25596887,-0.27271172,-0.20744708,0.70536405,-0.31993312,0.9686984,-0.9412071,-0.2979073,0.4268311,-1.5999494,-0.23158605,-1.006228,-0.69949216,0.7748551,0.17113669,-0.8296151,0.3742455,0.24493533,0.21543212,0.97333115,0.12310255,-0.5291376,1.152626,-0.4081989,-0.027339384,-0.035710815,-1.3941585,-0.1659963,0.46080446,-0.52523637,-0.25970757,-0.58700615,0.37643996,-0.4728946,0.41130736,1.5788376,-0.29059246,-0.551326,-0.9208881,0.42837533,0.14017051,-0.67454046,0.274276,-0.06781485,0.006227617,0.41707796,-0.9006504,0.21795169,0.3233667,0.8347555,-0.5231232,0.348481,-1.1303364,-1.2451794,-0.46631125,1.1991973,-1.2305498,-0.45802107,0.5081071,0.7313724,0.1321242,0.3687187,0.75884366,-0.25458717,0.10205206,-0.20728453,-0.21906956,0.61181533,0.007528034,0.38432372,-0.16762182,-1.1354568,0.4074874,0.28549206,-0.36422855,0.20120881,-0.12625232,1.0276235,0.7660773,0.4871379,0.05905704,0.44560584,-0.26588455,-0.9931425,-0.48110348,1.2821801,0.25704545,0.05182347,-0.32960495,0.7870465,0.794849,-0.11170391,1.0222594,-0.028883629,-0.8467644,0.18893614,0.03426785,0.48843834,0.16991755,-0.48411068,0.93049866,-0.5457992,0.15504403,1.1530324,0.6126281,-0.087239824,-0.33675724,0.5191607,0.035568267,-1.1733315,-1.2607845,0.048897535,0.07238631,0.33507046,0.41439587,1.2747027,1.14141,0.26021522,0.5648378,-0.20996663,0.7182057,0.052798785,0.17251839,-0.26881048,-0.04009972,-1.2127503,0.391476,0.16325292,-0.23573114,0.42601833,-0.3918624,-1.1088796,-1.0814083,-0.11861237,0.3724574,0.3447423,0.8824645,0.15740104,-0.07854328,0.02297048,1.1064613,0.43877867,-0.7736159,-1.0089101,-1.2338009,1.0778521,-0.8778931,0.23396306,1.1467742,0.23770176,0.7605505,0.7274711,-0.057086412,-0.10967201,0.44877562,-1.0152496,-0.3844663,-1.1385453,0.016712226,0.18251534,0.036462303,0.6753732,1.0650917,0.61847997,-0.32529733,0.3892003,-0.288398,1.1001217,-0.32269648,0.5472009,0.3217412,0.45487133,-0.6014733,1.2008227,0.17333114,-1.1199331,-0.47305715,0.07458076,-0.8361172,0.37058806,-0.0798437,0.3359645,-0.6914458,0.18048343,0.7815197,-0.48768684,-0.27124876,0.5936095,-1.6123034,0.9754443,0.6008431,0.29670817,-0.6610486,0.08035136,0.4705576,-0.095367424,-0.37926462,-0.25645652,0.5870262,0.319628,-1.2919132,-0.9193438,0.57418454,-0.93673694,-0.29481882,0.2551761,-0.27856362,-0.33903298,0.5549221,-0.046520527,0.4417046,0.9050593,-0.70193046,0.42065412,-0.34212145,0.36091623,-0.55774677,-0.27531257,-0.23987621,-0.6333335,1.0594838,-0.37373784,1.1779842,-0.48110348,0.036055923,1.1443359,0.3766025,0.17235583,-0.7146908,0.54671323,0.43146384,-0.05676131,-0.31204933,0.12424042,0.090754695,0.36213538,-1.0521489,0.7478714,0.48022944,-0.8220564,-0.5482375,0.39253262,0.09051087,-0.11162263,0.13147399,-0.6742966,-0.4460735,0.3901756,0.74348253,0.073930554,0.2382707,0.236889,0.8939245,0.9958446,0.21673255,0.7266584,-0.6774664,0.09051087,0.03174829,-0.43827102,0.54972047,0.0734429,-0.27433726,-1.0002135,-0.69689137,0.6622878,-0.30091453,0.38082886,0.1992582,0.17016138,0.7353549,-1.125216,-0.17152306,-0.9754243,-0.26344627,0.35270736,0.8777505,0.39692152,0.015411809,1.0031594,0.051986024,0.3898505,-0.14673388,-0.26003268,-0.096261464,-1.0721428,-0.35480052,0.10952946,0.8828709,0.94821686,0.5568727,-0.16128229,0.1460224,-0.059280865,0.9168443,-0.048633706,0.89571255,-0.0008433976,0.6743166,-0.9448645,0.8645838,0.30865574,-0.058224276,-0.30172727,-0.45745215,0.26021522,1.1095498,-0.10690862,-0.20606539,-0.6952658,-0.31733227,0.78395796,0.7401502,-0.75118375,-0.046845634,-0.37227488,-0.37398165,-0.6101698,0.56532544,0.624657,-0.6631618,-0.33464408,0.8372751,-0.24239577,0.25273782,0.13131143,0.12253362,-0.051884748,-0.7007113,-0.26791644,0.8036268,0.78403926,0.27500746,-0.27230534,0.20714197,0.62685144,-0.80604506,0.14764792,-0.22719716,0.5145279,0.73177874,0.37782165,-0.25182378,-0.75451607,0.29557028,0.68033105,0.47161418,0.5996239,-0.20289561,0.643513,0.93805736,-0.1839583,0.6237629,0.94220245,0.22542907,-0.09569253,0.5255815,-0.4549326,0.57792324,0.24599192,-0.27157387,-0.15226065,1.0111245,0.6652137,0.22900523,0.6597682,-0.14063817,0.55102086,-0.20923515,0.7902975,1.0490804,0.6995122,0.039063133,-0.096261464,1.5696534,-0.2626335,0.31678334,1.2421923,-1.4763285,-0.20557773,0.4034236,-0.2042773,0.32824326,-0.7869452,0.043614592,-0.26832283,-0.036442302,0.4438178,-0.55075705,-0.19184208,-0.4115312,0.16365929,-0.5491315,-0.58838785,-0.3700804,0.21535085,0.57377815,-0.105283104,0.089698106,0.6180736,0.1246468,0.050116677,0.9679669,-0.46858698,0.32580498,0.26956198,-0.19070421,0.68642676,0.25720802,-0.1880221,-0.10682735,0.6536725,0.22104017,-1.206167,0.08197688,-0.31676334,-0.19029783,0.28996226,-0.075292245,0.39667767,-0.10398269,-0.70184916,-0.053185165,-0.052453678,0.76632106,0.055805996,0.53720397,-0.391456,-0.10406396,-0.19712502,-0.15388617,0.09213638,0.22331591,-0.27084237,0.17455028,0.4521892,0.98349065,1.1280807,0.884659,-0.27019218,0.40261084,0.24103408,-0.08065646,-0.6965662,-0.044163525,-0.71997374,-0.08081902,0.13228674,-0.4403029,-0.90837157,0.404724,0.56223696,-0.5813981,0.35376394,0.32653648,1.042172,0.47787243,0.3345828,-0.60098565,0.5586608,-0.119181305,-0.82270664,0.5712586,-0.52694315,0.2253478,1.2829115,-0.52832484,0.08539047,0.3562835,0.2735445,0.27159387,-0.73021454,0.017281158,-0.35553202,0.14846067,0.9461037,0.6457887,0.19877054,0.18666041,0.06913527,0.13529396,0.5721526,0.09408701,0.75047225,1.0154321,-0.63455266,0.4247992,0.58410025,-0.87959987,-0.45850873,0.011754388,-0.9973689,0.7679466,0.7561616,0.5546783,0.5632123,0.5762977,-0.020024542,-0.049283914,0.44024163,-0.3538252,0.15691338,-0.19013529,-0.37731397,-0.86171913,-0.6245557,-0.21012919,-0.43534508,0.7116223,-0.52092874,0.77453,0.198608,-0.43957144,0.93594414,-0.47687712,0.73901236,0.3027226,0.42618087,0.9907242,0.9144873,-0.20996663,-0.3423653,0.9669916,-0.91528004,0.822239,0.07523097,-0.43981525,0.40789378,-1.1149752,0.38180417,-0.45915896,-0.7103832,-0.038392924,0.34799334,0.30052814,0.9724371,-0.6891701,0.6344914,0.0015136073,0.25046209,-1.1548005,-0.6980292,0.076125,0.88262707,-0.1934676,-1.0762879,0.83191085,-0.43981525,0.10749756,0.44739392,0.42211708,-0.94681513,-0.25304294,0.041907795,-0.60228604,-0.21411172,-0.27263045,0.46226743,0.83605593,0.22079635,-0.13348588,0.40301722,-1.099289,0.78948474,-0.5614042,-0.17900047,-0.7272886,-0.24133918,-0.90877795,-0.12267617,0.65009636,-0.44534203,0.29703328,0.73413575,-0.76613855,-0.53214484,-0.057492793,-0.22077635,-0.2667786,-0.10406396,-1.2045414,0.2239661,0.1426088,-0.031890843,0.7099155,0.5893832,-0.22792864,-0.0422129,0.44276118,-0.02725811,0.3230416,-0.052372403,0.71454823,0.64587003,0.37652123,-0.96786565,0.3922075,-0.17672473,-0.250117,0.075068414,-0.33171812,0.35579583,-0.18135747,-0.039043132,0.57280284,0.49144554,0.5580919,0.8670221,0.1232651,-0.60602474,1.2933149,0.0138675645,-0.33830148,0.025083657,-0.13299823,0.74031276,0.73291665,0.5215177,-0.022137718,0.21543212,0.46397424,0.37180722,0.65009636,1.3416741,-0.1755056,0.51200837,-0.15933166,-1.0859597,0.39854702,-0.013441183,0.4589351,-0.07163482,0.084821545,0.11432474,1.0502182,0.23940855,-0.99029785,0.4129329,-0.2588948,-1.2711065,0.16512227,0.13903266,-0.08675217,0.034105297,1.2134205,0.13155526,0.35205713,-0.6295948,-0.14234497,0.32734922,0.47006994,-0.28222102,1.1931828,1.3357409,-0.22093889,0.30483577,-0.30863574,0.35254478,0.47616565,0.20966153,-0.98883486,0.59897375,0.5367163,0.90310866,0.58296233,0.56735736,0.013786289,0.08417133,-0.48248518,-0.008645897,0.22575419,-0.509225,-1.0402826,0.5666259,0.29735836,-0.95356107,0.7698972,-0.20281434,-0.2202887,-0.69624114,-0.16932862,-0.3249722,-1.2596467,0.82784706,0.18316554,0.10237717,0.9600019,-0.047252014,0.101970784,-0.22370228,-0.21321768,-0.59684056,0.4096006,-0.53027546,-0.16624013,-0.41380692,0.31775865,0.9721933,0.21461937,0.34823716,0.7148734,0.15317468,-0.4705376,0.183003,0.16000187,-0.43981525,-0.09463594,0.20185903,-0.35829538,-0.94779044,-0.3124557,0.7559177,0.74502677,-0.25580633,-0.4304685,-0.28669122,0.015736913,-0.4114499,1.3891393,-0.54327965,0.10619714,0.43373954,-0.22345845,0.14203987,-0.115361325,1.5018692,-0.7903588,0.94545346,-1.1685362,-0.03993717,0.05905704,0.25948372,-0.7866201,-0.9151988,0.90538436,-0.0700093,0.5195671,-0.6868131,-0.047902223,-0.45533898,-0.3986083,-0.8219752,-0.078218184,0.96674776,-0.69355905,-0.0018999861,-0.84099376,-0.9039014,0.5846692,0.6363607,0.47575927,0.2399775,0.21868317,0.2111245,0.510708,-0.07049696,0.6800059,-0.48947492,-0.29611924,0.22526653,-0.6265063,0.3742455,0.9999897,0.6805749,0.71804315,-0.63585305,0.56166804,0.2311184,0.6834195,-0.3162757,0.45641556,-0.48663026,0.8523924,-1.4710456,-0.44379777,-0.34008956,0.35636476,0.60506946,-0.040018447,-0.121213205,-0.37942716,-0.16095719,1.1146702,1.2016355,0.16439077,-0.85497326,-0.43567017,-0.639673,0.6498525,-0.6503202,-0.27766958,0.0024889198,0.9391139,0.9317178,0.69699264,0.8015949,-0.040668655,-0.5249113,0.025327485,0.015005429,0.15179299,-0.81864285,0.10660352,-0.69997984,0.15862018,-0.8229505,-0.41705796,0.43178892,-0.10382013,0.040201,0.13911393,0.84109503,0.33547682,-0.39617002,-0.04977157,-0.7003862,-0.38714838,-0.8305904,-0.052697506,0.051417094,0.5307019,-0.20419604,-0.21386789,0.12513445,0.2776083,-0.09260404,-0.5550647,-0.33407512,-0.12682125,-0.8287211,-0.3817029,-0.5187343,-0.38625434,0.65416014,0.23396306,0.041907795,0.18926124,-0.07358545,0.6708217,1.3315959,-0.5102003,-0.16615885,-0.8374176,-0.46249127,0.13862628,-0.16900352,0.13960159,0.69422925,0.016062018,0.1761758,0.13464375,0.07230503,-0.38861135,-0.8006808,0.07815691,-0.7434625,0.14017051,0.4559279,0.03898186,0.51200837,-0.2134615,-0.5468558,-1.0398762,-0.0025501943,-0.9695724,0.6232753,-0.22849756,0.5922278,0.6834195,-0.33602577,0.7646143,0.24647957,-0.732409,-0.21329895,-0.22922905,0.24712978,-0.094310835,-0.085126646,0.6248195,-0.52604914,-0.75492245,-0.015229256,0.9138371,-0.6889263,-1.189993,0.46559975,-0.74850166,0.49607828,-0.5838364,0.5828811,-0.190054,0.6333535,0.06954165,0.9222085,-0.20354582,-0.55774677,1.0549322,0.2264044,0.11733195,-0.09390446,-0.098374635,-0.32545987,-0.27831978,1.0413592,0.057350244,-0.3423653,-0.2463783,0.3979781,-0.29595667,0.6922786,1.3126585,0.08425261,-0.41242522,-0.9429952,0.2050288,0.48730046,-0.71249634,-0.4997157,-0.48394814,-0.52799976,0.10757883,0.45487133,0.024352172,0.7297469,0.19698247,0.35530818,0.8204509,-0.47224438,-0.41811454,0.56597567,-0.359352,0.14740409,0.7967996,-0.47517034,0.32702413,0.031504463,-0.08260709,-0.78101206,0.72023755,0.5309457,0.11148008,-0.94136965,0.5132275,-1.0073658,0.8252462,-0.17656218,-0.4090929,0.16617885,0.03564954,-0.015798187,-0.6187038,0.2372141,0.28215975,-0.08171305,-0.20078243,-0.47061887,-0.526293,0.42057285,0.41569626,-0.38657945,0.6568423,0.1226149,-0.4057606,0.04450863,-0.3233467,0.45909768,-0.7351724,-0.06448253,0.27777085,-0.36780468,0.024921104,-0.031647015,0.2226657,-0.5095501,-0.24215195,0.48730046,0.16187122,-0.26417774,0.22071508,-0.17721239,-0.68600035,-0.42616087,0.42284855,0.5193232,0.7009752,-0.2124862,-0.2879916,0.31109402,-0.04261928,0.06255191,0.07466204,0.16211505,0.27094367,-0.27710062,-0.8445699,-0.17355497,-0.56359863,-0.15461765,0.25598887,-0.47346354,-0.6583665,0.23054947,-0.5476686,0.27224407,-0.20338327,0.00053829496,0.30654258,-0.1802196,0.65115297,0.37839058,0.122858725,-0.7369604,-0.07862456,5.063878e-05,0.39903468,-0.5601038,0.20592283,0.035405714,-0.08667089,-0.5613229,-0.5575842,0.33718362,0.0642587,-0.06488891,0.16707289,0.26387265,0.29158777,-0.107071176,-0.1127605,-0.24662213,-0.18810338,-0.58505553,-0.24133918,-0.19135442,-0.28376526,0.38286075,0.15699466,0.7282839,0.34075978,0.2440413,-0.4169767,0.2663922,-0.49223828,-0.62943226,-0.010515246,0.113024324,0.11936386,0.5790611,-0.35098055,-0.06001235,-0.00051829347,-0.28278995,-0.36869872,0.40659335,0.049060088,-0.26547816,-0.39673895,0.18032089,-0.43436977,0.22477888,
0,0,0,1,0,0,0,0,0,0,0,0,0,0,0,0,0,0,0,0,0,0,0,0,0,0,0,0,0,0,0,0,0,0,0,0,0,0,0,0,0,0,0,0,0,0,0,0,0,0,0,0,0,0,0,0,0,0,0,0,0,0,0,0,0,0,0,0,0,0,0,0,0,0,0,0,0,0,0,0,0,0,0,0,0,0,0,0,0,0,0,0,0,0,0,0,0,0,0,0,0,0,0,0,0,0,0,0,0,0,0,0,0,0,0,0,0,0,0,0,0,0,0,0,0,0,0,0,0,0,0,0,0,0,0,0,0,0,0,0,0,0,0,0,0,0,0,0,0,0,0,0,0,0,0,0,0,0,0,0,0,0,0,0,0,0,0,0,0,0,0,0,0,0,0,0,0,0,0,0,0,0,0,0,0,0,0,0,0,0,0,0,0,0,0,0,0,0,0,0,0,0,0,0,0,0,0,0,0,0,0,0,0,0,0,0,0,0,0,0,0,0,0,0,0,0,0,0,0,0,0,0,0,0,0,0,0,0,0,0,0,0,0,0,0,0,0,0,0,0,0,0,0,0,0,0,0,0,0,0,0,0,0,0,0,0,0,0,0,0,0,0,0,0,0,0,0,0,0,0,0,0,0,0,0,0,0,0,0,0,0,0,0,0,0,0,0,0,0,0,0,0,0,0,0,0,0,0,0,0,0,0,0,0,0,0,0,0,0,0,0,0,0,0,0,0,0,0,0,0,0,0,0,0,0,0,0,0,0,0,0,0,0,0,0,0,0,0,0,0,0,0,0,0,0,0,0,0,0,0,0,0,0,0,0,0,0,0,0,0,0,0,0,0,0,0,0,0,0,0,0,0,0,0,0,0,0,0,0,0,0,0,0,0,0,0,0,0,0,0,0,0,0,0,0,0,0,0,0,0,0,0,0,0,0,0,0,0,0,0,0,0,0,0,0,0,0,0,0,0,0,0,0,0,0,0,0,0,0,0,0,0,0,0,0,0,0,0,0,0,0,0,0,0,0,0,0,0,0,0,0,0,0,0,0,0,0,0,0,0,0,0,0,0,0,0,0,0,0,0,0,0,0,0,0,0,0,0,0,0,0,0,0,0,0,0,0,0,0,0,0,0,0,0,0,0,0,0,0,0,0,0,0,0,0,0,0,0,0,0,0,0,0,0,0,0,0,0,0,0,0,0,0,0,0,0,0,0,0,0,0,0,0,0,0,0,0,0,0,0,0,0,0,0,0,0,0,0,0,0,0,0,0,0,0,0,0,0,0,0,0,0,0,0,0,0,0,0,0,0,0,0,0,0,0,0,0,0,0,0,0,0,0,0,0,0,0,0,0,0,0,0,0,0,0,0,0,0,0,0,0,0,0,0,0,0,0,0,0,0,0,0,0,0,0,0,0,0,0,0,0,0,0,0,0,0,0,0,0,0,0,0,0,0,0,0,0,0,0,0,0,0,0,0,0,0,0,0,0,0,0,0,0,0,0,0,0,0,0,0,0,0,0,0,0,0,0,0,0,0,0,0,0,0,0,0,0,0,0,0,0,0,0,0,0,0,0,0,0,0,0,0,0,0,0,0,0,0,0,0,0,0,0,0,0,0,0,0,0,0,0,0,0,0,0,0,0,0,0,0,0,0,0,0,0,0,0,0,0,0,0,0,0,0,0,0,0,0,0,0,0,0,0,0,0,0,0,0,0,0,0,0,0,0,0,0,0,0,0,0,0,0,0,0,0,0,0,0,0,0,0,0,0,0,0,0,0,0,0,0,0,0,0,0,0,0,0,0,0,0,0,0,0,0,0,0,0,0,0,0,0,0,0,0,0,0,0,0,0,0,0,0,0,0,0,0,0,0,0,0,0,0,0,0,0,0,0,0,0,0,0,0,0,0,0,0,0,0,0,0,0,0,0,0,0,0,0,0,0,0,0,0,0,0,0,0,0,0,0,0,0,0,0,0,0,0,0,0,0,0,0,0,0,0,0,0,0,0,0,0,0,0,0,0,0,0,0,0,0,0,0,0,0,0,0,0,0,0,0,0,0,0,0,0,0,0,0,0,0,0,0,0,0,0,0,0,0,0,0,0,0,0,0,0,0,0,0,0,0,0,0,0,0,0,0,0,0,0,0,0,0,0,0,0,0,0,0,0,0,0,0,0,0,0,0,0,0,0,0,0,0,0,0,0,0,0,0,0,0,0,0,0,0,0,0,0,0,0,0,0,0,0,0,0,0,0,0,0,0,0,0,0,0,0,0,0,0,0,0,0,0,0,0,0,0,0,0,0,0,0,0,0,0,0,0,0,0,0,0,0,0,0,0,0,0,0,0,0,0,0,0,0,0,0,0,0,0,0,0,0,0,0,0,0,0,0,0,0,0,0,0,0,0,0,0,0,0,0,0,0,0,0,0,0,0,0,0,0,0,0,0,0,0,0,0,0,0,0,0,0,0,0,0,0,0,0,0,0,0,0,0,0,0,0,0,0,0,0,0,0,0,0,0,0,0,0,0,0,0,0,0,0,0,0,0,0,0,0,0,0,0,0,0,0,0,0,0,0,0,0,0,0,0,0,0,0,0,0,0,0,0,0,0,0,0,0,0,0,0,0,0,0,0,0,0,0,0,0,0,0,0,0,0,0,0,0,0,0,0,0,0,0,0,0,0,0,0,0,0,0,0,0,0,0,0,0,0,0,0,0,0,0,0,0,0,0,0,0,0,0,0,0,0,0,0,0,0,0,0,0,0,0,0,0,0,0,0,0,0,0,0,0,0,0,0,0,0,0,0,0,0,0,0,0,0,0,0,0,0,0,0,0,0,0,0,0,0,0,0,0,0,0,0,0,0,0,0,0,0,0,0,0,0,0,0,0,0,0,0,0,0,0,0,0,0,0,0,0,0,0,0,0,0,0,0,0,0,0,0,0,0,0,0,0,0,0,0,0,0,0,0,0,0,0,0,0,0,0,0,0,0,0,0,0,0,0,0,0,0,0,0,0,0,0,0,0,0,0,0,0,0,0,0,0,0,0,0,0,0,0,0,0,0,0,0,0,0,0,0,0,0,0,0,0,0,0,0,0,0,0,0,0,0,0,0,0,0,0,0,0,0,0,0,0,0,0,0,0,0,0,0,0,0,0,0,0,0,0,0,0,0,0,0,0,0,0,0,0,0,0,0,0,0,0,0,0,0,0,0,0,0,0,0,0,0,0,0,0,0,0,0,0,0,0,0,0,0,0,0,0,0,0,0,0,0,0,0,0,0,0,0,0,0,0,0,0,0,0,0,0,0,0,0,0,0,0,0,0,0,0,0,0,0,0,0,0,0,0,0,0,0,0,0,0,0,0,0,0,0,0,0,0,0,0,0,0,0,0,0,0,0,0,0,0,0,0,0,0,0,0,0,0,0,0,0,0,0,0,0,0,0,0,0,0,0,0,0,0,0,0,0,0,0,0,0,0,0,0,0,0,0,0,0,0,0,0,0,0,0,0,0,0,0,0,0,0,0,0,0,0,0,0,0,0,0,0,0,0,0,0,0,0,0,0,0,0,0,0,0,0,0,0,0,0,0,0,0,0,0,0,0,0,0,0,0,0,0,0,0,0,0,0,0,0,0,0,0,0,0,0,0,0,0,0,0,0,0,0,0,0,0,0,0,0,0,0,0,0,0,0,0,0,0,0,0,0,0,0,0,0,0,0,0,0,0,0,0,0,0,0,0,0,0,0,0,0,0,0,0,0,0,0,0,0,0,0,0,0,0,0,0,0,0,0,0,0,0,0,0,0,0,0,0,0,0,0,0,0,0,0,0,0,0,0,0,0,0,0,0,0,0,0,0,0,0,0,0,0,0,0,0,0,0,0,0,0,0,0,0,0,0,0,0,0,0,0,0,0,0,0,0,0,0,0,0,0,0,0,0,0,0,0,0,0,0,0,0,0,0,0,0,0,0,0,0,0,0,0,0,0,0,0,0,0,0,0,0,0,0,0,0,0,0,0,0,0,0,0,0,0,0,0,0,0,0,0,0,0,0,0,0,0,0,0,0,0,0,0,0,0,0,0,0,0,0,0,0,0,0,0,0,0,0,0,0,0,0,0,0,0,0,0,0,0,0,0,0,0,0,0,0,0,0,0,0,0,0,0,0,0,0,0,0,0,0,0,0,0,0,0,0,0,0,0,0,0,0,0,0,0,0,0,0,0,0,0,0,0,0,0,0,0,0,0,0,0,0,0,0,0,0,0,0,0,0,0,0,0,0,0,0,0,0,0,0,0,0,0,0,0,0,0,0,0,0,0,0,0,0,0,0,0,0,0,0,0,0,0,0,0,0,0,0,0,0,0,0,0,0,0,0,0,0,0,0,0,0,0,0,0,0,0,0,0,0,0,0,0,0,0,0,0,0,0,0,0,0,0,0,0,0,0,0,0,0,0,0,0,0,0,0,0,0,0,0,0,0,0,0,0,0,0,0,0,0,0,0,0,0,0,0,0,0,0,0,0,0,0,0,0,0,0,0,0,0,0,0,0,0,0,0,0,0,0,0,0,0,0,0,0,0,0,0,0,0,0,0,0,0,0,0,0,0,0,0,0,0,0,0,0,0,0,0,0,0,0,0,0,0,0,0,0,0,0,0,0,0,0,0,0,0,0,0,0,0,0,0,0,0,0,0,0,0,0,0,0,0,0,0,0,0,0,0,0,0,0,0,0,0,0,0,0,0,0,0,0,0,0,0,0,0,0,0,0,0,0,0,0,0,0,0,0,0,0,0,0,0,0,0,0,0,0,0,0,0,0,0,0,0,0,0,0,0,0,0,0,0,0,0,0,0,0,0,0,0,0,0,0,0,0,0,0,0,0,0,0,0,0,0,0,0,0,0,0,0,0,0,0,0,0,0,0,0,0,0,0,0,0,0,0,0,0,0,0,0,0,0,0,0,0,0,0,0,0,0,0,0,0,0,0,0,0,0,0,0,0,0,0,0,0,0,0,0,0,0,0,0,0,0,0,0,0,0,0,0,0,0,0,0,0,0,0,0,0,0,0,0,0,0,0,0,0,0,0,0,0,0,0,0,0,0,0,0,0,0,0,0,0,0,0,0,0,0,0,0,0,0,0,0,0,0,0,0,0,0,0,0,0,0,0,0,0,0,0,0,0,0,0,0,0,0,0,0,0,0,0,0,0,0,0,0,0,0,0,0,0,0,0,0,0,0,0,0,0,0,0,0,0,0,0,0,0,0,0,0,0,0,0,0,0,0,0,0,0,0,0,0,0,0,0,0,0,0,0,0,0,0,0,0,0,0,0,0,0,0,0,0,0,0,0,0,0,0,0,0,0,0,0,0,0,0,0,0,0,0,0,0,0,0,0,0,0,0,0,0,0,0,0,0,0,0,0,0,0,0,0,0,0,0,0,0,0,0,0,0,0,0,0,0,0,0,0,0,0,0,0,0,0,0,0,0,0,0,0,0,0,0,0,0,0,0,0,0,0,0,0,0,0,0,0,0,0,0,0,0,0,0,0,0,0,0,0,0,0,0,0,0,0,0,0,0,0,0,0,0,0,0,0,0,0,0,0,0,0,0,0,0,0,0,0,0,0,0,0,0,0,0,0,0,0,0,0,0,0,0,0,0,0,0,0,0,0,0,0,0,0,0,0,0,0,0,0,0,0,0,0,0,0,0,0,0,0,0,0,0,0,0,0,0,0,0,0,0,0,0,0,0,0,0,0,0,0,0,0,0,0,0,0,0,0,0,0,0,0,0,0,0,0,0,0,0,0,0,0,0,0,0,0,0,0,0,0,0,0,0,0,0,0,0,0,0,0,0,0,0,0,0,0,0,0,0,0,0,0,0,0,0,0,0,0,0,0,0,0,0,0,0,0,0,0,0,0,0,0,0,0,0,0,0,0,0,0,0,0,0,0,0,0,0,0,0,0,0,0,0,0,0,0,0,0,0,0,0,0,0,0,0,0,0,0,0,0,0,0,0,0,0,0,0,0,0,0,0,0,0,0,0,0,0,0,0,0,0,0,0,0,0,0,0,0,0,0,0,0,0,0,0,0,0,0,0,0,0,0,0,0,0,0,0,0,0,0,0,0,0,0,0,0,0,0,0,0,0,0,0,0,0,0,0,0,0,0,0,0,0,0,0,0,0,0,0,0,0,0,0,0,0,0,0,0,0,0,0,0,0,0,0,0,0,0,0,0,0,0,0,0,0,0,0,0,0,0,0,0,0,0,0,0,0,0,0,0,0,0,0,0,0,0,0,0,0,0,0,0,0,0,0,0,0,0,0,0,0,0,0,0,0,0,0,0,0,0,0,0,0,0,0,0,0,0,0,0,0,0,0,0,0,0,0,0,0,0,0,0,0,0,0,0,0,0,0,0,0,0,0,0,0,0,0,0,0,0,0,0,0,0,0,0,0,0,0,0,0,0,0,0,0,0,0,0,0,0,0,0,0,0,0,0,0,0,0,0,0,0,0,0,0,0,0,0,0,0,0,0,0,0,0,0,0,0,0,0,0,0,0,0,0,0,0,0,0,0,0,0,0,0,0,0,0,0,0,0,0,0,0,0,0,0,0,0,0,0,0,0,0,0,0,0,0,0,0,0,0,0,0,0,0,0,0,0,0,0,0,0,0,0,0,0,0,0,0,0,0,0,0,0,0,0,0,0,0,0,0,0,0,0,0,0,0,0,0,0,0,0,0,0,0,0,0,0,0,0,0,0,0,0,0,0,0,0,0,0,0,0,0,0,0,0,0,0,0,0,0,0,0,0,0,0,0,0,0,0,0,0,0,0,0,0,0,0,0,0,0,0,0,0,0,0,0,0,0,0,0,0,0,0,0,0,0,0,0,0,0,0,0,0,0,0,0,0,0,0,0,0,0,0,0,0,0,0,0,0,0,0,0,0,0,0,0,0,0,0,0,0,0,0,0,0,0,0,0,0,0,0,0,0,0,0,0,0,0,0,0,0,0,0,0,0,0,0,0,0,0,0,0,0,0,0,0,0,0,0,0,0,0,0,0,0,0,0,0,0,0,0,0,0,0,0,0,0,0,0,0,0,0,0,0,0,0,0,0,0,0,0,0,0,0,0,0,0,0,0,0,0,0,0,0,0,0,0,0,0,0,0,0,0,0,0,0,0,0,0,0,0,0,0,0,0,0,0,0,0,0,0,0,0,0,0,0,0,0,0,0,0,0,0,0,0,0,0,0,0,0,0,0,0,0,0,0,0,0,0,0,0,0,0,0,0,0,0,0,0,0,0,0,0,0,0,0,0,0,0,0,0,0,0,0,0,0,0,0,0,0,0,0,0,0,0,0,0,0,0,0,0,0,0,0,0,0,0,0,0,0,0,0,0,0,0,0,0,0,0,0,0,0,0,0,0,0,0,0,0,0,0,0,0,0,0,0,0,0,0,0,0,0,0,0,0,0,0,0,0,0,0,0,0,0,0,0,0,0,0,0,0,0,0,0,0,0,0,0,0,0,0,0,0,0,0,0,0,0,0,0,0,0,0,0,0,0,0,0,0,0,0,0,0,0,0,0,0,0,0,0,0,0,0,0,0,0,0,0,0,0,0,0,0,0,0,0,0,0,0,0,0,0,0,0,0,0,0,0,0,0,0,0,0,0,0,0,0,0,0,0,0,0,0,0,0,0,0,0,0,0,0,0,0,0,0,0,0,0,0,0,0,0,0,0,0,0,0,0,0,0,0,0,0,0,0,0,0,0,0,0,0,0,0,0,0,0,0,0,0,0,0,0,0,0,0,0,0,0,0,0,0,0,0,0,0,0,0,0,0,0,0,0,0,0,0,0,0,0,0,0,0,0,0,0,0,0,0,0,0,0,0,0,0,0,0,0,0,0,0,0,0,0,0,0,0,0,0,0,0,0,0,0,0,0,0,0,0,0,0,0,0,0,0,0,0,0,0,0,0,0,0,0,0,0,0,0,0,0,0,0,0,0,0,0,0,0,0,0,0,0,0,0,0,0,0,0,0,0,0,0,0,0,0,0,0,0,0,0,0,0,0,0,0,0,0,0,0,0,0,0,0,0,0,0,0,0,0,0,0,0,0,0,0,0,0,0,0,0,0,0,0,0,0,0,0,0,0,0,0,0,0,0,0,0,0,0,0,0,0,0,0,0,0,0,0,0,0,0,0,0,0,0,0,0,0,0,0,0,0,0,0,0,0,0,0,0,0,0,0,0,0,0,0,0,0,0,0,0,0,0,0,0,0,0,0,0,0,0,0,0,0,0,0,0,0,0,0,0,0,0,0,0,0,0,0,0,0,0,0,0,0,0,0,0,0,0,0,0,0,0,0,0,0,0,0,0,0,0,0,0,0,0,0,0,0,0,0,0,0,0,0,0,0,0,0,0,0,0,0,0,0,0,0,0,0,0,0,0,0,0,0,0,0,0,0,0,0,0,0,0,0,0,0,0,0,0,0,0,0,0,0,0,0,0,0,0,0,0,0,0,0,0,0,0,0,0,0,0,0,0,0,0,0,0,0,0,0,0,0,0,0,0,0,0,0,0,0,0,0,0,0,0,0,0,0,0,0,0,0,0,0,0,0,0,0,0,0,0,0,0,0,0,0,0,0,0,0,0,0,0,0,0,0,0,0,0,0,0,0,0,0,0,0,0,0,0,0,0,0,0,0,0,0,0,0,0,0,0,0,0,0,0,0,0,0,0,0,0,0,-0.39024103,0.47502303,1.5037907,-0.91521597,-0.18734995,0.22347015,-0.5389744,-0.43672734,-0.71484387,0.05229511,-0.05750881,1.0558732,-0.38955402,0.27888736,0.19438757,-0.52889854,-0.33299184,0.82664746,0.0007708512,-0.14567254,-0.050753407,-0.13330673,-0.36218894,-0.5025639,-0.565767,1.0218672,-0.54011935,0.020808063,0.059050515,-0.019037364,0.016342627,-0.1630763,-0.41508716,0.6989818,-0.38703507,-0.8447995,-0.9345662,0.5715451,-0.05544784,-0.23578274,0.7429492,-0.019609855,-0.253072,0.7842831,-0.4116522,0.14206181,0.20034148,-0.16662574,-0.39550796,-0.14498556,-0.0930033,-0.09620926,0.66234237,-0.13628368,-0.4829847,0.23961441,0.6590219,-0.32428998,-0.41073623,-0.38165364,0.5603243,0.57291913,-0.24391213,0.13358894,-0.13708517,-0.67122,0.029166443,-0.219066,-0.05911179,0.30064204,-0.5831708,0.06901187,0.67802864,0.03351738,0.17206039,-0.03804409,0.47399256,-0.105712615,0.12809302,0.14549677,0.753941,0.2959476,-0.45012367,0.15076369,0.13381794,0.076912254,-0.22158495,-0.53542495,0.22507313,-0.25799543,0.034547865,0.069813356,-0.43981883,-0.5157312,-0.36070046,-0.02144183,-0.09804123,-0.6820973,0.52219635,0.31541234,0.12168112,-0.05899729,-0.3162751,-0.22879834,0.39647716,0.1916396,0.118589655,-0.017205391,-0.5209981,0.18648718,-0.42275855,0.17675482,-0.38657707,-0.20773065,0.16324401,0.41800284,0.48017547,-0.29097095,0.29972604,0.16644996,-0.109262064,0.21396679,0.6442516,-0.531303,0.02035007,0.15557262,-0.20761615,-0.6491218,-0.5562636,-0.13502419,0.33716702,0.057791032,-0.5029074,-0.24677458,0.14240532,-0.38245514,0.097750954,-0.2676133,0.1500767,-0.025449272,0.7388272,0.2972071,-0.07823301,-0.08956835,0.25369772,0.22472963,0.21110433,-0.25570548,-0.5531722,0.75863546,0.39865264,-0.6819828,-0.097812235,-0.31776357,0.52826476,0.04886016,-0.7205688,0.25381222,0.076912254,0.008556739,0.09614798,0.07599627,0.16679347,-0.012167463,-0.23589724,0.46048173,-0.09655275,0.20251696,0.43242964,0.10084242,-0.029685711,0.14217632,0.41433892,-0.09575126,0.1366804,-0.34192273,0.02870845,-0.11109404,0.24419436,-0.0862479,0.32617518,-0.6206117,-0.19685331,-0.24185117,0.25862116,-0.113842,0.18202175,0.21591327,-0.14258109,0.17274737,-0.27013224,0.34563988,-0.15288594,0.03763932,0.22541662,-0.109262064,-0.44451326,0.025845991,-0.071363114,-0.17383914,-0.23532476,-0.111323036,-0.1904414,-0.37318078,-0.09804123,0.14091684,0.07633977,-0.30139032,-0.13032976,-0.060714766,-0.007129535,0.24854529,0.15866408,-0.5539737,-0.07663003,0.33361757,-0.61660427,-0.24230915,-0.2806661,0.15316816,-0.090369835,-0.26841477,0.26709402,0.35090682,0.32869413,0.18419722,-0.28421554,0.5524239,0.062599964,0.16541949,0.1430923,-0.011938466,0.33579305,0.058936015,0.41101846,0.074393295,0.269384,0.059508506,0.02103706,0.23766795,0.34346443,0.22324115,-0.50004494,-0.4205831,-0.43249092,0.21179132,-0.12265837,0.032486897,-0.026937751,0.44834492,0.04130327,-0.22009647,-0.19250236,0.0319144,-0.10433864,-0.17555661,-0.09472077,0.21614225,-0.18414399,0.037295826,-0.1275818,0.121337615,0.52173835,-0.4282545,-0.21998197,-0.062088747,0.10015542,-0.017205391,-0.5023349,0.2898792,0.24865979,-0.14967999,-0.04846344,0.33419007,0.14847372,-0.49260256,0.14916071,0.4214378,-0.24368313,0.0011143463,-0.28971148,-0.11784945,0.085270636,-0.13136025,-0.020411344,0.5749801,0.27270445,-0.10811708,-0.045257486,0.1852277,-0.14246659,-0.16376328,0.13725288,-0.044799495,-0.40890425,0.27224645,0.12511607,0.044280227,-0.0725081,0.12374208,-0.1345662,-0.5093193,0.27911636,-0.13502419,-0.13204724,0.19530356,0.009472726,-0.21654703,0.008442241,0.22576012,0.09672047,-0.017090892,0.21579877,-0.32726693,-0.4887096,-0.020411344,-0.30608475,-0.029227717,-0.027166747,0.13164248,0.27098697,-0.14246659,0.32628968,-0.08441593,-0.20841764,-0.21460055,-0.09208731,-0.052928876,-0.059226286,0.3660206,-0.17372464,0.47376356,-0.028311731,-0.65553373,-0.45149764,-0.461001,-0.026365258,0.06992786,-0.19960126,-0.566454,0.22782108,0.1571756,0.23308802,-0.21540204,0.0058087786,0.23663746,-0.463291,-0.046745967,-0.27539918,-0.033464156,0.3956757,-0.14109261,-0.24585861,-0.16376328,-0.31032118,0.11171976,0.6646323,-0.045486484,0.5695987,-0.0010611224,0.7091722,-0.046058975,0.30567998,-0.078576505,-0.36104396,-0.0018626109,0.2262181,-0.6176348,0.2267906,0.27316242,-0.5147007,0.37724143,0.12477257,0.48189294,-0.073309585,-0.4749698,0.14057334,0.1154982,0.16152655,0.46162674,-0.30505425,-0.12540634,0.11160526,-0.13124575,0.107139826,0.08275168,-0.13261974,0.37014255,-0.17269416,-0.25559098,-0.016632898,-0.20784515,-0.03804409,-0.21437156,-0.20807415,0.21385229,-0.07720253,0.19038013,0.27236095,0.0014578414,-0.35291457,0.24728581,0.1852277,0.09259853,-0.15883985,0.37014255,-0.02980021,0.0461122,0.442391,0.040158287,-0.16238931,-0.12311637,-0.0102209905,0.25907913,-0.31856507,0.34792987,0.15511464,-0.043425515,0.058363523,0.19244109,0.072561316,-0.43615487,0.2549572,0.27877286,0.04531071,-0.037128106,-0.0069005387,-0.20566969,-0.17544211,0.1225971,0.15328266,-0.07456907,0.15339716,0.33877,0.07015686,0.25404122,-0.11063605,0.17560984,0.13187146,-0.12345986,0.1713734,0.04118877,0.0601955,-0.14510006,0.16083956,-0.22032547,0.1017584,0.13793989,0.07576727,0.17251839,0.10484985,-0.18780793,-0.22593589,-0.2250199,0.04050178,0.22793558,0.08469815,0.20973034,0.037982818,0.22541662,0.07290482,-0.04777645,0.18602918,0.14606926,0.026876476,-0.020869337,0.0390133,0.09717847,0.49540374,-0.10903307,-0.4469177,-0.21563104,0.04176126,0.12110862,0.19747902,0.059737504,-0.1347952,-0.011480473,-0.34753314,0.25152224,0.4915108,-0.22799686,0.22266866,-0.20670016,-0.38382912,-0.533364,0.21053183,0.45120737,0.05939401,-0.026823252,0.110460274,-0.20143324,-0.19273137,0.26434606,-0.25135452,0.33968598,-0.33161786,0.109544285,-0.23704223,0.08183569,0.08401115,0.23595047,0.050577637,-0.052585382,0.15935107,0.09637698,0.3799894,-0.112239026,-0.0235028,-0.28707802,-0.08453042,-0.23040132,-0.25227052,-0.043540012,0.08469815,0.044280227,-0.09460628,-0.16822872,-0.079149,0.19759353,-0.030372702,-0.12449035,0.86248547,-0.3284119,-0.10410964,0.17492285,-0.15151195,-0.21643253,-0.036326617,0.07187433,-0.44268128,-0.055104345,-0.4544746,0.0051217885,0.1920976,0.15385514,0.026647478,0.059050515,-0.13353571,-0.35566252,-0.008618014,0.26755202,0.20022698,0.074278794,0.49757922,-0.2796356,-0.09014084,-0.03689911,-0.2679568,0.3377395,-0.02773924,0.34277743,0.18259424,-0.23738572,0.28426877,0.047028188,0.09923944,-0.031517684,-0.096667245,0.017144116,0.029509937,0.012449684,0.4478869,0.3583492,0.037868317,-0.24391213,-0.1701752,0.36842507,-0.018350374,0.3939582,-0.20395221,-0.1629618,-0.47016087,-0.17956406,0.2273631,0.15809159,-0.1355967,0.03626534,-0.18208303,-0.020525843,-0.112010024,-0.26486534,-0.10525463,-0.053730365,0.24957578,-0.22914185,0.05847802,0.30247402,0.21889022,0.11286474,0.21362329,0.09683497,0.112521246,0.016915118,-0.059340786,0.28186432,-0.017892381,0.15179418,-0.15529041,0.06408844,0.6334888,-0.6711055,0.065118924,0.20984484,0.40861398,-0.17956406,0.106109336,0.10004093,0.10633834,0.06363045,0.33682352,0.17446485,-0.13170375,0.17309088,-0.45894003,0.11721568,-0.2655523,0.019319585,0.25381222,0.28644425,0.109773286,0.14114584,0.30270302,-0.04972292,0.1430923,0.050119642,-0.1690302,-0.35566252,-0.43329242,0.3586927,0.15282467,0.046570193,0.09374352,-0.17830457,0.46929812,-0.17166367,0.0027173231,-0.113040514,0.06580592,-0.025792766,0.14835922,0.13793989,-0.1907849,0.15671761,0.2334315,0.047944173,-0.27608618,0.3874318,-0.16456477,-0.11910892,-0.24562961,0.072561316,0.34369344,0.19816601,0.6694412,-0.046631467,-0.06048577,-0.26852927,-0.15368743,0.16507599,0.08126319,-0.112010024,0.09866694,0.14171833,0.34300643,-0.2111656,-0.19353285,0.3300681,0.049318153,0.10656733,0.21030284,0.19358608,-0.24276716,0.15866408,-0.108575076,-0.07388207,0.09672047,0.19644853,0.05927951,-0.35898298,0.41033146,0.051264625,-0.22753887,0.018976089,0.044394724,-0.3505101,0.43162817,0.12889451,0.19702104,-0.14361158,0.3440369,-0.056707323,0.010732208,0.014396155,-0.14441307,0.05927951,-0.2818111,0.17446485,-0.014571928,0.27144495,-0.2589114,-0.19616632,-0.026365258,0.26354456,-0.06895865,-0.2111656,-0.12345986,0.40346158,-0.022586813,-0.15414542,0.19747902,0.019777577,-0.08063748,-0.10628511,-0.2395612,0.08836209,0.023212528,-0.112353526,0.6228404,-0.21643253,0.16988492,-0.06930214,0.08492714,-0.06758466,0.16003807,-0.28558955,-0.028082734,-0.03518163,-0.38806555,-0.15666439,-0.17429714,0.017258614,0.082408175,-0.14040563,0.06488993,0.07828624,-0.15803836,0.5020446,-0.34169373,-0.021785324,0.3298391,0.07038585,0.129696,0.2891922,-0.218837,-0.21631803,-0.036441114,0.41136196,0.0013433429,-0.50118995,-0.1209409,0.18305223,0.66211337,0.029509937,-0.03667011,0.05721854,0.020693565,0.14755774,-0.22421841,0.13450493,-0.25719395,-0.15700789,-0.082354955,-0.038502086,-0.010793483,-0.06460771,0.058821518,-0.038616583,0.23011105,0.19850951,0.5200209,-0.3360833,0.03855531,-0.3311599,-0.34192273,-0.070332624,-0.20635667,-0.22250094,0.24407986,-0.2964669,-0.5026784,0.06271446,-0.10067469,0.12362759,0.06580592,0.51063204,0.0117626935,-0.27139175,0.008556739,-0.0011756208,-0.21391356,0.20091398,-0.13502419,0.22908057,0.08916358,0.55185145,-0.392073,0.16622098,-0.15700789,-0.23131731,-0.07273709,-0.54824877,0.17011392,-0.28982598,0.03489136,-0.27894863,-0.38863805,0.15671761,0.12465807,-0.29692486,-0.09025534,-0.07010363,0.040730778,0.33659452,0.26560554,0.19026563,-0.56737,0.20068498,-0.17910606,-0.17933506,-0.3366558,-0.049608424,0.08904908,0.029280942,-0.0721646,0.6345192,-0.21002062,-0.39298898,-0.30471075,-0.26188838,0.121566616,-0.10628511,0.28438327,-0.21563104,0.110460274,-0.21471505,0.2748799,-0.10880408,0.2633156,-0.12517734,-0.28994048,0.2475148,-0.08807987,0.11801717,0.07908773,-0.122085884,0.28747472,-0.12277287,-0.017205391,-0.06185975,0.16530499,0.10038442,-0.111208536,-0.38211164,-0.17830457,0.09820895,0.38239387,0.25690368,-0.08533191,0.065118924,-0.24860656,-0.24814858,0.24671331,-0.046058975,-0.07995049,-0.09838472,0.51120454,0.20721139,-0.28971148,0.0054652835,0.15648861,-0.1689157,0.04725718,0.1013004,-0.12449035,-0.021785324,-0.026250761,0.0028318216,-0.07376758,-0.45310062,-0.009305004,-0.15746588,0.22415714,0.2543847,-0.21357007,-0.109262064,-0.22650838,0.026418483,-0.17189267,0.0319144,-0.19502133,-0.50531185,0.51761645,-0.06609619,0.48738885,-0.33184686,0.029853433,0.015999133,-0.079492494,-0.043311015,-0.08945385,0.44731444,-0.23612624,0.15992357,0.20320395,0.0811487,0.26491857,-0.0374716,-0.00884701,-0.15254244,-0.113040514,0.55654585,-0.30551225,-0.18986891,-0.08670589,0.06569142,0.3787299,0.3155268,-0.17544211,-0.028540727,-0.13353571,0.21098983,0.12637554,0.023327027,0.23801143,-0.29600888,-0.05189839,-0.10342265,-0.46455047,-0.054417357,-0.06094376,0.24430884,-0.061630752,-0.104911126,0.06969886,-0.024533285,0.016342627,0.12202461,-0.036326617,0.018976089,-0.51870817,0.2959476,0.42292628,-0.19547933,0.34770086,-0.040448558,0.24133189,0.16141205,0.11389522,-0.049493928,0.20835637,0.06626391,-0.017090892,-0.07537056,0.14641276,-0.12964277,0.23766795,0.023556024,0.008671238,-0.1342227,0.59787977,0.0043203,0.32880864,-0.21597454,-0.4901981,0.38788977,-0.2745977,-0.19822729,-0.04147904,-0.21975298,-0.40420982,0.13725288,0.2277066,0.070614845,0.031570908,0.0047782934,-0.14830601,0.34289193,-0.21918048,0.071645334,0.18728867,0.1221391,0.2683535,0.15419865,-0.26910177,-0.06930214,0.14000085,-0.5734384,-0.101247184,0.3037335,-0.014342931,0.2615981,0.09019407,0.096033484,0.1298105,0.3245722,-0.3579525,0.1647325,-0.06643968,0.1711444,0.13038298,-0.25822443,0.09088106,-0.065065704,-0.014686426,0.08561413,0.059050515,-0.011136978,0.26377356,0.04450922,0.30659595,0.006839264,-0.40753028,-0.13685617,0.03695233,0.0461122,-0.2591404,0.027677964,-0.3792492,0.07473679,-0.004839568,0.13507742,-0.03689911,-0.10983456,0.8029463,0.32651865,1.2887628,0.6806621,0.3044205,0.56330127,-0.7862908,-1.5363696,-0.9052546,1.1001841,0.23686646,0.20457792,-0.17086218,-0.288681,0.11263575,-0.17979306,0.27808586,-0.17143467,0.68363905,1.1268622,-0.21402806,0.78004664,-1.2068433,-0.27917764,-1.1299003,-1.5348811,-0.102964655,1.2833815,-0.4126827,-0.13261974,-0.07800402,-1.3072584,0.36968455,0.30006954,0.29194015,0.32857963,-0.461688,0.7538265,-0.50576985,1.1149544,0.68215054,-1.12658,-0.1971968,-0.11040705,0.6050932,-0.085789904,0.20698239,-0.06037127,-0.39321798,0.8754238,-0.22547789,-1.3507677,-1.1187941,1.0467134,0.6453966,0.5328447,0.094430506,0.6641743,-0.6540452,1.3297533,-0.67454046,0.9645035,0.6515795,-0.3363123,1.1946452,-0.103995144,-1.0915434,-0.016747396,1.2205218,0.27224645,1.2042631,0.88996506,0.19805151,-0.6343515,0.9035904,-0.7673986,0.6938294,1.0484308,0.034776863,1.2043775,0.16736595,-0.84147906,1.2052935,-1.3183647,0.71787405,0.3520518,1.1446095,0.54933244,-0.7119814,0.22186717,0.8513791,0.6007422,-0.65576273,0.12328409,1.2177739,1.1922407,-0.77197856,0.115956195,-0.8892248,0.82813597,-1.0207834,0.4852134,-0.89151484,1.1807909,-0.14693202,-1.4100778,0.7205075,0.88332415,-0.21677603,1.3349056,-0.43294892,1.0641171,-0.03117419,-0.8505244,-0.4828702,-0.36986032,-1.7116666,1.0154552,0.8177166,0.5874604,-0.86976016,-0.6893107,1.0645751,1.3357072,1.0343475,0.88309515,0.6930279,-0.2182645,
0,0,0,0,0,1,0,0,0,0,0,0,0,0,0,0,0,0,0,0,0,0,0,0,0,0,0,0,0,0,0,0,0,0,0,0,0,0,0,0,0,0,0,0,0,0,0,0,0,0,0,0,0,0,0,0,0,0,0,0,0,0,0,0,0,0,0,0,0,0,0,0,0,0,0,0,0,0,0,0,0,0,0,0,0,0,0,0,0,0,0,0,0,0,0,0,0,0,0,0,0,0,0,0,0,0,0,0,0,0,0,0,0,0,0,0,0,0,0,0,0,0,0,0,0,0,0,0,0,0,0,0,0,0,0,0,1,0,0,0,0,0,0,0,0,0,0,0,0,0,0,0,0,0,0,0,0,0,0,0,0,0,0,0,0,0,0,0,0,0,0,0,0,0,0,0,0,0,0,0,0,0,0,0,0,0,0,0,0,0,0,0,0,0,0,0,0,0,0,0,0,0,0,0,0,0,0,0,0,0,0,0,0,0,0,0,0,0,0,0,0,0,0,0,0,0,0,0,0,0,0,0,0,0,0,0,0,0,0,0,0,0,0,0,0,0,0,0,0,0,0,0,0,0,0,0,0,0,0,0,0,0,0,0,0,0,0,0,0,0,0,0,0,0,0,0,0,0,0,0,0,0,0,0,0,0,0,0,0,0,0,0,0,0,0,0,0,0,0,0,0,0,0,0,0,0,0,0,0,0,0,0,0,0,0,0,0,0,0,0,0,0,0,0,0,0,0,0,0,0,0,0,0,0,0,0,0,0,0,0,0,0,0,0,0,0,0,0,0,0,0,0,0,0,0,0,0,0,0,0,0,0,0,0,0,0,0,0,0,0,0,0,0,0,0,0,0,0,0,0,0,0,0,0,0,0,0,0,0,0,0,0,0,0,0,0,0,0,0,0,0,0,0,0,0,0,0,0,0,0,0,0,0,0,0,0,0,0,0,0,0,0,0,0,0,0,0,0,0,0,0,0,0,0,0,0,0,0,0,0,0,0,0,0,0,0,0,0,0,0,0,0,0,0,0,0,0,0,0,0,0,0,0,0,0,0,0,0,0,0,0,0,0,0,0,0,0,0,0,0,0,0,0,0,0,0,0,0,0,0,0,0,0,0,0,0,0,0,0,0,0,0,0,0,0,0,0,0,0,0,0,0,0,0,0,0,0,0,0,0,0,0,0,0,0,0,0,0,0,0,0,0,0,0,0,0,0,0,0,0,0,0,0,0,0,0,0,0,0,0,0,0,0,0,0,0,0,0,0,0,0,0,0,0,0,0,0,0,0,0,0,0,0,0,0,0,0,0,0,0,0,0,0,0,0,0,0,0,0,0,0,0,0,0,0,0,0,0,0,0,0,0,0,0,0,0,0,0,0,0,0,0,0,0,0,0,0,0,0,0,0,0,0,0,0,0,0,0,0,0,0,0,0,0,0,0,0,0,0,0,0,0,0,0,0,0,0,0,0,0,0,0,0,0,0,0,0,0,0,0,0,0,0,0,0,0,0,0,0,0,0,0,0,0,0,0,0,0,0,0,0,0,0,0,0,0,0,0,0,0,0,0,0,0,0,0,0,0,0,0,0,0,0,0,0,0,0,0,0,0,0,0,0,0,0,0,0,0,0,0,0,0,0,0,0,0,0,0,0,0,0,0,0,0,0,0,0,0,0,0,0,0,0,0,0,0,0,0,0,0,0,0,0,0,0,0,0,0,0,0,0,0,0,0,0,0,0,0,0,0,0,0,0,0,0,0,0,0,0,0,0,0,0,0,0,0,0,0,0,0,0,0,0,0,0,0,0,0,0,0,0,0,0,0,0,0,0,0,0,0,0,0,0,0,0,0,0,0,0,0,0,0,0,0,0,0,0,0,0,0,0,0,0,0,0,0,0,0,0,0,0,0,0,0,0,0,0,0,0,0,0,0,0,0,0,0,0,0,0,0,0,0,0,0,0,0,0,0,0,0,0,0,0,0,0,0,0,0,0,0,0,0,0,0,0,0,0,0,0,0,0,0,0,0,0,0,0,0,0,0,0,0,0,0,0,0,0,0,0,0,0,0,0,0,0,0,0,0,0,0,0,0,0,0,0,0,0,0,0,0,0,0,0,0,0,0,0,0,0,0,0,0,0,0,0,0,0,0,0,0,0,0,0,0,0,0,0,0,0,0,0,0,0,0,0,0,0,0,0,0,0,0,0,0,0,0,0,0,0,0,0,0,0,0,0,0,0,0,0,0,0,0,0,0,0,0,0,0,0,0,0,0,0,0,0,0,0,0,0,0,0,0,0,0,0,0,0,0,0,0,0,0,0,0,0,0,0,0,0,0,0,0,0,0,0,0,0,0,0,0,0,0,0,0,0,0,0,0,0,0,0,0,0,0,0,0,0,0,0,0,0,0,0,0,0,0,0,0,0,0,0,0,0,0,0,0,0,0,0,0,0,0,0,0,0,0,0,0,0,0,0,0,0,0,0,0,0,0,0,0,0,0,0,0,0,0,0,0,0,0,0,0,0,0,0,0,0,0,0,0,0,0,0,0,0,0,0,0,0,0,0,0,0,0,0,0,0,0,0,0,0,0,0,0,0,0,0,0,0,0,0,0,0,0,0,0,0,0,0,0,0,0,0,0,0,0,0,0,0,0,0,0,0,0,0,0,0,0,0,0,0,0,0,0,0,0,0,0,0,0,0,0,0,0,0,0,0,0,0,0,0,0,0,0,0,0,0,0,0,0,0,0,0,0,0,0,0,0,0,0,0,0,0,0,0,0,0,0,0,0,0,0,0,0,0,0,0,0,0,0,0,0,0,0,0,0,0,0,0,0,0,0,0,0,0,0,0,0,0,0,0,0,0,0,0,0,0,0,0,0,0,0,0,0,0,0,0,0,0,0,0,0,0,0,0,0,0,0,0,0,0,0,0,0,0,0,0,0,0,0,0,0,0,0,0,0,0,0,0,0,0,0,0,0,0,0,0,0,0,0,0,0,0,0,0,0,0,0,0,0,0,0,0,0,0,0,0,0,0,0,0,0,0,0,0,0,0,0,0,0,0,0,0,0,0,0,0,0,0,0,0,0,0,0,0,0,0,0,0,0,0,0,0,0,0,0,0,0,0,0,0,0,0,0,0,0,0,0,0,0,0,0,0,0,0,0,0,0,0,0,0,0,0,0,0,0,0,0,0,0,0,0,0,0,0,0,0,0,0,0,0,0,0,0,0,0,0,0,0,0,0,0,0,0,0,0,0,0,0,0,0,0,0,0,0,0,0,0,0,0,0,0,0,0,0,0,0,0,0,0,0,0,0,0,0,0,0,0,0,0,0,0,0,0,0,0,0,0,0,0,0,0,0,0,0,0,0,0,0,0,0,0,0,0,0,0,0,0,0,0,0,0,0,0,0,0,0,0,0,0,0,0,0,0,0,0,0,0,0,0,0,0,0,0,0,0,0,0,0,0,0,0,0,0,0,0,0,0,0,0,0,0,0,0,0,0,0,0,0,0,0,0,0,0,0,0,0,0,0,0,0,0,0,0,0,0,0,0,0,0,0,0,0,0,0,0,0,0,0,0,0,0,0,0,0,0,0,0,0,0,0,0,0,0,0,0,0,0,0,0,0,0,0,0,0,0,0,0,0,0,0,0,0,0,0,0,0,0,0,0,0,0,0,0,0,0,0,0,0,0,0,0,0,0,0,0,0,0,0,0,0,0,0,0,0,0,0,0,0,0,0,0,0,0,0,0,0,0,0,0,0,0,0,0,0,0,0,0,0,0,0,0,0,0,0,0,0,0,0,0,0,0,0,0,0,0,0,0,0,0,0,0,0,0,0,0,0,0,0,0,0,0,0,0,0,0,0,0,0,0,0,0,0,0,0,0,0,0,0,0,0,0,0,0,0,0,0,0,0,0,0,0,0,0,0,0,0,0,0,0,0,0,0,0,0,0,0,0,0,0,0,0,0,0,0,0,0,0,0,0,0,0,0,0,0,0,0,0,0,0,0,0,0,0,0,0,0,0,0,0,0,0,0,0,0,0,0,0,0,0,0,0,0,0,0,0,0,0,0,0,0,0,0,0,0,0,0,0,0,0,0,0,0,0,0,0,0,0,0,0,0,0,0,0,0,0,0,0,0,0,0,0,0,0,0,0,0,0,0,0,0,0,0,0,0,0,0,0,0,0,0,0,0,0,0,0,0,0,0,0,0,0,0,0,0,0,0,0,0,0,0,0,0,0,0,0,0,0,0,0,0,0,0,0,0,0,0,0,0,0,0,0,0,0,0,0,0,0,0,0,0,0,0,0,0,0,0,0,0,0,0,0,0,0,0,0,0,0,0,0,0,0,0,0,0,0,0,0,0,0,0,0,0,0,0,0,0,0,0,0,0,0,0,0,0,0,0,0,0,0,0,0,0,0,0,0,0,0,0,0,0,0,0,0,0,0,0,0,0,0,0,0,0,0,0,0,0,0,0,0,0,0,0,0,0,0,0,0,0,0,0,0,0,0,0,0,0,0,0,0,0,0,0,0,0,0,0,0,0,0,0,0,0,0,0,0,0,0,0,0,0,0,0,0,0,0,0,0,0,0,0,0,0,0,0,0,0,0,0,0,0,0,0,0,0,0,0,0,0,0,0,0,0,0,0,0,0,0,0,0,0,0,0,0,0,0,0,0,0,0,0,0,0,0,0,0,0,0,0,0,0,0,0,0,0,0,0,0,0,0,0,0,0,0,0,0,0,0,0,0,0,0,0,0,0,0,0,0,0,0,0,0,0,0,0,0,0,0,0,0,0,0,0,0,0,0,0,0,0,0,0,0,0,0,0,0,0,0,0,0,0,0,0,0,0,0,0,0,0,0,0,0,0,0,0,0,0,0,0,0,0,0,0,0,0,0,0,0,0,0,0,0,0,0,0,0,0,0,0,0,0,0,0,0,0,0,0,0,0,0,0,0,0,0,0,0,0,0,0,0,0,0,0,0,0,0,0,0,0,0,0,0,0,0,0,0,0,0,0,0,0,0,0,0,0,0,0,0,0,0,0,0,0,0,0,0,0,0,0,0,0,0,0,0,0,0,0,0,0,0,0,0,0,0,0,0,0,0,0,0,0,0,0,0,0,0,0,0,0,0,0,0,0,0,0,0,0,0,0,0,0,0,0,0,0,0,0,0,0,0,0,0,0,0,0,0,0,0,0,0,0,0,0,0,0,0,0,0,0,0,0,0,0,0,0,0,0,0,0,0,0,0,0,0,0,0,0,0,0,0,0,0,0,0,0,0,0,0,0,0,0,0,0,0,0,0,0,0,0,0,0,0,0,0,0,0,0,0,0,0,0,0,0,0,0,0,0,0,0,0,0,0,0,0,0,0,0,0,0,0,0,0,0,0,0,0,0,0,0,0,0,0,0,0,0,0,0,0,0,0,0,0,0,0,0,0,0,0,0,0,0,0,0,0,0,0,0,0,0,0,0,0,0,0,0,0,0,0,0,0,0,0,0,0,0,0,0,0,0,0,0,0,0,0,0,0,0,0,0,0,0,0,0,0,0,0,0,0,0,0,0,0,0,0,0,0,0,0,0,0,0,0,0,0,0,0,0,0,0,0,0,0,0,0,0,0,0,0,0,0,0,0,0,0,0,0,0,0,0,0,0,0,0,0,0,0,0,0,0,0,0,0,0,0,0,0,0,0,0,0,0,0,0,0,0,0,0,0,0,0,0,0,0,0,0,0,0,0,0,0,0,0,0,0,0,0,0,0,0,0,0,0,0,0,0,0,0,0,0,0,0,0,0,0,0,0,0,0,0,0,0,0,0,0,0,0,0,0,0,0,0,0,0,0,0,0,0,0,0,0,0,0,0,0,0,0,0,0,0,0,0,0,0,0,0,0,0,0,0,0,0,0,0,0,0,0,0,0,0,0,0,0,0,0,0,0,0,0,0,0,0,0,0,0,0,0,0,0,0,0,0,0,0,0,0,0,0,0,0,0,0,0,0,0,0,0,0,0,0,0,0,0,0,0,0,0,0,0,0,0,0,0,0,0,0,0,0,0,0,0,0,0,0,0,0,0,0,0,0,0,0,0,0,0,0,0,0,0,0,0,0,0,0,0,0,0,0,0,0,0,0,0,0,0,0,0,0,0,0,0,0,0,0,0,0,0,0,0,0,0,0,0,0,0,0,0,0,0,0,0,0,0,0,0,0,0,0,0,0,0,0,0,0,0,0,0,0,0,0,0,0,0,0,0,0,0,0,0,0,0,0,0,0,0,0,0,0,0,0,0,0,0,0,0,0,0,0,0,0,0,0,0,0,0,0,0,0,0,0,0,0,0,0,0,0,0,0,0,0,0,0,0,0,0,0,0,0,0,0,0,0,0,0,0,0,0,0,0,0,0,0,0,0,0,0,0,0,0,0,0,0,0,0,0,0,0,0,0,0,0,0,0,0,0,0,0,0,0,0,0,0,0,0,0,0,0,0,0,0,0,0,0,0,0,0,0,0,0,0,0,0,0,0,0,0,0,0,0,0,0,0,0,0,0,0,0,0,0,0,0,0,0,0,0,0,0,0,0,0,0,0,0,0,0,0,0,0,0,0,0,0,0,0,0,0,0,0,0,0,0,0,0,0,0,0,0,0,0,0,0,0,0,0,0,0,0,0,0,0,0,0,0,0,0,0,0,0,0,0,0,0,0,0,0,0,0,0,0,0,0,0,0,0,0,0,0,0,0,0,0,0,0,0,0,0,0,0,0,0,0,0,0,0,0,0,0,0,0,0,0,0,0,0,0,0,0,0,0,0,0,0,0,0,0,0,0,0,0,0,0,0,0,0,0,0,0,0,0,0,0,0,0,0,0,0,0,0,0,0,0,0,0,0,0,0,0,0,0,0,0,0,0,0,0,0,0,0,0,0,0,0,0,0,0,0,0,0,0,0,0,0,0,0,0,0,0,0,0,0,0,0,0,0,0,0,0,0,0,0,0,0,0,0,0,0,0,0,0,0,0,0,0,0,0,0,0,0,0,0,0,0,0,0,0,0,0,0,0,0,0,0,0,0,0,0,0,0,0,0,0,0,0,0,0,0,0,0,0,0,0,0,0,0,0,0,0,0,0,0,0,0,0,0,0,0,0,0,0,0,0,0,0,0,0,0,0,0,0,0,0,0,0,0,0,0,0,0,0,0,0,0,0,0,0,0,0,0,0,0,0,0,0,0,0,0,0,0,0,0,0,0,0,0,0,0,0,0,0,0,0,0,0,0,0,0,0,0,0,0,0,0,0,0,0,0,0,0,0,0,0,0,0,0,0,0,0,0,0,0,0,0,0,0,0,0,0,0,0,0,0,0,0,0,0,0,0,0,0,0,0,0,0,0,0,0,0,0,0,0,0,0,0,0,0,0,0,0,0,0,0,0,0,0,0,0,0,0,0,0,0,0,0,0,0,0,0,0,0,0,0,0,0,0,0,0,0,0,0,0,0,0,0,0,0,0,0,0,0,0,0,0,0,0,0,0,0,0,0,0,0,0,0,0,0,0,0,0,0,0,0,0,0,0,0,0,0,0,0,0,0,0,0,0,0,0,0,0,0,0,0,0,0,0,0,0,0,0,0,0,0,0,0,0,0,0,0,0,0,0,0,0,0,0,0,0,0,0,0,0,0,0,0,0,0,0,0,0,0,0,0,0,0,0,0,0,0,0,0,0,0,0,0,0,0,0,0,0,0,0,0,0,0,0,0,0,0,0,0,0,0,0,0,0,0,0,0,0,0,0,0,0,0,0,0,0,0,0,0,0,0,0,0,0,0,0,0,0,0,0,0,0,0,0,0,0,0,0,0,0,0,0,0,0,0,0,0,0,0,0,0,0,0,0,0,0,0,0,0,0,0,0,0,0,0,0,0,0,0,0,0,0,0,0,0,0,0,0,0,0,0,0,0,0,0,0,0,0,0,0,0,0,0,0,0,0,0,0,0,0,0,0,0,0,0,0,0,0,0,0,0,0,0,0,0,0,0,0,0,0,0,0,0,0,0,0,0,0,0,0,0,0,0,0,0,0,0,0,0,0,0,0,0,0,0,0,0,0,0,0,0,0,0,0,0,0,0,0,0,0,0,0,0,0,0,0,0,0,0,0,0,0,0,0,0,0,0,0,0,0,0,0,0,0,0,0,0,0,0,0,0,0,0,0,0,0,0,0,0,0,0,0,0,0,0,0,0,0,0,0,0,0,0,0,0,0,0,0,0,0,0,0,0,0,0,0,0,0,0,0,0,0,0,0,0,0,0,0,0,0,0,0,0,0,0,0,0,0,0,0,0,0,0,0,0,0,0,0,0,0,0,0,0,0,0,0,0,0,0,0,0,0,0,0,0,0,0,0,0,0,0,0,0,0,0,0,0,0,0,0,0,0,0,0,0,0,0,0,0,0,0,0,0,0,0,0,0,0,0,0,0,0,0,0,0,0,0,0,0,0,0,0,0,0,0,0,0,0,0,0,0,0,0,0,0,0,0,0,0,0,0,0,0,0,0,0,0,0,0,0,0,0,0,0,0,0,0,0,0,0,0,0,0,0,0,0,0,0,0,0,0,0,0,0,0,0,0,0,0,0,0,0,0,0,0,0,0,0,0,0,0,0,0,0,0,0,0,0,0,0,0,0,0,0,0,0,0,0,0,0,0,0,0,0,0,0,0,0,0,0,0,0,0,0,0,0,0,0,0,0,0,0,0,-0.286828,-1.5247889,-0.26690644,-0.1189326,0.06349877,-0.20750776,-0.29733783,0.35965565,0.4006491,1.0601524,0.633538,0.8352635,0.67427003,0.8494334,0.08796936,0.7174073,-0.09174305,0.32833537,-0.15480188,-0.0641875,-0.32891953,0.090740606,-0.28076267,-0.5928149,0.18919812,-0.11464502,0.45602164,-0.45273653,-0.55401754,-0.085782275,-0.031926062,-0.15840973,-0.053939134,0.361904,0.3716295,-0.13346854,0.17434844,-0.43924633,0.1042308,-0.20013522,0.16969486,-0.45022672,-0.14261888,0.24755107,0.22789094,0.32796937,-0.36196527,-0.12640972,-0.4974947,-0.22220057,-0.10664502,0.3161001,-0.18010907,0.42135498,0.25006086,0.0330674,-0.33101103,0.36457068,-0.39061886,-0.051063318,0.25194323,-0.096762665,0.23505433,0.0701393,-0.4949326,-0.2831679,-0.09749469,0.07040074,-0.1315339,-0.036579657,-0.34214827,-0.34742934,0.5340347,0.101459555,0.005930147,0.114060864,-0.33676267,0.16331577,-0.17169076,0.055760212,0.06402165,-0.20829208,-0.07234436,0.11343341,-0.23919404,0.22830923,0.087289624,-0.25467116,-0.14235744,0.18511969,-0.0028541666,0.3930674,0.2839432,0.28891054,0.03437459,0.16185172,0.11630923,-0.3003182,-0.08369077,-0.5370764,0.025904004,-0.24954697,0.031080473,-0.41038358,-0.102200575,-0.29634437,0.4015903,-0.18533783,-0.46601757,-0.33226594,0.29429615,0.17518505,-0.083272465,0.06710662,-0.50648814,-0.37299797,-0.08212214,0.0469759,-0.2852594,-0.19950776,-0.1425143,0.5781654,0.021825572,-0.05770384,-0.33833128,-0.25257966,-0.25163847,0.0027406046,-0.29540318,-0.008867239,-0.025546977,-0.025128676,0.15233538,-0.01163848,0.0933027,-0.09116789,-0.20039666,0.02857067,-0.10852737,-0.0037430555,0.14407393,0.08227002,-0.20698489,-0.5382267,0.10041381,-0.09979534,0.036518384,0.12509355,0.38977328,-0.26706332,0.123995505,0.043838643,-0.20646201,-0.16688031,0.43787786,0.14977328,0.08132884,-0.28729862,0.12451838,-0.19694567,0.08420466,-0.34225285,0.011786357,-0.06340319,-0.2914816,-0.20489338,-0.25378227,0.29157722,0.14396936,0.003315768,-0.10057966,0.21236151,-0.12750776,0.20666218,-0.12708946,0.21675368,-0.080292076,-0.023246324,-0.34727246,-0.05148162,0.21372099,-0.025390115,0.061982434,0.29215237,-0.055664625,-0.16625287,-0.19506332,0.067577206,0.33000857,-0.048971813,0.045093548,0.15667525,0.149721,-0.24682802,0.23296283,0.071760215,0.031498775,-0.09974305,-0.27940318,0.2276295,0.22574714,-0.13854045,0.14627002,0.16786478,0.029093545,0.21889746,-0.07454044,0.05126348,-0.025756128,0.3198125,0.19463603,-0.031926062,-0.38434437,-0.28546855,-0.102880314,0.12985171,-0.13634436,-0.019377042,0.16640073,0.3130674,-0.059115604,0.21058375,-0.09942933,-0.00060580065,0.15991707,-0.023926063,-0.2721875,0.043211192,0.12483211,0.27364257,-0.19213521,0.15327655,-0.023037173,-0.02288031,0.26663604,-0.38936397,-0.19239666,-0.09122018,0.18245302,-0.069311686,-0.092265934,0.07552492,-0.31495875,0.13016544,-0.0906973,0.25021774,0.2693027,-0.15919404,0.081904,0.08556414,0.42700204,0.12326348,0.17528963,0.03118505,-0.4709326,-0.019847631,0.10208701,-0.06392606,-0.06471038,-0.29906332,-0.08881495,0.17659682,-0.043690767,-0.12996528,0.1530674,-0.20431823,0.005982435,0.055760212,-0.27610907,-0.17174305,-0.16813521,0.10412622,0.08838766,0.405721,-0.05681495,-0.2246058,-0.1429326,0.10417851,-0.086514294,-0.08557312,-0.17001757,0.15019159,0.24373406,0.045093548,0.17016543,0.3257733,-0.11558619,0.0768844,0.047864787,0.28080598,0.107890934,-0.19809599,-0.07652737,0.293721,0.22323734,-0.14784764,-0.028004494,-0.16614829,-0.08311561,-0.16405678,0.14025694,-0.16933782,-0.03328554,0.24687132,0.0074987747,-0.18606985,0.15740727,0.054609887,0.1253027,0.088544525,0.11610008,-0.034069855,0.4360478,-0.11150776,-0.00029207516,0.06752492,0.048649102,-0.018749591,0.036100082,-0.06497181,0.009276552,-0.35433128,-0.1905143,0.030662173,-0.34936398,-0.1479522,0.51996934,-0.022514297,0.04828309,-0.058906455,-0.0140959965,-0.2756385,0.1799955,-0.016710376,-0.18737704,-0.032501224,0.24880597,-0.10172998,0.1130674,-0.048030637,-0.08604371,-0.018540442,-0.2594816,-0.15171692,0.012622957,0.1286491,0.2048321,0.12995629,0.11620466,-0.09890646,0.051420342,-0.050279003,-0.1130241,-0.038200572,0.0393942,0.075368054,0.1484138,-0.023664623,-0.10680188,0.3678648,0.09246609,0.045564134,0.16258374,-0.14267115,-0.0071417484,-0.38826594,-0.17404372,-0.12489338,-0.3829326,0.21142034,-0.39433128,0.1392112,-0.12008292,-0.15406986,-0.12787378,0.13863602,0.054453023,0.16509354,0.21853146,-0.5182006,0.12305433,0.0242308,0.02491054,-0.09383456,-0.22899796,0.2331197,0.062191583,-0.1989326,-0.23035744,-0.21529861,-0.11234436,0.12791708,0.11604779,-0.080030635,0.117930144,0.09126348,-0.19145547,0.12713276,-0.0076123364,0.5985053,0.33827,0.055498775,-0.014514297,-0.008135213,-0.1757692,-0.04792606,-0.018279003,0.021616422,0.18538113,-0.15971692,0.20959027,0.101720996,-0.046566583,0.056283087,0.03955106,0.118191585,0.05393015,0.029145833,-0.0241875,-0.28280187,0.055080473,0.17251839,0.16728963,-0.06847508,0.09445302,-0.0321875,-0.26173,0.079237334,0.06810008,-0.046200573,0.053668708,-0.09331168,-0.19140318,-0.21064502,-0.17095874,0.114060864,-0.13095874,0.09973407,-0.006200572,0.046766747,-0.04729861,-0.010488153,-0.3049718,0.1652504,-0.26225287,0.41304126,-0.17425285,-0.3567888,0.089224264,-0.17383456,0.17827001,0.16891053,-0.06382149,-0.17006986,0.34193015,-0.105442405,-0.062200572,-0.14847508,0.16237459,-0.46852738,-0.14905025,-0.031194037,-0.20280188,0.31338114,0.16420466,0.08582557,0.046139296,0.118453026,0.15604779,0.08760335,0.06773407,0.129904,-0.12912868,-0.02659273,-0.16342933,0.097851716,0.028884396,0.1333027,-0.107377045,0.034060866,0.18820466,0.080178514,-0.06575613,-0.27903718,0.07029616,0.12676674,-0.3597692,-0.04855351,-0.008396651,0.27285826,-0.13519403,-0.026906455,-0.35312867,-0.31244895,0.0051458334,0.078243874,-0.30329862,-0.29263195,-0.101625405,0.24033538,0.22245303,0.020413807,-0.10889338,-0.21686724,-0.087716915,-0.20322017,-0.3047104,-0.24531168,0.24221773,0.4961785,0.10966871,0.01947263,0.06940727,-0.02225286,-0.2519522,0.14532883,-0.13137704,-0.095194034,0.07573407,0.10443995,0.08457067,0.3378517,-0.046095997,0.10041381,-0.11365155,-0.1484228,-0.08980841,0.3336687,0.014348447,0.20059681,0.21377328,0.08849224,0.13717198,0.19991708,-0.18507639,0.020256944,-0.14434436,-0.021416258,-0.19888031,-0.16379534,-0.25216135,0.017485702,0.15076675,-0.025808414,0.19860989,0.32938114,0.019629493,0.0036294935,0.17068832,-0.08154698,0.13382557,-0.014723448,0.01732884,-0.0313509,-0.10920711,-0.110932596,-0.088971816,0.11254453,0.044884395,0.2545053,0.06909355,-0.12358619,-0.047716912,0.15730269,0.14145955,-0.10946854,0.120387666,0.3201785,-0.138279,-0.0814424,0.10511969,0.40891054,-0.27474958,0.1341393,-0.07820057,-0.14596528,0.056753676,-0.23861887,-0.09963848,-0.16578227,0.07489747,0.15019159,-0.25854045,0.089224264,-0.21765155,-0.06382149,-0.101573125,0.21021773,-0.1951679,0.037773285,-0.31992605,0.1947929,-0.014409722,0.055760212,0.050113153,-0.3324228,0.0023745915,0.14020465,-0.11281495,0.06161642,-0.040762663,-0.015821487,0.45267525,0.10376021,0.21853146,-0.05336397,-0.08792606,0.14119811,-0.27579534,-0.05791299,-0.09916789,-0.08593913,0.1000478,0.055289622,-0.02073652,0.11233538,-0.03652737,-0.013939134,0.16436152,-0.037416257,0.32389092,-0.107115604,0.040805966,-0.09749469,0.0048843953,0.028727533,-0.17817442,0.2048321,0.043524917,0.2789759,-0.31229207,0.14266217,0.080126226,0.04195629,-0.32384762,-0.2233509,0.44096282,-0.12463194,0.20075367,-0.16792606,-0.17650123,0.16221772,-0.4406058,0.2153942,0.09936806,-0.0037430555,0.20676675,0.13230923,0.35338113,0.05199551,0.109825574,-0.3534424,0.027681781,-0.4178084,-0.25163847,0.052675243,0.027838644,0.06517198,0.29596937,-0.036841094,-0.22816135,-0.066174425,0.15604779,0.20399551,-0.07030515,0.40164256,0.21142034,0.29487133,0.090792894,0.07484518,0.102714464,0.19735499,-0.15114175,-0.20771691,0.32671446,0.02057067,0.08833537,0.11636152,-0.2818607,-0.29848814,0.011786357,-0.2688934,0.08138113,-0.1745143,0.3068452,-0.014566585,0.02877982,0.23113276,0.249904,0.033904005,-0.14722018,0.0025314542,0.08875368,0.14281903,0.19928962,0.025590278,0.050688315,-0.051115606,0.06140727,-0.018174428,-0.0017038399,0.029041259,0.111446485,-0.34392607,-0.19098489,0.14156413,0.014923611,-0.025651552,-0.02957312,-0.2912202,-0.16254044,0.25884518,-0.14340319,-0.086148284,0.2023223,-0.17519404,0.17236152,0.19092362,-0.16086724,-0.39537704,-0.22429207,-0.3496254,-0.11150776,0.036413807,0.15824388,0.20770793,-0.096501224,-0.39454043,0.084361516,-0.17686723,-0.28254044,-0.08342933,0.05408701,0.10349877,-0.21205679,-0.23589993,0.11908048,0.1459563,0.1134857,0.01408701,0.17100205,-0.062932596,0.10234845,-0.05723325,-0.055821486,-0.055926062,0.04629616,-0.09242279,-0.24118097,-0.060004495,-0.07077573,0.0734857,0.13806087,-0.035115603,-3.0637257e-05,0.27913275,-0.21806985,0.1968321,-0.19067116,-0.120658085,0.13382557,0.20216544,-0.026069853,-0.15877573,-0.010801879,-0.1757169,-0.055037174,0.066583745,0.3607537,0.14684518,0.019315768,0.04629616,-0.014932598,0.043995507,0.15076675,-0.03694567,0.17476675,-0.22596528,0.10830923,-0.047246322,0.07285825,0.01795629,0.2814857,-0.1543313,0.2545576,-0.11956005,0.20660989,0.18234845,0.11128963,0.017119689,0.17602165,0.11515891,0.046662174,-0.07119404,-0.09184763,0.16891053,-0.03396528,-0.030618872,0.22543341,0.07834845,-0.114488155,0.09685825,-0.19380842,-0.22016136,-0.1816777,-0.03516789,-0.194279,-0.14282802,0.07118505,-0.15605678,-0.0713509,0.063080475,0.2284661,0.17382558,0.08091054,-0.019167893,-0.23197836,0.086923614,-0.07114175,0.14454453,0.030975899,0.0878125,0.101093546,0.29424387,0.08394322,-0.008239788,0.00070138887,-0.30690646,-0.14643587,-0.0961875,-0.015141749,0.25999552,0.1808321,-0.104814954,0.10872753,0.002060866,0.11442688,-0.42580843,-0.16745548,-0.0063574347,0.0802308,-0.30852738,0.21957721,0.085616425,0.03311969,0.023446487,-0.015664624,-0.12452737,-0.2557692,0.24932884,0.29722425,0.12498897,-0.022828022,0.21983865,0.00802165,0.006453023,0.07547263,0.026113154,0.15510662,-0.4351156,-0.044631943,0.08085825,0.042217728,0.25356412,0.14161642,-0.088448934,-0.23145548,0.042792894,-0.37874958,0.059943218,0.11766871,0.041381128,0.13314584,-0.044422794,-0.17697181,-0.31412214,-0.046409722,0.044936683,-0.24112868,-0.009076389,-0.1303313,0.31672752,-0.18099795,-0.08541626,-0.0017561275,0.1484661,0.08195629,0.03421773,0.16943341,0.2629236,-0.09461887,0.2583746,0.06030923,-0.057128675,-0.048344363,-0.082226716,-0.16761234,-0.23056659,0.16859682,-0.08342933,0.06815237,0.026897468,-0.25467116,-0.06031822,-0.12834436,-0.017442401,-0.13127246,0.031498775,-0.22152083,0.20289747,0.24969485,-0.09033129,0.04111969,-0.22073652,-0.0776777,-0.1403705,-0.025442403,0.46569484,-0.41514176,-0.06392606,0.20017852,0.024439951,-0.05315482,-0.3476385,-0.01273652,-0.099586196,0.14726348,-0.043795343,-0.23814829,-0.09273652,0.037825573,-0.12656659,0.1813027,0.028466094,-0.026488153,-0.07657966,0.15332884,0.1901393,0.07996936,0.028152369,0.117877856,0.007551062,-0.16322018,0.044204656,0.14919811,-0.32640973,0.05000858,0.026113154,-0.016762663,0.06391708,0.1294857,-0.03323325,0.012936683,-0.010017565,-0.15244894,0.16974714,0.10438766,-0.044370506,0.35353798,-0.2494424,0.015028186,-0.31401756,-0.22282802,-0.32829207,-0.040135212,0.10093668,-0.081337824,0.034583744,0.021354984,-0.43014827,-0.05901103,0.068204656,-0.095194034,-0.028370507,0.24404779,0.012047794,0.2128844,-0.123795345,0.016962826,-0.12803064,0.05340727,-0.15548162,-0.04452737,-0.30633128,-0.11396528,-0.092265934,-0.16604371,0.042217728,0.05393015,-0.22643587,0.02229616,0.049381126,-0.082279004,-0.158096,-0.20552084,-0.14329861,0.053564135,0.06417851,-0.00097181374,-0.0321875,0.024596814,0.089224264,-0.08656658,0.2626099,0.32551184,0.24310662,-0.06857966,-0.19799142,-0.20970383,-0.23035744,0.16504125,-0.010331291,-0.14612214,0.14323734,0.108832106,-0.0886058,-0.023298612,-0.08384763,0.037930146,-0.22852737,0.17440073,0.08451838,-0.25054044,-0.04039665,0.89403474,-0.5480045,-0.2931548,0.7116556,0.26998243,-0.5909326,0.8229759,-0.13372998,0.1556295,-1.0956646,0.3042308,-1.1110371,0.8158125,0.18736805,0.46606088,0.7596033,0.11029616,-0.48499796,-0.21995221,0.89633536,0.21502818,0.54778636,-0.23406985,-0.5467496,-0.25122017,-0.17984763,-0.30988684,0.16331577,0.5929105,-0.45566463,0.4781393,0.15782557,-0.6002398,0.2006491,-0.9756646,-0.21488032,0.15782557,0.785172,0.14433537,-0.19835743,0.47468832,0.021093545,-0.63793916,0.87740725,0.6827406,-0.49979535,0.34527656,-0.40510252,-0.2831679,0.09638766,0.18663603,0.042897467,-0.20243587,0.062191583,-0.16625287,0.3155772,-0.26512867,-0.23548162,-0.037939135,0.2722308,0.27547264,0.05319812,0.3871589,-0.011690768,-0.34690645,-0.17252737,0.5603877,-0.39694566,-0.3034032,-0.78439665,0.13936806,0.2090674,-0.6174947,-0.07699796,-0.5319522,0.24530269,0.2877602,-0.031716913,0.6473419,-0.5582006,0.029982435,-0.43406984,0.4048321,-0.41425285,0.22752492,0.106531456,0.5266622,-0.09759927,-0.6009718,0.65847915,-0.36280188,0.095028184,0.46203473,0.38396937,-0.1437692,-0.36583456,-0.11406985,-0.046880312,0.004204657,-0.5285535,0.065276556,0.341355,0.6197864,-0.010540442,0.49398243,1.2460347,-0.3357169,0.2924661,0.3521785,0.1109759,-0.6561352,0.1602308,-0.05880188,-0.17770384,0.18836153,0.27081904,-0.51773,-0.16823979,-0.3634816,-0.14722018,-0.21006985,-0.090279005,0.44932884,0.04451838,0.012779821,-0.061939135,-0.6024359,0.6903223,
0,0,0,0,0,0,0,0,0,0,0,0,0,0,0,0,0,0,0,0,0,0,0,0,0,0,0,0,0,0,0,0,0,0,0,0,0,0,0,0,0,0,0,0,0,0,0,0,0,0,0,0,0,0,0,0,0,0,0,0,1,0,0,0,0,0,0,0,0,0,0,0,0,0,0,0,0,0,0,0,0,0,0,0,0,0,0,0,0,0,0,0,0,0,0,0,0,0,0,0,0,0,0,0,0,0,0,0,0,0,0,0,0,0,0,0,0,0,0,0,0,0,0,0,0,0,0,0,0,0,0,0,0,0,0,0,0,0,0,0,0,0,0,0,0,0,0,0,0,0,0,0,0,0,0,0,0,0,0,0,0,0,0,0,0,0,0,0,0,0,0,0,0,0,0,0,0,0,0,0,0,0,0,0,0,0,0,0,0,0,0,0,0,0,0,0,0,0,0,0,0,0,0,0,0,0,0,0,0,0,0,0,0,0,0,0,0,0,0,0,0,0,0,0,0,0,0,0,0,0,0,0,0,0,0,0,0,0,0,0,0,0,0,0,0,0,0,0,0,0,0,0,0,0,0,0,0,0,0,0,0,0,0,0,0,0,0,0,0,0,0,0,0,0,0,0,0,0,0,0,0,0,0,0,0,0,0,0,0,0,0,0,0,0,0,0,0,0,0,0,0,0,0,0,0,0,0,0,0,0,0,0,0,0,0,0,0,0,0,0,0,0,0,0,0,0,0,0,0,0,0,0,0,0,0,0,0,0,0,0,0,0,0,0,0,0,0,0,0,0,0,0,0,0,0,0,0,0,0,0,0,0,0,0,0,0,0,0,0,0,0,0,0,0,0,0,0,0,0,0,0,0,0,0,0,0,0,0,0,0,0,0,0,0,0,0,0,0,0,0,0,0,0,0,0,0,0,0,0,0,0,0,0,0,0,0,0,0,0,0,0,0,0,0,0,0,0,0,0,0,0,0,0,0,0,0,0,0,0,0,0,0,0,0,0,0,0,0,0,0,0,0,0,0,0,0,0,0,0,0,0,0,0,0,0,0,0,0,0,0,0,0,0,0,0,0,0,0,0,0,0,0,0,0,0,0,0,0,0,0,0,0,0,0,0,0,0,0,0,0,0,0,0,0,0,0,0,0,0,0,0,0,0,0,0,0,0,0,0,1,0,0,0,0,0,0,0,0,0,0,0,0,0,0,0,0,0,0,0,0,0,0,0,0,0,0,0,0,0,0,0,0,0,0,0,0,0,0,0,0,0,0,0,0,0,0,0,0,0,0,0,0,0,0,0,0,0,0,0,0,0,0,0,0,0,0,0,0,0,0,0,0,0,0,0,0,0,0,0,0,0,0,0,0,0,0,0,0,0,0,0,0,0,0,0,0,0,0,0,0,0,0,0,0,0,0,0,0,0,0,0,0,0,0,0,0,0,0,0,0,0,0,0,0,0,0,0,0,0,0,0,0,0,0,0,0,0,0,0,0,0,0,0,0,0,0,0,0,0,1,0,0,0,0,0,0,0,0,0,0,0,0,0,0,0,0,0,0,0,0,0,0,0,0,0,0,0,0,0,0,0,0,0,0,0,0,0,0,0,0,0,0,0,0,0,0,0,0,0,0,0,0,0,0,0,0,0,0,0,0,0,0,0,0,0,0,0,0,0,0,0,0,0,0,0,0,0,0,0,0,0,0,0,0,0,0,0,0,0,0,0,0,0,0,0,0,0,0,0,0,0,0,0,0,0,0,0,0,0,0,0,0,0,0,0,0,0,0,0,0,0,0,0,0,0,0,0,0,0,0,0,0,0,0,0,0,0,0,0,0,0,0,0,0,0,0,0,0,0,0,0,0,0,0,0,0,0,0,0,0,0,0,0,0,0,0,0,0,0,0,0,0,0,0,0,0,0,0,0,0,0,0,0,0,0,0,0,0,0,0,0,0,0,0,0,0,0,0,0,0,0,0,0,0,0,0,0,0,0,0,0,0,0,0,0,0,0,0,0,0,0,0,0,0,0,0,0,0,0,0,0,0,0,0,0,0,0,0,0,0,0,0,0,0,0,0,0,0,0,0,0,0,0,0,0,0,0,0,0,0,0,0,0,0,0,0,0,0,0,0,0,0,0,0,0,0,0,0,0,0,0,0,0,0,0,0,0,0,0,0,0,0,0,0,0,0,0,0,0,0,0,0,0,0,0,0,0,0,0,0,0,0,0,0,0,0,0,0,0,0,0,0,0,0,0,0,0,0,0,0,0,0,0,0,0,0,0,0,0,0,0,0,0,0,0,0,0,0,0,0,0,0,0,0,0,0,0,0,0,0,0,0,0,0,0,0,0,0,0,0,0,0,0,0,0,0,0,0,0,0,0,0,0,0,0,0,0,0,0,0,0,0,0,0,0,0,0,0,0,0,0,0,0,0,0,0,0,0,0,0,0,0,0,0,0,0,0,0,0,0,0,0,0,0,0,0,0,0,0,0,0,0,0,0,0,0,0,0,0,0,0,0,0,0,0,0,0,0,0,0,0,0,0,0,0,0,0,0,0,0,0,0,0,0,0,0,0,0,0,0,0,0,0,0,0,0,0,0,0,0,0,0,0,0,0,0,0,0,0,0,0,0,0,0,0,0,0,0,0,0,0,0,0,0,0,0,0,0,0,0,0,0,0,0,0,0,0,0,0,0,0,0,0,0,0,0,0,0,0,0,0,0,0,0,0,0,0,0,0,0,0,0,0,0,0,0,0,0,0,0,0,0,0,0,0,0,0,0,0,0,0,0,0,0,0,0,0,0,0,0,0,0,0,0,0,0,0,0,0,0,0,0,0,0,0,0,0,0,0,0,0,0,0,0,0,0,0,0,0,0,0,0,0,0,0,0,0,0,0,0,0,0,0,0,0,0,0,0,0,0,0,0,0,0,0,0,0,0,0,0,0,0,0,0,0,0,0,0,0,0,0,0,0,0,0,0,0,0,0,0,0,0,0,0,0,0,0,0,0,0,0,0,0,0,0,0,0,0,0,0,0,0,0,0,0,0,0,0,0,0,0,0,0,0,0,0,0,0,0,0,0,0,0,0,0,0,0,0,0,0,0,0,0,0,0,0,0,0,0,0,0,0,0,0,0,0,0,0,0,0,0,0,0,0,0,0,0,0,0,0,0,0,0,0,0,0,0,0,0,0,0,0,0,0,0,0,0,0,0,0,0,0,0,0,0,0,0,0,0,0,0,0,0,0,0,0,0,0,0,0,0,0,0,0,0,0,0,0,0,0,0,0,0,0,0,0,0,0,0,0,0,0,0,0,0,0,0,0,0,0,0,0,0,0,0,0,0,0,0,0,0,0,0,0,0,0,0,0,0,0,0,0,0,0,0,0,0,0,0,0,0,0,0,0,0,0,0,0,0,0,0,0,0,0,0,0,0,0,0,0,0,0,0,0,0,0,0,0,0,0,0,0,0,0,0,0,0,0,0,0,0,0,0,0,0,0,0,0,0,0,0,0,0,0,0,0,0,0,0,0,0,0,0,0,0,0,0,0,0,0,0,0,0,0,0,0,0,0,0,0,0,0,0,0,0,0,0,0,0,0,0,0,0,0,0,0,0,0,0,0,0,0,0,0,0,0,0,0,0,0,0,0,0,0,0,0,0,0,0,0,0,0,0,0,0,0,0,0,0,0,0,0,0,0,0,0,0,0,0,0,0,0,0,0,0,0,0,0,0,0,0,0,0,0,0,0,0,0,0,0,0,0,0,0,0,0,0,0,0,0,0,0,0,0,0,0,0,0,0,0,0,0,0,0,0,0,0,0,0,0,0,0,0,0,0,0,0,0,0,0,0,0,0,0,0,0,0,0,0,0,0,0,0,0,0,0,0,0,0,0,0,0,0,0,0,0,0,0,0,0,0,0,0,0,0,0,0,0,0,0,0,0,0,0,0,0,0,0,0,0,0,0,0,0,0,0,0,0,0,0,0,0,0,0,0,0,0,0,0,0,0,0,0,0,0,0,0,0,0,0,0,0,0,0,0,0,0,0,0,0,0,0,0,0,0,0,0,0,0,0,0,0,0,0,0,0,0,0,0,0,0,0,0,0,0,0,0,0,0,0,0,0,0,0,0,0,0,0,0,0,0,0,0,0,0,0,0,0,0,0,0,0,0,0,0,0,0,0,0,0,0,0,0,0,0,0,0,0,0,0,0,0,0,0,0,0,0,0,0,0,0,0,0,0,0,0,0,0,0,0,0,0,0,0,0,0,0,0,0,0,0,0,0,0,0,0,0,0,0,0,0,0,0,0,0,0,0,0,0,0,0,0,0,0,0,0,0,0,0,0,0,0,0,0,0,0,0,0,0,0,0,0,0,0,0,0,0,0,0,0,0,0,0,0,0,0,0,0,0,0,0,0,0,0,0,0,0,0,0,0,0,0,0,0,0,0,0,0,0,0,0,0,0,0,0,0,0,0,0,0,0,0,0,0,0,0,0,0,0,0,0,0,0,0,0,0,0,0,0,0,0,0,0,0,0,0,0,0,0,0,0,0,0,0,0,0,0,0,0,0,0,0,0,0,0,0,0,0,0,0,0,0,0,0,0,0,0,0,0,0,0,0,0,0,0,0,0,0,0,0,0,0,0,0,0,0,0,0,0,0,0,0,0,0,0,0,0,0,0,0,0,0,0,0,0,0,0,0,0,0,0,0,0,0,0,0,0,0,0,0,0,0,0,0,0,0,0,0,0,0,0,0,0,0,0,0,0,0,0,0,0,0,0,0,0,0,0,0,0,0,0,0,0,0,0,0,0,0,0,0,0,0,0,0,0,0,0,0,0,0,0,0,0,0,0,0,0,0,0,0,0,0,0,0,0,0,0,0,0,0,0,0,0,0,0,0,0,0,0,0,0,0,0,0,0,0,0,0,0,0,0,0,0,0,0,0,0,0,0,0,0,0,0,0,0,0,0,0,0,0,0,0,0,0,0,0,0,0,0,0,0,0,0,0,0,0,0,0,0,0,0,0,0,0,0,0,0,0,0,0,0,0,0,0,0,0,0,0,0,0,0,0,0,0,0,0,0,0,0,0,0,0,0,0,0,0,0,0,0,0,0,0,0,0,0,0,0,0,0,0,0,0,0,0,0,0,0,0,0,0,0,0,0,0,0,0,0,0,0,0,0,0,0,0,0,0,0,0,0,0,0,0,0,0,0,0,0,0,0,0,0,0,0,0,0,0,0,0,0,0,0,0,0,0,0,0,0,0,0,0,0,0,0,0,0,0,0,0,0,0,0,0,0,0,0,0,0,0,0,0,0,0,0,0,0,0,0,0,0,0,0,0,0,0,0,0,0,0,0,0,0,0,0,0,0,0,0,0,0,0,0,0,0,0,0,0,0,0,0,0,0,0,0,0,0,0,0,0,0,0,0,0,0,0,0,0,0,0,0,0,0,0,0,0,0,0,0,0,0,0,0,0,0,0,0,0,0,0,0,0,0,0,0,0,0,0,0,0,0,0,0,0,0,0,0,0,0,0,0,0,0,0,0,0,0,0,0,0,0,0,0,0,0,0,0,0,0,0,0,0,0,0,0,0,0,0,0,0,0,0,0,0,0,0,0,0,0,0,0,0,0,0,0,0,0,0,0,0,0,0,0,0,0,0,0,0,0,0,0,0,0,0,0,0,0,0,0,0,0,0,0,0,0,0,0,0,0,0,0,0,0,0,0,0,0,0,0,0,0,0,0,0,0,0,0,0,0,0,0,0,0,0,0,0,0,0,0,0,0,0,0,0,0,0,0,0,0,0,0,0,0,0,0,0,0,0,0,0,0,0,0,0,0,0,0,0,0,0,0,0,0,0,0,0,0,0,0,0,0,0,0,0,0,0,0,0,0,0,0,0,0,0,0,0,0,0,0,0,0,0,0,0,0,0,0,0,0,0,0,0,0,0,0,0,0,0,0,0,0,0,0,0,0,0,0,0,0,0,0,0,0,0,0,0,0,0,0,0,0,0,0,0,0,0,0,0,0,0,0,0,0,0,0,0,0,0,0,0,0,0,0,0,0,0,0,0,0,0,0,0,0,0,0,0,0,0,0,0,0,0,0,0,0,0,0,0,0,0,0,0,0,0,0,0,0,0,0,0,0,0,0,0,0,0,0,0,0,0,0,0,0,0,0,0,0,0,0,0,0,0,0,0,0,0,0,0,0,0,0,0,0,0,0,0,0,0,0,0,0,0,0,0,0,0,0,0,0,0,0,0,0,0,0,0,0,0,0,0,0,0,0,0,0,0,0,0,0,0,0,0,0,0,0,0,0,0,0,0,0,0,0,0,0,0,0,0,0,0,0,0,0,0,0,0,0,0,0,0,0,0,0,0,0,0,0,0,0,0,0,0,0,0,0,0,0,0,0,0,0,0,0,0,0,0,0,0,0,0,0,0,0,0,0,0,0,0,0,0,0,0,0,0,0,0,0,0,0,0,0,0,0,0,0,0,0,0,0,0,0,0,0,0,0,0,0,0,0,0,0,0,0,0,0,0,0,0,0,0,0,0,0,0,0,0,0,0,0,0,0,0,0,0,0,0,0,0,0,0,0,0,0,0,0,0,0,0,0,0,0,0,0,0,0,0,0,0,0,0,0,0,0,0,0,0,0,0,0,0,0,0,0,0,0,0,0,0,0,0,0,0,0,0,0,0,0,0,0,0,0,0,0,0,0,0,0,0,0,0,0,0,0,0,0,0,0,0,0,0,0,0,0,0,0,0,0,0,0,0,0,0,0,0,0,0,0,0,0,0,0,0,0,0,0,0,0,0,0,0,0,0,0,0,0,0,0,0,0,0,0,0,0,0,0,0,0,0,0,0,0,0,0,0,0,0,0,0,0,0,0,0,0,0,0,0,0,0,0,0,0,0,0,0,0,0,0,0,0,0,0,0,0,0,0,0,0,0,0,0,0,0,0,0,0,0,0,0,0,0,0,0,0,0,0,0,0,0,0,0,0,0,0,0,0,0,0,0,0,0,0,0,0,0,0,0,0,0,0,0,0,0,0,0,0,0,0,0,0,0,0,0,0,0,0,0,0,0,0,0,0,0,0,0,0,0,0,0,0,0,0,0,0,0,0,0,0,0,0,0,0,0,0,0,0,0,0,0,0,0,0,0,0,0,0,0,0,0,0,0,0,0,0,0,0,0,0,0,0,0,0,0,0,0,0,0,0,0,0,0,0,0,0,0,0,0,0,0,0,0,0,0,0,0,0,0,0,0,0,0,0,0,0,0,0,0,0,0,0,0,0,0,0,0,0,0,0,0,0,0,0,0,0,0,0,0,0,0,0,0,0,0,0,0,0,0,0,0,0,0,0,0,0,0,0,0,0,0,0,0,0,0,0,0,0,0,0,0,0,0,0,0,0,0,0,0,0,0,0,0,0,0,0,0,0,0,0,0,0,0,0,0,0,0,0,0,0,0,0,0,0,0,0,0,0,0,0,0,0,0,0,0,0,0,0,0,0,0,0,0,0,0,0,0,0,0,0,0,0,0,0,0,0,0,0,0,0,0,0,0,0,0,0,0,0,0,0,0,0,0,0,0,0,0,0,0,0,0,0,0,0,0,0,0,0,0,0,0,0,0,0,0,0,0,0,0,0,0,0,0,0,0,0,0,0,0,0,0,0,0,0,0,0,0,0,0,0,0,0,0,0,0,0,0,0,0,0,0,0,0,0,0,0,0,0,0,0,0,0,0,0,0,0,0,0,0,0,0,0,0,0,0,0,0,0,0,0,0,0,0,0,0,0,0,0,0,0,0,0,0,0,0,0,0,0,0,0,0,0,0,0,0,0,0,0,0,0,0,0,0,0,0,0,0,0,0,0,0,0,0,0,0,0,0,0,0,0,0,0,0,0,0,0,0,0,0,0,0,0,0,0,0,0,0,0,0,0,0,0,0,0,0,0,0,0,0,0,0,0,0,0,0,0,0,0,0,0,0,0,0,0,0,0,0,0,0,0,0,0,0,0,0,0,0,0,0,0,0,0,0,0,0,0,0,0,0,0,0,0,0,0,0,0,0,0,0,0,0,0,0,0,0,0,0,0,0,0,0,0,0,0,0,0,0,0,0,0,0,0,0,0,0,0,0,0,0,0,0,0,0,0,0,0,0,0,0,0,0,0,0,0,0,0,0,0,0,0,0,0,0,0,0,0,0,0,0,0,0,0,0,0,0,0,0,0,0,0,0,0,0,0,0,0,0,0,0,0,0,0,0,0,0,0,0,0,0,0,0,0,0,0,0,0,0,0,0,0,0,0,0,0,0,0,0,0,0,0,0,0,0,0,0,0,0,0,0,0,0,0,0,0,0,0,0,0,0,0,0,0,0,0,0,0,0,0,0,0,0,0,0,0,0,0,0,0,0,0,0,0,0,0,0,0,0,0,0,0,0,0,0,0,0,0,0,0,0,0,0,0,0,0,0,0,0,0,0,0,0,0,0,0,0,0,0,0,0,0,0,0,0,0,0,0,0,0,0,0,0,0,0,0,0,0,0,0,0,0,0,0,0,0,0,0,0,0,0,0,0,0,0,0,0,0,0,0,0,0,0,0,0,0,0,0,0,0,0,0,0,0,0,0,0,0,0,0,0,0,0,0,0,0,0,0,0,0,0,0,0,0,0,0,0,0,0,0,0,0,0,0,0,0,0,0,0,0,0,0,0,0,0,0,0,0,0,0.09536615,0.75216997,-0.6320596,0.756344,-0.53538364,-0.4867764,-0.06136195,1.3843336,-0.60189885,0.018415883,-0.11952908,-0.29228008,0.28676564,0.88284403,1.2596513,-1.007857,0.01794462,-0.8268252,-0.018275188,0.43507835,-0.4911524,-0.4576255,0.05921366,0.2583553,-0.1887372,0.5286574,0.16921955,-0.09509081,0.10984061,-0.20738569,-0.2961848,1.1209657,0.02252259,-0.445844,0.45493865,0.16619001,-0.6321942,0.069648735,0.23337844,-0.7010657,0.13279778,0.1813377,1.0313587,-0.57577753,0.039555326,-0.8235264,0.23930286,0.4098995,0.4661816,0.3588013,-0.5474345,0.7061883,0.20947875,-0.6857161,1.2618057,0.5605012,-0.9609328,-0.9764844,-0.035105955,0.20537204,0.3850573,0.10492602,-0.17338753,-0.13992797,-0.42827266,-0.52831477,0.15461044,-1.2690032,-0.76650375,-0.34310898,-0.9230299,-0.5705263,-0.87253755,-0.31591046,0.5420547,0.030130096,-0.6685487,0.14154977,-0.12417437,0.26320255,0.37529546,-0.56985307,1.17543,0.422085,-0.3769725,0.12828712,-0.52515054,-0.46678147,0.212239,0.28447664,-0.35563108,0.6772394,0.67380595,-0.26885164,-1.0156664,0.53868854,0.32271615,0.37576672,-0.19957621,-0.15406582,0.3973101,-0.40026626,0.44409963,0.1031083,-0.017130695,0.5826505,0.11401464,0.52179044,0.3978487,0.36001313,0.354358,-0.7710144,0.2525655,0.020502899,-0.15103628,0.22105831,-0.6399364,0.47284657,0.2648183,0.034708064,0.9842326,0.24744895,0.18012589,-0.37306774,0.34567332,-0.7468454,-0.1187212,0.2825243,-0.35684288,0.8386128,0.14121316,-0.2185613,-0.6959492,0.21762484,0.47372177,-0.15965363,0.0059611155,0.006567023,-0.39838123,-0.4753988,0.8291876,-0.04473315,0.05456837,-0.44873887,0.057463262,0.22368391,0.22738668,0.35597375,0.040632494,0.9153611,0.039353356,-0.3575161,0.21439333,-0.23209324,-0.046483554,-0.09812035,-0.1709639,-0.1762151,0.28010064,-0.40080485,0.2968641,-0.5009143,-0.026286634,-0.25727206,-0.034028787,0.4454461,-0.5296612,0.26434705,0.35981116,0.18026054,-0.27827686,-0.5771913,-0.25282875,0.64465505,0.108426824,-0.25390592,-0.022314573,-0.46859917,-0.2868269,0.68100953,-0.022718512,-0.010667682,0.9624872,0.44463822,-0.08061635,-0.40141076,0.8129627,-0.11676884,0.43568426,-0.06371826,-0.12996416,-0.31005335,-0.31994984,0.13569267,0.07779483,-0.5779992,0.11812134,0.71117026,-0.34129125,0.24899739,-0.64411044,0.332478,-0.4779571,-0.4618669,-0.60156226,0.010808377,0.07819877,0.012895391,-0.2319586,-0.13225314,0.23479222,0.058473106,0.20039013,0.13939543,0.18012589,-0.18543836,0.29794127,-0.19068956,-0.32533568,-0.35785273,-0.15144022,-0.019756297,-0.21842666,-0.45358613,0.05564554,-0.0708545,0.051067572,-0.1992396,0.47742456,-0.19405572,-0.25700277,-0.06600724,-0.461059,-0.056245398,-0.48044804,0.06803298,0.4594493,0.2008614,-0.19910495,-0.08445376,-0.11932711,-0.6861873,-0.32264277,-0.20233645,0.0596176,-0.14706421,-0.47519684,0.41151527,-0.26393706,0.3623021,-0.07469192,0.29733536,0.57349455,-0.072470255,0.16800773,-0.2173495,-0.03039334,0.32513976,0.24744895,0.2671746,0.115765035,-0.60836184,-0.15379652,-0.19594076,-0.09253253,0.13488479,-0.1782348,-0.09838964,0.0003059781,0.22031777,0.4014168,0.26515493,-0.3481582,0.008654038,-0.26386973,-0.1379756,-0.61798906,-0.35206294,-0.6468033,0.16066952,0.2767345,-0.22872709,0.3763053,0.40134948,0.37879625,0.31652242,0.049451817,-0.12080822,-0.1537292,-0.0063590053,0.11441857,0.19628343,0.35489658,-0.3580547,-0.6568345,0.5370055,-0.12188539,0.03241908,0.44652325,-0.42652225,0.075303875,-0.20610654,-0.6910346,-0.23041017,-0.3726638,0.2446887,-0.17197375,0.13131666,0.17716368,0.3132236,-0.06769032,-0.25774333,-0.7230804,0.043729357,-0.41016275,-0.43002307,0.34870285,-0.03914534,-0.1406012,0.3625714,0.054501045,0.24300563,-0.4210691,-0.33045223,0.20725709,-0.18577498,-0.3157085,-0.576922,0.14296356,-0.10983456,-0.5979268,-0.28608635,-0.053552475,-0.21108845,0.5160007,0.36411983,-0.25888783,-0.4400542,0.40942824,-0.17897534,-0.010465712,0.010202469,-0.2217255,0.013703268,-0.0062916824,-0.10162114,0.09482756,0.22260675,-0.0944849,0.56265557,0.17063333,-0.033086263,0.32561103,-0.17486864,0.0858736,-0.06856552,0.022051329,0.43339527,-0.15749928,0.23075284,-0.33967552,-0.09266718,-0.3393389,-0.19971085,-0.67231876,0.60372263,-0.033557523,0.30810705,-0.126598,-0.036856353,0.3839128,-0.5299305,-0.1382449,0.35509855,0.168479,-0.52871865,-0.105391234,-0.11515308,-0.5445396,0.24940133,-0.38269496,0.008452069,-0.015986204,-0.36431575,-0.22717866,0.40626407,-0.2083282,0.25498915,0.035785235,-0.13635984,-0.35825667,-0.07913524,0.27484944,0.1944657,0.06978338,-0.14618902,0.011414284,0.7011391,-0.25505042,0.23977412,0.090720855,-0.45473063,-0.1639623,0.13165328,-0.07280687,-0.37677053,-0.042040233,-0.054023735,0.057328615,-0.48455474,-0.47284055,0.002392993,0.23957215,-0.34324363,-0.36512363,0.023532435,-0.21263689,-0.103169575,-0.29611748,0.16713254,-0.4668488,-0.3773091,-0.1618753,0.099001594,0.022253297,-0.1487473,-0.0343654,-0.018881096,-0.25700277,0.34984735,-0.24454801,0.34897214,-0.12754053,-0.08317462,0.183694,-0.28871194,-0.46395388,-0.19210334,-0.018813772,0.54737324,0.16592072,0.4051869,-0.11724009,0.0027296084,0.20463149,0.037064373,0.5293306,0.150975,0.28097585,-0.29638678,0.15265808,0.0052205618,-0.22105226,-0.04379063,-0.06351629,0.028312374,-0.3332125,0.1669979,-0.5380766,-0.18503442,-0.034432724,0.06298375,-0.20576993,0.50664276,0.48624387,-0.03254768,-0.13844687,-0.17231037,-0.44564202,-0.27531466,0.199111,0.29450777,0.49021593,-0.25956106,-0.14639099,0.009933176,-0.30513877,0.22779062,0.34594262,0.34399024,0.016194222,-0.008446021,0.04837465,-0.38942724,0.14680097,-0.2784115,-0.14968981,-0.14908391,-0.57934564,0.02824505,-0.28285483,0.734666,-0.39023513,0.21769217,0.16477624,-0.04527174,0.034775387,-0.16800168,0.077929474,0.63879794,-0.16692452,0.16928688,-0.15473904,-0.062102504,0.1544758,0.28117782,-0.51404226,-0.103910126,-0.09064748,-0.11663419,-0.2789501,0.0019217316,-0.3332125,-0.0067629437,0.17534596,0.014174529,0.627555,-0.6367722,0.19904368,0.05126954,-0.2444807,-0.44954675,0.18295346,-0.03301894,-0.46947438,-0.37710714,-0.07442263,-0.49155635,0.008856008,-0.114614494,-0.07671161,0.14181906,-0.7691967,-0.040357154,0.47271195,0.39219356,-0.11798065,0.35859933,0.09253858,0.45870873,-0.4657043,-0.31200573,-0.12565547,-0.5360569,0.062175877,-0.05146546,0.15804392,-0.0071668825,0.3196866,-0.23269916,0.015857607,0.34728906,0.24536194,-0.008378698,-0.025815371,0.11852528,0.7543243,0.2087382,-0.40262258,0.105599254,-0.22394715,-0.08526164,0.16329512,0.12640208,0.10351224,0.14754152,-0.36835513,-0.1972199,0.16470891,-0.30419624,-0.11421056,0.42545113,-0.23128538,0.25034386,-0.44113138,0.12727728,0.12862374,0.5490563,-0.29854113,0.13273045,0.04487385,-0.47687992,0.43534765,0.19507161,0.05429908,-0.2947037,-0.21768612,-0.106737696,0.3897699,-0.09556207,-0.26797643,-0.090916775,0.13636589,0.18429992,0.5484504,0.010135146,-0.67757,0.18079913,-0.118586555,-0.21176168,-0.04143432,0.56911856,0.20395826,0.16834435,0.28541917,-0.20906876,-0.16200994,0.44820634,-0.22017707,-0.31900734,-0.08404982,0.4769533,0.15487973,0.34749103,0.46315205,0.07961255,0.39461717,-0.20954002,0.20920946,0.03989194,0.19217671,0.04009391,0.0473648,0.17945266,0.08661415,0.12539223,-0.30278248,-0.30742776,0.09987679,0.10815753,0.18968576,-0.3373192,-0.23586334,0.13306707,0.2802353,0.18524244,-0.033759493,0.44066617,0.2959889,0.38276833,-0.0055511286,0.18961844,0.106945716,-0.3204211,-0.39528435,-0.0042719906,-0.14571775,-0.048772536,-0.042107552,-0.34425348,-0.006964913,0.36465842,0.4595166,-0.19641203,0.1731916,0.5079219,0.5894501,0.37973878,0.18308811,0.1013579,0.30346176,0.19197474,0.2575474,0.13818362,-0.31389078,-0.74859583,0.054164432,0.62425613,0.2575474,-0.18691947,-0.07684626,-0.22482236,-0.04069377,-0.028912233,0.00495127,-0.014774389,-0.5182836,0.33092955,0.053221907,0.09502953,-0.28548044,0.19702397,-0.11905782,-0.15123825,-0.1382449,0.020704867,0.27868685,0.45056266,0.061233353,-0.5674294,0.10452209,-0.3335491,0.17406681,0.539833,0.031880498,0.13676983,0.07994916,0.030534035,0.3833742,0.4320488,-0.36875907,0.23829302,0.11832331,-0.52306354,-0.25168425,-0.491691,-0.5761814,0.041036434,0.36964032,0.005489854,0.2300796,0.3269575,-0.58351964,0.18477118,0.1398667,0.039084066,0.43777126,0.07092787,0.4638253,-0.071325764,-0.19149745,-0.061294626,0.063455015,0.024205666,0.27464747,-0.01787125,-0.799694,-0.17601313,-0.6782432,-0.4692724,0.45022604,-0.23330507,-0.12437634,0.14666632,0.19109955,0.12633476,-0.20354827,-0.09461954,-0.20341362,-0.24474998,-0.21768612,0.013030037,0.15918842,-0.34950468,0.25404662,-0.48906538,-0.5092623,0.0112123145,-0.04197291,0.33348784,-0.6718475,0.16841167,-0.40336314,-0.0641222,-0.12282791,0.035717912,0.43541497,-0.5512719,-0.3898985,-0.4067966,0.3675533,-0.12814644,-0.086406134,-0.09764908,0.20597795,-0.111652285,-0.4663102,0.15191752,-0.43823647,0.41737238,-0.004675929,0.11872725,-0.16214459,-0.112190865,-0.08404982,-0.106199116,0.15474509,0.054029785,-0.5853374,-0.20112464,-0.39292806,0.7350026,0.61988014,-0.011879497,0.014578468,-0.17305093,-0.10155382,0.3699096,3.668581e-05,-0.3099187,0.4019554,0.23411898,0.24246705,-0.12996416,0.04756677,0.04574905,0.009192623,0.3316701,0.089778334,0.18800269,0.37179467,0.72227854,-0.19122815,-0.6242501,0.21250829,0.10593587,-0.022651188,0.14377144,-0.1598556,0.29524833,-0.20630851,-0.31227502,0.11307211,-0.12296256,0.22644415,-0.14793941,0.40801448,-0.6606046,0.0059611155,-0.23902753,0.07160111,-0.38949457,-0.037596907,0.15716872,-0.15305597,0.012222161,0.1658534,0.045412432,-0.6755503,0.26454902,0.14343482,0.3634466,-0.15494101,0.0025276393,0.1979665,0.11960245,0.5785438,-0.20018211,0.0015177933,-0.1563548,-0.1560855,0.20274644,0.20665118,-0.26003233,0.03039939,-0.18153362,-0.056447368,-0.020631496,0.050125048,0.19224404,0.44463822,-0.06223715,0.024340313,-0.19870101,0.4992372,-0.039751247,-0.26030162,0.3342284,-0.46294403,0.089778334,0.35065523,0.23923554,0.48651317,-0.12417437,-0.26945755,-0.32843256,0.16046755,0.08769132,0.43952167,-0.29349187,0.34634653,-0.027633095,-0.3872056,0.057261292,0.0025949623,0.013433976,0.59369147,-0.32688412,-0.080010444,-0.30379233,0.31632045,-0.084117144,0.110513836,-0.21223295,-0.432514,-0.16537608,-0.4669161,-0.26077288,-0.2448173,-0.22192746,-0.15999024,0.53303343,-0.07368207,-0.055235554,-0.17224304,-0.19971085,-0.028306326,0.04709551,0.06581132,0.028379697,0.37442026,0.15306202,-0.18510175,0.063051075,0.27592662,-0.1014865,0.22556897,0.13003753,0.21944256,-0.13858151,-0.038741402,-0.3755587,-0.34943736,-0.19641203,-0.17002138,0.12343986,0.118188664,0.28387073,0.3190807,-0.077923425,0.17305696,0.57787055,-0.11158496,0.47742456,-0.12754053,0.14592578,0.33214137,0.18409795,0.23674458,0.113341406,0.47843438,0.0031335468,0.23250324,0.3616962,-0.16854027,-0.005685775,0.3698423,0.06897551,0.03767028,-0.13602324,0.40000302,-0.25114566,0.07348615,0.05066363,-3.0637257e-05,-0.6090351,-0.3206904,-0.5653424,-0.3533421,-0.27208316,-0.063852906,0.0077788383,0.04144037,0.11778473,0.19904368,0.06971606,-0.4823331,-0.1858423,-0.17951393,-0.52299625,0.047432125,0.022859205,-0.10754558,0.3007015,0.38438407,-0.011744851,0.28238964,0.38687503,0.63873065,-0.055976104,0.14053993,-0.32398924,0.15110965,-0.417299,-0.27719972,0.46315205,0.352069,-0.5075792,-0.13110864,-0.55733097,0.38088328,-0.0012424524,-0.49714416,0.112937465,-0.11757671,0.19924565,0.34378827,0.57638943,0.016126899,-0.37656856,-0.084723055,-0.73297685,0.39300144,-0.3534094,-0.19964352,0.34223983,-0.5334313,-0.48751697,-0.246837,-0.20637584,-0.10734361,0.11044651,-0.27060205,0.07193772,-0.23121805,0.20840158,-0.13117597,-0.28723085,-0.08330927,-0.26447564,0.005287885,0.03282302,0.19493696,-0.13218582,-0.47088817,-0.13373424,-0.2657548,0.38472068,-0.04708946,-0.30803367,-0.04769537,-0.15918237,-0.090714805,-0.28898123,-1.0852112,-0.07879862,0.20052478,-1.1511878,0.72813565,-0.007638144,0.76058537,0.15689944,0.9978992,0.4533229,-0.84028983,0.96753645,1.4183317,0.6941375,-1.5196469,-0.011744851,0.75142944,0.2872369,-0.86843085,0.73601246,0.61934155,0.36115763,-0.8550336,-0.7873066,0.22731936,-0.024199618,-0.24791417,0.5815733,0.9481474,0.24670841,-0.3285672,-0.970156,-0.74987495,-0.81470704,0.24946865,1.3032767,0.33840242,-0.7896629,0.2761286,0.11266818,-0.2240818,1.5164214,-0.10969991,-1.4288954,-1.2997698,-0.31496793,0.7130553,0.051606156,0.16719986,-0.28298947,-0.48778626,-0.43157148,-0.70173895,-0.60035044,-0.08088564,1.0754553,0.2043622,-0.4067966,-0.8185445,0.3709868,0.33315122,-0.76509,-0.82844096,-0.5075119,-0.9606635,-0.14605437,0.23014693,-1.1234506,-1.0023365,1.3745044,-0.93696576,0.82535017,-0.25922444,0.4270669,-0.7091445,-0.46052042,-0.03503863,0.65482086,-0.17305093,1.0231453,-0.22354321,-1.023072,-0.7112315,0.024878897,0.13017218,0.3398162,0.35314617,0.6685547,-0.23869091,0.9098406,0.8295915,0.09388504,0.0517408,0.42376807,0.66687167,0.3604844,1.3081912,-0.2938958,0.2174902,0.11690953,-0.8152456,-0.482939,0.08513304,-1.083528,-1.0479815,-0.5987347,-0.5526857,-0.1160956,-0.49478784,0.023936374,-0.8813569,-0.47109014,0.14316553,0.7461109,0.4735198,-0.509397,0.19722594,-0.10781486,0.81363595,0.61402303,0.2785522,-0.5670255,-1.0370752,-0.038808722,0.34843355,0.5014589,1.0715506,0.17797156,
1,1,0,0,0,0,0,0,0,0,0,0,0,0,0,0,0,0,0,0,0,0,0,0,0,0,0,0,0,0,0,0,0,0,0,0,0,0,0,0,0,0,0,0,0,0,0,0,0,0,0,0,0,0,0,0,0,0,0,0,0,0,0,1,0,0,0,0,0,0,0,0,0,0,0,0,0,0,0,0,0,0,0,0,0,0,0,0,0,0,0,0,0,0,0,0,0,0,0,0,0,0,0,0,0,0,0,0,0,0,0,0,0,0,0,0,0,0,0,0,0,0,0,0,0,0,0,0,0,0,0,0,0,0,0,0,0,0,0,0,0,0,0,0,0,0,0,0,0,0,0,0,0,0,0,0,0,0,0,0,0,0,0,0,0,0,0,0,0,0,0,0,0,0,0,0,0,0,0,0,0,0,0,0,0,0,0,0,0,0,0,0,0,0,0,0,0,0,0,0,0,0,0,0,0,0,0,0,0,0,0,0,0,0,0,0,0,0,0,0,0,0,0,0,0,0,0,0,0,0,0,0,0,0,0,0,0,0,0,0,0,0,0,0,0,0,0,0,0,0,0,0,0,0,0,0,0,0,0,0,0,0,0,0,0,0,0,0,0,0,0,0,0,0,0,0,0,0,0,0,0,0,0,0,0,0,0,0,0,0,0,0,0,0,0,0,0,0,0,0,0,0,0,0,0,0,0,0,0,0,0,0,0,0,0,0,0,0,0,0,0,0,0,0,0,0,0,0,0,0,0,0,0,0,0,1,0,0,0,0,0,0,0,0,0,0,0,0,0,0,0,0,0,0,0,0,0,0,0,0,0,0,0,0,0,0,0,0,0,0,0,0,0,0,0,0,0,0,0,0,0,0,0,0,0,0,0,0,0,0,0,0,0,0,0,0,0,0,0,0,0,0,0,0,0,0,0,0,0,0,0,0,0,0,0,0,0,0,0,0,0,0,0,0,0,0,0,0,0,0,0,0,0,0,0,0,0,0,0,0,0,0,0,0,0,0,0,0,0,0,0,0,0,0,0,0,0,0,0,0,0,0,0,0,0,0,0,0,0,0,0,0,0,0,0,0,0,0,0,0,0,0,0,0,0,0,0,0,0,0,0,0,0,0,0,0,0,0,0,0,0,0,0,0,0,0,0,0,0,0,0,0,0,0,0,0,0,0,0,0,0,0,0,0,0,0,0,0,0,0,0,0,0,0,0,0,0,0,0,0,0,0,0,0,0,0,0,0,0,0,0,0,0,0,0,0,0,0,0,0,0,0,0,0,0,0,0,0,0,0,0,0,0,0,0,0,0,0,0,0,0,0,0,0,0,0,0,0,0,0,0,0,0,0,0,0,0,0,0,0,0,0,0,0,0,0,0,0,0,0,0,0,0,0,0,0,0,0,0,0,0,0,0,0,0,0,0,0,0,0,0,0,0,0,0,0,0,0,0,0,0,0,0,0,0,0,0,0,0,0,0,0,0,0,0,0,0,0,0,0,0,0,0,0,0,0,0,0,0,0,0,0,0,0,0,0,0,0,0,0,0,0,0,0,0,0,0,0,0,0,0,0,0,0,0,0,0,0,0,0,0,0,0,0,0,0,0,0,0,0,0,0,0,0,0,0,0,0,0,0,0,0,0,0,0,0,0,0,0,0,0,0,0,0,0,0,0,0,0,0,0,0,0,0,0,0,0,0,0,0,0,0,0,0,0,0,0,0,0,0,0,0,0,0,0,0,0,0,0,0,0,0,0,0,0,0,0,0,0,0,0,0,0,0,0,0,0,0,0,0,0,0,0,0,0,0,0,0,0,0,0,0,0,0,0,0,0,0,0,0,0,0,0,0,0,0,0,0,0,0,0,0,0,0,0,0,0,0,0,0,0,0,0,0,0,0,0,0,0,0,0,0,0,0,0,0,0,0,0,0,0,0,0,0,0,0,0,0,0,0,0,0,0,0,0,0,0,0,0,0,0,0,0,0,0,0,0,0,0,0,0,0,0,0,0,0,0,0,0,0,0,0,0,0,0,0,0,0,0,0,0,0,0,0,0,0,0,0,0,0,0,0,0,0,0,0,0,0,0,0,0,0,0,0,0,0,0,0,0,0,0,0,0,0,0,0,0,0,0,0,0,0,0,0,0,0,0,0,0,0,0,0,0,0,0,0,0,0,0,0,0,0,0,0,0,0,0,0,0,0,0,0,0,0,0,0,0,0,0,0,0,0,0,0,0,0,0,0,0,0,0,0,0,0,0,0,0,0,0,0,0,0,0,0,0,0,0,0,0,0,0,0,0,0,0,0,0,0,0,0,0,0,0,0,0,0,0,0,0,0,0,0,0,0,0,0,0,0,0,0,0,0,0,0,0,0,0,0,0,0,0,0,0,0,0,0,0,0,0,0,0,0,0,0,0,0,0,0,0,0,0,0,0,0,0,0,0,0,0,0,0,0,0,0,0,0,0,0,0,0,0,0,0,0,0,0,0,0,0,0,0,0,0,0,0,0,0,0,0,0,0,0,0,0,0,0,0,0,0,0,0,0,0,0,0,0,0,0,0,0,0,0,0,0,0,0,0,0,0,0,0,0,0,0,0,0,0,0,0,0,0,0,0,0,0,0,0,0,0,0,0,0,0,0,0,0,0,0,0,0,0,0,0,0,0,0,0,0,0,0,0,0,0,0,0,0,0,0,0,0,0,0,0,0,0,0,0,0,0,0,0,0,0,0,0,0,0,0,0,0,0,0,0,0,0,0,0,0,0,0,0,0,0,0,0,0,0,0,0,0,0,0,0,0,0,0,0,0,0,0,0,0,0,0,0,0,0,0,0,0,0,0,0,0,0,0,0,0,0,0,0,0,0,0,0,0,0,0,0,0,0,0,0,0,0,0,0,0,0,0,0,0,0,0,0,0,0,0,0,0,0,0,0,0,0,0,0,0,0,0,0,0,0,0,0,0,0,0,0,0,0,0,0,0,0,0,0,0,0,0,0,0,0,0,0,0,0,0,0,0,0,0,0,0,0,0,0,0,0,0,0,0,0,0,0,0,0,0,0,0,0,0,0,0,0,0,0,0,0,0,0,0,0,0,0,0,0,0,0,0,0,0,0,0,0,0,0,0,0,0,0,0,0,0,0,0,0,0,0,0,0,0,0,0,0,0,0,0,0,0,0,0,0,0,0,0,0,0,0,0,0,0,0,0,0,0,0,0,0,0,0,0,0,0,0,0,0,0,0,0,0,0,0,0,0,0,0,0,0,0,0,0,0,0,0,0,0,0,0,0,0,0,0,0,0,0,0,0,0,0,0,0,0,0,0,0,0,0,0,0,0,0,0,0,0,0,0,0,0,0,0,0,0,0,0,0,0,0,0,0,0,0,0,0,0,0,0,0,0,0,0,0,0,0,0,0,0,0,0,0,0,0,0,0,0,0,0,0,0,0,0,0,0,0,0,0,0,0,0,0,0,0,0,0,0,0,0,0,0,0,0,0,0,0,0,0,0,0,0,0,0,0,0,0,0,0,0,0,0,0,0,0,0,0,0,0,0,0,0,0,0,0,0,0,0,0,0,0,0,0,0,0,0,0,0,0,0,0,0,0,0,0,0,0,0,0,0,0,0,0,0,0,0,0,0,0,0,0,0,0,0,0,0,0,0,0,0,0,0,0,0,0,0,0,0,0,0,0,0,0,0,0,0,0,0,0,0,0,0,0,0,0,0,0,0,0,0,0,0,0,0,0,0,0,0,0,0,0,0,0,0,0,0,0,0,0,0,0,0,0,0,0,0,0,0,0,0,0,0,0,0,0,0,0,0,0,0,0,0,0,0,0,0,0,0,0,0,0,0,0,0,0,0,0,0,0,0,0,0,0,0,0,0,0,0,0,0,0,0,0,0,0,0,0,0,0,0,0,0,0,0,0,0,0,0,0,0,0,0,0,0,0,0,0,0,0,0,0,0,0,0,0,0,0,0,0,0,0,0,0,0,0,0,0,0,0,0,0,0,0,0,0,0,0,0,0,0,0,0,0,0,0,0,0,0,0,0,0,0,0,0,0,0,0,0,0,0,0,0,0,0,0,0,0,0,0,0,0,0,0,0,0,0,0,0,0,0,0,0,0,0,0,0,0,0,0,0,0,0,0,0,0,0,0,0,0,0,0,0,0,0,0,0,0,0,0,0,0,0,0,0,0,0,0,0,0,0,0,0,0,0,0,0,0,0,0,0,0,0,0,0,0,0,0,0,0,0,0,0,0,0,0,0,0,0,0,0,0,0,0,0,0,0,0,0,0,0,0,0,0,0,0,0,0,0,0,0,0,0,0,0,0,0,0,0,0,0,0,0,0,0,0,0,0,0,0,0,0,0,0,0,0,0,0,0,0,0,0,0,0,0,0,0,0,0,0,0,0,0,0,0,0,0,0,0,0,0,0,0,0,0,0,0,0,0,0,0,0,0,0,0,0,0,0,0,0,0,0,0,0,0,0,0,0,0,0,0,0,0,0,0,0,0,0,0,0,0,0,0,0,0,0,0,0,0,0,0,0,0,0,0,0,0,0,0,0,0,0,0,0,0,0,0,0,0,0,0,0,0,0,0,0,0,0,0,0,0,0,0,0,0,0,0,0,0,0,0,0,0,0,0,0,0,0,0,0,0,0,0,0,0,0,0,0,0,0,0,0,0,0,0,0,0,0,0,0,0,0,0,0,0,0,0,0,0,0,0,0,0,0,0,0,0,0,0,0,0,0,0,0,0,0,0,0,0,0,0,0,0,0,0,0,0,0,0,0,0,0,0,0,0,0,0,0,0,0,0,0,0,0,0,0,0,0,0,0,0,0,0,0,0,0,0,0,0,0,0,0,0,0,0,0,0,0,0,0,0,0,0,0,0,0,0,0,0,0,0,0,0,0,0,0,0,0,0,0,0,0,0,0,0,0,0,0,0,0,0,0,0,0,0,0,0,0,0,0,0,0,0,0,0,0,0,0,0,0,0,0,0,0,0,0,0,0,0,0,0,0,0,0,0,0,0,0,0,0,0,0,0,0,0,0,0,0,0,0,0,0,0,0,0,0,0,0,0,0,0,0,0,0,0,0,0,0,0,0,0,0,0,0,0,0,0,0,0,0,0,0,0,0,0,0,0,0,0,0,0,0,0,0,0,0,0,0,0,0,0,0,0,0,0,0,0,0,0,0,0,0,0,0,0,0,0,0,0,0,0,0,0,0,0,0,0,0,0,0,0,0,0,0,0,0,0,0,0,0,0,0,0,0,0,0,0,0,0,0,0,0,0,0,0,0,0,0,0,0,0,0,0,0,0,0,0,0,0,0,0,0,0,0,0,0,0,0,0,0,0,0,0,0,0,0,0,0,0,0,0,0,0,0,0,0,0,0,0,0,0,0,0,0,0,0,0,0,0,0,0,0,0,0,0,0,0,0,0,0,0,0,0,0,0,0,0,0,0,0,0,0,0,0,0,0,0,0,0,0,0,0,0,0,0,0,0,0,0,0,0,0,0,0,0,0,0,0,0,0,0,0,0,0,0,0,0,0,0,0,0,0,0,0,0,0,0,0,0,0,0,0,0,0,0,0,0,0,0,0,0,0,0,0,0,0,0,0,0,0,0,0,0,0,0,0,0,0,0,0,0,0,0,0,0,0,0,0,0,0,0,0,0,0,0,0,0,0,0,0,0,0,0,0,0,0,0,0,0,0,0,0,0,0,0,0,0,0,0,0,0,0,0,0,0,0,0,0,0,0,0,0,0,0,0,0,0,0,0,0,0,0,0,0,0,0,0,0,0,0,0,0,0,0,0,0,0,0,0,0,0,0,0,0,0,0,0,0,0,0,0,0,0,0,0,0,0,0,0,0,0,0,0,0,0,0,0,0,0,0,0,0,0,0,0,0,0,0,0,0,0,0,0,0,0,0,0,0,0,0,0,0,0,0,0,0,0,0,0,0,0,0,0,0,0,0,0,0,0,0,0,0,0,0,0,0,0,0,0,0,0,0,0,0,0,0,0,0,0,0,0,0,0,0,0,0,0,0,0,0,0,0,0,0,0,0,0,0,0,0,0,0,0,0,0,0,0,0,0,0,0,0,0,0,0,0,0,0,0,0,0,0,0,0,0,0,0,0,0,0,0,0,0,0,0,0,0,0,0,0,0,0,0,0,0,0,0,0,0,0,0,0,0,0,0,0,0,0,0,0,0,0,0,0,0,0,0,0,0,0,0,0,0,0,0,0,0,0,0,0,0,0,0,0,0,0,0,0,0,0,0,0,0,0,0,0,0,0,0,0,0,0,0,0,0,0,0,0,0,0,0,0,0,0,0,0,0,0,0,0,0,0,0,0,0,0,0,0,0,0,0,0,0,0,0,0,0,0,0,0,0,0,0,0,0,0,0,0,0,0,0,0,0,0,0,0,0,0,0,0,0,0,0,0,0,0,0,0,0,0,0,0,0,0,0,0,0,0,0,0,0,0,0,0,0,0,0,0,0,0,0,0,0,0,0,0,0,0,0,0,0,0,0,0,0,0,0,0,0,0,0,0,0,0,0,0,0,0,0,0,0,0,0,0,0,0,0,0,0,0,0,0,0,0,0,0,0,0,0,0,0,0,0,0,0,0,0,0,0,0,0,0,0,0,0,0,0,0,0,0,0,0,0,0,0,0,0,0,0,0,0,0,0,0,0,0,0,0,0,0,0,0,0,0,0,0,0,0,0,0,0,0,0,0,0,0,0,0,0,0,0,0,0,0,0,0,0,0,0,0,0,0,0,0,0,0,0,0,0,0,0,0,0,0,0,0,0,0,0,0,0,0,0,0,0,0,0,0,0,0,0,0,0,0,0,0,0,0,0,0,0,0,0,0,0,0,0,0,0,0,0,0,0,0,0,0,0,0,0,0,0,0,0,0,0,0,0,0,0,0,0,0,0,0,0,0,0,0,0,0,0,0,0,0,0,0,0,0,0,0,0,0,0,0,0,0,0,0,0,0,0,0,0,0,0,0,0,0,0,0,0,0,0,0,0,0,0,0,0,0,0,0,0,0,0,0,0,0,0,0,0,0,0,0,0,0,0,0,0,0,0,0,0,0,0,0,0,0,0,0,0,0,0,0,0,0,0,0,0,0,0,0,0,0,0,0,0,0,0,0,0,0,0,0,0,0,0,0,0,0,0,0,0,0,0,0,0,0,0,0,0,0,0,0,0,0,0,0,0,0,0,0,0,0,0,0,0,0,0,0,0,0,0,0,0,0,0,0,0,0,0,0,0,0,0,0,0,0,0,0,0,0,0,0,0,0,0,0,0,0,0,0,0,0,0,0,0,0,0,0,0,0,0,0,0,0,0,0,0,0,0,0,0,0,0,0,0,0,0,0,0,0,0,0,0,0,0,0,0,0,0,0,0,0,0,0,0,0,0,0,0,0,0,0,0,0,0,0,0,0,0,0,0,0,0,0,0,0,0,0,0,0,0,0,0,0,0,0,0,0,0,0,0,0,0,0,0,0,0,0,0,0,0,0,0,0,0,0,0,0,0,0,0,0,0,0,0,0,0,0,0,0,0,0,0,0,0,0,0,0,0,0,0,0,0,0,0,0,0,0,0,0,0,0,0,0,0,0,0,0,0,0,0,0,0,0,0,0,0,0,0,0,0,0,0,0,0,0,0,0,0,0,0,0,0,0,0,0,0,0,0,0,0,0,0,0,0,0,0,0,0,0,0,0,0,0,0,0,0,0,0,0,0,0,0,0,0,0,0,0,0,0,0,0,0,0,0,0,0,0,0,0,0,0,0,0,0,0,0,0,0,0,0,0,0,0,0,0,0,0,0,0,0,0,0,0,0,0,0,0,0,0,0,0,0,0,0,0,0,0,0,0,0,0,0,0,0,0,0,0,0,0,0,0,0,0,0,0,0,0,0,0,0,0,0,0,0,0,0,0,0,0,0,0,0,0,0,0,0,0,0,0,0,0,0,0,0,0,0,0,0,0,0,0,0,0,0,0,0,0,0,0,0,0,0,0,0,0,0,0,0,0,0,0,0,0,0,0,0,0,0,0,0,0,0,0,0,0,0,0,0,0,0,0,0,0,0,0,0,0,0,0,0,0,0,0,0,0,0,0,0,0,0,0,0,0,0,0,0,0,0,0,0,0,0,0,0,0,0,0,0,0,0,0,0,0,0,0,0,0,0,0,0,0,0,0,0,0,0,0,0,0,0,0,0,0,0,0,0,0,0,0,0,0,0,0,0,0,0,0,0,0,0,0,0,0,0,0,0,0,0,0,0,0,0,0,0,0,0,0,0,0,0,0,0,0,0,0,0,0,0,0,0,0,0,0,0,0,0,0,0,0,0,0,0,0,0,0,0,0,0,0,0,0,0,0,0,0,0,0,0,0,0,0,0,0,0,0,0,0,0,0,0,0,0,0,0,0,0,0,0,0,0,0,0,0,0,0,0,0,0,0,0,0,0,0,0,0,0,0,0,0,0,0,0,0,0,0,0,0,0,0,0,0,0,0,0,0,0,0,0,0,0,0,0,0,0,0,0,0,0,0,0,0,0,0,0,0,0,0,0,0,0,0,0,0,0,0,0,0,0,0,0,0,0,0,0,0,0,0,0,0,0,0,0,0,0,0,0,0,0,0,0,0,0,0,0,0,0,0,0,0,0,0,0,0,0,0,0,0,0,0,0,0,0,0,0,0,0,0,0,0,0,0,0,0,0.037041258,-0.27835745,-0.69723326,0.31458375,0.422087,0.1492504,-0.5736777,-0.49592605,0.20336805,-1.4339653,-0.6452594,-0.20217443,-0.20803064,-0.90282804,0.04127655,-0.37184763,-0.4918999,-0.18084109,-0.30057967,-0.45101103,0.8431589,-0.31569076,0.0553942,-0.38319403,0.5029236,-0.7450241,0.6275249,0.23024388,0.3971981,-0.16750777,-0.4014424,0.30491054,0.041590277,0.45508048,0.06376021,0.86485827,0.050531454,0.5856426,0.123002045,0.054975897,0.83128965,1.1039171,0.04451838,0.46145955,0.3378517,-0.430462,-0.24039665,-0.26654044,0.64843994,0.80159026,0.35254452,0.61858374,0.16085826,-0.3172594,0.5474203,0.3640478,-0.30742934,0.05298897,-0.07522018,-0.1694424,-0.4587496,-0.4898607,0.9999171,7.393791e-05,-0.2843705,0.47965562,0.31024387,-0.32337704,0.28127655,0.753538,-0.6005535,-0.16745548,-0.6941483,0.2561785,-0.24217443,-0.44682804,0.7515511,-0.84714174,-0.024501225,0.21382557,0.80545956,-0.29890645,-0.7762921,-0.23349468,-0.5451287,0.06208701,-0.39987376,0.64969486,-0.2604228,-0.45812213,0.72122425,0.12671447,0.21110661,-0.7400045,-0.7567365,-0.023978349,-0.03631822,-0.004056781,0.47259682,0.028936682,-0.29388684,0.31202164,-0.54622674,0.46731576,-0.78340316,-0.37681496,1.0638648,0.2924138,0.25110662,-0.40081495,-0.3592463,0.63965565,-0.7126581,0.5431328,-0.017233253,-0.25362542,-0.10115482,-0.058017567,0.08383864,0.010374592,-0.48029208,0.4558125,-0.26173,0.38114583,-0.23929861,-0.37122017,0.40786478,0.5701132,-0.08374306,0.5359171,0.27834845,0.15066217,-0.090958744,0.24545956,0.9871589,-0.47375613,0.34020466,-0.08086724,-0.5808934,0.15317197,0.47442687,-0.018488154,0.38266218,-0.24379535,0.8394465,-0.0949326,-0.49759927,-0.2452071,-0.54941624,0.14130269,-0.16217443,0.24080597,0.7367537,0.25126347,-0.07877573,-0.086409725,-0.33895874,-0.20076266,0.25779942,-0.9099391,0.38559029,-0.34068424,-0.91846204,-0.1766058,-0.5655731,0.019577205,0.5879432,-0.7517692,0.2116295,0.18407394,0.3359171,0.80545956,0.26956412,0.26240075,-0.09174305,-0.07020057,-0.20290646,-0.20416136,0.1678125,0.14334191,0.42187786,0.34642687,-0.0023835783,0.4549236,0.08164257,-0.31522018,0.16629615,-0.29273653,0.20138113,0.21429616,-0.6291548,-0.16939011,0.35510662,0.145904,0.820623,-0.02701103,-0.12039665,-0.5122398,-0.5068542,-0.16871038,0.3585053,0.14266217,-0.053886846,-0.1471156,-0.27119404,-0.35537705,0.100100085,-0.10946854,-0.70559925,0.02574714,0.63751185,0.2048844,-0.3205535,-0.057651553,0.12927656,-0.16254044,-0.33587378,-0.059115604,-0.53048813,0.03636152,0.20326348,-0.71072346,-0.5012594,-0.6196385,-0.09263194,-0.37644893,-0.66465807,0.48425695,0.54145956,-0.24489339,0.5632112,0.14914583,-0.20285417,-0.03281495,-0.17148162,-0.35903716,0.06621773,0.13157721,0.18224387,-0.04301103,0.08268832,0.29037458,0.564989,0.10768178,-0.8028019,-0.27197835,-0.13838358,-0.09074959,-0.42026594,0.53084517,-0.41440973,0.22710662,-0.7045535,-0.41012213,-0.24959926,0.069250405,-0.23412214,0.07808701,-0.49142933,0.1652504,0.08901511,-0.11244894,-0.2494424,0.17607394,0.08159028,-0.073599264,0.14883211,-0.39443585,-0.009076389,0.07568178,-0.0057299836,-0.0772594,0.15934192,0.05649224,-0.3656254,0.098270014,-0.12410907,-0.32097182,-0.43527246,-0.1185143,0.010949755,0.19881904,0.4066099,0.08629616,-0.040919527,-0.17650123,-0.2800829,0.07976021,0.22020465,0.04566871,0.046662174,0.047289625,0.7465314,0.7110805,0.0633942,0.27494976,-0.25242278,0.0545576,0.22036152,0.8562308,0.0751589,0.6020086,-0.013520833,-0.31569076,-0.08855351,0.63176024,-0.20065808,-0.4629849,0.014191585,0.32911968,0.1749759,0.14072753,-0.28876266,0.10151184,-0.14356005,-0.30329862,0.069721,0.37811315,-0.35030514,-0.8847888,-0.10523325,-0.07103717,-0.69006985,0.39494976,0.5475772,0.33691055,0.18872753,0.12666218,0.14057067,-0.16243586,0.42140728,0.21152492,-0.47527248,-0.073546976,-0.7126581,0.11034845,0.35542035,-0.38005677,-0.52876264,0.25670138,0.6571197,-0.26523325,-0.017442401,0.28420466,-0.101886846,-0.24745548,0.1989759,-0.46769077,-0.9543313,0.04389093,0.5687014,0.08671446,-0.08996528,0.33053145,-0.21838358,-0.30889338,0.2116295,0.09445302,-0.1711679,0.4187929,-0.2920045,-0.36473653,-0.31945547,0.34313276,-0.39610907,-0.70512867,-0.43940318,-0.0064097224,0.71160334,0.23108047,0.7433942,0.5015119,-0.17587377,0.059158906,-0.46983457,-0.4385666,-0.50387377,-0.030200573,0.4090674,-0.20918097,-0.13101102,-0.13341627,0.46987787,0.853721,0.2124138,-0.3084228,0.2608321,-0.061520834,-0.16651429,0.1492504,-0.46272343,-0.06946854,-0.1551679,0.00080596405,0.44922426,-0.027377043,0.41868833,0.1366491,-0.0042136437,0.13827002,0.32498896,0.42663604,0.18443996,0.24132884,0.27285826,0.4928321,-0.38931167,-0.507377,0.27730268,-0.57378227,0.78752494,0.2629759,0.41821772,-0.5907757,-0.2914816,-0.37686723,0.75751185,0.14987786,0.39379942,0.53544647,0.28075367,-0.29101104,-0.7105143,-0.4090764,0.6288321,-0.33686724,0.517721,-0.06157312,-0.30570385,-0.4198999,-0.3471156,-0.91516787,-0.03323325,-0.08688031,0.13769485,-0.2619914,-0.41890645,-0.16635743,0.20378636,-0.20071037,-0.48379534,0.23662296,0.4562308,-0.23689339,0.029198121,-0.49754697,0.17790401,0.33309355,-0.7284489,-0.5411548,-0.36573,-0.024605801,0.71845305,-0.25995222,0.24744649,0.25722426,0.9194988,-0.9442398,0.33215237,0.035315767,-0.2603705,-0.43694568,0.21816544,-0.5277692,-0.8663313,-0.061886847,-0.21127246,0.5590805,0.47677982,-0.329913,-0.033337828,-0.16745548,0.40253145,0.20587786,-0.23464501,-0.27490646,-0.69268423,-0.3926058,-0.0032201798,-0.15203063,0.47291055,-0.51119405,-0.2928411,-0.22638358,-0.032239787,-0.38486725,0.11552492,0.22491054,-0.313913,-0.44975612,-0.34392607,-0.050749592,-0.22235744,0.25089747,0.047341913,0.054975897,0.47275367,0.049015116,0.0764661,-0.94131166,0.41643995,0.36969486,-0.050174426,0.34862295,-0.27056658,0.1661393,-0.50601757,0.44959027,0.2836295,0.11808701,-0.5754555,-0.2570241,0.24012622,-0.5030895,0.15777329,0.9178256,-0.3189326,0.29643995,-0.09399142,-0.41963848,-0.41189992,0.49900204,0.6734334,-0.40515482,0.19416544,0.14867525,-0.37064502,0.31756413,-0.04991299,0.6026883,-0.10847508,-0.46267116,0.5947406,0.061825573,0.058740605,0.29089746,-0.1534424,-0.25556004,-0.2801352,0.18621773,0.61497587,0.00064910133,-0.7040829,0.31714582,1.0480739,-0.10915482,0.17785172,0.12545955,-0.69765157,0.23087132,0.21643995,0.050740603,0.72389096,0.08514583,-0.046566583,0.18559028,-0.4549326,-0.5020437,-0.3614947,0.124256946,0.015237337,-0.1786973,-0.15537705,-0.17336397,0.037773285,-0.46936396,-0.08139011,0.6131981,-0.36703718,-0.29456657,-0.11793914,0.022453023,0.016126225,0.43285826,0.17842688,-0.6575993,0.1459563,0.2912635,0.5459563,-0.29373,0.10663603,-0.030566584,-0.37671039,-0.45770383,-0.33059272,0.06993014,0.13215236,0.5265053,0.34914583,0.44713277,0.01643995,-0.23914175,-0.017599264,0.1336687,-0.17331168,0.6257994,0.093093544,-0.075795345,0.42365563,0.27359027,-0.20682803,0.0103223035,0.026792891,0.05257067,0.43996936,-0.25362542,0.38919812,-0.48923326,0.71500206,-0.104762666,-0.2843182,0.78538114,0.69638765,-0.2779914,-0.6806581,0.25675368,0.38391706,-0.048030637,0.558453,0.23170793,-0.049808417,-0.17587377,0.47421774,0.42067525,-0.46868423,0.46349877,1.0085446,0.5922308,0.88917196,-0.06701103,0.013877859,-0.06225286,-0.031664625,0.15662296,-0.0397692,-0.0313509,0.5594465,0.25732884,-0.40494567,0.48776022,0.56300205,0.2596295,0.30898896,0.015341911,-0.095194034,-0.41435742,-0.09237051,-0.6312463,-0.08363848,-0.64128554,-0.2733901,-0.34957314,0.46647915,0.4015903,-0.534828,0.665538,0.067629494,0.36122426,0.47008702,0.15034845,0.09460989,0.10135499,0.0903223,0.25047916,0.008073938,-0.6785143,-0.26722017,-0.16546854,-0.33352083,0.17481904,-0.08562541,0.022557598,0.3757602,0.033381127,-0.40620056,-0.20384763,-0.21022671,-0.22105025,-0.5151156,-0.015403186,-0.8116385,0.4798125,-0.03736397,-0.55532473,0.19019158,-0.3366581,-0.18863195,0.31003472,0.27651837,0.10443995,-0.92980844,0.21612622,0.2689367,0.099786356,0.2086491,-0.87610906,-0.3176777,0.06391708,-0.23354697,0.016335376,-0.04923325,-0.12008292,-0.40975612,-0.09006985,0.2709236,-0.11647508,-0.13739012,-0.16128553,-0.3399522,-0.38125938,-0.0721875,0.002060866,-0.39840972,0.014975899,-0.014305147,0.11573407,0.5475772,-0.019795343,-0.019533906,0.12995629,-0.14784764,-0.05033129,-0.033546977,0.00017851307,-0.6754816,-0.17759927,-0.020213643,0.09847917,0.28059682,0.5630543,-0.045311682,-0.6752202,0.25257066,-0.04259273,0.83500206,0.27202165,-0.1976777,-0.5072725,-0.100631945,0.23212622,0.5139563,-0.09106332,-0.20175613,0.23019159,0.45466217,-0.18371691,-0.10988685,0.07970793,0.57220465,0.11960335,0.032335375,0.29100204,-0.35328555,0.4187929,-0.2751156,-0.051899917,0.09492361,0.10349877,0.8197341,-0.3328411,-0.021050245,-0.34481496,0.33068833,-0.53817445,0.34334192,0.2103223,-0.09273652,0.1884661,0.17136806,0.38344648,0.21361642,0.15034845,0.44556412,-0.20688032,0.20498897,0.93063605,-0.032344364,-0.11856659,-0.2687365,-0.37085417,0.19651838,0.018270016,-0.25482804,0.33298898,-0.14852737,-0.17331168,0.4961785,-0.67124635,0.47353798,0.12953798,0.10443995,0.581355,0.058165442,-0.09587377,0.43887132,-0.621364,0.39834845,0.24049224,0.015185049,-0.24494568,0.2048844,0.14815237,-0.029102532,0.5294857,-0.1155339,0.68289745,-0.67490643,-0.40421364,0.26789093,-0.08724632,0.12326348,0.19719812,0.52838767,-0.11108946,-0.36672345,-0.04149469,0.25011316,-0.12682803,-0.057546977,0.41921118,-0.3337823,-0.46831822,0.019524919,0.2031589,-0.43710253,0.5025576,-0.58816135,-0.0961875,0.02511969,-1.0358999,-0.19250123,0.281904,-0.5382267,-0.5635339,-0.24719404,-0.5018346,-0.41519403,-0.23746854,-0.07281495,0.12540728,0.048805963,-0.4154032,-0.36588684,-0.14010906,0.4705576,-0.4473509,0.03332884,-0.40766463,-0.5751417,-0.44552085,0.06611315,-0.24766463,-0.5545927,0.2647014,0.12389093,0.20425695,-0.60965157,-0.19349469,0.1770674,-0.023716912,-0.116109066,0.17863603,0.02836152,-0.07349469,0.26396936,-0.49801758,-0.46936396,-0.07877573,-0.29963848,-0.2246058,0.4266883,-0.09859273,-0.3875862,-0.19459273,0.18062295,-0.49759927,0.45727655,-0.08431822,0.10475367,0.39092362,-0.33420056,-0.30261886,-0.31061888,0.09764256,0.17962949,-0.48489338,0.19395629,0.020309232,-0.374096,-0.45984763,0.10747263,0.35918504,-0.10978227,-0.21979535,-0.2890241,-0.1917692,0.119132765,0.185904,-0.5203444,0.6489105,0.15604779,0.44519812,0.071080476,-0.008710376,-0.061311685,-0.041756127,0.006400735,-0.51924634,-0.4772071,-0.40876266,0.1653027,-0.13686724,-0.07046201,0.105904005,-0.3387496,0.43040073,0.301721,0.05199551,-0.44379535,-0.21393913,0.17905433,0.3700086,0.22694975,-0.31888032,-0.22026592,0.58339417,-0.021050245,-0.009442402,-0.3143313,0.33853146,0.1547406,0.50067526,0.96044,-0.6142006,0.3565184,0.5763354,-0.1989326,0.6908452,-0.3967888,-0.09383456,-0.2801875,-0.18789992,-0.2743313,0.4609367,0.21816544,0.32660988,-0.01838358,-0.2684751,0.22747263,-0.07882802,-0.3341483,-0.39182147,-0.21388684,0.21403472,-0.3248934,0.10187786,-0.39746854,-0.71103716,-0.03281495,-0.44871038,0.100832105,-0.085834555,-0.16384763,0.25351185,-0.15119404,-0.35124633,0.012413807,-0.1172594,-0.061729982,-0.13765155,0.3850674,-0.102252856,-0.13733783,-0.06826593,-0.16227901,0.16896282,0.16749877,-0.28254044,-0.11401757,0.20425695,0.12457067,-0.33906332,-0.16855352,0.3392112,-0.02157312,-0.12133782,0.43364257,-0.19783457,0.019524919,0.12159028,0.13654453,-0.52834433,-0.32881495,-0.0015992647,0.23379943,0.07672753,0.1459563,0.081171975,-0.32044894,-0.12243587,-0.2140437,0.32932884,0.46642688,0.20681904,0.6489105,0.17424387,-0.11778227,-0.18727247,-0.08332475,-0.19631822,-0.2241352,0.09194322,0.21304126,0.46987787,-0.39119405,-0.13404371,-0.24050122,-0.30737704,-0.6150895,0.32289746,0.12629616,-0.0574424,0.11165564,0.36070138,-1.3799522,-0.6747496,-0.7329457,1.5493027,-1.3491025,-0.4111679,-1.3303835,0.11777329,-0.2642398,1.0598387,1.7466884,-0.6963444,-0.18146855,1.603734,-1.0075078,1.2605184,0.68603474,-1.185181,-0.9202398,-1.8572333,-0.69838357,-0.14146854,-0.99286723,-0.17644894,1.2538779,1.40844,0.3088321,1.6890674,0.43547264,-1.2349588,-1.3587757,-1.2397692,-1.2136776,1.4668452,0.23787786,-1.6333901,0.0012765523,-1.191926,1.8167536,1.9380609,0.02747263,1.4290413,-1.2939914,0.06966871,-0.14110254,0.92666215,-1.0275339,0.845721,-1.6938345,1.2671589,1.414453,-1.2031156,1.4401262,0.809538,-1.2774686,0.25126347,0.88284516,1.7534335,1.617904,-0.12708946,0.98193014,1.7562046,-1.2698345,1.6782439,-1.1239522,-1.6485535,1.2407014,-1.508266,-0.5155339,1.2478125,-1.6256516,1.2537733,-0.07856659,1.2352635,1.4004922,1.8230804,-1.3251026,0.72854453,-0.3601352,0.27228308,-1.6049457,1.1274465,-0.7052333,-0.4578607,-0.9142267,0.95275366,-0.20797835,1.4936165,1.5881001,0.98825693,-1.3626974,-0.7882137,-1.0437953,-1.2078738,-1.4982268,-0.16996528,0.30449224,0.16681904,1.2839955,-1.3516647,0.8786099,1.0721785,1.3128582,1.3170413,-0.24400449,-0.7496777,0.5645184,-1.3304882,0.2945576,-1.7806319,1.4576426,1.2222961,-1.7834032,1.5772243,1.7274988,1.6592635,-0.14722018,1.6296687,-1.6258084,0.73387784,-0.33054045,-0.121965274,1.1738778,1.6101655,0.3741393,1.0443615,1.8373027,0.6648582,
0,0,0,0,0,0,0,0,0,0,0,0,0,0,0,1,0,0,1,0,0,0,0,0,0,0,0,0,0,0,0,0,0,0,0,0,0,0,0,0,0,0,0,0,0,0,0,0,0,0,0,0,0,0,0,0,0,0,0,0,0,0,0,0,0,0,0,0,0,0,0,0,0,0,0,0,0,0,0,0,0,0,0,0,0,0,0,0,0,0,0,0,0,0,0,0,1,0,0,0,0,0,0,0,0,0,0,0,0,0,0,0,0,0,0,0,0,0,0,0,0,0,0,0,0,0,0,0,0,0,0,0,0,0,0,0,0,0,0,0,0,0,0,0,0,0,0,0,0,0,0,0,0,0,0,0,0,0,0,0,0,0,0,0,0,0,0,0,0,0,0,0,0,0,0,0,0,0,0,0,0,0,0,0,0,0,0,0,0,0,0,0,0,0,0,0,0,0,0,0,0,0,0,0,0,0,0,0,0,0,0,0,0,0,0,0,0,0,0,0,0,0,0,0,0,0,0,0,0,0,0,0,0,0,0,0,0,0,0,0,0,0,0,0,0,0,0,0,0,0,0,0,0,0,0,0,0,0,0,0,0,0,0,0,0,0,0,0,0,0,0,0,0,0,0,0,0,0,0,0,0,0,0,0,0,0,0,0,0,0,0,0,0,0,0,0,0,0,0,0,0,0,0,0,0,0,0,0,0,0,0,0,0,0,0,0,0,0,0,0,0,0,0,0,0,0,0,0,0,0,0,0,0,0,0,0,0,0,0,0,0,0,0,0,0,0,0,0,0,0,0,0,0,0,0,0,0,0,0,0,0,0,0,0,0,0,0,0,0,0,0,0,0,0,0,0,0,0,0,0,0,0,0,0,0,0,0,0,0,0,0,0,0,0,0,0,0,0,0,0,0,0,0,0,0,0,0,0,0,0,0,0,0,0,0,0,0,0,0,0,0,0,0,0,0,0,0,0,0,0,0,0,0,0,0,0,0,0,0,0,0,0,0,0,0,0,0,0,0,0,0,0,0,0,0,0,0,0,0,0,0,0,0,1,0,0,0,0,0,0,0,0,0,0,0,0,0,0,0,0,0,0,0,0,0,0,0,0,0,0,0,0,0,0,0,0,0,0,0,0,0,0,0,0,0,0,0,0,0,0,0,0,0,0,0,0,0,0,0,0,0,0,0,0,0,0,0,0,0,0,0,0,0,0,0,0,0,0,0,0,0,0,0,0,0,0,0,0,0,0,0,0,0,0,0,0,0,0,0,0,0,0,0,0,0,0,0,0,0,0,0,0,0,0,0,0,0,0,0,0,0,0,0,0,0,0,0,0,0,0,0,0,0,0,0,0,0,0,0,0,0,0,0,0,0,0,0,0,0,0,0,0,0,0,0,0,0,0,0,0,0,0,0,0,0,0,0,0,0,0,0,0,0,0,0,0,0,0,0,0,0,0,0,0,0,0,0,0,0,0,0,0,0,0,0,0,0,0,0,0,0,0,0,0,0,0,0,0,0,0,0,0,0,0,0,0,0,0,0,0,0,0,0,0,0,0,0,0,0,0,0,0,0,0,0,0,0,0,0,0,0,0,0,0,0,0,0,0,1,0,0,0,0,0,0,0,0,0,0,0,0,0,0,0,0,0,0,0,0,0,0,0,0,0,0,0,0,0,0,0,0,0,0,0,0,0,0,0,0,0,0,0,0,0,0,0,0,0,0,0,0,0,0,0,0,0,0,0,0,0,0,0,0,0,0,0,0,0,0,0,0,0,0,0,0,0,0,0,0,0,0,0,0,0,0,0,0,0,0,0,0,0,0,0,0,0,0,0,0,0,0,0,0,0,0,0,0,0,0,0,0,0,0,0,0,0,0,0,0,0,0,0,0,0,0,0,0,0,0,0,0,0,0,0,0,0,0,0,0,0,0,0,0,0,0,0,0,0,0,0,0,0,0,0,0,0,0,0,0,0,0,0,0,0,0,0,0,0,0,0,0,0,0,0,0,0,0,0,0,0,0,0,0,0,0,0,0,0,0,0,0,0,0,0,0,0,0,0,0,0,0,0,0,0,0,0,0,0,0,0,0,0,0,0,0,0,0,0,0,0,0,0,0,0,0,0,0,0,0,0,0,0,0,0,0,0,0,0,0,0,0,0,0,0,0,0,0,0,0,0,0,0,0,0,0,0,0,0,0,0,0,0,0,0,0,0,0,0,0,0,0,0,0,0,0,0,0,0,0,0,0,0,0,0,0,0,0,0,0,0,0,0,0,0,0,0,0,0,0,0,0,0,0,0,0,0,0,0,0,0,0,0,0,0,0,0,0,0,0,0,0,0,0,0,0,0,0,0,0,0,0,0,0,0,0,0,0,0,0,0,0,0,0,0,0,0,0,0,0,0,0,0,0,0,0,0,0,0,0,0,0,0,0,0,0,0,0,0,0,0,0,0,0,0,0,0,0,0,0,0,0,0,0,0,0,0,0,0,0,0,0,0,0,0,0,0,0,0,0,0,0,0,0,0,0,0,0,0,0,0,0,0,0,0,0,0,0,0,0,0,0,0,0,0,0,0,0,0,0,0,0,0,0,0,0,0,0,0,0,0,0,0,0,0,0,0,0,0,0,0,0,0,0,0,0,0,0,0,0,0,0,0,0,0,0,0,0,0,0,0,0,0,0,0,0,0,0,0,0,0,0,0,0,0,0,0,0,0,0,0,0,0,0,0,0,0,0,0,0,0,0,0,0,0,0,0,0,0,0,0,0,0,0,0,0,0,0,0,0,0,0,0,0,0,0,0,0,0,0,0,0,0,0,0,0,0,0,0,0,0,0,0,0,0,0,0,0,0,0,0,0,0,0,0,0,0,0,0,0,0,0,0,0,0,0,0,0,0,0,0,0,0,0,0,0,0,0,0,0,0,0,0,0,0,0,0,0,0,0,0,0,0,0,0,0,0,0,0,0,0,0,0,0,0,0,0,0,0,0,0,0,0,0,0,0,0,0,0,0,0,0,0,0,0,0,0,0,0,0,0,0,0,0,0,0,0,0,0,0,0,0,0,0,0,0,0,0,0,0,0,0,0,0,0,0,0,0,0,0,0,0,0,0,0,0,0,0,0,0,0,0,0,0,0,0,0,0,0,0,0,0,0,0,0,0,0,0,0,0,0,0,0,0,0,0,0,0,0,0,0,0,0,0,0,0,0,0,0,0,0,0,0,0,0,0,0,0,0,0,0,0,0,0,0,0,0,0,0,0,0,0,0,0,0,0,0,0,0,0,0,0,0,0,0,0,0,0,0,0,0,0,0,0,0,0,0,0,0,0,0,0,0,0,0,0,0,0,0,0,0,0,0,0,0,0,0,0,0,0,0,0,0,0,0,0,0,0,0,0,0,0,0,0,0,0,0,0,0,0,0,0,0,0,0,0,0,0,0,0,0,0,0,0,0,0,0,0,0,0,0,0,0,0,0,0,0,0,0,0,0,0,0,0,0,0,0,0,0,0,0,0,0,0,0,0,0,0,0,0,0,0,0,0,0,0,0,0,0,0,0,0,0,0,0,0,0,0,0,0,0,0,0,0,0,0,0,0,0,0,0,0,0,0,0,0,0,0,0,0,0,0,0,0,0,0,0,0,0,0,0,0,0,0,0,0,0,0,0,0,0,0,0,0,0,0,0,0,0,0,0,0,0,0,0,0,0,0,0,0,0,0,0,0,0,0,0,0,0,0,0,0,0,0,0,0,0,0,0,0,0,0,0,0,0,0,0,0,0,0,0,0,0,0,0,0,0,0,0,0,0,0,0,0,0,0,0,0,0,0,0,0,0,0,0,0,0,0,0,0,0,0,0,0,0,0,0,0,0,0,0,0,0,0,0,0,0,0,0,0,0,0,0,0,0,0,0,0,0,0,0,0,0,0,0,0,0,0,0,0,0,0,0,0,0,0,0,0,0,0,0,0,0,0,0,0,0,0,0,0,0,0,0,0,0,0,0,0,0,0,0,0,0,0,0,0,0,0,0,0,0,0,0,0,0,0,0,0,0,0,0,0,0,0,0,0,0,0,0,0,0,0,0,0,0,0,0,0,0,0,0,0,0,0,0,0,0,0,0,0,0,0,0,0,0,0,0,0,0,0,0,0,0,0,0,0,0,0,0,0,0,0,0,0,0,0,0,0,0,0,0,0,0,0,0,0,0,0,0,0,0,0,0,0,0,0,0,0,0,0,0,0,0,0,0,0,0,0,0,0,0,0,0,0,0,0,0,0,0,0,0,0,0,0,0,0,0,0,0,0,0,0,0,0,0,0,0,0,0,0,0,0,0,0,0,0,0,0,0,0,0,0,0,0,0,0,0,0,0,0,0,0,0,0,0,0,0,0,0,0,0,0,0,0,0,0,0,0,0,0,0,0,0,0,0,0,0,0,0,0,0,0,0,0,0,0,0,0,0,0,0,0,0,0,0,0,0,0,0,0,0,0,0,0,0,0,0,0,0,0,0,0,0,0,0,0,0,0,0,0,0,0,0,0,0,0,0,0,0,0,0,0,0,0,0,0,0,0,0,0,0,0,0,0,0,0,0,0,0,0,0,0,0,0,0,0,0,0,0,0,0,0,0,0,0,0,0,0,0,0,0,0,0,0,0,0,0,0,0,0,0,0,0,0,0,0,0,0,0,0,0,0,0,0,0,0,0,0,0,0,0,0,0,0,0,0,0,0,0,0,0,0,0,0,0,0,0,0,0,0,0,0,0,0,0,0,0,0,0,0,0,0,0,0,0,0,0,0,0,0,0,0,0,0,0,0,0,0,0,0,0,0,0,0,0,0,0,0,0,0,0,0,0,0,0,0,0,0,0,0,0,0,0,0,0,0,0,0,0,0,0,0,0,0,0,0,0,0,0,0,0,0,0,0,0,0,0,0,0,0,0,0,0,0,0,0,0,0,0,0,0,0,0,0,0,0,0,0,0,0,0,0,0,0,0,0,0,0,0,0,0,0,0,0,0,0,0,0,0,0,0,0,0,0,0,0,0,0,0,0,0,0,0,0,0,0,0,0,0,0,0,0,0,0,0,0,0,0,0,0,0,0,0,0,0,0,0,0,0,0,0,0,0,0,0,0,0,0,0,0,0,0,0,0,0,0,0,0,0,0,0,0,0,0,0,0,0,0,0,0,0,0,0,0,0,0,0,0,0,0,0,0,0,0,0,0,0,0,0,0,0,0,0,0,0,0,0,0,0,0,0,0,0,0,0,0,0,0,0,0,0,0,0,0,0,0,0,0,0,0,0,0,0,0,0,0,0,0,0,0,0,0,0,0,0,0,0,0,0,0,0,0,0,0,0,0,0,0,0,0,0,0,0,0,0,0,0,0,0,0,0,0,0,0,0,0,0,0,0,0,0,0,0,0,0,0,0,0,0,0,0,0,0,0,0,0,0,0,0,0,0,0,0,0,0,0,0,0,0,0,0,0,0,0,0,0,0,0,0,0,0,0,0,0,0,0,0,0,0,0,0,0,0,0,0,0,0,0,0,0,0,0,0,0,0,0,0,0,0,0,0,0,0,0,0,0,0,0,0,0,0,0,0,0,0,0,0,0,0,0,0,0,0,0,0,0,0,0,0,0,0,0,0,0,0,0,0,0,0,0,0,0,0,0,0,0,0,0,0,0,0,0,0,0,0,0,0,0,0,0,0,0,0,0,0,0,0,0,0,0,0,0,0,0,0,0,0,0,0,0,0,0,0,0,0,0,0,0,0,0,0,0,0,0,0,0,0,0,0,0,0,0,0,0,0,0,0,0,0,0,0,0,0,0,0,0,0,0,0,0,0,0,0,0,0,0,0,0,0,0,0,0,0,0,0,0,0,0,0,0,0,0,0,0,0,0,0,0,0,0,0,0,0,0,0,0,0,0,0,0,0,0,0,0,0,0,0,0,0,0,0,0,0,0,0,0,0,0,0,0,0,0,0,0,0,0,0,0,0,0,0,0,0,0,0,0,0,0,0,0,0,0,0,0,0,0,0,0,0,0,0,0,0,0,0,0,0,0,0,0,0,0,0,0,0,0,0,0,0,0,0,0,0,0,0,0,0,0,0,0,0,0,0,0,0,0,0,0,0,0,0,0,0,0,0,0,0,0,0,0,0,0,0,0,0,0,0,0,0,0,0,0,0,0,0,0,0,0,0,0,0,0,0,0,0,0,0,0,0,0,0,0,0,0,0,0,0,0,0,0,0,0,0,0,0,0,0,0,0,0,0,0,0,0,0,0,0,0,0,0,0,0,0,0,0,0,0,0,0,0,0,0,0,0,0,0,0,0,0,0,0,0,0,0,0,0,0,0,0,0,0,0,0,0,0,0,0,0,0,0,0,0,0,0,0,0,0,0,0,0,0,0,0,0,0,0,0,0,0,0,0,0,0,0,0,0,0,0,0,0,0,0,0,0,0,0,0,0,0,0,0,0,0,0,0,0,0,0,0,0,0,0,0,0,0,0,0,0,0,0,0,0,0,0,0,0,0,0,0,0,0,0,0,0,0,0,0,0,0,0,0,0,0,0,0,0,0,0,0,0,0,0,0,0,0,0,0,0,0,0,0,0,0,0,0,0,0,0,0,0,0,0,0,0,0,0,0,0,0,0,0,0,0,0,0,0,0,0,0,0,0,0,0,0,0,0,0,0,0,0,0,0,0,0,0,0,0,0,0,0,0,0,0,0,0,0,0,0,0,0,0,0,0,0,0,0,0,0,0,0,0,0,0,0,0,0,0,0,0,0,0,0,0,0,0,0,0,0,0,0,0,0,0,0,0,0,0,0,0,0,0,0,0,0,0,0,0,0,0,0,0,0,0,0,0,0,0,0,0,0,0,0,0,0,0,0,0,0,0,0,0,0,0,0,0,0,0,0,0,0,0,0,0,0,0,0,0,0,0,0,0,0,0,0,0,0,0,0,0,0,0,0,0,0,0,0,0,0,0,0,0,0,0,0,0,0,0,0,0,0,0,0,0,0,0,0,0,0,0,0,0,0,0,0,0,0,0,0,0,0,0,0,0,0,0,0,0,0,0,0,0,0,0,0,0,0,0,0,0,0,0,0,0,0,0,0,0,0,0,0,0,0,0,0,0,0,0,0,0,0,0,0,0,0,0,0,0,0,0,0,0,0,0,0,0,0,0,0,0,0,0,0,0,0,0,0,0,0,0,0,0,0,0,0,0,0,0,0,0,0,0,0,0,0,0,0,0,0,0,0,0,0,0,0,0,0,0,0,0,0,0,0,0,0,0,0,0,0,0,0,0,0,0,0,0,0,0,0,0,0,0,0,0,0,0,0,0,0,0,0,0,0,0,0,0,0,0,0,0,0,0,0,0,0,0,0,0,0,0,0,0,0,0,0,0,0,0,0,0,0,0,0,0,0,0,0,0,0,0,0,0,0,0,0,0,0,0,0,0,0,0,0,0,0,0,0,0,0,0,0,0,0,0,0,0,0,0,0,0,0,0,0,0,0,0,0,0,0,0,0,0,0,0,0,0,0,0,0,0,0,0,0,0,0,0,0,0,0,0,0,0,0,0,0,0,0,0,0,0,0,0,0,0,0,0,0,0,0,0,0,0,0,0,0,0,0,0,0,0,0,0,0,0,0,0,0,0,0,0,0,0,0,0,0,0,0,0,0,0,0,0,0,0,0,0,0,0,0,0,0,0,0,0,0,0,0,0,0,0,0,0,0,0,0,0,0,0,0,0,0,0,0,0,0,0,0,0,0,0,0,0,0,0,0,0,0,0,0,0,0,0,0,0,0,0,0,0,0,0,0,0,0,0,0,0,0,0,0,0,0,0,0,0,0,0,0,0,0,0,0,0,0,0,0,0,0,0,0,0,0,0,0,0,0,0,0,0,0,0,0,0,0,0,0,0,0,0,0,0,0,0,0,0,0,0,0,0,0,0,0,0,0,0,0,0,0,0,0,0,0,0,0,0,0,0,0,0,0,0,0,0,0,0,0,0,0,0,0,0,0,0,0,0,0,0,0,0,0,0,0,0,0,0,0,0,0,0,0,0,0,0,0,0,0,0,0,0,0,0,0,0,0,0,0,0,0,0,0,0,0,0,0,0,0,0,0,0,0,0,0,0,0,0,0,0,0,0,0,0,0,0,0,0,0,0,0,0,0,0,0,0,0,0,0,0,0,0,0,0,0,0,0,0,0,0,0,0,0,0,0,0,0,0,0,0,0,0,0,0,0,0,0,0,0,0,0,0,0,0,0,0,0,0,0,0,0,0,0,0,0,0,0,0,0,0,0,0,0,0,0,0,0,0,0,0,0,0,0,0,0,0,0,0,0,0,0,0,0,0,0,0,0,0,0,0,0,0,0,0,0,0,0,0,0,0,0,0,0,0,0,0,0,0,0,0,0,0,0,0,0,0,0,0,0,0,0,0,0,0,0,0,0,0,0,0,0,0,0,0,0,0,0,0,0,0,0,0,0,0,0,0,0,0,0,0,0,0,0,0,0,0,0,0,0,0,0,0,0,0,0,0,0,0,0,0,0,0,0,0,0,0,0,0,0,0,0,0,0,0,0,0,0,0,0,0,0,0,0,0,0,0,0,0,0,0,0,0,0,0,0,0,0,0,0,0,0,0,0,0,0,0,0,0,0,0,0,0,0,0,0,0,0,0,0,0,0,0,0,0,0,0,0,0,0,0,0,0,0,0,0,0,0,0,1.0008583,1.0489105,-0.6090241,0.00049223856,-0.050749592,0.1282308,0.34229615,-0.098017566,0.39568177,-1.0056777,0.6676295,-0.21305025,0.14689746,0.6798125,0.010740604,-0.12149469,-0.90972996,0.69837457,0.5722569,0.7238386,-0.7037692,0.14966871,0.33769485,-0.13080189,0.63374716,-0.15741625,1.6665314,0.05560335,-0.16264501,-0.54005677,-1.495351,1.0042046,-0.7870633,-1.2556646,-1.0863051,0.22370793,1.1545315,-0.36918098,-0.40980843,0.79542035,0.18318506,-0.5225927,-0.57336396,0.49094975,0.55427,0.8774596,0.15536806,1.3460609,-0.6829587,-0.015455474,-0.2709849,-1.633547,-0.2170241,-0.99359924,1.1293812,1.1396295,-0.9225927,0.02642688,0.36603472,-0.12358619,0.6348975,-1.2607888,0.7557341,1.6914726,-0.94821364,0.4069759,-0.09399142,-0.011377042,-1.2799784,0.13973407,1.8233942,-0.226279,0.95317197,1.4020085,-0.37305024,-0.9307496,0.11876675,1.5152112,-1.3034555,1.2859302,-1.7207104,-0.5728411,1.3540086,-0.5058084,1.5964139,0.9090413,-0.1559522,-1.487926,-0.8103313,0.6497994,-0.82141626,0.08200858,-0.25106332,0.27332884,-1.0167626,0.8991066,0.8756295,-1.5525012,1.4885968,0.63866216,0.9787929,-0.6179653,-1.2835861,-1.3628541,1.624649,-0.5336254,-1.9343052,-1.1537561,-0.35323325,-0.40708947,-0.8770502,-1.129547,0.9335641,-0.48792607,-1.3028803,-0.7437692,-1.7525012,-0.59992605,-1.2124751,-0.37759927,-0.350096,-0.19046201,-0.5299653,-1.1252594,-0.4310372,-1.4942528,1.5906099,0.64959025,1.0084922,-0.8286842,-0.06732476,0.030348448,-1.8192202,1.2859825,-0.46570385,0.18637459,1.116257,0.27343342,-0.9156908,1.8708713,-0.92217445,0.7087798,-1.5492071,1.4461393,-0.7311679,-0.6521091,0.7737733,0.16765563,-1.1183574,1.6540871,-1.0355862,0.97000855,-1.7519784,-0.49341625,1.3593419,-0.035272468,-0.87574303,1.0089629,-0.92410904,0.47202164,-1.1015731,-0.61854047,-0.08081495,-0.15804371,-1.5623313,0.84132886,-1.8365797,1.2534072,1.7272373,-0.5736777,1.2157079,0.081067406,1.2973288,0.3619563,1.7629497,1.6258518,0.7044922,0.2204138,0.9285968,-0.5723705,-1.4821744,-0.506279,-0.29566464,1.2905314,1.4605184,-0.8545666,1.509355,-0.2573901,-1.5389588,-0.016658088,-0.8753247,-0.921547,-0.18099795,0.28807393,0.33952492,-0.5789065,-1.3659915,-0.4587496,-0.8830633,-1.1506189,-0.8787757,-0.8591679,-0.4836385,-0.90314174,-0.81221366,-1.3572594,-0.79082805,0.79630923,-1.0390372,-0.30267116,-0.6134685,-1.1583052,-0.97603065,0.082113154,0.62627,-1.0208411,-0.29425287,0.93753797,1.0024269,-0.31234437,-0.75208294,0.07134191,-0.44044894,-1.1710633,-0.8182267,0.09089747,0.3383223,-0.55600446,1.3317341,-1.1117169,0.15955107,0.6511066,0.8296164,-0.06722018,0.6047275,-0.6367888,-0.18972999,-0.90539014,-0.019167893,-0.7590372,0.33910662,0.9287014,0.43076676,-0.6450502,-1.312815,-1.1272464,-0.9020437,-0.07956005,0.5228975,0.55123734,0.72535497,-0.53817445,0.75374717,-1.3077953,0.63291055,1.2335902,0.54794323,0.577172,1.0812243,-1.5042398,0.7011981,0.3299563,-1.7047104,-1.3691809,-0.020788807,1.7683353,1.0110021,1.1367013,0.5658256,-0.30674958,-0.7059653,0.4532504,-1.5139652,-1.267011,0.1875772,-0.74680185,1.2334334,-0.7252071,-0.39485416,-0.0873509,1.1226361,1.044989,-0.54225284,-0.0477692,0.6674203,0.16127655,0.72849226,0.15531577,-0.79846203,1.4133027,-0.43569076,-0.7642136,-0.22549468,-0.9078999,-0.99182147,-0.5733117,-0.9589326,1.3821915,1.0427406,1.4405445,1.0665314,1.6426883,-1.1750371,1.5676557,0.08101512,-0.6098084,-0.87495875,-0.2986973,-0.65012217,-0.32834437,0.31317198,0.16807394,-1.7741482,-0.7702267,1.5593942,-0.021468546,0.2705053,0.98407394,-0.18319404,1.5696425,-0.9858607,0.15918505,-1.361181,0.8969628,0.45638767,-0.7122921,0.26909354,-1.0647627,-0.4132071,-1.7816777,1.0887014,0.8542439,0.81638765,-0.7390633,0.15359028,0.83317196,-1.0481875,1.8117864,1.6197864,-1.0995339,-1.6798738,-0.16578227,-1.0100175,0.20708047,0.73628306,0.9340347,-0.039403185,1.356257,0.16828309,-0.64970386,-0.20159927,0.6411197,-0.6436385,-1.7347758,-0.9108803,-0.106069855,-0.57294565,-0.058854166,-0.40719405,0.9430805,0.41027,0.42140728,1.8468714,0.26627,-0.5118738,-0.12243587,1.2265315,-0.9919261,0.3386883,1.7479955,-1.2570764,-1.233913,1.553538,-1.2993248,0.8362569,1.4371458,-0.5052332,1.5911328,-1.3178346,-0.7900437,-1.2402397,0.23301512,-0.29006985,-0.3361875,0.6330674,-1.6511157,1.4552896,0.2161785,-1.4482398,-0.17435743,-0.37122017,1.5015641,-0.68274957,0.06773407,-0.5768672,1.3825576,0.079237334,-0.78857964,-1.1443443,-0.1601875,-1.726096,1.2254857,1.0249628,0.40462297,1.8625053,0.44091055,-0.49623978,1.4266883,0.42030925,1.310087,0.29100204,0.95285827,1.3520217,0.35332885,1.5002569,0.46276674,-0.38685417,-1.0062006,-1.5133379,0.27280596,-1.4931548,1.2991589,-1.1283966,-0.6552986,0.37011316,-1.1683444,0.66349876,-1.6581744,-1.2545666,-1.1693901,-1.2731286,0.014243873,1.4104269,1.4861916,1.2266883,1.016074,0.24687132,0.31327656,-0.37812215,-0.48139012,-1.1563705,0.6563877,1.2985837,0.1951589,0.28927654,0.076309234,0.6849367,0.6634465,1.3795772,-0.92463195,0.5593419,1.6416949,-0.085102536,-1.8717692,-0.9369195,1.2084923,0.22114584,0.6621393,-1.3701222,1.0708714,-1.1687627,-0.92761236,1.6429497,-1.6343836,-0.42497182,1.0774596,-1.8240306,-0.6258607,-0.6183836,0.37351185,0.81293666,0.15557721,-0.22345547,1.0242308,0.37429616,1.5177209,-0.6529457,-0.81064504,-0.6727627,0.20185171,-0.29979533,-1.0325012,-0.063246325,-1.0857823,0.66491055,-1.1842921,1.259734,1.598819,1.0104269,-1.1565274,-0.13095874,-0.6782529,0.41983864,0.19677982,0.8389759,1.7730412,1.0159171,1.3018779,-0.86146855,-0.48552084,0.0030543301,0.27908048,1.0181131,1.526819,-1.511194,0.43176022,0.6011197,0.5534857,-0.7642136,-1.3542267,0.96368176,1.1202831,0.53199553,-1.8227234,-0.45812213,0.19620466,1.6455641,-0.6874555,1.2267406,1.7843354,1.621721,-0.90340316,1.040074,0.22334191,0.8916295,-1.651011,-1.0998999,-0.95992607,0.745538,-0.36933783,0.3113419,0.37204778,-1.1263574,-0.49650124,0.8721262,-1.5608672,-0.79370385,0.3030282,-1.0594816,-1.4885535,-0.71532476,-1.4030633,0.6873942,-0.84369075,-0.005677696,0.94015235,-0.23417443,1.5581393,-1.187011,-1.1837692,-0.8291025,-0.9849718,-1.6481875,0.9315772,-1.0425928,-0.3634816,0.04718505,-1.0614686,1.2260085,-1.1209196,1.3812504,-1.2153509,-0.15223978,-0.16682802,1.0085968,-0.28939012,0.47756413,-0.5595078,-0.47103718,1.6379302,1.0294596,-0.52588683,-1.630828,0.48875368,-0.42094567,-1.0737561,-0.7229065,-1.631717,0.66564256,0.660989,-1.297181,-1.4034294,-0.7738346,0.653721,0.41142035,0.8250151,-0.37048817,-1.0802921,0.38308048,1.1220609,0.44587785,-0.60306334,-1.1080568,0.9568321,-1.4231417,0.2870282,-1.7306973,0.80164254,0.91359025,-0.23652737,0.6873942,-1.6245536,0.3294334,-0.7914032,-0.16274959,-0.43422672,-1.102096,1.7083615,-0.2288411,0.8785576,0.46015236,0.8572243,1.4212505,-0.39783457,1.0281001,0.4924661,1.140257,0.5700086,-0.3361352,0.5724138,-0.7950633,1.107891,1.466793,-0.30952084,0.4032112,-0.08787377,-0.12112868,0.7971981,0.7101916,-1.2904881,-0.97184765,1.1666622,-1.1750371,0.8394465,1.5881524,0.024283089,-0.9999261,-1.041547,0.85126346,0.24802165,1.1472112,0.48352492,-0.08254044,0.63160336,-0.37984762,-0.02591299,1.01027,-1.1299653,1.2418517,1.1574596,0.6512112,-0.7510372,-0.47140318,-1.3016777,-1.579377,-0.32834437,0.6263746,-0.021468546,0.5508713,-0.9925012,-1.5909326,-0.77425283,0.7979301,1.5074726,0.77142036,0.55081904,-0.3403705,-0.7446058,0.10067525,0.21047917,-0.07663194,0.18193014,1.0696687,-0.5742006,0.22004779,-0.5385404,0.76227003,-0.74005675,-0.38648814,0.45487133,0.16938113,0.50700206,-0.6125274,1.4435772,-0.69268423,-0.938645,0.71860987,0.7304792,0.21183865,-1.2303052,-1.3032986,0.0814857,-0.57383454,-0.67542934,0.91913277,-0.418279,-0.25995222,-0.16337705,-0.6177561,-1.4283183,0.17068832,-1.4295208,0.059158906,-0.6308803,-0.77723324,1.4385053,0.9917602,-0.40792605,0.62951183,0.48561642,0.4212504,-0.8856777,0.49131578,-1.0440568,-0.028475082,1.2528844,0.020832108,0.27866217,-0.83835745,1.4717602,0.015864788,-0.15992606,0.72033536,-1.1537038,-0.77336395,-0.9139653,-0.44139013,-0.7698084,0.7340347,1.3642046,0.09910662,-0.21545547,-0.22272345,0.5464269,-0.6696254,0.74287134,0.39463603,0.28593016,0.018113153,-0.4241352,-1.0091287,1.1281263,-0.45435745,1.6039432,-0.6566058,0.12049224,0.57811314,-1.7144881,-1.380475,-0.5334163,0.37774715,1.0446229,0.6031589,0.3565184,-0.18993914,-0.06664502,-0.32562542,-1.2114294,-1.3527627,0.6105837,0.34532884,0.57131577,0.059158906,-0.37414828,1.3871589,0.57596934,-0.074488156,0.26135498,-1.3338869,-0.42941627,-0.45927247,-0.6074555,-1.372998,-0.39778227,0.28017852,0.89602166,1.1217471,0.07071446,0.5135903,-1.1305927,-0.6646058,-0.44003063,0.9340347,-0.41519403,0.8229236,0.25189093,-1.2641875,-1.5866973,0.9649367,0.88545954,1.4787145,0.9218517,1.2242831,-1.6198477,-0.029468546,0.35489747,-0.8553509,-0.77723324,-0.48295873,0.24420466,-0.3867496,-1.0932595,0.6447798,0.556623,0.4393419,-0.5186189,-0.42905024,-1.5920306,0.18370792,-1.5176255,0.19756414,-1.3070633,-0.34863195,0.01905433,-0.4354816,-0.3345143,-1.2017561,-0.8948803,0.45643994,-1.1479522,0.26705432,-0.374462,1.1666622,-0.054409724,-0.5285012,0.8439955,-0.95072347,-0.9774424,-1.1081091,0.993904,0.97947264,0.8376687,-0.026226716,0.16425695,0.035577204,-0.0052593956,1.4180609,-0.2642398,0.87364256,0.76415235,-1.1920829,1.3138517,-1.0226189,1.1585053,0.4343223,1.256806,-0.30094567,1.2638125,-0.5623836,-0.84708947,-0.5568934,-0.03088031,0.39923733,-0.11359926,0.5948452,-0.5867496,0.14281903,1.3589236,-0.1050241,-0.3635339,-0.29299796,0.08383864,0.5540609,1.0135641,-0.08206985,0.93382555,0.33549878,0.17968178,-0.73257965,1.2885969,0.41905433,1.0547668,-1.7465928,-0.62905025,-0.23516789,-0.09435743,-1.3931286,-1.1535993,0.80843997,-0.5774424,-0.2082398,-0.19349469,-1.5603443,-1.0754817,-0.39150777,1.5510805,-0.814462,1.6074464,-0.26722017,-0.15663195,1.5614334,0.40054452,-0.34403065,-1.030462,0.6329628,-0.57263196,0.3012504,-0.10831822,0.6237602,-0.8860437,0.18982556,0.3026099,1.0606753,1.2692504,-0.57822675,0.4970674,-1.0521091,0.8191589,1.294819,0.5136949,-0.24306332,0.2187406,-0.0911156,1.2240217,1.0110543,0.39751184,1.0936687,-1.1724751,-0.31715482,0.8444661,0.1269236,-0.62361234,-0.16102411,1.4754204,1.5489367,0.3883615,-0.9634816,-0.25346854,-0.25634435,0.46234846,1.4043093,-0.19778228,0.14020465,0.33440074,-1.1464359,-0.6797692,1.1943223,1.0060347,0.5312112,-0.06575613,0.13319813,-0.7443966,-0.6998999,1.3313681,-0.01142933,0.53675365,-1.1634816,1.1346622,-0.7298084,-0.730279,-0.21420057,1.0450935,0.77936804,-0.111873776,0.92833537,-0.14356005,0.026008578,-0.39192605,-0.20259273,-0.038828023,1.1325184,0.7076818,0.95693666,-0.1786973,1.1805707,-1.3607627,-0.5488411,-0.73843586,0.57806087,1.3112897,-0.7207104,0.05298897,0.16268831,1.1198125,0.4213027,-0.20510253,-0.071612336,-0.034435865,0.045511845,0.9505576,-1.500266,-0.66481495,-0.50089335,-0.10884109,-1.1025666,-0.779011,-0.61169076,-1.4350634,1.0911067,1.0176426,-0.83490646,0.26940727,-1.0655993,0.030871324,-0.52039665,-1.436998,-0.21864502,-0.24729861,-0.918096,-0.41101104,0.03824387,0.8368321,0.6294073,-1.2100699,-0.44416136,-0.75621367,0.6851981,-0.6103313,-0.6392986,1.0461392,-0.3832986,-0.85948163,-0.9454947,-0.61310256,0.7733027,-0.46010906,-0.6288934,0.8266883,-1.3692333,-0.1559522,-1.5293901,-0.43239665,-1.0532594,-0.67569077,-1.6570764,0.6634465,-0.044422794,-1.8562398,-1.4657038,1.1196034,-0.12212214,-0.13974306,1.9763876,0.941355,-1.9494163,1.054453,1.0947144,1.3240478,-0.8646058,0.025590278,0.9515511,1.3969367,0.65518504,1.8125707,0.93722427,-1.8739653,1.2664791,1.3178779,0.017381128,0.44305432,-1.3161091,1.3580347,1.6541916,-1.2515339,-1.7725797,-1.6972855,0.81094974,-1.6791941,0.5879955,-0.8879784,-1.6552986,-1.7995601,1.8777733,1.1734595,-1.940632,-1.0685797,-1.8274293,1.625172,0.44457066,-1.0072986,-1.2818607,1.8660085,-1.6668019,1.8641785,1.6890152,1.7100871,-1.7220175,0.20164256,1.3476295,0.8233942,0.1703223,1.0962307,-1.9201875,-1.6121091,-1.7256777,-1.5602921,-1.1109849,0.8915249,0.24723734,-1.4496516,-0.36389992,1.2339563,1.1871066,1.067368,0.2664269,0.39740726,-0.39657965,0.92033535,-0.36745548,-0.19694567,-0.052213643,1.2664269,1.5867406,0.75610006,-0.4733901,-1.1607103,1.2776164,-0.007821487,1.7130151,-0.7847627,0.653721,-1.1167365,0.76049227,-1.479194,-0.5536516,1.2581655,1.3320478,-1.5927627,0.69136804,1.0245445,1.5780609,1.8306621,-1.3951156,-1.523743,-1.2915862,0.9467929,-0.51307636,0.07155106,-0.26366463,-1.0585405,-1.1420437,1.3071066,-1.8212594,-0.8665927,0.963002,-1.2396647,-0.53592604,-0.51307636,-1.516266,1.4559693,0.39871445,0.33393013,-0.5374947,0.4485968,0.36598244,0.28598243,-0.774096,0.5612243,1.4691458,0.76985174,-0.12933783,1.5372765,
0,0,0,0,0,1,0,0,0,0,0,0,0,0,0,0,1,0,0,0,0,0,0,0,0,0,0,0,0,0,0,0,0,0,0,0,0,0,0,0,0,0,0,0,0,0,0,0,0,0,0,0,0,0,0,0,0,0,0,0,0,0,0,0,0,0,0,0,0,0,0,0,0,0,0,0,0,0,0,0,0,0,0,0,1,0,0,0,0,0,0,0,0,0,0,0,0,0,0,0,0,0,0,0,0,0,0,0,0,0,0,0,0,0,0,0,0,0,0,0,0,0,0,0,0,0,0,0,0,0,0,0,0,0,0,0,0,0,0,0,0,0,0,0,0,0,0,0,0,0,0,0,0,0,0,0,0,0,0,0,0,0,0,0,0,0,0,0,0,0,0,0,0,0,0,0,0,0,0,0,0,0,0,0,0,0,0,0,0,0,0,0,0,0,0,0,0,0,0,0,0,0,0,0,0,0,0,0,0,0,0,0,0,0,0,0,0,0,0,0,0,0,0,0,0,0,0,0,0,0,0,0,0,0,0,0,0,0,0,0,0,0,0,0,0,0,0,0,0,0,0,0,0,0,0,0,0,0,0,0,0,0,0,0,0,0,0,0,0,0,0,0,0,0,0,0,0,0,0,0,0,0,0,0,0,0,0,0,0,0,0,0,0,0,0,0,0,0,0,0,0,0,0,0,0,0,0,0,0,0,0,0,0,0,0,0,0,0,0,0,0,0,0,0,0,0,0,0,0,0,0,0,0,0,0,0,0,0,0,0,0,0,0,0,0,0,0,0,0,0,0,0,0,0,0,0,0,0,0,0,0,0,0,0,0,0,0,0,0,0,0,0,0,0,0,0,0,0,0,0,0,0,0,0,0,0,0,0,0,0,0,0,0,0,0,0,0,0,0,0,0,0,0,0,0,0,0,0,0,0,0,0,0,0,0,0,0,0,0,0,0,0,0,0,0,0,0,0,0,0,0,0,0,0,0,0,0,0,0,0,0,0,0,0,0,0,0,0,0,0,0,0,0,0,0,0,0,0,0,0,0,0,0,0,0,0,0,0,0,0,0,0,0,0,0,0,0,0,0,0,0,0,0,0,0,0,0,0,0,0,0,0,0,0,0,0,0,0,0,0,0,0,0,0,0,0,0,0,0,0,0,0,0,0,0,0,0,0,0,0,0,0,0,0,0,0,0,0,0,0,0,0,0,0,0,0,0,0,0,0,0,0,0,0,0,0,0,0,0,0,0,0,0,0,0,0,0,0,0,0,0,0,0,0,0,0,0,0,0,0,0,0,0,0,0,0,0,0,0,0,0,0,0,0,0,0,0,0,0,0,0,0,0,0,0,0,0,0,0,0,0,0,0,0,0,0,0,0,0,0,0,0,0,0,0,0,0,0,0,0,0,0,0,0,0,0,0,0,0,0,0,0,0,0,0,0,0,0,0,0,0,0,0,0,0,0,0,0,0,0,0,0,0,0,0,0,0,0,0,0,0,0,0,0,0,0,0,0,0,0,0,0,0,0,0,0,0,0,0,0,0,0,0,0,0,0,0,0,0,0,0,0,0,0,0,0,0,0,0,0,0,0,0,0,0,0,0,0,0,0,0,0,0,0,0,0,0,0,0,0,0,0,0,0,0,0,0,0,0,0,0,0,0,0,0,0,0,0,0,0,0,0,0,0,0,0,0,0,0,0,0,0,0,0,0,0,0,0,0,0,0,0,0,0,0,0,0,0,0,0,0,0,0,0,0,0,0,0,0,0,0,0,0,0,0,0,0,0,0,0,0,0,0,0,0,0,0,0,0,0,0,0,0,0,0,0,0,0,0,0,0,0,0,0,0,0,0,0,0,0,0,0,0,0,0,0,0,0,0,0,0,0,0,0,0,0,0,0,0,0,0,0,0,0,0,0,0,0,0,0,0,0,0,0,0,0,0,0,0,0,0,0,0,0,0,0,0,0,0,0,0,0,0,0,0,0,0,0,0,0,0,0,0,0,0,0,0,0,0,0,0,0,0,0,0,0,0,0,0,0,0,0,0,0,0,0,0,0,0,0,0,0,0,0,0,0,0,0,0,0,0,0,0,0,0,0,0,0,0,0,0,0,0,0,0,0,0,0,0,0,0,0,0,0,0,0,0,0,0,0,0,0,0,0,0,0,0,0,0,0,0,0,0,0,0,0,0,0,0,0,0,0,0,0,0,0,0,0,0,0,0,0,0,0,0,0,0,0,0,0,0,0,0,0,0,0,0,0,0,0,0,0,0,0,0,0,0,0,0,0,0,0,0,0,0,0,0,0,0,0,0,0,0,0,0,0,0,0,0,0,0,0,0,0,0,0,0,0,0,0,0,0,0,0,0,0,0,0,0,0,0,0,0,0,0,0,0,0,0,0,0,0,0,0,0,0,0,0,0,0,0,0,0,0,0,0,0,0,0,0,0,0,0,0,0,0,0,0,0,0,0,0,0,0,0,0,0,0,0,0,0,0,0,0,0,0,0,0,0,0,0,0,0,0,0,0,0,0,0,0,0,0,0,0,0,0,0,0,0,0,0,0,0,0,0,0,0,0,0,0,0,0,0,0,0,0,0,0,0,0,0,0,0,0,0,0,0,0,0,0,0,0,0,0,0,0,0,0,0,0,0,0,0,0,0,0,0,0,0,0,0,0,0,0,0,0,0,0,0,0,0,0,0,0,0,0,0,0,0,0,0,0,0,0,0,0,0,0,0,0,0,0,0,0,0,0,0,0,0,0,0,0,0,0,0,0,0,0,0,0,0,0,0,0,0,0,0,0,0,0,0,0,0,0,0,0,0,0,0,0,0,0,0,0,0,0,0,0,0,0,0,0,0,0,0,0,0,0,0,0,0,0,0,0,0,0,0,0,0,0,0,0,0,0,0,0,0,0,0,0,0,0,0,0,0,0,0,0,0,0,0,0,0,0,0,0,0,0,0,0,0,0,0,0,0,0,0,0,0,0,0,0,0,0,0,0,0,0,0,0,0,0,0,0,0,0,0,0,0,0,0,0,0,0,0,0,0,0,0,0,0,0,0,0,0,0,0,0,0,0,0,0,0,0,0,0,0,0,0,0,0,0,0,0,0,0,0,0,0,0,0,0,0,0,0,0,0,0,0,0,0,0,0,0,0,0,0,0,0,0,0,0,0,0,0,0,0,0,0,0,0,0,0,0,0,0,0,0,0,0,0,0,0,0,0,0,0,0,0,0,0,0,0,0,0,0,0,0,0,0,0,0,0,0,0,0,0,0,0,0,0,0,0,0,0,0,0,0,0,0,0,0,0,0,0,0,0,0,0,0,0,0,0,0,0,0,0,0,0,0,0,0,0,0,0,0,0,0,0,0,0,0,0,0,0,0,0,0,0,0,0,0,0,0,0,0,0,0,0,0,0,0,0,0,0,0,0,0,0,0,0,0,0,0,0,0,0,0,0,0,0,0,0,0,0,0,0,0,0,0,0,0,0,0,0,0,0,0,0,0,0,0,0,0,0,0,0,0,0,0,0,0,0,0,0,0,0,0,0,0,0,0,0,0,0,0,0,0,0,0,0,0,0,0,0,0,0,0,0,0,0,0,0,0,0,0,0,0,0,0,0,0,0,0,0,0,0,0,0,0,0,0,0,0,0,0,0,0,0,0,0,0,0,0,0,0,0,0,0,0,0,0,0,0,0,0,0,0,0,0,0,0,0,0,0,0,0,0,0,0,0,0,0,0,0,0,0,0,0,0,0,0,0,0,0,0,0,0,0,0,0,0,0,0,0,0,0,0,0,0,0,0,0,0,0,0,0,0,0,0,0,0,0,0,0,0,0,0,0,0,0,0,0,0,0,0,0,0,0,0,0,0,0,0,0,0,0,0,0,0,0,0,0,0,0,0,0,0,0,0,0,0,0,0,0,0,0,0,0,0,0,0,0,0,0,0,0,0,0,0,0,0,0,0,0,0,0,0,0,0,0,0,0,0,0,0,0,0,0,0,0,0,0,0,0,0,0,0,0,0,0,0,0,0,0,0,0,0,0,0,0,0,0,0,0,0,0,0,0,0,0,0,0,0,0,0,0,0,0,0,0,0,0,0,0,0,0,0,0,0,0,0,0,0,0,0,0,0,0,0,0,0,0,0,0,0,0,0,0,0,0,0,0,0,0,0,0,0,0,0,0,0,0,0,0,0,0,0,0,0,0,0,0,0,0,0,0,0,0,0,0,0,0,0,0,0,0,0,0,0,0,0,0,0,0,0,0,0,0,0,0,0,0,0,0,0,0,0,0,0,0,0,0,0,0,0,0,0,0,0,0,0,0,0,0,0,0,0,0,0,0,0,0,0,0,0,0,0,0,0,0,0,0,0,0,0,0,0,0,0,0,0,0,0,0,0,0,0,0,0,0,0,0,0,0,0,0,0,0,0,0,0,0,0,0,0,0,0,0,0,0,0,0,0,0,0,0,0,0,0,0,0,0,0,0,0,0,0,0,0,0,0,0,0,0,0,0,0,0,0,0,0,0,0,0,0,0,0,0,0,0,0,0,0,0,0,0,0,0,0,0,0,0,0,0,0,0,0,0,0,0,0,0,0,0,0,0,0,0,0,0,0,0,0,0,0,0,0,0,0,0,0,0,0,0,0,0,0,0,0,0,0,0,0,0,0,0,0,0,0,0,0,0,0,0,0,0,0,0,0,0,0,0,0,0,0,0,0,0,0,0,0,0,0,0,0,0,0,0,0,0,0,0,0,0,0,0,0,0,0,0,0,0,0,0,0,0,0,0,0,0,0,0,0,0,0,0,0,0,0,0,0,0,0,0,0,0,0,0,0,0,0,0,0,0,0,0,0,0,0,0,0,0,0,0,0,0,0,0,0,0,0,0,0,0,0,0,0,0,0,0,0,0,0,0,0,0,0,0,0,0,0,0,0,0,0,0,0,0,0,0,0,0,0,0,0,0,0,0,0,0,0,0,0,0,0,0,0,0,0,0,0,0,0,0,0,0,0,0,0,0,0,0,0,0,0,0,0,0,0,0,0,0,0,0,0,0,0,0,0,0,0,0,0,0,0,0,0,0,0,0,0,0,0,0,0,0,0,0,0,0,0,0,0,0,0,0,0,0,0,0,0,0,0,0,0,0,0,0,0,0,0,0,0,0,0,0,0,0,0,0,0,0,0,0,0,0,0,0,0,0,0,0,0,0,0,0,0,0,0,0,0,0,0,0,0,0,0,0,0,0,0,0,0,0,0,0,0,0,0,0,0,0,0,0,0,0,0,0,0,0,0,0,0,0,0,0,0,0,0,0,0,0,0,0,0,0,0,0,0,0,0,0,0,0,0,0,0,0,0,0,0,0,0,0,0,0,0,0,0,0,0,0,0,0,0,0,0,0,0,0,0,0,0,0,0,0,0,0,0,0,0,0,0,0,0,0,0,0,0,0,0,0,0,0,0,0,0,0,0,0,0,0,0,0,0,0,0,0,0,0,0,0,0,0,0,0,0,0,0,0,0,0,0,0,0,0,0,0,0,0,0,0,0,0,0,0,0,0,0,0,0,0,0,0,0,0,0,0,0,0,0,0,0,0,0,0,0,0,0,0,0,0,0,0,0,0,0,0,0,0,0,0,0,0,0,0,0,0,0,0,0,0,0,0,0,0,0,0,0,0,0,0,0,0,0,0,0,0,0,0,0,0,0,0,0,0,0,0,0,0,0,0,0,0,0,0,0,0,0,0,0,0,0,0,0,0,0,0,0,0,0,0,0,0,0,0,0,0,0,0,0,0,0,0,0,0,0,0,0,0,0,0,0,0,0,0,0,0,0,0,0,0,0,0,0,0,0,0,0,0,0,0,0,0,0,0,0,0,0,0,0,0,0,0,0,0,0,0,0,0,0,0,0,0,0,0,0,0,0,0,0,0,0,0,0,0,0,0,0,0,0,0,0,0,0,0,0,0,0,0,0,0,0,0,0,0,0,0,0,0,0,0,0,0,0,0,0,0,0,0,0,0,0,0,0,0,0,0,0,0,0,0,0,0,0,0,0,0,0,0,0,0,0,0,0,0,0,0,0,0,0,0,0,0,0,0,0,0,0,0,0,0,0,0,0,0,0,0,0,0,0,0,0,0,0,0,0,0,0,0,0,0,0,0,0,0,0,0,0,0,0,0,0,0,0,0,0,0,0,0,0,0,0,0,0,0,0,0,0,0,0,0,0,0,0,0,0,0,0,0,0,0,0,0,0,0,0,0,0,0,0,0,0,0,0,0,0,0,0,0,0,0,0,0,0,0,0,0,0,0,0,0,0,0,0,0,0,0,0,0,0,0,0,0,0,0,0,0,0,0,0,0,0,0,0,0,0,0,0,0,0,0,0,0,0,0,0,0,0,0,0,0,0,0,0,0,0,0,0,0,0,0,0,0,0,0,0,0,0,0,0,0,0,0,0,0,0,0,0,0,0,0,0,0,0,0,0,0,0,0,0,0,0,0,0,0,0,0,0,0,0,0,0,0,0,0,0,0,0,0,0,0,0,0,0,0,0,0,0,0,0,0,0,0,0,0,0,0,0,0,0,0,0,0,0,0,0,0,0,0,0,0,0,0,0,0,0,0,0,0,0,0,0,0,0,0,0,0,0,0,0,0,0,0,0,0,0,0,0,0,0,0,0,0,0,0,0,0,0,0,0,0,0,0,0,0,0,0,0,0,0,0,0,0,0,0,0,0,0,0,0,0,0,0,0,0,0,0,0,0,0,0,0,0,0,0,0,0,0,0,0,0,0,0,0,0,0,0,0,0,0,0,0,0,0,0,0,0,0,0,0,0,0,0,0,0,0,0,0,0,0,0,0,0,0,0,0,1,0,0,0,0,0,0,0,0,0,0,0,0,0,0,0,0,0,0,0,0,0,0,0,0,0,0,0,0,0,0,0,0,0,0,0,0,0,0,0,0,0,0,0,0,0,0,0,0,0,0,0,0,0,0,0,0,0,0,0,0,0,0,0,0,0,0,0,0,0,0,0,0,0,0,0,0,0,0,0,0,0,0,0,0,0,0,0,0,0,0,0,0,0,0,0,0,0,0,0,0,0,0,0,0,0,0,0,0,0,0,0,0,0,0,0,0,0,0,0,0,0,0,0,0,0,0,0,0,0,0,0,0,0,0,0,0,0,0,0,0,0,0,0,0,0,0,0,0,0,0,0,0,0,0,0,0,0,0,0,0,0,0,0,0,0,0,0,0,0,0,0,0,0,0,0,0,0,0,0,0,0,0,0,0,0,0,0,0,0,0,0,0,0,0,0,0,0,0,0,0,0,0,0,0,0,0,0,0,0,0,0,0,0,0,0,0,0,0,0,0,0,0,0,0,0,0,0,0,0,0,0,0,0,0,0,0,0,0,0,0,0,0,0,0,0,0,0,0,0,0,0,0,0,0,0,0,0,0,0,0,0,0,0,0,0,0,0,0,0,0,0,0,0,0,0,0,0,0,0,0,0,0,0,0,0,0,0,0,0,0,0,0,0,0,0,0,0,0,0,0,0,0,0,0,0,0,0,0,0,0,0,0,0,0,0,0,0,0,0,0,0,0,0,0,0,0,0,0,0,0,0,0,0,0,0,0,0,0,0,0,0,0,0,0,0,0,0,0,0,0,0,0,0,0,0,0,0,0,0,0,0,0,0,0,0,0,0,0,0,0,0,0,0,0,0,0,0,0,0,0,0,0,0,0,0,0,0,0,0,0,0,0,0,0,0,0,0,0,0,0,0,0,0,0,0,0,0,0,0,0,0,0,0,0,0,0,0,0,0,0,0,0,0,0,0,0,0,0,0,0,0,0,0,0,0,0,0,0,0,0,0,0,0,0,0,0,0,0,0,0,0,0,0,0,0,0,0,0,0,0,0,0,0,0,0,0,0,0,0,0,0,0,0,0,0,0,0,0,0,0,0,0,0,0,0,0,0,0,0,0,0,0,0,0,0,0,0,0,0,0,0,0,0,0,0,0,0,0,0,0,0,0,0,0,0,0,0,0,0,0,0,0,0,0,0,0,0,0,0,0,0,0,0,0,0,0,0,0,0,0,0,0,0,0,0,0,0,0,0,0,0,0,0,0,0,0,0,0,0,0,0,0,0,0,0,0,0,0,0,0,0,0,0,0,0,0,0,0,0,0,0,0,0,0,0,0,0,0,0,0,0,0,0,0,0,0,0,0,0,0,0,0,0,0,0,0,0,0,0,0,0,0,0,0,0,0,0,0,0,0,0,0,0,0,0,0,0,0,0,0,0,0,0,0,0,0,0,0,0,0,0,0,0,0,0,0,0,0,0,0,0,0,0,0,0,0,0,0,0,0,0,0,0,0,0,0,0,0,0,0,0,0,0,0,0,0,0,0,0,0,0,0,0,0,0,0,0,0,0,0,0,0,0,0,0,0,0,0,0,0,0,0,0,0,0,0,0,0,0,0,0,0,0,0,0,0,0,0,0,0,0,0,0,0,0,0,0,0,0,0,0,0,0,0,0,0,0,0,0,0,0,0,0,0,0,0,0,0,0,0,0,0,0,0,0,0,0,0,0,0,0,0,0,0,0,0,0,0,0,0,0,0,0,0,0,0,0,0,0,0,0,0,0,0,0,0,0,0,0,0,0,0,0,0,0,0,0,0,0,0,0,0,0,0,0,0,0,0,0,0,0,0,0,0,0,0,0,0,0,0,0,0,0,0.27803308,0.09231005,-0.43630514,0.06657475,0.14745711,-0.7825061,-1.0101409,-0.3193934,-0.1424326,0.9269914,0.5821385,0.083976716,0.39574143,-0.18152574,-0.21945466,-0.06541054,0.6774816,-0.28299633,-0.3352635,-0.6798713,-0.25045955,0.4198223,0.4166973,0.17545956,0.9873468,0.023376225,0.5647978,0.0046262257,-0.16669731,-0.019883579,0.55958945,-0.19831495,0.33428308,-0.22931986,0.028155638,-0.1174326,-0.3008272,-0.40597427,0.15634191,0.04610907,0.13017769,-0.3763174,0.13961397,0.047395833,-0.27012867,0.24090074,0.2147978,0.43428308,0.32478553,0.12791054,-0.0070159314,0.03691789,0.3008272,-0.36724877,-0.1616728,-0.3481924,-0.04273897,-0.072518386,0.3397978,-0.14102328,-0.390288,-0.63673407,0.2515625,-0.18575367,0.38661152,-0.45340073,0.07123162,-0.59237134,0.075520836,-0.30284926,-0.39378065,-0.47086397,-0.024601717,-0.088449754,0.48097426,0.026930148,0.063817404,-0.0062806373,-0.61461395,0.7891238,-0.24929534,-0.19911152,-0.12748162,0.41032475,0.20474878,0.09984681,0.2532782,-0.040716913,0.18575367,-0.1760723,0.27643996,0.06081495,0.12356005,-0.0265625,-0.0078125,0.3005821,-0.21155025,-0.14365809,0.5750306,-0.20677084,-0.019332107,-0.5512561,0.04420956,0.14678308,0.06375613,0.026991421,0.013939951,0.01148897,-0.09617034,-0.24451593,-0.00848652,-0.03814338,-0.037898283,0.05848652,0.016023284,-0.19200368,0.37662378,0.10566789,-0.05499387,-0.31773898,-0.48704043,0.22846201,-0.19598652,0.52043504,-0.2993566,-0.13556986,-0.06528799,-0.33097425,0.15462622,0.06351103,-0.076256126,-0.052420344,0.11798407,0.026439952,0.16700368,-0.25670955,-0.079258576,0.1486826,-0.39065564,-0.16890319,-0.19433211,0.120680146,-0.057935048,0.26902574,-0.5484375,-0.035814952,-0.14304534,0.48342526,0.1635723,-0.3530331,0.26976103,0.29592526,0.05346201,-0.077359065,-0.13838848,-0.3547488,-0.21351103,-0.3227022,0.015349264,0.12251838,-0.097702205,0.09378064,-0.11075368,-0.29580268,-0.065104164,0.31295955,0.17545956,-0.07558211,-0.25003064,0.11890319,0.16724877,0.09378064,0.01596201,0.21871936,0.11951593,-0.35897672,0.3344669,-0.20505515,0.028033089,-0.024601717,0.35401347,0.10971201,0.33134192,0.15052083,-0.18795955,-0.120496325,0.11884191,-0.23728554,0.28152573,-0.102420345,-0.1008272,0.462163,0.22625613,0.022886029,0.08673407,-0.023560049,-0.2864277,0.20303309,-0.024172794,-0.08728554,0.2924326,-0.19132966,0.019393383,-0.5077512,-0.1895527,0.19500613,0.16675858,0.043045342,-0.1820772,0.0041360296,-0.12833945,0.16393995,-0.23838848,0.16099878,-0.09617034,0.19494486,-0.2087929,0.017861519,-0.1393076,-0.19984682,-0.13728555,0.25162378,0.042677697,-0.09776348,0.18556985,-0.0030330883,0.3914522,0.10609681,0.100704655,-0.08422181,0.1775429,0.1549326,-0.024724266,0.046170343,0.0029105393,0.050214462,-0.11681985,-0.22521447,-0.08673407,0.1265625,-0.073805146,-0.3374081,0.23268995,0.1765625,-0.09108456,0.06933211,-0.36951593,0.08177083,-0.032322302,-0.0025428922,0.15603554,-0.099969365,-0.11724877,0.40389094,-0.21878064,0.08514093,-0.13379289,-0.28465074,-0.19108456,0.19322917,-0.10358456,-0.009589461,0.064552695,0.2234375,0.0060355393,-0.064001225,0.05499387,0.32533702,-0.028278187,0.38912377,0.13826594,-0.013756127,0.29702818,-0.30738357,0.32356006,-0.035998773,0.1619179,-0.012898284,-0.11651348,0.33967525,0.033180147,0.02956495,-0.21681985,0.21614583,0.20830269,-0.06920956,0.07613358,-0.18103553,-0.12625612,0.027175246,-0.15707721,0.25168505,-0.011611519,-0.09151348,0.015165441,-0.21344976,-0.008425245,-0.2414522,-0.1200674,-0.20891544,0.040778186,0.08777574,0.2849571,-0.1736826,0.0021752452,0.14439338,-0.21216299,0.18189338,0.1664522,-0.18452819,0.25389093,0.044944853,-0.15254289,-0.052420344,0.13722427,0.10762867,0.032199755,0.38060662,-0.044270832,0.05438113,-0.043474264,-0.28765318,-0.15015319,-0.011672794,-0.06804534,0.13324142,-0.1296875,-0.18403798,-0.09923407,0.0048713237,-0.001439951,-0.15009192,0.10554534,0.11908701,-0.087898284,-0.044025734,-0.20750612,0.08011642,-0.14041054,-0.3070772,0.10664828,-0.25143996,-0.0073835785,0.10021446,-0.13471201,0.31075367,0.097518384,-0.24206495,0.053952206,0.16124387,0.30021447,0.05199142,-0.060324755,-0.25456494,-0.25309438,-0.07650123,0.21436888,-0.07803309,-0.021231618,-0.009099265,0.013572304,-0.14617035,-0.14751838,-0.062101714,-0.18066789,-0.2124081,-0.07392769,0.016452206,0.0674326,0.30199143,-0.15278798,-0.067800246,-0.15603554,0.234038,0.0025428922,0.03348652,-0.124846816,0.03391544,0.113694854,-0.15971202,-0.06553309,-0.15885417,-0.14954044,-0.06553309,0.26056984,0.27564338,0.21197917,0.18103553,0.23287377,-0.13734682,0.065104164,0.29408702,-0.08661152,-0.2592831,-0.11289828,-0.009650735,0.20333946,-0.2739277,0.014246323,-0.026501225,-0.19402574,0.09237132,-0.2489277,-0.14371936,0.19041054,0.017126225,0.123866424,0.09126838,-0.20407476,0.080177695,-0.024540441,-0.022457108,-0.19016545,0.03771446,-0.019699754,-0.044025734,0.13440564,0.14653799,0.12564339,-0.035324756,-0.08581495,0.39126837,0.085631125,-0.005729167,-0.17956495,0.1729473,0.32833946,-0.24757966,0.08465073,0.24696691,0.008241422,0.12558211,-0.20499387,-0.10481005,0.3231311,-0.07429534,0.23422182,0.021844363,-0.05621936,-0.19083945,-0.1022978,-0.0012561275,-0.18232231,-0.2005821,0.06675858,-0.11706495,-0.008731618,-0.019393383,-0.17637868,-0.36559436,-0.074724264,0.22809437,-0.0062806373,0.012530637,0.18575367,-0.10021446,-0.1104473,-0.059528187,0.28060663,0.10928309,-0.17637868,-0.094148286,-0.20481005,-0.2563419,-0.019270834,-0.02086397,-0.105422795,-0.035998773,0.13832721,0.025153186,0.23869485,0.07601103,0.28875613,-0.17748162,0.17166054,-0.015471813,-0.013572304,-0.2450674,-0.21210171,-0.2250919,-0.08109681,-0.41387868,-0.29518995,0.112591915,-0.21222426,-0.08912378,0.13783701,0.25707722,0.02846201,-0.114430144,0.03379289,-0.17699142,0.009221814,0.069822304,0.015594362,0.088449754,-0.06602328,0.08416054,0.14041054,0.11271446,-0.034283087,-0.20677084,-0.08164828,-0.09800858,-0.17797181,0.056525737,-0.18397671,-0.07956495,0.13115808,0.35272673,0.086243875,0.13299632,-0.0053002452,0.11786152,0.004564951,-0.328462,-0.3508885,-0.15621936,0.31559438,0.28275123,0.20670956,-0.011672794,0.097518384,-0.24175858,-0.01963848,-0.03170956,0.4231924,-0.1349571,-0.18624388,0.023314951,0.35873163,-0.19800858,-0.11204044,0.030238971,-0.13777573,0.2794424,-0.33900124,0.0799326,-0.03716299,-0.10021446,-0.06528799,0.26541054,-0.047457106,-0.06976103,0.19353554,0.0043811277,0.2010723,0.10572917,0.10499387,-0.027726715,0.18814339,-0.07784926,0.10738358,-0.0018688726,0.0016237745,-0.20021446,0.11173407,-0.010202206,-0.21810661,0.057077207,0.010569853,0.16473652,-0.2854473,0.11620711,-0.053829655,-0.07300858,0.11191789,0.33844975,-0.1349571,0.21130514,-0.07478554,0.015900735,0.26124388,-0.118412994,0.16222426,0.027604166,0.09047181,0.2905331,0.17018995,-0.2854473,-0.043719362,-0.29090074,0.00848652,0.15818015,-0.17466299,0.19721201,-0.18765318,0.21136642,0.10168505,-0.15389094,-0.03348652,-0.07411152,-0.2691483,-0.19132966,-0.010386029,0.15536152,-0.10530025,0.1356924,0.06467524,-0.10609681,0.033057597,0.08091299,-0.10076593,0.0703125,-0.2251532,-0.08777574,0.120863974,0.18759191,0.08526348,-0.061795343,-0.10891544,0.06884191,-0.022947304,-0.08036152,0.096599266,0.113511026,-0.008180147,0.04163603,-0.19114584,0.1164522,-0.017432598,0.21976103,0.23164828,0.30983457,0.2953125,0.07784926,0.12778799,-0.11210172,0.13538603,0.15670955,-0.053890932,0.076072305,0.011611519,0.30824143,0.14396445,-0.23881741,0.028094362,0.2957414,-0.02668505,-0.10916054,0.13722427,0.047824755,0.04298407,0.24960172,0.06724878,-0.0019914217,0.085447304,0.055300247,0.03783701,-0.010814951,0.37141544,-0.16099878,0.10867035,-0.32717526,0.16075368,0.104074754,-0.1578125,-0.07913603,-0.10291054,-0.16853555,-0.20266545,0.13177083,-0.15572916,0.081280634,0.3330576,0.05033701,-0.037408087,-0.21449143,-0.11479779,-0.3700674,-0.00903799,-0.06338848,-0.07594976,-0.1541973,0.09568015,-0.0635723,0.13477328,-0.015226715,0.0002757353,-0.17208946,-0.021660538,0.033118874,-0.08636642,-0.10474878,-0.05193015,-0.11639093,0.26393995,0.08587623,-0.30934435,0.13011642,-0.010692402,-0.06951593,-0.22772671,0.16675858,-0.23661152,0.11681985,-0.056648284,0.011060049,-0.29880515,0.18887867,0.00021446079,-0.15223652,0.13109681,-0.09641544,0.1619179,-0.010202206,0.00015318628,-0.26951593,-0.22956495,0.1314032,0.17882966,-0.041329656,-0.27650124,-0.08949142,-0.110140935,0.10027573,0.020496324,-0.09175858,-0.34188113,-0.06424633,0.07509191,0.064185046,-0.1390625,0.10450368,-0.1842831,0.13146447,-0.1489277,0.054626226,-0.05088848,0.12864584,0.01651348,0.02545956,-0.17999387,-0.08048407,-0.15027574,0.013756127,-0.21626838,0.04065564,-0.27570465,0.06737132,-0.13912377,-0.046047796,-0.23379289,-0.0734375,-0.08900122,0.09800858,0.10572917,-0.04151348,-0.28765318,0.12129289,-0.23599878,-0.14237133,0.19518995,-0.28697917,-0.13452819,0.33507967,-0.12778799,-0.3383272,0.09494485,-0.0076286765,-0.06737132,-0.1342831,0.022947304,0.0859375,-0.24972427,-0.25150123,0.2073223,0.14280024,-0.060018383,-0.0054840688,-0.13465074,0.119393386,-0.14831495,-0.047395833,0.26755515,-0.06822917,-0.013756127,0.35101104,0.17705269,0.16344975,0.028890932,0.083180144,-0.1693321,-0.17778799,-0.004442402,0.051623773,-0.18060662,-0.14923407,0.011917892,0.27257967,-0.07331495,0.23771445,-0.090594366,-0.020925244,-0.08973652,-0.05738358,-0.1796875,0.10064338,-0.008180147,-0.040471815,-0.11240809,-0.12466299,0.11547181,-0.0765625,0.15150122,-0.48477328,0.0734375,-0.1664522,-0.21326593,0.11626838,0.010202206,-0.028094362,-0.1313419,-0.010753676,0.014430147,0.13685662,-0.006954657,0.03416054,0.09917279,0.045128677,0.1888174,-0.20052083,-0.18219976,-0.124234065,0.06969976,0.20254289,-0.046844363,0.15254289,-0.025827207,0.537163,0.019883579,-0.06988358,0.07037377,-0.036182597,-0.06516544,0.12515318,-0.07545956,0.020557597,-0.03648897,-0.022518381,0.10530025,0.11056985,-0.009466912,-0.04329044,0.03783701,0.059895832,-0.019577205,0.12521446,-0.038633578,-0.03403799,-0.18728554,0.121599264,0.18949142,0.03091299,0.06136642,0.061672796,0.0015012255,-0.11865809,-0.12613358,-0.028707108,0.1008272,-0.0328125,-0.052175246,0.086243875,-0.09708946,0.10413603,-0.21001838,0.050214462,-0.18036152,-0.14114584,0.24782476,-0.052420344,0.10958946,0.08955269,0.07129289,0.0016237745,0.034773283,0.094515935,0.13961397,-0.030300245,0.013265931,-0.16976103,0.15726103,0.022518381,0.16626838,-0.1416973,-0.2717218,-0.2683517,-0.01608456,-0.1075674,-0.018229166,0.1374081,-0.10113358,0.19898897,0.037408087,0.14788602,0.05456495,0.1736826,-0.052420344,-0.06492034,0.052604165,-0.020925244,-0.21467525,-0.06596201,-0.032322302,-0.12693015,0.048621323,0.0024816177,-0.079626225,-0.10162377,0.06596201,0.108057596,-0.08085172,0.16222426,0.11216299,0.20407476,-0.048131127,0.04463848,-0.007567402,0.10689338,0.20548406,-0.021170342,0.04800858,0.17864583,-0.056403186,-0.16069241,-0.05101103,0.1116728,0.067800246,-0.110508576,-0.3606924,0.073069856,-0.049601715,0.09102328,0.14371936,-0.20260416,-0.069454655,-0.17772672,-0.1768076,0.034344364,-0.12251838,-0.06547181,0.09629289,-0.14757966,-0.026746323,0.008976716,-0.08354779,0.025643382,0.0981924,-0.04721201,0.11847427,-0.122395836,0.025704658,-0.07864583,-0.065104164,0.10481005,-0.004810049,-0.3393076,0.12092525,-0.02791054,-0.0032169118,0.058547795,-0.0013786765,-0.297212,0.07742035,-0.08103554,-0.030974265,-0.04800858,0.2957414,0.24163602,-0.06473652,-0.04028799,-0.060876224,0.20891544,0.0051164217,-0.08213848,-0.14580269,0.1505821,0.22931986,0.0037683824,-0.080729164,-0.10548407,0.030729167,-0.09120711,-0.110140935,-0.25431985,0.078523286,-0.09329044,-0.0127144605,-0.10836397,-0.27166054,-0.0546875,-0.047824755,-0.03814338,-0.07864583,0.03838848,0.12864584,0.011305147,0.08403799,0.029932598,0.15364583,0.05873162,0.027542893,0.14034927,-0.0359375,0.084895834,0.014920343,-0.018167892,-0.2145527,-0.040716913,-0.05499387,0.019148285,0.09378064,-0.12306985,-0.06620711,-0.018229166,-0.03998162,0.04788603,-0.07466299,0.06559436,-0.009895833,0.1900429,-0.00971201,-0.07233456,1.0698223,-0.2739277,-1.6453125,0.2614277,0.16528799,-0.24114583,-0.85070467,1.0204351,-1.0997243,-0.9679841,-1.5564032,-0.56541055,1.0912071,-0.7481924,1.2633272,0.47699142,0.4573223,0.49402574,1.2778493,-1.3799939,0.69402575,-1.3067708,0.35382965,1.1625307,0.61161155,-0.2885723,-0.28434438,-0.5963542,0.33624387,-0.5105699,0.67637867,-0.75450367,1.6112438,0.47472426,0.37276348,0.3241728,0.73936886,-0.30162376,-0.35983455,-0.15971202,-1.206832,-0.7467218,-0.19010417,-1.3383884,-0.5678615,0.5748468,0.9674326,-0.12208946,1.2200061,0.34672183,-0.047518384,-1.0176164,0.47276348,0.1789522,1.1575061,-1.307935,-0.8162071,1.1472733,0.21663603,-0.8586091,1.3414522,-1.1369792,-1.1080576,0.668413,-0.34231004,0.3635723,0.049356617,-0.023069853,0.66706496,0.702788,0.34972426,1.3209865,0.6068321,1.0951287,0.08115809,0.62018996,-0.64831495,-1.0268075,-0.660386,0.45658702,-0.4494179,0.35591298,-0.16295956,1.154565,0.3599571,0.30719975,-1.3647978,-0.48599878,0.349663,-1.6394914,0.9373468,0.3714767,0.022579657,0.22276348,0.97141546,-0.7510723,0.40922183,0.5135723,-0.8539522,0.20744485,-0.15389094,-0.11957721,-0.1140625,-0.42141545,-0.3453125,0.25670955,-0.7671875,-0.28109682,0.13011642,-0.24316789,0.6727022,1.0973345,-0.0296875,-0.5193934,-0.46896446,0.4234375,-0.21761642,0.13011642,0.045496322,-0.596538,-0.21957721,-1.1116728,0.13838848,0.19954044,0.007444853,0.31878063,-0.13299632,0.9526042,
0,0,0,0,0,0,0,0,0,0,0,0,0,0,0,0,0,0,0,0,0,0,0,0,0,0,0,0,1,0,0,0,0,1,0,0,0,0,1,0,0,0,0,0,0,0,0,0,0,0,0,0,0,0,0,0,0,0,0,0,0,0,0,0,0,0,0,0,0,0,0,0,0,0,0,0,0,0,1,0,0,0,0,0,0,0,1,0,0,0,0,0,0,0,0,0,0,0,0,0,0,0,0,0,0,0,0,0,0,0,0,0,0,0,0,0,0,0,0,0,0,0,0,0,0,0,0,0,0,0,0,0,0,0,0,0,0,0,0,0,0,0,0,0,0,0,0,0,0,0,0,0,0,0,0,0,0,0,0,0,0,0,0,0,0,0,0,0,0,0,0,0,0,0,0,0,0,0,0,0,0,0,0,0,0,0,0,0,0,0,0,0,0,0,0,0,0,0,0,0,0,0,0,0,0,0,0,0,0,0,0,0,0,0,0,0,0,0,0,0,0,0,0,0,0,0,0,0,0,0,0,0,0,0,0,0,0,0,0,0,0,0,0,0,0,0,0,0,0,0,0,0,0,0,0,0,0,0,0,0,0,0,0,0,0,0,0,0,0,0,0,0,0,0,0,0,0,0,0,0,0,0,0,0,0,0,0,0,0,0,0,0,0,0,0,0,0,0,0,0,0,0,0,0,0,0,0,0,0,0,0,0,0,0,0,0,0,0,0,0,0,0,0,0,0,0,0,0,0,0,0,0,0,0,0,0,0,0,0,0,0,0,0,0,0,0,0,0,0,0,0,0,0,0,0,0,0,0,0,0,0,0,0,0,0,0,0,0,0,0,0,0,0,0,0,0,0,0,0,0,0,0,0,0,0,0,0,0,0,0,0,0,0,0,0,0,0,0,0,0,0,0,0,0,0,0,0,0,0,0,0,0,0,0,0,0,0,0,0,0,0,0,0,0,0,0,0,0,0,0,0,0,0,0,0,0,0,0,0,0,0,0,0,0,0,0,0,0,0,0,0,0,0,0,0,0,0,0,0,0,0,0,0,0,0,0,0,0,0,0,0,0,0,0,0,0,0,0,0,0,0,0,0,0,0,0,0,0,0,0,0,0,0,0,0,0,0,0,0,0,0,0,0,0,0,0,0,0,0,0,0,0,0,0,0,0,0,0,0,0,0,0,0,0,0,0,0,0,0,0,0,0,0,0,0,0,0,0,0,0,0,0,0,0,0,0,0,0,0,0,0,0,0,0,0,0,0,0,0,0,0,0,0,0,0,0,0,0,0,0,0,0,0,0,0,0,0,0,0,0,0,0,0,0,0,0,0,0,0,0,0,0,0,0,0,0,0,0,0,0,0,0,0,0,0,0,0,0,0,0,0,0,0,0,0,0,0,0,0,0,0,0,0,0,0,0,0,0,0,0,0,0,0,0,0,0,0,0,0,0,0,0,0,0,0,0,0,0,0,0,0,0,0,0,0,0,0,0,0,0,0,0,0,0,0,0,0,0,0,0,0,0,0,0,0,0,0,0,0,0,0,0,0,0,0,0,0,0,0,0,0,0,0,0,0,0,0,0,0,0,0,0,0,0,0,0,0,0,0,0,0,0,0,0,0,0,0,0,0,0,0,0,0,0,0,0,0,0,0,0,0,0,0,0,0,0,0,0,0,0,0,0,0,0,0,0,0,0,0,0,0,0,0,0,0,0,0,0,0,0,0,0,0,0,0,0,0,0,0,0,0,0,0,0,0,0,0,0,0,0,0,0,0,0,0,0,0,0,0,0,0,0,0,0,0,0,0,0,0,0,0,0,0,0,0,0,0,0,0,0,0,0,0,0,0,0,0,0,0,0,0,0,0,0,0,0,0,0,0,0,0,0,0,0,0,0,0,0,0,0,0,0,0,0,0,0,0,0,0,0,0,0,0,0,0,0,0,0,0,0,0,0,0,0,0,0,0,0,0,0,0,0,0,0,0,0,0,0,0,0,0,0,0,0,0,0,0,0,0,0,0,0,0,0,0,0,0,0,0,0,0,0,0,0,0,0,0,0,0,0,0,0,0,0,0,0,0,0,0,0,0,0,0,0,0,0,0,0,0,0,0,0,0,0,0,0,0,0,0,0,0,0,0,0,0,0,0,0,0,0,0,0,0,0,0,0,0,0,0,0,0,0,0,0,0,0,0,0,0,0,0,0,0,0,0,0,0,0,0,0,0,0,0,0,0,0,0,0,0,0,0,0,0,0,0,0,0,0,0,0,0,0,0,0,0,0,0,0,0,0,0,0,0,0,0,0,0,0,0,0,0,0,0,0,0,0,0,0,0,0,0,0,0,0,0,0,0,0,0,0,0,0,0,0,0,0,0,0,0,0,0,0,0,0,0,0,0,0,0,0,0,0,0,0,0,0,0,0,0,0,0,0,0,0,0,0,0,0,0,0,0,0,0,0,0,0,0,0,0,0,0,0,0,0,0,0,0,0,0,0,0,0,0,0,0,0,0,0,0,0,0,0,0,0,0,0,0,0,0,0,0,0,0,0,0,0,0,0,0,0,0,0,0,0,0,0,0,0,0,0,0,0,0,0,0,0,0,0,0,0,0,0,0,0,0,0,0,0,0,0,0,0,0,0,0,0,0,0,0,0,0,0,0,0,0,0,0,0,0,0,0,0,0,0,0,0,0,0,0,0,0,0,0,0,0,0,0,0,0,0,0,0,0,0,0,0,0,0,0,0,0,0,0,0,0,0,0,0,0,0,0,0,0,0,0,0,0,0,0,0,0,0,0,0,0,0,0,0,0,0,0,0,0,0,0,0,0,0,0,0,0,0,0,0,0,0,0,0,0,0,0,0,0,0,0,0,0,0,0,0,0,0,0,0,0,0,0,0,0,0,0,0,0,0,0,0,0,0,0,0,0,0,0,0,0,0,0,0,0,0,0,0,0,0,0,0,0,0,0,0,0,0,0,0,0,0,0,0,0,0,0,0,0,0,0,0,0,0,0,0,0,0,0,0,0,0,0,0,0,0,0,0,0,0,0,0,0,0,0,0,0,0,0,0,0,0,0,0,0,0,0,0,0,0,0,0,0,0,0,0,0,0,0,0,0,0,0,0,0,0,0,0,0,0,0,0,0,0,0,0,0,0,0,0,0,0,0,0,0,0,0,0,0,0,0,0,0,0,0,0,0,0,0,0,0,0,0,0,0,0,0,0,0,0,0,0,0,0,0,0,0,0,0,0,0,0,0,0,0,0,0,0,0,0,0,0,0,0,0,0,0,0,0,0,0,0,0,0,0,0,0,0,0,0,0,0,0,0,0,0,0,0,0,0,0,0,0,0,0,0,0,0,0,0,0,0,0,0,0,0,0,0,0,0,0,0,0,0,0,0,0,0,0,0,0,0,0,0,0,0,0,0,0,0,0,0,0,0,0,0,0,0,0,0,0,0,0,0,0,0,0,0,0,0,0,0,0,0,0,0,0,0,0,0,0,0,0,0,0,0,0,0,0,0,0,0,0,0,0,0,0,0,0,0,0,0,0,0,0,0,0,0,0,0,0,0,0,0,0,0,0,0,0,0,0,0,0,0,0,0,0,0,0,0,0,0,0,0,0,0,0,0,0,0,0,0,0,0,0,0,0,0,0,0,0,0,0,0,0,0,0,0,0,0,0,0,0,0,0,0,0,0,0,0,0,0,0,0,0,0,0,0,0,0,0,0,0,0,0,0,0,0,0,0,0,0,0,0,0,0,0,0,0,0,0,0,0,0,0,0,0,0,0,0,0,0,0,0,0,0,0,0,0,0,0,0,0,0,0,0,0,0,0,0,0,0,0,0,0,0,0,0,0,0,0,0,0,0,0,0,0,0,0,0,0,0,0,0,0,0,0,0,0,0,0,0,0,0,0,0,0,0,0,0,0,0,0,0,0,0,0,0,0,0,0,0,0,0,0,0,0,0,0,0,0,0,0,0,0,0,0,0,0,0,0,0,0,0,0,0,0,0,0,0,0,0,0,0,0,0,0,0,0,0,0,0,0,0,0,0,0,0,0,0,0,0,0,0,0,0,0,0,0,0,0,0,0,0,0,0,0,0,0,0,0,0,0,0,0,0,0,0,0,0,0,0,0,0,0,0,0,0,0,0,0,0,0,0,0,0,0,0,0,0,0,0,0,0,0,0,0,0,0,0,0,0,0,0,0,0,0,0,0,0,0,0,0,0,0,0,0,0,0,0,0,0,0,0,0,0,0,0,0,0,0,0,0,0,0,0,0,0,0,0,0,0,0,0,0,0,0,0,0,0,0,0,0,0,0,0,0,0,0,0,0,0,0,0,0,0,0,0,0,0,0,0,0,0,0,0,0,0,0,0,0,0,0,0,0,0,0,0,0,0,0,0,0,0,0,0,0,0,0,0,0,0,0,0,0,0,0,0,0,0,0,0,0,0,0,0,0,0,0,0,0,0,0,0,0,0,0,0,0,0,0,0,0,0,0,0,0,0,0,0,0,0,0,0,0,0,0,0,0,0,0,0,0,0,0,0,0,0,0,0,0,0,0,0,0,0,0,0,0,0,0,0,0,0,0,0,0,0,0,0,0,0,0,0,0,0,0,0,0,0,0,0,0,0,0,0,0,0,0,0,0,0,0,0,0,0,0,0,0,0,0,0,0,0,0,0,0,0,0,0,0,0,0,0,0,0,0,0,0,0,0,0,0,0,0,0,0,0,0,0,0,0,0,0,0,0,0,0,0,0,0,0,0,0,0,0,0,0,0,0,0,0,0,0,0,0,0,0,0,0,0,0,0,0,0,0,0,0,0,0,0,0,0,0,0,0,0,0,0,0,0,0,0,0,0,0,0,0,0,0,0,0,0,0,0,0,0,0,0,0,0,0,0,0,0,0,0,0,0,0,0,0,0,0,0,0,0,0,0,0,0,0,0,0,0,0,0,0,0,0,0,0,0,0,0,0,0,0,0,0,0,0,0,0,0,0,0,0,0,0,0,0,0,0,0,0,0,0,0,0,0,0,0,0,0,0,0,0,0,0,0,0,0,0,0,0,0,0,0,0,0,0,0,0,0,0,0,0,0,0,0,0,0,0,0,0,0,0,0,0,0,0,0,0,0,0,0,0,0,0,0,0,0,0,0,0,0,0,0,0,0,0,0,0,0,0,0,0,0,0,0,0,0,0,0,0,0,0,0,0,0,0,0,0,0,0,0,0,0,0,0,0,0,0,0,0,0,0,0,0,0,0,0,0,0,0,0,0,0,0,0,0,0,0,0,0,0,0,0,0,0,0,0,0,0,0,0,0,0,0,0,0,0,0,0,0,0,0,0,0,0,0,0,0,0,0,0,0,0,0,0,0,0,0,0,0,0,0,0,0,0,0,0,0,0,0,0,0,0,0,0,0,0,0,0,0,0,0,0,0,0,0,0,0,0,0,0,0,0,0,0,0,0,0,0,0,0,0,0,0,0,0,0,0,0,0,0,0,0,0,0,0,0,0,0,0,0,0,0,0,0,0,0,0,0,0,0,0,0,0,0,0,0,0,0,0,0,0,0,0,0,0,0,0,0,0,0,0,0,0,0,0,0,0,0,0,0,0,0,0,0,0,0,0,0,0,0,0,0,0,0,0,0,0,0,0,0,0,0,0,0,0,0,0,0,0,0,0,0,0,0,0,0,0,0,0,0,0,0,0,0,0,0,0,0,0,0,0,0,0,0,0,0,0,0,0,0,0,0,0,0,0,0,0,0,0,0,0,0,0,0,0,0,0,0,0,0,0,0,0,0,0,0,0,0,0,0,0,0,0,0,0,0,0,0,0,0,0,0,0,0,0,0,0,0,0,0,0,0,0,0,0,0,0,0,0,0,0,0,0,0,0,0,0,0,0,0,0,0,0,0,0,0,0,0,0,0,0,0,0,0,0,0,0,0,0,0,0,0,0,0,0,0,0,0,0,0,0,0,0,0,0,0,0,0,0,0,0,0,0,0,0,0,0,0,0,0,0,0,0,0,0,0,0,0,0,0,0,0,0,0,0,0,0,0,0,0,0,0,0,0,0,0,0,0,0,0,0,0,0,0,0,0,0,0,0,0,0,0,0,0,0,0,0,0,0,0,0,0,0,0,0,0,0,0,0,0,0,0,0,0,0,0,0,0,0,0,0,0,0,0,0,0,0,0,0,0,0,0,0,0,0,0,0,0,0,0,0,0,0,0,0,0,0,0,0,0,0,0,0,0,0,0,0,0,0,0,0,0,0,0,0,0,0,0,0,0,0,0,0,0,0,0,0,0,0,0,0,0,0,0,0,0,0,0,0,0,0,0,0,0,0,0,0,0,0,0,0,0,0,0,0,0,0,0,0,0,0,0,0,0,0,0,0,0,0,0,0,0,0,0,0,0,0,0,0,0,0,0,0,0,0,0,0,0,0,0,0,0,0,0,0,0,0,0,0,0,0,0,0,0,0,0,0,0,0,0,0,0,0,0,0,0,0,0,0,0,0,0,0,0,0,0,0,0,0,0,0,0,0,0,0,0,0,0,0,0,0,0,0,0,0,0,0,0,0,0,0,0,0,0,0,0,0,0,0,0,0,0,0,0,0,0,0,0,0,0,0,0,0,0,0,0,0,0,0,0,0,0,0,0,0,0,0,0,0,0,0,0,0,0,0,0,0,0,0,0,0,0,0,0,0,0,0,0,0,0,0,0,0,0,0,0,0,0,0,0,0,0,0,0,0,0,0,0,0,0,0,0,0,0,0,0,0,0,0,0,0,0,0,0,0,0,0,0,0,0,0,0,0,0,0,0,0,0,0,0,0,0,0,0,0,0,0,0,0,0,0,0,0,0,0,0,0,0,0,0,0,0,0,0,0,0,0,0,0,0,0,0,0,0,0,0,0,0,0,0,0,0,0,0,0,0,0,0,0,0,0,0,0,0,0,0,0,0,0,0,0,0,0,0,0,0,0,0,0,0,0,0,0,0,0,0,0,0,0,0,0,0,0,0,0,0,0,0,0,0,0,0,0,0,0,0,0,0,0,0,0,0,0,0,0,0,0,0,0,0,0,0,0,0,0,0,0,0,0,0,0,0,0,0,0,0,0,0,0,0,0,0,0,0,0,0,0,0,0,0,0,0,0,0,0,0,0,0,0,0,0,0,0,0,0,0,0,0,0,0,0,0,0,0,0,0,0,0,0,0,0,0,0,0,0,0,0,0,0,0,0,0,0,0,0,0,0,0,0,0,0,0,0,0,0,0,0,0,0,0,0,0,0,0,0,0,0,0,0,0,0,0,0,0,0,0,0,0,0,0,0,0,0,0,0,0,0,0,0,0,0,0,0,0,0,0,0,0,0,0,0,0,0,0,0,0,0,0,0,0,0,0,0,0,0,0,0,0,0,0,0,0,0,0,0,0,0,0,0,0,0,0,0,0,0,0,0,0,0,0,0,0,0,0,0,0,0,0,0,0,0,0,0,0,0,0,0,0,0,0,0,0,0,0,0,0,0,0,0,0,0,0,0,0,0,0,0,0,0,0,0,0,0,0,0,0,0,0,0,0,0,0,0,0,0,0,0,0,0,0,0,0,0,0,0,0,0,0,0,0,0,0,0,0,0,0,0,0,0,0,0,0,0,0,0,0,0,0,0,0,0,0,0,0,0,0,0,0,0,0,0,0,0,0,0,0,0,0,0,0,0,0,0,0,0,0,0,0,0,0,0,0,0,0,0,0,0,0,0,0,0,0,0,0,0,0,0,0,0,0,0,0,0,0,0,0,0,0,0,0,0,0,0,0,0,0,0,0,0,0,0,0,0,0,0,0,0,0,0,0,0,0,0,0,0,0,0,0,0,0,0,0,0,0,0,0,0,0,0,0,0,0,0,0,0,0,0,0,0,0,0,0,0,0,0,0,0,0,0,0,0,0,0,0,0,0,0,0,0,0,0,0,0,0,0,0,0,0,0,0,0,0,0,0,0,0,0,0,0,0,0,0,0,0,0,0,0,0,0,0,0,0,0,0,0,0,0,0,0,0,0,0,0,0,0,0,0,0,0,0,0,0,0,0,0,0,0,0,0,0,0,0,0,0,0,0,0,0,0,0,0,0,0,0,0,0,0,0,0,0,0,0,0,0,0,0,0,0,0,0,0,0,0,0,0,0,0,0,0,0,0,0,0,0,0,0,0,0,0,0,0,0,0,0,0,0,0,0,0,0,0,0,0,0,0,0,0,0,0,0,0,0,0,0,0,0,0,0,0,0,0,0,0,0,0,0,0,0,0,0,0,0,0,0,0,0,0,0,0,0,0,0,0,0,0,0,0,0,0,0,0,0,0,0,0,0,0,0,0,0,0,0,0,0,0,0,0,0,0,0,0,0,0,0,0,0,0,0,0,0,0,0,0,0,0,0,0,0,0,0,0,0,0,0,0,0,0,0,0,0,0,0,0,0,0,0,0,0,0,0,0,0,0,0,0,0,0,0,0,0,0,0,0,0,0,0,0,0,0,0,0,0,0,0,0,0,0,0,0,0,0,0,0,0,0,0,0,0,0,0,0,0,0,0,0,0,0,0,0,0,0,0,0,0,0,0,0,0,0,0,0,0,0,0,0,0,0,0,0,0,0,0,0,0,0,0,0,0,0,0,0,0,0,0,0,0,0,0,0,0,0,0,0,0,0,0,0,0,0,0,0,0,0,0,0,0,0,0,0,0,0,-0.054286692,1.0577164,0.386959,-0.7582006,-0.18574382,1.3202616,0.7609075,-1.2360475,-1.0753709,-0.3804997,0.12269139,-0.029742287,1.2666206,-1.0429525,1.2761555,0.18113045,-1.8193924,-0.028942594,0.39661682,0.24123041,0.99915427,1.515448,1.7122954,-0.5083274,-0.7452825,-0.056009106,0.93991554,0.700746,-0.019346286,0.40996552,1.6352173,-1.0731564,1.8210535,-0.94465196,0.18014622,0.084121615,-0.74632823,-0.46969616,-0.090888,1.0363708,-1.5364858,1.4306191,0.41630155,0.2951789,0.19367947,-1.1046519,-1.2031372,0.7315649,0.58220696,-1.0312648,-1.5530334,-1.5773932,0.09199551,0.06886594,0.3313496,-0.604106,0.024636798,0.36493668,1.5740716,-0.67681646,0.2802923,0.335102,-0.09101103,0.5770397,0.13905433,-0.7861898,0.2839832,0.4534565,-0.13376382,-0.09488646,0.1638448,0.24602857,0.54363716,-0.092917986,0.36352184,0.8945791,-0.2334793,1.407551,1.1303654,0.05976175,0.4442908,-0.9990925,-0.01750084,-0.29314867,-9.2152055e-05,-1.0563629,0.7129259,0.038785204,0.26835844,-1.3636907,1.4631604,-0.36235282,0.2631912,0.19681673,-0.45148778,0.30274522,-1.3410534,-0.7784389,-0.19392529,-1.2124873,0.49350262,1.0200694,-0.16974998,-1.71371,0.7220916,0.52407545,-0.21619365,1.0492274,-0.84155315,-0.36604372,-0.079138674,-0.05158004,0.62729734,-0.87501717,1.4143792,0.45025772,-0.26577458,0.01811623,-0.1295193,-0.29173383,0.40024617,0.17848532,-1.1856669,0.3197233,-0.10054582,0.3254442,-0.14803526,0.3400232,-0.311111,1.4284661,0.021253483,-0.7906804,0.2885968,1.197355,-1.1022528,0.017070478,0.72916585,0.15086517,0.019469555,0.7605384,1.3194003,-0.19546317,0.3397156,0.4755403,-0.4025835,1.3421608,-1.2513032,0.8427222,0.133518,-0.58103794,0.5005153,-0.6386158,-0.33424056,-0.72621286,0.5841754,-0.0879968,-0.10694336,-0.77554774,-0.031772275,-0.19989222,-0.84389067,0.5993081,0.58331424,-0.51780075,-1.1047134,1.3042063,0.74005395,0.69982326,-0.09974613,1.1255672,0.28139958,-0.28435206,1.2083046,0.40762797,-0.2234524,1.2487198,-1.2418915,0.73261064,1.21218,-0.45542473,-0.08916558,-0.28515175,-0.16021518,0.47381788,-0.39200297,-0.24978073,-0.815963,1.0711266,1.4376934,1.2279893,0.33700895,-0.17504025,-0.9098961,-0.15338704,-0.12349085,-0.81221056,0.6341255,0.60207623,-0.63424826,-0.040999494,-0.25734705,-0.110142134,-0.30668193,0.4759709,0.33104202,-0.2509495,-0.8766781,0.96864295,0.26595935,0.5933412,0.9213381,1.4488275,-0.07895413,0.65891594,0.56196856,0.3724415,-0.25519404,0.6816149,-1.4205304,-0.8734793,-0.39729324,1.1913265,0.27635536,-0.29634744,0.4613919,0.8051366,1.4503038,0.29284135,-0.2214224,0.8444446,0.88799703,0.43327963,-0.21711637,-0.8167012,-0.068312064,0.103683315,-0.60053813,-0.07538627,0.09999243,-0.43217212,-0.29093415,-0.745467,0.25002703,-0.7367934,-0.50500566,-0.5059899,0.38351417,-1.0315108,-1.4170856,-0.68905795,-0.14102256,-0.17411752,0.47314122,0.038600657,-0.93886954,-0.6805689,0.10921965,-0.3207073,-0.5387158,1.355571,1.0390159,-0.9087273,-0.17971538,0.72467524,-0.34088415,-0.083321676,-0.5564935,-0.09261041,0.9393004,-0.5406842,0.4772012,-0.46391377,0.06468294,-0.47486338,0.24399859,-1.2501345,-0.7537715,1.7884507,0.24430616,0.95080364,-0.5151556,-0.37084186,-0.26423672,-0.036139827,0.3587237,-0.31689337,0.11518659,-0.18180688,0.062529914,0.6806306,0.030111616,0.059023574,0.5921109,1.2578856,-0.56578225,0.16599782,-0.08701257,-0.6498115,-0.4469972,-0.84499794,0.8395849,-0.37490183,0.405721,0.063883245,-0.033740748,0.32193783,0.77284133,0.5507729,-0.26577458,-0.502299,-0.38788146,-0.032879543,-0.63412523,-1.7960168,0.24590555,-0.67490953,-0.6485197,0.18119197,0.44053838,-0.92859656,0.13038075,-0.4549941,-0.24818134,0.09513276,0.24855068,0.8163323,-0.30502102,-0.2766012,1.170473,-1.7131563,-0.3722567,0.4481047,0.61198014,0.98082286,0.33454838,-0.2961014,-1.5976316,-1.0821375,0.3952635,-0.43672422,0.7178471,0.7250443,0.30416006,-0.309081,0.26491362,-0.3065589,-0.5777162,-0.42245278,0.13856222,-0.43524787,0.914633,-1.2573932,0.11697052,0.3188621,0.18371408,-0.32624364,0.53514814,0.048073936,0.6977933,-0.61813134,-0.98968077,1.3206922,-0.4562244,0.013441104,-0.42608216,0.55274135,0.019100467,0.92792016,0.43284902,-0.12576689,0.4565322,-0.21385609,0.19786248,-0.4404151,0.13419466,0.17700896,0.06142265,-0.26442125,0.022422265,1.0406153,-0.6132717,0.49454838,0.63873905,-0.6087196,-0.23667808,-0.9503113,-0.454502,1.4739871,0.3376856,0.035340372,-0.22683571,-0.26356006,0.74749726,-0.29548624,-1.1754555,-0.3269818,-0.8135639,0.24369101,0.440969,0.31781635,-1.3277662,-0.24947315,0.065052025,0.90171486,0.49405625,-0.16144548,-1.2960244,-0.31092644,-0.66765076,-0.40602833,-0.20653583,-0.080307454,0.7066514,0.09876213,-0.039400112,1.1255057,0.16445994,-0.39397144,-0.17467116,0.034848254,-1.0485505,0.2199463,0.7786237,-0.33657813,-0.23889261,-0.4366012,0.70019233,-0.047766123,0.65479445,0.0657902,-0.40572077,-0.48618212,-1.0134255,0.3354711,-0.40295258,0.7727183,-0.96396756,-0.079200186,0.39138806,-0.019776888,-0.09716251,-0.77862346,-0.29542473,-0.06166847,0.9018994,-0.5263513,1.3008844,-0.3809303,-0.103560045,-0.2671279,-0.13357927,0.46176097,-1.0369241,-1.0003228,-0.3659822,0.4361093,0.4323569,1.0201924,-0.7524797,-0.13979226,1.4459978,-0.13936166,-0.010426639,0.36905816,-0.58977306,-0.38455966,-0.14391376,-0.6403382,-0.03773921,-0.07286416,0.66814315,1.1231681,-0.42903486,-1.1429757,0.21065757,0.7678586,0.6049059,0.40978098,-1.1616762,-0.50506717,-1.3403766,0.41285673,-1.196555,0.44515198,0.2615303,-0.11869269,0.94785094,-0.41365618,0.98156106,-0.29597834,-0.786928,-0.66223747,-0.4416454,0.56676674,-0.5346558,-0.66961926,0.19263372,-0.4270664,1.2711112,-0.016516604,-1.8595616,-0.26429823,0.38308355,0.61573255,-0.72608984,0.64870447,-0.10694336,0.6929336,-1.4092733,-0.5866973,0.47400242,-0.40061504,-0.01762387,0.94495976,-1.2509956,0.46619004,-0.049796112,-0.2927796,-1.0097346,0.5640601,-0.2733409,-0.12066116,-0.9185082,0.32372177,0.6600232,-1.1433448,-0.7022836,-1.2260207,1.0065361,-0.92146087,-0.41722402,-0.37976152,-0.39735475,-0.2533486,-0.22745086,-1.341853,-0.056870315,1.357478,-0.06591299,0.12638228,-0.3522644,-1.4388003,-0.009134828,0.25396398,0.11697052,-0.088119835,-1.3716261,-0.35472497,1.2299578,0.49959257,-1.0191463,-1.1742867,0.32015392,0.40424463,-0.7545097,0.7209228,0.7969551,0.43617082,-0.54443663,0.36795092,0.0657902,0.28109202,0.9730105,-0.16230668,0.5610459,-0.30046892,-0.08787377,0.3114188,0.1010997,0.13284133,-0.7356862,-0.024759587,-0.022360511,0.30705124,0.2980701,0.56270677,0.24184556,0.14834307,-0.7799153,0.017931685,1.0332335,1.2616994,0.673741,0.40959644,-0.23741625,0.06308355,0.92878133,1.2548714,0.84179944,0.79547876,-0.33344087,-0.5008842,0.51201856,0.59721655,0.007412654,-0.31351006,-0.20530553,0.42559028,-1.1566935,0.49700895,-0.28484416,0.5379778,0.25211853,0.6080432,0.85182637,0.83872366,0.19497128,-0.51595527,-0.99706256,0.39046532,-0.98900414,0.70966566,-0.4640983,0.59247994,1.4807537,-1.3983237,-1.1372548,0.3125876,0.37102664,-0.19989222,-0.07108023,0.6398463,-0.6931794,-0.3900345,-0.23274113,1.0612842,-0.903437,1.1189852,-0.4616377,0.45548648,-0.4138407,0.31025,-1.0948095,-0.49319482,-0.11943087,0.44139957,-0.41783917,0.85828537,0.9263823,-0.37484032,0.45210317,0.13690132,-0.4786158,-0.028019872,-0.36327556,-0.4644674,-0.17750084,-0.012702687,1.4014611,0.25218004,-0.08541318,-0.5157092,-0.23907715,-0.4902421,-0.48507485,-0.34992683,0.34808162,0.12299897,0.07304895,0.032510694,-0.2272048,-0.6934255,-0.76527476,-0.91881573,0.7938179,-0.5421606,-0.4216531,0.21564026,0.16070753,-0.6192386,0.39237228,0.21557875,0.7498963,1.4025683,-0.58528244,0.46416005,-0.4183928,0.6105653,-0.5185389,-0.46096104,0.6415072,1.0512574,0.05779328,-0.6496885,-1.0501498,0.2718648,0.027527994,-0.0892271,0.27740112,0.0333719,0.0105499085,-0.42036128,1.4933642,-0.4644674,-1.036555,-0.6503651,-0.618562,-0.009380887,-1.0100422,0.08848916,-1.554079,0.22363718,0.376686,1.139408,0.49516353,0.34968102,-0.992818,0.049304236,-0.20930399,-0.2388311,-0.23058811,-0.4665589,-0.06265271,-0.30975768,0.07181865,0.114448406,0.0059978133,0.5852212,-1.134425,-0.19349469,-0.28625903,1.359385,-1.5928334,-0.24787377,0.6939179,0.55224925,-0.121522374,-0.24018443,0.53028846,-0.34463656,0.14785095,0.011165056,-0.16802756,-0.12182994,-0.1569549,-1.2108265,-0.43284878,0.08504433,-0.6674662,-0.7637984,0.8690505,0.18531346,-0.20352161,0.17067294,0.89827,0.79910815,-0.8742175,-0.25648585,-0.54369843,0.34291437,1.8462131,-0.58786607,0.4382623,-0.039400112,-0.19244894,-1.0084428,1.0730336,-1.2842752,-0.20813522,-1.6314647,-0.61757773,0.322676,0.7169859,0.3766245,-0.52456737,-0.2072125,0.6629144,1.1635219,0.55637074,-0.0435216,0.1655672,0.37108818,0.57550186,-0.04911945,0.30495974,-0.24682802,0.7676741,-0.2276354,-1.273141,0.026051639,0.90411395,-0.49079573,0.122199275,0.20561334,-0.94520557,-1.1106188,-0.52918094,0.17208777,0.4464438,0.029557982,1.0524876,-0.39901564,-0.48796606,0.48618236,1.193295,0.17694744,0.56928885,0.2528567,0.5513265,0.47670907,-0.3098807,-0.92441356,-0.06615905,-0.04106101,-1.1238445,0.036263097,-0.109650016,-0.8836908,-0.36961156,0.9726414,-0.32759696,0.8889198,-0.7904959,-0.7342098,0.33325657,0.43955413,-0.41064194,0.035094313,0.015225033,-0.17633206,-0.0010148741,0.071572594,0.09759335,-0.24332167,0.6682662,0.21059604,1.409335,-0.24830438,-0.11106485,-1.0970856,1.826959,-0.83583224,0.33516353,-0.29733166,-0.5734716,-0.5917415,0.28472137,-1.7694424,-0.1810687,0.37926963,0.63160336,-0.080430485,1.1181854,-0.41740856,0.41261065,0.40799704,-0.52788913,0.45548648,0.17946956,-1.2136562,1.1609998,0.05988478,-1.4832755,0.333072,-1.0267127,-0.9704266,0.16476752,-1.0266511,-1.2053517,-0.28176844,0.22142266,0.8255595,0.9621839,-0.16692029,1.8779547,0.122199275,-0.046351284,-0.23452507,0.11770869,0.3089582,-0.7984928,1.6552097,0.7316264,-1.3181083,-0.13960773,0.38105357,0.1468052,0.99737036,-0.7947404,-1.4907804,0.83644766,-0.21613213,0.6085968,0.54615927,-0.37293336,0.5652904,-0.22849661,-0.7606612,-0.009749976,-0.59887725,-1.2636677,0.19318736,0.14379098,0.15966178,-0.010918757,0.43586326,-0.18174537,-0.48587453,1.8547021,-0.3116646,0.8780317,-0.20524402,-0.3848057,1.0906883,0.914633,0.29480982,1.3938948,1.1971705,0.13850069,-0.19792375,0.26208395,-0.25051892,0.8557633,0.67429465,0.3733027,-0.50801986,1.1380547,0.002676014,-0.15670884,1.5096041,-0.34808138,-0.45357928,0.38419083,0.3283969,-0.6971779,0.22265294,-0.95375615,0.4684046,-0.22074574,-0.67613983,-0.8697269,-1.2015992,0.14729731,0.82771254,-0.09433283,0.16452146,-0.95910794,-0.36653584,-0.20038435,-1.0201921,-1.2694501,0.31129578,-0.25316405,-0.69994605,0.92718196,0.00046148116,0.24246071,-0.46606678,0.7743177,1.7341331,-0.6121029,-0.17916174,-0.03743164,-0.6565781,-1.2640983,-0.67374074,0.39938498,-0.40565923,0.016762903,0.8592081,0.74792784,0.20204549,0.1538794,1.6761247,-1.0836139,0.4442908,-0.516878,-0.21354851,-0.19140318,0.055886317,-0.28010753,-0.571011,0.25624004,0.62539035,0.029804042,-0.41525555,1.1097579,-0.5198307,-1.1037908,-0.40935013,-0.23206447,0.70277596,-0.6618069,0.3051443,-0.21840818,-0.1311802,-1.547497,0.58288366,0.19810854,0.77474827,-0.3140637,-0.14379074,-0.35214135,0.47431,-0.54572845,0.5311497,0.698716,0.02543649,1.5772704,-0.3850518,-1.3495424,-0.0601306,0.48292208,0.17122658,-0.2479353,-0.454502,0.32581326,0.1418225,0.7898194,-0.11783148,0.6514726,-0.1711033,-0.5240137,1.7238601,0.5063592,-0.51755464,0.6434757,0.55969256,0.8744023,-0.24916558,0.52967334,0.3762554,0.18599012,-0.20081495,1.1296272,1.251611,-0.8497346,-0.40393683,-0.99872345,0.4352481,-1.2113186,0.9049136,-1.751234,1.7807614,-1.8137331,1.7262592,-1.30193,-0.93419445,1.6823376,0.09451761,0.94920427,1.5770243,1.5784392,1.6875664,1.6915034,1.5065899,1.6075972,1.4293888,1.4494426,1.8470743,-1.6164551,-0.16569,0.9151866,1.1959401,-1.8263435,1.7313035,1.5406076,1.8824453,-0.77813137,-0.1768857,0.8956249,-1.66579,0.40356797,0.73519427,-1.711557,-1.5820068,-0.9124797,1.6771089,0.4872281,1.5742562,0.22468293,-1.8149633,-1.7586159,-1.8232678,-1.1824067,-1.2719722,-1.7227527,-1.5295962,0.29148802,1.357478,-1.5433755,-1.2559168,-1.7931256,0.044567592,-1.3004535,-1.2235601,-0.79504794,1.5996003,0.7745637,1.5866822,1.2463822,1.5462054,-1.2049826,1.4204077,-1.2548096,-1.8414147,-1.5978776,0.73211855,0.6587314,-0.7421452,1.559308,-0.6155477,0.3056364,1.0465822,-1.7754093,-1.1514032,1.3846675,-1.4816146,1.6496733,-0.46225286,0.21176483,1.2221454,-0.80046123,1.4529489,1.7154942,0.44410622,-1.0373547,-1.0356939,-0.955171,0.3686891,-0.50125325,-1.1763783,-1.2349403,1.303714,0.9677202,0.1721493,1.3766706,-0.67872345,0.85594785,-1.3704574,1.5283046,0.5932796,1.8109037,-1.4979776,0.34894285,-1.1888041,0.2876126,0.64532113,1.1070513,-0.23501718,-0.7853286,-0.8023067,1.2594849,1.1384238,0.4377087,1.2430605,-1.0538408,0.19583249,0.28502896,-1.3591387,-0.66506714,-0.7595539,
0,0,1,0,0,0,0,1,0,0,0,0,0,0,0,0,0,0,0,0,0,0,0,0,0,0,0,0,0,0,0,0,0,0,0,0,0,0,0,0,0,0,0,0,0,0,0,0,0,0,0,0,0,0,0,0,0,0,0,0,0,0,0,0,0,0,0,0,0,0,0,0,0,0,0,0,0,0,0,0,0,0,0,0,0,0,0,0,0,0,0,0,0,0,0,0,0,0,0,0,0,0,0,0,1,0,0,0,0,0,0,0,0,0,0,0,0,0,0,0,0,0,0,0,0,0,0,0,0,0,0,0,0,0,0,0,0,0,0,0,0,0,0,0,0,0,0,0,0,0,0,0,0,0,0,0,0,0,0,0,0,0,0,0,0,0,0,0,0,0,0,0,0,0,0,0,0,0,0,0,0,0,0,0,0,0,0,0,0,0,0,0,0,0,0,0,0,0,0,0,0,0,0,0,0,0,0,0,0,0,0,0,0,0,0,0,0,0,0,0,0,0,0,0,0,0,0,0,0,0,0,0,0,0,0,0,0,0,0,0,0,0,0,0,0,0,0,0,0,0,0,0,0,0,0,0,0,0,0,0,0,0,0,0,0,0,0,0,0,0,0,0,0,0,0,0,0,0,0,0,0,0,0,0,0,0,0,0,0,0,0,0,0,0,0,0,0,0,0,0,0,0,0,0,0,1,0,0,0,0,0,0,0,0,0,0,0,0,0,0,0,0,0,0,0,0,0,0,0,0,0,0,0,0,0,0,0,0,0,0,0,0,0,0,0,0,0,0,0,0,0,0,0,0,0,0,0,0,0,0,0,0,0,0,0,0,0,0,0,0,0,0,0,0,0,0,0,0,0,0,0,0,0,0,0,0,0,0,0,0,0,0,0,0,0,0,0,0,0,0,0,0,0,0,0,0,0,0,0,0,0,0,0,0,0,0,0,0,0,0,0,0,0,0,0,0,0,0,0,0,0,0,0,0,0,0,0,0,0,0,0,0,0,0,0,0,0,0,0,0,0,0,0,0,0,0,0,0,0,0,0,0,0,0,0,0,0,0,0,0,0,0,0,0,0,0,0,0,0,0,0,0,0,0,0,0,0,0,0,0,0,0,0,0,0,0,0,0,0,0,0,0,0,0,0,0,0,0,0,0,0,0,0,0,0,0,0,0,0,0,0,0,0,0,0,0,0,0,0,0,0,0,0,0,0,0,0,0,0,0,0,0,0,0,0,0,0,0,0,0,0,0,0,0,0,0,0,0,0,0,0,0,0,0,0,0,0,0,0,0,0,0,0,0,0,0,0,0,0,0,0,0,0,0,0,0,0,0,0,0,0,0,0,0,0,0,0,0,0,0,0,0,0,0,0,0,0,0,0,0,0,0,0,0,0,0,0,0,0,0,0,0,0,0,0,0,0,0,0,0,0,0,0,0,0,0,0,0,0,0,0,0,0,0,0,0,0,0,0,0,0,0,0,0,0,0,0,0,0,0,0,0,0,0,0,0,0,0,0,0,0,0,0,0,0,0,0,0,0,0,0,0,0,0,0,0,0,0,0,0,0,0,0,0,0,0,0,0,0,0,0,0,0,0,0,0,0,0,0,0,0,0,0,0,0,0,0,0,0,0,0,0,0,0,0,0,0,0,0,0,0,0,0,0,0,0,0,0,0,0,0,0,0,0,0,0,0,0,0,0,0,0,0,0,0,0,0,0,0,0,0,0,0,0,0,0,0,0,0,0,0,0,0,0,0,0,0,0,0,0,0,0,0,0,0,0,0,0,0,0,0,0,0,0,0,0,0,0,0,0,0,0,0,0,0,0,0,0,0,0,0,0,0,0,0,0,0,0,0,0,0,0,0,0,0,0,0,0,0,0,0,0,0,0,0,0,0,0,0,0,0,0,0,0,0,0,0,0,0,0,0,0,0,0,0,0,0,0,0,0,0,0,0,0,0,0,0,0,0,0,0,0,0,0,0,0,0,0,0,0,0,0,0,0,0,0,0,0,0,0,0,0,0,0,0,0,0,0,0,0,0,0,0,0,0,0,0,0,0,0,0,0,0,0,0,0,0,0,0,0,0,0,0,0,0,0,0,0,0,0,0,0,0,0,0,0,0,0,0,0,0,0,0,0,0,0,0,0,0,0,0,0,0,0,0,0,0,0,0,0,0,0,0,0,0,0,0,0,0,0,0,0,0,0,0,0,0,0,0,0,0,0,0,0,0,0,0,0,0,0,0,0,0,0,0,0,0,0,0,0,0,0,0,0,0,0,0,0,0,0,0,0,0,0,0,0,0,0,0,0,0,0,0,0,0,0,0,0,0,0,0,0,0,0,0,0,0,0,0,0,0,0,0,0,0,0,0,0,0,0,0,0,0,0,0,0,0,0,0,0,0,0,0,0,0,0,0,0,0,0,0,0,0,0,0,0,0,0,0,0,0,0,0,0,0,0,0,0,0,0,0,0,0,0,0,0,0,0,0,0,0,0,0,0,0,0,0,0,0,0,0,0,0,0,0,0,0,0,0,0,0,0,0,0,0,0,0,0,0,0,0,0,0,0,0,0,0,0,0,0,0,0,0,0,0,0,0,0,0,0,0,0,0,0,0,0,0,0,0,0,0,0,0,0,0,0,0,0,0,0,0,0,0,0,0,0,0,0,0,0,0,0,0,0,0,0,0,0,0,0,0,0,0,0,0,0,0,0,0,0,0,0,0,0,0,0,0,0,0,0,0,0,0,0,0,0,0,0,0,0,0,0,0,0,0,0,0,0,0,0,0,0,0,0,0,0,0,0,0,0,0,0,0,0,0,0,0,0,0,0,0,0,0,0,0,0,0,0,0,0,0,0,0,0,0,0,0,0,0,0,0,0,0,0,0,0,0,0,0,0,0,0,0,0,0,0,0,0,0,0,0,0,0,0,0,0,0,0,0,0,0,0,0,0,0,0,0,0,0,0,0,0,0,0,0,0,0,0,0,0,0,0,0,0,0,0,0,0,0,0,0,0,0,0,0,0,0,0,0,0,0,0,0,0,0,0,0,0,0,0,0,0,0,0,0,0,0,0,0,0,0,0,0,0,0,0,0,0,0,0,0,0,0,0,0,0,0,0,0,0,0,0,0,0,0,0,0,0,0,0,0,0,0,0,0,0,0,0,0,0,0,0,0,0,0,0,0,0,0,0,0,0,0,0,0,0,0,0,0,0,0,0,0,0,0,0,0,0,0,0,0,0,0,0,0,0,0,0,0,0,0,0,0,0,0,0,0,0,0,0,0,0,0,0,0,0,0,0,0,0,0,0,0,0,0,0,0,0,0,0,0,0,0,0,0,0,0,0,0,0,0,0,0,0,0,0,0,0,0,0,0,0,0,0,0,0,0,0,0,0,0,0,0,0,0,0,0,0,0,0,0,0,0,0,0,0,0,0,0,0,0,0,0,0,0,0,0,0,0,0,0,0,0,0,0,0,0,0,0,0,0,0,0,0,0,0,0,0,0,0,0,0,0,0,0,0,0,0,0,0,0,0,0,0,0,0,0,0,0,0,0,0,0,0,0,0,0,0,0,0,0,0,0,0,0,0,0,0,0,0,0,0,0,0,0,0,0,0,0,0,0,0,0,0,0,0,0,0,0,0,0,0,0,0,0,0,0,0,0,0,0,0,0,0,0,0,0,0,0,0,0,0,0,0,0,0,0,0,0,0,0,0,0,0,0,0,0,0,0,1,0,0,0,0,0,0,0,0,0,0,0,0,0,0,0,0,0,0,0,0,0,0,0,0,0,0,0,0,0,0,0,0,0,0,0,0,0,0,0,0,0,0,0,0,0,0,0,0,0,0,0,0,0,0,0,0,0,0,0,0,0,0,0,0,0,0,0,0,0,0,0,0,0,0,0,0,0,0,0,0,0,0,0,0,0,0,0,0,0,0,0,0,0,0,0,0,0,0,0,0,0,0,0,0,0,0,0,0,0,0,0,0,0,0,0,0,0,0,0,0,0,0,0,0,0,0,0,0,0,0,0,0,0,0,0,0,0,0,0,0,0,0,0,0,0,0,0,0,0,0,0,0,0,0,0,0,0,0,0,0,0,0,0,0,0,0,0,0,0,0,0,0,0,0,0,0,0,0,0,0,0,0,0,0,0,0,0,0,0,0,0,0,0,0,0,0,0,0,0,0,0,0,0,0,0,0,0,0,0,0,0,0,0,0,0,0,0,0,0,0,0,0,0,0,0,0,0,0,0,0,0,0,0,0,0,0,0,0,0,0,0,0,0,0,0,0,0,0,0,0,0,0,0,0,0,0,0,0,0,0,0,0,0,0,0,0,0,0,0,0,0,0,0,0,0,0,0,0,0,0,0,0,0,0,0,0,0,0,0,0,0,0,0,0,0,0,0,0,0,0,0,0,0,0,0,0,0,0,0,0,0,0,0,0,0,0,0,0,0,0,0,0,0,0,0,0,0,0,0,0,0,0,0,0,0,0,0,0,0,0,0,0,0,0,0,0,0,0,0,0,0,0,0,0,0,0,0,0,0,0,0,0,0,0,0,0,0,0,0,0,0,0,0,0,0,0,0,0,0,0,0,0,0,0,0,0,0,0,0,0,0,0,0,0,0,0,0,0,0,0,0,0,0,0,0,0,0,0,0,0,0,0,0,0,0,0,0,0,0,0,0,0,0,0,0,0,0,0,0,0,0,0,0,0,0,0,0,0,0,0,0,0,0,0,0,0,0,0,0,0,0,0,0,0,0,0,0,0,0,0,0,0,0,0,0,0,0,0,0,0,0,0,0,0,0,0,0,0,0,0,0,0,0,0,0,0,0,0,0,0,0,0,0,0,0,0,0,0,0,0,0,0,0,0,0,0,0,0,0,0,0,0,0,0,0,0,0,0,0,0,0,0,0,0,0,0,0,0,0,0,0,0,0,0,0,0,0,0,0,0,0,0,0,0,0,0,0,0,0,0,0,0,0,0,0,0,0,0,0,0,0,0,0,0,0,0,0,0,0,0,0,0,0,0,0,0,0,0,0,0,0,0,0,0,0,0,0,0,0,0,0,0,0,0,0,0,0,0,0,0,0,0,0,0,0,0,0,0,0,0,0,0,0,0,0,0,0,0,0,0,0,0,0,0,0,0,0,0,0,0,0,0,0,0,0,0,0,0,0,0,0,0,0,0,0,0,0,0,0,0,0,0,0,0,0,0,0,0,0,0,0,0,0,0,0,0,0,0,0,0,0,0,0,0,0,0,0,0,0,0,0,0,0,0,0,0,0,0,0,0,0,0,0,0,0,0,0,0,0,0,0,0,0,0,0,0,0,0,0,0,0,0,0,0,0,0,0,0,0,0,0,0,0,0,0,0,0,0,0,0,0,0,0,0,0,0,0,0,0,0,0,0,0,0,0,0,0,0,0,0,0,0,0,0,0,0,0,0,0,0,0,0,0,0,0,0,0,0,0,0,0,0,0,0,0,0,0,0,0,0,0,0,0,0,0,0,0,0,0,0,0,0,0,0,0,0,0,0,0,0,0,0,0,0,0,0,0,0,0,0,0,0,0,0,0,0,0,0,0,0,0,0,0,0,0,0,0,0,0,0,0,0,0,0,0,0,0,0,0,0,0,0,0,0,0,0,0,0,0,0,0,0,0,0,0,0,0,0,0,0,0,0,0,0,0,0,0,0,0,0,0,0,0,0,0,0,0,0,0,0,0,0,0,0,0,0,0,0,0,0,0,0,0,0,0,0,0,0,0,0,0,0,0,0,0,0,0,0,0,0,0,0,0,0,0,0,0,0,0,0,0,0,0,0,0,0,0,0,0,0,0,0,0,0,0,0,0,0,0,0,0,0,0,0,0,0,0,0,0,0,0,0,0,0,0,0,0,0,0,0,0,0,0,0,0,0,0,0,0,0,0,0,0,0,0,0,0,0,0,0,0,0,0,0,0,0,0,0,0,0,0,0,0,0,0,0,0,0,0,0,0,0,0,0,0,0,0,0,0,0,0,0,0,0,0,0,0,0,0,0,0,0,0,0,0,0,0,0,0,0,0,0,0,0,0,0,0,0,0,0,0,0,0,0,0,0,0,0,0,0,0,0,0,0,0,0,0,0,0,0,0,0,0,0,0,0,0,0,0,0,0,0,0,0,0,0,0,0,0,0,0,0,0,0,0,0,0,0,0,0,0,0,0,0,0,0,0,0,0,0,0,0,0,0,0,0,0,0,0,0,0,0,0,0,0,0,0,0,0,0,0,0,0,0,0,0,0,0,0,0,0,0,0,0,0,0,0,0,0,0,0,0,0,0,0,0,0,0,0,0,0,0,0,0,0,0,0,0,0,0,0,0,0,0,0,0,0,0,0,0,0,0,0,0,0,0,0,0,0,0,0,0,0,0,0,0,0,0,0,0,0,0,0,0,0,0,0,0,0,0,0,0,0,0,0,0,0,0,0,0,0,0,0,0,0,0,0,0,0,0,0,0,0,0,0,0,0,0,0,0,0,0,0,0,0,0,0,0,0,0,0,0,0,0,0,0,0,0,0,0,0,0,0,0,0,0,0,0,0,0,0,0,0,0,0,0,0,0,0,0,0,0,0,0,0,0,0,0,0,0,0,0,0,0,0,0,0,0,0,0,0,0,0,0,0,0,0,0,0,0,0,0,0,0,0,0,0,0,0,0,0,0,0,0,0,0,0,0,0,0,0,0,0,0,0,0,0,0,0,0,0,0,0,0,0,0,0,0,0,0,0,0,0,0,0,0,0,0,0,0,0,0,0,0,0,0,0,0,0,0,0,0,0,0,0,0,0,0,0,0,0,0,0,0,0,0,0,0,0,0,0,0,0,0,0,0,0,0,0,0,0,0,0,0,0,0,0,0,0,0,0,0,0,0,0,0,0,0,0,0,0,0,0,0,0,0,0,0,0,0,0,0,0,0,0,0,0,0,0,0,0,0,0,0,0,0,0,0,0,0,0,0,0,0,0,0,0,0,0,0,0,0,0,0,0,0,0,0,0,0,0,0,0,0,0,0,0,0,0,0,0,0,0,0,0,0,0,0,0,0,0,0,0,0,0,0,0,0,0,0,0,0,0,0,0,0,0,0,0,0,0,0,0,0,0,0,0,0,0,0,0,0,0,0,0,0,0,0,0,0,0,0,0,0,0,0,0,0,0,0,0,0,0,0,0,0,0,0,0,0,0,0,0,0,0,0,0,0,0,0,0,0,0,0,0,0,0,0,0,0,0,0,0,0,0,0,0,0,0,0,0,0,0,0,0,0,0,0,0,0,0,0,0,0,0,0,0,0,0,0,0,0,0,0,0,0,0,0,0,0,0,0,0,0,0,0,0,0,0,0,0,0,0,0,0,0,0,0,0,0,0,0,0,0,0,0,0,0,0,0,0,0,0,0,0,0,0,0,0,0,0,0,0,0,0,0,0,0,0,0,0,0,0,0,0,0,0,0,0,0,0,0,0,0,0,0,0,0,0,0,0,0,0,0,0,0,0,0,0,0,0,0,0,0,0,0,0,0,0,0,0,0,0,0,0,0,0,0,0,0,0,0,0,0,0,0,0,0,0,0,0,0,0,0,0,0,0,0,0,0,0,0,0,0,0,0,0,0,0,0,0,0,0,0,0,0,0,0,0,0,0,0,0,0,0,0,0,0,0,0,0,0,0,0,0,0,0,0,0,0,0,0,0,0,0,0,0,0,0,0,0,0,0,0,0,0,0,0,0,0,0,0,0,0,0,0,0,0,0,0,0,0,0,0,0,0,0,0,0,0,0,0,0,0,0,0,0,0,0,0,0,0,0,0,0,0,0,0,0,0,0,0,0,0,0,0,0,0,0,0,0,0,0,0,0,0,0,0,0,0,0,0,0,0,0,0,0,0,0,0,0,0,0,0,0,0,0,0,0,0,0,0,0,0,0,0,0,0,0,0,0,0,0,0,0,0,0,0,0,0,0,0,0,0,0,0,0,0,0,0,0,0,0,0,0,0,0,0,0,0,0,0,0,0,0,0,0,0,0,0,0,0,0,0,0,0,0,0,0,0,0,0,0,0,0,0,0,0,0,0,0,0,0,0,0,0,0,0,0,0,0,0,0,0,0,0,0,0,0,0,0,0,0,0,0,0,0,0,0,0,0,0,0,0,0,0,0,0,0,0,0,0,0,0,0,0,0,0,0,0,0,0,0,0,0,0,0,0,0,0,0,0,0,0,0,0,0,0,0,0,0,0,0,0,0,0,0,0,0,0,0,0,0,0,0,0,0,0,0,0,0,0,0,0,0,0,0,0,0,0,0,0,0,0,0,0,0,0,0,0,0,0,0,0,0,0,0,0,0,0,0,0,0,0,0,0,0,0,0,0,0,0,0,0,0,0,0,0,0,0,0,0,0,0,0,0,0,0,0,0,0,0,0,0,0,0,0,0,0,0,0,0,0,0,0,0,0,0,0,0,0,0,0,0,0,0,0,0,0,0,0,0,0,0,0,0,0,0,0,0,0,0,0,0,0,0,0,0,0,0,0,0,0,0,0,0,0,0,0,0,0,0,0,0,0,0,0,0,0,0,0,0,0,0,0,0,0,0,0,0,0,0,0,0,0,0,0,0,0,0,0,0,0,0,0,0,0,0,0,0,0,0,0,0,0,0,0,0,0,0,0,0,0,0,0,0,0,0,0,0,0,0,0,0,0,0,0,0,0,0,0,0,0.4792434,0.03912023,-0.47697118,1.6284899,-1.2668593,0.89253134,0.0782711,0.7158339,-0.64705706,0.5763427,-0.90542686,0.48779953,-1.4981346,-0.64601994,0.74435437,1.0665064,1.6046363,0.9586471,-0.09077768,-0.45609933,0.5353769,0.13984945,-1.0467329,-0.22119415,-0.5752373,0.3571238,0.10925473,1.4358468,0.26041338,-1.6654981,0.86232555,-0.56149554,-0.90309334,-0.12396517,0.41610938,0.3108428,-0.06510923,-0.8385333,0.45629734,-0.35627759,-1.1842796,-0.37118605,0.2574317,0.5756945,-0.23091704,-0.42757884,0.48624387,-0.41967088,1.2140352,-0.6193144,-0.6989125,-0.22197197,0.33171463,0.051176623,1.7189776,0.18950105,0.9502205,-0.70033854,-0.5939052,0.81306285,-1.0862727,-0.32918313,0.6110859,0.98561186,-0.25347418,-0.46919283,-0.57121843,1.3238391,0.12053329,1.2373701,0.3481787,-0.5360864,-1.3320676,-1.1849277,-0.66974384,-0.32179374,0.75316983,-0.40216967,0.26132086,-0.5106772,0.5038747,0.21413238,-0.04047789,0.42751756,0.20272419,0.7302238,0.61782706,0.2121878,-0.46543333,0.3518086,0.2926934,0.050787706,0.6366247,0.58619523,-0.42848632,-0.8916851,0.18224128,0.21309528,-0.38090894,-0.5554025,0.90082824,-0.31596,0.12131112,0.19014923,-0.36457446,-0.9225392,-0.38000146,0.45863083,-0.8009381,0.5681755,-0.3412395,0.16331404,-0.46478513,0.4762617,0.2675435,-0.09129623,-1.4002575,-0.4304309,0.46200144,0.58152825,-0.47385985,1.5838941,0.8760672,0.80269176,-0.50380635,-0.37157497,0.38006982,-0.50976974,-1.4081655,-1.1382579,0.5883991,0.1323304,0.22515167,0.13388607,0.52850604,0.25924662,-0.24102886,-0.20084088,-0.55436546,0.6611264,-0.26371562,-0.117872156,0.27506253,-0.076776706,0.20116852,-0.19643317,-0.56758857,-1.5628244,0.89097565,-0.7733251,0.4067754,0.52228343,0.6777201,0.24537529,-0.10711215,-0.68607825,0.02019299,-0.21328619,0.10199497,-0.46180344,0.7001476,0.122218594,-0.61425847,-0.08857382,0.19702008,0.95475787,0.9047174,-1.0861431,-0.18282111,-0.99111795,-0.32594216,-0.75932413,-0.4230415,-0.030366078,-0.0945372,0.086308695,-0.39050218,-0.9929329,-0.27395707,-0.57057023,0.51346797,-0.4179856,-0.43937597,-0.96337533,1.0281334,-0.22469439,-0.07327647,0.087734714,-0.6550946,-0.25152957,-0.63564885,-0.038792588,0.039768424,-0.16194929,-0.74636024,-0.025828725,-0.07548032,0.12779306,0.43088818,0.22878155,-0.411374,-0.31142265,-0.18800665,-0.19747028,1.2364626,-0.00093810767,-0.94444805,-0.5907939,-0.15481916,0.3279551,0.3155098,0.13647884,-0.38272387,0.32471412,0.52708006,-0.14055891,0.02395251,0.33651125,0.5435442,0.6048632,0.38019946,-0.70889467,0.26559892,0.032638296,0.4407407,0.269877,0.22385529,-0.525456,0.5069861,0.13401571,0.33391848,-0.57484835,-0.47697118,-0.49641696,-0.37183425,0.14568318,0.68588734,-0.6264445,-0.46180344,0.6316984,0.11625522,-1.0322134,-0.23039849,-0.09038877,-0.33436868,0.31213918,-0.59675723,0.081641704,0.3890149,1.3183943,0.27169195,-0.33748,-0.039311145,0.565842,-0.19967413,0.27584037,0.21140997,-0.06938731,-0.4126704,0.618216,0.03886095,-0.2721421,0.25496855,-0.8972596,-0.16791266,0.6469958,0.45292675,-0.54555,-0.20019269,0.47016868,-0.2005816,-0.025958363,-0.66585463,-0.22378692,-0.29443997,-0.06472032,0.7162228,0.35154933,-1.2152631,0.53900677,-0.62359244,0.018766964,-0.54075336,-0.20110016,-0.017272575,-0.21173052,0.52850604,1.4937953,0.083327,0.08345664,-0.7389708,0.31097245,0.6101784,0.81902623,0.18859357,-1.1232197,-0.30986696,-0.8687391,0.25367215,-0.548791,0.7890797,1.2329624,1.034745,-0.37351954,0.11742196,0.24822734,-0.43004197,0.21802154,-0.81079066,0.5091899,-0.13303988,-0.41318896,0.80658096,-0.15041146,0.17083308,0.55832297,0.16590682,-0.3630188,-0.2831614,1.2028862,0.07710435,-0.33540577,0.23202251,0.03147155,-0.04242247,0.14710921,0.34545633,0.5269504,0.28284085,-0.85512704,0.5664902,-0.83503306,-0.34733254,-0.39490992,-0.4046328,0.4088496,-0.5660329,0.21309528,-0.52519673,-0.08248081,0.86893713,0.9885936,0.18690827,-0.41720775,-0.38842797,0.8637516,-0.18191364,0.33288136,0.6372729,-1.1077927,0.6048632,1.2419075,0.4312771,0.54847044,0.62236446,0.49298507,1.1448082,-0.44365403,-0.03840367,-0.8512379,-0.8244027,-0.7534904,-0.20239654,-0.30610746,0.2977493,0.20116852,0.06958531,0.34273392,0.012155394,0.7033886,0.4333513,-0.21587896,0.90368026,0.4896145,0.085919775,-1.0585301,0.29697147,0.13505282,-0.16091219,-0.14017,0.010599731,0.09292026,0.9845748,0.34584522,0.9643512,0.5631196,-0.21561968,-1.208522,0.120403655,0.5388771,0.4481301,-0.6264445,-0.2539927,0.45772338,-0.8373666,-0.5310305,0.2430418,-0.4452097,-0.7961415,-0.028810414,-0.71822864,-0.052534282,-0.31751564,0.3038423,-0.5214372,-0.38103858,0.32977003,0.35362354,-0.09635214,-0.17996906,0.06543687,0.30163845,-1.0756423,-0.6405751,-0.8929815,0.6779794,-0.08390683,-0.22495367,0.31408376,-0.17659846,-0.44870993,-0.19241437,0.44890794,0.34364137,-0.27253103,-0.20654498,-0.33449832,-0.616592,-0.6121843,-0.47022995,0.40586793,0.006580933,0.068807475,-0.7772142,-0.06147935,0.56428635,-0.24893682,-0.50212103,-1.0209348,-0.8061237,0.6148454,-0.4405427,0.91340315,-0.4384685,0.29334158,-0.7916041,-0.3670376,-0.17115363,-0.4570068,-0.7005978,1.6010065,-0.41759667,0.4648535,-0.16531989,-0.13589193,-0.3364429,0.01734094,-0.40515137,-0.6780407,0.50996774,-0.3116819,0.1826302,-0.046570905,-0.24038066,-0.58133024,0.51243085,-0.92176133,0.47328,1.034745,-0.41215184,0.291397,-0.02531017,-0.3844092,-0.45065454,-0.3294424,1.040449,-0.44157982,0.62067914,-0.1549488,0.07710435,0.04949132,-0.23830645,0.34545633,0.59164006,-0.5327158,0.7564108,0.16824031,-0.84708947,-0.79030776,-0.45622897,-0.55268013,-0.09479648,0.10627304,0.9211815,-0.8565531,-0.7043573,-1.0257314,0.80295104,-0.86251646,-1.0994959,0.11690341,-0.085721776,0.43957397,0.120014735,0.24498639,-0.33799854,0.2584688,-0.77915883,-0.17737629,-0.21626787,-0.5285673,0.43983325,0.27947026,0.4850771,-1.3793857,0.45785302,-0.28056863,-0.3239976,-0.3509624,0.9353121,0.56104535,0.38019946,0.18561189,-0.30753347,-0.38972437,-0.2721421,-0.19993341,-0.48500875,0.10264316,-0.08183262,-0.65340936,-0.86057186,0.3621797,0.5987702,0.12999691,-0.6051838,0.15825814,0.8113776,-0.12824324,0.7473361,-0.52714133,0.6291056,0.4557788,0.012803587,0.42349878,-0.05551597,0.28789675,-0.7122653,-0.54516107,0.4000342,0.5653234,0.76833755,0.19844611,-0.05940513,0.23578204,-1.0397325,-0.27123466,0.4422964,0.50867134,-1.0153604,-1.1901133,0.5028376,-0.23467655,-0.27291995,0.06997422,0.02187829,0.37138405,-0.09194443,-0.306626,-0.4701003,-0.28160575,-0.6115361,0.5895659,-0.37196386,-0.656391,0.46329784,-0.18671027,1.57106,-0.3844092,0.5850285,-0.01014245,-0.18204328,-0.34072095,0.44462988,-0.13991073,0.5568969,-0.61490667,0.50024486,0.29048952,0.16240656,-0.28834695,-0.25684476,0.9438682,0.1158663,0.40223804,0.75926286,-0.36081496,0.6978141,0.34117824,0.6283278,0.20933576,-0.5756262,0.7020922,-0.98165435,-0.38661304,0.1410162,0.4021084,0.5928068,0.66773796,0.7275014,0.2856929,0.598122,-0.34448048,0.47081688,-0.78771496,0.85765857,-0.5324565,0.5811393,-0.8805362,1.5679486,-0.24012138,0.34714162,0.385385,-0.6692253,-0.4774897,0.42985106,0.08293809,-0.23156524,-0.24802934,0.24278252,-0.5197519,0.82161903,-0.19630353,1.242037,-0.097648524,-0.10348227,0.42272094,0.22631842,0.027841669,-0.095703945,0.23954156,0.63351333,-0.379094,0.49415183,0.42012817,0.44294456,-0.4384685,-1.1014404,-0.23908427,-0.15093,0.663071,-0.4891572,0.38927418,0.12960799,-1.1825943,0.0953834,0.46148288,0.11495883,-0.008457148,-0.6560021,-0.86122006,0.45020434,1.0167252,0.7486325,0.27065483,-0.45895138,-0.8721097,-0.16907941,-0.061220072,-0.42926416,-0.40541065,1.0798591,-0.52286327,-0.24141777,-0.41785595,1.0386341,0.89421666,0.34027076,-0.91294587,-0.38739088,-0.12655795,9.900138e-05,0.4896145,-0.21393438,0.19611262,-0.49913937,1.0117989,0.42868432,-0.7086354,1.1735879,0.07230772,0.13025619,0.1524244,-0.3700193,0.6328652,0.022396846,0.82602674,0.25911698,-0.3465547,0.5772502,0.9574803,-0.9147608,-0.30234793,0.31952858,-0.7222475,0.80113614,0.13557138,0.44825974,1.1186211,-0.05447886,0.00969226,-0.1760799,0.19144562,1.0499127,-0.9804876,0.047157824,0.8675111,0.5675273,0.54056245,-0.2223609,0.42077637,-0.4270603,0.11094003,-0.46608153,0.53654367,0.39951563,0.4591494,-1.1632781,0.51774603,-0.025958363,-0.119557455,-0.37948292,-0.04540416,-0.83088464,-0.4190227,0.44851902,-0.11268661,-0.9425035,0.0822899,-0.6544465,-0.4297827,0.4480005,-0.37935328,0.38797778,0.69262856,0.45059326,0.13583066,-0.5043249,-0.15637483,-0.06964658,-0.6172402,-0.63914907,0.012285033,0.10549521,-0.21561968,-0.1800987,-0.4032068,0.12507065,0.99014926,0.26521,0.09992075,0.019026242,0.3773474,0.30876857,-0.10724179,-0.61361027,-0.25101104,0.3081204,0.28893387,-0.37922364,-0.15935652,0.27428472,-0.32892385,-0.3508328,0.5010227,-0.10075986,0.665923,-0.4032068,-0.46854466,0.045342885,-0.28095755,0.33236283,-0.15611555,-0.2867913,-0.044626325,-0.25515947,-1.237561,-0.47048923,1.1883667,-0.67415154,0.017729856,0.37721777,0.37669924,-0.44663572,-0.14379989,1.1292515,0.016822385,0.22813335,0.03704601,0.40496045,0.2916563,0.28154448,0.69107294,0.16409187,-0.39192823,-0.24841826,-0.20019269,-0.72134,0.5159311,-0.41876343,-0.06044224,0.56260103,-0.39672485,-0.5710888,-0.048385847,-0.27097538,-1.1962063,-0.070683695,-0.5345307,0.79543203,0.06738145,0.43490696,0.24213433,1.336803,-0.76554674,1.347174,-0.23013921,0.4823547,0.326918,0.011636839,-0.4264121,0.06323302,-0.19137725,-0.20835991,1.0958047,0.3779956,0.2168548,0.21568805,-0.6168513,0.5129494,0.28595218,-0.42109692,-0.15093,-0.18502496,-0.605832,0.72503823,0.4384072,0.60875237,-0.64394575,0.78622764,0.13777523,0.7413727,0.12714486,-0.18022834,0.68122035,0.12636703,-0.39102075,0.16979598,0.55287814,-0.07768418,1.0930823,-0.053312115,0.05260265,-0.37922364,-0.24867754,-0.5994797,0.2665064,-0.587164,-0.17737629,0.58723235,0.1585174,-0.638112,0.20661335,0.42816576,0.020452267,0.49726316,0.1323304,-0.3653523,0.4588901,0.171222,-0.51793694,0.0782711,0.31875077,0.6469958,-0.056293804,0.26054302,0.75291055,0.43374023,0.4595383,0.70520353,-0.94133675,-0.9859324,0.25094974,0.50115234,0.05999205,-0.20278546,-0.53349364,-0.33929494,0.792191,-0.106463954,0.28310013,0.33352956,0.25535747,0.6608671,0.7202416,0.14788704,-0.63474137,-0.25840044,0.8658258,0.1900196,0.075289406,-0.25282598,-0.56655145,-0.076647066,0.15385042,-0.080665864,0.3964043,-0.29910696,1.2922072,0.45992723,-0.8434596,-0.12694685,0.6287167,1.4702011,0.22774445,0.17537042,0.11482919,-0.5244189,-0.3962063,-0.1287618,0.50802314,-0.08831455,-0.42226365,0.031082634,0.0759376,0.5530078,-0.48760152,0.016692746,-0.60725796,-0.13628083,-0.021291373,-0.23454693,0.3547903,0.24550493,0.9097733,0.07321519,-0.43665355,0.4312771,0.50089306,-0.106463954,-0.6346117,-0.35744435,-0.006901485,0.27065483,-0.14302205,-1.6864996,-0.081184424,0.5343398,0.4944111,-0.3102559,-0.4636184,-0.29275468,0.0073587648,0.27169195,-0.23895463,0.21737336,-0.2992366,0.037305288,-0.36988965,-0.6124435,0.06349229,0.012673949,-0.46893358,-0.16557917,0.15981379,0.4215542,-0.40087327,-0.2421956,0.9126253,-0.33877638,0.008914429,0.079697125,-1.0602154,-0.19915557,-0.633445,0.32251027,-0.054997418,0.079567485,0.029397333,0.23254107,0.48650315,-0.533364,-0.013642694,0.62262374,-0.18035798,-0.8774249,1.2341292,0.59228826,-0.30092192,0.35893872,-0.41111475,-0.33073878,0.68212783,-0.085462496,0.16901813,-1.0634563,-0.21808282,0.00022864001,0.24187505,-0.24880718,-0.300533,-0.011698114,0.26715457,0.8255082,-0.13718832,-0.04618199,-0.12500228,0.35790163,0.92442244,-0.36379665,0.14581282,0.1917049,-0.98074687,-0.7223771,-1.4359081,0.6713678,-1.336216,-1.3901457,-0.7292479,-0.6589838,-1.9921875,0.46277928,2.0063865,1.6695853,0.42272094,-0.45532152,-0.6071284,-1.4436865,0.028100945,-1.9921875,-1.7633753,2.0078125,0.1393309,0.7221862,-0.3325537,-0.8617386,-0.48086032,2.0078125,1.5574479,0.85156554,-1.4633915,1.4830353,-1.641126,0.3695691,0.89629084,-1.9921875,1.0683213,1.8592466,-0.7992528,1.6141,2.0041826,-0.089740574,-1.9921875,-1.6304957,2.0078125,2.0078125,1.9984785,-1.1938728,0.8474171,-1.9921875,2.0078125,-0.76917666,-1.9921875,2.0078125,-1.2708782,1.9379373,2.0078125,2.0078125,-0.5106772,1.3069861,2.0078125,1.6239525,-0.32451615,-1.9921875,-1.9921875,1.9931633,-1.9921875,-1.9921875,-1.9921875,0.66734904,-1.952907,0.4661499,0.47509494,-1.5724176,-1.9921875,-0.5777004,-1.7960442,-1.9921875,-1.9921875,-1.9921875,-0.17387605,1.0667657,2.0078125,-1.9921875,0.6094006,-1.9921875,2.0078125,1.2772988,-0.008457148,0.550415,-1.9921875,2.0078125,-0.14146638,1.979292,2.0078125,-1.9850574,-1.9921875,-1.9739084,1.0709141,1.962439,-1.9921875,1.957383,2.0078125,2.0078125,1.5424098,-1.9921875,-1.9921875,2.0078125,-1.9921875,-0.5611066,-1.9921875,-1.6184393,1.547725,2.0035343,-0.9825618,-1.9921875,-0.8925926,2.0078125,1.9971821,2.0078125,2.0078125,2.0078125,2.0078125,2.0078125,2.0078125,-1.9921875,1.6949944,2.0078125,2.0078125,-1.9897244,-1.9921875,2.0078125,
0,0,0,0,0,0,0,0,0,0,0,0,0,0,0,0,0,0,0,0,0,0,0,0,0,0,0,0,0,0,0,0,0,0,0,0,0,0,0,0,0,0,0,0,0,0,0,0,0,0,0,0,0,0,0,0,0,0,0,0,0,0,0,0,0,0,0,0,0,0,0,0,0,0,0,0,0,0,0,0,0,0,0,0,0,0,0,0,0,0,0,0,0,0,0,0,0,0,0,0,0,0,0,0,0,0,0,0,0,0,0,0,0,0,0,0,0,0,0,0,0,0,0,0,0,0,0,0,0,0,0,0,0,0,0,0,0,0,0,0,0,0,0,0,0,0,0,0,0,0,0,0,0,0,0,0,0,0,0,0,0,0,0,0,0,0,0,0,0,0,0,0,0,0,0,0,0,0,0,0,0,0,0,0,0,0,1,0,0,0,0,0,0,0,0,0,0,0,0,0,0,0,0,0,0,0,0,0,0,0,0,0,0,0,0,0,0,0,0,0,0,0,0,0,0,0,0,0,0,0,0,0,0,0,0,0,0,0,0,0,0,0,0,0,0,0,0,0,0,0,0,0,0,0,0,0,0,0,0,0,0,0,0,0,0,0,0,0,0,0,0,0,0,0,0,0,0,0,0,0,0,0,0,0,0,0,0,0,0,0,0,0,0,0,0,0,0,0,0,0,0,0,0,0,0,0,0,0,0,0,0,0,0,0,0,0,0,0,0,0,0,0,0,0,0,0,0,0,0,0,0,0,0,0,0,0,0,0,0,0,0,0,0,0,0,0,0,0,0,0,0,0,0,0,0,0,0,0,0,0,0,0,0,0,0,0,0,0,0,0,0,0,0,0,0,0,0,0,0,0,0,0,0,0,0,0,0,0,0,0,0,0,0,0,0,0,0,0,0,0,0,0,0,0,0,0,0,0,0,0,0,0,0,0,0,0,0,0,0,0,0,0,0,0,0,0,0,0,0,0,0,0,0,0,0,0,0,0,0,0,0,0,0,0,0,0,0,0,0,0,0,0,0,0,0,0,0,0,0,0,0,0,0,0,0,0,0,0,0,0,0,0,0,0,0,0,0,0,0,0,0,0,0,0,0,0,0,0,0,0,0,0,0,0,0,0,0,0,0,0,0,0,0,0,0,0,0,0,0,0,0,0,0,0,0,0,0,0,0,0,0,0,0,0,0,0,0,0,0,0,0,0,0,0,0,0,0,0,0,0,0,0,0,0,0,0,0,0,0,0,0,0,0,0,0,0,0,0,0,0,0,0,0,0,0,0,0,0,0,0,0,0,0,0,0,0,0,0,0,0,0,0,0,0,0,0,0,0,0,0,0,0,0,0,0,0,0,0,0,0,0,0,0,0,0,0,0,0,0,0,0,0,0,0,0,0,0,0,0,0,0,0,0,0,0,0,0,0,0,0,0,0,0,0,0,0,0,0,0,0,0,0,0,0,0,0,0,0,0,0,0,0,0,0,0,0,0,0,0,0,0,0,0,0,0,0,0,0,0,0,0,0,0,0,0,0,0,0,0,0,0,0,0,0,0,0,0,0,0,0,0,0,0,0,0,0,0,0,0,0,0,0,0,0,0,0,0,0,0,0,0,0,0,0,0,0,0,0,0,0,0,0,0,0,0,0,0,0,0,0,0,0,0,0,0,0,0,0,0,0,0,0,0,0,0,0,0,0,0,0,0,0,0,0,0,0,0,0,0,0,0,0,0,0,0,0,0,0,0,0,0,0,0,0,0,0,0,0,0,0,0,0,0,0,0,0,0,0,0,0,0,0,0,0,0,0,0,0,0,0,0,0,0,0,0,0,0,0,0,0,0,0,0,0,0,0,0,0,0,0,0,0,0,0,0,0,0,0,0,0,0,0,0,0,0,0,0,0,0,0,0,0,0,0,0,0,0,0,0,0,0,0,0,0,0,0,0,0,0,0,0,0,0,0,0,0,0,0,0,0,0,0,0,0,0,0,0,0,0,0,0,0,0,0,0,0,0,0,0,0,0,0,0,0,0,0,0,0,0,0,0,0,0,0,0,0,0,0,0,0,0,0,0,0,0,0,0,0,0,0,0,0,0,0,0,0,0,0,0,0,0,0,0,0,0,0,0,0,0,0,0,0,0,0,0,0,0,0,0,0,0,0,0,0,0,0,0,0,0,0,0,0,0,0,0,0,0,0,0,0,0,0,0,0,0,0,0,0,0,0,0,0,0,0,0,0,0,0,0,0,0,0,0,0,0,0,0,0,0,0,0,0,0,0,0,0,0,0,0,0,0,0,0,0,0,0,0,0,0,0,0,0,0,0,0,0,0,0,0,0,0,0,0,0,0,0,0,0,0,0,0,0,0,0,0,0,0,0,0,0,0,0,0,0,0,0,0,0,0,0,0,0,0,0,0,0,0,0,0,0,0,0,0,0,0,0,0,0,0,0,0,0,0,0,0,0,0,0,0,0,0,0,0,0,0,0,0,0,0,0,0,0,0,0,0,0,0,0,0,0,0,0,0,0,0,0,0,0,0,0,0,0,0,0,0,0,0,0,0,0,0,0,0,0,0,0,0,0,0,0,0,0,0,0,0,0,0,0,0,0,0,0,0,0,0,0,0,0,0,0,0,0,0,0,0,0,0,0,0,0,0,0,0,0,0,0,0,0,0,0,0,0,0,0,0,0,0,0,0,0,0,0,0,0,0,0,0,0,0,0,0,0,0,0,0,0,0,0,0,0,0,0,0,0,0,0,0,0,0,0,0,0,0,0,0,0,0,0,0,0,0,0,0,0,0,0,0,0,0,0,0,0,0,0,0,0,0,0,0,0,0,0,0,0,0,0,0,0,0,0,0,0,0,0,0,0,0,0,0,0,0,0,0,0,0,0,0,0,0,0,0,0,0,0,0,0,0,0,0,0,0,0,0,0,0,0,0,0,0,0,0,0,0,0,0,0,0,0,0,0,0,0,0,0,0,0,0,0,0,0,0,0,0,0,0,0,0,0,0,0,0,0,0,0,0,0,0,0,0,0,0,0,0,0,0,0,0,0,0,0,0,0,0,0,0,0,0,0,0,0,0,0,0,0,0,0,0,0,0,0,0,0,0,0,0,0,0,0,0,0,0,0,0,0,0,0,0,0,0,0,0,0,0,0,0,0,0,0,0,0,0,0,0,0,0,0,0,0,0,0,0,0,0,0,0,0,0,0,0,0,0,0,0,0,0,0,0,0,0,0,0,0,0,0,0,0,0,0,0,0,0,0,0,0,0,0,0,0,0,0,0,0,0,0,0,0,0,0,0,0,0,0,0,0,0,0,0,0,0,0,0,0,0,0,0,0,0,0,0,0,0,0,0,0,0,0,0,0,0,0,0,0,0,0,0,0,0,0,0,0,0,0,0,0,0,0,0,0,0,0,0,0,0,0,0,0,0,0,0,0,0,0,0,0,0,0,0,0,0,0,0,0,0,0,0,0,0,0,0,0,0,0,0,0,0,0,0,0,0,0,0,0,0,0,0,0,0,0,0,0,0,0,0,0,0,0,0,0,0,0,0,0,0,0,0,0,0,0,0,0,0,0,0,0,0,0,0,0,0,0,0,0,0,0,0,0,0,0,0,0,0,0,0,0,0,0,0,0,0,0,0,0,0,0,0,0,0,0,0,0,0,0,0,0,0,0,0,0,0,0,0,0,0,0,0,0,0,0,0,0,0,0,0,0,0,0,0,0,0,0,0,0,0,0,0,0,0,0,0,0,0,0,0,0,0,0,0,0,0,0,0,0,0,0,0,0,0,0,0,0,0,0,0,0,0,0,0,0,0,0,0,0,0,0,0,0,0,0,0,0,0,0,0,0,0,0,0,0,0,0,0,0,0,0,0,0,0,0,0,0,0,0,0,0,0,0,0,0,0,0,0,0,0,0,0,0,0,0,0,0,0,0,0,0,0,0,0,0,0,0,0,0,0,0,0,0,0,0,0,0,0,0,0,0,0,0,0,0,0,0,0,0,0,0,0,0,0,0,0,0,0,0,0,0,0,0,0,0,0,0,0,0,0,0,0,0,0,0,0,0,0,0,0,0,0,0,0,0,0,0,0,0,0,0,0,0,0,0,0,0,0,0,0,0,0,0,0,0,0,0,0,0,0,0,0,0,0,0,0,0,0,0,0,0,0,0,0,0,0,0,0,0,0,0,0,0,0,0,0,0,0,0,0,0,0,0,0,0,0,0,0,0,0,0,0,0,0,0,0,0,0,0,0,0,0,0,0,0,0,0,0,0,0,0,0,0,0,0,0,0,0,0,0,0,0,0,0,0,0,0,0,0,0,0,0,0,0,0,0,0,0,0,0,0,0,0,0,0,0,0,0,0,0,0,0,0,0,0,0,0,0,0,0,0,0,0,0,0,0,0,0,0,0,0,0,0,0,0,0,0,0,0,0,0,0,0,0,0,0,0,0,0,0,0,0,0,0,0,0,0,0,0,0,0,0,0,0,0,0,0,0,0,0,0,0,0,0,0,0,0,0,0,0,0,0,0,0,0,0,0,0,0,0,0,0,0,0,0,0,0,0,0,0,0,0,0,0,0,0,0,0,0,0,0,0,0,0,0,0,0,0,0,0,0,0,0,0,0,0,0,0,0,0,0,0,0,0,0,0,0,0,0,0,0,0,0,0,0,0,0,0,0,0,0,0,0,0,0,0,0,0,0,0,0,0,0,0,0,0,0,0,0,0,0,0,0,0,0,0,0,0,0,0,0,0,0,0,0,0,0,0,0,0,0,0,0,0,0,0,0,0,0,0,0,0,0,0,0,0,0,0,0,0,0,0,0,0,0,0,0,0,0,0,0,0,0,0,0,0,0,0,0,0,0,0,0,0,0,0,0,0,0,0,0,0,0,0,0,0,0,0,0,0,0,0,0,0,0,0,0,0,0,0,0,0,0,0,0,0,0,0,0,0,0,0,0,0,0,0,0,0,0,0,0,0,0,0,0,0,0,0,0,0,0,0,0,0,0,0,0,0,0,0,0,0,0,0,0,0,0,0,0,0,0,0,0,0,0,0,0,0,0,0,0,0,0,0,0,0,0,0,0,0,0,0,0,0,0,0,0,0,0,0,0,0,0,0,0,0,0,0,0,0,0,0,0,0,0,0,0,0,0,0,0,0,0,0,0,0,0,0,0,0,0,0,0,0,0,0,0,0,0,0,0,0,0,0,0,0,0,0,0,0,0,0,0,0,0,0,0,0,0,0,0,0,0,0,0,0,0,0,0,0,0,0,0,0,0,0,0,0,0,0,0,0,0,0,0,0,0,0,0,0,0,0,0,0,0,0,0,0,0,0,0,0,0,0,0,0,0,0,0,0,0,0,0,0,0,0,0,0,0,0,0,0,0,0,0,0,0,0,0,0,0,0,0,0,0,0,0,0,0,0,0,0,0,0,0,0,0,0,0,0,0,0,0,0,0,0,0,0,0,0,0,0,0,0,0,0,0,0,0,0,0,0,0,0,0,0,0,0,0,0,0,0,0,0,0,0,0,0,0,0,0,0,0,0,0,0,0,0,0,0,0,0,0,0,0,0,0,0,0,0,0,0,0,0,0,0,0,0,0,0,0,0,0,0,0,0,0,0,0,0,0,0,0,0,0,0,0,0,0,0,0,0,0,0,0,0,0,0,0,0,0,0,0,0,0,0,0,0,0,0,0,0,0,0,0,0,0,0,0,0,0,0,0,0,0,0,0,0,0,0,0,0,0,0,0,0,0,0,0,0,0,0,0,0,0,0,0,0,0,0,0,0,0,0,0,0,0,0,0,0,0,0,0,0,0,0,0,0,0,0,0,0,0,0,0,0,0,0,0,0,0,0,0,0,0,0,0,0,0,0,0,0,0,0,0,0,0,0,0,0,0,0,0,0,0,0,0,0,0,0,0,0,0,0,0,0,0,0,0,0,0,0,0,0,0,0,0,0,0,0,0,0,0,0,0,0,0,0,0,0,0,0,0,0,0,0,0,0,0,0,0,0,0,0,0,0,0,0,0,0,0,0,0,0,0,0,0,0,0,0,0,0,0,0,0,0,0,0,0,0,0,0,0,0,0,0,0,0,0,0,0,0,0,0,0,0,0,0,0,0,0,0,0,0,0,0,0,0,0,0,0,0,0,0,0,0,0,0,0,0,0,0,0,0,0,0,0,0,0,0,0,0,0,0,0,0,0,0,0,0,0,0,0,0,0,0,0,0,0,0,0,0,0,0,0,0,0,0,0,0,0,0,0,0,0,0,0,0,0,0,0,0,0,0,0,0,0,0,0,0,0,0,0,0,0,0,0,0,0,0,0,0,0,0,0,0,0,0,0,0,0,0,0,0,0,0,0,0,0,0,0,0,0,0,0,0,0,0,0,0,0,0,0,0,0,0,0,0,0,0,0,0,0,0,0,0,0,0,0,0,0,0,0,0,0,0,0,0,0,0,0,0,0,0,0,0,0,0,0,0,0,0,0,0,0,0,0,0,0,0,0,0,0,0,0,0,0,0,0,0,0,0,0,0,0,0,0,0,0,0,0,0,0,0,0,0,0,0,0,0,0,0,0,0,0,0,0,0,0,0,0,0,0,0,0,0,0,0,0,0,0,0,0,0,0,0,0,0,0,0,0,0,0,0,0,0,0,0,0,0,0,0,0,0,0,0,0,0,0,0,0,0,0,0,0,0,0,0,0,0,0,0,0,0,0,0,0,0,0,0,0,0,0,0,0,0,0,0,0,0,0,0,0,0,0,0,0,0,0,0,0,0,0,0,0,0,0,0,0,0,0,0,0,0,0,0,0,0,0,0,0,0,0,0,0,0,0,0,0,0,0,0,0,0,0,0,0,0,0,0,0,0,0,0,0,0,0,0,0,0,0,0,0,0,0,0,0,0,0,0,0,0,0,0,0,0,0,0,0,0,0,0,0,0,0,0,0,0,0,0,0,0,0,0,0,0,0,0,0,0,0,0,0,0,0,0,0,0,0,0,0,0,0,0,0,0,0,0,0,0,0,0,0,0,0,0,0,0,0,0,0,0,0,0,0,0,0,0,0,0,0,0,0,0,0,0,0,0,0,0,0,0,0,0,0,0,0,0,0,0,0,0,0,0,0,0,0,0,0,0,0,0,0,0,0,0,0,0,0,0,0,0,0,0,0,0,0,0,0,0,0,0,0,0,0,0,0,0,0,0,0,0,0,0,0,0,0,0,0,0,0,0,0,0,0,0,0,0,0,0,0,0,0,0,0,0,0,0,0,0,0,0,0,0,0,0,0,0,0,0,0,0,0,0,0,0,0,0,0,0,0,0,0,0,0,0,0,0,0,0,0,0,0,0,0,0,0,0,0,0,0,0,0,0,0,0,0,0,0,0,0,0,0,0,0,0,0,0,0,0,0,0,0,0,0,0,0,0,0,0,0,0,0,0,0,0,0,0,0,0,0,0,0,0,0,0,0,0,0,0,0,0,0,0,0,0,0,0,0,0,0,0,0,0,0,0,0,0,0,0,0,0,0,0,0,0,0,0,0,0,0,0,0,0,0,0,0,0,0,0,0,0,0,0,0,0,0,0,0,0,0,0,0,0,0,0,0,0,0,0,0,0,0,0,0,0,0,0,0,0,0,0,0,0,0,0,0,0,0,0,0,0,0,0,0,0,0,0,0,0,0,0,0,0,0,0,0,0,0,0,0,0,0,0,0,0,0,0,0,0,0,0,0,0,0,0,0,0,0,0,0,0,0,0,0,0,0,0,0,0,0,0,0,0,0,0,0,0,0,0,0,0,0,0,0,0,0,0,0,0,0,0,0,0,0,0,0,0,0,0,0,0,0,0,0,0,0,0,0,0,0,0,0,0,0,0,0,0,0,0,0,0,0,0,0,0,0,0,0,0,0,0,0,0,0,0,0,0,0,0,0,0,0,0,0,0,0,0,0,0,0,0,0,0,0,0,0,0,0,0,0,0,0,0,0,0,0,0,0,0,0,0,0,0,0,0,0,0,0,0,0,0,0,0,0,0,0,0,0,0,0,0,0,0,0,0,0,0,0,0,0,0,0,0,0,0,0,0,0,0,0,0,0,0,0,0,0,0,0,0,0,0,0,0,0,0,0,0,0,0,0,0,0,0,0,0,0,0,0,0,0,0,0,0,0,0,0,0,0,0,0,0,0,0,0,0,0,0,0,0,0,0,0,0,0,0,0,0,0,0,0,0,0,0,0,0,0,0,0,0,0,0,0,0,0,0,0,0,0,0,0,0,0,0,0,0,0,0,0,0,0,0,0,0,0,0,0,0,0,0,0,0,0,0,0,0,0,0,0,0,0,0,0,0,0,0,0,0,0,0,0,0,0,0,0,0,0,0,0,0,0,0,0,0,0,0,0,0,0,0,0,0,0,0,0,0,0,0,0,0,0,0,0,0,0,0,0,0,0,0,0,0,0,0,0,0,0,0,0,0,0,0,0,0,0,0,0,0,0,0,0,0,0,0,0,0,0,0,0,0,0,0,0,0,0,0,0,0,0,0,0,0,0,0,0,0,0,0,0,0,0,0,0,0,0,0,0,0,0,0,0,0,0,0,0,0,0,0,0,0,0,0,0,0,0,0,0,0,0,0,0,0,0,0,0,0,0,0,0,0,0,0,0,0,0,0,0,0,0,0,0,0,0,0,0,0,0,0,0,0,0,0,0,0,0,0,0,0,0,-0.57597697,0.47189975,-0.7360273,1.0142925,-0.39730442,-0.12661132,0.21001445,0.7602923,-0.28456455,0.35672724,-0.20000966,0.47441626,0.31688243,0.95188296,0.95087636,0.28710368,0.40865135,-0.4537582,-0.56255555,-0.23389873,0.5281858,-0.6074334,0.8407369,0.49219963,-0.4482219,-0.97828376,0.031677447,0.9979352,0.007183371,0.73881805,0.6996443,0.060114063,0.08578251,0.17050517,0.53548366,-0.13583854,-0.11486759,0.03771708,0.9013849,-0.4134101,-0.14909218,-0.6034908,-0.2817964,0.8856986,-0.07418393,0.19642527,0.519378,-0.3387535,0.46929935,-0.023769759,0.032348517,-0.26594234,0.0099515375,0.39195845,0.15523832,0.15817425,0.06908963,0.16790478,-0.5611295,0.524411,0.07965899,0.41108397,-0.40242133,0.3766916,-0.21611536,-0.15429299,-0.25797337,-0.37054548,-0.3837991,-0.0018760813,-0.3620732,0.097526245,0.20942727,-0.0220082,-0.29119137,-0.12635967,-0.22827852,-0.8809785,0.10163655,0.8199337,-0.3740686,-0.29765043,-0.26812333,0.09299652,0.33886,-0.48127213,-0.16804993,-0.47246432,0.14986975,-0.6953436,-0.354272,-0.22743967,0.47693276,-0.3870706,0.08695689,0.27443722,-0.26451632,0.46082708,0.09173826,-0.0040570605,-0.120068386,-0.4622305,0.108515024,0.027231604,0.011042027,0.4285318,-0.40468618,-0.20101628,-0.165114,-0.22030956,-0.11579031,0.30782297,0.07630364,-0.20462328,0.006847836,-0.34680635,-0.6553311,-0.14984713,0.30841017,-0.11763576,0.42517644,-0.20328113,0.20254879,-0.15756445,-0.1023689,0.082007736,-0.2833063,-0.013368165,-0.06361458,0.2335858,-0.025447436,0.45520687,0.34078932,0.34540293,0.3284584,0.263784,-0.22551034,0.33869222,-0.14942773,0.15221849,-0.41122913,-0.5751381,0.333072,-0.29395956,-0.10320774,0.20288433,0.22041604,0.25992534,-0.17987755,0.33500135,-0.29278517,-0.09750364,0.0661537,0.41058066,-0.17048256,0.5072987,-0.4228051,0.28408387,-0.36853227,-0.3093103,-0.5092054,-0.025615202,-0.4129068,0.09173826,-0.00732853,0.2668877,-0.4247344,-0.12057169,0.24767828,0.14458507,-0.18692379,0.26806206,-0.11193165,0.16345893,0.017081663,0.12604675,0.74267673,0.31512088,0.08838291,0.17780307,0.34624177,0.35538512,-0.13340591,-0.051786955,-0.061265826,0.21538301,0.11740671,-0.10765358,0.10683735,-0.23758961,0.1398037,-0.30033472,-0.37524298,-0.060426988,0.21295038,-0.053212978,-0.28833932,0.15465114,-0.21829633,-0.012780978,0.009616002,0.1998645,0.5931119,-0.13130882,0.072864406,0.140307,0.003911902,0.16077465,0.23551513,-0.21468933,0.22704287,0.33550465,-0.069821976,0.20540084,-0.0852566,0.20640744,0.25355014,-0.6437551,-0.13458028,-0.15496406,0.2885297,0.2108533,0.43968835,-0.10840853,0.102559276,-0.06260797,-0.008335136,0.042582344,0.56140375,0.35832104,0.07110284,0.15188296,0.06472767,0.4980715,-0.10614367,-0.11679692,-0.16083592,0.24457459,-0.20319726,0.59520894,-0.08592767,0.19818683,-0.066131085,0.18669474,0.07487761,0.029244816,-0.23029172,-0.31560156,0.18283609,-0.028802788,0.35739833,0.084943675,-0.1967382,-0.11184777,0.17998405,0.244994,0.082511045,0.22863665,-0.26627788,0.17377664,0.048286445,0.01615894,-0.16637225,0.1491148,0.147521,0.61542493,-0.057742707,0.41645253,0.3975787,-0.12157829,-0.07208684,-0.04046264,-0.36031166,0.27217236,0.12856326,-0.43253562,0.19348934,-0.25612795,0.25254354,-0.25151435,-0.2822158,0.008273861,0.14399788,0.12302693,0.24985926,0.200955,0.20573637,-0.21552818,-0.2552052,0.56140375,0.20313598,0.19223107,-0.18851759,-0.47061887,0.049880236,0.14718547,-0.17509617,0.20783347,-0.1313927,-0.0074124136,-0.107821345,-0.15588677,-0.11360933,0.05633929,0.21798341,-0.12023615,0.2771215,0.38197628,-0.32256392,-0.2823836,-0.44948015,-0.196151,-0.21519263,-0.070409164,-0.008586787,-0.4316129,0.029915886,0.14383012,-0.25654736,0.4771844,-0.18600106,-0.10715028,-0.1988353,-0.044572946,0.09115107,-0.24438421,0.22544907,-0.3554464,0.12495626,-0.015800796,-0.1402005,0.27267566,-0.08206902,0.10591463,0.11270922,-0.19262789,0.5545253,-0.16133922,-0.12233325,-0.044572946,-0.38455406,0.1766287,-0.11788741,0.097442366,-0.352846,-0.28716496,0.04249846,-0.2536953,0.15356064,-0.15789999,0.20288433,-0.20663649,0.16807254,-0.13021833,0.12898268,0.17830637,-0.25512135,-0.3253321,0.10994105,0.17956463,0.11153484,0.44581187,0.25120142,0.11405136,-0.05958815,-0.10899572,-0.4472153,0.31117833,0.11656787,0.14919868,0.007938325,0.19281827,-0.09490324,-0.1801292,0.28794253,-0.16863711,-0.11545478,0.51224786,-0.1313927,-0.08500495,-0.22928512,0.15037306,-0.0764488,-0.24639742,0.15691599,0.04358895,-0.21552818,-0.27164644,0.42895123,0.35790163,0.111115426,-0.1199845,0.45982048,-0.24975277,0.10549521,-0.11251884,0.10549521,0.04602158,0.043169532,0.34078932,0.20632356,0.06313388,-0.09691645,-0.59199876,-0.1568095,-0.14129099,-0.007831832,0.09651964,-0.48781505,-0.25923166,0.18535261,0.3642768,-0.13466416,-0.08240455,-0.14263314,0.12202032,0.22251314,0.11128319,-0.20420386,0.028489862,0.6275042,0.07118673,-0.43605873,0.38751262,-0.010012812,0.26453894,-0.27374354,0.15985192,-0.30100578,-0.22383267,0.11405136,0.18770136,-0.036184564,0.34364137,0.2964148,0.029496469,0.043253414,-0.29454672,0.0661537,-0.2485784,-0.06738935,0.60628164,-0.11604196,-0.29119137,0.27678597,-0.18348455,-0.21779303,-0.24102886,0.3289617,0.5985643,-0.05019316,0.018507687,-0.40225357,-0.29966363,0.30631307,-0.16058427,-0.10933126,-0.5180971,0.07999453,0.07328382,-0.0023793841,-0.3761657,0.18040346,-0.22777522,-0.15857106,0.050970726,-0.5699373,0.07630364,0.13577726,0.4472379,-0.40795767,0.24625225,-0.28674555,-0.019072264,-0.061936896,0.23920602,0.055584338,-0.23683466,0.007854442,-0.17551559,-0.26996878,0.030167539,0.07252887,-0.27466628,0.055584338,0.09559692,0.16916303,-0.018485079,0.106082395,-0.33019736,-0.06260797,-0.1936345,0.12965375,-0.14221372,-0.024524713,0.19667692,-0.40451843,-0.08483718,0.19961286,0.15507054,-0.07401617,0.19466372,-0.14632402,-0.26074156,-0.23473758,-0.12862453,-0.007244646,0.12277528,0.07521315,0.77765626,-0.37381694,0.061875623,-0.011271069,-0.03366805,0.20892397,-0.026705692,-0.20445551,-0.0769521,-0.054890655,-0.44948015,-0.29714713,0.053067822,0.17922908,-0.15697727,-0.085340485,-0.22240664,0.40286335,-0.26401302,-0.14204594,0.13711941,0.050048005,0.03771708,-0.15521571,-0.22458762,-0.43698147,0.20540084,-0.4092998,-0.110170096,-0.49762946,0.23610231,0.15716764,0.31436592,0.18233278,-0.22819462,0.08133667,-0.4253216,-0.1396972,0.24650392,0.08217551,0.11958769,-0.007915717,0.22930773,0.07940734,-0.19975801,0.06388883,0.21538301,0.2439874,-0.14514965,-0.3450448,0.041324086,-0.15219589,0.2937305,0.1651366,-0.19212459,0.01968206,0.15775482,0.3305555,-0.111344464,-0.022595385,0.20816901,-0.2614965,0.1408103,-0.03232591,0.11270922,0.3066486,0.21672516,0.38516387,-0.09448382,-0.3507489,0.035955522,-0.1625136,-0.17081809,0.27796036,0.39078408,-0.07141577,-0.05388405,0.13594504,0.07999453,0.13351241,-0.14212982,0.16933079,0.14383012,0.40923852,-0.2562957,0.13275746,0.19114059,-0.16284913,-0.20688814,-0.24639742,0.48599222,0.073954895,-0.2164509,-0.0059025045,-0.11654527,0.30237055,-0.01194214,-0.20068073,-0.19640267,-0.21041127,-0.45300326,-0.389671,0.07605199,0.11036047,-0.12753405,0.12218809,-0.060175337,0.12931821,0.18317163,-0.14481412,-0.2541986,-0.017562356,-0.28456455,0.29297554,0.1600197,-0.06738935,-0.09557431,-0.06655051,-0.54284286,0.16706593,0.08418872,-0.17719327,-0.23188552,0.17646092,0.2569894,0.052228983,-0.06789265,-0.004728131,-0.29672772,0.06825079,0.5933635,-0.036100682,0.25002703,0.11136708,0.1153935,-0.03844943,-0.08139794,0.0925771,0.26344845,-0.19430557,0.107676186,-0.22341326,-0.16494623,0.21521525,0.14483672,0.29238835,0.075297035,0.34624177,0.2978408,0.18879184,-0.35913727,0.15070859,-0.049605977,0.1018882,0.25061423,-0.24060944,-0.19237624,-0.15253143,0.38793203,-0.020414406,0.28668427,-0.2854873,0.62901413,-0.08450165,-0.2159476,-0.047173344,-0.090709046,-0.3583823,0.32720014,0.31570807,0.14659828,0.26814595,-0.03106765,-0.2562957,-0.059252616,0.10935386,-0.16268137,0.30631307,0.017836617,-0.18994361,0.043337297,-0.06730546,0.042330693,0.046357114,-0.04994151,-0.023937527,0.12487237,-0.12602414,-0.10933126,0.13644834,-0.03106765,-0.100355685,0.08133667,0.10885056,0.35261694,0.08108502,-0.26770392,0.115980685,0.24130312,0.056926478,0.08938952,-0.10077511,0.58187145,0.12143314,-0.38321194,0.17696422,-0.00078559166,-0.1137771,0.12906656,0.1584259,0.23115318,-0.18415563,-0.110002324,-0.37322974,-0.111344464,0.12353023,0.11203815,0.17721587,-0.128289,-0.13659349,-0.30587104,-0.046502274,-0.52589834,0.4440503,-0.27365965,0.38944194,-0.15194423,0.12260751,-0.26376137,0.13904874,-0.15588677,0.034529496,0.05566822,0.31361097,-0.001037243,-0.0479283,0.32787123,-0.02729288,-0.2745824,-0.0050636665,0.13191861,0.12814385,0.31931508,0.10457249,-0.13818729,0.06984459,0.1018882,0.22385529,-0.09138012,-0.13525136,-0.2873327,0.23006268,-0.422134,0.03805262,0.16824031,0.0842726,-0.3118268,0.05365501,0.3797953,-0.17467675,-0.32398996,0.05583599,0.04862198,0.1734411,0.0293287,0.02144362,-0.17887095,-0.06495672,0.2455812,-0.1656173,-0.067137696,0.082762696,0.1127931,-0.448138,-0.20009355,-0.1303861,0.0065123006,-0.04901879,-0.15026656,-0.059672035,-0.17417344,0.3077391,0.02513451,0.02823821,0.083601534,-0.29664382,0.21722846,0.32065722,0.21890613,-0.27743444,0.009448235,0.004163554,-0.06361458,-0.06621497,-0.19665432,-0.19791257,0.28349668,0.32241878,0.12755665,0.20548472,0.22830112,0.09836508,-0.043063037,0.07764578,-0.25713456,0.059862413,-0.457533,-0.29798597,0.0057573463,-0.16528176,-0.045411784,-0.035345726,0.1419008,0.08930563,-0.08601155,0.07244498,0.27804422,-0.30519998,-0.14221372,0.28978798,-0.17895482,-0.18692379,0.45176762,-0.32935852,0.18652698,0.13124754,0.05659094,-0.06495672,0.0687541,0.09526138,0.13569339,-0.35049725,0.48171416,0.06246281,-0.13390921,-0.15848717,0.063049994,0.16907914,-0.049354322,0.23232755,-0.09129623,-0.1614231,-0.019240033,-0.36299592,0.043337297,0.013223006,0.20758182,0.11858109,0.18795301,-0.30939418,-0.03190649,0.19340545,-0.019323915,-0.12753405,0.026308883,-0.1786193,-0.019323915,0.031677447,-0.120655574,0.1501214,-0.20579766,-0.16972761,0.2335858,0.059023574,-0.11092505,0.061204553,-0.1589066,0.16379446,-0.11537089,0.09249321,0.260177,-0.22928512,0.033606775,-0.004308712,0.17562209,0.06137232,-0.17476064,-0.11008621,-0.010096696,0.16010357,0.07361936,0.14198467,0.2454973,-0.21183729,-0.12409481,0.14877926,-0.014039235,0.025889464,0.31059116,-0.24119662,0.036207173,0.18291998,0.19298604,0.12764055,-0.24169992,0.1822489,0.02974812,-0.051870838,0.35110703,-0.19975801,-0.123339854,-0.28708106,0.03109026,0.09425478,-0.100355685,-0.010683882,0.019598177,-0.1443108,0.040149715,0.06833468,-0.3435349,0.046105463,-0.36651906,-0.0042248284,0.26915255,0.44329536,0.19332157,0.060449596,-0.1334898,0.49823925,-0.14171042,-0.5056823,-0.081649594,0.31897953,-0.105137065,0.28274173,-0.09708422,0.37945977,0.4030311,-0.26971713,-0.14238147,0.02974812,-0.45157725,0.12587897,0.0030730641,-0.1573128,0.37736267,0.020017596,-0.025699086,0.037800968,-0.26854274,0.19281827,-0.09129623,0.20993057,0.13334464,0.2636162,0.17092459,-0.36014387,-0.037778355,0.22343586,-0.027041228,-0.36769342,0.15918085,0.19592197,0.29339498,0.07915569,-0.13525136,0.022030808,0.15372841,0.15590939,-0.39151642,0.2108533,-0.15043433,0.28785864,0.3414604,0.16471718,-0.023266455,0.026979953,0.0676636,0.2677265,-0.18969196,0.4061348,0.06598593,-0.092806146,-0.24379702,0.34020215,-0.04968986,0.28324503,0.10406918,0.03570387,0.0102870725,0.06179174,0.11983934,0.2118599,0.22192596,-0.050528698,-0.20177123,0.03738155,-0.15555124,0.21748011,0.10381753,0.17008576,-0.09297391,-0.32348666,0.053403355,0.15389617,0.1806551,-0.12367539,-0.05128365,0.20607191,0.18006793,0.3596632,0.072109446,-0.27055597,-0.16234583,-0.09339333,-0.015968563,0.2538857,-0.13567078,-0.2921141,-0.021756547,-0.23951894,-0.19304731,0.03150968,-0.14221372,0.8734516,-0.22030956,-0.10396269,-1.142696,-0.32977793,1.3552803,1.4648325,1.6931642,-0.12954725,1.0570732,0.0671603,1.685447,-1.4039103,1.0476782,-0.42616045,0.41183892,-0.967966,0.69997984,-0.87619716,-1.1973883,0.018088268,-1.6675571,0.94500446,-0.30956194,-0.18952419,0.080413945,-1.2076222,-0.08743758,0.42937064,-0.10480153,0.28265783,0.07580034,0.32342538,1.1629347,-0.702306,0.60879815,-0.57144725,0.2144603,-0.6419935,1.30495,-0.8370234,-0.6757148,0.5883305,1.4023391,-0.019240033,-0.5508118,-1.7612554,-0.54863083,0.03771708,-1.0815448,-0.52673715,-0.5047596,0.18115841,1.0849227,0.5975577,-0.564401,0.18786912,1.3363225,1.2725708,1.4061978,1.2229955,0.014984567,1.7058307,1.1797953,-0.26871052,1.3687017,-1.1607311,0.42005953,-0.07024139,1.080393,1.3463047,-1.5413959,-0.4947774,0.95708376,0.65585697,-0.8135359,-1.0987409,-0.31467885,-1.2110614,1.5173438,0.7581952,0.6722143,1.5228801,-0.31987965,0.24927208,-0.6183383,0.07311606,1.3190424,1.0928078,-0.52791154,1.2733258,-1.5560756,0.6467136,-0.78082126,-0.53546107,-0.23230493,-0.8951549,0.46099484,0.5981449,-0.1329026,-0.06571167,0.6982183,-0.5601229,-1.3869658,-0.6960147,-0.86260796,-1.1237383,1.221905,-1.0296206,-1.0287818,-0.62832046,0.07303217,0.034445614,1.5362177,-0.25864446,1.4448682,-0.036100682,1.447888,-0.97929037,-0.67344993,0.84828645,-0.5562643,0.17872578,-0.2522693,0.44438586,-0.9005235,-0.5343706,0.41813022,
0,0,0,0,1,0,0,0,0,0,0,0,0,1,0,0,0,0,0,0,0,0,0,0,0,0,0,0,0,0,0,0,0,0,0,0,0,0,0,0,0,0,0,0,0,0,0,0,0,0,0,0,0,0,0,0,0,0,0,0,0,0,0,0,0,0,0,0,0,0,0,0,0,0,0,0,0,0,0,0,0,0,0,0,0,0,0,0,0,0,0,0,0,0,0,0,0,0,0,0,0,0,0,0,0,0,0,0,0,0,0,0,0,0,0,0,0,0,0,0,0,0,0,0,0,0,0,0,0,0,0,0,0,0,0,0,0,0,0,0,0,0,0,0,0,0,0,0,0,0,0,0,0,0,0,0,0,0,0,0,0,0,0,0,0,0,0,0,0,0,0,0,0,0,0,0,0,0,0,0,0,0,0,0,0,0,0,0,0,0,0,0,0,0,0,0,0,0,0,0,0,0,0,0,0,0,0,0,0,0,0,0,0,0,0,0,0,0,0,0,0,0,0,0,0,0,0,0,0,0,0,0,0,0,0,0,0,0,0,0,0,0,0,0,0,0,0,0,0,0,0,0,0,0,0,0,0,0,0,0,0,0,0,0,0,0,0,0,0,0,0,0,0,0,0,0,0,0,0,0,0,0,0,0,0,0,0,0,0,0,0,0,0,0,0,0,0,0,0,0,0,0,0,0,0,0,0,0,0,0,0,0,0,0,0,0,0,0,0,0,0,0,0,0,0,0,0,0,0,0,0,0,0,0,0,0,0,0,0,0,0,0,0,0,0,0,0,0,0,0,0,0,0,0,0,0,0,0,0,0,0,0,0,0,0,0,0,0,0,0,0,0,0,0,0,0,0,0,0,0,0,0,0,0,0,0,0,0,0,0,0,0,0,0,0,0,0,0,0,0,0,0,0,0,0,0,0,0,0,0,0,0,0,0,0,0,0,0,0,0,0,0,0,0,0,0,0,0,0,0,0,0,0,0,0,0,0,0,0,0,0,0,0,0,0,0,0,0,0,0,0,0,0,0,0,0,0,0,0,0,0,0,0,0,0,0,0,0,0,0,0,0,0,0,0,0,0,0,0,0,0,0,0,0,0,0,0,0,0,0,0,0,0,0,0,0,0,0,0,0,0,0,0,0,0,0,0,0,0,0,0,0,0,0,0,0,0,0,0,0,0,0,0,0,0,0,0,0,0,0,0,0,0,0,0,0,0,0,0,0,0,0,0,0,0,0,0,0,0,0,0,0,0,0,0,0,0,0,0,0,0,0,0,0,0,0,0,0,0,0,0,0,0,0,0,0,0,0,0,0,0,0,0,0,0,0,0,0,0,0,0,0,0,0,0,0,0,0,0,0,0,0,0,0,0,0,0,0,0,0,0,0,0,0,0,0,0,0,0,0,0,0,0,0,0,0,0,0,0,0,0,0,0,0,0,0,0,0,0,0,0,0,0,0,0,0,0,0,0,0,0,0,0,0,0,0,0,0,0,0,0,0,0,0,0,0,0,0,0,0,0,0,0,0,0,0,0,0,0,0,0,0,0,0,0,0,0,0,0,0,0,0,0,0,0,0,0,0,0,0,0,0,0,0,0,0,0,0,0,0,0,0,0,0,0,0,0,0,0,0,0,0,0,0,0,0,0,0,0,0,0,0,0,0,0,0,0,0,0,0,0,0,0,0,0,0,0,0,0,0,0,0,0,0,0,0,0,0,0,0,0,0,0,0,0,0,0,0,0,0,0,0,0,0,0,0,0,0,0,0,0,0,0,0,0,0,0,0,0,0,0,0,0,0,0,0,0,0,0,0,0,0,0,0,0,0,0,0,0,0,0,0,0,0,0,0,0,0,0,0,0,0,0,0,0,0,0,0,0,0,0,0,0,0,0,0,0,0,0,0,0,0,0,0,0,0,0,0,0,0,0,0,0,0,0,0,0,0,0,0,0,0,0,0,0,0,0,0,0,0,0,0,0,0,0,0,0,0,0,0,0,0,0,0,0,0,0,0,0,0,0,0,0,0,0,0,0,0,0,0,0,0,0,0,0,0,0,0,0,0,0,0,0,0,0,0,0,0,0,0,0,0,0,0,0,0,0,0,0,0,0,0,0,0,0,0,0,0,0,0,0,0,0,0,0,0,0,0,0,0,0,0,0,0,0,0,0,0,0,0,0,0,0,0,0,0,0,0,0,0,0,0,0,0,0,0,0,0,0,0,0,0,0,0,0,0,0,0,0,0,0,0,0,0,0,0,0,0,0,0,0,0,0,0,0,0,0,0,0,0,0,0,0,0,0,0,0,0,0,0,0,0,0,0,0,0,0,0,0,0,0,0,0,0,0,0,0,0,0,0,0,0,0,0,0,0,0,0,0,0,0,0,0,0,0,0,0,0,0,0,0,0,0,0,0,0,0,0,0,0,0,0,0,0,0,0,0,0,0,0,0,0,0,0,0,0,0,0,0,0,0,0,0,0,0,0,0,0,0,0,0,0,0,0,0,0,0,0,0,0,0,0,0,0,0,0,0,0,0,0,0,0,0,0,0,0,0,0,0,0,0,0,0,0,0,0,0,0,0,0,0,0,0,0,0,0,0,0,0,0,0,0,0,0,0,0,0,0,0,0,0,0,0,0,0,0,0,0,0,0,0,0,0,0,0,0,0,0,0,0,0,0,0,0,0,0,0,0,0,0,0,0,0,0,0,0,0,0,0,0,0,0,0,0,0,0,0,0,0,0,0,0,0,0,0,0,0,0,0,0,0,0,0,0,0,0,0,0,0,0,0,0,0,0,0,0,0,0,0,0,0,0,0,0,0,0,0,0,0,0,0,0,0,0,0,0,0,0,0,0,0,0,0,0,0,0,0,0,0,0,0,0,0,0,0,0,0,0,0,0,0,0,0,0,0,0,0,0,0,0,0,0,0,0,0,0,0,0,0,0,0,0,0,0,0,0,0,0,0,0,0,0,0,0,0,0,0,0,0,0,0,0,0,0,0,0,0,0,0,0,0,0,0,0,0,0,0,0,0,0,0,0,0,0,0,0,0,0,0,0,0,0,0,0,0,0,0,0,0,0,0,0,0,0,0,0,0,0,0,0,0,0,0,0,0,0,0,0,0,0,0,0,0,0,0,0,0,0,0,0,0,0,0,0,0,0,0,0,0,0,0,0,0,0,0,0,0,0,0,0,0,0,0,0,0,0,0,0,0,0,0,0,0,0,0,0,0,0,0,0,0,0,0,0,0,0,0,0,0,0,0,0,0,0,0,0,0,0,0,0,0,0,0,0,0,0,0,0,0,0,0,0,0,0,0,0,0,0,0,0,0,0,0,0,0,0,0,0,0,0,0,0,0,0,0,0,0,0,0,0,0,0,0,0,0,0,0,0,0,0,0,0,0,0,0,0,0,0,0,0,0,0,0,0,0,0,0,0,0,0,0,0,0,0,0,0,0,0,0,0,0,0,0,0,0,0,0,0,0,0,0,0,0,0,0,0,0,0,0,0,0,0,0,0,0,0,0,0,0,0,0,0,0,0,0,0,0,0,0,0,0,0,0,0,0,0,0,0,0,0,0,0,0,0,0,0,0,0,0,0,0,0,0,0,0,0,0,0,0,0,0,0,0,0,0,0,0,0,0,0,0,0,0,0,0,0,0,0,0,0,0,0,0,0,0,0,0,0,0,0,0,0,0,0,0,0,0,0,0,0,0,0,0,0,0,0,0,0,0,0,0,0,0,0,0,0,0,0,0,0,0,0,0,0,0,0,0,0,0,0,0,0,0,0,0,0,0,0,0,0,0,0,0,0,0,0,0,0,0,0,0,0,0,0,0,0,0,0,0,0,0,0,0,0,0,0,0,0,0,0,0,0,0,0,0,0,0,0,0,0,0,0,0,0,0,0,0,0,0,0,0,0,0,0,0,0,0,0,0,0,0,0,0,0,0,0,0,0,0,0,0,0,0,0,0,0,0,0,0,0,0,0,0,0,0,0,0,0,0,0,0,0,0,0,0,0,0,0,0,0,0,0,0,0,0,0,0,0,0,0,0,0,0,0,0,0,0,0,0,0,0,0,0,0,0,0,0,0,0,0,0,0,0,0,0,0,0,0,0,0,0,0,0,0,0,0,0,0,0,0,0,0,0,0,0,0,0,0,0,0,0,0,0,0,0,0,0,0,0,0,0,0,0,0,0,0,0,0,0,0,0,0,0,0,0,0,0,0,0,0,0,0,0,0,0,0,0,0,0,0,0,0,0,0,0,0,0,0,0,0,0,0,0,0,0,0,0,0,0,0,0,0,0,0,0,0,0,0,0,0,0,0,0,0,0,0,0,0,0,0,0,0,0,0,0,0,0,0,0,0,0,0,0,0,0,0,0,0,0,0,0,0,0,0,0,0,0,0,0,0,0,0,0,0,0,0,0,0,0,0,0,0,0,0,0,0,0,0,0,0,0,0,0,0,0,0,0,0,0,0,0,0,0,0,0,0,0,0,0,0,0,0,0,0,0,0,0,0,0,0,0,0,0,0,0,0,0,0,0,0,0,0,0,0,0,0,0,0,0,0,0,0,0,0,0,0,0,0,0,0,0,0,0,0,0,0,0,0,0,0,0,0,0,0,0,0,0,0,0,0,0,0,0,0,0,0,0,0,0,0,0,0,0,0,0,0,0,0,0,0,0,0,0,0,0,0,0,0,0,0,0,0,0,0,0,0,0,0,0,0,0,0,0,0,0,0,0,0,0,0,0,0,0,0,0,0,0,0,0,0,0,0,0,0,0,0,0,0,0,0,0,0,0,0,0,0,0,0,0,0,0,0,0,0,0,0,0,0,0,0,0,0,0,0,0,0,0,0,0,0,0,0,0,0,0,0,0,0,0,0,0,0,0,0,0,0,0,0,0,0,0,0,0,0,0,0,0,0,0,0,0,0,0,0,0,0,0,0,0,0,0,0,0,0,0,0,0,0,0,0,0,0,0,0,0,0,0,0,0,0,0,0,0,0,0,0,0,0,0,0,0,0,0,0,0,0,0,0,0,0,0,0,0,0,0,0,0,0,0,0,0,0,0,0,0,0,0,0,0,0,0,0,0,0,0,0,0,0,0,0,0,0,0,0,0,0,0,0,0,0,0,0,0,0,0,0,0,0,0,0,0,0,0,0,0,0,0,0,0,0,0,0,0,0,0,0,0,0,0,0,0,0,0,0,0,0,0,0,0,0,0,0,0,0,0,0,0,0,0,0,0,0,0,0,0,0,0,0,0,0,0,0,0,0,0,0,0,0,0,0,0,0,0,0,0,0,0,0,0,0,0,0,0,0,0,0,0,0,0,0,0,0,0,0,0,0,0,0,0,0,0,0,0,0,0,0,0,0,0,0,0,0,0,0,0,0,0,0,0,0,0,0,0,0,0,0,0,0,0,0,0,0,0,0,0,0,0,0,0,0,0,0,0,0,0,0,0,0,0,0,0,0,0,0,0,0,0,0,0,0,0,0,0,0,0,0,0,0,0,0,0,0,0,0,0,0,0,0,0,0,0,0,0,0,0,0,0,0,0,0,0,0,0,0,0,0,0,0,0,0,0,0,0,0,0,0,0,0,0,0,0,0,0,0,0,0,0,0,0,0,0,0,0,0,0,0,0,0,0,0,0,0,0,0,0,0,0,0,0,0,0,0,0,0,0,0,0,0,0,0,0,0,0,0,0,0,0,0,0,0,0,0,0,0,0,0,0,0,0,0,0,0,0,0,0,0,0,0,0,0,0,0,0,0,0,0,0,0,0,0,0,0,0,0,0,0,0,0,0,0,0,0,0,0,0,0,0,0,0,0,0,0,0,0,0,0,0,0,0,0,0,0,0,0,0,0,0,0,0,0,0,0,0,0,0,0,0,0,0,0,0,0,0,0,0,0,0,0,0,0,0,0,0,0,0,0,0,0,0,0,0,0,0,0,0,0,0,0,0,0,0,0,0,0,0,0,0,0,0,0,0,0,0,0,0,0,0,0,0,0,0,0,0,0,0,0,0,0,0,0,0,0,0,0,0,0,0,0,0,0,0,0,0,0,0,0,0,0,0,0,0,0,0,0,0,0,0,0,0,0,0,0,0,0,0,0,0,0,0,0,0,0,0,0,0,0,0,0,0,0,0,0,0,0,0,0,0,0,0,0,0,0,0,0,0,0,0,0,0,0,0,0,0,0,0,0,0,0,0,0,0,0,0,0,0,0,0,0,0,0,0,0,0,0,0,0,0,0,0,0,0,0,0,0,0,0,0,0,0,0,0,0,0,0,0,0,0,0,0,0,0,0,0,0,0,0,0,0,0,0,0,0,0,0,0,0,0,0,0,0,0,0,0,0,0,0,0,0,0,0,0,0,0,0,0,0,0,0,0,0,0,0,0,0,0,0,0,0,0,0,0,0,0,0,0,0,0,0,0,0,0,0,0,0,0,0,0,0,0,0,0,0,0,0,0,0,0,0,0,0,0,0,0,0,0,0,0,0,0,0,0,0,0,0,0,0,0,0,0,0,0,0,0,0,0,0,0,0,0,0,0,0,0,0,0,0,0,0,0,0,0,0,0,0,0,0,0,0,0,0,0,0,0,0,0,0,0,0,0,0,0,0,0,0,0,0,0,0,0,0,0,0,0,0,0,0,0,0,0,0,0,0,0,0,0,0,0,0,0,0,0,0,0,0,0,0,0,0,0,0,0,0,0,0,0,0,0,0,0,0,0,0,0,0,0,0,0,0,0,0,0,0,0,0,0,0,0,0,0,0,0,0,0,0,0,0,0,0,0,0,0,0,0,0,0,0,0,0,0,0,0,0,0,0,0,0,0,0,0,0,0,0,0,0,0,0,0,0,0,0,0,0,0,0,0,0,0,0,0,0,0,0,0,0,0,0,0,0,0,0,0,0,0,0,0,0,0,0,0,0,0,0,0,0,0,0,0,0,0,0,0,0,0,0,0,0,0,0,0,0,0,0,0,0,0,0,0,0,0,0,0,0,0,0,0,0,0,0,0,0,0,0,0,0,0,0,0,0,0,0,0,0,0,0,0,0,0,0,0,0,0,0,0,0,0,0,0,0,0,0,0,0,0,0,0,0,0,0,0,0,0,0,0,0,0,0,0,0,0,0,0,0,0,0,0,0,0,0,0,0,0,0,0,0,0,0,0,0,0,0,0,0,0,0,0,0,0,0,0,0,0,0,0,0,0,0,0,0,0,0,0,0,0,0,0,0,0,0,0,0,0,0,0,0,0,0,0,0,0,0,0,0,0,0,0,0,0,0,0,0,0,0,0,0,0,0,0,0,0,0,0,0,0,0,0,0,0,0,0,0,0,0,0,0,0,0,0,0,0,0,0,0,0,0,0,0,0,0,0,0,0,0,0,0,0,0,0,0,0,0,0,0,0,0,0,0,0,0,0,0,0,0,0,0,0,0,0,0,0,0,0,0,0,0,0,0,0,0,0,0,0,0,0,0,0,0,0,0,0,0,0,0,0,0,0,0,0,0,0,0,0,0,0,0,0,0,0,0,0,0,0,0,0,0,0,0,0,0,0,0,0,0,0,0,0,0,0,0,0,0,0,0,0,0,0,0,0,0,0,0,0,0,0,0,0,0,0,0,0,0,0,0,0,0,0,0,0,0,0,0,0,0,0,0,0,0,0,0,0,0,0,0,0,0,0,0,0,0,0,0,0,0,0,0,0,0,0,0,0,0,0,0,0,0,0,0,0,0,0,0,0,0,0,0,0,0,0,0,0,0,0,0,0,0,0,0,0,0,0,0,0,0,0,0,0,0,0,0,0,0,0,0,0,0,0,0,0,0,0,0,0,0,0,0,0,0,0,0,0,0,0,0,0,0,0,0,0,0,0,0,0,0,0,0,0,0,0,0,0,0,0,0,0,0,0,0,0,0,0,0,0,0,0,0,0,0,0,0,0,0,0,0,0,0,0,0,0,0,0,0,0,0,0,0,0,0,0,0,0,0,0,0,0,0,0,0,0,0,0,0,0,0,0,0,0,0,0,0,0,0,0,0,0,0,0,0,0,0,0,0,0,0,0,0,0,0,0,0,0,0,0,0,0,0,0,0,0,0,0,0,0,0,0,0,0,0,0,0,0,0,0,0,0,0,0,0,0,0,0,0,0,0,0,0,0,0,0,0,0,0,0,0,0,0,0,0,0,0,0,0,0,0,0,0,0,0,0,0,0,0,0,0,0,0,0,0,0,0,0,0,0,0,0,0,0,0,0,0,0,0,0,0,0,0,0,0,0,0,0,0,0,0,0,0,0,0,0,0,0,0,0,0,0,0,0,0,0,0,0,0,0,0,0,0,0,0,0,0,0,0,0,0,0,0,0,0,0,0,0,0,0,0,0,0,0,0,0,0,0,0,0,0,0,0,0,0,0,0,0,0,0,0,0,0,0,0,0,0,0,0,0,0,0,0,0,0,0,0,0,0,0,0,0,0,0,0,0,0,0,0,0,0,0,0,0,0,0,0,0,0,0,0,0,0,0,0,0,0,0,0,0,0,0,0,0,0,0,0,0,0,0,0,0,0,0,0,0,0,0,0,0,0,0,0,0,0,0,0,0,0,0,0,0,0,0,0,0,0,0,0,0,0,0,0,0,0,0,0,0,0,0,0,0,0,0,0,0,0,0,0,0,0,0,0,0,0,0,0,0,0,0,0,0,0,0,0,0,0,0,0,0,0,0.9437315,0.45099285,1.7403702,1.0508636,0.4816759,-1.004297,1.0263,-1.0954843,0.36394265,0.5520918,-1.5190136,-1.641401,-1.1246159,0.8601288,-1.764478,0.6744792,-0.38279298,-1.4019699,-1.3687874,-0.18861069,1.2109153,-1.2483823,-0.13715626,1.1836798,0.58984226,1.5200728,0.7968666,-1.3180225,0.41401806,0.57070845,1.4195772,1.2756428,1.1916953,-0.29962125,-0.5806814,-1.191929,-0.6718686,0.5587283,0.28059855,0.15579785,-0.10147429,1.5745438,-0.82364625,-0.07768632,0.42591205,-0.055622105,-0.74323255,-0.62972254,0.0823654,-0.32780483,-0.08311618,-1.0228275,0.57363886,-0.7989102,-1.1141009,0.35609952,1.1222275,0.46702388,-0.35064474,1.3478686,-0.28436592,1.427679,-0.95129114,-0.5265551,-0.78960186,0.32248607,-0.5474127,0.9089976,-0.92026335,1.125158,0.30869594,-0.26402548,0.296371,0.61647445,-1.0026594,0.65491444,-0.4607934,0.2721521,-0.14999832,0.4669377,0.26517084,-1.3906792,0.28792456,-0.026231887,0.41324237,-0.032609824,-1.3425862,-0.38468912,0.03651321,-0.05182982,-1.6373502,-1.4822974,-0.1877488,1.1192971,-0.9220733,1.72658,0.9819991,0.14993705,-0.0615691,-0.81554455,0.0022964475,-1.3094898,-0.5954196,-0.23291148,-0.2446331,-0.38718858,0.9390773,-1.308628,-0.39899638,-0.4128727,0.8971898,0.39109197,-1.0384276,1.4380215,0.12244297,0.85762936,-0.46915367,0.0823654,-0.69755274,0.13942207,0.43720272,0.7844555,1.2484934,-0.09535492,-1.2828577,-0.672041,-0.6261888,1.468446,-0.5715454,-0.5423276,0.17131175,-1.0171391,0.5518332,-1.1426293,0.8897776,0.6019086,-1.5201341,-1.0450641,0.56855375,-0.0010648972,-0.3864129,1.3337337,1.1486874,1.2840892,-0.37357083,-1.7162987,-0.0431248,0.5778621,-1.633127,-0.5767167,0.25301826,0.32179657,-0.07096363,-0.62360317,1.1264508,-0.54405135,0.15700449,-0.027869465,0.020740747,-0.77865595,0.17088081,0.30490366,-0.9677531,-0.20412458,-0.03579879,-0.13879384,-0.93051976,0.5550222,0.02005124,-1.2396773,0.3008528,0.58854944,-0.42519763,0.22276618,-0.46923986,0.6942163,-1.4306706,-0.16706361,-0.081392415,-0.03019655,0.54123205,0.09322513,-0.3951179,-1.2130451,-0.47596255,-1.3363806,-0.5806814,0.5172717,-0.7103086,-0.5207805,0.55148846,-0.83381647,-0.651442,0.26801506,0.52718335,1.2028998,1.0145783,-0.26842108,-0.3619354,-0.19748808,0.5035677,-0.53008884,-0.8910455,0.47891787,-0.01270032,-1.0392895,-0.43467835,1.0820638,0.5829472,-1.2007202,-0.8570011,0.111841805,-0.08630515,-1.0420475,-1.2001169,0.7804046,-0.040366773,0.54037017,0.3436884,0.118995436,1.5078341,0.69404393,1.30917,-0.2646288,1.0645676,-0.5754239,0.12985516,0.21957721,0.04073644,0.42599824,0.5170993,-0.08173717,-1.4066241,-1.4373933,0.14355911,0.30878213,0.37600902,-0.6446331,-0.5788714,1.44371,-0.79494554,-0.12371088,-0.9323297,-0.13086452,-0.37710455,0.16493382,0.49684504,-0.41494122,0.29757765,0.65026027,0.38402453,0.8765908,0.093397506,0.55674595,-0.90190524,1.0466404,0.9097733,-0.54551655,-0.20834781,-0.28686538,0.89684504,-1.4961737,0.30274895,0.6788748,-0.09682012,-0.89440686,1.4194049,0.7143844,-0.6522177,-0.67014486,-0.6101578,0.71981424,-0.38236204,0.24784698,-0.110093124,0.88046926,0.9493337,0.8233264,0.08072782,0.68956214,0.54269725,-0.304534,-1.56771,1.2671963,-0.026231887,-1.2252839,-0.35288563,-0.38382724,-0.08561564,1.5138673,0.09529365,-0.94749886,0.7014561,-0.31875506,0.46512774,-0.790119,0.8491829,0.93226844,-0.13732864,0.23534967,-1.3079385,0.2174225,1.4028567,-0.057604436,-0.7156523,0.4646106,0.6383663,1.2774527,0.78988534,0.21578492,-0.804771,0.5482995,-0.85398453,0.2875798,0.35541,1.0074246,-0.17094208,0.038150787,0.23405685,1.2234126,0.5607106,-0.7525409,-0.63342863,-0.357626,-0.007442833,0.61345786,0.28671792,-0.18318082,-0.14930882,0.9475238,-0.027697088,-0.75219613,1.089045,0.032031417,-0.32470205,0.42961815,-0.112075455,-1.0034351,0.56191725,1.3464034,0.5459724,0.15562548,0.12976897,0.4610769,-0.36581388,-0.9958505,-1.6439867,1.4059595,-0.70272404,-0.85967296,-0.6507525,0.22664465,-1.0828146,-0.06544758,1.3583835,-0.37710455,-1.1226336,-0.48087528,0.61276835,-1.1157385,-1.2226982,1.2783146,-0.2535105,-0.39632455,0.15907301,-0.46381,-0.82795566,0.54795474,0.61949104,0.24121048,-1.3884383,0.627248,0.31076446,0.3170562,-0.6947947,1.0899069,-1.233127,-0.17732002,-0.71591085,-1.2314032,0.09994782,-1.330175,-0.912334,-0.11423016,-0.5730106,1.1217966,0.52287394,0.090294726,0.81410426,-1.6103733,-1.6821681,0.25396633,-0.5781819,0.1768278,-1.2900113,0.72420985,-0.5318988,-0.5873179,0.27197972,0.54941994,1.6086744,-1.0598885,0.83039385,0.75454813,-1.4739372,0.06866145,0.787903,0.25525916,0.83108336,1.3582973,-0.5770615,-1.2387292,-0.20128037,0.86581725,-1.2843229,0.5882047,0.6832704,-0.4919074,-0.418044,0.985619,-0.7533166,1.0768925,-1.1001384,-0.35624698,-1.0394619,0.40108982,-0.25463095,-1.22537,0.68499416,0.7922986,0.092449434,-1.3699079,-1.1161695,1.0040632,-0.7035859,0.33903423,0.29835334,-0.28419355,0.7379138,-0.4991472,0.33653477,-0.37986258,-0.44355574,-0.29738036,0.09425939,-0.5568934,-0.5297441,0.25155306,-0.8356264,0.6398315,-0.69367427,-0.30048314,-0.08621896,-0.86923987,0.81281143,0.46814433,0.5584697,-0.5387077,-0.593782,-0.83916014,0.66879076,1.0930959,-0.93060595,0.3849726,0.03039384,-0.6285159,-0.29901794,-0.13810433,-0.1280203,-1.3168159,-0.7156523,0.67766815,0.007209182,0.23060931,-0.49380353,0.89908594,-0.30427542,-1.2259734,1.1450675,-0.775467,0.8662482,0.35058346,-0.57145923,0.5469205,-0.8513989,0.27258304,0.27482393,-0.87380785,0.53166515,-0.2128296,-0.9861112,0.54261106,-0.8854433,0.3289502,-1.4414442,0.17286314,0.5247701,-0.24187507,-1.014381,-0.11509205,-0.035281662,-1.0973804,-0.7997721,0.19061793,-1.3944715,0.5998401,0.45530227,0.15226413,0.37376812,0.8454768,1.2074678,0.41996506,0.65198404,-0.9418104,-0.1294855,0.4395298,-0.4969063,-0.6869516,-0.30849865,0.34929064,0.37256148,0.6520702,-0.56852883,-0.5334502,-0.8512265,-0.1487055,-0.83984965,-0.69022673,0.08641625,0.3673902,-0.36546913,-1.2501061,-0.25885418,-0.1449994,-1.0906577,0.0063472986,0.22267999,1.0303508,1.0879246,-0.2453226,-1.1061716,-0.4395049,-0.76228017,0.65181166,0.4941732,0.22500707,-1.0502354,1.3898423,0.81996506,-0.8430386,0.67999524,-0.42218104,-0.9270722,-1.3029395,-0.33263138,-0.680746,0.11106611,0.46633437,0.9878599,1.0755997,-1.1636592,-0.76969236,0.8034169,0.33937898,-0.3634868,0.15407409,0.19294502,0.7835074,-0.93413967,0.65775865,0.6498293,-0.9974881,-0.87820345,1.4575863,-0.5140578,0.59647876,0.4492691,-1.3521531,-1.4878135,0.9258043,0.05866361,-0.993782,0.81651753,0.41315618,-0.5297441,-0.36072877,0.015052319,1.056552,-1.6821681,-0.03993583,-1.3009572,-0.9995566,-0.804771,1.4672394,0.087278135,-0.6917781,0.085209616,0.79643565,0.12718332,0.23086788,-1.2676885,-0.0006339555,0.2462094,-0.6862621,-0.69384664,-0.6578199,0.6506912,-0.39020517,-0.34306017,1.15903,1.2010037,-0.4187335,0.0022964475,-0.727891,-0.14517178,-0.65385526,0.12942421,0.7623051,0.24457182,-1.0362729,0.5253734,0.7258474,-0.041659597,-0.06536139,-0.42493907,0.19285883,0.0727985,-0.26635256,-0.277988,0.09201849,0.5968235,-0.42002633,-0.26273265,1.1742853,-1.2851847,-0.591024,0.8460801,1.293139,1.267541,-0.6006771,0.023326397,-0.5356049,-0.73814744,0.25146687,1.4490536,0.06702387,-1.242263,-0.3257363,-0.5377596,-0.67833275,-0.18326701,-0.3244435,-0.7728813,-0.9530149,-0.07260121,-0.6430817,-0.92319375,-0.05898345,-0.28100458,0.879435,0.12046064,-0.11526442,-0.65307957,0.38083556,1.0970606,0.83625466,-0.40020302,-1.302681,-0.10276712,0.04797626,-0.3738294,-0.53301924,0.21897389,0.5726908,0.7630808,-1.1884815,0.9434729,-0.8734631,0.12666619,-0.7900328,1.3926003,0.33506957,0.19061793,0.12192584,-0.10449088,1.0719798,0.41263905,-0.81856114,0.90925616,-1.1216855,-0.13439824,-0.7604702,-0.5989533,-0.26135364,0.10477436,1.2013484,-1.5441806,-0.62084514,-1.1931356,0.9804477,0.21509542,1.1304154,0.7739405,0.053406123,0.64233094,-1.3078523,0.60526997,-0.45975915,-1.0759195,1.0636195,-0.39994445,-0.14827456,0.12494243,-0.4085633,-0.10793842,-0.3066025,1.062499,-0.6548895,1.0704284,0.7658388,0.46340397,-0.16439177,0.25750005,-1.007486,-0.14043142,0.5276143,-0.6150705,0.50253344,0.6930097,0.021516442,0.27611676,-0.6463569,0.09537984,0.085209616,0.23422922,0.39057484,0.67758197,0.48124495,-0.18206038,1.4382801,-0.22955014,0.48288253,1.2534924,1.3489028,-0.6498044,0.8302215,1.0745654,-0.12319375,-0.3966693,-0.47794488,-1.0113645,0.54700667,1.4028567,-1.2082186,-0.0035643585,0.66086143,0.3037832,1.1199867,1.1455846,0.6494846,1.1737682,-0.8297656,1.2329795,-0.6114506,-1.1971003,0.48271015,1.1529106,1.0173364,-0.76771003,-0.48182335,-0.8210606,-0.43933252,0.17338027,-0.79925495,-0.16525365,0.9009821,-0.39641073,-1.0586818,-0.18542172,-0.37469128,-0.8064948,-0.8732045,0.6219905,1.5798875,-0.066998966,-0.6448917,-0.20352127,-1.0711792,0.66430897,0.44487348,0.96252054,0.85547465,0.07081617,-1.4044694,0.14002539,1.3602797,-1.2923384,-0.05234695,-0.57430345,-0.35960832,1.238237,0.8541818,0.5461448,-0.6579061,-1.1384922,-0.51983243,-0.5121617,0.024188282,1.2833997,0.83711654,-0.114661105,0.05918074,-0.19791903,-1.3188844,-1.2017545,1.0197496,0.31024733,-0.31565228,0.8645244,-1.1089296,-1.4704034,-0.08009959,1.0909412,-0.9518083,-0.6279126,0.59880584,0.3828179,-0.390119,-1.3300889,-0.5061285,0.44728675,-0.1730106,1.1941086,0.09770692,1.2329795,-0.9285374,0.03849554,-1.4662664,-0.23773803,1.1604952,-0.7877919,1.1728201,-0.7327176,0.8763322,-0.9649089,-1.07523,-0.77434653,-0.35590222,1.1499802,0.9199435,0.89322513,-0.3346137,-0.33728555,-1.236316,-0.4454519,-1.3075937,-0.7913256,-0.20610692,-0.27221337,-0.03545404,-0.13284685,0.036685586,-1.2978544,0.73317343,-0.5775786,-0.39572123,0.4447011,-0.3325452,-0.2815217,-0.41985396,-0.5524978,0.6329364,0.5949274,-0.8164064,-0.6763504,0.8567675,-0.18464603,-0.1959367,0.24810554,-0.7282358,0.83409995,0.21552636,-0.61033016,1.179198,1.1179181,1.3253734,0.77592283,-1.1400436,-1.1555575,-0.915523,-1.3501707,-0.08587421,0.27447918,-0.06355143,-0.5663741,0.7325701,0.48667482,1.1442056,1.318306,0.09219087,-0.48690847,-1.2338165,-0.19386818,0.18587758,-0.40640858,1.2066921,-0.81183845,0.2277651,0.6138888,0.9797582,-0.13594963,-0.60593456,0.6200082,-0.20188369,0.48986378,0.0012621876,-0.30332735,0.8042788,1.1705792,-0.11267877,1.0497432,-0.10268093,1.0351774,-0.066568024,0.11278988,0.40979484,-0.1545663,-0.4622586,-1.2488995,-0.49664775,-0.0807891,0.45021716,0.9118418,-0.5208667,0.8108291,0.04590774,1.0118203,-0.5083694,0.91382414,-0.50121576,0.27853003,-0.60688263,0.022205949,0.758599,-0.7288391,1.1190386,0.21052743,0.33765522,-1.3414657,-0.10457707,-0.6910024,0.15907301,0.23319496,-0.3340104,0.826343,-0.5724073,-0.6113644,0.28654554,-1.0079169,-0.7835687,-0.9942129,-0.9735277,-1.1924461,0.16096915,0.414449,-0.42821422,-0.31944457,-0.14663698,-1.24821,0.3960909,0.64370996,0.062800646,-0.7051373,-0.72633964,0.26267138,-1.2304552,-0.15499724,0.16889848,-0.6292916,-0.9708559,0.4108291,0.7702344,1.2139319,0.12347723,-1.3537906,-0.7502138,0.2714626,1.1377414,-0.41321746,0.38661018,0.08891571,-0.8702741,-0.034678344,0.4926218,0.900034,-0.31134287,0.8594393,0.78178364,1.0436238,-1.1019484,0.6175087,-0.7508171,0.08719195,-0.3273739,0.64664036,0.07469464,-0.72633964,0.50391245,-1.0336872,0.4978793,-0.19921185,-0.82364625,-0.29582897,-0.18197419,-0.713239,1.6074678,-0.20645167,-0.1280203,-0.3369408,0.94399005,0.47228137,1.0323331,1.239616,-1.0403237,0.5534708,1.0920616,0.58475715,-0.27393714,-0.45725968,-0.3752084,1.0155264,0.90934235,1.0828395,1.214449,1.0020809,-0.5400867,0.2557763,-0.5825775,-0.33702698,0.41194955,0.13235462,0.93140656,1.2116048,0.21914627,-1.061957,-0.012786509,1.3839815,-0.104404695,1.160409,1.4370735,0.051165227,-1.0891925,0.7282607,0.030824782,0.8139319,1.2102258,1.2546128,-0.6689382,0.6352635,0.88995,0.3192971,1.464309,-0.19722952,-1.2406254,-0.94758505,0.33644858,1.3083081,-0.57128686,0.12916565,-0.27764323,-1.0790223,-0.63049823,-1.4315325,-0.40864947,0.89598316,1.4443133,0.7024904,-1.1276325,0.44495967,-0.41373459,0.87598747,1.0015638,-0.1582724,1.1846279,0.88279635,0.1317513,0.6632747,0.8758151,-0.8792377,0.5822577,-0.69660467,-0.1427585,0.96829516,-0.40072015,-1.2095976,-0.14327563,0.90796334,0.72343415,0.59079033,-0.46208623,0.83496183,-0.7090158,0.08951903,0.7451536,0.30214563,0.36764875,0.970967,0.20466663,1.0264723,-0.55732435,0.90641195,-0.80744284,-1.1998583,-0.23480763,0.9714841,0.1288209,1.5164529,-0.2372209,1.285813,0.46745482,0.9264938,0.9803615,0.616733,-0.4113213,1.163167,0.8279806,1.3129623,-0.54094857,-1.3362944,-1.1289253,-0.08208192,0.3517039,0.8197065,0.12201203,-0.7280634,0.50960094,-0.6264474,-0.5275032,1.1951429,-1.1015174,-0.39339414,0.9169269,1.1824732,0.85849124,1.4122512,0.78255934,-0.12259043,1.2372028,-0.52776176,0.21914627,0.3281745,0.40289977,
0,0,0,0,0,0,0,0,0,0,0,0,0,0,1,0,0,0,0,0,0,0,0,0,0,0,0,0,0,0,0,0,0,0,0,0,0,0,0,0,0,0,0,0,0,0,0,0,0,0,0,0,0,0,0,0,0,0,0,0,0,0,0,0,0,0,0,0,0,0,0,1,0,0,0,0,0,0,0,0,0,0,0,0,0,0,0,0,0,0,0,0,0,0,0,0,0,0,0,0,0,0,0,0,0,0,0,0,0,0,0,0,0,0,0,0,0,0,0,0,0,0,0,0,0,0,0,0,0,0,0,0,0,0,0,0,0,0,0,0,0,0,0,0,0,0,0,0,0,0,0,0,1,0,0,0,0,0,0,0,0,0,0,0,0,0,0,0,0,0,0,0,0,0,0,0,0,0,0,0,0,0,0,0,0,0,0,0,0,0,0,0,0,0,0,0,0,0,0,0,0,0,0,0,0,0,0,0,0,0,0,0,0,0,0,0,0,0,0,0,0,0,0,0,0,0,0,0,0,0,0,0,0,0,0,0,0,0,0,0,0,0,0,0,0,0,0,0,0,0,0,0,0,0,0,0,0,0,0,0,0,0,0,0,0,0,0,0,0,0,0,0,0,0,0,0,0,0,0,0,0,0,0,0,0,0,0,0,0,0,0,0,0,0,0,0,0,0,0,0,0,0,0,0,0,0,0,0,0,0,0,0,0,0,0,0,0,0,0,0,0,0,0,0,0,0,0,0,0,0,0,0,0,0,0,0,0,0,0,0,0,0,0,0,0,0,0,0,0,0,0,0,0,0,0,0,0,0,0,0,0,0,0,0,0,0,0,0,0,0,0,0,0,0,0,0,0,0,0,0,0,0,0,0,0,0,0,0,0,0,0,0,0,0,0,0,0,0,0,0,0,0,0,0,0,0,0,0,0,0,0,0,0,0,0,0,0,0,0,0,0,0,0,0,0,0,0,0,0,0,0,0,0,0,0,0,0,0,0,0,0,0,0,0,0,0,0,0,0,0,0,0,0,0,0,0,0,0,0,0,0,0,0,0,0,0,0,0,0,0,0,0,0,0,0,0,0,0,0,0,0,0,0,0,0,0,0,0,0,0,0,0,0,0,0,0,0,0,0,0,0,0,0,0,0,0,0,0,0,0,0,0,0,0,0,0,0,0,0,0,0,0,0,0,0,0,0,0,0,0,0,0,0,0,0,0,0,0,0,0,0,0,0,0,0,0,0,0,0,0,0,0,0,0,0,0,0,0,0,0,0,0,0,0,0,0,0,0,0,0,0,0,0,0,0,0,0,0,0,0,0,0,0,0,0,0,0,0,0,0,0,0,0,0,0,0,0,0,0,0,0,0,0,0,0,0,0,0,0,0,0,0,0,0,0,0,0,0,0,0,0,0,0,0,0,0,0,0,0,0,0,0,0,0,0,0,0,0,0,0,0,0,0,0,0,0,0,0,0,0,0,0,0,0,0,0,0,0,0,0,0,0,0,0,0,0,0,0,0,0,0,0,0,0,0,0,0,0,0,0,0,0,0,0,0,0,0,0,0,0,0,0,0,0,0,0,0,0,0,0,0,0,0,0,0,0,0,0,0,0,0,0,0,0,0,0,0,0,0,0,0,0,0,0,0,0,0,0,0,0,0,0,0,0,0,0,0,0,0,0,0,0,0,0,0,0,0,0,0,0,0,0,0,0,0,0,0,0,0,0,0,0,0,0,0,0,0,0,0,0,0,0,0,0,0,0,0,0,0,0,0,0,0,0,0,0,0,0,0,0,0,0,0,0,0,0,0,0,0,0,0,0,0,0,0,0,0,0,0,0,0,0,0,0,0,0,0,0,0,0,0,0,0,0,0,0,0,0,0,0,0,0,0,0,0,0,0,0,0,0,0,0,0,0,0,0,0,0,0,0,0,0,0,0,0,0,0,0,0,0,0,0,0,0,0,0,0,0,0,0,0,0,0,0,0,0,0,0,0,0,0,0,0,0,0,0,0,0,0,0,0,0,0,0,0,0,0,0,0,0,0,0,0,0,0,0,0,0,0,0,0,0,0,0,0,0,0,0,0,0,0,0,0,0,0,0,0,0,0,0,0,0,0,0,0,0,0,0,0,0,0,0,0,0,0,0,0,0,0,0,0,0,0,0,0,0,0,0,0,0,0,0,0,0,0,0,0,0,0,0,0,0,0,0,0,0,0,0,0,0,0,0,0,0,0,0,0,0,0,0,0,0,0,0,0,0,0,0,0,0,0,0,0,0,0,0,0,0,0,0,0,0,0,0,0,0,0,0,0,0,0,0,0,0,0,0,0,0,0,0,0,0,0,0,0,0,0,0,0,0,0,0,0,0,0,0,0,0,0,0,0,0,0,0,0,0,0,0,0,0,0,0,0,0,0,0,0,0,0,0,0,0,0,0,0,0,0,0,0,0,0,0,0,0,0,0,0,0,0,0,0,0,0,0,0,0,0,0,0,0,0,0,0,0,0,0,0,0,0,0,0,0,0,0,0,0,0,0,0,0,0,0,0,0,0,0,0,0,0,0,0,0,0,0,0,0,0,0,0,0,0,0,0,0,0,0,0,0,0,0,0,0,0,0,0,0,0,0,0,0,0,0,0,0,0,0,0,0,0,0,0,0,0,0,0,0,0,0,0,0,0,0,0,0,0,0,0,0,0,0,0,0,0,0,0,0,0,0,0,0,0,0,0,0,0,0,0,0,0,0,0,0,0,0,0,0,0,0,0,0,0,0,0,0,0,0,0,0,0,0,0,0,0,0,0,0,0,0,0,0,0,0,0,0,0,0,0,0,0,0,0,0,0,0,0,0,0,0,0,0,0,0,0,0,0,0,0,0,0,0,0,0,0,0,0,0,0,0,0,0,0,0,0,0,0,0,0,0,0,0,0,0,0,0,0,0,0,0,0,0,0,0,0,0,0,0,0,0,0,0,0,0,0,0,0,0,0,0,0,0,0,0,0,0,0,0,0,0,0,0,0,0,0,0,0,0,0,0,0,0,0,0,0,0,0,0,0,0,0,0,0,0,0,0,0,0,0,0,0,0,0,0,0,0,0,0,0,0,0,0,0,0,0,0,0,0,0,0,0,0,0,0,0,0,0,0,0,0,0,0,0,0,0,0,0,0,0,0,0,0,0,0,0,0,0,0,0,0,0,0,0,0,0,0,0,0,0,0,0,0,0,0,0,0,0,0,0,0,0,0,0,0,0,0,0,0,0,0,0,0,0,0,0,0,0,0,0,0,0,0,0,0,0,0,0,0,0,0,0,0,0,0,0,0,0,0,0,0,0,0,0,0,0,0,0,0,0,0,0,0,0,0,0,0,0,0,0,0,0,0,0,0,0,0,0,0,0,0,0,0,0,0,0,0,0,0,0,0,0,0,0,0,0,0,0,0,0,0,0,0,0,0,0,0,0,0,0,0,0,0,0,0,0,0,0,0,0,0,0,0,0,0,0,0,0,0,0,0,0,0,0,0,0,0,0,0,0,0,0,0,0,0,0,0,0,0,0,0,0,0,0,0,0,0,0,0,0,0,0,0,0,0,0,0,0,0,0,0,0,0,0,0,0,0,0,0,0,0,0,0,0,0,0,0,0,0,0,0,0,0,0,0,0,0,0,0,0,0,0,0,0,0,0,0,0,0,0,0,0,0,0,0,0,0,0,0,0,0,0,0,0,0,0,0,0,0,0,0,0,0,0,0,0,0,0,0,0,0,0,0,0,0,0,0,0,0,0,0,0,0,0,0,0,0,0,0,0,0,0,0,0,0,0,0,0,0,0,0,0,0,0,0,0,0,0,0,0,0,0,0,0,0,0,0,0,0,0,0,0,0,0,0,0,0,0,0,0,0,0,0,0,0,0,0,0,0,0,0,0,0,0,0,0,0,0,0,0,0,0,0,0,0,0,0,0,0,0,0,0,0,0,0,0,0,0,0,0,0,0,0,0,0,0,0,0,0,0,0,0,0,0,0,0,0,0,0,0,0,0,0,0,0,0,0,0,0,0,0,0,0,0,0,0,0,0,0,0,0,0,0,0,0,0,0,0,0,0,0,0,0,0,0,0,0,0,0,0,0,0,0,0,0,0,0,0,0,0,0,0,0,0,0,0,0,0,0,0,0,0,0,0,0,0,0,0,0,0,0,0,0,0,0,0,0,0,0,0,0,0,0,0,0,0,0,0,0,0,0,0,0,0,0,0,0,0,0,0,0,0,0,0,0,0,0,0,0,0,0,0,0,0,0,0,0,0,0,0,0,0,0,0,0,0,0,0,0,0,0,0,0,0,0,0,0,0,0,0,0,0,0,0,0,0,0,0,0,0,0,0,0,0,0,0,0,0,0,0,0,0,0,0,0,0,0,0,0,0,0,0,0,0,0,0,0,0,0,0,0,0,0,0,0,0,0,0,0,0,0,0,0,0,0,0,0,0,0,0,0,0,0,0,0,0,0,0,0,0,0,0,0,0,0,0,0,0,0,0,0,0,0,0,0,0,0,0,0,0,0,0,0,0,0,0,0,0,0,0,0,0,0,0,0,0,0,0,0,0,0,0,0,0,0,0,0,0,0,0,0,0,0,0,0,0,0,0,0,0,0,0,0,0,0,0,0,0,0,0,0,0,0,0,0,0,0,0,0,0,0,0,0,0,0,0,0,0,0,0,0,0,0,0,0,0,0,0,0,0,0,0,0,0,0,0,0,0,0,0,0,0,0,0,0,0,0,0,0,0,0,0,0,0,0,0,0,0,0,0,0,0,0,0,0,0,0,0,0,0,0,0,0,0,0,0,0,0,0,0,0,0,0,0,0,0,0,0,0,0,0,0,0,0,0,0,0,0,0,0,0,0,0,0,0,0,0,0,0,0,0,0,0,0,0,0,0,0,0,0,0,0,0,0,0,0,0,0,0,0,0,0,0,0,0,0,0,0,0,0,0,0,0,0,0,0,0,0,0,0,0,0,0,0,0,0,0,0,0,0,0,0,0,0,0,0,0,0,0,0,0,0,0,0,0,0,0,0,0,0,0,0,0,0,0,0,0,0,0,0,0,0,0,0,0,0,0,0,0,0,0,0,0,0,0,0,0,0,0,0,0,0,0,0,0,0,0,0,0,0,0,0,0,0,0,0,0,0,0,0,0,0,0,0,0,0,0,0,0,0,0,0,0,0,0,0,0,0,0,0,0,0,0,0,0,0,0,0,0,0,0,0,0,0,0,0,0,0,0,0,0,0,0,0,0,0,0,0,0,0,0,0,0,0,0,0,0,0,0,0,0,0,0,0,0,0,0,0,0,0,0,0,0,0,0,0,0,0,0,0,0,0,0,0,0,0,0,0,0,0,0,0,0,0,0,0,0,0,0,0,0,0,0,0,0,0,0,0,0,0,0,0,0,0,0,0,0,0,0,0,0,0,0,0,0,0,0,0,0,0,0,0,0,0,0,0,0,0,0,0,0,0,0,0,0,0,0,0,0,0,0,0,0,0,0,0,0,0,0,0,0,0,0,0,0,0,0,0,0,0,0,0,0,0,0,0,0,0,0,0,0,0,0,0,0,0,0,0,0,0,0,0,0,0,0,0,0,0,0,0,0,0,0,0,0,0,0,0,0,0,0,0,0,0,0,0,0,0,0,0,0,0,0,0,0,0,0,0,0,0,0,0,0,0,0,0,0,0,0,0,0,0,0,0,0,0,0,0,0,0,0,0,0,0,0,0,0,0,0,0,0,0,0,0,0,0,0,0,0,0,0,0,0,0,0,0,0,0,0,0,0,0,0,0,0,0,0,0,0,0,0,0,0,0,0,0,0,0,0,0,0,0,0,0,0,0,0,0,0,0,0,0,0,0,0,0,0,0,0,0,0,0,0,0,0,0,0,0,0,0,0,0,0,0,0,0,0,0,0,0,0,0,0,0,0,0,0,0,0,0,0,0,0,0,0,0,0,0,0,0,0,0,0,0,0,0,0,0,0,0,0,0,0,0,0,0,0,0,0,0,0,0,0,0,0,0,0,0,0,0,0,0,0,0,0,0,0,0,0,0,0,0,0,0,0,0,0,0,0,0,0,0,0,0,0,0,0,0,0,0,0,0,0,0,0,0,0,0,0,0,0,0,0,0,0,0,0,0,0,0,0,0,0,0,0,0,0,0,0,0,0,0,0,0,0,0,0,0,0,0,0,0,0,0,0,0,0,0,0,0,0,0,0,0,0,0,0,0,0,0,0,0,0,0,0,0,0,0,0,0,0,0,0,0,0,0,0,0,0,0,0,0,0,0,0,0,0,0,0,0,0,0,0,0,0,0,0,0,0,0,0,0,0,0,0,0,0,0,0,0,0,0,0,0,0,0,0,0,0,0,0,0,0,0,0,0,0,0,0,0,0,0,0,0,0,0,0,0,0,0,0,0,0,0,0,0,0,0,0,0,0,0,0,0,0,0,0,0,0,0,0,0,0,0,0,0,0,0,0,0,0,0,0,0,0,0,0,0,0,0,0,0,0,0,0,0,0,0,0,0,0,0,0,0,0,0,0,0,0,0,0,0,0,0,0,0,0,0,0,0,0,0,0,0,0,0,0,0,0,0,0,0,0,0,0,0,0,0,0,0,0,0,0,0,0,0,0,0,0,0,0,0,0,0,0,0,0,0,0,0,0,0,0,0,0,0,0,0,0,0,0,0,0,0,0,0,0,0,0,0,0,0,0,0,0,0,0,0,0,0,0,0,0,0,0,0,0,0,0,0,0,0,0,0,0,0,0,0,0,0,0,0,0,0,0,0,0,0,0,0,0,0,0,0,0,0,0,0,0,0,0,0,0,0,0,0,0,0,0,0,0,0,0,0,0,0,0,0,0,0,0,0,0,0,0,0,0,0,0,0,0,0,0,0,0,0,0,0,0,0,0,0,0,0,0,0,0,0,0,0,0,0,0,0,0,0,0,0,0,0,0,0,0,0,0,0,0,0,0,0,0,0,0,0,0,0,0,0,0,0,0,0,0,0,0,0,0,0,0,0,0,0,0,0,0,0,0,0,0,0,0,0,0,0,0,0,0,0,0,0,0,0,0,0,0,0,0,0,0,0,0,0,0,0,0,0,0,0,0,0,0,0,0,0,0,0,0,0,0,0,0,0,0,0,0,0,0,0,0,0,0,0,0,0,0,0,0,0,0,0,0,0,0,0,0,0,0,0,0,0,0,0,0,0,0,0,0,0,0,0,0,0,0,0,0,0,0,0,0,0,0,0,0,0,0,0,0,0,0,0,0,0,0,0,0,0,0,0,0,0,0,0,0,0,0,0,0,0,0,0,0,0,0,0,0,0,0,0,0,0,0,0,0,0,0,0,0,0,0,0,0,0,0,0,0,0,0,0,0,0,0,0,0,0,0,0,0,0,0,0,0,0,0,0,0,0,0,0,0,0,0,0,0,0,0,0,0,0,0,0,0,0,0,0,0,0,0,0,0,0,0,0,0,0,0,0,0,0,0,0,0,0,0,0,0,0,0,0,0,0,0,0,0,0,0,0,0,0,0,0,0,0,0,0,0,0,0,0,0,0,0,0,0,0,0,0,0,0,0,0,0,0,0,0,0,0,0,0,0,0,0,0,0,0,0,0,0,0,0,0,0,0,0,0,0,0,0,0,0,0,0,0,0,0,0,0,0,0,0,0,0,0,0,0,0,0,0,0,0,0,0,0,0,0,0,0,0,0,0,0,0,0,0,0,0,0,0,0,0,0,0,0,0,0,0,0,0,0,0,0,0,0,0,0,0,0,0,0,0,0,0,0,0,0,0,0,0,0,0,0,0,0,0,0,0,0,0,0,0,0,0,0,0,0,0,0,0,0,0,0,0,0,0,0,0,0,0,0,0,0,0,0,0,0,0,0,0,0,0,0,0,0,0,0,0,0,0,0,0,0,0,0,0,0,0,0,0,0,0,0,0,0,0,0,0,0,0,0,0,0,0,0,0,0,0,0,0,0,0,0,0,0,0,0,0,0,0,0,0,0,0,0,0,0,0,0,0,0,0,0,0,0,0,0,0,0,0,0,0,0,0,0,0,0,0,0,0,0,0,0,0,0,0,0,0,0,0,0,0,0,0,0,0,0,0,0,0,0,0,0,0,0,0,0,0,0,0,0,0,0,0,0,0,0,0,0,0,0,0,0,0,0,0,0,0,0,0,0,0,0,0,0,0,0,0,0,0,0,0,0,0,0,0,0,0,0,0,0,0,0,0,0,0,0,0,0,0,0,0,0,0,0,0,0,0,0,0,0,0,0,0,0,0,0,0,0,0,0,0,0,0,0,0,0,0,0,0,0,0,0,0,0,0,0,0,0,0,0,0,0,0,0,0,0,0,0,0,0,0,0,0,0,0,0,0,0,0,0,0,0,0,0,0,0,0,0,0,0,0,0,0,0,0,0,0,0,0,0,0,0,0,0,0,0,0,0,0,0,0,0,0,0,0,0,0,0,0,0,0,0,0,0,0,0,0,0,0,0,0,0,0,0,0,0,0,0,0,0,0,0,0,0,0,0,0,0,0,0,0,0,0,0,0,0,0,0,0,0,0,0,0,0,0,0,0,0,0,0,0,0,0,0,0,0,0,0,0,0,0,0,0,0,0,0,0,0,0,0,0,0,0,0,0,0,0,0,0,0,0,0,0,0,0,0,0,0,0,0,0,0,0,0,0,0,0,0.17085749,0.7177856,-0.11863118,-0.70375997,-0.13505563,-0.24036896,-0.20401372,0.6622377,0.30785096,0.111495696,-0.41826978,-0.19620134,-0.2516877,-0.24762772,-0.5697807,-0.52087647,-0.15843125,0.03583249,-0.40079957,0.15455607,0.24172254,0.032387663,0.10189939,-0.18199143,-0.10435974,0.8504115,0.043767903,0.06056144,0.25716275,0.57716274,-0.49264118,0.33387172,-0.2438138,-0.13148777,0.11100358,-0.43838513,-0.5972778,-0.094640404,-0.2546404,0.26368332,0.44293746,-0.35164925,-0.1773778,-0.50623596,0.37939265,0.8167014,0.33663988,-0.21871576,0.05576329,0.20696667,-0.290319,-0.078646556,-1.1544789,-0.43770847,0.06117659,0.14698973,0.27678597,-0.33547086,-0.0072278692,0.13505587,0.060992047,0.26589784,0.35189554,0.040753677,0.4983623,-0.17700872,0.5030989,-0.21496336,0.3031143,0.0520724,-0.6260668,-0.40209138,0.16581327,0.00033845156,-0.39963078,-0.28730476,0.3824069,0.17639382,0.43666294,0.4373396,0.0657902,0.80199933,0.010795968,-0.44410598,-0.5110341,-0.029311683,0.41218004,-0.22991145,-0.013379349,-0.5138023,-0.15843125,0.30988094,-0.36302948,0.14791246,0.45610163,-0.13733168,-0.028450476,-0.1399153,0.09980789,-0.28484416,-0.069050245,-0.48864272,0.05730116,0.036509156,0.49848533,-0.17553237,0.09451761,0.009934761,0.1468052,0.44576713,0.16415237,-0.24572076,0.14649762,0.35214162,0.17768562,0.07483288,-0.009749976,-0.69078034,0.5981393,-0.1199845,-0.09193375,0.116232336,-0.062099073,0.4613919,0.34912738,-0.3266127,0.30163795,-0.115001805,-0.1436677,-0.0975316,-0.17054968,-0.106574275,0.3592773,0.10380635,-0.28158388,-0.093410105,-0.0954401,0.25593245,-0.057116374,0.1235526,0.34069985,0.085844025,0.3811766,-0.26116097,0.2868744,-0.00046124088,-0.05170307,0.07735498,-0.03749315,-0.07956927,-0.12724325,-0.21742395,0.36604396,0.069727145,-0.010734213,0.2531643,-0.37625515,-0.45727018,-0.3531871,0.03466371,-0.11161849,-0.16039972,-0.31750852,-0.327843,0.063698694,0.083937064,-0.3519568,0.119369596,-0.10263733,0.25968486,0.3882508,0.0620378,0.32409087,-0.5709495,0.006859021,0.19890824,-0.4220222,-0.050103687,-0.17596297,0.08965795,-0.3565089,-0.18752776,-0.15412521,0.10085364,0.101407275,-0.27155697,0.08006164,-0.14280649,0.06880443,-0.36087647,0.19398704,-0.24873498,0.024267709,-0.3140637,0.09168793,-0.0010763889,-0.009996035,0.2980086,-0.38025364,0.11407932,-0.04530553,-0.22443664,-0.10675882,-0.22351392,-0.05619365,-0.056624256,-0.016270544,-0.44269115,0.12293745,-0.22849661,0.31228,0.09396398,-0.3542944,-0.45173383,0.08787402,0.34389862,0.017808655,-0.2509495,-0.10682033,0.25876212,0.14563641,0.2320032,0.2274511,-0.3240906,0.32163027,-0.06892721,-0.19546317,0.17694744,-0.11241818,-0.12982687,-0.06708177,-0.16033821,-0.15947701,-0.022791114,-0.2732179,0.32501358,0.57353336,-0.10196067,0.09562488,0.04795091,-0.086335905,-0.32039973,-0.07187992,-0.12552084,-0.28939626,0.1809459,-0.17996143,-0.34586686,-0.37853122,-0.3103728,-0.16796605,-0.17098027,-0.12484417,0.18703587,0.039584894,-0.03989223,-0.18162233,-0.03964617,0.085228875,0.15271062,-0.015962971,0.03693976,-0.12133782,-0.34574383,0.109096624,-0.2433832,-0.0016300221,0.10288363,-0.2928411,-0.15836973,-0.4500729,0.299731,0.18408316,0.041983973,-0.32304487,0.5963554,-0.13714713,-0.24565925,-0.17903872,0.14200704,-0.060561202,0.31572485,-0.014056012,0.28871983,0.22603627,0.18211469,0.20235306,0.11383326,-0.059823025,0.0724338,-0.1661206,0.22720504,-0.43229514,-0.06757389,-0.11537089,-0.060868777,0.017131992,0.006612961,-0.25525555,0.042168517,-0.017746901,-0.22658965,-0.1735639,-0.25765464,-0.1212148,0.094702154,0.20419851,0.2543946,-0.34445202,-0.44349083,-0.31092644,0.037800968,-0.26977304,-0.2192694,-0.04672037,-0.015532367,0.109158136,0.17331807,-0.32642817,-0.0364474,0.01811623,0.063821726,-0.1573855,-0.005074851,0.30329886,0.26589784,-0.010426639,-0.14262195,-0.2056131,0.021807117,0.19091131,0.3044061,0.19693975,0.22529808,-0.05767001,-0.08319865,-0.11420211,0.1164784,0.07384864,0.3175703,-0.00864271,0.0761862,0.3632758,-0.032571968,0.13401012,0.2897656,0.06394476,-0.014056012,-0.2181006,-0.091072544,-0.120845705,0.1784238,0.299731,-0.19410984,0.0470897,-0.5491118,0.40768948,-0.33073422,-0.13856196,-0.16624363,-0.4624374,-0.031403188,-0.22818904,0.5054365,0.34623617,-0.45321018,-0.10565155,-0.3975393,0.36481366,0.038539145,0.11383326,0.15541726,0.023468018,0.09876213,0.12441381,-0.13253352,-0.23489416,0.09144187,0.19804703,-0.099930674,-0.07710868,-0.17424056,0.080430724,-0.090580426,0.15191093,-0.32888877,0.2166245,0.08578251,0.02260681,0.01479443,-0.06855813,0.035094313,-0.25574768,0.08203011,-0.08467501,0.064990506,0.07956952,-0.2654055,-0.20825824,0.14914276,-0.22314483,-0.17491722,-0.110695764,0.187528,-0.2820145,-0.27653968,-0.25101104,-0.09310253,-0.13634744,-0.043460086,-0.16119942,0.21121119,-0.22548239,-0.052810337,0.083937064,0.14428309,-0.27032667,0.073910154,0.085290395,-0.057793036,-0.041368585,-0.16501334,-0.36752006,-0.06062272,-0.17873114,0.28090745,-0.04555159,0.06259143,-0.1673509,-0.18254505,-0.4308803,-0.062037557,0.4821224,-0.23698565,0.21754722,0.12256836,-0.24848892,-0.26848122,0.19398704,-0.061176352,-0.05090338,0.19890824,-0.19540165,-0.33134937,-0.065359354,0.21643995,0.1460055,-0.0672048,-0.10872729,0.39815468,0.18777405,0.22320658,0.06271446,-0.070957206,0.03041919,0.06960412,0.17817774,0.09753184,0.30188403,0.10208394,0.16913506,0.18242227,-0.06394452,-0.0042136437,0.18525195,-0.16698182,-0.08947316,0.16895053,-0.3656131,-0.14299104,-0.16292183,0.13111892,0.27592477,0.10706663,0.2428298,-0.22154544,-0.2692194,-0.043583117,0.0537333,-0.15689339,-0.22062272,-0.052256703,0.12109201,0.0035987361,0.22419082,0.06769716,0.23557106,-0.14797373,-0.14526708,-0.06874267,-0.2628834,0.28570563,-0.05336397,-0.12195297,-0.24867347,-0.08793529,-0.05570153,-0.01325632,0.24713583,-0.10589761,-0.01147239,0.063268095,-0.2214224,-0.16907331,0.044690624,0.13327193,-0.38671267,-0.15800065,0.003967825,0.18193014,0.16329116,0.021561058,0.28207624,0.36235306,-0.064313605,-0.08787377,-0.04899642,0.181315,0.27217236,0.3757633,-0.048381273,-0.17504025,-0.1258284,0.07913891,0.3250751,0.23028079,0.13038075,0.052564517,0.35435614,-0.23569384,-0.077477776,0.06689747,-0.05705486,0.12441381,0.095440336,0.4319263,-0.38074574,-0.11161849,-0.113771506,0.16378328,-0.029373197,-0.0042136437,0.24559797,0.5036526,-0.10485186,0.04795091,-0.012272083,-0.10306793,0.20967333,-0.4757246,0.31320274,0.18820466,-0.025067162,0.07372561,-0.31609368,0.040200043,0.20721273,-0.28465962,0.04745879,0.02094591,-0.064867236,-0.2512571,-0.029988347,-0.09728554,0.119369596,0.112110846,-0.06412906,-0.10042279,-0.12158389,0.08688978,0.14735883,0.057670247,-0.062406648,-0.4586235,0.021991663,0.10343726,-0.1644597,-0.092302844,0.2681124,0.24559797,0.14428309,-0.109034866,0.0026144993,0.25802395,0.22751261,-0.3900345,0.009873246,-0.088242866,-0.19743164,0.38898897,-0.1345635,0.26177636,0.0053826654,-0.13493259,0.050042413,0.21594784,-0.10706639,-0.120292075,0.409904,0.22339113,-0.18279111,-0.035340134,-0.28250661,0.06492899,-0.21465579,-0.37496334,-0.22068423,-0.10995759,0.044875167,-0.030788038,-0.16009215,-0.017685385,-0.010611183,-0.19632436,0.08664372,0.034110077,0.08898128,-0.16249123,-0.23021902,0.38923502,0.06049993,0.2361247,-0.26811215,-0.14852737,0.08301435,-0.17793144,0.088366136,-0.061853014,0.17645533,0.05182634,-0.067881465,-0.063698456,-0.18678957,0.019900158,0.037431877,-0.13979226,0.052256946,0.18137652,-0.49264118,-0.10940395,0.17085749,0.044567592,0.06179174,-0.16790453,-0.07698566,0.04592092,0.081107385,0.25267217,-0.18100719,0.09507125,-0.26977304,-0.20370615,-0.15941548,0.25500974,0.022914384,-0.014486616,0.07501742,-0.12632053,0.15363334,-0.12133782,0.10663603,0.07255683,-0.12133782,0.02543649,-0.05361003,0.18814315,0.072741374,-0.17891568,0.10023849,-0.20462887,-0.061360896,-0.089842245,-0.20610522,-0.091687694,-0.029373197,0.047028188,0.20819697,-0.006305147,-0.060745746,-0.089411646,-0.008765739,-0.12041511,-0.3199076,-0.10202218,0.081168905,0.15750878,0.19521734,0.06345264,-0.088673465,-0.21121095,-0.028450476,0.04364487,0.17141111,-0.32083032,-0.08978073,0.16138421,-0.022422025,-0.11223364,0.1277356,0.30791247,0.35724732,0.1015303,0.008581435,-0.18519019,0.009196583,0.014179282,-0.24449046,-0.08652045,0.019469555,-0.026051398,0.107927844,-0.107804574,0.18555953,0.19884671,0.036263097,0.24209163,0.21896206,-0.06142241,0.12816621,0.07267986,0.09193399,-0.21244125,0.033679474,0.31646302,0.2195157,0.27863142,-0.015901456,0.10749724,0.15510969,0.05397936,-0.37151852,0.011226571,-0.15800065,0.04235306,0.26054606,0.13923888,0.1281047,0.20905818,-0.07575536,0.02285287,0.05754722,0.3105576,-0.18377535,-0.2991156,0.16310662,-0.19164924,0.08861219,-0.050226714,-0.1490195,-0.120845705,-0.08535167,0.122814424,-0.0568088,0.0300501,0.07169562,-0.06929631,0.2552558,0.01916198,0.00021542195,0.15529424,-0.088242866,0.31129578,0.27327964,0.18660527,0.22658989,-0.24645893,0.2710651,-0.077969894,-0.028819565,0.19570947,-0.010365124,0.01196475,0.07169562,0.098393045,-0.042660397,0.26122272,-0.036693458,0.026728302,-0.13031898,-0.0061206026,-0.16015367,-0.04462887,-0.47418672,0.05305664,-0.08971922,-0.16999604,-0.31227976,0.12047686,-0.067266315,0.1401616,0.105036646,0.024206195,-0.027773812,0.07673983,0.098946676,-0.32858118,-0.18199143,0.30089977,-0.07464809,-0.1357323,0.22492899,-0.0039675846,-0.03798527,0.27204934,-0.046904918,-0.033986807,0.16655144,-0.021622334,-0.029065624,0.11832384,0.006612961,0.05016544,0.032941297,0.113894776,0.010795968,-0.13511714,-0.27856967,-0.031280156,0.13862373,-0.18088415,0.19177252,0.08676675,-0.06437512,-0.28761235,-0.11217212,0.04130731,0.096055485,-0.12712021,0.06277598,0.10042304,0.2295426,-0.061176352,-0.17196451,-0.050841864,-0.110757284,-0.043952204,-0.3116646,0.11770869,0.17694744,-0.073294766,0.3700424,0.12226079,0.19890824,-0.042291306,-0.19447893,-0.32796603,-0.13505563,-0.15713944,0.16039997,-0.10263733,0.038846716,-0.47215673,-0.2537792,0.09033461,0.32556722,-0.09433283,-0.00058427046,0.059700236,0.060745988,-0.043644633,0.06837382,0.3707806,0.07594014,-0.032571968,0.00864295,-0.053056397,-0.010119065,-0.24098411,-0.31178766,0.35650915,0.21760873,-0.08319865,-0.08369077,0.013010501,0.21797782,0.20530577,-0.19847739,-0.074340515,-0.108973354,-0.05785455,-0.21754698,0.22271445,-0.1557246,0.18845071,-0.11604755,0.21945417,0.21656299,-0.12053814,-0.024144439,0.053856328,0.023529531,-0.13665502,-0.12712021,-0.011287846,-0.024452014,-0.21588607,0.15061912,-0.18531322,-0.11211061,0.05834691,0.13259527,0.049796354,-0.16249123,-0.29173383,0.14858912,0.083506465,0.13745494,0.0836295,-0.05336397,-0.07606293,-0.06941933,-0.07292568,-0.22283725,-0.11450969,0.08092284,-0.12041511,-0.17454813,0.324706,0.30379096,-0.0331256,-0.15387915,-0.07827747,0.08578251,0.13702434,0.03989247,0.107866324,-0.116170585,-0.058715757,0.01018082,0.11223388,-0.063759975,-0.11401757,0.02272984,-0.06277574,0.14742035,-0.11235666,0.31658605,-0.14520557,0.0657902,0.04186094,-0.111372426,0.10841996,0.012948986,-0.25144163,-0.1170933,-0.05114944,0.06572869,-0.08504409,0.075140454,-0.077477776,0.02414468,-0.052810337,-0.00851968,0.06708201,-0.06585147,0.32107663,-0.14840434,-0.007843017,0.3957556,-0.10688185,-0.10331399,0.17098051,-0.027650783,-0.058285154,0.043583356,0.24461374,0.11235691,-0.28312176,-0.09839281,0.06394476,0.2888429,0.04155337,-0.18703564,0.18334499,-0.07354083,-0.22160695,0.42675906,0.059023574,0.092487626,0.04106125,0.049550295,-0.047520064,-0.3813609,-0.00039972606,-0.20788915,0.22013085,-0.0018760813,0.018485319,0.11475598,-0.2067819,-0.16870423,-0.23360234,-0.014425101,-0.093410105,0.055947833,0.13259527,-0.078523524,-0.24387531,0.052318458,0.012210809,0.11407932,-0.19361772,0.2545176,-0.22320634,-0.11346393,-0.12878112,0.15480211,-0.15000373,0.14262219,-0.10497489,0.1609536,0.024329225,-0.09144163,-0.032633483,-0.39710867,-0.025620796,-0.060315143,0.12638228,0.27666295,-0.16575152,-0.045244016,-0.3177546,-0.1261975,0.011534145,1.1919417,-0.19878496,0.110203885,0.015594122,0.13874675,-0.22474422,0.8560709,0.6226837,-0.92982686,0.0823992,-0.09673191,0.011780205,0.9376395,0.8056287,-0.2142867,0.5308421,-0.2829372,-0.8320183,-0.40086108,0.031157367,-0.3750864,0.31424847,-0.6377546,-0.66045356,-0.23907715,0.4476741,-0.29007292,0.07526348,-0.48550546,0.019223496,-0.5460975,0.30299127,-0.12675112,-0.47855428,0.08510585,-0.64132243,0.7567245,-0.19773921,-0.37361002,-0.06517481,0.20302972,0.53588635,0.3001616,0.24959643,0.96070755,-0.17620903,0.6854288,0.09685518,-0.14305255,0.3549713,0.22831231,-0.45388684,-0.70443666,0.07901588,0.3217533,0.50156105,0.16322964,0.42128423,-0.5132486,0.07064987,0.0013842032,0.076309234,-0.29185686,-0.49786994,0.3308575,0.13450223,-0.36788917,0.5695964,-0.02389838,-0.10946547,0.015532607,-0.17153391,-0.28404447,0.25962335,0.68936574,0.44927347,-0.15664732,-0.5143559,-0.024390498,0.16304511,0.1322877,0.26417544,-0.58177614,-0.89894646,-0.040999494,-0.3024374,-0.16347547,0.16612084,0.14071523,0.031649485,-0.094701916,0.3675818,-0.3265512,0.5008844,0.08916583,0.6677741,0.14760488,0.24092284,-0.09279496,-0.31554005,0.7032066,-0.46969616,0.46157643,0.3541101,0.018177744,-0.097593114,0.115678705,0.21914661,-0.2500268,0.8806768,0.3982777,-0.08375228,0.26091516,0.50660527,0.14945033,-0.1578161,0.28662834,0.1538794,0.26626694,0.1663669,-0.36204526,0.20284519,-0.3219376,-0.68161464,0.11463296,-0.038661934,0.26288363,0.47824696,
0,0,0,1,1,0,0,0,0,0,0,0,0,0,0,0,0,0,0,0,0,0,0,0,0,0,0,0,0,0,0,0,0,0,0,0,0,0,0,0,0,0,0,0,0,0,0,0,0,0,0,0,0,0,0,0,0,0,0,0,0,0,0,0,0,0,0,0,0,0,0,0,0,0,0,0,0,0,0,0,0,0,0,0,0,0,0,0,0,0,0,0,0,0,0,0,0,0,0,0,0,0,0,0,0,0,0,0,0,0,0,0,0,0,0,0,0,0,0,0,0,0,0,0,0,0,0,0,0,0,0,0,0,0,0,0,0,0,0,0,0,0,0,0,0,0,0,0,0,0,0,0,0,0,0,0,0,0,0,0,0,0,0,0,0,0,0,0,0,0,0,0,0,0,0,0,0,0,0,0,0,0,0,0,0,0,0,0,0,0,0,0,0,0,0,0,0,0,0,0,0,0,0,0,0,0,0,0,0,0,0,0,0,0,0,0,0,0,0,0,0,0,0,0,0,0,0,0,0,0,0,0,0,0,0,0,0,0,0,0,0,0,0,0,0,0,0,0,0,0,0,0,0,0,0,0,0,0,0,0,0,0,0,0,0,0,0,0,0,0,0,0,0,0,0,0,0,0,0,0,0,0,0,0,0,0,0,0,0,0,0,0,0,0,0,0,0,0,0,0,0,0,0,0,0,0,0,0,0,0,0,0,0,0,0,0,0,0,0,0,0,0,0,0,0,0,0,0,0,0,0,0,0,0,0,0,0,0,0,0,0,0,0,0,0,0,0,0,0,0,0,0,0,0,0,0,0,0,0,0,0,0,0,0,0,0,0,0,0,0,0,0,0,0,0,0,0,0,0,0,0,0,0,0,0,0,0,0,0,0,0,0,0,0,0,0,0,0,0,0,0,0,0,0,0,0,0,0,0,0,0,0,0,0,0,0,0,0,0,0,0,0,0,0,0,0,0,0,0,0,0,0,0,0,0,0,0,0,0,0,0,0,0,0,0,0,0,0,0,0,0,0,0,0,0,0,0,0,0,0,0,0,0,0,0,0,0,0,0,0,0,0,0,0,0,0,0,0,0,0,0,0,0,0,0,0,0,0,0,0,0,0,0,0,0,0,0,0,0,0,0,0,0,0,0,0,0,0,0,0,0,0,0,0,0,0,0,0,0,0,0,0,0,0,0,0,0,0,0,0,0,0,0,0,0,0,0,0,0,0,0,0,0,0,0,0,0,0,0,0,0,0,0,0,0,0,0,0,0,0,0,0,0,0,0,0,0,0,0,0,0,0,0,0,0,0,0,0,0,0,0,0,0,0,0,0,0,0,0,0,0,0,0,0,0,0,0,0,0,0,0,0,0,0,0,0,0,0,0,0,0,0,0,0,0,0,0,0,0,0,0,0,0,0,0,0,0,0,0,0,0,0,0,0,0,0,0,0,0,0,0,0,0,0,0,0,0,0,0,0,0,0,0,0,0,0,0,0,0,0,0,0,0,0,0,0,0,0,0,0,0,0,0,0,0,0,0,0,0,0,0,0,0,0,0,0,0,0,0,0,0,0,0,0,0,0,0,0,0,0,0,0,0,0,0,0,0,0,0,0,0,0,0,0,0,0,0,0,0,0,0,0,0,0,0,0,0,0,0,0,0,0,0,0,0,0,0,0,0,0,0,0,0,0,0,0,0,0,0,0,0,0,0,0,0,0,0,0,0,0,0,0,0,0,0,0,0,0,0,0,0,0,0,0,0,0,0,0,0,0,0,0,0,0,0,0,0,0,0,0,0,0,0,0,0,0,0,0,0,0,0,0,0,0,0,0,0,0,0,0,0,0,0,0,0,0,0,0,0,0,0,0,0,0,0,0,0,0,0,0,0,0,0,0,0,0,0,0,0,0,0,0,0,0,0,0,0,0,0,0,0,0,0,0,0,0,0,0,0,0,0,0,0,0,0,0,0,0,0,0,0,0,0,0,0,0,0,0,0,0,0,0,0,0,0,0,0,0,0,0,0,0,0,0,0,0,0,0,0,0,0,0,0,0,0,0,0,0,0,0,0,0,0,0,0,0,0,0,0,0,0,0,0,0,0,0,0,0,0,0,0,0,0,0,0,0,0,0,0,0,0,0,0,0,0,0,0,0,0,0,0,0,0,0,0,0,0,0,0,0,0,0,0,0,0,0,0,0,0,0,0,0,0,0,0,0,0,0,0,0,0,0,0,0,0,0,0,0,0,0,0,0,0,0,0,0,0,0,0,0,0,0,0,0,0,0,0,0,0,0,0,0,0,0,0,0,0,0,0,0,0,0,0,0,0,0,0,0,0,0,0,0,0,0,0,0,0,0,0,0,0,0,0,0,0,0,0,0,0,0,0,0,0,0,0,0,0,0,0,0,0,0,0,0,0,0,0,0,0,0,0,0,0,0,0,0,0,0,0,0,0,0,0,0,0,0,0,0,0,0,0,0,0,0,0,0,0,0,0,0,0,0,0,0,0,0,0,0,0,0,0,0,0,0,0,0,0,0,0,0,0,0,0,0,0,0,0,0,0,0,0,0,0,0,0,0,0,0,0,0,0,0,0,0,0,0,0,0,0,0,0,0,0,0,0,0,0,0,0,0,0,0,0,0,0,0,0,0,0,0,0,0,0,0,0,0,0,0,0,0,0,0,0,0,0,0,0,0,0,0,0,0,0,0,0,0,0,0,0,0,0,0,0,0,0,0,0,0,0,0,0,0,0,0,0,0,0,0,0,0,0,0,0,0,0,0,0,0,0,0,0,0,0,0,0,0,0,0,0,0,0,0,0,0,0,0,0,0,0,0,0,0,0,0,0,0,0,0,0,0,0,0,0,0,0,0,0,0,0,0,0,0,0,0,0,0,0,0,0,0,0,0,0,0,0,0,0,0,0,0,0,0,0,0,0,0,0,0,0,0,0,0,0,0,0,0,0,0,0,0,0,0,0,0,0,0,0,0,0,0,0,0,0,0,0,0,0,0,0,0,0,0,0,0,0,0,0,0,0,0,0,0,0,0,0,0,0,0,0,0,0,0,0,0,0,0,0,0,0,0,0,0,0,0,0,0,0,0,0,0,0,0,0,0,0,0,0,0,0,0,0,0,0,0,0,0,0,0,0,0,0,0,0,0,0,0,0,0,0,0,0,0,0,0,0,0,0,0,0,0,0,0,0,0,0,0,0,0,0,0,0,0,0,0,0,0,0,0,0,0,0,0,0,0,0,0,0,0,0,0,0,0,0,0,0,0,0,0,0,0,0,0,0,0,0,0,0,0,0,0,0,0,0,0,0,0,0,0,0,0,0,0,0,0,0,0,0,0,0,0,0,0,0,0,0,0,0,0,0,0,0,0,0,0,0,0,0,0,0,0,0,0,0,0,0,0,0,0,0,0,0,0,0,0,0,0,0,0,0,0,0,0,0,0,0,0,0,0,0,0,0,0,0,0,0,0,0,0,0,0,0,0,0,0,0,0,0,0,0,0,0,0,0,0,0,0,0,0,0,0,0,0,0,0,0,0,0,0,0,0,0,0,0,0,0,0,0,0,0,0,0,0,0,0,0,0,0,0,0,0,0,0,0,0,0,0,0,0,0,0,0,0,0,0,0,0,0,0,0,0,0,0,0,0,0,0,0,0,0,0,0,0,0,0,0,0,0,0,0,0,0,0,0,0,0,0,0,0,0,0,0,0,0,0,0,0,0,0,0,0,0,0,0,0,0,0,0,0,0,0,0,0,0,0,0,0,0,0,0,0,0,0,0,0,0,0,0,0,0,0,0,0,0,0,0,0,0,0,0,0,0,0,0,0,0,0,0,0,0,0,0,0,0,0,0,0,0,0,0,0,0,0,0,0,0,0,0,0,0,0,0,0,0,0,0,0,0,0,0,0,0,0,0,0,0,0,0,0,0,0,0,0,0,0,0,0,0,0,0,0,0,0,0,0,0,0,0,0,0,0,0,0,0,0,0,0,0,0,0,0,0,0,0,0,0,0,0,0,0,0,0,0,0,0,0,0,0,0,0,0,0,0,0,0,0,0,0,0,0,0,0,0,0,0,0,0,0,0,0,0,0,0,0,0,0,0,0,0,0,0,0,0,0,0,0,0,0,0,0,0,0,0,0,0,0,0,0,0,0,0,0,0,0,0,0,0,0,0,0,0,0,0,0,0,0,0,0,0,0,0,0,0,0,0,0,0,0,0,0,0,0,0,0,0,0,0,0,0,0,0,0,0,0,0,0,0,0,0,0,0,0,0,0,0,0,0,0,0,0,0,0,0,0,0,0,0,0,0,0,0,0,0,0,0,0,0,0,0,0,0,0,0,0,0,0,0,0,0,0,0,0,0,0,0,0,0,0,0,0,0,0,0,0,0,0,0,0,0,0,0,0,0,0,0,0,0,0,0,0,0,0,0,0,0,0,0,0,0,0,0,0,0,0,0,0,0,0,0,0,0,0,0,0,0,0,0,0,0,0,0,0,0,0,0,0,0,0,0,0,0,0,0,0,0,0,0,0,0,0,0,0,0,0,0,0,0,0,0,0,0,0,0,0,0,0,0,0,0,0,0,0,0,0,0,0,0,0,0,0,0,0,0,0,0,0,0,0,0,0,0,0,0,0,0,0,0,0,0,0,0,0,0,0,0,0,0,0,0,0,0,0,0,0,0,0,0,0,0,0,0,0,0,0,0,0,0,0,0,0,0,0,0,0,0,0,0,0,0,0,0,0,0,0,0,0,0,0,0,0,0,0,0,0,0,0,0,0,0,0,0,0,0,0,0,0,0,0,0,0,0,0,0,0,0,0,0,0,0,0,0,0,0,0,0,0,0,0,0,0,0,0,0,0,0,0,0,0,0,0,0,0,0,0,0,0,0,0,0,0,0,0,0,0,0,0,0,0,0,0,0,0,0,0,0,0,0,0,0,0,0,0,0,0,0,0,0,0,0,0,0,0,0,0,0,0,0,0,0,0,0,0,0,0,0,0,0,0,0,0,0,0,0,0,0,0,0,0,0,0,0,0,0,0,0,0,0,0,0,0,0,0,0,0,0,0,0,0,0,0,0,0,0,0,0,0,0,0,0,0,0,0,0,0,0,0,0,0,0,0,0,0,0,0,0,0,0,0,0,0,0,0,0,0,0,0,0,0,0,0,0,0,0,0,0,0,0,0,0,0,0,0,0,0,0,0,0,0,0,0,0,0,0,0,0,0,0,0,0,0,0,0,0,0,0,0,0,0,0,0,0,0,0,0,0,0,0,0,0,0,0,0,0,0,0,0,0,0,0,0,0,0,0,0,0,0,0,0,0,0,0,0,0,0,0,0,0,0,0,0,0,0,0,0,0,0,0,0,0,0,0,0,0,0,0,0,0,0,0,0,0,0,0,0,0,0,0,0,0,0,0,0,0,0,0,0,0,0,0,0,0,0,0,0,0,0,0,0,0,0,0,0,0,0,0,0,0,0,0,0,0,0,0,0,0,0,0,0,0,0,0,0,0,0,0,0,0,0,0,0,0,0,0,0,0,0,0,0,0,0,0,0,0,0,0,0,0,0,0,0,0,0,0,0,0,0,0,0,0,0,0,0,0,0,0,0,0,0,0,0,0,0,0,0,0,0,0,0,0,0,0,0,0,0,0,0,0,0,0,0,0,0,0,0,0,0,0,0,0,0,0,0,0,0,0,0,0,0,0,0,0,0,0,0,0,0,0,0,0,0,0,0,0,0,0,0,0,0,0,0,0,0,0,0,0,0,0,0,0,0,0,0,0,0,0,0,0,0,0,0,0,0,0,0,0,0,0,0,0,0,0,0,0,0,0,0,0,0,0,0,0,0,0,0,0,0,0,0,0,0,0,0,0,0,0,0,0,0,0,0,0,0,0,0,0,0,0,0,0,0,0,0,0,0,0,0,0,0,0,0,0,0,0,0,0,0,0,0,0,0,0,0,0,0,0,0,0,0,0,0,0,0,0,0,0,0,0,0,0,0,0,0,0,0,0,0,0,0,0,0,0,0,0,0,0,0,0,0,0,0,0,0,0,0,0,0,0,0,0,0,0,0,0,0,0,0,0,0,0,0,0,0,0,0,0,0,0,0,0,0,0,0,0,0,0,0,0,0,0,0,0,0,0,0,0,0,0,0,0,0,0,0,0,0,0,0,0,0,0,0,0,0,0,0,0,0,0,0,0,0,0,0,0,0,0,0,0,0,0,0,0,0,0,0,0,0,0,0,0,0,0,0,0,0,0,0,0,0,0,0,0,0,0,0,0,0,0,0,0,0,0,0,0,0,0,0,0,0,0,0,0,0,0,0,0,0,0,0,0,0,0,0,0,0,0,0,0,0,0,0,0,0,0,0,0,0,0,0,0,0,0,0,0,0,0,0,0,0,0,0,0,0,0,0,0,0,0,0,0,0,0,0,0,0,0,0,0,0,0,0,0,0,0,0,0,0,0,0,0,0,0,0,0,0,0,0,0,0,0,0,0,0,0,0,0,0,0,0,0,0,0,0,0,0,0,0,0,0,0,0,0,0,0,0,0,0,0,0,0,0,0,0,0,0,0,0,0,0,0,0,0,0,0,0,0,0,0,0,0,0,0,0,0,0,0,0,0,0,0,0,0,0,0,0,0,0,0,0,0,0,0,0,0,0,0,0,0,0,0,0,0,0,0,0,0,0,0,0,0,0,0,0,0,0,0,0,0,0,0,0,0,0,0,0,0,0,0,0,0,0,0,0,0,0,0,0,0,0,0,0,0,0,0,0,0,0,0,0,0,0,0,0,0,0,0,0,0,0,0,0,0,0,0,0,0,0,0,0,0,0,0,0,0,0,0,0,0,0,0,0,0,0,0,0,0,0,0,0,0,0,0,0,0,0,0,0,0,0,0,0,0,0,0,0,0,0,0,0,0,0,0,0,0,0,0,0,0,0,0,0,0,0,0,0,0,0,0,0,0,0,0,0,0,0,0,0,0,0,0,0,0,0,0,0,0,0,0,0,0,0,0,0,0,0,0,0,0,0,0,0,0,0,0,0,0,0,0,0,0,0,0,0,0,0,0,0,0,0,0,0,0,0,0,0,0,0,0,0,0,0,0,0,0,0,0,0,0,0,0,0,0,0,0,0,0,0,0,0,0,0,0,0,0,0,0,0,0,0,0,0,0,0,0,0,0,0,0,0,0,0,0,0,0,0,0,0,0,0,0,0,0,0,0,0,0,0,0,0,0,0,0,0,0,0,0,0,0,0,0,0,0,0,0,0,0,0,0,0,0,0,0,0,0,0,0,0,0,0,0,0,0,0,0,0,0,0,0,0,0,0,0,0,0,0,0,0,0,0,0,0,0,0,0,0,0,0,0,0,0,0,0,0,0,0,0,0,0,0,0,0,0,0,0,0,0,0,0,0,0,0,0,0,0,0,0,0,0,0,0,0,0,0,0,0,0,0,0,0,0,0,0,0,0,0,0,0,0,0,0,0,0,0,0,0,0,0,0,0,0,0,0,0,0,0,0,0,0,0,0,0,0,0,0,0,0,0,0,0,0,0,0,0,0,0,0,0,0,0,0,0,0,0,0,0,0,0,0,0,0,0,0,0,0,0,0,0,0,0,0,0,0,0,0,0,0,0,0,0,0,0,0,0,0,0,0,0,0,0,0,0,0,0,0,0,0,0,0,0,0,0,0,0,0,0,0,0,0,0,0,0,0,0,0,0,0,0,0,0,0,0,0,0,0,0,0,0,0,0,0,0,0,0,0,0,0,0,0,0,0,0,0,0,0,0,0,0,0,0,0,0,0,0,0,0,0,0,0,0,0,0,0,0,0,0,0,0,0,0,0,0,0,0,0,0,0,0,0,0,0,0,0,0,0,0,0,0,0,0,0,0,0,0,0,0,0,0,0,0,0,0,0,0,0,0,0,0,0,0,0,0,0,0,0,0,0,0,0,0,0,0,0,0,0,0,0,0,0,0,0,0,0,0,0,0,0,0,0,0,0,0,0,0,0,0,0,0,0,0,0,0,0,0,0,0,0,0,0,0,0,0,0,0,0,0,0,0,0,0,0,0,0,0,0,0,0,0,0,0,0,0,0,0,0,0,0,0,0,0,0,0,0,0,0,0,0,0,0,0,0,0,0,0,0,0,0,0,0,0,0,0,0,0,0,0,0,0,0,0,0,0,0,0,0,0,0,0,0,0,0,0,0,0,0,0,0,0,0,0,0,0,0,0,0,0,0,0,0,0,0,0,0,0,0,0,0,0,0,0,0,0,0,0,0,0,0,0,0,0,0,0,0,0,0,0,0,0,0,0,0,0,0,0,0,0,0,0,0,0,0,0,0,0,0,0,0,0,0,0,0,0,0,0,0,0,0,0,0,0,0,0,0,0,0,0,0,0,0,0,0,0,0,0,0,0,0,0,0,0,0,0,0,0,0,0,0,0,0,0,0,0,0,0,0,0,0,0,0,0,0,0,0,0,0,0,0,0,0,0,0,0,0,0,0,0,0,0,0,0,0,0,0,0,0,0,0,0,0,0,0,0,0,0,0,0,0,0,0,0,0,0,0,0,0,0,0,0,0,0,0,0,0,0,0,0,0,0,0,0,0,0,0,0,0,0,0,0,0,0,0,0,0,0,0,0,0,0,0,0,0,0,0,0,0,0,0,0,0,0,0,0,0,0,0,0,0,0,0,0,0,0,0,0,0,-1.0611757,0.76985174,1.8371458,-0.6148071,0.04263603,0.9880792,-1.1338346,0.26776543,-1.2293326,-0.72059536,-0.26870516,1.1208478,-0.07796005,0.33440074,0.008000735,-0.4088777,0.05505956,1.1497105,-0.3796385,-0.25251693,-0.04545809,0.9539458,-0.10142671,-0.2180071,-0.41690907,-0.35203063,-0.44288555,-0.0709326,0.33766347,-0.15802279,-0.11987378,-0.28426594,0.24492623,0.22635368,-0.62823457,-0.53537184,-1.0158738,0.6294282,1.080691,0.22572623,0.7155145,-0.82010907,0.06723211,0.4513576,-0.30057967,-0.76087767,0.33678505,-0.48103455,-0.64630514,-0.705913,0.5641733,-0.47839928,0.5358125,0.25873014,-0.6757953,0.9701341,0.071624264,0.007373284,-0.53888553,0.46453407,0.587138,0.12357721,-0.5151679,-0.28388947,0.05367917,-0.1502424,-0.25992084,0.2361419,0.29499683,0.108016424,-0.26381102,0.31658113,0.1237027,0.51686347,-0.08900318,-0.0529875,0.1621027,0.26776543,-0.19190514,-0.17747377,0.54120857,0.14704387,-0.3476385,0.19334975,-0.105818875,0.37669092,-0.2537718,0.5225105,-0.42243063,-0.289662,0.07639289,0.096596815,-0.63865024,0.15846348,-0.16241495,0.6234047,0.30378112,0.2567223,0.24555367,0.35974976,0.5089576,0.19874583,-0.62308943,-0.16366985,-0.23080711,0.71563995,0.0154046565,0.57458895,0.34807917,0.29951447,0.013647794,-0.34550515,-1.0227758,-0.07532475,0.33527917,0.03171838,0.27692622,-0.46836004,0.13738112,-0.35341102,-0.3869169,0.48938113,0.2692713,0.06497329,-0.7273718,0.11454191,0.4078125,-0.15300319,-0.22390515,-0.117865935,-0.09891691,-0.16379534,-0.31325418,-0.79877573,-0.3793875,-0.81257963,-0.35843062,-0.1196228,0.7888007,0.07551446,0.28332624,0.007373284,0.27793014,-0.20232083,0.19711447,0.05719289,0.053428188,-0.33797574,0.27567133,-0.1272777,0.3883615,-0.6813169,-0.34274435,-1.2323444,0.44809484,-0.22290123,-0.609913,0.34833014,-0.07206201,-0.048093382,-0.18763848,-0.3025875,0.119059555,-0.21236005,-0.59259534,0.46867526,0.6400949,0.11127917,0.4179772,0.3271223,-0.012203186,0.020424265,-0.25665808,-0.55632865,0.58914584,-0.2730973,0.42513016,-0.07921495,-0.3359679,0.30503604,0.18531838,-0.14697966,-0.13907377,-0.14032868,-0.35956004,-0.39017966,0.18870662,-0.019858088,-0.16756006,0.20878504,0.17201643,-0.05876005,-0.853113,0.465538,0.020298775,-0.379513,-0.6751679,-0.1617875,0.51322424,-0.15890123,-0.22164632,0.55551445,0.28470662,-0.3457561,-0.45606202,-0.41577965,0.40153798,-0.00053259806,-0.4908228,-0.07971691,0.09383603,0.78892624,-0.015465931,-0.35855612,-0.15375613,0.35974976,-0.47262672,-0.07959142,-0.08436005,-0.10707378,-0.4038581,0.71275365,-0.12639926,0.8248164,0.10374975,-0.19416396,-0.14622672,0.5014282,0.40881643,-0.21662672,0.2350125,0.32172623,0.7181498,0.05631446,0.625036,0.7751223,0.132738,-0.26192868,-0.6120463,-0.33370906,-0.6254738,0.11529485,0.029961519,-0.168313,0.06811054,0.12633799,-0.4305875,0.4075615,-0.12112868,0.16122426,-0.45668945,-0.43460318,0.3347772,-0.020360049,0.1377576,-0.27096397,-0.48266593,-0.14057966,0.11491838,0.16172622,0.2491929,0.009757598,0.23062034,-0.54490906,-0.30785808,0.5921576,0.17791446,0.67573404,-0.2874032,0.8997341,0.06296544,0.097349755,-0.1848777,0.54522425,0.5277811,-0.26243064,0.11429093,-0.09502672,-0.5898346,0.045773283,0.5828713,0.17176545,-0.41665807,-0.18274437,-0.05913652,0.6345733,-0.40185025,-0.36056396,-0.19316004,0.24705955,0.446087,-0.90468943,0.6946831,-0.082352206,-0.66450125,-0.24523848,0.1314831,0.071498774,0.70033014,0.3233576,-0.32630515,-0.44564632,0.03673799,0.44395366,0.5511223,0.33691055,-0.21486986,-0.0632777,0.032973286,-0.18537965,0.06334191,0.49352232,0.121945836,-0.21273652,-0.200062,-0.53876007,-0.2921718,-0.55921495,0.67008704,0.13336544,-0.09063456,0.06007917,-0.19014828,-0.004924755,-0.449662,-0.53248554,0.072628185,-0.10996005,0.08053407,-0.32781103,-0.10054828,0.3424321,0.0066203433,-0.07996789,-0.1911522,0.38873798,-0.15676789,-0.14597574,-0.28853258,0.09985956,0.109145835,0.06698113,-0.28414044,-0.44414043,-0.51968557,-0.37725416,-0.7139444,-0.39043063,0.03723995,-0.026007108,0.4680478,0.64913017,-0.67441493,-0.53750515,-0.04131691,0.0029811275,0.2834517,0.17126349,0.1363772,0.4347929,0.27680072,-0.03353652,0.29073015,0.22108309,0.085679166,0.47256544,0.28018898,-0.06741887,0.1671223,0.024188971,-0.7185875,0.20589878,-0.270713,0.39852622,0.3952635,-0.81270516,-0.28050122,-0.049097303,0.09835368,0.16160074,-0.023748284,0.4900086,0.06698113,-0.058258086,0.026447793,0.80561644,-0.40523848,-0.13443063,-0.5149169,-0.20244633,0.16310662,0.23388308,0.77085567,-0.19090122,0.2387772,-0.36219534,0.09458897,-0.068673775,-0.4817875,0.3438125,0.15984388,0.48913014,-0.4484071,-0.005050245,0.12872231,0.020298775,-0.36382672,-0.09477574,0.23651838,-0.13129339,-0.616815,0.0067458334,-0.5471679,0.7258047,-0.49672082,0.072753675,-0.18839142,0.09371054,0.286087,0.94089484,0.35473016,-0.20846985,-0.87921494,-0.068673775,0.15030661,0.15645564,0.12834583,0.18343604,-0.1669326,0.6418517,-0.61179537,0.484738,-0.22591299,0.5119694,0.77085567,0.7017105,0.5640478,0.34958506,0.55049485,-0.07243848,0.18958504,0.3857262,1.1199694,-0.23432083,-0.01421103,0.32536545,-0.30472082,0.108518384,0.1377576,-0.036422793,-0.57665807,0.30089486,-0.16894044,0.12583603,-0.3049718,0.6114831,0.17465171,0.33251837,-0.27334827,0.36263603,-0.15425809,-0.049348284,0.08869093,0.35473016,0.15030661,-0.081599265,-0.17032084,-0.20533259,0.18531838,-0.6860855,0.22296543,0.4115772,0.25873014,-0.08699534,-0.19981103,-0.20357573,-0.22101887,0.2721576,-0.8885012,0.6336948,-0.1783522,-0.12025025,0.92734194,-0.42958358,0.18845564,-0.32003063,-0.5307287,0.25709876,0.071498774,0.32373407,-0.1221326,0.06811054,0.014149755,0.48649484,-0.35868162,0.43943602,-0.54679143,-0.14597574,-0.4666032,0.21970269,-0.23043063,-0.030901225,0.23576544,-0.068297304,0.28658897,-0.37474436,0.5181184,-0.26255614,0.24944387,0.4165968,-0.42682278,-0.25163847,-0.036171813,-0.06377966,-0.28677574,0.046275247,-0.49283063,0.74123996,0.10638505,-0.028642401,-0.68357575,0.18707524,0.3923772,0.052424263,0.11403995,0.52476937,0.024063481,-0.13116789,-0.21097966,-0.39030516,0.12809485,0.15093407,0.14428309,-0.6522032,0.1198125,0.4587615,-0.06528554,-0.16969338,-0.20257181,-0.6466816,0.39074582,0.37907526,0.39877722,0.5334282,0.68916154,-0.036799263,0.24128701,0.07727132,-0.81697184,0.7176478,0.021804657,0.24216545,-0.02676005,-0.648815,-0.26205418,-0.91510516,-0.13192083,0.085051715,-0.042822793,-0.44928554,-0.116109066,0.17527917,0.6714674,0.13236152,0.19673799,-0.59008557,0.11755367,-0.34826595,-0.28514436,0.04878505,-0.4550581,-0.48630515,-0.6648777,-0.29543456,-0.43510514,-0.06628946,0.01753799,0.2692713,-0.34701103,-0.328313,-0.2528934,0.08342034,0.1657419,-0.018477697,0.121067405,-0.29355222,-0.44376397,-0.5209404,-0.02061103,0.19058897,-0.36119142,0.10161642,0.34356153,0.46930268,-0.035544362,0.27629876,-0.118995346,-0.5194346,-0.40825024,-0.07394436,0.118181124,-0.26004633,-0.22666593,-0.3067287,0.05104387,-0.115481615,0.28320074,0.68389094,-0.2410973,0.19535759,0.09283211,-0.168313,-0.0414424,-0.54729337,-0.22679143,-0.42255613,0.22811054,0.053051714,-0.24297966,0.4346674,-0.07720711,-0.43347377,0.25471446,0.62227523,0.5513733,-0.1695679,-0.16492476,-0.34261888,-0.7726738,0.40630662,-0.2117326,0.23639289,0.096094854,-0.48969337,0.39036936,-0.3232934,-0.53612477,-0.38779533,-0.28050122,-0.34048554,-0.0010345589,0.29574975,0.11127917,0.14842427,-0.015716912,0.1799223,0.15218897,0.27504387,-0.51165414,-0.24586593,-0.26770124,0.09559289,-0.2487522,0.23563994,0.39438504,-0.9492385,0.039247796,-0.115983576,-0.73414826,-0.43196788,-0.45355222,-0.37976396,-0.057881616,0.2517027,-0.07783456,0.682636,-0.04646201,0.03134191,0.27529484,0.4104478,0.32009485,0.31168702,-0.5634816,-0.8676699,-0.037301224,0.266887,0.21229878,0.018039951,0.3578674,0.23852623,0.20075367,0.22409485,0.012643873,-0.03391299,0.2736635,-0.19265808,-0.13982671,-0.12690122,0.2519537,-0.3207836,-0.07030515,-0.5344934,-0.59234434,0.38020465,0.2885968,-0.48203847,-0.558462,-0.32454827,-0.80643064,0.34193015,0.12759289,0.28734192,-0.06415613,0.31131053,0.6904164,0.2980086,-0.0913875,-0.05311299,0.5369419,0.30691838,0.34682426,-0.12865809,-0.19592084,-0.105191424,-0.021991422,-0.34788945,-0.38164634,0.37807134,0.8737576,-0.3460071,0.13562426,-0.14848554,-0.068548284,-0.40185025,0.10738897,0.12809485,-0.9029326,-0.5022424,-0.03943456,0.19435367,0.3077968,-0.891011,-0.20307377,0.21882427,0.03698897,0.580236,-0.32454827,0.28056544,-0.3693483,0.3103066,0.60897326,0.0046125,-0.16605416,-0.0798424,-0.2462424,0.11140466,0.47369486,0.16398504,0.071498774,-0.39030516,0.6606752,-0.5122816,0.5573968,-0.2412228,0.06911446,-0.3360934,0.40693408,0.24831446,0.04903603,-0.21750514,-0.21085417,0.16561642,-0.118242405,0.22949094,0.38422033,0.05681642,0.657036,-0.6813169,0.015530147,0.4434517,0.8442674,-0.5228228,0.09396152,-0.6673875,0.6835145,0.17427525,0.20602426,-0.5096463,0.18858112,0.0917027,-0.71745807,0.33653408,-0.41954437,-0.05863456,0.0762674,0.3835929,0.3336478,-0.3457561,-0.47952867,0.33942035,-0.29292476,0.39714584,0.26651055,-0.44690123,0.03887132,0.34268308,-0.053991422,-0.26368552,0.121945836,-0.116109066,0.09847917,-0.06616397,0.08756152,-0.2946816,0.5590282,-0.35592082,0.1352478,-0.33985808,-0.2730973,-0.5383836,-0.21210907,0.33440074,0.12571053,-0.57038355,0.8853027,0.38020465,0.009632108,-0.4986032,-0.1080777,-0.51817966,-0.19554436,0.12458113,-0.3679679,0.24843995,0.1441576,0.66343606,-0.23068161,-0.16279142,-0.54390514,-0.1642973,-0.17257966,-0.13468161,0.8967223,-0.13706593,-0.13982671,-0.17245416,-0.11673652,0.44960073,0.40693408,0.021930147,-0.026258089,-0.244862,-0.13857181,0.4757027,0.3832164,0.28985173,-0.25879142,-0.60025024,-0.9762189,-0.026007108,-0.24310514,-0.47877574,0.072251715,0.27178112,-0.44526985,0.005741912,0.04213407,-0.38252476,0.12972623,-0.07883848,-0.86516005,-0.48040712,0.22823603,-0.011826715,0.22974192,-0.116234556,0.35686347,0.48800072,-0.27786592,-0.26004633,-0.34977183,-0.082101226,0.44006348,-0.42431298,-0.54942673,0.21643995,-0.3818973,0.22898898,0.35121644,-0.6047679,0.1657419,-0.36332476,-0.114352204,0.50594586,0.318087,0.3615066,-0.26669732,0.21782035,-0.102054164,0.4321576,-0.22503456,0.13788308,0.39413407,0.03209485,0.108392894,0.64900464,-0.12690122,0.5919066,0.2107929,0.5442203,0.19347525,-0.18701103,-0.1873875,0.16247916,-0.17119926,0.13424388,0.7903066,-0.13028947,-0.029771814,0.38045564,0.21380466,-0.28137967,0.003985049,-0.17032084,-0.2680777,0.2067772,0.59705174,0.6933027,-0.20671299,-0.23118357,0.13499682,-0.11397573,0.027326226,0.44796938,0.38384387,0.15683211,-0.27861887,0.4245027,-0.031026715,-0.18776397,-0.32266593,0.36778113,0.32913014,-0.43096396,0.43291053,-0.02148946,-0.12263456,-0.7517169,0.10776544,-0.24737181,-0.48605415,0.36966348,-0.47086984,-0.7535993,-0.1541326,-0.060642403,0.005239951,0.35523212,-0.13493259,-0.41038358,-0.07971691,-0.22428162,-0.055748284,-0.115105145,0.14252622,-0.32116005,-0.18914436,0.32298112,-0.7689091,-0.430713,-0.07105809,-0.24712083,-0.07281495,-0.5417718,-0.009442402,0.5001733,-0.17847769,0.51058894,0.5117184,-0.6124228,-0.1720777,-0.06465809,-0.16517574,-0.49621886,1.0392792,-0.102681614,-0.17408554,0.08053407,0.0789027,-0.39670515,-0.102556124,0.12796937,0.0048634806,0.49163994,-0.2503836,-0.2820071,0.36527133,-0.13957573,-0.28552082,-0.2503836,0.36251053,0.36188307,-0.7018973,-0.093144365,0.45976543,-0.5903365,-0.30974045,-0.013960049,0.58412623,-0.30032867,-0.49019533,-0.16530122,-0.12401495,0.24718505,0.28282428,-0.102305144,0.3438125,-0.44790515,-0.6431679,0.2592321,-0.17370906,-0.06603848,0.085679166,-0.66876787,-0.3423679,0.20778112,-0.29330122,-0.15049338,-0.12188162,0.38058114,0.16925564,0.2581027,0.12558505,-0.06741887,1.3177419,1.060487,1.4171301,-0.7215993,0.085177206,-0.07570122,-0.50337183,-0.18575613,-1.6793405,0.7138831,0.009255637,0.7429968,0.11692622,0.80887914,0.14566348,-0.023999264,0.29073015,-0.42745024,-0.0721875,1.0011301,-0.13079143,-0.19039926,0.45926347,1.2173498,-0.31199926,-1.0855209,0.011388971,0.1429027,-0.021991422,-0.47501102,0.6260399,-0.23494828,0.6969419,0.51611054,-0.51868165,-0.30559927,-0.95275223,-0.3191522,0.05104387,0.8740086,-0.2385875,0.5522517,0.90400076,0.3296321,0.5856321,0.17778897,0.28520858,0.43905956,0.5220086,0.14641643,0.5778517,1.1592478,0.6840164,0.3733027,1.0721576,0.27278504,-0.41992083,-0.72586596,0.31633013,0.7580556,0.48913014,0.4039223,0.40216544,0.09396152,0.9771615,-0.45681494,-0.07821103,-0.6511993,0.17051055,-0.23206201,-0.8233718,-0.13919927,1.0908556,0.63469875,0.49841642,0.06798505,0.5730831,1.0077811,0.4947772,-0.18713652,0.16561642,-0.16254044,-0.20621103,0.54434586,-0.4817875,0.5370674,0.7451301,0.9568321,0.12696545,0.695938,-0.9007993,-0.4817875,-0.52846986,0.21154584,0.19033799,-0.660862,0.12294976,0.72467524,-0.6558424,1.0178204,0.292738,0.17051055,-0.9386973,0.11692622,-1.288564,-0.238713,-0.31300318,-0.39507377,0.30202428,0.1121576,-0.018477697,-0.2373326,-0.48329338,-0.6564699,0.8338517,0.46578896,0.58625954,0.3273733,0.10412622,-0.19918358,-0.04043848,0.45298898,0.36715367,0.31507525,-0.97044635,-0.24787377,-0.66663456,1.3783537,
0,0,0,0,0,0,0,0,0,0,0,0,0,0,0,0,0,0,0,0,0,0,0,0,0,0,0,0,0,0,0,0,0,0,0,0,0,0,0,0,0,0,0,0,0,0,0,0,0,0,0,0,0,0,0,0,0,0,0,0,0,0,0,0,0,0,0,0,0,0,0,0,0,0,1,0,0,0,0,0,0,0,0,0,0,0,0,0,0,0,0,0,0,0,0,0,0,0,0,0,0,0,0,0,0,0,0,0,0,0,0,0,0,0,0,0,0,0,0,0,0,0,0,0,0,0,0,0,0,0,0,1,0,0,0,0,0,0,0,0,0,0,0,0,0,0,0,0,0,0,0,0,0,0,0,0,0,0,0,0,0,0,0,0,0,0,0,0,0,0,0,0,0,0,0,0,0,0,0,0,0,0,0,0,0,0,0,0,0,0,0,0,0,0,0,0,0,0,0,0,0,0,0,0,0,0,0,0,0,1,0,0,0,0,0,0,0,0,0,0,0,0,0,0,0,0,0,0,0,0,0,0,0,0,0,0,0,0,0,0,0,0,0,0,0,0,0,0,0,0,0,0,0,0,0,0,0,0,0,0,0,0,0,0,0,0,0,0,0,0,0,0,0,0,0,0,0,0,0,0,0,0,0,0,0,0,0,0,0,0,0,0,0,0,0,0,0,0,0,0,0,0,0,0,0,0,0,0,0,0,0,0,0,0,0,0,0,0,0,0,0,0,0,0,0,0,0,0,0,0,0,0,0,0,0,0,0,0,0,0,0,0,0,0,0,0,0,0,0,0,0,0,0,0,0,0,0,0,0,0,0,0,0,0,0,0,0,0,0,0,0,0,0,0,0,0,0,0,0,0,0,0,0,0,0,0,0,0,0,0,0,0,0,0,0,0,0,0,0,0,0,0,0,0,0,0,0,0,0,0,0,0,0,0,0,0,0,0,0,0,0,0,0,0,0,0,0,0,0,0,0,0,0,0,0,0,0,0,0,0,0,0,0,0,0,0,0,0,0,0,0,0,0,0,0,0,0,0,0,0,0,0,0,0,0,0,0,0,0,0,0,0,0,0,0,0,0,0,0,0,0,0,0,0,0,0,0,0,0,0,0,0,0,0,0,0,0,0,0,0,0,0,0,0,0,0,0,0,0,0,0,0,0,0,0,0,0,0,0,0,0,0,0,0,0,0,0,0,0,0,0,0,0,0,0,0,0,0,0,0,0,0,0,0,0,0,0,0,0,0,0,0,0,0,0,0,0,0,0,0,0,0,0,0,0,0,0,0,0,0,0,0,0,0,0,0,0,0,0,0,0,0,0,0,0,0,0,0,0,0,0,0,0,0,0,0,0,0,0,0,0,0,0,0,0,0,0,0,0,0,0,0,0,0,0,0,0,0,0,0,0,0,0,0,0,0,0,0,0,0,0,0,0,0,0,0,0,0,0,0,0,0,0,0,0,0,0,0,0,0,0,0,0,0,0,0,0,0,0,0,0,0,0,0,0,0,0,0,0,0,0,0,0,0,0,0,0,0,0,0,0,0,0,0,0,0,0,0,0,0,0,0,0,0,0,0,0,0,0,0,0,0,0,0,0,0,0,0,0,0,0,0,0,0,0,0,0,0,0,0,0,0,0,0,0,0,0,0,0,0,0,0,0,0,0,0,0,0,0,0,0,0,0,0,0,0,0,0,0,0,0,0,0,0,0,0,0,0,0,0,0,0,0,0,0,0,0,0,0,0,0,0,0,0,0,0,0,0,0,0,0,0,0,0,0,0,0,0,0,0,0,0,0,0,0,0,0,0,0,0,0,0,0,0,0,0,0,0,0,0,0,0,0,0,0,0,0,0,0,0,0,0,0,0,0,0,0,0,0,0,0,0,0,0,0,0,0,0,0,0,0,0,0,0,0,0,0,0,0,0,0,0,0,0,0,0,0,0,0,0,0,0,0,0,0,0,0,0,0,0,0,0,0,0,0,0,0,0,0,0,0,0,0,0,0,0,0,0,0,0,0,0,0,0,0,0,0,0,0,0,0,0,0,0,0,0,0,0,0,0,0,0,0,0,0,0,0,0,0,0,0,0,0,0,0,0,0,0,0,0,0,0,0,0,0,0,0,0,0,0,0,0,0,0,0,0,0,0,0,0,0,0,0,0,0,0,0,0,0,0,0,0,0,0,0,0,0,0,0,0,0,0,0,0,0,0,0,0,0,0,0,0,0,0,0,0,0,0,0,0,0,0,0,0,0,0,0,0,0,0,0,0,0,0,0,0,0,0,0,0,0,0,0,0,0,0,0,0,0,0,0,0,0,0,0,0,0,0,0,0,0,0,0,0,0,0,0,0,0,0,0,0,0,0,0,0,0,0,0,0,0,0,0,0,0,0,0,0,0,0,0,0,0,0,0,0,0,0,0,0,0,0,0,0,0,0,0,0,0,0,0,0,0,0,0,0,0,0,0,0,0,0,0,0,0,0,0,0,0,0,0,0,0,0,0,0,0,0,0,0,0,0,0,0,0,0,0,0,0,0,0,0,0,0,0,0,0,0,0,0,0,0,0,0,0,0,0,0,0,0,0,0,0,0,0,0,0,0,0,0,0,0,0,0,0,0,0,0,0,0,0,0,0,0,0,0,0,0,0,0,0,0,0,0,0,0,0,0,0,0,0,0,0,0,0,0,0,0,0,0,0,0,0,0,0,0,0,0,0,0,0,0,0,0,0,0,0,0,0,0,0,0,0,0,0,0,0,0,0,0,0,0,0,0,0,0,0,0,0,0,0,0,0,0,0,0,0,0,0,0,0,0,0,0,0,0,0,0,0,0,0,0,0,0,0,0,0,0,0,0,0,0,0,0,0,0,0,0,0,1,0,0,0,0,0,0,0,0,0,0,0,0,0,0,0,0,0,0,0,0,0,0,0,0,0,0,0,0,0,0,0,0,0,0,0,0,0,0,0,0,0,0,0,0,0,0,0,0,0,0,0,0,0,0,0,0,0,0,0,0,0,0,0,0,0,0,0,0,0,0,0,0,0,0,0,0,0,0,0,0,0,0,0,0,0,0,0,0,0,0,0,0,0,0,0,0,0,0,0,0,0,0,0,0,0,0,0,0,0,0,0,0,0,0,0,0,0,0,0,0,0,0,0,0,0,0,0,0,0,0,0,0,0,0,0,0,0,0,0,0,0,0,0,0,0,0,0,0,0,0,0,0,0,0,0,0,0,0,0,0,0,0,0,0,0,0,0,0,0,0,0,0,0,0,0,0,0,0,0,0,0,0,0,0,0,0,0,0,0,0,0,0,0,0,0,0,0,0,0,0,0,0,0,0,0,0,0,0,0,0,0,0,0,0,0,0,0,0,0,0,0,0,0,0,0,0,0,0,0,0,0,0,0,0,0,0,0,0,0,0,0,0,0,0,0,0,0,0,0,0,0,0,0,0,0,0,0,0,0,0,0,0,0,0,0,0,0,0,0,0,0,0,0,0,0,0,0,0,0,0,0,0,0,0,0,0,0,0,0,0,0,0,0,0,0,0,0,0,0,0,0,0,0,0,0,0,0,0,0,0,0,0,0,0,0,0,0,0,0,0,0,0,0,0,0,0,0,0,0,0,0,0,0,0,0,0,0,0,0,0,0,0,0,0,0,0,0,0,0,0,0,0,0,0,0,0,0,0,0,0,0,0,0,0,0,0,0,0,0,0,0,0,0,0,0,0,0,0,0,0,0,0,0,0,0,0,0,0,0,0,0,0,0,0,0,0,0,0,0,0,0,0,0,0,0,0,0,0,0,0,0,0,0,0,0,0,0,0,0,0,0,0,0,0,0,0,0,0,0,0,0,0,0,0,0,0,0,0,0,0,0,0,0,0,0,0,0,0,0,0,0,0,0,0,0,0,0,0,0,0,0,0,0,0,0,0,0,0,0,0,0,0,0,0,0,0,0,0,0,0,0,0,0,0,0,0,0,0,0,0,0,0,0,0,0,0,0,0,0,0,0,0,0,0,0,0,0,0,0,0,0,0,0,0,0,0,0,0,0,0,0,0,0,0,0,0,0,0,0,0,0,0,0,0,0,0,0,0,0,0,0,0,0,0,0,0,0,0,0,0,0,0,0,0,0,0,0,0,0,0,0,0,0,0,0,0,0,0,0,0,0,0,0,0,0,0,0,0,0,0,0,0,0,0,0,0,0,0,0,0,0,0,0,0,0,0,0,0,0,0,0,0,0,0,0,0,0,0,0,0,0,0,0,0,0,0,0,0,0,0,0,0,0,0,0,0,0,0,0,0,0,0,0,0,0,0,0,0,0,0,0,0,0,0,0,0,0,0,0,0,0,0,0,0,0,0,0,0,0,0,0,0,0,0,0,0,0,0,0,0,0,0,0,0,0,0,0,0,0,0,0,0,0,0,0,0,0,0,0,0,0,0,0,0,0,0,0,0,0,0,0,0,0,0,0,0,0,0,0,0,0,0,0,0,0,0,0,0,0,0,0,0,0,0,0,0,0,0,0,0,0,0,0,0,0,0,0,0,0,0,0,0,0,0,0,0,0,0,0,0,0,0,0,0,0,0,0,0,0,0,0,0,0,0,0,0,0,0,0,0,0,0,0,0,0,0,0,0,0,0,0,0,0,0,0,0,0,0,0,0,0,0,0,0,0,0,0,0,0,0,0,0,0,0,0,0,0,0,0,0,0,0,0,0,0,0,0,0,0,0,0,0,0,0,0,0,0,0,0,0,0,0,0,0,0,0,0,0,0,0,0,0,0,0,0,0,0,0,0,0,0,0,0,0,0,0,0,0,0,0,0,0,0,0,0,0,0,0,0,0,0,0,0,0,0,0,0,0,0,0,0,0,0,0,0,0,0,0,0,0,0,0,0,0,0,0,0,0,0,0,0,0,0,0,0,0,0,0,0,0,0,0,0,0,0,0,0,0,0,0,0,0,0,0,0,0,0,0,0,0,0,0,0,0,0,0,0,0,0,0,0,0,0,0,0,0,0,0,0,0,0,0,0,0,0,0,0,0,0,0,0,0,0,0,0,0,0,0,0,0,0,0,0,0,0,0,0,0,0,0,0,0,0,0,0,0,0,0,0,0,0,0,0,0,0,0,0,0,0,0,0,0,0,0,0,0,0,0,0,0,0,0,0,0,0,0,0,0,0,0,0,0,0,0,0,0,0,0,0,0,0,0,0,0,0,0,0,0,0,0,0,0,0,0,0,0,0,0,0,0,0,0,0,0,0,0,0,0,0,0,0,0,0,0,0,0,0,0,0,0,0,0,0,0,0,0,0,0,0,0,0,0,0,0,0,0,0,0,0,0,0,0,0,0,0,0,0,0,0,0,0,0,0,0,0,0,0,0,0,0,0,0,0,0,0,0,0,0,0,0,0,0,0,0,0,0,0,0,0,0,0,0,0,0,0,0,0,0,0,0,0,0,0,0,0,0,0,0,0,0,0,0,0,0,0,0,0,0,0,0,0,0,0,0,0,0,0,0,0,0,0,0,0,0,0,0,0,0,0,0,0,0,0,0,0,0,0,0,0,0,0,0,0,0,0,0,0,0,0,0,0,0,0,0,0,0,0,0,0,0,0,0,0,0,0,0,0,0,0,0,0,0,0,0,0,0,0,0,0,0,0,0,0,0,0,0,0,0,0,0,0,0,0,0,0,0,0,0,0,0,0,0,0,0,0,0,0,0,0,0,0,0,0,0,0,0,0,0,0,0,0,0,0,0,0,0,0,0,0,0,0,0,0,0,0,0,0,0,0,0,0,0,0,0,0,0,0,0,0,0,0,0,0,0,0,0,0,0,0,0,0,0,0,0,0,0,0,0,0,0,0,0,0,0,0,0,0,0,0,0,0,0,0,0,0,0,0,0,0,0,0,0,0,0,0,0,0,0,0,0,0,0,0,0,0,0,0,0,0,0,0,0,0,0,0,0,0,0,0,0,0,0,0,0,0,0,0,0,0,0,0,0,0,0,0,0,0,0,0,0,0,0,0,0,0,0,0,0,0,0,0,0,0,0,0,0,0,0,0,0,0,0,0,0,0,0,0,0,0,0,0,0,0,0,0,0,0,0,0,0,0,0,0,0,0,0,0,0,0,0,0,0,0,0,0,0,0,0,0,0,0,0,0,0,0,0,0,0,0,0,0,0,0,0,0,0,0,0,0,0,0,0,0,0,0,0,0,0,0,0,0,0,0,0,0,0,0,0,0,0,0,0,0,0,0,0,0,0,0,0,0,0,0,0,0,0,0,0,0,0,0,0,0,0,0,0,0,0,0,0,0,0,0,0,0,0,0,0,0,0,0,0,0,0,0,0,0,0,0,0,0,0,0,0,0,0,0,0,0,0,0,0,0,0,0,0,0,0,0,0,0,0,0,0,0,0,0,0,0,0,0,0,0,0,0,0,0,0,0,0,0,0,0,0,0,0,0,0,0,0,0,0,0,0,0,0,0,0,0,0,0,0,0,0,0,0,0,0,0,0,0,0,0,0,0,0,0,0,0,0,0,0,0,0,0,0,0,0,0,0,0,0,0,0,0,0,0,0,0,0,0,0,0,0,0,0,0,0,0,0,0,0,0,0,0,0,0,0,0,0,0,0,0,0,0,0,0,0,0,0,0,0,0,0,0,0,0,0,0,0,0,0,0,0,0,0,0,0,0,0,0,0,0,0,0,0,0,0,0,0,0,0,0,0,0,0,0,0,0,0,0,0,0,0,0,0,0,0,0,0,0,0,0,0,0,0,0,0,0,0,0,0,0,0,0,0,0,0,0,0,0,0,0,0,0,0,0,0,0,0,0,0,0,0,0,0,0,0,0,0,0,0,0,0,0,0,0,0,0,0,0,0,0,0,0,0,0,0,0,0,0,0,0,0,0,0,0,0,0,0,0,0,0,0,0,0,0,0,0,0,0,0,0,0,0,0,0,0,0,0,0,0,0,0,0,0,0,0,0,0,0,0,0,0,0,0,0,0,0,0,0,0,0,0,0,0,0,0,0,0,0,0,0,0,0,0,0,0,0,0,0,0,0,0,0,0,0,0,0,0,0,0,0,0,0,0,0,0,0,0,0,0,0,0,0,0,0,0,0,0,0,0,0,0,0,0,0,0,0,0,0,0,0,0,0,0,0,0,0,0,0,0,0,0,0,0,0,0,0,0,0,0,0,0,0,0,0,0,0,0,0,0,0,0,0,0,0,0,0,0,0,0,0,0,0,0,0,0,0,0,0,0,0,0,0,0,0,0,0,0,0,0,0,0,0,0,0,0,0,0,0,0,0,0,0,0,0,0,0,0,0,0,0,0,0,0,0,0,0,0,0,0,0,0,0,0,0,0,0,0,0,0,0,0,0,0,0,0,0,0,0,0,0,0,0,0,0,0,0,0,0,0,0,0,0,0,0,0,0,0,0,0,0,0,0,0,0,0,0,0,0,0,0,0,0,0,0,0,0,0,0,0,0,0,0,0,0,0,0,0,0,0,0,0,0,0,0,0,0,0,0,0,0,0,0,0,0,0,0,0,0,0,0,0,0,0,0,0,0,0,0,0,0,0,0,0,0,0,0,0,0,0,0,0,0,0,0,0,0,0,0,0,0,0,0,0,0,0,0,0,0,0,0,0,0,0,0,0,0,0,0,0,0,0,0,0,0,0,0,0,0,0,0,0,0,0,0,0,0,0,0,0,0,0,0,0,0,0,0,0,0,0,0,0,0,0,0,0,0,0,0,0,0,0,0,0,0,0,0,0,0,0,0,0,0,0,0,0,0,0,0,0,0,0,0,0,0,0,0,0,0,0,0,0,0,0,0,0,0,0,0,0,0,0,0,0,0,0,0,0,0,0,0,0,0,0,0,0,0,0,0,0,0,0,0,0,0,0,0,0,0,0,0,0,0,0,0,0,0,0,0,0,0,0,0,0,0,0,0,0,0,0,0,0,0,0,0,0,0,0,0,0,0,0,0,0,0,0,0,0,0,0,0,0,0,0,0,0,0,0,0,0,0,0,0,0,0,0,0,0,0,0,0,0,0,0,0,0,0,0,0,0,0,0,0,0,0,0,0,0,0,0,0,0,0,0,0,0,0,0,0,0,0,0,0,0,0,0,0,0,0,0,0,0,0,0,0,0,0,0,0,0,0,0,0,0,0,0,0,0,0,0,0,0,0,0,0,0,0,0,0,0,0,0,0,0,0,0,0,0,0,0,0,0,0,0,0,0,0,0,0,0,0,0,0,0,0,0,0,0,0,0,0,0,0,0,0,0,0,0,0,0,0,0,0,0,0,0,0,0,0,0,0,0,0,0,0,0,0,0,0,0,0,0,0,0,0,0,0,0,0,0,0,0,0,0,0,0,0,0,0,0,0,0,0,0,0,0,0,0,0,0,0,0,0,0,0,0,0,0,0,0,0,0,0,0,0,0,0,0,0,0,0,0,0,0,0,0,0,0,0,0,0,0,0,0,0,0,0,0,0,0,0,0,0,0,0,0,0,0,0,0,0,0,0,0,0,0,0,0,0,0,0,0,0,0,0,0,0,0,0,0,0,0,0,0,0,0,0,0,0,0,0,0,0,0,0,0,0,0,0,0,0,0,0,0,0,0,0,0,0,0,0,0,0,0,0,0,0,0,0,0,0,0,0,0,0,0,0,0,0,0,0,0,0,0,0,0,0,0,0,0,0,0,0,0,0,0,0,0,0,0,0.7264643,-0.23428765,-0.94833726,-0.9297989,0.7237418,0.24381962,0.25730205,-0.50639915,0.3074722,-1.1933542,-0.37235278,-0.4563586,-0.40566993,0.8357496,-0.87690634,0.7053332,1.1515493,-0.9543006,-0.42161548,-1.7256504,-1.2965466,-1.0398622,-0.5036767,-0.08701816,0.011766478,-1.4600209,-0.8629054,0.064270124,-1.6076794,-1.2105962,-0.113983,-0.14976326,0.6791462,-0.2981995,-1.146425,0.4772988,0.29191557,0.66462666,-0.102574795,-0.08286972,0.14373861,-0.81921715,-0.55397654,-0.76788026,-0.4927871,-1.078624,-0.5495688,0.5045229,0.39549682,0.71246326,-0.3536848,0.33651125,0.5129494,-0.13809578,-0.15676375,-1.2961577,0.72672355,-0.6742812,0.27506253,0.712204,-0.49512058,1.1302886,0.524228,-0.8058644,-0.00923498,0.36438355,-0.23013921,0.3984785,-0.46024778,0.06828892,0.43153638,0.7158339,0.9537208,-0.1002413,0.49959666,0.43205494,-0.10944565,-0.2143233,0.16344368,0.41947997,-0.13291024,0.03886095,-0.025050893,-0.7836962,-0.7576388,-0.5804228,-0.30208865,0.5882695,-0.19254401,0.26404327,1.1350852,-1.4483534,0.13116366,0.91431063,-0.9607825,0.4088496,-0.37922364,0.44890794,0.6883505,0.15709138,-0.20913775,-0.9285025,-1.2476728,0.41572046,-1.1351465,0.5716757,-0.36120388,-0.10205624,-0.52817845,0.25470927,0.17096272,-0.080925144,-0.728859,0.27545145,0.44683373,-0.46698898,-0.55332834,0.4006824,0.08993857,-0.35472193,-0.3398135,0.19831647,-0.39841014,1.0417454,0.37605104,0.66164494,0.43672192,-1.0088785,0.3249734,0.24446782,0.95060945,0.073085554,0.0873458,-0.09920419,-0.23778789,-0.14963362,0.45876047,-0.21056378,1.0062244,-0.106593594,0.10251352,-0.83062536,-0.64770526,0.8325087,0.86141807,-0.43574607,-0.2612525,0.25795025,0.4853364,-0.9469112,-0.1636346,-0.34603614,0.7635409,-1.3783486,0.09395737,0.25172758,-0.08351792,0.12092221,0.68472064,0.27648857,-0.09738925,-0.46711862,0.20415021,0.17381477,-0.08844418,-0.778381,-0.7327482,0.7840238,1.1668466,0.24848662,-0.29586598,0.70701844,0.7251679,0.2470606,-0.3488882,0.49933738,-0.42900488,0.07036314,-0.19980377,-0.39309496,-1.003693,0.8068402,0.23552276,-0.22223125,-1.0123787,0.44748193,-0.0078089554,0.55534124,0.22333673,-0.1076307,0.24537529,-0.20576714,0.501282,0.0060623786,0.92286676,-0.37455666,-0.043200303,0.09590195,-0.24543656,-0.52714133,-0.4156521,0.53395087,-0.670392,0.19014923,-0.4794343,0.5593601,-0.73935974,-0.42291185,0.54315525,-0.68594867,-0.030754993,0.053769395,1.3454888,0.514894,-0.42550462,-0.24815898,-0.18204328,0.066733256,0.05999205,-0.8395704,-0.70137566,0.488707,-0.019087516,-0.49408346,0.8734745,0.10186533,-0.09168515,-0.3626299,0.86893713,-0.026995473,-0.115279384,0.56571233,-0.86381286,-0.2626785,1.5170007,-0.45143235,0.7578368,0.007877319,-0.48137888,0.38408864,-1.1600372,-0.36107424,0.20168707,0.0050252695,0.8413241,0.7206305,0.5846396,0.0890311,-0.7203029,0.501282,0.2916563,-0.32684964,0.16914777,0.32834402,-0.5216965,0.25120902,-0.52623385,-0.23701006,0.8034696,1.2542231,0.70235145,0.2884153,-0.106334314,-0.12915072,-0.19072907,0.3503826,-0.24945536,0.36503175,-0.39348388,-0.553458,0.6432363,-0.25814116,0.45850122,1.1098057,-0.89972275,1.5991915,-0.10555648,0.11573666,0.24044903,0.40314552,-0.0091053415,0.031990103,0.21426202,-0.09544467,1.7372566,-0.02634728,-0.23234306,0.18859357,0.894087,-0.28782842,-0.41357788,0.51722753,-0.311293,0.13375643,-0.4025586,-0.41189256,0.8030807,-0.2773277,-0.10218588,0.5111345,-0.113334805,-0.18048762,-0.23454693,1.1323628,-0.87444323,0.51722753,0.23928228,0.66462666,0.92481136,0.20168707,0.37916237,-0.3693711,-0.55747676,-0.16661628,0.31602836,-0.43263474,0.47535422,-0.113983,0.71363,0.1722591,0.3873296,-0.04916368,-0.34901783,-0.40709594,0.41714647,-0.28095755,-1.1039035,0.5275986,0.04197228,-0.5734223,-0.46284056,-0.4354868,-0.6372045,-0.053701032,0.32380667,-0.23402837,-0.7222475,0.55598944,0.3913484,0.09823544,-1.565806,0.42285058,0.12260751,-0.4069663,-0.49525023,0.43257347,0.62197554,-0.3639263,0.21348418,0.007747681,-0.987877,-0.73287785,0.17472224,0.56934226,-0.7279516,0.92195934,-0.22249053,-0.40774414,1.3143754,0.56804585,1.3578044,0.7993212,-0.14004035,0.68627626,-0.033218127,-0.55397654,0.096809424,-0.55112445,0.25626493,-0.23921391,-0.28575417,-0.30649635,-0.1579305,-0.48293453,0.021489376,-0.20304474,0.066862896,-0.22586113,0.767819,0.14879452,0.4253137,0.5230612,-0.06627598,0.34727126,-0.3609446,-0.20498931,-0.26721585,0.28322977,-0.49265745,-0.028940052,0.70649993,0.32212135,-0.0015863008,-0.31777492,0.087864354,0.37216187,1.0177623,-0.5740705,-0.44287622,1.2767802,-0.24349199,-0.21523076,-0.32283083,-0.20719317,0.052732285,-0.04332994,-0.100370936,-0.8514972,1.1521975,0.15398006,-0.84268177,0.039509147,-0.046700545,-0.32684964,0.38344043,-0.07405429,-0.46750754,0.41325733,-0.6374638,1.0190587,0.45966795,-0.044885606,-1.0983292,-0.4022993,-0.3102559,0.4135166,0.83458287,-0.96350497,-0.30818167,0.49259618,-0.31155226,-0.4929167,-0.7345631,-0.32853493,-0.5752373,0.331585,-0.7651578,0.1323304,0.14736849,0.09032749,-0.7853815,-0.19682208,-0.3938728,1.034356,0.103291355,-0.42861596,-0.89142585,-0.14211458,0.47535422,0.27221048,-0.47956395,0.27843314,0.24926445,-0.5777004,0.49078122,-0.26423416,0.35803127,0.24433818,-0.24660331,0.872567,-0.03866295,-0.42446753,-0.14807795,-1.0546409,-0.20045197,0.11119931,0.94179404,-0.22274981,0.024211787,0.4312771,-0.09090732,0.58412105,-0.49136105,0.44035178,-0.41539282,-0.98528427,-0.5368642,-0.39983618,-0.5848305,-0.3522588,-0.2692901,-0.6828373,-0.21043414,-0.18372858,-1.0450476,0.36697632,0.2884153,-0.049293317,-0.5450314,-0.2888655,0.30734256,0.14697957,-0.3495364,0.50361544,-0.76282436,-0.8496822,-0.44222802,0.07204844,1.0685806,-0.249585,0.27869242,-0.3847981,0.36943945,1.2944111,0.7903761,0.40392333,-0.17620954,0.4903923,-0.4354868,-0.94600374,-0.48526803,-0.1418553,-0.405281,0.06764073,0.24680132,0.051824816,0.7823385,0.5646753,0.06465904,-0.4401538,0.14672029,0.5606564,-0.16493098,0.009562622,0.78039396,-0.8452745,-0.62151825,1.0277444,-0.84825623,0.012673949,0.5778984,0.11275497,0.44994506,0.16201766,0.24485675,-0.2823836,0.9944273,0.97809285,-0.66222477,-0.26553056,0.54341453,-0.117872156,-0.4059292,0.280637,0.23254107,0.47107616,0.74318767,0.27817386,-0.11579794,-0.36716723,0.5344694,0.95501715,-0.2861431,0.46407565,0.2725994,-0.9736168,-0.015976189,-0.4475432,0.47315037,0.38123658,-0.1297989,-0.5496984,0.1625362,-0.1881363,-0.5109365,-0.1640235,0.98626006,0.7006662,-1.1952988,-0.995785,-0.11268661,0.09953183,-0.07301719,-0.88014734,0.69962907,-0.291199,1.1629575,0.12351498,0.895902,0.6202902,-0.121372394,-0.5937756,0.20596515,0.22541094,0.8279713,-0.46582225,-0.5320676,0.14970198,0.60564107,-0.38661304,0.76263344,0.28789675,-0.18450642,0.6175678,0.4094978,-0.39140967,-0.60751724,-0.40139183,0.029526971,0.0440465,-0.20952667,0.66514516,-0.7438971,-0.2455662,0.1735555,-0.38531664,0.45435277,-0.061090432,0.7050739,-0.09168515,0.585936,0.48715135,-0.53660494,0.55534124,0.20661335,0.31706545,0.10030966,0.39381152,-1.1719639,-0.4536362,-0.11683504,-0.06640562,-0.4096887,0.2561353,-0.37805688,0.22605914,-0.039829697,1.2163687,-0.25152957,0.019544797,-0.21380474,-0.21497148,0.11716269,0.463946,-0.17659846,0.21698444,0.40158984,0.23228179,-0.5446425,0.16746248,0.043527942,0.12403353,-0.117353596,-0.30208865,0.08656797,0.80554384,-0.08403647,0.43957397,-0.389854,0.34014115,0.6082338,-0.031014271,0.29463798,0.31939894,-0.16856086,1.1363816,-0.6753183,-0.3194602,0.35427174,-1.5044869,-0.15144856,-0.20097052,-0.05097862,-0.92590976,-0.14470735,-0.6945048,-0.41759667,-0.0455338,0.30708328,0.8914942,-0.22274981,0.45370457,-0.38272387,-0.7707323,-0.17867267,0.32938114,-0.23973247,-0.46854466,0.04015734,-0.015068718,-0.07651743,-0.4166892,0.49078122,0.50465256,0.24524565,-0.8708133,-0.10711215,0.07490049,0.5941032,0.97848177,-0.6430383,0.28789675,0.74461365,0.36775416,-0.060701516,0.44968578,-0.5700517,0.20816901,-0.31116337,0.71907485,-0.6911342,0.3228992,0.5974738,-0.05746055,-0.68426335,0.3350852,-0.24193633,-0.55268013,-0.49641696,-0.67544794,-0.39737305,0.054676864,-1.0738274,0.7284088,-0.29003227,0.08190098,1.3034858,-0.37390846,-0.46491477,0.5016709,-0.030754993,-0.03762584,-0.49628732,0.50594896,0.35893872,-0.11372372,-0.19578497,-0.1264283,-0.19798882,-0.09025913,0.27415508,0.64401406,0.5816579,-0.12279842,0.102772795,0.15281332,-0.5613659,0.2557464,-0.52390033,-0.34266555,0.5444516,0.31667653,-0.2092674,-0.20550787,0.31408376,-0.6015539,0.21607697,0.43542552,-0.0717208,-0.26786405,-0.1680423,0.62988347,-0.040218614,-0.11864999,-0.5320676,-0.15455988,0.32108426,1.2238877,-0.72211784,-0.4995283,-0.7728065,-0.10114877,-0.75076795,0.14490536,-0.17919123,-1.123479,-0.04332994,-0.3193306,-0.49317598,0.37631032,-0.094018646,-0.36314845,0.8876051,0.19714972,0.2971011,-0.85175645,0.019026242,0.18418586,-0.648872,-0.29936624,-0.5589028,0.1410162,1.4962585,-0.8815733,-0.21782354,-0.451562,0.8679,0.4553899,0.10199497,-0.7121357,-0.09466684,0.10886581,-0.52428925,0.5913808,0.008525512,-0.24725151,-0.4532473,-0.34461012,0.2506905,-0.5673293,0.3481787,0.30552763,0.118459076,0.27208084,0.96331406,1.2238877,-0.7612687,-0.032569934,0.14736849,0.11534774,0.6822575,-0.32179374,-0.0848143,0.476521,-0.3357947,-0.40333644,0.20622443,0.21192853,-0.36016676,-0.8304957,0.17900032,0.2350042,-0.015068718,0.44320384,-0.27914262,0.058825303,1.1136949,0.14736849,-0.33372048,-0.097648524,0.37605104,-0.33994314,-0.3700193,0.36879128,-0.18671027,-0.40917015,0.6716271,0.5759538,-0.18541388,-0.665725,0.17783357,0.02965661,-0.66883636,0.35854983,-0.4771008,0.41766503,-0.67765176,0.20090924,-0.10166732,-1.2190228,-0.39296535,0.16759211,-0.6368156,-0.5752373,0.18807502,1.2999855,0.48481783,-0.16765338,-0.21186016,-0.33203518,0.07580797,0.023174677,0.13764559,0.23785625,-0.2183421,-0.31284866,0.12908944,-0.45545116,-0.65781707,-0.05655308,-0.17802449,-0.007938594,0.113273524,-0.4139668,-0.049682233,-0.16454206,0.31408376,0.09836508,-0.10620467,0.34221536,-0.67285514,-0.91553867,-0.047478378,-0.915409,-0.2119898,0.020970821,-0.713432,0.37553248,-1.1682043,-0.46076635,0.3645132,-0.16259748,0.10419882,-0.46841502,-0.37922364,-0.34396192,-0.2445291,-0.40061402,0.5202092,0.11094003,0.47237253,-0.368334,-0.43470898,-0.049682233,-0.7327482,0.5698608,0.25237578,-0.34836963,-0.36107424,-0.20667462,-0.15015218,0.5356362,-0.06549814,0.08890147,0.056621443,-0.39270607,-0.2992366,0.9420533,0.7593925,-0.14159602,-0.80910534,0.24381962,0.32471412,0.24291216,0.11547738,0.35906836,-0.23519512,-0.6824484,0.3729397,-0.5140478,0.38058838,-0.26993826,0.13946053,-0.1327806,-1.4627433,-0.28121683,0.4467041,0.4981706,0.01734094,-0.23973247,0.06751109,-0.09635214,0.43724048,-0.24128813,-0.03866295,0.33690017,0.019674435,0.47185397,-0.4230415,-0.06938731,0.22463311,-0.08585141,0.03458288,-0.29794022,0.0514359,0.5281172,-0.7056537,-0.6592431,0.3856443,0.7312609,-0.17141291,0.70053655,0.17718537,-0.48397166,-0.039311145,-0.5626623,-0.5578657,-0.27097538,0.37242115,0.13401571,-0.61114717,0.04482433,0.37682888,0.35323465,-0.50847334,0.28011844,-0.0848143,0.49117014,-0.4942131,0.2833594,-0.27992046,0.3826626,0.2930823,-0.089351654,-0.6418715,-0.7015053,-0.3233494,0.022785762,0.29839748,0.18042634,0.35103077,-0.11877962,-0.4811196,-0.044626325,-0.61957365,0.80113614,-0.38155714,0.14373861,0.075548686,-0.25347418,0.34221536,0.29450834,-0.018568961,-0.24764043,0.48857737,0.13647884,0.08967929,0.51670897,0.15112801,-0.78862244,0.10393955,-0.20200762,0.6148454,0.9236446,0.13362679,-0.77125084,0.13777523,-0.7116171,-0.19306256,-0.4739895,0.10056894,0.3366409,0.4192207,-0.16350496,-0.7992528,-0.84034824,1.412123,-0.015327996,0.47574314,0.57686126,-0.448321,-0.34875855,-0.09077768,0.5736203,-0.36483374,0.07360411,-0.012994501,-0.90413046,1.2408704,0.3919966,-0.16039363,-0.3824646,-0.19435894,-1.1036444,0.1044581,0.7041664,-0.8419039,0.79167247,-1.3092512,-0.15572664,-0.9625975,-0.5062695,0.4384072,0.26067266,-0.36561158,-1.433834,0.3239363,-0.059923686,0.4333513,0.5640271,1.1426042,0.3011199,0.16020271,0.65594083,0.124552086,-0.57627434,0.757059,0.04391686,-0.08183262,0.3380669,-1.6346442,0.17238875,-0.7808441,-0.40152147,-0.5495688,-0.14872615,0.06777037,0.2668953,0.87878966,-0.37014893,-0.24310307,-1.078624,-0.051237896,0.018896604,0.056621443,0.11573666,0.2561353,0.09214243,0.3890149,-0.08831455,-0.0774249,0.2753218,-0.8636832,-0.019994987,-1.0217127,0.5527485,-0.1408182,0.5423774,0.04184264,0.73009413,0.3433821,0.3533643,-0.15222639,0.99196416,0.07373375,0.3453267,0.12766342,0.77585655,-0.31077445,0.19442731,-0.49019432,-0.25749296,0.22813335,-0.09155551,-0.018309684,-0.18204328,0.07671543,0.19896467,-0.21173052,0.16370295,1.0403194,-0.3079224,0.36256862,0.33651125,0.27817386,0.24576421,-0.08196225,-0.016235467,0.046120714,-0.457655,0.13064511,0.31278738,-0.15222639,0.4122202,-0.30234793,0.42725828,0.077622905,0.062325545,-0.18035798,0.37449536,-0.02155065,-0.34240627,-0.5168999,0.12131112,-0.4338015,0.38447756,0.27506253,0.24628277,-0.07820273,0.10225424,0.66644156,0.19326057,
1,1,0,0,0,1,0,0,0,0,0,0,0,0,0,0,0,0,0,0,0,0,0,0,0,0,0,0,0,0,0,0,0,0,0,0,0,0,0,0,0,0,0,0,0,0,0,0,0,0,0,0,0,0,0,0,0,0,0,0,0,0,0,0,0,0,0,0,0,1,0,0,0,0,0,0,0,0,0,0,0,0,0,0,0,0,0,0,0,0,0,0,0,0,0,0,0,0,0,0,0,0,0,0,0,0,0,0,0,0,0,0,0,0,0,0,0,0,0,0,0,0,0,0,0,0,0,0,0,0,0,0,0,0,0,0,0,0,0,0,0,0,0,0,1,0,0,0,0,0,0,0,0,0,0,0,0,0,0,0,0,0,0,0,0,0,0,0,0,0,0,0,0,0,0,0,0,0,0,0,0,0,0,0,0,0,0,0,0,0,1,0,0,0,0,0,0,0,0,0,0,0,0,0,0,0,0,0,0,0,0,0,0,0,0,0,0,0,0,0,0,0,0,0,0,0,0,0,0,0,0,0,0,0,0,0,0,0,0,0,0,0,0,0,0,0,0,0,0,0,0,0,0,0,0,0,0,0,0,0,0,0,0,0,0,0,0,0,0,0,0,0,0,0,0,0,0,0,0,0,0,0,0,0,0,0,0,0,0,0,0,0,0,0,0,0,0,0,0,0,0,0,0,0,0,0,0,0,0,0,0,0,0,0,0,0,0,0,0,0,0,0,0,0,0,0,0,0,0,0,0,0,0,0,0,0,0,0,0,0,0,0,0,0,0,0,0,0,0,0,0,0,0,0,0,0,0,0,0,0,0,0,0,0,0,0,0,0,0,0,0,0,0,0,0,0,0,0,0,0,0,0,0,0,0,0,0,0,0,0,0,0,0,0,0,0,0,0,0,0,0,0,0,0,0,0,0,0,0,0,0,0,0,0,0,0,0,0,0,0,0,0,0,0,0,0,0,0,0,0,0,0,0,0,0,0,0,0,0,0,0,0,0,0,0,0,0,0,0,0,0,0,0,0,0,0,0,0,0,0,0,0,0,0,0,0,0,0,0,0,0,0,0,0,0,0,0,0,0,0,0,0,0,0,0,0,0,0,0,0,0,0,0,0,0,0,0,0,0,0,0,0,0,0,0,0,0,0,0,0,0,0,0,0,0,0,0,0,0,0,0,0,0,0,0,0,0,0,0,0,0,0,0,0,0,0,0,0,0,0,0,0,0,0,0,0,0,0,0,0,0,0,0,0,0,0,0,0,0,0,0,0,0,0,0,0,0,0,0,0,0,0,0,0,0,0,0,0,0,0,0,0,0,0,0,0,0,0,0,0,0,0,0,0,0,0,0,0,0,0,0,0,0,0,0,0,0,0,0,0,0,0,0,0,0,0,0,0,0,0,0,0,0,0,0,0,0,0,0,0,0,0,0,0,0,0,0,0,0,0,0,0,0,0,0,0,0,0,0,0,0,0,0,0,0,0,0,0,0,0,0,0,0,0,0,0,0,0,0,0,0,0,0,0,0,0,0,0,0,0,0,0,0,0,0,0,0,0,0,0,0,0,0,0,0,0,0,0,0,0,0,0,0,0,0,0,0,0,0,0,0,0,0,0,0,0,0,0,0,0,0,0,0,0,0,0,0,0,0,0,0,0,0,0,0,0,0,0,0,0,0,0,0,1,0,0,0,0,0,0,0,0,0,0,0,0,0,0,0,0,0,0,0,0,0,0,0,0,0,0,0,0,0,0,0,0,0,0,0,0,0,0,0,0,0,0,0,0,0,0,0,0,0,0,0,0,0,0,0,0,0,0,0,0,0,0,0,0,0,0,0,0,0,0,0,0,0,0,0,0,0,0,0,0,0,0,0,0,0,0,0,0,0,0,0,0,0,0,0,0,0,0,0,0,0,0,0,0,0,0,0,0,0,0,0,0,0,0,0,0,0,0,0,0,0,0,0,0,0,0,0,0,0,0,0,0,0,0,0,0,0,0,0,0,0,0,0,0,0,0,0,0,0,0,0,0,0,0,0,0,0,0,0,0,0,0,0,0,0,0,0,0,0,0,0,0,0,0,0,0,0,0,0,0,0,0,0,0,0,0,0,0,0,0,0,0,0,0,0,0,0,0,0,0,0,0,0,0,0,0,0,0,0,0,0,0,0,0,0,0,0,0,0,0,0,0,0,0,0,0,0,0,0,0,0,0,0,0,0,0,0,0,0,0,0,0,0,0,0,0,0,0,0,0,0,0,0,0,0,0,0,0,0,0,0,0,0,0,0,0,0,0,0,0,0,0,0,0,0,0,0,0,0,0,0,0,0,0,0,0,0,0,0,0,0,0,0,0,0,0,0,0,0,0,0,0,0,0,0,0,0,0,0,0,0,0,0,0,0,0,0,0,0,0,0,0,0,0,0,0,0,0,0,0,0,0,0,0,0,0,0,0,0,0,0,0,0,0,0,0,0,0,0,0,0,0,0,0,0,0,0,0,0,0,0,0,0,0,0,0,0,0,0,0,0,0,0,0,0,0,0,0,0,0,0,0,0,0,0,0,0,0,0,0,0,0,0,0,0,0,0,0,0,0,0,0,0,0,0,0,0,0,0,0,0,0,0,0,0,0,0,0,0,0,0,0,0,0,0,0,0,0,0,0,0,0,0,0,0,0,0,0,0,0,0,0,0,0,0,0,0,0,0,0,0,0,0,0,0,0,0,0,0,0,0,0,0,0,0,0,0,0,0,0,0,0,0,0,0,0,0,0,0,0,0,0,0,0,0,0,0,0,0,0,0,0,0,0,0,0,0,0,0,0,0,0,0,0,0,0,0,0,0,0,0,0,0,0,0,0,0,0,0,0,0,0,0,0,0,0,0,0,0,0,0,0,0,0,0,0,0,0,0,0,0,0,0,0,0,0,0,0,0,0,0,0,0,0,0,0,0,0,0,0,0,0,0,0,0,0,0,0,0,0,0,0,0,0,0,0,0,0,0,0,0,0,0,0,0,0,0,0,0,0,0,0,0,0,0,0,0,0,0,0,0,0,0,0,0,0,0,0,0,0,0,0,0,0,0,0,0,0,0,0,0,0,0,0,0,0,0,0,0,0,0,0,0,0,0,0,0,0,0,0,0,0,0,0,0,0,0,0,0,0,0,0,0,0,0,0,0,0,0,0,0,0,0,0,0,0,0,0,0,0,0,0,0,0,0,0,0,0,0,0,0,0,0,0,0,0,0,0,0,0,0,0,0,0,0,0,0,0,0,0,0,0,0,0,0,0,0,0,0,0,0,0,0,0,0,0,0,0,0,0,0,0,0,0,0,0,0,0,0,0,0,0,0,0,0,0,0,0,0,0,0,0,0,0,0,0,0,0,0,0,0,0,0,0,0,0,0,0,0,0,0,0,0,0,0,0,0,0,0,0,0,0,0,0,0,0,0,0,0,0,0,0,0,0,0,0,0,0,0,0,0,0,0,0,0,0,0,0,0,0,0,0,0,0,0,0,0,0,0,0,0,0,0,0,0,0,0,0,0,0,0,0,0,0,0,0,0,0,0,0,0,0,0,0,0,0,0,0,0,0,0,0,0,0,0,0,0,0,0,0,0,0,0,0,0,0,0,0,0,0,0,0,0,0,0,0,0,0,0,0,0,0,0,0,0,0,0,0,0,0,0,0,0,0,0,0,0,0,0,0,0,0,0,0,0,0,0,0,0,0,0,0,0,0,0,0,0,0,0,0,0,0,0,0,0,0,0,0,0,0,0,0,0,0,0,0,0,0,0,0,0,0,0,0,0,0,0,0,0,0,0,0,0,0,0,0,0,0,0,0,0,0,0,0,0,0,0,0,0,0,0,0,0,0,0,0,0,0,0,0,0,0,0,0,0,0,0,0,0,0,0,0,0,0,0,0,0,0,0,0,0,0,0,0,0,0,0,0,0,0,0,0,0,0,0,0,0,0,0,0,0,0,0,0,0,0,0,0,0,0,0,0,0,0,0,0,0,0,0,0,0,0,0,0,0,0,0,0,0,0,0,0,0,0,0,0,0,0,0,0,0,0,0,0,0,0,0,0,0,0,0,0,0,0,0,0,0,0,0,0,0,0,0,0,0,0,0,0,0,0,0,0,0,0,0,0,0,0,0,0,0,0,0,0,0,0,0,0,0,0,0,0,0,0,0,0,0,0,0,0,0,0,0,0,0,0,0,0,0,0,0,0,0,0,0,0,0,0,0,0,0,0,0,0,0,0,0,0,0,0,0,0,0,0,0,0,0,0,0,0,0,0,0,0,0,0,0,0,0,0,0,0,0,0,0,0,0,0,0,0,0,0,0,0,0,0,0,0,0,0,0,0,0,0,0,0,0,0,0,0,0,0,0,0,0,0,0,0,0,0,0,0,0,0,0,0,0,0,0,0,0,0,0,0,0,0,0,0,0,0,0,0,0,0,0,0,0,0,0,0,0,0,0,0,0,0,0,0,0,0,0,0,0,0,0,0,0,0,0,0,0,0,0,0,0,0,0,0,0,0,0,0,0,0,0,0,0,0,0,0,0,0,0,0,0,0,0,1,0,0,0,0,0,0,0,0,0,0,0,0,0,0,0,0,0,0,0,0,0,0,0,0,0,0,0,0,0,0,0,0,0,0,0,0,0,0,0,0,0,0,0,0,0,0,0,0,0,0,0,0,0,0,0,0,0,0,0,0,0,0,0,0,0,0,0,0,0,0,0,0,0,0,0,0,0,0,0,0,0,0,0,0,0,0,0,0,0,0,0,0,0,0,0,0,0,0,0,0,0,0,0,0,0,0,0,0,0,0,0,0,0,0,0,0,0,0,0,0,0,0,0,0,0,0,0,0,0,0,0,0,0,0,0,0,0,0,0,0,0,0,0,0,0,0,0,0,0,0,0,0,0,0,0,0,0,0,0,0,0,0,0,0,0,0,0,0,0,0,0,0,0,0,0,0,0,0,0,0,0,0,0,0,0,0,0,0,0,0,0,0,0,0,0,0,0,0,0,0,0,0,0,0,0,0,0,0,0,0,0,0,0,0,0,0,0,0,0,0,0,0,0,0,0,0,0,0,0,0,0,0,0,0,0,0,0,0,0,0,0,0,0,0,0,0,0,0,0,0,0,0,0,0,0,0,0,0,0,0,0,0,0,0,0,0,0,0,0,0,0,0,0,0,0,0,0,0,0,0,0,0,0,0,0,0,0,0,0,0,0,0,0,0,0,0,0,0,0,0,0,0,0,0,0,0,0,0,0,0,0,0,0,0,0,0,0,0,0,0,0,0,0,0,0,0,0,0,0,0,0,0,0,0,0,0,0,0,0,0,0,0,0,0,0,0,0,0,0,0,0,0,0,0,0,0,0,0,0,0,0,0,0,0,0,0,0,0,0,0,0,0,0,0,0,0,0,0,0,0,0,0,0,0,0,0,0,0,0,0,0,0,0,0,0,0,0,0,0,0,0,0,0,0,0,0,0,0,0,0,0,0,0,0,0,0,0,0,0,0,0,0,0,0,0,0,0,0,0,0,0,0,0,0,0,0,0,0,0,0,0,0,0,0,0,0,0,0,0,0,0,0,0,0,0,0,0,0,0,0,0,0,0,0,0,0,0,0,0,0,0,0,0,0,0,0,0,0,0,0,0,0,0,0,0,0,0,0,0,0,0,0,0,0,0,0,0,0,0,0,0,0,0,0,0,0,0,0,0,0,0,0,0,0,0,0,0,0,0,0,0,0,0,0,0,0,0,0,0,0,0,0,0,0,0,0,0,0,0,0,0,0,0,0,0,0,0,0,0,0,0,0,0,0,0,0,0,0,0,0,0,0,0,0,0,0,0,0,0,0,0,0,0,0,0,0,0,0,0,0,0,0,0,0,0,0,0,0,0,0,0,0,0,0,0,0,0,0,0,0,0,0,0,0,0,0,0,0,0,0,0,0,0,0,0,0,0,0,0,0,0,0,0,0,0,0,0,0,0,0,0,0,0,0,0,0,0,0,0,0,0,0,0,0,0,0,0,0,0,0,0,0,0,0,0,0,0,0,0,0,0,0,0,0,0,0,0,0,0,0,0,0,0,0,0,0,0,0,0,0,0,0,0,0,0,0,0,0,0,0,0,0,0,0,0,0,0,0,0,0,0,0,0,0,0,0,0,0,0,0,0,0,0,0,0,0,0,0,0,0,0,0,0,0,0,0,0,0,0,0,0,0,0,0,0,0,0,0,0,0,0,0,0,0,0,0,0,0,0,0,0,0,0,0,0,0,0,0,0,0,0,0,0,0,0,0,0,0,0,0,0,0,0,0,0,0,0,0,0,0,0,0,0,0,0,0,0,0,0,0,0,0,0,0,0,0,0,0,0,0,0,0,0,0,0,0,0,0,0,0,0,0,0,0,0,0,0,0,0,0,0,0,0,0,0,0,0,0,0,0,0,0,0,0,0,0,0,0,0,0,0,0,0,0,0,0,0,0,0,0,0,0,0,0,0,0,0,0,0,0,0,0,0,0,0,0,0,0,0,0,0,0,0,0,0,0,0,0,0,0,0,0,0,0,0,0,0,0,0,0,0,0,0,0,0,0,0,0,0,0,0,0,0,0,0,0,0,0,0,0,0,0,0,0,0,0,0,0,0,0,0,0,0,0,0,0,0,0,0,0,0,0,0,0,0,0,0,0,0,0,0,0,0,0,0,0,0,0,0,0,0,0,0,0,0,0,0,0,0,0,0,0,0,0,0,0,0,0,0,0,0,0,0,0,0,0,0,0,0,0,0,0,0,0,0,0,0,0,0,0,0,0,0,0,0,0,0,0,0,0,0,0,0,0,0,0,0,0,0,0,0,0,0,0,0,0,0,0,0,0,0,0,0,0,0,0,0,0,0,0,0,0,0,0,0,0,0,0,0,0,0,0,0,0,0,0,0,0,0,0,0,0,0,0,0,0,0,0,0,0,0,0,0,0,0,0,0,0,0,0,0,0,0,0,0,0,0,0,0,0,0,0,0,0,0,0,0,0,0,0,0,0,0,0,0,0,0,0,0,0,0,0,0,0,0,0,0,0,0,0,0,0,0,0,0,0,0,0,0,0,0,0,0,0,0,0,0,0,0,0,0,0,0,0,0,0,0,0,0,0,0,0,0,0,0,0,0,0,0,0,0,0,0,0,0,0,0,0,0,0,0,0,0,0,0,0,0,0,0,0,0,0,0,0,0,0,0,0,0,0,0,0,0,0,0,0,0,0,0,0,0,0,0,0,0,0,0,0,0,0,0,0,0,0,0,0,0,0,0,0,0,0,0,0,0,0,0,0,0,0,0,0,0,0,0,0,0,0,0,0,0,0,0,0,0,0,0,0,0,0,0,0,0,0,0,0,0,0,0,0,0,0,0,0,0,0,0,0,0,0,0,0,0,0,0,0,0,0,0,0,0,0,0,0,0,0,0,0,0,0,0,0,0,0,0,0,0,0,0,0,0,0,0,0,0,0,0,0,0,0,0,0,0,0,0,0,0,0,0,0,0,0,0,0,0,0,0,0,0,0,0,0,0,0,0,0,0,0,0,0,0,0,0,0,0,0,0,0,0,0,0,0,0,0,0,0,0,0,0,0,0,0,0,0,0,0,0,0,0,0,0,0,0,0,0,0,0,0,0,0,0,0,0,0,0,0,0,0,0,0,0,0,0,0,0,0,0,0,0,0,0,0,0,0,0,0,0,0,0,0,0,0,0,0,0,0,0,0,0,0,0,0,0,0,0,0,0,0,0,0,0,0,0,0,0,0,0,0,0,0,0,0,0,0,0,0,0,0,0,0,0,0,0,0,0,0,0,0,0,0,0,0,0,0,0,0,0,0,0,0,0,0,0,0,0,0,0,0,0,0,0,0,0,0,0,0,0,0,0,0,0,0,0,0,0,0,0,0,0,0,0,0,0,0,0,0,0,0,0,0,0,0,0,0,0,0,0,0,0,0,0,0,0,0,0,0,0,0,0,0,0,0,0,0,0,0,0,0,0,0,0,0,0,0,0,0,0,0,0,0,0,0,0,0,0,0,0,0,0,0,0,0,0,0,0,0,0,0,0,0,0,0,0,0,0,0,0,0,0,0,0,0,0,0,0,0,0,0,0,0,0,0,0,0,0,0,0,0,0,0,0,0,0,0,0,0,0,0,0,0,0,0,0,0,0,0,0,0,0,0,0,0,0,0,0,0,0,0,0,0,0,0,0,0,0,0,0,0,0,0,0,0,0,0,0,0,0,0,0,0,0,0,0,0,0,0,0,0,0,0,0,0,0,0,0,0,0,0,0,0,0,0,0,0,0,0,0,0,0,0,0,0,0,0,0,0,0,0,0,0,0,0,0,0,0,0,0,0,0,0,0,0,0,0,0,0,0,0,0,0,0,0,0,0,0,0,0,0,0,0,0,0,0,0,0,0,0,0,0,0,0,0,0,0,0,0,0,0,0,0,0,0,0,0,0,0,0,0,0,0,0,0,0,0,0,0,0,0,0,0,0,0,0,0,0,0,0,0,0,0,0,0,0,0,0,0,0,0,0,0,0,0,0,0,0,0,0,0,0,0,0,0,0,0,0,0,0,0,0,0,0,0,0,0,0,0,0,0,0,0,0,0,0,0,0,0,0,0,0,0,0,0,0,0,0,0,0,0,0,0,0,0,0,0,0,0,0,0,0,0,0,0,0,0,0,0,0,0,0,0,0.9919171,-0.5526581,-0.4932594,0.6318648,0.5303223,-0.9243705,-1.1335208,-0.08975613,-0.77508944,0.7752896,0.2734857,1.4850413,-0.07244894,0.057642564,-0.048501227,0.27296284,-0.40212214,-0.18314175,-0.45655352,-0.30324632,0.41717198,0.42067525,0.1774857,0.33230925,0.30600858,-0.4988019,-0.5220699,-0.43020058,0.29183865,0.26245302,-0.55914176,-0.8241352,0.22219159,0.45691055,-0.23485416,-0.254096,0.19615237,-0.6684751,1.0851458,-0.31318095,0.2246491,-0.58659273,0.5998125,-0.28191298,0.24671446,0.6618256,0.6424792,0.26919812,0.12279289,0.04802165,-0.19250123,0.6861393,-0.03265809,-0.72593915,-0.33430514,-0.3247365,0.83965564,-0.07997835,0.03876675,0.2356295,-0.11506332,0.5548975,0.50527656,-0.014932598,0.14334191,0.087289624,0.17366871,-0.030984886,0.23071446,0.5714204,0.20206086,-0.32975614,0.073381126,-0.29127246,-0.35119402,-0.2952986,-0.4056254,-0.10659273,-0.2662267,-0.28797835,-0.022357434,0.013145833,-0.20196527,-0.09848815,0.15343341,0.38193014,0.88718504,0.823185,0.009276552,-0.7464359,0.054453023,-0.8011287,0.24091054,0.044204656,0.6122047,0.49528962,0.53717196,0.933721,-0.23297182,-0.11166462,0.20258375,0.2213027,0.3307406,-0.97257966,0.02015237,-0.089651555,0.027943218,-0.15851429,-0.22816135,-0.33890647,0.054871324,-0.83956003,-0.10565155,-0.09571691,0.30705434,-0.19584763,0.09257067,0.017904004,0.48263603,0.19160335,0.25298896,-0.24175613,0.12179943,0.22616544,-0.118618876,-0.4511156,0.03620466,0.017381128,0.5410935,-0.4999522,0.17236152,0.09408701,0.5429236,-0.3054424,-0.09106332,-0.43208292,-0.004109069,-0.08891953,0.100152366,-0.3197169,-0.066488154,0.11442688,0.10611315,0.26919812,-0.015873775,0.18119812,-0.29864502,0.31777328,-0.093259394,-0.43558618,0.7050674,0.16760334,-0.0801875,-0.16227901,-0.010958741,-0.1286058,0.2614073,-0.27961233,-0.3484228,0.19170792,0.12033538,-0.47291952,0.2549759,0.016230801,-0.42193913,-0.28468424,-0.14078881,0.24603473,-0.23835744,0.063969366,0.04650531,0.048073936,0.048073936,-0.22983456,0.01084518,-0.20750776,-0.34397835,0.4785053,-0.23652737,0.5950543,-0.012684232,-0.3963705,0.13685825,0.08619159,0.029773284,0.22825694,0.30396935,-0.6822267,0.1118125,0.027681781,-0.37885416,0.17884518,-0.06434436,-0.3815731,-0.073860705,0.37989092,0.12132884,-0.07610907,-0.13524632,0.04519812,-0.02481495,-0.3715862,-0.09665809,0.05973407,-0.010540442,-0.39783457,0.35484517,0.078191586,-0.1508803,0.42925042,0.0414857,-0.26894566,0.18966872,0.2772504,0.4995772,0.6668975,0.5399432,-0.5162659,0.36938113,-0.19443586,-0.5312725,-0.37979534,-0.014984885,0.08556414,-0.21216136,-0.17352083,0.22145955,-0.1778607,0.010792892,0.023864787,0.044884395,0.17366871,0.09042688,0.089904,-0.19035743,-0.04191299,0.18569486,-0.0040044934,-0.43485418,0.19845302,-0.028213644,0.18125041,0.07996936,-0.16128553,-0.051952206,0.1715772,0.15243995,0.10245302,0.28101513,0.117564134,-0.19114175,-0.2014947,-0.17378227,0.14522426,-0.088448934,0.0046229577,0.15280597,-0.16342933,0.09194322,0.8185837,-0.20510253,0.0011196896,-0.43542933,0.2002831,-0.5830895,0.011890931,-0.19035743,-0.02701103,0.37183863,0.37094975,-0.37514174,0.3480478,-0.15877573,-0.3993509,0.12111969,-0.07778227,-0.26319402,-0.2010241,0.15662296,0.16415237,-0.21341626,0.30653146,0.3130674,0.061720997,-0.25519404,0.08807394,0.16075368,-0.10920711,-0.20970383,0.33816543,-0.1601875,-0.6358999,0.32891053,0.0027406046,0.26302817,0.11970793,-0.096135214,-0.5285012,-0.4751679,-0.04844894,0.13576022,-0.60290647,0.04049224,0.21659681,0.18799551,0.51494974,-0.09148162,-0.21498488,0.098531455,0.025433416,-0.36661887,0.04692361,-0.06497181,-0.20421365,-0.008919526,0.27463603,-0.14753391,-0.30481496,0.33649224,-0.53791296,0.31233537,0.07484518,-0.17273653,-0.20933783,-0.0037430555,-0.19485417,0.21356413,0.13351184,0.329904,0.15824388,0.19526348,-0.049546976,0.3614857,0.13727655,-0.39788684,0.25168177,0.2010674,0.49476674,-0.34518096,-0.2090241,-0.1930241,0.037511848,-0.16243586,-0.24724633,0.09236152,-0.43888032,0.22067524,0.1189759,-0.07250123,-0.37440974,-0.22476266,0.042217728,-0.48023978,0.036518384,-0.33289337,0.52870136,0.22276674,0.4213027,0.24885826,-0.16939011,-0.16248815,0.36258376,-0.2533117,-0.055926062,0.27657068,-0.06073652,0.37905434,0.6150282,0.08776021,0.39887133,-0.13880187,-0.14999142,-0.20139012,-0.053834558,0.34470138,0.5109759,0.23709355,0.15510662,-0.28865808,0.012466094,-0.2469326,0.6599432,-0.3022006,0.14810008,0.13884518,-0.038671162,0.31113276,0.16875368,0.46396935,-0.18434437,-0.13838358,0.6933027,0.20765564,0.41649222,-0.03950776,-0.060893383,-0.33341625,0.059838645,0.26245302,0.1733027,0.5408321,-0.085520834,0.008492239,0.30229616,0.024544526,-0.19971691,0.25738114,-0.07888031,-0.16546854,0.21393014,0.28227,0.17351185,0.28509355,-0.11119404,-0.49179533,0.03359028,0.48258373,-0.46889338,0.32389092,-0.25101104,-0.26366463,-0.026226716,-0.25608292,-0.103246324,0.027786355,0.39845303,-0.29754698,0.11672753,0.123002045,-0.012841095,-0.15961234,0.50731575,-0.20855351,0.31442687,0.17105433,0.15573406,-0.102828026,0.14485826,0.6032635,0.101459555,0.6085968,0.23212622,-0.111873776,-0.34983456,-0.16787377,-0.38308945,-0.047037173,0.47087133,0.13513276,-0.047873773,0.005668709,-0.3383836,0.50606084,-0.3411548,-0.03757312,0.1029759,0.225904,0.2301393,0.29513276,-0.015926061,0.37361643,-0.0166058,-0.14005677,0.02511969,0.09440073,-0.42920712,0.36300203,-0.023037173,0.10428309,-0.09122018,-0.45425287,0.42595628,0.54193014,0.48242688,-0.3159522,-0.15872344,-0.6326058,0.16216545,0.2528844,-0.005520833,-0.38450122,-0.1395862,-0.0028541666,0.21027002,0.31536806,0.29194322,0.08519812,-0.13561234,-0.14188685,-0.023821486,-0.081965275,0.34621772,-0.06826593,-0.08431822,0.06083211,0.045511845,-0.27239665,0.009381128,0.6090674,0.09576021,-0.25592607,0.23709355,-0.27286723,0.03243995,0.19949877,0.03766871,-0.23119403,-0.21414828,0.3400478,0.051106617,0.16938113,-0.17880188,-0.46810907,-0.24008292,0.5976687,0.11714584,0.12995629,-0.012318219,0.26145956,-0.1075339,-0.12515482,0.5662439,-0.001808415,0.022191584,-0.2596385,0.12953798,-0.00065808825,-0.6561875,-0.34230515,-0.07150776,-0.02549469,0.16634844,-0.62345546,-0.059586193,0.22046609,0.00075367646,0.38616544,0.43291053,-0.34256658,0.09387786,-0.417547,-0.0498607,-0.50559926,-0.32206985,0.026008578,0.4427929,0.46470138,0.045564134,-0.14993913,-0.25587377,-0.22319403,0.09168178,-0.005050245,0.009067402,0.037773285,-0.044841096,0.13225694,0.34898898,-0.17482802,0.26883212,-0.09200449,-0.46471038,-0.07438358,0.069511846,-0.16306332,-0.14805678,-0.12468423,0.1951589,0.09617852,-0.024658088,0.04216544,-0.3951156,0.017067403,-0.14580841,0.0052504083,-0.67056656,-0.22737704,-0.506645,-0.29132476,-0.3618607,-0.34988683,0.114008576,-0.004318219,-0.1812594,0.40420467,0.28049225,0.43463603,-0.2998999,0.081904,0.48383865,-0.254462,0.14098898,0.12420466,0.064073935,0.030557599,-0.06277574,0.022034721,-0.16782148,0.18611315,-0.009860703,-0.28374305,0.051629495,0.037145834,0.15871446,0.025590278,0.11824387,-0.18575613,0.19406086,0.06710662,0.19876675,-0.21644893,-0.27119404,0.2368844,0.08174714,0.17565563,0.5887798,-0.097390115,0.17084518,-0.16928554,-0.06230515,0.30564258,0.12284518,0.13027002,0.22062296,0.09387786,-0.37315482,-0.08468423,-0.30810907,0.11479289,0.16959028,-0.28844893,0.066322304,0.14543341,0.4208321,-0.11474959,0.034792893,-0.14654045,-0.23605677,-0.47276267,-0.01294567,0.5798909,-0.14397834,0.18694976,0.3226883,0.08545956,0.15996936,0.3404138,-0.008082924,0.29884517,-0.091586195,0.30616543,-0.2397692,-0.038095996,0.15123734,0.0890674,0.0047798203,-0.0881875,-0.106697306,-0.20358619,-0.410645,0.08451838,-0.09080188,-0.2595339,0.43871447,0.41183865,-0.15166463,0.4599432,0.37759027,0.22187786,0.04932884,0.28373408,-0.083533905,0.045354985,-0.4385143,-0.27495873,0.39406088,0.34893668,0.0566491,-0.3260437,-0.13106331,0.28938112,0.1602308,0.28179944,-0.08191299,0.22705433,-0.16227901,0.15536806,0.019420343,-0.15061887,0.100152366,0.12138113,0.16728963,-0.23987378,-0.21320711,-0.24463195,0.13079289,-0.09639665,-0.21922018,-0.4077169,0.40493667,-0.084579654,-0.3926058,-0.18099795,0.13596936,0.0037863562,-0.25247508,0.2849367,-0.5434555,-0.05247508,-0.29603064,0.19709355,-0.25597835,-0.19835743,-0.24489339,0.22240074,-0.057180963,-0.24620058,-0.07825286,-0.38439664,-0.45085415,0.23986478,-0.31793913,0.3278648,0.10412622,-0.27333784,0.17868832,-0.26486725,0.064073935,0.30982557,0.065381125,-0.38314176,-0.2952986,-0.20808293,0.19416544,0.002688317,-0.18214828,0.045930147,-0.4768934,-0.482279,-0.13942933,-0.16740319,0.1779563,-0.013573121,-0.30999142,-0.052841093,0.23531577,0.57351184,-0.49467117,-0.051586192,0.04200858,0.07902819,0.27531576,0.3294334,-0.32578227,0.08608701,0.52870136,0.1000478,0.01063603,0.040126227,-0.38005677,-0.047612336,-0.15297182,0.051002044,-0.24008292,-0.33477575,0.11123734,0.4688844,0.0061392975,0.15604779,0.15024388,0.030557599,-0.27035743,0.14407393,0.35667524,-0.2754816,-0.00029207516,-0.3391679,-0.37440974,-0.047507763,0.2591589,-0.1336254,0.35500205,-0.17592606,-0.2600045,-0.09174305,0.113381125,0.17643996,0.29612622,-0.00065808825,-0.021886846,0.27908048,0.093041256,-0.1880045,-0.03004371,0.17304125,0.18595628,-0.27689338,0.57821774,0.39379942,0.17654453,-0.027586192,-0.22774306,0.119132765,-0.08369077,0.08164257,0.13738112,0.28430924,-0.21069731,0.053093545,-0.12933783,-0.0498607,-0.13806985,-0.065546975,0.26287133,-0.043063316,-0.02701103,0.21910661,-0.12620057,0.270087,-0.020213643,-0.22193913,0.02077982,-0.13393913,-0.11454044,0.07709355,0.068884395,0.20561641,0.050531454,0.3366491,0.064701386,-0.047716912,-0.10878881,-0.050592728,0.06532884,0.23923734,-0.31229207,0.21983865,0.12551184,-0.24191299,-0.1446058,-0.07668423,-0.062566586,0.16514583,-0.34434438,0.3425576,0.38287133,0.19338113,-0.060109068,0.0473942,0.21534191,0.11165564,-0.11569077,-0.3711679,0.2208844,0.14292361,0.21194322,-0.36531168,0.09173407,0.48117197,0.27573407,-0.03004371,0.2604138,-0.095821485,0.045145832,-0.060004495,-0.19589992,-0.31537706,0.1446491,0.06637459,-0.039821487,0.35683212,0.08258374,0.14072753,0.22109355,-0.05425286,0.4373027,0.34224388,0.080544524,0.119185045,-0.12050123,0.09094975,-0.0010241013,-0.10136397,-0.07820057,-0.17059273,-0.42052737,0.09884518,-0.13273652,0.28221774,0.4676295,-0.342096,-0.25372997,-0.12578227,-0.08254044,0.0037863562,0.2945576,0.048335377,0.041904002,-0.026697304,-0.3538607,-0.49566463,-0.053102534,0.024387663,0.24415237,0.3244661,-0.4258607,0.0003353758,0.11604779,0.24164256,0.18857066,0.017119689,0.15364257,-0.23035744,0.0035249183,0.062348448,0.14391707,-0.085207105,0.020832108,-0.037939135,0.24477983,-0.04426593,-0.314279,0.06961642,-0.2090241,-0.08588684,-0.050854165,-0.19752084,0.33649224,0.026322303,-0.040553514,0.10893668,0.06715891,0.029616421,-0.28823978,-0.13231821,-0.071926065,0.0558125,0.25576022,-0.547011,-0.060213644,-0.3087888,0.17262296,0.09325041,-0.52541625,0.02574714,0.039917074,-0.034488153,-0.19616136,-0.15710253,0.028256945,0.0001262255,0.33335498,-0.21791299,0.23343341,-0.2132594,-0.09038358,0.12289747,-0.3484228,-0.26188684,-0.18136397,-0.011377042,0.17136806,0.08593015,-0.04494567,-0.015403186,-0.14920712,0.02036152,0.10151184,-0.043115605,-0.11736397,0.27243996,0.15510662,0.2006491,-0.086514294,0.18909355,0.39406088,-0.40552083,-0.23506331,0.35285825,-0.05488031,0.34193015,-0.0056254086,0.12922427,-0.0869326,-0.19788684,0.3299563,0.22459681,-0.42816135,0.27176023,-0.022618873,-0.059063315,0.100727536,-0.31281495,0.095969364,0.06313276,-0.007821487,-0.041860703,-0.18779534,-0.30826592,0.17460988,-0.010017565,0.21816544,-0.049128678,-0.25707638,0.09194322,0.12451838,0.13403472,0.122740604,-0.102880314,-0.19699796,-0.12494567,-0.25299796,-0.38021365,-0.28536397,-0.08907639,0.00054452615,0.027943218,0.021773284,0.022453023,-0.3361875,0.19484518,-0.42659274,0.27003473,-0.07731168,-0.69765157,1.0949236,-1.4508018,0.5006229,-1.249547,-1.5143313,0.06349877,-0.8341221,-0.5345143,-0.85963845,-1.7308018,-0.82742935,-1.1888411,-0.24452737,1.1121786,1.5660347,0.926087,0.47453144,-0.73890644,0.4553419,-1.1416254,0.26998243,-0.62993914,1.0509498,-1.0334424,0.2639171,1.1944791,1.0812243,0.91871446,0.73565567,-0.8212594,1.25827,-1.3749849,0.69361645,1.7372242,-0.0076123364,0.72608703,0.766087,0.53398246,0.9348713,1.1449106,1.2386099,0.11740727,0.4230282,0.5026622,-0.47788686,-1.2121613,-0.12217443,-0.7442398,-0.0978607,-0.6334947,0.69968176,-0.80719405,-1.0299914,0.22402164,-0.43689337,0.120805964,-1.4975992,1.2399694,-0.99772996,1.05827,-1.1520306,0.48043996,0.17847916,-1.1414163,1.155891,-0.91584766,1.2280478,0.5910282,-0.59014827,-1.1992986,-0.1197692,-0.7732594,-0.4212071,1.1552112,-0.5365012,-0.09106332,-0.8275862,-0.50403064,1.2973288,-0.97142935,-0.10784763,1.2486491,0.8713419,1.4438909,-0.27527246,0.014243873,0.5577733,-0.49006987,0.597721,-0.5490503,0.67782557,-0.37942934,0.5109759,-0.59616137,-0.50089335,-1.1832464,1.3467929,-0.36243588,0.8482831,-0.5551679,-0.47621363,-0.9189849,0.39881903,0.7119694,-0.6104882,-0.0785143,-0.39940318,0.69361645,-0.16254044,-0.034488153,0.35526347,0.3438648,-0.52572995,1.0026883,0.012936683,0.6439432,0.33319813,-0.13671038,-1.2204751,-0.58021367,0.19934191,0.14480597,0.2078125,-0.34643587,0.49236152,-0.55741626,-0.24452737,
1,1,0,0,0,0,0,0,0,0,0,0,0,0,0,0,0,0,0,0,0,0,0,0,0,0,0,0,0,0,0,0,0,0,0,0,0,0,0,0,0,0,0,0,0,0,0,0,0,0,0,0,0,0,0,0,0,0,0,0,0,0,0,0,0,0,0,0,0,0,0,0,0,0,0,0,0,0,0,0,0,0,0,0,0,0,0,0,0,0,0,0,0,0,0,0,0,0,0,0,0,0,0,0,0,0,0,0,0,0,0,0,0,0,0,0,0,0,0,0,0,0,0,0,0,0,0,0,0,0,0,0,0,0,0,0,0,0,0,0,0,0,0,0,0,0,0,0,0,0,0,0,0,0,0,0,0,0,0,0,0,0,0,0,0,0,0,0,0,0,0,0,0,0,0,0,0,0,0,0,0,0,0,0,0,0,0,0,0,0,0,0,0,0,0,0,0,0,0,0,0,0,0,0,0,0,0,0,0,0,0,0,0,0,0,0,0,0,0,0,0,0,0,0,0,0,0,0,0,0,0,0,0,0,0,0,0,0,0,0,0,0,0,0,0,0,0,0,0,0,0,0,0,0,0,0,0,0,0,0,0,0,0,0,0,0,0,0,0,0,0,0,0,0,0,0,0,0,0,0,0,0,0,0,0,0,0,0,0,0,0,0,0,0,0,0,0,0,0,0,0,0,0,0,0,0,0,0,0,0,0,0,0,0,0,0,0,0,0,0,0,0,0,0,0,0,0,0,0,0,0,0,0,0,0,0,0,0,0,0,0,0,0,0,0,0,0,0,0,0,0,0,0,0,0,0,0,0,0,0,0,0,0,0,0,0,0,0,0,0,0,0,0,0,0,0,0,0,0,0,0,0,0,0,0,0,0,0,0,0,0,0,0,0,0,0,0,0,0,0,0,0,0,0,0,0,0,0,0,0,0,0,0,0,0,0,0,0,0,0,0,0,0,0,0,0,0,0,0,0,0,0,0,0,0,0,0,0,0,0,0,0,0,0,0,0,0,0,0,0,0,0,0,0,0,0,0,0,0,0,0,0,0,0,0,0,0,0,0,0,0,0,0,0,0,0,0,0,0,0,0,0,0,0,0,0,0,0,0,0,0,0,0,0,0,0,0,0,0,0,0,0,0,0,0,0,0,0,0,0,0,0,0,0,0,0,0,0,0,0,0,0,0,0,0,0,0,0,0,0,0,0,0,0,0,0,0,0,0,0,0,0,0,0,0,0,0,0,0,0,0,0,0,0,0,0,0,0,0,0,0,0,0,0,0,0,0,0,0,0,0,0,0,0,0,0,0,0,0,0,0,0,0,0,0,0,0,0,0,0,0,0,0,0,0,0,0,0,0,0,0,0,0,0,0,0,0,0,0,0,0,0,0,0,0,0,0,0,0,0,0,0,0,0,0,0,0,0,0,0,0,0,0,0,0,0,0,0,0,0,0,0,0,0,0,0,0,0,0,0,0,0,0,0,0,0,0,0,0,0,0,0,0,0,0,0,0,0,0,0,0,0,0,0,0,0,0,0,0,0,0,0,0,0,0,0,0,0,0,0,0,0,0,0,0,0,0,0,0,0,0,0,0,0,0,0,0,0,0,0,0,0,0,0,0,0,0,0,0,0,0,0,0,0,0,0,0,0,0,0,0,0,0,0,0,0,0,0,0,0,0,0,0,0,0,0,0,0,0,0,0,0,0,0,0,0,0,0,0,0,0,0,0,0,0,0,0,0,0,0,0,0,0,0,0,0,0,0,0,0,0,0,0,0,0,0,0,0,0,0,0,0,0,0,0,0,0,0,0,0,0,0,0,0,0,0,0,0,0,0,0,0,0,0,0,0,0,0,0,0,0,0,0,0,0,0,0,0,0,0,0,0,0,0,0,0,0,0,0,0,0,0,0,0,0,0,0,0,0,0,0,0,0,0,0,0,0,0,0,0,0,0,0,0,0,0,0,0,0,0,0,0,0,0,0,0,0,0,0,0,0,0,0,0,0,0,0,0,0,0,0,0,0,0,0,0,0,0,0,0,0,0,0,0,0,0,0,0,0,0,0,0,0,0,0,0,0,0,0,0,0,0,0,0,0,0,0,0,0,0,0,0,0,0,0,0,0,0,0,0,0,0,0,0,0,0,0,0,0,0,0,0,0,0,0,0,0,0,0,0,0,0,0,0,0,0,0,0,0,0,0,0,0,0,0,0,0,0,0,0,0,0,0,0,0,0,0,0,0,0,0,0,0,0,0,0,0,0,0,0,0,0,0,0,0,0,0,0,0,0,0,0,0,0,0,0,0,0,0,0,0,0,0,0,0,0,0,0,0,0,0,0,0,0,0,0,0,0,0,0,0,0,0,0,0,0,0,0,0,0,0,0,0,0,0,0,0,0,0,0,0,0,0,0,0,0,0,0,0,0,0,0,0,0,0,0,0,0,0,0,0,0,0,0,0,0,0,0,0,0,0,0,0,0,0,0,0,0,0,0,0,0,0,0,0,0,0,0,0,0,0,0,0,0,0,0,0,0,0,0,0,0,0,0,0,0,0,0,0,0,0,0,0,0,0,0,0,0,0,0,0,0,0,0,0,0,0,0,0,0,0,0,0,0,0,0,0,0,0,0,0,0,0,0,0,0,0,0,0,0,0,0,0,0,0,0,0,0,0,0,0,0,0,0,0,0,0,0,0,0,0,0,0,0,0,0,0,0,0,0,0,0,0,0,0,0,0,0,0,0,0,0,0,0,0,0,0,0,0,0,0,0,0,0,0,0,0,0,0,0,0,0,0,0,0,0,0,0,0,0,0,0,0,0,0,0,0,0,0,0,0,1,0,0,0,0,0,0,0,0,0,0,0,0,0,0,0,0,0,0,0,0,0,0,0,0,0,0,0,0,0,0,0,0,0,0,0,0,0,0,0,0,0,0,0,0,0,0,0,0,0,0,0,0,0,0,0,0,0,0,0,0,0,0,0,0,0,0,0,0,0,0,0,0,0,0,0,0,0,0,0,0,0,0,0,0,0,0,0,0,0,0,0,0,0,0,0,0,0,0,0,0,0,0,0,0,0,0,0,0,0,0,0,0,0,0,0,0,0,0,0,0,0,0,0,0,0,0,0,0,0,0,0,0,0,0,0,0,0,0,0,0,0,0,0,0,0,0,0,0,0,0,0,0,0,0,0,0,0,0,0,0,0,0,0,0,0,0,0,0,0,0,0,0,0,0,0,0,0,0,0,0,0,0,0,0,0,0,0,0,0,0,0,0,0,0,0,0,0,0,0,0,0,0,0,0,0,0,0,0,0,0,0,0,0,0,0,0,0,0,0,0,0,0,0,0,0,0,0,0,0,0,0,0,0,0,0,0,0,0,0,0,0,0,0,0,0,0,0,0,0,0,0,0,0,0,0,0,0,0,0,0,0,0,0,0,0,0,0,0,0,0,0,0,0,0,0,0,0,0,0,0,0,0,0,0,0,0,0,0,0,0,0,0,0,0,0,0,0,0,0,0,0,0,0,0,0,0,0,0,0,0,0,0,0,0,0,0,0,0,0,0,0,0,0,0,0,0,0,0,0,0,0,0,0,0,0,0,0,0,0,0,0,0,0,0,0,0,0,0,0,0,0,0,0,0,0,0,0,0,0,0,0,0,0,0,0,0,0,0,0,0,0,0,0,0,0,0,0,0,0,0,0,0,0,0,0,0,0,0,0,0,0,0,0,0,0,0,0,0,0,0,0,0,0,0,0,0,0,0,0,0,0,0,0,0,0,0,0,0,0,0,0,0,0,0,0,0,0,0,0,0,0,0,0,0,0,0,0,0,0,0,0,0,0,0,0,0,0,0,0,0,0,0,0,0,0,0,0,0,0,0,0,0,0,0,0,0,0,0,0,0,0,0,0,0,0,0,0,0,0,0,0,0,0,0,0,0,0,0,0,0,0,0,0,0,0,0,0,0,0,0,0,0,0,0,0,0,0,0,0,0,0,0,0,0,0,0,0,0,0,0,0,0,0,0,0,0,0,0,0,0,0,0,0,0,0,0,0,0,0,0,0,0,0,0,0,0,0,0,0,0,0,0,0,0,0,0,0,0,0,0,0,0,0,0,0,0,0,0,0,0,0,0,0,0,0,0,0,0,0,0,0,0,0,0,0,0,0,0,0,0,0,0,0,0,0,0,0,0,0,0,0,0,0,0,0,0,0,0,0,0,0,0,0,0,0,0,0,0,0,0,0,0,0,0,0,0,0,0,0,0,0,0,0,0,0,0,0,0,0,0,0,0,0,0,0,0,0,0,0,0,0,0,0,0,0,0,0,0,0,0,0,0,0,0,0,0,0,0,0,0,0,0,0,0,0,0,0,0,0,0,0,0,0,0,0,0,0,0,0,0,0,0,0,0,0,0,0,0,0,0,0,0,0,0,0,0,0,0,0,0,0,0,0,0,0,0,0,0,0,0,0,0,0,0,0,0,0,0,0,0,0,0,0,0,0,0,0,0,0,0,0,0,0,0,0,0,0,0,0,0,0,0,0,0,0,0,0,0,0,0,0,0,0,0,0,0,0,0,0,0,0,0,0,0,0,0,0,0,0,0,0,0,0,0,0,0,0,0,0,0,0,0,0,0,0,0,0,0,0,0,0,0,0,0,0,0,0,0,0,0,0,0,0,0,0,0,0,0,0,0,0,0,0,0,0,0,0,0,0,0,0,0,0,0,0,0,0,0,0,0,0,0,0,0,0,0,0,0,0,0,0,0,0,0,0,0,0,0,0,0,0,0,0,0,0,0,0,0,0,0,0,0,0,0,0,0,0,0,0,0,0,0,0,0,0,0,0,0,0,0,0,0,0,0,0,0,0,0,0,0,0,0,0,0,0,0,0,0,0,0,0,0,0,0,0,0,0,0,0,0,0,0,0,0,0,0,0,0,0,0,0,0,0,0,0,0,0,0,0,0,0,0,0,0,0,0,0,0,0,0,0,0,0,0,0,0,0,0,0,0,0,0,0,0,0,0,0,0,0,0,0,0,0,0,0,0,0,0,0,0,0,0,0,0,0,0,0,0,0,0,0,0,0,0,0,0,0,0,0,0,0,0,0,0,0,0,0,0,0,0,0,0,0,0,0,0,0,0,0,0,0,0,0,0,0,0,0,0,0,0,0,0,0,0,0,0,0,0,0,0,0,0,0,0,0,0,0,0,0,0,0,0,0,0,0,0,0,0,0,0,0,0,0,0,0,0,0,0,0,0,0,0,0,0,0,0,0,0,0,0,0,0,0,0,0,0,0,0,0,0,0,0,0,0,0,0,0,0,0,0,0,0,0,0,0,0,0,0,0,0,0,0,0,0,0,0,0,0,0,0,0,0,0,0,0,0,0,0,0,0,0,0,0,0,0,0,0,0,0,0,0,0,0,0,0,0,0,0,0,0,0,0,0,0,0,0,0,0,0,0,0,0,0,0,0,0,0,0,0,0,0,0,0,0,0,0,0,0,0,0,0,0,0,0,0,0,0,0,0,0,0,0,0,0,0,0,0,0,0,0,0,0,0,0,0,0,0,0,0,0,0,0,0,0,0,0,0,0,0,0,0,0,0,0,0,0,0,0,0,0,0,0,0,0,0,0,0,0,0,0,0,0,0,0,0,0,0,0,0,0,0,0,0,0,0,0,0,0,0,0,0,0,0,0,0,0,0,0,0,0,0,0,0,0,0,0,0,0,0,0,0,0,0,0,0,0,0,0,0,0,0,0,0,0,0,0,0,0,0,0,0,0,0,0,0,0,0,0,0,0,0,0,0,0,0,0,0,0,0,0,0,0,0,0,0,0,0,0,0,0,0,0,0,0,0,0,0,0,0,0,0,0,0,0,0,0,0,0,0,0,0,0,0,0,0,0,0,0,0,0,0,0,0,0,0,0,0,0,0,0,0,0,0,0,0,0,0,0,0,0,0,0,0,0,0,0,0,0,0,0,0,0,0,0,0,0,0,0,0,0,0,0,0,0,0,0,0,0,0,0,0,0,0,0,0,0,0,0,0,0,0,0,0,0,0,0,0,0,0,0,0,0,0,0,0,0,0,0,0,0,0,0,0,0,0,0,0,0,0,0,0,0,0,0,0,0,0,0,0,0,0,0,0,0,0,0,0,0,0,0,0,0,0,0,0,0,0,0,0,0,0,0,0,0,0,0,0,0,0,0,0,0,0,0,0,0,0,0,0,0,0,0,0,0,0,0,0,0,0,0,0,0,0,0,0,0,0,0,0,0,0,0,0,0,0,0,0,0,0,0,0,0,0,0,0,0,0,0,0,0,0,0,0,0,0,0,0,0,0,0,0,0,0,0,0,0,0,0,0,0,0,0,0,0,0,0,0,0,0,0,0,0,0,0,0,0,0,0,0,0,0,0,0,0,0,0,0,0,0,0,0,0,0,0,0,0,0,0,0,0,0,0,0,0,0,0,0,0,0,0,0,0,0,0,0,0,0,0,0,0,0,0,0,0,0,0,0,0,0,0,0,0,0,0,0,0,0,0,0,0,0,0,0,0,0,0,0,0,0,0,0,0,0,0,0,0,0,0,0,0,0,0,0,0,0,0,0,0,0,0,0,0,0,0,0,0,0,0,0,0,0,0,0,0,0,0,0,0,0,0,0,0,0,0,0,0,0,0,0,0,0,0,0,0,0,0,0,0,0,0,0,0,0,0,0,0,0,0,0,0,0,0,0,0,0,0,0,0,0,0,0,0,0,0,0,0,0,0,0,0,0,0,0,0,0,0,0,0,0,0,0,0,0,0,0,0,0,0,0,0,0,0,0,0,0,0,0,0,0,0,0,0,0,0,0,0,0,0,0,0,0,0,0,0,0,0,0,0,0,0,0,0,0,0,0,0,0,0,0,0,0,0,0,0,0,0,0,0,0,0,0,0,0,0,0,0,0,0,0,0,0,0,0,0,0,0,0,0,0,0,0,0,0,0,0,0,0,0,0,0,0,0,0,0,0,0,0,0,0,0,0,0,0,0,0,0,0,0,0,0,0,0,0,0,0,0,0,0,0,0,0,0,0,0,0,0,0,0,0,0,0,0,0,0,0,0,0,0,0,0,0,0,0,0,0,0,0,0,0,0,0,0,0,0,0,0,0,0,0,0,0,0,0,0,0,0,0,0,0,0,0,0,0,0,0,0,0,0,0,0,0,0,0,0,0,0,0,0,0,0,0,0,0,0,0,0,0,0,0,0,0,0,0,0,0,0,0,0,0,0,0,0,0,0,0,0,0,0,0,0,0,0,0,0,0,0,0,0,0,0,0,0,0,0,0,0,0,0,0,0,0,0,0,0,0,0,0,0,0,0,0,0,0,0,0,0,0,0,0,0,0,0,0,0,0,0,0,0,0,0,0,0,0,0,0,0,0,0,0,0,0,0,0,0,0,0,0,0,0,0,0,0,0,0,0,0,0,0,0,0,0,0,0,0,0,0,0,0,0,0,0,0,0,0,0,0,0,0,0,0,0,0,0,0,0,0,0,0,0,0,0,0,0,0,0,0,0,0,0,0,0,0,0,0,0,0,0,0,0,0,0,0,0,0,0,0,0,0,0,0,0,0,0,0,0,0,0,0,0,0,0,0,0,0,0,0,0,0,0,0,0,0,0,0,0,0,0,0,0,0,0,0,0,0,0,0,0,0,0,0,0,0,0,0,0,0,0,0,0,0,0,0,0,0,0,0,0,0,0,0,0,0,0,0,0,0,0,0,0,0,0,0,0,0,0,0,0,0,0,0,0,0,0,0,0,0,0,0,0,0,0,0,0,0,0,0,0,0,0,0,0,0,0,0,0,0,0,0,0,0,0,0,0,0,0,0,0,0,0,0,0,0,0,0,0,0,0,0,0,0,0,0,0,0,0,0,0,0,0,0,0,0,0,0,0,0,0,0,0,0,0,0,0,0,0,0,0,0,0,0,0,0,0,0,0,0,0,0,0,0,0,0,0,0,0,0,0,0,0,0,0,0,0,0,0,0,0,0,0,0,0,0,0,0,0,0,0,0,0,0,0,0,0,0,0,0,0,0,0,0,0,0,0,0,0,0,0,0,0,0,0,0,0,0,0,0,0,0,0,0,0,0,0,0,0,0,0,0,0,0,0,0,0,0,0,0,0,0,0,0,0,0,0,0,0,0,0,0,0,0,0,0,0,0,0,0,0,0,0,0,0,0,0,0,0,0,0,0,0,0,0,0,0,0,0,0,0,0,0,0,0,0,0,0,0,0,0,0,0,0,0,0,0,0,0,0,0,0,0,0,0,0,0,0,0,0,0,0,0,0,0,0,0,0,0,0,0,0,0,0,0,0,0,0,0,0,0,0,0,0,0,0,0,0,0,0,0,0,0,0,0,0,0,0,0,0,0,0,0,0,0,0,0,0,0,0,0,0,0,0,0,0,0,0,0,0,0,0,0,0,0,0,0,0,0,0,0,0,0,0,0,0,0,0,0,0,0,0,0,0,0,0,0,0,0,0,0,0,0,0,0,0,0,0,0,0,0,0,0,0,0,0,0,0,0,0,0,0,0,0,0,0,0,0,0,0,0,0,0,0,0,0,0,0,0,0,0,0,0,0,0,0,0,0,0,0,0,0,0,0,0,0,0,0,0,0,0,0,0,0,0,0,0,0,0,0,0,0,0,0,0,0,0,0,0,0,0,0,0,0,0,0,0,0,0,0,0,0,0,0,0.16391623,-0.99029,0.15341654,0.6843463,-0.14171311,0.25082326,-1.0540471,-0.3171717,-0.5587909,0.09598454,0.24019706,0.89092445,-0.10325644,-0.10325644,0.87612367,0.6496847,0.40060186,-0.2956663,-0.41900596,0.43943805,0.40072837,0.30825526,0.59832484,0.13735077,0.6085715,0.6126196,-0.46290225,0.49636406,0.13773027,-0.73083395,-0.38269985,-0.35006225,0.4195772,-0.95284534,0.1627777,0.16619328,1.0722021,-0.5877599,0.6740997,-0.17852525,-0.78421783,-0.29376876,-0.535641,-0.2907327,0.15860313,0.22526981,0.19263223,-0.21875297,-0.57738674,0.71344185,-0.37763974,-0.24759547,0.71356833,-0.2717574,-0.5863684,-0.73247844,0.29471952,-0.5498093,0.8451307,0.26701555,-0.021030005,-0.30237094,0.3395013,0.40427044,0.047534194,0.12444754,0.3975658,0.18693964,0.4360225,-0.117298186,0.7144539,0.30256265,0.43311295,-0.24506542,1.2298238,0.17859049,0.3454469,-0.40256068,-0.1518333,0.57201236,-0.334882,0.34582642,-0.60648227,-0.17561571,-0.07378143,1.01224,-0.6573361,0.3909877,-0.6039522,-0.43911982,-0.58839244,-0.06277574,0.3381098,0.37201238,-0.14019509,-0.05404708,0.25626284,0.2756177,0.5019301,0.30306867,-0.4273551,-0.12046074,0.085231856,-0.35512236,0.43880555,0.31483337,0.7203995,-0.88149804,0.24626917,-0.18497688,0.11685741,0.3736569,-0.5012324,-0.52716535,-0.08668465,-0.11742469,0.60060185,0.13279669,0.44892573,0.25563034,0.5055987,-0.9299484,-0.23545125,-0.39535007,0.19301175,-0.045065425,-0.28757018,-0.24974601,-0.05265556,0.07878024,-0.38371184,-0.33602053,-0.05569161,-0.24114385,0.3105323,0.036148995,0.52115846,0.060563922,0.15076,0.7401338,0.24272712,0.4830813,0.27738872,-0.56461,0.63349247,0.492822,-0.10528048,-0.67378145,-0.5911755,0.13760377,0.5274836,0.0647385,-0.5418396,0.6265348,-0.11704519,0.32520655,0.69180995,0.7106588,-0.020270992,-0.20926529,-0.22242153,0.23311295,0.39541528,-0.2383608,-0.042282376,-0.042282376,-0.24557143,0.34936848,0.59984285,-0.5592969,-0.54348415,0.18757215,0.06777455,0.38909018,-0.18940446,-0.560815,0.20136088,-0.21318686,-0.068594836,-0.32868338,-0.33096042,-0.17371818,-0.042155873,0.071569614,-0.3009794,-0.20496422,0.4319744,-0.36182696,0.037793525,0.7071167,0.27549118,-0.84924,0.027673347,-0.024698569,-0.49300978,0.68042475,0.46613002,-0.29958788,-0.3121116,0.55986816,-0.43886682,-0.09566631,-0.120334245,0.39845133,0.14177835,0.43779352,0.48586437,0.2590459,0.18440959,-0.029632155,-0.95322484,0.15746462,0.43475747,-0.32020774,0.48320782,-0.20281368,0.14000732,-0.44025835,-0.41925898,-0.21242785,-0.35423684,0.35189852,-0.40673524,-0.29693133,0.019197699,-0.29263026,0.014011108,0.08042477,0.16012117,0.45740137,-0.71831024,-0.09402178,-0.3806758,-0.06277574,0.43248042,0.7861806,0.0004753716,-0.06442026,-0.13741204,0.7493685,0.068660066,0.22893837,0.21477012,0.33089915,-0.6610047,0.18592761,0.35493457,0.68346083,-0.7782723,0.060057916,-0.43608376,0.18782514,-0.13412298,-0.16524252,-0.24253538,-0.18598889,-0.32526782,-0.035957266,-0.22140951,-0.4201445,-0.062269725,-0.21343987,0.14139883,0.36442223,-0.17776625,-0.14323114,-0.3114791,-0.6596132,0.010469046,-0.5813083,0.4538593,0.3952888,-0.026849106,0.01299909,-0.4102773,-0.095413305,-0.29870236,0.16480175,-0.013692876,-0.41571692,-0.06669731,-0.59471756,0.25234127,0.17163287,-0.4093918,-0.3742242,0.40072837,-0.05961318,-0.4488605,-0.027734622,-0.057715647,-0.26429376,-0.1524658,0.5157189,-0.47491995,-0.4602457,-0.20129566,-0.32729188,-0.7816878,-0.41318688,0.2532268,-0.53627354,-0.044306412,-0.1978801,0.25613636,0.06752154,-0.111352585,-0.34348413,-0.6131869,0.36543426,-0.069606856,0.5453204,0.38327107,0.22033621,-0.18004328,-0.3188162,-0.012048348,0.38440958,0.19402376,0.24032357,-0.51565367,0.11483337,-0.49022672,0.24449815,-0.57080865,-0.22178902,-0.12476182,0.043992132,-0.12071375,0.14468789,-0.80129564,0.020209717,0.12419454,-0.7565139,-0.83583075,-0.057589144,-0.39433804,-0.4091388,0.35493457,-0.33589402,0.07675621,-0.1350085,-0.11388263,0.4315949,-0.11856321,0.13014014,-0.29123873,-0.5014854,0.0022464027,0.08181629,0.5882047,0.0479137,0.10610472,0.5646753,0.01856519,0.3446879,0.7406398,0.3324172,-0.1580319,-0.31590667,0.1846626,0.25461832,-0.23051767,0.022107251,0.046901684,0.49180996,-0.3460142,-0.5405746,0.48649687,-0.47454044,-0.014831396,-0.19965114,0.20604147,0.028558863,-0.5682786,0.4304564,0.0763767,0.5938973,0.10597822,-0.085546136,0.34785044,-0.40028363,0.47675622,0.21654116,0.10850826,-0.070618875,0.62716734,-0.3986391,-0.04582444,0.1570851,-0.07454044,0.15316354,-0.09617232,0.6509498,0.5808675,-0.1806758,0.37504843,-0.29667833,0.05866639,0.0019933982,-0.4321622,0.091177456,0.26562402,-0.040005337,-0.20572324,1.0372875,-0.27125138,-0.09275676,-0.41394588,0.25588334,0.34911546,-0.40559673,-0.12741837,0.08662338,-0.022801036,0.35936216,0.19478278,-0.030517671,-0.71831024,-0.1580319,-0.8104038,0.0534798,0.51432735,-0.24063785,0.076882705,-0.055312105,-0.43355373,0.068660066,-0.34044808,-0.14576119,-0.34538168,0.32976064,0.5680908,0.25196177,-0.14158662,-0.018752964,-0.65139055,-0.27972704,0.61034256,0.047660697,0.60553545,0.5030687,0.079918765,0.27928627,-0.16296549,0.21224007,-0.16068844,0.20199339,-0.1179307,0.24955823,0.19377075,0.18390357,-0.1409541,0.21236658,0.0045234426,0.3672053,-0.023939556,0.0307094,0.18782514,0.38365057,-0.5753627,-0.0897207,-0.32741836,-0.6133134,0.041209083,0.0706841,0.17859049,0.2418416,-0.478462,-0.13855056,-0.40483773,0.52457404,-0.18548289,-0.01672893,-0.3520863,-0.20433171,-0.01672893,-0.3576524,-0.061131205,0.08674988,-0.008253281,0.0652445,-0.18877193,0.6889004,-0.07669098,0.085231856,-0.19509704,-0.7165392,-0.11691868,-0.112997115,-0.018246956,0.45183527,0.38896367,-0.49085924,-0.06125771,0.5561996,-1.0114158,0.2995266,0.0479137,-0.025457582,-0.1861154,-0.07744999,0.28320783,0.39921036,0.002499407,-0.009265299,-0.071251385,0.10167714,0.35202503,0.21856518,0.25600985,-0.09882887,-0.17409769,-0.23671629,-0.63848734,-0.4155904,0.010469046,-0.46189022,-0.03557776,-0.25695664,0.030835902,0.63399845,0.7946563,-0.07998004,0.34076634,0.075617686,0.19781883,0.6285589,-0.15676688,0.11154432,0.49535203,-0.30439496,0.50294214,0.23665501,0.23956455,0.020842228,0.34734443,0.36581376,0.2642325,0.47878024,-0.005849739,0.15139252,-0.37675422,-0.14626719,-0.5866214,-0.039499328,-0.011668841,-0.6421559,0.16872332,-0.33855057,0.60060185,0.18124704,-0.06366125,-0.4098978,-0.04886049,0.18327107,0.749748,-0.33298448,-0.21204835,0.6148966,-0.32147276,0.11027929,-0.0952868,-0.61951196,-0.94297814,-0.04683646,-0.06948035,0.26069042,0.51344186,0.17251839,-0.29579282,0.2078125,-0.6911122,0.22046272,0.5436759,-0.13450249,-0.19965114,-0.118310206,-0.46264923,0.011101558,-0.4321622,0.58693963,-0.45252904,-0.3916815,-0.09946138,-0.05379408,0.46132293,-0.23368023,-0.0379813,-0.06416726,0.6003489,-0.43405974,0.20427044,0.26119643,-0.18320584,0.16391623,-0.036336772,-0.0029401882,0.4118606,0.12330902,0.6413356,0.31483337,0.44652218,0.69130397,0.02324577,0.012619584,-0.2147049,-0.08984721,-0.07960053,-0.047848474,-0.081498064,-0.0067352545,-0.33475548,-0.37447718,-0.5179307,0.264865,-0.15727289,-0.19117548,0.026914334,-0.05632412,0.5984513,-0.61242783,-0.41925898,0.11445387,0.20768599,0.059045896,0.4085715,0.15126601,0.26916608,-0.056956634,-0.03279471,-0.12425581,-0.39383203,0.17808448,0.09029194,-0.05961318,-0.45784214,-0.41723493,0.10699023,-0.21053033,0.21767968,0.6867499,-0.15107428,0.18719263,-0.13703254,-0.26442027,0.008571513,-0.62520456,0.36745828,-0.10123241,-0.1518333,-0.8899737,0.36037418,-0.38295284,-0.11413563,0.05638935,-0.09300976,-0.008885792,0.2480402,-0.21040381,0.38706613,0.45575684,-0.16827857,-0.15069477,-0.022927538,-0.05898067,0.11824893,-0.40116915,-0.05050502,-0.121978775,-0.23658977,0.207939,0.12520656,-0.17839876,-0.19547656,-0.11337662,-0.15626088,0.15126601,-0.14702621,0.44424513,-0.43621027,0.42198074,-0.11059357,0.029317876,-0.008253281,0.09041844,-0.35297182,-0.09958788,0.06790105,-0.21407238,0.23425147,-0.38813943,0.0705576,-0.3568934,-0.3622065,0.35430205,-0.23633677,-0.65379405,0.037161015,-0.59016347,-0.21989149,0.26309398,0.2991471,0.62805283,-0.43418622,-0.027228612,0.12027297,-0.19977763,-0.11641268,-0.19636208,-0.45834816,0.26979858,0.23387195,-0.08402811,-0.648228,-0.13842405,-0.078841515,0.6132521,0.16303071,-0.20104265,0.12533306,-0.29161823,0.036402002,0.351772,-0.2836486,-0.7627125,0.27903324,0.4599314,0.13406171,-0.13146643,-0.20230767,0.023119267,-0.085166626,-0.08491363,0.17213887,-0.12299079,0.5290016,0.22185424,-0.47896802,-0.1754892,0.10458669,0.11812243,0.0086980155,0.005029451,-0.29376876,-0.18700092,0.44968474,0.24298012,0.33482072,-0.15701988,-0.37333867,-0.38851893,0.09041844,-0.58219385,-0.35866442,-0.2559446,0.15961516,-0.27605847,0.19908385,-0.27314892,-0.29010022,-0.10199142,0.20528245,0.49256897,-0.12805088,-0.10224443,0.579223,-0.20509073,-0.02368655,0.33507374,-0.09047972,0.1731509,-0.43089718,-0.52488834,0.5607537,-0.03747529,-0.08896169,-0.16625455,-0.2546796,-0.30844304,0.11432736,-0.043673903,0.0420946,0.15392256,-0.5176777,0.31445387,-0.41318688,0.17568094,-0.14803822,0.42577583,-0.08605214,0.05411231,0.06638303,-0.1919345,0.117995925,0.40983653,0.27017808,0.13393521,0.08548486,0.26182896,0.23931155,-0.6949073,-0.1181837,0.5747954,-0.39497054,0.07840074,-0.25619763,-0.30958155,-0.06935385,-0.44013184,0.36745828,0.43285993,-0.13222545,-0.14158662,0.23361894,-0.106039494,-0.67998004,0.25600985,-0.012301352,-0.32425582,0.492822,-0.25619763,0.57580745,0.21148106,0.6060415,0.21514963,-0.15980293,-0.021156507,0.6847258,-0.21204835,-0.850505,-0.16106796,-0.10464797,0.4596784,0.008571513,0.030456396,-0.14361066,-0.067962326,0.39579478,-0.12767138,-0.33171943,0.63437796,-0.75562835,0.5634102,-0.45151705,0.06941908,-0.08099205,-0.101738416,-0.56777257,-0.26973337,-0.22558409,0.2719491,0.26106992,0.17909649,-0.15954992,-0.17586872,0.21767968,-0.3231173,0.44487765,-0.3243823,0.7914937,-0.026090093,0.17833748,0.058413386,-0.09225075,-0.34247214,-0.2956663,-0.33311096,-0.077576496,0.04500415,-0.4904797,0.010469046,-0.18712741,-0.3520863,0.41502312,-0.094780795,0.30673724,-0.078209005,-0.016475925,-0.1181837,0.07308764,-0.30439496,-0.072263405,-0.027734622,0.35164553,0.37555444,0.0038909314,0.1907347,0.15151902,-0.2608782,0.064991504,0.039438054,0.27941275,-0.21381938,-0.5073045,-0.31476814,-0.047215965,-0.02710211,-0.11084658,0.041715093,0.42109522,-0.18573588,-0.45581812,-0.5390566,0.17428942,-0.3747302,0.094213516,0.17770498,-0.13715903,0.029191375,-0.11552716,-0.84633046,-0.19712108,-0.15537536,-0.9062925,-0.34310463,0.07840074,-0.0061027436,0.35974166,0.8722021,0.09155697,-0.1522128,0.20983654,-0.1122381,-0.11615967,-0.050631523,0.07334065,-0.044938922,0.5683438,0.25474483,0.31824893,0.18896367,0.2825753,-0.31034055,0.088141404,0.011481064,-0.10452147,-0.3021179,0.52343553,-0.11350312,0.38757214,0.1338087,-0.15929693,0.078274235,-0.306419,0.31913444,-0.5155271,0.27270815,0.31761643,-0.15132728,0.16884981,-0.7777662,0.015149629,0.014896624,0.20680048,0.63893205,-0.2262166,-0.15360433,0.26878658,0.022613259,-0.11021406,-0.26707682,-0.40066314,0.017426668,-0.08035954,0.2759972,0.05967841,0.15139252,0.35872963,0.02273976,-0.31122607,-0.26872134,-0.34727922,0.104080684,-0.4424089,-0.32564732,0.047534194,-0.22343355,0.040197067,-0.1579054,0.4255228,0.030203393,0.053859305,0.6761237,-0.16157396,-0.022548031,0.0081920065,0.24019706,0.24841972,0.20616797,-0.054806095,0.44690168,0.6202097,-0.5629655,0.5691028,0.06284096,-0.33285797,0.1341882,0.22451079,0.2772622,0.5973128,-0.3178042,-0.13209894,-0.15423684,0.5164779,0.17175937,0.008824518,-0.16461001,-0.0034461971,-0.21242785,-0.46290225,0.26258796,-0.24443291,0.053226795,-0.4894677,-0.2840281,-0.035957266,0.09522553,-0.23949933,-0.103762455,0.31850195,-0.10022039,-0.51350313,-0.2668238,-0.19370553,0.41287258,-1.2422824,0.34405538,-1.1690376,-1.5842179,0.7449409,-0.67884153,-0.09920837,-0.7953501,-1.3562609,-0.5261533,-1.4798535,0.22489029,0.6810573,1.2217277,0.85487133,-0.19028997,-0.7143886,0.015402633,-0.84101737,0.6008549,-0.22406606,0.7634102,-0.33298448,0.078527234,0.3898492,0.15000099,0.42084223,0.24146208,0.10420719,0.92444754,-0.72627985,0.06815406,1.1902287,-0.28035954,0.12292951,-0.04405341,0.81224006,0.5307726,0.95329005,0.45778087,0.6911775,0.53216416,-0.34335765,-0.57650125,-0.8438004,0.39958987,0.2525943,0.11027929,0.05980491,0.76897633,-0.36182696,0.088141404,0.78377706,0.048040204,0.351013,-1.0783355,0.5144539,-0.5551224,-0.017234938,-0.41457838,-0.13412298,-0.13766505,-0.82862014,0.20060188,-0.79547656,0.1964273,-0.5828263,-0.055818114,-0.17991678,0.5668258,-0.25822166,-0.78421783,0.6439921,-0.5595499,-0.34424317,-0.8018017,-0.31413564,0.2537328,0.6183122,-0.06770932,1.1842831,-0.20230767,0.8123666,-0.28592563,0.7501275,-0.13728555,-0.7472792,-0.26391426,-0.6040787,0.3899757,0.12318252,0.2191977,-0.22975865,-0.15006226,-0.9571464,0.6242578,-0.16119446,0.48573786,0.22223376,0.48004526,-0.32008123,-0.14512868,-0.0550591,-0.16081496,-0.5580319,-0.8603722,0.10294216,-0.70578647,-0.5682786,0.2582869,0.5707474,-0.48529312,-0.019764982,0.11255633,0.32444754,-0.44645694,0.124700546,-0.093768775,-0.5862419,-0.70009387,-0.45885417,-0.038740315,-0.41078332,0.30306867,0.24045007,-0.059992686,
0,1,0,0,0,0,0,0,0,0,0,0,0,0,0,0,0,0,0,1,0,0,0,0,0,0,0,0,0,0,0,0,0,0,0,0,0,0,0,0,0,0,0,0,0,0,0,0,0,0,0,0,0,0,0,0,0,0,0,0,0,0,0,0,0,0,0,0,0,0,0,0,0,0,0,0,0,0,0,0,0,0,0,0,0,0,0,0,0,0,0,0,0,0,0,0,0,0,0,0,0,0,0,0,0,0,0,0,0,0,0,0,0,0,0,0,0,0,0,0,0,0,0,0,0,0,0,0,0,0,0,0,0,0,0,0,0,0,0,0,0,0,0,0,0,0,0,0,0,0,0,0,0,0,0,0,0,0,0,0,0,0,0,0,0,0,0,0,0,0,0,0,0,0,0,0,0,0,0,0,0,0,0,0,0,0,0,0,0,0,0,0,0,0,0,0,0,0,0,0,0,0,0,0,0,0,0,0,0,0,0,0,0,0,0,0,0,0,0,0,0,0,0,0,0,0,0,0,0,0,0,0,0,0,0,0,0,0,0,0,0,0,0,0,0,0,0,0,0,0,0,0,0,0,0,0,0,0,0,0,0,0,0,0,0,0,0,0,0,0,0,0,0,0,0,0,0,0,0,0,0,0,0,0,0,0,0,0,0,0,0,0,0,0,0,0,0,0,0,0,0,0,0,0,0,0,0,0,0,0,0,0,0,0,0,0,0,0,0,0,0,0,0,0,0,0,0,0,0,0,0,0,0,0,0,0,0,0,0,0,0,0,0,0,0,0,0,0,0,0,0,0,0,0,0,0,0,0,0,0,0,0,0,0,0,0,0,0,0,0,0,0,0,0,0,0,0,0,0,0,0,0,0,0,0,0,0,0,0,0,0,0,0,0,0,0,0,0,0,0,0,0,0,0,0,0,0,0,0,0,0,0,0,0,0,0,0,0,0,0,0,0,0,0,0,0,0,0,0,0,0,0,0,0,0,0,0,0,0,0,0,0,0,0,0,0,0,0,0,0,0,0,0,0,0,0,0,0,0,0,0,0,0,0,0,0,0,0,0,0,0,0,0,0,0,0,0,0,0,0,0,0,0,0,0,0,0,0,0,0,0,0,0,0,0,0,0,0,0,0,0,0,0,0,0,0,0,0,0,0,0,0,0,0,0,0,0,0,0,0,0,0,0,0,0,0,0,0,0,0,0,0,0,0,0,1,0,0,0,0,0,0,0,0,0,0,0,0,0,0,0,0,0,0,0,0,0,0,0,0,0,0,0,0,0,0,0,0,0,0,0,0,0,0,0,0,0,0,0,0,0,0,0,0,0,0,0,0,0,0,0,0,0,0,0,0,0,0,0,0,0,0,0,0,0,0,0,0,0,0,0,0,0,0,0,0,0,0,0,0,0,0,0,0,0,0,0,0,0,0,0,0,0,0,0,0,0,0,0,0,0,0,0,0,0,0,0,0,0,0,0,0,0,0,0,0,0,0,0,0,0,0,0,0,0,0,0,0,0,0,0,0,0,0,0,0,0,0,0,0,0,0,0,0,0,0,0,0,0,0,0,0,0,0,0,0,0,0,0,0,0,0,0,0,0,0,0,0,0,0,0,0,0,0,0,0,0,0,0,0,0,0,0,0,0,0,0,0,0,0,0,0,0,0,0,0,0,0,0,0,0,0,0,0,0,0,0,0,0,0,0,0,0,0,0,0,0,0,0,0,0,0,0,0,0,0,0,0,0,0,0,0,0,0,0,0,0,0,0,0,0,0,0,0,0,0,0,0,0,0,0,0,0,0,0,0,0,0,0,0,0,0,0,0,0,0,0,0,0,0,0,0,0,0,0,0,0,0,0,0,0,0,0,0,0,0,0,0,0,0,0,0,0,0,0,0,0,0,0,0,0,0,0,0,0,0,0,0,0,0,0,0,0,0,0,0,0,0,0,0,0,0,0,0,0,0,0,0,0,0,0,0,0,0,0,0,0,0,0,0,0,0,0,0,0,0,0,0,0,0,0,0,0,0,0,0,0,0,0,0,0,0,0,0,0,0,0,0,0,0,0,0,0,0,0,0,0,0,0,0,0,0,0,0,0,0,0,0,0,0,0,0,0,0,0,0,0,0,0,0,0,0,0,0,0,0,0,0,0,0,0,0,0,0,0,0,0,0,0,0,0,0,0,0,0,0,0,0,0,0,0,0,0,0,0,0,0,0,0,0,0,0,0,0,0,0,0,0,0,0,0,0,0,0,0,0,0,0,0,0,0,0,0,0,0,0,0,0,0,0,0,0,0,0,0,0,0,0,0,0,0,0,0,0,0,0,0,0,0,0,0,0,0,0,0,0,0,0,0,0,0,0,0,0,0,0,0,0,0,0,0,0,0,0,0,0,0,0,0,0,0,0,0,0,0,0,0,0,0,0,0,0,0,0,0,0,0,0,0,0,0,0,0,0,0,0,0,0,0,0,0,0,0,0,0,0,0,0,0,0,0,0,0,0,0,0,0,0,0,0,0,0,0,0,0,0,0,0,0,0,0,0,0,0,0,0,0,0,0,0,0,0,0,0,0,0,0,0,0,0,0,0,0,0,0,0,0,0,0,0,0,0,0,0,0,0,0,0,0,0,0,0,0,0,0,0,0,0,0,0,0,0,0,0,0,0,0,0,0,0,0,0,0,0,0,0,0,0,0,0,0,0,0,0,0,0,0,0,0,0,0,0,0,0,0,0,0,0,0,0,0,0,0,0,0,0,0,0,0,0,0,0,0,0,0,0,0,0,0,0,0,0,0,0,0,0,0,0,0,0,0,0,0,0,0,0,0,0,0,0,0,0,0,0,0,0,0,0,0,0,0,0,0,0,0,0,0,0,0,0,0,0,0,0,0,0,0,0,0,0,0,0,0,0,0,0,0,0,0,0,0,0,0,0,0,0,0,0,0,0,0,0,0,0,0,0,0,0,0,0,0,0,0,0,0,0,0,0,0,0,0,0,0,0,0,0,0,0,0,0,0,0,0,0,0,0,0,0,0,0,0,0,0,0,0,0,0,0,0,0,0,0,0,0,0,0,0,0,0,0,0,0,0,0,0,0,0,0,0,0,0,0,0,0,0,0,0,0,0,0,0,0,0,0,0,0,0,0,0,0,0,0,0,0,0,0,0,0,0,0,0,0,0,0,0,0,0,0,0,0,0,0,0,0,0,0,0,0,0,0,0,0,0,0,0,0,0,0,0,0,0,0,0,0,0,0,0,0,0,0,0,0,0,0,0,0,0,0,0,0,0,0,0,0,0,0,0,0,0,0,0,0,0,0,0,0,0,0,0,0,0,0,0,0,0,0,0,0,0,0,0,0,0,0,0,0,0,0,0,0,0,0,0,0,0,0,0,0,0,0,0,0,0,0,0,0,0,0,0,0,0,0,0,0,0,0,0,0,0,0,0,0,0,0,0,0,0,0,0,0,0,0,0,0,0,0,0,0,0,0,0,0,0,0,0,0,0,0,0,0,0,0,0,0,0,0,0,0,0,0,0,0,0,0,0,0,0,0,0,0,0,0,0,0,0,0,0,0,0,0,0,0,0,0,0,0,0,0,0,0,0,0,0,0,0,0,0,0,0,0,0,0,0,0,0,0,0,0,0,0,0,0,0,0,0,0,0,0,0,0,0,0,0,0,0,0,0,0,0,0,0,0,0,0,0,0,0,0,0,0,0,0,0,0,0,0,0,0,0,0,0,0,0,0,0,0,0,0,0,0,0,0,0,0,0,0,0,0,0,0,0,0,0,0,0,0,0,0,0,0,0,0,0,0,0,0,0,0,0,0,0,0,0,0,0,0,0,0,0,0,0,0,0,0,0,0,0,0,0,0,0,0,0,0,0,0,0,0,0,0,0,0,0,0,0,0,0,0,0,0,0,0,0,0,0,0,0,0,0,0,0,0,0,0,0,0,0,0,0,0,0,0,0,0,0,0,0,0,0,0,0,0,0,0,0,0,0,0,0,0,0,0,0,0,0,0,0,0,0,0,0,0,0,0,0,0,0,0,0,0,0,0,0,0,0,0,0,0,0,0,0,0,0,0,0,0,0,0,0,0,0,0,0,0,0,0,0,0,0,0,0,0,0,0,0,0,0,0,0,0,0,0,0,0,0,0,0,0,0,0,0,0,0,0,0,0,0,0,0,0,0,0,0,0,0,0,0,0,0,0,0,0,0,0,0,0,0,0,0,0,0,0,0,0,0,0,0,0,0,0,0,0,0,0,0,0,0,0,0,0,0,0,0,0,0,0,0,0,0,0,0,0,0,0,0,0,0,0,0,0,0,0,0,0,0,0,0,0,0,0,0,0,0,0,0,0,0,0,0,0,0,0,0,0,0,0,0,0,0,0,0,0,0,0,0,0,0,0,0,0,0,0,0,0,0,0,0,0,0,0,0,0,0,0,0,0,0,0,0,0,0,0,0,0,0,0,0,0,0,0,0,0,0,0,0,0,0,0,0,0,0,0,0,0,0,0,0,0,0,0,0,0,0,0,0,0,0,0,0,0,0,0,0,0,0,0,0,0,0,0,0,0,0,0,0,0,0,0,0,0,0,0,0,0,0,0,0,0,0,0,0,0,0,0,0,0,0,0,0,0,0,0,0,0,0,0,0,0,0,0,0,0,0,0,0,0,0,0,0,0,0,0,0,0,0,0,0,0,0,0,0,0,0,0,0,0,0,0,0,0,0,0,0,0,0,0,0,0,0,0,0,0,0,0,0,0,0,0,0,0,0,0,0,0,0,0,0,0,0,0,0,0,0,0,0,0,0,0,0,0,0,0,0,0,0,0,0,0,0,0,0,0,0,0,0,0,0,0,0,0,0,0,0,0,0,0,0,0,0,0,0,0,0,0,0,0,0,0,0,0,0,0,0,0,0,0,0,0,0,0,0,0,0,0,0,0,0,0,0,0,0,0,0,0,0,0,0,0,0,0,0,0,0,0,0,0,0,0,0,0,0,0,0,0,0,0,0,0,0,0,0,0,0,0,0,0,0,0,0,0,0,0,0,0,0,0,0,0,0,0,0,0,0,0,0,0,0,0,0,0,0,0,0,0,0,0,0,0,0,0,0,0,0,0,0,0,0,0,0,0,0,0,0,0,0,0,0,0,0,0,0,0,0,0,0,0,0,0,0,0,0,0,0,0,0,0,0,0,0,0,0,0,0,0,0,0,0,0,0,0,0,0,0,0,0,0,0,0,0,0,0,0,0,0,0,0,0,0,0,0,0,0,0,0,0,0,0,0,0,0,0,0,0,0,0,0,0,0,0,0,0,0,0,0,0,0,0,0,0,0,0,0,0,0,0,0,0,0,0,0,0,0,0,0,0,0,0,0,0,0,0,0,0,0,0,0,0,0,0,0,0,0,0,0,0,0,0,0,0,0,0,0,0,0,0,0,0,0,0,0,0,0,0,0,0,0,0,0,0,0,0,0,0,0,0,0,0,0,0,0,0,0,0,0,0,0,0,0,0,0,0,0,0,0,0,0,0,0,0,0,0,0,0,0,0,0,0,0,0,0,0,0,0,0,0,0,0,0,0,0,0,0,0,0,0,0,0,0,0,0,0,0,0,0,0,0,0,0,0,0,0,0,0,0,0,0,0,0,0,0,0,0,0,0,0,0,0,0,0,0,0,0,0,0,0,0,0,0,0,0,0,0,0,0,0,0,0,0,0,0,0,0,0,0,0,0,0,0,0,0,0,0,0,0,0,0,0,0,0,0,0,0,0,0,0,0,0,0,0,0,0,0,0,0,0,0,0,0,0,0,0,0,0,0,0,0,0,0,0,0,0,0,0,0,0,0,0,0,0,0,0,0,0,0,0,0,0,0,0,0,0,0,0,0,0,0,0,0,0,0,0,0,0,0,0,0,0,0,0,0,0,0,0,0,0,0,0,0,0,0,0,0,0,0,0,0,0,0,0,0,0,0,0,0,0,0,0,0,0,0,0,0,0,0,0,0,0,0,0,0,0,0,0,0,0,0,0,0,0,0,0,0,0,0,0,0,0,0,0,0,0,0,0,0,0,0,0,0,0,0,0,0,0,0,0,0,0,0,0,0,0,0,0,0,0,0,0,0,0,0,0,0,0,0,0,0,0,0,0,0,0,0,0,0,0,0,0,0,0,0,0,0,0,0,0,0,0,0,0,0,0,0,0,0,0,0,0,0,0,0,0,0,0,0,0,0,0,0,0,0,0,0,0,0,0,0,0,0,0,0,0,0,0,0,0,0,0,0,0,0,0,0,0,0,0,0,0,0,0,0,0,0,0,0,0,0,0,0,0,0,0,0,0,0,0,0,0,0,0,0,0,0,0,0,0,0,0,0,0,0,0,0,0,0,0,0,0,0,0,0,0,0,0,0,0,0,0,0,0,0,0,0,0,0,0,0,0,0,0,0,0,0,0,0,0,0,0,0,0,0,0,0,0,0,0,0,0,0,0,0,0,0,0,0,0,0,0,0,0,0,0,0,0,0,0,0,0,0,0,0,0,0,0,0,0,0,0,0,0,0,0,0,0,0,0,0,0,0,0,0,0,0,0,0,0,0,0,0,0,0,0,0,0,0,0,0,0,0,0,0,0,0,0,0,0,0,0,0,0,0,0,0,0,0,0,0,0,0,0,0,0,0,0,0,0,0,0,0,0,0,0,0,0,0,0,0,0,0,0,0,0,0,0,0,0,0,0,0,0,0,0,0,0,0,0,0,0,0,0,0,0,0,0,0,0,0,0,0,0,0,0,0,0,0,0,0,0,0,0,0,0,0,0,0,0,0,0,0,0,0,0,0,0,0,0,0,0,0,0,0,0,0,0,0,0,0,0,0,0,0,0,0,0,0,0,0,0,0,0,0,0,0,0,0,0,0,0,0,0,0,0,0,0,0,0,0,0,0,0,0,0,0,0,0,0,0,0,0,0,0,0,0,0,0,0,0,0,0,0,0,0,0,0,0,0,0,0,0,0,0,0,0,0,0,0,0,0,0,0,0,0,0,0,0,0,0,0,0,0,0,0,0,0,0,0,0,0,0,0,0,0,0,0,0,0,0,0,0,0,0,0,0,0,0,0,0,0,0,0,0,0,0,0,0,0,0,0,0,0,0,0,0,0,0,0,0,0,0,0,0,0,0,0,0,0,0,0,0,0,0,0,0,0,0,0,0,0,0,0,0,0,0,0,0,0,0,0,0,0,0,0,0,0,0,0,0,0,0,0,0,0,0,0,0,0,0,0,0,0,0,0,0,0,0,0,0,0,0,0,0,0,0,0,0,0,0,0,0,0,0,0,0,0,0,0,0,0,0,0,0,0,0,0,0,0,0,0,0,0,0,0,0,0,0,0,0,0,0,0,0,0,0,0,0,0,0,0,0,0,0,0,0,0,0,0,0,0,0,0,0,0,0,0,0,0,0,0,0,0,0,0,0,0,0,0,0,0,0,0,0,0,0,0,0,0,0,0,0,0,0,0,0,0,0,0,0,0,0,0,0,0,0,0,0,0,0,0,0,0,0,0,0,0,0,0,0,0,0,0,0,0,0,0,0,0,0,0,0,0,0,0,0,0,0,0,0,0,0,0,0,0,0,0,0,0,0,0,0,0,0,0,0,0,0,0,0,0,0,0,0,0,0,0,0,0,0,0,0,0,0,0,0,0,0,0,0,0,0,0,0,0,0,0,0,0,0,0,0,0,0,0,0,0,0,0,0,0,0,0,0,0,0,0,0,0,0,0,0,0,0,0,0,0,0,0,0,0,0,0,0,0,0,0,0,0,0,0,0,0,0,0,0,0,0,0,0,0,0,0,0,0,0,0,0,0,0,0,0,0,0,0,0,0,0,0,0,0,0,0,0,0,0,0,0,0,0,0,0,0,0,0,0,0,0,0,0,0,0,0,0,0,0,0,0,0,0,0,0,0,0,0,0,0,0,0,0,0,0,0,0,0,0,0,0,0,0,0,0,0,0,0,0,0,0,0,0,0,0,0,0,0,0,0,0,0,0,0,0,0,0,0,0,0,0,0,0,0,0,0,0,0,0,0,0,0,0,0,0,0,0,0,0,0,0,0,0,0,0,0,0,0,0,0,0,0,0,0,0,0,0,0,0,0,0,0,0,0,0,0,0,0,0,0,0,0,0,0,0,0,0,0,0,0,0,0,0,0,0,0,0,0,0,0,0,0,0,0,0,0,0,0,0,0,0,0,0,0,0,0,0,0,0,0,0,0,0,0,0,0,0,0,0,0,0,0,0,0,0,0,0,0,0,0,0,0,0,0,0,0,0,0,0,0,0,0,0,0,0,0,0,0,0,0,0,0,0,0,0,0,0,0,0,0,0,0,0,0,0,0,0,0,0,0,0,0,0,0,0,0,0,0,0,0,0,0,0,0,0,0,0,0,0,0,0,0,0,0,0,0,0,0,0,0,0,0,0,0,0,0,0,0,0,0,0,0,0,0,0,0,0,0,0,0,0,0,0,0,0,0,0,0,0,0,0,0,0,0,0,0,0,0,0,0,0,0,0,0,0,0,0,0,0,0,0,0,0,0,0,0,0,0,0,0,0,0,0,0,0,0,0,0,0,0,0,0,0,0,0,0,0,0,0,0,0,0,0,0,0,0,0,0,0,0,0,0,0,0,0,0,0,0,0,0,0,0,0,0,0,0,0,0,0,0,0,0,0,0,0,0,0,0,0,0.55683213,-0.9871679,-0.7983574,1.708466,0.18109354,0.9679171,0.51118505,0.46328962,-0.6480829,-0.78910255,0.14349878,0.33806086,-1.6843705,-1.233181,0.8717079,1.8835772,0.81518507,0.06386479,0.47714582,-0.97043586,0.43249223,1.4134595,-0.7666712,1.1693811,0.27406088,-0.4397169,0.2381393,-0.26816136,0.8585315,-1.5441875,1.207185,-0.39924634,0.5316818,0.12383864,1.6548713,-0.92133784,0.4654857,0.7127014,-1.8715601,0.1758125,0.50109357,0.7703223,-0.64112866,1.5189759,1.3896164,0.97759026,1.9243615,0.9377471,-1.0835862,-0.5775993,-0.8859914,-1.6270633,-0.15312868,-1.465547,-0.23103717,0.47442687,0.5967798,-1.3012594,0.41424388,0.18135498,1.8204138,-0.26392606,-0.31637052,-1.0591679,-0.06779534,-0.8318738,-1.2819653,0.25215238,0.033224266,-0.5200306,0.95719814,-0.22204371,0.20728962,-1.0443182,-0.31459272,1.201538,0.12760335,-0.41216135,0.8519432,1.1753942,0.94789094,-1.0837953,0.91113275,-0.15699796,0.5820347,-0.449913,1.1457994,0.6393419,-0.26246202,0.32561642,0.3704269,-0.03281495,0.6777733,-0.46345547,1.0067145,0.65460986,-1.0081352,1.2800217,-0.5446058,-0.4889718,1.6156557,1.8429497,0.39965564,0.7643615,-0.5922398,0.35296282,-0.7122921,0.1682308,-0.39563847,-0.5985666,-1.3631155,-0.16578227,-0.7732071,-1.2765274,-1.0828542,0.062766746,0.6947145,-0.23616135,0.39416543,0.6343746,1.0402831,0.81393015,0.7843354,0.23343341,-1.8307757,-0.0070894607,-1.8723967,0.22668831,0.117825575,-0.35020056,-1.3522398,0.9934857,0.33701512,-0.7252594,0.07594322,-1.7030895,0.13487132,0.62433535,0.7606491,0.6078648,0.35881904,-0.035743054,-0.22439665,-1.0145665,0.11113276,-1.0706712,-0.95532477,-0.47030514,-0.89132476,0.8239171,-0.12703717,-0.53817445,-1.9389588,-1.0893902,-0.05665809,-0.9666189,0.29173407,0.0402308,-0.30737704,-1.166096,0.3614857,-0.11814828,-0.60306334,-0.69425285,0.73800856,-0.42633128,-0.34146854,-0.52787375,0.16457067,0.06260989,0.45424387,-0.43286723,-0.38664502,0.8087014,-0.75365156,0.9041785,-0.93022674,-0.34220058,-0.47867116,-1.2874032,0.41602165,0.8323877,0.22177328,-0.41174304,0.2966491,-0.42408293,-0.909364,-0.77890646,0.4738517,-0.6376254,-0.26361233,-0.45393914,0.2945576,-0.56891954,-0.9338868,-0.4633509,0.48394322,-0.48698488,-0.19668423,0.34951183,-0.17556004,-0.18298489,-0.7800045,-0.41801757,-0.8160306,-0.16708946,1.4020085,1.1814072,0.93942034,-0.76959926,-0.7192463,-0.7749326,0.5458517,-0.20510253,-1.4171287,-0.51020056,0.09942035,1.1901393,-0.09106332,-0.10455351,-0.7127104,-0.04473652,0.46449223,-1.3781744,-0.55616134,-0.12771691,-0.95919406,-0.43992606,-0.20970383,-1.4234555,1.406087,0.29612622,-0.3644228,-0.45498487,0.37534192,0.5794726,0.82355106,-0.69163847,-0.75553393,-0.4169718,-0.4599522,-0.67459273,-0.43778226,0.36953798,-0.5652594,0.5329367,-0.8237692,0.2836295,0.0642308,-0.23464501,0.061511848,-1.0494424,0.27782556,-0.5622267,-0.8780437,0.3181916,-0.35741627,0.10700204,-1.6949326,-0.38878882,1.0705576,-1.25556,0.47285825,-1.2214162,0.16043995,-0.31563848,0.1813027,-0.7401091,-0.7419914,1.2370412,-0.93681496,0.5846491,0.5597602,-0.30356005,-0.946279,0.44833538,-1.5060176,-0.46690646,0.024701389,-0.3003182,-0.36954698,-0.53378224,0.20969485,-0.07987378,0.65602165,-0.09472345,0.041590277,-1.1378084,0.15123734,-0.18277574,-0.40954697,-0.057076387,1.3749236,-0.15856658,0.5512896,0.4941916,-0.31119403,-0.26810908,-1.4854685,-0.8524751,-0.9239522,0.71761644,0.28054452,0.44352493,-1.1656255,0.39453146,1.0160216,0.5714204,0.051002044,-1.1534947,-1.4214685,1.3223746,-0.53765154,-0.6190633,-0.6294163,-0.39908946,-0.2633509,1.3432896,-0.23490645,0.716989,0.6605707,-0.76572996,0.09471446,-0.634279,-0.5586712,0.5085184,0.229721,-0.092213646,0.3088321,0.84624386,1.7230543,1.3921785,-0.7645274,-0.7088411,-0.56473655,-0.35391298,-0.5878999,0.50328964,1.5272896,-0.23312868,0.31249225,0.41560334,0.5676556,0.31160334,-1.256449,-0.14031821,-0.47020057,1.3631066,-0.40081495,0.35704127,-1.1526581,-0.19731168,-0.7986712,-1.3122398,0.30993015,0.9854857,1.2463485,0.28462297,-1.0472987,0.014557598,0.74187785,-0.4372594,0.115629494,-0.020370506,-0.9788019,0.11902819,-0.10659273,0.44979942,0.48300204,-0.13179535,-0.12337704,1.0793419,-0.99077576,-0.58444893,0.039969362,-0.0053639705,-0.5319522,-0.08761234,-0.32620057,0.4401785,1.004257,-0.07014828,-0.5016777,-0.16447508,0.028727533,0.2574334,-0.2486058,1.0525184,0.06334191,0.10998243,-1.5252072,-0.8254947,1.1295903,0.95217854,1.0243877,-0.3778607,0.8085445,-0.56374305,0.37560335,0.09643995,0.57560337,-0.4957692,-1.0440044,0.29638767,-0.24139011,0.61884516,0.5122308,0.08164257,-1.4299392,-0.40076268,0.40979943,-0.41603065,-0.14591299,0.9615903,-0.18748161,-0.72583455,0.25921118,-0.32133782,1.513172,1.6426883,-0.21833129,-0.28630516,0.6281524,-0.031194037,0.14203472,-0.26941627,-1.0978607,-0.4300437,-0.6553509,-0.45477572,-0.21833129,-0.87025285,0.62271446,-0.41890645,-1.2018085,0.9578779,1.396989,-0.16133782,0.13973407,-0.78319407,0.50658375,0.494453,-0.7550633,0.5998125,1.1612242,-0.110305145,0.7627929,-0.38648814,-0.4684228,0.75505435,0.0034726306,0.9078909,-0.390828,0.6005968,-0.5078476,-1.2045797,0.20263603,0.20514584,-0.3934947,-0.570279,0.16587786,0.9529628,-0.26533782,-0.45550776,0.20221773,0.6014334,-0.49132475,0.50700206,0.4330151,-0.36044893,1.4647014,0.34747264,0.1033942,0.7184007,0.56002164,0.49847916,-0.26497182,-0.09984763,0.68514585,-0.99412215,0.10569485,0.39249223,-0.689547,0.54030925,0.32216543,-0.008971814,0.12504126,1.0582178,1.2686752,-0.8706189,0.6583223,0.15045302,0.5563615,-1.1018345,-0.4807104,0.35573408,0.7889367,-0.81655353,-0.16667116,0.07928962,0.49356413,0.40477982,0.08472753,1.0770936,-0.6090241,-0.16259272,-1.6085535,-0.27741626,0.92619157,-0.76055354,0.90281904,-0.45331168,-1.7732594,-1.2901745,-0.41221365,0.34104127,-0.64196527,-1.3486842,0.3488844,0.70872754,0.25643995,-0.28071037,0.14417851,-0.053991422,-1.3065927,-1.0882398,0.29806086,0.22977328,-0.5580437,1.0813811,1.4732243,0.71876675,0.34313276,1.0522046,-0.7527627,0.013302696,-0.9458084,0.010949755,-1.0683182,-0.47213522,-0.28369078,-0.020841096,0.54020464,0.058740605,0.02015237,0.07751185,-0.7329457,0.70569485,-0.5589326,1.1543746,-0.3538607,0.13560335,-0.13545547,0.23359028,0.32420465,-0.11020057,0.20206086,0.2639171,0.4532504,-1.3489456,-0.012631944,-0.8094947,-1.4018084,-0.28071037,0.8734857,-0.8708803,0.08796936,1.681904,0.11610008,1.1672896,0.7336687,0.91829616,1.4691981,0.37847915,0.8688321,-0.07506332,-0.2688934,0.8869759,-1.0405012,-0.29817444,-0.28797835,0.27594322,-0.18350776,0.28331578,-0.14261888,-0.83678883,-0.836998,-1.093364,0.31887132,0.03359028,0.62914586,1.3537995,0.058792893,1.0900086,0.2801262,0.005302696,0.88294977,0.42077982,1.0938779,1.0254334,-0.021207107,-0.9232725,-0.32206985,0.17847916,-0.24044894,0.07458374,-0.2507496,0.20195629,0.21968178,-0.94057965,-1.2305666,0.14768179,-0.7346189,0.6707668,-0.036841094,0.3476818,0.061302695,-0.32431823,0.18213929,-1.3171026,0.77403474,0.3105576,-0.55872345,0.41612622,-0.6905927,-0.5672463,-0.040762663,-0.28384763,0.21732885,0.4663746,-0.7482659,0.80843997,0.82109356,0.05586479,0.056073938,-0.68301105,-0.35961235,0.022034721,-1.038462,-0.9820437,0.18302819,0.42109355,-0.19799142,-0.51924634,-0.32933784,0.58731574,0.5665053,0.037773285,-0.44505024,-0.11213521,-0.54779536,0.23735498,0.5354988,-0.40206987,0.039864786,0.36885825,-0.8522136,0.29079288,-0.27579534,0.22752492,-1.0041614,1.4234465,0.9308975,0.29330269,0.03134191,-0.05420057,-0.25503716,1.092989,-0.80306333,-0.5059653,-1.6540437,0.17701511,-0.046148285,-0.9539653,-1.4123706,-0.88572997,0.62616545,-1.1801614,0.2752112,0.77434844,1.3758647,-0.94141626,-1.3984097,-0.54481494,0.08253145,-1.2541482,0.91040075,0.07798243,1.1793158,1.2018517,0.011890931,-0.6040045,-0.33038357,0.80216545,-1.6465143,0.16488439,1.46627,-0.8973901,-0.83375615,1.0007536,0.94114584,0.2807014,-0.7126581,-0.64876264,0.23254453,0.62951183,-0.38868424,0.62187785,0.087917075,-0.9362398,0.94815236,0.34919813,-0.4309326,-1.1956908,0.18993014,-0.17085417,0.38198245,-0.021625409,-0.75699794,0.04368178,0.83374715,-0.5303313,-1.2509588,-0.12322018,0.16718505,0.055707924,1.1891981,-0.9827235,0.07134191,-0.25054044,-1.3228018,-0.12656659,-0.49399143,0.7901393,0.26538113,0.2566491,0.74245304,-0.63396525,0.0031066176,-0.36991298,0.031028187,-0.3996646,-0.28348163,-0.1332594,1.569904,-0.2065143,0.277355,-0.66450125,-0.9462267,0.63751185,-0.34408292,0.5491458,0.9193419,-1.2596384,-0.990462,0.4177994,0.32179943,0.25649223,0.28336805,0.21272753,0.4772504,0.7453811,-0.69122016,0.01147263,-0.5877953,-0.65315485,-0.1905143,-0.81712866,1.5518647,0.08629616,-1.3244228,0.5110805,0.22062296,1.462453,0.8394465,-0.95522016,0.47191706,1.3791589,-0.134096,-0.7076385,0.318087,0.9697471,-0.9239522,-0.98910254,-0.22967769,0.032178514,-1.0284228,1.3197079,0.11573407,-1.3843967,-1.0243967,-0.07914175,0.42276675,0.80174714,0.94862294,-0.5787496,-1.515743,-0.1483705,1.0938256,1.3620086,1.1027144,1.1735119,0.8313942,0.3297994,-0.88489336,0.5799955,-0.2952986,-0.4292594,0.23427002,-0.9858607,1.0696164,0.17481904,0.18281904,0.10260989,-0.43741626,1.0876557,1.2516295,-0.19046201,-1.1330502,-0.86837053,-0.45691952,0.6013811,1.0285184,0.45853147,-0.15286724,1.2383485,-0.62748164,0.46862295,-0.6048934,-0.238096,-0.72871035,0.48990402,-0.5904097,0.6649628,0.40755105,0.64122427,-0.36975613,-0.41508946,0.37053144,0.14930269,1.3666621,0.54736805,-1.0001875,0.15343341,-0.85299796,0.34224388,1.1424007,0.48755106,1.0077602,-0.5788019,0.89476675,-0.23872344,-0.36337703,0.77445304,-0.8728672,-0.38089338,-0.9632202,0.29183865,-0.4763182,0.9741393,-0.33122018,0.056283087,0.34349877,0.5196034,-1.0731287,-0.31485417,-0.0074554738,0.33508047,0.595368,-1.7372855,-0.17054044,-0.7194032,-1.4840045,0.06323734,0.68619156,-0.13791299,0.9169367,0.63176024,0.5006229,-0.15067115,0.022453023,-0.25472346,1.3825576,0.8996818,-1.3599783,0.8313942,-0.77691954,0.53131574,1.1753942,0.22867525,0.34104127,1.3018255,-0.56578225,-0.8006581,0.74417853,-0.16494568,-0.5652594,-0.2865143,-0.51956004,0.29408702,-0.17686723,-0.27223977,0.07385171,-0.057390116,0.32305434,-0.03673652,-1.1351941,-0.13268423,-0.26455352,1.4887013,-0.5997692,1.171002,-0.41759926,1.4622439,-0.0070894607,-1.3892071,1.119708,0.29591706,0.19657066,0.45607394,0.25382558,0.088544525,1.6059824,0.2221393,-1.1189849,-0.60677576,-1.360658,-0.4154032,0.79902816,0.23819159,0.30872753,0.26867524,-0.6246058,0.9994988,-1.1299653,-1.0735992,-0.47323325,-0.75830513,-0.24431822,0.39003474,0.8510543,0.7082047,-1.6241875,1.775708,-0.88076264,-0.49106333,0.21382557,0.22961642,0.16117197,-0.8604228,0.79531574,-0.8768934,-0.34701103,-0.34010908,-0.3816254,0.1749759,-0.12761234,0.6355249,-0.98220056,-0.0658607,-0.0062528593,0.8276818,0.5245184,-0.9892071,0.98234844,0.54851836,0.09743342,-0.041599266,-0.7554293,-0.41247508,-0.93383455,0.36289746,0.45947263,0.22956413,-1.2920045,0.0570674,-0.5269849,0.4107929,0.100832105,0.988989,-0.554279,0.15385172,-0.29937705,0.097224265,0.35683212,1.1525445,0.8082308,-0.83276266,-0.5871679,-0.5465927,-0.47835743,0.80091053,-0.14617443,0.07934191,0.77460986,0.5633681,0.8326491,-1.4287366,-0.028579656,-0.45174307,-0.07924632,-0.6124228,0.3967798,-1.0027496,-0.8262267,-0.5040829,0.8565968,-0.1959522,0.16462296,0.14161642,-0.55501103,0.1416687,-0.47281495,-0.1601875,0.09534191,-0.3202921,-0.40206987,-0.67705023,-0.94486725,-0.37122017,1.442636,-0.43025285,0.035158906,-0.34356004,-0.6238738,1.5761786,-1.4836385,-1.6992202,1.1890936,-0.20588684,0.3732504,0.21016544,-0.11004371,-0.08656658,1.0969628,-1.4935731,-1.303194,1.1361263,1.7113419,-0.33733782,-1.875743,-1.0594293,-0.5335208,-1.3876908,-0.963011,0.61738116,1.411368,-1.9430372,-1.6971287,1.8443092,0.64755106,0.08645302,0.51029617,0.86993015,-0.9366581,-0.9778084,1.2597864,-1.4101744,0.85225695,-0.19396527,0.31489748,-1.2712463,-1.0897038,-1.3414162,-0.08970384,0.85382557,0.55468833,-0.310096,-1.4836907,-0.51877576,1.3246752,0.9668713,-1.572266,1.7105054,-0.9526581,-1.2763182,1.0021131,0.11866217,-1.3246319,0.41732883,-1.2603182,0.69910663,0.0873942,0.97973406,1.3991327,0.4805968,-1.4263836,-0.6835339,-0.10068423,-1.2392986,-1.318462,-1.5860176,0.6355249,-0.7323182,0.4727014,0.84279287,-0.45231822,-1.5291287,-0.51406986,0.85100204,1.4878125,-1.7638476,1.134087,-0.5336254,1.1975118,0.25821772,-0.80593914,1.707368,-0.012056781,0.3534857,1.2482831,1.0097471,0.1366491,-0.88447505,-1.5274554,0.7586099,0.6717079,-1.336292,-0.8326058,1.0011197,0.033694852,1.2598909,1.8925184,1.8604138,-0.28959927,0.6758909,1.5316818,-0.70716786,0.5867929,-0.04457966,-0.9243705,-1.6391418,1.7438648,-0.8438999,-0.56578225,-1.0565013,-0.57854044,1.0082308,-0.40787378,-0.6226712,-0.9766058,-1.7554816,0.62606084,-0.7547496,1.8196295,-1.2732333,-0.1446058,-1.0351156,-1.1665666,0.11034845,1.4828975,-1.4404489,
1,1,0,0,0,0,0,0,0,0,0,0,0,0,0,0,0,0,0,0,0,0,0,0,0,0,0,0,0,0,0,0,0,0,0,0,0,0,0,0,0,0,0,0,0,0,0,0,0,0,0,0,0,0,0,0,0,0,0,0,0,0,0,0,0,0,0,0,0,0,0,0,0,0,0,0,0,0,0,0,0,0,0,0,0,0,0,0,0,0,0,0,0,0,0,0,0,0,0,0,0,0,0,0,0,0,0,0,0,0,0,0,0,0,0,0,0,0,0,0,0,0,0,0,0,0,0,0,0,0,0,0,0,0,0,0,0,0,0,0,0,0,0,0,0,0,0,0,0,0,0,0,0,0,0,0,0,0,0,0,0,0,0,0,0,0,0,0,0,0,0,0,0,0,0,0,0,0,0,0,0,0,0,0,0,0,0,0,0,0,0,0,0,0,0,0,0,0,0,0,0,0,0,0,0,0,0,0,0,0,0,0,0,0,0,0,0,0,0,0,0,0,0,0,0,0,0,0,0,0,0,0,0,0,0,0,0,0,0,0,0,0,0,0,0,0,0,0,0,0,0,0,0,0,0,0,0,0,0,0,0,0,0,0,0,0,0,0,0,0,0,0,0,0,0,0,0,0,0,0,0,0,0,0,0,0,0,0,0,0,0,0,0,0,0,0,0,0,0,0,0,0,0,0,0,0,0,0,0,0,0,0,0,0,0,0,0,0,0,0,0,0,0,0,0,0,0,0,0,0,0,0,0,0,0,0,0,0,0,0,0,0,0,0,0,0,0,0,0,0,0,0,0,0,0,0,0,0,0,0,0,0,0,0,0,0,0,0,0,0,0,0,0,0,0,0,0,0,0,0,0,0,0,0,0,0,0,0,0,0,0,0,0,0,0,0,0,0,0,0,0,0,0,0,0,0,0,0,0,0,0,0,0,0,0,0,0,0,0,0,0,0,0,0,0,0,0,0,0,0,0,0,0,0,0,0,0,0,0,0,0,0,0,0,0,0,0,0,0,0,0,0,0,0,0,0,0,0,0,0,0,0,0,0,0,0,0,0,0,0,0,0,0,0,0,0,0,0,0,1,0,0,0,0,0,0,0,0,0,0,0,0,0,0,0,0,0,0,0,0,0,0,0,0,0,0,0,0,0,0,0,0,0,0,0,0,0,0,0,0,0,0,0,0,0,0,0,0,0,0,0,0,0,0,0,0,0,0,0,0,0,0,0,0,0,0,0,0,0,0,0,0,0,0,0,0,0,0,0,0,0,0,0,0,0,0,0,0,0,0,0,0,0,0,0,0,0,0,0,0,0,0,0,0,0,0,0,0,0,0,0,0,0,0,0,0,0,0,0,0,0,0,0,0,0,0,0,0,0,0,0,0,0,0,0,0,0,0,0,0,0,0,0,0,0,0,0,0,0,0,0,0,0,0,0,0,0,0,0,0,0,0,0,0,0,0,0,0,0,0,0,0,0,0,0,0,0,0,0,0,0,0,0,0,0,0,0,0,0,0,0,0,0,0,0,0,0,0,0,0,0,0,0,0,0,0,0,0,0,0,0,0,0,0,0,0,0,0,0,0,0,0,0,0,0,0,0,0,0,0,0,0,0,0,0,0,0,0,0,0,0,0,0,0,0,0,0,0,0,0,0,0,0,0,0,0,0,0,0,0,0,0,0,0,0,0,0,0,0,0,0,0,0,0,0,0,0,0,0,0,0,0,0,0,0,0,0,0,0,0,0,0,0,0,0,0,0,0,0,0,0,0,0,0,0,0,0,0,0,0,0,0,0,0,0,0,0,0,0,0,0,0,0,0,0,0,0,0,0,0,0,0,0,0,0,0,0,0,0,0,0,0,0,0,0,0,0,0,0,0,0,0,0,0,0,0,0,0,0,0,0,0,0,0,0,0,0,0,0,0,0,0,0,0,0,0,0,0,0,0,0,0,0,0,0,0,0,0,0,0,0,0,0,0,0,0,0,0,0,0,0,0,0,0,0,0,0,0,0,0,0,0,0,0,0,0,0,0,0,0,0,0,0,0,0,0,0,0,0,0,0,0,0,0,0,0,0,0,0,0,0,0,0,0,0,0,0,0,0,0,0,0,0,0,0,0,0,0,0,0,0,0,0,0,0,0,0,0,0,0,0,0,0,0,0,0,0,0,0,0,0,0,0,0,0,0,0,0,0,0,0,0,0,0,0,0,0,0,0,0,0,0,0,0,0,0,0,0,0,0,0,0,0,0,0,0,0,0,0,0,0,0,0,0,0,0,0,0,0,0,0,0,0,0,0,0,0,0,0,0,0,0,0,0,0,0,0,0,0,0,0,0,0,0,0,0,0,0,0,0,0,0,0,0,0,0,0,0,0,0,0,0,0,0,0,0,0,0,0,0,0,0,0,0,0,0,0,0,0,0,0,0,0,0,0,0,0,0,0,0,0,0,0,0,0,0,0,0,0,0,0,0,0,0,0,0,0,0,0,0,0,0,0,0,0,0,0,0,0,0,0,0,0,0,0,0,0,0,0,0,0,0,0,0,0,0,0,0,0,0,0,0,0,0,0,0,0,0,0,0,0,0,0,0,0,0,0,0,0,0,0,0,0,0,0,0,0,0,0,0,0,0,0,0,0,0,0,0,0,0,0,0,0,0,0,0,0,0,0,0,0,0,0,0,0,0,0,0,0,0,0,0,0,0,0,0,0,0,0,0,0,0,0,0,0,0,0,0,0,0,0,0,0,0,0,0,0,0,0,0,0,0,0,0,0,0,0,0,0,0,0,0,0,0,0,0,0,0,0,0,0,0,0,0,0,0,0,0,0,0,0,0,0,0,0,0,0,0,0,0,0,0,0,0,0,0,0,0,0,0,0,0,0,0,0,0,0,0,0,0,0,0,0,0,0,0,0,0,0,0,0,0,0,0,0,0,0,0,0,0,0,0,0,0,0,0,0,0,0,0,0,0,0,0,0,0,0,0,0,0,0,0,0,0,0,0,0,0,0,0,0,0,0,0,0,0,0,0,0,0,0,0,0,0,0,0,0,0,0,0,0,0,0,0,0,0,0,0,0,0,0,0,0,0,0,0,0,0,0,0,0,0,0,0,0,0,0,0,0,0,0,0,0,0,0,0,0,0,0,0,0,0,0,0,0,0,0,0,0,0,0,0,0,0,0,0,0,0,0,0,0,0,0,0,0,0,0,0,0,0,0,0,0,0,0,0,0,0,0,0,0,0,0,0,0,0,0,0,0,0,0,0,0,0,0,0,0,0,0,0,0,0,0,0,0,0,0,0,0,0,0,0,0,0,0,0,0,0,0,0,0,0,0,0,0,0,0,0,0,0,0,0,0,0,0,0,0,0,0,0,0,0,0,0,0,0,0,0,0,0,0,0,0,0,0,0,0,0,0,0,0,0,0,0,0,0,0,0,0,0,0,0,0,0,0,0,0,0,0,0,0,0,0,0,0,0,0,0,0,0,0,0,0,0,0,0,0,0,0,0,0,0,0,0,0,0,0,0,0,0,0,0,0,0,0,0,0,0,0,0,0,0,0,0,0,0,0,0,0,0,0,0,0,0,0,0,0,0,0,0,0,0,0,0,0,0,0,0,0,0,0,0,0,0,0,0,0,0,0,0,0,0,0,0,0,0,0,0,0,0,0,0,0,0,0,0,0,0,0,0,0,0,0,0,0,0,0,0,0,0,0,0,0,0,0,0,0,0,0,0,0,0,0,0,0,0,0,0,0,0,0,0,0,0,0,0,0,0,0,0,0,0,0,0,0,0,0,0,0,0,0,0,0,0,0,0,0,0,0,0,0,0,0,0,0,0,0,0,0,0,0,0,0,0,0,0,0,0,0,0,0,0,0,0,0,0,0,0,0,0,0,0,0,0,0,0,0,0,0,0,0,0,0,0,0,0,0,0,0,0,0,0,0,0,0,0,0,0,0,0,0,0,0,0,0,0,0,0,0,0,0,0,0,0,0,0,0,0,0,0,0,0,0,0,0,0,0,0,0,0,0,0,0,0,0,0,0,0,0,0,0,0,0,0,0,0,0,0,0,0,0,0,0,0,0,0,0,0,0,0,0,0,0,0,0,0,0,0,0,0,0,0,0,0,0,0,0,0,0,0,0,0,0,0,0,0,0,0,0,0,0,0,0,0,0,0,0,0,0,0,0,0,0,0,0,0,0,0,0,0,0,0,0,0,0,0,0,0,0,0,0,0,0,0,0,0,0,0,0,0,0,0,0,0,0,0,0,0,0,0,0,0,0,0,0,0,0,0,0,0,0,0,0,0,0,0,0,0,0,0,0,0,0,0,0,0,0,0,0,0,0,0,0,0,0,0,0,0,0,0,0,0,0,0,0,0,0,0,0,0,0,0,0,0,0,0,0,0,0,0,0,0,0,0,0,0,0,0,0,0,0,0,0,0,0,0,0,0,0,0,0,0,0,0,0,0,0,0,0,0,0,0,0,0,0,0,0,0,0,0,0,0,0,0,0,0,0,0,0,0,0,0,0,0,0,0,0,0,0,0,0,0,0,0,0,0,0,0,0,0,0,0,0,0,0,0,0,0,0,0,0,0,0,0,0,0,0,0,0,0,0,0,0,0,0,0,0,0,0,0,0,0,0,0,0,0,0,0,0,0,0,0,0,0,0,0,0,0,0,0,0,0,0,0,0,0,0,0,0,0,0,0,0,0,0,0,0,0,0,0,0,0,0,0,0,0,0,0,0,0,0,0,0,0,0,0,0,0,0,0,0,0,0,0,0,0,0,0,0,0,0,0,0,0,0,0,0,0,0,0,0,0,0,0,0,0,0,0,0,0,0,0,0,0,0,0,0,0,0,0,0,0,0,0,0,0,0,0,0,0,0,0,0,0,0,0,0,0,0,0,0,0,0,0,0,0,0,0,0,0,0,0,0,0,0,0,0,0,0,0,0,0,0,0,0,0,0,0,0,0,0,0,0,0,0,0,0,0,0,0,0,0,0,0,0,0,0,0,0,0,0,0,0,0,0,0,0,0,0,0,0,0,0,0,0,0,0,0,0,0,0,0,0,0,0,0,0,0,0,0,0,0,0,0,0,0,0,0,0,0,0,0,0,0,0,0,0,0,0,0,0,0,0,0,0,0,0,0,0,0,0,0,0,0,0,0,0,0,0,0,0,0,0,0,0,0,0,0,0,0,0,0,0,0,0,0,0,0,0,0,0,0,0,0,0,0,0,0,0,0,0,0,0,0,0,0,0,0,0,0,0,0,0,0,0,0,0,0,0,0,0,0,0,0,0,0,0,0,0,0,0,0,0,0,0,0,0,0,0,0,0,0,0,0,0,0,0,0,0,0,0,0,0,0,0,0,0,0,0,0,0,0,0,0,0,0,0,0,0,0,0,0,0,0,0,0,0,0,0,0,0,0,0,0,0,0,0,0,0,0,0,0,0,0,0,0,0,0,0,0,0,0,0,0,0,0,0,0,0,0,0,0,0,0,0,0,0,0,0,0,0,0,0,0,0,0,0,0,0,0,0,0,0,0,0,0,0,0,0,0,0,0,0,0,0,0,0,0,0,0,0,0,0,0,0,0,0,0,0,0,0,0,0,0,0,0,0,0,0,0,0,0,0,0,0,0,0,0,0,0,0,0,0,0,0,0,0,0,0,0,0,0,0,0,0,0,0,0,0,0,0,0,0,0,0,0,0,0,0,0,0,0,0,0,0,0,0,0,0,0,0,0,0,0,0,0,0,0,0,0,0,0,0,0,0,0,0,0,0,0,0,0,0,0,0,0,0,0,0,0,0,0,0,0,0,0,0,0,0,0,0,0,0,0,0,0,0,0,0,0,0,0,0,0,0,0,0,0,0,0,0,0,0,0,0,0,0,0,0,0,0,0,0,0,0,0,0,0,0,0,0,0,0,0,0,0,0,0,0,0,0,0,0,0,0,0,0,0,0,0,0,0,0,0,0,0,0,0,0,0,0,0,0,0,0,0,0,0,0,0,0,0,0,0,0,0,0,0,0,0,0,0,0,0,0,0,0,0,0,0,0,0,0,0,0,0,0,0,0,0,0,0,0,0,0,0,0,0,0,0,0,0,0,0,0,0,0,0,0,0,0,0,0,0,0,0,0,0,0,0,0,0,0,0,0,0,0,0,0,0,0,0,0,0,0,0,0,0,0,0,0,0,0,0,0,0,0,0,0,0,0,0,0,0,0,0,0,0,0,0,0,0,0,0,0,0,0,0,0,0,0,0,0,0,0,0,0,0,0,0,0,0,0,0,0,0,0,0,0,0,0,0,0,0,0,0,0,0,0,0,0,0,0,0,0,0,0,0,0,0,0,0,0,0,0,0,0,0,0,0,0,0,0,0,0,0,0,0,0,0,0,0,0,0,0,0,0,0,0,0,0,0,0,0,0,0,0,0,0,0,0,0,0,0,0,0,0,0,0,0,0,0,0,0,0,0,0,0,0,0,0,0,0,0,0,0,0,0,0,0,0,0,0,0,0,0,0,0,0,0,0,0,0,0,0,0,0,0,0,0,0,0,0,0,0,0,0,0,0,0,0,0,0,0,0,0,0,0,0,0,0,0,0,0,0,0,0,0,0,0,0,0,0,0,0,0,0,0,0,0,0,0,0,0,0,0,0,0,0,0,0,0,0,0,0,0,0,0,0,0,0,0,0,0,0,0,0,0,0,0,0,0,0,0,0,0,0,0,0,0,0,0,0,0,0,0,0,0,0,0,0,0,0,0,0,0,0,0,0,0,0,0,0,0,0,0,0,0,0,0,0,0,0,0,0,0,0,0,0,0,0,0,0,0,0,0,0,0,0,0,0,0,0,0,0,0,0,0,0,0,0,0,0,0,0,0,0,0,0,0,0,0,0,0,0,0,0,0,0,0,0,0,0,0,0,0,0,0,0,0,0,0,0,0,0,0,0,0,0,0,0,0,0,0,0,0,0,0,0,0,0,0,0,0,0,0,0,0,0,0,0,0,0,0,0,0,0,0,0,0,0,0,0,0,0,0,0,0,0,0,0,0,0,0,0,0,0,0,0,0,0,0,0,0,0,0,0,0,0,0,0,0,0,0,0,0,0,0,0,0,0,0,0,0,0,0,0,0,0,0,0,0,0,0,0,0,0,0,0,0,0,0,0,0,0,0,0,0,0,0,0,0,0,0,0,0,0,0,0,0,0,0,0,0,0,0,0,0,0,0,0,0,0,0,0,0,0,0,0,0,0,0,0,0,0,0,0,0,0,0,0,0,0,0,0,0,0,0,0,0,0,0,0,0,0,0,0,0,0,0,0,0,0,0,0,0,0,0,0,0,0,0,0,0,0,0,0,0,0,0,0,0,0,0,0,0,0,0,0,0,0,0,0,0,0,0,0,0,0,0,0,0,0,0,0,0,0,0,0,0,0,0,0,0,0,0,0,0,0,0,0,0,0,0,0,0,0,0,0,0,0,0,0,0,0,0,0,0,0,0,0,0,0,0,0,0,0,0,0,0,0,0,0,0,0,0,0,0,0,0,0,0,0,0,0,0,0,0,0,0,0,0,0,0,0,0,0,0,0,0,0,0,0,0,0,0,0,0,0,0,0,0,0,0,0,0,0,0,0,0,0,0,0,0,0,0,0,0,0,0,0,0,0,0,0,0,0,0,0,0,0,0,0,0,0,0,0,0,0,0,0,0,0,0,0,0,0,0,0,0,0,0,0,0,0,0,0,0,0,0,0,0,0,0,0,0,0,0,0,0,0,0,0,0,0,0,0,0,0,0,0,0,0,0,0,0,0,0,0,0,0,0,0,0,0,0,0,0,0,0,0,0,0,0,0,0,0,0,0,0,0,0,0,0,0,0,0,0,0,0,0,0,0,0,0,0,0,0,0,0,0,0,0,0,0,0,0,0,0,0,0,0,0,0,0,0,0,0,0,0,0,0,0,0,0,0,0,0,0,0,0,0,0,0,0,0,0,0,0,0,0,0,0,0,0,0,0,0,0,0,0,0,0,0,0,0,0,0,0,0,0,0,0,0,0,0,0,0,0,0,0,0,0,0,0,0,0,0,0,0,0,0,0,0,0,0,0,0,0,0,0,0,0,0,0,0,0,0,0,0,0,0,0,0,0,0,0,0,0,0,0,0,0,0,0,0,0,0,0,0,0,0,0,0,0,0,0,0,0,0,0,0,0,0,0,0,0,0,0,0,0,0,0,0,0,0,0,0,0,0,0,0,0,0,0,0,0,0,0,0,0,0,0,0,0,0,0,0,0,0,0,0,0,0,0,0,0,0,0,0,0,0,0,0,0,0,0,0,0,0,0,0,0,0,0,0,0,0,0,0,0,0,0,0,0,0,0,0,0,0,0,0,0,0,0,0,0,0,0,0,0,0,0,0,0,0,0,0,0,0,0,0,0,0,0,0,0,0,0,0,0,0,0,0,0,0,0,0,0,0,0,0,0,0,0,0,0,0,0,0,0,0,0,0,0,0,0,0,0,0,0,0,0,0,0,0,0,0,0,0,0,0,0,0,0,0,0,0,0,0,0,0,0,0,0,0,0,0,0,0,0,0,0,0,0,0,0,0,0,0,0,0,0,0,0,0,0,0,0,0,0,0,0,0,0,0,0,0,0,0,0,0,0,0,0,0,0,0,0,0,0,0,0,0,0,0,0,0,0,0,0,0,0,0,0,0,0,0,0,0,0,0,-1.2040815,0.01806891,-0.56999403,0.77885324,1.7611415,0.19372071,-0.31642798,-0.87389404,1.1341215,0.21526779,0.48115876,-0.16809787,-0.5133683,-0.13775958,-1.3820604,-1.3917997,-1.0948809,0.024619224,-0.01632023,1.9610984,-1.0709206,-0.96758074,0.47400513,-0.66143984,1.2669377,0.71231586,0.07331563,-1.1702095,1.9635117,0.4514238,1.4420724,1.8467265,-0.13060595,0.48865715,0.90503293,0.40729538,-0.13672532,1.9177457,1.7083943,-1.1532304,-1.5874472,0.33377674,-0.37994877,1.753557,0.6033738,0.08891571,1.4669808,0.49727598,-1.057389,-0.7788283,0.74118894,0.9540741,-1.4274817,0.3075755,1.6420293,-1.3198324,-0.18438746,0.54924756,1.5182629,-0.5408624,0.7335182,0.8345309,-0.5453442,0.8191032,-1.6584663,0.46805814,0.13942207,1.456983,1.6948627,1.4208701,0.3260198,-0.42295673,-0.09595824,0.38919583,-0.44519332,-0.9811123,-0.15689339,0.1244253,0.18165435,-0.6210175,0.6346602,-0.96585697,-0.66342217,-1.2782897,-0.109058864,-0.34762815,-0.50052625,-1.023948,0.34196463,-0.25833705,-0.37339845,0.68801075,-0.6146396,-0.92259043,0.6079418,-0.34831765,1.1877307,0.15217794,0.36023656,0.9672609,0.6649985,0.62888557,0.3680797,-0.28772727,-0.73220044,0.7398961,-1.2320927,0.15674593,0.4795212,-0.7922737,-1.3875765,0.3967804,-0.3627973,0.6538802,0.9589868,-0.14241375,-1.1337519,-0.21110584,-0.26368073,0.26827362,0.4528028,0.2004434,-1.1185827,0.029187204,-0.60171133,0.69688815,-0.053553585,-0.51466113,-0.026749017,-0.7282358,0.49003616,0.03332424,-0.21851803,0.06926477,-0.019250633,1.0481918,0.51459986,-0.030368926,0.8320314,0.913307,-0.8675161,-0.89975053,0.115375526,0.17036368,0.39936605,1.0515531,0.83565134,0.58760136,0.045735363,0.49537984,0.8242745,0.7259336,0.4129838,0.31765953,-0.5814571,-0.32918385,0.16708852,-0.74107784,-0.98524934,0.7739405,0.3090407,-0.23825516,0.62095624,0.340758,-0.7066887,0.6376768,0.28999308,0.4757289,-0.15379061,0.31102303,0.43642703,-0.106990345,0.91382414,-0.024852874,-0.7220302,-0.16585697,-1.3646504,0.53761214,0.178293,0.46055976,-0.0800134,-0.17171778,0.70654124,-0.84639996,0.014793754,-0.059155826,0.9376121,1.0838737,-0.26566306,-0.17344154,1.0379354,-1.1279773,0.6886141,-0.44786516,0.008588195,-1.0906577,-0.26816252,0.1724322,-0.41563073,0.19182457,-0.81476885,1.2334105,-0.7914118,-0.1693045,0.55010945,-0.105438955,-0.20576216,-0.48018578,-1.163573,-0.087511785,1.1640289,0.53080326,0.22621371,-0.14534415,-0.2875549,-0.22360314,-0.37650123,0.118478306,0.38299027,-0.7067749,0.64310664,0.37626758,0.20346,0.13657786,-0.5635299,0.46004263,-0.65825087,1.3500233,-1.0607504,-1.0032628,1.1918677,0.87460846,0.74696356,1.3319237,-0.028817536,-0.7626249,-0.50561136,-0.4262319,-0.1435342,-0.5829223,0.19320358,-1.0535105,-0.06880892,0.1894113,0.07107473,-0.8344198,0.06116307,-0.81270033,-0.6860035,0.043149713,-0.15301491,0.04427016,0.39617708,1.2493553,0.17915489,-0.6160186,-0.8828576,-0.07992721,-0.12810649,1.0961987,-0.22748162,-0.4320065,-0.080875285,-1.0980699,1.3181336,-0.010200859,-0.56335753,-0.96154755,-0.44941655,-0.30281022,0.94166297,-1.331554,-0.116729625,0.23259164,-0.8174407,-0.48259905,0.20664896,-0.17732002,0.5717427,-1.0616984,0.20052959,0.6250071,-0.5642194,1.0792196,0.5894975,-0.78882617,-0.19179966,0.26603273,-0.4954411,0.35541,0.88951904,-0.391498,-0.45519117,0.17105319,0.02315402,0.31386724,-0.13232972,-0.64877015,0.109342344,0.4254811,-0.90905887,-0.9318988,-0.82502526,0.5112385,1.0255243,0.610786,-0.19757427,0.7896268,-0.8145965,-0.23549713,-0.79563504,1.0126822,0.85400945,-0.076221116,-0.22351696,-0.03123081,-0.04355574,-0.43407503,-0.52991647,0.7091269,-0.40209916,-0.35029998,-0.27850512,0.49253562,-0.18516316,-0.8658785,-0.43381646,-1.4715239,-0.5700802,-0.28850296,-1.4087788,0.018499851,-0.12931313,-0.37270895,-0.50647324,0.9732079,-0.5272446,0.14614476,-0.50225,0.43625465,0.43134192,0.39953843,0.045045856,0.510549,-1.1331486,-1.1387508,1.1067137,-0.5576691,-0.38589576,0.08822621,-0.92983025,0.75825423,1.3703637,-0.17042495,-1.1983931,0.09408701,-1.3359497,1.0605167,-0.62015563,0.9501094,0.90865284,-1.0170529,-0.034247402,1.1685107,-0.2077445,1.2868472,-0.7610735,-0.39796212,0.03194523,0.6270756,-0.070618875,0.38833395,-0.7503,0.7398961,-0.03700543,-0.45148507,-0.11267877,-0.48096147,-0.057776812,-0.35633317,-0.118281014,1.1342939,0.8476315,-0.50492185,0.42729107,0.074436076,-0.88845986,0.41763797,-0.34926572,0.18001677,0.79359144,0.34058562,0.10839427,0.7955738,-0.15818621,0.5065843,-0.16456415,1.0624129,-0.5199186,1.0007019,0.43978837,0.28275326,1.6334966,-0.3036721,-0.456484,-0.73504466,0.58699805,0.025739672,-0.21894898,-0.20059086,0.19449641,0.57587975,-0.539311,0.87460846,0.24569227,-0.72470206,-0.1612028,0.5229601,0.8822792,-0.6683349,0.16269292,-0.22343077,-1.3938682,-0.66143984,-1.346637,1.5047313,0.36816588,-0.27505758,-1.5151352,0.28525272,-0.105956085,-0.25161436,-0.94680935,0.4640073,-0.51095504,-0.82795566,0.39255717,0.14795472,-0.040280584,-0.23075677,-0.19300629,-1.2190783,-0.8357126,0.12968278,0.16700234,-0.07311834,-0.5623233,-0.0652752,0.6706869,-0.1235385,0.6050114,1.49956,-0.08122004,-0.36210778,-0.15542819,-0.359005,0.12011588,-0.727891,-0.55525583,0.63793534,0.50460196,0.3105921,0.7688554,-0.73504466,1.4606029,0.027204873,-0.18766262,-0.6137777,0.66456753,-0.5156954,-0.32090977,0.8719366,0.09615553,-0.29677704,-0.43036893,0.4831411,-0.85984534,-0.87449735,0.27896097,-0.97706145,-1.3131098,-0.46424094,-0.5693907,0.44737294,-0.565857,-0.7482315,0.88503724,-1.2545017,-0.8909593,-0.01373458,0.9025335,-0.95129114,0.32214132,1.3841538,0.13123417,1.2376337,-0.1272446,0.81849986,0.48693338,-0.08733941,0.15657355,-0.87148076,-0.5833532,0.40358928,-0.6285159,-0.6645426,-0.5960229,-1.0049003,-0.101388104,0.5408011,0.5386464,-0.71298045,0.28034,0.20458044,-1.0410994,0.047717694,-0.049933676,0.20225336,-0.23084296,-0.64945966,1.0220767,-0.07087744,-0.23325624,-0.7035859,-0.88570184,0.81350094,0.086761005,0.17372502,-0.44510713,-0.112161644,0.531148,-0.28841677,0.2556901,0.050648097,1.3510575,-0.94603366,-0.95137733,-1.085314,-0.4402806,0.1229601,0.091415174,-0.9175053,-0.4083909,-0.25678566,-1.0073998,0.62233526,0.010225773,-0.7761565,-0.019509198,-0.10923124,-0.23765184,0.7048175,0.43237618,0.03599608,-0.6043832,-0.18981732,0.98372287,-0.168615,0.73162204,0.18424,0.28714886,0.27422062,-0.1302612,-0.48251286,0.89537984,-0.88708085,-0.20395221,0.4625421,0.42867008,0.49891356,-0.93345016,-0.2342905,0.9141689,0.91382414,-0.45088175,-0.27014485,0.5244253,0.11158324,0.0074677467,-0.09630299,-0.07647968,0.124166735,0.41496614,0.13019991,-0.6803151,-0.4245943,-0.82881755,0.51477224,0.06357634,0.4359099,-0.5643056,-0.29815605,0.64293426,0.15390171,0.37126866,0.17432834,-0.01838875,-0.8941483,-0.40752903,-0.15672101,1.1614432,0.6575863,-0.1442237,-0.5053528,0.9900146,-0.95137733,-0.5412933,0.14166297,-1.0292054,-0.26773158,-0.7791731,0.38755825,0.51753026,-1.05782,1.0543973,-0.34547344,-0.15206684,-0.8017544,1.51878,0.42280927,0.88943285,-0.4202849,-0.48242667,0.1045158,-0.8809615,0.2692217,-0.06415475,-1.0080893,0.5253734,0.82823914,0.6911997,-1.1677963,0.24388231,-0.59705716,-0.32203022,0.5865671,-0.17292441,-0.5357773,-0.74461156,0.07590128,0.121581085,0.25388014,0.30766168,-0.72108215,0.302318,0.6878384,0.19035937,-1.0281712,0.8619388,0.22750653,0.58777374,-0.26152602,0.47004047,-0.15482487,-0.9088865,0.79927987,0.8330657,0.055905584,0.53761214,-0.25850943,-1.0539415,0.25999954,0.2070799,-0.022870542,0.16588189,-0.81476885,0.10460199,0.4624559,0.06866145,-0.6432541,0.26749793,0.334811,0.2972329,0.21785344,-0.13784577,-0.4932864,0.13606073,-0.60834783,0.024619224,-0.25342432,-0.20584835,-0.9396557,0.2764615,0.30068043,-0.08828748,-0.6012804,-0.035109285,0.1657957,-0.6675592,0.690424,-0.5487917,-0.47087744,-1.215286,-0.061310533,0.20165004,0.12028826,-1.3929201,-0.5363806,-0.088028915,-0.30556825,-0.12715842,-0.41623405,0.28887263,0.6905964,-0.70789534,0.8278082,-0.8823405,0.047114376,-1.0153291,0.21233739,0.37661234,-0.2741095,-0.10578371,-1.1073782,-0.84122866,-0.70625776,0.4136733,-1.0799704,-0.23385955,-0.093114026,-0.6847107,0.5940655,0.032548547,0.6160435,-0.11785007,0.085812934,-1.2308861,-0.23170485,-0.16180612,-0.61343294,-0.35288563,0.2100103,-0.21420862,0.57363886,-0.26635256,-0.5508602,-0.5657708,1.3139966,-0.149395,-0.057259683,-1.2875118,-0.40580526,-0.7194446,-0.29979363,0.2610338,-0.3989102,-0.13293304,0.36747637,0.43056622,-0.5449994,-0.305913,-0.6286021,0.22095622,-0.5630128,0.09537984,-1.0791947,-0.17197634,0.8977931,-0.16378845,0.83263475,-0.16956307,-0.38244823,-0.48578802,-1.0917782,-0.766331,-0.44398668,-0.60739976,0.13287176,-0.9715454,1.1741129,0.48641625,0.87029904,0.10356773,0.5975992,-0.17042495,0.17088081,0.8530614,-0.20214225,-0.6072274,-0.6094683,0.7548067,-1.0705758,0.0022964475,0.6774958,0.1745869,0.19906439,0.18837704,-0.04200435,1.0754273,-0.28471068,-0.24066843,0.85245806,0.22673084,0.4116048,1.4965434,-0.21937992,-0.6205004,0.081675895,0.6381077,-0.9049218,-0.028903725,-0.031403188,0.62018055,0.74248177,0.3369657,0.083744414,-0.48182335,0.59294504,0.42582586,-0.010717989,-0.36771002,-0.4992334,0.21957721,0.35049728,0.15855588,0.7910058,-0.81769925,0.8618526,0.119081624,-0.103973754,-0.12810649,-0.065533765,-1.1995997,0.31584957,-0.16094424,0.058060292,0.65181166,0.31447056,-0.32030645,0.30550697,-0.028300406,-0.65557903,0.70266277,-0.90699035,0.36377028,0.63560826,-0.3066887,-0.037177805,-0.9901621,-0.36184922,0.69912905,1.2774527,-0.98154324,-0.56456417,0.16812278,-0.44743422,-0.44407287,0.911928,0.78385216,1.2114325,0.15416028,-0.10457707,0.5296828,1.0937854,-0.19179966,0.46779957,0.09882737,0.36747637,-0.50354284,0.19923677,-0.7206512,-0.9227628,0.28154662,0.19716825,-0.72539157,0.92545956,-0.8131313,-0.5111274,0.3118849,0.8662482,0.8307386,0.028497698,-0.4571735,-0.24920107,-0.08828748,-0.9678393,-0.1354325,-0.011579872,-0.24446072,0.53011376,0.6804262,0.15786637,0.35308293,1.1644598,1.0417277,-0.70186216,0.32619217,-0.44398668,0.7312773,0.04021931,1.3152894,-0.1324159,-0.1131959,-0.2660078,0.33524194,-0.81485504,-1.4073136,-0.7368546,-0.1220733,0.78979915,-0.51741916,1.0776682,0.31162634,-0.6903129,0.9851019,-0.1339673,0.24258949,0.61363024,0.40548542,0.8965865,-0.08130623,0.5468343,-0.2801427,-0.26945534,0.27706483,0.42737725,-1.1881367,-0.39063612,0.5189093,-0.24402978,-0.6360143,0.6573277,0.2093208,-0.39934114,0.29731908,-1.1958936,-0.11802245,0.32851925,0.9281314,0.7658388,-0.2749714,-0.072170265,0.21052743,-1.4370486,-0.7456458,0.075039394,0.12795901,-0.5436204,0.50477433,-1.3114722,0.3436884,-0.45984533,0.028239133,-1.0639393,0.8434083,-0.38942948,0.13114798,0.33791378,-0.53672534,-0.06260336,-0.9390524,-0.015716912,-0.017440679,0.46960953,0.84375304,0.36118463,0.54183537,-0.93293303,0.3798875,-1.1577984,-0.63489383,0.30042186,-0.6306706,0.21552636,0.5978578,0.107187636,1.0209563,-0.7865853,-0.32978716,-0.16809787,-0.25394145,0.7955738,0.41944793,0.39281574,-0.25842324,0.11072136,0.41686228,0.08667482,0.51158327,0.14381768,0.06409347,-0.9754239,0.43616846,-0.2697139,0.026601555,0.12787282,-1.5567641,-0.39537647,0.71834904,0.22759272,0.27422062,-0.60955447,-0.70332736,-0.06949843,0.046597246,0.16786422,0.07236756,0.17820682,-0.9376734,0.7265369,0.7217104,0.043494467,0.29473343,0.47322944,-0.08458138,0.6699112,0.64370996,-1.1409917,-0.9810261,0.3413613,-0.857863,-0.4600177,-0.11198927,-0.645495,0.8608183,0.6572415,-0.5534459,-0.0072704563,0.017379403,0.63035077,-0.47803107,-0.04260767,0.33429387,1.1683383,-0.5199186,-0.87760013,0.59570307,-0.46622327,-0.73073524,0.014449,-0.8466585,-0.9140578,0.24517514,0.433669,-0.3981345,0.11623741,-1.4013666,-0.5169882,-0.11276496,0.9834643,0.03401375,-1.5481453,-0.7398712,0.19656493,-0.62524074,0.41039816,0.0063472986,0.2351773,-0.41821638,-0.2829869,0.93364745,-0.22739543,-0.17645814,-0.34081927,0.2978362,-0.26592162,0.09451795,-0.65333813,-0.94077617,-0.10302568,0.26301613,0.25103593,0.6234557,0.10632575,-0.5895588,-1.067904,0.15260889,-0.64945966,-0.009252788,0.54700667,-0.7871886,-0.5621509,-0.5229352,0.2056147,-0.43045512,-0.11379922,0.7304154,0.6929235,0.19949533,-0.40390912,-0.34150878,0.6073385,-0.32332304,-0.9862836,-0.6545448,-0.8336441,-0.5038876,0.19147982,-0.042780045,0.5035677,0.6152678,-0.8083909,0.16562332,0.5843262,-0.5680979,-0.08156479,-0.0689813,0.039960746,0.31774572,0.17967202,-0.14741267,0.2527597,0.23940052,0.27378967,-0.12009097,0.13873257,-0.75202376,0.042977337,-0.748921,0.7269679,-0.30470636,-0.506818,-0.40640858,0.61354405,1.0743068,0.5129623,-0.18990351,0.2994738,0.65620726,-0.5481884,0.2869765,-0.23454906,0.18673946,0.3879892,-0.26109508,-0.009942294,0.5792411,1.1684245,-0.4925969,0.25758624,-0.06880892,-0.19843616,0.028756263,-0.17938854,-0.58180183,0.616733,-0.22041418,-0.20558979,0.5306309,-0.4009787,0.07012665,0.36178795,0.6487089,0.27637532,0.26284376,-0.33719936,-0.12379707,0.5106352,0.25793102,0.18165435,-0.08639134,0.011777163,
1,1,0,0,0,0,0,0,0,0,0,0,0,0,0,0,0,0,0,0,0,0,0,0,0,1,0,0,0,0,0,0,0,0,0,0,0,0,0,0,0,0,0,0,0,0,0,0,0,0,0,0,0,0,0,0,0,0,0,0,0,0,0,0,0,0,0,0,0,0,0,0,0,0,0,0,0,0,0,0,0,0,0,0,0,0,0,0,0,0,0,0,0,0,0,0,0,0,0,0,0,0,0,0,0,0,0,0,0,0,0,0,0,0,0,0,0,0,0,0,0,0,0,0,0,0,0,0,0,0,0,0,0,0,0,0,0,0,0,0,0,0,0,0,0,0,0,0,0,0,0,0,0,0,0,0,0,0,0,0,0,0,0,0,0,0,0,0,0,0,0,0,0,0,0,0,0,0,0,0,0,0,0,0,0,0,0,0,0,0,0,0,0,0,0,0,0,0,0,0,0,0,0,0,0,0,0,0,0,0,0,0,0,0,0,0,0,0,0,0,0,0,0,0,0,0,0,0,0,0,0,0,0,0,0,0,0,0,0,0,0,0,0,0,0,0,0,0,0,0,0,0,0,0,0,0,0,0,0,0,0,0,0,0,0,0,0,0,0,0,0,0,0,0,0,0,0,0,0,0,0,0,0,0,0,0,0,0,0,0,0,0,0,0,0,0,0,0,0,0,0,0,0,0,0,0,0,0,0,0,0,0,0,0,0,0,0,0,0,0,0,0,0,0,0,0,0,0,0,0,0,0,0,0,0,0,0,0,0,0,0,0,0,0,0,0,0,0,0,0,0,0,0,0,0,0,0,0,0,0,0,0,0,0,0,0,0,0,0,0,0,0,0,0,0,0,0,0,0,0,0,0,0,0,0,0,0,0,0,0,0,0,0,0,0,0,0,0,0,0,0,0,0,0,0,0,0,0,0,0,0,0,0,0,0,0,0,0,0,0,0,0,0,0,0,0,0,0,0,0,0,0,0,0,0,0,0,0,0,0,0,0,0,0,0,0,0,0,0,0,0,0,0,0,0,0,0,0,0,0,0,0,0,0,0,0,0,0,0,0,0,0,0,0,0,0,0,0,0,0,0,0,0,0,1,0,0,0,0,0,0,0,0,0,0,0,0,0,0,0,0,0,0,0,0,0,0,0,0,0,0,0,0,0,0,0,0,0,0,0,0,0,0,0,0,0,0,0,0,0,0,0,0,0,0,0,0,0,0,0,0,0,0,0,0,0,0,0,0,0,0,0,0,0,0,0,0,0,0,0,0,0,0,0,0,0,0,0,0,0,0,0,0,0,0,0,0,0,0,0,0,0,0,0,0,0,0,0,0,0,0,0,0,0,0,0,0,0,0,0,0,0,0,0,0,0,0,0,0,0,0,0,0,0,0,0,0,0,0,0,0,0,0,0,0,0,0,0,0,0,0,0,0,0,0,0,0,0,0,0,0,0,0,0,0,0,0,0,0,0,0,0,0,0,0,0,0,0,0,0,0,0,0,0,0,0,0,0,0,0,0,0,0,0,0,0,0,0,0,0,0,0,0,0,0,0,0,0,0,0,0,0,0,0,0,0,0,0,0,0,0,0,0,0,0,0,0,0,0,0,0,0,0,0,0,0,0,0,0,0,0,0,0,0,0,0,0,0,0,0,0,0,0,0,0,0,0,0,0,0,0,0,0,0,0,0,0,0,0,0,0,0,0,0,0,0,0,0,0,0,0,0,0,0,0,0,0,0,0,0,0,0,0,0,0,0,0,0,0,0,0,0,0,0,0,0,0,0,0,0,0,0,0,0,0,0,0,0,0,0,0,0,0,0,0,0,0,0,0,0,0,0,0,0,0,0,0,0,0,0,0,0,0,0,0,0,0,0,0,0,0,0,0,0,0,0,0,0,0,0,0,0,0,0,0,0,0,0,0,0,0,0,0,0,0,0,0,0,0,0,0,0,0,0,0,0,0,0,0,0,0,0,0,0,0,0,0,0,0,0,0,0,0,0,0,0,0,0,0,0,0,0,0,0,0,0,0,0,0,0,0,0,0,0,0,0,0,0,0,0,0,0,0,0,0,0,0,0,0,0,0,0,0,0,0,0,0,0,0,0,0,0,0,0,0,0,0,0,0,0,0,0,0,0,0,0,0,0,0,0,0,0,0,0,0,0,0,0,0,0,0,0,0,0,0,0,0,0,0,0,0,0,0,0,0,0,0,0,0,0,0,0,0,0,0,0,0,0,0,0,0,0,0,0,0,0,0,0,0,0,0,0,0,0,0,0,0,0,0,0,0,0,0,0,0,0,0,0,0,0,0,0,0,0,0,0,0,0,0,0,0,0,0,0,0,0,0,0,0,0,0,0,0,0,0,0,0,0,0,0,0,0,0,0,0,0,0,0,0,0,0,0,0,0,0,0,0,0,0,0,0,0,0,0,0,0,0,0,0,0,0,0,0,0,0,0,0,0,0,0,0,0,0,0,0,0,0,0,0,0,0,0,0,0,0,0,0,0,0,0,0,0,0,0,0,0,0,0,0,0,0,0,0,0,0,0,0,0,0,0,0,0,0,0,0,0,0,0,0,0,0,0,0,0,0,0,0,0,0,0,0,0,0,0,0,0,0,0,0,0,0,0,0,0,0,0,0,0,0,0,0,0,0,0,0,0,0,0,0,0,0,0,0,0,0,0,0,0,0,0,0,0,0,0,0,0,0,0,0,0,0,0,0,0,0,0,0,0,0,0,0,0,0,0,0,0,0,0,0,0,0,0,0,0,0,0,0,0,0,0,0,0,0,0,0,0,0,0,0,0,0,0,0,0,0,0,0,0,0,0,0,0,0,0,0,0,0,0,0,0,0,0,0,0,0,0,0,0,0,0,0,0,0,0,0,0,0,0,0,0,0,0,0,0,0,0,0,0,0,0,0,0,0,0,0,0,0,0,0,0,0,0,0,0,0,0,0,0,0,0,0,0,0,0,0,0,0,0,0,0,0,0,0,0,0,0,0,0,0,0,0,0,0,0,0,0,0,0,0,0,0,0,0,0,0,0,0,0,0,0,0,0,0,0,0,0,0,0,0,0,0,0,0,0,0,0,0,0,0,0,0,0,0,0,0,0,0,0,0,0,0,0,0,0,0,0,0,0,0,0,0,0,0,0,0,0,0,0,0,0,0,0,0,0,0,0,0,0,0,0,0,0,0,0,0,0,0,0,0,0,0,0,0,0,0,0,0,0,0,0,0,0,0,0,0,0,0,0,0,0,0,0,0,0,0,0,0,0,0,0,0,0,0,0,0,0,0,0,0,0,0,0,0,0,0,0,0,0,0,0,0,0,0,0,0,0,0,0,0,0,0,0,0,0,0,0,0,0,0,0,0,0,0,0,0,0,0,0,0,0,0,0,0,0,0,0,0,0,0,0,0,0,0,0,0,0,0,0,0,0,0,0,0,0,0,0,0,0,0,0,0,0,0,0,0,0,0,0,0,0,0,0,0,0,0,0,0,0,0,0,0,0,0,0,0,0,0,0,0,0,0,0,0,0,0,0,0,0,0,0,0,0,0,0,0,0,0,0,0,0,0,0,0,0,0,0,0,0,0,0,0,0,0,0,0,0,0,0,0,0,0,0,0,0,0,0,0,0,0,0,0,0,0,0,0,0,0,0,0,0,0,0,0,0,0,0,0,0,0,0,0,0,0,0,0,0,0,0,0,0,0,0,0,0,0,0,0,0,0,0,0,0,0,0,0,0,0,0,0,0,0,0,0,0,0,0,0,0,0,0,0,0,0,0,0,0,0,0,0,0,0,0,0,0,0,0,0,0,0,0,0,0,0,0,0,0,0,0,0,0,0,0,0,0,0,0,0,0,0,0,0,0,0,0,0,0,0,0,0,0,0,0,0,0,0,0,0,0,0,0,0,0,0,0,0,0,0,0,0,0,0,0,0,0,0,0,0,0,0,0,0,0,0,0,0,0,0,0,0,0,0,0,0,0,0,0,0,0,0,0,0,0,0,0,0,0,0,0,0,0,0,0,0,0,0,0,0,0,0,0,0,0,0,0,0,0,0,0,0,0,0,0,0,0,0,0,0,0,0,0,0,0,0,0,0,0,0,0,0,0,0,0,0,0,0,0,0,0,0,0,0,0,1,0,0,0,0,0,0,0,0,0,0,0,0,0,0,0,0,0,0,0,0,0,0,0,0,0,0,0,0,0,0,0,0,0,0,0,0,0,0,0,0,0,0,0,0,0,0,0,0,0,0,0,0,0,0,0,0,0,0,0,0,1,0,0,0,0,0,0,0,0,0,0,0,0,0,0,0,0,0,0,0,0,0,0,0,0,0,0,0,0,0,0,0,0,0,0,0,0,0,0,0,0,0,0,0,0,0,0,0,0,0,0,0,0,0,0,0,0,0,0,0,0,0,0,0,0,0,0,0,0,0,0,0,0,0,0,0,0,0,0,0,0,0,0,0,0,0,0,0,0,0,0,0,0,0,0,0,0,0,0,0,0,0,0,0,0,0,0,0,0,0,0,0,0,0,0,0,0,0,0,0,0,0,0,0,0,0,0,0,0,0,0,0,0,0,0,0,0,0,0,0,0,0,0,0,0,0,0,0,0,0,0,0,0,0,0,0,0,0,0,0,0,0,0,0,0,0,0,0,0,0,0,0,0,0,0,0,0,0,0,0,0,0,0,0,0,0,0,0,0,0,0,0,0,0,0,0,0,0,0,0,0,0,0,0,0,0,0,0,0,0,0,0,0,0,0,0,0,0,0,0,0,0,0,0,0,0,0,0,0,0,0,0,0,0,0,0,0,0,0,0,0,0,0,0,0,0,0,0,0,0,0,0,0,0,0,0,0,0,0,0,0,0,0,0,0,0,0,0,0,0,0,0,0,0,0,0,0,0,0,0,0,0,0,0,0,0,0,0,0,0,0,0,0,0,0,0,0,0,0,0,0,0,0,0,0,0,0,0,0,0,0,0,0,0,0,0,0,0,0,0,0,0,0,0,0,0,0,0,0,0,0,0,0,0,0,0,0,0,0,0,0,0,0,0,0,0,0,0,0,0,0,0,0,0,0,0,0,0,0,0,0,0,0,0,0,0,0,0,0,0,0,0,0,0,0,0,0,0,0,0,0,0,0,0,0,0,0,0,0,0,0,0,0,0,0,0,0,0,0,0,0,0,0,0,0,0,0,0,0,0,0,0,0,0,0,0,0,0,0,0,0,0,0,0,0,0,0,0,0,0,0,0,0,0,0,0,0,0,0,0,0,0,0,0,0,0,0,0,0,0,0,0,0,0,0,0,0,0,0,0,0,0,0,0,0,0,0,0,0,0,0,0,0,0,0,0,0,0,0,0,0,0,0,0,0,0,0,0,0,0,0,0,0,0,0,0,0,0,0,0,0,0,0,0,0,0,0,0,0,0,0,0,0,0,0,0,0,0,0,0,0,0,0,0,0,0,0,0,0,0,0,0,0,0,0,0,0,0,0,0,0,0,0,0,0,0,0,0,0,0,0,0,0,0,0,0,0,0,0,0,0,0,0,0,0,0,0,0,0,0,0,0,0,0,0,0,0,0,0,0,0,0,0,0,0,0,0,0,0,0,0,0,0,0,0,0,0,0,0,0,0,0,0,0,0,0,0,0,0,0,0,0,0,0,0,0,0,0,0,0,0,0,0,0,0,0,0,0,0,0,0,0,0,0,0,0,0,0,0,0,0,0,0,0,0,0,0,0,0,0,0,0,0,0,0,0,0,0,0,0,0,0,0,0,0,0,0,0,0,0,0,0,0,0,0,0,0,0,0,0,0,0,0,0,0,0,0,0,0,0,0,0,0,0,0,0,0,0,0,0,0,0,0,0,0,0,0,0,0,0,0,0,0,0,0,0,0,0,0,0,0,0,0,0,0,0,0,0,0,0,0,0,0,0,0,0,0,0,0,0,0,0,0,0,0,0,0,0,0,0,0,0,0,0,0,0,0,0,0,0,0,0,0,0,0,0,0,0,0,0,0,0,0,0,0,0,0,0,0,0,0,0,0,0,0,0,0,0,0,0,0,0,0,0,0,0,0,0,0,0,0,0,0,0,0,0,0,0,0,0,0,0,0,0,0,0,0,0,0,0,0,0,0,0,0,0,0,0,0,0,0,0,0,0,0,0,0,0,0,0,0,0,0,0,0,0,0,0,0,0,0,0,0,0,0,0,0,0,0,0,0,0,0,0,0,0,0,0,0,0,0,0,0,0,0,0,0,0,0,0,0,0,0,0,0,0,0,0,0,0,0,0,0,0,0,0,0,0,0,0,0,0,0,0,0,0,0,0,0,0,0,0,0,0,0,0,0,0,0,0,0,0,0,0,0,0,0,0,0,0,0,0,0,0,0,0,0,0,0,0,0,0,0,0,0,0,0,0,0,0,0,0,0,0,0,0,0,0,0,0,0,0,0,0,0,0,0,0,0,0,0,0,0,0,0,0,0,0,0,0,0,0,0,0,0,0,0,0,0,0,0,0,0,0,0,0,0,0,0,0,0,0,0,0,0,0,0,0,0,0,0,0,0,0,0,0,0,0,0,0,0,0,0,0,0,0,0,0,0,0,0,0,0,0,0,0,0,0,0,0,0,0,0,0,0,0,0,0,0,0,0,0,0,0,0,0,0,0,0,0,0,0,0,0,0,0,0,0,0,0,0,0,0,0,0,0,0,0,0,0,0,0,0,0,0,0,0,0,0,0,0,0,0,0,0,0,0,0,0,0,0,0,0,0,0,0,0,0,0,0,0,0,0,0,0,0,0,0,0,0,0,0,0,0,0,0,0,0,0,0,0,0,0,0,0,0,0,0,0,0,0,0,0,0,0,0,0,0,0,0,0,0,0,0,0,0,0,0,0,0,0,0,0,0,0,0,0,0,0,0,0,0,0,0,0,0,0,0,0,0,0,0,0,0,0,0,0,0,0,0,0,0,0,0,0,0,0,0,0,0,0,0,0,0,0,0,0,0,0,0,0,0,0,0,0,0,0,0,0,0,0,0,0,0,0,0,0,0,0,0,0,0,0,0,0,0,0,0,0,0,0,0,0,0,0,0,0,0,0,0,0,0,0,0,0,0,0,0,0,0,0,0,0,0,0,0,0,0,0,0,0,0,0,0,0,0,0,0,0,0,0,0,0,0,0,0,0,0,0,0,0,0,0,0,0,0,0,0,0,0,0,0,0,0,0,0,0,0,0,0,0,0,0,0,0,0,0,0,0,0,0,0,0,0,0,0,0,0,0,0,0,0,0,0,0,0,0,0,0,0,0,0,0,0,0,0,0,0,0,0,0,0,0,0,0,0,0,0,0,0,0,0,0,0,0,0,0,0,0,0,0,0,0,0,0,0,0,0,0,0,0,0,0,0,0,0,0,0,0,0,0,0,0,0,0,0,0,0,0,0,0,0,0,0,0,0,0,0,0,0,0,0,0,0,0,0,0,0,0,0,0,0,0,0,0,0,0,0,0,0,0,0,0,0,0,0,0,0,0,0,0,0,0,0,0,0,0,0,0,0,0,0,0,0,0,0,0,0,0,0,0,0,0,0,0,0,0,0,0,0,0,0,0,0,0,0,0,0,0,0,0,0,0,0,0,0,0,0,0,0,0,0,0,0,0,0,0,0,0,0,0,0,0,0,0,0,0,0,0,0,0,0,0,0,0,0,0,0,0,0,0,0,0,0,0,0,0,0,0,0,0,0,0,0,0,0,0,0,0,0,0,0,0,0,0,0,0,0,0,0,0,0,0,0,0,0,0,0,0,0,0,0,0,0,0,0,0,0,0,0,0,0,0,0,0,0,0,0,0,0,0,0,0,0,0,0,0,0,0,0,0,0,0,0,0,0,0,0,0,0,0,0,0,0,0,0,0,0,0,0,0,0,0,0,0,0,0,0,0,0,0,0,0,0,0,0,0,0,0,0,0,0,0,0,0,0,0,0,0,0,0,0,0,0,0,0,0,0,0,0,0,0,0,0,0,0,0,0,0,0,0,0,0,0,0,0,0,0,0,0,0,0,0,0,0,0,0,0,0,0,0,0,0,0,0,0,0,0,0,0,0,0,0,0,0,0,0,0,0,0,0,0,0,0,0,0,0,0,0,0,0,0,0,0,0,0,0,0,0,0,0,0,0,0,0,0,0,0,0,0,0,0,0,0,0,0,0,0,0,0,0,0,0,0,0,0,0,0,0,0,0,0,0,0,0,0,0,0,0,0,0,0,0,0,0,0,0,0,0,0,0,0,0,0,0,0,0,0,0,0,0,0,0,0,0,0,0,0,0,0,0,0,0,0,0,0,0,0,0,0,0,0,0,0,0,0,0,0,0,0,0,0,0,0,0,0,0,0,0,0,0,0,0,0,0,0,0,0,0,0,0,0,0,0,0,0,0,0,0,0,0,0,0,0,0,0,0,0,0,0,0,0,0,0,0,0,0,0,0,0,0,0,0,0,0,0,0,0,0,0,0,0,0,0,0,0,0,0,0,0,0,0,0,0,0,0,0,0,0,0,0,0,0,0,0,0,0,0,0,0,0,0,0,0,0,0,0,0,0,0,0,0,0,0,0,0,0,0,0,0,0,0,0,0,0,0,0,0,0,0,0,0,0,0,0,0,0,0,0,0,0,0,0,0,0,0,0,0,0,0,0,0,0,0,0,0,0,0,0,0,0,0,0,0,0,0,0,0,0,0.33545023,0.30547825,-0.16501664,0.8845632,-0.36884484,-0.5138495,-0.7288822,0.60650533,-0.2973229,0.5610338,0.0033307073,-0.2501707,0.58120185,1.0178965,1.1198573,-0.07640786,-0.65829396,-0.9455955,-0.13317724,0.07037086,-0.30087098,-0.10964782,0.31192082,0.043480102,0.1186435,-0.09349469,-0.054932598,0.39277983,0.22994135,0.3100534,-0.13429768,0.15393762,0.17522614,0.23376955,-0.042327557,0.30062297,0.09277982,-0.1587608,0.13414304,0.03834471,0.29502073,-0.074633814,0.35141662,0.402397,0.16728963,0.15328403,0.25841942,0.13246235,0.23442315,-0.36595035,0.14002539,0.26943716,0.37970793,-0.51599705,0.23573034,-0.24046014,0.02163136,-0.43280375,0.019577205,0.6303148,-0.23065622,0.13657068,-0.2937748,0.38689747,0.3845632,0.47065097,-0.6129158,-0.23672532,-0.25427902,-0.64195406,-0.09498862,-0.33737892,0.039838646,-0.47510067,-0.45297182,-0.05670664,0.00043621616,-0.3422342,0.51630926,0.32368553,0.3817621,-0.09097368,0.0002494748,-0.3553061,0.025833042,-0.64428836,0.37447917,-0.33252364,-0.20516603,0.3502028,0.20295723,0.32900766,-0.42514735,-0.33784577,0.11724294,-0.15465249,-0.20535277,0.09343342,-0.48378414,0.29716825,0.45066965,-0.06202877,0.05561829,0.040959094,-0.3861184,0.4068788,-0.592561,-0.42393354,-0.21086164,-0.55381215,0.31500205,0.119203724,-0.00068423204,0.27942783,-0.26044148,-0.10255165,-0.34176734,-0.034204308,0.07615984,-0.4020848,-0.039339695,0.14917572,0.053190652,-0.13672532,0.23451652,0.6375044,0.057298962,0.091752745,0.25356412,-0.020385446,0.06392828,-0.22412027,0.16756974,0.28250906,-0.3966693,-0.053158555,-0.051384512,-0.077528305,-0.030842962,-0.20852737,-0.057453606,-0.110488154,-0.2145031,-0.051944736,-0.24550216,0.01192081,0.018550128,-0.40890086,-0.3431679,0.17933445,0.0527238,-0.06324259,0.05001605,0.009773284,-0.13569824,-0.0022715337,0.053470764,-0.24755631,-0.05922765,0.4504829,-0.05913428,0.38708422,-0.41020805,-0.45091766,0.38064164,-0.3014312,-0.2750073,0.13722427,0.10799924,-0.26856473,0.34581438,-0.063802816,-0.12421364,-0.100870974,0.17475928,-0.24419497,-0.22337331,-0.17510067,0.11752305,0.04067898,-0.3040456,0.14852212,-0.20348535,0.24646796,0.39044556,-0.13579161,-0.009834559,0.33629057,-0.0032052405,0.4702775,-0.1485834,-0.0944284,0.25561827,0.09483398,-0.42234623,-0.45213148,-0.4628691,-0.17948909,-0.0013378268,-0.0765946,0.42303193,-0.18621178,0.27989468,0.076626696,-0.44046015,-0.21646388,0.21332137,0.26430178,-0.06529675,0.045067403,-0.054839227,-0.117584325,0.09352679,0.06271446,0.1626211,0.19184612,-0.20227154,-0.45091766,-0.18826593,-0.39564222,-0.10750029,-0.092747726,0.2545912,-0.10815389,0.25337738,-0.13980655,-0.19909693,0.021257877,0.07569299,-0.0370988,-0.4329905,0.077840514,-0.014316351,-0.48088965,-0.06408293,0.36206087,0.10529149,0.32321867,-0.12654792,-0.09452177,0.27840075,0.29268646,-0.52038544,0.19940914,-0.16903158,0.033582807,0.29436713,0.12536618,0.07447917,-0.16016136,0.41462857,-0.23812588,-0.054465745,-0.16473652,-0.36314923,0.30743903,-0.24849002,-0.18910627,0.06738299,-0.30003065,-0.013195903,0.01621586,-0.10255165,-0.2765946,-0.15857406,0.18773781,0.04450718,0.17513277,0.24161269,0.083536126,0.065048724,-0.23364408,0.08232231,-0.07248629,0.071024455,0.25543153,0.05720559,-0.27958247,-0.035418127,-0.28695875,-0.022813084,-0.27603438,0.008559465,-0.28406426,-0.2256142,0.061780754,0.10753239,-0.0019914217,0.20043622,-0.15708013,-0.067724384,0.017242938,-0.008900852,0.01873687,-0.22159927,0.011640698,-0.07295314,0.13918506,0.19390027,-0.07930235,0.13124853,0.06616917,0.34852213,0.37139794,0.19025882,0.23096843,-0.08070291,-0.041113738,0.16271447,0.04992268,-0.3756609,-0.3240269,0.07849411,0.060660306,0.3511365,-0.030189367,-0.38509133,0.115375526,-0.017397584,-0.232617,-0.092560984,0.18250905,0.32368553,0.1517901,-0.31777108,-0.17108573,0.19109915,0.26159403,-0.013662756,0.4307817,-0.28611842,0.046934817,0.052163575,-0.26557687,0.17700018,-0.1154368,0.17690681,0.28353614,0.32527283,0.2967014,0.48241568,0.016309232,-0.21907826,-0.45213148,0.18727095,-0.004232318,0.03274247,-0.15101103,-0.012635679,0.19091241,-0.22327994,0.02686012,-0.13420431,0.024525853,-0.19293447,0.47587973,-0.16744427,-0.2186114,0.10314397,0.19642128,0.09474061,-0.17771505,-0.3444751,-0.0009643441,-0.1673509,0.072331645,0.03283584,0.04329336,0.2495492,0.2903522,-0.10731355,-0.020105334,-0.2893864,0.30417106,-0.0657636,-0.3711791,0.10473127,0.1275137,-0.025894316,-0.3801427,-0.20918097,0.062154237,-0.21525006,0.49614117,-0.23149656,-0.059694503,0.28633726,0.40631858,-0.14680935,-0.16268237,0.019390464,-0.23635183,-0.16492327,-0.10068423,-0.23158993,0.057579074,0.26346144,0.16467525,0.14077236,-0.030749591,-0.12113241,0.42508608,-0.073419996,0.15785919,-0.03065622,-0.12878881,0.08559028,0.070837714,0.17830737,0.16495536,0.22256507,0.34777516,0.3906323,-0.04690272,0.020417541,-0.39088032,0.024619224,-0.107873775,-0.20862074,0.04460055,0.09072567,-0.12197275,-0.18667863,0.22293855,0.17559962,0.04590774,-0.021132411,0.08176208,-0.19368143,0.1434801,0.32135126,0.16859682,0.15365751,0.13022146,0.13302259,0.05561829,0.15785919,0.06906366,-0.032150153,0.0712112,-0.10180468,0.22331204,-0.021412523,-0.12365342,-0.01823792,-0.13579161,-0.040366773,0.052537058,0.33218226,-0.035231385,-0.17687471,-0.016930731,-0.25792047,-0.35455912,0.046374593,-0.23588498,-0.12262634,0.19968925,0.25739232,-0.47071224,-0.13635184,0.19081904,0.017056197,0.2014633,0.06897029,0.05851278,0.1447873,-0.13187005,-0.2797692,0.14917572,0.31976396,0.17737366,0.07186479,-0.12729488,0.17149131,0.08596376,-0.25708014,0.42396563,-0.19470851,-0.18649189,-0.10768703,0.22648664,0.13479663,0.15468459,-0.39237425,0.04469392,0.1377845,-0.16044147,0.39530084,0.09791521,0.11556227,0.0039843023,0.25767243,0.26056695,0.19950251,-0.0142229805,0.01201418,0.30351746,-0.021972748,0.15907301,-0.116090395,-0.18733223,0.001650035,0.041425947,-0.16791113,-0.2061931,0.07307861,0.13965191,0.08596376,-0.12645455,-0.09041346,0.003424078,-0.3106749,-0.16221552,0.006131828,-0.21076827,0.06859681,-0.20087098,-0.098256595,-0.29368144,-0.34102038,0.28979197,0.35057628,0.044974033,0.09670139,0.13022146,0.019203722,0.031248542,0.1164026,-0.04540879,0.10370419,-0.13532476,-0.2715526,-0.052038107,0.002583742,0.19483398,-0.046529237,0.18092175,-0.03056285,0.26430178,-0.021599265,-0.082850434,-0.57640785,-0.1775283,-0.2582006,0.21901698,-0.020292075,0.24852212,0.045254145,-0.098349966,-0.18406425,0.09688813,0.10183678,0.19716825,-0.1695918,0.19240634,0.010893732,-0.30087098,-0.17257966,-0.04578227,-0.058947537,0.017336309,0.102677114,-0.33859274,-0.028695436,-0.11310253,0.1969815,-0.10189805,0.1511365,0.3256463,-0.08266369,-0.19909693,-0.26436305,0.31537554,0.05991334,0.046374593,0.26532885,-0.046435867,-0.21739759,0.081948824,-0.2645498,0.15393762,0.043853585,0.11911035,-0.050730918,-0.07248629,-0.20880748,0.31883025,0.019857317,-0.5415806,-0.19088031,0.2766267,-0.04961047,-0.14400823,0.009960026,-0.11272905,-0.0030184991,0.3380646,-0.027574988,-0.09321458,-0.13691206,0.10034285,0.21630923,-0.18779908,0.26747638,-0.23532476,-0.17332663,-0.21739759,-0.2597879,0.0093998015,-0.01954511,0.2247126,0.20211689,0.013974965,0.12966123,-0.17939572,0.13862483,0.1272336,0.33442315,-0.2090876,0.061594013,-0.036725316,-0.067817755,0.0899787,0.11677609,0.33283585,-0.23112307,-0.1456889,-0.061375175,0.17195816,0.037691116,-0.1960157,0.27046424,0.07868085,0.12004406,0.34786853,-0.055959675,-0.19003998,-0.045035306,-0.04708946,-0.008527369,-0.13644521,0.1721449,-0.0041389475,-0.08658526,-0.2652034,0.07167805,-0.33924633,-0.14886351,0.24161269,-0.15549283,0.055898402,0.2055716,0.20024948,0.06588906,0.24497403,0.3441337,-0.027014764,0.03152865,-0.059881244,0.2548713,0.031715393,0.15375088,-0.30600637,0.14002539,-0.043821488,-0.042327557,0.42658,0.24263977,0.17513277,-0.17444707,-0.19386818,-0.023933532,0.021444619,0.060100082,-0.07958246,-0.09722952,-0.20731355,0.24235965,-0.07173932,0.07709355,0.30631858,-0.29947042,-0.34148723,0.26271448,-0.06865809,0.08512343,0.39362016,0.0845632,-0.22925566,-0.16314922,0.224059,-0.16660394,0.09408701,-0.21188872,-0.002458275,0.3492691,-0.0063798437,0.11145396,-0.011795343,-0.08546481,0.069343776,0.13638394,0.035917073,0.18194883,-0.021692635,0.3043578,0.10501138,-0.13905959,-0.114689834,0.23918505,-0.04139385,-0.047836427,-0.20927434,-0.197603,0.25244367,-0.10759366,-0.0619354,0.073825575,0.3899787,-0.00451243,-0.21515669,-0.05502597,-0.2763145,0.15010943,-0.016370507,-0.32458714,-0.10189805,0.16056694,-0.19610907,-0.039152954,-0.024867238,0.39614117,-0.01282242,0.45823267,-0.05680001,-0.17472719,0.14842875,0.5246192,-0.40694007,0.12798056,0.24357347,0.20725228,-0.18285044,-0.20031075,-0.175941,-0.10124446,0.21061362,-0.1680045,0.21369486,0.156552,-0.27080563,0.05860615,-0.16828461,0.09688813,-0.10740692,0.117896535,0.14824201,0.13675742,-0.24167396,0.13274246,-0.09844334,0.0775604,0.19875555,-0.008433999,0.053750876,0.0629012,0.16635592,0.013974965,-0.124400385,-0.043728117,0.25664535,-0.14989059,0.319017,0.14385359,0.019857317,-0.09461514,0.12676674,-0.06398956,-0.08238358,0.27139795,0.006038457,0.07326535,0.024899336,-0.05539945,-0.3145031,0.23750438,-0.13345735,-0.1711791,0.41425508,-0.18733223,0.008372724,-0.14849003,-0.02103904,-0.13588499,0.06822333,0.26215425,-0.1501707,-0.12374679,-0.16548349,0.19996937,0.06579569,0.07868085,0.14488067,0.24637459,0.018643498,-0.20040412,0.20510475,0.2501094,0.09931577,0.010800362,0.116682716,0.3616874,-0.14344801,0.069343776,-0.27715483,-0.23831262,-0.19909693,-0.29274774,-0.039619807,0.083536126,-0.12197275,-0.063616075,0.08829803,-0.052785072,0.07559962,-0.07398022,0.19268645,0.28829804,0.3231253,0.20183678,0.06869018,0.10034285,0.023312032,-0.097603,-0.16511,-0.011515231,-0.09778974,-0.20311187,0.047681782,-0.053251926,-0.16118844,0.32163137,0.05981997,0.019857317,0.15412436,-0.2176777,-0.016650619,0.030314835,-0.18331729,-0.15642653,0.016309232,-0.18854605,0.05150998,-0.19816323,0.4657957,0.5128545,-0.09713615,-0.0743537,-0.27463382,-0.06333596,0.026486637,0.14842875,0.09418038,0.38400298,0.0020235179,0.054684583,0.042172913,0.07177142,0.33890495,0.027980568,0.12433911,-0.013849498,0.10221026,0.08783118,0.2052915,0.06719625,0.088858254,-0.077434935,0.031715393,0.11770979,0.35897964,-0.11935837,-0.1571735,-0.23989992,-0.0316833,-0.21730421,0.13722427,0.03797123,-0.13597836,0.003424078,-0.18938638,0.3364773,-0.052038107,-0.031403188,0.26084706,-0.19788311,0.1597266,-0.31730422,0.12555292,-0.067911126,0.21210755,0.049175713,-0.2610017,0.26448852,0.20267712,0.237411,-0.09424166,0.058045927,0.10202352,-0.07510067,-0.1007776,0.10613183,0.21948384,-0.0073135504,0.1556183,-0.24979721,0.1727985,-0.0029251284,-0.074727185,0.11070699,-0.042234186,-0.19564222,0.32321867,-0.005726249,-0.15343867,-0.22496061,-0.018331291,0.20967992,0.20286386,0.17942782,0.08120186,0.3734521,0.22256507,0.12611315,0.077840514,0.15421773,0.11285452,-0.04288778,-0.017864438,-0.20152457,-0.2278551,-0.14820991,-0.20031075,-0.21235557,0.40006274,-0.2944284,-0.29386818,-0.31879815,-0.10441906,-0.11142186,-0.06053484,-0.30675334,-0.20227154,-0.20516603,0.075132765,-0.007780404,-0.15278508,0.16215424,-0.20628648,0.21294789,0.076626696,-0.11534343,-0.061655287,-0.043167893,0.42686012,-0.49340132,-0.0657636,0.014908671,0.35235032,0.048055265,-0.19321458,-0.07089899,0.019297093,0.08176208,-0.017771067,0.13404967,0.31948385,0.36635593,0.20958655,0.16990401,0.23825134,-0.055866305,-0.088359304,0.12695348,-0.111982085,0.16850345,-0.021972748,0.0759731,0.14553426,0.16607581,-0.121505894,-0.035324756,-0.17687471,-0.14755632,0.19455387,0.20538487,-0.47482055,0.012761146,0.28540355,0.07261176,-0.17668797,-0.060161356,-0.1944284,0.23787786,-0.007780404,0.17065097,0.049362455,-0.13495128,0.097168244,0.17289187,-0.13065623,-0.033550713,0.080828376,-0.19676267,0.37830737,-0.023560049,-0.00012400794,0.059073005,-0.19078694,-0.1355115,-0.0010577148,0.19175275,0.052443687,0.30547825,-0.2877991,-0.41459647,-0.30236492,-0.19162728,-1.7543724,0.70407766,0.52872753,1.0264866,-0.7175843,0.46560895,-0.06716416,-0.5418607,0.1473083,0.41873688,0.5521636,1.2541244,-0.14363475,-0.052131478,0.59296656,0.34693483,-0.16361608,0.61145395,-0.17846201,0.39184612,-0.5616553,-0.23299049,0.11416171,0.8128545,0.19632791,0.9889516,-0.4511044,0.02835405,-0.050357435,-0.30152458,0.33573034,0.4632747,-0.3377524,0.27018413,-0.21693073,0.5958611,-0.7994704,-0.4632426,-0.021225782,0.038998306,0.32303193,-0.3530652,-0.37650123,-0.37285978,-0.34522206,0.19511409,-0.19498862,-0.38322392,-0.43476453,0.33563697,0.5743858,0.12779382,0.31257442,-0.47426033,-0.30918097,-0.16426967,0.362341,-0.46968517,0.14198618,-0.24074025,0.00043621616,-0.047929797,-0.6833173,-0.14484857,-0.09302784,0.22396563,-0.0581072,-0.6828504,-0.0028317578,0.708186,0.075039394,-0.34774306,0.39716825,0.032368988,-0.31758434,0.42611316,0.07625321,-0.080236055,-0.09340132,0.19408701,-0.42636117,0.7069722,0.11360148,-0.20413895,-0.14270104,0.18783118,0.04207954,-0.39050683,0.033115953,0.6455343,-0.4644564,-0.16557686,-0.6277617,0.04179943,0.4062252,-0.006286473,0.43479663,0.060753677,-0.43831262,0.3224717,-0.59405494,-0.43130982,0.4425464,-0.10572625,0.038718194,-0.45932102,0.11714957,0.14534752,0.031902134,-0.08789245,-0.3937748,-0.29582897,-0.26651058,0.77485263,-0.11525006,-0.23607172,0.12928775,-0.5314966,-0.0100213,0.1992224,-0.71646386,0.011267215,0.17233165,
0,0,0,0,0,0,0,0,0,0,0,0,0,0,0,0,0,0,0,0,0,0,0,0,0,0,0,0,0,0,0,0,0,0,0,0,0,0,0,0,0,0,0,0,0,0,0,0,0,0,0,0,0,0,0,0,0,0,0,0,0,0,0,0,0,0,0,0,0,0,0,0,0,0,0,0,0,0,0,0,0,0,0,0,0,0,0,0,0,0,0,0,0,0,0,0,0,0,0,0,0,0,0,0,0,0,0,0,0,0,0,0,0,0,0,0,0,0,0,0,0,0,0,0,0,0,0,0,0,0,0,0,0,0,0,0,0,0,0,0,0,0,0,0,0,0,0,0,0,0,0,0,0,0,0,0,0,0,0,0,0,0,0,0,0,0,0,0,0,0,0,0,0,0,0,0,0,0,0,0,0,0,0,0,0,0,0,0,0,0,0,0,0,0,0,0,0,0,0,0,0,0,0,0,0,0,0,0,0,0,0,0,0,0,0,0,0,0,0,0,0,0,0,0,0,0,0,0,0,0,0,0,0,0,0,0,0,0,0,0,0,0,0,0,0,0,0,0,0,0,0,0,0,0,0,0,0,0,0,0,0,0,0,0,0,0,0,0,0,0,0,0,0,0,0,0,0,0,0,0,0,0,0,0,0,0,0,0,0,0,0,0,0,0,0,0,0,0,0,0,0,0,0,0,0,0,0,0,0,0,0,0,0,0,0,0,0,0,0,0,0,0,0,0,0,0,0,0,0,0,0,0,0,0,0,0,0,0,0,0,0,0,0,0,0,0,0,0,0,0,0,0,0,0,0,0,0,0,0,0,0,0,0,0,0,0,0,0,0,0,0,0,0,0,0,0,0,0,0,0,0,0,0,0,0,0,0,0,0,0,0,0,0,0,0,0,0,0,0,0,0,0,0,0,0,0,0,0,0,0,0,0,0,0,0,0,0,0,0,0,0,0,0,0,0,0,0,0,0,0,0,0,0,0,0,0,0,0,0,0,0,0,0,0,0,0,0,0,0,0,0,0,0,0,0,0,0,0,0,0,0,0,0,0,0,0,0,0,0,0,0,0,0,0,0,0,0,0,0,0,0,0,0,0,0,0,0,0,0,0,0,0,0,0,0,0,0,0,0,0,0,0,0,0,0,0,0,0,0,0,0,0,0,0,0,0,0,0,0,0,0,0,0,0,0,0,0,0,0,0,0,0,0,0,0,0,0,0,0,0,0,0,0,0,0,0,0,0,0,0,0,0,0,0,0,0,0,0,0,0,0,0,0,0,0,0,0,0,0,0,0,0,0,0,0,0,0,0,0,0,0,0,0,0,0,0,0,0,0,0,0,0,0,0,0,0,0,0,0,0,0,0,0,0,0,0,0,0,0,0,0,0,0,0,0,0,0,0,0,0,0,0,0,0,0,0,0,0,0,0,0,0,0,0,0,0,0,0,0,0,0,0,0,0,0,0,0,0,0,0,0,0,0,0,0,0,0,0,0,0,0,0,0,0,0,0,0,0,0,0,0,0,0,0,0,0,0,0,0,0,0,0,0,0,0,0,0,0,0,0,0,0,0,0,0,0,0,0,0,0,0,0,0,0,0,0,0,0,0,0,0,0,0,0,0,0,0,0,0,0,0,0,0,0,0,0,0,0,0,0,0,0,0,0,0,0,0,0,0,0,0,0,0,0,0,0,0,0,0,0,0,0,0,0,0,0,0,0,0,0,0,0,0,0,0,0,0,0,0,0,0,0,0,0,0,0,0,0,0,0,0,0,0,0,0,0,0,0,0,0,0,0,0,0,0,0,0,0,0,0,0,0,0,0,0,0,0,0,0,0,0,0,0,0,0,0,0,0,0,0,0,0,0,0,0,0,0,0,0,0,0,0,0,0,0,0,0,0,0,0,0,0,0,0,0,0,0,0,0,0,0,0,0,0,0,0,0,0,0,0,0,0,0,0,0,0,0,0,0,0,0,0,0,0,0,0,0,0,0,0,0,0,0,0,0,0,0,0,0,0,0,0,0,0,0,0,0,0,0,0,0,0,0,0,0,0,0,0,0,0,0,0,0,0,0,0,0,0,0,0,0,0,0,0,0,0,0,0,0,0,0,0,0,0,0,0,0,0,0,0,0,0,0,0,0,0,0,0,0,0,0,0,0,0,0,0,0,0,0,0,0,0,0,0,0,0,0,0,0,0,0,0,0,0,0,0,0,0,0,0,0,0,0,0,0,0,0,0,0,0,0,0,0,1,0,0,0,0,0,0,0,0,0,0,0,0,0,0,0,0,0,0,0,0,0,0,0,0,0,0,0,0,0,0,0,0,0,0,0,0,0,0,0,0,0,0,0,0,0,0,0,0,0,0,0,0,0,0,0,0,0,0,0,0,0,0,0,0,0,0,0,0,0,0,0,0,0,0,0,0,0,0,0,0,0,0,0,0,0,0,0,0,0,0,0,0,0,0,0,0,0,0,0,0,0,0,0,0,0,0,0,0,0,0,0,0,0,0,0,0,0,0,0,0,0,0,0,0,0,0,0,0,0,0,0,0,0,0,0,0,0,0,0,0,0,0,0,0,0,0,0,0,0,0,0,0,0,0,0,0,0,0,0,0,0,0,0,0,0,0,0,0,0,0,0,0,0,0,0,0,0,0,0,0,0,0,0,0,0,0,0,0,0,0,0,0,0,0,0,0,0,0,0,0,0,0,0,0,0,0,0,0,0,0,0,0,0,0,0,0,0,0,0,0,0,0,0,0,0,0,0,0,0,0,0,0,0,0,0,0,0,0,0,0,0,0,0,0,0,0,0,0,0,0,0,0,0,0,0,0,0,0,0,0,0,0,0,0,0,0,0,0,0,0,0,0,0,0,0,0,0,0,0,0,0,0,0,0,0,0,0,0,0,0,0,0,0,0,0,0,0,0,0,0,0,0,0,0,0,0,0,0,0,0,0,0,0,0,0,0,0,0,0,0,0,0,0,0,0,0,0,0,0,0,0,0,0,0,0,0,0,0,0,0,0,0,0,0,0,0,0,0,0,0,0,0,0,0,0,0,0,0,0,0,0,0,0,0,0,0,0,0,0,0,0,0,0,0,0,0,0,0,0,0,0,0,0,0,0,0,0,0,0,0,0,0,0,0,0,0,0,0,0,0,0,0,0,0,0,0,0,0,0,0,0,0,0,0,0,0,0,0,0,0,0,0,0,0,0,0,0,0,0,0,0,0,0,0,0,0,0,0,0,0,0,0,0,0,0,0,0,0,0,0,0,0,0,0,0,0,0,0,0,0,0,0,0,0,0,0,0,0,0,0,0,0,0,0,0,0,0,0,0,0,0,0,0,0,0,0,0,0,0,0,0,0,0,0,0,0,0,0,0,0,0,0,0,0,0,0,0,0,0,0,0,0,0,0,0,0,0,0,0,0,0,0,0,0,0,0,0,0,0,0,0,0,0,0,0,0,0,0,0,0,0,0,0,0,0,0,0,0,0,0,0,0,0,0,0,0,0,0,0,0,0,0,0,0,0,0,0,0,0,0,0,0,0,0,0,0,0,0,0,0,0,0,0,0,0,0,0,0,0,0,0,0,0,0,0,0,0,0,0,0,0,0,0,0,0,0,0,0,0,0,0,0,0,0,0,0,0,0,0,0,0,0,0,0,0,0,0,0,0,0,0,0,0,0,0,0,0,0,0,0,0,0,0,0,0,0,0,0,0,0,0,0,0,0,0,0,0,0,0,0,0,0,0,0,0,0,0,0,0,0,0,0,0,0,0,0,0,0,0,0,0,0,0,0,0,0,0,0,0,0,0,0,0,0,0,0,0,0,0,0,0,0,0,0,0,0,0,0,0,0,0,0,0,0,0,0,0,0,0,0,0,0,0,0,0,0,0,0,0,0,0,0,0,0,0,0,0,0,0,0,0,0,0,0,0,0,0,0,0,0,0,0,0,0,0,0,0,0,0,0,0,0,0,0,0,0,0,0,0,0,0,0,0,0,0,0,0,0,0,0,0,0,0,0,0,0,0,0,0,0,0,0,0,0,0,0,0,0,0,0,0,0,0,0,0,0,0,0,0,0,0,0,0,0,0,0,0,0,0,0,0,0,0,0,0,0,0,0,0,0,0,0,0,0,0,0,0,0,0,0,0,0,0,0,0,0,0,0,0,0,0,0,0,0,0,0,0,0,0,0,0,0,0,0,0,0,0,0,0,0,0,0,0,0,0,0,0,0,0,0,0,0,0,0,0,0,0,0,0,0,0,0,0,0,0,0,0,0,0,0,0,0,0,0,0,0,0,0,0,0,0,0,0,0,0,0,0,0,0,0,0,0,0,0,0,0,0,0,0,0,0,0,0,0,0,0,0,0,0,0,0,0,0,0,0,0,0,0,0,0,0,0,0,0,0,0,0,0,0,0,0,0,0,0,0,0,0,0,0,0,0,0,0,0,0,0,0,0,0,0,0,0,0,0,0,0,0,0,0,0,0,0,0,0,0,0,0,0,0,0,0,0,0,0,0,0,0,0,0,0,0,0,0,0,0,0,0,0,0,0,0,0,0,0,0,0,0,0,0,0,0,0,0,0,0,0,0,0,0,0,0,0,0,0,0,0,0,0,0,0,0,0,0,0,0,0,0,0,0,0,0,0,0,0,0,0,0,0,0,0,0,0,0,0,0,0,0,0,0,0,0,0,0,0,0,0,0,0,0,0,0,0,0,0,0,0,0,0,0,0,0,0,0,0,0,0,0,0,0,0,0,0,0,0,0,0,0,0,0,0,0,0,0,0,0,0,0,0,0,0,0,0,0,0,0,0,0,0,0,0,0,0,0,0,0,0,0,0,0,0,0,0,0,0,0,0,0,0,0,0,0,0,0,0,0,0,0,0,0,0,0,0,0,0,0,0,0,0,0,0,0,0,0,0,0,0,0,0,0,0,0,0,0,0,0,0,0,0,0,0,0,0,0,0,0,0,0,0,0,0,0,0,0,0,0,0,0,0,0,0,0,0,0,0,0,0,0,0,0,0,0,0,0,0,0,0,0,0,0,0,0,0,0,0,0,0,0,0,0,0,0,0,0,0,0,0,0,0,0,0,0,0,0,0,0,0,0,0,0,0,0,0,0,0,0,0,0,0,0,0,0,0,0,0,0,0,0,0,0,0,0,0,0,0,0,0,0,0,0,0,0,0,0,0,0,0,0,0,0,0,0,0,0,0,0,0,0,0,0,0,0,0,0,0,0,0,0,0,0,0,0,0,0,0,0,0,0,0,0,0,0,0,0,0,0,0,0,0,0,0,0,0,0,0,0,0,0,0,0,0,0,0,0,0,0,0,0,0,0,0,0,0,0,0,0,0,0,0,0,0,0,0,0,0,0,0,0,0,0,0,0,0,0,0,0,0,0,0,0,0,0,0,0,0,0,0,0,0,0,0,0,0,0,0,0,0,0,0,0,0,0,0,0,0,0,0,0,0,0,0,0,0,0,0,0,0,0,0,0,0,0,0,0,0,0,0,0,0,0,0,0,0,0,0,0,0,0,0,0,0,0,0,0,0,0,0,0,0,0,0,0,0,0,0,0,0,0,0,0,0,0,0,0,0,0,0,0,0,0,0,0,0,0,0,0,0,0,0,0,0,0,0,0,0,0,0,0,0,0,0,0,0,0,0,0,0,0,0,0,0,0,0,0,0,0,0,0,0,0,0,0,0,0,0,0,0,0,0,0,0,0,0,0,0,0,0,0,0,0,0,0,0,0,0,0,0,0,0,0,0,0,0,0,0,0,0,0,0,0,0,0,0,0,0,0,0,0,0,0,0,0,0,0,0,0,0,0,0,0,0,0,0,0,0,0,0,0,0,0,0,0,0,0,0,0,0,0,0,0,0,0,0,0,0,0,0,0,0,0,0,0,0,0,0,0,0,0,0,0,0,0,0,0,0,0,0,0,0,0,0,0,0,0,0,0,0,0,0,0,0,0,0,0,0,0,0,0,0,0,0,0,0,0,0,0,0,0,0,0,0,0,0,0,0,0,0,0,0,0,0,0,0,0,0,0,0,0,0,0,0,0,0,0,0,0,0,0,0,0,0,0,0,0,0,0,0,0,0,0,0,0,0,0,0,0,0,0,0,0,0,0,0,0,0,0,0,0,0,0,0,0,0,0,0,0,0,0,0,0,0,0,0,0,0,0,0,0,0,0,0,0,0,0,0,0,0,0,0,0,0,0,0,0,0,0,0,0,0,0,0,0,0,0,0,0,0,0,0,0,0,0,0,0,0,0,0,0,0,0,0,0,0,0,0,0,0,0,0,0,0,0,0,0,0,0,0,0,0,0,0,0,0,0,0,0,0,0,0,0,0,0,0,0,0,0,0,0,0,0,0,0,0,0,0,0,0,0,0,0,0,0,0,0,0,0,0,0,0,0,0,0,0,0,0,0,0,0,0,0,0,0,0,0,0,0,0,0,0,0,0,0,0,0,0,0,0,0,0,0,0,0,0,0,0,0,0,0,0,0,0,0,0,0,0,0,0,0,0,0,0,0,0,0,0,0,0,0,0,0,0,0,0,0,0,0,0,0,0,0,0,0,0,0,0,0,0,0,0,0,0,0,0,0,0,0,0,0,0,0,0,0,0,0,0,0,0,0,0,0,0,0,0,0,0,0,0,0,0,0,0,0,0,0,0,0,0,0,0,0,0,0,0,0,0,0,0,0,0,0,0,0,0,0,0,0,0,0,0,0,0,0,0,0,0,0,0,0,0,0,0,0,0,0,0,0,0,0,0,0,0,0,0,0,0,0,0,0,0,0,0,0,0,0,0,0,0,0,0,0,0,0,0,0,0,0,0,0,0,0,0,0,0,0,0,0,0,0,0,0,0,0,0,0,0,0,0,0,0,0,0,0,0,0,0,0,0,0,0,0,0,0,0,0,0,0,0,0,0,0,0,0,0,0,0,0,0,0,0,0,0,0,0,0,0,0,0,0,0,0,0,0,0,0,0,0,0,0,0,0,0,0,0,0,0,0,0,0,0,0,0,0,0,0,0,0,0,0,0,0,0,0,0,0,0,0,0,0,0,0,0,0,0,0,0,0,0,0,0,0,0,0,0,0,0,0,0,0,0,0,0,0,0,0,0,0,0,0,0,0,0,0,0,0,0,0,0,0,0,0,0,0,0,0,0,0,0,0,0,0,0,0,0,0,0,0,0,0,0,0,0,0,0,0,0,0,0,0,0,0,0,0,0,0,0,0,0,0,0,0,0,0,0,0,0,0,0,0,0,0,0,0,0,0,0,0,0,0,0,0,0,0,0,0,0,0,0,0,0,0,0,0,0,0,0,0,0,0,0,0,0,0,0,0,0,0,0,0,0,0,0,0,0,0,0,0,0,0,0,0,0,0,0,0,0,0,0,0,0,0,0,0,0,0,0,0,0,0,0,0,0,0,0,0,0,0,0,0,0,0,0,0,0,0,0,0,0,0,0,0,0,0,0,0,0,0,0,0,0,0,0,0,0,0,0,0,0,0,0,0,0,0,0,0,0,0,0,0,0,0,0,0,0,0,0,0,0,0,0,0,0,0,0,0,0,0,0,0,0,0,0,0,0,0,0,0,0,0,0,0,0,0,0,0,0,0,0,0,0,0,0,0,0,0,0,0,0,0,0,0,0,0,0,0,0,0,0,0,0,0,0,0,0,0,0,0,0,0,0,0,0,0,0,0,0,0,0,0,0,0,0,0,0,0,0,0,0,0,0,0,0,0,0,0,0,0,0,0,0,0,0,0,0,0,0,0,0,0,0,0,0,0,0,0,0,0,0,0,0,0,0,0,0,0,0,0,0,0,0,0,0,0,0,0,0,0,0,0,0,0,0,0,0,0,0,0,0,0,0,0,0,0,0,0,0,0,0,0,0,0,0,0,0,0,0,0,0,0,0,0,0,0,0,0,0,0,0,0,0,0,0,0,0,0,0,0,0,0,0,0,0,0,0,0,0,0,0,0,0,0,0,0,0,0,0,0,0,0,0,0,0,0,0,0,0,0,0,0,0,0,0,0,0,0,0,0,0,0,0,0,0,0,0,0,0,0,0,0,0,0,0,0,0,0,0,0,0,0,0,0,0,0,0,0,0,0,0,0,0,0,0,0,0,0,0,0,0,0,0,0,0,0,0,0,0,0,0,0,0,0,0,0,0,0,0,0,0,0,0,0,0,0,0,0,0,0,0,0,0,0,0,0,0,0,0,0,0,0,0,0,0,0,0,0,0,0,0,0,0,0,0,0,0,0,0,0,0,0,0,0,0,0,0,0,0,0,0,0,0,0,0,0,0,0,0,0,0,0,0,0,0,0,0,0,0,0,0,0,0,0,0,0,0,0,0,0,0,0,0,0,0,0,0,0,0,0,0,0,0,0,0,0,0,0,0,0,0,0,0,0,0,0,0,0,0,0,0,0,0,0,0,0,0,0,0,0,0,0,0,0,0,0,0,0,0,0,0,0,0,0,0,0,0,0,0,0,0,0,0,0,0,0,0,0,0,0,0,0,0,0,0,0,0,0,0,0,0,0,0,0,0,0,0,0,0,0,0,0,0,0,0,0,0,0,0,0,0,0,0,0,0,0,0,0,0,0,0,0,0,0,0,0,0,0,0,0,0,0,0,0,0,0,0,0,0,0,0,0,0,0,0,0,0,0,0,0,0,0,0,0,0,0,0,0,0,0,0,0,0,0.5592786,0.79889005,-0.60647064,0.38270006,-0.19193566,0.63727826,0.10099473,-0.26324344,-0.13228464,0.30419675,-0.2170481,-0.6807286,-0.7146196,-0.9732992,0.5290573,-0.20409612,-0.013126518,0.62288713,0.36046585,0.5338064,-0.05601193,0.17064755,0.032493196,-0.23244654,-0.6895072,-0.48752838,0.3245601,0.0104748495,-0.25871027,-0.6678486,0.5743173,-0.3239738,-0.27662715,-0.3239738,0.20979127,-1.238167,0.83868134,0.2355513,0.01982905,-0.017371885,0.009971161,-0.74714345,0.021987712,-0.17531396,-0.93228465,0.69009346,-0.22920854,0.3597463,0.7921982,0.17647593,0.674767,0.5605738,0.15560886,-0.098969296,0.3277981,0.12725845,-0.00794573,-0.11141758,-0.08774426,0.1079744,-0.10781981,-0.35923192,0.12351676,0.25231692,0.34175745,0.255411,-0.19431019,-0.15185651,-0.247845,-0.28317508,0.25577077,-0.23741145,-0.37103263,-0.1552384,-0.6569114,-0.28972304,-0.20560718,-0.30987054,-0.5568934,0.09336746,0.06336206,0.17014386,0.35291055,0.24576896,0.031198,0.29124478,0.1607177,-0.6160407,0.5671937,0.042854775,0.5382676,0.2187857,0.30333328,-0.3393003,-0.0255748,-0.30771187,0.41320914,0.07724945,-0.023919826,0.7817646,0.0027756228,-0.24511069,-0.07536793,0.15827121,0.061850995,-0.025071112,0.463434,0.3252077,0.10948546,0.25778553,0.54402405,0.5410019,0.37802297,0.29059717,0.41803017,-0.13537872,-0.08306716,-0.42399177,0.003711043,0.08286197,-0.1391204,0.5825921,-0.37635732,0.49286377,0.006445348,-0.46083295,0.5702158,-0.012550875,-0.102423154,0.09595785,-0.12364999,-0.04226845,0.16755345,0.30664322,0.034867726,0.16805714,-0.22165324,0.0038549537,0.00687708,0.6800917,0.1252437,-0.020825744,0.06444139,-0.31296462,-0.20934886,-0.41679624,-0.23259045,-0.40326864,0.082933925,0.060771666,0.45566285,0.24612874,-0.37722078,0.3810451,-0.13077357,0.31275943,0.04789165,-0.38319308,0.27563044,0.13769197,0.09804456,-0.040325653,0.031269956,-0.2084854,-0.11415188,0.01436044,0.31794024,-0.119188756,-0.11652641,0.13992259,0.24512137,-0.12861492,0.15179522,0.23691845,-0.30238718,-0.18862571,0.01889363,0.07969593,-0.4206099,0.42932716,-0.13645805,0.35398987,0.06429748,-0.30627277,-0.09242135,0.38708934,-0.11328842,0.08883426,0.24195533,0.20439462,-0.6464059,0.24274684,0.21554771,0.093511365,0.06825502,-0.26619363,-0.26533017,0.46141925,-0.13091749,-0.37822816,-0.121491335,-0.3547707,-0.088895544,-0.05709126,0.43753007,-0.3418907,0.2776452,0.007956411,0.11502603,0.14172147,0.4028476,0.08163873,0.22842772,0.00011327352,-0.16804647,-0.23841883,0.08415717,0.2597283,-0.41924274,0.040624157,-0.39851958,0.56273246,0.08696343,0.023714641,-0.528471,0.2885824,0.15237087,0.051849198,-0.37678903,0.30203807,0.3865137,0.07437123,0.30067092,0.23591109,0.16381177,-0.09932907,-0.2944721,-0.15228824,-0.37419865,0.29563406,-0.16300958,0.027888054,0.4170228,0.088114716,-0.18027888,-0.32145536,0.016303236,-0.6552564,-0.21100384,0.24548115,-0.14422923,0.2687947,-0.31598675,0.13546136,-0.667201,-0.27806625,-0.21129166,0.031773645,0.20353116,-0.37707686,0.09674936,-0.8036284,0.06213882,0.38003772,0.06084362,0.1026497,0.41349697,-0.4373755,-0.11926071,0.16532284,-0.005211425,0.26821905,-0.09882539,-0.38225767,-0.13732152,-0.0016856112,0.11646514,0.35499725,0.25922462,0.117904246,-0.05910601,-0.015501046,-0.1391204,0.50372905,0.23252918,0.009395518,-0.27813822,0.019757094,0.16884866,-0.39369857,-0.037159618,0.06127535,-0.2031607,0.41803017,0.42285118,-0.10292684,-0.083570845,-0.14422923,0.3831318,-0.2636032,0.012129824,-0.14530857,0.44760382,0.014792172,0.3300287,0.25274864,-0.05320567,-0.08860772,-0.368802,0.16445938,0.22223955,0.17417336,0.20108467,-0.25209036,0.48660365,0.18719728,-0.036727887,0.14064215,-0.28223968,0.3636319,-0.02931648,0.2852005,0.010978537,0.06336206,-0.5845243,0.06890263,0.2460568,-0.070690826,0.21482815,0.054367635,-0.018451216,0.24656047,0.4065173,0.2684349,-0.2605811,0.0039988644,0.07372364,0.25713792,0.01918145,0.11171608,0.12222157,-0.07112256,0.23310483,-0.7390844,-0.06515026,0.08271806,-0.10076818,0.20252378,-0.079325475,0.26987404,0.0063733924,0.5417934,0.027528277,-0.2146016,-0.31116572,0.019253407,0.5900755,-0.008665284,-0.3603832,-0.012047187,0.41162613,-0.07486424,0.093079634,0.123660676,-0.18963309,-0.5669671,0.037961807,0.015583682,0.18949986,0.37996575,-0.3554183,-0.31109378,-0.19013678,-0.2138101,0.0047903736,0.101642326,-0.4683163,0.41687888,-0.49450806,0.4362349,0.1252437,-0.49357265,-0.26612166,0.4606997,0.31319118,-0.28706068,0.04695623,0.070917375,0.22303106,-0.044211246,0.043790195,-0.36167842,-0.06097685,-0.010392213,0.4384655,-0.047952924,-0.023056362,-0.55948377,0.27196074,-0.18279733,0.35010427,0.13164772,-0.20582305,0.023138998,0.26821905,-0.037159618,0.009251608,0.09617372,0.2374941,0.12963296,-0.31915277,0.09221617,0.29110086,0.22439821,0.09567003,0.248935,0.34384415,0.3778071,-0.038166992,0.18698141,-0.5085394,-0.3451287,-0.38189787,0.09567003,-0.072129935,0.02436224,0.51948726,0.05789345,0.0027756228,0.29915985,0.100203216,-0.058602322,0.19763081,0.33067632,-0.0870247,-0.1926552,-0.35951975,-0.58697075,-0.14279012,0.25094974,-0.28533375,0.8084601,-0.28317508,0.05026618,-0.0670211,0.45328832,0.43321276,0.044725616,-0.052917846,0.20230791,0.066096365,-0.28957912,-0.033777714,-0.352684,-0.07572771,0.05228093,-0.30504954,0.04573299,0.35967433,-0.07860592,-0.20870127,0.5294171,-0.47925353,-0.3126768,-0.22647424,-0.26698512,-0.2521623,-0.03852677,0.30801037,0.00594166,-0.058818188,-0.11897289,-0.02463938,-0.03478509,0.010762671,0.5428728,0.08430108,-0.07824615,-0.1684782,0.022131622,0.46048385,0.12186179,-0.035792466,-0.21388204,0.021412069,-0.38456023,-0.0829952,-0.08486604,-0.060257297,-0.03975001,0.11488212,0.03026258,-0.02823715,-0.15646166,-0.0011819234,0.22598124,-0.059249923,-0.100480355,-0.26892793,0.16481915,0.24951065,-0.048240747,0.018605808,-0.23697972,-0.042772137,-0.35066923,-0.20963669,0.47221258,0.33938292,-0.09314091,-0.5112737,0.18640578,0.3010307,0.019253407,-0.59287107,-0.035504643,0.2020201,0.03450795,0.0939431,-0.022120941,0.20187618,0.12128615,-0.40060627,0.4684709,0.29304364,0.41738257,-0.14559639,-0.15387125,-0.21683222,0.28138688,-0.11789356,-0.18049476,0.30268568,-0.3867189,-0.06385507,-0.1831571,0.123804584,-0.33908442,-0.15271997,-0.009600704,-0.02291245,0.08019962,0.3121838,-0.065869816,-0.05946579,-0.008161596,-0.2674888,-0.10206338,-0.21280272,0.15222697,-0.0936446,0.32542357,0.036306832,0.03558728,0.27584633,-0.228489,0.23569521,-0.44759315,0.1681291,-0.14228643,0.40745273,0.027744142,0.123804584,-0.024207648,0.027672186,-0.15610187,0.08876231,-0.24935606,0.38680154,-0.27425262,-0.14610007,0.3050602,0.024722015,-0.074504465,-0.25050735,0.4170228,0.039616782,0.95287454,-0.2017216,0.04774774,0.09005751,0.3057078,-0.12077178,-0.04773706,0.36550274,-0.30497757,0.08214241,-0.052558072,-0.3060569,-0.18805006,-0.07572771,-0.13595437,-0.031259276,0.23878929,0.24972652,-0.48472214,-0.003916228,-0.16243395,0.1373322,0.1861899,0.08854645,0.02608917,0.24037232,0.19640757,0.06508899,0.34708214,-0.18984894,0.031701688,-0.034857046,-0.03449727,0.20108467,-0.09213354,0.19468065,-0.11940463,-0.35635373,0.11876771,-0.267201,0.25735378,-0.014565625,0.19029136,0.27786106,-0.06378311,0.110276975,0.037889853,-0.33188888,-0.20481567,0.016303236,0.046236675,-0.1312053,0.2308742,-0.34376153,0.33708036,0.35291055,-0.3416748,0.080487445,0.3939251,-0.117245965,-0.10062427,0.8749469,-0.005427291,-0.12580866,-0.08954314,-0.0829952,-0.23086353,-0.3052654,-0.14307795,-0.19013678,0.23713432,-0.119188756,-0.39628896,-0.49717042,0.40752468,-0.039102413,0.21468423,-0.0016856112,0.15510517,-0.33332798,-0.17027709,-0.10084014,-0.11220909,-0.37304738,-0.11832529,0.05710194,-0.38038683,0.4460208,0.20245183,-0.2499317,0.09969953,-0.19387846,-0.15257606,0.07070151,0.3652149,-0.060760986,-0.44730532,0.2015164,0.06789525,-0.27173418,-0.1583325,-0.10875523,0.05321635,0.36924443,-0.29015476,-0.06673328,-0.17020513,0.05192115,-0.07615944,-0.008377463,0.12869754,-0.10695634,-0.06097685,-0.5391204,0.21928938,-0.011471543,0.3258553,-0.3773647,0.2503741,0.4927918,-0.19776404,0.17295012,0.01061876,0.25627446,-0.2921695,-0.25691137,0.11977509,-0.37060088,-0.11983636,0.31937933,0.16647413,-0.18214972,0.01824603,0.1147382,-0.04924812,0.047819696,0.23339264,0.040840022,-0.51854116,-0.34743124,0.11711273,0.12452414,-0.036943752,-0.28742045,-0.27504414,-0.006866399,0.33592907,0.053072438,-0.043131914,0.0042147306,-0.41003242,0.050338134,0.13445398,-0.32778743,0.08545236,-0.043779515,0.020044915,0.24202728,0.045517124,0.057173897,-0.18833789,0.48063135,-0.3315291,0.032205377,-0.19905923,-0.011975232,0.41565564,-0.19841164,0.116609044,-0.12034004,-0.1957493,-0.09256527,0.029111294,-0.10774785,-0.17840804,-0.5547347,0.27563044,-0.07292145,0.11092457,0.155393,-0.055292375,0.09725305,0.06530485,-0.08090849,-0.12681603,-0.084578216,0.105024226,-0.5717162,-0.2225167,-0.0021173435,-0.5600594,-0.3028189,0.029471071,0.13409421,0.043790195,-0.23352587,0.3454272,-0.3455604,0.52495587,0.36219278,-0.60625476,0.25454754,0.07983984,0.15157937,-0.35513046,-0.0043479605,-0.29051453,0.0051501505,-0.4154291,-0.047233373,-0.13163704,-0.3178576,0.20309941,0.1555369,0.36176106,0.23886125,-0.017515797,0.09300768,-0.163945,0.15337825,0.026808722,-0.2899389,-0.44651383,0.48581213,-0.045938175,0.0071649016,-0.31972843,-0.15610187,-0.17747262,0.09336746,0.18043348,-0.18099844,0.0053660166,0.45141748,-0.283319,-0.15955573,0.11624927,-0.6895791,-0.07464837,-0.56229,-0.32519704,-0.11746183,-0.2339576,-0.0006782357,-0.19488582,-0.27051094,0.024937883,-0.19092828,0.3998974,0.049402714,0.15575278,-0.1738029,0.10524009,0.29786468,0.067607425,-0.20128986,0.1260352,-0.0716982,-0.3534755,0.15625647,-0.39441812,-0.20373634,0.021052292,0.07897638,0.09027337,0.2639017,-0.12458541,0.036594655,0.12984884,0.17971392,0.009611385,-0.10681243,-0.07270558,-0.058890145,0.103585124,0.14157757,0.19640757,0.08984164,-0.09673868,-0.21791156,0.22576536,0.06724765,-0.39988673,0.16373983,0.14265689,0.096821316,-0.11357624,-0.2213654,-0.03802308,-0.0019014773,0.17971392,-0.34843862,0.29995137,0.17345381,0.008532054,0.245697,-0.12832709,0.14819746,0.037889853,-0.18999286,0.22130413,0.12171788,0.14934875,-0.1117054,0.07753727,-0.32181513,0.26016006,0.058469094,-0.22892073,-0.25388923,0.49653348,0.47437122,-0.5079637,-0.055724107,0.1766918,-0.11372015,0.39104688,-0.15070522,-0.1097626,-0.07457642,-0.035144866,-0.19013678,0.15791143,0.009107697,-0.4745764,0.090129465,-0.25453684,-0.1383289,0.34938473,0.013856753,0.3401025,0.36722967,-0.22640228,-0.011039811,-0.35369137,0.024074418,-0.1402717,0.28073928,0.24404204,-0.35455483,0.06264251,-0.04694555,0.048035562,-0.21560898,0.058613002,-0.26273975,0.10380099,0.26606038,0.2671397,0.033644482,-0.041404985,-0.35714522,-0.13573849,0.0032073553,-0.10558919,-0.06500635,0.0792642,-0.46435875,-0.022264851,-0.2152492,0.011626136,0.14366427,-0.14696354,0.3531264,0.3105288,0.14582293,-0.06284769,-0.3665714,-0.15423103,0.026017213,-0.019098815,0.08063135,-0.11048216,-0.006434667,-0.064358756,0.099771485,0.009035742,-0.055724107,-0.054788686,-0.54019976,-0.12264262,-0.3047617,0.2657006,-0.069755405,0.16949625,0.18309583,-0.5030708,0.13294291,0.101210594,0.12114224,-0.16250591,0.17467704,-0.009528749,0.043286506,-0.16502434,0.2816747,-0.010176347,0.46156317,0.086315826,-0.16480848,-0.056371707,-0.055148464,-0.4434917,0.059836246,0.12984884,0.055734787,-0.15214433,0.18381537,-0.05442891,0.26001614,-0.002405165,-0.06327942,0.27937213,-0.033489894,-0.5071002,-0.35628176,0.21972112,0.24943869,-0.3176417,0.04069611,0.32391253,-0.0054992465,-0.16610368,0.14495946,-0.45126286,0.025369614,-0.3094388,0.096461535,-0.084650174,0.06487312,-0.3665714,0.020404693,-0.17905565,0.1315038,-0.038382858,-0.13617022,0.37759122,0.07163693,0.30484435,-0.033921625,0.047531873,0.120854415,0.032709066,0.06415357,0.1902194,-0.18603532,-0.40197343,-0.19481388,-0.5918637,0.38341963,0.39212623,0.8325651,0.5252437,0.7385195,-0.6448229,0.04170349,-0.91379213,0.16999994,1.4565623,-0.40434796,0.22454213,-0.5689819,-0.8689639,0.23497567,0.19986144,0.25584272,0.17122318,-0.2378432,0.13100012,-0.476879,-0.091917664,0.14618272,-0.40441993,0.5326551,-0.30375433,-0.6586383,-0.10263902,0.45882887,0.47062954,0.118839666,0.22857162,0.28261012,0.42306703,-0.80290884,0.25354016,-0.34901428,0.5091257,-1.0690719,-0.1297662,-0.10012058,0.18662164,-0.14322186,-0.80837744,0.4426389,0.29678532,-0.7631895,-0.52293044,-0.055939972,1.0532523,1.3708634,-0.0028368973,-0.27626738,-0.90357447,-0.15495059,-0.7292985,0.31779632,-0.2747563,0.5635959,-0.41873905,-0.40593097,0.9836715,0.84839535,0.5552491,0.5366846,-0.5771848,0.8999154,0.1347418,-0.23582844,0.016447147,0.0047184182,0.6241104,-0.7041861,-0.6834629,0.5422971,0.13092817,0.122725256,-0.28842783,-0.48321107,0.51322716,-0.2838227,-0.23726755,-0.36563596,-0.17099664,-0.14401338,0.46451333,0.6369184,0.47890443,0.11099653,-0.17531396,-0.24316789,-0.43903047,0.09128075,-0.3386527,0.72916526,0.16762541,-0.10400617,0.86372185,0.4863878,-0.46939564,-0.34642386,-0.38837385,-0.0823476,-0.05054332,-0.3516766,0.31808412,0.09041729,0.98964375,-0.2420166,-0.45198244,-0.4362242,0.33161175,-0.026222399,-0.069323674,-0.24388744,-0.15192845,0.6012286,-0.50904304,-0.36599573,-0.37765253,-0.4468736,-0.106740475,-0.67892975,-0.56387305,-0.5666793,-0.008593328,
0,0,0,0,0,0,0,0,0,0,0,1,0,0,0,0,0,0,0,0,0,0,0,0,0,0,0,0,0,0,0,0,0,0,0,0,0,0,0,0,0,0,0,0,0,0,0,0,0,0,0,0,0,0,0,0,0,0,0,0,0,0,0,0,0,0,0,0,0,0,0,0,0,0,0,0,0,0,0,0,0,0,0,0,0,0,0,0,0,0,0,0,0,0,0,0,0,0,0,0,0,0,0,0,0,0,0,0,0,0,0,0,0,0,0,0,0,0,0,0,0,0,0,0,0,0,0,0,0,0,0,0,0,0,0,0,0,0,0,0,0,0,0,0,0,0,0,0,0,0,0,0,0,0,0,0,0,0,0,0,0,0,0,0,0,0,0,0,0,0,0,0,0,0,0,0,0,0,0,0,0,0,0,0,0,0,0,0,0,0,0,0,0,0,0,0,0,0,0,0,0,0,0,0,0,0,0,0,0,0,0,0,0,0,0,0,0,0,0,0,0,0,0,0,0,0,0,0,0,0,0,0,0,0,0,0,0,0,0,0,0,0,0,0,0,0,0,0,0,0,0,0,0,0,0,0,0,0,0,0,0,0,0,0,0,0,0,0,0,0,0,0,0,0,0,0,0,0,0,0,0,0,0,0,0,0,0,0,0,0,0,0,0,0,0,0,0,0,0,0,0,0,0,0,0,0,0,0,0,0,0,0,0,0,0,0,0,0,0,0,0,0,0,0,0,0,0,0,0,0,0,0,0,0,0,0,0,0,0,0,0,0,0,0,0,0,0,0,0,0,0,0,0,0,0,0,0,0,0,0,0,0,0,0,0,0,0,0,0,0,0,0,0,0,0,0,0,0,0,0,0,0,0,0,0,0,0,0,0,0,0,0,0,0,0,0,0,0,0,0,0,0,0,0,0,0,0,0,0,0,0,0,0,0,0,0,0,0,0,0,0,0,0,0,0,0,0,0,0,0,0,0,0,0,0,0,0,0,0,0,0,0,0,0,0,0,0,0,0,0,0,0,0,0,0,0,0,0,0,0,0,0,0,0,0,0,0,0,0,0,0,0,0,0,0,0,0,0,0,0,0,0,0,0,0,0,0,0,0,0,0,0,0,0,0,0,0,0,0,0,0,0,0,0,0,0,0,0,0,0,0,0,0,0,0,0,0,0,0,0,0,0,0,0,0,0,0,0,0,0,0,0,0,0,0,0,0,0,0,0,0,0,0,0,0,0,0,0,0,0,0,0,0,0,0,0,0,0,0,0,0,0,0,0,0,0,0,0,0,0,0,0,0,0,0,0,0,0,0,0,0,0,0,0,0,0,0,0,0,0,0,0,0,0,0,0,0,0,0,0,0,0,0,0,0,0,0,0,0,0,0,0,0,0,0,0,0,0,0,0,0,0,0,0,0,0,0,0,0,0,0,0,0,0,0,0,0,0,0,0,0,0,0,0,0,0,0,0,0,0,0,0,0,0,0,0,0,0,0,0,0,0,0,0,0,0,0,0,0,0,0,0,0,0,0,0,0,0,0,0,0,0,0,0,0,0,0,0,0,0,0,0,0,0,0,0,0,0,0,0,0,0,0,0,0,0,0,0,0,0,0,0,0,0,0,0,0,0,0,0,0,0,0,0,0,0,0,0,0,0,0,0,0,0,0,0,0,0,0,0,0,0,0,0,0,0,0,0,0,0,0,0,0,0,0,0,0,0,0,0,0,0,0,0,0,0,0,0,0,0,0,0,0,0,0,0,0,0,0,0,0,0,0,0,0,0,0,0,0,0,0,0,0,0,0,0,0,0,0,0,0,0,0,0,0,0,0,0,0,0,0,0,0,0,0,0,0,0,0,0,0,0,0,0,0,0,0,0,0,0,0,0,0,0,0,0,0,0,0,0,0,0,0,0,0,0,0,0,0,0,0,0,0,0,0,0,0,0,0,0,0,0,0,0,0,0,0,0,0,0,0,0,0,0,0,0,0,0,0,0,0,0,0,0,0,0,0,0,0,0,0,0,0,0,0,0,0,0,0,0,0,0,0,0,0,0,0,0,0,0,0,0,0,0,0,0,0,0,0,0,0,0,0,0,0,0,0,0,0,0,0,0,0,0,0,0,0,0,0,0,0,0,0,0,0,0,0,0,0,0,0,0,0,0,0,0,0,0,0,0,0,0,0,0,0,0,0,0,0,0,0,0,0,0,0,0,0,0,0,0,0,0,0,0,0,0,0,0,0,0,0,0,0,0,0,0,0,0,0,0,0,0,0,0,0,0,0,0,0,0,0,0,0,0,0,0,0,0,0,0,0,0,0,0,0,0,0,0,0,0,0,0,0,0,0,0,0,0,0,0,0,0,0,0,0,0,0,0,0,0,0,0,0,0,0,0,0,0,0,0,0,0,0,0,0,0,0,0,0,0,0,0,0,0,0,0,0,0,0,0,0,0,0,0,0,0,0,0,0,0,0,0,0,0,0,0,0,0,0,0,0,0,0,0,0,0,0,0,0,0,0,0,0,0,0,0,0,0,0,0,0,0,0,0,0,0,0,0,0,0,0,0,0,0,0,0,0,0,0,0,0,0,0,0,0,0,0,0,0,0,0,0,0,0,0,0,0,0,0,0,0,0,0,0,0,0,0,0,0,0,0,0,0,0,0,0,0,0,0,0,0,0,0,0,0,0,0,0,0,0,0,0,0,0,0,0,0,0,0,0,0,0,0,0,0,0,0,0,0,0,0,0,0,0,0,0,0,0,0,0,0,0,0,0,0,0,0,0,0,0,0,0,0,0,0,0,0,0,0,0,0,0,0,0,0,0,0,0,0,0,0,0,0,0,0,0,0,0,0,0,0,0,0,0,0,0,0,0,0,0,0,0,0,0,0,0,0,0,0,0,0,0,0,0,0,0,0,0,0,0,0,0,0,0,0,0,0,0,0,0,0,0,0,0,0,0,0,0,0,0,0,0,0,0,0,0,0,0,0,0,0,0,0,0,0,0,0,0,0,0,0,0,0,0,0,0,0,0,0,0,0,0,0,0,0,0,0,0,0,0,0,0,0,0,0,0,0,0,0,0,0,0,0,0,0,0,0,0,0,0,0,0,0,0,0,0,0,0,0,0,0,0,0,0,0,0,0,0,0,0,0,0,0,0,0,0,0,0,0,0,0,0,0,0,0,0,0,0,0,0,0,0,0,0,0,0,0,0,0,0,0,0,0,0,0,0,0,0,0,0,0,0,0,0,0,0,0,0,0,0,0,0,0,0,0,0,0,0,0,0,0,0,0,0,0,0,0,0,0,0,0,0,0,0,0,0,0,0,0,0,0,0,0,0,0,0,0,0,0,0,0,0,0,0,0,0,0,0,0,0,0,0,0,0,0,0,0,0,0,0,0,0,0,0,0,0,0,0,0,0,0,0,0,0,0,0,0,0,0,0,0,0,0,0,0,0,0,0,0,0,0,0,0,0,0,0,0,0,0,0,0,0,0,0,0,0,0,0,0,0,0,0,0,0,0,0,0,0,0,0,0,0,0,0,0,0,0,0,0,0,0,0,0,0,0,0,0,0,0,0,0,0,0,0,0,0,0,0,0,0,0,0,0,0,0,0,0,0,0,0,0,0,0,0,0,0,0,0,0,0,0,0,0,0,0,0,0,0,0,0,0,0,0,0,0,0,0,0,0,0,0,0,0,0,0,0,0,0,0,0,0,0,0,0,0,0,0,0,0,0,0,0,0,0,0,0,0,0,0,0,0,0,0,0,0,0,0,0,0,0,0,0,0,0,0,0,0,0,0,0,0,0,0,0,0,0,0,0,0,0,0,0,0,0,0,0,0,0,0,0,0,0,0,0,0,0,0,0,0,0,0,0,0,0,0,0,0,0,0,0,0,0,0,0,0,0,0,0,0,0,0,0,0,0,0,0,0,0,0,0,0,0,0,0,0,0,0,0,0,0,0,0,0,0,0,0,0,0,0,0,0,0,0,0,0,0,0,0,0,0,0,0,0,0,0,0,0,0,0,0,0,0,0,0,0,0,0,0,0,0,0,0,0,0,0,0,0,0,0,0,0,0,0,0,0,0,0,0,0,0,0,0,0,0,0,0,0,0,0,0,0,0,0,0,0,0,0,0,0,0,0,0,0,0,0,0,0,0,0,0,0,0,0,0,0,0,0,0,0,0,0,0,0,0,0,0,0,0,0,0,0,0,0,0,0,0,0,0,0,0,0,0,0,0,0,0,0,0,0,0,0,0,0,0,0,0,0,0,0,0,0,0,0,0,0,0,0,0,0,0,0,0,0,0,0,0,0,0,0,0,0,0,0,0,0,0,0,0,0,0,0,0,0,0,0,0,0,0,0,0,0,0,0,0,0,0,0,0,0,0,0,0,0,0,0,0,0,0,0,0,0,0,0,0,0,0,0,0,0,0,0,0,0,0,0,0,0,0,0,0,0,0,0,0,0,0,0,0,0,0,0,0,0,0,0,0,0,0,0,0,0,0,0,0,0,0,0,0,0,0,0,0,0,0,0,0,0,0,0,0,0,0,0,0,0,0,0,0,0,0,0,0,0,0,0,0,0,0,0,0,0,0,0,0,0,0,0,0,0,0,0,0,0,0,0,0,0,0,0,0,0,0,0,0,0,0,0,0,0,0,0,0,0,0,0,0,0,0,0,0,0,0,0,0,0,0,0,0,0,0,0,0,0,0,0,0,0,0,0,0,0,0,0,0,0,0,0,0,0,0,0,0,0,0,0,0,0,0,0,0,0,0,0,0,0,0,0,0,0,0,0,0,0,0,0,0,0,0,0,0,0,0,0,0,0,0,0,0,0,0,0,0,0,0,0,0,0,0,0,0,0,0,0,0,0,0,0,0,0,0,0,0,0,0,0,0,0,0,0,0,0,0,0,0,0,0,0,0,0,0,0,0,0,0,0,0,0,0,0,0,0,0,0,0,0,0,0,0,0,0,0,0,0,0,0,0,0,0,0,0,0,0,0,0,0,0,0,0,0,0,0,0,0,0,0,0,0,0,0,0,0,0,0,0,0,0,0,0,0,0,0,0,0,0,0,0,0,0,0,0,0,0,0,0,0,0,0,0,0,0,0,0,0,0,0,0,0,0,0,0,0,0,0,0,0,0,0,0,0,0,0,0,0,0,0,0,0,0,0,0,0,0,0,0,0,0,0,0,0,0,0,0,0,0,0,0,0,0,0,0,0,0,0,0,0,0,0,0,0,0,0,0,0,0,0,0,0,0,0,0,0,0,0,0,0,0,0,0,0,0,0,0,0,0,0,0,0,0,0,0,0,0,0,0,0,0,0,0,0,0,0,0,0,0,0,0,0,0,0,0,0,0,0,0,0,0,0,0,0,0,0,0,0,0,0,0,0,0,0,0,0,0,0,0,0,0,0,0,0,0,0,0,0,0,0,0,0,0,0,0,0,0,0,0,0,0,0,0,0,0,0,0,0,0,0,0,0,0,0,0,0,0,0,0,0,0,0,0,0,0,0,0,0,0,0,0,0,0,0,0,0,0,0,0,0,0,0,0,0,0,0,0,0,0,0,0,0,0,0,0,0,0,0,0,0,0,0,0,0,0,0,0,0,0,0,0,0,0,0,0,0,0,0,0,0,0,0,0,0,0,0,0,0,0,0,0,0,0,0,0,0,0,0,0,0,0,0,0,0,0,0,0,0,0,0,0,0,0,0,0,0,0,0,0,0,0,0,0,0,0,0,0,0,0,0,0,0,0,0,0,0,0,0,0,0,0,0,0,0,0,0,0,0,0,0,0,0,0,0,0,0,0,0,0,0,0,0,0,0,0,0,0,0,0,0,0,0,0,0,0,0,0,0,0,0,0,0,0,0,0,0,0,0,0,0,0,0,0,0,0,0,0,0,0,0,0,0,0,0,0,0,0,0,0,0,0,0,0,0,0,0,0,0,0,0,0,0,0,0,0,0,0,0,0,0,0,0,0,0,0,0,0,0,0,0,0,0,0,0,0,0,0,0,0,0,0,0,0,0,0,0,0,0,0,0,0,0,0,0,0,0,0,0,0,0,0,0,0,0,0,0,0,0,0,0,0,0,0,0,0,0,0,0,0,0,0,0,0,0,0,0,0,0,0,0,0,0,0,0,0,0,0,0,0,0,0,0,0,0,0,0,0,0,0,0,0,0,0,0,0,0,0,0,0,0,0,0,0,0,0,0,0,0,0,0,0,0,0,0,0,0,0,0,0,0,0,0,0,0,0,0,0,0,0,0,0,0,0,0,0,0,0,0,0,0,0,0,0,0,0,0,0,0,0,0,0,0,0,0,0,0,0,0,0,0,0,0,0,0,0,0,0,0,0,0,0,0,0,0,0,0,0,0,0,0,0,0,0,0,0,0,0,0,0,0,0,0,0,0,0,0,0,0,0,0,0,0,0,0,0,0,0,0,0,0,0,0,0,0,0,0,0,0,0,0,0,0,0,0,0,0,0,0,0,0,0,0,0,0,0,0,0,0,0,0,0,0,0,0,0,0,0,0,0,0,0,0,0,0,0,0,0,0,0,0,0,0,0,0,0,0,0,0,0,0,0,0,0,0,0,0,0,0,0,0,0,0,0,0,0,0,0,0,0,0,0,0,0,0,0,0,0,0,0,0,0,0,0,0,0,0,0,0,0,0,0,0,0,0,0,0,0,0,0,0,0,0,0,0,0,0,0,0,0,0,0,0,0,0,0,0,0,0,0,0,0,0,0,0,0,0,0,0,0,0,0,0,0,0,0,0,0,0,0,0,0,0,0,0,0,0,0,0,0,0,0,0,0,0,0,0,0,0,0,0,0,0,0,0,0,0,0,0,0,0,0,0,0,0,0,0,0,0,0,0,0,0,0,0,0,0,0,0,0,0,0,0,0,0,0,0,0,0,0,0,0,0,0,0,0,0,0,0,0,0,0,0,0,0,0,0,0,0,0,0,0,0,0,0,0,0,0,0,0,0,0,0,0,0,0,0,0,0,0,0,0,0,0,0,0,0,0,0,0,0,0,0,0,0,0,0,0,0,0,0,0,0,0,0,0,0,0,0,0,0,0,0,0,0,0,0,0,0,0,0,0,0,0,0,0,0,0,0,0,0,0,0,0,0,0,0,0,0,0,0,0,0,0,0,0,0,0,0,0,0,0,0,0,0,0,0,0,0,0,0,0,0,0,0,0,0,0,0,0,0,0,0,0,0,0,0,0,0,0,0,0,0,0,0,0,0,0,0,0,0,0,0,0,0,0,0,0,0,0,0,0,0,0,0,0,0,0,0,0,0,0,0,0,0,0,0,0,0,0,0,0,0,0,0,0,0,0,0,0,0,0,0,0,0,0,0,0,0,0,0,0,0,0,0,0,0,0,0,0,0,0,0,0,0,0,0,0,0,0,0,0,0,0,0,0,0,0,0,0,0,0,0,0,0,0,0,0,0,0,0,0,0,0,0,0,0,0,0,0,0,0,0,0,0,0,0,0,0,0,0,0,0,0,0,0,0,0,0,0,0,0,0,0,0,0,0,0,0,0,0,0,0,0,0,0,0,0,0,0,0,0,0,0,0,0,0,0,0,0,0,0,0,0,0,0,0,0,0,0,0,0,0,0,0,0,0,0,0,0,0,0,0,0,0,0,0,0,0,0,0,0,0,0,0,0,0,0,0,0,0,0,0,0,0,0,0,0,0,0,0,0,0,0,0,0,0,0,0,0,0,0,0,0,0,0,0,0,0,0,0,0,0,0,0,0,0,0,0,0,0,0,0,0,0,0,0,0,0,0,0,0,0,0,0,0,0,0,0,0,0,0,0,0,0,0,0,0,0,0,0,0,0,0,0,0,0,0,0,0,0,0,0,0,0,0,0,0,0,0,0,0,0,0,0,0,0,0,0,0,0,0,0,0,0,0,0,0,0,0,0,0,0,0,0,0,0,0,0,0,0,0,0,0,0,0,0,0,0,0,0,0,0,0,0,0,0,0,0,0,0,0,0,0,0,0,0,0,0,0,0,0,0,0,0,0,0,0,0,0,0,0,0,0,0,0,0,0,0,0,0,0,0,0,0,0,0,0,0,0,0,0,0,0,0,0,0,0,0,0,0,0,0,0,0,0,0,0,0,0,0,0,0,0,0,0,0,0,0,0,0,0,0,0,0,0,0,0,0,0,0,0,0,0,0,0,0,0,0,0,0,0,0,0,0,0,0,0,0,0,0,0,0,0,0,0,0,0,0,0,0,0,0,0,0,0,0,0,0,0,0,0,0,0,0,0,0,0,0,0,0,0,0,0,0,0,0,0,0,0,0,0,0,0,0,0,0,0,0,0,0,0,0,0,0,0,0,0,0,0,0,0,0,0,0,0,0,0,0,0,0,0,0,0,0,0,0,0,0,0,0,0,0,0,0,0,0,0,0,0,0,0,0,0,0,0,0,0,0,0,0,0,0,0,0,0,0,0,0,0,0,0,0,0,0,0,0,0,0,0,0,0,0,0,0,0,0,0,0,0,0,0,0,0,0,0,0,0,0,0,0,0,0,0,0,0,0,0,0,0,0,0,0,0,0,0,0,0,0,0,0,0,0,0,0,0,0,0,0,0,0,0,0,0,0,0,0,0,0,0,0,0,0,0,0,0,0,0,0,0,0,0,0,0,0,0,0,0,0,0,0,0,0,0,0,0,0,0,0,0,0,0,0,0,0,0,0,0,-0.18518348,0.51330096,-0.86332375,-0.021676326,-0.16525026,0.41541588,-0.24470912,-0.58864266,0.5067251,-1.1176605,0.016066631,-0.13374071,0.3242437,-0.56268156,0.04134277,0.30068004,-0.22751586,-0.13339822,-0.48479816,-0.63851,0.122925095,-0.2660123,-0.20052725,-0.5160337,-0.15079696,0.16724396,0.44747344,-0.28628802,0.59241736,0.29252866,0.24430536,-0.33471683,-0.34156674,0.116486184,-0.41479218,-0.24854507,-0.048733436,0.059495006,0.373837,0.16895643,0.12504856,0.18430021,0.55720884,0.5030946,0.5163149,0.0529876,-1.1256064,-0.012976951,-0.17908706,0.6394077,-0.5495982,0.024834506,0.10258089,-0.019826852,0.6098161,0.5122735,-0.37376127,-0.287795,0.11497921,-0.04037656,-0.8641457,0.16875094,0.63427025,0.47110558,0.05154912,0.1371729,0.53624815,-1.224519,-0.2668343,0.39561966,0.35383528,-0.6230292,-0.14792001,0.5875539,-0.41020274,0.2751299,-0.356705,-0.27299923,0.3862353,-0.072845094,-0.056062832,0.12648705,-0.24094167,-0.3290999,-0.15744138,0.12450057,-0.17381264,0.015998133,-0.2800546,0.01545014,-0.19285536,0.13347395,0.020382069,-0.13990563,-0.5517902,-0.4756878,0.40685353,0.109225295,-0.13127474,-0.54158384,0.373974,-0.15319444,-0.07990049,0.23238651,-0.10401214,0.19375308,-0.083804935,0.41979983,0.46699566,-0.44239727,0.07545528,0.11991114,-0.13689166,-0.40869576,-0.34190923,0.19505456,-0.12380836,0.20690489,-0.0059215524,0.0035998106,0.1088828,-0.021744825,0.6423531,-0.113876,0.06065949,0.5957053,0.25321022,0.05593306,0.52302784,-0.22696787,0.10717032,0.1927256,-0.11613647,-0.16703124,0.45219988,-0.2047742,-0.4965115,-0.6439214,0.8482612,0.5555649,-0.047431957,-0.4263685,-0.12483584,-0.39465347,0.66166985,-0.41609365,0.082716174,0.1084033,-0.37629572,-0.1560029,0.055864558,0.515493,-0.103190154,-0.046815466,-0.22388542,-0.3997224,-0.17429213,-0.43020445,-0.048322443,-0.3637604,-0.3721858,0.015929634,0.46103624,0.028944446,-0.12469885,0.41760787,0.4928198,0.19820552,0.3158183,-0.13052127,-0.06044677,0.13114497,0.49549124,-0.016196406,0.34431392,-0.03112919,-0.02695075,-0.20223974,0.083195664,0.509876,-0.5066494,-0.43116343,-0.04017106,0.13765238,0.337738,-0.018936366,-0.15812637,-0.33163437,0.18436871,-0.41486067,0.25094974,0.28732273,-0.3783507,-0.392256,-0.023320302,-0.46397448,0.18012178,0.28321278,-0.43849283,-0.49938846,0.022231543,0.019971075,-0.7185168,0.12607604,-0.11599947,-0.015031922,-0.41828564,-0.6537852,-0.00400358,-0.38581708,-0.2813561,0.41205943,0.16717546,-0.28169858,-0.018456873,0.14799574,-0.43116343,0.23608547,0.13121347,0.21217932,0.11381473,0.051138125,0.6179675,0.39068773,0.16950442,-0.0059215524,0.020450568,-0.16456527,0.16169554,-0.5572016,0.20512392,0.20368543,-0.41499767,-0.05482985,0.006202773,-0.3423202,0.30814645,-0.07503706,0.3022555,-0.43513638,0.10244389,0.23992142,0.082784675,0.3661651,0.109567784,-0.183471,0.054768573,-0.30005634,0.0077782506,-0.11839694,0.19491756,-0.07366708,0.077099256,0.07744175,0.16717546,0.033191387,-0.39732492,0.26629353,-0.035581626,0.0038738067,0.6303658,-0.064830706,0.164093,0.27814385,-0.19648582,-0.07702353,0.34862936,0.30972192,0.23163304,-0.18463549,0.019217586,0.15833908,0.2618411,-0.05626833,0.10381387,0.34157395,0.1573801,-0.5461733,-0.022224318,0.08894958,0.07490729,0.4491174,-0.26238185,0.25834766,-0.05688482,0.4824764,0.15916108,0.17971078,-0.0020856077,-0.18641646,0.75126654,-0.24943556,0.008189244,-0.28375354,-0.17929256,-0.31471512,0.55659235,0.07908572,0.086757615,0.16217503,-0.06743367,-0.51555425,-0.04366451,-0.53350097,-0.5997395,-0.15333143,0.27375993,0.0670299,-0.15929085,0.30883142,0.1355289,-0.07373558,-0.14298809,-0.20011626,-0.20717166,0.21026134,0.46589968,0.59810275,0.6026237,-0.15367393,0.23896243,0.019286085,-0.0096205,0.9021699,0.09374452,-0.49384004,-0.26566982,0.07264682,0.28321278,0.13559741,0.011134702,0.17710781,-0.2936859,0.24314086,-0.0373626,-0.059350785,-0.27916414,0.23437299,0.24327786,-0.2943024,0.45309034,-0.24724358,-0.17127818,-0.008524515,0.3584932,0.28821322,-0.08825737,-0.5235001,-0.04510299,-0.20902114,0.089634575,0.25218275,0.44884342,-0.12510984,0.024971504,0.0810722,0.45172036,-0.41061375,0.1088143,0.15203717,-0.25162753,0.010312714,0.5351522,0.07840074,-0.0014691165,0.06744089,-0.15100247,0.16991542,0.58070403,-0.24381863,0.23135903,-0.50740284,0.4550768,-0.3993799,0.17409386,0.22992055,-0.36971983,-0.2174465,-0.32752442,0.08422315,-0.12147939,-0.33156586,0.015107645,-0.29272693,-0.20100676,-0.18579997,-0.12476734,-0.2459421,-0.0037295842,0.41822436,-0.04304802,-0.15970184,0.013669166,0.24512734,-0.037225604,0.408018,-0.3986949,-0.12572633,-0.1836765,-0.19826679,0.47165358,-0.1207259,0.056138556,-0.17792258,-0.02215582,0.10552634,-0.321839,0.008737236,0.06839988,0.32835364,-0.022498315,-0.14607054,-0.32088003,-0.12908278,-0.21641903,0.34595788,0.34294394,-0.2754652,0.5886499,0.006339771,0.17210738,0.4976147,0.2269751,0.34904036,0.21402879,0.06408444,0.29129568,-0.17908706,0.47124258,0.31677732,0.15374964,0.092991024,-0.5249386,0.44658294,-0.2390922,0.16964142,0.13203546,-0.35375956,0.3597262,-0.2880005,0.6022127,0.040794775,-0.05277488,-0.23450276,-0.004277576,-0.40321586,0.046411697,-0.4203406,-0.0373626,-0.18908791,-0.20141774,0.22293366,-0.31875655,-0.5122663,0.23642796,0.15457164,0.23861994,0.33595702,0.2132068,0.24814129,-0.30971467,-0.07421507,-0.07585905,-0.21730952,0.33513504,0.1649835,-0.10401214,0.23642796,0.3168458,0.028122459,0.2563612,0.037986316,-0.083667934,0.18094376,0.3312991,0.15964057,0.23875692,-0.15579739,0.16169554,-0.039691567,-0.117026955,-0.25272352,0.1225141,0.103950866,-0.034485642,0.06483793,0.32047626,-0.14120711,-0.3292369,-0.1417551,0.5022041,-0.44794568,0.2122478,-0.38862556,0.4975462,-0.10545062,0.22903007,-0.15326293,-0.25162753,0.12511706,0.130323,-0.28621954,-0.25683343,0.35828772,-0.4884971,-0.08353094,0.060179997,-0.1695657,-0.27847913,-0.30793372,-0.1417551,-0.11113604,-0.10305316,-0.28608254,-0.23100932,0.38171437,-0.08106497,0.17279238,-0.07476306,-0.4474662,-0.22196744,-0.18244351,0.3160923,-0.22272094,-0.08195546,-0.22039197,0.23615396,-0.22833785,-0.4839762,0.1845742,-0.31375614,0.1850537,-0.38979003,-0.35526654,0.23786645,-0.012428959,0.28704873,-0.37622723,0.06963286,0.23656496,-0.17819658,-0.20011626,-0.39979088,0.25101826,0.10312888,0.59776026,0.12785703,0.28115782,0.30663946,-0.009004008,0.03483536,0.47487304,0.09552549,0.032369398,-0.19422534,-0.09366879,-0.2458051,-0.22121395,-0.09949121,-0.33944327,0.23683895,-0.37992617,0.4982997,0.35136932,-0.05339137,-0.19497883,-0.1551124,-0.026813753,0.13593991,0.42678672,0.09196354,-0.043322016,0.4221288,0.5189179,0.06250896,-0.29039797,0.12703504,-0.08257195,-0.07996899,-0.14497456,-0.3212225,-0.21258308,-0.6298106,0.113746226,0.11586969,0.054700077,-0.18237501,-0.023662798,0.16895643,0.020519067,-0.18532047,-0.17319615,-0.04037656,0.12025363,0.109704785,0.2763629,0.29335064,-0.1763471,0.32191473,-0.23539326,0.29451513,-0.3715693,-0.26190236,-0.0057160556,-0.5392549,-0.06496771,-0.19175938,-0.018662369,-0.323757,0.3241067,-0.11805444,-0.0793525,0.06792039,-0.13339822,0.2823908,0.13765238,-0.23607825,0.1442968,0.09908744,0.110252775,0.3173253,0.4417195,-0.2323108,0.11436272,-0.02133383,0.34794435,-0.13024727,0.06059099,-0.058734294,0.21964571,0.49021682,-0.16497627,-0.38163865,-0.063666224,-0.4259575,0.3642471,0.2547172,-0.20566468,-0.4199981,-0.23333828,0.34951985,-0.14490606,-0.565901,0.10538935,0.36356214,-0.3100572,0.046959687,0.27882886,-0.2521755,0.5230963,-0.24470912,0.18313573,0.19101311,0.07045485,-0.03407465,0.047302183,0.19697253,0.16080505,-0.073941074,-0.08270895,-0.1762101,-0.45733008,0.035177857,0.03353388,0.2340305,-0.096340254,-0.0032500909,-0.38718706,-0.16374329,-0.20244522,-0.041198544,0.09847095,0.014422655,0.18402621,-0.13798766,0.19834252,0.29499462,-0.38965303,-0.026402758,-0.14476906,0.06990686,-0.25060004,-0.13689166,-0.06298123,0.28424028,0.19546555,0.69790584,0.13696739,-0.12230138,-0.13237074,0.25944364,0.017299613,-0.3706788,-0.13606969,-0.38581708,-0.097504735,-0.12428785,0.08203118,-0.08510642,0.13313144,-0.010099992,-0.3844471,0.39644167,-0.19217038,0.010929205,0.29013118,0.11169126,-0.05188439,0.0037368087,-0.13154875,-0.20128074,0.30663946,-0.107779585,-0.0793525,0.16868244,-0.19833529,-0.25765544,-0.12209588,0.041548263,-0.34944412,0.13326845,-0.107916586,0.04969965,0.00044885586,-0.24662709,-0.07592755,0.011614195,0.10114241,0.057577036,-0.1414811,-0.026539756,0.21142583,-0.14771451,-0.20004776,-0.13154875,-0.21367906,0.2203992,-0.36821285,-0.011058979,-0.20621267,0.164778,0.43815756,0.032369398,0.7681858,0.060385495,0.20758988,0.23649646,-0.35882849,0.016409127,0.3518488,-0.0061955485,0.53535765,0.033739377,-0.104354635,-0.12024641,-0.38417313,-0.15141346,0.27677387,-0.2521755,-0.07592755,-0.1418921,-0.4408903,-0.041130047,-0.012908452,0.022300042,0.05367259,0.03278039,-0.22470741,-0.0059900517,0.11518471,-0.27745166,0.3103384,0.18841015,-0.13586418,0.14785874,-0.1560029,0.028944446,0.10812931,0.29348764,-0.3716378,0.46514618,0.1778613,-0.08113347,0.09168954,0.022231543,0.42733473,0.023259029,-0.57562786,-0.29265842,0.5407691,0.19471206,0.39651015,0.20026049,0.17690232,-0.12819229,0.2548542,-0.12298637,-0.04784295,0.026204485,-0.27005374,0.26464957,-0.04996642,-0.40403783,0.109704785,-0.07496856,-0.104971126,-0.3162906,-0.113670506,-0.06976263,0.3442454,0.30020055,0.10997878,-0.29916584,0.22978356,-0.0048255683,-0.04510299,0.22224867,-0.0045515723,-0.23696873,-0.24128416,0.49412125,0.4000721,-0.10284766,0.07723625,0.32232574,-0.045719482,0.18841015,0.33287457,-0.42116258,0.06339945,0.18032727,-0.028868722,0.17046341,0.28924072,-0.0047570695,0.29293966,-0.28574002,0.46028274,-0.11798594,-0.030718196,-0.182786,-0.059350785,0.1857387,0.3040365,0.1919036,0.06408444,0.20395944,-0.23285879,0.20156196,0.00990172,0.1781353,0.08936058,0.14600927,0.005928777,0.28170583,-0.07277659,-0.26553282,0.0742908,-0.04523999,-0.12312337,-0.012291961,-0.3440327,0.12717204,-0.35451305,-0.021128334,-0.29738486,0.36226067,0.06285146,-0.15977034,0.06970136,0.23635946,-0.10860158,0.17984778,-0.20134924,-0.032978665,-0.16579826,0.3452044,-0.11264302,0.6868775,0.28773373,0.16614798,-0.5102798,-0.18244351,0.34691688,0.06887937,-0.17531961,-0.09538127,0.1015534,-0.07476306,-0.30217978,0.22964656,-0.02763574,-0.14045362,0.338971,-0.390749,0.24238738,-0.4821267,-0.15401642,-0.13833015,-0.3088242,0.026546981,-0.28964448,0.07257832,-0.046609968,-0.2181315,0.029218443,0.026820976,0.28067833,0.083195664,0.099840924,0.043534737,-0.07674953,0.44130853,0.09374452,0.41973132,-0.23251629,-0.1283978,0.08196268,0.4500079,-0.09202482,-0.33533332,-0.1000392,0.11134876,-0.055309344,0.1984795,-0.30320728,0.011819692,0.25718316,0.11840416,-0.10825908,-0.16744223,-0.066543184,-0.09565526,-0.15004349,-0.030855194,0.012230687,0.09778596,0.2125903,-0.16600375,0.122925095,0.1849167,-0.106683604,0.18978013,0.21800172,0.2618411,0.20204146,-0.008456016,-0.100861184,0.2192347,0.25738865,0.25848463,-0.11517748,0.20286344,-0.10634111,-0.35512954,-0.042089034,-0.08120197,0.15395515,-0.060583767,-0.15394792,0.14621475,0.06593391,0.047233682,0.13052848,-0.10647811,-0.4691119,-0.12010941,0.31253037,0.10360837,0.21574126,0.102717884,0.014422655,0.199096,0.2753354,-0.039006576,-0.19566382,-0.06243324,-0.65220976,0.15642111,-0.12565783,-0.14970098,0.0599745,-0.37588474,-0.084421426,0.39075625,0.35678074,0.27149945,-0.088325866,-0.0027705978,0.3596577,-0.16620925,-0.182786,-0.15024897,0.006545268,0.40363407,0.1441598,-0.055651836,-0.08990134,-0.18025155,-0.2105966,-0.06051527,-0.0046200715,-0.14470056,0.30622846,-0.04996642,-0.025443772,0.0460692,0.020450568,-0.19134839,0.055522066,0.029697936,0.0035998106,-0.3154001,0.033191387,0.000996848,0.057508536,0.32068175,-0.27683514,0.18388923,0.13484393,0.33417606,0.30177602,-0.064762205,0.09922443,-0.81092197,-0.84921294,0.105663344,0.47295508,-0.0096205,-0.182786,1.5046872,-0.1899099,-0.77290505,-0.08873686,1.3506329,0.038191814,-1.5773574,0.68722,0.6233789,0.8660709,1.171782,0.038397312,-0.8243478,0.07860623,0.0742908,-0.47945523,0.34342343,0.719209,1.5280454,0.10114241,1.2404865,-0.13278173,1.037661,-0.19018391,-0.44376725,0.13806337,0.57358015,0.6243379,-0.50034744,1.489823,-0.2175835,0.79832536,-1.0964259,0.7849681,0.89168954,0.94765323,-0.33588132,-0.15922235,-0.739409,0.23944192,-0.7630412,-0.8309237,-0.12538384,0.83805484,-1.2067093,-1.4208372,0.862098,0.68317854,-0.18662195,-0.5616541,-0.87599605,-0.44260278,-1.3211712,-0.4267795,-0.56322956,0.9812862,0.825588,-0.16662024,0.6944809,0.09799145,0.8299034,0.49610773,-0.065378696,-0.32368848,-0.4750028,-0.93606967,0.9774503,0.29485762,-0.10127218,0.7807211,0.06271446,-0.060926262,-0.7470809,0.9342274,-0.07606454,-1.3959036,-0.1701137,0.4630227,-0.5788473,-1.2154771,0.035999846,-0.9544274,-1.1656098,-1.2902781,0.9084033,-0.82825226,-0.40479133,1.0430039,-0.28731552,0.7986679,-0.8036611,0.64214766,0.028533451,0.8033943,0.9288845,0.25971764,-0.16538726,-0.062022246,0.12792553,0.17066891,0.54124856,-0.8002361,1.1732205,0.76667887,-0.4263685,0.19642454,0.10812931,-0.22580339,0.46055675,0.40671653,-0.73440856,0.024081016,-1.3323364,0.5119995,-0.21032262,0.50083417,-0.4132167,0.08566163,-0.24340764,-0.3502661,0.5273433,0.8237385,
0,0,1,0,0,0,0,1,0,0,0,0,0,0,0,0,0,1,0,1,0,0,0,0,0,0,0,0,0,0,0,0,0,0,0,0,0,0,0,0,0,0,0,0,0,0,0,0,1,0,0,0,0,0,0,0,0,0,0,0,0,0,0,0,0,0,0,0,0,0,0,0,0,0,0,0,0,0,0,0,0,0,0,0,0,0,0,0,0,0,0,0,0,0,0,0,0,0,0,0,0,0,0,0,0,0,0,0,0,0,0,0,0,0,0,0,0,0,0,0,0,0,0,0,0,0,0,0,0,0,0,0,0,0,0,0,0,0,0,0,0,0,0,0,0,0,0,0,0,0,0,0,0,0,0,0,0,0,0,0,0,0,0,0,0,0,0,0,0,0,0,0,0,0,0,0,0,0,0,0,0,0,0,0,0,0,0,0,0,0,0,0,0,0,0,0,0,0,0,0,0,0,0,0,0,0,0,0,0,0,0,0,0,0,0,0,0,0,0,0,0,0,0,0,0,0,0,0,0,0,0,0,0,0,0,0,0,0,0,0,0,0,0,0,0,0,0,0,0,0,0,0,0,0,0,0,0,0,0,0,0,0,0,0,0,0,0,0,0,0,0,0,0,0,0,0,0,0,0,0,0,0,0,0,0,0,0,0,0,0,0,0,0,0,0,0,0,0,0,0,0,0,0,0,0,0,0,0,0,0,0,0,0,0,0,0,0,0,0,0,0,0,0,0,0,0,0,0,0,0,0,0,0,0,0,0,0,0,0,0,0,0,0,0,0,0,0,0,0,0,0,0,0,0,0,0,0,0,0,0,0,0,0,0,0,0,0,0,0,0,0,0,0,0,0,0,0,0,0,0,0,0,0,0,0,0,0,0,0,0,0,0,0,0,0,0,0,0,0,0,0,0,0,0,0,0,0,0,0,0,0,0,0,0,0,0,0,0,0,0,0,0,0,0,0,0,0,0,0,0,0,0,0,0,0,0,0,0,0,0,0,0,0,0,0,0,0,0,0,0,0,0,0,0,0,0,0,0,0,0,0,0,0,0,0,0,0,0,0,0,0,0,0,0,0,0,0,0,0,0,0,0,0,0,0,0,0,0,0,0,0,0,0,0,0,0,0,0,0,0,0,0,0,0,0,0,0,0,0,0,0,0,0,0,0,0,0,0,0,0,0,0,0,0,0,0,0,0,0,0,0,0,0,0,0,0,0,0,0,0,0,0,0,0,0,0,0,0,0,0,0,0,0,0,0,0,0,0,0,0,0,0,0,0,0,0,0,0,0,0,0,0,0,0,0,0,0,0,0,0,0,0,0,0,0,0,0,0,0,0,0,0,0,0,0,0,0,0,0,0,0,0,0,0,0,0,0,0,0,0,0,0,0,0,0,0,0,0,0,0,0,0,0,0,0,0,0,0,0,0,0,0,0,0,0,0,0,0,0,0,0,0,0,0,0,0,0,0,0,0,0,0,0,0,0,0,0,0,0,0,0,0,0,0,0,0,0,0,0,0,0,0,0,0,0,0,0,0,0,0,0,0,0,0,0,0,0,0,0,0,0,0,0,0,0,0,0,0,0,0,0,0,0,0,0,0,0,0,0,0,0,0,0,0,0,0,0,0,0,0,0,0,0,0,0,0,0,0,0,0,0,0,0,0,0,0,0,0,0,0,0,0,0,0,0,0,0,0,0,0,0,0,0,0,0,0,0,0,0,0,0,0,0,0,0,0,0,0,0,0,0,0,0,0,0,0,0,0,0,0,0,0,0,0,0,0,0,0,0,0,0,0,0,0,0,0,0,0,0,0,0,0,0,0,0,0,0,0,0,0,0,0,0,0,0,0,0,0,0,0,0,0,0,0,0,0,0,0,0,0,0,0,0,0,0,0,0,0,0,0,0,0,0,0,0,0,0,0,0,0,0,0,0,0,0,0,0,0,0,0,0,0,0,0,0,0,0,0,0,0,0,0,0,0,0,0,0,0,0,0,0,0,0,0,0,0,0,0,0,0,0,0,0,0,0,0,0,0,0,0,0,0,0,0,0,0,0,0,0,0,0,0,0,0,0,0,0,0,0,0,0,0,0,0,0,0,0,0,0,0,0,0,0,0,0,0,0,0,0,0,0,0,0,0,0,0,0,0,0,0,0,0,0,0,0,0,0,0,0,0,0,0,0,0,0,0,0,0,0,0,0,0,0,0,0,0,0,0,0,0,0,0,0,0,0,0,0,0,0,0,0,0,0,0,0,0,0,0,0,0,0,0,0,0,0,0,0,0,0,0,0,0,0,0,0,0,0,0,0,0,0,0,0,0,0,0,0,0,0,0,0,0,0,0,0,0,0,0,0,0,0,0,0,0,0,0,0,0,0,0,0,0,0,0,0,0,0,0,0,0,0,0,0,0,0,0,0,0,0,0,0,0,0,0,0,0,0,0,0,0,0,0,0,0,0,0,0,0,0,0,0,0,0,0,0,0,0,0,0,0,0,0,0,0,0,0,0,0,0,0,0,0,0,0,0,0,0,0,0,0,0,0,0,0,0,0,0,0,0,0,0,0,0,0,0,0,0,0,0,0,0,0,0,0,0,0,0,0,0,0,0,0,0,0,0,0,0,0,0,0,0,0,0,0,0,0,0,0,0,0,0,0,0,0,0,0,0,0,0,0,0,0,0,0,0,0,0,0,0,0,0,0,0,0,0,0,0,0,0,0,0,0,0,0,0,0,0,0,0,0,0,0,0,0,0,0,0,0,0,1,0,0,0,0,0,0,0,0,0,0,0,0,0,0,0,0,0,0,0,0,0,0,0,0,0,0,0,0,0,0,0,0,0,0,0,0,0,0,0,0,0,0,0,0,0,0,0,0,0,0,0,0,0,0,0,0,0,0,0,0,0,0,0,0,0,0,0,0,0,0,0,0,0,0,0,0,0,0,0,0,0,0,0,0,0,0,0,0,0,0,0,0,0,0,0,0,0,0,0,0,0,0,0,0,0,0,0,0,0,0,0,0,0,0,0,0,0,0,0,0,0,0,0,0,0,0,0,0,0,0,0,0,0,0,0,0,0,0,0,0,0,0,0,0,0,0,0,0,0,0,0,0,0,0,0,0,0,0,0,0,0,0,0,0,0,0,0,0,0,0,0,0,0,0,0,0,0,0,0,0,0,0,0,0,0,0,0,0,0,0,0,0,0,0,0,0,0,0,0,0,0,0,0,0,0,0,0,0,0,0,0,0,0,0,0,0,0,0,0,0,0,0,0,0,0,0,0,0,0,0,0,0,0,0,0,0,0,0,0,0,0,0,0,0,0,0,0,0,0,0,0,0,0,0,0,0,0,0,0,0,0,0,0,0,0,0,0,0,0,0,0,0,0,0,0,0,0,0,0,0,0,0,0,0,0,0,0,0,0,0,0,0,0,0,0,0,0,0,0,0,0,0,0,0,0,0,0,0,0,0,0,0,0,0,0,0,0,0,0,0,0,0,0,0,0,0,0,0,0,0,0,0,0,0,0,0,0,0,0,0,0,0,0,0,0,0,0,0,0,0,0,0,0,0,0,0,0,0,0,0,0,0,0,0,0,0,0,0,0,0,0,0,0,0,0,0,0,0,0,0,0,0,0,0,0,0,0,0,0,0,0,0,0,0,0,0,0,0,0,0,0,0,0,0,0,0,0,0,0,0,0,0,0,0,0,0,0,0,0,0,0,0,0,0,0,0,0,0,0,0,0,0,0,0,0,0,0,0,0,0,0,0,0,0,0,0,0,0,0,0,0,0,0,0,0,0,0,0,0,0,0,0,0,0,0,0,0,0,0,0,0,0,0,0,0,0,0,0,0,0,0,0,0,0,0,0,0,0,0,0,0,0,0,0,0,0,0,0,0,0,0,0,0,0,0,0,0,0,0,0,0,0,0,0,0,0,0,0,0,0,0,0,0,0,0,0,0,0,0,0,0,0,0,0,0,0,0,0,0,0,0,0,0,0,0,0,0,0,0,0,0,0,0,0,0,0,0,0,0,0,0,0,0,0,0,0,0,0,0,0,0,0,0,0,0,0,0,0,0,0,0,0,0,0,0,0,0,0,0,0,0,0,0,0,0,0,0,0,0,0,0,0,0,0,0,0,0,0,0,0,0,0,0,0,0,0,0,0,0,0,0,0,0,0,0,0,0,0,0,0,0,0,0,0,0,0,0,0,0,0,0,0,0,0,0,0,0,0,0,0,0,0,0,0,0,0,0,0,0,0,0,0,0,0,0,0,0,0,0,0,0,0,0,0,0,0,0,0,0,0,0,0,0,0,0,0,0,0,0,0,0,0,0,0,0,0,0,0,0,0,0,0,0,0,0,0,0,0,0,0,0,0,0,0,0,0,0,0,0,0,0,0,0,0,0,0,0,0,0,0,0,0,0,0,0,0,0,0,0,0,0,0,0,0,0,0,0,0,0,0,0,0,0,0,0,0,0,0,0,0,0,0,0,0,0,0,0,0,0,0,0,0,0,0,0,0,0,0,0,0,0,0,0,0,0,0,0,0,0,0,0,0,0,0,0,0,0,0,0,0,0,0,0,0,0,0,0,0,0,0,0,0,0,0,0,0,0,0,0,0,0,0,0,0,0,0,0,0,0,0,0,0,0,0,0,0,0,0,0,0,0,0,0,0,0,0,0,0,0,0,0,0,0,0,0,0,0,0,0,0,0,0,0,0,0,0,0,0,0,0,0,0,0,0,0,0,0,0,0,0,0,0,0,0,0,0,0,0,0,0,0,0,0,0,0,0,0,0,0,0,0,0,0,0,0,0,0,0,0,0,0,0,0,0,0,0,0,0,0,0,0,0,0,0,0,0,0,0,0,0,0,0,0,0,0,0,0,0,0,0,0,0,0,0,0,0,0,0,0,0,0,0,0,0,0,0,0,0,0,0,0,0,0,0,0,0,0,0,0,0,0,0,0,0,0,0,0,0,0,0,0,0,0,0,0,0,0,0,0,0,0,0,0,0,0,0,0,0,0,0,0,0,0,0,0,0,0,0,0,0,0,0,0,0,0,0,0,0,0,0,0,0,0,0,0,0,0,0,0,0,0,0,0,0,0,0,0,0,0,0,0,0,0,0,0,0,0,0,0,0,0,0,0,0,0,0,0,0,0,0,0,0,0,0,0,0,0,0,0,0,0,0,0,0,0,0,0,0,0,0,0,0,0,0,0,0,0,0,0,0,0,0,0,0,0,0,0,0,0,0,0,0,0,0,0,0,0,0,0,0,0,0,0,0,0,0,0,0,0,0,0,0,0,0,0,0,0,0,0,0,0,0,0,0,0,0,0,0,0,0,0,0,0,0,0,0,0,0,0,0,0,0,0,0,0,0,0,0,0,0,0,0,0,0,0,0,0,0,0,0,0,0,0,0,0,0,0,0,0,0,0,0,0,0,0,0,0,0,0,0,0,0,0,0,0,0,0,0,0,0,0,0,0,0,0,0,0,0,0,0,0,0,0,0,0,0,0,0,0,0,0,0,0,0,0,0,0,0,0,0,0,0,0,0,0,0,0,0,0,0,0,0,0,0,0,0,0,0,0,0,0,0,0,0,0,0,0,0,0,0,0,0,0,0,0,0,0,0,0,0,0,0,0,0,0,0,0,0,0,0,0,0,0,0,0,0,0,0,0,0,0,0,0,0,0,0,0,0,0,0,0,0,0,0,0,0,0,0,0,0,0,0,0,0,0,0,0,0,0,0,0,0,0,0,0,0,0,0,0,0,0,0,0,0,0,0,0,0,0,0,0,0,0,0,0,0,0,0,0,0,0,0,0,0,0,0,0,0,0,0,0,0,0,0,0,0,0,0,0,0,0,0,0,0,0,0,0,0,0,0,0,0,0,0,0,0,0,0,0,0,0,0,0,0,0,0,0,0,0,0,0,0,0,0,0,0,0,0,0,0,0,0,0,0,0,0,0,0,0,0,0,0,0,0,0,0,0,0,0,0,0,0,0,0,0,0,0,0,0,0,0,0,0,0,0,0,0,0,0,0,0,0,0,0,0,0,0,0,0,0,0,0,0,0,0,0,0,0,0,0,0,0,0,0,0,0,0,0,0,0,0,0,0,0,0,0,0,0,0,0,0,0,0,0,0,0,0,0,0,0,0,0,0,0,0,0,0,0,0,0,0,0,0,0,0,0,0,0,0,0,0,0,0,0,0,0,0,0,0,0,0,0,0,0,0,0,0,0,0,0,0,0,0,0,0,0,0,0,0,0,0,0,0,0,0,0,0,0,0,0,0,0,0,0,0,0,0,0,0,0,0,0,0,0,0,0,0,0,0,0,0,0,0,0,0,0,0,0,0,0,0,0,0,0,0,0,0,0,0,0,0,0,0,0,0,0,0,0,0,0,0,0,0,0,0,0,0,0,0,0,0,0,0,0,0,0,0,0,0,0,0,0,0,0,0,0,0,0,0,0,0,0,0,0,0,0,0,0,0,0,0,0,0,0,0,0,0,0,0,0,0,0,0,0,0,0,0,0,0,0,0,0,0,0,0,0,0,0,0,0,0,0,0,0,0,0,0,0,0,0,0,0,0,0,0,0,0,0,0,0,0,0,0,0,0,0,0,0,0,0,0,0,0,0,0,0,0,0,0,0,0,0,0,0,0,0,0,0,0,0,0,0,0,0,0,0,0,0,0,0,0,0,0,0,0,0,0,0,0,0,0,0,0,0,0,0,0,0,0,0,0,0,0,0,0,0,0,0,0,0,0,0,0,0,0,0,0,0,0,0,0,0,0,0,0,0,0,0,0,0,0,0,0,0,0,0,0,0,0,0,0,0,0,0,0,0,0,0,0,0,0,0,0,0,0,0,0,0,0,0,0,0,0,0,0,0,0,0,0,0,0,0,0,0,0,0,0,0,0,0,0,0,0,0,0,0,0,0,0,0,0,0,0,0,0,0,0,0,0,0,0,0,0,0,0,0,0,0,0,0,0,0,0,0,0,0,0,0,0,0,0,0,0,0,0,0,0,0,0,0,0,0,0,0,0,0,0,0,0,0,0,0,0,0,0,0,0,0,0,0,0,0,0,0,0,0,0,0,0,0,0,0,0,0,0,0,0,0,0,0,0,0,0,0,0,0,0,0,0,0,0,0,0,0,0,0,0,0,0,0,0,0,0,0,0,0,0,0,0,0,0,0,0,0,0,0,0,0,0,0,0,0,0,0,0,0,0,0,0,0,0,0,0,0,0,0,0,0,0,0,0,0,0,0,0,0,0,0,0,0,0,0,0,0,0,0,0,0,0,0,0,0,0,0,0,0,0,0,0,0,0,0,0,0,0,0,0,0,0,0,0,0,0,0,0,0,0,0,0,0,0,0,0,0,0,0,0,0,0,0,0,0,0,0,0,0,0,0,0,0,0,0,0,0,0,0,0,0,0,0,0,0,0,0,0,0,0,0,0,0,0,0,0,0,0,0,0,0,0,0,0,0,0,0,0,0,0,0,0,0,0,0,0,0,0,0,0,0,0,0,0,0,0,0,0,0,0,0,0,0,0,0,0,0,0,0,0,0,0,0,0,0,0,0,0,0,0,0,0,0,0,0,0,0,0,0,0,0,0,0,0,0,0,0,0,0,0,0,0,0,0,0,0,0,0,0,0,0,0,0,0,0,0,0,0,0,0,0,0,0,0,0,0,0,0,0,0,0,0,0,0,0,0,0,0,0,0,0,0,0,0,0,0,0,0,0,0,0,0,0,0,0,0,0,0,0,0,0,0,0,0,0,0,0,0,0,0,0,0,0,0,0,0,0,0,0,0,0,0,0,0,0,0,0,0,0,0,0,0,0,0,0,0,0,0,0,0,0,0,0,0,0,0,0,0,0,0,0,0,0,0,0,0,0,0,0,0,0,0,0,0,0,0,0,0,0,0,0,0,0,0,0,0,0,0,0,0,0,0,0,0,0,0,0,0,0,0,0,0,0,0,0,0,0,0,0,0,0,0,0,0,0,0,0,0,0,0,0,0,0,0,0,0,0,0,0,0,0,0,0,0,0,0,0,0,0,0,0,0,0,0,0,0,0,0,0,0,0,0,0,0,0,0,0,0,0,0,0,0,0,0,0,0,0,0,0,0,0,0,0,0,0,0,0,0,0,0,0,0,0,0,0,0,0,0,0,0,0,0,0,0,0,0,0,0,0,0,0,0,0,0,0,0,0,0,0,0,0,0,0,0,0,0,0,0,0,0,0,0,0,0,0,0,0,0,0,0,0,0,0,0,0,0,0,0,0,0,0,0,0,0,0,0,0,0,0,0,0,0,0,0,0,0,0,0,0,0,0,0,0,0,0,0,0,0,0,0,0,0,0,0,0,0,0,0,0,0,0,0,0,0,0,0,0,0,0,0,0,0,0,0,0,0,0,0,0,0,0,0,0,0,0,0,0,0,0,0,0,0,0,0,0,0,0,0,0,0,0,0,0,0,0,0,0,0,0,0,0,0,0,0,0,0,0,0,0,0,0,0,0,0,0,0,0,0,0,0,0,0,0,0,0,0,0,0,0,0,0,0,0,0,0,0,0,0,0,0,0,0,0,0,0,0,0,0,0,0,0,0,0,0,0,0,0,0,0,0,0,0,0,0,0,0,0,0,0,0,0,0,0,0,0,0,0,0,0,0,0,0,0,0,0,0,0,0,0,0,0,0,0,0,0,0,0,0,0,0,0,0,0,0,0,0.09445465,-1.7744179,-1.0712316,1.2613664,-0.29806986,1.586489,0.561489,1.0303615,-1.112163,0.44163603,-0.20762868,-0.67257965,-1.1575061,-0.59598655,0.28060663,0.8339154,0.75070465,0.67791057,0.4962929,0.021047793,-0.46314338,0.431587,-0.98507965,-0.44181985,-0.45456496,0.22141545,-0.24402574,0.81001836,1.1732537,0.5807292,1.4223958,0.058180146,-1.1224571,0.05033701,0.8096507,0.8866115,0.5716605,-0.24708946,-0.25174633,0.62864584,-0.1679228,-0.66375613,0.51038605,-0.5894914,1.6045036,0.40143996,-0.92760414,0.12300858,0.531587,-0.12735906,-0.35897672,-0.4174326,0.2020527,-0.19623162,-1.0350796,1.0819546,1.7905331,-0.13275123,-0.91853553,0.8323223,0.09739583,0.83293504,-0.14623162,-0.8481924,0.94249386,-0.62257963,0.0036458333,0.1835478,-0.50223655,0.7085478,0.21761642,1.2478861,-0.060692403,-0.2511336,0.6532782,-0.12221201,-0.64831495,-0.54120713,-0.018658089,0.8238664,-0.11780024,-0.79280025,-1.0959865,-0.46473652,-0.40909925,1.4286458,0.29849878,-1.2562807,0.29408702,-0.85738355,0.63318014,-0.4774816,0.03158701,-0.8214767,0.6987439,-0.415962,0.4083027,0.4890625,-0.6353248,0.16737132,0.5070772,0.29739583,-1.2377757,0.51835173,-0.26485908,0.81369483,0.3873468,-1.5201287,0.47521445,-0.3064032,-0.21056986,-0.108609065,1.2232537,-1.3061581,-0.5484375,0.14641544,0.048253678,-0.22074142,1.2091606,-0.032873776,-0.73532474,-0.8780944,0.66320467,-0.14880514,-1.71106,-1.4147365,-0.41130516,-0.46253064,-0.778462,-0.6907169,-1.3359375,-0.40027574,1.3412684,0.2513174,0.4633272,1.1943321,-0.39402574,0.8657782,0.7922488,0.8556066,0.046905637,-1.0401042,-0.1479473,-0.1227022,0.32876837,0.1140625,-0.72576594,-0.23838848,-0.25934437,0.074724264,-0.09954044,0.60670954,-0.30677083,-1.1807904,-0.0799326,-0.9436581,0.55523896,0.8597733,0.2693321,-1.0892463,0.116881125,0.26626837,0.06136642,0.07043505,-0.03483456,-0.46461397,-0.5551777,-0.6611826,0.33023897,-0.73802084,0.3510723,-1.1481924,0.36590073,0.10744485,0.34114584,-0.43961397,-0.92821693,-0.41804534,-0.16743259,1.3797488,-0.31204045,-0.051378675,-0.38851103,0.5282782,0.37374386,-0.80530024,0.6977635,-0.884712,-0.6567708,0.56773895,-1.0354474,-0.43777573,-0.12699142,0.56320465,0.36344975,-0.870864,-0.39255515,-0.54010415,-0.13238358,0.8688419,0.26920956,0.26798406,0.2549939,-0.7529718,0.10266544,0.007077206,0.5014399,0.32938114,0.31063113,-0.584712,-0.55456495,0.17460172,0.7826899,-0.50934434,1.2650429,0.21001838,0.24911152,0.7765625,0.41994485,0.022028185,0.61210173,0.46222427,0.80413604,-0.46620712,-0.7874081,0.25438112,-0.023927696,-0.5390012,-0.7557904,0.40413603,1.1886948,-0.14439338,-0.42294732,1.1945772,-0.5442708,-0.03753064,0.35413602,-0.39733455,0.05033701,0.43648896,0.11099877,-0.3414522,0.4470282,0.113694854,-0.7675551,-0.42527574,0.29433212,0.28489584,-0.42012867,0.0955576,-0.11816789,0.42423406,0.59041053,-0.13863358,0.45867035,-0.5220895,-0.8957414,0.1313419,-0.8349571,0.12974878,0.657935,-0.0006433824,0.08526348,-0.19096202,-0.09292279,0.5890625,-0.1104473,-0.748315,0.35683212,0.64898896,-0.1989277,0.34151348,0.23820466,0.12227328,-0.6311581,0.026072305,-0.1782169,-0.34659925,0.5261949,0.60818017,-0.024908088,-1.288511,-0.4414522,0.15634191,0.547886,0.15278798,-0.31657475,0.1078125,0.19543505,0.265288,-0.1227022,-0.106770836,0.21038602,0.10401348,-0.5464767,0.4388174,0.48452818,0.13918506,0.8580576,0.40646446,-0.26534927,0.19666053,0.83697915,1.0208027,-1.4644914,-0.10039829,0.2318321,0.09776348,-0.45248163,-0.1366728,1.067739,1.2118566,-1.3386335,-0.46155024,0.5078125,-0.9590993,-0.61056983,-0.06632966,-1.0356925,0.35229778,-0.67454046,-0.59280026,-0.37221202,0.16700368,0.54519,0.10903799,-0.30995712,0.45842525,-0.0012561275,0.8646752,0.3905331,-0.1611826,0.5714154,-0.089613974,-0.38875613,-0.69684434,-0.22956495,0.13085172,-0.02601103,0.19666053,-0.73458946,-1.1818933,0.30965075,0.3472733,-0.81951594,0.22778799,0.26246935,0.59690565,-0.68275124,0.3385723,-0.032751225,-0.26179534,1.5127145,-0.53691787,-0.54010415,-0.13851103,-0.29978552,0.5133272,-0.20064338,0.3638174,0.32594976,0.05523897,-0.3939032,1.1616116,-0.11412378,0.2967831,-0.74954045,-0.428462,-0.13226102,0.44837624,-0.89304537,0.5383272,-0.066819854,1.130239,0.16675858,0.42202818,0.11271446,-0.49083945,1.3095282,0.43428308,-0.1477022,-1.237408,-0.06424633,-0.48128062,0.80119485,-0.24022672,0.8491115,0.036121324,0.23354779,-0.27723652,-0.48973653,0.25143996,0.6760723,-0.15995711,-0.5632659,-0.06351103,0.89469975,0.7410233,-0.0076286765,0.28244486,0.2948223,0.51835173,-0.36731005,-0.1366728,-0.53961396,0.1520527,0.06320465,0.3173713,-0.23985907,0.5563419,-0.03336397,0.07693015,-0.31951594,-0.22576593,-0.7549326,0.16344975,0.38048407,0.33869484,0.8497243,-0.1044424,1.1603861,0.5875919,0.035876226,-0.28385416,-0.045128677,0.994087,-0.46424633,-1.0561581,-0.6986826,-0.31179535,-1.7104473,-0.4076287,0.27496937,-0.21424632,0.06847426,0.6522978,1.1119791,0.58943015,-0.66081494,0.10340074,-0.7779718,-0.16829044,0.009283088,0.73661155,0.7303615,-0.24304534,-1.1725796,1.0206802,-0.76853555,-0.63789827,-0.49181986,-0.562163,0.65965074,0.8972733,0.84237134,0.88538605,0.5145527,-0.4981924,0.45977327,0.3073223,-0.3999081,0.67594975,-1.0190257,0.19641544,-0.53311884,0.38170955,1.0134498,0.412837,-0.50027573,-0.26277575,0.76222426,-0.9763787,0.38036153,-0.30333945,-0.29782474,-0.23716299,-0.38556984,0.11320466,-0.31485906,-0.7745404,-0.94659925,-0.17074142,0.76724875,-0.9106924,0.7372243,-0.5990502,0.28146446,1.1573223,-0.66081494,-0.43385416,-0.46608457,-0.7741728,1.0222733,-0.14439338,-0.25775123,-0.42356005,-0.15652573,1.2547488,0.25695467,-0.29390317,0.19371936,0.3705576,-0.047824755,-0.28422183,-0.36510417,-0.07405025,-0.18606006,-0.023805147,0.4212929,-0.53753066,0.352788,-0.087898284,1.0586704,0.7596507,-0.41436887,-0.34856004,0.02913603,0.21148898,0.84371936,-0.09745711,-0.36755514,0.5951899,0.37484682,-0.4044424,0.17423406,-0.33336398,0.8475184,-0.7029718,-0.33814338,0.777788,-1.0356925,-0.00848652,-0.08532476,-0.47000614,-0.18385416,-0.8304228,1.152543,-0.71510416,-0.056403186,0.30523896,0.62594974,-0.9652267,0.089430146,0.2375919,0.30242035,1.5521753,-0.17846201,0.72693014,-0.59255517,1.1595281,-0.5736826,1.0790135,0.946538,0.010631127,0.6744792,0.14543505,0.13734682,0.22521447,0.4943321,0.07840074,-0.3674326,0.18979779,0.26222426,0.11479779,0.081341915,-0.6855699,-1.1452513,0.52166057,-0.34280026,-0.39451593,0.68318015,-1.184712,0.5857537,0.21369486,-0.22882965,0.33146447,-0.26265317,1.5264399,0.35499388,0.46369484,-0.11510417,-1.7033395,-0.004074755,-0.20333946,-0.9067708,0.3388174,-0.5587316,-0.6054228,0.97141546,0.6650429,-0.27037376,0.13550858,-0.26841298,0.14776348,-0.36927083,-0.42454043,-0.3174326,-0.7983149,-0.60603553,-0.03238358,-0.10995711,-0.6099571,0.08391544,0.18612133,0.03869485,1.0663909,0.4467831,-0.3939032,-0.9702512,0.16087623,-0.5012561,-0.060202207,-0.5477022,-0.71032476,0.32447916,-0.25677082,0.4150429,0.22533701,0.5828125,-1.1883885,-0.40505514,1.319087,0.023743873,-0.37123162,-0.43005514,-0.40603554,0.14371936,0.48489583,-0.59280026,0.44151348,-0.028707108,-0.24635416,-0.8532169,0.69090074,-0.053707108,0.99139094,-0.72074145,1.2782782,-0.493413,0.031954657,0.83489585,0.017126225,0.40940565,0.1513174,-0.12674633,-0.031280637,-0.3164522,-0.23262867,-0.20456494,0.38808212,-0.02098652,0.25916055,-1.1800551,-0.38961396,-0.17723651,0.015778186,0.029381128,0.87999386,-0.32919732,-0.012898284,-0.21032475,0.59617037,-0.03238358,-0.07147671,0.59617037,-0.016697304,-0.040104166,0.60303307,-0.5274816,0.9888174,-0.5463542,0.9280331,0.097886026,0.18844976,0.38060662,-0.50358456,0.44090074,1.0184742,0.65891546,0.4140625,0.10327819,-0.5599571,0.23244485,0.04151348,-0.65579045,-0.073805146,0.0140625,0.5150429,-0.0035845588,0.8371017,-0.46020222,0.7356311,0.54139096,0.73710173,0.21994485,-0.20223652,-0.6543199,1.0950674,0.07411152,0.42864582,-0.5481924,-0.26375613,0.15143995,0.8847733,0.13195466,-1.1686581,-0.78606004,0.5515625,-0.25125614,-0.41681984,1.1020527,-0.37392768,0.3113664,-1.1543199,-0.5680453,0.3056066,-0.010814951,0.43428308,-0.9176777,-0.30358455,1.5484987,-1.3186581,-0.63385415,1.0000919,0.15768994,0.18563113,-0.70223653,0.10303309,-1.3954964,0.14666054,0.6380821,1.2306067,0.4633272,-0.9589767,-0.10958946,0.5094056,-0.6924326,-0.42613357,-0.32907474,0.7284007,1.1958027,0.21920955,-0.89610904,-0.91620713,0.027665442,-1.4435356,-0.52135414,-0.6774816,0.6700674,0.44972426,0.0046262257,0.73170954,1.3417586,-0.14071691,0.25021446,-0.3609375,-0.32074142,0.8885723,0.20352328,-0.3821385,-1.4801776,0.38808212,0.4397978,0.2755821,0.07092524,0.2130821,0.20695466,-0.72956496,0.45474878,-0.20860907,1.0907782,-0.737163,0.2145527,0.14862132,0.677788,0.50291055,-0.079810046,1.3504596,0.06749387,0.5907782,0.1643076,-0.018167892,0.948989,0.36541054,-0.27846202,1.1609988,-0.48238358,0.88195467,-0.004197304,0.62619483,0.097150736,-0.37956494,-0.98103553,0.156587,0.5986213,0.5520527,0.31148896,-0.29561886,-0.84561884,-0.6556679,-0.34132966,0.39788604,-0.13385417,0.83673406,-0.35579044,-0.3761336,-0.8508885,0.17545956,-0.3094669,-0.015104166,-0.1289522,-1.234712,-1.535815,0.18367034,0.092248775,0.67668504,0.18661152,-0.519761,-1.3287071,0.10291054,-0.27552083,0.07901348,0.47876838,0.15903799,-0.759712,-0.11816789,0.17300858,-0.3391238,0.6581801,-0.09794731,1.2246017,0.8769301,0.62337625,0.20719975,0.48820466,0.65242034,-0.12110907,0.5032782,0.047150735,-0.65284926,-0.68998164,-0.14978553,-0.9201287,-0.34255514,-0.045128677,-0.24696691,1.1105086,-0.8904718,0.35499388,-0.01608456,-0.13054535,-0.19954044,0.11773897,0.8472733,-0.39316788,0.15278798,0.0034007353,0.58893996,0.13367034,0.1320772,-0.29512867,0.5635723,0.28268996,-1.0750307,0.030974265,0.18146446,-0.32208946,-0.054197304,0.31173408,0.045067403,0.2435968,0.23023897,0.027297795,0.29690564,-0.4579963,-0.4106924,-0.91829044,0.01528799,-0.040471815,0.001194853,0.18268995,-0.60284925,0.3248468,0.22313112,0.71688116,-0.31681985,-0.24083947,0.86847425,-0.8415747,-0.011672794,0.15523897,0.9537684,0.40768996,0.23685662,-1.2473346,0.12325367,0.4361213,-0.1739277,-0.66032475,0.34666052,0.20291054,0.7320772,1.2863665,0.23477328,-0.4864277,0.11026348,-0.23556985,0.15719976,0.21136642,0.5445772,-0.97147673,0.615288,0.5210478,0.5380821,-0.5244179,0.16700368,0.7986213,-0.14255515,-0.44378063,0.5542586,-0.9093444,0.2573223,-1.1556679,-1.2787071,-0.34059435,0.6301164,-0.0002757353,-0.15873162,-0.6089767,-0.75677085,0.7241115,-0.5344669,-0.73556983,0.15340073,0.076072305,-0.10027573,0.3695772,-1.2711091,0.1453125,0.32300857,-1.0081189,-0.5039522,-0.040226717,0.49347427,-1.1113051,0.31014094,0.24041054,-0.31804535,0.23379289,0.46063113,-0.3032169,-0.33826593,0.04041054,-0.8314032,-0.30885416,0.0026654413,-0.15052083,-0.11289828,-0.9727022,-0.40860906,-0.6086091,0.2625919,0.11038603,0.42889094,-0.83581495,0.72398895,-0.73238355,-0.0023590687,0.2775429,-0.62931985,-0.041697305,-0.38054535,0.40499386,0.7375919,-0.8035846,-0.49549633,-0.0056678923,-0.2111826,0.35413602,-1.0303003,0.2435968,-0.2969669,-0.5314032,0.3015625,0.48011643,0.059773285,-0.10983456,-1.2853248,-0.074172795,0.0515625,-0.2599571,-0.33507967,0.9047488,-0.73961395,-0.05101103,0.9532782,-0.71424633,0.1583027,-0.7712316,-0.74451596,0.427788,0.13219975,-0.04083946,0.40450367,-0.35137868,0.56724876,0.39114583,-0.965962,0.24396446,0.89518994,0.07068015,-0.9910846,-0.07184436,0.5265625,-0.3736826,-0.34206495,-0.47221202,0.27227327,-0.7670649,-0.2279718,1.2087929,0.62300855,1.096538,-0.4429228,-0.952114,1.4993566,-1.7219669,-1.8149816,1.5324448,0.22325368,0.66259193,-0.5269914,-1.4348346,-0.86755514,1.6193321,-1.5102022,-1.7793199,-0.2749081,0.40572917,-1.2408395,-1.7773591,-0.66963845,0.088082105,0.41541055,-0.31706494,-1.1420649,0.11320466,-1.8173101,-1.6224571,-0.70811886,-0.8311581,-0.78532475,-0.048927695,0.3383272,-0.004810049,0.6508272,0.3545037,-0.82086396,-0.029442402,1.3302389,0.025827207,-1.2437806,1.1260723,-0.011672794,-0.5719669,1.2616115,-0.5215993,0.4015625,-0.7369179,1.7382046,1.2453125,0.0046262257,-0.26522672,0.34310663,1.1358762,0.19911152,-0.8513787,1.007935,0.47423407,-0.17870711,0.42117035,0.3330576,0.9845282,0.4583027,-0.63838845,-0.6544424,-0.48704043,1.1888174,-0.1044424,-0.2251532,0.9640625,-0.8565257,-1.0575061,-0.4416973,-1.1132659,0.9763174,-1.4662071,0.16344975,-0.6182904,0.2606311,0.16994485,-0.88152575,-0.57331496,-0.5124081,0.3543811,0.89016545,-0.33458945,-0.84463847,-0.8904718,-0.12699142,0.39065564,-0.22037378,-0.45983455,-0.7924326,-1.2217218,0.76590073,0.9263174,1.0716605,0.51197916,1.6232537,1.394332,0.797886,-0.4878983,0.06320465,-0.3316483,1.1371018,-1.0327512,0.6269301,0.5950674,-0.689614,-0.5314032,0.8214154,0.70695466,-0.23520221,0.6405331,0.76038605,1.5413909,-0.15566789,-0.647212,-0.3941483,-0.55235904,-0.3834865,0.6119792,-0.06657475,0.5051164,-0.35615808,0.19224878,-1.0570159,-0.55003065,-0.21216299,-1.2838541,-0.36179534,
0,0,0,0,0,0,0,0,0,0,0,0,0,0,0,1,0,0,0,0,0,0,0,0,0,0,0,0,0,0,0,0,0,0,0,0,0,0,0,0,0,0,0,0,0,0,0,0,0,0,0,0,0,0,0,0,0,0,0,0,0,0,0,0,0,0,0,0,0,0,0,0,0,0,0,0,0,0,0,0,0,0,0,0,0,0,0,0,0,0,0,0,0,0,0,0,0,0,0,0,0,0,0,0,0,0,0,0,0,0,0,0,0,0,0,0,0,0,0,0,0,0,0,0,0,0,0,0,0,0,0,0,0,0,0,0,0,0,0,0,0,0,0,0,0,0,0,0,0,0,0,0,0,0,0,0,0,0,0,0,0,0,0,0,0,0,0,0,0,0,0,0,0,0,0,0,0,0,0,0,0,0,0,0,0,0,0,0,0,0,0,0,0,0,0,0,0,0,0,0,0,0,0,0,0,0,0,0,0,0,0,0,0,0,0,0,0,0,0,0,0,0,0,0,0,0,0,0,0,0,0,0,0,0,0,0,0,0,0,0,0,0,0,0,0,0,0,0,0,0,0,0,0,0,0,0,0,0,0,0,0,0,0,0,0,0,0,0,0,0,0,0,0,0,0,0,0,0,0,0,0,0,0,0,0,0,0,0,0,0,0,0,0,0,0,0,0,0,0,0,0,0,0,0,0,0,0,0,0,0,0,0,0,0,0,0,0,0,0,0,0,0,0,0,0,0,0,0,0,0,0,0,0,0,0,0,0,0,0,0,0,0,0,0,0,0,0,0,0,0,0,0,0,0,0,0,0,0,0,0,0,0,0,1,0,0,0,0,0,0,0,0,0,0,0,0,0,0,0,0,0,0,0,0,0,0,0,0,0,0,0,0,0,0,0,0,0,0,0,0,0,0,0,0,0,0,0,0,0,0,0,0,0,0,0,0,0,0,0,0,0,0,0,0,0,0,0,0,0,0,0,0,0,0,0,0,0,0,0,0,0,0,0,0,0,0,0,0,0,0,0,0,0,0,0,0,0,0,0,0,0,0,0,0,0,0,0,0,0,0,0,0,0,0,0,0,0,0,0,0,0,0,0,0,0,0,0,0,0,0,0,0,0,0,0,0,0,0,0,0,0,0,0,0,0,0,0,0,0,0,0,0,0,0,0,0,0,0,0,0,0,0,0,0,0,0,0,0,0,0,0,0,0,0,0,0,0,0,0,0,0,0,0,0,0,0,0,0,0,0,0,0,0,0,0,0,0,0,0,0,0,0,0,0,0,0,0,0,0,0,0,0,0,0,0,0,0,0,0,0,0,0,0,0,0,0,0,0,0,0,0,0,0,0,0,0,0,0,0,0,0,0,0,0,0,0,0,0,0,0,0,0,0,0,0,0,0,0,0,0,0,0,0,0,0,0,0,0,0,0,0,0,0,0,0,0,0,0,0,0,0,0,0,0,0,0,0,0,0,0,0,0,0,0,0,0,0,0,0,0,0,0,0,0,0,0,0,0,0,0,0,0,0,0,0,0,0,0,0,0,0,0,0,0,0,0,0,0,0,0,0,0,0,0,0,0,0,0,0,0,0,0,0,0,0,0,0,0,0,0,0,0,0,0,0,0,0,0,0,0,0,0,0,0,0,0,0,0,0,0,0,0,0,0,0,0,0,0,0,0,0,0,0,0,0,0,0,0,0,0,0,0,0,0,0,0,0,0,0,0,0,0,0,0,0,0,0,0,0,0,0,0,0,0,0,0,0,0,0,0,0,0,0,0,0,0,0,0,0,0,0,0,0,0,0,0,0,0,0,0,0,0,0,0,0,0,0,0,0,0,0,0,0,0,0,0,0,0,0,0,0,0,0,0,0,0,0,0,0,0,0,0,0,0,0,0,0,0,0,0,0,0,0,0,0,0,0,0,0,0,0,0,0,0,0,0,0,0,0,0,0,0,0,0,0,0,0,0,0,0,0,0,0,0,0,0,0,0,0,0,0,0,0,0,0,0,0,0,0,0,0,0,0,0,0,0,0,0,0,0,0,0,0,0,0,0,0,0,0,0,0,0,0,0,0,0,0,0,0,0,0,0,0,0,0,0,0,0,0,0,0,0,0,0,0,0,0,0,0,0,0,0,0,0,0,0,0,0,0,0,0,0,0,0,0,0,0,0,0,0,0,0,0,0,0,0,0,0,0,0,0,0,0,0,0,0,0,0,0,0,0,0,0,0,0,0,0,0,0,0,0,0,0,0,0,0,0,0,0,0,0,0,0,0,0,0,0,0,0,0,0,0,0,0,0,0,0,0,0,0,0,0,0,0,0,0,0,0,0,0,0,0,0,0,0,0,0,0,0,0,0,0,0,0,1,0,0,0,0,0,0,0,0,0,0,0,0,0,0,0,0,0,0,0,0,0,0,0,0,0,0,0,0,0,0,0,0,0,0,0,0,0,0,0,0,0,0,0,0,0,1,0,0,0,0,0,0,0,0,0,0,0,0,0,0,0,0,0,0,0,0,0,0,0,0,0,0,0,0,0,0,0,0,0,0,0,0,0,0,0,0,0,0,0,0,0,0,0,0,0,0,0,0,0,0,0,0,0,0,0,0,0,0,0,0,0,0,0,0,0,0,0,0,0,0,0,0,0,0,0,0,0,0,0,0,0,0,0,0,0,0,0,0,0,0,0,0,0,0,0,0,0,0,0,0,0,0,0,0,0,0,0,0,0,0,0,0,0,0,0,0,0,0,0,0,0,0,0,0,0,0,0,0,0,0,0,0,0,0,0,0,0,0,0,0,0,0,0,0,0,0,0,0,0,0,0,0,0,0,0,0,0,0,0,0,0,0,0,0,0,0,0,0,0,0,0,0,0,0,0,0,0,0,0,0,0,0,0,0,0,0,0,0,0,0,0,0,0,0,0,0,0,0,0,0,0,0,0,0,0,0,0,0,0,0,0,0,0,0,0,0,0,0,0,0,0,0,0,0,0,0,0,0,0,0,0,0,0,0,0,0,0,0,0,0,0,0,0,0,0,0,0,0,0,0,0,0,0,0,0,0,0,0,0,0,0,0,0,0,0,0,0,0,0,0,0,0,0,0,0,0,0,0,0,0,0,0,0,0,0,0,0,0,0,0,0,0,0,0,0,0,0,0,0,0,0,0,0,0,0,0,0,0,0,0,0,0,0,0,0,0,0,0,0,0,0,0,0,0,0,0,0,0,0,0,0,0,0,0,0,0,0,0,0,0,0,0,0,0,0,0,0,0,0,0,0,0,0,0,0,0,0,0,0,0,0,0,0,0,0,0,0,0,0,0,0,0,0,0,0,0,0,0,0,0,0,0,0,0,0,0,0,0,0,0,0,0,0,0,0,0,0,0,0,0,0,0,0,0,0,0,0,0,0,0,0,0,0,0,0,0,0,0,0,0,0,0,0,0,0,0,0,0,0,0,0,0,0,0,0,0,0,0,0,0,0,0,0,0,0,0,0,0,0,0,0,0,0,0,0,0,0,0,0,0,0,0,0,0,0,0,0,0,0,0,0,0,0,0,0,0,0,0,0,0,0,0,0,0,0,0,0,0,0,0,0,0,0,0,0,0,0,0,0,0,0,0,0,0,0,0,0,0,0,0,0,0,0,0,0,0,0,0,0,0,0,0,0,0,0,0,0,0,0,0,0,0,0,0,0,0,0,0,0,0,0,0,0,0,0,0,0,0,0,0,0,0,0,0,0,0,0,0,0,0,0,0,0,0,0,0,0,0,0,0,0,0,0,0,0,0,0,0,0,0,0,0,0,0,0,0,0,0,0,0,0,0,0,0,0,0,0,0,0,0,0,0,0,0,0,0,0,0,0,0,0,0,0,0,0,0,0,0,0,0,0,0,0,0,0,0,0,0,0,0,0,0,0,0,0,0,0,0,0,0,0,0,0,0,0,0,0,0,0,0,0,0,0,0,0,0,0,0,0,0,0,0,0,0,0,0,0,0,0,0,0,0,0,0,0,0,0,0,0,0,0,0,0,0,0,0,0,0,0,0,0,0,0,0,0,0,0,0,0,0,0,0,0,0,0,0,0,0,0,0,0,0,0,0,0,0,0,0,0,0,0,0,0,0,0,0,0,0,0,0,0,0,0,0,0,0,0,0,0,0,0,0,0,0,0,0,0,0,0,0,0,0,0,0,0,0,0,0,0,0,0,0,0,0,0,0,0,0,0,0,0,0,0,0,0,0,0,0,0,0,0,0,0,0,0,0,0,0,0,0,0,0,0,0,0,0,0,0,0,0,0,0,0,0,0,0,0,0,0,0,0,0,0,0,0,0,0,0,0,0,0,0,0,0,0,0,0,0,0,0,0,0,0,0,0,0,0,0,0,0,0,0,0,0,0,0,0,0,0,0,0,0,0,0,0,0,0,0,0,0,0,0,0,0,0,0,0,0,0,0,0,0,0,0,0,0,0,0,0,0,0,0,0,0,0,0,0,0,0,0,0,0,0,0,0,0,0,0,0,0,0,0,0,0,0,0,0,0,0,0,0,0,0,0,0,0,0,0,0,0,0,0,0,0,0,0,0,0,0,0,0,0,0,0,0,0,0,0,0,0,0,0,0,0,0,0,0,0,0,0,0,0,0,0,0,0,0,0,0,0,0,0,0,0,0,0,0,0,0,0,0,0,0,0,0,0,0,0,0,0,0,0,0,0,0,0,0,0,0,0,0,0,0,0,0,0,0,0,0,0,0,0,0,0,0,0,0,0,0,0,0,0,0,0,0,0,0,0,0,0,0,0,0,0,0,0,0,0,0,0,0,0,0,0,0,0,0,0,0,0,0,0,0,0,0,0,0,0,0,0,0,0,0,0,0,0,0,0,0,0,0,0,0,0,0,0,0,0,0,0,0,0,0,0,0,0,0,0,0,0,0,0,0,0,0,0,0,0,0,0,0,0,0,0,0,0,0,0,0,0,0,0,0,0,0,0,0,0,0,0,0,0,0,0,0,0,0,0,0,0,0,0,0,0,0,0,0,0,0,0,0,0,0,0,0,0,0,0,0,0,0,0,0,0,0,0,0,0,0,0,0,0,0,0,0,0,0,0,0,0,0,0,0,0,0,0,0,0,0,0,0,0,0,0,0,0,0,0,0,0,0,0,0,0,0,0,0,0,0,0,0,0,0,0,0,0,0,0,0,0,0,0,0,0,0,0,0,0,0,0,0,0,0,0,0,0,0,0,0,0,0,0,0,0,0,0,0,0,0,0,0,0,0,0,0,0,0,0,0,0,0,0,0,0,0,0,0,0,0,0,0,0,0,0,0,0,0,0,0,0,0,0,0,0,0,0,0,0,0,0,0,0,0,0,0,0,0,0,0,0,0,0,0,0,0,0,0,0,0,0,0,0,0,0,0,0,0,0,0,0,0,0,0,0,0,0,0,0,0,0,0,0,0,0,0,0,0,0,0,0,0,0,0,0,0,0,0,0,0,0,0,0,0,0,0,0,0,0,0,0,0,0,0,0,0,0,0,0,0,0,0,0,0,0,0,0,0,0,0,0,0,0,0,0,0,0,0,0,0,0,0,0,0,0,0,0,0,0,0,0,0,0,0,0,0,0,0,0,0,0,0,0,0,0,0,0,0,0,0,0,0,0,0,0,0,0,0,0,0,0,0,0,0,0,0,0,0,0,0,0,0,0,0,0,0,0,0,0,0,0,0,0,0,0,0,0,0,0,0,0,0,0,0,0,0,0,0,0,0,0,0,0,0,0,0,0,0,0,0,0,0,0,0,0,0,0,0,0,0,0,0,0,0,0,0,0,0,0,0,0,0,0,0,0,0,0,0,0,0,0,0,0,0,0,0,0,0,0,0,0,0,0,0,0,0,0,0,0,0,0,0,0,0,0,0,0,0,0,0,0,0,0,0,0,0,0,0,0,0,0,0,0,0,0,0,0,0,0,0,0,0,0,0,0,0,0,0,0,0,0,0,0,0,0,0,0,0,0,0,0,0,0,0,0,0,0,0,0,0,0,0,0,0,0,0,0,0,0,0,0,0,0,0,0,0,0,0,0,0,0,0,0,0,0,0,0,0,0,0,0,0,0,0,0,0,0,0,0,0,0,0,0,0,0,0,0,0,0,0,0,0,0,0,0,0,0,0,0,0,0,0,0,0,0,0,0,0,0,0,0,0,0,0,0,0,0,0,0,0,0,0,0,0,0,0,0,0,0,0,0,0,0,0,0,0,0,0,0,0,0,0,0,0,0,0,0,0,0,0,0,0,0,0,0,0,0,0,0,0,0,0,0,0,0,0,0,0,0,0,0,0,0,0,0,0,0,0,0,0,0,0,0,0,0,0,0,0,0,0,0,0,0,0,0,0,0,0,0,0,0,0,0,0,0,0,0,0,0,0,0,0,0,0,0,0,0,0,0,0,0,0,0,0,0,0,0,0,0,0,0,0,0,0,0,0,0,0,0,0,0,0,0,0,0,0,0,0,0,0,0,0,0,0,0,0,0,0,0,0,0,0,0,0,0,0,0,0,0,0,0,0,0,0,0,0,0,0,0,0,0,0,0,0,0,0,0,0,0,0,0,0,0,0,0,0,0,0,0,0,0,0,0,0,0,0,0,0,0,0,0,0,0,0,0,0,0,0,0,0,0,0,0,0,0,0,0,0,0,0,0,0,0,0,0,0,0,0,0,0,0,0,0,0,0,0,0,0,0,0,0,0,0,0,0,0,0,0,0,0,0,0,0,0,0,0,0,0,0,0,0,0,0,0,0,0,0,0,0,0,0,0,0,0,0,0,0,0,0,0,0,0,0,0,0,0,0,0,0,0,0,0,0,0,0,0,0,0,0,0,0,0,0,0,0,0,0,0,0,0,0,0,0,0,0,0,0,0,0,0,0,0,0,0,0,0,0,0,0,0,0,0,0,0,0,0,0,0,0,0,0,0,0,0,0,0,0,0,0,0,0,0,0,0,0,0,0,0,0,0,0,0,0,0,0,0,0,0,0,0,0,0,0,0,0,0,0,0,0,0,0,0,0,0,0,0,0,0,0,0,0,0,0,0,0,0,0,0,0,0,0,0,0,0,0,0,0,0,0,0,0,0,0,0,0,0,0,0,0,0,0,0,0,0,0,0,0,0,0,0,0,0,0,0,0,0,0,0,0,0,0,0,0,0,0,0,0,0,0,0,0,0,0,0,0,0,0,0,0,0,0,0,0,0,0,0,0,0,0,0,0,0,0,0,0,0,0,0,0,0,0,0,0,0,0,0,0,0,0,0,0,0,0,0,0,0,0,0,0,0,0,0,0,0,0,0,0,0,0,0,0,0,0,0,0,0,0,0,0,0,0,0,0,0,0,0,0,0,0,0,0,0,0,0,0,0,0,0,0,0,0,0,0,0,0,0,0,0,0,0,0,0,0,0,0,0,0,0,0,0,0,0,0,0,0,0,0,0,0,0,0,0,0,0,0,0,0,0,0,0,0,0,0,0,0,0,0,0,0,0,0,0,0,0,0,0,0,0,0,0,0,0,0,0,0,0,0,0,0,0,0,0,0,0,0,0,0,0,0,0,0,0,0,0,0,0,0,0,0,0,0,0,0,0,0,0,0,0,0,0,0,0,0,0,0,0,0,0,0,0,0,0,0,0,0,0,0,0,0,0,0,0,0,0,0,0,0,0,0,0,0,0,0,0,0,0,0,0,0,0,0,0,0,0,0,0,0,0,0,0,0,0,0,0,0,0,0,0,0,0,0,0,0,0,0,0,0,0,0,0,0,0,0,0,0,0,0,0,0,0,0,0,0,0,0,0,0,0,0,0,0,0,0,0,0,0,0,0,0,0,0,0,0,0,0,0,0,0,0,0,0,0,0,0,0,0,0,0,0,0,0,0,0,0,0,0,0,0,0,0,0,0,0,0,0,0,0,0,0,0,0,0,0,0,0,0,0,0,0,0,0,0,0,0,0,0,0,0,0,0,0,0,0,0,0,0,0,0,0,0,0,0,0,0,0,0,0,0,0,0,0,0,0,0,0,0,0,0,0,0,0,0,0,0,0,0,0,0,0,0,0,0,0,0,0,0,0,0,0,0,0,0,0,0,0,0,0,0,0,0,0,0,0,0,0,0,0,0,0,0,0,0,0,0,0,0,0,0,0,0,0,0,0,0,0,0,0,0,0,0,0,0,0,0,0,0,0,0,0,0,0,0,0,0,0,0,0,0,0,0,0,0,0,0,0,0,0,0,0,0,0,0,0,0,0,0,0,0,0,0,0,0,0,0,0,0,0,0,0,0,0,0,0,0,0,0,0,0,0,0,0,0,0,0,0,0,0,0,0,0,0,0,0,0,0,0,0,0,0,0,0,0,0,0,0,0,0,0,0,0,0,0,0,0,0,0,0,0,0,0,0,0,0,0,0,0,0,0,0,0,0,0,0,0,0,0,0,0,0,0,0,0,0,0,0,0,0,0,0,0,0,0,0,0,0,0,0,0,0,0,0,0,0,0,0,0,0,0,0,0,0,0,0,0,0,0,0,0,0,0,0,0,0,0,0,0,0,0,0,0,0,0,0,0,0,0,0,0,0,0,0,0,0,0,0,0,0,0,0,0,0,0,0,0,0,0,0,0,0,0,0,0,0,0,0,0,0,0,0,0,0,0,0,0,0,0,0,0,0,0,0,0,0,0,0,0,0,0,0,0,0,0,0,0,0,0,0,0,-0.11735538,0.31036422,-0.3967,0.16768357,-0.53540534,-0.5110164,-0.8461225,0.15457587,-0.13185981,0.037143685,-0.013245787,0.5178313,0.8381106,0.43671393,-0.19363794,0.9142858,-0.43108088,-0.7997083,-0.06546174,0.4171598,-0.48598284,-0.5680672,-0.12595059,-0.05106475,-0.07266024,0.5003185,0.40920922,0.2895208,0.29177704,-0.38531134,-0.44494066,-0.51617354,0.35000965,-0.40110505,-0.38703036,0.42747405,-0.054825157,0.13298038,-0.1852576,-1.0145888,-0.12992588,-0.55839753,0.88355786,-0.7406162,-0.6523003,0.33851355,-0.49318132,0.7644066,-0.031188305,-0.18289392,0.343993,0.34732366,-0.29699546,-0.5105866,0.55479074,0.8943019,0.08882244,-0.18493529,-0.7673688,1.185465,-0.14905025,0.63870156,-0.29721034,0.33346385,-0.3026898,0.15070802,-0.47115606,-0.27325115,-1.5315912,-0.49350363,-0.0023943225,-0.13701694,0.037358563,-0.36436048,-0.65401936,-0.30247492,-0.44386625,-0.5291738,-0.048056424,-0.26250714,1.098116,0.0049116137,0.22151113,-0.79347676,0.9310464,0.10730216,-0.72396296,1.1116534,0.51052535,0.8865662,-0.9590422,1.0463299,-0.5718276,0.025002938,-1.1010782,-0.12412411,-0.3841295,-0.5211158,-0.7040865,-0.14088479,0.669322,-1.16522,-0.17634006,0.09505397,-0.44945315,0.4788305,-0.17569542,-0.77714586,-0.30365676,-0.5542074,0.5925023,-1.184989,0.7938453,-0.3558727,0.14329463,0.17026214,-0.5680672,1.2388628,-0.26701963,0.51707923,0.54136074,0.3434558,-0.8123863,-1.0218947,-0.2359694,-0.07942897,0.100211106,1.0392388,-0.8130309,0.18841954,-0.6106135,-0.9137024,-0.02839486,0.4062009,0.49902925,0.093442366,0.49720278,-0.2805571,1.2664748,-0.5001649,-0.4087333,-0.85235405,-0.36661673,-0.39122054,0.14436904,-0.3727408,-0.29409456,-0.56473655,-0.5024212,0.43220145,-0.47878432,0.22430457,0.28135535,0.7482906,-0.12799196,-0.30881387,0.022102052,0.3772995,-0.44601506,1.134001,0.32271984,-0.31268173,0.62838733,-0.8321553,-0.8519243,-0.5437857,-1.0799124,-1.3070412,-0.4044357,0.07485521,1.2559457,-0.2437051,0.083880186,-0.38853455,0.8218872,0.9061203,-0.62382865,0.11020304,-0.2079275,0.7597867,1.072975,0.6219409,-0.54711634,-0.2514408,0.35581142,-0.44075048,-0.31966534,-0.19267099,1.0666361,-0.68077195,-1.1875676,-0.8321553,-0.6596063,-0.39068332,-0.84279186,0.8993516,-0.07319744,0.52148426,-0.44526297,0.78836584,-0.42538652,-0.15506689,-0.42560142,0.8603508,-1.072499,-0.515314,-0.5459345,1.051487,-0.59900993,0.78417563,0.7675224,-0.16398443,-0.058800448,-0.86728823,-0.68367285,-0.052783795,-0.74158317,-0.063527815,-0.8375273,-0.10134678,-0.01947732,-1.2373124,-0.2303825,-0.81936985,0.2014198,-0.50446254,-0.12326459,-1.1199876,-1.077119,1.0796363,0.99722964,-0.6447795,-0.7186984,-0.43473384,-0.50048727,-0.5104792,-1.2075515,-0.23167178,-0.23607683,-0.098338455,-0.4966194,-0.4511722,-0.28335053,0.19013858,-0.7296573,0.69414073,0.8675493,0.033490717,-0.07867689,0.33174482,-0.14314103,0.22108138,0.6429992,-0.1032807,0.14673273,0.48463228,-0.83763474,-0.121008344,0.13018693,-0.081685215,0.18584096,0.102359906,-1.1768235,0.22666827,0.9928246,-0.32933497,-0.1874064,0.62559384,0.3218603,0.1947585,0.43671393,0.04025945,0.73400104,-0.23983724,-0.22672954,-0.41335323,0.5791797,1.0944631,0.31262046,-0.8647097,0.108591445,-0.5725797,0.14297232,0.65363574,0.9370631,-1.1590959,0.082698345,0.015225876,0.068408795,-0.084371224,-0.8196922,0.858202,-0.22705185,0.6713634,0.38482028,-0.077817366,-1.1932619,0.91095513,1.0344039,0.073458485,0.2587929,-0.36221167,-0.048056424,-1.1116073,0.8609954,0.48850012,0.83478,0.25900778,-0.09146228,0.52889764,0.1194429,0.9998082,-0.15861243,-0.55388504,-1.1023675,0.55532795,0.34495997,1.0506275,-0.45364332,-1.1505007,-0.31203708,-0.15624875,-0.4412877,-0.80217946,-0.21555576,-0.78112113,-0.03817192,-0.111446165,0.09021916,1.0437512,0.3186371,1.2531523,-0.39261726,-0.008196095,-0.2293081,0.14050119,0.7586049,0.5285753,0.4000768,-0.22576258,0.09591349,-0.6929127,0.84906954,-1.3057518,0.25385064,1.3079468,-0.6028778,0.5312613,-0.7010782,0.4299452,-0.4439737,1.1921263,-0.7407236,-0.8093779,-0.83108085,-0.098983094,-0.7950884,0.746679,0.5241703,0.29414073,0.9324432,0.5182611,-0.42377493,-0.55227345,0.85852426,0.99142784,0.51127744,0.5859484,-0.06814775,-0.3267564,-0.35232717,-0.12498363,-0.27260652,-0.7008633,0.051970437,0.4620698,1.0047505,-0.057296284,0.24289174,-0.42141125,-0.283458,0.83757347,-0.5659184,-0.011311862,-1.2271056,0.471632,0.7421665,0.72712487,0.33872843,0.18336985,0.042945456,-0.46847007,0.16177435,0.32121566,0.88807034,-0.42989904,0.11063281,-0.56634814,-0.11187592,0.28028095,-0.64467204,0.5285753,0.87979746,0.119657785,-0.7297647,0.47206175,0.73743916,0.79427505,0.78976256,0.86368144,0.8955912,0.44552404,-0.23167178,-0.09081764,-0.53089285,0.9191206,1.0360155,0.115789935,0.047565386,-0.01947732,-0.42044428,0.16392316,-0.87835455,-0.009163057,-0.49747893,-0.20448941,0.8786156,-0.6303825,-0.5248762,-0.574621,-1.1363186,-0.36188936,0.19755195,-0.39046845,-0.44440347,-0.054502837,-0.4493457,0.03520976,0.33958796,-0.33374003,0.19948588,0.41329196,0.29263657,-0.31654957,-0.5620505,0.1063352,-0.072123036,-0.3422278,-0.121223226,0.5987338,0.20453557,-0.9293887,0.14307976,0.43413535,0.46131775,-0.6853919,-0.12766963,0.40770507,1.0363379,-0.17881119,-0.050312668,0.88785547,0.68382645,0.5971222,0.47281384,0.8129696,0.43757343,0.78256404,0.6187177,-0.96108353,1.0557846,0.16865054,-0.69753265,-0.36242655,0.82167226,-0.068255186,0.41296962,0.38890302,-0.60255545,-0.19900995,-1.0750777,0.7231496,0.019308606,-0.50790066,0.37601018,-1.3799931,-0.64896965,-0.7982041,0.38782862,-0.53766155,-0.10585927,0.45680526,-0.5593645,1.0178581,0.6176433,0.123203315,0.4358544,0.058201972,-0.09318132,0.00802738,-0.10392535,-0.20986141,-0.34126082,-0.14185175,0.08570667,-0.07330488,0.13383989,-0.9356202,0.5542535,0.06797903,-0.4117416,-1.2042208,0.44606122,-0.29946658,1.1361499,-0.27292883,-0.6174897,0.35967928,-0.14528984,-0.38144347,-0.9769847,0.4540118,0.51922804,0.145336,0.0005065639,-0.27303627,0.16993982,0.20614718,0.17649367,-0.17816655,-0.15141393,0.13663334,0.21710607,0.73152995,0.5913204,-0.45375076,0.4631442,0.715199,-0.1083304,0.4698055,0.5402863,0.7635471,-0.23478755,-0.14453776,0.022316933,0.63440394,-0.5812823,0.15489818,-0.37048456,0.40899435,-0.5516288,-0.24445717,-0.066751026,0.37858877,-0.75436854,-0.58160466,0.30069458,0.2523465,-0.8873795,0.69897556,-0.122512504,1.0463299,-0.43548593,-0.7435171,0.43606928,0.061962377,0.7138023,0.17294814,0.5279307,0.65041256,-0.79798925,-0.7303019,0.09881438,-0.35017836,-0.32793823,0.7018764,-0.7472775,-0.14872792,0.5085914,0.83144933,0.47002038,-0.447949,0.63623047,-0.027213017,-0.27411067,-0.5644142,-0.90457,0.0700204,-0.13293421,-0.2541268,0.24890839,-0.18010047,0.6118415,-0.7629638,-0.54582703,-0.50585926,-0.07760249,-0.8263535,-0.007551454,-0.16312492,-0.4095928,-0.7575917,0.7824566,-0.18901801,1.0038909,-0.102206305,0.19228739,0.24504054,-0.0570814,1.0254865,0.97294813,-0.11842978,-0.42785767,1.073942,-0.49307388,-0.009163057,0.18283264,0.42962286,-0.3443766,-0.571935,0.27211547,-0.7803691,0.6125936,-0.23048994,0.0721692,-0.048271302,-0.15700082,0.3976057,-0.85160196,-0.82356006,-0.06277574,-0.013890428,-0.58557993,-0.99471235,-0.49790868,-0.8844787,-0.0007827189,-0.16086867,0.3249761,0.41651517,-0.006154731,-0.521653,-0.7619968,0.6014198,-0.5652737,-0.39498094,0.48807037,-0.8705114,-0.7267564,-0.25154823,0.07292128,-0.08039594,0.07668169,-0.76908785,-0.80379105,0.16596453,-0.52509105,-0.107900634,0.27157828,-0.46008974,-1.0334983,-0.2391926,-0.73964924,-0.5533478,-0.31461564,-0.20749773,0.2748015,-0.2309197,0.11664946,-1.0616477,-0.43473384,-0.5631249,0.00330001,0.42951542,0.14007144,-0.16484396,-0.2640113,0.3193892,0.5429723,0.51998013,0.6096927,0.14179048,0.056482926,-0.21072094,-0.14056246,-0.37413755,-0.02463445,0.26545417,-0.59815043,-0.15259577,-0.61501855,0.25180927,-0.38133603,0.024465736,-0.7090288,0.23784205,0.030912152,-0.05504004,-0.13207468,0.5498485,0.34324092,0.026614541,-0.46385014,-0.2974252,-0.27088746,-0.5516288,-0.28743327,-0.1948198,-0.4498829,-0.13927318,1.0411727,-0.70043355,-0.20352244,-0.5999769,1.12691,0.49602094,0.36870426,-0.38101372,-0.40948537,-0.30097073,-0.5129503,0.71691805,0.47603706,0.71981895,0.7605388,-0.65992856,0.3536626,0.33657962,-0.028932061,-0.6441349,-0.23715124,0.5002111,0.11654202,-0.6944169,-0.026353495,1.3047236,0.602924,-0.49457803,-0.62017566,-0.27991244,-0.2784083,0.0049116137,0.7785888,-0.5865469,0.21882513,-0.8688998,-0.07642064,0.7208933,-0.22834113,0.21334568,-0.1507693,-0.43237016,-0.32954985,-0.039783526,0.47281384,-0.07448672,-0.01496483,0.2008826,-0.49296644,-0.37703842,0.23096587,0.20238677,0.08011978,-1.3041402,-1.0369364,0.3170255,0.087425716,-0.6085721,0.4750701,0.11858338,-0.2746479,0.07592961,-0.26744938,0.08162394,0.46378887,-0.68657374,-0.06137901,0.5978743,0.6325775,-0.16752997,0.3236868,-0.15173624,-0.19782811,-0.7905759,0.15124522,0.76129085,0.21108943,-0.3136487,-0.28001988,-0.58611715,-0.26068065,-0.083726585,-0.15732314,0.5712291,0.28028095,0.44541657,-0.26089552,-0.0019645614,0.060350776,0.3639769,-0.22952299,-0.73889714,-0.0025017627,-0.108437836,0.23494115,-0.33008704,0.26824763,-0.3069874,-0.60244805,-0.4258163,0.25395808,1.155704,-0.09146228,-0.031510625,0.57026213,0.9383524,-0.3190207,-0.5566785,0.4358544,0.13523662,0.18841954,0.386217,0.29199192,-0.81045234,0.032416314,0.23870157,0.22559386,-0.20448941,0.14103839,0.48194626,0.15371634,0.6788842,0.32594305,-0.51316524,1.0724378,0.919228,-1.3090825,-0.28582168,0.93899703,0.2339742,1.219416,0.13523662,0.39545688,-0.88630515,-0.5106941,0.1304018,0.3995396,0.052722517,-0.6661601,-0.11423961,-0.5732243,-0.30333441,-0.07867689,0.30144668,-0.7348144,-0.79712975,0.04068921,-0.04999035,-0.04999035,-0.0019645614,-0.07233792,-0.17698471,-0.4445109,-0.49704918,0.1063352,0.2390239,-0.22887833,0.6198995,0.21291591,0.2724378,0.28038839,0.103541754,-0.06266829,0.11471553,0.24418102,-0.4146425,0.42317647,0.06464838,0.594866,0.16585709,-1.0284486,-0.11885954,-0.07373464,-0.5582901,-0.5275622,0.004052092,0.27780983,-0.46406502,0.6433215,-0.045048095,0.53824496,0.56037766,-0.029469263,0.37858877,0.5952957,-0.17236477,0.3258356,-0.6426307,-0.058907885,-0.40422082,-0.8424695,0.61216384,0.049284432,0.37192747,0.6944631,0.074640326,-0.14453776,-0.628556,0.0034074504,-0.28528446,-0.0554698,-0.23586196,-0.40250176,-0.31966534,0.675661,-1.3201488,0.20775878,-0.7061279,-0.23768844,-0.32127693,0.18895674,0.65997475,0.4764668,0.8536895,0.9819731,-0.57816654,-0.8123863,0.41275474,0.0011512054,-0.24510181,0.5703696,-0.17182757,0.43606928,0.76838195,0.36494383,0.8211351,-0.25262263,-0.5991174,0.26233843,-0.5444303,-0.38273275,-0.7409385,0.07173944,0.8908638,-0.99707603,0.17864248,-0.54507494,0.5919651,0.063896306,-0.653697,-0.22608489,0.607329,0.4286559,0.21656887,0.441119,0.88935965,-0.66229224,-0.12466131,-0.05192427,0.77665484,0.707141,-0.8336594,-0.42345262,0.051433235,-0.081685215,0.449177,-0.507256,-0.7600629,0.35613376,0.29285145,0.09301261,0.12126939,-0.28947464,0.34549716,-0.26777172,-0.28012735,-0.039568644,0.14157559,0.12266611,-0.75211227,0.34861293,-0.06761055,-0.14743865,-1.1826253,0.4094241,0.16822077,-0.5268101,0.015010996,0.038003206,0.3747209,0.6249492,-0.32417783,0.5743449,-0.08770187,-0.06997423,0.72218263,1.195994,0.2817851,0.39352295,-0.44150257,-0.7399715,0.30123177,0.44079664,0.90332687,-0.15689339,-0.22404353,-0.3594182,-0.19471234,-0.526058,-0.2183492,-0.24048188,-0.015824351,-0.044833217,-0.5564636,-0.37993932,-0.12928124,0.47184688,0.30993444,1.0091555,-0.215126,-0.47137097,-0.06782543,0.34474507,0.08570667,0.33077785,-0.6106135,0.18766746,-0.115636334,0.76333225,-0.7826253,-0.63134944,-0.29022673,0.6463298,0.3164883,-0.010667221,-0.6845324,-0.027320458,0.09688046,-0.23435779,-0.7089213,-0.4065845,0.31219068,0.67286754,0.18960138,-0.9149917,0.32110822,-0.13239701,0.3308853,-0.23876284,0.58917165,-0.39927855,0.41651517,0.4892522,-0.4482713,-0.21963848,-0.14808328,-0.06610638,-0.42484933,0.766448,-0.25273007,-0.07437928,-0.0050803283,-0.056973964,-0.47878432,-0.20481172,-0.01464251,-0.047196902,0.24751167,0.17810528,-0.019262439,-0.15270321,-0.08780931,0.46292934,0.10096318,-0.53314906,0.5616669,0.10107063,-0.68711096,-0.2167376,0.52803814,-0.6194236,-0.25939137,-0.42141125,0.13727799,0.41705236,-0.01936988,0.39008486,0.18809722,-0.7133264,0.041333854,-0.3839146,-0.22039056,-0.03763472,0.47034273,-0.48866883,0.14888152,-0.2981773,0.063896306,-0.04644482,0.09881438,-0.11090896,-0.02377493,0.041763615,0.038110647,0.019523486,-0.55968684,0.2086183,-0.2808794,-0.21179534,0.09236797,-0.4522466,0.07098736,-0.084908426,-0.47104862,0.0799049,-0.06395758,0.0022256076,-0.2618625,0.04380498,-0.1446452,-0.3318061,-0.030113904,0.056482926,0.13523662,-0.14765352,0.2972565,-0.62382865,0.042945456,0.21248615,0.20238677,-0.33900458,0.46916088,-0.4637427,-0.1005947,0.0081348205,-0.7457733,-0.08694979,0.0534746,-0.29473922,-0.16935645,-0.3107478,0.20765135,-0.30849156,-0.21867152,-0.21125814,-0.2591765,0.08409507,-0.020229401,0.07743377,0.18444425,0.23805693,0.5913204,
0,0,0,0,0,0,0,0,0,0,0,0,0,0,0,1,0,0,0,0,0,0,0,0,0,0,0,0,0,0,0,0,0,0,0,0,0,0,0,0,0,0,0,0,0,0,0,0,0,0,0,0,0,0,0,0,0,0,0,0,0,0,0,0,0,0,0,0,0,0,0,0,0,0,0,0,0,0,0,0,0,0,0,0,0,0,0,0,0,0,0,0,0,0,0,0,0,0,0,0,0,0,0,0,0,0,0,0,0,0,0,0,0,0,0,0,0,0,0,0,0,0,0,0,0,0,0,0,0,0,0,0,0,0,0,0,0,0,0,0,0,0,0,0,0,0,0,0,0,0,0,0,0,0,0,0,0,0,0,0,0,0,0,0,0,0,0,0,0,0,0,0,0,0,0,0,0,0,0,0,0,0,0,0,0,0,0,0,0,0,0,0,0,0,0,0,0,0,0,0,0,0,0,0,0,0,0,0,0,0,0,0,0,0,0,0,0,0,0,0,0,0,0,0,0,0,0,0,0,0,0,0,0,0,0,0,0,0,0,0,0,0,0,0,0,0,0,0,0,0,0,0,0,0,0,0,0,0,0,0,0,0,1,0,0,0,0,0,0,0,0,0,0,0,0,0,0,0,0,0,0,0,0,0,0,0,0,0,0,0,0,0,0,0,0,0,0,0,0,0,0,0,0,0,0,0,0,0,0,0,0,0,0,0,0,0,0,0,0,0,0,0,0,0,0,0,0,0,0,0,0,0,0,0,0,0,0,0,0,0,0,0,0,0,0,0,0,0,0,0,0,0,0,0,0,0,0,0,0,0,0,0,0,0,0,0,0,0,0,0,0,0,0,0,0,0,0,0,0,0,0,0,0,0,0,0,0,0,0,0,0,0,0,0,0,0,0,0,0,0,0,0,0,0,0,0,0,0,0,0,0,0,0,0,0,0,0,0,0,0,0,0,0,0,0,0,0,0,0,0,0,0,0,0,0,0,0,0,0,0,0,0,0,0,0,0,0,0,0,0,0,0,0,0,0,0,0,0,0,0,0,0,0,0,0,0,0,0,0,0,0,0,0,0,0,0,0,0,0,0,0,0,0,0,0,0,0,0,0,0,0,0,0,0,0,0,0,0,0,0,0,0,0,0,0,0,0,0,0,0,0,0,0,0,0,0,0,0,0,0,0,0,0,0,0,0,0,0,0,0,0,0,0,0,0,0,0,0,0,0,0,0,0,0,0,0,0,0,0,0,0,0,0,0,0,0,0,0,0,0,0,0,0,0,0,0,0,0,0,0,0,0,0,0,0,0,0,0,0,0,0,0,0,0,0,0,0,0,0,0,0,0,0,0,0,0,0,0,0,0,0,0,0,0,0,0,0,0,0,0,0,0,0,0,0,0,0,0,0,1,0,0,0,0,0,0,0,0,0,0,0,0,0,0,0,0,0,0,0,0,0,0,0,0,0,0,0,0,0,0,0,0,0,0,0,0,0,0,0,0,0,0,0,0,0,0,0,0,0,0,0,0,0,0,0,0,0,0,0,0,0,0,0,0,0,0,0,0,0,0,0,0,0,0,0,0,0,0,0,0,0,0,0,0,0,0,0,0,0,0,0,0,0,0,0,0,0,0,0,0,0,0,0,0,0,0,0,0,0,0,0,0,0,0,0,0,0,0,0,0,0,0,0,0,0,0,0,0,0,0,0,0,0,0,0,0,0,0,0,0,0,0,0,0,0,0,0,0,0,0,0,0,0,0,0,0,0,0,0,0,0,0,0,0,0,0,0,0,0,0,0,0,0,0,0,0,0,0,0,0,0,0,0,0,0,0,0,0,0,0,0,0,0,0,0,0,0,0,0,0,0,0,0,0,0,0,0,0,0,0,0,0,0,0,0,0,0,0,0,0,0,0,0,0,0,0,0,0,0,0,0,0,0,0,0,0,0,0,0,0,0,0,0,0,0,0,0,0,0,0,0,0,0,0,0,0,0,0,0,0,0,0,0,0,0,0,0,0,0,0,0,0,0,0,0,0,0,0,0,0,0,0,0,0,0,0,0,0,0,0,0,0,0,0,0,0,0,0,0,0,0,0,0,0,0,0,0,0,0,0,0,0,0,0,0,0,0,0,0,0,0,0,0,0,0,0,0,0,0,0,0,0,0,0,0,0,0,0,0,0,0,0,0,0,0,0,0,0,0,0,0,0,0,0,0,0,0,0,0,0,0,0,0,0,0,0,0,0,0,0,0,0,0,0,0,0,0,0,0,0,0,0,0,0,0,0,0,0,0,0,0,0,0,0,0,0,0,0,0,0,0,0,0,0,0,0,0,0,0,0,0,0,0,0,0,0,0,0,0,0,0,0,0,0,0,0,0,0,0,0,0,0,0,0,0,0,0,1,0,0,0,0,0,0,0,0,0,0,0,0,0,0,0,0,0,0,0,0,0,0,0,0,0,0,0,0,0,0,0,0,0,0,0,0,0,0,0,0,0,0,0,0,0,0,0,0,0,0,0,0,0,0,0,0,0,0,0,0,0,0,0,0,0,0,0,0,0,0,0,0,0,0,0,0,0,0,0,0,0,0,0,0,0,0,0,0,0,0,0,0,0,0,0,0,0,0,0,0,0,0,0,0,0,0,0,0,0,0,0,0,0,0,0,0,0,0,0,0,0,0,0,0,0,0,0,0,0,0,0,0,0,0,0,0,0,0,0,0,0,0,0,0,0,0,0,0,0,0,0,0,0,0,0,0,0,0,0,0,0,0,0,0,0,0,0,0,0,0,0,0,0,0,0,0,0,0,0,0,0,0,0,0,0,0,0,0,0,0,0,0,0,0,0,0,0,0,0,0,0,0,0,0,0,0,0,0,0,0,0,0,0,0,0,0,0,0,0,0,0,0,0,0,0,0,0,0,0,0,0,0,0,0,0,0,0,0,0,0,0,0,0,0,0,0,0,0,0,0,0,0,0,0,0,0,0,0,0,0,0,0,0,0,0,0,0,0,0,0,0,0,0,0,0,0,0,0,0,0,0,0,0,0,0,0,0,0,0,0,0,0,0,0,0,0,0,0,0,0,0,0,0,0,0,0,0,0,0,0,0,0,0,0,0,0,0,0,0,0,0,0,0,0,0,0,0,0,0,0,0,0,0,0,0,0,0,0,0,0,0,0,0,0,0,0,0,0,0,0,0,0,0,0,0,0,0,0,0,0,0,0,0,0,0,0,0,0,0,0,0,0,0,0,0,0,0,0,0,0,0,0,0,0,0,0,0,0,0,0,0,0,0,0,0,0,0,0,0,0,0,0,0,0,0,0,0,0,0,0,0,0,0,0,0,0,0,0,0,0,0,0,0,0,0,0,0,0,0,0,0,0,0,0,0,0,0,0,0,0,0,0,0,0,0,0,0,0,0,0,0,0,0,0,0,0,0,0,0,0,0,0,0,0,0,0,0,0,0,0,0,0,0,0,0,0,0,0,0,0,0,0,0,0,0,0,0,0,0,0,0,0,0,0,0,0,0,0,0,0,0,0,0,0,0,0,0,0,0,0,0,0,0,0,0,0,0,0,0,0,0,0,0,0,0,0,0,0,0,0,0,0,0,0,0,0,0,0,0,0,0,0,0,0,0,0,0,0,0,0,0,0,0,0,0,0,0,0,0,0,0,0,0,0,0,0,0,0,0,0,0,0,0,0,0,0,0,0,0,0,0,0,0,0,0,0,0,0,0,0,0,0,0,0,0,0,0,0,0,0,0,0,0,0,0,0,0,0,0,0,0,0,0,0,0,0,0,0,0,0,0,0,0,0,0,0,0,0,0,0,0,0,0,0,0,0,0,0,0,0,0,0,0,0,0,0,0,0,0,0,0,0,0,0,0,0,0,0,0,0,0,0,0,0,0,0,0,0,0,0,0,0,0,0,0,0,0,0,0,0,0,0,0,0,0,0,0,0,0,0,0,0,0,0,0,0,0,0,0,0,0,0,0,0,0,0,0,0,0,0,0,0,0,0,0,0,0,0,0,0,0,0,0,0,0,0,0,0,0,0,0,0,0,0,0,0,0,0,0,0,0,0,0,0,0,0,0,0,0,0,0,0,0,0,0,0,0,0,0,0,0,0,0,0,0,0,0,0,0,0,0,0,0,0,0,0,0,1,0,0,0,0,0,0,0,0,0,0,0,0,0,0,0,0,0,0,0,0,0,0,0,0,0,0,0,0,0,0,0,0,0,0,0,0,0,0,0,0,0,0,0,0,0,0,0,0,0,0,0,0,0,0,0,0,0,0,0,0,0,0,0,0,0,0,0,0,0,0,0,0,0,0,0,0,0,0,0,0,0,0,0,0,0,0,0,0,0,0,0,0,0,0,0,0,0,0,0,0,0,0,0,0,0,0,0,0,0,0,0,0,0,0,0,0,0,0,0,0,0,0,0,0,0,0,0,0,0,0,0,0,0,0,0,0,0,0,0,0,0,0,0,0,0,0,0,0,0,0,0,0,0,0,0,0,0,0,0,0,0,0,0,0,0,0,0,0,0,0,0,0,0,0,0,0,0,0,0,0,0,0,0,0,0,0,0,0,0,0,0,0,0,0,0,0,0,0,0,0,0,0,0,0,0,0,0,0,0,0,0,0,0,0,0,0,0,0,0,0,0,0,0,0,0,0,0,0,0,0,0,0,0,0,0,0,0,0,0,0,0,0,0,0,0,0,0,0,0,0,0,0,0,0,0,0,0,0,0,0,0,0,0,0,0,0,0,0,0,0,0,0,0,0,0,0,0,0,0,0,0,0,0,0,0,0,0,0,0,0,0,0,0,0,0,0,0,0,0,0,0,0,0,0,0,0,0,0,0,0,0,0,0,0,0,0,0,0,0,0,0,0,0,0,0,0,0,0,0,0,0,0,0,0,0,0,0,0,0,0,0,0,0,0,0,0,0,0,0,0,0,0,0,0,0,0,0,0,0,0,0,0,0,0,0,0,0,0,0,0,0,0,0,0,0,0,0,0,0,0,0,0,0,0,0,0,0,0,0,0,0,0,0,0,0,0,0,0,0,0,0,0,0,0,0,0,0,0,0,0,0,0,0,0,0,0,0,0,0,0,0,0,0,0,0,0,0,0,0,0,0,0,0,0,0,0,0,0,0,0,0,0,0,0,0,0,0,0,0,0,0,0,0,0,0,0,0,0,0,0,0,0,0,0,0,0,0,0,0,0,0,0,0,0,0,0,0,0,0,0,0,0,0,0,0,0,0,0,0,0,0,0,0,0,0,0,0,0,0,0,0,0,0,0,0,0,0,0,0,0,0,0,0,0,0,0,0,0,0,0,0,0,0,0,0,0,0,0,0,0,0,0,0,0,0,0,0,0,0,0,0,0,0,0,0,0,0,0,0,0,0,0,0,0,0,0,0,0,0,0,0,0,0,0,0,0,0,0,0,0,0,0,0,0,0,0,0,0,0,0,0,0,0,0,0,0,0,0,0,0,0,0,0,0,0,0,0,0,0,0,0,0,0,0,0,0,0,0,0,0,0,0,0,0,0,0,0,0,0,0,0,0,0,0,0,0,0,0,0,0,0,0,0,0,0,0,0,0,0,0,0,0,0,0,0,0,0,0,0,0,0,0,0,0,0,0,0,0,0,0,0,0,0,0,0,0,0,0,0,0,0,0,0,0,0,0,0,0,0,0,0,0,0,0,0,0,0,0,0,0,0,0,0,0,0,0,0,0,0,0,0,0,0,0,0,0,0,0,0,0,0,0,0,0,0,0,0,0,0,0,0,0,0,0,0,0,0,0,0,0,0,0,0,0,0,0,0,0,0,0,0,0,0,0,0,0,0,0,0,0,0,0,0,0,0,0,0,0,0,0,0,0,0,0,0,0,0,0,0,0,0,0,0,0,0,0,0,0,0,0,0,0,0,0,0,0,0,0,0,0,0,0,0,0,0,0,0,0,0,0,0,0,0,0,0,0,0,0,0,0,0,0,0,0,0,0,0,0,0,0,0,0,0,0,0,0,0,0,0,0,0,0,0,0,0,0,0,0,0,0,0,0,0,0,0,0,0,0,0,0,0,0,0,0,0,0,0,0,0,0,0,0,0,0,0,0,0,0,0,0,0,0,0,0,0,0,0,0,0,0,0,0,0,0,0,0,0,0,0,0,0,0,0,0,0,0,0,0,0,0,0,0,0,0,0,0,0,0,0,0,0,0,0,0,0,0,0,0,0,0,0,0,0,0,0,0,0,0,0,0,0,0,0,0,0,0,0,0,0,0,0,0,0,0,0,0,0,0,0,0,0,0,0,0,0,0,0,0,0,0,0,0,0,0,0,0,0,0,0,0,0,0,0,0,0,0,0,0,0,0,0,0,0,0,0,0,0,0,0,0,0,0,0,0,0,0,0,0,0,0,0,0,0,0,0,0,0,0,0,0,0,0,0,0,0,0,0,0,0,0,0,0,0,0,0,0,0,0,0,0,0,0,0,0,0,0,0,0,0,0,0,0,0,0,0,0,0,0,0,0,0,0,0,0,0,0,0,0,0,0,0,0,0,0,0,0,0,0,0,0,0,0,0,0,0,0,0,0,0,0,0,0,0,0,0,0,0,0,0,0,0,0,0,0,0,0,0,0,0,0,0,0,0,0,0,0,0,0,0,0,0,0,0,0,0,0,0,0,0,0,0,0,0,0,0,0,0,0,0,0,0,0,0,0,0,0,0,0,0,0,0,0,0,0,0,0,0,0,0,0,0,0,0,0,0,0,0,0,0,0,0,0,0,0,0,0,0,0,0,0,0,0,0,0,0,0,0,0,0,0,0,0,0,0,0,0,0,0,0,0,0,0,0,0,0,0,0,0,0,0,0,0,0,0,0,0,0,0,0,0,0,0,0,0,0,0,0,0,0,0,0,0,0,0,0,0,0,0,0,0,0,0,0,0,0,0,0,0,0,0,0,0,0,0,0,0,0,0,0,0,0,0,0,0,0,0,0,0,0,0,0,0,0,0,0,0,0,0,0,0,0,0,0,0,0,0,0,0,0,0,0,0,0,0,0,0,0,0,0,0,0,0,0,0,0,0,0,0,0,0,0,0,0,0,0,0,0,0,0,0,0,0,0,0,0,0,0,0,0,0,0,0,0,0,0,0,0,0,0,0,0,0,0,0,0,0,0,0,0,0,0,0,0,0,0,0,0,0,0,0,0,0,0,0,0,0,0,0,0,0,0,0,0,0,0,0,0,0,0,0,0,0,0,0,0,0,0,0,0,0,0,0,0,0,0,0,0,0,0,0,0,0,0,0,0,0,0,0,0,0,0,0,0,0,0,0,0,0,0,0,0,0,0,0,0,0,0,0,0,0,0,0,0,0,0,0,0,0,0,0,0,0,0,0,0,0,0,0,0,0,0,0,0,0,0,0,0,0,0,0,0,0,0,0,0,0,0,0,0,0,0,0,0,0,0,0,0,0,0,0,0,0,0,0,0,0,0,0,0,0,0,0,0,0,0,0,0,0,0,0,0,0,0,0,0,0,0,0,0,0,0,0,0,0,0,0,0,0,0,0,0,0,0,0,0,0,0,0,0,0,0,0,0,0,0,0,0,0,0,0,0,0,0,0,0,0,0,0,0,0,0,0,0,0,0,0,0,0,0,0,0,0,0,0,0,0,0,0,0,0,0,0,0,0,0,0,0,0,0,0,0,0,0,0,0,0,0,0,0,0,0,0,0,0,0,0,0,0,0,0,0,0,0,0,0,0,0,0,0,0,0,0,0,0,0,0,0,0,0,0,0,0,0,0,0,0,0,0,0,0,0,0,0,0,0,0,0,0,0,0,0,0,0,0,0,0,0,0,0,0,0,0,0,0,0,0,0,0,0,0,0,0,0,0,0,0,0,0,0,0,0,0,0,0,0,0,0,0,0,0,0,0,0,0,0,0,0,0,0,0,0,0,0,0,0,0,0,0,0,0,0,0,0,0,0,0,0,0,0,0,0,0,0,0,0,0,0,0,0,0,0,0,0,0,0,0,0,0,0,0,0,0,0,0,0,0,0,0,0,0,0,0,0,0,0,0,0,0,0,0,0,0,0,0,0,0,0,0,0,0,0,0,0,0,0,0,0,0,0,0,0,0,0,0,0,0,0,0,0,0,0,0,0,0,0,0,0,0,0,0,0,0,0,0,0,0,0,0,0,0,0,0,0,0,0,0,0,0,0,0,0,0,0,0,0,0,0,0,0,0,0,0,0,0,0,0,0,0,0,0,0,0,0,0,0,0,0,0,0,0,0,0,0,0,0,0,0,0,0,0,0,0,0,0,0,0,0,0,0,0,0,0,0,0,0,0,0,0,0,0,0,0,0,0,0,0,0,0,0,0,0,0,0,0,0,0,0,0,0,0,0,0,0,0,0,0,0,0,0,0,0,0,0,0,0,0,0,0,0,0,0,0,0,0,0,0,0,0,0,0,0,0,0,0,0,0,0,0,0,0,0,0,0,0,0,0,0,0,0,0,0,0,0,0,0,0,0,0,0,0,0,0,0,0,0,0,0,0,0,0,0,0,0,0,0,0,0,0,0,0,0,0,0,0,0,0,0,0,0,0,0,0,0,0,0,0,0,0,0,0,0,0,0,0,0,0,0,0,0,0,0,0,0,0,0,0,0,0,0,0,0,0,0,0,0,0,0,0,0,0,0,0,0,0,0,0,0,0,0,0,0,0,0,0,0,0,0.3779081,0.77408314,-0.30587435,1.0718906,-0.7963988,-0.05721213,-0.13208897,0.88056433,0.23456803,-0.12737536,-0.21415214,-0.22612935,-0.34342867,0.6252567,0.03597825,-0.23161569,-0.3863921,-0.11277091,-0.4941869,-0.31027886,-0.19599316,-0.8715075,-0.041139495,0.3718036,0.30983123,0.32034028,0.37512633,-0.5656638,0.571707,0.42713058,-0.43105546,0.48384842,0.29159498,-0.20997944,-0.02344414,1.0615361,-0.001576083,0.22830898,-0.6673541,0.33989015,-0.17482056,-0.34767866,0.18890011,0.66737014,0.77740586,-0.49024603,0.34645832,0.08496888,0.98148197,0.10297332,-0.7870489,0.6627338,-0.4689189,-0.25897008,-0.5621093,0.27189055,-0.48900968,0.23943618,0.28131777,-0.021898694,0.6577111,-0.18849775,0.5867751,0.30612215,0.319413,0.021219242,-0.3414196,-0.030475918,-0.035189528,0.050814528,0.064955354,-0.7753808,0.26764056,-1.2638962,-0.8015761,-0.3888648,-0.21044308,0.054214507,-0.50740045,0.69758356,0.033119176,-0.57223195,0.44389865,-0.41521463,0.36994907,0.21779995,0.1365095,-0.50469595,0.9551321,0.9768456,1.0040455,0.027632842,-0.048557635,-0.038125876,0.42380786,-0.31012434,0.08411889,-0.7176584,-0.052730337,0.25906333,0.40711704,-0.59649545,-0.14414346,0.24924977,0.6291976,0.9950046,-0.60901356,0.6965018,0.22637717,0.7730786,0.42133516,-0.63621336,-0.44140995,-0.6506633,0.80035573,0.13643223,-0.47772792,0.29955402,0.23634529,0.19299553,-0.9297708,-0.01973507,-0.53398216,0.29399043,0.16085027,0.1236823,0.36361274,-0.3406469,0.13473223,0.64032483,-0.0416804,-0.382683,-0.64324516,0.38316265,0.6982018,-0.5159777,0.84865093,0.41940334,-0.77051264,-0.46320072,-0.4881597,0.5432708,-0.946848,0.7182153,0.54535717,0.3174039,-1.148915,1.0125455,0.061169013,0.69966996,-0.34914684,0.6179931,-0.07707111,0.6299703,0.34692195,-1.0392656,0.04347366,0.11773233,0.30596763,-0.33152875,-0.5246322,0.6769519,0.11711415,-0.047939457,-0.07413476,0.4869393,-0.45091444,0.54535717,0.24700888,0.8000466,1.3625116,-0.32318336,0.12097777,0.20721364,0.6112704,-1.2142874,0.86132354,-0.7876671,0.46939853,-0.2920426,0.7149699,0.23588166,0.3816172,1.0495589,-0.35270137,0.478053,-0.5475821,-0.0062124203,-0.30757433,0.23433621,0.39622167,-0.15998428,-0.64069515,-0.21894303,-0.6583905,-0.3771194,-0.67948586,0.14230491,0.21393633,0.06317809,0.025932852,-0.3127516,-0.27427,-0.7192811,-0.8714302,0.0042193388,-0.45145535,0.0063829627,-0.38863298,-0.2706382,-0.6138044,-0.21500215,0.15111396,-0.12992536,-0.13015717,0.13797767,-0.5488184,-0.7918398,0.65029293,-0.19042955,0.53538907,-0.06633026,-0.7128675,0.15289122,-0.027925933,-0.058834847,-0.021898694,0.73289704,0.5134437,-0.35277864,-0.4555508,-0.9389662,-0.14128438,0.14006402,0.038296416,0.34383103,-0.7313356,-0.32132882,-0.3018562,-0.3305242,-0.88309836,-0.32063335,0.18233196,-0.60043633,-0.45949167,0.47388032,0.49992105,0.057073582,-0.025066858,0.9381322,0.1172687,0.1420731,0.828251,-0.6250862,-0.23447476,-0.12915263,-0.1484707,-0.38646936,-0.2714109,-0.5012187,0.9093096,0.57209337,-0.10543004,0.07747347,0.28015867,0.0003557242,-0.2921199,0.67957914,-0.21917485,0.43408507,-0.0025033504,0.48037118,0.5079574,0.8165056,-0.13966165,0.6329839,0.15860938,0.48879385,0.42125788,-0.07112114,0.29561314,0.11533689,-0.6305725,0.057537217,0.3447583,0.49713928,0.52426183,0.108073294,-0.54271394,-0.2703291,0.19492735,-0.4828279,0.17066385,-0.32990605,-0.035421345,0.082496166,0.14493218,-0.08047109,0.20837273,-0.4557826,-0.13533442,-0.19321136,-0.12799355,-0.049793992,0.1490276,0.029719194,0.984341,-0.2993835,0.6347612,0.77856493,0.11100964,-0.31785157,-0.5373049,-0.33369237,-0.54549575,0.7952558,-0.30595163,-0.51242316,-0.2678564,0.28324956,-0.305488,0.41638973,0.2268408,-0.4853006,-0.34636503,0.051664524,0.037291877,0.8902234,-0.16554788,0.3667809,-0.2661564,0.044246383,0.18264106,-0.3550968,0.1956228,0.005378423,-0.091443755,0.42172152,0.57162976,-0.07189386,0.8970234,0.32760388,-0.25518373,-0.5778728,0.43501234,0.13519587,-0.30842435,-0.70745844,-0.9126164,0.13395952,0.46213493,0.039146412,0.5692343,-0.16477516,0.54257536,-0.028621383,0.35055372,0.15320031,0.6822064,0.21339542,-0.01703054,0.3715718,-0.22976115,-0.5312776,-0.24529289,-0.08456652,0.30496308,0.121364124,0.4710985,-0.8894347,-0.019657798,-0.42997366,0.35070828,0.21633177,0.36786273,0.6137431,-0.42935547,-0.18911593,-0.31112885,0.62409765,-0.6435543,-0.00072608783,-0.011698753,0.11773233,-0.40733287,-0.3840739,0.8860507,0.07731892,0.38254446,-0.21477033,0.065496266,0.14415945,0.35580826,-0.34682867,-0.46621436,-0.6771677,-0.5393139,-0.041834947,1.0289272,0.3452992,-0.025530493,0.05096907,0.05359633,0.054059964,-0.11655725,-0.16207063,0.2597588,0.24700888,-0.26484278,0.6889291,0.8230738,0.96448207,0.020987425,-0.16840695,-0.27558362,0.48825294,-0.092371024,0.13102317,-1.0996153,0.3102176,0.21200453,0.4424305,0.40379435,-0.030707736,0.14601399,0.47086668,-0.1222754,-0.33060148,-0.16608879,0.6322112,0.4055716,-0.030630464,-0.059762117,0.13048226,0.27791777,-0.6654223,-0.18957956,0.48485297,0.735447,-0.6763177,0.6532293,-0.22667027,0.15095942,0.4719485,-0.05821667,-0.79825336,-0.6765495,0.6822064,0.11966414,-0.39110568,-0.17010695,0.59960234,-0.39790565,-0.22373392,0.8059966,-0.40346926,0.21509542,0.2354953,0.497912,0.09277338,-0.016953269,0.5266573,-0.3464423,0.7297289,0.35673553,-0.115011804,-0.5478139,0.8328101,-0.6050727,0.23657711,-0.23517022,0.27683598,-0.00451243,-0.6194453,0.27691326,-0.705913,-0.7358946,-0.12606174,0.887287,-0.28732902,0.19021374,-0.0609212,-0.583591,-0.4242555,-0.3380969,1.185249,-0.16199335,0.0852007,-0.24761105,0.11417781,0.608875,-0.09082557,0.24515434,-0.1571252,-0.17891598,-0.1914341,-0.001035177,0.10274151,0.24384071,0.11240054,0.2282317,0.143464,0.3486992,0.08102799,-0.65027696,-0.41150558,-0.054043967,-0.032330453,-0.20696582,-0.05381215,-0.2680882,-0.15156159,-0.87583476,-0.21708849,-0.45346442,-0.6536769,-0.11910723,-0.11732997,0.27328146,-0.8924483,-0.057830308,-0.14754343,0.27057692,-0.26870638,0.031032823,0.30202675,0.20860454,0.48717114,0.11572325,-0.10388459,0.19655007,0.3210357,0.65168387,0.0091647655,0.06897352,-0.40826014,-0.1272981,-0.058603033,-0.13015717,0.49003023,-0.21670213,-0.44813263,0.0623281,-0.561182,0.30279946,0.26323605,-0.019657798,-0.56991374,-0.7769262,-0.19042955,-0.43785542,-0.25371554,-0.27002,-0.53143215,0.05769176,-0.19104773,0.5747206,-0.24088836,-0.59919995,0.05158725,-0.28145632,0.18318196,0.17429565,-0.006676054,0.1758411,-0.508405,-0.18107961,0.40387163,-0.4911733,-0.059762117,0.48268935,-0.13610713,-0.35942405,0.12600046,0.21772267,-0.4819779,0.122909576,-0.36645582,-0.7936943,0.19098645,-0.062003013,-0.113079995,-0.4646689,-0.31591976,0.040614586,0.049964532,0.7915467,-0.07436658,-0.11933905,-0.032330453,0.010092032,0.23750438,-0.5298095,0.42968056,0.014882915,0.36531276,0.08496888,-0.059375755,-0.04361221,-0.47548702,0.009010221,0.021373786,0.24863158,0.5746434,-0.20866582,-0.3222561,0.47673938,0.5203982,-0.543023,-0.075448394,0.11634143,-0.4091874,-0.037816785,0.23796801,-0.0815529,0.637543,-0.39520112,-0.077302925,-0.17250238,0.02454195,0.5078801,-0.27512,-0.33152875,-0.46227348,-0.039207686,-0.22311573,-0.26623368,0.31307667,0.073996216,0.3077449,-0.06262119,-0.03155773,0.028405564,-0.09863008,-0.05041217,0.07268259,0.7217698,0.2692633,-0.13386624,-0.20936127,-0.016489634,-0.03727588,0.19376826,-0.091366485,-0.22164756,0.21362723,0.24422707,-0.23393385,-0.102648236,-0.015562368,-0.13618441,0.449385,0.1596139,0.4810666,-0.5162868,-0.017957808,-0.2656155,0.27505872,-0.53699577,0.16262753,0.20474093,0.03466462,-0.3115925,0.16347753,-0.10063916,0.3062767,-0.04848036,0.042314578,-0.47224158,-0.016489634,-0.13432987,-0.7128675,0.35797188,-0.49217784,-0.07398022,-0.12273903,-0.14344801,-0.30007893,-0.23107478,0.48276663,0.081723444,0.2299317,-0.48012337,-0.5689092,0.0907643,0.20365912,-0.31561068,-0.29412895,-0.29644713,0.15010943,0.3051949,-0.19097047,-0.120575406,0.7852104,-0.3910284,-0.11153455,-0.09631191,0.5054847,0.22931351,-0.25348374,0.12360502,-0.26190642,-0.6198317,-0.43553725,-0.008453317,0.6339885,-0.092371024,-0.06532572,-0.11794815,-0.42023733,0.45811677,0.03937823,0.48709387,-0.06532572,0.0003557242,-0.05180307,-0.10697548,0.0673508,-0.8474758,0.12337321,0.49667564,-0.47146887,-0.024989586,-0.25456557,0.43864414,0.36770818,0.25102702,-0.47270522,0.055450864,-0.6101726,0.3402765,0.31454486,0.34097198,-0.0060578757,0.07144623,-0.26553822,0.08010072,-0.03627134,0.055064503,-0.26368368,0.03126464,0.5929569,-0.40447378,0.11046874,-0.1914341,-0.3620513,0.14887306,-0.43051454,0.45201224,0.18604103,-0.34018326,-0.19390681,-0.51250046,0.14361855,0.033196446,0.22344083,0.0043738834,-0.4322918,0.37481722,-0.022207784,0.4262806,-0.38345572,0.030182827,0.2783814,0.096559726,-0.035189528,-0.105584584,0.15304576,-0.24258836,0.012951107,0.011405662,-0.5324367,-0.022362329,-0.16029337,-0.73349917,0.44142595,-0.02846684,0.19114101,-0.2502383,-0.19653407,0.06959169,-0.042839486,-0.45864168,-0.15998428,-0.61449987,-0.08062563,-0.14120711,0.2089909,0.77153313,0.2530361,-0.43097818,0.6749428,0.11734597,0.31392667,0.05630086,-0.031480458,0.15544121,0.16927294,0.25319064,-0.13803895,0.22614536,0.2443816,-0.055666685,-0.6381452,-0.12675719,-0.34373778,0.0403055,0.31995392,-0.072589315,0.11858232,0.037910055,0.118195966,0.068509884,-0.73473555,-0.21152489,-0.019966887,-0.12722082,-0.048248544,0.55957526,-0.8064442,-0.09654372,0.6521475,0.13936856,0.4381805,0.28193593,-0.42162824,-0.20974763,-0.04631674,-0.029703196,0.382699,-0.13865712,0.5869297,0.022378325,0.5475208,-0.021898694,-0.37928304,-0.12768446,0.06425991,0.0041420665,0.3905035,0.19183646,0.43663508,-0.11825724,0.68792456,0.33540836,0.051046345,-0.29505622,-0.21569759,-0.18015234,-0.15952064,0.22784534,-0.2273657,-0.15094341,-0.035034984,-0.13726622,-0.7577627,0.72107434,-0.98285687,0.046719097,-0.16152972,0.30751306,-0.5366094,0.22483172,0.0495009,0.37674904,0.35658097,-0.32233337,-0.22296119,0.24569523,0.13542768,0.40286708,-0.26267916,0.18310468,-0.10666639,-0.47772792,0.31099033,-0.0338759,0.024696495,0.1850365,0.033582807,0.32822204,0.07360985,-0.4585644,-0.39334658,-0.31545612,-0.29358807,-0.29590622,0.22730443,-0.29335624,0.19315009,0.13527314,0.12669592,-0.05551214,0.051664524,-0.2819972,0.43532142,0.08890977,-0.25325194,-0.159907,0.18859102,0.30109948,-0.03634861,-0.37472397,0.17514564,0.1323368,-0.11145727,0.26354513,0.1535094,0.11031419,-0.0140941935,-0.3325333,-0.16122063,-0.18911593,-0.122507215,0.26709965,-0.09376192,0.33679926,-0.37897393,-0.07112114,0.33649018,0.48624387,-0.4197737,0.097641535,-0.2686291,-0.3768876,0.000587541,-0.25649735,0.24685432,0.31840846,0.21524996,0.4114443,0.0559145,-0.047166735,0.057537217,0.46228945,0.12638682,0.0153465485,-0.029394107,-0.31839246,-0.11756179,-0.3143743,0.06526445,-0.38167846,-0.36606947,0.19307281,0.41770336,-0.24753378,0.36709002,-0.026071398,-0.046471283,0.07585075,-0.10017552,-0.108289115,0.3249766,0.3578946,-0.03557589,-0.1409753,0.24778159,-0.07034842,0.002132987,0.36005822,0.28773135,0.10691421,0.60833406,-0.3442787,-0.11918451,-0.23864746,-0.2318475,0.33401746,-0.045234926,-0.44140995,0.074073486,0.27714506,0.08396434,0.033196446,-0.67848134,-0.11918451,-0.030166829,-0.45477805,0.17058657,0.25852245,0.11417781,-0.013476015,-0.46922797,-0.6021363,0.3924353,0.23194078,-0.086807415,-0.40540105,-0.2293748,0.24492252,-0.115089074,0.09841426,-0.07792111,-0.0005715433,-0.11972541,-0.27094728,-0.38484663,-0.2795245,0.0022875315,-0.35749224,0.45525768,0.24414979,-0.21453851,-0.39396477,-0.27102455,-0.04971672,0.3615264,-0.095230095,-0.24197017,-0.3327651,-0.20588401,-0.38600573,-0.16964331,0.011560206,0.3475401,-0.1727342,0.23727256,0.2857223,0.012642018,-0.16562515,0.24221799,-0.27836543,0.3985398,-1.0427428,0.37118542,-0.28949264,0.10930965,1.0664042,-0.70830846,0.21934539,-0.09275738,0.88589615,0.020910153,-0.92103904,1.121963,1.8221272,0.303804,-1.9026289,-1.2056329,1.1832399,-0.5373049,0.95969117,0.20512728,0.030028284,0.51050735,-0.23509294,-0.15279795,0.74611056,-1.2914051,-0.7396037,-0.14182529,-0.10226187,-0.89175284,0.35310373,-0.4881597,-0.6288725,0.5991387,0.5948887,0.32884023,0.21919085,-0.049948536,0.26169062,-1.0682428,-1.1235697,0.61405224,-0.20959309,-0.18888411,-0.6213771,-0.6178226,-0.94252074,-0.1228163,0.7421697,0.48763478,-0.55546385,0.68035185,0.4175488,0.16672295,0.46143946,0.20690455,0.5333027,-0.83124864,-0.98880684,1.367457,0.31222668,-0.21778394,0.8870552,0.1058324,-0.0695757,-0.49511418,0.35016736,-0.08858468,0.25968152,0.987741,-0.92374355,0.029796466,0.07994618,0.657402,1.3419572,0.20636365,-0.18169779,-1.2272692,-0.3486832,-0.3347742,-0.28207448,0.7607923,0.3586673,-0.0060578757,0.62757486,-0.12103904,0.034123715,1.0674088,0.3277584,0.7069335,0.63483846,-0.8450031,-0.9381162,-0.5298867,-0.6899176,0.22637717,0.37659448,-0.54565024,1.3525435,0.6712337,-1.0356338,0.47024852,0.02013743,0.28641772,0.32574934,-0.4470508,0.73961973,-0.8136306,0.4653031,0.6271885,0.015114731,0.34723103,-0.7678081,1.0331771,-0.3731785,-0.854894,-0.62377256,-0.06347118,0.13094589,0.84486455,-0.12667991,-0.89128923,-0.77545804,-0.46420527,-0.41212374,0.30534944,0.071214415,-0.07884837,
0,0,0,0,0,0,0,0,1,0,0,0,0,0,0,0,0,0,0,0,0,0,0,0,0,0,0,0,0,0,0,0,0,0,0,0,0,0,0,0,0,0,0,0,0,0,0,0,0,0,0,0,0,0,0,0,0,0,0,0,0,0,0,0,0,0,0,0,0,0,0,0,0,0,0,0,0,0,0,0,0,0,0,0,0,0,0,0,0,0,0,0,0,0,0,0,0,0,0,0,0,0,0,0,0,0,0,0,0,0,0,0,0,0,0,0,0,0,0,0,0,0,0,0,0,0,0,0,0,0,0,0,0,0,0,0,0,0,0,0,0,0,0,0,0,0,0,0,0,0,0,0,0,0,0,0,0,0,0,0,0,0,0,0,0,0,0,0,0,0,0,0,0,0,0,0,0,0,0,0,0,0,0,0,0,0,0,0,0,0,0,0,0,0,0,0,0,0,0,0,0,0,0,0,0,0,0,0,0,0,0,0,0,0,0,0,0,0,0,0,0,0,0,0,0,0,0,0,0,0,0,0,0,0,0,0,0,0,0,0,0,0,0,0,0,0,0,0,0,0,0,0,0,0,0,0,0,0,0,0,0,0,0,0,0,0,0,0,0,0,0,0,0,0,0,0,0,0,0,0,0,0,0,0,0,0,0,0,0,0,0,0,0,0,0,0,0,0,0,0,0,0,0,0,0,0,0,0,0,0,0,0,0,0,0,0,0,0,0,0,0,0,0,0,0,0,0,0,0,0,0,0,0,0,0,0,0,0,0,0,0,0,0,0,0,0,0,0,0,0,0,0,0,0,0,0,0,0,0,0,0,0,0,0,0,0,0,0,0,0,0,0,0,0,0,0,0,0,0,0,0,0,0,1,0,0,0,0,0,0,0,0,0,0,0,0,0,0,0,0,0,0,0,0,0,0,0,0,0,0,0,0,0,0,0,0,0,0,0,0,0,0,0,0,0,0,0,0,0,0,0,0,0,0,0,0,0,0,0,0,0,0,0,0,0,0,0,0,0,0,0,0,0,0,0,0,0,0,0,0,0,0,0,0,0,0,0,0,0,0,0,0,0,0,0,0,0,0,0,0,0,0,0,0,0,0,0,0,0,0,0,0,0,0,0,0,0,0,0,0,0,0,0,0,0,0,0,0,0,0,0,0,0,0,0,0,0,0,0,0,0,0,0,0,0,0,0,0,0,0,0,0,0,0,0,0,0,0,0,0,0,0,0,0,0,0,0,0,0,0,0,0,0,0,0,0,0,0,0,0,0,0,0,0,0,0,0,0,0,0,0,0,0,0,0,0,0,0,0,0,0,0,0,0,0,0,0,0,0,0,0,0,0,0,0,0,0,0,0,0,0,0,0,0,0,0,0,0,0,0,0,0,0,0,0,0,0,0,0,0,0,0,0,0,0,0,0,0,0,0,0,0,0,0,0,0,0,0,0,0,0,0,0,0,0,0,0,0,0,0,0,0,0,0,0,0,0,0,0,0,0,0,0,0,0,0,0,0,0,0,0,0,0,0,0,0,0,0,0,0,0,0,0,0,0,0,0,0,0,0,0,0,0,0,0,0,0,0,0,0,0,0,0,0,0,0,0,0,0,0,0,0,0,0,0,0,0,0,0,0,0,0,0,0,0,0,0,0,0,0,0,0,0,0,0,0,0,0,0,0,0,0,0,0,0,0,0,0,0,0,0,0,0,0,0,0,0,0,0,0,0,0,0,0,0,0,0,0,0,0,0,0,0,0,0,0,0,0,0,0,0,0,0,0,0,0,0,0,0,0,0,0,0,0,0,0,0,0,0,0,0,0,0,0,0,0,0,0,0,0,0,0,0,0,0,0,0,0,0,0,0,0,0,0,0,0,0,0,0,0,0,0,0,0,1,0,0,0,0,0,0,0,0,0,0,0,0,0,0,0,0,0,0,0,0,0,0,0,0,0,0,0,0,0,0,0,0,0,0,0,0,0,0,0,0,0,0,0,0,0,0,0,0,0,0,0,0,0,0,0,0,0,0,0,0,0,0,0,0,0,0,0,0,0,0,0,0,0,0,0,0,0,0,0,0,0,0,0,0,0,0,0,0,0,0,0,0,0,0,0,0,0,0,0,0,0,0,0,0,0,0,0,0,0,0,0,0,0,0,0,0,0,0,0,0,0,0,0,0,0,0,0,0,0,0,0,0,0,0,0,0,0,0,0,0,0,0,0,0,0,0,0,0,0,0,0,0,0,0,0,0,0,0,0,0,0,0,0,0,0,0,0,0,0,0,0,0,0,0,0,0,0,0,0,0,0,0,0,0,0,0,0,0,0,0,0,0,0,0,0,0,0,0,0,0,0,0,0,0,0,0,0,0,0,0,0,0,0,0,0,0,0,0,0,0,0,0,0,0,0,0,0,0,0,0,0,0,0,0,0,0,0,0,0,0,0,0,0,0,0,0,0,0,0,0,0,0,0,0,0,0,0,0,0,0,0,0,0,0,0,0,0,0,0,0,0,0,0,0,0,0,0,0,0,0,0,0,0,0,0,0,0,0,0,0,0,0,0,0,0,0,0,0,0,0,0,0,0,0,0,0,0,0,0,0,0,0,0,0,0,0,0,0,0,0,0,0,0,0,0,0,0,0,0,0,0,0,0,0,0,0,0,0,0,0,0,0,0,0,0,0,0,0,0,0,0,0,0,0,0,0,0,0,0,0,0,0,0,0,0,0,0,0,0,0,0,0,0,0,0,0,0,0,0,0,0,0,0,0,0,0,0,0,0,0,0,0,0,0,0,0,0,0,0,0,0,0,0,0,0,0,0,0,0,0,0,0,0,0,0,0,0,0,0,0,0,0,0,0,0,0,0,0,0,0,0,0,0,0,0,0,0,0,0,0,0,0,0,0,0,0,0,0,0,0,0,0,0,0,0,0,0,0,0,0,0,0,0,0,0,0,0,0,0,0,0,0,0,0,0,0,0,0,0,0,0,0,0,0,0,0,0,0,0,0,0,0,0,0,0,0,0,0,0,0,0,0,0,0,0,0,0,0,0,0,0,0,0,0,0,0,0,0,0,0,0,0,0,0,0,0,0,0,0,0,0,0,0,0,0,0,0,0,0,0,0,0,0,0,0,0,0,0,0,0,0,0,0,0,0,0,0,0,0,0,0,0,0,0,0,0,0,0,0,0,0,0,0,0,0,0,0,0,0,0,0,0,0,0,0,0,0,0,0,0,0,0,0,0,0,0,0,0,0,0,0,0,0,0,0,0,0,0,0,0,0,0,0,0,0,0,0,0,0,0,0,0,0,0,0,0,0,0,0,0,0,0,0,0,0,0,0,0,0,0,0,0,0,0,0,0,0,0,0,0,0,0,0,0,0,0,0,0,0,0,0,0,0,0,0,0,0,0,0,0,0,0,0,0,0,0,0,0,0,0,0,0,0,0,0,0,0,0,0,0,0,0,0,0,0,0,0,0,0,0,0,0,0,0,0,0,0,0,0,0,0,0,0,0,0,0,0,0,0,0,0,0,0,0,0,0,0,0,0,0,0,0,0,0,0,0,0,0,0,0,0,0,0,0,0,0,0,0,0,0,0,0,0,0,0,0,0,0,0,0,0,0,0,0,0,0,0,0,0,0,0,0,0,0,0,0,0,0,0,0,0,0,0,0,0,0,0,0,0,0,0,0,0,0,0,0,0,0,0,0,0,0,0,0,0,0,0,0,0,0,0,0,0,0,0,0,0,0,0,0,0,0,0,0,0,0,0,0,0,0,0,0,0,0,0,0,0,0,0,0,0,0,0,0,0,0,0,0,0,0,0,0,0,0,0,0,0,0,0,0,0,0,0,0,0,0,0,0,0,0,0,0,0,0,0,0,0,0,0,0,0,0,0,0,0,0,0,0,0,0,0,0,0,0,0,0,0,0,0,0,0,0,0,0,0,0,0,0,0,0,0,0,0,0,0,0,0,0,0,0,0,0,0,0,0,0,0,0,0,0,0,0,0,0,0,0,0,0,0,0,0,0,0,0,0,0,0,0,0,0,0,0,0,0,0,0,0,0,0,0,0,0,0,0,0,0,0,0,0,0,0,0,0,0,0,0,0,0,0,0,0,0,0,0,0,0,0,0,0,0,0,0,0,0,0,0,0,0,0,0,0,0,0,0,0,0,0,0,0,0,0,0,0,0,0,0,0,0,0,0,0,0,0,0,0,0,0,0,0,0,0,0,0,0,0,0,0,0,0,0,0,0,0,0,0,0,0,0,0,0,0,0,0,0,0,0,0,0,0,0,0,0,0,0,0,0,0,0,0,0,0,0,0,0,0,0,0,0,0,0,0,0,0,0,0,0,0,0,0,0,0,0,0,0,0,0,0,0,0,0,0,0,0,0,0,0,0,0,0,0,0,0,0,0,0,0,0,0,0,0,0,0,0,0,0,0,0,0,0,0,0,0,0,0,0,0,0,0,0,0,0,0,0,0,0,0,0,0,0,0,0,0,0,0,0,0,0,0,0,0,0,0,0,0,0,0,0,0,0,0,0,0,0,0,0,0,0,0,0,0,0,0,0,0,0,0,0,0,0,0,0,0,0,0,0,0,0,0,0,0,0,0,0,0,0,0,0,0,0,0,0,0,0,0,0,0,0,0,0,0,0,0,0,0,0,0,0,0,0,0,0,0,0,0,0,0,0,0,0,0,0,0,0,0,0,0,0,0,0,0,0,0,0,0,0,0,0,0,0,0,0,0,0,0,0,0,0,0,0,0,0,0,0,0,0,0,0,0,0,0,0,0,0,0,0,0,0,0,0,0,0,0,0,0,0,0,0,0,0,0,0,0,0,0,0,0,0,0,0,0,0,0,0,0,0,0,0,0,0,0,0,0,0,0,0,0,0,0,0,0,0,0,0,0,0,0,0,0,0,0,0,0,0,0,0,0,0,0,0,0,0,0,0,0,0,0,0,0,0,0,0,0,0,0,0,0,0,0,0,0,0,0,0,0,0,0,0,0,0,0,0,0,0,0,0,0,0,0,0,0,0,0,0,0,0,0,0,0,0,0,0,0,0,0,0,0,0,0,0,0,0,0,0,0,0,0,0,0,0,0,0,0,0,0,0,0,0,0,0,0,0,0,0,0,0,0,0,0,0,0,0,0,0,0,0,0,0,0,0,0,0,0,0,0,0,0,0,0,0,0,0,0,0,0,0,0,0,0,0,0,0,0,0,0,0,0,0,0,0,0,0,0,0,0,0,0,0,0,0,0,0,0,0,0,0,0,0,0,0,0,0,0,0,0,0,0,0,0,0,0,0,0,0,0,0,0,0,0,0,0,0,0,0,0,0,0,0,0,0,0,0,0,0,0,0,0,0,0,0,0,0,0,0,0,0,0,0,0,0,0,0,0,0,0,0,0,0,0,0,0,0,0,0,0,0,0,0,0,0,0,0,0,0,0,0,0,0,0,0,0,0,0,0,0,0,0,0,0,0,0,0,0,0,0,0,0,0,0,0,0,0,0,0,0,0,0,0,0,0,0,0,0,0,0,0,0,0,0,0,0,0,0,0,0,0,0,0,0,0,0,0,0,0,0,0,0,0,0,0,0,0,0,0,0,0,0,0,0,0,0,0,0,0,0,0,0,0,0,0,0,0,0,0,0,0,0,0,0,0,0,0,0,0,0,0,0,0,0,0,0,0,0,0,0,0,0,0,0,0,0,0,0,0,0,0,0,0,0,0,0,0,0,0,0,0,0,0,0,0,0,0,0,0,0,0,0,0,0,0,0,0,0,0,0,0,0,0,0,0,0,0,0,0,0,0,0,0,0,0,0,0,0,0,0,0,0,0,0,0,0,0,0,0,0,0,0,0,0,0,0,0,0,0,0,0,0,0,0,0,0,0,0,0,0,0,0,0,0,0,0,0,0,0,0,0,0,0,0,0,0,0,0,0,0,0,0,0,0,0,0,0,0,0,0,0,0,0,0,0,0,0,0,0,0,0,0,0,0,0,0,0,0,0,0,0,0,0,0,0,0,0,0,0,0,0,0,0,0,0,0,0,0,0,0,0,0,0,0,0,0,0,0,0,0,0,0,0,0,0,0,0,0,0,0,0,0,0,0,0,0,0,0,0,0,0,0,0,0,0,0,0,0,0,0,0,0,0,0,0,0,0,0,0,0,0,0,0,0,0,0,0,0,0,0,0,0,0,0,0,0,0,0,0,0,0,0,0,0,0,0,0,0,0,0,0,0,0,0,0,0,0,0,0,0,0,0,0,0,0,0,0,0,0,0,0,0,0,0,0,0,0,0,0,0,0,0,0,0,0,0,0,0,0,0,0,0,0,0,0,0,0,0,0,0,0,0,0,0,0,0,0,0,0,0,0,0,0,0,0,0,0,0,0,0,0,0,0,0,0,0,0,0,0,0,0,0,0,0,0,0,0,0,0,0,0,0,0,0,0,0,0,0,0,0,0,0,0,0,0,0,0,0,0,0,0,0,0,0,0,0,0,0,0,0,0,0,0,0,0,0,0,0,0,0,0,0,0,0,0,0,0,0,0,0,0,0,0,0,0,0,0,0,0,0,0,0,0,0,0,0,0,0,0,0,0,0,0,0,0,0,0,0,0,0,0,0,0,0,0,0,0,0,0,0,0,0,0,0,0,0,0,0,0,0,0,0,0,0,0,0,0,0,0,0,0,0,0,0,0,0,0,0,0,0,0,0,0,0,0,0,0,0,0,0,0,0,0,0,0,0,0,0,0,0,0,0,0,0,0,0,0,0,0,0,0,0,0,0,0,0,0,0,0,0,0,0,0,0,0,0,0,0,0,0,0,0,0,0,0,0,0,0,0,0,0,0,0,0,0,0,0,0,0,0,0,0,0,0,0,0,0,0,0,0,0,0,0,0,0,0,0,0,0,0,0,0,0,0,0,0,0,0,0,0,0,0,0,0,0,0,0,0,0,0,0,0,0,0,0,0,0,0,0,0,0,0,0,0,0,0,0,0,0,0,0,0,0,0,0,0,0,0,0,0,0,0,0,0,0,0,0,0,0,0,0,0,0,0,0,0,0,0,0,0,0,0,0,0,0,0,0,0,0,0,0,0,0,0,0,0,0,0,0,0,0,0,0,0,0,0,0,0,0,0,0,0,0,0,0,0,0,0,0,0,0,0,0,0,0,0,0,0,0,0,0,0,0,0,0,0,0,0,0,0,0,0,0,0,0,0,0,0,0,0,0,0,0,0,0,0,0,0,0,0,0,0,0,0,0,0,0,0,0,0,0,0,0,0,0,0,0,0,0,0,0,0,0,0,0,0,0,0,0,0,0,0,0,0,0,0,0,0,0,0,0,0,0,0,0,0,0,0,0,0,0,0,0,0,0,0,0,0,0,0,0,0,0,0,0,0,0,0,0,0,0,0,0,0,0,0,0,0,0,0,0,0,0,0,0,0,0,0,0,0,0,0,0,0,0,0,0,0,0,0,0,0,0,0,0,0,0,0,0,0,0,0,0,0,0,0,0,0,0,0,0,0,0,0,0,0,0,0,0,0,0,0,0,0,0,0,0,0,0,0,0,0,0,0,0,0,0,0,0,0,0,0,0,0,0,0,0,0,0,0,0,0,0,0,0,0,0,0,0,0,0,0,0,0,0,0,0,0,0,0,0,0,0,0,0,0,0,0,0,0,0,0,0,0,0,0,0,0,0,0,0,0,0,0,0,0,0,0,0,0,0,0,0,0,0,0,0,0,0,0,0,0,0,0,0,0,0,0,0,0,0,0,0,0,0,0,0,0,0,0,0,0,0,0,0,0,0,0,0,0,0,0,0,0,0,0,0,0,0,0,0,0,0,0,0,0,0,0,0,0,0,0,0,0,0,0,0,0,0,0,0,0,0,0,0,0,0,0,0,0,0,0,0,0,0,0,0,0,0,0,0,0,0,0,0,0,0,0,0,0,0,0,0,0,0,0,0,0,0,0,0,0,0,0,0,0,0,0,0,0,0,0,0,0,0,0,0,0,0,0,0,0,0,0,0,0,0,0,0,0,0,0,0,0,0,0,0,0,0,0,0,0,0,0,0,0,0,0,0,0,0,0,0,0,0,0,0,0,0,0,0,0,0,0,0,0,0,0,0,0,0,0,0,0,0,0,0,0,0,0,0,0,0,0,0,0,0,0,0,0,0,0,0,0,0,0,0,0,0,0,0,0,0,0,0,0,0,0,0,0,0,0,0,0,0,0,0,0,0,0,0,0,0,0,0,0,0,0,0,0,0,0,0,0,0,0,0,0,0,0,0,0,0,0,0,0,0,0,0,0,0,0,0,0,0,0,0,0,0,0,0,0,0,0,0,0,0,0,0,0,0,0,0,0,0,0,0,0,0,0,0,0,0,0,0,0,0,0,0,0,0,0,0,0,0,0,0,0,0,0,0,0,0,0,0,0,0,0,0,0,0,0,0,0,0,0,0,0,0,0,0,0,0,0,0,0,0,0,0,0,0,0,0,0,0,0,0,0,0,0,0,0,0,0,0,0,0,0,0,0,0,0,0,0,0,0,0,0,0,0,0,0,0,0,0,0,0,0,0,0,0,0,0,0,0,0,0,0,0,0,0,0,0,0,0,0,0,0,0,0,0,0,0,0,0,0,0,0,0,0,0,0,0,0,0,0,0,0,0,0,0,0,0,0,0,0,0,0,0,0,0,0,0,0,0,0,0,0,0,0,0,0,0,0.50559026,0.0326491,1.491159,0.46532884,0.010217729,-1.6256516,1.6426883,-0.7443966,1.118453,0.4920478,-0.28280187,-0.71244895,0.68289745,0.6599432,-0.24541625,1.1366491,-0.21331169,-0.47961235,-0.23757312,-0.30789992,0.8869236,-1.0914294,-1.0645535,-0.37461886,-0.19354698,0.19019158,-0.47584763,-0.70026594,0.47212622,-0.41148162,0.9456426,-0.33022672,0.53471446,-0.010854167,0.7944792,0.93680596,-0.7452855,-0.5232202,-0.68876266,0.21502818,-0.23370384,-0.26031822,0.99285823,0.41863602,0.07416544,0.88645303,-0.27783456,0.23871446,0.8351589,-0.2608411,0.19254452,0.4894857,-0.08813521,0.14114584,0.62271446,0.14658374,0.55034846,0.100466095,0.24477983,0.66867524,0.4957602,-0.7598215,0.6516295,-0.7500437,-0.82361233,0.043158904,0.2103223,0.33874062,-0.26737705,0.11484518,-0.42392606,0.41560334,-0.11234436,-0.486096,0.072387666,-1.0163443,0.15615237,-0.049390115,-0.6238215,-0.24468423,0.066688314,0.10287132,-0.19820057,-0.4232986,0.5857471,-0.04667116,0.25215238,-0.014932598,-0.36965156,0.06104126,-0.0801875,-0.49289337,-0.10434436,0.84593016,0.22208701,0.51149875,-0.55542934,0.6857733,0.6721785,-0.07715482,-0.08081495,0.75149876,0.633538,0.629721,1.0392896,0.2296687,-0.5704359,-0.390828,-0.67574304,-1.0451548,-0.6083444,-0.017337827,0.6023746,-0.48954698,-0.12891953,-0.38152084,-0.1450241,0.45319813,-0.28452736,0.44101512,-0.25310254,0.22721119,-0.88959926,-0.26173,-0.4291548,-0.14664501,0.06496283,0.60765564,-0.25848815,0.23024388,-0.91056657,0.5607014,0.10919812,0.42313275,-0.4712986,0.4216687,0.44268832,0.20676675,0.42438766,-0.2890764,-0.63156,0.41136804,-0.6389326,-0.24965155,1.3863746,-0.2650764,1.075159,-0.6286842,0.3346099,0.06993014,0.18025695,0.23793015,-0.47705024,-0.42115483,-0.05472345,-0.33001757,-0.3640568,-0.02915482,-0.07830515,0.39087132,0.31338114,0.089851715,-0.6257038,0.29094976,0.10318505,0.6447798,0.745538,-0.40546855,-0.365364,0.1479955,0.42365563,0.17460988,-0.05550776,-0.23182149,-0.06826593,-0.15668423,-0.22172998,0.30543342,0.20227002,0.47322425,0.72394323,-0.19783457,0.358087,0.057904005,0.6924661,-0.24970384,-0.40630513,1.159551,-0.15705025,0.14804779,-0.24541625,-0.3235339,0.44049224,0.10637459,0.7030282,-0.3433509,0.18151185,0.028884396,-0.35903716,0.42025694,-0.41414827,0.115577206,-0.19119404,0.5669759,0.027315767,0.45806086,0.19845302,0.7305837,-0.08698489,-0.47495875,-0.24499796,0.9998125,0.1362308,-0.60494566,-0.02826593,-0.17529862,-0.013207108,-0.114174426,0.09487132,0.6264269,-0.5530764,0.10041381,0.19249223,0.095028184,-0.11663195,-0.03673652,-0.4988019,0.37398243,-0.594645,0.54789096,0.035995506,-0.11830515,-0.13995221,-0.19098489,-0.45733783,0.20708047,0.1429759,-0.30110252,0.5691197,-1.1005274,0.91787785,-0.22455351,0.09910662,-0.3859653,-0.18481494,0.14224388,0.3278125,0.025381127,-0.15474959,0.791185,-0.5138084,-0.87574303,-0.17937705,0.015917076,-0.0877692,0.61785173,0.48838767,-0.31187376,0.24891055,-0.41132477,-0.7281352,-0.28510255,-0.067377046,-0.54188687,0.14010008,-0.50230515,0.3605968,0.7300609,0.2595249,-0.2317692,-0.3311679,-0.92290646,0.067211196,0.1467406,0.5001001,-0.146279,0.36247918,-0.19752084,0.12723733,0.008858251,-0.59762543,0.13743341,-0.08384763,-0.0054162582,0.47442687,0.47662297,0.42496282,0.23782557,0.17084518,-0.9762921,-0.32886723,0.5405707,0.3728844,-0.4969195,-0.37822673,0.090792894,-0.23882802,-0.0894424,-0.15825287,0.7464269,0.16430923,0.5829236,-0.04149469,-0.5457038,0.49304125,-0.011377042,-0.19888031,0.40132883,-0.21571691,-0.15882802,0.5863746,-0.19030514,-0.3189326,-0.1686058,-0.38450122,-0.11856659,0.10579943,0.34627002,0.7410935,0.8272112,-0.6887104,-0.28044894,0.024178512,0.101407275,-0.53299797,-0.03108946,-0.14068423,0.26956412,0.43704125,-0.39354697,-0.2772071,-0.1268803,0.8702962,0.1800478,0.329904,0.41366872,-0.095455475,0.7446491,0.07076675,-0.00050122547,-0.24949469,-0.08672345,0.34151185,-0.18423979,-0.045729984,-0.3248934,-0.857547,0.49314582,-0.6303052,0.5389497,0.47207394,0.93262297,0.56085825,-0.31459272,-0.98434436,-0.0049979575,-0.59490645,-0.22261888,0.27594322,-0.11621364,-0.15673652,0.47118506,0.073381126,-0.03197835,-0.19924632,-0.35840973,0.49241382,0.49100205,-0.09927247,-0.35527247,0.57147264,-0.41378227,-0.78397834,0.36253145,0.97555107,1.2431066,-0.27464503,0.7276034,-0.124422796,-0.1884228,0.37722427,1.0060347,0.33230925,0.36598244,0.27636153,0.49915892,-0.08175613,-0.6994816,0.3433942,0.13121119,0.18574715,-0.15705025,-0.5358738,-0.3647888,0.20551185,-0.37775612,-0.218279,-0.32599142,-0.8675339,-0.86308944,0.11196936,-0.035115603,0.19630924,-0.17022672,0.36467525,-0.68949467,-0.023612337,0.34951183,0.3493027,0.1673942,-0.040762663,-0.07020057,-0.72426593,0.05947263,0.25314584,-0.025128676,0.1025576,0.078557596,0.22412622,-0.2663836,0.103080474,0.22245303,0.1602308,0.08477982,0.33931577,-0.20196527,0.2958125,-0.049965277,-0.16264501,0.26025695,-0.93325937,0.36472753,-0.7252071,-0.326096,0.2819563,-0.44834435,0.2654857,-0.21697181,0.47756413,0.14219159,0.099838644,-0.27778226,-0.2456254,0.8106883,0.8000739,0.329904,-0.39752084,0.5404138,-0.81901103,-0.39668423,0.18077981,0.35243994,0.1813027,0.52697587,-0.6882921,-0.036684234,-0.22732475,-0.04604371,-0.22261888,-0.14057966,0.22909355,0.39745957,-0.5083705,0.45183864,0.4310282,-0.63610905,0.19918504,0.40294975,0.3669236,-0.2603705,-0.5223836,-0.6954555,-0.07705025,-0.8545666,0.3627406,-0.28128552,-0.3155339,-0.3256777,-0.2755339,0.38077983,0.35050532,0.19311969,-0.10570384,0.25602165,-0.19286723,-0.5303836,-0.5526058,-0.1563705,-0.24823979,0.5201785,-0.39710253,0.075629495,1.0120478,0.3657733,0.04132884,-0.36970383,-0.120553516,-0.2346973,-0.064553514,-0.5088934,-0.4448411,0.2545576,0.15332884,-0.31030515,0.31165564,0.88430923,0.13236152,0.40927655,-0.41383457,-0.27187377,-0.37519404,-0.24416135,1.255185,-0.004788807,0.25858375,0.46240073,0.4268452,0.14109355,-0.047612336,0.10825694,0.34538114,0.80514586,-0.6012855,-0.044841096,0.10679289,0.5093027,-0.19919403,0.5438648,-0.17775613,-0.057546977,0.023028186,-0.26403064,-0.2881352,-0.0313509,0.02140727,0.10993015,0.52681905,-0.58512866,0.69481903,-0.37226593,-0.09006985,-0.2607888,0.465904,-0.6528411,0.26313275,0.058008578,-0.5112463,-0.014409722,-0.7046581,-0.43992606,-0.246462,0.5948452,-0.120605804,0.04389093,0.14574714,-0.04039665,-0.25357312,0.1973027,0.6336948,-0.030305147,0.24953799,0.32603472,0.36681902,-0.6616777,0.5726752,-0.017546978,0.18276675,-0.026383579,0.45047918,-0.1804228,-0.19825286,0.21450531,-0.19605678,0.011368056,0.1281785,-0.14601757,0.13806087,0.029511847,0.60467523,0.6763615,0.2839955,-0.07992606,-0.47072345,0.064701386,0.4165968,0.60091054,0.014243873,-0.0465143,0.52765566,-0.55156004,-0.43767768,-0.37765154,-0.65336394,-0.1639522,-0.2431156,0.0031589053,0.42240074,-0.2726058,-0.055403188,0.76326346,0.20817852,0.40284517,-0.18010907,-0.10533783,0.41434845,0.08671446,0.0037863562,-0.41524634,0.189721,-0.21906331,0.51453143,0.032858253,0.047917075,-0.3799522,-0.24656658,0.10773407,0.018740604,0.034479167,-0.37095875,0.32645303,-0.24855351,0.3860086,-0.14972998,-0.24384762,0.07395629,0.17220466,-0.13838358,-0.10361233,0.3593942,0.060413808,0.48221773,-0.5323705,0.33047917,0.19364257,-0.18758619,-0.14978227,0.40117198,0.55542034,-0.074226715,-0.07914175,0.12859681,0.14564256,-0.49712867,0.2772504,0.03761642,0.34783864,-0.23663194,-0.03239665,-0.43825287,-0.3265143,0.2887014,0.08284518,-0.40505025,0.024073938,0.029407272,-0.08473652,0.13063604,-0.22695874,0.3783746,-0.63108945,0.7194465,-0.16196528,0.035838645,-0.52630514,0.56891054,0.57764256,-0.8612594,-0.44468424,-0.042279005,-0.2174947,0.02491054,0.13931577,0.3425053,-0.5335208,-0.47359926,-0.07265809,0.034479167,-0.25033128,0.33607394,-0.1833509,-0.15229207,0.29868832,0.02877982,0.71040076,0.019368056,0.48938113,0.021511847,0.3623223,-0.0389326,0.08969485,0.678453,-0.5601352,-0.27208292,0.7784269,0.005564134,-0.5839261,-0.16400449,-0.3609718,-0.04165155,-0.44337705,0.08420466,0.433172,0.577904,0.5203354,0.61853147,0.068622954,0.39955106,-0.3998215,0.06480596,0.26532885,0.43625695,0.6410151,0.18496282,-0.40729862,-0.050697304,-0.41289338,-0.4431679,0.22098897,-0.084841095,-0.8421744,-0.19605678,0.26151183,0.51243997,0.14951184,-0.12714174,0.17931576,-0.033390116,0.42951185,-0.052527368,-0.38183457,0.4983223,-0.69383454,-0.6274293,0.59756416,-0.40933782,0.80430925,0.47630924,-0.0317692,-0.15532476,0.3551589,0.41696283,0.054243874,-0.7451287,0.054609887,-0.43793914,-0.59820056,0.20467524,-0.14763848,0.23719811,-0.0465143,0.4221393,-0.542096,0.16519812,0.58271444,-0.12363848,0.5611197,-0.23752083,0.008858251,-0.17221364,-0.3609718,0.25806087,-0.35271037,0.078609884,0.031707924,-0.30429208,-0.08959927,-0.4878215,0.12932885,-0.16907638,-0.11014828,-0.46894568,0.5585053,0.14276674,0.1316295,0.4692504,-0.17545548,0.24373406,0.15421773,-0.22826593,-0.109939136,0.4566491,-0.30685416,0.11332884,-0.09561234,0.5293288,0.3118125,0.94888437,-0.40714175,-0.12206985,-0.1450241,-0.01880188,0.06977329,0.1063223,0.70511967,0.4945576,-0.18685417,0.41858375,-0.5179914,0.4782439,0.22710662,-0.46659273,-0.16374305,0.43406087,0.5215903,0.3885184,0.024335375,-0.2983313,-0.10444894,-0.4414947,-0.35961235,-0.20264502,0.00080596405,0.2196295,-0.18732476,0.03228309,0.107838646,0.26313275,-0.39333782,0.6601001,-0.028736519,0.23327655,-0.294462,-1.1044489,0.64629614,-0.08499796,0.5910805,-0.052056782,-0.19762541,0.41011316,0.124936685,-0.4250241,-0.21728554,-0.26805678,-0.0023835783,0.077302694,-0.0024881535,-0.6136254,0.33293667,-0.22722018,-0.0810241,0.2251197,-0.20541626,-0.17597835,1.0402308,-0.4368411,-0.22063194,0.029093545,0.059629492,-0.09231822,0.4407014,-0.060370505,-0.14298488,-0.18450123,-0.4688411,-0.061520834,0.37853146,-0.2397692,0.58198243,-0.16975613,-0.2418607,-0.15569077,-0.13006985,-0.17587377,0.16268831,0.029459558,0.06328963,0.06318505,0.4083354,0.032230802,-0.5173117,-0.25163847,0.01429616,0.7059563,-0.41205677,0.31719813,0.50961643,0.1627406,0.06271446,0.35578635,0.34260988,0.7329367,0.15500204,-0.346279,0.40091053,0.10752492,0.43902817,0.12159028,0.38694975,0.060047794,-0.6334424,-0.054775734,0.023969363,0.4153419,0.019734068,-0.29566464,0.4650151,-0.36086723,-0.09880188,-0.4065143,0.11667524,0.2890151,-0.19020057,-0.52170384,-0.9954816,0.2533027,0.14909354,0.031446487,0.02857067,-0.087455474,0.26935497,0.09194322,0.36038765,0.0077602123,0.08650531,0.09560335,0.08263603,0.14020465,0.37821773,-1.0143051,0.10679289,-0.5186189,0.6068713,-0.052997958,-0.070984885,-0.19861887,-0.13806985,0.43714583,0.21847917,-0.5292333,0.2432112,0.41931576,-0.08280188,-0.1050241,0.024073938,0.033904005,-0.4789326,0.076309234,-0.26319402,-0.09085417,-0.60248816,-0.1328411,0.3446491,-0.040030636,-0.33754697,-0.40076268,-0.16980842,-0.18230514,0.16415237,-0.23919404,-0.118095994,-0.32881495,-0.06821364,0.2701393,-0.23867115,-0.32959926,0.1029759,-0.06523325,-0.34769076,-0.007403186,-0.21022671,0.10119812,-0.41963848,0.16917197,0.031132761,-0.33906332,0.0764661,-0.525364,-0.04599142,-0.036579657,-0.044475082,0.5265576,-0.52552086,-0.06434436,-0.1189326,0.0038909314,-0.033599265,0.10621773,-0.40044895,-0.00013521242,-0.19166462,0.14945956,0.12593015,0.21325041,-0.23987378,0.59589094,0.0027406046,0.43615237,0.39578635,-0.019795343,-0.42899796,-0.35203063,0.13889746,0.5797341,0.34559026,0.033694852,-0.03501103,0.18825695,-0.17629208,0.08483211,-0.2157692,-0.6428019,-0.23548162,0.4305576,0.03876675,-0.021207107,-0.30528554,-0.4848411,-0.28515482,-0.11647508,0.31944647,0.12164257,-0.16421364,0.21110661,0.058949754,-0.1736777,-0.27663195,0.5220086,0.28258374,-0.3580437,-0.18089338,-0.6424882,-0.1677169,0.19170792,-0.48353392,0.5627929,1.7771196,1.6472896,0.0734857,-0.048710376,-0.42345548,-0.6768411,-0.06288031,0.6523615,-0.83192605,1.0781916,0.09874061,0.17685825,-1.3194555,-0.43417442,0.25947264,0.55207396,0.34877983,-0.33765155,-1.6055732,0.61027,-1.4358476,-0.018906454,0.41251838,-0.69838357,-0.8059914,-0.34518096,-0.17331168,-0.1256254,-0.33733782,0.09298897,1.1514465,-1.1392725,0.4759432,0.6104792,-1.1031418,-0.46005678,-0.21671037,-0.30010906,0.42825696,0.15369485,0.5965707,-0.04923325,-0.58356005,-0.5415731,-0.02742933,0.36002165,-0.7373378,-0.6637692,-0.5794816,0.42872754,0.45058376,-0.09718096,-1.3429849,0.057015114,-0.24071038,0.07955106,-0.266645,-0.58387375,0.70940727,-0.91705024,0.74700207,-1.2514293,-0.1934424,0.3051197,-0.2591156,0.16938113,-0.085207105,0.40770793,0.7495641,0.23996936,-0.116788805,0.22616544,0.10961642,-0.100318216,0.37351185,-0.079350896,0.77089745,-0.0021744282,-1.3898869,-0.53791296,0.78093666,0.26862296,-0.12552084,-0.20583455,0.5459563,-0.22539012,0.77858377,-0.07406985,-0.06350776,0.43928963,0.41351184,-0.10329861,-0.27192608,0.24953799,-0.36154696,-0.42303717,-0.11731169,-0.14141625,0.54444,1.2861392,0.0015902778,-0.17106332,-0.41299796,-0.20484109,0.33727655,-0.56003064,-0.86178225,-0.45922017,0.15892361,-0.0152986115,-0.060213644,0.30443996,0.40383863,0.86480594,-0.22810906,-0.015089461,-0.06005678,-0.25806984,0.2486491,0.16451839,-0.41650122,-0.038566586,-0.246462,0.1640478,-0.51652735,-0.2675339,0.19113275,
1,1,0,0,0,0,0,0,0,0,0,0,0,0,0,0,0,0,0,0,0,0,0,0,0,0,0,0,0,0,0,0,0,0,0,0,0,0,0,0,0,0,0,0,0,0,0,0,0,0,0,0,0,0,0,0,0,0,0,0,0,0,0,0,0,0,0,0,0,0,0,0,0,0,0,0,0,0,0,0,0,0,0,0,0,0,0,0,0,0,0,0,0,0,0,0,0,0,0,0,0,0,0,0,0,0,0,0,0,0,0,0,0,0,0,0,0,0,0,0,0,0,0,0,0,0,0,0,0,0,0,0,0,0,0,0,0,0,0,0,0,0,0,0,0,0,0,0,0,0,0,0,0,0,0,0,0,0,0,0,0,0,0,0,0,0,0,0,0,0,0,0,0,0,0,0,0,0,0,0,0,0,0,0,0,0,0,0,0,0,0,0,0,0,0,0,0,0,0,0,0,0,0,0,0,0,0,0,0,0,0,0,0,0,0,0,0,0,0,0,0,0,0,0,0,0,0,0,0,0,0,0,0,0,0,0,0,0,0,0,0,0,0,0,0,0,0,0,0,0,0,0,0,0,0,0,0,0,0,0,0,0,0,0,0,0,0,0,0,0,0,0,0,0,0,0,0,0,0,0,0,0,0,0,0,0,0,0,0,0,0,0,0,0,0,0,0,0,0,0,0,0,0,0,0,0,0,0,0,0,0,0,0,0,0,0,0,0,0,0,0,0,0,0,0,0,0,0,0,0,0,0,0,0,0,0,0,0,0,0,0,0,0,0,0,0,0,0,0,0,0,0,0,0,0,0,0,0,0,0,0,0,0,0,0,0,0,0,0,0,0,0,0,0,0,0,0,0,0,0,0,0,0,0,0,0,0,0,0,0,0,0,0,0,0,0,0,0,0,0,0,0,0,0,0,0,0,0,0,0,0,0,0,0,0,0,0,0,0,0,0,0,0,0,0,0,0,0,0,0,0,0,0,0,0,0,0,0,0,0,0,0,0,0,0,0,0,0,0,0,0,0,0,0,0,0,0,0,0,0,0,0,0,0,0,0,0,0,0,0,0,0,0,0,0,0,0,0,0,0,0,0,0,0,0,0,0,0,0,0,0,0,0,0,0,0,0,0,0,0,0,0,0,0,0,0,0,0,0,0,0,0,0,0,0,0,0,0,0,0,0,0,0,0,0,0,0,0,0,0,0,0,0,0,0,0,0,0,0,0,0,0,0,0,0,0,0,0,0,0,0,0,0,0,0,0,0,0,0,0,0,0,0,0,0,0,0,0,0,0,0,0,0,0,0,0,0,0,0,0,0,0,0,0,0,0,0,0,0,0,0,0,0,0,0,0,0,0,0,0,0,0,0,0,0,0,0,0,0,0,0,0,0,0,0,0,0,0,0,0,0,0,0,0,0,0,0,0,0,0,0,0,0,0,0,0,0,0,0,0,0,0,0,0,0,0,0,0,0,0,0,0,0,0,0,0,0,0,0,0,0,0,0,0,0,0,0,0,0,0,0,0,0,0,0,0,0,0,0,0,0,0,0,0,0,0,0,0,0,0,0,0,0,0,0,0,0,0,0,0,0,0,0,0,0,0,0,0,0,0,0,0,0,0,0,0,0,0,0,0,0,0,0,0,0,0,0,0,0,0,0,0,0,0,0,0,0,0,0,0,0,0,0,0,0,0,0,0,0,0,0,0,0,0,0,0,0,0,0,0,0,0,0,0,0,0,0,0,0,0,0,0,0,0,0,0,0,0,0,0,0,0,0,0,0,0,0,0,0,0,0,0,0,0,0,0,0,0,0,0,0,0,0,0,0,0,0,0,0,0,0,0,0,0,0,0,0,0,0,0,0,0,0,0,0,0,0,0,0,0,0,0,0,0,0,0,0,0,0,0,0,0,0,0,0,0,0,0,0,0,0,0,0,0,0,0,0,0,0,0,0,0,0,0,0,0,0,0,0,0,0,0,0,0,0,0,0,0,0,0,0,0,0,0,0,0,0,0,0,0,0,0,0,0,0,0,0,0,0,0,0,0,0,0,0,0,0,0,0,0,0,0,0,0,0,0,0,0,0,0,0,0,0,0,0,0,0,0,0,0,0,0,0,0,0,0,0,0,0,0,0,0,0,0,0,0,0,0,0,0,0,0,0,0,0,0,0,0,0,0,0,0,0,0,0,0,0,0,0,0,0,0,0,0,0,0,0,0,0,0,0,0,0,0,0,0,0,0,0,0,0,0,0,0,0,0,0,0,0,0,0,0,0,0,0,0,0,0,0,0,0,0,0,0,0,0,0,0,0,0,0,0,0,0,0,0,0,0,0,0,0,0,0,0,0,0,0,0,0,0,0,0,0,0,0,0,0,0,0,0,0,0,0,0,0,0,0,0,0,0,0,0,0,0,0,0,0,0,0,0,0,0,0,0,0,0,0,0,0,0,0,0,0,0,0,0,0,0,0,0,0,0,0,0,0,0,0,0,0,0,0,0,0,0,0,0,0,0,0,0,0,0,0,0,0,0,0,0,0,0,0,0,0,0,0,0,0,0,0,0,0,0,0,0,0,0,0,0,0,0,0,0,0,0,0,0,0,0,0,0,0,0,0,0,0,0,0,0,0,0,0,0,0,0,0,0,0,0,0,0,0,0,0,0,0,0,0,0,0,0,0,0,0,0,0,0,0,0,0,0,0,0,0,0,0,0,0,0,0,0,0,0,0,0,0,0,0,0,0,0,0,0,0,0,0,0,0,0,0,0,0,0,0,0,0,0,0,0,0,0,0,0,0,0,0,0,0,0,0,0,0,0,0,0,0,0,0,0,0,0,0,0,0,0,0,0,0,0,0,0,0,0,0,0,0,0,0,0,0,0,0,0,0,0,0,0,0,0,0,0,0,0,0,0,0,0,0,0,0,0,0,0,0,0,0,0,0,0,0,0,0,0,0,0,0,0,0,0,0,0,0,0,0,0,0,0,0,0,0,0,0,0,0,0,0,0,0,0,0,0,0,0,0,0,0,0,0,0,0,0,0,0,0,0,0,0,0,0,0,0,0,0,0,0,0,0,0,0,0,0,0,0,0,0,0,0,0,0,0,0,0,0,0,0,0,0,0,0,0,0,0,0,0,0,0,0,0,0,0,0,0,0,0,0,0,0,0,0,0,0,0,0,0,0,0,0,0,0,0,0,0,0,0,0,0,0,0,0,0,0,0,0,0,0,0,0,0,0,0,0,0,0,0,0,0,0,0,0,0,0,0,0,0,0,0,0,0,0,0,0,0,0,0,0,0,0,0,0,0,0,0,0,0,0,0,0,0,0,0,0,0,0,0,0,0,0,0,0,0,0,0,0,0,0,0,0,0,0,0,0,0,0,0,0,0,0,0,0,0,0,0,0,0,0,0,0,0,0,0,0,0,0,0,0,0,0,0,0,0,0,0,0,0,0,0,0,0,0,0,0,0,0,0,0,0,0,0,0,0,0,0,0,0,0,0,0,0,0,0,0,0,0,0,0,0,0,0,0,0,0,0,0,0,0,0,0,0,0,0,0,0,0,0,0,0,0,0,0,0,0,0,0,0,0,0,0,0,0,0,0,0,0,0,0,0,0,0,0,0,0,0,0,0,0,0,0,0,0,0,0,0,0,0,0,0,0,0,0,0,0,0,0,0,0,0,0,0,0,0,0,0,0,0,0,0,0,0,0,0,0,0,0,0,0,0,0,0,0,0,0,0,0,0,0,0,0,0,0,0,0,0,0,0,0,0,0,0,0,0,0,0,0,0,0,0,0,0,0,0,0,0,0,0,0,0,0,0,0,0,0,0,0,0,0,0,0,0,0,0,0,0,0,0,0,0,0,0,0,0,0,0,0,0,0,0,0,0,0,0,0,0,0,0,0,0,0,0,0,0,0,0,0,0,0,0,0,0,0,0,0,0,0,0,0,0,0,0,0,0,0,0,0,0,0,0,0,0,0,0,0,0,0,0,0,0,0,0,0,0,0,0,0,0,0,0,0,0,0,0,0,0,0,0,0,0,0,0,0,0,0,0,0,0,0,0,0,0,0,0,0,0,0,0,0,0,0,0,0,0,0,0,0,0,0,0,0,0,0,0,0,0,0,0,0,0,0,0,0,0,0,0,0,0,0,0,0,0,0,0,0,0,0,0,0,0,0,0,0,0,0,0,0,0,0,0,0,0,0,0,0,0,0,0,0,0,0,0,0,0,0,0,0,0,0,0,0,0,0,0,0,0,0,0,0,0,0,0,0,0,0,0,0,0,0,0,0,0,0,0,0,0,0,0,0,0,0,0,0,0,0,0,0,0,0,0,0,0,0,0,0,0,0,0,0,0,0,0,0,0,0,0,0,0,0,0,0,0,0,0,0,0,0,0,0,0,0,0,0,0,0,0,0,0,0,0,0,0,0,0,0,0,0,0,0,0,0,0,0,0,0,0,0,0,0,0,0,0,0,0,0,0,0,0,0,0,0,0,0,0,0,0,0,0,0,0,0,0,0,0,0,0,0,0,0,0,0,0,0,0,0,0,0,0,0,0,0,0,0,0,0,0,0,0,0,0,0,0,0,0,0,0,0,0,0,0,0,0,0,0,0,0,0,0,0,0,0,0,0,0,0,0,0,0,0,0,0,0,0,0,0,0,0,0,0,0,0,0,0,0,0,0,0,0,0,0,0,0,0,0,0,0,0,0,0,0,0,0,0,0,0,0,0,0,0,0,0,0,0,0,0,0,0,0,0,0,0,0,0,0,0,0,0,0,0,0,0,0,0,0,0,0,0,0,0,0,0,0,0,0,0,0,0,0,0,0,0,0,0,0,0,0,0,0,0,0,0,0,0,0,0,0,0,0,0,0,0,0,0,0,0,0,0,0,0,0,0,0,0,0,0,0,0,0,0,0,0,0,0,0,0,0,0,0,0,0,0,0,0,0,0,0,0,0,0,0,0,0,0,0,0,0,0,0,0,0,0,0,0,0,0,0,0,0,0,0,0,0,0,0,0,0,0,0,0,0,0,0,0,0,0,0,0,0,0,0,0,0,0,0,0,0,0,0,0,0,0,0,0,0,0,0,0,0,0,0,0,0,0,0,0,0,0,0,0,0,0,0,0,0,0,0,0,0,0,0,0,0,0,0,0,0,0,0,0,0,0,0,0,0,0,0,0,0,0,0,0,0,0,0,0,0,0,0,0,0,0,0,0,0,0,0,0,0,0,0,0,0,0,0,0,0,0,0,0,0,0,0,0,0,0,0,0,0,0,0,0,0,0,0,0,0,0,0,0,0,0,0,0,0,0,0,0,0,0,0,0,0,0,0,0,0,0,0,0,0,0,0,0,0,0,0,0,0,0,0,0,0,0,0,0,0,0,0,0,0,0,0,0,0,0,0,0,0,0,0,0,0,0,0,0,0,0,0,0,0,0,0,0,0,0,0,0,0,0,0,0,0,0,0,0,0,0,0,0,0,0,0,0,0,0,0,0,0,0,0,0,0,0,0,0,0,0,0,0,0,0,0,0,0,0,0,0,0,0,0,0,0,0,0,0,0,0,0,0,0,0,0,0,0,0,0,0,0,0,0,0,0,0,0,0,0,0,0,0,0,0,0,0,0,0,0,0,0,0,0,0,0,0,0,0,0,0,0,0,0,0,0,0,0,0,0,0,0,0,0,0,0,0,0,0,0,0,0,0,0,0,0,0,0,0,0,0,0,0,0,0,0,0,0,0,0,0,0,0,0,0,0,0,0,0,0,0,0,0,0,0,0,0,0,0,0,0,0,0,0,0,0,0,0,0,0,0,0,0,0,0,0,0,0,0,0,0,0,0,0,0,0,0,0,0,0,0,0,0,0,0,0,0,0,0,0,0,0,0,0,0,0,0,0,0,0,0,0,0,0,0,0,0,0,0,0,0,0,0,0,0,0,0,0,0,0,0,0,0,0,0,0,0,0,0,0,0,0,0,0,0,0,0,0,0,0,0,0,0,0,0,0,0,0,0,0,0,0,0,0,0,0,0,0,0,0,0,0,0,0,0,0,0,0,0,0,0,0,0,0,0,0,0,0,0,0,0,0,0,0,0,0,0,0,0,0,0,0,0,0,0,0,0,0,0,0,0,0,0,0,0,0,0,0,0,0,0,0,0,0,0,0,0,0,0,0,0,0,0,0,0,0,0,0,0,0,0,0,0,0,0,0,0,0,0,0,0,0,0,0,0,0,0,0,0,0,0,0,0,0,0,0,0,0,0,0,0,0,0,0,0,0,0,0,0,0,0,0,0,0,0,0,0,0,0,0,0,0,0,0,0,0,0,0,0,0,0,0,0,0,0,0,0,0,0,0,0,0,0,0,0,0,0,0,0,0,0,0,0,0,0,0,0,0,0,0,0,0,0,0,0,0,0,0,0,0,0,0,0,0,0,0,0,0,0,0,0,0,0,0,0,0,0,0,0,0,0,0,0,0,0,0,0,0,0,0,0,0,0,0,0,0,0,0,0,0,0,0,0,0,0,0,0,0,0,0,0,0,0,0,0,0,0,0,0,0,0,0,0,0,0,0,0,0,0,0,0,0,0,0,0,0,0,0,0,0,0,0,0,0,0,0,0,0,0,0,0,0,0,0,0,0,0,0,0,0,0,0,0,0,0,0,0,0,0,0,0,0,0,0,0,0,0,0,0,0,0,0,0,0,0,0,0,0,0,0,0,0,0,0,0,0,0,0,0,0,0,0,0,0,0,0,0,0,0,0,0,0,0,0,0,0,0,0,0,0,0,0,0,0,0,0,0,0,0,0,0,0,0,0,0,0,0,0,0,0,0,0,0,0,0,0,0,0,0,0,0,0,0,0,0,0,0,0,0,0,0,0,0,0,0,0,0,0,0,0,0,0,0,0,0,0,0,0,0,0,0,0,0,0,0,0,0,0,0,0,0,0,0,0,0,0,0,0,0,0,0,0,0,0,0,0,0,0,0,0,0,0,0,0,0,0,0,0,0,0,0,0,0,0,0,0,0,0,0,0,0,0,0,0,0,0,0,0,0,0,0,0,0,0,0,0,0,0,0,0,0,0,0,0,0,0,0,0,0,0,0,0,0,0,0,0,0,0,0,0,0,0,0,0,0,0,0,0,0,0,0,0,0,0,0,0,0,0,0,0,0,0,0,0,0,0,0,0,0,0,0,0,0,0,0,0,0,0,0,0,0,0,0,0,0,0,0,0,0,0,0,0,0,0,0,0,0,0,0,0,0,0,0,0,0,0,0,0,0,0,0,0,0,0,0,0,0,0,0,0,0,0,0,0,0,0,0,0,0,0,0,0,0,0,0,0,0,0,0,0,0,0,0,0,0,0,0,0,0,0,0,0,0,0,0,0,0,0,0,0,0,0,0,0,0,0,0,0,0,0,0,0,0,0,0,0,0,0,0,0,0,0,0,0,0,0,0,0,0,0,0,0,0,0,0,0,0,0,0,0,0,0,0,0,0,0,0,0,0,0,0,0,0,0,0,0,0,0,0,0,0,0,0,0,0,0,0,0,0,0,0,0,0,0,0,0,0,0,0,0,0,0,0,0,0,0,0,0,0,0,0,0,0,0,0,0,0,0,0,0,0,0,0,0,0,0,0,0,0,0,0,0,0,0,0,0,0,0,0,0,0,0,0,0,0,0,0,0,0,0,0,0,0,0,0,0,0,0,0,0,0,0,0,0,0,0,0,0,0,0,0,0,0,0,0,0,0,0,0,0,0,0,0,0,0,0,0,0,0,0,0,0,0,0,0,0,0,0,0,0,0,0,0,0,0,0,0,0,0,0,0,0,0,0,0,0,0,0,0,0,0,0,0,0,0,0,0,0,0,0,0,0,0,0,0,0,0,0,0,0,0,0,0,0,0,0,0,0,0,0,0,0,0,0,0,0,0,0,0,0,0,0,0,0,0,0,0,0,0,0,0,0,0,0,0,0,0,0,0,0,0,0,0,0,0,0,0,0,0,0,0,0,0,0,0,0,0,0,0,0,0,0,0,0,0,0,0,0,0,0,0,0,0,0,0,0,0,0,0,0,0,0,0,0,0,0,0,0,0,0,0,0,0,0,0,0,0,0,0,0,0,0,0,0,0,0,0,0,0,0,0,0,0,0,0,0,0,0,0,0,0,0,0,0,0,0,0,0,0,0,0,0,0,0,0,0,0,0,0,0,0,0,0,0,0,0,0,0,0,0,0,0,0,0,0,0,0,0,0,0,0,0,0,0,0,0,0,0,0,0,0,0,0,0,0,0,0,0,0,0,0,0,0,0,0,0,0,0,0,0,0,0,0,0,0,0,0,0,0,0,0,0,0,0,0,0,0,0,0,0,0,0,0,0,0,0,0,0,0,0,0,0,0,0,0,0,0,0,0,0,0,0,0,0,0,0,0,0,0,0,0,0,0,0,0,0,0,0,0,0,0,0,0,0,0,0,0,0,0,0,0,0,0,0,0,0,0,0,0,0,0,0,0,0,0,0,0,0,0,0,0,0,0,0,0,0,0,0,0,0,0,0,0,0,0,0,0,0,0,0,0,0,0,0,0,0,0,0,0,0,0,0,0,0,0,0,0,0,0,0,0,0,0,0,0,0,0,0,0,0,0,0,0,0,0,0,0,0,0,0,0,0,0,0,0,0,0,0,0,0,0,0,0,0,0,0,0,0,0,0,0,0,0,0,0,0,0,0,0,0,0,-1.2861663,-0.7284013,-0.3729614,-0.54474694,0.0045503103,-1.0773861,-0.61103183,-1.1621337,-0.37233672,0.4420308,0.7674863,-0.5977055,-0.59027874,-0.26697493,0.3016872,0.20569554,0.12851353,-0.03209727,-0.29647347,0.32604954,-0.83077854,-0.5782017,-0.17146912,-0.021408392,-0.082071245,-0.24205735,-0.14481634,0.12483489,0.47041878,0.2755203,-0.11386024,0.37283072,-0.04091212,-0.36386892,0.1350379,-0.64594424,0.016072087,0.06729541,-0.3076482,-0.3377714,-0.83515126,-0.37497425,-0.030639695,0.38719824,-0.061109938,-0.12899125,0.34791315,0.50095844,0.19910176,0.046264697,-0.1135826,0.0093394825,-0.27474865,-0.41120538,0.44772226,-0.3336763,-0.10199142,-0.1511325,-0.020783717,-0.1336416,-0.31916997,-0.2866175,0.56460583,0.010102973,-0.11038983,-0.29085138,0.26184687,0.09415642,-0.28217536,0.51643646,0.040295582,0.05910523,-0.26274103,-0.31896174,-0.32305685,0.042586055,0.28718087,0.10526174,0.5308734,-0.17924285,-0.27460986,0.22582395,0.17418419,0.12990169,0.04931866,-0.5927775,0.15148766,0.028496172,-0.5402354,0.011768773,0.21825846,-0.009817206,-0.3898276,-0.19451268,0.22297822,0.07902541,-0.08394527,0.23616579,-0.033485435,0.5374672,0.09929263,0.26878768,0.026969189,-0.081238344,-0.13232285,0.22311702,0.05660653,0.18966223,0.17300424,0.39670718,0.118588135,-0.2356024,-0.117816515,-0.14613509,0.06910002,0.36915207,0.05341375,0.23769277,0.017946111,0.2345694,0.24275957,-0.1871554,0.09020015,0.10047257,0.1961172,0.052927893,0.44904104,0.21936898,0.15731797,-0.26211634,0.073195115,0.19847709,0.27267456,0.046611737,-0.47464454,-0.006555017,0.30099314,0.04730582,0.24588294,0.21964662,-0.06603792,-0.093870655,-0.41412053,-0.11011219,0.15981667,-0.05680662,-0.33964542,-0.03973218,-0.033554845,0.041336708,-0.45021284,0.07611026,0.1818191,-0.16390362,-0.22991091,-0.08533343,0.3073787,-0.14426108,-0.0733258,-0.19916303,0.13642608,0.14725377,-0.43695584,0.04321073,0.5410764,-0.20839433,0.49859855,0.13954945,-0.16071084,0.13545436,0.034326468,-0.3586633,-0.1487032,0.12268323,0.024123449,-0.1026855,0.19826886,-0.19125049,-0.07818437,0.07548559,-0.28064838,0.058758188,-0.09400947,-0.19937126,0.40475854,-0.08706864,0.16474466,-0.07131296,0.5314981,0.10581701,0.28863847,0.06958588,-0.10178319,-0.2882833,-0.2189444,0.025442207,-0.034248926,-0.3319411,-0.15342297,0.25414252,0.034118243,-0.3752519,-0.06784254,-0.15411705,0.08735441,-0.12260568,0.083745174,-0.3529024,-0.3821927,-0.06562147,-0.40620798,0.1759888,-0.118996456,-0.1478703,-0.022796558,-0.14259528,-0.009192532,-0.13384983,-0.0365394,0.002398653,-0.04584011,-0.1353074,-0.2649621,0.08034417,0.14461625,0.29016545,-0.1653612,-0.31160447,0.017390845,-0.22609346,0.14364453,0.3515918,0.27031466,0.087285,0.16543874,0.11206376,0.19646424,0.27107817,0.15114063,0.108107485,-0.013218213,-0.23768464,-0.38399732,0.072292805,-0.11094509,0.36311355,0.11150849,-0.09609172,-0.092066035,-0.048547033,-0.069785975,0.37074846,-0.1285054,0.046611737,0.31848404,0.073542155,0.12178092,0.38539362,0.40899244,0.15266761,-0.220749,-0.18340735,0.09450346,-0.017729752,-0.1963867,-0.4849864,0.3742883,-0.13933308,-0.423213,0.006840784,0.3928897,0.26871827,0.14531033,0.05258085,0.31216788,-0.18847416,0.22637922,-0.2834247,-0.33388454,-0.09643876,0.36158657,-0.21623747,-0.28370234,0.1844566,-0.059999403,-0.38531607,-0.09893746,-0.090400234,0.20347448,-0.4264058,-0.22720398,-0.32229334,0.07874778,0.24706289,0.16710454,-0.24191855,-0.050143424,0.24553591,0.2696206,-0.39947537,-0.3329128,0.14218695,-0.49123314,0.30522704,-0.13260049,-0.07540804,0.3499954,0.29544047,0.09297648,-0.029598571,0.08790967,-0.0057221176,-0.1838238,0.16974205,-0.12996297,0.23998325,0.037311025,-0.39940596,-0.16667995,0.03307712,0.3216074,0.19334087,-0.1353074,-0.17424546,-0.14377521,-0.17639711,0.12788884,-0.048616443,0.23012726,0.264762,0.05959109,0.12788884,0.11699174,0.08992251,-0.24115506,0.13038754,-0.024948215,0.06680955,0.10345713,0.15731797,-0.009747799,-0.07818437,0.27801898,0.32868704,0.12525134,0.13267802,-0.030709103,0.3550622,-0.039871,-0.03522064,0.09367056,0.19223034,-0.2464995,-0.044590764,-0.023213008,0.27163342,-0.07526923,-0.2106154,-0.046395376,-0.008151407,-0.11288852,0.15440282,0.040989663,0.21166466,-0.14662096,-0.41092774,-0.21936084,-0.16230723,0.04848576,0.17536412,0.060840435,0.06410263,0.2487981,0.45834175,0.5119249,0.009964157,-0.06409449,-0.09879864,0.1157424,0.27760255,0.16523051,0.042933095,-0.23539416,0.04439067,-0.18215801,0.26774657,-0.29085138,-0.005791526,-0.027724547,0.21798082,-0.50657237,-0.023421232,0.22637922,0.04772227,0.15030773,0.061256886,-0.4189097,0.21582916,0.072639845,-0.104975976,-0.08401468,0.42044482,-0.2415715,0.15731797,0.26170805,0.28752792,0.1793204,-0.0917884,0.17279601,0.22221471,0.21117881,-0.10088089,-0.05271153,0.20062874,-0.09692462,-0.005860934,0.14933601,-0.02723869,-0.31153506,0.09491991,0.11685293,0.13635667,-0.0901226,0.083745174,-0.16751285,-0.094981186,0.12643127,-0.21290587,-0.18951528,-0.055973724,0.45841116,-0.17355137,-0.44889408,-0.13461332,-0.2925866,0.050637417,0.07125168,0.20958242,0.12268323,0.02363759,0.18903756,-0.2985557,-0.105461836,0.085758016,0.2137469,-0.21387759,-0.044104904,-0.13933308,0.17945921,-0.08332059,0.027940905,-0.16279308,0.035784043,-0.11365201,-0.18347676,0.3559645,-0.10143615,-0.24865115,-0.10331018,0.07784547,-0.1721632,-0.20443806,-0.26641968,0.12441844,0.02211061,0.58126384,-0.18576723,-0.081238344,0.17793223,-0.21991612,0.15662389,-0.16994214,0.01267108,0.18591419,-0.0842229,0.018987235,-0.4724929,-0.20645091,-0.09900686,0.11130027,-0.31097978,-0.21380818,0.16169068,0.10338772,-0.19305511,-0.001627028,-0.044937804,0.16523051,0.36859682,-0.106433555,0.2421349,0.13614844,0.25074154,-0.11330497,-0.26218575,-0.007943183,0.22131242,0.051886767,-0.103448994,-0.1779935,-0.52628434,-0.36671466,0.004342085,0.06993292,-0.18479551,0.134205,-0.015925137,-0.036053542,0.083189905,0.1725878,-0.0917884,-0.19576202,0.44244725,-0.12579846,-0.21290587,0.110259145,0.17716874,0.14031294,0.014822737,-0.2097131,-0.3161854,-0.10914048,0.54558796,0.40225983,0.17217134,0.2136775,0.1492666,-0.05444674,0.0881179,0.14475507,0.24234313,-0.31743476,0.03994854,-0.2984863,-0.29716754,0.001912795,-0.10136674,-0.02550348,0.019889543,-0.013565254,-0.0390381,-0.5750089,-0.21880558,-0.03008443,-0.21755624,-0.31313145,-0.13273929,0.11567299,0.25247675,-0.14176238,-0.13357219,-0.08498639,0.08159351,-0.31916997,0.20937419,0.20160046,-0.24420902,0.27107817,0.51962924,0.27996242,-0.10122793,0.028843213,0.18681648,0.2683018,0.41759908,-0.2600341,-0.1126803,-0.41509223,0.3198722,0.043835405,0.061742745,-0.39579675,0.17494768,0.1651611,-0.027724547,-0.3018179,0.08166292,0.10144429,0.3300058,-0.23712938,0.22894733,-0.021547208,0.07916423,0.2170785,0.16564696,0.35443753,0.10533115,0.008923032,-0.20658971,-0.14467752,0.051539727,-0.52489614,-0.06527443,-0.23997511,0.15572158,0.085896835,0.19216093,0.13205335,-0.07853142,0.31931692,-0.048269402,0.26503965,-0.0057221176,0.23082136,-0.06298396,-0.11795533,0.3928897,0.14940542,0.13351092,0.043349545,0.18292962,0.012324039,-0.0149534205,-0.0524339,-0.049726974,0.04251665,0.07735961,0.29377466,0.13767542,-0.14557983,-0.24441724,0.006563151,0.15648507,0.12712535,-0.106780596,0.04515416,-0.16390362,-0.01939555,0.14468566,0.13552377,0.12816648,-0.22588523,0.15731797,0.1752253,-0.40815142,0.1074134,-0.21554339,-0.3395066,-0.045284845,-0.07769852,0.42002836,0.18966223,-0.06173461,-0.005791526,0.1567627,0.13913299,0.3524941,0.05542659,0.27781075,-0.19937126,-0.09491178,0.19063395,0.0220412,0.475555,-0.3954497,-0.09477296,0.00010817933,0.29516283,-0.18097806,-0.18181096,0.082426414,0.013156938,-0.21401641,-0.021963658,0.062020376,-0.16466711,0.107829854,0.017460253,0.0063549257,-0.020436676,-0.075061,-0.1470374,-0.01092774,0.14891957,-0.18826593,0.041128483,0.17369832,-0.1244103,-0.19708079,-0.04063449,-0.1988854,0.29044306,0.1609966,0.32771534,-0.35061193,0.054385465,0.51942104,0.0948505,-0.30174848,-0.06326159,0.03134191,-0.12753367,-0.12996297,-0.038344014,0.36554286,-0.16591646,-0.039940406,0.001912795,0.5063029,0.20264158,-0.043202598,0.058966413,-0.64615244,-0.25205216,-0.19173634,-0.13031,-0.18819652,0.050359786,0.12781943,0.25178266,-0.21637629,-0.34908494,0.17217134,0.06701778,-0.40933135,-0.24608304,-0.017660344,-0.06451094,0.47104347,-0.41918734,0.08867316,-0.05111514,0.16231537,-0.18354617,0.09936204,0.07923363,-0.2917537,-0.28800565,0.12761122,-0.04708946,0.40975595,0.15051596,-0.18312971,-0.2542732,-0.21818091,0.04564002,-0.16716582,0.053344343,-0.06527443,-0.38573253,0.035228778,0.4338406,-0.011135965,0.06729541,-0.09935391,0.11421542,-0.07568568,-0.14120711,0.04237783,0.021347117,0.023706999,-0.011066556,-0.18076983,-0.35005668,-0.10997338,0.03633931,0.0003164042,0.19091158,0.24740992,-0.2231783,0.2531014,0.2052791,-0.36650643,0.02245765,0.06396381,0.09998672,-0.284327,-0.17112209,-0.16612469,-0.14481634,0.16731276,-0.080336034,-0.42952916,0.098876186,0.047167003,0.14079879,0.057092387,-0.17264907,-0.2222066,0.2991191,0.19375733,-0.14419167,0.2964816,0.29453817,-0.27863553,-0.20436865,0.11171672,-0.022518925,-0.4548632,-0.09602231,0.007118417,0.06000754,0.120600976,-0.005166851,0.05827233,0.4831899,-0.10122793,-0.045354255,-0.1436364,-0.06527443,-0.023004783,-0.2599647,-0.2542732,-0.09949272,0.19729714,-0.24177973,-0.08970615,-0.07540804,-0.19263865,0.4504986,0.0019822032,0.32986698,0.21513507,0.12733358,-0.15932268,0.018570786,0.012462855,-0.042577922,-0.104420714,0.10311009,-0.15418646,-0.1981219,0.0940176,-0.09893746,-0.31951702,0.035020553,-0.004680993,-0.07290935,-0.048199993,-0.12496556,0.32396728,-0.08581929,0.09929263,0.06500494,0.10422062,0.29356644,0.040850848,0.26823243,0.16439761,0.2982862,-0.40266815,0.15245938,0.2094436,-0.10150556,-0.51469314,-0.08290414,0.09741861,0.40836775,-0.15592167,-0.13738964,-0.07436692,0.11539536,-0.008012591,0.05535718,-0.598816,0.21749495,-0.115178995,0.03189718,-0.038413424,0.2020169,-0.51559544,-0.25843772,-0.20575683,0.055287775,0.30009082,0.1315675,-0.25114983,0.06785067,0.1743924,-0.011552414,-0.37990224,-0.16341776,0.0864521,-0.29446062,0.15072417,0.09450346,-0.21283647,-0.3286789,-0.05895828,-0.09852101,0.20791662,-0.047991768,0.07923363,0.06549079,0.10179133,-0.06596851,0.0228741,0.21735615,-0.38906413,0.11123086,0.12608424,0.24185728,-0.25094163,-0.11975995,0.16620223,0.43314654,-0.1353074,-0.2591318,-0.25274622,0.18646945,-0.10948752,-0.03438774,-0.19715019,-0.414884,-0.09935391,0.06347795,0.06923884,0.09186594,0.12733358,0.41586387,-0.11288852,-0.51379085,0.18251318,0.048416354,-0.1336416,0.022249425,0.11754701,0.01190759,0.049596295,0.10449825,0.23651282,0.1852201,0.21326105,-0.16397303,-0.349432,-0.26461506,0.029537296,-0.39683786,0.2254769,-0.6135306,-0.1344745,0.5875106,0.026760964,0.10963447,0.17300424,-0.027377505,0.010033566,0.14524092,-0.22977209,-0.10733586,-0.10754409,-0.12329977,0.4196119,-0.13627912,-0.17813233,0.12462666,0.12219737,0.15030773,0.009131257,-0.15765688,0.37074846,0.118241094,0.19917117,-0.28474346,0.08096884,-0.19826072,0.18619181,0.15905318,0.2695512,-0.1846567,0.26434556,-0.36386892,-0.044590764,0.018917827,0.0152391875,-0.2750957,0.21235874,0.2495616,0.012601673,-0.08748509,0.19472903,0.08749322,0.03425706,-0.1729267,-0.13010179,-0.21075422,0.20673667,0.19958761,0.08152411,-0.28522933,-0.067564905,0.24109377,0.020514218,-0.14037421,0.32660478,0.21513507,0.074097425,0.072917484,-0.16251546,0.027524456,-0.05049047,-0.21401641,-0.32833186,0.1818191,-0.21526575,0.41725203,-0.023698866,0.0051749847,0.024331674,-0.12093989,0.5316369,-0.02682224,0.048693985,0.12212796,-0.06707905,0.028634988,0.06875298,0.46424145,-0.0641639,0.04480712,0.14079879,0.47680435,-0.12725604,-0.16147433,-0.19270806,-0.23601884,0.0697941,0.35374343,0.30467176,-0.24872056,0.041406114,0.26351267,0.16890915,-0.3789305,0.9373284,-0.53155935,-1.4707924,0.19764419,0.7812985,-0.14231764,-1.1265967,0.6894019,-0.23310369,-0.55002195,-1.309904,-0.7755295,0.69724506,-0.50310194,1.0061814,-0.11170858,0.6084025,1.044703,1.2239152,-1.2673566,-0.029529162,-1.3175389,0.03099487,1.2703494,1.0987027,-0.011344189,-0.08429231,-0.5763971,-0.7567199,-1.0543426,1.0440784,-0.1478009,1.2241235,0.64470303,0.45952168,0.8526503,0.2755203,-0.10691941,-0.30959162,-0.41183004,-0.9612661,-1.22474,-0.5260067,-0.7495014,-0.7592186,0.63595754,1.3866082,-0.20450747,0.20923537,0.15537453,0.45507956,-1.1520001,0.0051055765,-0.72624964,-0.36477122,-0.9408601,-0.34262997,0.321538,0.054454874,-0.5720244,1.1216768,-1.0061733,-0.8154393,-0.03362425,-0.81127477,-0.15050782,-0.41377348,-0.09664698,0.43148074,0.18667768,-0.0005859036,-0.17445368,0.67281336,0.6118035,1.2427943,0.21735615,-0.8090537,-0.39295098,-1.2218249,0.37324718,-0.7133397,0.7790775,-1.2491717,0.52136445,0.20791662,0.26594195,-0.9809781,0.39538842,0.8343959,-1.1844138,0.9265701,-0.2197773,-0.20589563,-0.23685174,1.0652479,-1.1447122,-0.060277037,-0.1319758,0.2396362,-0.5952762,-0.11302734,-0.90914047,0.47409743,-0.056390174,-0.11878823,0.7693603,0.07909482,0.23942798,1.0728134,0.96467525,0.9634953,0.8642414,-0.058750056,-0.5110145,-0.95522755,0.6461606,-0.30154026,0.8782619,-0.2465689,0.55391693,-0.01946496,-0.8959529,-0.52468795,-0.22338653,-0.41904852,0.33653018,0.31036326,-0.1670964,
1,1,0,0,0,0,0,0,0,0,0,0,0,0,0,0,0,0,0,0,0,0,0,0,0,0,0,0,0,0,0,0,0,0,0,0,0,0,0,0,0,0,0,0,0,0,0,0,0,0,0,0,0,0,0,0,0,0,0,0,0,0,0,0,0,0,0,0,0,0,0,0,0,0,0,0,0,0,0,0,0,0,0,0,0,0,0,0,0,0,0,0,0,0,0,0,0,0,0,0,0,0,0,0,0,0,0,0,0,0,0,0,0,0,0,0,0,0,0,0,0,0,0,0,0,0,0,0,0,0,0,0,0,0,0,0,0,0,0,0,0,0,0,0,0,0,0,0,0,0,0,0,0,0,0,0,0,0,0,0,0,0,0,0,0,0,0,0,0,0,0,0,0,0,0,0,0,0,0,0,0,0,0,0,0,0,0,0,0,0,0,0,0,0,0,0,0,0,0,0,0,0,0,0,0,0,0,0,0,0,0,0,0,0,0,0,0,0,0,0,0,0,0,0,0,0,0,0,0,0,0,0,0,0,0,0,0,0,0,0,0,0,0,0,0,0,0,0,0,0,0,0,0,0,0,0,0,0,0,0,0,0,0,0,0,0,0,0,0,0,0,0,0,0,0,0,0,0,0,0,0,0,0,0,0,0,0,0,0,0,0,0,0,0,0,0,0,0,0,0,0,0,0,0,0,0,0,0,0,0,0,0,0,0,0,0,0,0,0,0,0,0,0,0,0,0,0,0,0,0,0,0,0,0,0,0,0,0,0,0,0,0,0,0,0,0,0,0,0,0,0,0,0,0,0,0,0,0,0,0,0,0,0,0,0,0,0,0,0,0,0,0,0,0,0,0,0,0,0,0,0,0,0,0,0,0,0,0,0,0,0,0,0,0,0,0,0,0,0,0,0,0,0,0,0,0,0,0,0,0,0,0,0,0,0,0,0,0,0,0,0,0,0,0,0,0,0,0,0,0,0,0,0,0,0,0,0,0,0,0,0,0,0,0,0,0,0,0,0,0,0,0,0,0,0,0,0,0,0,0,0,0,0,0,0,0,0,0,0,0,0,0,0,0,0,0,0,0,0,0,0,0,0,0,0,0,0,0,0,0,0,0,0,0,0,0,0,0,0,0,0,0,0,0,0,0,0,0,0,0,0,0,0,0,0,0,0,0,0,0,0,0,0,0,0,0,0,0,0,0,0,0,0,0,0,0,0,0,0,0,0,0,0,0,0,0,0,0,0,0,0,0,0,0,0,0,0,0,0,0,0,0,0,0,0,0,0,0,0,0,0,0,0,0,0,0,0,0,0,0,0,0,0,0,0,0,0,0,0,0,0,0,0,0,0,0,0,0,0,0,0,0,0,0,0,0,0,0,0,0,0,0,0,0,0,0,0,0,0,0,0,0,0,0,0,0,0,0,0,0,0,0,0,0,0,0,0,0,0,0,0,0,0,0,0,0,0,0,0,0,0,0,0,0,0,0,0,0,0,0,0,0,0,0,0,0,0,0,0,0,0,0,0,0,0,0,0,0,0,0,0,0,0,0,0,0,0,0,0,0,0,0,0,0,0,0,0,0,0,0,0,0,0,0,0,0,0,0,0,0,0,0,0,0,0,0,0,0,0,0,0,0,0,0,0,0,0,0,0,0,0,0,0,0,0,0,0,0,0,0,0,0,0,0,0,0,0,0,0,0,0,0,0,0,0,0,0,0,0,0,0,0,0,0,0,0,0,0,0,0,0,0,0,0,0,0,0,0,0,0,0,0,0,0,0,0,0,0,0,0,0,0,0,0,0,0,0,0,0,0,0,0,0,0,0,0,0,0,0,0,0,0,0,0,0,0,0,0,0,0,0,0,0,0,0,0,0,0,0,0,0,0,0,0,0,0,0,0,0,0,0,0,0,0,0,0,0,0,0,0,0,0,0,0,0,0,0,0,0,0,0,0,0,0,0,0,0,0,0,0,0,0,0,0,0,0,0,0,0,0,0,0,0,0,0,0,0,0,0,0,0,0,0,0,0,0,0,0,0,0,0,0,0,0,0,0,0,0,0,0,0,0,0,0,0,0,0,0,0,0,0,0,0,0,0,0,0,0,0,0,0,0,0,0,0,0,0,0,0,0,0,0,0,0,0,0,0,0,0,0,0,0,0,0,0,0,0,0,0,0,0,0,0,0,0,0,0,0,0,0,0,0,0,0,0,0,0,0,0,0,0,0,0,0,0,0,0,0,0,0,0,0,0,0,0,0,0,0,0,0,0,0,0,0,0,0,0,0,0,0,0,0,0,0,0,0,0,0,0,0,0,0,0,0,0,0,0,0,0,0,0,0,0,0,0,0,0,0,0,0,0,0,0,0,0,0,0,0,0,0,0,0,0,0,0,0,0,0,0,0,0,0,0,0,0,0,0,0,0,0,0,0,0,0,0,0,0,0,0,0,0,0,0,0,0,0,0,0,0,0,0,0,0,0,0,0,0,0,0,0,0,0,0,0,0,0,0,0,0,0,0,0,0,0,0,0,0,0,0,0,0,0,0,0,0,0,0,0,0,0,0,0,0,0,0,0,0,0,0,0,0,0,0,0,0,0,0,0,0,0,0,0,0,0,0,0,0,0,0,0,0,0,0,0,0,0,0,0,0,0,0,0,0,0,0,0,0,0,0,0,0,0,0,0,0,0,0,0,0,0,0,0,0,0,0,0,0,0,0,0,0,0,0,0,0,0,0,0,0,0,0,0,0,0,0,0,0,0,0,0,0,0,0,0,0,0,0,0,0,0,0,0,0,0,0,0,0,0,0,0,0,0,0,0,0,0,0,0,0,0,0,0,0,0,0,0,0,0,0,0,0,0,0,0,0,0,0,0,0,0,0,0,0,0,0,0,0,0,0,0,0,0,0,0,0,0,0,0,0,0,0,0,0,0,0,0,0,0,0,0,0,0,0,0,0,0,0,0,0,0,0,0,0,0,0,0,0,0,0,0,0,0,0,0,0,0,0,0,0,0,0,0,0,0,0,0,0,0,0,0,0,0,0,0,0,0,0,0,0,0,0,0,0,0,0,0,0,0,0,0,0,0,0,0,0,0,0,0,0,0,0,0,0,0,0,0,0,0,0,0,0,0,0,0,0,0,0,0,0,0,0,0,0,0,0,0,0,0,0,0,0,0,0,0,0,0,0,0,0,0,0,0,0,0,0,0,0,0,0,0,0,0,0,0,0,0,0,0,0,0,0,0,0,0,0,0,0,0,0,0,0,0,0,0,0,0,0,0,0,0,0,0,0,0,0,0,0,0,0,0,0,0,0,0,0,0,0,0,0,0,0,0,0,0,0,0,0,0,0,0,0,0,0,0,0,0,0,0,0,0,0,0,0,0,0,0,0,0,0,0,0,0,0,0,0,0,0,0,0,0,0,0,0,0,0,0,0,0,0,0,0,0,0,0,0,0,0,0,0,0,0,0,0,0,0,0,0,0,0,0,0,0,0,0,0,0,0,0,0,0,0,0,0,0,0,0,0,0,0,0,0,0,0,0,0,0,0,0,0,0,0,0,0,0,0,0,0,0,0,0,0,0,0,0,0,0,0,0,0,0,0,0,0,0,0,0,0,0,0,0,0,0,0,0,0,0,0,0,0,0,0,0,0,0,0,0,0,0,0,0,0,0,0,0,0,0,0,0,0,0,0,0,0,0,0,0,0,0,0,0,0,0,0,0,0,0,0,0,0,0,0,0,0,0,0,0,0,0,0,0,0,0,0,0,0,0,0,0,0,0,0,0,0,0,0,0,0,0,0,0,0,0,0,0,0,0,0,0,0,0,0,0,0,0,0,0,0,0,0,0,0,0,0,0,0,0,0,0,0,0,0,0,0,0,0,0,0,0,0,0,0,0,0,0,0,0,0,0,0,0,0,0,0,0,0,0,0,0,0,0,0,0,0,0,0,0,0,0,0,0,0,0,0,0,0,0,0,0,0,0,0,0,0,0,0,0,0,0,0,0,0,0,0,0,0,0,0,0,0,0,0,0,0,0,0,0,0,0,0,0,0,0,0,0,0,0,0,0,0,0,0,0,0,0,0,0,0,0,0,0,0,0,0,0,0,0,0,0,0,0,0,0,0,0,0,0,0,0,0,0,0,0,0,0,0,0,0,0,0,0,0,0,0,0,0,0,0,0,0,0,0,0,0,0,0,0,0,0,0,0,0,0,0,0,0,0,0,0,0,0,0,0,0,0,0,0,0,0,0,0,0,0,0,0,0,0,0,0,0,0,0,0,0,0,0,0,0,0,0,0,0,0,0,0,0,0,0,0,0,0,0,0,0,0,0,0,0,0,0,0,0,0,0,0,0,0,0,0,0,0,0,0,0,0,0,0,0,0,0,0,0,0,0,0,0,0,0,0,0,0,0,0,0,0,0,0,0,0,0,0,0,0,0,0,0,0,0,0,0,0,0,0,0,0,0,0,0,0,0,0,0,0,0,0,0,0,0,0,0,0,0,0,0,0,0,0,0,0,0,0,0,0,0,0,0,0,0,0,0,0,0,0,0,0,0,0,0,0,0,0,0,0,0,0,0,0,0,0,0,0,0,0,0,0,0,0,0,0,0,0,0,0,0,0,0,0,0,0,0,0,0,0,0,0,0,0,0,0,0,0,0,0,0,0,0,0,0,0,0,0,0,0,0,0,0,0,0,0,0,0,0,0,0,0,0,0,0,0,0,0,0,0,0,0,0,0,0,0,0,0,0,0,0,0,0,0,0,0,0,0,0,0,0,0,0,0,0,0,0,0,0,0,0,0,0,0,0,0,0,0,0,0,0,0,0,0,0,0,0,0,0,0,0,0,0,0,0,0,0,0,0,0,0,0,0,0,0,0,0,0,0,0,0,0,0,0,0,0,0,0,0,0,0,0,0,0,0,0,0,0,0,0,0,0,0,0,0,0,0,0,0,0,0,0,0,0,0,0,0,0,0,0,0,0,0,0,0,0,0,0,0,0,0,0,0,0,0,0,0,0,0,0,0,0,0,0,0,0,0,0,0,0,0,0,0,0,0,0,0,0,0,0,0,0,0,0,0,0,0,0,0,0,0,0,0,0,0,0,0,0,0,0,0,0,0,0,0,0,0,0,0,0,0,0,0,0,0,0,0,0,0,0,0,0,0,0,0,0,0,0,0,0,0,0,0,0,0,0,0,0,0,0,0,0,0,0,0,0,0,0,0,0,0,0,0,0,0,0,0,0,0,0,0,0,0,0,0,0,0,0,0,0,0,0,0,0,0,0,0,0,0,0,0,0,0,0,0,0,0,0,0,0,0,0,0,0,0,0,0,0,0,0,0,0,0,0,0,0,0,0,0,0,0,0,0,0,0,0,0,0,0,0,0,0,0,0,0,0,0,0,0,0,0,0,0,0,0,0,0,0,0,0,0,0,0,0,0,0,0,0,0,0,0,0,0,0,0,0,0,0,0,0,0,0,0,0,0,0,0,0,0,0,0,0,0,0,0,0,0,0,0,0,0,0,0,0,0,0,0,0,0,0,0,0,0,0,0,0,0,0,0,0,0,0,0,0,0,0,0,0,0,0,0,0,0,0,0,0,0,0,0,0,0,0,0,0,0,0,0,0,0,0,0,0,0,0,0,0,0,0,0,0,0,0,0,0,0,0,0,0,0,0,0,0,0,0,0,0,0,0,0,0,0,0,0,0,0,0,0,0,0,0,0,0,0,0,0,0,0,0,0,0,0,0,0,0,0,0,0,0,0,0,0,0,0,0,0,0,0,0,0,0,0,0,0,0,0,0,0,0,0,0,0,0,0,0,0,0,0,0,0,0,0,0,0,0,0,0,0,0,0,0,0,0,0,0,0,0,0,0,0,0,0,0,0,0,0,0,0,0,0,0,0,0,0,0,0,0,0,0,0,0,0,0,0,0,0,0,0,0,0,0,0,0,0,0,0,0,0,0,0,0,0,0,0,0,0,0,0,0,0,0,0,0,0,0,0,0,0,0,0,0,0,0,0,0,0,0,0,0,0,0,0,0,0,0,0,0,0,0,0,0,0,0,0,0,0,0,0,0,0,0,0,0,0,0,0,0,0,0,0,0,0,0,0,0,0,0,0,0,0,0,0,0,0,0,0,0,0,0,0,0,0,0,0,0,0,0,0,0,0,0,0,0,0,0,0,0,0,0,0,0,0,0,0,0,0,0,0,0,0,0,0,0,0,0,0,0,0,0,0,0,0,0,0,0,0,0,0,0,0,0,0,0,0,0,0,0,0,0,0,0,0,0,0,0,0,0,0,0,0,0,0,0,0,0,0,0,0,0,0,0,0,0,0,0,0,0,0,0,0,0,0,0,0,0,0,0,0,0,0,0,0,0,0,0,0,0,0,0,0,0,0,0,0,0,0,0,0,0,0,0,0,0,0,0,0,0,0,0,0,0,0,0,0,0,0,0,0,0,0,0,0,0,0,0,0,0,0,0,0,0,0,0,0,0,0,0,0,0,0,0,0,0,0,0,0,0,0,0,0,0,0,0,0,0,0,0,0,0,0,0,0,0,0,0,0,0,0,0,0,0,0,0,0,0,0,0,0,0,0,0,0,0,0,0,0,0,0,0,0,0,0,0,0,0,0,0,0,0,0,0,0,0,0,0,0,0,0,0,0,0,0,0,0,0,0,0,0,0,0,0,0,0,0,0,0,0,0,0,0,0,0,0,0,0,0,0,0,0,0,0,0,0,0,0,0,0,0,0,0,0,0,0,0,0,0,0,0,0,0,0,0,0,0,0,0,0,0,0,0,0,0,0,0,0,0,0,0,0,0,0,0,0,0,0,0,0,0,0,0,0,0,0,0,0,0,0,0,0,0,0,0,0,0,0,0,0,0,0,0,0,0,0,0,0,0,0,0,0,0,0,0,0,0,0,0,0,0,0,0,0,0,0,0,0,0,0,0,0,0,0,0,0,0,0,0,0,0,0,0,0,0,0,0,0,0,0,0,0,0,0,0,0,0,0,0,0,0,0,0,0,0,0,0,0,0,0,0,0,0,0,0,0,0,0,0,0,0,0,0,0,0,0,0,0,0,0,0,0,0,0,0,0,0,0,0,0,0,0,0,0,0,0,0,0,0,0,0,0,0,0,0,0,0,0,0,0,0,0,0,0,0,0,0,0,0,0,0,0,0,0,0,0,0,0,0,0,0,0,0,0,0,0,0,0,0,0,0,0,0,0,0,0,0,0,0,0,0,0,0,0,0,0,0,0,0,0,0,0,0,0,0,0,0,0,0,0,0,0,0,0,0,0,0,0,0,0,0,0,0,0,0,0,0,0,0,0,0,0,0,0,0,0,0,0,0,0,0,0,0,0,0,0,0,0,0,0,0,0,0,0,0,0,0,0,0,0,0,0,0,0,0,0,0,0,0,0,0,0,0,0,0,0,0,0,0,0,0,0,0,0,0,0,0,0,0,0,0,0,0,0,0,0,0,0,0,0,0,0,0,0,0,0,0,0,0,0,0,0,0,0,0,0,0,0,0,0,0,0,0,0,0,0,0,0,0,0,0,0,0,0,0,0,0,0,0,0,0,0,0,0,0,0,0,0,0,0,0,0,0,0,0,0,0,0,0,0,0,0,0,0,0,0,0,0,0,0,0,0,0,0,0,0,0,0,0,0,0,0,0,0,0,0,0,0,0,0,0,0,0,0,0,0,0,0,0,0,0,0,0,0,0,0,0,0,0,0,0,0,0,0,0,0,0,0,0,0,0,0,0,0,0,0,0,0,0,0,0,0,0,0,0,0,0,0,0,0,0,0,0,0,0,0,0,0,0,0,0,0,0,0,0,0,0,0,0,0,0,0,0,0,0,0,0,0,0,0,0,0,0,0,0,0,0,0,0,0,0,0,0,0,0,0,0,0,0,0,0,0,0,0,0,0,0,0,0,0,0,0,0,0,0,0,0,0,0,0,0,0,0,0,0,0,0,0,0,0,0,0,0,0,0,0,0,0,0,0,0,0,0,0,0,0,0,0,0,0,0,0,0,0,0,0,0,0,0,0,0,0,0,0,0,0,0,0,0,0,0,0,0,0,0,0,0,0,0,0,0,0,0,0,0,0,0,0,0,0,0,0,0,0,0,0,0,0,0,0,0,0,0,0,0,0,0,0,0,0,0,0,0,0,0,0,0,0,0,0,0,0,0,0,0,0,0,0,0,0,0,0,0,0,0,0,0,0,0,0,0,0,0,0,0,0,0,0,0,0,0,0,0,0,0,0,0,0,0,0,0,0,0,0,0,0,0,0,0,0,0,0,0,0,0,0,0,0,0,0,0,0,0,0,0,0,0,0,0,0,0,0,0,0,0,0,0,0,0,0,0,0,0,0,0,0,0,0,0,0,0,0,0,0,0,0,0,0,0,0,0,0,0,0,0,0,0,0,0,0,0,0,0,0,0,0,0,0,0,0,0,0,0,0,0,0,0,0,0,0,0,0,0,0,0,0,0,0,0,0,0,0,0,0,0,0,0,0,0,0,0,0,0,0,0,0,0,0,0,0,0,0,0,0,0,0,0,0,0,0,0,0,0,0,0,0,0,0,0,0,0,0,0,0,0,0,0,0,0,0,0,0,0,0,0,0,0,0,0,0,0,0,0,0,0,0,0,0,0,0,0,0,0,0,0,0,0,0,0,0,0,0,0,0,0,0,0,0,0,0,0,0,0,0,1.0751687,-0.31125668,-0.049588922,0.30438653,-0.5290546,1.8846494,0.023240209,-0.3708128,1.2705576,1.3838091,0.027463438,-0.36331442,-0.32547775,-1.5899466,0.24077953,-0.7878781,-0.96085805,0.6731002,-0.1568072,1.5899715,0.35782328,0.006692052,0.53821546,-0.7502138,-0.53164023,0.29533675,0.41393188,-0.3228921,0.99932295,0.8751256,0.40134838,-0.4638962,-0.13276066,0.71386725,-0.32340923,0.525201,0.05047572,-0.031058433,-0.0526917,-0.1597376,0.3740267,-0.49139026,0.41048434,-0.2165357,-0.5592205,0.099085934,0.014104247,0.017637968,-0.8114075,0.12976897,1.0700836,0.39117816,0.6471575,1.1149877,-1.1307353,0.40221027,0.4374613,0.008243442,-0.60541743,-0.39796212,0.18165435,0.39479807,0.6307817,-0.23541094,-0.0800134,-0.065533765,1.2102258,0.3303292,-1.2794963,-0.21101965,0.3858345,0.2727554,0.7452398,0.35222104,-1.1802074,0.55381554,-0.12362469,1.206175,-0.31134287,-1.4554067,0.5283038,-0.7060854,0.30852357,-0.74685246,-0.31720367,-1.6301104,-0.4327822,0.48279634,-0.17413105,0.42461923,-0.76839954,-0.100267656,-0.2445469,-0.7286667,1.1259336,0.2498293,0.12632143,-0.044331435,0.315591,-0.27824655,-0.41821638,0.2625852,0.57881016,1.335716,0.4905533,0.92554575,-0.5405176,-0.04097009,-0.8226982,-0.5840427,0.64362377,-0.9338811,-0.043297175,0.87598747,-0.1509464,-1.1984793,-0.6463569,1.1779914,0.1221844,-0.04769278,0.15924539,0.433669,0.7834212,0.018327475,0.6085451,-0.29462233,-0.16473652,-0.94905025,-0.048296098,0.34274033,0.2122512,1.53619,0.7523934,-0.91569537,0.1148584,0.49305275,-0.43829826,0.14985086,-0.12241805,-0.36460724,-0.12052191,0.29326823,-0.010200859,0.4018655,-0.40942517,-0.037522558,-1.4434265,-0.22239651,-0.3257363,0.08305491,0.33498338,-0.8751007,-0.21825947,0.16148628,0.23948671,-0.13939716,0.6381077,-0.40046158,-0.062344793,0.056853656,0.1982887,1.1891959,-0.7371132,0.6582758,0.22009434,-1.3699079,0.15416028,0.024963977,0.021516442,0.100034006,-0.58757645,-0.09095932,0.13743974,0.44952765,-0.18731786,-0.4409701,0.1392497,-0.7331485,-0.23308386,-0.4585525,0.5387326,0.8248778,-0.61420864,0.58243006,0.5991506,-0.30789533,-0.085443266,-0.14181043,0.6123374,-0.14543034,0.11684073,0.7977285,0.9901008,-0.17266585,0.43780604,0.80764014,-0.2742819,-0.6069688,-0.6808322,1.0786163,-0.16844262,0.07322944,0.6834428,-0.36848572,-0.13353635,-0.9938682,-0.3731399,-0.052174572,-0.36607245,0.40074506,-0.050019864,-0.71591085,0.4041926,1.161357,1.1889373,0.5916522,0.13416459,0.42125788,-0.45553592,-0.2623017,-0.031317,-0.27169624,-0.22205175,-0.7575398,-0.10474945,-0.9323297,-0.47518685,-0.02864516,-0.6353248,-0.065016635,-0.8290761,1.0543973,-0.17171778,0.12502861,-0.26781777,0.72791594,-0.57120067,0.8684891,0.22354187,0.43332425,0.12063301,0.37730184,-0.93500155,-0.19050683,0.40815726,-0.1678393,0.5018439,0.08193446,1.3823439,-0.90104336,-0.27600566,0.30567935,0.08926047,-0.3930494,0.028756263,0.12856233,0.7051622,-0.069670804,-0.70039696,0.97579354,0.6190601,0.5133932,-0.16447796,0.22121479,0.20518376,-0.99033445,-0.5427585,0.65422493,-1.1747775,0.9117556,-0.24127175,-0.14103474,0.020395994,0.2063042,0.4698681,0.20052959,-0.4151136,-0.20464171,-1.0736786,-0.15396298,-0.8882013,0.5657957,0.4026412,-0.18085374,-0.2106749,-0.08828748,-0.50423235,-0.44657233,-0.2822974,0.41117385,-0.8186473,-1.3286237,-0.026921393,-0.10664559,-0.41304508,0.1399392,-0.052433137,1.0512084,0.06219733,0.04944146,-1.0653183,-0.48914936,0.427722,-0.4100285,0.26361945,0.49443176,-0.49656156,-0.57723385,-0.12983026,0.36920014,-0.1774062,-0.995161,-0.76090115,0.75971943,0.02582586,-0.5789576,0.8360823,-0.35934976,-0.48604658,0.37488857,-0.5377596,-0.32478824,0.6750825,0.12123633,-0.6778156,-0.013562203,-0.43554023,-0.4777725,-0.23713471,1.0498294,-0.18274988,0.45849124,0.6428481,0.23224689,0.38083556,0.042546395,0.74032706,-0.111644514,-0.2637669,-0.17266585,0.31955567,-0.0043400535,-0.2610089,-0.12664129,0.056336526,0.75428957,-0.25557902,0.02892864,0.9745007,1.1197281,-0.27023104,-0.6223965,0.5732079,-0.05329502,0.4603012,-0.49095932,0.042632584,-0.42743853,0.67697865,-0.40425387,0.09572459,1.0988705,0.21535398,-0.7134976,-0.8049434,-0.10742129,0.41944793,0.7017147,0.20518376,0.012380481,-0.14594747,-0.46268955,-0.34538725,-0.27471283,0.7303292,1.1267093,-1.308197,0.785145,-0.1309507,0.026773931,-0.66049176,0.53683645,-0.5614614,0.690424,-0.59628147,-0.14103474,0.6957677,0.19199695,-0.4755316,-0.17645814,-0.38744715,-1.1733985,0.8802107,-0.39356652,-0.34030214,0.328864,-0.8315756,-1.0119678,0.5925141,0.48857096,-0.81907827,0.000572681,0.35782328,0.23250546,-0.08785654,-0.7002246,-0.15499724,0.13381983,0.121581085,-0.28022888,0.6381077,-0.252821,-1.191498,0.91977113,-0.07510067,-0.5981776,0.17579354,0.32472697,-0.35771218,-0.0067533264,-0.4151136,0.20690753,0.07159186,0.59880584,0.20871748,-0.35641935,-1.2342474,-0.07587636,0.7099888,-0.12327994,-0.02967942,0.21294071,0.7317082,0.29111353,-0.34702483,-0.5427585,0.9244253,0.026687743,-0.07199789,0.7991937,0.014879942,0.33963755,0.15441884,0.23965909,0.9445072,0.04995859,-0.7147042,0.08814002,0.43177286,-0.58619744,0.40289977,-0.6822112,0.23233308,-0.8211468,0.23285021,0.776009,-0.29014054,0.6262137,-0.07139457,-0.2379104,0.055733208,-0.29531184,0.09994782,-0.698587,-0.25592378,0.014793754,0.050303344,-0.34547344,-0.07104982,-0.39115325,-0.14784361,-0.26437023,-0.08940793,0.079090245,-1.0635084,0.30395558,-0.19257535,-0.3097053,0.39557377,0.20888986,-0.12931313,-0.054070715,-0.6948809,-0.46613708,-0.36150447,-0.15663482,0.8110015,0.45599177,-0.5888693,-0.34762815,0.015397072,-0.41907826,0.6395729,-0.28134933,0.5268386,-0.14663698,0.3621327,0.3767847,0.56200343,-0.6261026,1.1951429,0.6795643,0.2750825,-0.6725581,0.29602626,0.16157247,-0.12259043,-0.49535492,-0.6508387,-0.2786775,-0.8570011,0.02315402,-0.36012545,0.43246236,0.33351818,0.33877566,0.42953196,0.4859853,0.21199264,0.7541172,0.2366425,-0.13698389,-0.1959367,0.022550702,-0.18568029,0.07176424,-0.505439,0.07521177,0.20147766,-0.45182982,0.4801245,0.30878213,-0.91724676,0.44444254,0.7136087,-0.12621035,0.58320576,-0.545258,-0.3161694,0.42453304,0.55959016,-0.038125876,0.19147982,-0.6025732,-0.5991257,0.12132252,-0.76253873,-0.5999014,0.24888124,-0.9510326,0.013845682,0.31533244,0.10555006,-0.10250855,0.024102094,0.10184396,0.46443823,0.4587498,-0.909576,0.080641635,0.80384785,0.7111092,-0.42226723,-0.16723599,-0.24420215,0.09968925,0.21776725,-0.4585525,0.53968066,-0.92095286,-0.15249778,-0.42287055,-0.9367253,-0.027783277,0.57381123,-0.15284254,-0.78693,0.5945826,-0.14068998,0.792471,0.5836367,0.84961385,-0.7486624,-0.024680497,0.44513205,-0.26057795,-0.7964969,-0.39787593,0.064955354,-0.01942301,1.0175949,0.6344878,0.29240635,0.2846494,-0.34392205,-0.35883263,0.44883814,0.75808185,0.43711653,0.92718333,-0.3730537,0.2233695,0.68223614,0.17725874,-0.7540923,0.4601288,-0.3353894,-0.51819485,0.0786593,-0.4919074,0.52580434,0.43996075,-0.27902225,0.33644858,-0.39873782,-0.35271326,-0.15551437,0.28077093,0.06719625,0.25767243,0.3510144,-0.11698819,0.27327254,-0.4533812,0.19466878,-0.9856803,0.3038694,0.3392928,-0.90983456,0.34248176,0.02005124,-0.58447367,0.09537984,0.3672178,0.8291872,0.018413663,-0.16171993,-0.894924,0.16924323,-0.01218319,-0.36693433,-0.21317436,0.6012191,0.20466663,0.10442961,-0.123883255,0.7855759,0.6440547,0.6649123,-0.64868397,0.7553238,-0.65394145,-0.16827025,-0.5678393,-0.14965357,0.67697865,-0.7435773,-0.69979364,-0.69462234,-0.45329502,0.14459337,0.4315143,-1.2863914,-0.57714766,-0.26497355,-0.36219397,-0.18171562,-0.3758979,-1.3385353,-0.35564366,-0.8389016,-0.31341138,0.27327254,0.37497476,0.42315403,-0.0146826515,0.55295366,-0.045451883,-0.07458354,0.36040893,0.1628653,0.044959668,-0.27436808,-0.12534846,-1.0055037,-0.74771434,0.0343585,-0.075703986,-0.2771261,0.48788145,-0.7274601,-0.3568503,0.28266707,0.87469465,1.0588791,0.43918505,0.101154454,-0.9477574,0.015138507,0.72567505,0.062369708,0.33162203,0.67189354,0.41246668,-0.42502525,0.87305707,-0.605676,-0.10414613,0.5543327,0.42013744,0.6619819,-0.5474989,0.3377414,-0.21300198,0.5035677,-0.02347386,0.030307652,0.8301353,-0.09914721,-0.4378673,0.64905363,1.0919755,-0.19309248,-0.118711956,0.09098423,-0.12698604,-0.12241805,0.64810556,-0.17999186,0.68585604,0.39505664,0.12752807,1.046899,0.26723936,0.44970003,0.07357419,0.038667917,-0.09440685,-0.1456889,-0.48785654,0.53752595,0.1302861,0.4957246,1.2875367,-0.55585915,-0.16758074,0.08736432,-0.20352127,0.1317513,-0.75650555,1.2596979,-0.03441978,0.4837444,0.07900406,-1.0066241,-0.3789145,-0.03226507,0.7185214,0.387903,0.3738543,0.0860715,-0.2564409,-0.3427154,0.1258043,0.62095624,0.06857526,0.2004434,-0.5253485,0.6567244,-0.54922265,-0.054932598,-0.3450425,-0.19498862,-0.2704896,-0.43622974,0.08822621,0.71748716,0.28008142,-0.92905456,-0.021922471,0.22155954,-0.039160136,-0.2291192,-0.042866234,0.5044296,0.26275757,-0.15525581,0.018327475,-0.026835205,-0.40718427,0.8641797,-0.42649046,-0.5289684,0.16114153,0.23414303,0.6358668,-0.47906533,1.169114,-0.2062793,-0.68065983,0.15407409,0.17967202,0.40893295,0.30921307,0.867541,0.3525658,0.28077093,-0.55525583,0.6627576,-0.30470636,0.8264292,-0.42235342,-0.39261845,0.2358668,-0.89371735,-1.025327,1.2364271,-0.76176304,0.79505664,-0.2925538,1.437332,0.2928373,0.26499847,0.7067136,-0.856484,0.42815295,-0.3325452,0.3098164,0.5122728,0.64810556,-0.13310541,0.33239773,0.18829085,0.3635117,-0.19697095,-0.5192291,-0.13500156,0.5506266,-0.6696277,-0.61860424,0.47969356,0.69602627,1.1469636,-0.031317,-0.7644349,0.018413663,0.24819173,-0.81028706,0.7465326,0.038236976,-0.4114075,-0.44441763,-0.041314844,-0.2801427,0.18665327,0.63724583,-0.11448873,-0.21481194,-0.24963202,0.2550006,0.3260198,-0.5732692,-1.0096407,0.44375303,-0.6338596,0.32257226,0.8117772,0.29016545,-1.062388,-1.1430602,0.2285408,-0.29083005,-0.545258,0.61940485,0.21457829,0.13157892,-0.32323685,-0.79546267,-0.023387672,-0.7184103,-0.48458138,-0.83907396,0.554936,0.96381336,0.11916781,0.1045158,-0.29453614,0.022981644,-0.35357514,0.3133501,0.03401375,-0.4563116,0.027118685,0.16519238,-0.32263353,0.8117772,-0.09173501,-0.885788,-0.22842969,-0.4726874,-0.19559194,-0.64670163,0.010139585,-0.491735,-0.195161,-0.13724245,0.21113075,-0.2580785,0.6610338,-0.1700802,0.19863345,-0.42778328,-0.24730493,-0.6994489,-0.2779018,-0.5865422,-0.10862792,-0.26773158,-0.41847494,-0.51448876,0.41177717,0.014535189,0.11839212,-0.3154799,0.73446625,-0.8033058,0.27921954,0.6435376,0.35385862,-0.17766477,0.52839,-0.5863698,0.1680366,0.41574183,0.6891312,-0.15103258,0.20966555,0.89460415,-0.4520022,-0.5674946,-0.42278436,-0.40873566,-0.18214656,-0.12698604,0.3450674,0.68197757,1.0038909,-1.1577122,0.37592283,0.6294027,-0.36684814,-0.26626638,-0.2616122,0.5358884,0.24362375,1.093613,0.1599349,0.4565089,-0.032696012,0.37359574,-0.19257535,0.26344708,0.47383276,-0.47527304,0.9982025,-0.62075895,0.052371863,-0.19602288,-0.069670804,0.14907517,0.09581078,-0.4666542,0.1827748,0.112358935,-0.7102224,0.40669206,-0.03597117,-1.073851,-0.1943853,0.17294933,-0.6271369,-0.18343939,-0.09707869,1.0401763,0.022292137,0.3738543,0.84366685,0.20070197,-0.20455553,0.11347938,0.7955738,0.81496614,-0.680746,-0.4446762,-1.2911317,0.3044727,0.17157032,-0.3391817,0.034617066,-0.46493044,0.5410597,0.20259811,0.5902732,0.1295104,0.5673471,-0.25600997,0.4594393,0.21397497,-0.4874256,0.005054474,0.1916522,-0.07122219,0.27266923,0.20742466,-0.4888046,0.37376812,-0.24127175,-0.20515884,-0.39546266,-0.7207374,0.78083557,-0.18714549,0.23474635,0.4771941,-0.071653135,1.3473514,-0.6161048,-1.0663526,1.362693,-0.80528814,-0.41425171,-1.4517868,-0.79546267,-0.86725754,-0.16154756,-1.4638531,-1.6307137,0.73076016,1.0813743,0.9309756,-0.92845124,0.02263689,0.30188707,-1.0987594,-0.02045727,1.0602582,-0.4209744,-0.8534674,0.59803015,1.4990429,-0.65385526,1.7108938,1.2496139,0.574156,0.18243004,0.21759488,0.18872179,-0.974562,0.9614001,-0.49052837,-0.6727305,-0.50121576,0.09503508,-1.5790007,0.8264292,1.5346386,-0.6787637,-0.70117265,0.19734062,1.1551515,-0.38986042,-0.33823362,0.587429,0.16165866,-0.69229525,0.18708421,-0.22868825,-0.75417846,-0.024421932,-1.0282574,1.030437,0.86581725,0.7084374,0.31464294,-0.13655294,-1.2583802,-1.3313817,1.0636195,0.13192368,-1.7382767,0.9945826,-0.6461845,-0.4880289,-0.28436592,-1.2309723,-0.8137346,0.43935743,0.3835074,0.60242575,-0.8791515,0.49322513,-1.7776648,-1.040927,1.4500017,0.3923848,0.0771941,-0.6607503,-0.92681366,0.25775862,0.7864378,0.3547205,0.76704544,-0.2129158,1.762262,-0.23196341,0.40074506,0.5990644,1.566356,-0.87820345,-0.0054605016,0.26896313,1.0546559,-0.4653614,-0.52483135,-1.3552558,0.27603057,-1.489882,-0.77856976,1.6612493,-0.20886494,0.2986981,-1.0629051,-0.14413752,-1.213907,0.1753626,-1.1229783,0.47926262,0.12494243,-1.295355,0.6043219,0.030738594,-0.035626415,0.33937898,0.12028826,-0.29979363,0.34024087,-0.2173114,1.029058,-1.1126357,0.5306309,-1.1821897,-1.587361,
0,0,1,0,0,0,0,1,0,0,0,0,0,0,0,0,0,0,0,0,0,0,0,0,0,0,0,0,0,0,0,0,0,0,0,0,0,0,0,0,0,0,0,0,0,0,0,0,0,0,0,0,0,0,0,0,0,0,0,0,0,0,0,0,0,0,0,0,0,0,0,0,0,0,0,0,0,0,0,0,0,0,0,0,0,0,0,0,0,0,0,0,0,0,0,0,0,0,0,0,0,0,0,0,0,0,0,0,0,0,0,0,0,0,0,0,1,0,0,0,0,0,0,0,0,0,0,0,0,0,0,0,0,0,0,0,0,0,0,0,0,0,0,0,0,0,0,0,0,0,0,0,0,0,0,0,0,0,0,0,0,0,0,0,0,0,0,0,0,0,0,1,0,0,0,0,0,0,0,0,0,0,0,0,0,0,0,0,0,0,0,0,0,0,0,0,0,0,0,0,0,0,0,0,0,0,0,0,0,0,0,0,0,0,0,0,0,0,0,0,0,0,0,0,1,0,0,0,0,0,0,0,0,0,0,0,0,0,0,0,0,0,0,0,0,0,0,0,0,0,0,0,0,0,0,0,0,0,0,0,0,0,0,0,0,0,0,1,0,0,0,0,0,0,0,0,0,0,0,0,0,0,0,0,0,0,0,0,0,0,0,0,0,0,0,0,0,0,0,0,0,0,0,0,0,0,0,0,0,0,0,0,0,0,0,0,0,0,0,0,0,0,0,0,0,0,0,0,0,0,0,0,0,0,0,0,0,0,0,0,0,0,0,0,0,0,0,0,0,0,0,0,0,0,0,0,0,0,0,0,0,0,0,0,0,0,0,0,0,0,0,0,0,0,0,0,0,0,0,0,0,0,0,0,0,0,0,0,0,0,0,0,0,0,0,0,0,0,0,0,0,0,0,0,0,0,0,0,0,0,0,0,0,0,0,0,0,0,0,0,0,0,0,0,0,0,0,0,0,0,0,0,0,0,0,0,0,0,0,0,0,0,0,0,0,0,0,0,0,0,0,0,0,0,0,0,0,0,0,0,0,0,0,0,0,0,0,0,0,0,0,0,0,0,0,0,0,0,0,0,0,0,0,0,0,0,0,0,0,0,0,0,0,0,0,0,0,0,0,0,0,0,0,0,0,0,0,0,0,0,0,0,0,0,0,0,0,0,0,0,0,0,0,0,0,0,0,0,0,0,0,0,0,0,0,0,0,0,0,0,0,0,0,0,0,0,0,0,0,0,0,0,0,0,0,0,0,0,0,0,0,0,0,0,0,0,0,0,0,0,0,0,0,0,0,0,0,0,0,0,0,0,0,0,0,0,0,0,0,0,0,0,0,0,0,0,0,0,0,0,0,0,0,0,0,0,0,0,0,0,0,0,0,0,0,0,0,0,0,0,0,0,0,0,0,0,0,0,0,0,0,0,0,0,0,0,0,0,0,0,0,0,0,0,0,0,0,0,0,0,0,0,0,0,0,0,0,0,0,0,0,0,0,0,0,0,0,0,0,0,0,0,0,0,0,0,0,0,0,0,0,0,0,0,0,0,0,0,0,0,0,0,0,0,0,0,0,0,0,0,0,0,0,0,0,0,0,0,0,0,0,0,0,0,0,0,0,0,0,0,0,0,0,0,0,0,0,0,0,0,0,0,0,0,0,0,0,0,0,0,0,0,0,0,0,0,0,0,0,0,0,0,0,0,0,0,0,0,0,0,0,0,0,0,0,0,0,0,0,0,0,0,0,0,0,0,0,0,0,0,0,0,0,0,0,0,0,0,0,0,0,0,0,0,0,0,0,0,0,0,0,0,0,0,0,0,0,0,0,0,0,0,0,0,0,0,0,0,0,0,0,0,0,0,0,0,0,0,0,0,0,0,0,0,0,0,0,0,0,0,0,0,0,0,0,0,0,0,0,0,0,0,0,0,0,0,0,0,0,0,0,0,0,0,0,0,0,0,0,0,0,0,0,0,0,0,0,0,0,0,0,0,0,0,0,0,0,0,0,0,0,0,0,0,0,0,0,0,0,0,0,0,0,0,0,0,0,0,0,0,0,0,0,0,0,0,0,0,0,0,0,0,0,0,0,0,0,0,0,0,0,0,0,0,0,0,0,0,0,0,0,0,0,0,0,0,0,0,0,0,0,0,0,0,0,0,0,0,0,0,0,0,0,0,0,0,0,0,0,0,0,0,0,0,0,0,0,0,0,0,0,0,0,0,0,0,0,0,0,0,0,0,0,0,0,0,0,0,0,0,0,0,0,0,0,0,0,0,0,0,0,0,0,0,0,0,0,0,0,0,0,0,0,0,0,0,0,0,0,0,0,0,0,0,0,0,0,0,0,0,0,0,0,0,0,0,0,0,0,0,0,0,0,0,0,0,0,0,0,0,0,0,0,0,0,0,0,0,0,0,0,0,0,0,0,0,0,0,0,0,0,0,0,0,0,0,0,0,0,0,0,0,0,0,0,0,0,0,0,0,0,0,0,0,0,0,0,0,0,0,0,0,0,0,0,0,0,0,0,0,0,0,0,0,0,0,0,0,0,0,0,0,0,0,0,0,0,0,0,0,0,0,0,0,0,0,0,0,0,0,0,0,0,0,0,0,0,0,0,0,0,0,0,0,0,0,0,0,0,0,0,0,0,0,0,0,0,0,0,0,0,0,0,0,0,0,0,0,0,0,0,0,0,0,0,0,0,0,0,0,0,0,0,0,0,0,0,0,0,0,0,0,0,0,0,0,0,0,0,0,0,0,0,0,0,0,0,0,0,0,0,0,0,0,0,0,0,0,0,0,0,0,0,0,0,0,0,0,0,0,0,0,0,0,0,0,0,0,0,0,0,0,0,0,0,0,0,0,0,0,0,0,0,0,0,0,0,0,0,0,0,0,0,0,0,0,0,0,0,0,0,0,0,0,0,0,0,0,0,0,0,0,0,0,0,0,0,0,0,0,0,0,0,0,0,0,0,0,0,0,0,0,0,0,0,0,0,0,0,0,0,0,0,0,0,0,0,0,0,0,0,0,0,0,0,0,0,0,0,0,0,0,0,0,0,0,0,0,0,0,0,0,0,0,0,0,0,0,0,0,0,0,0,0,0,0,0,0,0,0,0,0,0,0,0,0,0,0,0,0,0,0,0,0,0,0,0,0,0,0,0,0,0,0,0,0,0,0,0,0,0,0,0,0,0,0,0,0,0,0,0,0,0,0,0,0,0,0,0,0,0,0,0,0,0,0,0,0,0,0,0,0,0,0,0,0,0,0,0,0,0,0,0,0,0,0,0,0,0,0,0,0,0,0,0,0,0,0,0,0,0,0,0,0,0,0,0,0,0,0,0,0,0,0,0,0,0,0,0,0,0,0,0,0,0,0,0,0,0,0,0,0,0,0,0,0,0,0,0,0,0,0,0,0,0,0,0,0,0,0,0,0,0,0,0,0,0,0,0,0,0,0,0,0,0,0,0,0,0,0,0,0,0,0,0,0,0,0,0,0,0,0,0,0,0,0,0,0,0,0,0,0,0,0,0,0,0,0,0,0,0,0,0,0,0,0,0,0,0,0,0,0,0,0,0,0,0,0,0,0,0,0,0,0,0,0,0,0,0,0,0,0,0,0,0,0,0,0,0,0,0,0,0,0,0,0,0,0,0,0,0,0,0,0,0,0,0,0,0,0,0,0,0,0,0,0,0,0,0,0,0,0,0,0,0,0,0,0,0,0,0,0,0,0,0,0,0,0,0,0,0,0,0,0,0,0,0,0,0,0,0,0,0,0,0,0,0,0,0,0,0,0,0,0,0,0,0,0,0,0,0,0,0,0,0,0,0,0,0,0,0,0,0,0,0,0,0,0,0,0,0,0,0,0,0,0,0,0,0,0,0,0,0,0,0,0,0,0,0,0,0,0,0,0,0,0,0,0,0,0,0,0,0,0,0,0,0,0,0,0,0,0,0,0,0,0,0,0,0,0,0,0,0,0,0,0,0,0,0,0,0,0,0,0,0,0,0,0,0,0,0,0,0,0,0,0,0,0,0,0,0,0,0,0,0,0,0,0,0,0,0,0,0,0,0,0,0,0,0,0,0,0,0,0,0,0,0,0,0,0,0,0,0,0,0,0,0,0,0,0,0,0,0,0,0,0,0,0,0,0,0,0,0,0,0,0,0,0,0,0,0,0,0,0,0,0,0,0,0,0,0,0,0,0,0,0,0,0,0,0,0,0,0,0,0,0,0,0,0,0,0,0,0,0,0,0,0,0,0,0,0,0,0,0,0,0,0,0,0,0,0,0,0,0,0,0,0,0,0,0,0,0,0,0,0,0,0,0,0,0,0,0,0,0,0,0,0,0,0,0,0,0,0,0,0,0,0,0,0,0,0,0,0,0,0,0,0,0,0,0,0,0,0,0,0,0,0,0,0,0,0,0,0,0,0,0,0,0,0,0,0,0,0,0,0,0,0,0,0,0,0,0,0,0,0,0,0,0,0,0,0,0,0,0,0,0,0,0,0,0,0,0,0,0,0,0,0,0,0,0,0,0,0,0,0,0,0,0,0,0,0,0,0,0,0,0,0,0,0,0,0,0,0,0,0,0,0,0,0,0,0,0,0,0,0,0,0,0,0,0,0,0,0,0,0,0,0,0,0,0,0,0,0,0,0,0,0,0,0,0,0,0,0,0,0,0,0,0,0,0,0,0,0,0,0,0,0,0,0,0,0,0,0,0,0,0,0,0,0,0,0,0,0,0,0,0,0,0,0,0,0,0,0,0,0,0,0,0,0,0,0,0,0,0,0,0,0,0,0,0,0,0,0,0,0,0,0,0,0,0,0,0,0,0,0,0,0,0,0,0,0,0,0,0,0,0,0,0,0,0,0,0,0,0,0,0,0,0,0,0,0,0,0,0,0,0,0,0,0,0,0,0,0,0,0,0,0,0,0,0,0,0,0,0,0,0,0,0,0,0,0,0,0,0,0,0,0,0,0,0,0,0,0,0,0,0,0,0,0,0,0,0,0,0,0,0,0,0,0,0,0,0,0,0,0,0,0,0,0,0,0,0,0,0,0,0,0,0,0,0,0,0,0,0,0,0,0,0,0,0,0,0,0,0,0,0,0,0,0,0,0,0,0,0,0,0,0,0,0,0,0,0,0,0,0,0,0,0,0,0,0,0,0,0,0,0,0,0,0,0,0,0,0,0,0,0,0,0,0,0,0,0,0,0,0,0,0,0,0,0,0,0,0,0,0,0,0,0,0,0,0,0,0,0,0,0,0,0,0,0,0,0,0,0,0,0,0,0,0,0,0,0,0,0,0,0,0,0,0,0,0,0,0,0,0,0,0,0,0,0,0,0,0,0,0,0,0,0,0,0,0,0,0,0,0,0,0,0,0,0,0,0,0,0,0,0,0,0,0,0,0,0,0,0,0,0,0,0,0,0,0,0,0,0,0,0,0,0,0,0,0,0,0,0,0,0,0,0,0,0,0,0,0,0,0,0,0,0,0,0,0,0,0,0,0,0,0,0,0,0,0,0,0,0,0,0,0,0,0,0,0,0,0,0,0,0,0,0,0,0,0,0,0,0,0,0,0,0,0,0,0,0,0,0,0,0,0,0,0,0,0,0,0,0,0,0,0,0,0,0,0,0,0,0,0,0,0,0,0,0,0,0,0,0,0,0,0,0,0,0,0,0,0,0,0,0,0,0,0,0,0,0,0,0,0,0,0,0,0,0,0,0,0,0,0,0,0,0,0,0,0,0,0,0,0,0,0,0,0,0,0,0,0,0,0,0,0,0,0,0,0,0,0,0,0,0,0,0,0,0,0,0,0,0,0,0,0,0,0,0,0,0,0,0,0,0,0,0,0,0,0,0,0,0,0,0,0,0,0,0,0,0,0,0,0,0,0,0,0,0,0,0,0,0,0,0,0,0,0,0,0,0,0,0,0,0,0,0,0,0,0,0,0,0,0,0,0,0,0,0,0,0,0,0,0,0,0,0,0,0,0,0,0,0,0,0,0,0,0,0,0,0,0,0,0,0,0,0,0,0,0,0,0,0,0,0,0,0,0,0,0,0,0,0,0,0,0,0,0,0,0,0,0,0,0,0,0,0,0,0,0,0,0,0,0,0,0,0,0,0,0,0,0,0,0,0,0,0,0,0,0,0,0,0,0,0,0,0,0,0,0,0,1,0,0,0,0,0,0,0,0,0,0,0,0,0,0,0,0,0,0,0,0,0,0,0,0,0,0,0,0,0,0,0,0,0,0,0,0,0,0,0,0,0,0,0,0,0,0,0,0,0,0,0,0,0,0,0,0,0,0,0,0,0,0,0,0,0,0,0,0,0,0,0,0,0,0,0,0,0,0,0,0,0,0,0,0,0,0,0,0,0,0,0,0,0,0,0,0,0,0,0,0,0,0,0,0,0,0,0,0,0,0,0,0,0,0,0,0,0,0,0,0,0,0,0,0,0,0,0,0,0,0,0,0,0,0,0,0,0,0,0,0,0,0,0,0,0,0,0,0,0,0,0,0,0,0,0,0,0,0,0,0,0,0,0,0,0,0,0,0,0,0,0,0,0,0,0,0,0,0,0,0,0,0,0,0,0,0,0,0,0,0,0,0,0,0,0,0,0,0,0,0,0,0,0,0,0,0,0,0,0,0,0,0,0,0,0,0,0,0,0,0,0,0,0,0,0,0,0,0,0,0,0,0,0,0,0,0,0,0,0,0,0,0,0,0,0,0,0,0,0,0,0,0,0,0,0,0,0,0,0,0,0,0,0,0,0,0,0,0,0,0,0,0,0,0,0,0,0,0,0,0,0,0,0,0,0,0,0,0,0,0,0,0,0,0,0,0,0,0,0,0,0,0,0,0,0,0,0,0,0,0,0,0,0,0,0,0,0,0,0,0,0,0,0,0,0,0,0,0,0,0,0,0,0,0,0,0,0,0,0,0,0,0,0,0,0,0,0,0,0,0,0,0,0,0,0,0,0,0,0,0,0,0,0,0,0,0,0,0,0,0,0,0,0,0,0,0,0,0,0,0,0,0,0,0,0,0,0,0,0,0,0,0,0,0,0,0,0,0,0,0,0,0,0,0,0,0,0,0,0,0,0,0,0,0,0,0,0,0,0,0,0,0,0,0,0,0,0,0,0,0,0,0,0,0,0,0,0,0,0,0,0,0,0,0,0,0,0,0,0,0,0,0,0,0,0,0,0,0,0,0,0,0,0,0,0,0,0,0,0,0,0,0,0,0,0,0,0,0,0,0,0,0,0,0,0,0,0,0,0,0,0,0,0,0,0,0,0,0,0,0,0,0,0,0,0,0,0,0,0,0,0,0,0,0,0,0,0,0,0,0,0,0,0,0,0,0,0,0,0,0,0,0,0,0,0,0,0,0,0,0,0,0,0,0,0,0,0,0,0,0,0,0,0,0,0,0,0,0,0,0,0,0,0,0,0,0,0,0,0,0,0,0,0,0,0,0,0,0,0,0,0,0,0,0,0,0,0,0,0,0,0,0,0,0,0,0,0,0,0,0,0,0,0,0,0,0,0,0,0,0,0,0,0,0,0,0,0,0,0,0,0,0,0,0,0,0,0,0,0,0,0,0,0,0,0,0,0,0,0,0,0,0,0,0,0,0,0,0,0,0,0,0,0,0,0,0,0,0,0,0,0,0,0,0,0,0,0,0,0,0,0,0,0,0,0,0,0,0,0,0,0,0,0,0,0,0,0,0,0,0,0,0,0,0,0,0,0,0,0,0,0,0,0,0,0,0,0,0,0,0,0,0,0,0,0,0,0,0,0,0,0,0,0,0,0,0,0,0,0,0,0,0,0,0,0,0,0,0,0,0,0,0,0,0,0,0,0,0,0,0,0,0,0,0,0,0,0,0,0,0,0,0,0,0,0,0,0,0,0,0,0,0,0,0,0,0,0,0,0,0,0,0,0,0,0,0,0,0,0,0,0,0,0,0,0,0,0,0,0,0,0,0,0,0,0,0,0,0,0,0,0,0,0,0,0,0,0,0,0,0,0,0,0,0,0,0,0,0,0,0,0,0,0,0,0,0,0,0,0,0,0,0,0,0,0,0,0,0,0,0,0,0,0,0,0,0,0,0,0,0,0,0,0,0,0,0,0,0,0,0,0,0,0,0,0,0,0,0,0,0,0,0,0,0,0,0,0,0,0,0,0,0,0,0,0,0,0,0,0,0,0,0,0,0,0,0,0,0,0,0,0,0,0,0,0,0,0,0,0,0,0,0,0,0,0,0,0,0,0,0,0,0,0,0,0,0,0,0,0,0,0,0,0,0,0,0,0,0,0,0,0,0,0,0,0,0,0,0,0,0,0,0,0,0,0,0,0,0,0,0,0,0,0,0,0,0,0,0,0,0,0,0,0,0,0,0,0,0,0,0,0,0,0,0,0,0,0,0,0,0,0,0,0,0,0,0,0,0,0,0,0,0,0,0,0,0,0,0,0,0,0,0,0,0,0,0,0,0,0,0,0,0,0,0,0,0,0,0,0,0,0,0,0,0,0,0,0,0,0,0,0,0,0,0,0,0,0,0,0,0,0,0,0,0,0,0,0,0,0,0,0,0,0,0,0,0,0,0,0,0,0,0,0,0,0,0,0,0,0,0,0,0,0,0,0,0,0,0,0,0,0,0,0,0,0,0,0,0,0,0,0,0,0,0,0,0,0,0,0,-0.5750724,1.0207932,-0.53664714,0.39127502,-0.3077978,0.71545804,-0.230096,0.35357934,0.060160883,0.5829151,0.1815167,0.30117014,-0.7056698,-1.1176473,-0.72463924,1.0603129,-0.05000784,0.32780033,0.63739145,-0.13707274,-0.38318917,-0.10351141,-0.5596294,0.31430286,0.029517926,-0.06265414,0.07317198,0.25180095,1.3246691,-0.625536,-0.15956856,0.49110782,-1.125916,-0.8425903,-0.03079519,-0.5402951,0.13883545,-0.42295206,-0.20310101,-1.1904851,0.46703124,-0.5502662,-0.6446271,-0.7798452,-1.1101081,-0.24602547,-0.5880835,-0.38902593,0.081075914,0.7580177,0.3353395,1.5692048,-0.6196993,-0.11919768,-0.13877513,0.6354459,-0.4549326,0.5584737,-1.0168417,0.5691744,-0.3661653,-0.3407511,-0.53883594,-0.4686733,-0.0016114246,1.1712112,-0.31059456,-0.29867786,0.18808305,-0.8151089,-0.88271797,-0.6421951,0.3584433,0.4189996,-0.012068941,0.32889473,0.0700104,-0.20687059,0.108070895,0.15038736,-0.13464075,0.11257006,-0.058641367,0.4191212,0.0827783,0.39054543,1.1353395,-0.6420735,-0.01340653,0.90089655,-0.3892691,-1.3263112,0.005806116,0.4172972,-0.16345973,-0.11591451,0.0949382,0.069524005,0.77212316,0.42690355,0.35430893,0.32305798,-0.59550107,0.12558116,0.21094367,-0.045508675,0.17409918,-0.6443839,-0.21270734,0.05383773,0.10223415,0.41377085,0.09664059,0.6304603,-0.08891953,0.569904,0.26882482,0.9804223,-1.0905308,-0.018878486,-0.3422103,-0.4568782,-0.03614555,0.19501421,0.15403533,0.5945886,-0.25769898,-0.18352357,0.74366903,-0.77060366,0.23684427,-0.24383669,-0.2788572,-0.6611645,-0.83663195,0.7079189,-0.16820209,-0.66420454,-0.6351424,0.5564065,0.3836143,0.23769546,-0.82264805,0.2849975,-0.021188868,0.3836143,0.30068377,-0.04976464,0.045812197,0.040948234,0.38458708,-0.44642067,-0.2420127,-0.084177166,-0.93378955,0.10259894,0.21252446,-0.07590843,0.19756778,-0.11591451,0.098099776,-0.120413676,0.2203068,0.24049224,-0.090135515,0.6804375,-0.102538615,-0.34889823,-0.047819056,0.10478772,0.09043904,0.30421013,-0.052439816,-0.5775044,0.48648706,0.14649619,-0.36093655,0.083386295,0.15975049,-0.28870672,0.21264607,0.06453845,-0.007934574,-0.85900617,-0.53190476,-0.23520316,0.19768938,-0.13160078,0.31624845,-0.18498276,0.17434236,0.6570905,0.1837055,0.71071565,0.2314939,0.15902089,0.7808783,-0.16905329,0.2328315,0.13725467,-0.055722993,0.064173646,0.5112933,-0.2433503,0.7210516,-0.09767465,-0.61945605,-0.2562398,-0.8523182,0.3713328,0.30457494,-0.33430636,-0.32238966,1.191275,-0.8006386,0.23964104,0.3956526,-0.44727185,0.1079493,0.4708008,-0.5464967,-0.5036938,-0.40945455,-0.14740866,0.5217508,-0.3142425,0.20595811,-0.35643739,0.2452346,-0.124912836,-0.029336004,0.7835535,-0.04502228,-0.24468789,0.04034024,0.5157924,-0.13318157,-0.41140014,-0.10582179,-0.02726882,-0.7921267,0.78039193,-0.33856234,-0.2911387,0.12618916,0.50387573,0.15427853,-0.28663954,-0.071774065,0.3693872,-0.050372634,-0.091837905,-0.8534126,0.49341822,-0.30013704,0.11865001,0.25982648,0.36732003,0.38726225,-0.30208263,-0.18899553,0.026477952,-0.050615832,0.15561612,0.62997395,0.74974895,-0.089405924,-0.34865505,-0.07055807,-0.4276944,0.31904522,0.2590969,0.17482877,-0.11141535,-0.08514996,0.7452498,0.22140118,0.74354744,-0.31120256,-0.3036634,-0.90983456,0.24876097,-0.11007775,0.0827783,-0.43815193,-0.29940745,0.22346838,-0.5703301,0.5725792,-0.10351141,-0.039185524,-0.5702085,0.74123704,0.36683363,0.123757176,0.0133452555,0.097491786,0.9441858,-0.63830394,1.1112629,-0.05706058,0.2685816,0.2070525,-0.022404859,-0.37297484,-0.61228174,-0.46526852,0.52722275,-0.2674269,0.47858313,-0.031889584,-0.6048642,0.70098776,-0.16297333,0.35284975,-0.6044994,-0.781426,-0.07517884,-0.11846809,-0.6785532,-0.64523506,-0.8954859,-0.65812457,0.6827479,0.057364102,0.6303387,0.1699648,0.09226303,0.63824266,-0.34683105,0.12387877,-0.5085578,-0.29734024,0.44368422,-0.041617505,-0.39449787,0.70208216,0.5942238,0.55129933,-0.43717915,-0.25088942,-0.12442644,-0.30913538,-0.7141817,0.4208236,-0.08466356,-0.004286603,0.06745683,0.39176142,0.27514797,-0.13707274,0.49913338,0.2796471,-0.0010034295,0.445873,0.013831652,0.034503486,-0.21088335,0.15999368,-0.33795434,0.37595356,0.23891145,0.38580307,-0.37163725,0.6292443,-0.08344757,0.5065509,0.23380429,0.026113154,-0.011704144,-0.19860184,-0.23812154,-0.12369685,0.57780796,0.5267363,-0.08818993,-0.0013682266,0.03401709,0.43954983,0.47469196,-0.0064753857,-0.20224983,-0.013771327,-0.2415263,-0.2535646,0.023802772,0.7582609,0.25277373,0.026477952,0.008602894,-0.28967953,0.13822746,0.12910753,-0.44532627,-0.1919139,0.07779274,0.047514584,0.47554317,-0.040036716,-0.75175583,-0.4663629,-0.21781449,-0.018513689,-0.41273773,-0.7450679,-0.008299371,0.15306254,-0.2535646,0.0069005075,0.31174928,-0.24918704,-0.35826138,-0.1921571,0.23842506,-0.0005170334,0.03657067,-0.57786924,0.38665426,-0.33114478,0.047271386,0.038881052,-0.3077978,0.04885217,0.23635787,0.7202004,0.3340019,-0.1298984,-0.3688405,0.11828522,0.055904914,0.37510237,0.6555097,-0.5156105,-0.40629297,-0.13755913,-0.57081646,-0.42404646,-0.05584459,0.14856337,-0.2544158,-0.14935425,-0.9959267,0.67958635,-0.48362997,-0.020580873,-0.40057784,-0.004408202,-0.9160361,0.37656155,0.38750547,0.27697194,-0.31205374,0.38653266,-0.27375004,0.42422837,-0.24955185,-0.38586435,0.83815145,0.15136015,-0.11469852,0.9323907,0.75534254,-0.093297094,-0.41869608,-0.026539225,-0.41346732,-0.053047813,0.2447482,-0.23337917,0.28840226,-0.7907891,0.3081013,-0.021918463,-0.28201878,-0.22632642,-0.061438147,-0.033835165,-0.16540532,0.36476645,-0.004165004,-0.48496756,-0.03310557,-0.28469396,0.21896921,0.36513123,-0.27849242,0.3935854,-0.22790721,0.43675306,-0.045508675,-0.06922048,-0.20054743,-0.026660824,-0.5845572,0.08448069,0.20462053,0.39297742,-0.06362693,-0.07335485,0.29971096,-0.04575187,0.042042628,0.14151064,0.11159727,-0.40787378,0.2986166,0.28171432,-0.19665626,0.17373437,0.32731393,0.17750394,0.60188454,0.011278072,-0.26438692,0.1322691,0.105030924,-0.5641285,0.1969598,-0.09512108,-0.23143359,-0.15896057,-0.0423471,0.33947384,-0.34707427,0.085696675,-0.6762428,0.19829738,-0.1426663,-0.32238966,0.445265,-0.00039543433,0.7311443,0.12156839,-0.96321654,0.10065336,0.34093302,0.26590642,0.6686424,-0.05085903,-0.23617595,0.17495036,-0.25064623,0.3590513,0.06380885,-0.0056241923,0.058580093,-0.040279914,0.084237486,0.45316893,0.052013747,0.41571644,0.194771,0.5813343,-0.19860184,0.41255486,0.17908473,-0.43438235,-0.015716912,0.1343363,0.19136623,-0.43754393,-0.011339347,0.12740514,0.13688986,0.12448677,-0.14874625,-0.03347037,-0.31095934,0.79328144,-0.62492806,-0.91968405,0.17592315,-0.6589758,0.10539572,-0.01972968,-0.32652402,-0.18826593,0.03875945,-0.051467028,0.25994807,0.0578505,-0.02228326,0.23514189,-0.18425316,-0.009393763,0.23781706,0.46046486,-0.1044842,0.20255335,0.267852,0.24195142,-0.118832886,0.3558897,0.42836273,0.064903244,-0.09816105,0.6694936,-0.024228843,-0.62286085,0.27295917,0.4924454,-0.06301893,-0.3917011,-0.4920203,0.35029617,-0.06253254,-0.050494235,-0.4438671,0.23769546,0.051040955,0.11536684,0.16923521,-0.58480036,0.41194686,0.18832625,0.57792956,-0.1172521,-0.26122534,-0.08746034,-0.56048054,-0.20784338,0.13470109,-0.30050182,-0.24955185,-0.41115695,0.5812127,-0.16066295,-0.2913819,0.3063989,-0.081623584,-0.33771113,0.56041926,0.53695065,-0.2801948,0.34847218,0.24924737,-0.009758559,-0.032862376,0.5396258,0.13445789,-0.53895754,0.14929296,-0.3650709,0.038029857,-0.52825683,0.48758146,0.61246365,0.1824895,0.8543241,-0.22462404,0.3571057,-0.015230516,0.18759666,-0.3812436,0.6639001,-0.25721258,0.08472388,-0.45845896,0.08897985,0.26554164,-0.3687189,-0.06119495,-0.43158558,0.7005014,0.040826637,-0.22656962,-0.24517427,0.061863266,-0.4161425,0.19197422,0.014318048,0.023681173,0.030004323,-0.6657853,-0.046846263,-0.27715483,0.1575617,0.2083901,0.41462204,0.5056997,0.073415175,0.04155623,-0.0062321876,-0.07104447,-0.4016722,-0.6282112,0.11779882,0.47639436,-0.40130743,-0.5704517,0.4317675,-0.01474412,0.014926043,-0.0005170334,-0.010001757,-0.030551992,-0.6041346,-0.4045906,0.31430286,-0.33381996,0.39881417,-0.21368013,1.0980086,0.36355045,-0.2179361,0.016385231,-0.17343085,-0.039063927,0.4984038,0.15464333,0.043258615,0.3814255,-0.077854015,0.051162552,-0.3413591,0.23733066,0.12582436,0.5300195,0.38628948,0.15367053,-0.15652859,-0.2551454,-0.55987257,0.29241502,-0.36008537,-0.017540896,-0.16528371,-0.18790114,-0.124304846,0.040826637,-0.32822642,-0.33758953,0.3440946,-0.122602455,-0.12807441,0.33971703,-0.30232581,-0.16005495,-0.1435175,0.2071741,-0.22425924,0.12412197,-0.12722322,-0.022769656,0.5229668,-0.27107486,0.14600979,0.52515554,-0.43669274,0.5061861,-0.15908216,-0.027633617,0.32548997,0.045933794,-0.08587955,-0.2551454,-0.15288061,0.12521636,0.13616027,-0.20249301,-0.9658917,-0.04818385,0.13457948,0.09846458,-0.76209176,-0.8399151,0.23052111,-0.10934816,-0.05827657,-0.46587652,-0.10363301,-0.46320134,-0.44751507,0.16145287,-0.24322869,-0.077854015,-0.60012186,-0.24651186,-0.15312381,-0.08259638,-0.33831912,0.37972313,-0.18522595,-0.38355398,-0.053655807,-0.25247023,0.08375109,0.38920784,-0.13087119,-0.14594947,0.0069005075,0.37923673,-0.4567566,-0.007691376,0.42751154,0.05274334,-0.07834041,-0.15093502,0.25265214,-0.16820209,0.19963497,0.23915465,0.09651899,0.23623627,-0.2659677,0.5835231,0.2597049,-0.3532758,-0.18692835,-0.43851674,-0.46514693,-0.3165529,0.5194404,-0.1543398,-0.19325149,-0.021918463,-0.30816257,0.17409918,0.51409006,-0.5405383,-0.3794196,0.12764834,0.32792193,0.1828543,-0.070193276,-0.70056266,-0.15604219,-0.5143945,0.26821682,-0.047575857,0.12983713,0.101261355,-0.21963848,-0.66067815,-0.44958225,0.28633508,-0.16418932,-0.47584763,0.121325195,-0.42295206,-0.20942417,-0.27788442,0.40343493,-0.11506332,-0.034443162,-0.15993336,-0.25842857,0.38811347,-0.28481555,-0.430248,0.22273879,0.4103661,0.5752544,0.15354894,0.14138903,-0.13378957,-0.06824769,0.29034784,0.037178665,0.25642172,-0.3546134,-0.31582332,-0.23641914,0.0828999,0.45000735,-0.20650579,0.38738388,-0.5918531,-0.31521532,-0.20954576,0.10490932,0.32305798,0.35297135,-0.22462404,0.5136036,0.16801922,-0.20188503,0.081197515,-0.20881617,0.10089655,0.20243174,-0.25234863,-0.5417543,0.04034024,0.09445181,0.13737626,0.014561246,0.50120056,0.18090871,0.06283606,0.046055395,0.2732024,0.34980977,-0.20869456,-0.0058673904,0.17543676,-0.53786314,0.11305646,0.7937678,0.17203198,-0.082474776,0.27308077,0.5093477,0.16157447,0.50338936,0.17434236,-0.14546308,-0.40981936,-0.2410399,0.37838554,-0.00027383532,0.12983713,-0.024836838,-0.15628539,0.03535468,0.0017933481,-0.5294728,-0.090135515,-0.059127763,0.022100385,0.6176924,0.06611923,0.22918352,-0.031281587,-0.13391116,0.0025229424,0.6860311,0.030733917,0.56637764,-0.3136345,-0.15178622,-0.37382606,0.41547325,-0.1416935,0.24170823,-0.27229086,-0.5005322,-0.45699978,0.29350942,-0.2911387,-0.3136345,-0.009150565,0.21337566,0.4842983,-0.17878121,-0.33685994,-0.18777953,-0.57069486,0.32877314,-0.2677917,-0.24894385,0.03936745,-0.3656789,0.60091174,-0.10229542,0.48016393,0.24438341,0.17750394,0.13567388,0.08484548,-0.34816864,0.22322518,0.100410156,0.18516468,0.0951814,0.24328902,-0.15993336,-0.53166157,-0.06581571,0.24681538,0.40003017,-0.14971904,0.12497316,0.4735976,0.02538356,-0.18863073,0.111354075,-0.27460125,-0.6800124,-0.30098823,-0.20322262,0.37461597,0.25435454,0.33558267,0.65344256,-0.03432156,-0.19616987,0.09007424,-0.40957615,-0.41334572,-0.55999416,0.39699018,0.033895493,0.049338568,0.2813495,-0.18169959,0.47809672,0.194771,-0.061681345,0.11792042,-0.24553907,-0.06532931,-0.090257116,-0.4927499,-0.004165004,-0.37224525,-0.11968408,-0.14971904,0.30433172,0.46095127,-0.4520142,-0.1667429,0.111354075,-0.21064015,-0.24322869,0.14649619,-0.1689317,-0.010366554,0.51433325,-0.056817383,0.20462053,-0.063991725,0.23903304,0.23380429,1.3184676,-0.15057023,-1.256027,0.32548997,0.25471932,1.1854383,-0.54856384,-0.6232256,1.0025533,0.219334,1.3420578,0.15342733,-0.06982848,0.4935398,0.12910753,-0.6288192,0.8177228,1.4555097,-0.84648144,-0.6010946,1.0159292,0.34749937,-0.6353856,-1.0882204,-0.4034962,0.44246823,1.0785527,-0.045387074,0.22662994,-0.87907,0.10393653,0.67837036,0.04046184,0.1445506,0.35272813,0.73771065,0.34154102,0.346405,0.77078557,-0.49943784,-0.98936033,0.1072197,1.1686577,0.15245454,0.74038583,-0.3806356,-0.060708553,0.3099253,0.7358867,0.061620068,0.65246975,0.67533034,0.41085246,0.31649163,0.92424357,-0.5934339,-0.8340784,0.2324667,-0.7798452,0.12764834,-0.3927955,0.4065965,-0.76124054,0.34020343,0.22796755,0.94114584,0.5313571,-0.34537187,0.76738083,0.591427,-0.59331226,0.0034957344,-0.8063538,-0.104241006,0.32877314,0.5127525,-1.1426967,-0.031889584,0.77747357,-0.4064146,-0.5581702,0.25630012,-0.021188868,-0.70056266,0.41012287,0.73904824,-0.5550086,-0.48496756,0.82769394,-0.21988168,-0.2179361,-0.031281587,-0.20857297,0.6743576,-1.0162337,0.36610404,0.0020365461,-0.21027535,-0.7675637,-0.05085903,-0.1410855,-0.06095175,-0.23191999,0.25240895,-0.56595254,-0.9412071,-0.45931017,0.9748288,0.18808305,-0.01972968,-0.62395525,0.6403098,-0.65240943,-0.45651338,-0.0062321876,0.48648706,0.4569385,0.6203676,0.12108199,-0.14789505,-0.027755216,1.2653289,0.0024013433,-0.52144724,0.66195446,0.23733066,0.51092845,-0.72354484,
0,0,0,0,0,1,0,0,0,0,0,0,0,0,0,0,0,0,0,0,0,0,0,0,0,0,0,0,0,0,0,0,0,0,0,0,0,0,0,0,0,0,0,0,0,0,0,0,0,0,0,0,0,0,0,0,0,0,0,0,0,0,0,0,0,0,0,0,0,0,0,0,0,0,0,0,0,0,0,0,0,0,0,0,0,0,0,0,0,0,0,0,0,0,0,0,0,0,0,0,0,0,0,0,0,0,0,0,0,0,0,0,0,0,0,0,0,0,0,0,0,0,0,0,0,0,0,0,0,0,0,0,0,0,0,0,0,0,0,0,0,0,0,0,0,0,0,0,0,0,0,0,0,0,0,0,0,0,0,0,0,0,0,0,0,0,0,0,0,0,0,0,0,0,0,0,0,0,0,0,0,0,0,0,0,0,0,0,0,0,0,0,0,0,0,0,0,0,0,0,0,0,0,0,0,0,0,0,0,0,0,0,0,0,0,0,0,0,0,0,0,0,0,0,0,0,0,0,0,0,0,0,0,0,0,0,0,0,0,0,0,0,0,0,0,0,0,0,0,0,0,0,0,0,0,0,0,0,0,0,0,0,0,0,0,0,0,0,0,0,0,0,0,0,0,0,0,0,0,0,0,0,0,0,0,0,0,0,0,0,0,0,0,0,0,0,0,0,0,0,0,0,0,0,0,0,0,0,0,0,0,0,0,0,0,0,0,0,0,0,0,0,0,0,0,0,0,0,0,0,0,0,0,0,0,0,0,0,0,0,0,0,0,0,0,0,0,0,0,0,0,0,0,0,0,0,0,0,0,0,0,0,0,0,0,0,0,0,0,0,0,0,0,0,0,0,0,0,0,0,0,0,0,0,0,0,0,0,0,0,0,0,0,0,0,0,0,0,0,0,0,0,0,0,0,0,0,0,0,0,0,0,0,0,0,0,0,0,0,0,0,0,0,0,0,0,0,0,0,0,0,0,0,0,0,0,0,0,0,0,0,0,0,0,0,0,0,0,0,0,0,0,0,0,0,0,0,0,0,0,0,0,0,0,0,0,0,0,0,0,0,0,0,0,0,0,0,0,0,0,0,0,0,0,0,0,0,0,0,0,0,0,0,0,0,0,0,0,0,0,0,0,0,0,0,0,0,0,0,0,0,0,0,0,0,0,0,0,0,0,0,0,0,0,0,0,0,0,0,0,0,0,0,0,0,0,0,0,0,0,0,0,0,0,0,0,0,0,0,0,0,0,0,0,0,0,0,0,0,0,0,0,0,0,0,0,0,0,0,0,0,0,0,0,0,0,0,0,0,0,0,0,0,0,0,0,0,0,0,0,0,0,0,0,0,0,0,0,0,0,0,0,0,0,0,0,0,0,0,0,0,0,0,0,0,0,0,0,0,0,0,0,0,0,0,0,0,0,0,0,0,0,0,0,0,0,0,0,0,0,0,0,0,0,0,0,0,0,0,0,0,0,0,0,0,0,0,0,0,0,0,0,0,0,0,0,0,0,0,0,0,0,0,0,0,0,0,0,0,0,0,0,0,0,0,0,0,0,0,0,0,0,0,0,0,0,0,0,0,0,0,0,0,0,0,0,0,0,0,0,0,0,0,0,0,0,0,0,0,0,0,0,0,0,0,0,0,0,0,0,0,0,0,0,0,0,0,0,0,0,0,0,0,0,0,0,0,0,0,0,0,0,0,0,0,0,0,0,0,0,0,0,0,0,0,0,0,0,0,0,0,0,0,0,0,0,0,0,0,0,0,0,0,0,0,0,0,0,0,0,0,0,0,0,0,0,0,0,0,0,0,0,0,0,0,0,0,0,0,0,0,0,0,0,0,0,0,0,0,0,0,0,0,0,0,0,0,0,0,0,0,0,0,0,0,0,0,0,0,0,0,0,0,0,0,0,0,0,0,0,0,0,0,0,0,0,0,0,0,0,0,0,0,0,0,0,0,0,0,0,0,0,0,0,0,0,0,0,0,0,0,0,0,0,0,0,0,0,0,0,0,0,0,0,0,0,0,0,0,0,0,0,0,0,0,0,0,0,0,0,0,0,0,0,0,0,0,0,0,0,0,0,0,0,0,0,0,0,0,0,0,0,0,0,0,0,0,0,0,0,0,0,0,0,0,0,0,0,0,0,0,0,0,0,0,0,0,0,0,0,0,0,0,0,0,0,0,0,0,0,0,0,0,0,0,0,0,0,0,0,0,0,0,0,0,0,0,0,0,0,0,0,0,0,0,0,0,0,0,0,0,0,0,0,0,0,0,0,0,0,0,0,0,0,0,0,0,0,0,0,0,0,0,0,0,0,0,0,0,0,0,0,0,0,0,0,0,0,0,0,0,0,0,0,0,0,0,0,0,0,0,0,0,0,0,0,0,0,0,0,0,0,0,0,0,0,0,0,0,0,0,0,0,0,0,0,0,0,0,0,0,0,0,0,0,0,0,0,0,0,0,0,0,0,0,0,0,0,0,0,0,0,0,0,0,0,0,0,0,0,0,0,0,0,0,0,0,0,0,0,0,0,0,0,0,0,0,0,0,0,0,0,0,0,0,0,0,0,0,0,1,0,0,0,0,0,0,0,0,0,0,0,0,0,0,0,0,0,0,0,0,0,0,0,0,0,0,0,0,0,0,0,0,0,0,0,0,0,0,0,0,0,0,0,0,0,0,0,0,0,0,0,0,0,0,0,0,0,0,0,0,0,0,0,0,0,0,0,0,0,0,0,0,0,0,0,0,0,0,0,0,0,0,0,0,0,0,0,0,0,0,0,0,0,0,0,0,0,0,0,0,0,0,0,0,0,0,0,0,0,0,0,0,0,0,0,0,0,0,0,0,0,0,0,0,0,0,0,0,0,0,0,0,0,0,0,0,0,0,0,0,0,0,0,0,0,0,0,0,0,0,0,0,0,0,0,0,0,0,0,0,0,0,0,0,0,0,0,0,0,0,0,0,0,0,0,0,0,0,0,0,0,0,0,0,0,0,0,0,0,0,0,0,0,0,0,0,0,0,0,0,0,0,0,0,0,0,0,0,0,0,0,0,0,0,0,0,0,0,0,0,0,0,0,0,0,0,0,0,0,0,0,0,0,0,0,0,0,0,0,0,0,0,0,0,0,0,0,0,0,0,0,0,0,0,0,0,0,0,0,0,0,0,0,0,0,0,0,0,0,0,0,0,0,0,0,0,0,0,0,0,0,0,0,0,0,0,0,0,0,0,0,0,0,0,0,0,0,0,0,0,0,0,0,0,0,0,0,0,0,0,0,0,0,0,0,0,0,0,0,0,0,0,0,0,0,0,0,0,0,0,0,0,0,0,0,0,0,0,0,0,0,0,0,0,0,0,0,0,0,0,0,0,0,0,0,0,0,0,0,0,0,0,0,0,0,0,0,0,0,0,0,0,0,0,0,0,0,0,0,0,0,0,0,0,0,0,0,0,0,0,0,0,0,0,0,0,0,0,0,0,0,0,0,0,0,0,0,0,0,0,0,0,0,0,0,0,0,0,0,0,0,0,0,0,0,0,0,0,0,0,0,0,0,0,0,0,0,0,0,0,0,0,0,0,0,0,0,0,0,0,0,0,0,0,0,0,0,0,0,0,0,0,0,0,0,0,0,0,0,0,0,0,0,0,0,0,0,0,0,0,0,0,0,0,0,0,0,0,0,0,0,0,0,0,0,0,0,0,0,0,0,0,0,0,0,0,0,0,0,0,0,0,0,0,0,0,0,0,0,0,0,0,0,0,0,0,0,0,0,0,0,0,0,0,0,0,0,0,0,0,0,0,0,0,0,0,0,0,0,0,0,0,0,0,0,0,0,0,0,0,0,0,0,0,0,0,0,0,0,0,0,0,0,0,0,0,0,0,0,0,0,0,0,0,0,0,0,0,0,0,0,0,0,0,0,0,0,0,0,0,0,0,0,0,0,0,0,0,0,0,0,0,0,0,0,0,0,0,0,0,0,0,0,0,0,0,0,0,0,0,0,0,0,0,0,0,0,0,0,0,0,0,0,0,0,0,0,0,0,0,0,0,0,0,0,0,0,0,0,0,0,0,0,0,0,0,0,0,0,0,0,0,0,0,0,0,0,0,0,0,0,0,0,0,0,0,0,0,0,0,0,0,0,0,0,0,0,0,0,0,0,0,0,0,0,0,0,0,0,0,0,0,0,0,0,0,0,0,0,0,0,0,0,0,0,0,0,0,0,0,0,0,0,0,0,0,0,0,0,0,0,0,0,0,0,0,0,0,0,0,0,0,0,0,0,0,0,0,0,0,0,0,0,0,0,0,0,0,0,0,0,0,0,0,0,0,0,0,0,0,0,0,0,0,0,0,0,0,0,0,0,0,0,0,0,0,0,0,0,0,0,0,0,0,0,0,0,0,0,0,0,0,0,0,0,0,0,0,0,0,0,0,0,0,0,0,0,0,0,0,0,0,0,0,0,0,0,0,0,0,0,0,0,0,0,0,0,0,0,0,0,0,0,0,0,0,0,0,0,0,0,0,0,0,0,0,0,0,0,0,0,0,0,0,0,0,0,0,0,0,0,0,0,0,0,0,0,0,0,0,0,0,0,0,0,0,0,0,0,0,0,0,0,0,0,0,0,0,0,0,0,0,0,0,0,0,0,0,0,0,0,0,0,0,0,0,0,0,0,0,0,0,0,0,0,0,0,0,0,0,0,0,0,0,0,0,0,0,0,0,0,0,0,0,0,0,0,0,0,0,0,0,0,0,0,0,0,0,0,0,0,0,0,0,0,0,0,0,0,0,0,0,0,0,0,0,0,0,0,0,0,0,0,0,0,0,0,0,0,0,0,0,0,0,0,0,0,0,0,0,0,0,0,0,0,0,0,0,0,0,0,0,0,0,0,0,0,0,0,0,0,0,0,0,0,0,0,0,0,0,0,0,0,0,0,0,0,0,0,0,0,0,0,0,0,0,0,0,0,0,0,0,0,0,0,0,0,0,0,0,0,0,0,0,0,0,0,0,0,0,0,0,0,0,0,0,0,0,0,0,0,0,0,0,0,0,0,0,0,0,0,0,0,0,0,0,0,0,0,0,0,0,0,0,0,0,0,0,0,0,0,0,0,0,0,0,0,0,0,0,0,0,0,0,0,0,0,0,0,0,0,0,0,0,0,0,0,0,0,0,0,0,0,0,0,0,0,0,0,0,0,0,0,0,0,0,0,0,0,0,0,0,0,0,0,0,0,0,0,0,0,0,0,0,0,0,0,0,0,0,0,0,0,0,0,0,0,0,0,0,0,0,0,0,0,0,0,0,0,0,0,0,0,0,0,0,0,0,0,0,0,0,0,0,0,0,0,0,0,0,0,0,0,0,0,0,0,0,0,0,0,0,0,0,0,0,0,0,0,0,0,0,0,0,0,0,0,0,0,0,0,0,0,0,0,0,0,0,0,0,0,0,0,0,0,0,0,0,0,0,0,0,0,0,0,0,0,0,0,0,0,0,0,0,0,0,0,0,0,0,0,0,0,0,0,0,0,0,0,0,0,0,0,0,0,0,0,0,0,0,0,0,0,0,0,0,0,0,0,0,0,0,0,0,0,0,0,0,0,0,0,0,0,0,0,0,0,0,0,0,0,0,0,0,0,0,0,0,0,0,0,0,0,0,0,0,0,0,0,0,0,0,0,0,0,0,0,0,0,0,0,0,0,0,0,0,0,0,0,0,0,0,0,0,0,0,0,0,0,0,0,0,0,0,0,0,0,0,0,0,0,0,0,0,0,0,0,0,0,0,0,0,0,0,0,0,0,0,0,0,0,0,0,0,0,0,0,0,0,0,0,0,0,0,0,0,0,0,0,0,0,0,0,0,0,0,0,0,0,0,0,0,0,0,0,0,0,0,0,0,0,0,0,0,0,0,0,0,0,0,0,0,0,0,0,0,0,0,0,0,0,0,0,0,0,0,0,0,0,0,0,0,0,0,0,0,0,0,0,0,0,0,0,0,0,0,0,0,0,0,0,0,0,0,0,0,0,0,0,0,0,0,0,0,0,0,0,0,0,0,0,0,0,0,0,0,0,0,0,0,0,0,0,0,0,0,0,0,0,0,0,0,0,0,0,0,0,0,0,0,0,0,0,0,0,0,0,0,0,0,0,0,0,0,0,0,0,0,0,0,0,0,0,0,0,0,0,0,0,0,0,0,0,0,0,0,0,0,0,0,0,0,0,0,0,0,0,0,0,0,0,0,0,0,0,0,0,0,0,0,0,0,0,0,0,0,0,0,0,0,0,0,0,0,0,0,0,0,0,0,0,0,0,0,0,0,0,0,0,0,0,0,0,0,0,0,0,0,0,0,0,0,0,0,0,0,0,0,0,0,0,0,0,0,0,0,0,0,0,0,0,0,0,0,0,0,0,0,0,0,0,0,0,0,0,0,0,0,0,0,0,0,0,0,0,0,0,0,0,0,0,0,0,0,0,0,0,0,0,0,0,0,0,0,0,0,0,0,0,0,0,0,0,0,0,0,0,0,0,0,0,0,0,0,0,0,0,0,0,0,0,0,0,0,0,0,0,0,0,0,0,0,0,0,0,0,0,0,0,0,0,0,0,0,0,0,0,0,0,0,0,0,0,0,0,0,0,0,0,0,0,0,0,0,0,0,0,0,0,0,0,0,0,0,0,0,0,0,0,0,0,0,0,0,0,0,0,0,0,0,0,0,0,0,0,0,0,0,0,0,0,0,0,0,0,0,0,0,0,0,0,0,0,0,0,0,0,0,0,0,0,0,0,0,0,0,0,0,0,0,0,0,0,0,0,0,0,0,0,0,0,0,0,0,0,0,0,0,0,0,0,0,0,0,0,0,0,0,0,0,0,0,0,0,0,0,0,0,0,0,0,0,0,0,0,0,0,0,0,0,0,0,0,0,0,0,0,0,0,0,0,0,0,0,0,0,0,0,0,0,0,0,0,0,0,0,0,0,0,0,0,0,0,0,0,0,0,0,0,0,0,0,0,0,0,0,0,0,0,0,0,0,0,0,0,0,0,0,0,0,0,0,0,0,0,0,0,0,0,0,0,0,0,0,0,0,0,0,0,0,0,0,0,0,0,0,0,0,0,0,0,0,0,0,0,0,0,0,0,0,0,0,0,0,0,0,0,0,0,0,0,0,0,0,0,0,0,0,0,0,0,0,0,0,0,0,0,0,0,0,0,0,0,0,0,0,0,0,0,0,0,0,0,0,0,0,0,0,0,0,0,0,0,0,0,0,0,0,0,0,0,0,0,0,0,0,0,0,0,0,0,0,0,0,0,0,0,0,0,0,0,0,0,0,0,0,0,0,0,0,0,0,0,0,0,0,0,0,0,0,0,0,0,0,0,0,0,0,0,0,0,0,0,0,0,0,0,0,0,0,0,0,0,0,0,0,0,0,0,0,0,0,0,0,0,0,0,0,0,0,0,0,0,0,0,0,0,0,0,0,0,0,0,0,0,0,0,0,0,0,0,0,0,0,0,0,0,0,0,0,0,0,0,0,0,0,0,0,0,0,0,0,0,0,0,0,0,0,0,0,0,0,0,0,0,0,0,0,0,0,0,0,0,0,0,0,0,0,0,0,0,0,0,0,0,0,0,0,0,0,0,0,0,0,0,0,0,0,0,0,0,0,0,0,0,0,0,0,0,0,0,0,0,0,0,0,0,0,0,0,0,0,0,0,0,0,0,0,0,0,0,0,0,0,0,0,0,0,0,0,0,0,0,0,0,0,0,0,0,0,0,0,0,0,0,0,0,0,0,0,0,0,0,0,0,0,0,0,0,0,0,0,0,0,0,0,0,0,0,0,0,0,0,0,0,0,0,0,0,0,0,0,0,0,0,0,0,0,0,0,0,0,0,0,0,0,0,0,0,0,0,0,0,0,0,0,0,0,0,0,0,0,0,0,0,0,0,0,0,0,0,0,0,0,0,0,0,0,0,0,0,0,0,0,0,0,0,0,0,0,0,0,0,0,0,0,0,0,0,0,0,0,0,0,0,0,0,0,0,0,0,0,0,0,0,0,0,0,0,0,0,0,0,0,0,0,0,0,0,0,0,0,0,0,0,0,0,0,0,0,0,0,0,0,0,0,0,0,0,0,0,0,0,0,0,0,0,0,0,0,0,0,0,0,0,0,0,0,0,0,0,0,0,0,0,0,0,0,0,0,0,0,0,0,0,0,0,0,0,0,0,0,0,0,0,0,0,0,0,0,0,0,0,0,0,0,0,0,0,0,0,0,0,0,0,0,0,0,0,0,0,0,0,0,0,0,0,0,0,0,0,0,0,0,0,0,0,0,0,0,0,0,0,0,0,0,0,0,0,0,0,0,0,0,0,0,0,0,0,0,0,0,0,0,0,0,0,0,0,0,0,0,0,0,0,0,0,0,0,0,0,0,0,0,0,0,0,0,0,0,0,0,0,0,0,0,0,0,0,0,0,0,0,0,0,0,0,0,0,0,0,0,0,0,0,0,0,0,0,0,0,0,0,0,0,0,0,0,0,0,0,0,0,0,0,0,0,0,0,0,0,0,0,0,0,0,0,0,0,0,0,0,0,0,0,0,0,0,0,0,0,0,0,0,0,0,0,0,0,0,0,0,0,0,0,0,0,0,0,0,0,0,0,0,0,0,0,0,0,0,0,0,0,0,0,0,0,0,0,0,0,0,0,0,0,0,0,0,0,0,0,0.3888913,0.21664748,-0.34256515,-0.21756326,0.3108872,-0.59134823,-0.34073406,0.16494991,-0.029877285,0.87083226,0.6210726,0.1250323,0.7205614,-0.2551615,0.045380212,0.1603722,0.69138616,-0.56473655,-0.2325171,-0.44907314,0.22250694,0.8049133,-0.15976208,0.044403635,0.8376286,-0.43997875,0.4348515,0.065094866,0.06680388,-0.32126355,0.20779724,-0.81394684,0.54001665,0.09622327,-0.46353868,-0.15158324,-0.12851161,0.08761718,0.50974274,0.20181571,-0.037689902,-0.6215001,-0.35593206,0.53220403,0.05380319,0.03634687,-0.5348899,-0.3498895,-0.37198454,-0.055634513,0.22104207,0.12277397,0.4908826,-0.21957745,-0.015838984,-0.0694897,0.3194933,-0.41886026,0.09445322,-0.08548116,-0.36533162,-0.4390022,-0.12722984,-0.31723517,0.047211293,-0.16018933,0.19406413,-0.30106062,0.3467154,-0.37131315,0.50022113,-0.20706505,0.1772792,0.28409234,0.12869447,-0.06582754,-0.11093321,0.21158148,-0.14285508,-0.09195098,-0.024994398,-0.19095153,0.07235816,-0.1846648,-0.042389683,-0.27627996,0.16501094,-0.20944545,0.22238487,-0.08401629,-0.20047314,-0.01419101,-0.103853025,-0.01419101,-0.04348833,0.17056523,-0.23044187,-0.15542851,-0.28097975,-0.29111174,0.28189504,-0.43942943,0.18216209,-0.1300375,0.071015365,-0.38309312,-0.10519581,0.17434947,-0.17001614,0.26395044,-0.321996,0.22549771,-0.17599767,0.2997786,-0.21951641,-0.42722222,-0.054963116,-0.4434578,0.2430761,0.2616921,0.15518413,0.14798188,-0.07046628,0.28067434,-0.39383548,-0.11441226,-0.040802743,-0.23343264,0.51883715,-0.10318162,-0.06131087,0.09420908,0.2867169,-0.09366,0.20633237,-0.20248733,-0.31985974,0.16128774,-0.09970257,-0.22873285,0.026886277,-0.21268037,0.24692138,-0.08834986,-0.027313769,0.38809785,0.26553738,0.22067586,0.039581783,0.05227729,0.0054015745,0.35648116,0.18930331,-0.09762734,0.06454554,-0.094148286,0.10739288,-0.31161988,-0.44522786,-0.4571299,-0.3749143,-0.13058683,-0.0030824416,-0.3123523,-0.09524693,-0.32175186,0.20816346,-0.04940883,0.03805588,0.049347557,0.41989765,-0.20102248,-0.14090192,0.23154028,-0.034882244,-0.050873697,0.13064763,-0.0923172,-0.27304506,0.15359719,-0.062470555,0.39633772,-0.07693611,0.12869447,-0.11990552,0.0046691415,0.27170202,0.12027149,0.036041692,0.021454066,0.37253365,-0.27353334,-0.3746091,-0.035919856,0.19778733,0.25284186,-0.050873697,-0.3232167,-0.32932034,-0.43790352,0.21097112,0.25229254,-0.0620433,-0.2303198,0.037994847,0.072907485,0.025238303,-0.117341995,-0.27853832,-0.2930649,0.19729903,0.28274956,0.264866,-0.1188679,-0.21603735,-0.041107923,0.09597913,0.02310204,-0.16665916,0.28677794,-0.26816216,-0.035431568,-0.3006944,-0.012909252,-0.20193802,-0.19876415,0.020660596,-0.32492572,-0.061982267,-0.08578634,0.3819332,0.0237124,0.25992206,0.24191642,0.13376047,-0.46036482,0.10891878,-0.19620062,-0.021149123,-0.313512,0.21152045,-0.06393542,0.067475274,-0.30801874,0.20108327,0.039093494,0.066254556,0.20132741,-0.32425433,0.3530021,0.115693785,-0.07351809,-0.08889918,0.39505595,-0.090852335,0.35806808,-0.4147098,-0.13284516,0.18545803,-0.31448856,-0.0049135243,-0.008453618,0.17392221,0.35233068,0.093232505,-0.00607321,0.095124625,0.03866624,0.0048522498,-0.48679343,-0.05740456,-0.08444355,0.034698896,0.2187227,0.3102158,0.11294716,0.020538524,0.004241889,-0.25894573,-0.109407306,-0.20102248,0.049347557,0.09884782,-0.11483952,0.09689467,0.02389551,-0.04519734,-0.22433826,-0.07705818,0.05038517,-0.04928676,-0.036102965,-0.15555058,-0.23160155,-0.13412692,-0.15829721,0.27090856,-0.16037244,-0.2884872,-0.23599616,-0.2739606,-0.12533772,0.24100088,0.008575452,-0.47190064,0.05508495,-0.017425923,0.32639036,0.15622175,0.08596921,0.06491176,-0.18881525,0.1299152,-0.17886637,0.009368921,-0.12759607,0.0895093,0.17959857,-0.026642371,0.14358728,0.026031772,-0.115449876,-0.12661949,-0.007965329,0.13565259,-0.2524759,-0.17361727,-0.006012174,0.07907213,0.51425946,0.08847169,-0.24649435,-0.07064939,-0.05600073,0.20663756,0.03353921,0.16842896,0.059235405,0.17911027,0.13656813,0.39176002,0.14712738,0.007049549,-0.3013658,-0.39975598,-0.076203674,-0.032501835,-0.021393267,-0.23971935,0.053131796,0.14120688,0.25265875,-0.22037092,-0.5517358,-0.2401466,-0.12295732,-0.36838344,0.115693785,0.24093984,0.16348504,0.039093494,-0.04879847,-0.26187545,-0.2118869,0.0133973025,0.025177266,-0.06350817,-0.036286075,0.19754317,-0.11355776,-0.04837122,-0.30197617,-0.06478993,0.30588225,-0.009369159,0.21188666,0.26578152,-0.029388996,0.06631559,-0.3155262,-0.18863215,0.185397,0.0761424,-0.03134215,-0.0036928025,-0.22281235,0.089326195,0.10702666,0.037933808,-0.035797786,0.35428384,0.10782013,-0.046967387,-0.7033495,-0.00827051,0.00656126,0.1388875,0.048981342,0.23184545,-0.056672126,0.017425684,-0.14731072,-0.36148635,0.12582578,0.36087576,-0.073701195,0.072663344,0.33994037,-0.3077746,0.10409693,-0.1364463,0.089936554,-0.2394752,0.10281517,-0.017242813,0.0695505,0.43204382,0.13040349,0.21341257,-0.31985974,0.2692606,0.24942385,-0.16244766,-0.29556736,-0.06869624,0.053070758,-0.23917003,0.1432821,-0.11685371,-0.022247773,-0.09591833,-0.32748926,-0.2691998,-0.06594961,0.26199728,-0.027863093,-0.029144851,-0.18912044,0.06271446,0.004486033,0.058564007,-0.10373095,0.076569654,-0.20425738,0.098664716,0.28421444,-0.04708946,-0.11288636,-0.32767236,0.20205985,-0.13601904,0.31454936,-0.12802331,-0.13516453,-0.009857448,0.16397333,0.16531612,0.005706755,-0.1012895,-0.019684257,0.17434947,-0.24435809,-0.017181778,-0.019073896,-0.15652716,-0.15902965,0.11288612,0.018463297,-0.038483374,-0.12552084,-0.027985165,-0.18997495,0.20163259,-0.027313769,-0.14303818,-0.09396517,-0.2945908,-0.098542884,-0.09927531,0.023529293,0.055939455,-0.24417499,-0.094026215,-0.06405749,0.052521434,0.052399363,0.0026549506,0.3301746,-0.26340136,0.09201178,0.013824555,0.118196264,-0.44254228,-0.19046323,0.104463145,-0.2421608,-0.29129484,0.10226584,0.249668,0.16989383,0.05227729,-0.15957896,0.015899781,-0.21152069,0.20321953,0.2594948,0.41995868,0.014251808,-0.0752271,0.097016744,-0.15249878,-0.11703682,-0.35611516,0.08255119,-0.45774025,-0.15262085,0.110261574,-0.38229966,-0.073945336,0.31638044,0.009490993,0.07974353,0.039948,-0.1780729,-0.18374926,0.04483089,0.19565105,0.11667036,-0.09127959,0.35434487,-0.10141158,-0.07321291,0.018951586,-0.2820784,-0.32706198,-0.2597392,-0.2327002,-0.15933482,0.31253517,-0.40683615,-0.0152286235,0.45944902,-0.17721839,0.0776683,0.34036762,-0.14767693,0.31955433,0.06613248,0.28812075,0.27512005,-0.07119872,-0.039520986,-0.3336539,-0.2851302,0.1513999,-0.10617239,0.20413508,-0.1712979,-0.23196778,0.109285,-0.018585607,0.08822755,-0.13473728,-0.24765405,-0.09445346,0.21908891,0.15640485,-0.07943859,-0.12161452,-0.21731912,0.16073842,0.023651365,-0.14700554,0.0019835536,0.06985568,-0.1787443,-0.26834527,0.046417825,0.090607956,0.13278389,-0.21396212,0.0027770228,0.08902101,0.29593337,0.14358728,0.08163565,0.019561946,0.16775757,0.041779082,0.20541683,0.046417825,0.14206137,0.14627287,-0.29922953,-0.21182586,-0.40732446,-0.059479788,-0.17532629,-0.06570547,0.013885591,-0.28818202,0.2657205,0.11612104,0.18783844,-0.30984983,0.11129919,0.059052296,-0.14737175,0.08725097,0.21036075,-0.16916163,0.057831574,0.054840807,0.07272438,-0.12368975,-0.07199218,-0.37973613,0.23642316,-0.009308123,0.09011967,0.08621336,-0.14572378,-0.027069625,0.11294716,-0.12729087,-0.14810419,0.09970233,-0.09054715,0.14029133,-0.24600607,-0.05893046,-0.19967967,-0.14456409,0.37857622,-0.016144164,0.41342783,-0.084809765,-0.00057996204,-0.05166717,-0.07113768,0.015411493,-0.0018006838,-0.14438099,0.1373616,0.04867616,0.10733184,0.23031956,0.37857622,-0.25235382,0.17032108,-0.09121855,-0.1333945,-0.072297364,-0.07656989,-0.030975934,0.04263359,-0.12552084,-0.2504617,0.29404125,0.21884477,0.013214194,0.104219,-0.02822931,-0.2580912,0.02499416,-0.31381717,0.18850984,-0.37943095,0.004974322,0.16928346,-0.06942867,-0.11624335,0.13192938,-0.011444386,0.074799605,0.12539852,0.013946627,0.02090474,0.24368647,0.04476985,0.14541836,0.001556301,-0.08255143,0.22342248,0.012847978,-0.2230565,-0.35019466,0.14560147,0.16330193,-0.19369814,-0.08609152,-0.07516606,0.0034484197,-0.07333498,-0.25308627,-0.1695889,0.20273125,0.035492364,-0.1263143,0.21554883,0.24399164,0.051789,0.054779768,-0.2545511,0.041168723,0.03903246,0.15280372,-0.09372103,-0.028351381,0.041657012,0.023163076,0.18118551,-0.30374622,-0.036591254,0.16586545,0.021820283,0.06643766,-0.26474416,0.18454249,-0.16061658,0.039948,-0.25564978,0.23282203,0.21316841,0.16708617,0.15298684,-0.12069898,0.17972064,0.10818635,-0.033417378,-0.06723137,0.0671701,-0.27621892,0.13302803,0.10940707,0.070282936,0.31094822,0.1823452,0.072907485,0.09097417,0.06881807,-0.3158924,-0.054780006,-0.45621437,0.09219489,0.26852813,-0.03256287,0.117463835,0.16958866,-0.30417347,0.078095555,0.05160589,0.12246879,0.2633401,0.031586055,-0.02511647,0.07876695,-0.0184025,0.18918124,0.096772596,0.2178682,-0.23752205,0.2838482,0.08035389,0.19247718,0.16519405,0.044098455,0.105073504,0.004424997,-0.18735039,0.21579297,0.015289421,-0.027374804,-0.25272003,0.05569531,0.2972151,0.26736847,0.14535733,0.08725097,-0.17642494,0.1625695,-0.037811976,-0.21152069,-0.17160308,0.14999607,0.047333367,0.107087694,0.06790253,-0.15921275,-0.25192657,0.12686339,-0.073945336,-0.22989254,0.16470577,-0.03585882,-0.031281114,0.03732345,-0.19168395,-0.14950801,0.27914843,-0.08444355,0.0835888,0.055268057,-0.19247742,0.029754974,0.045746427,-0.17337313,-0.15609992,0.07974353,0.21353464,-0.09176788,-0.015777947,-0.40531027,0.5031509,-0.12539876,0.0998244,-0.1963227,-0.23508061,-0.03433292,-0.07296876,0.043671202,-0.08078138,0.1197832,-0.2623027,0.1979094,-0.03756783,0.07968249,0.06570523,-0.13345553,0.16067739,-0.2061495,0.09475841,-0.047821894,-0.11374087,-0.04196243,0.25448984,-0.124666326,-0.15854135,0.0643014,-0.14749382,-0.05862528,-0.18204024,-0.28653404,-0.108003475,-0.28610677,0.16519405,0.14969088,0.15194923,0.16653685,-0.068268985,0.23459208,0.18057515,0.11886766,0.20761414,0.13131902,-0.06405749,0.14895846,-0.33408114,-0.008697762,0.23001438,-0.25522253,0.27835497,0.24576169,0.12631406,-0.12722984,-0.113069475,0.0340275,-0.13467625,-0.012482,-0.06240952,0.058319863,-0.14431995,-0.12045484,0.1309528,-0.27652413,-0.061555013,0.31656355,0.1270465,0.36356133,0.11734176,0.28256646,0.02652006,0.10110616,0.3935911,0.1490195,-0.10513478,-0.11728096,0.17502086,0.08407709,0.010406534,0.14273277,0.36630797,0.22934298,0.47354835,-0.21023892,0.031097768,0.1277179,0.09188971,-0.17624182,-0.008331546,-0.055268295,0.06668181,0.052826613,0.18399316,-0.3399406,-0.03653022,-0.36820033,0.48789185,0.055817384,0.34445703,-0.06540029,-0.20975064,0.035675474,-0.25937298,0.10086202,0.34879062,-0.31149778,0.054840807,0.24026844,0.20505062,0.14004718,0.09091313,0.03762863,0.28122365,-0.061066724,0.001556301,0.1153886,-0.15005735,-0.005279741,-0.26523244,-0.0951859,-0.061738122,-0.07376223,0.2704813,0.11874559,0.03274574,-0.115938164,-0.16452289,0.09646742,0.0011900845,-0.14889765,0.0075378376,-0.016571417,0.10135031,0.040131107,0.020111272,-0.06472889,-0.11429019,0.08285637,-0.36203566,-0.037262652,-0.14059675,0.17056523,-0.05673316,0.17892717,0.014923205,-0.1452355,-0.20468464,0.26157004,0.0024108062,0.065461084,0.18460353,0.06741424,-0.04556356,-0.18167403,-0.086823955,0.17587537,0.052521434,0.1823452,-0.044709053,-0.16195938,-0.16562155,0.1603722,0.080720104,-0.08041517,-0.19388126,0.023529293,-0.23923106,0.016204963,-0.10281541,-0.052765816,0.13437083,-0.14346544,0.22055379,-0.10452442,-0.16501118,0.19833665,-0.20132765,0.017059468,-0.006866679,-0.010834025,-0.05642798,0.09530773,-0.03305116,-0.27139708,0.24155019,0.06363,0.28274956,0.15603864,-0.12637533,-0.08596945,-0.10782037,-0.2731061,0.06619352,0.11361856,0.14737152,-0.18997495,0.031952273,0.1360188,-0.25680944,-0.025909938,0.08523678,0.035980653,-0.16000623,0.00051868754,0.17795059,-0.17380038,0.18588528,0.10806427,0.022308571,-0.031586293,-0.0117495665,0.33438608,-0.055878658,1.3882962,-0.35373476,-1.350332,0.6143586,-0.15872447,1.3579003,0.30838472,-0.083161786,0.6378575,-1.2123294,0.3665521,-1.4617229,1.2307621,-0.23758309,0.2398412,1.3907987,-1.5399101,1.2017089,-0.80173963,0.44101614,0.28970766,-0.68137646,-0.020843944,-0.081147596,-0.5207905,-0.7609065,-0.6033113,0.59549844,0.058686078,-0.5492944,0.73435557,1.2151369,-0.26663628,0.015838746,-1.2795302,-0.8050966,0.007720946,0.73820084,0.7341114,0.30740812,-0.3164417,-0.7958802,-0.13723977,0.5378804,0.018219152,-0.8664379,-0.49887857,0.38590056,-0.24802026,-0.4101321,-0.9201497,0.43002963,-0.8623485,0.26327905,-0.2912338,-0.90733206,0.47946885,0.23318826,0.2075531,1.031052,0.5208513,0.38236046,0.13119695,0.8083313,-0.9907074,-1.1026475,0.84513605,-0.9028154,-0.087556385,-0.7062792,0.32651243,0.60086966,0.5411764,-0.99180603,-1.4049593,-0.6139316,-0.6407875,0.17331184,0.121614285,-0.15359743,0.039459713,-0.6243688,1.5555351,-0.063202985,-0.75187314,-0.63950574,-1.0240331,-0.21701393,-1.0743879,1.431937,1.4190584,0.8242007,1.1938353,0.3636834,-1.6290839,0.23929186,0.11404581,0.0849316,-0.042511754,-0.38394764,-1.5418632,0.917708,0.02981601,-0.4038454,0.5256122,0.052643508,-1.2451057,0.24716552,-0.25937298,0.51615155,0.2711527,0.0835888,-1.1871215,0.023224112,0.68851745,0.45682448,1.0424657,-0.2599223,-0.38681632,1.1191881,-0.5650417,0.5143205,-0.60318923,0.11526653,1.2426641,0.40579832,-0.71104,0.35611492,
0,0,1,0,0,0,0,1,0,0,0,0,0,0,0,0,0,0,0,0,0,0,0,0,0,0,0,0,0,0,0,0,0,0,0,0,0,0,0,0,0,0,0,0,0,0,0,0,0,0,0,0,0,0,0,0,0,0,0,0,0,0,0,0,0,0,0,0,0,0,0,0,0,0,0,0,0,0,0,0,0,0,0,0,0,0,0,0,0,0,0,0,0,0,0,0,0,0,0,0,0,0,0,0,1,0,0,0,0,0,0,0,0,0,0,0,1,0,0,0,0,0,0,0,0,0,0,0,0,0,0,0,0,0,0,0,0,0,0,0,0,0,0,0,0,0,0,0,0,0,0,0,0,0,0,0,0,0,0,0,0,0,0,0,0,0,0,0,0,0,0,0,0,0,0,0,0,0,0,0,0,0,0,0,0,0,0,0,0,0,0,0,0,0,0,0,0,0,0,0,0,0,0,0,0,0,0,0,0,0,0,0,0,0,0,0,0,0,0,0,0,0,0,0,0,0,0,0,0,0,0,0,0,0,0,0,0,0,0,0,0,0,0,0,0,0,0,0,0,0,0,0,0,0,0,0,0,0,0,0,0,0,0,0,0,0,0,0,0,0,0,0,0,0,0,0,0,0,0,0,0,0,0,0,0,0,0,0,0,0,0,0,0,0,0,0,0,0,0,0,0,0,0,0,0,1,0,0,0,0,0,0,0,0,0,0,0,0,0,0,0,0,0,0,0,0,0,0,0,0,0,0,0,0,0,0,0,0,0,0,0,0,0,0,0,0,0,0,0,0,0,0,0,0,0,0,0,0,0,0,0,0,0,0,0,0,0,0,0,0,0,0,0,0,0,0,0,0,0,0,0,0,0,0,0,0,0,0,0,0,0,0,0,0,0,0,0,0,0,0,0,0,0,0,0,0,0,0,0,0,0,0,0,0,0,0,0,0,0,0,0,0,0,0,0,0,0,0,0,0,0,0,0,0,0,0,0,0,0,0,0,0,0,0,0,0,0,0,0,0,0,0,0,0,0,0,0,0,0,0,0,0,0,0,0,0,0,0,0,0,0,0,0,0,0,0,0,0,0,0,0,0,0,0,0,0,0,0,0,0,0,0,0,0,0,0,0,0,0,0,1,0,0,0,0,0,0,0,0,0,0,0,0,0,0,0,0,0,0,0,0,0,0,0,0,0,0,0,0,0,0,0,0,0,0,0,0,0,0,0,0,0,0,0,0,0,0,0,0,0,0,0,0,0,0,0,0,0,0,0,0,0,0,0,0,0,0,0,0,0,0,0,0,0,0,0,0,0,0,0,0,0,0,0,0,0,0,0,0,0,0,0,0,0,0,0,0,0,0,0,0,0,0,0,0,0,0,0,0,0,0,0,0,0,0,0,0,0,0,0,0,0,0,0,0,0,0,0,0,0,0,0,0,0,0,0,0,0,0,0,0,0,0,0,0,0,0,0,0,0,0,0,0,0,0,0,0,0,0,0,0,0,0,0,0,0,0,0,0,0,0,0,0,0,0,0,0,0,0,0,0,0,0,0,0,0,0,0,0,0,0,0,0,0,0,0,0,0,0,0,0,0,0,0,0,0,0,0,0,0,0,0,0,0,0,0,0,0,0,0,0,0,0,0,0,0,0,0,0,0,0,0,0,0,0,0,0,0,0,0,0,0,0,0,0,0,0,0,0,0,0,0,0,0,0,0,0,0,0,0,0,0,0,0,0,0,0,0,0,0,0,0,0,0,0,0,0,0,0,0,0,0,0,0,0,0,0,0,0,0,0,0,0,0,0,0,0,0,0,0,0,0,0,0,0,0,0,0,0,0,0,0,0,0,0,0,0,0,0,0,0,0,0,0,0,0,0,0,0,0,0,0,0,0,0,0,0,0,0,0,0,0,0,0,0,0,0,0,0,0,0,0,0,0,0,0,0,0,0,0,0,0,0,0,0,0,0,0,0,0,0,0,0,0,0,0,0,0,0,0,0,0,0,0,0,0,0,0,0,0,0,0,0,0,0,0,0,0,0,0,0,0,0,0,0,0,0,0,0,0,0,0,0,0,0,0,0,0,0,0,0,0,0,0,0,0,0,0,0,0,0,0,0,0,0,0,0,0,0,0,0,0,0,0,0,0,0,0,0,0,0,0,0,0,0,0,0,0,0,0,0,0,0,0,0,0,0,0,0,0,0,0,0,0,0,0,0,0,0,0,0,0,0,0,0,0,0,0,0,0,0,0,0,0,0,0,0,0,0,0,0,0,0,0,0,0,0,0,0,0,0,0,0,0,0,0,0,0,0,0,0,0,0,0,0,0,0,0,0,0,0,0,0,0,0,0,0,0,0,0,0,0,0,0,0,0,0,0,0,0,0,0,0,0,0,0,0,0,0,0,0,0,0,0,0,0,0,0,0,0,0,0,0,0,0,0,0,0,0,0,0,0,0,0,0,0,0,0,0,0,0,0,0,0,0,0,0,0,0,0,0,0,0,0,0,0,0,0,0,0,0,0,0,0,0,0,0,0,0,0,0,0,0,0,0,0,0,0,0,0,0,0,0,0,0,0,0,0,0,0,0,0,0,0,0,0,0,0,0,0,0,0,0,0,0,0,0,0,0,0,0,0,0,0,0,0,0,0,0,0,0,0,0,0,0,0,0,0,0,0,0,0,0,0,0,0,0,0,0,0,0,0,0,0,0,0,0,0,0,0,0,0,0,0,0,0,0,0,0,0,0,0,0,0,0,0,0,0,0,0,0,0,0,0,0,0,0,0,0,0,0,0,0,0,0,0,0,0,0,0,0,0,0,0,0,0,0,0,0,0,0,0,0,0,0,0,0,0,0,0,0,0,0,0,0,0,0,0,0,0,0,0,0,0,0,0,0,0,0,0,0,0,0,0,0,0,0,0,0,0,0,0,0,0,0,0,0,0,0,0,0,0,0,0,0,0,0,0,0,0,0,0,0,0,0,0,0,0,0,0,0,0,0,0,0,0,0,0,0,0,0,0,0,0,0,0,0,0,0,0,0,0,0,0,0,0,0,0,0,0,0,0,0,0,0,0,0,0,0,0,0,0,0,0,0,0,0,0,0,0,0,0,0,0,0,0,0,0,0,0,0,0,0,0,0,0,0,0,0,0,0,0,0,0,0,0,0,0,0,0,0,0,0,0,0,0,0,0,0,0,0,0,0,0,0,0,0,0,0,0,0,0,0,0,0,0,0,0,0,0,0,0,0,0,0,0,0,0,0,0,0,0,0,0,0,0,0,0,0,0,0,0,0,0,0,0,0,0,0,0,0,0,0,0,0,0,0,0,0,0,0,0,0,0,0,0,0,0,0,0,0,0,0,0,0,0,0,0,0,0,0,0,0,0,0,0,0,0,0,0,0,0,0,0,0,0,0,0,0,0,0,0,0,0,0,0,0,0,0,0,0,0,0,0,0,0,0,0,0,0,0,0,0,0,0,0,0,0,0,0,0,0,0,0,0,0,0,0,0,0,0,0,0,0,0,0,0,0,0,0,0,0,0,0,0,0,0,0,0,0,0,0,0,0,0,0,0,0,0,0,0,0,0,0,0,0,0,0,0,0,0,0,0,0,0,0,0,0,0,0,0,0,0,0,0,0,0,0,0,0,0,0,0,0,0,0,0,0,0,0,0,0,0,0,0,0,0,0,0,0,0,0,0,0,0,0,0,0,0,0,0,0,0,0,0,0,0,0,0,0,0,0,0,0,0,0,0,0,0,0,0,0,0,0,0,0,0,0,0,0,0,0,0,0,0,0,0,0,0,0,0,0,0,0,0,0,0,0,0,0,0,0,0,0,0,0,0,0,0,0,0,0,0,0,0,0,0,0,0,0,0,0,0,0,0,0,0,0,0,0,0,0,0,0,0,0,0,0,0,0,0,0,0,0,0,0,0,0,0,0,0,0,0,0,0,0,0,0,0,0,0,0,0,0,0,0,0,0,0,0,0,0,0,0,0,0,0,0,0,0,0,0,0,0,0,0,0,0,0,0,0,0,0,0,0,0,0,0,0,0,0,0,0,0,0,0,0,0,0,0,0,0,0,0,0,0,0,0,0,0,0,0,0,0,0,0,0,0,0,0,0,0,0,0,0,0,0,0,0,0,0,0,0,0,0,0,0,0,0,0,0,0,0,0,0,0,0,0,0,0,0,0,0,0,0,0,0,0,0,0,0,0,0,0,0,0,0,0,0,0,0,0,0,0,0,0,0,0,0,0,0,0,0,0,0,0,0,0,0,0,0,0,0,0,0,0,0,0,0,0,0,0,0,0,0,0,0,0,0,0,0,0,0,0,0,0,0,0,0,0,0,0,0,0,0,0,0,0,0,0,0,0,0,0,0,0,0,0,0,0,0,0,0,0,0,0,0,0,0,0,0,0,0,0,0,0,0,0,0,0,0,0,0,0,0,0,0,0,0,0,0,0,0,0,0,0,0,0,0,0,0,0,0,0,0,0,0,0,0,0,0,0,0,0,0,0,0,0,0,0,0,0,0,0,0,0,0,0,0,0,0,0,0,0,0,0,0,0,0,0,0,0,0,0,0,0,0,0,0,0,0,0,0,0,0,0,0,0,0,0,0,0,0,0,0,0,0,0,0,0,0,0,0,0,0,0,0,0,0,0,0,0,0,0,0,0,0,0,0,0,0,0,0,0,0,0,0,0,0,0,0,0,0,0,0,0,0,0,0,0,0,0,0,0,0,0,0,0,0,0,0,0,0,0,0,0,0,0,0,0,0,0,0,0,0,0,0,0,0,0,0,0,0,0,0,0,0,0,0,0,0,0,0,0,0,0,0,0,0,0,0,0,0,0,0,0,0,0,0,0,0,0,0,0,0,0,0,0,0,0,0,0,0,0,0,0,0,0,0,0,0,0,0,0,0,0,0,0,0,0,0,0,0,0,0,0,0,0,0,0,0,0,0,0,0,0,0,0,0,0,0,0,0,0,0,0,0,0,0,0,0,0,0,0,0,0,0,0,0,0,0,0,0,0,0,0,0,0,0,0,0,0,0,0,0,0,0,0,0,0,0,0,0,0,0,0,0,0,0,0,0,0,0,0,0,0,0,0,0,0,0,0,0,0,0,0,0,0,0,0,0,0,0,0,0,0,0,0,0,0,0,0,0,0,0,0,0,0,0,0,0,0,0,0,0,0,0,0,0,0,0,0,0,0,0,0,0,0,0,0,0,0,0,0,0,0,0,0,0,0,0,0,0,0,0,0,0,0,0,0,0,0,0,0,0,0,0,0,0,0,0,0,0,0,0,0,0,0,0,0,0,0,0,0,0,0,0,0,0,0,0,0,0,0,0,0,0,0,0,0,0,0,0,0,0,0,0,0,0,0,0,0,0,0,0,0,0,0,0,0,0,0,0,0,0,0,0,0,0,0,0,0,0,0,0,0,0,0,0,0,0,0,0,0,0,0,0,0,0,0,0,0,0,0,0,0,0,0,0,0,0,0,0,0,0,0,0,0,0,0,0,0,0,0,0,0,0,0,0,0,0,0,0,0,0,0,0,0,0,0,0,0,0,0,0,0,0,0,0,0,0,0,0,0,0,0,0,0,0,0,0,0,0,0,0,0,0,0,0,0,0,0,0,0,0,0,0,0,0,0,0,0,0,0,0,0,0,0,0,0,0,0,0,0,0,0,0,0,0,0,0,0,0,0,0,0,0,0,0,0,0,0,0,0,0,0,0,0,0,0,0,0,0,0,0,0,0,0,0,0,0,0,0,0,0,0,0,0,0,0,0,0,0,0,0,0,0,0,0,0,0,0,0,0,0,0,0,0,0,0,0,0,0,0,0,0,0,0,0,0,0,0,0,0,0,0,0,0,0,0,0,0,0,0,0,0,0,0,0,0,0,0,0,0,0,0,0,0,0,0,0,0,0,0,0,0,0,0,0,0,0,0,0,0,0,0,0,0,0,0,0,0,0,0,0,0,0,0,0,0,0,0,0,0,0,0,0,0,0,0,0,0,0,0,0,0,0,0,0,0,0,0,0,0,0,0,0,0,0,0,0,0,0,0,0,0,0,0,0,0,0,0,0,0,0,0,0,0,0,0,0,0,0,0,0,0,0,0,0,0,0,0,0,0,0,0,0,0,0,0,0,0,0,0,0,0,0,0,0,0,0,0,0,0,0,0,0,0,0,0,0,0,0,0,0,0,0,0,0,0,0,0,0,0,0,0,0,0,0,0,0,0,0,0,0,0,0,0,0,0,0,0,0,0,0,0,0,0,0,0,0,0,0,0,0,0,0,0,0,0,0,0,0,0,0,0,0,0,0,0,0,0,0,0,0,0,0,0,0,0,0,0,0,0,0,0,0,0,0,0,0,0,0,0,0,0,0,0,0,0,0,0,0,0,0,0,0,0,0,0,0,0,0,0,0,0,0,0,0,0,0,0,0,0,0,0,0,0,0,0,0,0,0,0,0,0,0,0,0,0,0,0,0,0,0,0,0,0,0,0,0,0,0,0,0,0,0,0,0,0,0,0,0,0,0,0,0,0,0,0,0,0,0,0,0,0,0,0,0,0,0,0,0,0,0,0,0,0,0,0,0,0,0,0,0,0,0,0,0,0,0,0,0,0,0,0,0,0,0,0,0,0,0,0,0,0,0,0,0,0,0,0,0,0,0,0,0,0,0,0,0,0,0,0,0,0,0,0,0,0,0,0,0,0,0,0,0,0,0,0,0,0,0,0,0,0,0,0,0,0,0,0,0,0,0,0,0,0,0,0,0,0,0,0,0,0,0,0,0,0,0,0,0,0,0,0,0,0,0,0,0,0,0,0,0,0,0,0,0,0,0,0,0,0,0,0,0,0,0,0,0,0,0,0,0,0,0,0,0,0,0,0,0,0,0,0,0,0,0,0,0,0,0,0,0,0,0,0,0,0,0,0,0,0,0,0,0,0,0,0,0,0,0,0,0,0,0,0,0,0,0,0,0,0,0,0,0,0,0,0,0,0,0,0,0,0,0,0,0,0,0,0,0,0,0,0,0,0,0,0,0,0,0,0,0,0,0,0,0,0,0,0,0,0,0,0,0,0,0,0,0,0,0,0,0,0,0,0,0,0,0,0,0,0,0,0,0,0,0,0,0,0,0,0,0,0,0,0,0,0,0,0,0,0,0,0,0,0,0,0,0,0,0,0,0,0,0,0,0,0,0,0,0,0,0,0,0,0,0,0,0,0,0,0,0,0,0,0,0,0,0,0,0,0,0,0,0,0,0,0,0,0,0,0,0,0,0,0,0,0,0,0,0,0,0,0,0,0,0,0,0,0,0,0,0,0,0,0,0,0,0,0,0,0,0,0,0,0,0,0,0,0,0,0,0,0,0,0,0,0,0,0,0,0,0,0,0,0,0,0,0,0,0,0,0,0,0,0,0,0,0,0,0,0,0,0,0,0,0,0,0,0,0,0,0,0,0,0,0,0,0,0,0,0,0,0,0,0,0,0,0,0,0,0,0,0,0,0,0,0,0,0,0,0,0,0,0,0,0,0,0,0,0,0,0,0,0,0,0,0,0,0,0,0,0,0,0,0,0,0,0,0,0,0,0,0,0,0,0,0,0,0,0,0,0,0,0,0,0,0,0,0,0,0,0,0,0,0,0,0,0,0,0,0,0,0,0,0,0,0,0,0,0,0,0,0,0,0,0,0,0,0,0,0,0,0,0,0,0,0,0,0,0,0,0,0,0,0,0,0,0,0,0,0,0,0,0,0,0,0,0,0,0,0,0,0,0,0,0,0,0,0,0,0,0,0,0,0,0,0,0,0,0,0,0,0,0,0,0,0,0,0,0,0,0,0,0,0,0,0,0,0,0,0,0,0,0,0,0,0,0,0,0,0,0,0,0,0,0,0,0,0,0,0,0,0,0,0,0,0,0,0,0,0,0,0,0,0,0,0,0,0,0,0,0,0,0,0,0,0,0,0,0,0,0,0,0,0,0,0,0,0,0,0,0,0,0,0,0,0,0,0,0,0,0,0,0,0,0,0,0,0,0,0,0,0,0,0,0,0,0,0,0,0,0,0,0,0,0,0,0,0,0,0,0,0,0,0,0,0,0,0,0,0,0,0,0,0,0,0,0,0,0,0,0,0,0,0,0,0,0,0,0,0,0,0,0,0,0,0,0,0,0,0,0,0,0,0,0,0,0,0,0,0,0,0,0,0,0,0,0,0,0,0,0,0,0,0,0,0,0,0,0,0,0,0,0,0,0,0,0,0,0,0,0,0,0,0,0,0,0,0,0,0,0,0,0,0,0,0,0,0,0,0,0,0,0,0,0,0,0,0,0,0,0,0,0,0,0,0,0,0,0,0,0,0,0,0,0,0,0,0,0,0,0,0,0,0,0,0,0,0,0,0,0,0,0,0,0,0,0,0,0,0,0,0,0,0,0,0,0,0,0,0,0,0,0,0,0,0,0,0,0,0,0,0,0,0,0,0,0,0,0,0,0,0,0,0,0,0,0,0,0,0,0,0,0,0,0,0,0,0,0,0,0,0,0,0,0,0,0,0,0,0,0,0,0,0,0,0,0,0,0,0,0,0,0,0,0,0,0,0,0,0,0,0,0,0,0,0,0,0,0,0,0,0,0,0,0,0,0,0,0,0,0,0,0,0,0,0,0,0,0,0,0,0,0,0,0,0,0,0,0,0,0,0,0,0,0,0,0,0,-0.33833128,-0.6383873,-0.4573229,0.8967761,-1.556856,0.97961456,0.115375526,0.9096986,-0.30875146,0.34133258,-0.2973229,-0.048807483,-1.465801,-1.0364453,0.11029616,0.9586995,0.78069764,1.263312,0.5926865,0.18319999,0.545777,0.70525414,-0.802645,-0.6605722,-0.21799515,0.35911036,0.22719625,0.41573033,-0.57661325,-0.96623045,0.61576766,-0.9177524,-0.88130045,-0.028639413,0.3752448,0.23974527,0.06712156,-0.3166693,-0.15285976,-0.65907824,-0.7083033,-1.028378,-0.09429768,0.19739233,-0.30419496,-0.063597396,0.2177098,-0.60103905,0.2067294,-0.38695875,-0.38673466,0.12598243,-0.39420432,-0.2691623,0.29457253,-0.15308386,0.2611085,-0.0006282096,-0.5716086,0.66671073,-0.46479255,-0.6974723,0.011024452,0.6251047,-0.11588498,-0.68290645,-0.58139384,0.51642126,0.63959587,1.0155436,0.6347406,-0.40600637,-0.91663194,-0.97743493,0.46151933,-0.20761234,0.15384425,-0.45313987,0.06346142,-0.6197879,0.689045,-0.31308386,-0.06516603,-0.3809083,0.53038955,1.1659825,0.34633723,0.07563696,-0.32787377,0.33132324,-0.058816817,-0.13545547,-0.005035306,-0.28320524,0.29240635,-1.0471268,0.36015612,0.119259745,-0.6595264,0.51985735,0.39772847,-0.077341564,0.084600545,-0.16548349,-0.44477388,-0.724363,0.6339936,-0.36753765,-0.39988124,0.4246939,0.14943714,0.064133696,0.3169815,0.4054969,-0.13657592,0.39660802,-0.5453901,-0.34520337,0.23996936,0.20000671,0.065403536,0.78697217,0.14010008,0.59470326,-0.24346668,-0.56212217,0.42476863,-0.16227153,-0.7100213,-0.33653858,-0.019078257,-0.28283176,-0.32159927,0.17356414,0.36814862,0.37210757,0.013041258,-0.49526873,-0.2408523,-0.037229516,-0.5564452,-0.17683735,-0.18221551,0.6844885,0.068017915,-0.357603,-0.11102971,-0.12701477,0.4181953,-0.09093633,0.40258375,0.40758842,-0.07256098,-0.011384512,-0.2728224,-0.16787377,0.19485265,-0.022364905,-0.22748162,0.24221025,0.24953052,-0.10863941,-0.5757169,-0.25018936,0.112312965,0.033209324,-0.22359739,-0.027145483,0.20710288,0.097000174,-0.25429767,0.163256,0.46517944,0.28658,0.033881593,-0.124624476,-0.37971318,-0.14964782,-0.34639853,-0.23054418,0.0618181,0.08422706,0.5219488,-0.11439105,0.6961412,0.11119252,0.62727094,0.26155666,-0.10408293,0.13390027,-0.5524116,-0.022962477,-0.21851803,0.3102588,-0.27050683,-0.27752832,-0.042234186,-0.26116976,0.27537552,-0.105128676,-0.084437735,-0.32854605,0.014311099,-0.5572669,0.67881155,-0.44559553,0.43896097,0.012443686,0.4296986,-0.030730918,-0.13216883,-0.26834062,0.08893295,0.11432977,0.293228,-0.2474256,0.56960523,0.10469392,-0.12238358,-0.2538495,-0.026473215,-0.15196341,0.5426398,0.102677114,0.27052024,0.4985688,0.122397,-0.1996945,-0.07674399,1.0744792,0.4465053,0.3088396,-0.66370946,-0.38613707,0.33042687,0.5111925,-0.18482989,0.14719625,-0.057771068,-0.042906456,0.1158237,-0.07099236,0.14069766,0.10148197,-0.44342932,0.2501281,0.11470325,-0.4139242,-0.4677057,0.52590775,-0.009143616,-0.32182336,-0.015642215,0.14749505,-0.34968516,-0.004811216,-0.16174866,0.65236896,0.2131533,-0.14172998,0.22308794,-0.6830558,0.47354546,-0.2908243,-0.5207403,0.25177142,0.30413368,0.18850344,0.11701885,-0.32959178,-0.24996528,-0.3272762,-0.2365199,0.14263977,-0.58363473,0.39003474,-0.5629438,0.98596376,0.40288252,0.029026318,-0.20738825,-0.42430702,0.28545955,0.23989467,-0.13388684,-0.14322391,0.017000174,0.71571165,0.20060429,-0.42722017,0.15601045,0.27657068,-0.34774306,0.3887649,0.0072896243,-0.46292514,0.16587038,-0.15136583,-0.11416696,-0.850899,-0.2607216,0.27724293,0.4251421,0.67059493,-0.29866743,-0.3468467,-0.04148722,0.0051234243,-0.21313988,0.8786248,-0.24361607,-0.091160424,-0.48623046,-0.019078257,0.27119252,0.39795256,0.35410568,0.23160335,-0.5004228,0.5291944,0.023424078,-0.1629438,-0.09967583,0.029847981,0.06600111,-0.34199142,0.15003473,0.16594508,0.3363279,0.08482464,0.09535685,-0.49638918,0.04605713,-0.684998,0.14913836,0.4835548,0.210763,-0.20223418,0.35432976,0.4708564,-0.32137516,-0.19073091,0.56280786,0.42319998,-0.19028273,0.1073083,-0.047014765,0.19179009,-0.23136584,0.07025881,-0.11454044,0.3713606,0.090128094,0.0031066176,0.47421774,0.13248104,0.71989465,0.12717758,-0.41437238,0.18237832,-0.31681868,-0.030805614,-0.51289713,0.2413886,0.2716407,0.23563696,-0.039022233,0.08325601,0.07862482,-0.00047881654,-0.7246618,-0.38710815,0.0726491,-0.5827384,-0.26751897,-0.4593397,-0.021543242,0.32064164,-0.230096,-0.32376546,0.5356183,0.15078169,0.7024904,-0.11708012,0.14286385,0.3210898,0.5948526,-0.6868654,-0.07764035,0.017448355,-0.24152456,-0.14344801,0.26633725,-0.095268734,-0.4439522,-0.31831262,0.36194882,-0.04820991,0.062639765,-0.3189849,-0.2795451,-0.035362102,0.48198617,0.12277048,-0.53172064,-0.35491392,0.22114584,0.02551558,-0.38404557,0.61636525,-0.024979284,0.27559963,-0.054110937,-0.09892886,-0.52977854,0.34058562,-0.046566583,-0.09153391,0.5306136,-0.071664624,0.05950251,0.04844742,-0.031179097,0.41490868,0.7017434,0.29053894,-0.08047882,-0.22658525,-0.19020805,-0.14927433,0.43933445,0.32841006,0.22234097,0.014311099,-0.08600636,0.37853146,0.4013139,-0.011085726,-0.21119776,-0.1780325,-0.12701477,-0.01683736,-0.23300916,-0.2216553,0.35089374,-0.13448443,0.12545955,0.3471589,-0.3398252,-0.64144987,0.47601044,0.25401232,-0.13187005,-0.19177666,0.18118317,-0.39129114,-0.052841093,-0.4266226,-0.095941,-0.17564222,-0.10154324,0.29726163,-0.09048815,-0.37874213,0.04411502,0.3775604,-0.29612774,-0.05254231,0.32975462,-0.043802813,0.45442313,0.06585172,0.23967057,-0.36723885,0.4575604,0.24960522,-0.0765199,0.55615985,-0.40234622,-0.45590365,0.08609448,-0.35790178,0.0073643206,-0.56384015,0.025142098,0.67881155,0.3174297,-0.1479298,-0.5565199,-0.556744,-0.34550217,0.10357347,0.34999737,-0.80772436,-0.23368143,-0.13545547,-0.30434436,0.068242006,-0.08227153,0.005571604,0.100062735,0.16714023,0.13150997,0.23638393,0.02641194,0.07981997,0.97386295,-0.068826154,0.6744792,-0.32436302,-0.2841016,0.36306927,0.7391664,0.14771913,-0.051944736,-0.66348535,-0.36066556,-0.36044148,-0.36552083,0.40392828,-0.17907825,0.04740167,-0.08891953,-0.09982522,-0.35849935,-0.015343429,0.32616916,0.030221464,0.100735,0.122023515,-0.16772439,0.26013744,0.15608515,0.013489437,0.41483396,-0.18102036,0.6950954,0.99231297,0.2586435,0.059801295,0.22756973,-0.19237424,-0.044475082,0.22674808,-0.2646058,0.091622025,0.06764443,-0.24294381,-0.54374677,-0.23891018,-0.65997463,0.26529148,-0.3229438,0.29091242,-0.038275268,-0.46456847,-0.5654835,-0.16488591,-0.055455472,-0.4727851,-0.16884483,0.26588908,-0.109535776,-0.29762167,0.6363092,-0.074652486,-0.03304651,-0.18057218,0.40870887,-0.9303761,-0.35155258,-0.33272904,0.2479619,-0.3879298,-0.32481122,0.2262999,-0.21164595,0.4208097,-0.2621408,-0.27259833,-0.41676265,-0.09631448,-0.04776173,-0.208434,-0.25018936,0.17341474,-0.30643585,0.020959092,0.1030506,-0.045969013,-0.5394891,-0.20253298,-0.23965715,-0.20776173,-0.36268237,-0.15510066,-0.31562355,0.23802726,0.26424575,-0.007500292,0.3251981,-0.17243026,-0.26400822,0.14786853,-0.16182335,-0.065987684,-0.3231679,-0.0033919818,-0.11708012,-0.37672532,0.06913836,0.38577703,0.04732697,0.34245303,-0.29635182,0.85427374,-0.10707079,-0.18303718,0.2888956,0.6347406,-0.1607029,-0.17086163,0.036495972,-0.19073091,-0.1911044,0.11746703,0.2782887,-0.24600635,0.34230363,0.26193014,-0.4028691,0.20426442,0.0031066176,0.7017434,-0.6002921,0.010426879,-0.0018233544,-0.0765199,0.035375524,-0.558462,-0.10766836,0.54376024,-0.16929302,0.064955354,-0.031253792,-0.14718284,0.045608953,-0.5149886,-0.86688405,-0.2082099,-0.11304651,-0.37545547,-0.053438667,0.53860617,0.020436216,0.045459557,-0.10131915,0.10036152,-0.50849,-0.8353621,-0.112150155,0.1330039,0.8607724,0.4937882,-0.41691205,0.31571165,-0.38068423,-0.35693073,-0.124475084,0.1742364,0.25020278,0.37606648,-0.018405987,-0.5878925,-0.0721875,0.25827003,-0.4677057,0.13255572,-0.08615576,-0.002196837,-0.5563705,-0.22314923,0.09468458,0.83007205,0.28075367,-0.40585697,-0.26639852,0.16228496,-0.14426966,0.04441381,0.2868041,-0.05082429,0.17348944,-0.13642652,0.3736015,0.015506244,-0.41437238,0.04717758,0.31302258,0.14876488,0.40534753,0.22450718,0.26798058,0.11141661,0.2024717,0.11761642,-0.27080563,-0.49108574,0.036047794,0.21912903,-0.09892886,-0.31510067,-0.2669214,-0.09302784,0.13427375,-0.019377042,-0.21821925,0.55399364,0.16377889,-0.22060953,0.7015193,-0.58131915,-0.06934903,-0.36051616,-0.3752314,-0.3968187,-0.64204746,-0.45575425,0.18013743,-0.04320524,0.20740166,-0.23622112,0.090053394,-0.33519402,0.377411,0.08280783,-0.032673027,-0.21560487,0.30913836,0.25700018,-0.11708012,0.22323734,0.5862625,0.07586105,0.078027256,-0.22352271,0.0836295,-0.3511791,0.3320702,-0.54912496,0.49281716,-0.20387751,0.011547327,-0.7688075,-0.24257033,0.22794321,-0.010637547,0.26663604,-0.068975545,0.19179009,-0.22307453,-0.17989992,0.17057627,-0.051123075,-0.652505,-0.09586631,-0.21254231,0.3358797,0.13457254,0.056514647,0.18566498,-0.25825658,0.1916407,0.23190214,-0.120217375,-0.026025034,-0.13530608,0.17722426,0.40601978,0.14473127,-0.13672532,0.5179152,-0.3812818,0.29053894,0.027831174,0.13277982,-0.75028276,0.38062295,0.85427374,-0.18781775,0.38689747,-0.1563705,0.11828869,-0.12230888,0.23892361,0.3389423,-0.115959674,-0.0030931956,-0.013774802,-0.13650122,0.0048993346,0.020660305,-0.4764452,0.32445115,0.29434845,-0.6666973,-0.19834997,-0.22255164,0.21173407,0.043517448,-0.103709444,-0.1674256,0.44822332,0.0019114729,-0.50557685,0.4896799,-0.24354137,-0.19812587,-0.5086394,0.20187412,0.42865282,0.10163136,0.045459557,0.061145835,-0.59461516,0.13270512,-0.22023605,0.11440447,-0.35633317,-0.3164452,0.19761643,-0.056501225,-0.4207216,-0.5416553,0.23018411,0.4166267,-0.07263568,-0.024157621,-0.28925565,0.04844742,0.052256946,-0.095492825,-0.32854605,-0.45209414,0.13905433,-0.35185137,0.35193947,0.15048291,-0.017659022,0.20426442,-0.12537144,-0.20768704,-0.3531959,0.23959588,0.11149131,-0.35461515,-0.5282099,0.5012579,-0.5952127,0.0021355625,0.14323734,0.16221026,0.4704082,0.05001605,0.25558093,0.01752305,0.09685078,0.18417105,0.025664974,0.13419905,0.23750438,-0.35678133,-0.13388684,-0.64346665,-0.2968747,-0.4032426,0.28501138,-0.123130545,-0.17930235,0.45838207,0.3470842,-0.08630515,-0.21149656,0.3305016,-0.23928367,0.4727238,0.102901205,0.09080036,-0.012803746,0.23063229,-0.37403625,-0.054932598,-0.3964452,0.08953052,-0.2954555,0.6328732,0.12740166,-0.1543537,0.209045,0.017821837,0.31339607,0.52784985,0.20986666,0.5690823,0.13569298,0.18013743,0.06271446,0.106860116,0.52822334,-0.11409226,0.6118088,-0.25683737,0.050314832,0.043666843,-0.2540736,-0.19416696,-0.28074026,-0.11162727,-0.18131915,-0.065016635,-0.14509133,-0.010114671,0.17326535,0.30107114,-0.5499466,-0.1327664,-0.08062821,-0.27648255,-0.6172482,0.06981063,0.03896096,0.12090307,-0.24832195,-0.06875146,0.19231297,0.18021213,-0.17213148,0.16094042,0.07675741,0.42394695,-0.15607172,0.30682278,-0.16122578,-0.6927664,-0.16682802,-0.10744427,-0.06867676,-0.14060953,-0.07345734,0.2604362,0.2677565,-0.478462,-0.13567956,0.101556666,-0.24645454,-0.26430702,0.72213554,0.8498666,0.01147263,-0.028415324,-0.11991859,0.1375604,-0.46434435,0.25431108,-0.09340132,-0.2801427,0.21203285,0.38069767,-0.22464316,-0.17213148,0.1960478,-0.5438962,-0.1069214,0.12814863,0.44516078,0.30913836,0.0899787,-0.34333596,0.23675741,-0.62016135,0.35418037,0.31018412,-0.502589,-0.21762167,0.090352185,-0.11013334,0.3666547,-0.41474587,0.24168739,-0.08712681,0.04523547,-0.32959178,0.3001001,-0.26863942,-0.33915296,-0.1001987,0.41446048,0.107980564,0.14435779,0.21965191,0.3062252,0.3992971,-0.05553017,0.15503938,-0.43842465,0.27851278,-0.05657592,-0.3575283,0.0920702,0.35022146,0.08848477,-0.35640785,-0.51035744,0.11410569,0.70898896,-0.12731355,0.31287318,0.14727095,-0.015268733,0.23070699,0.85382557,0.07190213,-0.06075893,-0.15271038,-0.3077804,0.15018411,-0.1670521,-0.81310254,1.1429759,-0.8049606,-0.45545548,-0.83633316,-0.17429768,0.060100082,1.0760478,-0.05246761,-0.39659458,-0.065987684,1.1795772,-0.6811137,-1.0110484,-0.7565572,0.24049224,0.46263978,-0.7228691,0.5804362,0.0057956935,1.2333587,0.49550626,-0.8655395,1.3178405,-0.630843,-0.04387751,-0.5187982,0.23235032,-0.5890876,-0.5719821,0.59896094,-0.2628131,-0.75035745,-0.28970385,-0.3012818,-0.1586861,-0.30255166,0.33162203,0.07608514,0.29897964,0.58641195,1.083144,-0.7119634,-0.54001194,-0.40189806,-0.43573558,-1.0607216,-0.38337332,-0.19924632,0.83828866,1.044003,-0.54501665,-0.205969,0.56056696,1.1044325,-1.0629625,-1.0846245,-0.04820991,-0.81474584,-0.1498719,0.11074434,-0.2923929,0.27425507,-1.1865853,-0.25504464,0.69606644,-0.5480045,0.7148153,-0.23614642,-0.88854605,0.7075697,0.40213555,-0.27842465,0.22256507,0.33752304,-0.72182333,0.101556666,1.0859077,-0.067481615,0.36590773,-0.4916833,0.63802725,0.92934376,0.34566498,-0.40346667,0.65827,-0.42341065,-0.44477388,0.29427376,-0.5143164,0.16930643,-0.62046015,0.42999738,-0.077416256,-0.6604975,-0.11693073,-0.39375612,0.548989,0.4143111,-0.025128676,-0.015343429,0.3927238,-0.18968517,-0.03737891,0.116495974,0.004525852,-0.77650124,0.22876488,-0.06225286,-0.3186114,-0.10609973,0.032312967,0.31855014,0.010352182,-0.48346668,-0.34796715,-0.6046992,1.0469161,-0.2757356,-0.48219684,-0.16630514,-0.32376546,0.59507674,0.5178405,1.0562532,
1,0,0,0,0,0,0,0,0,0,0,0,0,0,0,0,0,0,0,0,0,0,0,0,0,0,0,0,0,0,0,0,0,0,0,0,0,0,0,0,0,0,0,0,0,0,0,0,0,0,0,0,0,0,0,0,0,0,0,0,0,0,0,0,0,0,0,0,0,0,0,0,0,0,0,0,0,0,0,0,0,0,0,0,0,0,0,0,0,0,0,0,0,0,0,0,0,0,0,0,0,0,0,0,0,0,0,0,0,0,0,0,0,0,0,0,0,0,0,0,0,0,0,0,0,0,0,0,0,0,0,0,0,0,0,0,0,0,0,0,0,0,0,0,0,0,0,0,0,0,0,0,0,0,0,0,0,0,0,0,0,0,0,0,0,0,0,0,0,0,0,0,0,0,0,0,0,0,0,0,0,0,0,0,0,0,0,0,0,0,0,0,0,0,0,0,0,0,0,0,0,0,0,0,0,0,0,0,0,0,0,0,0,0,0,0,0,0,0,0,0,0,0,0,0,0,0,0,0,0,0,0,0,0,0,0,0,0,0,0,0,0,0,0,0,0,0,0,0,0,0,0,0,0,0,0,0,0,0,0,0,0,0,0,0,0,0,0,0,0,0,0,0,0,0,0,0,0,0,0,0,0,0,0,0,0,0,0,0,0,0,0,0,0,0,0,0,0,0,0,0,0,0,0,0,0,0,0,0,0,0,0,0,0,0,0,0,0,0,0,0,0,0,0,0,0,0,0,0,0,0,0,0,0,0,0,0,0,0,0,0,0,0,0,0,0,0,0,0,0,0,0,0,0,0,0,0,0,0,0,0,0,0,0,0,0,0,0,0,0,0,0,0,0,0,0,0,0,0,0,0,0,0,0,0,0,0,0,0,0,0,0,0,0,0,0,0,0,0,0,0,0,0,0,0,0,0,0,0,0,0,0,0,0,0,0,0,0,0,0,0,0,0,0,0,0,0,0,0,0,0,0,0,0,0,0,0,0,0,0,0,0,0,0,0,0,0,0,0,0,0,0,0,0,0,0,0,0,0,0,0,0,0,0,0,0,0,0,0,0,0,0,0,0,0,0,0,0,0,0,0,0,0,0,0,0,0,0,0,0,0,0,0,0,0,0,0,0,0,0,0,0,0,0,0,0,0,0,0,0,0,0,0,0,0,0,0,0,0,0,0,0,0,0,0,0,0,0,0,0,0,0,0,0,0,0,0,0,0,0,0,0,0,0,0,0,0,0,0,0,0,0,0,0,0,0,0,0,0,0,0,0,0,0,0,0,0,0,0,0,0,0,0,0,0,0,0,0,0,0,0,0,0,0,0,0,0,0,0,0,0,0,0,0,0,0,0,0,0,0,0,0,0,0,0,0,0,0,0,0,0,0,0,0,0,0,0,0,0,0,0,0,0,0,0,0,0,0,0,0,0,0,0,0,0,0,0,0,0,0,0,0,0,0,0,0,0,0,0,0,0,0,0,0,0,0,0,0,0,0,0,0,0,0,0,0,0,0,0,0,0,0,0,0,0,0,0,0,0,0,0,0,0,0,0,0,0,0,0,0,0,0,0,0,0,0,0,0,0,0,0,0,0,0,0,0,0,0,0,0,0,0,0,0,0,0,0,0,0,0,0,0,0,0,0,0,0,0,0,0,0,0,0,0,0,0,0,0,0,0,0,0,0,0,0,0,0,0,0,0,0,0,0,0,0,0,0,0,0,0,0,0,0,0,0,0,0,0,0,0,0,0,0,0,0,0,0,0,0,0,0,0,0,0,0,0,0,0,0,0,0,0,0,0,0,0,0,0,0,0,0,0,0,0,0,0,0,0,0,0,0,0,0,0,0,0,0,0,0,0,0,0,0,0,0,0,0,0,0,0,0,0,0,0,0,0,0,0,0,0,0,0,0,0,0,0,0,0,0,0,0,0,0,0,0,0,0,0,0,0,0,0,0,0,0,0,0,0,0,0,0,0,0,0,0,0,0,0,0,0,0,0,0,0,0,0,0,0,0,0,0,0,0,0,0,0,0,0,0,0,0,0,0,0,0,0,0,0,0,0,0,0,0,0,0,0,0,0,0,0,0,0,0,0,0,0,0,0,0,0,0,0,0,0,0,0,0,0,0,0,0,0,0,0,0,0,0,0,0,0,0,0,0,0,0,0,0,0,0,0,0,0,0,0,0,0,0,0,0,0,0,0,0,0,0,0,0,0,0,0,0,0,0,0,0,0,0,0,0,0,0,0,0,0,0,0,0,0,0,0,0,0,0,0,0,0,0,0,0,0,0,0,0,0,0,0,0,0,0,0,0,0,0,0,0,0,0,0,0,0,0,0,0,0,0,0,0,0,0,0,0,0,0,0,0,0,0,0,0,0,0,0,0,0,0,0,0,0,0,0,0,0,0,0,0,0,0,0,0,0,0,0,0,0,0,0,0,0,0,0,0,0,0,0,0,0,0,0,0,0,0,0,0,0,0,0,0,0,0,0,0,0,0,0,0,0,0,0,0,0,0,0,0,0,0,0,0,0,0,0,0,0,0,0,0,0,0,0,0,0,0,0,0,0,0,0,0,0,0,0,0,0,0,0,0,0,0,0,0,0,0,0,0,0,0,0,0,0,0,0,0,0,0,0,0,0,0,0,0,0,0,0,0,0,0,0,0,0,0,0,0,0,0,0,0,0,0,0,0,0,0,0,0,0,0,0,0,0,0,0,0,0,0,0,0,0,0,0,0,0,0,0,0,0,0,0,0,0,0,0,0,0,0,0,0,0,0,0,0,0,0,0,0,0,0,0,0,0,0,0,0,0,0,0,0,0,0,0,0,0,0,0,0,0,0,0,0,0,0,0,0,0,0,0,0,0,0,0,0,0,0,0,0,0,0,0,0,0,0,0,0,0,0,0,0,0,0,0,0,0,0,0,0,0,0,0,0,0,0,0,0,0,0,0,0,0,0,0,0,0,0,0,0,0,0,0,0,0,0,0,0,0,0,0,0,0,0,0,0,0,0,0,0,0,0,0,0,0,0,0,0,0,0,0,0,0,0,0,0,0,0,0,0,0,0,0,0,0,0,0,0,0,0,0,0,0,0,0,0,0,0,0,0,0,0,0,0,0,0,0,0,0,0,0,0,0,0,0,0,0,0,0,0,0,0,0,0,0,0,0,0,0,0,0,0,0,0,0,0,0,0,0,0,0,0,0,0,0,0,0,0,0,0,0,0,0,0,0,0,0,0,0,0,0,0,0,0,0,0,0,0,0,0,0,0,0,0,0,0,0,0,0,0,0,0,0,0,0,0,0,0,0,0,0,0,0,0,0,0,0,0,0,0,0,0,0,0,0,0,0,0,0,0,0,0,0,0,0,0,0,0,0,0,0,0,0,0,0,0,0,0,0,0,0,0,0,0,0,0,0,0,0,0,0,0,0,0,0,0,0,0,0,0,0,0,0,0,0,0,0,0,0,0,0,0,0,0,0,0,0,0,0,0,0,0,0,0,0,0,0,0,0,0,0,0,0,0,0,0,0,0,0,0,0,0,0,0,0,0,0,0,0,0,0,0,0,0,0,0,0,0,0,0,0,0,0,0,0,0,0,0,0,0,0,0,0,0,0,0,0,0,0,0,0,0,0,0,0,0,0,0,0,0,0,0,0,0,0,0,0,0,0,0,0,0,0,0,0,0,0,0,0,0,0,0,0,0,0,0,0,0,0,0,0,0,0,0,0,0,0,0,0,0,0,0,0,0,0,0,0,0,0,0,0,0,0,0,0,0,0,0,0,0,0,0,0,0,0,0,0,0,0,0,0,0,0,0,0,0,0,0,0,0,0,0,0,0,0,0,0,0,0,0,0,0,0,0,0,0,0,0,0,0,0,0,0,0,0,0,0,0,0,0,0,0,0,0,0,0,0,0,0,0,0,0,0,0,0,0,0,0,0,0,0,0,0,0,0,0,0,0,0,0,0,0,0,0,0,0,0,0,0,0,0,0,0,0,0,0,0,0,0,0,0,0,0,0,0,0,0,0,0,0,0,0,0,0,0,0,0,0,0,0,0,0,0,0,0,0,0,0,0,0,0,0,0,0,0,0,0,0,0,0,0,0,0,0,0,0,0,0,0,0,0,0,0,0,0,0,0,0,0,0,0,0,0,0,0,0,0,0,0,0,0,0,0,0,0,0,0,0,0,0,0,0,0,0,0,0,0,0,0,0,0,0,0,0,0,0,0,0,0,0,0,0,0,0,0,0,0,0,0,0,0,0,0,0,0,0,0,0,0,0,0,0,0,0,0,0,0,0,0,0,0,0,0,0,0,0,0,0,0,0,0,0,0,0,0,0,0,0,0,0,0,0,0,0,0,0,0,0,0,0,0,0,0,0,0,0,0,0,0,0,0,0,0,0,0,0,0,0,0,0,0,0,0,0,0,0,0,0,0,0,0,0,0,0,0,0,0,0,0,0,0,0,0,0,0,0,0,0,0,0,0,0,0,0,0,0,0,0,0,0,0,0,0,0,0,0,0,0,0,0,0,0,0,0,0,0,0,0,0,0,0,0,0,0,0,0,0,0,0,0,0,0,0,0,0,0,0,0,0,0,0,0,0,0,0,0,0,0,0,0,0,0,0,0,0,0,0,0,0,0,0,0,0,0,0,0,0,0,0,0,0,0,0,0,0,0,0,0,0,0,0,0,0,0,0,0,0,0,0,0,0,0,0,0,0,0,0,0,0,0,0,0,0,0,0,0,0,0,0,0,0,0,0,0,0,0,0,0,0,0,0,0,0,0,0,0,0,0,0,0,0,0,0,0,0,0,0,0,0,0,0,0,0,0,0,0,0,0,0,0,0,0,0,0,0,0,0,0,0,0,0,0,0,0,0,0,0,0,0,0,0,0,0,0,0,0,0,0,0,0,0,0,0,0,0,0,0,0,0,0,0,0,0,0,0,0,0,0,0,0,0,0,0,0,0,0,0,0,0,0,0,1,0,0,0,0,0,0,0,0,0,0,0,0,0,0,0,0,0,0,0,0,0,0,0,0,0,0,0,0,0,0,0,0,0,0,0,0,0,0,0,0,0,0,0,0,0,0,0,0,0,0,0,0,0,0,0,0,0,0,0,0,0,0,0,0,0,0,0,0,0,0,0,0,0,0,0,0,0,0,0,0,0,0,0,0,0,0,0,0,0,0,0,0,0,0,0,0,0,0,0,0,0,0,0,0,0,0,0,0,0,0,0,0,0,0,0,0,0,0,0,0,0,0,0,0,0,0,0,0,0,0,0,0,0,0,0,0,0,0,0,0,0,0,0,0,0,0,0,0,0,0,0,0,0,0,0,0,0,0,0,0,0,0,0,0,0,0,0,0,0,0,0,0,0,0,0,0,0,0,0,0,0,0,0,0,0,0,0,0,0,0,0,0,0,0,0,0,0,0,0,0,0,0,0,0,0,0,0,0,0,0,0,0,0,0,0,0,0,0,0,0,0,0,0,0,0,0,0,0,0,0,0,0,0,0,0,0,0,0,0,0,0,0,0,0,0,0,0,0,0,0,0,0,0,0,0,0,0,0,0,0,0,0,0,0,0,0,0,0,0,0,0,0,0,0,0,0,0,0,0,0,0,0,0,0,0,0,0,0,0,0,0,0,0,0,0,0,0,0,0,0,0,0,0,0,0,0,0,0,0,0,0,0,0,0,0,0,0,0,0,0,0,0,0,0,0,0,0,0,0,0,0,0,0,0,0,0,0,0,0,0,0,0,0,0,0,0,0,0,0,0,0,0,0,0,0,0,0,0,0,0,0,0,0,0,0,0,0,0,0,0,0,0,0,0,0,0,0,0,0,0,0,0,0,0,0,0,0,0,0,0,0,0,0,0,0,0,0,0,0,0,0,0,0,0,0,0,0,0,0,0,0,0,0,0,0,0,0,0,0,0,0,0,0,0,0,0,0,0,0,0,0,0,0,0,0,0,0,0,0,0,0,0,0,0,0,0,0,0,0,0,0,0,0,0,0,0,0,0,0,0,0,0,0,0,0,0,0,0,0,0,0,0,0,0,0,0,0,0,0,0,0,0,0,0,0,0,0,0,0,0,0,0,0,0,0,0,0,0,0,0,0,0,0,0,0,0,0,0,0,0,0,0,0,0,0,0,0,0,0,0,0,0,0,0,0,0,0,0,0,0,0,0,0,0,0,0,0,0,0,0,0,0,0,0,0,0,0,0,0,0,0,0,0,0,0,0,0,0,0,0,0,0,0,0,0,0,0,0,0,0,0,0,0,0,0,0,0,0,0,0,0,0,0,0,0,0,0,0,0,0,0,0,0,0,0,0,0,0,0,0,0,0,0,0,0,0,0,0,0,0,0,0,0,0,0,0,0,0,0,0,0,0,0,0,0,0,0,0,0,0,0,0,0,0,0,0,0,0,0,0,0,0,0,0,0,0,0,0,0,0,0,0,0,0,0,0,0,0,0,0,0,0,0,0,0,0,0,0,0,0,0,0,0,0,0,0,0,0,0,0,0,0,0,0,0,0,0,0,0,0,0,0,0,0,0,0,0,0,0,0,0,0,0,0,0,0,0,0,0,0,0,0,0,0,0,0,0,0,0,0,0,0,0,0,0,0,0,0,0,0,0,0,0,0,0,0,0,0,0,0,0,0,0,0,0,0,0,0,0,0,0,0,0,0,0,0,0,0,0,0,0,0,0,0,0,0,0,0,0,0,0,0,0,0,0,0,0,0,0,0,0,0,0,0,0,0,0,0,0,0,0,0,0,0,0,0,0,0,0,0,0,0,0,0,0,0,0,0,0,0,0,0,0,0,0,0,0,0,0,0,0,0,0,0,0,0,0,0,0,0,0,0,0,0,0,0,0,0,0,0,0,0,0,0,0,0,0,0,0,0,0,0,0,0,0,0,0,0,0,0,0,0,0,0,0,0,0,0,0,0,0,0,0,0,0,0,0,0,0,0,0,0,0,0,0,0,0,0,0,0,0,0,0,0,0,0,0,0,0,0,0,0,0,0,0,0,0,0,0,0,0,0,0,0,0,0,0,0,0,0,0,0,0,0,0,0,0,0,0,0,0,0,0,0,0,0,0,0,0,0,0,0,0,0,0,0,0,0,0,0,0,0,0,0,0,0,0,0,0,0,0,0,0,0,0,0,0,0,0,0,0,0,0,0,0,0,0,0,0,0,0,0,0,0,0,0,0,0,0,0,0,0,0,0,0,0,0,0,0,0,0,0,0,0,0,0,0,0,0,0,0,0,0,0,0,0,0,0,0,0,0,0,0,0,0,0,0,0,0,0,0,0,0,0,0,0,0,0,0,0,0,0,0,0,0,0,0,0,0,0,0,0,0,0,0,0,0,0,0,0,0,0,0,0,0,0,0,0,0,0,0,0,0,0,0,0,0,0,0,0,0,0,0,0,0,0,0,0,0,0,0,0,0,0,0,0,0,0,0,0,0,0,0,0,0,0,0,0,0,0,0,0,0,0,0,0,0,0,0,0,0,0,0,0,0,0,0,0,0,0,0,0,0,0,0,0,0,0,0,0,0,0,0,0,0,0,0,0,0,0,0,0,0,0,0,0,0,0,0,0,0,0,0,0,0,0,0,0,0,0,0,0,0,0,0,0,0,0,0,0,0,0,0,0,0,0,0,0,0,0,0,0,0,0,0,0,0,0,0,0,0,0,0,0,0,0,0,0,0,0,0,0,0,0,0,0,0,0,0,0,0,0,0,0,0,0,0,0,0,0,0,0,0,0,0,0,0,0,0,0,0,0,0,0,0,0,0,0,0,0,0,0,0,0,0,0,0,0,0,0,0,0,0,0,0,0,0,0,0,0,0,0,0,0,0,0,0,0,0,0,0,0,0,0,0,0,0,0,0,0,0,0,0,0,0,0,0,0,0,0,0,0,0,0,0,0,0,0,0,0,0,0,0,0,0,0,0,0,0,0,0,0,0,0,0,0,0,0,0,0,0,0,0,0,0,0,0,0,0,0,0,0,0,0,0,0,0,0,0,0,0,0,0,0,0,0,0,0,0,0,0,0,0,0,0,0,0,0,0,0,0,0,0,0,0,0,0,0,0,0,0,0,0,0,0,0,0,0,0,0,0,0,0,0,0,0,0,0,0,0,0,0,0,0,0,0,0,0,0,0,0,0,0,0,0,0,0,0,0,0,0,0,0,0,0,0,0,0,0,0,0,0,0,0,0,0,0,0,0,0,0,0,0,0,0,0,0,0,0,0,0,0,0,0,0,0,0,0,0,0,0,0,0,0,0,0,0,0,0,0,0,0,0,0,0,0,0,0,0,0,0,0,0,0,0,0,0,0,0,0,0,0,0,0,0,0,0,0,0,0,0,0,0,0,0,0,0,0,0,0,0,0,0,0,0,0,0,0,0,0,0,0,0,0,0,0,0,0,0,0,0,0,0,0,0,0,0,0,0,0,0,0,0,0,0,0,0,0,0,0,0,0,0,0,0,0,0,0,0,0,0,0,0,0,0,0,0,0,0,0,0,0,0,0,0,0,0,0,0,0,0,0,0,0,0,0,0,0,0,0,0,0,0,0,0,0,0,0,0,0,0,0,0,0,0,0,0,0,0,0,0,0,0,0,0,0,0,0,0,0,0,0,0,0,0,0,0,0,0,0,0,0,0,0,0,0,0,0,0,0,0,0,0,0,0,0,0,0,0,0,0,0,0,0,0,0,0,1.1407536,0.24226628,1.1249554,-0.23594101,0.74686015,-0.24630515,0.6328545,-1.2303388,0.4345912,-0.56921834,-1.4146525,-0.5330278,0.54422706,0.2052915,0.75184613,1.51179,-0.5585741,0.33851278,-0.30837798,0.02988533,-0.7779578,0.19548757,1.094031,0.46585172,-0.46675333,-1.0093864,-0.49476454,1.4720702,-0.42759365,0.3980646,-0.48159927,1.1903895,0.7581766,-1.2307309,0.16725227,-1.0722996,0.24232231,0.15935312,0.022882529,-0.6349886,0.5944231,-0.5702267,-0.6477617,0.07968925,-0.32787377,-1.001095,-1.5949886,-0.42636117,0.44450718,1.2567201,-0.47190738,0.39935312,-0.59835,0.06058561,-0.97426033,0.19638392,-0.13033876,0.6998573,-0.90221554,0.5283167,0.369045,0.33862484,-1.5601426,0.9012579,1.1475884,0.26573968,0.7842271,0.6906136,1.5957677,0.5753195,1.0743111,-1.1698905,-0.6191343,-0.5260811,0.42221025,-1.0875376,-0.04983456,0.81425506,0.14411502,-1.3545405,0.40669206,-0.6870334,-0.58305585,0.78221023,0.09632791,1.4959918,0.040753677,0.31924108,0.7475884,0.654031,-0.34977853,-0.22081496,0.30428308,0.5626024,-0.3929718,-1.2114592,-0.3889382,0.98338675,1.0155996,1.1279246,0.3712859,-0.7604788,-0.48580095,-0.37829393,0.8935828,-1.0990783,-0.39610907,0.8930786,0.33162203,-0.28103903,0.045571603,-1.0847925,0.3055156,-0.46977854,-0.9831679,-0.043448005,0.696608,0.5111178,-0.15291579,1.2330786,-0.11650123,1.1635548,0.62562764,1.1319581,-1.0063051,0.45190212,-0.38837796,0.4813139,0.11548757,0.6930226,0.2845632,-0.59011465,-0.5724676,1.4828825,1.6283168,-0.04798582,-0.3729718,-0.22064689,-0.27454045,1.3208658,0.91442317,-0.6747085,-0.5691063,-1.1517394,-0.6576217,0.28047356,-0.20423232,-0.33308387,0.020697653,-0.015884979,-0.014260329,1.3345913,0.31873688,-0.48540878,0.57515144,0.7070842,0.083330706,-1.3588542,0.52327466,-0.4081539,-0.3986861,-1.826081,0.24052958,0.9609778,-0.23336397,0.28243434,1.3126304,0.16249037,0.24988534,-0.4656329,0.14635591,0.03475928,-0.1719074,0.619017,-0.36109507,1.5882046,0.7652355,-0.3892183,-0.42714548,0.14288253,-0.9999186,0.4743671,0.49896097,0.47946516,-1.5324116,-0.016725315,-0.54171133,-1.7596384,-0.29140317,-1.1180139,0.14277048,0.06960522,1.1588489,1.064115,-0.63975054,-1.1143724,-0.7594144,-0.39302784,0.08910102,0.015935749,0.29515144,-0.68849003,0.41078168,0.13341475,-0.0045684525,-0.8104508,-0.44311187,-0.1641763,0.31722426,-0.020590862,0.51414305,0.25223827,-0.31011468,0.8829946,-0.40731356,1.3351514,0.37599176,0.21089374,0.78540355,0.24596377,0.33442315,-0.26288778,0.5686528,0.97610384,-0.37599704,-0.72882617,-1.0868094,0.45672005,0.6253475,0.9501094,0.9443951,0.4875884,-0.6441203,0.30226627,-1.4598626,-0.008041842,-0.8228878,1.1210338,-0.6586861,0.24725227,-0.5016553,-0.66087097,0.17089373,-0.735997,-0.12148722,0.45840073,-0.15599702,-0.58462447,0.45475927,0.924115,0.4735828,-0.30451244,-0.47375613,0.075095415,0.291622,-0.2861931,-1.1717954,-0.42983454,-0.18849002,0.034983367,-0.6517953,0.25576767,-0.6694424,1.7004175,1.0424343,-0.8218794,1.3792971,-0.09963848,-0.635885,-0.2992463,-0.6552687,-0.0025516457,0.694087,-0.55398023,0.5017621,-0.8141483,-0.3036721,0.3462999,-0.5479298,-1.1073695,-0.5161651,-0.34658527,-0.48507264,0.5403615,-0.3931959,0.5408097,-0.24288778,-0.49409226,-0.7689942,0.6061878,1.2107817,-0.07700542,-0.82440037,-0.6526917,0.24249037,1.0110058,0.71363884,-0.17358807,0.7363839,-1.1153247,0.13117385,0.15055759,-0.8064732,-0.078742124,1.2510058,-0.25358805,-0.2549886,1.1037228,0.02176208,0.4592971,0.09218225,0.76069766,0.024507178,0.21817665,-1.4314592,0.17352678,-0.020366771,-0.10697742,0.14579569,-0.68137515,0.59621584,-0.018013831,0.6082607,0.12545955,0.33974528,0.07386292,0.5193531,0.5356556,0.34585172,0.5735828,0.34120184,-0.38036677,0.39800858,0.90966123,-0.4429438,-0.7767813,-0.8704508,0.007532388,-0.23622112,-0.22176734,-1.2644004,-0.64255166,-0.5929718,0.053302698,0.75716823,1.0203615,-0.026977416,-0.66462445,-0.58736956,0.18585172,-0.77823794,0.3107817,-0.22820991,0.20008141,0.8333027,-0.4311791,-0.4726917,-0.5118514,0.4898293,0.22495535,-0.71201944,-0.1314592,-0.47582895,-1.2181818,-0.2951567,-0.54479253,-0.678462,0.59498334,-0.05476453,0.12047356,-1.7780699,-0.22540879,-0.5293864,0.7568321,0.19195816,-0.24120711,-0.17448442,0.40377888,-0.26921833,-0.66311187,-1.0469214,0.31733632,-1.3490503,-0.48327994,0.29190212,0.6931346,-0.18658526,0.46310663,-0.27829394,-1.1361651,0.20842874,-1.0729158,-0.1282099,0.0078125,-0.50400823,0.024899336,0.4285408,0.008316701,0.87700015,0.22753239,0.82865286,0.7619862,-0.1964452,0.30495536,-0.4669214,0.24075368,1.1479245,-0.730899,0.12949318,0.015431548,-0.07510067,-0.8466413,1.241482,0.027532388,-0.25549284,-0.51252365,0.38271445,0.28047356,-0.22372812,0.8409778,0.2442831,-0.40109506,0.08910102,-0.21129113,0.5558797,-0.5979578,-1.0204788,-0.35947043,-0.87986255,-0.4656889,-0.20417629,0.29520747,0.42495537,-0.33073092,-0.32989058,0.41918504,0.38484332,0.20545956,-0.3506749,0.62013745,-0.63851804,-0.6121875,-1.5221034,1.2021543,0.7772803,0.8855716,0.9037789,0.44870886,-0.07521271,-0.3774536,0.28299457,0.044002976,1.1999694,-1.2454648,0.14187412,-0.6730278,-0.027929798,-0.36400822,-0.53706145,-0.48400822,-0.2898906,-0.6451847,0.7051234,-0.07392419,0.046299893,1.4694932,-0.1494424,-0.28652924,-0.95750964,-0.51717347,-0.027817752,-0.0769494,-0.6567253,-0.40949842,-0.29084295,0.74736434,0.9778405,0.017448355,-0.2887141,0.96265846,-0.9065853,-0.5249046,-0.031347163,0.91492736,0.25223827,-0.29134718,1.0776725,0.12557161,-0.49145922,-0.0796945,-0.7451287,-0.120310746,-0.7693304,0.9544231,-0.6912351,-0.9925236,-0.23039478,-0.21885417,1.3998573,0.6363279,-1.0854088,-0.29207546,0.072350316,0.37963322,0.9798013,0.25896096,0.37851277,0.13218224,0.41896096,1.0285408,0.36372286,0.17447917,0.09128589,-0.5427197,0.024675244,0.6680366,0.09223827,-0.85224354,0.84243435,0.090221465,0.6753755,0.033190653,-0.51095504,-0.44434437,-0.12921831,0.99643993,1.2929106,-0.280927,-0.08479254,0.5112859,-0.6854648,-0.30053484,-0.7126357,-0.44854605,0.11543155,-0.33179533,-0.6500026,0.3810898,-0.024008228,0.28036153,0.58136994,-0.4926917,0.07022146,-0.76210344,-0.2056889,-0.6431119,0.050333507,-0.40608105,0.2338069,-1.0162212,0.5100534,0.0011458333,0.29302257,0.042826507,-0.8214312,0.8636108,-0.24882616,-0.21476454,1.1284287,0.5527425,1.154143,-0.18154325,-0.4381819,0.2723503,0.2561038,-1.6295544,-0.7874256,1.0248994,-0.1446805,-0.2391903,0.05089373,-0.6979018,-0.73134714,0.022378325,-0.74176735,0.3702775,-0.26680934,-1.2345965,0.34714022,0.33201417,0.32596377,-0.36255166,-0.34423232,-0.90154326,-0.26927432,0.115319505,-0.51750964,0.50305057,0.64237833,-0.8496665,-0.30053484,0.97447914,-0.19526874,-0.049106266,0.4178405,0.23319066,1.5474204,-0.0516833,0.1842831,-0.6168934,0.82994133,0.24215424,-0.10742559,0.21968925,-0.4469214,-0.19717349,-0.5523556,0.6596332,0.4468601,0.25716823,0.37571165,-0.20305584,-0.031347163,-0.25588498,0.15828869,0.07386292,-0.7603668,0.28719625,-0.6581259,-0.53257966,0.34596375,-0.49414828,0.88770044,0.022098213,0.17307861,-0.49005866,0.83038956,0.504003,-0.56680936,0.3675324,-0.06311187,0.97677606,0.24943715,-0.6646805,-0.44215947,-0.72529674,0.67767245,0.5842831,-0.9175096,-0.21980655,0.22226629,-0.8429438,-0.59599704,-0.36361608,-0.18524072,0.18646796,-0.5537561,-0.08826593,-0.41431636,0.49470326,-0.11056285,-0.37801382,0.12114584,-0.20025472,-0.30008665,-0.45700544,0.19324668,1.1786809,0.36389095,-0.024624474,-0.21605304,-0.7320194,-0.20776173,-0.73409224,0.66299456,0.094255075,-1.2675936,-0.116445206,-0.69179535,0.34943715,-0.13902223,0.37089375,0.020921744,-0.19302784,-0.15734155,-0.058910187,-0.653476,-0.24109507,-0.007481618,-0.39353204,0.3303335,0.43879288,-0.02126313,-0.8520194,-0.7129158,-0.6332519,0.14770046,0.8820982,0.3027705,-1.0214312,0.48316264,0.31520745,-0.12215949,-0.13633315,0.0743111,-0.19650123,0.22809261,-0.10938638,-0.038854167,-0.96322393,-0.20989057,0.33150998,-0.76854604,0.008372724,0.651678,0.4475324,-0.75778973,-0.21409225,0.12658,0.7558797,0.38165003,0.11414303,-0.66535276,-0.46154323,0.979129,0.6928545,-0.020422794,-0.4441763,0.32198617,0.9786248,-0.24126314,0.0808097,-0.26748163,-1.331011,-0.55778974,-0.4054088,-0.7810951,-0.74003065,-0.445913,-0.08053484,-0.03526873,0.3981206,-0.7763892,0.8921262,-0.7573976,-0.97952646,-0.06776173,0.13167804,0.40982932,-0.41476452,-0.16182335,0.30221027,0.021145834,0.46467525,-0.76440036,0.26495537,0.60019344,0.74422705,0.98904496,0.2612579,1.0147033,-0.51834995,-0.38333595,-0.0846805,0.36489934,-0.29801384,0.63397497,-0.29358807,0.8437229,0.051117823,0.12814863,0.6054596,1.0592971,-0.8592463,-0.53459644,0.28618786,-0.18406425,-0.1672015,0.08092175,-0.43504465,0.28277048,1.2151514,0.6127985,-0.22742559,-1.2401427,-0.035772935,0.8308377,-0.2099466,-0.17767769,-0.7129158,0.7455156,-0.025408788,-0.30361608,-0.5199746,-0.3292183,0.16893294,0.35375088,0.46467525,0.91436714,0.2285408,-0.92692137,-0.056277137,-0.0949326,0.27212623,0.15907301,1.1117901,0.5856276,-0.46596903,0.8955436,-0.92608106,0.0071962536,-0.9639522,0.23767245,0.43363884,-0.5354368,0.42859682,0.034199055,0.5474203,0.066692054,0.3834988,0.04994135,0.5225464,-0.12905024,0.2177845,-0.3177337,0.5178405,-0.70283175,0.41896096,0.41974527,-0.82148725,0.12338673,-0.33975053,0.60798055,0.21767244,0.89291054,-0.42462447,-0.70955443,-0.079022236,0.07313463,-0.38484856,0.24798056,0.023442753,-0.32865807,-0.83829397,-0.40400824,0.28714022,0.25319064,-0.7391903,-0.56849,-1.0469774,-1.200871,-0.57162726,-1.0627197,0.43122986,0.41291055,-0.54781777,0.11184611,0.34764442,-0.10972252,-0.13588499,-0.077341564,0.11285452,0.32193014,0.8072523,1.0629946,-0.69089895,0.91296655,0.32148197,0.031678047,0.31100577,-0.6249046,0.19403099,0.5848993,-0.9377337,0.154087,-0.15459646,0.836552,-0.041655287,0.7252915,0.3393531,0.06338673,-1.0668653,0.33436713,-0.75073093,1.1363279,-0.17370011,-0.25834996,-0.05381215,-0.08910627,0.36120185,-0.07823792,-0.022775736,0.9570002,0.65520746,-0.7143724,-0.99364406,-0.5961091,0.32389092,-0.3829438,-0.30087098,0.4338069,0.82344276,-0.29616508,-0.11941439,-0.2056889,0.027476365,0.00943715,-0.47112307,0.49918506,-0.86187935,0.586468,0.59330267,0.70501137,1.0484288,-1.0406469,-0.49056286,-0.13341999,-0.4549326,0.51150995,-1.0989102,0.43929708,0.8382327,-0.86187935,0.38966125,0.5571122,0.023554796,0.8831066,0.072182246,0.13212623,0.49335873,-0.3691623,0.5072523,0.09492735,-0.06372812,0.404059,0.014311099,-0.18277574,0.3380646,-0.7292183,-0.17022672,0.13419905,-0.115044646,-0.29823792,0.05296656,0.4535268,0.42910102,0.024002977,-0.05426033,-0.053307947,-0.5081539,0.24226628,-0.7274816,0.4643391,0.70982933,0.15094976,0.33688813,0.7367201,0.4570562,0.08837272,-0.30255166,-0.14933036,-1.0935881,-0.24849002,0.3375044,-0.96462446,-0.4381819,-0.013756127,-0.34983456,-0.3119634,0.3373363,-0.6441203,0.07739233,-0.08512868,0.18848477,-0.33117908,0.9292691,-0.049218312,0.264059,-0.063560046,-0.06400823,-0.120198704,0.94097775,0.112182245,-0.41997463,0.7034988,0.8180086,0.41688812,0.44641194,0.98573965,-0.5267533,-0.6927477,-0.030506827,0.24736433,-0.035772935,-0.3929718,-0.19224352,0.36686012,0.83996934,0.00058560923,0.7512859,0.6845072,-0.6771735,0.8075884,0.43767244,0.23649597,-0.6981259,-0.070674896,0.20842874,0.66366684,-1.1078178,-1.3042324,-0.5789662,-0.22736958,0.61565566,0.3745352,0.7668601,-0.60327995,0.10170606,-0.04059086,0.36036152,-0.07812587,-0.18860206,-0.44557685,-0.3966693,-0.23739758,-0.0419354,-1.138406,0.6280366,-0.5177337,0.2775604,0.37974527,0.57066965,-0.62905025,0.38915703,0.07145396,0.54058564,0.9646192,0.80024946,1.2631066,-0.4124116,-0.7829998,-1.0861931,-0.39498863,0.04058561,-0.04938638,0.104227066,-0.8097785,-0.75487655,0.060473565,0.80719626,0.4400254,0.22601978,0.2852915,-1.4279858,-0.57678133,1.3964399,-1.5585741,-0.36776173,0.0044511557,-0.91308385,-0.21493259,0.10243435,0.63150996,0.7936388,0.26069766,-1.3822155,0.3893251,-0.33224353,0.47672006,-0.48815387,-0.4342043,0.31291053,-0.7075937,0.19089374,0.1252915,-0.558462,0.77274245,1.4443952,1.1773924,-0.21717349,0.54249036,0.18417105,-0.16479254,-0.05101103,0.44064164,-1.1124676,-0.113476016,-0.106249124,-0.19246762,0.43419906,-0.27308387,-0.5619354,-0.6261371,0.9553195,0.08988533,0.00047356443,-0.6749886,0.11834471,0.83050156,-0.22249563,-0.58255166,0.16052958,0.23419906,-0.030002626,0.2857957,0.74803656,0.25968924,0.7052915,0.55285454,0.03571166,-1.3386301,-0.098069854,0.2213139,0.5909498,0.01918505,-1.5475377,0.20467524,-1.3070894,-0.11089899,-0.08361607,0.6955996,0.024002977,-0.38299984,0.4855156,0.8095492,1.2338629,1.2062999,-0.82059085,0.564003,0.19257441,0.4262999,-0.036781337,0.15509541,0.040697653,-0.16025473,0.14349878,-0.8752127,-0.22871411,0.32792455,0.13122986,-1.0275936,0.69447917,-0.46820992,-0.30036676,-0.67588496,-0.15162727,0.6993531,0.95571166,-0.15834996,-0.06815389,-0.028433999,-0.64787376,-0.99308383,0.54798055,-0.00059086137,-0.014820553,-0.275997,0.14355479,1.3683167,0.35772845,0.41498336,-0.20574492,
0,0,0,0,0,0,0,0,0,0,0,0,0,0,0,0,1,0,0,0,0,0,0,0,0,0,0,0,0,0,0,0,0,0,0,0,0,0,0,0,0,0,0,0,0,0,0,0,0,0,0,0,0,0,0,0,0,0,0,0,0,0,0,0,0,0,0,0,0,0,0,0,0,0,0,0,0,0,0,0,0,0,0,0,0,0,0,0,0,0,0,0,0,0,0,0,0,0,0,0,0,0,0,0,0,0,0,0,0,0,0,0,0,0,0,0,0,0,0,0,0,0,0,0,0,0,0,0,0,0,0,0,0,0,0,0,0,0,0,0,0,0,0,0,0,0,0,0,0,0,0,0,0,0,0,0,0,0,0,0,0,0,0,0,0,0,0,0,0,0,0,0,0,0,0,0,0,0,0,0,0,0,0,0,0,0,0,0,0,0,0,0,0,0,0,0,0,0,0,0,0,0,0,0,0,0,0,0,0,0,0,0,0,0,0,0,0,0,0,0,0,0,0,0,0,0,0,0,0,0,0,0,0,0,0,0,0,0,0,0,0,0,0,0,0,0,0,0,0,0,0,0,0,0,0,0,0,0,0,0,0,0,0,0,0,0,0,0,0,0,0,0,0,0,0,0,0,0,0,0,0,0,0,0,0,0,0,0,0,0,0,0,0,0,0,0,0,0,0,0,0,0,0,0,0,0,0,0,0,0,0,0,0,0,0,0,0,0,0,0,0,0,0,0,0,0,0,0,0,0,0,0,0,0,0,0,0,0,0,0,0,0,0,0,0,0,0,0,0,0,0,0,0,0,0,0,0,0,0,0,0,0,0,0,0,0,0,0,0,0,0,0,0,0,0,0,0,0,0,0,0,0,0,0,0,0,0,0,0,0,0,0,0,0,0,0,0,0,0,0,0,0,0,0,0,0,0,0,0,0,0,0,0,0,0,0,0,0,0,0,0,0,0,0,0,0,0,0,0,0,0,0,0,0,0,0,0,0,0,0,0,0,0,0,0,0,0,0,0,0,0,0,0,0,0,0,0,0,0,0,0,0,0,0,0,0,0,0,0,0,0,0,0,0,0,0,0,0,0,0,0,0,0,0,0,0,0,0,0,0,0,0,0,0,0,0,0,0,0,0,0,0,0,0,0,0,0,0,0,0,0,0,0,0,0,0,0,0,0,0,0,0,0,0,0,0,0,0,0,0,0,0,0,0,0,0,0,0,0,0,0,0,0,0,0,0,0,0,0,0,0,0,0,0,0,0,0,0,0,0,0,0,0,0,0,0,0,0,0,0,0,0,0,0,0,0,0,0,0,0,0,0,0,0,0,0,0,0,0,0,0,0,0,0,0,0,0,0,0,0,0,0,0,0,0,0,0,0,0,0,0,0,0,0,0,0,0,0,0,0,0,0,0,0,0,0,0,0,0,0,0,0,0,0,0,0,0,0,0,0,0,0,0,0,0,0,0,0,0,0,0,0,0,0,0,0,0,0,0,0,0,0,0,0,0,0,0,0,0,0,0,0,0,0,0,0,0,0,0,0,0,0,0,0,0,0,0,0,0,0,0,0,0,0,0,0,0,0,0,0,0,0,0,0,0,0,0,0,0,0,0,0,0,0,0,0,0,0,0,0,0,0,0,0,0,0,0,0,0,0,0,0,0,0,0,0,0,0,0,0,0,0,0,0,0,0,0,0,0,0,0,0,0,0,0,0,0,0,0,0,0,0,0,0,0,0,0,0,0,0,0,0,0,0,0,0,0,0,0,0,0,0,0,0,0,0,0,0,0,0,0,0,0,0,0,0,0,0,0,0,0,0,0,0,0,0,0,0,0,0,0,0,0,0,0,0,0,0,0,0,0,0,0,0,0,0,0,0,0,0,0,0,0,0,0,0,0,0,0,0,0,0,0,0,0,0,0,0,0,0,0,0,0,0,0,0,0,0,0,0,0,0,0,0,0,0,0,0,0,0,0,0,0,0,0,0,0,0,0,0,0,0,0,0,0,0,0,0,0,0,0,0,0,0,0,0,0,0,0,0,0,0,0,0,0,0,0,0,0,0,0,0,0,0,0,0,0,0,0,0,0,0,0,0,0,0,0,0,0,0,0,0,0,0,0,0,0,0,0,0,0,0,0,0,0,0,0,0,0,0,0,0,0,0,0,0,0,0,0,0,0,0,0,0,0,0,0,0,0,0,0,0,0,0,0,0,0,0,0,0,0,0,0,0,0,0,0,0,0,0,0,0,0,0,0,0,0,0,0,0,0,0,0,0,0,0,0,0,0,0,0,0,0,0,0,0,0,0,0,0,0,0,0,0,0,0,0,0,0,0,0,0,0,0,0,0,0,0,0,0,0,0,0,0,0,0,0,0,0,0,0,0,0,0,0,0,0,0,0,0,0,0,0,0,0,0,0,0,0,0,0,0,0,0,0,0,0,0,0,0,0,0,0,0,0,0,0,0,0,0,0,0,0,0,0,0,0,0,0,0,0,0,0,0,0,0,0,0,0,0,0,0,0,0,0,0,0,0,0,0,0,0,0,0,0,0,0,0,0,0,0,0,0,0,0,0,0,0,0,0,0,0,0,0,0,0,0,0,0,0,0,0,0,0,0,0,0,0,0,0,0,0,0,0,0,0,0,0,0,0,0,0,0,0,0,0,0,0,0,0,0,0,0,0,0,0,0,0,0,0,0,0,0,0,0,0,0,0,0,0,0,0,0,0,0,0,0,0,0,0,0,0,0,0,0,0,0,0,0,0,0,0,0,0,0,0,0,0,0,0,0,0,0,0,0,0,0,0,0,0,0,0,0,0,0,0,0,0,0,0,0,0,0,0,0,0,0,0,0,0,0,0,0,0,0,0,0,0,0,0,0,0,0,0,0,0,0,0,0,0,0,0,0,0,0,0,0,0,0,0,0,0,0,0,0,0,0,0,0,0,0,0,0,0,0,0,0,0,0,0,0,0,0,0,0,0,0,0,0,0,0,0,0,0,0,0,0,0,0,0,0,0,0,0,0,0,0,0,0,0,0,0,0,0,0,0,0,0,0,0,0,0,0,0,0,0,0,0,0,0,0,0,0,0,0,0,0,0,0,0,0,0,0,0,0,0,0,0,0,0,0,0,0,0,0,0,0,0,0,0,0,0,0,0,0,0,0,0,0,0,0,0,0,0,0,0,0,0,0,0,0,0,0,0,0,0,0,0,0,0,0,0,0,0,0,0,0,0,0,0,0,0,0,0,0,0,0,0,0,0,0,0,0,0,0,0,0,0,0,0,0,0,0,0,0,0,0,0,0,0,0,0,0,0,0,0,0,0,0,0,0,0,0,0,0,0,0,0,0,0,0,0,0,0,0,0,0,0,0,0,0,0,0,0,0,0,0,0,0,0,0,0,0,0,0,0,0,0,0,0,0,0,0,0,0,0,0,0,0,0,0,0,0,0,0,0,0,0,0,0,0,0,0,0,0,0,0,0,0,0,0,0,0,0,0,0,0,0,0,0,0,0,0,0,0,0,0,0,0,0,0,0,0,0,0,0,0,0,0,0,0,0,0,0,0,0,0,0,0,0,0,0,0,0,0,0,0,0,0,0,0,0,0,0,0,0,0,0,0,0,0,0,0,0,0,0,0,0,0,0,0,0,0,0,0,0,0,0,0,0,0,0,0,0,0,0,0,0,0,0,0,0,0,0,0,0,0,0,0,0,0,0,0,0,0,0,0,0,0,0,0,0,0,0,0,0,0,0,0,0,0,0,0,0,0,0,0,0,0,0,0,0,0,0,0,0,0,0,0,0,0,0,0,0,0,0,0,0,0,0,0,0,0,0,0,0,0,0,0,0,0,0,0,0,0,0,0,0,0,0,0,0,0,0,0,0,0,0,0,0,0,0,0,0,0,0,0,0,0,0,0,0,0,0,0,0,0,0,0,0,0,0,0,0,0,0,0,0,0,0,0,0,0,0,0,0,0,0,0,0,0,0,0,0,0,0,0,0,0,0,0,0,0,0,0,0,0,0,0,0,0,0,0,0,0,0,0,0,0,0,0,0,0,0,0,0,0,0,0,0,0,0,0,0,0,0,0,0,0,0,0,0,0,0,0,0,0,0,0,0,0,0,0,0,0,0,0,0,0,0,0,0,0,0,0,0,0,0,0,0,0,0,0,0,0,0,0,0,0,0,0,0,0,0,0,0,0,0,0,0,0,0,0,0,0,0,0,0,0,0,0,0,0,0,0,0,0,0,0,0,0,0,0,0,0,0,0,0,0,0,0,0,0,0,0,0,0,0,0,0,0,0,0,0,0,0,0,0,0,0,0,0,0,0,0,0,0,0,0,0,0,0,0,0,0,0,0,0,0,0,0,0,0,0,0,0,0,0,0,0,0,0,0,0,0,0,0,0,0,0,0,0,0,0,0,0,0,0,0,0,0,0,0,0,0,0,0,0,0,0,0,0,0,0,0,0,0,0,0,0,0,0,0,0,0,0,0,0,0,0,0,0,0,0,0,0,0,0,0,0,0,0,0,0,0,0,0,0,0,0,0,0,0,0,0,0,0,0,0,0,0,0,0,0,0,0,0,0,0,0,0,0,0,0,0,0,0,0,0,0,0,0,0,0,0,0,0,0,0,0,0,0,0,0,0,0,0,0,0,0,0,0,0,0,0,0,0,0,0,0,0,0,0,0,0,0,0,0,0,0,0,0,0,0,0,0,0,0,0,0,0,0,0,0,0,0,0,0,0,0,0,0,0,0,0,0,0,0,0,0,0,0,0,0,0,0,0,0,0,0,0,0,0,0,0,0,0,0,0,0,0,0,0,0,0,0,0,0,0,0,0,0,0,0,0,0,0,0,0,0,0,0,0,0,0,0,0,0,0,0,0,0,0,0,0,0,0,0,0,0,0,0,0,0,0,0,0,0,0,0,0,0,0,0,0,0,0,0,0,0,0,0,0,0,0,0,0,0,0,0,0,0,0,0,0,0,0,0,0,0,0,0,0,0,0,0,0,0,0,0,0,0,0,0,0,0,0,0,0,0,0,0,0,0,0,0,0,0,0,0,0,0,0,0,0,0,0,0,0,0,0,0,0,0,0,0,0,0,0,0,0,0,0,0,0,0,0,0,0,0,0,0,0,0,0,0,0,0,0,0,0,0,0,0,0,0,0,0,0,0,0,0,0,0,0,0,0,0,0,0,0,0,0,0,0,0,0,0,0,0,0,0,0,0,0,0,0,0,0,0,0,0,0,0,0,0,0,0,0,0,0,0,0,0,0,0,0,0,0,0,0,0,0,0,0,0,0,0,0,0,0,0,0,0,0,0,0,0,0,0,0,0,0,0,0,0,0,0,0,0,0,0,0,0,0,0,0,0,0,0,0,0,0,0,0,0,0,0,0,0,0,0,0,0,0,0,0,0,0,0,0,0,0,0,0,0,0,0,0,0,0,0,0,0,0,0,0,0,0,0,0,0,0,0,0,0,0,0,0,0,0,0,0,0,0,0,0,0,0,0,0,0,0,0,0,0,0,0,0,0,0,0,0,0,0,0,0,0,0,0,0,0,0,0,0,0,0,0,0,0,0,0,0,0,0,0,0,0,0,0,0,0,0,0,0,0,0,0,0,0,0,0,0,0,0,0,0,0,0,0,0,0,0,0,0,0,0,0,0,0,0,0,0,0,0,0,0,0,0,0,0,0,0,0,0,0,0,0,0,0,0,0,0,0,0,0,0,0,0,0,0,0,0,0,0,0,0,0,0,0,0,0,0,0,0,0,0,0,0,0,0,0,0,0,0,0,0,0,0,0,0,0,0,0,0,0,0,0,0,0,0,0,0,0,0,0,0,0,0,0,0,0,0,0,0,0,0,0,0,0,0,0,0,0,0,0,0,0,0,0,0,0,0,0,0,0,0,0,0,0,0,0,0,0,0,0,0,0,0,0,0,0,0,0,0,0,0,0,0,0,0,0,0,0,0,0,0,0,0,0,0,0,0,0,0,0,0,0,0,0,0,0,0,0,0,0,0,0,0,0,0,0,0,0,0,0,0,0,0,0,0,0,0,0,0,0,0,0,0,0,0,0,0,0,0,0,0,0,0,0,0,0,0,0,0,0,0,0,0,0,0,0,0,0,0,0,0,0,0,0,0,0,0,0,0,0,0,0,0,0,0,0,0,0,0,0,0,0,0,0,0,0,0,0,0,0,0,0,0,0,0,0,0,0,0,0,0,0,0,0,0,0,0,0,0,0,0,0,0,0,0,0,0,0,0,0,0,0,0,0,0,0,0,0,0,0,0,0,0,0,0,0,0,0,0,0,0,0,0,0,0,0,0,0,0,0,0,0,0,0,0,0,0,0,0,0,0,0,0,0,0,0,0,0,0,0,0,0,0,0,0,0,0,0,0,0,0,0,0,0,0,0,0,0,0,0,0,0,0,0,0,0,0,0,0,0,0,0,0,0,0,0,0,0,0,0,0,0,0,0,0,0,0,0,0,0,0,0,0,0,0,0,0,0,0,0,0,0,0,0,0,0,0,0,0,0,0,0,0,0,0,0,0,0,0,0,0,0,0,0,0,0,0,0,0,0,0,0,0,0,0,0,0,0,0,0,0,0,0,0,0,0,0,0,0,0,0,0,0,0,0,0,0,0,0,0,0,0,0,0,0,0,0,0,0,0,0,0,0,0,0,0,0,0,0,0,0,0,0,0,0,0,0,0,0,0,0,0,0,0,0,0,0,0,0,0,0,0,0,0,0,0,0,0,0,0,0,0,0,0,0,0,0,0,0,0,0,0,0,0,0,0,0,0,0,0,0,0,0,0,0,0,0,0,0,0,0,0,0,0,0,0,0,0,0,0,0,0,0,0,0,0,0,0,0,0,0,0,0,0,0,0,0,0,0,0,0,0,0,0,0,0,0,0,0,0,0,0,0,0,0,0,0,0,0,0,0,0,0,0,0,0,0,0,0,0,0,0,0,0,0,0,0,0,0,0,0,0,0,0,0,0,0,0,0,0,0,0,0,0,0,0,0,0,0,0,0,0,0,0,0,0,0,0,0,0,0,0,0,0,0,0,0,0,0,0,0,0,0,0,0,0,0,0,0,0,0,0,0,0,0,0,0,0,0,0,0,0,0,0,0,0,0,0,0,0,0,0,0,0,0,0,0,0,0,0,0,0,0,0,0,0,0,0,0,0,0,0,0,0,0,0,0,0,0,0,0,0,0,0,0,0,0,0,0,0,0,0,0,0,0,0,0,0,0,0,0,0,0,0,0,0,0,0,0,0,0,0,0,0,0,0,0,0,0,0,0,0,0,0,0,0,0,0,0,0,0,0,0,0,0,0,0,0,0,0,0,0,0,0,0,0,0,0,0,0,0,0,0,0,0,0,0,0,0,0,0,0,0,0,0,0,0,0,0,0,0,0,0,0,0,0,0,0,0,0,0,0,0,0,0,0,0,0,0,0,0,0,0,0,0,0,0,0,0,0,0,0,0,0,0,0,0,0,0,0,0,0,0,0,0,0,0,0,0,0,0,0,0,0,0,0,0,0,0,0,0,0,0,0,0,0,0,0,0,0,0,0,0,0,0,0,0,0,0,0,0,0,0,0,0,0,0,0,0,0,0,0,0,0,0,0,0,0,0,0,0,0,0,0,0,0,0,0,0,0,0,0,0,0,0,0,0,0,0,0,0,0,0,0,0,0,0,0,0,0,0,0,0,0,0,0,0,0,0,0,0,0,0,0,0,0,0,0,0,0,0,0,0,0,0,0,0,0,0,0,0,0,0,0,0,0,0,0,0,0,0,0,0,0,0,0,0,0,0,0,0,0,0,0,0,0,0,0,0,0,0,0,0,0,0,0,0,0,0,0,0,0,0,0,0,0,0,0,0,0,0,0,0,0,0,0,0,0,0,0,0,0,0,0,0,0,0,0,0,0,0,0,0,0,0,0,0,0,0,0,0,0,0,0,0,0,0,0,0,0,0,0,0,0,0,0,0,0,0,0,0,0,0,0,0,0,0,0,0,0,0,0,0,0,0,0,0,0,0,0,0,0,0,0,0,0,0,0,0,0,0,0,0,0,0,0,0,0,0,0,0,0,0,0,0,0,0,0,0,0,0,0,0,0,0,0,0,0,0,0,0,0,0,0,0,0,0,0,0,0,0,0,0,0,0,0,0,0,0,0,0,0,0,0,0,0,0,0,0,0,0,0,0,0,0,0,0,0,0,0,0,0,0,0,0,0,0,0,0,0,0,0,0,0,0,0,0,0,0,0,0,0,0,0,0,0,0,0,0,0,0,0,0,0,0,0,0,0,0,0,0,0,0,0,0,0,0,0,0,0,0,0,0,0,0,0,0,0,0,0,0,0,0,0,0,0,0,0,0,0,0,0,0,0,0,0,0,0,0,0,0,0,0,0,0,0,0,0,0,0,0,0,0,0,0,0,0,0,0,0,0,0,0,0,0,0,0,0,0,0,0,0,0,0,0,0,0,0,0,0,0,0,0,0,0,0,0,0,0,0,0,0,0,0,0,0,0,0,0,0,0,0,0,0,0,0,0,0,0,0,0,0,0,0,0,0,0,0,0,0,0,0,0,0,0,0,0,0,0,0,0,0,0,0,0,0,0,0,0,0,0,0,0,0,0,0,0,0,0,0,0,0,0,0,0,0,0,0,0,0,0,0,0,0,0,0,0,0,0,0,0,0,0,0,0,0,0.6027575,-1.2624583,0.09535642,-0.15843481,0.5579655,-0.6127021,-0.77563983,0.18203895,0.66160375,0.8134795,-0.47687525,-0.03321663,-0.32345805,0.39638782,-0.33025846,1.0917522,-1.0600783,0.52360076,0.060175642,0.8181038,0.7103853,-0.17647856,0.14531675,-0.6440746,0.06235177,-0.16251506,0.744206,-0.27213764,-0.22870569,-0.23568745,-0.51532024,0.12518755,0.62134534,1.1547693,0.51942986,-0.92769694,0.74411535,-0.20404288,-0.27694327,0.40790316,0.88257164,-0.056610033,-0.46091697,0.09934599,0.21993989,0.20262152,-0.27440444,0.3307412,0.41842115,-0.43489406,0.20280287,0.47908077,-0.53009975,0.9815856,0.15175447,0.6070191,0.09979935,0.23898104,-0.4373422,0.2855865,0.12718233,0.49286294,0.41733307,0.19110617,-0.31910577,0.050111037,0.49930066,0.31369486,-0.15906951,-0.24421062,-0.5518611,-0.43625414,0.04983902,-0.46390915,-0.16079228,-0.32771963,-0.72957844,0.75508666,-0.29915792,-0.13921233,0.43301934,-0.21809706,0.03904904,-0.36888477,-0.4055163,-0.12543017,0.7172764,0.15510933,-0.3340667,0.33844835,0.855642,-0.03366999,0.067157395,0.06353051,0.016834375,0.26681736,-0.38185087,-0.08970535,-0.29226685,-0.29707247,0.058090184,-0.42328805,-0.7962224,0.56005096,-0.5060717,0.13008383,-0.124432765,-0.29797918,-0.39327556,-0.033851333,0.5650379,0.18421508,0.693339,-0.4978205,-0.08508107,-0.0036575214,0.28839734,-0.035120744,-0.6518724,-0.3119427,0.3165057,0.23979709,-0.63609546,-0.64135444,0.18503113,-0.039200988,0.14567944,0.4409078,-0.3509317,-0.5035328,0.299278,0.6832744,-0.87637657,-0.13422535,0.33554682,0.00015070695,0.72271675,-0.0544339,-0.21737167,-0.51423216,-0.19678912,-0.29752582,-0.34286186,-0.30695572,0.14567944,0.33944574,-0.2917228,-0.4945563,0.41125804,0.37716532,0.4543273,0.05201515,-0.2816582,0.32140198,0.2261056,-0.3132121,-0.40841782,-0.19869323,0.2228414,0.0038682634,-0.09532702,0.45015636,0.37906945,-0.0109112905,0.04884163,0.29374698,-0.35700673,0.09925532,0.20642975,-0.09315089,-0.29226685,0.10514901,-0.37486914,0.17034225,-0.66610795,0.2582942,0.26690805,-0.26470253,0.21595033,0.14323129,-0.08671317,0.24940833,0.17931879,-0.32536215,0.2368049,-0.019706484,-0.20250145,-0.07311235,-0.17702259,-0.031312514,0.18566583,0.45695677,-0.15462658,-0.8371155,-0.12198462,-0.0008466862,0.3099773,0.54572475,0.14241524,0.35349992,-0.022426648,0.30208883,-0.38683784,-0.41957048,0.1145789,0.07821939,-0.056156673,0.4091726,-0.01562624,0.7681435,-0.1799241,-0.20939253,0.15130112,-0.25627002,-0.6250335,0.1250062,-0.069757484,0.18829533,0.16444856,0.32638896,0.19301029,0.08193695,0.32829306,-0.20504028,-0.15925086,0.32085794,0.044670712,0.33554682,-0.41485554,0.2640972,-0.27014285,-0.04736148,-0.11862975,0.59260225,0.29682985,-0.15308516,0.08982542,0.032339305,0.22456416,0.1467675,0.3590309,0.09580978,-0.05515928,0.10433296,0.6198039,0.20407228,0.075408556,-0.38393635,0.114034876,0.057364807,-0.1493676,-0.22072655,0.13380139,0.4591329,0.05183381,-0.034486037,0.16408588,-0.20739774,0.29837126,-0.20685372,-0.23251392,0.046030793,0.13815366,0.15955228,-0.26171035,0.25085908,-0.124886125,0.27126032,0.45641276,0.4461668,0.3291091,-0.08317696,0.12283007,-0.09396694,0.44353732,0.19273826,-0.11473085,0.25421396,-0.058876835,-0.15970422,0.38877136,-0.19415961,0.48279834,-0.13368133,-0.048993576,0.27660996,-0.01435683,0.038777024,0.5610484,-0.0833583,0.2901201,-0.3870192,-0.211478,0.17143032,-0.11763236,0.11049866,0.37526122,0.30335823,-0.008372471,0.051652465,0.092998944,0.097441874,-0.22489746,-0.56201637,-0.21175,0.098348595,0.52722764,0.31296948,-0.23151653,0.013842195,-0.41258872,-0.24094643,0.43338203,0.14713019,0.37317574,0.11095202,0.31306013,0.09617247,0.56621665,-0.34521934,-0.20803244,0.4178771,-0.3288077,0.17523855,-0.6264842,-0.0077377665,0.3807922,0.3710903,-0.18346031,-0.24040239,-0.1454687,-0.8605089,-0.015535568,-0.11445884,-0.2566327,-0.15807211,0.11602966,-0.00574298,-0.3905554,0.13969508,-0.4156716,0.012119425,-0.67027885,0.29120818,-0.1038502,0.1812229,0.04458004,-0.15988556,-0.03593679,0.0047749844,0.35359058,-0.14565004,-0.15580532,0.3590309,-0.06794404,0.22882576,0.16680604,0.16789411,-0.13141452,0.27425247,-0.60572034,0.115757644,0.61309415,0.15030372,0.021912012,-0.13631082,0.067792095,0.07223503,-0.08326763,0.23635155,-0.041739807,0.21141672,-0.08480906,-0.20902984,0.5945064,0.064074546,0.08411308,0.11131471,-0.45710874,-0.0050176033,0.02218403,0.20887789,0.5469035,0.033246025,0.20887789,-0.3415018,-0.019343795,-0.14374593,-0.22652955,-0.03276327,-0.096596435,-0.1906234,0.22311342,0.081846274,-0.61904913,-0.18862861,-0.28419703,0.3781627,0.060810346,-0.18318829,-0.24285054,0.035784844,0.09825793,-0.23233257,-0.106207676,-0.06676531,0.09889263,-0.078734025,-0.26062226,-0.21129665,0.11602966,0.09517507,0.08692391,-0.21220337,0.4592236,0.5019301,-0.062685065,-0.38593113,0.090550795,-0.09714046,0.09653515,-0.12932906,0.2059764,0.14885296,-0.06848808,-0.4052443,-0.7825309,0.21313949,0.047118858,0.58616453,0.38786465,-0.0921535,0.3391737,0.62533486,0.29809925,0.2472322,0.5389244,-0.19733314,-0.24257852,-0.09641509,0.23607953,-0.009097848,-0.33932567,-0.22426276,-0.13612947,-0.03593679,-0.1971518,-0.14247651,0.14649549,0.41570097,-0.5846844,0.43573952,0.1666247,-0.3723303,-0.07837134,0.07259772,-0.40179875,-0.63056445,-0.6307458,0.05156179,-0.17928939,-0.24130912,-0.08045679,-0.20703506,0.17043293,-0.18228157,-0.42093056,0.18421508,-0.128241,0.2989153,0.42386147,-0.016170273,0.2599263,-0.08054747,-0.35691604,-0.08372099,-0.25744876,0.3515958,-0.51096797,0.15846421,0.04158786,0.5996747,-0.00746575,-0.21963848,0.04412668,0.27207637,0.20479766,0.06044766,0.013751523,0.4920469,0.2697189,-0.27213764,0.48243564,-0.29163215,-0.0013000468,-0.22526015,-0.41576225,0.008583213,0.69506174,0.2986433,0.7705916,-0.36244705,0.009036574,-0.23115383,0.06706672,-0.036752842,-0.32019386,0.33409607,0.9017035,0.55433863,-0.043553248,-0.16070162,0.49476704,0.10850388,-0.10122071,-0.06993883,0.4191465,0.13216929,-0.2319699,0.42649096,-0.22879636,-0.27014285,0.13216929,0.0037775913,0.29982203,0.108413205,-0.06993883,0.39702252,0.019373193,-0.051985756,-0.3951797,0.07377646,-0.3222793,-0.31946847,0.33228263,-0.42029586,0.007857836,-0.14002837,-0.14782616,0.38133624,-0.03938233,0.28603986,0.05201515,-0.26397714,0.023362767,0.08356904,0.39049414,-0.15906951,0.3122441,-0.04183048,0.14504473,0.2244735,-0.38284826,-0.15399188,0.06461857,-0.056247342,-0.35727873,-0.31167066,-0.13386267,0.12192335,0.35794285,-0.11083195,0.21930519,-0.13304661,0.5459968,-0.52756095,0.27534056,-0.49111077,-0.35619068,-0.14356458,-0.09596173,-0.12017118,0.64818424,-0.4754245,-0.29290155,0.027896373,-0.070029505,-0.47034687,0.47971547,-0.16215236,-0.064679846,0.2072458,-0.021973288,-0.096596435,-0.32672223,0.0032335585,-0.020431861,0.27008158,-0.05987423,0.14885296,0.08093955,-0.11581892,0.05935959,0.43356338,-0.21818772,-0.013268765,-0.03629948,0.2767913,-0.08426502,-0.0095512085,0.06634135,0.06552529,-0.21410748,-0.09714046,0.14948767,0.02653629,-0.36951947,0.09989002,-0.28374365,-0.25454724,0.64074916,0.09109483,0.6651399,-0.12688091,-0.15607734,-0.3535612,0.025085537,0.28268498,-0.24085575,0.17460383,-0.19932793,-0.28646383,0.03261132,0.27606592,-0.112373374,0.1409645,0.36292982,0.14032978,0.09843927,0.16508327,0.29619515,-0.08689451,-0.024784122,-0.052529786,-0.29317355,-0.1344067,0.10650909,-0.15807211,0.3486036,0.09408701,-0.27367905,-0.010457929,0.24360532,-0.2654279,-0.3313465,-0.07202429,-0.47551516,-0.0632291,0.18240164,0.009399262,0.3294718,0.017378407,-0.17239831,0.1809509,0.33808565,-0.049356263,0.31315082,0.2017148,-0.23804492,-0.07229631,-0.054977935,-0.1961544,-0.18101217,-0.18355098,-0.44985497,-0.049446937,-0.20404288,-0.12860368,-0.2524618,-0.08961468,0.18131357,0.13597752,-0.512328,0.111768074,0.46466392,-0.4471348,0.029619142,-0.039926365,0.31478292,0.055551365,0.23009516,0.255302,-0.12778763,0.12228604,-0.2488349,0.34624615,-0.011636667,0.04458004,-0.5621977,0.079216786,0.527953,-0.10366885,-0.20177607,0.14685817,-0.41775703,0.80268955,-0.2729537,0.10115943,0.31052133,0.13498013,-0.049809624,-0.063773125,-0.5235714,0.37099963,-0.24058373,-0.11418682,-0.12189395,0.2687215,-0.20748842,-0.046908118,-0.16360311,0.32539156,-0.25817412,0.27080694,-0.16142699,-0.14673811,0.07350444,-0.021338582,0.40590838,0.010396655,0.18312702,-0.31402814,0.1116774,-0.29743513,0.37127164,0.6877173,0.03297401,-0.44296387,-0.52574754,-0.004926931,0.21413688,0.06362118,0.28631186,0.18403374,-0.06177834,0.46684003,-0.35065967,-0.12996377,0.24750422,-0.030768482,0.070965625,0.17614527,-0.07646722,0.21558763,0.1864819,-0.20485893,0.14794624,0.09943666,-0.19370626,0.56757677,-0.41957048,-0.044731986,0.15447463,0.18149492,-0.28582913,0.166262,-0.14755416,-0.11155733,-0.3639885,-0.0960524,0.17106763,-0.077827305,-0.04754282,-0.074744456,0.12428082,0.41769576,0.40726846,0.18358038,0.01493026,0.064709246,0.1412365,0.39747587,-0.16197102,0.28703725,0.23961574,-0.22652955,-0.29634708,0.29211488,-0.09904458,0.20896856,0.120200574,-0.035755448,0.27252972,-0.17294234,-0.018799763,-0.053255163,0.0817556,0.1389697,0.050564397,0.22846307,-0.26125696,0.14885296,0.07731267,0.20144278,-0.33415735,-0.3915528,0.14595145,-0.0025694564,0.24587211,0.15293321,-0.4793234,0.09599113,-0.16015758,0.21304882,0.12419015,-0.078734025,0.27180433,0.04149719,0.14740221,-0.20413356,-0.10983456,-0.033851333,0.2228414,-0.2810235,0.084747784,0.47001356,0.45550603,-0.1600669,0.2244735,-0.1753905,-0.1961544,0.16290714,-0.11545623,0.17614527,0.019554539,0.23925306,0.0032335585,0.1448634,-0.06341044,0.31587097,-0.39499834,-0.1360388,0.10714379,-0.0654959,0.004502968,-0.22244932,0.039230384,-0.206219,-0.139575,-0.4639998,-0.45937553,-0.34521934,-0.12388874,-0.09061207,0.21205142,-0.08879863,0.020370588,-0.10421289,0.20162413,0.08048619,-0.21220337,0.10279153,0.15955228,0.4084472,-0.08245158,-0.30904117,-0.029861761,0.15284254,0.25312588,-0.36090562,0.24469338,-0.48993203,0.29873395,0.118024446,0.09644449,-0.35401455,-0.13531342,-0.073837735,0.1260036,0.23036718,-0.2524618,0.0889187,0.06616,0.11657369,-0.08580645,0.036963582,-0.021157239,0.1910155,-0.016714305,-0.028320335,0.08130224,-0.071389586,0.019463865,-0.105300955,-0.039654348,-0.07120824,-0.07628588,0.31342283,0.42549357,0.20443496,-0.27503914,0.10687178,0.03261132,0.023181422,0.29737386,0.03215796,0.20126145,0.12863308,0.13389206,-0.30759043,0.29302162,-0.24466398,0.5768253,0.07377646,0.47663262,0.14758356,-0.27304435,-0.36743402,0.10360758,0.023453439,-0.17094755,-0.07175227,0.40699646,-0.14202316,0.20253085,0.10043406,0.07259772,0.19591178,0.2166757,0.17242771,0.37997615,-0.29154146,0.577732,-0.015082207,0.19736254,-0.12778763,-0.093694925,0.019554539,-0.27014285,-0.11445884,0.255302,0.05799951,0.37517053,-0.052711133,0.321674,0.20914991,0.015746308,0.3603003,0.31995124,-0.52502215,-0.16577925,-0.18554577,0.19627447,-0.15245044,0.16880083,-0.22752695,0.059178248,0.29229623,0.1045143,-0.16088295,0.00015070695,0.3002754,-0.1633311,0.35213983,0.027805699,-0.22689225,-0.15090902,0.16970755,0.13189729,-0.01734901,0.2575688,-0.10965321,-0.035392758,-0.03067781,-0.099679284,-0.12633689,0.070693605,0.23562618,0.06788277,-0.30749977,-0.020431861,-0.024602778,-0.036118135,-0.200416,-0.3665273,-0.24502666,0.10161279,0.20525101,0.071600325,0.16381386,0.060266312,-0.16414715,-0.13640149,0.27534056,-0.15145306,-0.25862747,0.09499373,0.238437,0.32194602,-0.26035026,-0.1665953,-0.19905591,-0.060599606,-0.09886324,-0.12960108,-0.020159844,-0.038747627,-0.20222944,-0.16813673,-0.053436507,0.21894251,-0.003294833,-0.09405761,0.3116094,-0.18355098,-0.0755605,0.08637988,-0.0100952415,-0.012452716,-0.18871929,-0.048902903,0.112402774,0.008129853,0.23426609,-0.03629948,0.026626961,0.014386227,-0.011999356,-0.22000118,-0.29942992,-0.24411994,0.18294567,-0.16831806,-0.2014134,0.3200419,-0.15598667,0.3886807,0.38061085,-0.0020254236,-0.9158189,0.5790921,-1.272523,0.34189388,-0.01907178,-0.61759835,-0.23423669,-0.8129061,-0.15471725,-0.3593642,0.49585512,0.16798478,-1.2546606,0.21894251,0.24514674,-0.48848128,0.6692202,0.001873477,0.098167256,-0.51640826,-0.1971518,0.26028898,-0.21845974,-0.1311425,-0.54252183,-0.13032645,-0.09550837,-0.2930829,-0.4233787,-0.06721867,-0.46055427,-0.10366885,-0.27803132,0.22030258,-0.48004878,0.4406358,-0.41612494,-0.018255731,0.067610756,0.36419922,0.30317688,-0.25790212,0.17696132,0.41180208,0.04494273,-0.017983714,-0.09868189,0.18920206,0.10560237,0.17777736,0.20815252,0.5400124,0.33201063,0.13008383,-0.44804153,0.4445347,-0.4847637,-0.06812539,-0.46708265,0.13815366,0.13924173,-0.3141188,-0.00964188,0.098167256,0.1701609,-0.23242325,0.12999317,-0.5218486,0.29574177,0.006951115,-0.10675171,-0.66184634,-0.1044849,-0.049446937,0.1340734,-0.57434773,-0.43824893,0.39004076,-0.6262122,0.64628017,0.38006684,0.677562,-0.51568294,0.06951487,-0.45647404,-0.41050327,0.12935846,-0.21510488,-0.19978128,-0.007375078,0.7621591,-0.14592206,0.29265893,-0.28891197,-0.06857875,0.7877286,0.014658244,0.03651022,-0.27177495,0.9565601,0.44507873,-0.27240965,0.070240244,0.1545653,-0.22009183,0.16608067,0.41733307,-0.20123205,0.38976875,-0.19760516,0.14849028,-0.1665953,0.48470244,0.42558423,0.062079757,0.06878949,0.008401869,-0.44178516,-0.08798258,0.3239408,0.50746113,0.4945857,-0.3631724,
0,0,0,0,0,0,0,0,0,0,0,0,0,0,0,0,0,0,0,0,0,0,0,0,0,0,0,0,0,0,0,0,0,0,0,0,0,0,0,0,0,0,0,0,0,0,0,0,0,0,0,0,0,0,0,0,0,0,0,0,0,0,0,0,0,0,0,0,0,0,0,0,0,0,0,0,0,0,0,0,0,0,0,0,0,0,0,0,0,0,0,0,0,0,0,0,0,0,0,0,0,0,0,0,0,0,0,0,0,0,1,0,0,0,0,0,0,0,0,0,0,0,0,0,0,0,0,0,0,0,0,0,0,0,0,0,0,0,0,0,0,0,0,0,0,0,0,0,0,0,0,0,0,0,0,0,0,0,0,0,0,0,0,0,0,0,0,0,0,0,0,0,0,0,0,0,0,0,0,0,0,0,0,0,0,0,0,0,0,0,0,0,0,0,0,0,0,0,0,0,0,0,0,0,0,0,0,0,0,0,0,0,0,0,0,0,0,0,0,0,0,0,0,0,0,0,0,0,0,0,0,0,0,0,0,0,0,0,0,0,0,0,0,0,0,0,0,0,0,0,0,0,0,0,0,0,0,0,0,0,0,0,0,0,0,0,0,0,0,0,0,0,0,0,0,0,0,0,0,0,0,0,0,0,0,0,0,0,0,0,0,0,0,0,0,0,0,0,0,0,0,0,0,0,0,0,0,0,0,0,0,0,0,0,0,0,0,0,0,0,0,0,0,0,0,0,0,0,0,0,0,0,0,0,0,0,0,0,0,0,0,0,0,0,0,0,0,0,0,0,0,0,0,0,0,0,0,0,0,0,0,0,0,0,0,0,0,0,0,0,0,0,0,0,0,0,0,0,0,0,0,0,0,0,0,0,0,0,0,0,0,0,0,0,0,0,0,0,0,0,0,0,0,0,0,0,0,0,0,0,0,0,0,0,0,0,0,0,0,0,0,0,0,0,0,0,0,0,0,0,0,0,0,0,0,0,0,0,0,0,0,0,0,0,0,0,0,0,0,0,0,0,0,0,0,0,0,0,0,0,0,0,0,0,0,0,0,0,0,0,0,0,0,0,0,0,0,0,0,0,0,0,0,0,0,0,0,0,0,0,0,0,0,0,0,0,0,0,0,0,0,0,0,0,0,0,0,0,0,0,0,0,0,0,0,0,0,0,0,0,0,0,0,0,0,0,0,0,0,0,0,0,0,0,0,0,0,0,0,0,0,0,0,0,0,0,0,0,0,0,0,0,0,0,0,0,0,0,0,0,0,0,0,0,0,0,0,0,0,0,0,0,0,0,0,0,0,0,0,0,0,0,0,0,0,0,0,0,0,0,0,0,0,0,0,0,0,0,0,0,0,0,0,0,0,0,0,0,0,0,0,0,0,0,0,0,0,0,0,0,0,0,0,0,0,0,0,0,0,0,0,0,0,0,0,0,0,0,0,0,0,0,0,0,0,0,0,0,0,0,0,0,0,0,0,0,0,0,0,0,0,0,0,0,0,0,0,0,0,0,0,0,0,0,0,0,0,0,0,0,0,0,0,0,0,0,0,0,0,0,0,0,0,0,0,0,0,0,0,0,0,0,0,0,0,0,0,0,0,0,0,0,0,0,0,0,0,0,0,0,0,0,0,0,0,0,0,0,0,0,0,0,0,0,0,0,0,0,0,0,0,0,0,0,0,0,0,0,0,0,0,0,0,0,0,0,0,0,0,0,0,0,0,0,0,0,0,0,0,0,0,0,0,0,0,0,0,0,0,0,0,0,0,0,0,0,0,0,0,0,0,0,0,0,0,0,0,0,0,0,0,0,0,0,0,0,0,0,0,0,0,0,0,0,0,0,0,0,0,0,0,0,0,0,0,0,0,0,0,0,0,0,0,0,0,0,0,0,0,0,0,0,0,0,0,0,0,0,0,0,0,0,0,0,0,0,0,0,0,0,0,0,0,0,0,0,0,0,0,0,0,0,0,0,0,0,0,0,0,0,0,0,0,0,0,0,0,0,0,0,0,0,0,0,0,0,0,0,0,0,0,0,0,0,0,0,0,0,0,0,0,0,0,0,0,0,0,0,0,0,0,0,0,0,0,0,0,0,0,0,0,0,0,0,0,0,0,0,0,0,0,0,0,0,0,0,0,0,0,0,0,0,0,0,0,0,0,0,0,0,0,0,0,0,0,0,0,0,0,0,0,0,0,0,0,0,0,0,0,0,0,0,0,0,0,0,0,0,0,0,0,0,0,0,0,0,0,0,0,0,0,0,0,0,0,0,0,0,0,0,0,0,0,0,0,0,0,0,0,0,0,0,0,0,0,0,0,0,0,0,0,0,0,0,0,0,0,0,0,0,0,0,0,0,0,0,0,0,0,0,0,0,0,0,0,0,0,0,0,0,0,0,0,0,0,0,0,0,0,0,0,0,0,0,0,0,0,0,0,0,0,0,0,0,0,0,0,0,0,0,0,0,0,0,0,0,0,0,0,0,0,0,0,0,0,0,0,0,0,0,0,0,0,0,0,0,0,0,0,0,0,0,0,0,0,0,0,0,0,0,0,0,0,0,0,0,0,0,0,0,0,0,0,0,0,0,0,0,0,0,0,0,0,0,0,0,0,0,0,0,0,0,0,0,0,0,0,0,0,0,0,0,0,0,0,0,0,0,0,0,0,0,0,0,0,0,0,0,0,0,0,0,0,0,0,0,0,0,0,0,0,0,0,0,0,0,0,0,0,0,0,0,0,0,0,0,0,0,0,0,0,0,0,0,0,0,0,0,0,0,0,0,0,0,0,0,0,0,0,0,0,0,0,0,0,0,0,0,0,0,0,0,0,0,0,0,0,0,0,0,0,0,0,0,0,0,0,0,0,0,0,0,0,0,0,0,0,0,0,0,0,0,0,0,0,0,0,0,0,0,0,0,0,0,0,0,0,0,0,0,0,0,0,0,0,0,0,0,0,0,0,0,0,0,0,0,0,0,0,0,0,0,0,0,0,0,0,0,0,0,0,0,0,0,0,0,0,0,0,0,0,0,0,0,0,0,0,0,0,0,0,0,0,0,0,0,0,0,0,0,0,0,0,0,0,0,0,0,0,0,0,0,0,0,0,0,0,0,0,0,0,0,0,0,0,0,0,0,0,0,0,0,0,0,0,0,0,0,0,0,0,0,0,0,0,0,0,0,0,0,0,0,0,0,0,0,0,0,0,0,0,0,0,0,0,0,0,0,0,0,0,0,0,0,0,0,0,0,0,0,0,0,0,0,0,0,0,0,0,0,0,0,0,0,0,0,0,0,0,0,0,0,0,0,0,0,0,0,0,0,0,0,0,0,0,0,0,0,0,0,0,0,0,0,0,0,0,0,0,0,0,0,0,0,0,0,0,0,0,0,0,0,0,0,0,0,0,0,0,0,0,0,0,0,0,0,0,0,0,0,0,0,0,0,0,0,0,0,0,0,0,0,0,0,0,0,0,0,0,0,0,0,0,0,0,0,0,0,0,0,0,0,0,0,0,0,0,0,0,0,0,0,0,0,0,0,0,0,0,0,0,0,0,0,0,0,0,0,0,0,0,0,0,0,0,0,0,0,0,0,0,0,0,0,0,0,0,0,0,0,0,0,0,0,0,0,0,0,0,0,0,0,0,0,0,0,0,0,0,0,0,0,0,0,0,0,0,0,0,0,0,0,0,0,0,0,0,0,0,0,0,0,0,0,0,0,0,0,0,0,0,0,0,0,0,0,0,0,0,0,0,0,0,0,0,0,0,0,0,0,0,0,0,0,0,0,0,0,0,0,0,0,0,0,0,0,0,0,0,0,0,0,0,0,0,0,0,0,0,0,0,0,0,0,0,0,0,0,0,0,0,0,0,0,0,0,0,0,0,0,0,0,0,0,0,0,0,0,0,0,0,0,0,0,0,0,0,1,0,0,0,0,0,0,0,0,0,0,0,0,0,0,0,0,0,0,0,0,0,0,0,0,0,0,0,0,0,0,0,0,0,0,0,0,0,0,0,0,0,0,0,0,0,0,0,0,0,0,0,0,0,0,0,0,0,0,0,0,0,0,0,0,0,0,0,0,0,0,0,0,0,0,0,0,0,0,0,0,0,0,0,0,0,0,0,0,0,0,0,0,0,0,0,0,0,0,0,0,0,0,0,0,0,0,0,0,0,0,0,0,0,0,0,0,0,0,0,0,0,0,0,0,0,0,0,0,0,0,0,0,0,0,0,0,0,0,0,0,0,0,0,0,0,0,0,0,0,0,0,0,0,0,0,0,0,0,0,0,0,0,0,0,0,0,0,0,0,0,0,0,0,0,0,0,0,0,0,0,0,0,0,0,0,0,0,0,0,0,0,0,0,0,0,0,0,0,0,0,0,0,0,0,0,0,0,0,0,0,0,0,0,0,0,0,0,0,0,0,0,0,0,0,0,0,0,0,0,0,0,0,0,0,0,0,0,0,0,0,0,0,0,0,0,0,0,0,0,0,0,0,0,0,0,0,0,0,0,0,0,0,0,0,0,0,0,0,0,0,0,0,0,0,0,0,0,0,0,0,0,0,0,0,0,0,0,0,0,0,0,0,0,0,0,0,0,0,0,0,0,0,0,0,0,0,0,0,0,0,0,0,0,0,0,0,0,0,0,0,0,0,0,0,0,0,0,0,0,0,0,0,0,0,0,0,0,0,0,0,0,0,0,0,0,0,0,0,0,0,0,0,0,0,0,0,0,0,0,0,0,0,0,0,0,0,0,0,0,0,0,0,0,0,0,0,0,0,0,0,0,0,0,0,0,0,0,0,0,0,0,0,0,0,0,0,0,0,0,0,0,0,0,0,0,0,0,0,0,0,0,0,0,0,0,0,0,0,0,0,0,0,0,0,0,0,0,0,0,0,0,0,0,0,0,0,0,0,0,0,0,0,0,0,0,0,0,0,0,0,0,0,0,0,0,0,0,0,0,0,0,0,0,0,0,0,0,0,0,0,0,0,0,0,0,0,0,0,0,0,0,0,0,0,0,0,0,0,0,0,0,0,0,0,0,0,0,0,0,0,0,0,0,0,0,0,0,0,0,0,0,0,0,0,0,0,0,0,0,0,0,0,0,0,0,0,0,0,0,0,0,0,0,0,0,0,0,0,0,0,0,0,0,0,0,0,0,0,0,0,0,0,0,0,0,0,0,0,0,0,0,0,0,0,0,0,0,0,0,0,0,0,0,0,0,0,0,0,0,0,0,0,0,0,0,0,0,0,0,0,0,0,0,0,0,0,0,0,0,0,0,0,0,0,0,0,0,0,0,0,0,0,0,0,0,0,0,0,0,0,0,0,0,0,0,0,0,0,0,0,0,0,0,0,0,0,0,0,0,0,0,0,0,0,0,0,0,0,0,0,0,0,0,0,0,0,0,0,0,0,0,0,0,0,0,0,0,0,0,0,0,0,0,0,0,0,0,0,0,0,0,0,0,0,0,0,0,0,0,0,0,0,0,0,0,0,0,0,0,0,0,0,0,0,0,0,0,0,0,0,0,0,0,0,0,0,0,0,0,0,0,0,0,0,0,0,0,0,0,0,0,0,0,0,0,0,0,0,0,0,0,0,0,0,0,0,0,0,0,0,0,0,0,0,0,0,0,0,0,0,0,0,0,0,0,0,0,0,0,0,0,0,0,0,0,0,0,0,0,0,0,0,0,0,0,0,0,0,0,0,0,0,0,0,0,0,0,0,0,0,0,0,0,0,0,0,0,0,0,0,0,0,0,0,0,0,0,0,0,0,0,0,0,0,0,0,0,0,0,0,0,0,0,0,0,0,0,0,0,0,0,0,0,0,0,0,0,0,0,0,0,0,0,0,0,0,0,0,0,0,0,0,0,0,0,0,0,0,0,0,0,0,0,0,0,0,0,0,0,0,0,0,0,0,0,0,0,0,0,0,0,0,0,0,0,0,0,0,0,0,0,0,0,0,0,0,0,0,0,0,0,0,0,0,0,0,0,0,0,0,0,0,0,0,0,0,0,0,0,0,0,0,0,0,0,0,0,0,0,0,0,0,0,0,0,0,0,0,0,0,0,0,0,0,0,0,0,0,0,0,0,0,0,0,0,0,0,0,0,0,0,0,0,0,0,0,0,0,0,0,0,0,0,0,0,0,0,0,0,0,0,0,0,0,0,0,0,0,0,0,0,0,0,0,0,0,0,0,0,0,0,0,0,0,0,0,0,0,0,0,0,0,0,0,0,0,0,0,0,0,0,0,0,0,0,0,0,0,0,0,0,0,0,0,0,0,0,0,0,0,0,0,0,0,0,0,0,0,0,0,0,0,0,0,0,0,0,0,0,0,0,0,0,0,0,0,0,0,0,0,0,0,0,0,0,0,0,0,0,0,0,0,0,0,0,0,0,0,0,0,0,0,0,0,0,0,0,0,0,0,0,0,0,0,0,0,0,0,0,0,0,0,0,0,0,0,0,0,0,0,0,0,0,0,0,0,0,0,0,0,0,0,0,0,0,0,0,0,0,0,0,0,0,0,0,0,0,0,0,0,0,0,0,0,0,0,0,0,0,0,0,0,0,0,0,0,0,0,0,0,0,0,0,0,0,0,0,0,0,0,0,0,0,0,0,0,0,0,0,0,0,0,0,0,0,0,0,0,0,0,0,0,0,0,0,0,0,0,0,0,0,0,0,0,0,0,0,0,0,0,0,0,0,0,0,0,0,0,0,0,0,0,0,0,0,0,0,0,0,0,0,0,0,0,0,0,0,0,0,0,0,0,0,0,0,0,0,0,0,0,0,0,0,0,0,0,0,0,0,0,0,0,0,0,0,0,0,0,0,0,0,0,0,0,0,0,0,0,0,0,0,0,0,0,0,0,0,0,0,0,0,0,0,0,0,0,0,0,0,0,0,0,0,0,0,0,0,0,0,0,0,0,0,0,0,0,0,0,0,0,0,0,0,0,0,0,0,0,0,0,0,0,0,0,0,0,0,0,0,0,0,0,0,0,0,0,0,0,0,0,0,0,0,0,0,0,0,0,0,0,0,0,0,0,0,0,0,0,0,0,0,0,0,0,0,0,0,0,0,0,0,0,0,0,0,0,0,0,0,0,0,0,0,0,0,0,0,0,0,0,0,0,0,0,0,0,0,0,0,0,0,0,0,0,0,0,0,0,0,0,0,0,0,0,0,0,0,0,0,0,0,0,0,0,0,0,0,0,0,0,0,0,0,0,0,0,0,0,0,0,0,0,0,0,0,0,0,0,0,0,0,0,0,0,0,0,0,0,0,0,0,0,0,0,0,0,0,0,0,0,0,0,0,0,0,0,0,0,0,0,0,0,0,0,0,0,0,0,0,0,0,0,0,0,0,0,0,0,0,0,0,0,0,0,0,0,0,0,0,0,0,0,0,0,0,0,0,0,0,0,0,0,0,0,0,0,0,0,0,0,0,0,0,0,0,0,0,0,0,0,0,0,0,0,0,0,0,0,0,0,0,0,0,0,0,0,0,0,0,0,0,0,0,0,0,0,0,0,0,0,0,0,0,0,0,0,0,0,0,0,0,0,0,0,0,0,0,0,0,0,0,0,0,0,0,0,0,0,0,0,0,0,0,0,0,0,0,0,0,0,0,0,0,0,0,0,0,0,0,0,0,0,0,0,0,0,0,0,0,0,0,0,0,0,0,0,0,0,0,0,0,0,0,0,0,0,0,0,0,0,0,0,0,0,0,0,0,0,0,0,0,0,0,0,0,0,0,0,0,0,0,0,0,0,0,0,0,0,0,0,0,0,0,0,0,0,0,0,0,0,0,0,0,0,0,0,0,0,0,0,0,0,0,0,0,0,0,0,0,0,0,0,0,0,0,0,0,0,0,0,0,0,0,0,0,0,0,0,0,0,0,0,0,0,0,0,0,0,0,0,0,0,0,0,0,0,0,0,0,0,0,0,0,0,0,0,0,0,0,0,0,0,0,0,0,0,0,0,0,0,0,0,0,0,0,0,0,0,0,0,0,0,0,0,0,0,0,0,0,0,0,0,0,0,0,0,0,0,0,0,0,0,0,0,0,0,0,0,0,0,0,0,0,0,0,0,0,0,0,0,0,0,0,0,0,0,0,0,0,0,0,0,0,0,0,0,0,0,0,0,0,0,0,0,0,0,0,0,0,0,0,0,0,0,0,0,0,0,0,0,0,0,0,0,0,0,0,0,0,0,0,0,0,0,0,0,0,0,0,0,0,0,0,0,0,0,0,0,0,0,0,0,0,0,0,0,0,0,0,0,0,0,0,0,0,0,0,0,0,0,0,0,0,0,0,0,0,0,0,0,0,0,0,0,0,0,0,0,0,0,0,0,0,0,0,0,0,0,0,0,0,0,0,0,0,0,0,0,0,0,0,0,0,0,0,0,0,0,0,0,0,0,0,0,0,0,0,0,0,0,0,0,0,0,0,0,0,0,0,0,0,0,0,0,0,0,0,0,0,0,0,0,0,0,0,0,0,0,0,0,0,0,0,0,0,0,0,0,0,0,0,0,0,0,0,0,0,0,0,0,0,0,0,0,0,0,0,0,0,0,0,0,0,0,0,0,0,0,0,0,0,0,0,0,0,0,0,0,0,0,0,0,0,0,0,0,0,0,0,0,0,0,0,0,0,0,0,0,0,0,0,0,0,0,0,0,0,0,0,0,0,0,0,0,0,0,0,0,0,0,0,0,0,0,0.7574586,0.15878129,1.0715554,-0.29890522,-0.49400905,-1.0982555,1.6505553,-0.3631354,0.19368093,0.73805964,-0.19977538,-0.97517854,-0.007827366,-0.6922687,-1.3253816,-1.0169468,0.16759902,-0.0799471,-1.6740996,0.1828212,0.33160877,-0.6338861,0.65396637,0.8836914,-0.51563567,-0.27412274,0.47789022,-0.019429639,0.7231159,-0.7732062,-1.4863284,-0.59954333,-0.87066525,-0.30549532,0.19330966,0.8035893,-0.1886372,-0.9261706,-0.8388286,-1.3744824,-0.9334104,-0.52510315,-1.0679967,0.65851444,0.1511702,0.29104722,0.3465525,0.116456196,-0.36629122,-0.5467298,-0.27857804,0.4965467,0.042480096,-0.29398584,0.50035226,0.4971036,-0.0921991,-0.16858847,0.9986003,0.7330474,1.1952821,0.1027191,-0.27068847,-0.23383966,-0.44611487,-0.32081032,-0.028525822,-0.5665929,-0.09851074,0.42702585,-0.76021165,0.6231507,-0.87047964,-0.58998305,0.6118269,0.01398491,0.45310777,-0.32183132,-0.18009794,0.5851881,-0.44388723,-0.6306374,0.004424636,0.56551063,0.057423823,-0.015624094,-0.1931853,-0.7476812,-0.5665929,0.2536415,0.9368762,0.10763846,-1.0980699,1.1885991,0.16128738,-0.56529343,-0.7080478,-0.6664653,0.05157628,-0.14742592,-0.9680316,0.92174685,0.17734493,0.4118965,0.830785,-0.22195894,1.0105739,-0.45660332,-0.9503033,-1.0564873,-0.4625437,0.14160992,1.0450094,-0.35515305,-0.041241914,0.26162386,0.11757001,0.6138689,0.08805383,-0.44286624,0.58063996,0.2267242,-0.03446619,-0.7515795,0.008230181,-0.02555564,0.33309385,0.37523332,-0.006527911,-0.3503265,0.34339666,-0.16756748,0.0004334537,0.52179325,0.7806632,-0.028618641,-0.32832858,-0.55155635,0.03858173,0.39648867,0.7182894,0.706223,-1.0226086,0.41458824,0.21967003,0.52532035,-0.91893077,-0.72651863,0.3888776,-0.63722754,0.010365,-0.20757212,-0.25676575,-0.63945514,-0.23597448,-0.21369812,-0.08533055,0.58453834,0.9554398,0.80256826,-0.6872565,0.4884715,-0.1876162,0.21957721,0.46433878,-0.007363274,0.72228056,0.17381784,0.12174683,0.21577166,-0.54023254,0.41792968,-0.16701056,-0.1386082,0.030506548,0.5342309,-0.33241257,0.42748997,-0.091456555,0.035333093,0.8336624,0.3083114,0.08833228,-0.0015157283,-0.33269104,-0.11846665,-0.8554431,-0.0030008194,-0.44657895,-0.33027777,0.030877821,0.15228401,-0.21276994,0.15655366,0.5722863,-0.61281633,-0.71992856,0.05807355,-0.43469822,0.11302192,0.594934,0.20621139,0.30283514,0.33717784,0.37579024,0.10856665,0.03978837,-0.8696443,-0.09396265,-0.24052258,-0.6697139,-0.09257037,0.20565447,0.12378883,0.48596543,-0.79808146,-0.21193457,0.89018863,0.5242065,-0.46597797,-0.14956075,-0.6718487,-0.7934405,0.10559647,-0.1718371,-0.31700477,-0.76986474,-0.5055185,-0.046996642,0.58212507,0.2174424,-0.5700272,0.57330734,-0.4794366,-0.5299297,-0.17703493,-0.3961787,-0.5697487,0.19191739,-0.04263419,0.6136832,0.7849328,-0.32814294,0.41987887,-0.5089528,-0.92106557,-0.2630774,0.045543097,0.31870705,0.3669725,-0.30874395,0.20101357,0.20797493,0.97288966,0.20454066,-0.22808494,-0.0049500014,-0.74341154,-0.38819632,0.92555237,-0.25834367,0.40187213,0.16045202,0.574514,-1.0892521,-0.30521685,-0.4140926,0.1542332,0.5062926,0.829764,-0.82360643,0.03756073,-0.36907578,0.12610929,-0.15819284,0.854268,0.2562404,-0.10222346,-0.07010837,0.19330966,-0.28721014,-0.5755963,0.4012224,0.29002622,0.08099964,0.5435127,0.72237337,0.17038356,-0.6896698,-0.7728349,-0.4691338,-0.074099556,0.41319597,-0.09349856,-0.17044483,-0.09981019,0.09789255,0.14105302,-0.42922196,0.066984095,0.38646433,-0.22168048,-0.5264026,0.4016865,-0.68837035,0.29132566,-0.6835438,0.46211115,0.5242993,0.5200297,0.20992412,0.11487828,0.28594223,-0.19281402,-0.46941224,-0.2150904,0.41198933,-0.049595553,0.52754796,-0.053958006,-0.46235806,0.027257912,-0.4044395,0.1378972,0.89547926,0.3500796,0.03950991,0.17094047,0.08211346,0.86503494,0.3966743,-0.29946214,0.14884974,-0.9145683,-0.14315629,-0.3451287,0.007209182,-0.25156793,-0.36081496,-0.35273978,0.5909428,-0.55944586,0.17688084,0.10114119,-0.13470984,1.2167231,0.0782151,-0.54960716,-0.07577028,-0.4809217,-0.19921848,0.20964566,-0.4523337,0.25670448,-0.04662537,-0.35329667,-0.42188933,0.023173911,-0.39571458,-0.08208192,-0.727354,-0.20673676,-0.5238037,0.073759824,-0.8471823,0.5703372,-0.31069311,0.52355677,-0.38847476,-0.26762548,-0.016552275,0.2878914,-0.766152,0.27489686,0.16778466,0.02632973,-0.19485602,0.042016003,0.27703166,0.023452366,-0.10324447,-0.009869366,-0.19392784,-0.44036013,-0.19847593,-0.96478295,-0.4295004,-0.3177473,1.1747693,0.26106694,0.09102401,-0.21991694,0.11571365,-0.20218866,-0.5131296,-0.22947721,-0.35988677,0.57321453,-0.41483513,-0.15652211,-0.09656156,0.21669984,-0.48305652,-0.2176893,-0.49159577,-0.6013069,0.2572614,-0.30048314,0.17121893,0.2971732,-0.1865952,0.22087666,-0.21082075,0.40205777,-0.53113633,-0.1391651,-0.65198565,0.10838101,-0.8443049,-0.37956423,-0.06518901,-0.08412392,0.57534933,0.3179645,-0.592582,0.018440183,-0.011725729,-0.38021395,0.43602923,-0.08523774,-0.75213647,0.24166794,0.0843411,-0.0993461,0.1378972,-0.32767886,-0.01478873,0.5347878,-0.37872887,0.017419184,0.0005262719,-0.40611023,0.49728924,0.32214132,0.49933124,0.33040214,-0.17694211,-0.47971505,0.2639443,-0.2146263,-0.72104234,-0.15568675,-0.41390696,0.15432602,0.11404292,0.45190114,-0.13285346,-0.46375033,0.0002478173,-0.7517652,0.47473443,-0.06101219,-0.094983645,-0.8269479,-0.111041196,1.3020229,-0.29138693,-0.53624135,-0.26279894,-0.2718023,0.062621646,0.22273302,-0.9263562,0.0047030905,0.56365424,0.55000997,-0.2539812,-0.2661404,-0.4662564,-0.37807915,-0.17824157,0.040066823,-0.27059567,1.091697,-0.14204247,0.23452094,-0.08848637,0.08805383,-0.31329203,0.35156468,0.5624476,-0.050523736,0.17094047,0.14884974,0.3888776,-0.27959904,0.50480753,-0.10732847,-0.14204247,0.3924975,0.035797186,-0.23764521,-1.0606642,0.22496065,1.1240904,-0.3202534,-0.5397684,-0.6112384,-0.80411464,0.5967903,-0.17248684,0.20342684,0.08786819,-0.39098087,0.20175612,-0.30280358,0.16332938,-0.40982297,-0.032517005,-0.37520176,0.08099964,-0.31338486,-0.3625785,-0.21518321,-0.057763554,0.1307502,-0.46941224,0.38414386,0.66426915,0.4403917,-0.3544105,-0.12227219,0.69592017,-0.4038826,0.25401276,-0.047275096,-1.1057738,-0.1411143,0.3670653,-0.53837615,0.4553354,-0.9455696,0.43974197,0.008415818,-0.07966865,-0.28785986,-0.01998655,-0.4759095,-0.37603712,0.2073252,-0.20311685,0.8619719,0.053896733,-0.06500337,-0.16645366,0.14244528,0.021317547,-0.17425038,-0.014046185,0.1685272,1.0833433,-0.47758025,0.68487483,-0.45483977,-0.6212628,0.28399304,-0.2834974,0.4812317,-0.38346258,0.19860029,0.16351502,0.34441766,-0.3258225,0.035425913,-0.2212164,0.2363773,-0.05729946,-0.23216894,-0.66358787,0.08053555,-0.67286974,0.056959733,0.2722051,0.29735884,0.1419812,0.46415314,-0.35385358,-0.47516698,0.26533657,0.26979184,-0.061847553,0.15209839,0.3859074,0.43305904,0.011664455,-0.26446965,-0.05061655,-0.39599305,-0.83279544,-0.09043556,-0.17100175,0.11589929,-0.36434203,-0.46848404,0.06252883,0.10652465,-0.13656619,-0.30076158,-0.010611911,-0.009498093,-1.1305562,0.055474643,-0.31384894,-0.38012114,0.2839002,-0.42328158,-0.8737283,-0.021842912,-0.2881383,0.22134075,0.28965494,-0.45641768,-0.30623785,0.28445712,0.87385267,-0.21100639,0.007673273,-0.05275137,-0.5238037,-0.4386894,-0.10426547,1.0218977,0.11840538,-0.13972202,0.29921523,0.41458824,0.14792156,-0.26112822,0.22031975,0.95618236,0.47956097,0.044429276,0.49060634,0.13112147,0.13845411,0.09167374,-0.38411233,-0.018501457,0.6293695,-0.053679552,-0.04300546,0.01964682,-0.36712658,-0.5662216,0.08508365,0.5403569,-0.56677854,0.65146023,-0.44769278,-0.38949576,0.09306601,-0.40982297,-0.46142986,0.17929411,0.40085113,-0.36062932,-0.2747725,0.58982897,-0.34002367,0.083505735,-0.12357165,-0.16450447,0.08861074,0.04582155,-0.4054605,-0.45075577,-0.114568286,0.40957606,0.0874041,-0.7142666,0.5302397,-0.04152037,-0.10556492,0.046564095,0.27638194,-0.20432349,-0.86138344,-0.2758863,0.027629184,-0.17462166,0.45125142,-0.3829057,-0.28331175,0.53682977,-0.7972461,0.7966279,0.15692493,0.33699223,-0.3840195,-0.21286274,0.1752101,0.031063458,-0.3724172,-0.023235185,0.25689012,-0.23616011,0.014356183,0.066148736,-0.60622627,0.34664533,0.61813855,0.01500591,0.14003201,-0.77961063,-0.21100639,0.16555701,-0.12514956,-0.5297441,-0.2477624,-0.22873466,0.077286914,0.041923184,0.6022666,0.15590392,0.33151594,0.68088365,0.21456502,-0.054143645,-0.2350463,-0.067509465,-0.17007357,-0.5053329,0.3597327,-0.030567823,0.029299911,-0.27152386,0.8890748,0.7394519,-0.23337558,0.777693,-0.36183596,0.00015499913,0.03291982,-0.15977074,0.08564056,-0.2823836,0.7699891,0.60347325,-0.1774062,-0.50607544,-0.74898064,0.2420392,0.33931267,-0.74146235,-0.2472983,-0.05897019,-0.4115865,-0.1712802,-0.081339374,-0.48881122,0.9313071,-0.3724172,0.29327485,0.07942174,0.89993453,-0.13768002,-0.20255993,-0.11633183,0.04266573,0.2378624,0.4618327,-0.049966823,0.22328994,0.5850952,-0.27959904,-0.8973969,-0.16840284,-0.3818847,0.033662368,-0.76197517,0.53812927,-0.61606497,-0.81386054,-0.4114937,-0.65374917,0.4762195,0.5354375,-0.16998075,0.5168739,-0.55554754,0.4588625,-0.107885376,0.59224224,0.49645388,-0.5393972,0.34135467,0.22663139,-0.111319646,0.3853505,-0.05897019,0.09770692,0.75421,0.4532934,-0.3365894,-0.63908386,-0.5959234,-0.046532553,-0.5087671,-0.42105395,-0.14129993,-0.009219638,0.4389994,0.10160528,0.20147766,-0.48259243,-0.067416646,0.42916068,-0.042170096,0.32186285,-0.44388723,-0.34800604,-0.30763012,-0.009683729,0.65452325,0.2801875,0.53812927,-0.23829494,-0.16979511,-0.7040566,0.837932,0.17186865,-0.18204711,0.3848864,0.4791897,0.2980086,0.05009119,0.84043807,-0.11596056,-0.7863864,0.08768255,0.18709084,-0.2289203,0.9151567,-0.32146004,0.12490265,0.60700035,0.44020605,0.9109799,0.05649564,-0.5303938,-0.95150995,-0.032981094,0.47027916,0.030506548,-0.05590719,0.062436007,0.59363455,0.65823597,-0.37650123,-0.6056693,0.05807355,0.13659774,-0.16274093,-0.19513448,1.0215263,-0.26029286,0.52188605,0.27118412,0.05306137,-0.17619957,-1.0313336,0.44438288,-0.2988124,-0.48723334,0.04257291,0.16871284,0.120540194,-0.32554403,0.5933561,-0.55573314,-0.56705695,-0.3334336,0.19275275,-0.10862792,0.28371456,-0.8560928,-0.4003555,-0.29584223,-0.32359487,-0.14417729,-0.056185644,-0.31858268,0.6026379,-0.23421094,0.41059706,-0.06621001,-0.14297065,-0.39135215,-0.27245203,0.5261557,-0.6963527,0.27740294,-0.20209584,0.882856,-0.059805553,0.30302078,-0.7407198,0.12434574,0.21363685,0.3144374,0.55789953,-0.094705194,0.6630625,-0.5994505,0.39426103,0.6156324,-0.59397423,0.18217148,-0.45261213,-0.4809217,0.006373818,0.44577515,0.18374938,0.49589697,-0.24312149,-0.23068385,0.41579488,-0.10714283,-0.6113312,0.58444554,1.050857,-0.47925097,0.5432342,-0.20989257,0.6028235,-0.30855832,-0.5437596,-0.7351507,0.46081167,0.60690755,0.15998793,-0.522133,0.71160644,0.2159573,-0.14612648,-0.25258893,-0.33018494,-0.0126539115,-0.0697371,0.020946274,0.46981505,-0.060084008,0.17790183,-0.12765566,-0.09916047,0.11283629,0.7374099,-0.3621144,0.6367022,-0.13935074,0.32650375,-0.3722316,-0.9810261,-0.4456508,-0.59527373,0.28510684,0.6798626,-0.36072212,0.093251646,0.5015589,-0.73422253,-0.6057622,0.15107737,0.25846803,0.2037053,-0.001330092,-0.13378166,0.45682052,0.011293182,0.35639122,0.19052511,-0.16524702,-0.27764985,-0.053679552,0.11970483,-0.011911366,-0.61448705,0.008787091,0.7149479,-0.064168006,-0.7264258,0.72849935,-0.88885766,-0.29305768,0.034126457,-0.2502685,0.12545955,0.026144093,0.6721587,0.12889384,0.10411137,-0.6059478,0.0011759993,0.15608956,0.7255292,0.11636338,-0.08960019,-0.087836646,-0.6406618,-0.27300894,0.8146346,-0.17072329,-0.7554779,0.64932543,0.6593498,0.1624012,0.0955721,-0.46699896,0.47343495,0.6475619,0.15441884,0.22449657,0.37597585,-0.32396612,-0.51340806,-0.11549647,1.2273043,-0.3421585,0.822617,-0.9904936,-0.03233137,0.047399458,1.2015936,0.5509381,-0.7346866,0.4875433,0.8374679,-1.5941831,0.5015589,-0.9539232,-0.57513213,0.1282441,0.60904235,-0.23207612,0.07793664,-0.7427618,-0.27709293,0.34228286,-1.4847504,0.5250419,-1.2274584,-0.54450214,-0.5165639,0.51269704,0.06457082,0.14922102,-0.02045064,1.0035197,0.7675758,0.44549668,0.09260192,0.7007467,-0.21991694,0.6266778,0.3782035,1.1859074,0.2629233,-0.28878802,-0.5197197,0.30506277,-0.8734498,0.17335375,0.38720685,0.43315187,0.30970368,-0.40137652,0.7767648,-0.19077203,0.76664764,0.7840046,0.31647938,-0.17044483,0.4583056,-1.0925008,-0.118095376,0.92174685,-0.07493492,0.97901565,-0.79028475,0.15776029,-0.098046646,-0.18891566,-1.217434,-0.35431767,-1.2187335,-0.8747493,0.84610003,-0.094426736,-0.6355568,-0.45632488,-0.011447275,-1.1600724,0.24983594,0.5912213,0.42953196,-0.33074185,0.19024666,0.2297872,0.1752101,-0.6932897,-0.052380096,-0.98408914,0.62816286,0.09844946,0.72655016,-0.28219795,-0.5658503,-0.7197429,0.07905046,-0.52890867,0.21270867,-1.177151,-0.3172832,0.66194874,-0.36452767,-0.2636343,0.1726112,-0.599729,0.030506548,-0.53457063,0.48141733,0.95432603,0.8230811,0.2491862,-0.7285606,0.3042274,0.11255783,-0.28062004,0.002104181,0.19349529,0.7413083,1.0748041,0.36316696,-1.0440496,0.69573456,0.24528785,-0.53874743,-0.00021627363,-0.57438964,0.57497805,0.13622648,0.8739455,
0,0,0,0,0,0,0,0,0,0,0,0,0,0,0,0,0,0,0,0,0,0,0,0,0,0,0,0,0,0,0,0,0,0,0,0,0,0,0,0,0,0,0,0,0,0,0,0,0,0,0,0,0,0,0,0,0,0,0,0,0,0,0,0,0,0,1,0,0,0,0,0,0,0,0,0,0,0,0,0,0,0,0,0,0,0,0,0,0,0,0,0,0,0,0,0,0,0,0,0,0,0,0,0,0,0,0,0,0,0,0,0,0,0,0,0,0,0,0,0,0,0,0,0,0,0,0,0,0,0,0,0,0,0,0,0,0,0,0,0,0,0,0,0,0,0,0,0,0,0,0,0,0,0,0,0,0,0,0,0,0,0,0,0,0,0,0,0,0,0,0,0,0,0,0,0,0,0,0,0,0,0,0,0,0,0,0,0,0,0,0,0,0,0,0,0,0,0,0,0,0,0,0,0,0,0,0,0,0,0,0,0,0,0,0,0,0,0,0,0,0,0,0,0,0,0,0,0,0,0,0,0,0,0,0,0,0,0,0,0,0,0,0,0,0,0,0,0,0,0,0,0,0,0,0,0,0,0,0,0,0,0,0,0,0,0,0,0,0,0,0,0,0,0,0,0,0,0,0,0,0,0,0,0,0,0,0,0,0,0,0,0,0,0,0,0,0,0,0,0,0,0,0,0,0,0,0,0,0,0,0,0,0,0,0,0,0,0,0,0,0,0,0,0,0,0,0,0,0,0,0,0,1,0,0,0,0,0,0,0,0,0,0,0,0,0,0,0,0,0,0,0,0,0,0,0,0,0,0,0,0,0,0,0,0,0,0,0,0,0,0,0,0,0,0,0,0,0,0,0,0,0,0,0,0,0,0,0,0,0,0,0,0,0,0,0,0,0,0,0,0,0,0,0,0,0,0,0,0,0,0,0,0,0,0,0,0,0,0,0,0,0,0,0,0,0,0,0,0,0,0,0,0,0,0,0,0,0,0,0,0,0,0,0,0,0,0,0,0,0,0,0,0,0,0,0,0,0,0,0,0,0,0,0,0,0,0,0,0,0,0,0,0,0,0,0,0,0,0,0,0,0,0,0,0,0,0,0,0,0,0,0,0,0,0,0,0,0,0,0,0,0,0,0,0,0,0,0,0,0,0,0,0,0,0,0,0,0,0,0,0,1,0,0,0,0,0,0,0,0,0,0,0,0,0,0,0,0,0,0,0,0,0,0,0,0,0,0,0,0,0,0,0,0,0,0,0,0,0,0,0,0,0,0,0,0,0,0,0,0,0,0,0,0,0,0,0,0,0,0,0,0,0,0,0,0,0,0,0,0,0,0,0,0,0,0,0,0,0,0,0,0,0,0,0,0,0,0,0,0,0,0,0,0,0,0,0,0,0,0,0,0,0,0,0,0,0,0,0,0,0,0,0,0,0,0,0,0,0,0,0,0,0,0,0,0,0,0,0,0,0,0,0,0,0,0,0,0,0,0,0,0,0,0,0,0,0,0,0,0,0,0,0,0,0,0,0,0,0,0,0,0,0,0,0,0,0,0,0,0,0,0,0,0,0,0,0,0,0,0,0,0,0,0,0,0,0,0,0,0,0,0,0,0,0,0,0,0,0,0,0,0,0,0,0,0,0,0,0,0,0,0,0,0,0,0,0,0,0,0,0,0,0,0,0,0,0,0,0,0,0,0,0,0,0,0,0,0,0,0,0,0,0,0,0,0,0,0,0,0,0,0,0,0,0,0,0,0,0,0,0,0,0,0,0,0,0,0,0,0,0,0,0,0,0,0,0,0,0,0,0,0,0,0,0,0,0,0,0,0,0,0,0,0,0,0,0,0,0,0,0,0,0,0,0,0,0,0,0,0,0,0,0,0,0,0,0,0,0,0,0,0,0,0,0,0,0,0,0,0,0,0,0,0,0,0,0,0,0,0,0,0,0,0,0,0,0,0,0,0,0,0,0,0,0,0,0,0,0,0,0,0,0,0,0,0,0,0,0,0,0,0,0,0,0,0,0,0,0,0,0,0,0,0,0,0,0,0,0,0,0,0,0,0,0,0,0,0,0,0,0,0,0,0,0,0,0,0,0,0,0,0,0,0,0,0,0,0,0,0,0,0,0,0,0,0,0,0,0,0,0,0,0,0,0,0,0,0,0,0,0,0,0,0,0,0,0,0,0,0,0,0,0,0,0,0,0,0,0,0,0,0,0,0,0,0,0,0,0,0,0,0,0,0,0,0,0,0,0,0,0,0,0,0,0,0,0,0,0,0,0,0,0,0,0,0,0,0,0,0,0,0,0,0,0,0,0,0,0,0,0,0,0,0,0,0,0,0,0,0,0,0,0,0,0,0,0,0,0,0,0,0,0,0,0,0,0,0,0,0,0,0,0,0,0,0,0,0,0,0,0,0,0,0,0,0,0,0,0,0,0,0,0,0,0,0,0,0,0,0,0,0,0,0,0,0,0,0,0,0,0,0,0,0,0,0,0,0,0,0,0,0,0,0,0,0,0,0,0,0,0,0,0,0,0,0,0,0,0,0,0,0,0,0,0,0,0,0,0,0,0,0,0,0,0,0,0,0,0,0,0,0,0,0,0,0,0,0,0,0,0,0,0,0,0,0,0,0,0,0,0,0,0,0,0,0,0,0,0,0,0,0,0,0,0,0,0,0,0,0,0,0,0,0,0,0,0,0,0,0,0,0,0,0,0,0,0,0,0,0,0,0,0,0,0,0,0,0,0,0,0,0,0,0,0,0,0,0,0,0,0,0,0,0,0,0,0,0,0,0,0,0,0,0,0,0,0,0,0,0,0,0,0,0,0,0,0,0,0,0,0,0,0,0,0,0,0,0,0,0,0,0,0,0,0,0,0,0,0,0,0,0,0,0,0,0,0,0,0,0,0,0,0,0,0,0,0,0,0,0,0,0,0,0,0,0,0,0,0,0,0,0,0,0,0,0,0,0,0,0,0,0,0,0,0,0,0,0,0,0,0,0,0,0,0,0,0,0,0,0,0,0,0,0,0,0,0,0,0,0,0,0,0,0,0,0,0,0,0,0,0,0,0,0,0,0,0,0,0,0,0,0,0,0,0,0,0,0,0,0,0,0,0,0,0,0,0,0,0,0,0,0,0,0,0,0,0,0,0,0,0,0,0,0,0,0,0,0,0,0,0,0,0,0,0,0,0,0,0,0,0,0,0,0,0,0,0,0,0,0,0,0,0,0,0,0,0,0,0,0,0,0,0,0,0,0,0,0,0,0,0,0,0,0,0,0,0,0,0,0,0,0,0,0,0,0,0,0,0,0,0,0,0,0,0,0,0,0,0,0,0,0,0,0,0,0,0,0,0,0,0,0,0,0,0,0,0,0,0,0,0,0,0,0,0,0,0,0,0,0,0,0,0,0,0,0,0,0,0,0,0,0,0,0,0,0,0,0,0,0,0,0,0,0,0,0,0,0,0,0,0,0,0,0,0,0,0,0,0,0,0,0,0,0,0,0,0,0,0,0,0,0,0,0,0,0,0,0,0,0,0,0,0,0,0,0,0,0,0,0,0,0,0,0,0,0,0,0,0,0,0,0,0,0,0,0,0,0,0,0,0,0,0,0,0,0,0,0,0,0,0,0,0,0,0,0,0,0,0,0,0,0,0,0,0,0,0,0,0,0,0,0,0,0,0,0,0,0,0,0,0,0,0,0,0,0,0,0,0,0,0,0,0,0,0,0,0,0,0,0,0,0,0,0,0,0,0,0,0,0,0,0,0,0,0,0,0,0,0,0,0,0,0,0,0,0,0,0,0,0,0,0,0,0,0,0,0,0,0,0,0,0,0,0,0,0,0,0,0,0,0,0,0,0,0,0,0,0,0,0,0,0,0,0,0,0,0,0,0,0,0,0,0,0,0,0,0,0,0,0,0,0,0,0,0,0,0,0,0,0,0,0,0,0,0,0,0,0,0,0,0,0,0,0,0,0,0,0,0,0,0,0,0,0,0,0,0,0,0,0,0,0,0,0,0,0,0,0,0,0,0,0,0,0,0,0,0,0,0,0,0,0,0,0,0,0,0,0,0,0,0,0,0,0,0,0,0,0,0,0,0,0,0,0,0,0,0,0,0,0,0,0,0,0,0,0,0,0,0,0,0,0,0,0,0,0,0,0,0,0,0,0,0,0,0,0,0,0,0,0,0,0,0,0,0,0,0,0,0,0,0,0,0,0,0,0,0,0,0,0,0,0,0,0,0,0,0,0,0,0,0,0,0,0,0,0,0,0,0,0,0,0,0,0,0,0,0,0,0,0,0,0,0,0,0,0,0,0,0,0,0,0,0,0,0,0,0,0,0,0,0,0,0,0,0,0,0,0,0,0,0,0,0,0,0,0,0,0,0,0,0,0,0,0,0,0,0,0,0,0,0,0,0,0,0,0,0,0,0,0,0,0,0,0,0,0,0,0,0,0,0,0,0,0,0,0,0,0,0,0,0,0,0,0,0,0,0,0,0,0,0,0,0,0,0,0,0,0,0,0,0,0,0,0,0,0,0,0,0,0,0,0,0,0,0,0,0,0,0,0,0,0,0,0,0,0,0,0,0,0,0,0,0,0,0,0,0,0,0,0,0,0,0,0,0,0,0,0,0,0,0,0,0,0,0,0,0,0,0,0,0,0,0,0,0,0,0,0,0,0,0,0,0,0,0,0,0,0,0,0,0,0,0,0,0,0,0,0,0,0,0,0,0,0,0,0,0,0,0,0,0,0,0,0,0,0,0,0,0,0,0,0,0,0,0,0,0,0,0,0,0,0,0,0,0,0,0,0,0,0,0,0,0,0,0,0,0,0,0,0,0,0,0,0,0,0,0,0,0,0,0,0,0,0,0,0,0,0,0,0,0,0,0,0,0,0,0,0,0,0,0,0,0,0,0,0,0,0,0,0,0,0,0,0,0,0,0,0,0,0,0,0,0,0,0,0,0,0,0,0,0,0,0,0,0,0,0,0,0,0,0,0,0,0,0,0,0,0,0,0,0,0,0,0,0,0,0,0,0,0,0,0,0,0,0,0,0,0,0,0,0,0,0,0,0,0,0,0,0,0,0,0,0,0,0,0,0,0,0,0,0,0,0,0,0,0,0,0,0,0,0,0,0,0,0,0,0,0,0,0,0,0,0,0,0,0,0,0,0,0,0,0,0,0,0,0,0,0,0,0,0,0,0,0,0,0,0,0,0,0,0,0,0,0,0,0,0,0,0,0,0,0,0,0,0,0,0,0,0,0,0,0,0,0,0,0,0,0,0,0,0,0,0,0,0,0,0,0,0,0,0,0,0,0,0,0,0,0,0,0,0,0,0,0,0,0,0,0,0,0,0,0,0,0,0,0,0,0,0,0,0,0,0,0,0,0,0,0,0,0,0,0,0,0,0,0,0,0,0,0,0,0,0,0,0,0,0,0,0,0,0,0,0,0,0,0,0,0,0,0,0,0,0,0,0,0,0,0,0,0,0,0,0,0,0,0,0,0,0,0,0,0,0,0,0,0,0,0,0,0,0,0,0,0,0,0,0,0,0,0,0,0,0,0,0,0,0,0,0,0,0,0,0,0,0,0,0,0,0,0,0,0,0,0,0,0,0,0,0,0,0,0,0,0,0,0,0,0,0,0,0,0,0,0,0,0,0,0,0,0,0,0,0,0,0,0,0,0,0,0,0,0,0,0,0,0,0,0,0,0,0,0,0,0,0,0,0,0,0,0,0,0,0,0,0,0,0,0,0,0,0,0,0,0,0,0,0,0,0,0,0,0,0,0,0,0,0,0,0,0,0,0,0,0,0,0,0,0,0,0,0,0,0,0,0,0,0,0,0,0,0,0,0,0,0,0,0,0,0,0,0,0,0,0,0,0,0,0,0,0,0,0,0,0,0,0,0,0,0,0,0,0,0,0,0,0,0,0,0,0,0,0,0,0,0,0,0,0,0,0,0,0,0,0,0,0,0,0,0,0,0,0,0,0,0,0,0,0,0,0,0,0,0,0,0,0,0,0,0,0,0,0,0,0,0,0,0,0,0,0,0,0,0,0,0,0,0,0,0,0,0,0,0,0,0,0,0,0,0,0,0,0,0,0,0,0,0,0,0,0,0,0,0,0,0,0,0,0,0,0,0,0,0,0,0,0,0,0,0,0,0,0,0,0,0,0,0,0,0,0,0,0,0,0,0,0,0,0,0,0,0,0,0,0,0,0,0,0,0,0,0,0,0,0,0,0,0,0,0,0,0,0,0,0,0,0,0,0,0,0,0,0,0,0,0,0,0,0,0,0,0,0,0,0,0,0,0,0,0,0,0,0,0,0,0,0,0,0,0,0,0,0,0,0,0,0,0,0,0,0,0,0,0,0,0,0,0,0,0,0,0,0,0,0,0,0,0,0,0,0,0,0,0,0,0,0,0,0,0,0,0,0,0,0,0,0,0,0,0,0,0,0,0,0,0,0,0,0,0,0,0,0,0,0,0,0,0,0,0,0,0,0,0,0,0,0,0,0,0,0,0,0,0,0,0,0,0,0,0,0,0,0,0,0,0,0,0,0,0,0,0,0,0,0,0,0,0,0,0,0,0,0,0,0,0,0,0,0,0,0,0,0,0,0,0,0,0,0,0,0,0,0,0,0,0,0,0,0,0,0,0,0,0,0,0,0,0,0,0,0,0,0,0,0,0,0,0,0,0,0,0,0,0,0,0,0,0,0,0,0,0,0,0,0,0,0,0,0,0,0,0,0,0,0,0,0,0,0,0,0,0,0,0,0,0,0,0,0,0,0,0,0,0,0,0,0,0,0,0,0,0,0,0,0,0,0,0,0,0,0,0,0,0,0,0,0,0,0,0,0,0,0,0,0,0,0,0,0,0,0,0,0,0,0,0,0,0,0,0,0,0,0,0,0,0,0,0,0,0,0,0,0,0,0,0,0,0,0,0,0,0,0,0,0,0,0,0,0,0,0,0,0,0,0,0,0,0,0,0,0,0,0,0,0,0,0,0,0,0,0,0,0,0,0,0,0,0,0,0,0,0,0,0,0,0,0,0,0,0,0,0,0,0,0,0,0,0,0,0,0,0,0,0,0,0,0,0,0,0,0,0,0,0,0,0,0,0,0,0,0,0,0,0,0,0,0,0,0,0,0,0,0,0,0,0,0,0,0,0,0,0,0,0,0,0,0,0,0,0,0,0,0,0,0,0,0,0,0,0,0,0,0,0,0,0,0,0,0,0,0,0,0,0,0,0,0,0,0,0,0,0,0,0,0,0,0,0,0,0,0,0,0,0,0,0,0,0,0,0,0,0,0,0,0,0,0,0,0,0,0,0,0,0,0,0,0,0,0,0,0,0,0,0,0,0,0,0,0,0,0,0,0,0,0,0,0,0,0,0,0,0,0,0,0,0,0,0,0,0,0,0,0,0,0,0,0,0,0,0,0,0,0,0,0,0,0,0,0,0,0,0,0,0,0,0,0,0,0,0,0,0,0,0,0,0,0,0,0,0,0,0,0,0,0,0,0,0,0,0,0,0,0,0,0,0,0,0,0,0,0,0,0,0,0,0,0,0,0,0,0,0,0,0,0,0,0,0,0,0,0,0,0,0,0,0,0,0,0,0,0,0,0,0,0,0,0,0,0,0,0,0,0,0,0,0,0,0,0,0,0,0,0,0,0,0,0,0,0,0,0,0,0,0,0,0,0,0,0,0,0,0,0,0,0,0,0,0,0,0,0,0,0,0,0,0,0,0,0,0,0,0,0,0,0,0,0,0,0,0,0,0,0,0,0,0,0,0,0,0,0,0,0,0,0,0,0,0,0,0,0,0,0,0,0,0,0,0,0,0,0,0,0,0,0,0,0,0,0,0,0,0,0,0,0,0,0,0,0,0,0,0,0,0,0,0,0,0,0,0,0,0,0,0,0,0,0,0,0,0,0,0,0,0,0,0,0,0,0,0,0,0,0,0,0,0,0,0,0,0,0,0,0,0,0,0,0,0,0,0,0,0,0,0,0,0,0,0,0,0,0,0,0,0,0,0,0,0,0,0,0,0,0,0,0,0,0,0,0,0,0,0,0,0,0,0,0,0,0,0,0,0,0,0,0,0,0,0,0,0,0,0,0,0,0,0,0,0,0,0,0,0,0,0,0,0,0,0,0,0,0,0,0,0,0,0,0,0,0,0,0,0,0,0,0,0,0,0,0,0,0,0,0,0,0,0,0,0,0,0,0,0,0,0,0,0,0,0,0,0,0,0,0,0,0,0,0,0,0,0,0,0,0,0,0,0,0,0,0,0,0,0,0,0,0,0,0,0,0,0,0,0,0,0,0,0,0,0,0,0,0,0,0,0,0,0,0,0,0,0,0,0,0,0,0,0,0,0,0,0,0,0,0,0,0,0,0,0,0,0,0,0,0,0,0,0,0,0,0,0,0,0,0,0,0,0,0,0,0,0,0,0,0,0,0,0,0,0,0,0,0,0,0,0,0,0,0,0,0,0,0,0,0,0,0,0,0,0,0,0,0,0,0,0,0,0,0,0,0,0,0,0,0,0,0,0,0,0,0,0,0,0,0,0,0,0,0,0,0,0,0,0,0,0,0,0,0,0,0,0,0,0,0,0,0,0,0,0,0,0,0,0,0,0,0,0,0,0,0,0,0,0,0,0,0,0,0,0,0,0,0,0,0,-0.10631179,-0.33462685,0.6977427,-1.0623105,-0.2445637,-0.9981031,0.33968356,0.590531,-0.6000971,-0.06895719,-0.91874117,0.23719104,-0.3129585,-0.89448065,-0.04104094,-0.23399541,0.7513818,-1.4422374,-0.25586313,-0.439911,-0.62156606,-0.10484952,0.7706573,0.113894254,0.28345224,-0.2324002,-0.16128021,0.026556268,0.2518803,-0.17477308,-0.13721907,-0.08942911,0.15211293,-0.17577009,0.10086667,-0.23898046,0.5602219,-0.5678605,-0.16540119,-0.16958863,0.045100637,-0.46051586,0.29488462,0.10372476,0.15423988,-0.1261855,0.38866994,0.4066161,-0.6609811,-0.2118618,-0.08736862,0.06823125,0.0046885386,0.226091,-0.4008947,-0.2171792,-0.48856503,0.21585503,0.091494784,0.16214949,-0.27826262,-0.13768435,-0.086903356,-0.15822273,0.15443929,-0.46563384,-0.09408182,0.7432063,-0.12645137,0.589534,0.023764644,-0.07055241,-0.34353346,0.6338012,-0.08318119,0.30026847,-0.34778738,0.34340572,0.3868753,0.078666605,0.027553277,0.23087664,-0.019704947,0.5066493,-0.41013366,-0.2316026,-0.28770095,-0.016248649,0.21372809,-0.22369298,-0.080456026,0.5235985,0.12878293,0.20940772,0.20468853,-0.013058221,0.110504426,0.15317641,0.37444595,-0.1554311,0.13895242,0.39551607,0.08371811,0.062913865,-0.053270917,0.39917177,-0.44529486,0.6233658,0.1883376,-0.054201458,0.23552935,-0.15111072,0.39923823,0.028749688,-0.3686581,-0.3615461,-0.05247331,-0.10418484,-0.29913333,-0.08663748,0.503193,-0.1215328,0.19139509,-0.09647464,-0.24582659,0.24729405,0.04177727,-0.22076842,0.007014893,-0.24629186,-0.17098445,-0.0955441,-0.25752482,-0.7787611,0.08950077,0.32452902,-0.24549425,-0.44788706,-0.21432109,-0.14519514,-0.8268169,-0.22641814,0.37650642,0.3115679,-3.0637257e-05,0.33077693,-0.19743842,0.19711126,0.41638678,-0.17583655,-0.16241017,-0.47839555,-0.1919881,-0.045693647,0.12047452,-0.045494247,-0.4601835,-0.082516514,0.012066405,-0.30232376,-0.0038192715,-0.30724233,-0.07467338,-0.18972822,0.055070724,-0.32685018,0.045765307,0.10744693,0.109773286,0.00096637174,-0.023958853,-0.16752814,-0.20946899,-0.051609233,-0.07500571,0.40189692,-0.039113387,-0.0329984,0.47560912,-0.046225388,0.42416346,-0.8667638,0.038852714,-0.04861821,-0.13549092,0.26736718,0.094751686,0.14327279,-0.48138657,0.052611437,-0.027747486,-0.3659994,-0.2884321,0.0150574315,0.11568887,0.07268455,0.34559914,-0.014852838,0.06244859,-0.1107651,-0.21558398,-0.065833226,-0.005414486,0.5472608,0.09169419,-0.04589305,0.30033493,-0.06742845,-0.3452616,-0.42435765,0.4659049,0.051016223,-0.39604262,-0.1773653,-0.11448727,0.04669585,-0.10597946,-0.17031977,0.022368832,0.044635363,0.54214287,-0.16141316,-0.11874117,-0.016580986,0.12672244,0.08783909,0.27421328,-0.0955441,0.3660046,0.40502086,-0.19431445,-0.33356336,0.12884939,-0.051077496,0.050019212,0.016187375,-0.24622539,-0.22103429,-0.33562386,0.5085104,0.15430635,0.09893912,0.21027179,-0.31269264,-0.29481295,-0.40727556,-0.26124698,-0.20867138,-0.21997082,-0.03545769,-0.102323756,-0.10418484,-0.19797015,-0.102323756,-0.22309478,-0.3650024,-0.039179858,-0.0254876,-0.09315128,0.13994943,0.0488228,0.024229914,-0.4181762,0.012332274,0.13277096,-0.18979467,-0.06556736,-0.2557302,-0.25905356,0.07574204,-0.09813632,0.13057753,0.027819147,-0.05612901,-0.17078504,0.21206641,-0.24775413,-0.04157268,-0.40215757,0.2835852,0.40276098,0.018114926,-0.15357003,-0.1996983,0.046961717,-0.050944563,0.6508168,-0.15310475,0.4409132,0.143871,0.40508735,-0.13542445,0.02456225,0.07946421,-0.0922872,-0.0995986,-0.28264946,-0.23771758,0.4589258,-0.20448394,-0.2557302,0.3948514,-0.08098777,0.22695507,0.46271446,-0.563806,-0.31754476,-0.17257966,-0.105846524,-0.13848194,0.29501754,0.016519712,0.051415026,-0.107907005,-0.4458266,0.24430303,0.29129538,-0.28324765,-0.115683675,-0.04369963,0.27866662,0.026822139,-0.05313798,-0.10092795,0.014725096,0.32459548,-0.17902698,-0.07487278,-0.27101767,0.1402153,-0.021433096,-0.17178205,0.3300458,-0.31654775,-0.29846865,-0.23997746,0.26437613,0.12579189,0.09787565,-0.2535368,0.24423656,-0.1408083,-0.41578338,0.28591153,-0.07979135,0.039251518,-0.049947552,0.0067490237,0.093156464,-0.015384575,0.028417353,-0.29301834,0.13549611,0.18767291,0.33316976,0.055004258,0.25134856,-0.0738093,0.21053766,0.13263802,-0.06277574,0.12685537,0.068696514,0.22436285,-0.086770415,0.1820232,0.2894343,0.11096969,0.11921164,-0.22987443,-0.10391897,0.20993945,0.2667025,-0.22901036,0.38581184,0.19830768,0.27700493,-0.030472644,-0.042902023,-0.079326086,0.10325949,-0.3661988,0.2928906,-0.13529152,-0.109701626,-0.1265843,-0.07354343,3.583001e-05,0.16022193,0.15796205,-0.36506885,0.0016310443,-0.196242,-0.3702533,0.14739376,-0.5235268,-0.31428787,0.12685537,0.17544295,-0.107508205,0.13556258,0.028749688,-0.088232696,0.33031166,-0.5002633,0.4295473,0.16620399,0.12838411,-0.17125031,0.30930802,-0.034593616,-0.07394224,0.043372486,-0.10870461,0.00089990447,-0.044364303,-0.1767671,-0.060515847,0.015323301,-0.2181762,0.05467192,0.022568233,0.12180386,-0.08371292,0.044369496,0.22589159,-0.007940242,-0.08298178,-0.036521167,-0.24210441,-0.038913988,-0.3453281,-0.00627856,0.41771612,-0.30657765,-0.1332975,-0.004683346,-0.17862818,0.35756326,-0.28524166,-0.16134669,-0.29222074,0.23878625,0.24244195,-0.30717587,0.29036483,0.0024286516,0.16932796,0.08179057,-0.23306488,0.14699495,0.017184384,0.040182058,-0.20654443,0.19551605,-0.17969166,0.50777924,0.38189027,0.33895242,0.022435298,0.2112688,0.07029173,-0.17796351,-0.34453046,-0.07221409,0.18115912,-0.19065875,-0.077531464,-0.04815294,-0.14087477,0.19073041,-0.13402864,0.11469186,0.0886367,0.00096637174,0.14147817,-0.3627425,0.19272444,0.6474935,-0.12778072,-0.059585307,-0.24343376,-0.04469664,-0.24988109,-0.4066109,0.109241545,0.24144493,0.20063403,0.13071047,0.087573215,0.1426081,0.23107605,0.2116676,-0.26171225,-0.07473984,-0.03153612,0.044568896,0.05374138,-0.24755473,-0.30498245,0.042508412,0.4971445,-0.20767437,0.18753998,-0.58660424,-0.026883412,0.06590489,0.11196671,0.2035586,-0.17071858,0.14646322,0.37059084,0.29767624,-0.11315792,0.057131212,-0.18534137,0.14726081,0.09973673,0.25806177,0.28132528,0.05108269,-0.21398877,0.22855029,0.15477163,-0.10272256,-0.33808315,-0.36221075,0.05659947,0.2603881,0.09282413,0.012465209,0.23931798,-0.33622205,0.19491786,-0.211463,0.064974345,0.22695507,-0.05340385,0.13011226,-0.36540118,-0.20501569,0.0048214733,-0.06071525,0.11768289,-0.25154278,0.2817241,-0.02595287,-0.020701956,0.14859016,0.24948747,-0.02475646,-0.23452714,0.1434722,-0.16094789,0.23945092,-0.19544439,0.49156126,-0.11142977,0.072019875,0.018447263,0.30844393,0.08996604,-0.018774405,0.08823789,-0.14160591,0.1722525,0.010670592,-0.040309798,-0.18188508,-0.2108648,0.16560578,0.23792218,0.3294476,-0.029276233,-0.09135666,0.16407704,-0.036122363,0.079397745,0.20262805,-0.13263284,0.26537314,0.24510063,0.0150574315,0.108111605,0.061318647,0.052943774,-0.26988775,-0.014121697,0.26078692,0.23107605,-0.32525498,-0.60448396,0.0056190803,0.026223931,-0.09760458,-0.013523492,-0.005015682,0.0029603897,0.050484482,-0.22701634,-0.29893392,0.056798875,-0.0045504114,-0.20574681,-0.18926294,-0.14698976,-0.2851752,-0.2110642,0.009075378,0.3929903,0.28591153,-0.086371616,0.13263802,0.0126646105,0.09840738,-0.07327756,-0.01478637,0.02190356,-0.17364313,-0.115816616,0.19751008,-0.35569698,-0.10983456,0.016719114,-0.11236031,-0.2766674,-0.025753468,-0.4066109,0.37198666,0.09435288,0.29661277,0.3537746,0.03845391,0.1779687,-0.18806653,0.29574868,0.19824122,-0.2858399,0.01558917,0.027819147,0.22728741,-0.25785714,-0.39271924,-0.18859826,0.14307338,0.12532662,0.059191696,0.07135521,-0.19085816,-0.008937251,-0.41073185,-0.22329418,-0.3588874,0.17584175,0.18813819,0.31774935,-0.38580665,0.13828774,0.30784574,0.24935454,0.19006574,0.07241868,-0.0770662,0.251415,-0.1627425,-0.12226394,-0.0405092,0.103658296,-0.13728555,-0.1992995,0.07860014,0.14360513,-0.0993992,0.17158784,-0.13256636,-0.08896384,-0.12671724,0.4266892,-0.13569033,0.16660279,-0.456129,-0.31933936,-0.14094123,-0.037185837,0.16912855,-0.028545095,0.21718438,0.0048879404,-0.12605257,0.03413354,-0.21977141,-0.065434426,0.16028841,0.36181715,0.14672908,-0.2896285,0.0044226693,-0.23618883,-0.07294523,-0.012061212,-0.09401535,0.2378557,0.04942101,0.14539973,-0.005015682,-0.23459361,0.07946421,0.27474505,-0.064503886,0.06490788,0.35503748,-0.3298412,-0.078262605,0.36912856,-0.211463,0.029281426,-0.07434104,-0.056993082,0.052611437,0.38355196,-0.029010365,0.2453665,0.55437285,0.3016643,-0.26869133,0.1111691,-0.031203784,-0.22827922,0.009341247,-0.03592296,-0.058189493,-0.32598612,-0.08125363,-0.19810309,0.12067392,-0.32000405,-0.11209445,-0.11953878,0.26557255,0.06557255,0.22509399,-0.16626526,-0.33854842,0.2540737,0.16035487,-0.22023669,0.21419336,0.05739708,0.09933792,0.10917508,-0.09235367,0.101066075,0.02143829,0.032870658,-0.12093459,0.17550941,0.04895574,-0.39504558,-0.10152615,-0.15935268,-0.3743078,-0.09335068,0.17477827,-0.08318119,-0.4628422,0.21027179,-0.16593292,-0.057657756,-0.12744838,-0.036055896,-0.10810641,-0.0738093,-0.19099109,0.1883376,-0.16892396,0.2453665,-0.30072853,-0.2664979,0.06683543,-0.2626428,-0.19331744,-0.19019349,0.19691187,0.25786236,0.35350874,0.019111935,-0.49767104,0.37650642,-0.1396119,-0.40242347,0.1398165,-0.31269264,0.36514053,-0.19278571,-0.20202465,0.036061086,0.3113685,-0.33143643,-0.43166906,0.23486468,-0.15024665,-0.081187166,-0.061579324,-0.18494257,-0.14173885,-0.15357003,-0.24755473,-0.33077174,-0.19976477,-0.011795343,-0.08956204,-0.03366307,-0.2451619,-0.09634171,-0.029940907,0.076473184,0.22143829,0.23918505,-0.045494247,0.039317984,-0.32817954,-0.23539123,-0.17882758,0.038985647,-0.2171792,-0.18866473,-0.30803993,-0.04516191,-0.06776078,-0.15410176,0.19830768,-0.13356337,0.054738387,0.1385536,0.26517376,0.5868753,0.15317641,-0.031469654,-0.22149956,0.053143173,0.08159117,-0.25912005,-0.13801669,0.07853367,0.25161442,0.14672908,-0.08052249,-0.14758797,-0.18979467,-0.15250655,-0.21325763,-0.058388896,0.036194023,0.08272111,0.012531675,0.016984982,-0.03785051,0.109573886,0.15085006,-0.28304824,-0.20169231,0.30219603,-0.1574916,-0.053470317,0.066037826,-0.0028887296,0.05706474,0.006017884,0.1298464,-0.103254296,0.11096969,0.20668256,-0.052539777,-0.4847764,-0.24994755,0.02821795,0.1856789,0.29667923,0.22077362,0.009341247,0.4884373,-0.008272578,0.40628377,-0.004949215,-0.15875447,-0.050146956,0.087573215,0.21824786,0.007280762,-0.093084805,-0.4638392,0.114093654,-0.373909,-0.23991099,0.18361841,0.1381548,-0.18461023,0.18335254,0.37079024,0.25992283,0.017849058,-0.051343367,0.17670582,-0.38527492,0.026356867,0.2845822,-0.0053480184,-0.00820611,0.29667923,0.51794875,-0.3355574,-0.12186513,-0.5045172,-0.18647131,-0.39537793,-0.14519514,-0.10405191,-0.3818186,0.48464864,-0.13489272,0.16533992,0.43579522,0.25812823,0.46942765,-0.038781054,-0.020502554,0.091827124,-0.38195154,0.031076042,0.34825784,-0.093616545,-0.061778728,0.32379788,-0.15496583,0.1714549,0.116486475,0.3333027,-0.050612226,-0.34007716,0.013129882,-0.07540452,0.087706156,0.16480818,-0.36805987,0.24682878,0.08604447,0.15364169,-0.2687578,0.26856357,-0.08942911,-0.057724223,0.16766627,0.091827124,0.17092317,0.047294054,0.055801865,-0.2393128,-0.025554067,-0.10032974,0.30392417,-0.063241005,-0.05313798,-0.27567038,0.29215947,-0.21172887,-0.27194822,0.27228576,0.052877307,-0.017777396,-0.1369532,0.039251518,0.0066825566,0.45041803,0.01193347,-0.14213765,0.14546621,0.31396073,-0.30352017,-0.05247331,0.058061752,0.025692195,-0.0056138877,-0.040642135,-0.08191831,0.00070050266,-0.53934604,-0.015849845,-0.19491266,0.10578525,0.013861021,0.5402818,-0.32159927,-0.12984121,-0.14160591,0.04164434,-0.07812967,0.40176398,0.23287065,-0.67513865,0.024695186,0.4220365,-0.008272578,-0.25852183,-0.117145956,0.054605454,0.14200991,-0.23691997,0.20661609,-0.03226726,-0.17031977,-0.093815945,0.08418339,0.013661619,0.08345225,0.046297047,0.19252503,-0.017511528,-0.38195154,0.2567324,0.49322292,-0.0813201,0.26723424,0.13782246,-0.07580332,0.4381216,-0.49973154,-0.22515526,0.52539307,0.8183808,0.6151239,0.9829537,0.34074703,-0.59331745,0.27029172,-0.07487278,0.32718772,0.49794212,-0.06071525,-0.152573,0.485978,0.050683886,-0.42980796,-0.3721144,-0.35975146,-0.29162252,0.09322294,-0.24788707,0.038985647,-0.049482282,-0.5682593,0.23586169,-0.24602598,-0.1265843,-0.14785384,0.14433627,0.5400159,0.15304348,-0.37603596,-0.8157834,-0.6001636,-0.09747165,-0.09202133,0.41578856,0.26603782,-0.19730549,0.05061742,0.36593813,-0.08019016,0.455536,-0.20707616,0.03087664,0.20754664,-0.93682027,-0.15769099,-0.28650454,0.69382113,0.09355527,-0.43253312,-0.373909,-0.0043510096,-0.2728123,-0.4849758,0.3670016,-0.03525829,0.15477163,0.35576862,0.55955726,0.18308668,-0.07925962,-0.2672955,-0.10737527,0.14200991,0.21332929,0.13622725,0.0024951189,0.34068057,0.5679321,-0.068425454,-0.54333407,0.013196348,0.6154562,0.10631698,-0.5218651,0.12818472,-0.3757701,-0.17603596,-0.16546766,0.36241534,-0.27334404,0.08817142,0.2455659,0.3535752,-0.46882427,0.80575204,-0.2746069,0.7042565,-0.17417488,-0.01963848,-0.6756704,0.6223688,-0.2171792,-0.23040618,-0.6462254,0.019111935,-0.3416724,0.19053102,0.34194344,-0.31129685,0.4353964,0.4853798,0.34167758,0.15649977,-0.19305158,-0.50504893,0.3527776,0.35836086,0.06543962,-0.15975147,0.17570882,0.24656291,0.08438279,-0.34306818,0.1783675,-0.4862387,0.17577527,-0.04143974,0.008344238,0.2378557,-0.60381925,0.06317973,0.28305346,0.10286069,
0,0,0,0,0,0,0,0,0,0,0,0,0,0,1,0,0,0,0,0,0,0,0,0,0,0,0,0,0,0,0,0,0,0,0,0,0,0,0,0,0,0,0,0,0,0,0,0,0,0,0,0,0,0,0,0,0,0,0,0,0,0,0,0,0,0,0,0,0,0,0,0,0,0,0,0,0,0,0,0,0,0,0,0,0,0,0,0,0,0,0,0,0,0,0,0,0,0,0,0,0,0,0,0,0,0,0,0,0,0,0,0,0,0,0,0,0,0,0,0,0,0,0,0,0,0,0,0,0,0,0,0,0,0,0,0,0,0,0,0,0,0,0,0,0,0,0,0,0,0,0,0,0,0,0,0,0,0,0,0,0,0,0,0,0,0,0,0,0,0,0,0,0,0,0,0,0,0,0,0,0,0,0,0,0,0,0,0,0,0,0,0,0,0,0,0,0,0,0,0,0,0,0,0,0,0,0,0,0,0,0,0,0,0,0,0,0,0,0,0,0,0,0,0,0,0,0,0,0,0,0,0,0,0,0,0,0,0,0,0,0,0,0,0,0,0,0,0,0,0,0,0,0,0,0,0,0,0,0,0,0,0,0,0,0,0,0,0,0,0,0,0,0,0,0,0,0,0,0,0,0,0,0,0,0,0,0,0,0,0,0,0,0,0,0,0,0,0,0,0,0,0,0,0,0,0,0,0,0,0,0,0,0,0,0,0,0,0,0,0,0,0,0,0,0,0,0,0,0,0,0,0,0,0,0,0,0,0,0,0,0,0,0,0,0,0,0,0,0,0,0,0,0,0,0,0,0,0,0,0,0,0,0,0,0,0,0,0,0,0,0,0,0,0,0,0,0,0,0,0,0,0,0,0,0,0,0,0,0,0,0,0,0,0,0,0,0,0,0,0,0,0,0,0,0,0,0,0,0,0,0,0,0,0,0,0,0,0,0,0,0,0,0,0,0,0,0,0,0,0,0,0,0,0,0,0,0,0,0,0,0,0,0,0,0,0,0,0,0,0,0,0,0,0,0,0,0,0,0,0,0,0,0,0,0,0,0,0,0,0,0,0,0,0,0,0,0,0,0,0,0,0,0,0,0,0,0,0,0,0,0,0,0,0,0,0,0,0,0,0,0,0,0,0,0,0,0,0,0,0,0,0,0,0,0,0,0,0,0,0,0,0,0,0,0,0,0,0,0,0,0,0,0,0,0,0,0,0,0,0,0,0,0,0,0,0,0,0,0,0,0,0,0,0,0,0,0,0,0,0,0,0,0,0,0,0,0,0,0,0,0,0,0,0,0,0,0,0,0,0,0,0,0,0,0,0,0,0,0,0,0,0,0,0,0,0,0,0,0,0,0,0,0,0,0,0,0,0,0,0,0,0,0,0,0,0,0,0,0,0,0,0,0,0,0,0,0,0,0,0,0,0,0,0,0,0,0,0,0,0,0,0,0,0,0,0,0,0,0,0,0,0,0,0,0,0,0,0,0,0,0,0,0,0,0,0,0,0,0,0,0,0,0,0,0,0,0,0,0,0,0,0,0,0,0,0,0,0,0,0,0,0,0,0,0,0,0,0,0,0,0,0,0,0,0,0,0,0,0,0,0,0,0,0,0,0,0,0,0,0,0,0,0,0,0,0,0,0,0,0,0,0,0,0,0,0,0,0,0,0,0,0,0,0,0,0,0,0,0,0,0,0,0,0,0,0,0,0,0,0,0,0,0,0,0,0,0,0,0,0,0,0,0,0,0,0,0,0,0,0,0,0,0,0,0,0,0,0,0,0,0,0,0,0,0,0,0,0,0,0,0,0,0,0,0,0,0,0,0,0,0,0,0,0,0,0,0,0,0,0,0,0,0,0,0,0,0,0,0,0,0,0,0,0,0,0,0,0,0,0,0,0,0,0,0,0,0,0,0,0,0,0,0,0,0,0,0,0,0,0,0,0,0,0,0,0,0,0,0,0,0,0,0,0,0,0,0,0,0,0,0,0,0,0,0,0,0,0,0,0,0,0,0,0,0,0,0,0,0,0,0,0,0,0,0,0,0,0,0,0,0,0,0,0,0,0,0,0,0,0,0,0,0,0,0,0,0,0,0,0,0,0,0,0,0,0,0,0,0,0,0,0,0,0,0,0,0,0,0,0,0,0,0,0,0,0,0,0,0,0,0,0,0,0,0,0,0,0,0,0,0,0,0,0,0,0,0,0,0,0,0,0,0,0,0,0,0,0,0,0,0,0,0,0,0,0,0,0,0,0,0,0,0,0,0,0,0,0,0,0,0,0,0,0,0,0,0,0,0,0,0,0,0,0,0,0,0,0,0,0,0,0,0,0,0,0,0,0,0,0,0,0,0,0,0,0,0,0,0,0,0,0,0,0,0,0,0,0,0,0,0,0,0,0,0,0,0,0,0,0,0,0,0,0,0,0,0,0,0,0,0,0,0,0,0,0,0,0,0,0,0,0,0,0,0,0,0,0,0,0,0,0,0,0,0,0,0,0,0,0,0,0,0,0,0,0,0,0,0,0,0,0,0,0,0,0,0,0,0,0,0,0,0,0,0,0,0,0,0,0,0,0,0,0,0,0,0,0,0,0,0,0,0,0,0,0,0,0,0,0,0,0,0,0,0,0,0,0,0,0,0,0,0,0,0,0,0,0,0,0,0,0,0,0,0,0,0,0,0,0,0,0,0,0,0,0,0,0,0,0,0,0,0,0,0,0,0,0,0,0,0,0,0,0,0,0,0,0,0,0,0,0,0,0,0,0,0,0,0,0,0,0,0,0,0,0,0,0,0,0,0,0,0,0,0,0,0,0,0,0,0,0,0,0,0,0,0,0,0,0,0,0,0,0,0,0,0,0,0,0,0,0,0,0,0,0,0,0,0,0,0,0,0,0,0,0,0,0,0,0,0,0,0,0,0,0,0,0,0,0,0,0,0,0,0,0,0,0,0,0,0,0,0,0,0,0,0,0,0,0,0,0,0,0,0,0,0,0,0,0,0,0,0,0,0,0,0,0,0,0,0,0,0,0,0,0,0,0,0,0,0,0,0,0,0,0,0,0,0,0,0,0,0,0,0,0,0,0,0,0,0,0,0,0,0,0,0,0,0,0,0,0,0,0,0,0,0,0,0,0,0,0,0,0,0,0,0,0,0,0,0,0,0,0,0,0,0,0,0,0,0,0,0,0,0,0,0,0,0,0,0,0,0,0,0,0,0,0,0,0,0,0,0,0,0,0,0,0,0,0,0,0,0,0,0,0,0,0,0,0,0,0,0,0,0,0,0,0,0,0,0,0,0,0,0,0,0,0,0,0,0,0,0,0,0,0,0,0,0,0,0,0,0,0,0,0,0,0,0,0,0,0,0,0,0,0,0,0,0,0,0,0,0,0,0,0,0,0,0,0,0,0,0,0,0,0,0,0,0,0,0,0,0,0,0,0,0,0,0,0,0,0,0,0,0,0,0,0,0,0,0,0,0,0,0,0,0,0,0,0,0,0,0,0,0,0,0,0,0,0,0,0,0,0,0,0,0,0,0,0,0,0,0,0,0,0,0,0,0,0,0,0,0,0,0,0,0,0,0,0,0,0,0,0,0,0,0,0,0,0,0,0,0,0,0,0,0,0,0,0,0,0,0,0,0,0,0,0,0,0,0,0,0,0,0,0,0,0,0,0,0,0,0,0,0,0,0,0,0,0,0,0,0,0,0,0,0,0,0,0,0,0,0,0,0,0,0,0,0,0,0,0,0,0,0,0,0,0,0,0,0,0,0,0,0,0,0,0,0,0,0,0,0,0,0,0,0,0,0,0,0,0,0,0,0,0,0,0,0,0,0,0,0,0,0,0,0,0,0,0,0,0,0,0,0,0,0,0,0,0,0,0,0,0,0,0,0,0,0,0,0,0,0,0,0,0,0,0,0,0,0,0,0,0,0,0,0,0,0,0,0,0,0,0,0,0,0,0,0,0,0,0,0,0,0,0,0,0,0,0,0,0,0,0,0,0,0,0,0,0,0,0,0,0,0,0,0,0,0,0,0,0,0,0,0,0,0,0,0,0,0,0,0,0,0,0,0,0,0,0,0,0,0,0,0,0,0,0,0,0,0,0,0,0,0,0,0,0,0,0,0,0,0,0,0,0,0,0,0,0,0,0,0,0,0,0,0,0,0,0,0,0,0,0,0,0,0,0,0,0,0,0,0,0,0,0,0,0,0,0,0,0,0,0,0,0,0,0,0,0,0,0,0,0,0,0,0,0,0,0,0,0,0,0,0,0,0,0,0,0,0,0,0,0,0,0,0,0,0,0,0,0,0,0,0,0,0,0,0,0,0,0,0,0,0,0,0,0,0,0,0,0,0,0,0,0,0,0,0,0,0,0,0,0,0,0,0,0,0,0,0,0,0,0,0,0,0,0,0,0,0,0,0,0,0,0,0,0,0,0,0,0,0,0,0,0,0,0,0,0,0,0,0,0,0,0,0,0,0,0,0,0,0,0,0,0,0,0,0,0,0,0,0,0,0,0,0,0,0,0,0,0,0,0,0,0,0,0,0,0,0,0,0,0,0,0,0,0,0,0,0,0,0,0,0,0,0,0,0,0,0,0,0,0,0,0,0,0,0,0,0,0,0,0,0,0,0,0,0,0,0,0,0,0,0,0,0,0,0,0,0,0,0,0,0,0,0,0,0,0,0,0,0,0,0,0,0,0,0,0,0,0,0,0,0,0,0,0,0,0,0,0,0,0,0,0,0,0,0,0,0,0,0,0,0,0,0,0,0,0,0,0,0,0,0,0,0,0,0,0,0,0,0,0,0,0,0,0,0,0,0,0,0,0,0,0,0,0,0,0,0,0,0,0,0,0,0,0,0,0,0,0,0,0,0,0,0,0,0,0,0,0,0,0,0,0,0,0,0,0,0,0,0,0,0,0,0,0,0,0,0,0,0,0,0,0,0,0,0,0,0,0,0,0,0,0,0,0,0,0,0,0,0,0,0,0,0,0,0,0,0,0,0,0,0,0,0,0,0,0,0,0,0,0,0,0,0,0,0,0,0,0,0,0,0,0,0,0,0,0,0,0,0,0,0,0,0,0,0,0,0,0,0,0,0,0,0,0,0,0,0,0,0,0,0,0,0,0,0,0,0,0,0,0,0,0,0,0,0,0,0,0,0,0,0,0,0,0,0,0,0,0,0,0,0,0,0,0,0,0,0,0,0,0,0,0,0,0,0,0,0,0,0,0,0,0,0,0,0,0,0,0,0,0,0,0,0,0,0,0,0,0,0,0,0,0,0,0,0,0,0,0,0,0,0,0,0,0,0,0,0,0,0,0,0,0,0,0,0,0,0,0,0,0,0,0,0,0,0,0,0,0,0,0,0,0,0,0,0,0,0,0,0,0,0,0,0,0,0,0,0,0,0,0,0,0,0,0,0,0,0,0,0,0,0,0,0,0,0,0,0,0,0,0,0,0,0,0,0,0,0,0,0,0,0,0,0,0,0,0,0,0,0,0,0,0,0,0,0,0,0,0,0,0,0,0,0,0,0,0,0,0,0,0,0,0,0,0,0,0,0,0,0,0,0,0,0,0,0,0,0,0,0,0,0,0,0,0,0,0,0,0,0,0,0,0,0,0,0,0,0,0,0,0,0,0,0,0,0,0,0,0,0,0,0,0,0,0,0,0,0,0,0,0,0,0,0,0,0,0,0,0,0,0,0,0,0,0,0,0,0,0,0,0,0,0,0,0,0,0,0,0,0,0,0,0,0,0,0,0,0,0,0,0,0,0,0,0,0,0,0,0,0,0,0,0,0,0,0,0,0,0,0,0,0,0,0,0,0,0,0,0,0,0,0,0,0,0,0,0,0,0,0,0,0,0,0,0,0,0,0,0,0,0,0,0,0,0,0,0,0,0,0,0,0,0,0,0,0,0,0,0,0,0,0,0,0,0,0,0,0,0,0,0,0,0,0,0,0,0,0,0,0,0,0,0,0,0,0,0,0,0,0,0,0,0,0,0,0,0,0,0,0,0,0,0,0,0,0,0,0,0,0,0,0,0,0,0,0,0,0,0,0,0,0,0,0,0,0,0,0,0,0,0,0,0,0,0,0,0,0,0,0,0,0,0,0,0,0,0,0,0,0,0,0,0,0,0,0,0,0,0,0,0,0,0,0,0,0,0,0,0,0,0,0,0,0,0,0,0,0,0,0,0,0,0,0,0,0,0,0,0,0,0,0,0,0,0,0,0,0,0,0,0,0,0,0,0,0,0,0,0,0,0,0,0,0,0,0,0,0,0,0,0,0,0,0,0,0,0,0,0,0,0,0,0,0,0,0,0,0,0,0,0,0,0,0,0,0,0,0,0,0,0,0,0,0,0,0,0,0,0,0,0,0,0,0,0,0,0,0,0,0,0,0,0,0,0,0,0,0,0,0,0,0,0,0,0,0,0,0,0,0,0,0,0,0,0,0,0,0,0,0,0,0,0,0,0,0,0,0,0,0,0,0,0,0,0,0,0,0,0,0,0,0,0,0,0,0,0,0,0,0,0,0,0,0,0,0,0,0,0,0,0,0,0,0,0,0,0,0,0,0,0,0,0,0,0,0,0,0,0,0,0,0,0,0,0,0,0,0,0,0,0,0,0,0,0,0,0,0,0,0,0,0,0,0,0,0,0,0,0,0,0,0,0,0,0,0,0,0,0,0,0,0,0,0,0,0,0,0,0,0,0,0,0,0,0,0,0,0,0,0,0,0,0,0,0,0,0,0,0,0,0,0,0,0,0,0,0,0,0,0,0,0,0,0,0,0,0,0,0,0,0,0,0,0,0,0,0,0,0,0,0,0,0,0,0,0,0,0,0,0,0,0,0,0,0,0,0,0,0,0,0,0,0,0,0,0,0,0,0,0,0,0,0,0,0,0,0,0,0,0,0,0,0,0,0,0,0,0,0,0,0,0,0,0,0,0,0,0,0,0,0,0,0,0,0,0,0,0,0,0,0,0,0,0,0,0,0,0,0,0,0,0,0,0,0,0,0,0,0,0,0,0,0,0,0,0,0,0,0,0,0,0,0,0,0,0,0,0,0,0,0,0,0,0,0,0,0,0,0,0,0,0,0,0,0,0,0,0,0,0,0,0,0,0,0,0,0,0,0,0,0,0,0,0,0,0,0,0,0,0,0,0,0,0,0,0,0,0,0,0,0,0,0,0,0,0,0,0,0,0,0,0,0,0,0,0,0,0,0,0,0,0,0,0,0,0,0,0,0,0,0,0,0,0,0,0,0,0,0,0,0,0,0,0,0,0,0,0,0,0,0,0,0,0,0,0,0,0,0,0,0,0,0,0,0,0,0,0,0,0,0,0,0,0,0,0,0,0,0,0,0,0,0,0,0,0,0,0,0,0,0,0,0,0,0,0,0,0,0,0,0,0,0,0,0,0,0,0,0,0,0,0,0,0,0,0,0,0,0,0,0,0,0,0,0,0,0,0,0,0,0,0,0,0,0,0,0,0,0,0,0,0,0,0,0,0,0,0,0,0,0,0,0,0,0,0,0,0,0,0,0,0,0,0,0,0,0,0,0,0,0,0,0,0,0,0,0,0,0,0,0,0,0,0,0,0,0,0,0,0,0,0,0,0,0,0,0,0,0,0,0,0,0,0,0,0,0,0,0,0,0,0,0,0,0,0,0,0,0,0,0,0,0,0,0,0,0,0,0,0,0,0,0,0,0,0,0,0,0,0,0,0,0,0,0,0,0,0,0,0,0,0,0,0,0,0,0,0,0,0,0,0,0,0,0,0,0,0,0,0,0,0,0,0,0,0,0,0,0,0,0,0,0,0,0,0,0,0,0,0,0,0,0,0,0,0,0,0,0,0,0,0,0,0,0,0,0,0,0,0,0,0,0,0,0,0,0,0,0,0,0,0,0,0,0,0,0,0,0,0,0,0,0,0,0,0,0,0,0,0,0,0,0,0,0,0,0,0,0,0,0,0,0,0,0,0,0,0,0,0,0,0,0,0,0,0,0,0,0,0,0,0,0,0,0,0,0,0,0,0,0,0,0,0,0,0,0,0,0,0,0,0,0,0,0,0,0,0,0,0,0,0,0,0,0,0,0,0,0,0,0,0,0,0,0,0,0,0,0,0,0,0,0,0,0,0,0,0,0,0,0,0,0,0,0,0,0,0,0,0,0,0,0,0,0,0,0,0,0,0,0,0,0,0,0,0,0,0,0,0,0,0,0,0,0,0,0,0,0,0,0,0,0,0,0,0,0,0,0,0,0,0,0,0,0,0,0,0,0,0,0,0,0,0,0,0,0,0,0,0,0,0,0,0,0,0,0,0,0,0,0,0,0,0,0,0,0,0,0,0,0,0,0,0,0,0,0,0,0,0,0,0,0,0,0,0,0,0,0,0,0,0,0,0,0,0,0,0,0,0,0,0,0,0,0,0,0,0,0,0,0,0,0,0,0,0,0,0,0,0,0,0,0,0,0,0,0,0,0,0,0,0,0,0,0,0,0,0,0,0,0,0,0,0,0,0,0,0,0,0,0,0,0,0,0,0,0,0,0,0,0,0,0,0,0,0,0,0,0,0,0,0,0,0,0,0,0,0,0,0,0,0,0,0,0,0,0,0,0,0,0,0,0,0,0,0,0,0,0,0,0,0,0,0,0,0,0,0,0,0,0,0,0,0,0,0,0,0,0,-0.00594035,-1.3520416,0.4647938,-0.90874016,-0.95886326,0.8522813,-0.4369116,0.93844634,0.6975343,0.44553253,-0.4123243,-0.053728767,-0.8179787,-0.19475932,-1.1091597,-0.447053,0.25634876,1.1175617,0.09598395,0.8669461,0.5541691,-0.27793306,0.21643995,-0.15827961,0.6346433,0.6952726,-0.245685,0.36228582,-0.72276664,-0.41626412,0.07694155,-0.29208717,0.48726532,0.0038362117,-0.12515603,0.17638524,0.68564194,0.02171127,0.06621651,-0.12654227,0.8446935,-0.05453132,0.16879745,0.3315699,0.23190735,-0.11764122,-0.38423494,0.385341,-0.35337308,-0.10954272,-0.12924176,0.11633963,-0.30215558,0.4264901,0.08773954,0.4198508,-0.06649666,-0.52161753,-0.039939437,0.1812735,0.11364014,0.35265517,0.111962065,0.13326621,0.14092696,0.09474365,-0.29982087,-0.03322717,0.20505828,0.38140118,0.14917137,0.2005348,-0.095023796,-0.03439452,-0.2927438,-0.047600176,-0.08298549,-0.10968864,0.2654687,-0.29858056,-0.27727643,-0.006888822,-0.34534755,0.3803068,0.26145592,0.20265062,-0.136027,0.21301086,0.09080384,-0.010026078,-0.13413005,0.2977897,0.23876554,-0.35184094,-0.23904568,-0.036583304,-0.022575097,-0.18636899,0.27130544,0.3393036,-0.2825295,0.06351701,-0.25546154,-0.10895905,0.16741122,-0.4207876,0.2751723,0.41022015,-0.16791025,0.096348755,0.25299263,-0.21212366,0.304429,-0.41079214,-0.5239522,-0.05562571,-0.26049575,0.3682685,-0.16265717,-0.0023653386,-0.03344605,0.36535013,-0.20322262,0.13808154,-0.14376068,-0.26159015,-0.24415284,0.23380429,-0.2794652,-0.13172239,-0.17309037,-0.17185006,0.026964346,-0.2008879,-0.111512624,0.11364014,4.232216e-05,-0.06897729,-0.22875841,-0.3806599,-0.2066517,-0.09524268,-0.28311318,-0.09371053,0.089855365,0.09846458,-0.3101811,0.2183369,0.09364925,0.40153798,0.46880656,-0.08240182,0.2249762,-0.13588107,0.19323885,0.21738842,-0.23007168,-0.05081039,-0.22255686,-0.2379513,-0.115671314,0.19987816,-0.12552084,0.030758236,0.028788332,0.07431501,-0.18483683,-0.18250214,0.21264607,0.33828217,-0.2535646,0.2742238,0.030904155,-0.45646474,0.07409613,0.016822988,0.250512,0.3826415,-0.095607474,0.04367205,-0.066861466,0.018719932,0.0039821304,0.0800788,-0.2634871,-0.0011250285,-0.23408444,0.06847826,0.16164742,0.2226415,0.18586996,-0.07692986,-0.42932385,-0.17082863,-0.06394309,0.116266675,-0.2070165,0.40730178,-0.14281222,-0.20373333,0.23263694,0.29516315,0.37213534,0.026307711,-0.20672466,0.14070807,-0.00090615026,0.33361277,-0.0076184166,0.31741577,-0.22408901,-0.04475476,-0.18111591,0.19185263,-0.048986405,-0.31915513,0.30895248,-0.09378349,-0.13974792,-0.35957465,0.043161336,-0.18819298,-0.03322717,-0.15718523,0.2791121,-0.030454714,-0.20176342,-0.18709858,0.13990553,0.24292421,-0.17549804,0.25510845,-0.35519707,0.097953856,0.009672965,-0.33440363,-0.090281434,0.28224933,-0.22700737,0.40810433,-0.025712352,-0.032789417,-0.034029726,-0.0020005414,0.05271902,0.061620068,0.00908929,0.22118232,-0.19293533,-0.0022923793,0.42174774,0.56963646,0.046079714,-0.15623675,-0.07299005,0.16215815,0.1420943,0.054251168,-0.45303565,-0.23678394,-0.114212126,-0.1741118,-0.4597479,-0.13237903,0.004930603,-0.0772217,-0.14222854,-0.1284392,-0.09276205,-0.044389963,0.15836425,-0.047746096,0.10247734,-0.03629147,0.09043904,0.09043904,-0.08750898,0.25189823,0.12925345,-0.17433068,-0.018124573,-0.015789872,-0.6615537,-0.2817999,0.09583803,0.11670443,0.08905281,0.34477556,0.05789914,-0.10691618,0.59590185,0.333175,-0.12282134,0.13414173,-0.10144423,0.071396634,-0.028849607,0.014342368,-0.45164943,0.49675003,-0.021626625,-0.07853497,-0.2008879,0.03309294,-0.3542486,0.09255486,-0.17775978,-0.23539771,0.15938568,-0.26283047,-0.026223067,-0.27267998,0.22665428,-0.2028578,-0.4007967,0.29954073,0.14034328,0.28691876,0.08168391,0.11159727,0.27670443,0.113421254,0.00048007866,-0.22328645,-0.31339133,0.23635787,-0.22459972,-0.007545457,0.053740453,-0.01221486,0.23395021,-0.20978896,-0.03738586,-0.43640092,-0.70350534,0.3754185,0.03907561,-0.1473357,-0.101371266,-0.42874017,0.03623019,-0.12428052,0.3078581,0.4619484,0.0125913415,0.10101815,0.16412805,0.14231318,-0.03599963,0.097516105,0.32208517,-0.15309949,0.31967753,0.12976417,-0.11734938,0.7147528,0.024483727,-0.2639978,0.12283302,-0.10560291,-0.05117519,-0.09962024,0.19250926,-0.13143055,0.12006056,0.15041168,0.2958198,0.20885217,-0.25400236,0.20571491,-0.049716,0.0077030607,-0.09743146,0.024702605,-0.0128714945,-0.28420755,0.17470716,-0.5392737,-0.15477756,-0.010026078,0.3228148,-0.27129376,-0.1814807,-0.0083480105,-0.08685234,0.01288318,-0.120705515,0.037324585,-0.090281434,-0.31207806,0.027037306,-0.025493473,-0.08641458,0.115974836,-0.40488243,0.41467068,-0.09553451,0.12100904,-0.011923023,0.17580156,0.017187785,-0.25867176,-0.25721258,-0.020240396,-0.12683411,-0.04088791,0.13538204,0.16777602,0.10940849,-0.026660824,-0.53613645,-0.19184095,0.052135345,-0.11807897,-0.1942486,-0.24305846,-0.18768226,0.029517926,0.07971401,0.0046387655,-0.38656962,-0.051612943,-0.10443556,0.19418733,0.28896162,-0.15010816,-0.1937379,0.23249102,0.043015417,0.45187998,-0.06087879,0.051040955,-0.047964975,0.077598184,-0.28099734,-0.2589636,-0.075251795,0.18433781,0.1207172,-0.14288518,0.025942914,0.020835755,0.14851473,0.0603068,0.045569,0.32507652,-0.19023584,0.05162463,0.07993288,-0.14996223,-0.16389748,0.2446023,0.05673179,0.0148530835,-0.11129375,-0.25144878,-0.114431,0.22993745,-0.5215445,0.4133574,-0.14361477,-0.42283046,-0.14339589,0.10079928,0.22723794,0.13326621,0.06337109,0.0680405,-0.10100647,-0.15258877,-0.42866722,-0.17360109,-0.22992575,-0.064161964,0.019668406,-0.35592666,-0.24035895,-0.022721015,-0.13070095,0.14530452,-0.022866935,-0.007837295,-0.16995312,0.34674546,0.0025959017,0.27079472,-0.009734239,-0.22992575,0.085842595,-0.31842554,0.103279896,0.054178208,0.41693243,-0.18943328,-0.3490685,0.1847026,0.028277617,0.13363102,0.10028856,-0.22379717,0.055637397,0.12203047,0.1250218,-0.020532234,-0.15112959,0.038637854,-0.1633138,-0.050591514,0.20710115,-0.028192973,-0.1426663,-0.3433047,-0.44077846,0.05673179,0.09262782,0.14464788,0.3362393,0.115974836,0.29713306,0.098245695,0.03892969,0.11145135,-0.21102928,0.13085856,0.008359696,-0.18943328,0.034771003,-0.12946065,-0.13113871,0.17390461,0.05768026,-0.11559835,-0.1690776,-0.2850831,0.2715243,0.10145591,-0.30310404,-0.13814281,-0.4293968,-0.37861705,-0.34461796,-0.025566433,0.022878619,-0.17031792,-0.43428507,-0.16871281,-0.0030219734,0.097953856,0.05009248,0.10400949,0.108605936,-0.14974336,0.22847825,-0.0020005414,-0.26020393,0.035427637,0.0025229424,-0.20876753,-0.009661281,-0.145001,0.28516772,-0.12034071,-0.13828874,0.19207151,0.14180247,-0.25962025,0.44618917,-0.25422123,0.26320693,0.032363344,-0.16455412,0.46005145,0.4294085,0.038273055,-0.17469548,0.12801313,-0.038042493,-0.05606347,0.19382253,-0.11691162,-0.24984367,0.07219919,0.189372,0.27327535,0.00901633,0.030904155,0.24876097,-0.121581025,-0.09050031,0.11101359,-0.07299005,0.10452021,0.41890234,-0.18293989,0.07526348,-0.008202092,-0.22905025,0.12779427,0.13735195,0.15063056,-0.1365377,-0.10647842,-0.082912534,0.18207607,-0.058325212,-0.11880857,-0.082620695,0.049435847,0.05804506,-0.29741323,0.1688704,0.17529084,0.16784897,-0.13340046,-0.11734938,-0.036510345,-0.08743602,-0.19140318,0.3849762,-0.063870125,-0.25940135,-0.0034597297,0.4941235,0.39183438,0.049289927,0.1676301,0.2102384,0.14187543,0.060890477,0.082486466,-0.06306757,-0.13894537,-0.23503292,0.20746595,0.29786265,0.10532276,0.06278742,-0.18936032,0.12764834,0.12662691,-0.04482772,-0.18658787,0.2118435,-0.109907515,-0.009588321,0.037032746,-0.068758406,0.08846913,-0.15266174,-0.20533843,0.17120512,-0.016738344,-0.11990296,0.00026120042,-0.14988928,-0.32265717,0.23562828,0.17419645,0.21082208,0.19987816,0.23285583,-0.30704385,-0.044025164,0.0730747,0.18025208,-0.24174519,-0.0795564,-0.24634163,-0.07503292,-0.06459972,0.23533644,0.1773337,-0.1833047,0.04389093,-0.004918918,-0.26771873,-0.063140534,0.26087224,-0.011193428,0.24504004,-0.0005413532,-0.06452676,0.08263238,-0.6400306,0.048633292,0.29136926,-0.23277117,0.063735895,-0.1957078,-0.45157647,-0.27304476,-0.059419602,-0.02593123,-0.2197844,-0.14799233,-0.12676114,0.21673179,0.1253866,-0.122456536,0.25882939,-0.022939894,-0.009588321,-0.11275294,0.2580268,-0.15922809,-0.28398868,0.2241007,0.08358085,0.03134191,-0.07532475,0.25401405,-0.042930774,-0.23204158,0.1296912,-0.026368987,0.29844633,-0.09108399,-0.08626867,0.29961368,-0.08641458,-0.058033373,0.16281478,-0.26647842,-0.28026775,-0.009369442,-0.28741777,0.24795842,-0.09991208,-0.14324997,0.14698258,-0.055114996,0.2501472,0.07453389,-0.19848025,-0.07364669,0.21571036,0.19053936,-0.3252837,-0.071384944,0.23263694,-0.36198232,0.21913946,-0.18403429,-0.3983161,0.05308382,0.3258061,0.12837793,0.11509932,0.0016474293,-0.2825295,-0.00718066,0.18674546,0.20797665,-0.10056871,-0.240286,-0.22649667,0.23030224,-0.3872992,-0.21752265,-0.035488915,0.12859681,0.2246114,0.026672509,-0.2699805,0.16675459,0.14814994,0.16821377,-0.076565064,-0.063140534,-0.046432827,-0.27260703,0.032144465,-0.114212126,-0.16995312,0.2674386,0.13414173,0.07117775,0.07891145,0.041410312,0.070812955,-0.04818385,-0.36395222,0.011132154,0.19827306,-0.03599963,-0.19935577,-0.13230605,-0.013601089,-0.28012183,0.21096799,-0.020021517,-0.22277574,0.022076067,0.45844632,0.15238158,-0.15105663,-0.29879946,-0.15944695,0.16981888,-0.068758406,-0.06598595,0.13304734,-0.0048459587,0.103717655,-0.43019935,-0.136027,-0.15207806,-0.09473196,-0.16871281,0.021127593,-0.25495085,-0.13901833,0.17835514,-0.15864441,0.03177967,-0.20708945,-0.17900008,-0.14952448,-0.18206438,-0.017249059,0.24555075,-0.03089247,0.21724251,0.1401244,-0.006888822,0.11276462,0.37301084,0.25401405,0.028861292,0.099267125,0.05811802,-0.1732363,-0.037604738,-0.044389963,-0.11392029,-0.067736976,-0.13909128,-0.15047295,-0.19643739,-0.24291253,-0.0083480105,0.26933554,0.0951814,-0.1275637,-0.32470003,-0.087946735,0.23154256,0.011059194,-0.03745882,0.3598052,0.106927864,0.073147655,-0.057741534,0.013831652,-0.032497577,-0.18213734,0.008943371,-0.034978196,-0.13770506,-0.18250214,0.07898441,-0.083788045,0.0060249944,0.10415541,0.048633292,0.012372464,0.214543,-0.10968864,0.23767114,-0.05117519,-0.18863073,0.04564196,0.46698257,-0.06897729,0.05643995,0.22738387,-0.12997136,0.03141487,-0.14025864,-0.17644651,0.014634205,-0.07444924,-0.2823106,0.3503205,-0.06737218,0.042285826,0.2330747,0.030831195,0.02769394,-0.14653315,-0.0017087038,0.17813626,0.026015874,-0.2796111,0.18616179,0.05622107,0.07679563,0.073147655,-0.3344766,-0.3091597,0.225341,-0.10574883,-0.58764577,-0.027317459,-0.123623885,-0.08065079,0.026307711,-0.080577835,-0.27997592,-0.040012397,0.1250218,0.1847026,-0.115525395,0.2535763,0.09291966,-0.083933964,-0.1814807,0.17631227,-0.16594034,0.10196663,0.14559636,0.35717866,-0.19052768,0.09612987,0.16770306,0.2354094,-0.21365581,-0.18571235,-0.13332748,-0.065037474,0.00091783516,-0.08437172,0.08299718,-0.005575553,0.18915313,0.26444724,0.084821165,-0.020751111,-0.105165154,0.10123704,-0.005064837,0.15318413,0.23088591,-0.14711682,-0.20103383,-0.030089917,0.12049832,-0.13931017,-0.061681345,-0.009953118,0.4533392,-0.07299005,0.14683667,-0.23430333,-0.16455412,0.014999002,0.05673179,-0.3236786,-0.15806073,0.0006259975,0.1417295,0.043088377,0.15726987,-0.026441947,0.07723338,-0.23058239,0.050822075,0.15894793,0.18783987,-0.009588321,-0.024326123,0.008067858,-0.09283502,-0.07226046,-0.115525395,0.1455234,-0.13354637,-0.12026776,0.012226544,-0.0845906,-0.19935577,0.09094975,0.09065792,-0.14726274,0.21206239,-0.10837537,0.025578117,0.038637854,0.14362645,-0.120413676,0.326025,-0.26844832,-0.036583304,0.2206716,0.24693699,-0.2652381,-0.12814738,0.078619614,-0.047746096,-0.10129831,0.1888613,-0.16068727,-0.015133237,0.24555075,-0.04074199,-0.1217999,-0.27049118,-0.103560045,0.0013555917,0.05534556,0.12203047,-0.274431,0.025651077,0.16288774,0.23453389,0.008724493,0.11882025,0.08387269,-0.14718978,-0.32054135,-0.04110679,0.0579721,-0.14813825,0.092335984,1.1214286,-0.24977072,-1.0515218,0.57401407,0.1440642,1.0328559,-0.21504204,-0.7285304,0.4430519,-0.08035895,1.2421764,0.22986448,0.78056216,-0.867737,0.22928081,0.12414629,-0.45150352,-0.40145335,-0.34965217,0.74408245,0.44925344,0.24431045,-0.058252253,0.30523157,0.46545044,0.6659429,0.06898897,0.24686402,0.36586085,0.08949057,-0.015643952,0.25634876,0.099267125,-0.66396135,0.5158654,-0.9327438,0.25846457,0.49295613,0.35360366,0.020616878,0.37585628,0.41510844,0.6798782,0.104447246,0.26517683,0.23679563,-0.06423493,0.017333703,0.21862873,0.0428695,-0.20263894,-0.18892257,-0.4701811,0.19455212,-0.27647388,0.19360365,-0.25385645,0.19856489,-0.475799,-0.234887,-0.22036807,0.1827327,0.1029151,-0.29354638,-0.08320437,-0.6233959,0.6066269,-0.02096999,-0.5329262,-0.4572673,-0.35417566,-0.33651948,-0.09057327,-0.22576708,-0.32112503,0.7281773,0.21512668,0.048268497,-0.2244538,0.39198032,-0.2927438,-0.043003734,0.25758907,0.3993492,0.2555462,-0.41144878,-0.6859221,0.0811732,0.5325731,0.0176985,1.0259976,1.1884782,-0.1976777,0.4534851,-0.53993034,-0.3832135,-0.23554364,-0.21409357,0.34893426,-0.44683412,0.39183438,0.0020122265,-0.29952905,-0.8331542,0.62070805,0.4612188,0.14742035,0.13676827,-0.3655573,0.3294541,0.13436061,1.0118436,-0.27669275,-0.43683866,-0.057814494,0.13355805,0.006462751,0.236139,0.01281022,-0.042638935,-0.05460428,-0.44544786,-0.06430788,-0.14091527,0.8745339,0.046006754,0.14800403,0.10532276,
1,0,0,0,0,0,0,0,0,0,0,0,0,0,0,0,0,0,0,0,0,0,0,0,0,0,0,0,0,0,0,0,0,0,0,0,1,0,0,0,0,0,0,0,0,0,0,0,0,0,0,0,0,0,0,0,0,0,0,0,0,0,0,0,0,0,0,0,0,0,0,0,0,0,0,0,0,0,0,0,0,0,0,0,0,0,0,0,0,0,0,0,0,0,0,0,0,0,0,0,0,0,0,0,0,0,0,0,0,0,0,0,0,0,0,0,0,0,0,0,0,0,0,0,0,0,0,0,0,0,0,0,0,0,0,0,0,0,0,0,0,0,0,0,0,0,0,1,0,0,0,0,0,0,0,0,0,0,0,0,0,0,0,0,0,0,0,0,0,0,0,0,0,0,0,0,0,0,0,0,0,0,0,0,0,0,0,0,0,0,0,0,0,0,0,0,0,0,0,0,0,0,0,0,0,0,0,0,0,0,0,0,0,0,0,0,0,0,0,0,0,0,0,0,0,0,0,0,0,0,0,0,0,0,0,0,0,0,0,0,0,0,0,0,0,0,0,0,0,0,0,0,0,0,0,0,0,0,0,0,0,0,0,0,0,0,0,0,0,0,0,0,0,0,0,0,0,0,0,0,0,0,0,0,0,0,0,0,0,0,0,0,0,0,0,0,0,0,0,0,0,0,0,0,0,0,0,0,0,0,0,0,0,0,0,0,0,0,0,0,0,0,0,0,0,0,0,0,0,0,0,0,0,0,0,0,0,0,0,0,0,0,0,0,0,0,0,0,0,0,0,0,0,0,0,0,0,0,0,0,0,0,0,0,0,0,0,0,0,0,0,0,0,0,0,0,0,0,0,0,0,0,0,0,0,0,0,0,0,0,0,0,0,0,0,0,0,0,0,0,0,0,0,0,0,0,0,0,0,0,0,0,0,0,0,0,0,0,0,0,0,0,0,0,0,0,0,0,0,0,0,0,0,0,0,0,0,0,0,0,0,0,0,0,0,0,0,0,0,0,0,0,0,0,0,0,0,0,0,0,0,0,0,0,0,0,0,0,0,0,0,0,0,0,0,0,0,0,0,0,0,0,0,0,0,0,0,0,0,0,0,0,0,0,0,0,0,0,0,0,0,0,0,0,0,0,0,0,0,0,0,0,0,0,0,0,0,0,0,0,0,0,0,0,0,0,0,0,0,0,0,0,0,0,0,0,0,0,0,0,0,0,0,0,0,0,0,0,0,0,0,0,0,0,0,0,0,0,0,0,0,0,0,0,0,0,0,0,0,0,0,0,0,0,0,0,0,0,0,0,0,0,0,0,0,0,0,0,0,0,0,0,0,0,0,0,0,0,0,0,0,0,0,0,0,0,0,0,0,0,0,0,0,0,0,0,0,0,0,0,0,0,0,0,0,0,0,0,0,0,0,0,0,0,0,0,0,0,0,0,0,0,0,0,0,0,0,0,0,0,0,0,0,0,0,0,0,0,0,0,0,0,0,0,0,0,0,0,0,0,0,0,0,0,0,0,0,0,0,0,0,0,0,0,0,0,0,0,0,0,0,0,0,0,0,0,0,0,0,0,0,0,0,0,0,0,0,0,0,0,0,0,0,0,0,0,0,0,0,0,0,0,0,0,0,0,0,0,0,0,0,0,0,0,0,0,0,0,0,0,0,0,0,0,0,0,0,0,0,0,0,0,0,0,0,0,0,0,0,0,0,0,0,0,0,0,0,0,0,0,0,0,0,0,0,0,0,0,0,0,0,0,0,0,0,0,0,0,0,0,0,0,0,0,0,0,0,0,0,0,0,0,0,0,0,0,0,0,0,0,0,0,0,0,0,0,0,0,0,0,0,0,0,0,0,0,0,0,0,0,0,0,0,0,0,0,0,0,0,0,0,0,0,0,0,0,0,0,0,0,0,0,0,0,0,0,0,0,0,0,0,0,0,0,0,0,0,0,0,0,0,0,0,0,0,0,0,0,0,0,0,0,0,0,0,0,0,0,0,0,0,0,0,0,0,0,0,0,0,0,0,0,0,0,0,0,0,0,0,0,0,0,0,0,0,0,0,0,0,0,0,0,0,0,0,0,0,0,0,0,0,0,0,0,0,0,0,0,0,0,0,0,0,0,0,0,0,0,0,0,0,0,0,0,0,0,0,0,0,0,0,0,0,0,0,0,0,0,0,0,0,0,0,0,0,0,0,0,0,0,0,0,0,0,0,0,0,0,0,0,0,0,0,0,0,0,0,0,0,0,0,0,0,0,0,0,0,0,0,0,0,0,0,0,0,0,0,0,0,0,0,0,0,0,0,0,0,0,0,0,0,0,0,0,0,0,0,0,0,0,0,0,0,0,0,0,0,0,0,0,0,0,0,0,0,0,0,0,0,0,0,0,0,0,0,0,0,0,0,0,0,0,0,0,0,0,0,0,0,0,0,0,0,0,0,0,0,0,0,0,0,0,0,0,0,0,0,0,0,0,0,0,0,0,0,0,0,0,0,0,0,0,0,0,0,0,0,0,0,0,0,0,0,0,0,0,0,0,0,0,0,0,0,0,0,0,0,0,0,0,0,0,0,0,0,0,0,0,0,0,0,0,0,0,0,0,0,0,0,0,0,0,0,0,0,0,0,0,0,0,0,0,0,0,0,0,0,0,0,0,0,0,0,0,0,0,0,0,0,0,0,0,0,0,0,0,0,0,0,0,0,0,0,0,0,0,0,0,0,0,0,0,0,0,0,0,0,0,0,0,0,0,0,0,0,0,0,0,0,0,0,0,0,0,0,0,0,0,0,0,0,0,0,0,0,0,0,0,0,0,0,0,0,0,0,0,0,0,0,0,0,0,0,0,0,0,0,0,0,0,0,0,0,0,0,0,0,0,0,0,0,0,0,0,0,0,0,0,0,0,0,0,0,0,0,0,0,0,0,0,0,0,0,0,0,0,0,0,0,0,0,0,0,0,0,0,0,0,0,0,0,0,0,0,0,0,0,0,0,0,0,0,0,0,0,0,0,0,0,0,0,0,0,0,0,0,0,0,0,0,0,0,0,0,0,0,0,0,0,0,0,0,0,0,0,0,0,0,0,0,0,0,0,0,0,0,0,0,0,0,0,0,0,0,0,0,0,0,0,0,0,0,0,0,0,0,0,0,0,0,0,0,0,0,0,0,0,0,0,0,0,0,0,0,0,0,0,0,0,0,0,0,0,0,0,0,0,0,0,0,0,0,0,0,0,0,0,0,0,0,0,0,0,0,0,0,0,0,0,0,0,0,0,0,0,0,0,0,0,0,0,0,0,0,0,0,0,0,0,0,0,0,0,0,0,0,0,0,0,0,0,0,0,0,0,0,0,0,0,0,0,0,0,0,0,0,0,0,0,0,0,0,0,0,0,0,0,0,0,0,0,0,0,0,0,0,0,0,0,0,0,0,0,0,0,0,0,0,0,0,0,0,0,0,0,0,0,0,0,0,0,0,0,0,0,0,0,0,0,0,0,0,0,0,0,0,0,0,0,0,0,0,0,0,0,0,0,0,0,0,0,0,0,0,0,0,0,0,0,0,0,0,0,0,0,0,0,0,0,0,0,0,0,0,0,0,0,0,0,0,0,0,0,0,0,0,0,0,0,0,0,0,0,0,0,0,0,0,0,0,0,0,0,0,0,0,0,0,0,0,0,0,0,0,0,0,0,0,0,0,0,0,0,0,0,0,0,0,0,0,0,0,0,0,0,0,0,0,0,0,0,0,0,0,0,0,0,0,0,0,0,0,0,0,0,0,0,0,0,0,0,0,0,0,0,0,0,0,0,0,0,0,0,0,0,0,0,0,0,0,0,0,0,0,0,0,0,0,0,0,0,0,0,0,0,0,0,0,0,0,0,0,0,0,0,0,0,0,0,0,0,0,0,0,0,0,0,0,0,0,0,0,0,0,0,0,0,0,0,0,0,0,0,0,0,0,0,0,0,0,0,0,0,0,0,0,0,0,0,0,0,0,0,0,0,0,0,0,0,0,0,0,0,0,0,0,0,0,0,0,0,0,0,0,0,0,0,0,0,0,0,0,0,0,0,0,0,0,0,0,0,0,0,0,0,0,0,0,0,0,0,0,0,0,0,0,0,0,0,0,0,0,0,0,0,0,0,0,0,0,0,0,0,0,0,0,0,0,0,0,0,0,0,0,0,0,0,0,0,0,0,0,0,0,0,0,0,0,0,0,0,0,0,0,0,0,0,0,0,0,0,0,0,0,0,0,0,0,0,0,0,0,0,0,0,0,0,0,0,0,0,0,0,0,0,0,0,0,0,0,0,0,0,0,0,0,0,0,0,0,0,0,0,0,0,0,0,0,0,0,0,0,0,0,0,0,0,0,0,0,0,0,0,0,0,0,0,0,0,0,0,0,0,0,0,0,0,0,0,0,0,0,0,0,0,0,0,0,0,0,0,0,0,0,0,0,0,0,0,0,0,0,0,0,0,0,0,0,0,0,0,0,0,0,0,0,0,0,0,0,0,0,0,0,0,0,0,0,0,0,0,0,0,0,0,0,0,0,0,0,0,0,0,0,0,0,0,0,0,0,0,0,0,0,0,0,0,0,0,0,0,0,0,0,0,0,0,0,0,0,0,0,0,0,0,0,0,0,0,0,0,0,0,0,0,0,0,0,0,0,0,0,0,0,0,0,0,0,0,0,0,0,0,0,0,0,0,0,0,0,0,0,0,0,0,0,0,0,0,0,0,0,0,0,0,0,0,0,0,0,0,0,0,0,0,0,0,0,0,0,0,0,0,0,0,0,0,0,0,0,0,0,0,0,0,0,0,0,0,0,0,0,0,0,0,0,0,0,0,0,0,0,0,0,0,0,0,0,0,0,0,0,0,0,0,0,0,0,0,0,0,0,0,0,0,0,0,0,0,0,0,0,0,0,0,0,0,0,0,0,0,0,0,0,0,0,0,0,0,0,0,0,0,0,0,0,0,0,0,0,0,0,0,0,0,0,0,0,0,0,0,0,0,0,0,0,0,0,0,0,0,0,0,0,0,0,0,0,0,0,0,0,0,0,0,0,0,0,0,0,0,0,0,0,0,0,0,0,0,0,0,0,0,0,0,0,0,0,0,0,0,0,0,0,0,0,0,0,0,0,0,0,0,0,0,0,0,0,0,0,0,0,0,0,0,0,0,0,0,0,0,0,0,0,0,0,0,0,0,0,0,0,0,0,0,0,0,0,0,0,0,0,0,0,0,0,0,0,0,0,0,0,0,0,0,0,0,0,0,0,0,0,0,0,0,0,0,0,0,0,0,0,0,0,0,0,0,0,0,0,0,0,0,0,0,0,0,0,0,0,0,0,0,0,0,0,0,0,0,0,0,0,0,0,0,0,0,0,0,0,0,0,0,0,0,0,0,0,0,0,0,0,0,0,0,0,0,0,0,0,0,0,0,0,0,0,0,0,0,0,0,0,0,0,0,0,0,0,0,0,0,0,0,0,0,0,0,0,0,0,0,0,0,0,0,0,0,0,0,0,0,0,0,0,0,0,0,0,0,0,0,0,0,0,0,0,0,0,0,0,0,0,0,0,0,0,0,0,0,0,0,0,0,0,0,0,0,0,0,0,0,0,0,0,0,0,0,0,0,0,0,0,0,0,0,0,0,0,0,0,0,0,0,0,0,0,0,0,0,0,0,0,0,0,0,0,0,0,0,0,0,0,0,0,0,0,0,0,0,0,0,0,0,0,0,0,0,0,0,0,0,0,0,0,0,0,0,0,0,0,0,0,0,0,0,0,0,0,0,0,0,0,0,0,0,0,0,0,0,0,0,0,0,0,0,0,0,0,0,0,0,0,0,0,0,0,0,0,0,0,0,0,0,0,0,0,0,0,0,0,0,0,0,0,0,0,0,0,0,0,0,0,0,0,0,0,0,0,0,0,0,0,0,0,0,0,0,0,0,0,0,0,0,0,0,0,0,0,0,0,0,0,0,0,0,0,0,0,0,0,0,0,0,0,0,0,0,0,0,0,0,0,0,0,0,0,0,0,0,0,0,0,0,0,0,0,0,0,0,0,0,0,0,0,0,0,0,0,0,0,0,0,0,0,0,0,0,0,0,0,0,0,0,0,0,0,0,0,0,0,0,0,0,0,0,0,0,0,0,0,0,0,0,0,0,0,0,0,0,0,0,0,0,0,0,0,0,0,0,0,0,0,0,0,0,0,0,0,0,0,0,0,0,0,0,0,0,0,0,0,0,0,0,0,0,0,0,0,0,0,0,0,0,0,0,0,0,0,0,0,0,0,0,0,0,0,0,0,0,0,0,0,0,0,0,0,0,0,0,0,0,0,0,0,0,0,0,0,0,0,0,0,0,0,0,0,0,0,0,0,0,0,0,0,0,0,0,0,0,0,0,0,0,0,0,0,0,0,0,0,0,0,0,0,0,0,0,0,0,0,0,0,0,0,0,0,0,0,0,0,0,0,0,0,0,0,0,0,0,0,0,0,0,0,0,0,0,0,0,0,0,0,0,0,0,0,0,0,0,0,0,0,0,0,0,0,0,0,0,0,0,0,0,0,0,0,0,0,0,0,0,0,0,0,0,0,0,0,0,0,0,0,0,0,0,0,0,0,0,0,0,0,0,0,0,0,0,0,0,0,0,0,0,0,0,0,0,0,0,0,0,0,0,0,0,0,0,0,0,0,0,0,0,0,0,0,0,0,0,0,0,0,0,0,0,0,0,0,0,0,0,0,0,0,0,0,0,0,0,0,0,0,0,0,0,0,0,0,0,0,0,0,0,0,0,0,0,0,0,0,0,0,0,0,0,0,0,0,0,0,0,0,0,0,0,0,0,0,0,0,0,0,0,0,0,0,0,0,0,0,0,0,0,0,0,0,0,0,0,0,0,0,0,0,0,0,0,0,0,0,0,0,0,0,0,0,0,0,0,0,0,0,0,0,0,0,0,0,0,0,0,0,0,0,0,0,0,0,0,0,0,0,0,0,0,0,0,0,0,0,0,0,0,0,0,0,0,0,0,0,0,0,0,0,0,0,0,0,0,0,0,0,0,0,0,0,0,0,0,0,0,0,0,0,0,0,0,0,0,0,0,0,0,0,0,0,0,0,0,0,0,0,0,0,0,0,0,0,0,0,0,0,0,0,0,0,0,0,0,0,0,0,0,0,0,0,0,0,0,0,0,0,0,0,0,0,0,0,0,0,0,0,0,0,0,0,0,0,0,0,0,0,0,0,0,0,0,0,0,0,0,0,0,0,0,0,0,0,0,0,0,0,0,0,0,0,0,0,0,0,0,0,0,0,0,0,0,0,0,0,0,0,0,0,0,0,0,0,0,0,0,0,0,0,0,0,0,0,0,0,0,0,0,0,0,0,0,0,0,0,0,0,0,0,0,0,0,0,0,0,0,0,0,0,0,0,0,0,0,0,0,0,0,0,0,0,0,0,0,0,0,0,0,0,0,0,0,0,0,0,0,0,0,0,0,0,0,0,0,0,0,0,0,0,0,0,0,0,0,0,0,0,0,0,0,0,0,0,0,0,0,0,0,0,0,0,0,0,0,0,0,0,0,0,0,0,0,0,0,0,0,0,0,0,0,0,0,0,0,0,0,0,0,0,0,0,0,0,0,0,0,0,0,0,0,0,0,0,0,0,0,0,0,0,0,0,0,0,0,0,0,0,0,0,0,0,0,0,0,0,0,0,0,0,0,0,0,0,0,0,0,0,0,0,0,0,0,0,0,0,0,0,0,0,0,0,0,0,0,0,0,0,0,0,0,0,0,0,0,0,0,0,0,0,0,0,0,0,0,0,0,0,0,0,0,0,0,0,0,0,0,0,0,0,0,0,0,0,0,0,0,0,0,0,0,0,0,0,0,0,0,0,0,0,0,0,0,0,0,0,0,0,0,0,0,0,0,0,0,0,0,0,0,0,0,0,0,0,0,0,0,0,0,0,0,0,0,0,0,0,0,0,0,0,0,0,0,0,0,0,0,0,0,0,0,0,0,0,0,0,0,0,0,0,0,0,0,0,0,0,0,0,0,0,0,0,0,0,0,0,0,0,0,0,0,0,0,0,0,0,0,0,0,0,0,0,0,0,0,0,0,0,0,0,0,0,0,0,0,0,0,0,0,0,0,0,0,0,0,0,0,0,0,0,0,0,0,0,0,0,0,0,0,0,0,0,0,0,0,0,0,0,0,0,0,0,0,0,0,0,0,0,0,0,0,0,0,0,0,0,0,0,0,0,0,0,0,0,0,0,0,0,0,0,0,0,0,0,0,0,0,0,0,0,0,0,0,0,0,0,0,0,0,0,0,0,0,0,0,0,0,0,0,0,0,0,0,0,0,0,0,0,0,0,0,0,0,0,0,0,0,0,0,0,0,0,0,0,0,0,0,0,0,0,0,0,0,0,0,0,0,0,0,0,0,0,0,0,0,0,0,0,0,0,0,0,0,0,0,0,0,0,0,0,0,0,0,0,0,0,0,0,0,0,0,0,0,0,0,0,0,0,0,0,0,0,0,0,0,0,0,0,0,0,0,0,0,0,0,0,0,0,0,0,0,0,0,0,0,0,0,0,0,0,0,0,0,0,0,0,0,0,0,0,0,0,0,0,0,0,0,0,0,0,0,0,0,0,0,0,0,0,0,0,0,0,0,0,0,0,0,0,0,0,0,0,0,0,0,0,0,0,0.7733027,0.55913275,-0.37634435,0.7838125,-0.7905143,0.9290151,-0.5618607,0.08483211,-0.32750776,-0.22507639,0.38935497,-0.9472202,0.6213027,-1.0830634,0.99625695,-0.36640972,0.09105433,-0.103560045,0.095028184,-0.102252856,0.5181393,0.32179943,0.29910663,-0.63035744,0.35285825,0.66449225,0.09424387,0.13068831,-1.160292,0.53701514,-0.57106334,0.07416544,0.6691458,-0.47825286,0.6658517,0.5152635,-0.49080187,0.18266217,-0.3863836,0.12849224,-0.40421364,0.4183746,-0.68719405,0.60477984,0.67714584,0.56556416,-0.05425286,-0.051899917,-0.22031821,-0.43265808,0.2107929,-0.089651555,-0.060788807,0.0953942,-0.82847506,-0.637364,-0.35752082,-0.28850123,-0.3441875,-0.21634436,-0.058226716,-0.7514555,0.5027667,-0.108997956,0.27165565,0.37889746,1.0232897,-0.02031822,0.27657068,0.25612622,-0.2595862,0.19453146,0.08765563,-0.55799145,-0.013677696,-0.4889718,-0.15474959,0.5122308,-0.007560049,-0.29461887,0.15636152,0.15113276,-0.19689338,-0.59579533,0.18752491,0.40091053,0.34611315,-0.45524633,-0.3736254,-0.11626593,-0.07474959,-0.34601757,-0.27119404,-0.44515482,-0.41937703,-0.39579535,0.9037079,-0.3080045,0.082426876,0.36425695,0.3748713,-0.11783456,-0.18695875,-0.22972998,0.3631589,-0.14528553,-0.013468546,-0.18711561,-0.015716912,-0.9555862,0.35996938,-0.12928554,-0.39569077,-0.034435865,0.003315768,0.14475368,0.44352493,0.24671446,-0.24055351,0.14077982,0.06532884,0.2191589,0.10710662,0.04070139,-0.3429326,0.5227406,0.13685825,-0.28996527,-0.005677696,0.47332883,-0.43197834,-0.23422672,0.36995628,0.13053146,-0.4427496,0.32504126,-0.18952084,-0.10664502,0.25570792,-0.4856777,0.07714583,0.26036152,0.1930674,-0.17561233,0.30857068,0.09764256,0.39704126,0.12368178,-0.3812071,0.36681902,0.18987785,-0.43882802,-0.0321875,-0.01597835,-0.059586193,-0.31652737,0.2478125,0.42951185,0.074060865,-0.028788807,-0.11271038,0.5623746,-0.35318097,-0.07924632,0.3079955,-0.40437052,-0.30952084,-0.029468546,0.25471446,-0.3611287,0.43913275,0.3526491,0.17905433,0.15965563,0.41387784,0.020256944,0.19719812,0.0055118464,0.1918125,-0.10748162,0.3407798,0.27155107,0.21340728,0.008439951,-0.18397835,0.5862177,-0.004056781,-0.053311683,0.1585576,0.07364257,-0.45733783,0.26109356,-0.10591299,0.09084518,-0.41885418,0.13989092,0.11677982,-0.25048816,-0.093886845,-0.041965276,0.22783865,0.18726347,0.16216545,0.23395629,-0.23610906,0.0970674,0.01795629,-0.11982149,0.27615237,0.5832896,-0.100370504,-0.43244892,0.2924138,0.27233538,-0.19919403,0.036100082,0.41325042,0.35547262,-0.166096,-0.041756127,-0.027167892,0.6355772,-0.26936397,-0.107743055,-0.5238999,0.4170151,0.020413807,0.34125042,-0.042017564,-0.60369074,0.1665053,0.36258376,0.11860988,0.096596815,0.37262297,0.1113942,0.2801262,-0.35867116,0.89246607,-0.42816135,-0.14857966,0.20085825,-0.04212214,0.11008701,0.06773407,-0.6778346,-0.278096,0.16336806,-0.10120711,0.2250674,-0.16630514,-0.22105025,-0.18831822,-0.29895875,0.1358648,0.07259681,0.058531456,0.2684138,-0.09948162,0.5323615,-0.14680187,-0.16400449,0.36002165,0.025799427,-0.055612337,-0.12410907,-0.041599266,0.44765565,-0.28463194,-0.026069853,0.05905433,-0.20939012,-0.14512868,-0.44965154,0.44843996,0.48049223,-0.2072986,0.49759027,0.39860988,-0.15156005,0.122740604,0.2672112,0.26752493,-0.2713509,-0.15203063,-0.14105025,0.077564135,0.47364256,0.3143223,-0.0334424,-0.3618607,0.13978636,-0.29216135,0.25576022,-0.44259274,0.100727536,-0.2638738,0.39594322,0.31217852,-0.19997835,0.055028185,-0.4945143,-0.2890764,-0.17388685,-0.32557312,0.43447918,-0.25305024,-0.07956005,-0.2754816,-0.49080187,-0.16640972,0.38951185,-0.06816135,-0.14957312,0.21210009,0.117877856,-0.2717692,0.121067405,0.037511848,0.22308047,-0.39616135,-0.30073652,0.27834845,0.53643996,0.29257068,0.58684516,0.2831589,-0.62047505,-0.057024103,-0.26099795,-0.20463194,-0.48703718,0.18093668,-0.13901103,0.03186479,-0.31997836,0.25183865,0.124256946,0.39547262,-0.345547,0.61037457,-0.24593914,-0.45942932,0.33685824,0.12033538,0.26694974,-0.16013521,0.6064007,-0.09336397,0.065276556,0.16770792,-0.08996528,0.28085825,-0.5628019,-0.45305026,-0.17963848,-0.101259395,-0.1395339,0.14459682,-0.07563848,0.20462295,-0.09733783,-0.012265932,0.009015114,-0.28672343,0.01989093,-0.20562541,-0.44384763,0.19562949,-0.21901102,0.37351185,0.033642564,0.036256943,-0.034645017,0.28043994,0.24786478,-0.40667117,-0.2768411,-0.3900437,0.19562949,-0.257913,-0.13806985,-0.18570384,0.19986479,0.12451838,-0.119350895,-0.07542933,0.10726348,-0.2086058,-0.23820058,-0.13969077,-0.3601352,0.11233538,-0.026017565,0.40587786,-0.21681495,-0.17179534,0.12091054,-0.0553509,-0.07532475,0.08410008,-0.09655351,-0.10052737,-0.07898489,-0.28123325,0.015185049,0.44927657,0.113642566,-0.07720711,-0.5112463,0.07735498,0.28289747,-0.1930241,-0.0553509,-0.034226716,0.056596816,0.38574713,0.55683213,-0.2914816,0.17225695,0.2508452,0.084309235,-0.6332855,-0.13310254,-0.006984886,-0.20175613,0.21560335,-0.24698488,-0.28243586,-0.20682803,0.17894976,0.2820086,-0.5434032,-0.09723325,-0.67040974,0.14862296,0.19019158,-0.486462,0.25675368,0.22867525,0.18313277,-0.02852737,0.0629759,0.66752493,-0.22999142,-0.06110253,-0.40008292,0.33978635,-0.30188686,-0.26152083,-0.08682802,0.012832108,-0.15987377,0.21900204,-0.026488153,0.12624387,-0.4805535,0.21372099,-0.08766463,-0.17582148,-0.10654044,-0.30999142,-0.26131168,-0.028213644,-0.103821486,-0.2174947,-0.008135213,0.2848844,0.14145955,0.26224387,0.25680596,0.0098517155,-0.15584762,0.3509759,-0.023560049,-0.09200449,0.61816543,-0.14350776,-0.16180842,0.2878125,-0.06267116,0.2604661,-0.4570764,0.18841381,-0.18005678,-0.05278881,-0.059586193,-0.11877573,-0.004161356,-0.18497181,0.17100205,-0.5681875,-0.21791299,0.23756413,0.18925041,0.5505576,-0.0886058,-0.21691953,-0.061729982,-0.28844893,-0.3243705,-0.15825287,-0.17984763,-0.029677697,-0.18434437,-0.14146854,0.001694853,0.15243995,0.14119811,-0.1437692,-0.16384763,0.20561641,0.06987786,-0.34136397,0.22778636,0.43672752,0.3547406,-0.2752202,0.63494974,0.31081903,-0.44839665,0.07076675,-0.22920711,-0.18209599,-0.00970384,-0.33519402,0.14449224,-0.04557312,0.022243872,0.15928963,-0.23077573,0.1118125,0.7467406,0.31714582,0.14820465,-0.14685416,0.09837459,0.35327655,-0.19182149,-0.37561235,0.0798125,-0.26010907,0.13079289,-0.2228803,0.23824388,-0.32363847,0.010113154,0.5362308,0.14255759,0.047551062,-0.09540319,0.25722426,0.15542035,-0.11814828,-0.09116789,0.15406087,0.47536805,0.35787785,-0.08782148,0.1214857,-0.2835339,0.056230802,-0.25085416,-0.12876266,0.42846608,-0.12217443,-0.1395862,0.2667406,0.11427002,-0.039873775,-0.012579657,0.2709236,-0.08970384,-0.022828022,-0.2860437,-0.22539012,0.15186478,-0.068056785,0.024753677,0.19819158,-0.25242278,0.1358648,-0.29765156,-0.18423979,0.030557599,0.14020465,0.06742034,-0.25780842,-0.30481496,-0.023246324,-0.04426593,0.1652504,-0.23129861,0.046139296,-0.15401757,-0.50057966,-0.23077573,-0.090958744,0.27751184,0.115890935,-0.08635744,-0.15956005,0.022505311,-0.013154821,0.12200858,-0.2910633,-0.1795339,0.32985172,0.17738113,-0.289913,-0.2953509,0.0158125,-0.20463194,-0.1761875,-0.1008411,-0.06706332,-0.18884109,-0.14272344,0.082740605,-0.036788806,-0.32850122,0.07766871,-0.29043588,0.063707925,-0.21247508,-0.102252856,-0.18188685,0.09481904,-0.30983457,-0.2785143,-0.03647508,0.15432231,0.18501511,-0.15354697,-0.270096,-0.40630513,-0.43542933,-0.00091952615,0.4082308,0.02836152,-0.0043705064,-0.3934947,-0.14706331,-0.34821364,-0.20170385,0.19610009,-0.41979533,-0.0486058,0.13225694,-0.025651552,0.118191585,-0.06481495,-0.2779914,-0.053729985,0.08786479,-0.016919525,-0.21676266,-0.20259273,-0.113180965,-0.09336397,0.066322304,-0.14141625,-0.3859653,-0.07474959,0.37628308,-0.03370384,0.5732504,-0.41759926,0.40561643,-0.42068422,-0.158462,0.22313276,0.023864787,0.46966872,0.3673419,0.097851716,-0.03129861,-0.44191298,-0.13733783,-0.44745547,0.29973406,-0.6457823,-0.18580842,0.0010151144,0.022191584,0.17759028,0.058008578,0.29659683,0.15777329,-0.23187378,-0.22356005,-0.08107639,0.03547263,-0.40552083,-0.09137704,-0.08557312,0.3644138,-0.23171692,-0.1400045,-0.10936397,-0.20316789,0.11165564,-0.22131169,0.2802831,0.08979943,0.017485702,-0.04646201,-0.13712868,-0.11710253,-0.11840972,-0.22131169,0.4175903,0.3261393,-0.15699796,-0.4641875,0.19599551,0.21047917,0.03489747,0.024283089,-0.121860705,-0.37205678,-0.21880189,-0.17456658,0.18475367,-0.13765155,0.33314583,-0.24881496,-0.08112868,-0.562645,0.38365564,0.4083354,0.08932884,0.19766872,-0.092579655,-0.1930241,0.3005184,-0.09671038,-0.12677574,-0.1383313,-0.053939134,0.15996936,0.037354983,-0.19647509,-0.060213644,0.16080597,-0.36044893,0.13602164,-0.42905024,-0.00013521242,-0.12970383,-0.18978228,-0.11516789,-0.50821364,-0.1160045,0.05408701,0.31583863,-0.10308946,-0.21948162,-0.24891953,-0.33984762,-0.11438358,0.10810008,0.17476675,0.03824387,0.0042569446,0.2844661,-0.0022790034,-0.07307639,-0.061677694,0.2819563,-0.18267116,-0.098383576,0.15740727,-0.101259395,-0.030252859,0.055028185,-0.18868423,0.27322426,-0.02789992,-0.2856777,-0.18256658,0.0034203432,0.10857067,0.11484518,0.13576022,0.15840073,0.081799425,-0.060161356,-0.18910253,0.056753676,-0.0553509,0.41696283,0.2608321,-0.013416259,-0.37106332,-0.013729984,-0.36389992,-0.10308946,0.5452765,0.17424387,0.10679289,-0.24572998,0.2881785,-0.02742933,0.4435772,0.07087132,0.3042308,-0.050854165,0.08483211,-0.023037173,-0.20975612,-0.05812214,-0.02957312,-0.20844893,-0.121599264,0.013093546,0.1281785,0.28974715,-0.007403186,-0.04337704,0.29356414,-0.07652737,0.07761642,0.024178512,-0.2709849,-0.22936398,0.023551062,0.22804779,0.25570792,-0.01880188,-0.14366463,-0.00970384,0.061354984,0.11677982,-0.11888031,-0.4120045,-0.11229207,-0.110305145,0.022662174,-0.040082924,0.1686491,-0.19213521,0.2638125,-0.08039665,-0.33346856,0.00049223856,0.12917198,-0.094828025,-0.16071038,0.004832108,0.12441381,0.019002043,0.055446487,0.12718505,-0.0034816177,-0.42905024,0.10480596,-0.15035744,-0.17064501,0.05779943,-0.10528554,0.5042308,0.2873942,-0.031926062,0.19871446,0.01691054,0.29047915,0.10679289,-0.062357433,0.06454453,-0.033024102,0.07484518,0.39745957,0.20462295,-0.015769199,0.39949876,0.11908048,0.05602165,-0.11788685,-0.022095997,0.017799428,-0.09237051,0.22532883,-0.41456658,0.1341393,0.034270015,0.11500204,-0.10889338,-0.19950776,-0.12933783,0.29152492,0.08420466,0.10595629,-0.06382149,-0.025024101,0.41225696,0.15845302,0.26647916,0.09000858,0.10229616,-0.20290646,-0.03997835,-0.005939134,-0.15166463,-0.018174428,-0.16912867,0.03291054,0.21372099,-0.015507761,0.17853145,-0.03903717,0.19552492,-0.14016135,0.09424387,0.23359028,-0.6751156,0.078609884,0.2562308,0.17387787,0.2546622,0.23829617,0.14412622,0.053093545,-0.15856658,-0.15903717,-0.3020437,-0.08620057,0.16101511,-0.009390115,-0.05142933,-0.45467117,-0.19840972,0.3700086,0.022191584,0.2832112,-0.053677697,-0.019533906,-0.13320711,0.30679289,0.060622957,0.2334857,0.028936682,-0.0713509,-0.020422794,-0.12520711,0.5757602,0.2120478,-0.1126058,-0.03825286,-0.046723448,0.20634845,-0.15406986,0.18914583,-0.14857966,-0.22905025,0.06511969,-0.10439665,-0.33273652,0.03202165,-0.073180966,-0.18371691,0.06961642,-0.17158619,-0.18732476,0.6614073,0.21345957,-0.5492594,0.22820465,0.2174857,-0.1989326,-0.036684234,0.08891054,-0.21430515,0.36200857,0.12728962,0.14130269,0.30794322,0.03359028,0.037773285,0.027263481,0.025015114,0.119760215,-0.07908946,0.16436152,0.11892361,0.1206491,0.23793015,-0.018645016,-0.24091953,-0.09508946,0.018113153,0.073694855,0.23050532,0.07965564,0.26062295,0.0018517157,-0.21472345,-0.21650122,-0.0030110294,-0.22230515,-0.36457965,-0.34397835,-0.40750775,-0.1408411,-0.1483705,-0.166096,0.17366871,-0.23501103,-0.24703717,0.06349877,0.1884661,0.02616544,0.5362831,-0.3740437,0.22281903,0.02857067,0.07615237,-0.036841094,-0.14716789,0.18736805,0.08132884,-0.30000448,-0.13440973,-0.119664624,-1.1397953,-1.2171286,-0.046723448,0.9941654,-0.825913,-0.31239665,-1.2394031,-0.21613522,-0.98403066,0.90234846,1.271551,-1.4215732,0.613721,0.76917195,-0.4448411,0.5933811,0.21042688,-0.21754698,-0.40552083,-0.9791156,-0.16149469,0.3063223,0.9421916,-0.16505024,-0.2414424,-0.68233126,-0.6452594,0.45225695,0.25481904,-0.2161875,-0.53090644,-0.09263194,0.11960335,1.0898517,0.39793015,-0.53446203,-0.5640045,0.009799428,0.01884518,0.6466622,0.71745956,0.29424387,-0.6532071,0.1518125,0.09842688,0.29147264,-0.21806985,-0.4843705,0.34046608,-0.3659914,0.17393015,0.012466094,-0.18533783,0.26898897,-0.2170241,0.109773286,-0.16280188,0.14370793,0.0072896243,0.7363354,-0.33843586,-0.67067116,-0.09488031,0.59688437,-0.34643587,0.9072112,-0.557364,-0.024239788,0.045093548,0.18564257,0.3097733,-0.30528554,0.11442688,-0.43610907,-0.23867115,0.47892362,-0.1370241,0.1867406,0.8461916,0.06966871,-0.13529861,0.086871326,0.18229616,0.06166871,-0.44703716,0.15568177,-0.035795342,-0.00060580065,1.0904791,-0.58256656,-0.3665666,0.57978636,-0.026174428,0.046871323,-0.09163848,0.16817851,-0.052370507,0.049381126,-0.29650122,-0.12630515,0.41889748,-0.7871679,-0.20426594,-0.6694685,-0.32248816,0.2970151,0.72247916,-0.09184763,-0.33488032,-0.21587378,-0.39239666,-0.2006058,0.29340726,0.14684518,-0.5159522,0.09508047,0.48415238,-0.6510633,-0.48656657,0.37471446,0.72179943,0.7179824,-0.14225286,0.39149877,-0.23119403,-0.71161234,0.021459559,0.7224269,
0,0,0,0,0,0,0,0,0,0,0,0,0,0,0,0,0,0,0,0,0,0,0,0,0,0,0,0,0,0,0,0,0,0,0,0,0,0,0,0,0,0,0,0,0,0,0,0,0,1,0,0,0,0,0,0,0,0,0,0,0,0,0,0,0,0,0,0,0,0,0,0,0,0,0,0,0,0,0,0,0,0,0,0,0,0,0,0,0,0,0,0,0,0,0,0,0,0,0,0,0,0,0,0,0,0,0,0,0,0,0,0,0,0,0,0,0,0,0,0,0,0,0,0,0,0,0,0,0,0,0,0,0,0,0,0,0,0,0,0,0,0,0,0,0,0,0,0,0,0,0,0,0,0,1,0,0,0,0,0,0,0,0,0,0,0,0,0,0,0,0,0,0,0,0,0,0,0,0,0,0,0,0,0,0,0,0,0,0,0,0,0,0,0,0,0,0,0,0,0,0,0,0,0,0,0,0,0,0,0,0,0,0,0,0,0,0,0,0,0,0,0,0,0,0,0,0,0,0,0,0,0,0,0,0,0,0,0,0,0,0,0,0,0,0,0,0,0,0,0,0,0,0,0,0,0,0,0,0,0,0,0,0,0,0,0,0,0,0,0,0,0,0,0,0,0,0,0,0,0,0,0,0,0,0,0,0,0,0,0,0,0,0,0,0,0,0,0,0,0,0,0,0,0,0,0,0,0,0,0,0,0,0,0,0,0,0,0,0,0,0,0,0,0,0,0,0,0,0,0,0,0,0,0,0,0,0,0,0,0,0,0,0,0,0,0,0,0,0,0,0,0,0,0,0,0,0,0,0,0,0,0,0,0,0,0,0,0,0,0,0,0,0,0,0,0,0,0,0,0,0,0,0,0,0,0,0,0,0,0,0,0,0,0,0,0,0,0,0,0,0,0,0,0,0,0,0,0,0,0,0,0,0,0,0,0,0,0,0,0,0,0,0,0,0,0,0,0,0,0,0,0,0,0,0,0,0,0,0,0,0,0,0,0,0,0,0,0,0,0,0,0,0,0,0,0,0,0,0,0,0,0,0,0,0,0,0,0,0,0,0,0,0,0,0,0,0,0,0,0,0,0,0,0,0,0,0,0,0,0,0,0,0,0,0,0,0,0,0,0,0,0,0,0,0,0,0,0,0,0,0,0,0,0,0,0,0,0,0,0,0,0,0,0,0,0,0,0,0,0,0,0,0,0,0,0,0,0,0,0,0,0,0,0,0,0,0,0,0,0,0,0,0,0,0,0,0,0,0,0,0,0,0,0,0,0,0,0,0,0,0,0,0,0,0,0,0,0,0,0,0,0,0,0,0,0,0,0,0,0,0,0,0,0,0,0,0,0,0,0,0,0,0,0,0,0,0,0,0,0,0,0,0,0,0,0,0,0,0,0,0,0,0,0,0,0,0,0,0,0,0,0,0,0,0,0,0,0,0,0,0,0,0,0,0,0,0,0,0,0,0,0,0,0,0,0,0,0,0,0,0,0,0,0,0,0,0,0,0,0,0,0,0,0,0,0,0,0,0,0,0,0,0,0,0,0,0,0,0,0,0,0,0,0,0,0,0,0,0,0,0,0,0,0,0,0,0,0,0,0,0,0,0,0,0,0,0,0,0,0,0,0,0,0,0,0,0,0,0,0,0,0,0,0,0,0,0,0,0,0,0,0,0,0,0,0,0,0,0,0,0,0,0,0,0,0,0,0,0,0,0,0,0,0,0,0,0,0,0,0,0,0,0,0,0,0,0,0,0,0,0,0,0,0,0,0,0,0,0,0,0,0,0,0,0,0,0,0,0,0,0,0,0,0,0,0,0,0,0,0,0,0,0,0,0,0,0,0,0,0,0,0,0,0,0,0,0,0,0,0,0,0,0,0,0,0,0,0,0,0,0,0,0,0,0,0,0,0,0,0,0,0,0,0,0,0,0,0,0,0,0,0,0,0,0,0,0,0,0,0,0,0,0,0,0,0,0,0,0,0,0,0,0,0,0,0,0,0,0,0,0,0,0,0,0,0,0,0,0,0,0,0,0,0,0,0,0,0,0,0,0,0,0,0,0,0,0,0,0,0,0,0,0,0,0,0,0,0,0,0,0,0,0,0,0,0,0,0,0,0,0,0,0,0,0,0,0,0,0,0,0,0,0,0,0,0,0,0,0,0,0,0,0,0,0,0,0,0,0,0,0,0,0,0,0,0,0,0,0,0,0,0,0,0,0,0,0,0,0,0,0,0,0,0,0,0,0,0,0,0,0,0,0,0,0,0,0,0,0,0,0,0,0,0,0,0,0,0,0,0,0,0,0,0,0,0,0,0,0,0,0,0,0,0,0,0,0,0,0,0,0,0,0,0,0,0,0,0,0,0,0,0,0,0,0,0,0,0,0,0,0,0,0,0,0,0,0,0,0,0,0,0,0,0,0,0,0,0,0,0,0,0,0,0,0,0,0,0,0,0,0,0,0,0,0,0,0,0,0,0,0,0,0,0,0,0,0,0,0,0,0,0,0,0,0,0,0,0,0,0,0,0,0,0,0,0,0,0,0,0,0,0,0,0,0,0,0,0,0,0,0,0,0,0,0,0,0,0,0,0,0,0,0,0,0,0,0,0,0,0,0,0,0,0,0,0,0,0,0,0,0,0,0,0,0,0,0,0,0,0,0,0,0,0,0,0,0,0,0,0,0,0,0,0,0,0,0,0,0,0,0,0,0,0,0,0,0,0,0,0,0,0,0,0,0,0,0,0,0,0,0,0,0,0,0,0,0,0,0,0,0,0,0,0,0,0,0,0,0,0,0,0,0,0,0,0,0,0,0,0,0,0,0,0,0,0,0,0,0,0,0,0,0,0,0,0,0,0,0,0,0,0,0,0,0,0,0,0,0,0,0,0,0,0,0,0,0,0,0,0,0,0,0,0,0,0,0,0,0,0,0,0,0,0,0,0,0,0,0,0,0,0,0,0,0,0,0,0,0,0,0,0,0,0,0,0,0,0,0,0,0,0,0,0,0,0,0,0,0,0,0,0,0,0,0,0,0,0,0,0,0,0,0,0,0,0,0,0,0,0,0,0,0,0,0,0,0,0,0,0,0,0,0,0,0,0,0,0,0,0,0,0,0,0,0,0,0,0,0,0,0,0,0,0,0,0,0,0,0,0,0,0,0,0,0,0,0,0,0,0,0,0,0,0,0,0,0,0,0,0,0,0,0,0,0,0,0,0,0,0,0,0,0,0,0,0,0,0,0,0,0,0,0,0,0,0,0,0,0,0,0,0,0,0,0,0,0,0,0,0,0,0,0,0,0,0,0,0,0,0,0,0,0,0,0,0,0,0,0,0,0,0,0,0,0,0,0,0,0,0,0,0,0,0,0,0,0,0,0,0,0,0,0,0,0,0,0,0,0,0,0,0,0,0,0,0,0,0,0,0,0,0,0,0,0,0,0,0,0,0,0,0,0,0,0,0,0,0,0,0,0,0,0,0,0,0,0,0,0,0,0,0,0,0,0,0,0,0,0,0,0,0,0,0,0,0,0,0,0,0,0,0,0,0,0,0,0,0,0,0,0,0,0,0,0,0,0,0,0,0,0,0,0,0,0,0,0,0,0,0,0,0,0,0,0,0,0,0,0,0,0,0,0,0,0,0,0,0,0,0,0,0,0,0,0,0,0,0,0,0,0,0,0,0,0,0,0,0,0,0,0,0,0,0,0,0,0,0,0,0,0,0,0,0,0,0,0,0,0,0,0,0,0,0,0,0,0,0,0,0,0,0,0,0,0,0,0,0,0,0,0,0,0,0,0,0,0,0,0,0,0,0,0,0,0,0,0,0,0,0,0,0,0,0,0,0,0,0,0,0,0,0,0,0,0,0,0,0,0,0,0,0,0,0,0,0,0,0,0,0,0,0,0,0,0,0,0,0,0,0,0,0,0,0,0,0,0,0,0,0,0,0,0,0,0,0,0,0,0,0,0,0,0,0,0,0,0,0,0,0,0,0,0,0,0,0,0,0,0,0,0,0,0,0,0,0,0,0,0,0,0,0,0,0,0,0,0,0,0,0,0,0,0,0,0,0,0,0,0,0,0,0,0,0,0,0,0,0,0,0,0,0,0,0,0,0,0,0,0,0,0,0,0,0,0,0,0,0,0,0,0,0,0,0,0,0,0,0,0,0,0,0,0,0,0,0,0,0,0,0,0,0,0,0,0,0,0,0,0,0,0,0,0,0,0,0,0,0,0,0,0,0,0,0,0,0,0,0,0,0,0,0,0,0,0,0,0,0,0,0,0,0,0,0,0,0,0,0,0,0,0,0,0,0,0,0,0,0,0,0,0,0,0,0,0,0,0,0,0,0,0,0,0,0,0,0,0,0,0,0,0,0,0,0,0,0,0,0,0,0,0,0,0,0,0,0,0,0,0,0,0,0,0,0,0,0,0,0,0,0,0,0,0,0,0,0,0,0,0,0,0,0,0,0,0,0,0,0,0,0,0,0,0,0,0,0,0,0,0,0,0,0,0,0,0,0,0,0,0,0,0,0,0,0,0,0,0,0,0,0,0,0,0,0,0,0,0,0,0,0,0,0,0,0,0,0,0,0,0,0,0,0,0,0,0,0,0,0,0,0,0,0,0,0,0,0,0,0,0,0,0,0,0,0,0,0,0,0,0,0,0,0,0,0,0,0,0,0,0,0,0,0,0,0,0,0,0,0,0,0,0,0,0,0,0,0,0,0,0,0,0,0,0,0,0,0,0,0,0,0,0,0,0,0,0,0,0,0,0,0,0,0,0,0,0,0,0,0,0,0,0,0,0,0,0,0,0,0,0,0,0,0,0,0,0,0,0,0,0,0,0,0,0,0,0,0,0,0,0,0,0,0,0,0,0,0,0,0,0,0,0,0,0,0,0,0,0,0,0,0,0,0,0,0,0,0,0,0,0,0,0,0,0,0,0,0,0,0,0,0,0,0,0,0,0,0,0,0,0,0,0,0,0,0,0,0,0,0,0,0,0,0,0,0,0,0,0,0,0,0,0,0,0,0,0,0,0,0,0,0,0,0,0,0,0,0,0,0,0,0,0,0,0,0,0,0,0,0,0,0,0,0,0,0,0,0,0,0,0,0,0,0,0,0,0,0,0,0,0,0,0,0,0,0,0,0,0,0,0,0,0,0,0,0,0,0,0,0,0,0,0,0,0,0,0,0,0,0,0,0,0,0,0,0,0,0,0,0,0,0,0,0,0,0,0,0,0,0,0,0,0,0,0,0,0,0,0,0,0,0,0,0,0,0,0,0,0,0,0,0,0,0,0,0,0,0,0,0,0,0,0,0,0,0,0,0,0,0,0,0,0,0,0,0,0,0,0,0,0,0,0,0,0,0,0,0,0,0,0,0,0,0,0,0,0,0,0,0,0,0,0,0,0,0,0,0,0,0,0,0,0,0,0,0,0,0,0,0,0,0,0,0,0,0,0,0,0,0,0,0,0,0,0,0,0,0,0,0,0,0,0,0,0,0,0,0,0,0,0,0,0,0,0,0,0,0,0,0,0,0,0,0,0,0,0,0,0,0,0,0,0,0,0,0,0,0,0,0,0,0,0,0,0,0,0,0,0,0,0,0,0,0,0,0,0,0,0,0,0,0,0,0,0,0,0,0,0,0,0,0,0,0,0,0,0,0,0,0,0,0,0,0,0,0,0,0,0,0,0,0,0,0,0,0,0,0,0,0,0,0,0,0,0,0,0,0,0,0,0,0,0,0,0,0,0,0,0,0,0,0,0,0,0,0,0,0,0,0,0,0,0,0,0,0,0,0,0,0,0,0,0,0,0,0,0,0,0,0,0,0,0,0,0,0,0,0,0,0,0,0,0,0,0,0,0,0,0,0,0,0,0,0,0,0,0,0,0,0,0,0,0,0,0,0,0,0,0,0,0,0,0,0,0,0,0,0,0,0,0,0,0,0,0,0,0,0,0,0,0,0,0,0,0,0,0,0,0,0,0,0,0,0,0,0,0,0,0,0,0,0,0,0,0,0,0,0,0,0,0,0,0,0,0,0,0,0,0,0,0,0,0,0,0,0,0,0,0,0,0,0,0,0,0,0,0,0,0,0,0,0,0,0,0,0,0,0,0,0,0,0,0,0,0,0,0,0,0,0,0,0,0,0,0,0,0,0,0,0,0,0,0,0,0,0,0,0,0,0,0,0,0,0,0,0,0,0,0,0,0,0,0,0,0,0,0,0,0,0,0,0,0,0,0,0,0,0,0,0,0,0,0,0,0,0,0,0,0,0,0,0,0,0,0,0,0,0,0,0,0,0,0,0,0,0,0,0,0,0,0,0,0,0,0,0,0,0,0,0,0,0,0,0,0,0,0,0,0,0,0,0,0,0,0,0,0,0,0,0,0,0,0,0,0,0,0,0,0,0,0,0,0,0,0,0,0,0,0,0,0,0,0,0,0,0,0,0,0,0,0,0,0,0,0,0,0,0,0,0,0,0,0,0,0,0,0,0,0,0,0,0,0,0,0,0,0,0,0,0,0,0,0,0,0,0,0,0,0,0,0,0,0,0,0,0,0,0,0,0,0,0,0,0,0,0,0,0,0,0,0,0,0,0,0,0,0,0,0,0,0,0,0,0,0,0,0,0,0,0,0,0,0,0,0,0,0,0,0,0,0,0,0,0,0,0,0,0,0,0,0,0,0,0,0,0,0,0,0,0,0,0,0,0,0,0,0,0,0,0,0,0,0,0,0,0,0,0,0,0,0,0,0,0,0,0,0,0,0,0,0,0,0,0,0,0,0,0,0,0,0,0,0,0,0,0,0,0,0,0,0,0,0,0,0,0,0,0,0,0,0,0,0,0,0,0,0,0,0,0,0,0,0,0,0,0,0,0,0,0,0,0,0,0,0,0,0,0,0,0,0,0,0,0,0,0,0,0,0,0,0,0,0,0,0,0,0,0,0,0,0,0,0,0,0,0,0,0,0,0,0,0,0,0,0,0,0,0,0,0,0,0,0,0,0,0,0,0,0,0,0,0,0,0,0,0,0,0,0,0,0,0,0,0,0,0,0,0,0,0,0,0,0,0,0,0,0,0,0,0,0,0,0,0,0,0,0,0,0,0,0,0,0,0,0,0,0,0,0,0,0,0,0,0,0,0,0,0,0,0,0,0,0,0,0,0,0,0,0,0,0,0,0,0,0,0,0,0,0,0,0,0,0,0,0,0,0,0,0,0,0,0,0,0,0,0,0,0,0,0,0,0,0,0,0,0,0,0,0,0,0,0,0,0,0,0,0,0,0,0,0,0,0,0,0,0,0,0,0,0,0,0,0,0,0,0,0,0,0,0,0,0,0,0,0,0,0,0,0,0,0,0,0,0,0,0,0,0,0,0,0,0,0,0,0,0,0,0,0,0,0,0,0,0,0,0,0,0,0,0,0,0,0,0,0,0,0,0,0,0,0,0,0,0,0,0,0,0,0,0,0,0,0,0,0,0,0,0,0,0,0,0,0,0,0,0,0,0,0,0,0,0,0,0,0,0,0,0,0,0,0,0,0,0,0,0,0,0,0,0,0,0,0,0,0,0,0,0,0,0,0,0,0,0,0,0,0,0,0,0,0,0,0,0,0,0,0,0,0,0,0,0,0,0,0,0,0,0,0,0,0,0,0,0,0,0,0,0,0,0,0,0,0,0,0,0,0,0,0,0,0,0,0,0,0,0,0,0,0,0,0,0,0,0,0,0,0,0,0,0,0,0,0,0,0,0,0,0,0,0,0,0,0,0,0,0,0,0,0,0,0,0,0,0,0,0,0,0,0,0,0,0,0,0,0,0,0,0,0,0,0,0,0,0,0,0,0,0,0,0,0,0,0,0,0,0,0,0,0,0,0,0,0,0,0,0,0,0,0,0,0,0,0,0,0,0,0,0,0,0,0,0,0,0,0,0,0,0,0,0,0,0,0,0,0,0,0,0,0,0,0,0,0,0,0,0,0,0,0,0,0,0,0,0,0,0,0,0,0,0,0,0,0,0,0,0,0,0,0,0,0,0,0,0,0,0,0,0,0,0,0,0,0,0,0,0,0,0,0,0,0,0,0,0,0,0,0,0,0,0,0,0,0,0,0,0,0,0,0,0,0,0,0,0,0,0,0,0,0,0,0,0,0,0,0,0,0,0,0,0,0,0,0,0,0,0,0,0,0,0,0,0,0,0,0,0,0,0,0,0,0,0,0,0,0,0,0,0,0,0,0,0,0,0,0,0,0,0,0,0,0,0,0,0,0,0,0,0,0,0,0,0,0,0,0,0,0,0,0,0,0,0,0,0,0,0,0,0,0,0,0,0,0,0,0,0,0,0,0,0,0,0,0,0,0,0,0,0,0,0,0,0,0,0,0,0,0,0,0,0,0,0,0,0,0,0,0,0,0,0,0,0,0,0,0,0,0,0,0,0,0,0,0,0,0,0,0,0,0,0,0,0,0,0,0,0,0,0,0,0,0,0,0,0,0,0,0,0,0,0,0,0,0,0,0,0,0,0,0,0,0,0,0,0,0,0,0,0,0,0,0,0,0,0,0,0,0,0,0,0,0,0,0,0,0,0,0,0,0,0,0,0,0,0,0,0,0,0,0,0,0,0,0,0,0,0,0,0,0,0,0,0,0,0,0,0,0,0,0,0,0,0,0,0,0,0,0,0,0,0,0,0,0,0,0.0066211373,0.5735112,0.14213863,-0.006384571,1.2246901,-0.18637961,-0.55202866,0.23943324,-0.49643174,1.0400289,-0.31931582,0.48296762,-0.10357991,0.8649979,-0.3570423,-0.3124655,-0.5959105,0.44911307,-0.5370373,0.2998949,-0.5527236,-0.04103337,-0.48183754,-0.14061143,0.17460327,0.3461595,-0.28456774,0.22404481,-0.21407878,0.9042136,-0.3014454,-0.030807504,-0.28516343,-0.27215773,0.050701555,-1.3029842,-0.22033344,-0.22619097,-0.4845181,-1.1735228,-0.03716144,0.9813543,-0.5983925,-0.10983456,0.34228757,-0.86476135,0.10302223,-0.39357743,0.76800114,-0.30760077,-0.796258,-0.122542426,0.7373235,0.113943055,0.35420117,0.39391327,-0.13951935,-0.20971046,-0.02405645,0.09855462,-0.026042055,-0.34363946,-0.34532723,0.5355861,-0.14497976,-0.65101105,0.50232726,0.06608999,0.6458865,0.548294,0.42151317,0.04355338,-0.04212545,0.21332255,-0.4016191,0.1548465,0.48971868,0.50798625,0.7326574,0.5173186,-0.15034088,-0.7407603,-0.39149255,0.46966407,0.2838115,-0.13117981,0.13826671,0.4530843,0.42965415,-0.19054937,0.2663382,0.044645462,0.77505004,1.2684727,-0.5451783,0.15018034,0.6175916,0.53955734,-0.6068313,0.56268966,0.14968394,-0.005391769,-0.6431679,0.59177876,0.3079366,-0.53048486,0.545117,-0.5222446,0.6363556,-0.40856874,-0.082433216,0.059338935,-0.48183754,-1.0901275,-1.1365906,0.36532056,0.6653454,0.20170677,-0.3515819,-0.057712443,0.7334516,0.26465043,-0.21874496,-0.018397478,-0.754461,-0.005193209,0.06599071,-0.034183033,0.29215103,0.18353848,0.20190533,1.1171696,1.0757698,0.21401751,-0.22688593,-0.8028105,-0.10129646,0.46936622,0.6232506,-0.25130886,-0.27593037,-0.7532697,0.73245883,0.42210886,0.37594354,0.4860453,-0.4212766,-0.7191173,0.38180107,-0.46069086,0.016847,0.6103442,-0.5001051,-0.6004774,-0.1708919,-0.1934285,-0.30760077,-1.0768238,0.50044096,0.13786958,0.22156282,0.58532554,-0.83865064,0.05367996,-0.11191944,0.42220813,-0.5392215,-0.50189215,0.25591376,-0.50238854,-0.093552604,0.14144367,0.54213864,-0.09166628,0.37187305,-0.45463476,-0.73966825,0.6717986,0.26991227,-0.18876234,-0.96821135,0.74586165,0.58284354,-0.70174325,1.3097733,0.12277899,-0.061485093,0.13906094,0.6039902,-0.037359998,1.3278422,0.7449681,-0.042522572,0.07750721,-0.6596484,0.62732106,0.26365763,-0.41740468,0.22900882,0.18780753,0.03044839,0.027271423,0.41327292,0.15693139,-1.0512096,0.4224067,-0.42862335,-0.45115995,0.010790907,0.09656902,0.23744765,-0.70561516,0.2456879,0.18373705,0.5273459,0.052687157,0.64876556,-0.06704479,-1.0128875,-0.14021431,1.1308703,-0.32557046,-0.33778194,-0.69459504,-0.08074545,0.233675,-0.40439898,-0.11440145,-0.89891374,0.42806566,-1.2204823,-0.33986682,0.37524858,-0.55192935,0.42608005,0.07085544,-0.56165886,0.04007857,0.30734092,-0.15083729,0.37634066,0.10927688,-0.54756105,-0.60335654,0.6757698,-0.65667,-0.5173799,-0.5920386,1.040426,0.34536526,0.45566556,0.008606742,0.09696613,-0.60067594,0.49081075,-0.08570947,0.99872833,-0.17595519,0.16953997,-0.23194923,-0.27295196,-0.30362955,-0.17327462,-0.0003284779,-0.6119939,-0.48868787,0.015457077,-0.36746672,-0.11201873,-0.34592292,-0.09236124,-0.54041284,-0.040437687,-0.40648386,0.85487133,-0.04242329,0.35271198,0.023002373,-0.29260945,-0.22539674,0.16636302,-0.7541632,0.46380654,0.10391575,0.28520143,0.20121036,0.7035683,-0.3435402,0.08902372,-0.69648135,0.03412176,0.30108628,-0.9296906,-1.2386507,-0.117082015,-0.15917683,-0.062279332,-0.5225424,-0.38444364,-0.018198917,0.69522876,-0.6906238,0.7325581,-0.00568961,-0.24574918,0.010890187,-0.5392215,0.29691648,0.3360329,0.43392318,0.08127986,0.5254596,-0.3069058,-0.22996363,-0.05940021,0.41118804,0.18333992,0.13091998,-0.6602441,-0.27652603,-0.20017956,0.10798624,0.40662113,0.07433025,0.25343177,-0.031502467,0.5379689,0.50103664,0.74983287,0.0344196,-0.5633466,-0.39754865,0.20567797,0.30962437,0.0120815495,0.50937617,-0.3099835,-1.3155928,-0.67513615,0.6532332,-0.1989882,-0.13991646,-0.21527015,0.37395793,-0.4193903,0.5741069,-0.13187477,-1.0128875,0.24548934,-0.0030090439,-0.23721108,-0.084617384,-0.8421255,0.5349905,-0.020978764,0.28748488,0.18810537,0.51106393,-0.63333917,0.3581724,0.29006615,-1.1065086,0.033327516,0.2496591,-0.2596484,-0.08719867,0.054672763,-0.22082984,0.24697855,-0.13743445,-0.35356748,-0.23889884,0.3436775,-0.33996612,0.26743028,0.7767378,0.1875097,-0.032098148,0.051396515,0.46211877,-0.27960372,-0.05076283,0.5744047,-0.7566452,0.35777527,-0.12889636,-0.020680923,-0.7076008,-0.25190455,0.49329278,0.2668346,0.33037394,-0.48640442,-0.12988916,-0.20990902,-0.28506413,-0.38077027,0.3566832,-0.36538184,0.0044369726,-0.54507905,0.09905102,0.7284876,-0.38702494,0.22434266,0.41496068,-0.31971294,-0.32169855,0.16815005,0.15246378,0.52208406,-0.53296685,0.432434,-0.4378564,-0.24475637,0.095973335,0.13171421,-0.6622297,-0.16066603,-0.09375116,0.18115576,0.7846802,-0.67880946,0.030249828,0.42220813,0.83203685,0.050602276,-0.20395221,-0.5442848,-0.28417063,0.18711257,-0.09782165,0.04891451,0.35727888,0.52496314,-0.13683878,-0.8942476,0.032136153,0.37495074,-0.45860597,0.36988747,-0.46535704,0.1719227,-0.116387054,-0.1543121,-0.5369381,0.15315874,-0.57714653,-0.010554341,-0.41343346,0.4378944,-0.087297946,-0.27195916,0.2125283,-0.31415325,-0.2631232,-0.10199142,-0.13654093,0.25760153,0.5477976,-0.7380798,0.10063951,-0.3800753,-0.17049477,-0.18012495,-0.045699537,0.102227986,-0.092857644,0.8964697,-0.3866278,0.30485892,-0.3461215,0.23298004,0.032831114,0.5185099,-0.30094898,0.7244171,0.94958466,0.29473233,-0.045302417,0.019130444,0.34645733,-0.39536446,0.45735332,-0.45761317,-0.507154,0.010890187,-0.09553821,-0.682185,0.42717215,0.13360053,0.6498577,0.2407239,-0.1337611,-0.0030090439,0.5100711,-0.5725797,-0.24803263,-0.33549848,0.37405723,0.022307413,0.0030470495,-0.25557792,0.1418408,-0.05066355,-0.25696784,0.46886984,0.41962683,0.037000883,-0.67434186,-0.18032351,-0.41869533,-0.81968814,-0.0042996868,0.26554394,0.44960946,0.5242682,0.32818976,0.21292543,-0.7762034,0.12903364,-0.15004304,0.05824685,0.10659632,-0.43408376,0.7822975,-0.19372635,-0.5129123,0.35926446,-0.509636,-0.18350048,0.2537296,-0.04162905,-0.47935554,0.060033895,0.8039406,0.22225778,0.68043596,0.47998923,-0.37391993,0.28748488,0.66445184,0.20686933,0.30207908,0.35390335,-0.40003064,0.30684453,0.47998923,0.3159783,-0.08958139,0.30952507,-0.14557543,0.34337965,0.027072862,-0.08392242,0.092697084,-0.7072036,-0.26342106,-0.08987924,0.6040895,-0.9602689,0.20170677,0.06112598,0.013372192,-0.04262185,0.8053305,0.051396515,0.43173903,-0.13127908,-0.30789858,-0.007675214,0.17450398,-0.41661042,0.28162736,-0.67315054,-0.5683106,-0.1306834,-0.15877971,-0.14398696,0.11999915,0.28271943,0.36800113,0.034022477,0.06529575,0.16725653,-0.35009268,-0.22112769,0.061324537,0.9225804,0.14243647,0.11682218,0.592573,0.35439974,-0.48620588,0.17857447,-0.78404653,-0.1944213,-0.16255236,-0.612391,-0.5438877,0.41367003,0.10520639,0.7995722,-0.2285737,0.43968144,0.36393064,0.77643996,0.14541489,0.23883757,0.4690684,-0.018893879,-0.55192935,-0.46734262,0.42111605,-0.057712443,-0.6861562,-0.5433913,0.21719448,-0.2582585,-0.47181022,-0.057811726,0.7581724,-0.0055903294,0.11582938,-0.6614354,0.2848043,-0.16910484,0.14740048,0.398778,0.32918257,-0.2491247,0.18195,-0.59382564,-0.17595519,-0.17516094,0.5222826,-0.15997107,0.28311655,-0.52274096,-0.54954666,0.23288076,-0.2245032,0.290364,-0.055329718,-0.24177797,0.22156282,-0.34324235,-0.7846422,0.0019549672,0.1789716,0.109078325,-0.13763303,-0.30005544,-0.37104082,0.3023769,0.07542233,0.23387356,0.5889989,-0.17982711,0.4880309,0.055467006,0.19882764,0.22066928,0.35618678,0.15236449,0.21054271,-0.6784124,0.07085544,0.55315876,-0.29201376,-0.0060867304,0.3134963,-0.09136844,-0.032197427,0.2346678,0.8425606,-0.5731753,-0.18826593,0.24141885,0.015953477,0.31270206,0.13866383,0.67150074,-0.48898572,-0.29509145,1.0489641,0.46072885,-0.45115995,0.17311406,-0.08431954,-0.11956402,0.012875791,-0.27990156,0.39718953,0.0173434,0.14571272,0.23903613,0.26544467,0.18314137,-0.28645408,0.13697606,0.45636052,0.19009098,0.23248364,0.09100933,-0.026439175,0.55246377,0.30386612,-0.06476134,-0.10645903,0.06599071,0.07581945,-0.6714628,-0.47866058,0.25442457,0.05318356,-0.29072312,0.19942333,-0.3560495,-0.37074298,0.14203936,0.14978321,-0.1523265,-0.068633266,-0.46843472,-0.77888393,-0.007575934,-0.06773975,0.34238684,0.3942111,0.18195,0.2799396,-0.13892366,0.2100463,0.30128482,0.05387852,0.39361542,-0.43289238,-0.080447614,0.53260773,-0.13793086,0.23734836,-0.19362706,0.85933894,-0.5894573,-0.4283255,-0.094247565,0.4173434,0.49805823,-0.45731533,0.5363804,0.05318356,-0.24932326,0.63992965,-0.4498693,0.065692864,0.31726894,0.20428805,0.33841562,-0.5883652,-0.3737214,0.25948787,0.16715725,0.4350153,0.056856927,-0.18796809,-0.0023140823,0.21312399,-0.20395221,-0.88580877,0.55157024,-0.27086708,0.4514958,0.13379909,-0.120556824,-0.40598744,0.08197483,0.07770577,-0.31524533,0.380709,-0.22996363,-0.40290976,-0.1878688,0.27050796,0.33434513,0.8963705,0.13360053,-0.052450594,0.39143127,-0.912118,0.26266482,-0.0011227196,0.20865639,0.23456852,-0.02902046,0.3596616,-0.08878715,0.10659632,0.0035434505,-0.54200137,0.122282594,-0.40290976,0.16834861,0.11007112,0.24807063,-0.2501175,0.25789937,0.10659632,0.4975618,0.4458368,0.43997929,-0.15024161,-0.007278093,0.37485147,-0.32825103,-0.17794079,0.2536303,-0.28714904,0.29165465,-0.07856129,0.31369486,-0.27136347,0.651049,-0.33162656,0.45874324,0.12823941,0.13260773,0.3129999,-0.390599,-0.103182785,0.40562832,0.16398029,0.41019523,0.30197978,-0.098318055,-0.17277822,0.1076884,-0.35763797,-0.30720362,-0.35972288,-0.04301897,0.019229725,-0.081837535,-0.21129894,-0.2973749,-0.36836025,-0.1487524,-0.22648881,-0.6969778,-0.29598495,0.16517165,-0.5447812,0.07284104,0.16209395,-0.39943495,0.24449654,-1.1024382,0.81098944,0.10550424,-0.106657594,0.5280408,0.07780506,0.45109868,0.63556135,0.42260525,-0.5388244,-0.42306364,0.12148835,-0.68258214,-0.50626045,-0.0739944,0.12823941,0.13082069,-0.34363946,-0.1753595,0.65243894,0.0002672034,-0.37292713,-0.5473625,-0.17446598,0.09785966,0.042858418,-0.2667966,0.49736327,-0.038749922,0.44256058,0.5512724,0.6267254,-0.46327212,-0.21358238,0.028959187,-0.109437436,-0.1131108,0.28996688,0.4183362,-0.4518549,0.18393561,0.20448661,0.5051071,0.34576237,-0.12105323,0.25293535,0.42707285,0.57271695,-0.3882163,-0.00052703836,0.17539752,0.1197013,-0.46823615,-0.39447096,-0.50139576,0.15842059,0.13916023,-0.8007256,-0.0025126426,-0.115592815,0.07413168,-0.37104082,0.060133174,-0.23036075,0.16259035,-0.40449825,-0.08948211,-0.49087203,-0.046990182,0.50471,-0.03259455,-0.2741433,0.16745509,0.5553429,0.0790957,0.09200212,-0.37441635,0.31667325,-0.03775712,0.23347643,0.32402,0.14511704,-0.54895097,0.12953004,-0.21477374,0.09150572,0.4534814,-0.2652081,-0.14815672,0.41446427,-0.1633466,-0.5955134,0.22672538,0.08028706,0.40979812,0.46738064,-0.12800284,0.101632304,-0.07568216,-0.2737462,0.14045087,-0.576948,0.32104158,0.2326822,0.2331786,0.108482644,0.0016571265,0.5368768,0.29880282,-0.25389016,-0.14924881,-0.27702245,0.13489118,-0.17605446,0.39232478,-0.23184995,0.13320342,0.31627613,-0.0029097635,-0.33688843,0.11096465,0.13449405,0.42012325,0.2919525,-0.071313836,0.2853007,-0.0020162417,0.33265737,-0.00588817,0.33930916,0.12843797,0.2513469,-0.26064122,-0.22519818,0.079492815,0.3852759,-0.050464988,0.17212126,0.68361294,0.17162485,0.09637045,-0.12095394,-0.34076035,-0.60782415,0.1714263,-0.22400682,0.24082318,0.2401282,-0.3559502,-0.29717633,0.07681225,0.03015055,0.39053774,0.10054022,0.2422131,-0.2471391,0.16298749,-0.01899316,-0.1909465,0.22742034,-0.05195419,0.19346651,0.2422131,0.5609026,-0.930187,-0.10288494,0.2351642,0.08257051,1.2817763,0.35201702,-0.009660819,-0.09404901,-0.68456775,1.6226052,1.1011856,0.5140423,-0.0011227196,1.7406495,0.016549159,1.2390858,-0.3966551,1.6241938,-1.1345057,1.5464573,-0.057414602,-0.9717854,1.4213643,-1.1015446,-0.95153224,-0.3866278,0.17946799,-1.0365161,-0.56711924,-1.499162,0.70515674,-1.1989386,0.40940097,0.6331786,0.3446703,-0.27543396,-0.69002813,-1.3079482,1.3290336,-1.0149723,0.88594604,-0.8153198,0.20845783,-1.4698743,1.1085323,0.19634564,-0.17734511,-1.628127,-0.57665014,1.0875841,-0.8788591,-0.08690083,0.8071175,0.39510465,-0.02465213,-0.72070575,-0.14954665,0.35420117,-0.7077993,-0.02862334,0.8000686,0.897264,-0.4790577,-1.0859576,-0.62281543,-1.1710408,-0.6854613,-0.5320733,0.24737567,-0.016014753,-0.122740984,-0.081837535,-0.71554315,-0.2340341,0.14859185,-1.4511104,1.0159038,0.4293563,-0.5339596,0.13141637,1.2335261,0.04037641,-0.33202368,-0.57228184,0.76869607,-0.06883183,-0.15272361,-0.90268636,1.3618954,-0.58518827,0.36154792,0.96616447,1.0759684,-1.376948,-0.49474397,-0.25190455,0.504015,-0.9965062,1.380858,1.0217614,-0.7089907,0.60180604,1.4343699,0.80056506,-0.37799042,-0.103182785,-0.08829075,-0.599981,-0.085113786,0.80602545,-0.018794598,-0.62033343,0.7747522,0.51304954,1.1505278,-0.68466705,0.037100166,0.6607785,0.68172663,-0.044607457,0.32133943,0.26743028,-0.9463697,-0.28337637,-0.042820413,-1.0284745,1.1021783,-0.021872286,-0.23681396,0.42220813,0.2748763,-0.48173827,
1,1,0,0,0,1,0,0,0,0,0,0,0,0,0,0,0,0,0,0,0,0,0,0,0,0,0,0,0,0,0,0,0,0,0,0,0,0,0,0,0,0,0,0,0,0,0,0,0,0,0,0,0,0,0,0,0,0,0,0,0,0,0,0,0,0,0,0,0,1,0,0,0,0,0,0,0,0,0,0,0,0,0,0,0,0,0,0,0,0,0,0,0,0,0,0,0,0,0,0,0,0,0,0,0,0,0,0,0,0,0,0,0,0,0,0,0,0,0,0,0,0,0,0,0,0,0,0,0,0,0,0,0,0,0,0,0,0,0,0,0,0,0,0,1,0,0,0,0,0,0,0,0,0,0,0,0,0,0,0,0,0,0,0,0,0,0,0,0,0,0,0,0,0,0,0,0,0,0,0,0,0,0,0,0,0,0,0,0,0,1,0,0,0,0,0,0,0,0,0,0,0,0,0,0,0,0,0,0,0,0,0,0,0,0,0,0,0,0,0,0,0,0,0,0,0,0,0,0,0,0,0,0,0,0,0,0,0,0,0,0,0,0,0,0,0,0,0,0,0,0,0,0,0,0,0,0,0,0,0,0,0,0,0,0,0,0,0,0,0,0,0,0,0,0,0,0,0,0,0,0,0,0,0,0,0,0,0,0,0,0,0,0,0,0,0,0,0,0,0,0,0,0,0,0,0,0,0,0,0,0,0,0,0,0,0,0,0,0,0,0,0,0,0,0,0,0,0,0,0,0,0,0,0,0,0,0,0,0,0,0,0,0,0,0,0,0,0,0,0,0,0,0,0,0,0,0,0,0,0,0,0,0,0,0,0,0,0,0,0,0,0,0,0,0,0,0,0,0,0,0,0,0,0,0,0,0,0,0,0,0,0,0,0,0,0,0,0,0,0,0,0,0,0,0,0,0,0,0,0,0,0,0,0,0,0,0,0,0,0,0,0,0,0,0,0,0,0,0,0,0,0,0,0,0,0,0,0,0,0,0,0,0,0,0,0,0,0,0,0,0,0,0,0,0,0,0,0,0,0,0,0,0,0,0,0,0,0,0,0,0,0,0,0,0,0,0,0,0,0,0,0,0,0,0,0,0,0,0,0,0,0,0,0,0,0,0,0,0,0,0,0,0,0,0,0,0,0,0,0,0,0,0,0,0,0,0,0,0,0,0,0,0,0,0,0,0,0,0,0,0,0,0,0,0,0,0,0,0,0,0,0,0,0,0,0,0,0,0,0,0,0,0,0,0,0,0,0,0,0,0,0,0,0,0,0,0,0,0,0,0,0,0,0,0,0,0,0,0,0,0,0,0,0,0,0,0,0,0,0,0,0,0,0,0,0,0,0,0,0,0,0,0,0,0,0,0,0,0,0,0,0,0,0,0,0,0,0,0,0,0,0,0,0,0,0,0,0,0,0,0,0,0,0,0,0,0,0,0,0,0,0,0,0,0,0,0,0,0,0,0,0,0,0,0,0,0,0,0,0,0,0,0,0,0,0,0,0,0,0,0,0,0,0,0,0,0,0,0,0,0,0,0,0,0,0,0,0,0,0,0,0,0,0,0,0,0,0,0,0,0,0,0,0,0,0,0,0,0,0,0,0,0,0,0,0,0,0,0,0,0,0,0,0,0,0,0,0,0,0,0,0,0,0,0,0,0,0,0,0,0,0,0,0,0,0,0,0,0,0,0,0,0,0,0,0,0,0,0,0,0,0,0,0,0,0,0,0,0,0,0,0,0,0,0,0,0,0,0,0,0,0,0,0,0,0,0,0,0,0,0,0,0,0,0,0,0,0,0,0,0,0,0,0,0,0,0,0,0,0,0,0,0,0,0,0,0,0,0,0,0,0,0,0,0,0,0,0,0,0,0,0,0,0,0,0,0,0,0,0,0,0,0,0,0,0,0,0,0,0,0,0,0,0,0,0,0,0,0,0,0,0,0,0,0,0,0,0,0,0,0,0,0,0,0,0,0,0,0,0,0,0,0,0,0,0,0,0,0,0,0,0,0,0,0,0,0,0,0,0,0,0,0,0,0,0,0,0,0,0,0,0,0,0,0,0,0,0,0,0,0,0,0,0,0,1,0,0,0,0,0,0,0,0,0,0,0,0,0,0,0,0,0,0,0,0,0,0,0,0,0,0,0,0,0,0,0,0,0,0,0,0,0,0,0,0,0,0,0,0,0,0,0,0,0,0,0,0,0,0,0,0,0,0,0,0,0,0,0,0,0,0,0,0,0,0,0,0,0,0,0,0,0,0,0,0,0,0,0,0,0,0,0,0,0,0,0,0,0,0,0,0,0,0,0,0,0,0,0,0,0,0,0,0,0,0,0,0,0,0,0,0,0,0,0,0,0,0,0,0,0,0,0,0,0,0,0,0,0,0,0,0,0,0,0,0,0,0,0,0,0,0,0,0,0,0,0,0,0,0,1,0,0,0,0,0,0,0,0,0,0,0,0,0,0,0,0,0,0,0,0,0,0,0,0,0,0,0,0,0,0,0,0,0,0,0,0,0,0,0,0,0,0,0,0,0,0,0,0,0,0,0,0,0,0,0,0,0,0,0,0,0,0,0,0,0,0,0,0,0,0,0,0,0,0,0,0,0,0,0,0,0,0,0,0,0,0,0,0,0,0,0,0,0,0,0,0,0,0,0,0,0,0,0,0,0,0,0,0,0,0,0,0,0,0,0,0,0,0,0,0,0,0,0,0,0,0,0,0,0,0,0,0,0,0,0,0,0,0,0,0,0,0,0,0,0,0,0,0,0,0,0,0,0,0,0,0,0,0,0,0,0,0,0,0,0,0,0,0,0,0,0,0,0,0,0,0,0,0,0,0,0,0,0,0,0,0,0,0,0,0,0,0,0,0,0,0,0,0,0,0,0,0,0,0,0,0,0,0,0,0,0,0,0,0,0,0,0,0,0,0,0,0,0,0,0,0,0,0,0,0,0,0,0,0,0,0,0,0,0,0,0,0,0,0,0,0,0,0,0,0,0,0,0,0,0,0,0,0,0,0,0,0,0,0,0,0,0,0,0,0,0,0,0,0,0,0,0,0,0,0,0,0,0,0,0,0,0,0,0,0,0,0,0,0,0,0,0,0,0,0,0,0,0,0,0,0,0,0,0,0,0,0,0,0,0,0,0,0,0,0,0,0,0,0,0,0,0,0,0,0,0,0,0,0,0,0,0,0,0,0,0,0,0,0,0,0,0,0,0,0,0,0,0,0,0,0,0,0,0,0,0,0,0,0,0,0,0,0,0,0,0,0,0,0,0,0,0,0,0,0,0,0,0,0,0,0,0,0,0,0,0,0,0,0,0,0,0,0,0,0,0,0,0,0,0,0,0,0,0,0,0,0,0,0,0,0,0,0,0,0,0,0,0,0,0,0,0,0,0,0,0,0,0,0,0,0,0,0,0,0,0,0,0,0,0,0,0,0,0,0,0,0,0,0,0,0,0,0,0,0,0,0,0,0,0,0,0,0,0,0,0,0,0,0,0,0,0,0,0,0,0,0,0,0,0,0,0,0,0,0,0,0,0,0,0,0,0,0,0,0,0,0,0,0,0,0,0,0,0,0,0,0,0,0,0,0,0,0,0,0,0,0,0,0,0,0,0,0,0,0,0,0,0,0,0,0,0,0,0,0,0,0,0,0,0,0,0,0,0,0,0,0,0,0,0,0,0,0,0,0,0,0,0,0,0,0,0,0,0,0,0,0,0,0,0,0,0,0,0,0,0,0,0,0,0,0,0,0,0,0,0,0,0,0,0,0,0,0,0,0,0,0,0,0,0,0,0,0,0,0,0,0,0,0,0,0,0,0,0,0,0,0,0,0,0,0,0,0,0,0,0,0,0,0,0,0,0,0,0,0,0,0,0,0,0,0,0,0,0,0,0,0,0,0,0,0,0,0,0,0,0,0,0,0,0,0,0,0,0,0,0,0,0,0,0,0,0,0,0,0,0,0,0,0,0,0,0,0,0,0,0,0,0,0,0,0,0,0,0,0,0,0,0,0,0,0,0,0,0,0,0,0,0,0,0,0,0,0,0,0,0,0,0,0,0,0,0,0,0,0,0,0,0,0,0,0,0,0,0,0,0,0,0,0,0,0,0,0,0,0,0,0,0,0,0,0,0,0,0,0,0,0,0,0,0,0,0,0,0,0,0,0,0,0,0,0,0,0,0,0,0,0,0,0,0,0,0,0,0,0,0,0,0,0,0,0,0,0,0,0,0,0,0,0,0,0,0,0,0,0,0,0,0,0,0,0,0,0,0,0,0,0,0,0,0,0,0,0,0,0,0,0,0,0,0,0,0,0,0,0,0,0,0,0,0,0,0,0,0,0,0,0,0,0,0,0,0,0,0,0,0,0,0,0,0,0,0,0,0,0,0,0,0,0,0,0,0,0,0,0,0,0,0,0,0,0,0,0,0,0,0,0,0,0,0,0,0,0,0,0,0,0,0,0,0,0,0,0,0,0,0,0,0,0,0,0,0,0,0,0,0,0,0,0,0,0,0,0,0,0,0,0,0,0,0,0,0,0,0,0,0,0,0,0,0,0,0,0,0,0,0,0,0,0,0,0,0,0,0,0,0,0,0,0,0,0,0,0,0,0,0,0,0,0,0,0,0,0,0,0,0,0,0,0,0,0,0,0,0,0,0,0,0,0,0,0,0,0,0,0,0,0,0,0,0,0,0,0,0,0,0,0,0,0,0,0,0,0,0,0,0,0,0,0,0,0,0,0,0,0,0,0,0,0,0,0,0,0,0,0,0,0,0,0,0,0,0,0,0,0,0,0,0,0,0,0,0,0,0,0,0,0,0,0,0,0,0,0,0,0,0,0,0,0,0,0,0,0,0,0,0,0,0,0,0,0,0,0,0,0,0,0,0,0,0,0,0,0,0,0,0,0,0,0,0,0,0,0,0,0,0,0,0,0,0,0,0,0,0,0,0,0,0,0,0,0,0,0,0,0,0,0,0,0,0,0,0,0,0,0,0,0,0,0,0,0,0,0,0,0,0,0,0,0,0,0,0,0,0,0,0,0,0,0,0,0,0,0,0,0,0,0,0,0,0,0,0,0,0,0,0,0,0,0,0,0,0,0,0,0,0,0,0,0,0,0,0,0,0,0,0,0,0,0,0,0,0,0,0,0,0,0,0,0,0,0,0,0,0,0,0,0,0,0,0,0,0,0,0,0,0,0,0,0,0,0,0,0,0,0,0,0,0,0,0,0,0,0,0,0,0,0,0,0,0,0,0,0,0,0,0,0,0,0,0,0,0,0,0,0,0,0,0,0,0,0,0,0,0,0,0,0,0,0,0,0,0,0,0,0,0,0,0,0,0,0,0,0,0,0,0,0,0,0,0,0,0,0,0,0,0,0,0,0,0,0,0,0,0,0,0,0,0,0,0,0,0,0,0,0,0,0,0,0,0,0,0,0,0,0,0,0,0,0,0,0,0,0,0,0,0,0,0,0,0,0,0,0,0,0,0,0,0,0,0,0,0,0,0,0,0,0,0,0,0,0,0,0,0,0,0,0,0,0,0,0,0,0,0,0,0,0,0,0,0,0,0,0,0,0,0,0,0,0,0,0,0,0,0,0,0,0,0,0,0,0,0,0,0,0,0,0,0,0,0,0,0,0,0,0,0,0,0,0,0,0,0,0,0,0,0,0,0,0,0,0,0,0,0,0,0,0,0,0,0,0,0,0,0,0,0,0,0,0,0,0,0,0,0,0,0,0,0,0,0,0,0,0,0,0,0,0,0,0,0,0,0,0,0,0,0,0,0,0,0,0,0,0,0,0,0,0,0,0,0,0,0,0,0,0,0,0,0,0,0,0,0,0,0,0,0,0,0,0,0,0,0,0,0,0,0,0,0,0,0,0,0,0,0,0,0,0,0,0,0,0,0,0,0,0,0,0,0,0,0,0,0,0,0,0,0,0,0,0,0,0,0,0,0,0,0,0,0,0,0,0,0,0,0,0,0,0,0,0,0,0,0,0,0,0,0,0,0,0,0,0,0,0,0,0,0,0,0,0,0,0,0,0,0,0,0,0,0,0,0,0,0,0,0,0,0,0,0,0,0,0,0,0,0,0,0,0,0,0,0,0,0,0,0,0,0,0,0,0,0,0,0,0,0,0,0,0,0,0,0,0,0,0,0,0,0,0,0,0,0,0,0,0,0,0,0,0,0,0,0,0,0,0,0,0,0,0,0,0,0,0,0,0,0,0,0,0,0,0,0,0,0,0,0,0,0,0,0,0,0,0,0,0,0,0,0,0,0,0,0,0,0,0,0,0,0,0,0,0,0,0,0,0,0,0,0,0,0,0,0,0,0,0,0,0,0,0,0,0,0,0,0,0,0,0,0,0,0,0,0,0,0,0,0,0,0,0,0,0,0,0,0,0,0,0,0,0,0,0,0,0,0,0,0,0,0,0,0,0,0,0,0,0,0,0,0,0,0,0,0,0,0,0,0,0,0,0,0,0,0,0,0,0,0,0,0,0,0,0,0,0,0,0,0,0,0,0,0,0,0,0,0,0,0,0,0,0,0,0,0,0,0,0,0,0,0,0,0,0,0,0,0,0,0,0,0,0,0,0,0,0,0,0,0,0,0,0,0,0,0,0,0,0,0,0,0,0,0,0,0,0,0,0,0,0,0,0,0,0,0,0,0,0,0,0,0,0,0,0,0,0,0,0,0,0,0,0,0,0,0,0,0,0,0,0,0,0,0,0,0,0,0,0,0,0,0,0,0,0,0,0,0,0,0,0,0,0,0,0,0,0,0,0,0,0,0,0,0,0,0,0,0,0,0,0,0,0,0,0,0,0,0,0,0,0,0,0,0,0,0,0,0,0,0,0,0,0,0,0,0,0,0,0,0,0,0,0,0,0,0,0,0,0,0,0,0,0,0,0,0,0,0,0,0,0,0,0,0,0,0,0,0,0,0,0,0,0,0,0,0,0,0,0,0,0,0,0,0,0,0,0,0,0,0,0,0,0,0,0,0,0,0,0,0,0,0,0,0,0,0,0,0,0,0,0,0,0,0,0,0,0,0,0,0,0,0,0,0,0,0,0,0,0,0,0,0,0,0,0,0,0,0,0,0,0,0,0,0,0,0,0,0,0,0,0,0,0,0,0,0,0,0,0,0,0,0,0,0,0,0,0,0,0,0,0,0,0,0,0,0,0,0,0,0,0,0,0,0,0,0,0,0,0,0,0,0,0,0,0,0,0,0,0,0,0,0,0,0,0,0,0,0,0,0,0,0,0,0,0,0,0,0,0,0,0,0,0,0,0,0,0,0,0,0,0,0,0,0,0,0,0,0,0,0,0,0,0,0,0,0,0,0,0,0,0,0,0,0,0,0,0,0,0,0,0,0,0,0,0,0,0,0,0,0,0,0,0,0,0,0,0,0,0,0,0,0,0,0,0,0,0,0,0,0,0,0,0,0,0,0,0,0,0,0,0,0,0,0,0,0,0,0,0,0,0,0,0,0,0,0,0,0,0,0,0,0,0,0,0,0,0,0,0,0,0,0,0,0,0,0,0,0,0,0,0,0,0,0,0,0,0,0,0,0,0,0,0,0,0,0,0,0,0,0,0,0,0,0,0,0,0,0,0,0,0,0,0,0,0,0,0,0,0,0,0,0,0,0,0,0,0,0,0,0,0,0,0,0,0,0,0,0,0,0,0,0,0,0,0,0,0,0,0,0,0,0,0,0,0,0,0,0,0,0,0,0,0,0,0,0,0,0,0,0,0,0,0,0,0,0,0,0,0,0,0,0,0,0,0,0,0,0,0,0,0,0,0,0,0,0,0,0,0,0,0,0,0,0,0,0,0,0,0,0,0,0,0,0,0,0,0,0,0,0,0,0,0,0,0,0,0,0,0,0,0,0,0,0,0,0,0,0,0,0,0,0,0,0,0,0,0,0,0,0,0,0,0,0,0,0,0,0,0,0,0,0,0,0,0,0,0,0,0,0,0,0,0,0,0,0,0,0,0,0,0,0,0,0,0,0,0,0,0,0,0,0,0,0,0,0,0,0,0,0,0,0,0,0,0,0,0,0,0,0,0,0,0,0,0,0,0,0,0,0,0,0,0,0,0,0,0,0,0,0,0,0,0,0,0,0,0,0,0,0,0,0,0,0,0,0,0,0,0,0,0,0,0,0,0,0,0,0,0,0,0,0,0,0,0,0,0,0,0,0,0,0,0,0,0,0,0,0,0,0,0,0,0,0,0,0,0,0,0,0,0,0,0,0,0,0,0,0,0,0,0,0,0,0,0,0,0,0,0,0,0,0,0,0,0,0,0,0,0,0,0,0,0,0,0,0,0,0,0,0,0,0,0,0,0,0,0,0,0,0,0,0,0,0,0,0,0,0,0,0,0,0,0,0,0,0,0,0,0,0,0,0,0,0,0,0,0,0,0,0,0,0,0,0,0,0,0,0,0,0,0,0,0,0,0,0,0,0,0,0,0,0,0,0,0,0,0,0,0,0,0,0,0,0,0,0,0,0,0,0,0,0,0,0,0,0,0,0,0,0,0,0,0,0,0,0,0,0,0,0,0,0,0,0,0,0,0,0,0,0,0,0,0,0,0,0,0,0,0,0,0,0,0,0,0,0,0,0,0,0,0,0,0,0,0,0,0,0,0,0,0,0,0,0,0,0,0,0,0,0,0,0,1.0493811,-0.7791156,-0.522645,0.6539563,0.5138256,-0.92983454,-0.2631679,-0.9968934,-0.98970383,-0.45859274,1.3742177,0.9640216,0.52742034,0.25983864,-0.34708947,-0.17048815,-1.0856515,0.05408701,-0.5196385,-0.35793912,-0.20277573,1.303891,-0.60434437,-0.5125797,0.053564135,0.15042688,-0.5755862,0.31291053,-0.2066973,0.1891197,0.65905434,0.6584007,-0.6527104,0.02532884,0.54336804,0.07526348,1.2946099,-0.23127247,0.24545956,0.7691197,-0.50434434,-0.57467115,0.4208844,0.34467524,0.42846608,1.3118647,-0.07140318,0.38768178,0.4925184,0.65447915,-0.44944242,0.46938112,0.16258374,0.11447917,-0.29754698,0.22193015,0.16872753,-0.41937703,0.16480596,0.05683211,0.51630926,0.77892363,-0.007481618,0.44140726,0.23970793,-0.6681352,0.33199552,-0.13271038,-0.9736254,0.20964256,0.6746099,-0.84630513,0.5104269,-0.24094567,0.24153799,-0.24486724,-0.02591299,0.16885825,0.1126491,0.8319955,0.23513277,0.12715891,0.15787786,-0.67257965,-0.25728554,-0.20382148,0.77160335,0.040100083,-0.44016135,-0.62016135,-0.5477431,-0.22159927,0.63147265,0.301538,-0.34983456,0.2850674,0.70454454,0.44519812,-0.6385927,0.015786355,0.057224266,0.47460988,-0.698462,-0.82199144,0.016178513,0.4712112,-0.4423836,-0.39231822,0.25709355,-0.067873776,0.097485706,-0.44787377,-0.18552083,0.018139297,-0.75323325,0.15094976,0.3589236,0.38532883,0.45983866,0.098792896,-0.71519405,-0.9341483,0.4739563,-0.15584762,-0.4893117,-0.0001613562,-0.6382006,-0.05088031,-0.40264502,-0.9261744,-0.46931168,0.33369485,0.6627145,-0.3950633,0.124936685,-0.32996526,-0.5699653,-0.58800447,0.017224265,0.6352635,0.044152368,-0.045390114,0.34062296,-0.6355862,-0.22264501,-0.07846201,-0.44290647,-0.14708947,0.3387929,-0.19754697,-0.10748162,0.79643995,-0.10970384,-0.62774307,-0.14042279,-1.075194,-0.74016136,-0.06695874,0.09369485,-0.23689339,-0.22565155,-0.6195078,-0.84094566,-0.15950777,0.4319955,0.49434844,-0.14277573,-0.30774304,0.05892361,-0.2699653,-0.13205679,-0.56212217,-0.0022528595,-0.70617443,0.4376164,0.026374592,0.3821916,-0.43532476,-0.3329718,0.9244138,0.9330413,-0.0010763889,0.97225696,0.11983864,-0.6198999,-0.04852737,0.42702818,0.4258517,0.2147406,-0.26813522,0.4705576,0.16153799,-0.11989992,0.7534334,-0.14486724,-0.3928411,-0.037808415,0.5768321,-0.8236908,0.6126491,0.053433415,0.16663603,0.77317196,0.4823223,-0.0680045,-0.0052593956,0.2981393,-0.4515339,-0.045128677,-0.9204228,0.12179943,-0.60826594,-0.49336398,-0.12682803,0.55670136,0.65500206,0.22702819,-0.32931167,0.554087,0.38140726,-0.44173,-0.3976777,-0.5927104,0.092910536,-0.07806985,0.29382557,-0.023560049,-0.33820057,-0.8544097,-0.9629065,0.08676675,0.09918505,-0.4631679,0.5956556,0.5181393,0.04258374,0.23630923,-0.43610907,-0.17728554,0.109511845,0.30075368,-0.28722018,-0.03323325,-0.90356004,-0.28918096,-0.25362542,0.30179942,0.3631066,0.22519812,-0.0013378268,-0.26774305,-0.12094567,0.37160334,-0.10146855,0.22101511,-0.04970384,0.117877856,0.045067403,-0.7493117,-0.34630516,-0.26303717,0.3278125,-0.5252594,0.3718648,-0.76016134,0.5136949,-0.38957313,-0.76931167,-0.3129718,-0.218462,0.34179944,0.049773283,1.0110805,0.63774717,-0.29597834,-0.077416256,0.50964254,0.21186478,-0.26839665,-0.18486723,-0.26983455,-0.008396651,-0.34996527,-0.7201614,-0.01597835,-0.0078737745,0.52807397,-0.8982006,0.5017994,0.9202308,-0.08473652,-0.11506332,-0.06552083,-0.29127246,-0.053494688,0.13343342,-0.11584763,-0.6574163,-0.5889195,0.014217729,-0.0873509,-0.21833129,0.008204657,0.42206088,0.1526491,-0.18395221,-0.6612071,0.3718648,-0.06408293,-0.09061887,0.54480594,0.95447916,0.13735498,0.17657067,0.11996936,-0.112056784,-0.42369077,0.18859681,-0.8549326,-0.6585927,-0.17454045,0.47081903,0.024413807,-0.9018607,-0.44342932,-0.67414826,0.44755107,-0.19623978,0.17657067,0.06493668,-0.22408293,-0.048658088,0.2900347,0.41983864,0.12702818,0.8569628,0.34415236,0.11761642,0.48480597,-0.6286581,-0.77676266,-0.22003064,0.513172,-0.15414828,0.27304125,0.32336804,0.52127653,-0.14591299,0.37147263,0.7112112,-0.40643588,0.7967014,0.021930147,0.6964399,0.0038909314,-0.43689337,-0.013886847,-0.28630516,-0.046566583,0.17761642,-0.33623978,0.07761642,0.66964257,-0.011403186,0.0478125,0.08702818,0.83291054,0.5767014,-0.28826594,0.58310664,-0.1763705,-0.3425143,-0.3528411,1.009904,-0.22434436,-0.49663195,0.35147262,0.072387666,0.6581393,0.34519812,-0.56316787,0.16271447,-0.08931168,0.027289623,0.37029615,0.45343342,-0.2046058,0.84898895,0.60323733,0.020622957,-0.230096,0.56820464,0.105459556,-0.3541483,0.22519812,-0.11271038,0.574087,0.35042688,0.19630924,0.2753942,-0.6001614,-0.45519403,-0.014540441,0.113825575,-0.38996527,0.13094975,-0.45061886,-0.1880045,-0.7055208,0.49434844,-0.09728554,0.047289625,0.13291053,-0.3307496,0.5408844,-0.62905025,0.5063746,0.08075368,0.52898896,0.0981393,0.11879289,0.30206087,0.5007537,-0.42434436,-0.18643586,0.21343341,0.41970792,-0.36447507,-0.30094567,0.50598246,-0.7278738,0.4436295,-0.40238357,-0.410096,0.29905432,0.34676674,-0.7749326,-0.2921875,0.2574857,0.47709355,0.011864788,-0.54983455,-0.6619914,-0.36434436,0.6859824,-0.05323325,-0.16774306,0.5234988,0.09918505,-0.40918097,0.46454453,0.12519813,-0.55532473,0.16389093,-0.20708945,-0.22107638,-0.38133782,-0.44146854,-0.23833129,0.10179943,0.50545955,0.024805965,0.1671589,0.008727533,0.3849367,0.47591707,-0.0038214868,0.4097733,0.61670136,0.2787929,0.26951185,0.06715891,-0.2315339,0.098270014,0.024283089,-0.27127248,-0.47872344,0.21944648,0.9692504,0.21382557,-0.18918097,0.14977328,0.7189236,0.29709354,-0.5523182,-0.405913,-0.15976919,0.23186478,-0.12068423,-0.36408293,0.18153799,-0.40068424,-0.04356005,0.6601001,0.09277982,0.11343341,0.46075368,-0.09231822,-0.1639522,-0.43663195,0.02036152,-0.620815,0.14271446,-0.021468546,0.2789236,-0.2693117,-0.6995078,-0.23440972,0.19029616,-0.4563705,-0.39166462,-0.46212214,-0.48983455,-0.7702267,0.92245305,0.32193014,-0.14800449,-0.15297182,-0.73846203,0.034348447,0.75382555,-0.4391156,0.4976164,-0.7567627,0.10637459,0.0063745915,-0.22695874,0.6326491,-0.32826594,-0.13257965,-0.048135214,-0.4804228,0.46467525,-0.19898489,-0.51205677,0.12245303,0.5909498,-0.13127246,0.44206086,0.39238766,-0.20748162,0.31447917,0.7051981,-0.093756124,0.3279432,-0.27401757,0.055263482,0.7126491,-0.16421364,-0.06408293,0.18872753,0.11434845,-0.03440972,-0.31741625,0.40140727,0.08271446,-0.43650123,0.01657067,0.16689746,0.039969362,0.03160335,0.7304269,0.57447916,-0.27689338,-0.19336396,-0.22905025,-0.5680045,-0.057939135,-0.7652594,-0.05101103,0.044675246,-0.67989993,0.8368321,-0.15257965,-0.6429064,0.11774714,-0.051403187,0.7227145,0.43905434,0.27173406,-0.5134947,-0.15950777,0.8380086,0.3410151,-0.30016136,-0.034017567,0.13735498,0.52611315,-0.4908803,0.04258374,0.0650674,0.40062296,0.40062296,0.3471589,-0.71192604,0.013171977,-0.0846058,-0.22826593,0.18140727,-0.02473652,0.4121262,-0.7332333,0.073433414,0.56872755,-0.31793913,-0.41323325,-0.3308803,-0.26473653,0.025590278,-0.123167895,-0.38852736,-0.598462,0.4070282,-0.106305145,0.20258375,0.0045445263,0.21853146,-0.54120713,0.17343341,-0.16356005,-0.3949326,0.049773283,-0.32212213,-0.49532476,0.6041524,-0.39061886,0.26964256,-0.2432986,0.17944649,0.21356413,-0.051795345,0.32402164,0.22938113,-0.11780842,0.16179943,0.33160335,0.06768178,0.6376164,0.40624386,0.60519814,-0.22159927,-0.6736254,0.43277982,0.35709354,-0.01336397,0.2548713,0.16114584,0.017747141,0.1581393,-0.11454044,-0.1370241,-0.048135214,-0.39950776,-0.61127245,-0.5757169,-0.24996528,0.26755106,0.73500204,0.13617851,0.0057209968,-0.57950777,0.39800858,-0.17440972,0.7241524,0.26938114,-0.06133783,0.4828452,-0.46133783,-0.23140319,0.44376022,0.06428309,-0.14800449,-0.2273509,0.7719955,0.3037602,0.93081903,0.34559026,0.5760478,-0.11689338,-0.046305146,-0.3344097,-0.6555862,-0.14708947,-0.3116646,0.09356413,0.42885825,0.22872753,0.09683211,0.45395628,-0.42957312,-0.4391156,-0.34996527,-0.5934947,-0.5432986,0.04925041,0.4471589,0.1774857,-0.3431679,-0.08774306,0.2168321,-0.60695875,-0.66356003,0.4319955,0.041145835,0.09238766,-0.59401757,0.07996936,0.55434847,-0.4447365,0.4603615,0.1842831,-0.79257965,-0.1025143,0.0016687091,0.7105576,-0.42539012,0.20114583,0.12898897,-0.36604372,-0.23924632,0.15081903,-0.08630515,-0.81192607,0.6119955,-0.42303717,-0.6457823,0.1608844,0.22010008,-0.14761233,0.8969628,0.02532884,0.09774714,0.16585171,-0.12630515,-0.23793913,-0.38983455,-0.3783313,-0.554279,-0.58356005,0.6668975,-0.0051286765,-0.78826594,0.8567014,0.03029616,0.7184007,0.3746099,0.5919955,-0.27623978,-0.02342933,-0.5276123,-0.35663193,0.28663602,-0.18395221,-0.20382148,0.02166871,0.2808844,-0.5666973,0.008335376,-0.25349468,-0.23650123,0.2036295,0.21578635,-0.5431679,0.4513419,-0.42525938,-0.37336397,0.5808844,0.17356414,-0.5502267,0.21578635,0.19369486,-0.09166463,0.25003472,0.41604778,0.40075368,0.2649367,-0.1328411,0.04663603,-0.17872345,-0.01715482,-0.14329861,-0.30708945,0.46559027,-0.039246324,0.62402165,0.23225695,0.24637459,-0.25401756,-0.39728555,0.098270014,0.6172243,-0.03846201,0.09787786,-0.39388683,0.015002042,-0.29650122,-0.39114174,-0.3294424,-0.33467117,-0.33584762,-0.40212214,-0.24303718,0.20010008,-0.13035743,-0.40068424,1.0084661,-0.060030635,0.45840073,0.67565566,-0.2129718,-0.17820057,-0.30251428,0.19421773,0.30545956,0.29460987,-0.7536254,0.110949755,-0.017416257,-0.33741626,-0.030357435,-0.32133782,0.22938113,0.5678125,0.2471589,-0.39061886,0.17225695,-0.12839665,-0.3344097,0.08650531,0.21029615,0.31382558,0.22389093,0.2505576,-0.21519403,0.61382556,-0.1721875,-0.7404228,0.03395629,0.05643995,-0.7273509,0.15304126,-0.0025142974,-0.47793913,0.16951184,0.20545956,-0.5202921,0.36480597,-0.42238358,-0.09140319,-0.44421366,0.065721,-0.098069854,0.24872753,0.047681782,0.7082047,-0.53806984,0.2863746,0.1305576,-0.5357169,0.4692504,0.5258517,-0.28918096,-0.095455475,0.7485968,-0.05820057,0.5850674,-0.06996528,-0.19349469,-0.16891953,0.47892362,0.18898897,-0.18395221,-0.1225143,-0.12722018,-0.1370241,-0.46212214,-0.18552083,0.26689747,0.105459556,-0.13166462,0.009250408,0.9170936,-0.28722018,0.20898896,-0.51519406,-0.021207107,-0.06408293,0.37029615,0.3037602,-0.090096,0.056962825,0.15369485,0.189904,0.21147263,-0.47035745,-0.8771548,-0.6558476,-0.0446058,-0.04356005,0.22807394,0.397355,-0.044082925,-0.52016133,0.20336805,0.1319955,-0.22172998,-0.20473652,-0.20931168,-0.14055352,0.6394465,-0.6115339,-0.04342933,0.24441381,0.38820466,0.024283089,-0.30682802,-0.121599264,-0.18774305,-0.24238358,-0.45950776,-0.5349326,-0.8253901,-0.16722018,0.37421772,-0.3210764,0.273172,0.005198121,-0.02604371,-0.5800306,-0.4046058,0.35225695,0.33382556,0.32245302,-0.22891952,0.20728962,0.14101511,0.41565564,-0.35375613,-0.032056782,-0.28695875,0.7470282,0.06415237,-0.8165012,0.17147262,-0.116109066,-0.044475082,-0.97388685,0.11604779,-0.054279003,0.19970793,-0.044997957,-0.20591299,0.33016545,0.13317198,0.39421773,-0.37480187,-0.45885417,-0.24578227,0.052256946,-0.13349469,0.18833537,-0.26591298,-0.78408295,0.22376022,-0.3840829,0.3097733,-0.23793913,0.6961785,-0.61166465,-0.41349468,0.7770935,0.24010009,-0.18212214,-0.04107639,0.13434845,-0.55885416,-0.16617443,-0.12695874,-0.0038214868,-0.13414828,-0.17519404,0.589904,0.5504269,0.31931576,0.44349876,0.11003472,-0.12277573,-0.5855208,-0.022122141,-0.20852737,0.030688317,-0.52813524,0.48768178,0.1229759,0.5769628,-0.158462,-0.21937704,-0.6328411,-0.3728411,0.3697733,-0.52212214,-0.36172998,0.2776164,-0.19061887,0.124805965,0.5484661,-0.78643584,-0.069180965,-0.22486724,-0.30408293,0.7780086,0.0926491,-0.66277575,0.2919955,0.17578636,-1.0030372,0.22532883,-0.47427902,-0.31558618,-0.8724489,-0.05937704,-0.03846201,-0.44552085,-0.58159924,-0.12120711,0.24193014,-1.3676124,0.20454453,-0.69924635,-1.4634293,-0.2370241,-0.67140317,-0.15140319,-0.2418607,-1.4775469,0.2161785,-1.1285274,-0.28499797,0.15774713,0.89173406,0.9287275,-0.15715481,-0.017808415,0.12951185,-0.9362398,-0.10277574,-0.65323323,0.31291053,-0.3108803,-0.04081495,0.764806,0.75121117,-0.8414686,1.0001001,-0.47310254,0.6118648,-1.0792463,0.35173407,1.2628452,-0.22107638,0.113825575,0.0063745915,0.570819,0.30650532,0.10742034,-0.52931166,0.25565565,0.15761642,0.06885825,0.00075367646,-0.6852594,0.7521262,-0.08774306,0.935002,0.43931577,1.008989,-0.48447508,-0.08525939,0.1968321,0.46193016,0.08898897,-0.83192605,0.41225696,-0.3708803,0.83617854,-0.6119261,-0.18499796,0.3623223,-0.27166462,0.30611315,-0.07650123,0.09944649,0.21160334,0.07722426,0.25670138,0.47892362,-0.29205677,-0.67584765,-0.38970384,-0.29323325,-0.83035743,0.11591707,-0.53257966,-0.5108803,0.3326491,0.67657065,1.0862439,0.5417994,0.8853288,0.11983864,-0.124475084,-0.32813522,0.08559028,-0.27114174,-1.026828,0.76114583,0.19212623,0.030688317,-0.21676266,-0.354279,-0.24499796,0.63996935,-0.45388684,-0.14539011,0.16362949,0.19761643,-0.19715482,0.30480596,-0.19074959,0.23944649,0.18637459,-0.26369077,0.5608844,-0.13663195,-1.0000306,-0.6206842,-0.18199143,-0.05806985,0.48977327,0.1608844,0.5441524,-0.4914032,-1.1971549,0.08807394,-0.26303717,-0.11833129,-0.2066973,0.27238765,-0.7694424,0.3607537,-0.10957312,-0.21022671,
0,0,0,0,0,0,0,0,0,0,0,0,0,0,0,0,0,0,0,0,0,0,0,0,0,0,0,0,0,0,0,0,0,0,0,0,0,0,0,0,0,0,0,0,0,0,0,0,0,0,0,0,0,0,0,0,0,0,0,0,0,0,0,0,0,0,0,0,0,0,0,0,0,0,0,0,0,0,0,0,0,0,0,0,0,0,0,0,0,0,0,0,0,0,0,0,0,0,0,0,0,0,0,0,0,0,0,0,0,0,0,0,0,0,0,0,0,0,0,0,0,0,0,0,0,0,0,0,0,0,0,0,0,0,0,0,0,0,0,0,0,0,0,0,0,0,0,0,0,0,0,0,0,0,0,0,0,0,0,0,0,0,0,0,0,0,0,0,0,0,0,0,0,0,0,0,0,0,0,0,0,0,0,0,0,0,0,0,0,0,0,0,0,0,0,0,0,0,0,0,0,0,0,0,0,0,0,0,0,0,0,0,0,0,0,0,0,0,0,0,0,0,0,0,0,0,0,0,0,0,0,0,0,0,0,0,0,0,0,0,0,0,0,0,0,0,0,0,0,0,0,0,0,0,0,0,0,0,0,0,0,0,0,0,0,0,0,0,0,0,0,0,0,0,0,0,0,0,0,0,0,0,0,0,0,0,0,0,0,0,0,0,0,0,0,0,0,0,0,0,0,0,0,0,0,0,0,0,0,0,0,0,0,0,0,0,0,0,0,0,0,0,0,0,0,0,0,0,0,0,0,0,0,1,0,0,0,0,0,0,0,0,0,0,0,0,0,0,0,0,0,0,0,0,0,0,0,0,0,0,0,0,0,0,0,0,0,0,0,0,0,0,0,0,0,0,0,0,0,0,0,0,0,0,0,0,0,0,0,0,0,0,0,0,0,0,0,0,0,0,0,0,0,0,0,0,0,0,0,0,0,0,0,0,0,0,0,0,0,0,0,0,0,0,0,0,0,0,0,0,0,0,0,0,0,0,0,0,0,0,0,0,0,0,0,0,0,0,0,0,0,0,0,0,0,0,0,0,0,0,0,0,0,0,0,0,0,0,0,0,0,0,0,0,0,0,0,0,0,0,0,0,0,0,0,0,0,0,0,0,0,0,0,0,0,0,0,0,0,0,0,0,0,0,0,0,0,0,0,0,0,0,0,0,0,0,0,0,0,0,0,0,0,0,0,0,0,0,0,0,0,0,0,0,0,0,0,0,0,0,0,0,0,0,0,0,0,0,0,0,0,0,0,0,0,0,0,0,0,0,0,0,0,0,0,0,0,0,0,0,0,0,0,0,0,0,0,0,0,0,0,0,0,0,0,0,0,0,0,0,0,0,0,0,0,0,0,0,0,0,0,0,0,0,0,0,0,0,0,0,0,0,0,0,0,0,0,0,0,0,0,0,0,0,0,0,0,0,0,0,0,0,0,0,0,0,0,0,0,0,0,0,0,0,0,0,0,0,0,0,0,0,0,0,0,0,0,0,0,0,0,0,0,0,0,0,0,0,0,0,0,0,0,0,0,0,0,0,0,0,0,0,0,0,0,0,0,0,0,0,0,0,0,0,0,0,0,0,0,0,0,0,0,0,0,0,0,0,0,0,0,0,0,0,0,0,0,0,0,0,0,0,0,0,0,0,0,0,0,0,0,0,0,0,0,0,0,0,0,0,0,0,0,0,0,0,0,0,0,0,0,0,0,0,0,0,0,0,0,0,0,0,0,0,0,0,0,0,0,0,0,0,0,0,0,0,0,0,0,0,0,0,0,0,0,0,0,0,0,0,0,0,0,0,0,0,0,0,0,0,0,0,0,0,0,0,0,0,0,0,0,0,0,0,0,0,0,0,0,0,0,0,0,0,0,0,0,0,0,0,0,0,0,0,0,0,0,0,0,0,0,0,0,0,0,0,0,0,0,0,0,0,0,0,0,0,0,0,0,0,0,0,0,0,0,0,0,0,0,0,0,0,0,0,0,0,0,0,0,0,0,0,0,0,0,0,0,0,0,0,0,0,0,0,0,0,0,0,0,0,0,0,0,0,0,0,0,0,0,0,0,0,0,0,0,0,0,0,0,0,0,0,0,0,0,0,0,0,0,0,0,0,0,0,0,0,0,0,0,0,0,0,0,0,0,0,0,0,0,0,0,0,0,0,0,0,0,0,0,0,0,0,0,0,0,0,0,0,0,0,0,0,0,0,0,0,0,0,0,0,0,0,0,0,0,0,0,0,0,0,0,0,0,0,0,0,0,0,0,0,0,0,0,0,0,0,0,0,0,0,0,0,0,0,0,0,0,0,0,0,0,0,0,0,0,0,0,0,0,0,0,0,0,0,0,0,0,0,0,0,0,0,0,0,0,0,0,0,0,0,0,0,0,0,0,0,0,0,0,0,0,0,0,0,0,0,0,0,0,0,0,0,0,0,0,0,0,0,0,0,0,0,0,0,0,0,0,0,0,0,0,0,0,0,0,0,0,0,0,0,0,0,0,0,0,0,0,0,0,0,0,0,0,0,0,0,0,0,0,0,0,0,0,0,0,0,0,0,0,0,0,0,0,0,0,0,0,0,0,0,0,0,0,0,0,0,0,0,0,0,0,0,0,0,0,0,0,0,0,0,0,0,0,0,0,0,0,0,0,0,0,0,0,0,0,0,0,0,0,0,0,0,0,0,0,0,0,0,0,0,0,0,0,0,0,0,0,0,0,0,0,0,0,0,0,0,0,0,0,0,0,0,0,0,0,0,0,0,0,0,0,0,0,0,0,0,0,0,0,0,0,0,0,0,0,0,0,0,0,0,0,0,0,0,0,0,0,0,0,0,0,0,0,0,0,0,0,0,0,0,0,0,0,0,0,0,0,0,0,0,0,0,0,0,0,0,0,0,0,0,0,0,0,0,0,0,0,0,0,0,0,0,0,0,0,0,0,0,0,0,0,0,0,0,0,0,0,0,0,0,0,0,0,0,0,0,0,0,0,0,0,0,0,0,0,0,0,0,0,0,0,0,0,0,0,0,0,0,0,0,0,0,0,0,0,0,0,0,0,0,0,0,0,0,0,0,0,0,0,0,0,0,0,0,0,0,0,0,0,0,0,0,0,0,0,0,0,0,0,0,0,0,0,0,0,0,0,0,0,0,0,0,0,0,0,0,0,0,0,0,0,0,0,0,0,0,0,0,0,0,0,0,0,0,0,0,0,0,0,0,0,0,0,0,0,0,0,0,0,0,0,0,0,0,0,0,0,0,0,0,0,0,0,0,0,0,0,0,0,0,0,0,0,0,0,0,0,0,0,0,0,0,0,0,0,0,0,0,0,0,0,0,0,0,0,0,0,0,0,0,0,0,0,0,0,0,0,0,0,0,0,0,0,0,0,0,0,0,0,0,0,0,0,0,0,0,0,0,0,0,0,0,0,0,0,0,0,0,0,0,0,0,0,0,0,0,0,0,0,0,0,0,0,0,0,0,0,0,0,0,0,0,0,0,0,0,0,0,0,0,0,0,0,0,0,0,0,0,0,0,0,0,0,0,0,0,0,0,0,0,0,0,0,0,0,0,0,0,0,0,0,0,0,0,0,0,0,0,0,0,0,0,0,0,0,0,0,0,0,0,0,0,0,0,0,0,0,0,0,0,0,0,0,0,0,0,0,0,0,0,0,0,0,0,0,0,0,0,0,0,0,0,0,0,0,0,0,0,0,0,0,0,0,0,0,0,0,0,0,0,0,0,0,0,0,0,0,0,0,0,0,0,0,0,0,0,0,0,0,0,0,0,0,0,0,0,0,0,0,0,0,0,0,0,0,0,0,0,0,0,0,0,0,0,0,0,0,0,0,0,0,0,0,0,0,0,0,0,0,0,0,0,0,0,0,0,0,0,0,0,0,0,0,0,0,0,0,0,0,0,0,0,0,0,0,0,0,0,0,0,0,0,0,0,0,0,0,0,0,0,0,0,0,0,0,0,0,0,0,0,0,0,0,0,0,0,0,0,0,0,0,0,0,0,0,0,0,0,0,0,0,0,0,0,0,0,0,0,0,0,0,0,0,0,0,0,0,0,0,0,0,0,0,0,0,0,0,0,0,0,0,0,0,0,0,0,0,0,0,0,0,0,0,0,0,0,0,0,0,0,0,0,0,0,0,0,0,0,0,0,0,0,0,0,0,0,0,0,0,0,0,0,0,0,0,0,0,0,0,0,0,0,0,0,0,0,0,0,0,0,0,0,0,0,0,0,0,0,0,0,0,0,0,0,0,0,0,0,0,0,0,0,0,0,0,0,0,0,0,0,0,0,0,0,0,0,0,0,0,0,0,0,0,0,0,0,0,0,0,0,0,0,0,0,0,0,0,0,0,0,0,0,0,0,0,0,0,0,0,0,0,0,0,0,0,0,0,0,0,0,0,0,0,0,0,0,0,0,0,0,0,0,0,0,0,0,0,0,0,0,0,0,0,0,0,0,0,0,0,0,0,0,0,0,0,0,0,0,0,0,0,0,0,0,0,0,0,0,0,0,0,0,0,0,0,0,0,0,0,0,0,0,0,0,0,0,0,0,0,0,0,0,0,0,0,0,0,0,0,0,0,0,0,0,0,0,0,0,0,0,0,0,0,0,0,0,0,0,0,0,0,0,0,0,0,0,0,0,0,0,0,0,0,0,0,0,0,0,0,0,0,0,0,0,0,0,0,0,0,0,0,0,0,0,0,0,0,0,0,0,0,0,0,0,0,0,0,0,0,0,0,0,0,0,0,0,0,0,0,0,0,0,0,0,0,0,0,0,0,0,0,0,0,0,0,0,0,0,0,0,0,0,0,0,0,0,0,0,0,0,0,0,0,0,0,0,0,0,0,0,0,0,0,0,0,0,0,0,0,0,0,0,0,0,0,0,0,0,0,0,0,0,0,0,0,0,0,0,0,0,0,0,0,0,0,0,0,0,0,0,0,0,0,0,0,0,0,0,0,0,0,0,0,0,0,0,0,0,0,0,0,0,0,0,0,0,0,0,0,0,0,0,0,0,0,0,0,0,0,0,0,0,0,0,0,0,0,0,0,0,0,0,0,0,0,0,0,0,0,0,0,0,0,0,0,0,0,0,0,0,0,0,0,0,0,0,0,0,0,0,0,0,0,0,0,0,0,0,0,0,0,0,0,0,0,0,0,0,0,0,0,0,0,0,0,0,0,0,0,0,0,0,0,0,0,0,0,0,0,0,0,0,0,0,0,0,0,0,0,0,0,0,0,0,0,0,0,0,0,0,0,0,0,0,0,0,0,0,0,0,0,0,0,0,0,0,0,0,0,0,0,0,0,0,0,0,0,0,0,0,0,0,0,0,0,0,0,0,0,0,0,0,0,0,0,0,0,0,0,0,0,0,0,0,0,0,0,0,0,0,0,0,0,0,0,0,0,0,0,0,0,0,0,0,0,0,0,0,0,0,0,0,0,0,0,0,0,0,0,0,0,0,0,0,0,0,0,0,0,0,0,0,0,0,0,0,0,0,0,0,0,0,0,0,0,0,0,0,0,0,0,0,0,0,0,0,0,0,0,0,0,0,0,0,0,0,0,0,0,0,0,0,0,0,0,0,0,0,0,0,0,0,0,0,0,0,0,0,0,0,0,0,0,0,0,0,0,0,0,0,0,0,0,0,0,0,0,0,0,0,0,0,0,0,0,0,0,0,0,0,0,0,0,0,0,0,0,0,0,0,0,0,0,0,0,0,0,0,0,0,0,0,0,0,0,0,0,0,0,0,0,0,0,0,0,0,0,0,0,0,0,0,0,0,0,0,0,0,0,0,0,0,0,0,0,0,0,0,0,0,0,0,0,0,0,0,0,0,0,0,0,0,0,0,0,0,0,0,0,0,0,0,0,0,0,0,0,0,0,0,0,0,0,0,0,0,0,0,0,0,0,0,0,0,0,0,0,0,0,0,0,0,0,0,0,0,0,0,0,0,0,0,0,0,0,0,0,0,0,0,0,0,0,0,0,0,0,0,0,0,0,0,0,0,0,0,0,0,0,0,0,0,0,0,0,0,0,0,0,0,0,0,0,0,0,0,0,0,0,0,0,0,0,0,0,0,0,0,0,0,0,0,0,0,0,0,0,0,0,0,0,0,0,0,0,0,0,0,0,0,0,0,0,0,0,0,0,0,0,0,0,0,0,0,0,0,0,0,0,0,0,0,0,0,0,0,0,0,0,0,0,0,0,0,0,0,0,0,0,0,0,0,0,0,0,0,0,0,0,0,0,0,0,0,0,0,0,0,0,0,0,0,0,0,0,0,0,0,0,0,0,0,0,0,0,0,0,0,0,0,0,0,0,0,0,0,0,0,0,0,0,0,0,0,0,0,0,0,0,0,0,0,0,0,0,0,0,0,0,0,0,0,0,0,0,0,0,0,0,0,0,0,0,0,0,0,0,0,0,0,0,0,0,0,0,0,0,0,0,0,0,0,0,0,0,0,0,0,0,0,0,0,0,0,0,0,0,0,0,0,0,0,0,0,0,0,0,0,0,0,0,0,0,0,0,0,0,0,0,0,0,0,0,0,0,0,0,0,0,0,0,0,0,0,0,0,0,0,0,0,0,0,0,0,0,0,0,0,0,0,0,0,0,0,0,0,0,0,0,0,0,0,0,0,0,0,0,0,0,0,0,0,0,0,0,0,0,0,0,0,0,0,0,0,0,0,0,0,0,0,0,0,0,0,0,0,0,0,0,0,0,0,0,0,0,0,0,0,0,0,0,0,0,0,0,0,0,0,0,0,0,0,0,0,0,0,0,0,0,0,0,0,0,0,0,0,0,0,0,0,0,0,0,0,0,0,0,0,0,0,0,0,0,0,0,0,0,0,0,0,0,0,0,0,0,0,0,0,0,0,0,0,0,0,0,0,0,0,0,0,0,0,0,0,0,0,0,0,0,0,0,0,0,0,0,0,0,0,0,0,0,0,0,0,0,0,0,0,0,0,0,0,0,0,0,0,0,0,0,0,0,0,0,0,0,0,0,0,0,0,0,0,0,0,0,0,0,0,0,0,0,0,0,0,0,0,0,0,0,0,0,0,0,0,0,0,0,0,0,0,0,0,0,0,0,0,0,0,0,0,0,0,0,0,0,0,0,0,0,0,0,0,0,0,0,0,0,0,0,0,0,0,0,0,0,0,0,0,0,0,0,0,0,0,0,0,0,0,0,0,0,0,0,0,0,0,0,0,0,0,0,0,0,0,0,0,0,0,0,0,0,0,0,0,0,0,0,0,0,0,0,0,0,0,0,0,0,0,0,0,0,0,0,0,0,0,0,0,0,0,0,0,0,0,0,0,0,0,0,0,0,0,0,0,0,0,0,0,0,0,0,0,0,0,0,0,0,0,0,0,0,0,0,0,0,0,0,0,0,0,0,0,0,0,0,0,0,0,0,0,0,0,0,0,0,0,0,0,0,0,0,0,0,0,0,0,0,0,0,0,0,0,0,0,0,0,0,0,0,0,0,0,0,0,0,0,0,0,0,0,0,0,0,0,0,0,0,0,0,0,0,0,0,0,0,0,0,0,0,0,0,0,0,0,0,0,0,0,0,0,0,0,0,0,0,0,0,0,0,0,0,0,0,0,0,0,0,0,0,0,0,0,0,0,0,0,0,0,0,0,0,0,0,0,0,0,0,0,0,0,0,0,0,0,0,0,0,0,0,0,0,0,0,0,0,0,0,0,0,0,0,0,0,0,0,0,0,0,0,0,0,0,0,0,0,0,0,0,0,0,0,0,0,0,0,0,0,0,0,0,0,0,0,0,0,0,0,0,0,0,0,0,0,0,0,0,0,0,0,0,0,0,0,0,0,0,0,0,0,0,0,0,0,0,0,0,0,0,0,0,0,0,0,0,0,0,0,0,0,0,0,0,0,0,0,0,0,0,0,0,0,0,0,0,0,0,0,0,0,0,0,0,0,0,0,0,0,0,0,0,0,0,0,0,0,0,0,0,0,0,0,0,0,0,0,0,0,0,0,0,0,0,0,0,0,0,0,0,0,0,0,0,0,0,0,0,0,0,0,0,0,0,0,0,0,0,0,0,0,0,0,0,0,0,0,0,0,0,0,0,0,0,0,0,0,0,0,0,0,0,0,0,0,0,0,0,0,0,0,0,0,0,0,0,0,0,0,0,0,0,0,0,0,0,0,0,0,0,0,0,0,0,0,0,0,0,0,0,0,0,0,0,0,0,0,0,0,0,0,0,0,0,0,0,0,0,0,0,0,0,0,0,0,0,0,0,0,0,0,0,0,0,0,0,0,0,0,0,0,0,0,0,0,0,0,0,0,0,0,0,0,0,0,0,0,0,0,0,0,0,0,0,0,0,0,0,0,0,0,0,0,0,0,0,0,0,0,0,0,0,0,0,0,0,0,0,0,0,0,0,0,0,0,0,0,0,0,0,0,0,0,0,0,0,0,0,0,0,0,0,0,0,0,0,0,0,0,0,0,0,0,0,0,0,0,0,0,0,0,0,0,0,0,0,0,0,0,0,0,0,0,0,0,0,0,0,0,0,0,0,0,0,0,0,0,0,0,0,0,0,0,0,0,0,0,0,0,0,0,0,0,0,0,0,0,0,0,0,0,0,0,0,0,0,0,0,0,0,0,0,0,0,0,0,0,0,0,0,0,0,0,0,0,0,0,0,0,0,0,0,0,0,0,0,0,0,0,0,0,0,0,0,0.88136506,0.3340129,-0.36896688,0.28985664,-0.9357107,-0.23872139,-1.2819204,-0.50829065,0.31591812,-0.8270802,0.18215246,0.66916806,0.2279144,-0.45641476,-1.0240849,-0.2374245,0.5964183,-0.41120866,0.30504888,-0.586969,0.72925764,0.78014535,-0.2122894,-0.17097397,0.3094336,0.50075674,-0.76804054,-0.0969891,0.5279916,-0.28627425,0.08556455,-0.10347359,-0.21346278,-0.28016034,0.5544853,-0.31548533,0.31968528,-0.2878182,0.8220166,-0.9835107,0.06320851,-1.2751272,-0.010714596,0.6013589,-0.14750633,0.5807938,-0.59629434,1.0060524,-0.4389993,0.4880348,-0.115392685,-0.6335338,0.0049099214,0.06302325,-0.06543129,0.29516774,0.5085999,0.80274844,-0.68429804,-0.83202076,-0.63402784,-0.5009416,1.1686586,-0.6578043,0.40441588,0.70196104,-0.59913516,-0.8300445,0.17986746,-0.26811773,-0.80311847,0.5149609,-1.083557,-0.5340433,-0.2918324,0.7811952,-0.006700392,-0.2655857,-0.076362275,0.9165048,-0.79366964,0.3654472,0.1373169,0.8420876,0.10298002,-1.0922647,0.4701253,-0.2648446,-0.25397536,0.09075213,0.11916035,0.47864777,0.11174951,-0.09507464,-0.66521513,0.34142375,0.9244097,-0.6600893,1.167547,-0.396634,-0.93052316,0.025289727,0.5220629,0.0009574745,1.0444653,0.9822142,0.22840846,0.4927901,0.16232848,0.66756237,-0.90952575,0.39015,-0.40663862,0.21957721,-0.32419306,-0.05079488,0.35538083,-0.63915366,-0.050733123,-0.58647496,-0.53725463,-0.21167183,-0.13997197,0.58116436,0.3542692,-0.19938219,-0.6797898,-0.85913205,0.67163837,0.1620197,0.41652024,-0.52335936,-0.43331766,1.1049254,0.6062377,0.038073424,-0.22655526,-0.97443235,0.35791287,-0.25286373,0.11601074,-0.1512735,0.31499174,0.66027504,-0.4142965,-0.3221551,-0.40058646,0.26033682,0.53935486,-0.5730737,0.28324866,0.17857057,0.14386314,-0.35050154,1.0568167,0.10526502,0.9927129,-0.68794173,-0.32481062,1.0644128,0.32505813,0.23600456,-0.2718849,0.75649244,-0.019360574,0.36946142,-0.72493416,-0.44986853,-0.012752577,-0.18628971,0.31381837,0.64390945,0.3881738,-0.24619399,-0.6537901,-0.3456845,0.5386138,0.26885927,0.22519709,-1.2325766,0.81120914,1.4807783,0.5828318,0.032268267,-0.4091089,-0.35000747,-0.26076862,0.45561242,-0.8406667,0.5388608,0.32271138,-0.64360017,0.40095747,0.35087255,0.18073206,0.46506122,0.2536053,-0.595615,0.39885774,0.45709458,0.21136352,-0.5110697,-0.3962017,-0.18381943,-0.7444494,-0.13886034,1.2341827,0.023251746,0.26632723,0.51743114,-0.22371444,0.83714706,0.8733984,0.94386315,-0.015284613,-0.08469947,-0.64304435,0.22859372,-0.022880722,-0.47166875,0.06691393,-0.44350755,-0.15707865,-0.42368355,-0.8410373,0.73580384,0.25681666,-0.09908884,0.8725956,-0.7490194,-0.39039654,0.17776772,0.87265736,-0.9983941,-0.13799575,0.60197645,0.007874257,0.17097446,0.5637489,0.06012067,0.4155321,-0.18591917,-0.05196826,0.08365008,-0.07247158,0.051598202,0.18678425,-0.6276669,0.26577142,0.062035132,-0.7485253,-0.48772556,-0.49235734,0.69232696,0.16350186,-0.533858,-0.15757272,0.686213,0.39743733,-0.1472593,0.42757472,-0.5408366,-0.5260767,-0.32981294,0.3265403,0.49204904,-0.20629898,-0.7559979,-0.10649968,0.03918505,0.10050973,-0.036961313,0.28003728,-0.50372064,1.1734756,0.3414855,-0.85647655,0.05622998,-0.3422261,0.12416266,0.013864685,-0.5946269,0.07339842,0.07963587,0.1801145,-0.8553649,-0.6082134,-0.75161314,0.28843623,0.55967295,-0.6788634,-0.49822426,0.5940098,-0.62859327,-0.39194047,0.47179273,0.2912153,-0.71628815,0.30338144,1.0231591,0.25261718,-0.044680938,0.18406694,-0.36841106,0.43807343,-0.22772865,-0.2710203,-0.8861199,-0.18276957,0.035417873,-0.058699775,-0.5257061,-0.41133216,0.31326255,-0.41843423,0.17640907,0.045793045,-0.055179626,-0.67997503,0.5614639,0.029612716,0.1355877,0.9152697,0.8014515,-0.32314318,0.45709458,-0.6137098,0.37495777,-0.13527843,0.5041534,0.051104147,0.36396503,-0.3007254,1.004879,0.6086462,-0.199938,-0.41929883,-0.7924345,-0.088775426,0.28392798,-0.11174902,-0.90439993,-0.37718055,0.20166768,0.049930766,0.08636738,-1.3490503,-1.2447428,-0.11817175,0.16214322,-0.92323583,0.41380292,0.23551051,0.16973932,-0.06221992,0.36248288,-0.42627737,0.77829266,0.59592426,-0.9596107,0.82640135,0.62007123,0.8622204,0.0020073433,0.48939347,0.48284724,0.7255522,-0.03436752,0.6408834,-0.050053798,-0.63859785,0.8692607,-0.00083347806,-1.3016826,0.3321602,0.053389154,0.62081236,0.37773684,0.46561703,0.41719955,-0.52132136,-0.10168263,-0.23760976,0.21278393,0.31171864,0.21593355,0.13015309,-0.01861949,-0.6335956,-0.3011577,-0.8035508,-0.77341336,-0.29479674,-0.17727318,0.164737,-0.026524384,0.222171,0.5576967,0.19938268,-0.16702153,-0.2899797,0.4511659,0.48729375,-0.15936366,-0.10822888,-0.22007078,0.7267256,0.7224026,-0.013555417,0.57412404,0.33450696,-0.30665407,-0.28676832,0.40441588,0.7337041,0.35643068,-0.37576014,0.6361898,-0.7034427,-0.8348616,-0.06141708,1.0248883,-0.5014974,0.10217717,-0.2754668,-0.38662937,-1.2229425,0.343647,-0.65984225,-0.17264141,-0.7133856,0.5572644,0.26472157,-0.9350314,-0.22000903,1.2606148,0.24798542,-0.17702615,-0.18017577,0.06975476,0.60988134,-0.0022538889,-0.62328213,0.64428,0.14429544,-0.19901165,0.5566468,-0.5884512,-1.1086303,-0.053326916,0.56263727,-0.2968347,-0.6445883,0.4467194,-0.08599636,-0.01411123,0.04881914,0.8972984,-0.17190033,0.66058385,-0.59524447,-0.31332383,1.0356958,-0.48229095,0.90810585,-0.3433377,0.10668544,-0.019051788,0.15306494,0.50131255,0.0058362763,-0.24199452,0.46407312,-0.050486095,-0.38434437,-0.82244843,0.26805645,0.26144844,-0.71560884,0.28800395,0.17554447,-0.5973442,-0.5431216,0.28695408,-0.2365599,0.6867071,0.48988754,-0.091492735,-0.6354483,0.015161581,0.52200115,-0.5349079,0.5436161,-0.63921547,-0.53515494,0.14170165,-0.5518911,0.14929776,0.91953087,0.24780014,-0.6523697,-0.49445707,-0.051659476,0.9326234,0.17258014,0.20512608,0.07000179,0.34809348,0.61006665,0.81133264,-0.2052491,0.041346543,-0.29695824,0.014544011,-0.28053087,-0.08389662,-0.6513198,0.15473238,-0.22427025,-0.2140186,-0.6578043,-0.12589137,0.31184214,-0.08334081,-0.61902094,0.04042019,0.36495316,0.2783081,0.27849337,0.1717773,0.5452218,0.64434177,1.2005869,-0.018125433,0.13138823,0.08556455,0.39268205,-0.13429032,-0.048262842,-0.35321885,0.37940428,0.16831891,-0.109340504,0.029242175,0.208955,-0.45221528,-0.5665275,0.051968746,-0.0046006544,-0.09433355,0.72894883,-0.6192062,-0.24440303,0.008800612,0.28763342,-0.1499766,0.79638743,0.45555064,-0.36211184,0.65842235,-0.87809145,-0.12187717,0.17227136,-0.40274796,0.09359296,0.28930083,0.035541385,0.7727963,0.0652465,0.30727214,-0.01966936,0.1532502,-0.5073025,-0.05777342,0.47290435,0.7466731,0.31455946,-1.1900878,0.49056685,-0.3753896,-0.022818966,0.22439425,0.04894265,-0.047707032,-0.26601797,-0.79613996,-0.24798493,-0.19345352,0.0471517,0.43986437,0.21951544,0.6101284,-0.3028869,-0.4213368,0.577706,-0.681272,0.22359142,0.100077435,-0.23285447,-0.6435384,0.6637334,0.3375948,0.52428615,0.45567417,-0.014852314,0.18610492,-0.25761902,-0.22007078,0.43424448,0.341609,0.4338122,0.24372418,-0.24662629,-0.044310395,-0.792558,0.3180796,0.37174642,0.027018923,-0.5024237,-0.19400933,0.08000642,-0.1729502,-0.6142656,-0.02108977,0.6358193,-1.1397558,0.51811045,0.27157658,0.36668235,-0.06975427,-0.4434458,0.40836832,0.23631334,0.85567415,-0.05221529,-0.6080899,-1.2310944,0.079882905,0.3618653,0.13101768,0.14744505,-0.39428723,0.33740953,0.8438168,-0.076053485,0.6303847,0.06654339,-0.32178453,-0.5715298,0.14540707,0.059379585,-0.22408499,-0.08828137,-0.54485077,-0.98678374,0.26941508,-0.0725951,0.07642451,0.48371184,0.34957567,0.35803637,0.5418252,0.7018993,-0.16152516,0.48926997,0.07037233,0.55924064,0.12206292,-0.17900239,0.6280379,0.074880585,-0.2290873,0.5221247,0.21049893,-0.5975295,-0.06283749,-0.2353865,0.5086617,0.43214476,-0.09995344,-0.22278808,-0.21068372,-0.10106507,0.16239023,0.051104147,-1.0509492,-0.31511477,0.01170319,0.42899513,0.40657735,0.4688284,-0.365632,-0.8434458,-0.12422394,-0.011579194,0.52230996,-0.0007099641,0.0052804635,0.7246258,-0.11360174,0.13225283,0.2959706,0.25644612,-0.5399102,0.19153954,-0.38959372,-0.5917861,0.39700502,0.047398727,0.45345092,0.12317455,0.36205056,0.47364545,-0.4619729,-0.15436135,0.01151792,0.064073116,-0.11990095,-0.53916913,0.3078897,-0.48414364,-0.23847435,0.0018838294,-0.5670833,-0.4135554,-0.33228323,-0.4662959,0.28516313,-0.6589777,-0.36464387,-0.13342573,0.007256687,-0.31949952,0.12743579,0.46635813,0.12780632,0.09143146,0.6825693,-0.3136326,-0.72530466,-0.26249784,-0.4671605,0.24545339,-0.5819667,-0.15331148,-0.48896068,-0.33987933,0.31591812,-0.068580896,-0.23291624,0.09211078,-0.27268773,-0.4513507,-0.1341668,-0.38033015,0.17344473,-0.5736913,-0.503103,0.31659743,0.23032293,-0.02948872,-0.34401706,-0.39082885,0.0250427,0.93324095,0.23557226,0.19944443,0.28960964,0.16652796,1.1117804,-0.3607532,0.090011045,-0.23791856,-0.1463947,0.5043387,-0.10390589,-0.01985463,-0.7697697,0.030106772,-0.86092305,-0.21241291,-0.38212112,0.5532502,-0.11854229,-0.12230947,-0.89464235,-0.021336798,0.23940119,-0.2105602,0.15275614,0.34296766,-0.20024678,-0.21741523,-0.45771167,-0.68244535,0.5607846,-0.46049073,0.20148242,0.8705576,-0.26811773,0.31702974,0.25082624,0.44128478,-0.20314936,0.8491897,-0.5954915,-0.39224926,-0.4922338,0.13632879,0.30424604,0.042766955,-0.31709102,0.392435,0.24755313,0.35673946,0.21173407,-0.5291645,-0.305913,0.31079227,0.6540376,-0.046718918,-0.3427819,-0.20376694,-0.9015591,0.48476171,-0.56658924,-0.033935223,-0.3175233,-0.1861662,-0.05345043,0.14917424,-0.1384898,0.28226054,-0.34821653,-0.68621254,0.15609102,0.15016235,-0.20086436,-1.0079664,0.28930083,-0.38187408,0.011456162,0.6653391,-0.18598092,0.34210306,-0.37829217,0.7413002,0.34228835,0.44332278,0.35501027,0.90662366,0.040728975,-0.30955666,0.41219723,0.06499947,-0.59641784,-0.74315244,0.05518011,-0.07957364,0.07728911,-0.009108914,-0.37174594,-0.17430885,-0.11323119,-0.14497429,-0.18820417,-0.63594234,-0.7341359,0.30955714,-0.22056484,-0.12119784,-0.075312406,0.15510291,1.2398026,-0.4134319,0.21074596,-0.052400563,0.18906926,-0.07716511,0.037826397,0.44560778,0.24310662,-0.40169808,0.12045724,0.11131721,-0.31252098,-0.3684728,-0.31227395,-0.25798956,-1.091153,0.0001546337,-0.22982839,-0.412135,0.3942877,0.082908995,0.17715016,0.18233775,0.72197026,-0.39873374,-0.4015128,0.23594281,-0.011640951,-0.28954738,0.022881204,0.07136044,-0.16708328,-0.35377467,0.055797677,-0.36408806,-0.04715122,0.12718876,0.6870776,0.2788639,-0.081055805,-0.48469946,-0.4067004,-0.013617174,0.2576195,0.20611419,0.29004192,0.024363372,0.43171245,0.12792984,0.27194712,-0.06814859,-0.49044287,-0.08568758,-0.12558259,0.70467836,-0.33537108,-0.013308389,-0.2549635,-0.43733186,-0.29059726,-0.18332537,0.16504578,-0.4659871,0.4501778,0.036344226,0.08704671,0.5762238,0.46876666,0.2460092,-0.07796796,-0.14275104,-0.04912744,0.025474997,0.16492227,0.36279166,-0.0651225,0.08315603,0.6453299,0.043816824,-0.25675443,-0.26892054,-0.048386358,0.21074596,-0.0010187491,0.37001723,-0.60419923,0.91415805,-0.28226006,-0.7814418,-0.39385495,-0.30338097,0.4356649,-0.986475,0.24304485,0.28269285,0.12749754,-0.33092457,-0.07592998,-1.0014819,-0.22266458,-0.5388603,0.39305258,-0.02454816,0.81133264,-0.577582,0.053944968,0.20154417,-0.14775334,-0.26774716,-0.030415075,0.13398202,-0.30653057,-0.29652593,0.19820929,0.20994312,-0.4435693,0.32493463,0.28973314,0.3027021,-0.060984783,0.40700966,-0.11965392,-0.14207171,0.03424449,0.18079382,0.2557668,-0.22859325,0.31838837,0.027265951,0.5119965,0.28602773,-0.5851781,-0.46518427,-0.53626657,0.11137897,-0.14089832,0.070187055,0.02071971,0.06691393,-0.862714,-0.11329295,-0.1460859,-0.21154831,-0.18449876,0.13737866,-0.46209642,0.32919586,0.15220034,-0.18258429,-0.4519065,0.98993385,-0.5154545,-1.0974523,0.22544412,0.34123847,0.591416,-0.87525064,-0.11798648,1.0357575,0.060614724,1.143153,0.6713913,-0.5583138,-1.041377,-0.33987933,0.07765965,-0.2224793,-0.07642403,-0.044001613,0.7551338,0.633349,-0.50693196,0.3061605,0.0011427455,0.3758224,0.6778758,-0.017446108,-0.044989724,-0.520395,0.15220034,0.659287,-0.06586359,0.1041534,0.0006486896,-0.14627118,-0.32623103,-0.22402322,0.5496683,-0.16794789,0.5838199,0.33950928,0.21945369,-0.19851759,1.2317125,-0.80527997,0.13700812,-0.83029157,0.39743733,0.3645826,0.5631931,0.12045724,0.33598912,-0.717338,-0.17881711,-1.054593,-0.14583889,0.30276388,-0.54657996,0.68942434,-0.058452748,-0.35118085,-0.88642865,0.32814598,-0.91520745,0.11798696,-0.59888816,0.9035976,-0.16368665,-0.59901166,0.045669533,-0.4464719,0.301714,-0.49729788,-0.13651358,-0.24779966,1.1404973,0.16374889,-0.49316016,0.22167695,0.073213145,-0.08865191,-0.116380796,0.17616205,0.4187435,0.03918505,0.75247824,-0.28559494,-0.14515956,-0.30566597,0.66058385,0.062220406,0.028192306,-0.50989634,-0.047830544,-0.4963098,-0.044804454,0.4646907,0.24397121,-0.69170886,-0.08908421,0.7177708,-0.18851297,-0.54614764,0.33697724,0.13676108,-0.0002159082,-0.16084583,-0.12249474,0.014914554,-0.29831687,0.010282779,0.72530514,1.0245795,0.22674102,0.10897044,0.09359296,0.06450541,0.49291363,0.68701583,-0.61537725,0.17486514,0.09865703,-0.3673612,-0.43609673,0.7664353,-0.17702615,0.3577276,0.29220343,
0,0,0,0,0,0,0,0,0,0,0,0,0,0,0,0,0,0,0,0,0,0,0,0,0,0,0,0,0,0,0,0,0,0,0,0,0,0,0,0,0,0,0,0,0,0,0,0,0,0,0,0,0,0,0,0,0,0,0,0,0,0,0,0,0,0,0,0,0,0,0,0,0,0,0,0,0,0,0,0,0,0,0,0,0,0,0,0,0,0,0,0,0,0,0,0,0,0,0,0,0,0,0,0,0,0,0,0,0,0,0,0,0,0,0,0,0,0,0,0,0,0,0,0,0,0,0,0,0,0,0,0,0,0,0,0,0,0,0,0,0,0,0,0,0,0,0,0,0,0,0,0,0,0,0,0,0,0,0,0,0,0,0,0,0,0,0,0,0,0,0,0,0,0,0,0,0,0,0,0,0,0,0,0,0,0,0,0,0,0,0,0,0,0,0,0,0,0,0,0,0,0,0,0,0,0,0,0,0,0,0,0,0,0,0,0,0,0,0,0,0,0,0,0,0,0,0,0,0,0,0,0,0,0,0,0,0,0,0,0,0,0,0,0,0,0,0,0,0,0,0,0,0,0,0,0,0,0,0,0,0,0,0,0,0,0,0,0,0,0,0,0,0,0,0,0,0,0,0,0,0,0,0,0,0,0,0,0,0,0,0,0,0,0,0,0,0,0,0,0,0,0,0,0,0,0,0,0,0,0,0,0,0,0,0,0,0,0,0,0,0,0,0,0,0,0,0,0,0,0,0,0,0,0,0,0,0,0,0,0,0,0,0,0,0,0,0,0,0,0,0,0,0,0,0,0,0,0,0,0,0,0,0,0,0,0,0,0,0,0,0,0,0,0,0,0,0,0,0,0,0,0,0,0,0,0,0,0,0,0,0,0,0,0,0,0,0,0,0,0,0,0,0,0,0,0,0,0,0,0,0,0,0,0,0,0,0,0,0,0,0,0,0,0,0,0,0,0,0,0,0,0,0,0,0,0,0,0,0,0,0,0,0,0,0,0,0,0,0,0,0,0,0,0,0,0,0,0,0,0,0,0,0,0,0,0,0,0,0,0,0,0,0,0,0,0,0,0,0,0,0,0,0,0,0,0,0,0,0,0,0,0,0,0,0,0,0,0,0,0,0,0,0,0,0,0,0,0,0,0,0,0,0,0,0,0,0,0,0,0,0,0,0,0,0,0,0,0,0,0,0,0,0,0,0,0,0,0,0,0,0,0,0,0,0,0,0,0,0,0,0,0,0,0,0,0,0,0,0,0,0,0,0,0,0,0,0,0,0,0,0,0,0,0,0,0,0,0,0,0,0,0,0,0,0,0,0,0,0,0,0,0,1,0,0,0,0,0,0,0,0,0,0,0,0,0,0,0,0,0,0,0,0,0,0,0,0,0,0,0,0,0,0,0,0,0,0,0,0,0,0,0,0,0,0,0,0,0,0,0,0,0,0,0,0,0,0,0,0,0,0,0,0,0,0,0,0,0,0,0,0,0,0,0,0,0,0,0,0,0,0,0,0,0,0,0,0,0,0,0,0,0,0,0,0,0,0,0,0,0,0,0,0,0,0,0,0,0,0,0,0,0,0,0,0,0,0,0,0,0,0,0,0,0,0,0,0,0,0,0,0,0,0,0,0,0,0,0,0,0,0,0,0,0,0,0,0,0,0,0,0,0,0,0,0,0,0,0,0,0,0,0,0,0,0,0,0,0,0,0,0,0,0,0,0,0,0,0,0,0,0,0,0,0,0,0,0,0,0,0,0,0,0,0,0,0,0,0,0,0,0,0,0,0,0,0,0,0,0,0,0,0,0,0,0,0,0,0,0,0,0,0,0,0,0,0,0,0,0,0,0,0,0,0,0,0,0,0,0,0,0,0,0,0,0,0,0,0,0,0,0,0,0,0,0,0,0,0,0,0,0,0,0,0,0,0,0,0,0,0,0,0,0,0,0,0,0,0,0,0,0,0,0,0,0,0,0,0,0,0,0,0,0,0,0,0,0,0,0,0,0,0,0,0,0,0,0,0,0,0,0,0,0,0,0,0,0,0,0,0,0,0,0,0,0,0,0,0,0,0,0,0,0,0,0,0,0,0,0,0,0,0,0,0,0,0,0,0,0,0,0,0,0,0,0,0,0,0,0,0,0,0,0,0,0,0,0,0,0,0,0,0,0,0,0,0,0,0,0,0,0,0,0,0,0,0,0,0,0,0,0,0,0,0,0,0,0,0,0,0,0,0,0,0,0,0,0,0,0,0,0,0,0,0,0,0,0,0,0,0,0,0,0,0,0,0,0,0,0,0,0,0,0,0,0,0,0,0,0,0,0,0,0,0,0,0,0,0,0,0,0,0,0,0,0,0,0,0,0,0,0,0,0,0,0,0,0,0,0,0,0,0,0,0,0,0,0,0,0,0,0,0,0,0,0,0,0,0,0,0,0,0,0,0,0,0,0,0,0,0,0,0,0,0,0,0,0,0,0,0,0,0,0,0,0,0,0,0,0,0,0,0,0,0,0,0,0,0,0,0,0,0,0,0,0,0,0,0,0,0,0,0,0,0,0,0,0,0,0,0,0,0,0,0,0,0,0,0,0,0,0,0,0,0,0,0,0,0,0,0,0,0,0,0,0,0,0,0,0,0,0,0,0,0,0,0,0,0,0,0,0,0,0,0,0,0,0,0,0,0,0,0,0,0,0,0,0,0,0,0,0,0,0,0,0,0,0,0,0,0,0,0,0,0,0,0,0,0,0,0,0,0,0,0,0,0,0,0,0,0,0,0,0,0,0,0,0,0,0,0,0,0,0,0,0,0,0,0,0,0,0,0,0,0,0,0,0,0,0,0,0,0,0,0,0,0,0,0,0,0,0,0,0,0,0,0,0,0,0,0,0,0,0,0,0,0,0,0,0,0,0,0,0,0,0,0,0,0,0,0,0,0,0,0,0,0,0,0,0,0,0,0,0,0,0,0,0,0,0,0,0,0,0,0,0,0,0,0,0,0,0,0,0,0,0,0,0,0,0,0,0,0,0,0,0,0,0,0,0,0,0,0,0,0,0,0,0,0,0,0,0,0,0,0,0,0,0,0,0,0,0,0,0,0,0,0,0,0,0,0,0,0,0,0,0,0,0,0,0,0,0,0,0,0,0,0,0,0,0,0,0,0,0,0,0,0,0,0,0,0,0,0,0,0,0,0,0,0,0,0,0,0,0,0,0,0,0,0,0,0,0,0,0,0,0,0,0,0,0,0,0,0,0,0,0,0,0,0,0,0,0,0,0,0,0,0,0,0,0,0,0,0,0,0,0,0,0,0,0,0,0,0,0,0,0,0,0,0,0,0,0,0,0,0,0,0,0,0,0,0,0,0,0,0,0,0,0,0,0,0,0,0,0,0,0,0,0,0,0,0,0,0,0,0,0,0,0,0,0,0,0,0,0,0,0,0,0,0,0,0,0,0,0,0,0,0,0,0,0,0,0,0,0,0,0,0,0,0,0,0,0,0,0,0,0,0,0,0,0,0,0,0,0,0,0,0,0,0,0,0,0,0,0,0,0,0,0,0,0,0,0,0,0,0,0,0,0,0,0,0,0,0,0,0,0,0,0,0,0,0,0,0,0,0,0,0,0,0,0,0,0,0,0,0,0,0,0,0,0,0,0,0,0,0,0,0,0,0,0,0,0,0,0,0,0,0,0,0,0,0,0,0,0,0,0,0,0,0,0,0,0,0,0,0,0,0,0,0,0,0,0,0,0,0,0,0,0,0,0,0,0,0,0,0,0,0,0,0,0,0,0,0,0,0,0,0,0,0,0,0,0,0,0,0,0,0,0,0,0,0,0,0,0,0,0,0,0,0,0,0,0,0,0,0,0,0,0,0,0,0,0,0,0,0,0,0,0,0,0,0,0,0,0,0,0,0,0,0,0,0,0,0,0,0,0,0,0,0,0,0,0,0,0,0,0,0,0,0,0,0,0,0,0,0,0,0,0,0,0,0,0,0,0,0,0,0,0,0,0,0,0,0,0,0,0,0,0,0,0,0,0,0,0,0,0,0,0,0,0,0,0,0,0,0,0,0,0,0,0,0,0,0,0,0,0,0,0,0,0,0,0,0,0,0,0,0,0,0,0,0,0,0,0,0,0,0,0,0,0,0,0,0,0,0,0,0,0,0,0,0,0,0,0,0,0,0,0,0,0,0,0,0,0,0,0,0,0,0,0,0,0,0,0,0,0,0,0,0,0,0,0,0,0,0,0,0,0,0,0,0,0,0,0,0,0,0,0,0,0,0,0,0,0,0,0,0,0,0,0,0,0,0,0,0,0,0,0,0,0,0,0,0,0,0,0,0,0,0,0,0,0,0,0,0,0,0,0,0,0,0,0,0,0,0,0,0,0,0,0,0,0,0,0,0,0,0,0,0,0,0,0,0,0,0,0,0,0,0,0,0,0,0,0,0,0,0,0,0,0,0,0,0,0,0,0,0,0,0,0,0,0,0,0,0,0,0,0,0,0,0,0,0,0,0,0,0,0,0,0,0,0,0,0,0,0,0,0,0,0,0,0,0,0,0,0,0,0,0,0,0,0,0,0,0,0,0,0,0,0,0,0,0,0,0,0,0,0,0,0,0,0,0,0,0,0,0,0,0,0,0,0,0,0,0,0,0,0,0,0,0,0,0,0,0,0,0,0,0,0,0,0,0,0,0,0,0,0,0,0,0,0,0,0,0,0,0,0,0,0,0,0,0,0,0,0,0,0,0,0,0,0,0,0,0,0,0,0,0,0,0,0,0,0,0,0,0,0,0,0,0,0,0,0,0,0,0,0,0,0,0,0,0,0,0,0,0,0,0,0,0,0,0,0,0,0,0,0,0,0,0,0,0,0,0,0,0,0,0,0,0,0,0,0,0,0,0,0,0,0,0,0,0,0,0,0,0,0,0,0,0,0,0,0,0,0,0,0,0,0,0,0,0,0,0,0,0,0,0,0,0,0,0,0,0,0,0,0,0,0,0,0,0,0,0,0,0,0,0,0,0,0,0,0,0,0,0,0,0,0,0,0,0,0,0,0,0,0,0,0,0,0,0,0,0,0,0,0,0,0,0,0,0,0,0,0,0,0,0,0,0,0,0,0,0,0,0,0,0,0,0,0,0,0,0,0,0,0,0,0,0,0,0,0,0,0,0,0,0,0,0,0,0,0,0,0,0,0,0,0,0,0,0,0,0,0,0,0,0,0,0,0,0,0,0,0,0,0,0,0,0,0,0,0,0,0,0,0,0,0,0,0,0,0,0,0,0,0,0,0,0,0,0,0,0,0,0,0,0,0,0,0,0,0,0,0,0,0,0,0,0,0,0,0,0,0,0,0,0,0,0,0,0,0,0,0,0,0,0,0,0,0,0,0,0,0,0,0,0,0,0,0,0,0,0,0,0,0,0,0,0,0,0,0,0,0,0,0,0,0,0,0,0,0,0,0,0,0,0,0,0,0,0,0,0,0,0,0,0,0,0,0,0,0,0,0,0,0,0,0,0,0,0,0,0,0,0,0,0,0,0,0,0,0,0,0,0,0,0,0,0,0,0,0,0,0,0,0,0,0,0,0,0,0,0,0,0,0,0,0,0,0,0,0,0,0,0,0,0,0,0,0,0,0,0,0,0,0,0,0,0,0,0,0,0,0,0,0,0,0,0,0,0,0,0,0,0,0,0,0,0,0,0,0,0,0,0,0,0,0,0,0,0,0,0,0,0,0,0,0,0,0,0,0,0,0,0,0,0,0,0,0,0,0,0,0,0,0,0,0,0,0,0,0,0,0,0,0,0,0,0,0,0,0,0,0,0,0,0,0,0,0,0,0,0,0,0,0,0,0,0,0,0,0,0,0,0,0,0,0,0,0,0,0,0,0,0,0,0,0,0,0,0,0,0,0,0,0,0,0,0,0,0,0,0,0,0,0,0,0,0,0,0,0,0,0,0,0,0,0,0,0,0,0,0,0,0,0,0,0,0,0,0,0,0,0,0,0,0,0,0,0,0,0,0,0,0,0,0,0,0,0,0,0,0,0,0,0,0,0,0,0,0,0,0,0,0,0,0,0,0,0,0,0,0,0,0,0,0,0,0,0,0,0,0,0,0,0,0,0,0,0,0,0,0,0,0,0,0,0,0,0,0,0,0,0,0,0,0,0,0,0,0,0,0,0,0,0,0,0,0,0,0,0,0,0,0,0,0,0,0,0,0,0,0,0,0,0,0,0,0,0,0,0,0,0,0,0,0,0,0,0,0,0,0,0,0,0,0,0,0,0,0,0,0,0,0,0,0,0,0,0,0,0,0,0,0,0,0,0,0,0,0,0,0,0,0,0,0,0,0,0,0,0,0,0,0,0,0,0,0,0,0,0,0,0,0,0,0,0,0,0,0,0,0,0,0,0,0,0,0,0,0,0,0,0,0,0,0,0,0,0,0,0,0,0,0,0,0,0,0,0,0,0,0,0,0,0,0,0,0,0,0,0,0,0,0,0,0,0,0,0,0,0,0,0,0,0,0,0,0,0,0,0,0,0,0,0,0,0,0,0,0,0,0,0,0,0,0,0,0,0,0,0,0,0,0,0,0,0,0,0,0,0,0,0,0,0,0,0,0,0,0,0,0,0,0,0,0,0,0,0,0,0,0,0,0,0,0,0,0,0,0,0,0,0,0,0,0,0,0,0,0,0,0,0,0,0,0,0,0,0,0,0,0,0,0,0,0,0,0,0,0,0,0,0,0,0,0,0,0,0,0,0,0,0,0,0,0,0,0,0,0,0,0,0,0,0,0,0,0,0,0,0,0,0,0,0,0,0,0,0,0,0,0,0,0,0,0,0,0,0,0,0,0,0,0,0,0,0,0,0,0,0,0,0,0,0,0,0,0,0,0,0,0,0,0,0,0,0,0,0,0,0,0,0,0,0,0,0,0,0,0,0,0,0,0,0,0,0,0,0,0,0,0,0,0,0,0,0,0,0,0,0,0,0,0,0,0,0,0,0,0,0,0,0,0,0,0,0,0,0,0,0,0,0,0,0,0,0,0,0,0,0,0,0,0,0,0,0,0,0,0,0,0,0,0,0,0,0,0,0,0,0,0,0,0,0,0,0,0,0,0,0,0,0,0,0,0,0,0,0,0,0,0,0,0,0,0,0,0,0,0,0,0,0,0,0,0,0,0,0,0,0,0,0,0,0,0,0,0,0,0,0,0,0,0,0,0,0,0,0,0,0,0,0,0,0,0,0,0,0,0,0,0,0,0,0,0,0,0,0,0,0,0,0,0,0,0,0,0,0,0,0,0,0,0,0,0,0,0,0,0,0,0,0,0,0,0,0,0,0,0,0,0,0,0,0,0,0,0,0,0,0,0,0,0,0,0,0,0,0,0,0,0,0,0,0,0,0,0,0,0,0,0,0,0,0,0,0,0,0,0,0,0,0,0,0,0,0,0,0,0,0,0,0,0,0,0,0,0,0,0,0,0,0,0,0,0,0,0,0,0,0,0,0,0,0,0,0,0,0,0,0,0,0,0,0,0,0,0,0,0,0,0,0,0,0,0,0,0,0,0,0,0,0,0,0,0,0,0,0,0,0,0,0,0,0,0,0,0,0,0,0,0,0,0,0,0,0,0,0,0,0,0,0,0,0,0,0,0,0,0,0,0,0,0,0,0,0,0,0,0,0,0,0,0,0,0,0,0,0,0,0,0,0,0,0,0,0,0,0,0,0,0,0,0,0,0,0,0,0,0,0,0,0,0,0,0,0,0,0,0,0,0,0,0,0,0,0,0,0,0,0,0,0,0,0,0,0,0,0,0,0,0,0,0,0,0,0,0,0,0,0,0,0,0,0,0,0,0,0,0,0,0,0,0,0,0,0,0,0,0,0,0,0,0,0,0,0,0,0,0,0,0,0,0,0,0,0,0,0,0,0,0,0,0,0,0,0,0,0,0,0,0,0,0,0,0,0,0,0,0,0,0,0,0,0,0,0,0,0,0,0,0,0,0,0,0,0,0,0,0,0,0,0,0,0,0,0,0,0,0,0,0,0,0,0,0,0,0,0,0,0,0,0,0,0,0,0,0,0,0,0,0,0,0,0,0,0,0,0,0,0,0,0,0,0,0,0,0,0,0,0,0,0,0,0,0,0,0,0,0,0,0,0,0,0,0,0,0,0,0,0,0,0,0,0,0,0,0,0,0,0,0,0,0,0,0,0,0,0,0,0,0,0,0,0,0,0,0,0,0,0,0,0,0,0,0,0,0,0,0,0,0,0,0,0,0,0,0,0,0,0,0,0,0,0,0,0,0,0,0,0,0,0,0,0,0,0,0,0,0,0,0,0,0,0,0,0,0,0,0,0,0,0,0,0,0,0,0,0,0,0,0,0,0,0,0,0,0,0,0,0,0,0,0,0,0,0,0,0,0,0,0,0,0,0,0,0,0,0,0,0,0,0,0,0,0,0,0,0,0,0,0,0,0,0,0,0,0,0,0,0,0,0,0,0,0,0,0,0,0,0,0,0,0,0,0,0,0,0,0,0,0,0,0,0,0,0,0,0,0,0,0,0,0,0,0,0,0,0,0,0,0,0,0,0,0,0,0,0,0,0,0,0,0,0,0,0,0,0,0,0,0,0,0,0,0,0,0,0,0,0,0,0,0,0,0,0,0,0,0,0,0,0,0,0,0,0,0,0,0,0.46241045,0.6587929,-0.8823532,-1.0213408,0.9454018,-0.22450244,-1.2965195,-0.79686904,1.0806199,0.007994899,0.5787807,0.3718192,-0.6280896,0.37291357,0.23745227,0.38738388,0.6378779,0.57221437,-0.7130873,-0.81109613,-0.23398717,-0.48825073,-0.32153848,-0.1658917,-1.4115522,0.105760515,-0.6674877,0.1070981,-1.3202313,-0.78799236,0.39699018,-0.279222,0.16424964,-0.65228784,-0.83322716,-0.46344453,0.36233446,0.7312659,-0.17501163,-0.5514822,-0.05706058,0.3595377,0.19063663,-0.6881595,0.7840399,-0.13147919,-0.8103666,0.42349878,0.61380124,0.595075,-0.77157646,-0.53616077,-1.0639005,0.21398365,-0.67831004,0.0013069521,0.31941,0.18808305,0.6308251,0.21264607,0.8753608,0.744885,0.5290467,-0.028849607,-0.03736154,-0.24383669,-0.5074634,0.48332548,0.36209127,0.7488978,0.2958198,0.036935467,0.42422837,0.91171885,-0.3569238,-0.11007775,-0.19957463,-0.84891343,-0.060222156,0.88557506,-0.5004106,-0.12770961,-0.3822164,-0.11554971,0.36087528,-0.7957747,-0.7189241,-0.04939984,-0.54613185,0.13579547,0.98479986,-0.24006712,-0.40969777,-0.75880855,0.08460229,0.28633508,-0.23131199,0.31709963,-0.47317246,0.19781098,-0.15300222,0.7865935,0.64918655,-0.25721258,-0.23605435,-0.91105056,0.18200311,-0.08964912,0.2454778,0.17409918,0.56540483,-0.5286216,0.570512,-0.41310254,-0.06508612,0.770664,0.6935702,-0.3166745,0.68676066,-0.5537926,0.40015176,0.8554185,-0.5180425,0.49135104,0.062592864,-0.23495996,-0.56497973,-0.06642371,-0.5925827,-0.25964457,0.43845546,-0.42526242,-0.88624436,0.29107744,-0.45809418,0.5949534,-0.70785856,-0.558535,-0.0671533,-0.33187437,-0.7333944,0.073293574,0.717282,0.2328315,0.8814407,0.41450045,0.30262935,0.23660107,-0.46891648,0.095789395,0.5093477,-1.1727316,0.5351267,0.046055395,0.5666208,-0.1170089,-0.48204917,0.68894947,-0.036753543,0.5420578,-0.004043405,-0.8963371,0.8649033,-0.14157191,-0.455419,-0.5454023,-0.40969777,-0.12758802,0.61222047,-0.67247325,-0.6409791,-0.3174041,-0.62371206,-0.26329252,0.001063754,-0.52460885,-0.3058522,0.2206716,0.42836273,-0.5792068,0.5796319,-0.6730813,-0.1286824,0.24195142,-0.6673661,-0.17549804,0.25690812,0.60066855,-0.49773544,-0.9506918,-0.22839361,0.036084272,0.08435909,-0.2659677,-0.6284544,-0.16491891,0.20182374,0.11621803,-0.41273773,0.52649313,-0.4174801,-0.10205222,0.02149239,0.06636243,0.71326923,-0.48666996,0.43067312,-0.26000935,-0.6954555,0.15379213,0.5094693,-0.7134521,0.23015632,0.58048314,-0.17829481,-0.2304608,0.3938286,-0.10083623,0.33011073,0.2931446,-0.49068272,-0.02349925,0.7181332,-0.0035570092,0.1704512,-0.07128767,-0.44702867,0.25557053,0.4329835,-0.10728098,-0.1426663,-0.029457603,0.62304276,-0.17574123,0.89019585,0.31770763,0.29849496,0.07244238,0.4959718,0.4924454,0.18929905,0.23623627,-0.47207806,-0.35035744,0.18321909,-0.097917855,0.23125072,0.4551145,-0.22073287,-0.877854,-0.124061644,-0.51062495,0.4344427,0.2590969,-0.30962175,0.5986014,-0.58650273,0.018087618,0.0706184,0.81200767,-0.1423015,-0.06836929,0.044717804,-0.05730378,0.63958025,0.32670596,-0.33515754,-0.5563462,-0.20273621,-0.09730986,0.3583217,-0.15604219,0.41328445,-0.22109766,0.28122792,0.079616725,0.105638914,-0.38282436,-0.599757,-0.67016286,-0.58407074,0.047271386,0.48016393,-0.24541748,0.08217031,0.02270838,0.17495036,-0.61459213,-0.27107486,-0.06095175,-0.45991817,0.53707224,0.23125072,-0.5823684,-0.40994096,-0.5834628,-0.03857753,-0.15397501,0.4941478,0.3082229,0.14357781,0.13859226,0.194771,0.3050613,-0.3520598,0.035962675,-0.66201574,-0.18109159,-0.03821273,0.36136168,-0.5726405,-0.3926739,0.30652052,0.29277983,0.4563305,-0.27910042,-0.756863,-0.46016136,-0.14886785,-0.08502836,-0.108132176,-0.778386,0.4842983,0.16497925,-0.454811,-0.36215255,-0.08308277,0.058944892,-0.029214405,-0.6780668,-0.15020543,-0.5672901,-0.021675264,-0.10667299,0.43359149,-0.17245805,-0.5644933,0.28767267,-0.07505724,-0.116279304,0.30469653,0.5069157,-0.7653749,0.76397604,-0.23252797,-0.54613185,0.620854,0.099802166,-0.08101559,0.31174928,0.29071262,0.7819727,-0.676486,-0.15239422,0.25326014,0.22140118,0.22140118,-0.092445895,0.70001495,0.15658891,0.3215988,0.18115191,-0.08150198,0.06818642,0.4970662,-0.17598443,0.20133735,0.86757845,0.043015417,0.08606148,0.38410068,0.95999366,-0.080164395,0.10904369,-0.10910496,0.6056541,-0.7049402,0.038273055,0.46447766,-0.36361173,0.6327707,-0.043319892,0.3564977,0.51688683,0.59106225,0.5600545,0.4829607,0.31503245,-0.22000328,-0.40106422,-0.4827788,-0.22438084,0.012494063,-0.9897251,0.2577593,0.73649466,0.2931446,0.081927106,-0.47159165,-0.2173281,-0.1311144,-0.2906523,0.041313034,-0.34707427,0.119744405,0.5418146,0.52588516,0.5030245,0.013831652,0.6747224,-0.086244345,-0.1416935,0.08484548,-0.5381063,0.69965017,-0.4784012,0.5317219,-0.47305086,-0.4291536,-0.61556494,-0.6313728,-0.52266324,-0.007812975,0.69636697,0.033287495,-0.18486115,0.24742338,-0.16297333,0.4829607,0.09177663,0.052500144,0.36853603,0.07377997,-1.1960787,0.893479,0.019668406,0.36926562,-0.49992424,-0.11080735,-0.57665324,0.19890538,-0.68755156,-0.508801,0.0453258,-0.27910042,-0.08466356,-0.11992728,-0.17586283,-0.5785988,-0.36190933,-0.14996223,0.2685816,-0.12625043,-0.43304476,0.03912425,0.07171279,0.0077517005,-0.59914905,0.57367355,-0.28919312,-0.23641914,0.4577897,0.27636394,-0.18607715,0.3209908,0.058944892,-0.071652465,1.2632617,-0.77753484,-0.2535646,0.30019736,-0.33284718,-0.95956856,-0.3698133,-0.037726335,0.30092695,-0.31059456,0.7550993,0.10867889,-0.4408271,0.08204871,0.17580156,-0.3543702,0.053716134,0.1319043,-0.24031031,-0.25064623,0.645417,-0.46770048,-0.6385471,0.20303974,-0.5439431,0.22784594,0.043137018,-0.2935707,-0.0926891,-0.41504812,-0.5252168,0.545341,0.3082229,-0.4932363,0.15440013,0.6075997,-0.5917315,0.37607515,-0.4176017,0.0960326,0.76130086,0.28755108,0.23976265,0.016993226,-0.20395221,0.37522396,-0.21100494,-0.16613491,-0.1171305,-0.2533214,0.27891752,-0.21842249,0.23550668,-0.041739102,-0.650707,-0.19300829,-0.4568782,-0.8210673,-0.19507548,0.76628643,-0.20334421,0.4086637,0.8340171,0.30542612,0.16595204,0.083507895,0.4091501,0.24863937,-0.04076631,0.012615661,0.51323885,-0.095607474,0.54874575,-0.5528198,0.55178577,0.24219462,-0.78349316,0.26991922,-0.17561963,-0.1043626,-0.08210998,-0.1425447,0.46508566,-0.37528524,0.14965777,0.46168086,-0.19629146,-0.06496452,0.68955743,-0.07359805,-0.78714114,0.30117014,0.058215298,0.2567865,0.7796623,0.49110782,-0.14570627,0.9319043,-0.25794217,0.29788697,0.35491693,-0.27156126,-0.253443,0.1574401,0.15123855,0.07754954,-0.5055178,-0.4543246,0.11561004,-0.6778236,0.7954702,-0.17343085,0.23830345,-0.33345518,-0.061073348,0.2548409,-0.015716912,0.18504308,-0.34950623,-0.10740258,-0.50588256,0.06855121,0.12704034,-0.30852738,0.2331963,-0.046481464,0.37704796,-0.082474776,0.69271904,0.12618916,-0.17160687,0.6035869,-0.31047297,0.9329987,-0.040158316,0.60188454,0.3811823,0.3941934,0.044231407,-0.57215405,0.22419797,0.14017305,-0.3294424,-0.37236685,0.24863937,-0.031889584,0.25508413,-0.055358194,-0.015716912,-0.27654684,-0.09658027,-0.05839817,-0.5016266,-0.00027383532,-0.47706363,0.11475884,-0.17403884,0.25326014,0.027937138,-0.1049706,-0.6935099,0.39078864,-0.40933296,0.020884395,0.43371308,-0.17197166,-0.29040912,0.41000128,0.4830823,-0.3169177,-0.13609995,0.46909842,-0.2799516,0.41523004,0.017601222,0.45474973,0.19160943,-0.5165833,0.5196836,-0.9825508,0.09177663,0.0452042,0.08897985,-0.0549934,-0.26000935,-0.7523638,0.34251383,0.50278133,0.17409918,1.1416626,0.30396694,-0.2663325,0.1079493,0.2796471,0.46849042,-0.029092805,-0.04842705,0.00082055596,-0.23082559,-0.27484444,-0.24420148,-0.32214645,-0.023742447,-0.16127095,-0.38282436,-0.456635,0.58036155,-0.063262135,-0.10995616,0.16461444,-0.6330752,-0.099498644,0.49378303,0.35114735,0.3316915,0.4186348,0.07426637,0.054810524,0.04909537,-0.071652465,-0.11287454,-0.24420148,0.5052133,0.5210212,0.6899222,-0.26280615,0.6206108,0.14904977,-0.5953795,-0.026417626,0.34895858,0.40574533,0.1070981,0.044474605,0.17616636,0.5138469,-0.5052746,0.8162636,0.4580329,-0.17537643,0.51895404,0.03170671,0.37412956,-0.15920377,0.6600089,-0.0920811,0.16899201,0.7609361,0.14029464,-0.121751264,-0.48703474,-0.030065596,-0.29794824,0.6110045,0.05943129,-0.23799993,0.07511756,-0.36288214,-0.23836473,0.37656155,0.6197596,-0.47292924,0.049216967,0.13652506,0.7340627,-0.16966128,-0.24578227,0.62656915,-0.4287888,-0.39668667,0.12667555,0.14138903,0.2081469,0.030125922,-0.12673682,0.31782922,-0.2028578,-0.48739955,0.3078581,-0.25429422,-0.20954576,0.06393045,0.03875945,-0.38902593,0.06429525,0.063444056,0.7082837,-0.19568348,0.3843439,0.10004536,0.36804962,0.6968534,0.33594748,0.06368725,0.30421013,0.3978414,0.19975656,0.15549451,0.51177967,0.5689312,0.5622433,-0.5894211,-1.0120994,-0.13220878,0.4451434,-0.68511957,0.20462053,-0.14716546,0.27174318,-0.00027383532,0.4191212,-0.6526526,-0.17014767,-0.18230759,-0.53312075,-0.056452587,-0.12284566,0.16023688,0.035841078,-0.12527764,0.13664667,0.06514644,0.27916074,0.05055456,-0.21197774,-0.2562398,-0.3041498,0.052135345,0.7336979,-0.2806812,-0.54734784,-0.14327429,0.025140362,-0.1549478,-0.30962175,-0.22523203,0.16619523,-0.08964912,0.1208388,-0.45918855,-0.63806075,0.31624845,-0.2680349,0.17580156,-0.23848633,-0.39996985,0.1208388,-0.18364517,0.1083141,0.22492756,-0.45590538,0.16437125,0.25934008,0.5820639,0.27478316,-0.13877513,-0.20152022,0.6831127,0.41182527,0.083386295,-0.12746641,0.3831279,-0.29101712,0.05517532,0.49974138,-0.044900678,-0.43827352,0.4800423,-0.67952603,-0.3935251,0.13956505,0.15926409,0.22395477,-0.030065596,0.1955006,-0.14813825,-0.1167657,-0.13622154,0.42945713,-0.20991056,0.045082603,-0.08746034,0.4952422,-0.57227564,-0.404469,-0.66517735,-0.26390052,0.4817447,0.040097043,0.81237245,0.5515425,-0.4809548,-0.16382453,-0.52144724,0.1579265,0.48806787,0.19391981,0.20437732,-0.05827657,-0.8672749,-0.124061644,0.86466,0.0578505,-0.705305,0.5973854,0.17434236,0.29764378,-0.003313811,0.39917898,0.04763618,0.51457644,-0.011460946,-0.27204767,-0.27375004,-0.2550238,0.115731634,-0.37321806,-0.21064015,-0.09743146,-0.06423493,-0.09609387,-0.07761081,0.1818815,0.19063663,0.15719691,0.39176142,-0.6687037,0.107462905,-0.14971904,-0.47609082,0.27806634,0.103450134,0.820398,0.17349118,0.13883545,0.12716195,0.6424986,0.33023232,0.48587906,0.017601222,0.05493212,0.26092088,0.20109415,-0.16029815,0.059552886,0.012494063,-0.0047729993,-0.20115542,-0.13889673,0.097370185,0.10417973,-0.094026685,0.13871385,0.21556444,-0.09062191,-0.07226046,-0.14728706,-0.703481,0.1697216,0.22748114,-0.17112046,0.14479381,-0.1532454,-0.21781449,0.25447613,-0.2422559,0.42860594,0.118042015,0.2586105,0.9722752,0.41085246,0.17531516,-0.2640221,-0.35242462,0.13713306,0.06806482,0.23988424,-0.22304325,-0.38440517,0.09651899,-0.47025406,0.20376933,0.9806655,0.3082229,-0.055114996,-0.102538615,0.14114584,0.6322843,0.19914857,0.3422706,0.11025968,0.66304886,0.111840464,-0.38659394,0.10004536,-0.13853192,-0.11372573,0.44064423,0.42641714,-0.10606499,-0.10059303,0.21374045,-0.510017,0.16388485,-0.5654661,-0.2640221,-0.5596294,0.21422684,0.4594921,-0.01972968,0.024653966,0.1463746,-0.46307972,0.3346099,-0.52387923,0.038516253,-0.6401279,0.2701624,0.36780643,-0.10059303,0.12533796,0.1573185,-0.049278244,-0.21331534,-0.32530802,-0.59452826,-0.47159165,-0.16005495,0.05493212,-0.52205527,0.121325195,0.8466634,-0.13719434,0.13980824,0.39005905,0.31430286,-0.13841033,0.6293659,-0.061559744,-0.08077239,-0.09609387,-0.43863833,0.06003928,-0.3930387,0.46545044,-0.122724056,0.2339259,-0.13901833,-0.5133001,-0.019486481,-0.48581874,-0.19629146,-0.48739955,-0.14339589,0.46143767,-0.4538382,-0.39145792,-1.0134369,-1.0276641,0.7478034,-0.22036807,0.42422837,0.10393653,-0.879678,0.24401861,-0.33540076,0.3222068,-1.3129354,-1.6014898,0.24122183,-0.6483967,0.7595985,-0.039185524,0.014682845,0.71740365,-0.17416045,0.1070981,0.13774106,-0.19750746,0.70694613,-1.3871107,0.5562849,-0.19361629,0.55567694,0.36196968,-0.45809418,0.7783247,1.0322235,0.36428005,-0.7307192,0.62790674,-0.90156585,0.89980215,0.016385231,-0.4543246,0.40501574,0.3834927,1.0668793,-0.7712117,1.1607537,0.52965474,-1.2013074,-0.13585675,-0.83322716,0.8341387,0.77431196,-0.11287454,0.83681387,0.88192713,0.075603954,-0.5090442,0.13494429,-0.8965803,-0.6633533,0.3682928,0.08995264,0.35175535,-0.10363301,-0.3408727,-0.62626565,-0.2900443,0.2813495,0.2710136,1.1456754,-0.85937095,-0.93391114,0.020884395,-0.90180904,-0.5514822,-0.090257116,0.8720776,-0.17051247,-0.02580963,-0.5677765,0.58802223,0.06453845,-1.0756956,1.16428,0.06818642,-0.8468463,0.6073565,-0.19458908,-1.3813956,-0.507585,1.3272227,-1.047971,-0.7712117,0.11147567,-0.22729921,0.62644756,-0.2911387,-0.14059912,0.16826242,-0.6947259,0.32366598,0.25496253,0.020519597,-0.024228843,0.19793259,-0.70214343,0.2695544,-0.0020978206,-0.3046362,0.7559505,1.3996958,0.81662846,1.4879767,0.36817122,0.109530084,0.87268555,0.5858335,-0.27046686,-1.2546895,-0.70554817,0.245721,0.3434866,-0.6882811,-0.90667295,-1.0803164,-0.113360934,-0.007812975,0.04873057,0.6919894,-0.3779604,1.3402338,
0,0,0,0,0,0,0,0,0,0,0,0,0,0,1,0,0,0,0,0,0,0,0,0,0,0,0,0,0,0,0,0,0,0,0,0,0,0,0,0,0,0,0,0,0,0,0,0,0,0,0,0,0,0,0,0,0,0,0,0,0,0,0,0,0,0,0,0,0,0,0,0,0,0,0,0,0,0,0,0,0,0,0,0,0,0,0,0,0,0,0,0,0,0,0,0,0,0,0,0,0,0,0,0,0,0,0,0,0,0,0,0,0,0,0,0,0,0,0,0,0,0,0,0,0,0,0,0,0,0,0,0,0,0,0,0,0,0,0,0,0,0,0,0,0,0,0,0,0,0,0,0,0,0,0,0,0,0,0,0,0,0,0,0,0,0,0,0,0,0,0,0,0,0,0,0,0,0,0,0,0,0,0,0,0,0,0,0,0,0,0,0,0,0,0,0,0,0,0,0,0,0,0,0,0,0,0,0,0,0,0,0,0,0,0,0,0,0,0,0,0,0,0,0,0,0,0,0,0,0,0,0,0,0,0,0,0,0,0,0,0,0,0,0,0,0,0,0,0,0,0,0,0,0,0,0,0,0,0,0,0,0,0,0,0,0,0,0,0,0,0,0,0,0,0,0,0,0,0,0,0,0,0,0,0,0,0,0,0,0,0,0,0,0,0,0,0,0,0,0,0,0,0,0,0,0,0,0,0,0,0,0,0,0,0,0,0,0,0,0,0,0,0,0,0,0,0,0,0,0,0,0,0,0,0,0,0,0,0,0,0,0,0,0,0,0,0,0,0,0,0,0,0,0,0,0,0,0,0,0,0,0,0,0,0,0,0,0,0,0,0,0,0,0,0,0,0,0,0,0,0,0,0,0,0,0,0,0,0,0,0,0,0,0,0,0,0,0,0,0,0,0,0,0,0,0,0,0,0,0,0,0,0,0,0,0,0,0,0,0,0,0,0,0,0,0,0,0,0,0,0,0,0,0,0,0,0,0,0,0,0,0,0,0,0,0,0,0,0,0,0,0,0,0,0,0,0,0,0,0,0,0,0,0,0,0,0,0,0,0,0,0,0,0,0,0,0,0,0,0,0,0,0,0,0,0,0,0,0,0,0,0,0,0,0,0,0,0,0,0,0,0,0,0,0,0,0,0,0,0,0,0,0,0,0,0,0,0,0,0,0,0,0,0,0,0,0,0,0,0,0,0,0,0,0,0,0,0,0,0,0,0,0,0,0,0,0,0,0,0,0,0,0,0,0,0,0,0,0,0,0,0,0,0,0,0,0,0,0,0,0,0,0,0,0,0,0,0,0,0,0,0,0,0,0,0,0,0,0,0,0,0,0,0,0,0,0,0,0,0,0,0,0,0,0,0,0,0,0,0,0,0,0,0,0,0,0,0,0,0,0,0,0,0,0,0,0,0,0,0,0,0,0,0,0,0,0,0,0,0,0,0,0,0,0,0,0,0,0,0,0,0,0,0,0,0,0,0,0,0,0,0,0,0,0,0,0,0,0,0,0,0,0,0,0,0,0,0,0,0,0,0,0,0,0,0,0,0,0,0,0,0,0,0,0,0,0,0,0,0,0,0,0,0,0,0,0,0,0,0,0,0,0,0,0,0,0,0,0,0,0,0,0,0,0,0,0,0,0,0,0,0,0,0,0,0,0,0,0,0,0,0,0,0,0,0,0,0,0,0,0,0,0,0,0,0,0,0,0,0,0,0,0,0,0,0,0,0,0,0,0,0,0,0,0,0,0,0,0,0,0,0,0,0,0,0,0,0,0,0,0,0,0,0,0,0,0,0,0,0,0,0,0,0,0,0,0,0,0,0,0,0,0,0,0,0,0,0,0,0,0,0,0,0,0,0,0,0,0,0,0,0,0,0,0,0,0,0,0,0,0,0,0,0,0,0,0,0,0,0,0,0,0,0,0,0,0,0,0,0,0,0,0,0,0,0,0,0,0,0,0,0,0,0,0,0,0,0,0,0,0,0,0,0,0,0,0,0,0,0,0,0,0,0,0,0,0,0,0,0,0,0,0,0,0,0,0,0,0,0,0,0,0,0,0,0,0,0,0,0,0,0,0,0,0,0,0,0,0,0,0,0,0,0,0,0,0,0,0,0,0,0,0,0,0,0,0,0,0,0,0,0,0,0,0,0,0,0,0,0,0,0,0,0,0,0,0,0,0,0,0,0,0,0,0,0,0,0,0,0,0,0,0,0,0,0,0,0,0,0,0,0,0,0,0,0,0,0,0,0,0,0,0,0,0,0,0,0,0,0,0,0,0,0,0,0,0,0,0,0,0,0,0,0,0,0,0,0,0,0,0,0,0,0,0,0,0,0,0,0,0,0,0,0,0,0,0,0,0,0,0,0,0,0,0,0,0,0,0,0,0,0,0,0,0,0,0,0,0,0,0,0,0,0,0,0,0,0,0,0,0,0,0,0,0,0,0,0,0,0,0,0,0,0,0,0,0,0,0,0,0,0,0,0,0,0,0,0,0,0,0,0,0,0,0,0,0,0,0,0,0,0,0,0,0,0,0,0,0,0,0,0,0,0,0,0,0,0,0,0,0,0,0,0,0,0,0,0,0,0,0,0,0,0,0,0,0,0,0,0,0,0,0,0,0,0,0,0,0,0,0,0,0,0,0,0,0,0,0,0,0,0,0,0,0,0,0,0,0,0,0,0,0,0,0,0,0,0,0,0,0,0,0,0,0,0,0,0,0,0,0,0,0,0,0,0,0,0,0,0,0,0,0,0,0,0,0,0,0,0,0,0,0,0,0,0,0,0,0,0,0,0,0,0,0,0,0,0,0,0,0,0,0,0,0,0,0,0,0,0,0,0,0,0,0,0,0,0,0,0,0,0,0,0,0,0,0,0,0,0,0,0,0,0,0,0,0,0,0,0,0,0,0,0,0,0,0,0,0,0,0,0,0,0,0,0,0,0,0,0,0,0,0,0,0,0,0,0,0,0,0,0,0,0,0,0,0,0,0,0,0,0,0,0,0,0,0,0,0,0,0,0,0,0,0,0,0,0,0,0,0,0,0,0,0,0,0,0,0,0,0,0,0,0,0,0,0,0,0,0,0,0,0,0,0,0,0,0,0,0,0,0,0,0,0,0,0,0,0,0,0,0,0,0,0,0,0,0,0,0,0,0,0,0,0,0,0,0,0,0,0,0,0,0,0,0,0,0,0,0,0,0,0,0,0,0,0,0,0,0,0,0,0,0,0,0,0,0,0,0,0,0,0,0,0,0,0,0,0,0,0,0,0,0,0,0,0,0,0,0,0,0,0,0,0,0,0,0,0,0,0,0,0,0,0,0,0,0,0,0,0,0,0,0,0,0,0,0,0,0,0,0,0,0,0,0,0,0,0,0,0,0,0,0,0,0,0,0,0,0,0,0,0,0,0,0,0,0,0,0,0,0,0,0,0,0,0,0,0,0,0,0,0,0,0,0,0,0,0,0,0,0,0,0,0,0,0,0,0,0,0,0,0,0,0,0,0,0,0,0,0,0,0,0,0,0,0,0,0,0,0,0,0,0,0,0,0,0,0,0,0,0,0,0,0,0,0,0,0,0,0,0,0,0,0,0,0,0,0,0,0,0,0,0,0,0,0,0,0,0,0,0,0,0,0,0,0,0,0,0,0,0,0,0,0,0,0,0,0,0,0,0,0,0,0,0,0,0,0,0,0,0,0,0,0,0,0,0,0,0,0,0,0,0,0,0,0,0,0,0,0,0,0,0,0,0,0,0,0,0,0,0,0,0,0,0,0,0,0,0,0,0,0,0,0,0,0,0,0,0,0,0,0,0,0,0,0,0,0,0,0,0,0,0,0,0,0,0,0,0,0,0,0,0,0,0,0,0,0,0,0,0,0,0,0,0,0,0,0,0,0,0,0,0,0,0,0,0,0,0,0,0,0,0,0,0,0,0,0,0,0,0,0,0,0,0,0,0,0,0,0,0,0,0,0,0,0,0,0,0,0,0,0,0,0,0,0,0,0,0,0,0,0,0,0,0,0,0,0,0,0,0,0,0,0,0,0,0,0,0,0,0,0,0,0,0,0,0,0,0,0,0,0,0,0,0,0,0,0,0,0,0,0,0,0,0,0,0,0,0,0,0,0,0,0,0,0,0,0,0,0,0,0,0,0,0,0,0,0,0,0,0,0,0,0,0,0,0,0,0,0,0,0,0,0,0,0,0,0,0,0,0,0,0,0,0,0,0,0,0,0,0,0,0,0,0,0,0,0,0,0,0,0,0,0,0,0,0,0,0,0,0,0,0,0,0,0,0,0,0,0,0,0,0,0,0,0,0,0,0,0,0,0,0,0,0,0,0,0,0,0,0,0,0,0,0,0,0,0,0,0,0,0,0,0,0,0,0,0,0,0,0,0,0,0,0,0,0,0,0,0,0,0,0,0,0,0,0,0,0,0,0,0,0,0,0,0,0,0,0,0,0,0,0,0,0,0,0,0,0,0,0,0,0,0,0,0,0,0,0,0,0,0,0,0,0,0,0,0,0,0,0,0,0,0,0,0,0,0,0,0,0,0,0,0,0,0,0,0,0,0,0,0,0,0,0,0,0,0,0,0,0,0,0,0,0,0,0,0,0,0,0,0,0,0,0,0,0,0,0,0,0,0,0,0,0,0,0,0,0,0,0,0,0,0,0,0,0,0,0,0,0,0,0,0,0,0,0,0,0,0,0,0,0,0,0,0,0,0,0,0,0,0,0,0,0,0,0,0,0,0,0,0,0,0,0,0,0,0,0,0,0,0,0,0,0,0,0,0,0,0,0,0,0,0,0,0,0,0,0,0,0,0,0,0,0,0,0,0,0,0,0,0,0,0,0,0,0,0,0,0,0,0,0,0,0,0,0,0,0,0,0,0,0,0,0,0,0,0,0,0,0,0,0,0,0,0,0,0,0,0,0,0,0,0,0,0,0,0,0,0,0,0,0,0,0,0,0,0,0,0,0,0,0,0,0,0,0,0,0,0,0,0,0,0,0,0,0,0,0,0,0,0,0,0,0,0,0,0,0,0,0,0,0,0,0,0,0,0,0,0,0,0,0,0,0,0,0,0,0,0,0,0,0,0,0,0,0,0,0,0,0,0,0,0,0,0,0,0,0,0,0,0,0,0,0,0,0,0,0,0,0,0,0,0,0,0,0,0,0,0,0,0,0,0,0,0,0,0,0,0,0,0,0,0,0,0,0,0,0,0,0,0,0,0,0,0,0,0,0,0,0,0,0,0,0,0,0,0,0,0,0,0,0,0,0,0,0,0,0,0,0,0,0,0,0,0,0,0,0,0,0,0,0,0,0,0,0,0,0,0,0,0,0,0,0,0,0,0,0,0,0,0,0,0,0,0,0,0,0,0,0,0,0,0,0,0,0,0,0,0,0,0,0,0,0,0,0,0,0,0,0,0,0,0,0,0,0,0,0,0,0,0,0,0,0,0,0,0,0,0,0,0,0,0,0,0,0,0,0,0,0,0,0,0,0,0,0,0,0,0,0,0,0,0,0,0,0,0,0,0,0,0,0,0,0,0,0,0,0,0,0,0,0,0,0,0,0,0,0,0,0,0,0,0,0,0,0,0,0,0,0,0,0,0,0,0,0,0,0,0,0,0,0,0,0,0,0,0,0,0,0,0,0,0,0,0,0,0,0,0,0,0,0,0,0,0,0,0,0,0,0,0,0,0,0,0,0,0,0,0,0,0,0,0,0,0,0,0,0,0,0,0,0,0,0,0,0,0,0,0,0,0,0,0,0,0,0,0,0,0,0,0,0,0,0,0,0,0,0,0,0,0,0,0,0,0,0,0,0,0,0,0,0,0,0,0,0,0,0,0,0,0,0,0,0,0,0,0,0,0,0,0,0,0,0,0,0,0,0,0,0,0,0,0,0,0,0,0,0,0,0,0,0,0,0,0,0,0,0,0,0,0,0,0,0,0,0,0,0,0,0,0,0,0,0,0,0,0,0,0,0,0,0,0,0,0,0,0,0,0,0,0,0,0,0,0,0,0,0,0,0,0,0,0,0,0,0,0,0,0,0,0,0,0,0,0,0,0,0,0,0,0,0,0,0,0,0,0,0,0,0,0,0,0,0,0,0,0,0,0,0,0,0,0,0,0,0,0,0,0,0,0,0,0,0,0,0,0,0,0,0,0,0,0,0,0,0,0,0,0,0,0,0,0,0,0,0,0,0,0,0,0,0,0,0,0,0,0,0,0,0,0,0,0,0,0,0,0,0,0,0,0,0,0,0,0,0,0,0,0,0,0,0,0,0,0,0,0,0,0,0,0,0,0,0,0,0,0,0,0,0,0,0,0,0,0,0,0,0,0,0,0,0,0,0,0,0,0,0,0,0,0,0,0,0,0,0,0,0,0,0,0,0,0,0,0,0,0,0,0,0,0,0,0,0,0,0,0,0,0,0,0,0,0,0,0,0,0,0,0,0,0,0,0,0,0,0,0,0,0,0,0,0,0,0,0,0,0,0,0,0,0,0,0,0,0,0,0,0,0,0,0,0,0,0,0,0,0,0,0,0,0,0,0,0,0,0,0,0,0,0,0,0,0,0,0,0,0,0,0,0,0,0,0,0,0,0,0,0,0,0,0,0,0,0,0,0,0,0,0,0,0,0,0,0,0,0,0,0,0,0,0,0,0,0,0,0,0,0,0,0,0,0,0,0,0,0,0,0,0,0,0,0,0,0,0,0,0,0,0,0,0,0,0,0,0,0,0,0,0,0,0,0,0,0,0,0,0,0,0,0,0,0,0,0,0,0,0,0,0,0,0,0,0,0,0,0,0,0,0,0,0,0,0,0,0,0,0,0,0,0,0,0,0,0,0,0,0,0,0,0,0,0,0,0,0,0,0,0,0,0,0,0,0,0,0,0,0,0,0,0,0,0,0,0,0,0,0,0,0,0,0,0,0,0,0,0,0,0,0,0,0,0,0,0,0,0,0,0,0,0,0,0,0,0,0,0,0,0,0,0,0,0,0,0,0,0,0,0,0,0,0,0,0,0,0,0,0,0,0,0,0,0,0,0,0,0,0,0,0,0,0,0,0,0,0,0,0,0,0,0,0,0,0,0,0,0,0,0,0,0,0,0,0,0,0,0,0,0,0,0,0,0,0,0,0,0,0,0,0,0,0,0,0,0,0,0,0,0,0,0,0,0,0,0,0,0,0,0,0,0,0,0,0,0,0,0,0,0,0,0,0,0,0,0,0,0,0,0,0,0,0,0,0,0,0,0,0,0,0,0,0,0,0,0,0,0,0,0,0,0,0,0,0,0,0,0,0,0,0,0,0,0,0,0,0,0,0,0,0,0,0,0,0,0,0,0,0,0,0,0,0,0,0,0,0,0,0,0,0,0,0,0,0,0,0,0,0,0,0,0,0,0,0,0,0,0,0,0,0,0,0,0,0,0,0,0,0,0,0,0,0,0,0,0,0,0,0,0,0,0,0,0,0,0,0,0,0,0,0,0,0,0,0,0,0,0,0,0,0,0,0,0,0,0,0,0,0,0,0,0,0,0,0,0,0,0,0,0,0,0,0,0,0,0,0,0,0,0,0,0,0,0,0,0,0,0,0,0,0,0,0,0,0,0,0,0,0,0,0,0,0,0,0,0,0,0,0,0,0,0,0,0,0,0,0,0,0,0,0,0,0,0,0,0,0,0,0,0,0,0,0,0,0,0,0,0,0,0,0,0,0,0,0,0,0,0,0,0,0,0,0,0,0,0,0,0,0,0,0,0,0,0,0,0,0,0,0,0,0,0,0,0,0,0,0,0,0,0,0,0,0,0,0,0,0,0,0,0,0,0,0,0,0,0,0,0,0,0,0,0,0,0,0,0,0,0,0,0,0,0,0,0,0,0,0,0,0,0,0,0,0,0,0,0,0,0,0,0,0,0,0,0,0,0,0,0,0,0,0,0,0,0,0,0,0,0,0,0,0,0,0,0,0,0,0,0,0,0,0,0,0,0,0,0,0,0,0,0,0,0,0,0,0,0,0,0,0,0,0,0,0,0,0,0,0,0,0,0,0,0,0,0,0,0,0,0,0,0,0,0,0,0,0,0,0,0,0,0,0,0,0,0,0,0,0,0,0,0,0,0,0,0,0,0,0,0,0,0,0,0,0,0,0,0,0,0,0,0,0,0,0,0,0,0,0,0,0,0,0,0,0,0,0,0,0,0,0,0,0,0,0,0,0,0,0,0,0,0,0,0,0,0,0,0,0,0,0,0,0,0,0,0,0,0,0,0,0,0,0,0,0,0,0,0,0,0,0,0,0,0,0,0,0,0,0,0,0,0,0,0,0,0,0,0,0,0,0,0,0,0,0,0,0,0,0,0,0,0,0,0,0,0,0,0,0,0,0,0,0,0,0,0,0,0,0,0,0,0,0,0,0,0,0,0,0,0,0,0,0,0,0,0,0,0,0,0,0,0,0,0,0,0,0,0,0,0,0,0,0,0,0,0,0,0,0,0,0,0,0,0,0,0,0,0,0,0,0,0,0,0,0,0,0,0,0,0,0,0,0,0,0,0,0,0,0,0,0,0,0,0,0,0,0,0,0,0,0,0,0,0,0,0,0,0,0,0,0,0,0,0,0,0,0,0,0,0,0,0,0,0,0,0,0,0,0,0,0,0,0,0,0,0,0,0,0,0,0,0,0,0,0.1551487,-1.2460564,0.13280533,-0.8841244,-0.6112597,0.41079673,-0.10937545,1.04391,0.04098323,-0.18589386,-0.32806507,-0.61187184,-0.39165187,0.29418266,-1.1644113,0.37016544,0.43130365,1.2013085,0.25707123,0.54921854,-0.05673078,-0.1951526,0.07633474,-0.46227837,0.26380485,0.9201798,-0.27840462,0.17779815,-0.37466478,0.2773486,0.33986416,-0.41101104,0.28385267,-0.2791698,0.27788424,-0.4270799,-0.089327626,-0.24167578,-0.57529604,-0.34015498,0.7540583,-0.18818942,0.20113626,0.46650213,0.051848847,0.30864465,-0.77424395,-0.090704955,0.41171494,0.030347172,-0.6316136,0.3671812,-0.5386437,0.42977327,-0.17081973,0.018639855,-0.16622862,-0.18658252,0.32739165,-0.21298137,0.2428388,0.037845977,0.17741556,-0.15230228,-0.1822975,-0.039131545,0.27589476,0.25240362,0.43084455,0.24544042,0.22332661,0.43803728,0.22355616,-0.23203446,-0.44927025,0.0038718018,-0.2995237,0.026444733,0.22149016,0.036086053,-0.030178891,-0.3992272,-0.5804993,0.28752556,0.23709992,0.048329,0.17749208,0.20457959,0.17542608,-0.47023627,-0.015716912,0.22631082,0.23051934,-0.2995237,0.2947183,0.32830986,-0.35844287,-0.06813202,-0.24205838,0.254087,0.45869723,0.10143278,-0.6718623,-0.23624298,-0.100040205,-0.4914319,0.1784103,-0.41108754,0.053991362,-0.053670045,-0.12444957,0.3196633,0.23182015,0.20136583,-0.2800115,0.20809944,0.10510566,-0.07938023,-0.5076538,-0.1282755,0.030423691,-0.06415307,-0.26233575,0.055598248,0.38194928,0.4460717,-0.046400797,0.3171382,-0.2741196,-0.47046584,0.09332182,0.14145191,-0.05060931,0.19126539,-0.05826115,0.119185045,-0.23249358,-0.0063816654,-0.08848592,-0.29715163,-0.24680252,-0.051833604,-0.1930866,-0.049385015,-0.16798855,-0.045482576,0.4094194,-0.1303415,0.17121758,0.48479003,0.37674603,-0.28391394,0.13869724,0.017874671,-0.042421836,0.36970633,-0.16921285,-0.22530085,-0.22147492,-0.08519563,-0.037065547,0.075033925,-0.19323963,-0.13416742,0.48280054,-0.10386612,-0.5437705,-0.2239235,0.06799423,0.34039977,-0.067978986,0.12591867,0.04886463,-0.25192925,0.2947948,0.117042534,-0.16928937,0.6201511,-0.025740825,-0.11564996,-0.14549214,-0.16179056,-0.15681687,0.21031848,-0.023751345,-0.20020281,-0.08603733,-0.08603733,-0.08014541,0.10763077,0.14841509,0.16639692,-0.20334005,-0.17296225,-0.2275964,0.1285203,0.0037952834,-0.025587788,-0.029031115,0.068376824,-0.044487834,-0.15842375,0.37383834,-0.07700816,-0.39739075,-0.27014062,0.24551694,0.13762599,0.10587084,0.34231275,-0.34237403,-0.02153231,-0.1694424,-0.059332408,-0.12819898,-0.26057583,0.25890768,-0.15850027,-0.51675946,-0.3908867,-0.13072409,-0.023139197,-0.030331928,-0.061092332,-0.03216837,0.09026109,0.1763443,0.013972232,0.11268099,0.24306835,0.12270489,0.062025797,-0.4802602,0.17374268,0.12109801,-0.37780204,0.02039978,0.28239882,-0.12858157,0.36817595,0.68281966,0.057281654,-0.06813202,-0.14480348,0.00027543638,0.007009057,-0.39272314,0.10916114,-0.18505216,0.014584379,0.4032214,-0.15000673,0.124235265,-0.060021073,-0.2584333,0.32907507,0.060265873,0.084369175,-0.55555433,-0.024899121,0.24352747,-0.34719467,-0.28651556,-0.12552084,-0.10937545,0.13249925,-0.014569135,-0.29179534,0.0869708,-0.1964534,-0.16026019,-0.27312484,0.23442177,0.34491438,-0.21611863,0.088654205,0.15415396,0.5520497,0.044656117,-0.18681209,0.1526236,-0.0036270027,-0.05344049,0.040677156,0.06447438,-0.122230545,-0.219715,0.047563814,0.04159538,-0.35882547,0.17160016,-0.18359831,0.038764197,0.105794325,-0.23807941,0.2643405,0.15239404,0.035626944,-0.16883026,0.1871334,0.15078716,0.046109967,0.060265873,0.25003153,0.035626944,0.0898785,-0.00469826,-0.026965119,-0.13569778,-0.12896416,0.08299184,0.05850595,0.25179145,-0.007223368,-0.23318224,0.30833855,0.04924722,-0.0028618185,0.29556,0.4194433,-0.1203941,0.0416719,0.2395485,-0.23654905,-0.33908373,-0.16163753,0.08850116,0.07227926,0.19172451,0.087047316,-0.12689817,-0.2791698,0.2348809,-0.406726,-0.10493738,0.12974459,0.026980363,0.0570521,0.16394833,-0.15054235,-0.19905503,0.08337443,-0.23004499,0.339252,-0.16630514,-0.16875374,0.0066264644,0.18606214,-0.12353136,-0.055200413,0.18193014,0.09523479,0.19899376,0.058123358,0.13984501,0.20457959,0.22225535,-0.36150363,0.044197004,0.16348921,-0.07004499,0.1738192,0.22325009,0.063326605,0.08215014,-0.083512224,0.23518696,-0.066142544,-0.1981368,-0.02352179,0.3383338,-0.1212358,-0.29355526,-0.02153231,-0.19262747,-0.40641993,0.012977493,-0.3136796,0.048788108,0.06546912,0.40544042,-0.23486565,-0.15719946,0.39633474,0.30367094,-0.036300365,0.050854106,-0.13554475,0.060648464,0.16876899,0.09676515,-0.11320137,0.022618813,0.07335052,-0.09192925,0.1426762,-0.29386133,0.025449995,-0.15888286,-0.15230228,-0.098433316,-0.019772388,-0.42662078,0.0057082437,-0.13845244,0.019940669,-0.11006411,0.07465133,0.13609561,0.059118096,0.10143278,0.038840715,0.086588204,0.33152366,-0.104860865,-0.17548735,0.104723066,0.16157626,0.036086053,-0.1420488,-0.18459305,-0.0086007,0.3840918,0.13012718,-0.018624611,-0.0076824785,-0.37573603,0.426483,0.0803137,0.36572737,-0.15758204,0.17114106,0.00027543638,0.0047900225,-0.16462174,0.09852508,0.12668385,0.21047151,0.22171973,-0.02880156,0.0119062355,0.19907027,0.07335052,-0.3959369,0.15086368,-0.14717555,-0.031938814,-0.16247922,-0.30365568,-0.34742424,0.25707123,-0.34589386,0.082303174,-0.046400797,-0.10769204,-0.36173317,-0.19959065,0.08742991,-0.022756606,0.3181329,-0.108074635,-0.163627,-0.42111146,0.19432613,0.2162104,0.1298211,-0.15742901,-0.022909643,-0.26317745,0.04389093,-0.4760517,-0.10149405,0.11903201,-0.025358232,0.16899854,0.15820944,-0.10134102,0.09010805,0.05643995,0.4070473,0.28584215,0.1787929,-0.33334485,0.061490167,0.07442178,-0.0074529233,0.024837846,-0.15046583,0.008845499,0.13127495,0.11742513,-0.0050043343,0.30918026,-0.021914903,0.17825726,0.09929026,-0.16010715,-0.23195794,0.08934287,-0.2562143,-0.20670687,0.20649256,0.22133712,0.18062933,-0.046936423,-0.3722162,-0.22170448,0.16440743,0.043202266,0.1513993,-0.17625254,-0.19331615,-0.43052322,0.0433553,-0.08787377,-0.38652512,0.28806117,-0.12399047,0.18698037,0.10908462,0.15713818,0.20450307,-0.20441131,-0.0838183,0.05797032,0.074192226,-0.25277096,-0.17495173,-0.22751987,-0.097438574,0.111686245,-0.04280443,-0.0014079687,-0.25323007,0.20358486,0.052307956,0.310175,0.0060908357,-0.4540144,-0.16844766,-0.20938501,-0.09001629,0.13326444,-0.0070703314,-0.22078626,-0.15972456,0.1302037,0.18896984,0.09906071,0.2723749,0.34774554,-0.14243141,0.23197319,-0.08955718,-0.25942805,-0.039590657,-0.3651,-0.117180325,-0.15651079,-0.08029845,0.23556955,-0.057495967,0.0056317253,0.011294087,-0.19239792,-0.116874255,0.1855265,-0.09223533,0.3645796,0.032336652,-0.39762032,0.37888855,0.3583051,-0.045176502,-0.34130275,-0.05252227,-0.1914797,-0.27029368,-0.15918894,-0.18245053,-0.28590342,0.14994545,-0.1257504,0.21238448,-0.13921763,0.064856976,-0.05826115,-0.21665426,-0.16905981,0.36656907,-0.21290486,0.12553608,0.2423797,-0.44253662,-0.20448783,0.07671733,-0.0027853001,-0.05527693,0.19279577,-0.15146057,-0.03790725,-0.13118319,0.08398658,0.16808031,0.26908463,-0.015181283,-0.08971021,-0.23455957,-0.1897963,-0.20180969,-0.17984891,0.1031927,0.010452385,-0.06866765,-0.12506172,0.27038544,0.3068847,0.18001719,0.088118576,-0.012732694,0.13800858,0.33114105,0.10893158,0.061031055,0.011370606,0.44874984,0.12836726,0.012977493,-0.35928458,0.117578164,-0.21864374,-0.29707512,-0.06866765,-0.035382144,0.1197972,0.3047422,0.25469917,-0.04509998,0.039682418,-0.054588266,-0.022756606,0.17902245,-0.045941684,-0.030944075,-0.23685512,0.03432613,0.15882158,0.1684629,-0.19224489,-0.04854331,0.18935244,0.2112367,-0.09728554,0.012977493,-0.13738118,-0.11549692,0.14206405,-0.19086756,-0.27725685,0.057664245,-0.0913171,0.095617376,0.13135147,-0.17954284,-0.059715,-0.3627279,0.13142799,0.16019891,-0.3959369,-0.32094887,0.27926156,-0.27779248,-0.1270512,-0.030791039,-0.05344049,0.02223622,-0.10524345,0.33068195,-0.12773986,0.2869134,0.05797032,0.41852507,0.07786511,0.10701862,-0.02543475,-0.17671165,0.067841195,-0.12689817,0.14129888,-0.59220666,-0.0393611,0.09102628,-0.26799813,-0.23570734,0.17267142,-0.18872504,-0.15375613,-0.086955555,-0.17120233,-0.3315084,-0.052292712,0.10457003,0.026521252,0.059577204,-0.15773508,-0.046783388,0.09714775,0.14259969,-0.14028889,0.0011936573,-0.3028905,-0.3460469,-0.10149405,-0.15482739,0.24268577,0.09730078,0.22776468,0.206263,0.055751286,-0.00087233976,0.009610683,-0.17625254,-0.24810334,-0.16378003,0.31369486,-0.44276616,0.07977807,-0.049997162,0.04014153,-0.12291921,0.19011761,0.03317835,-0.08221141,0.10250404,0.04924722,0.07709992,0.07885984,0.0060908357,-0.35515258,-0.16974847,-0.21711338,-0.16561648,-0.05627167,-0.37114495,-0.37428218,-0.03400481,0.14237013,0.11038543,-0.12597995,0.08720035,0.016726894,0.19447917,0.03226013,-0.1332492,-0.07188143,-0.4029766,-0.05198664,-0.117180325,-0.09736206,-0.14503303,-0.08634341,-0.026582526,0.25424004,-0.18352179,0.074192226,-0.025511269,-0.04915546,-0.18114972,0.12193971,0.34522045,-0.0024792266,-0.0675964,-0.32676426,-0.10065235,-0.3178116,-0.23226401,0.09959634,0.08061977,0.21161929,0.33190623,-0.30510956,-0.14595126,0.1684629,-0.0071468498,0.09454612,-0.08565474,-0.104860865,0.003183136,-0.2171899,0.107936844,0.039835457,-0.14663991,-0.105396494,0.0366982,0.062025797,-0.2520823,0.18430221,-0.097132504,-0.033010073,-0.10509042,0.14527783,0.27000284,0.05024196,0.14979242,0.13946243,-0.26669732,-0.29684556,-0.09667339,-0.2010445,0.22684646,0.104416996,0.37116018,-0.022909643,-0.071422316,0.27130365,-0.15911242,0.059194613,-0.0016375239,0.041901454,0.3783529,0.1455839,0.0058612805,0.034173094,0.008998536,0.010758459,0.17098801,0.1277551,0.017721634,-0.1183281,-0.049997162,0.056363434,-0.13432045,-0.10019324,-0.19301008,-0.032015335,-0.33594647,-0.10317746,0.0023414334,-0.34038454,-0.02252705,-0.25828028,-0.22859113,-0.15674035,-0.026659045,-0.10134102,-0.12299573,-0.11679774,0.017109487,-0.071957946,0.38302052,0.11581824,0.22225535,-0.12567388,-0.13615689,0.23335052,-0.17388047,0.09209753,-0.2171899,-0.10769204,-0.24083409,0.027439473,-0.092617914,0.029122878,0.06432135,0.034632202,0.086817764,0.083833545,-0.038289845,0.108242914,0.19164799,-0.13455,-0.12643905,0.09286272,0.010452385,-0.19415785,0.21070106,0.17703296,0.12362312,-0.045406055,0.035626944,0.22692297,-0.0643061,0.03203058,-0.028036376,-0.23004499,0.03577998,-0.0239809,-0.044258278,0.076946884,-0.08657296,-0.0017140423,0.3499646,-0.07188143,-0.1985194,0.03998849,-0.0058460366,0.2175112,0.09439308,-0.2192559,0.20457959,-0.14778769,-0.3494137,-0.23639601,0.33978763,-0.08343571,0.06523957,0.27665994,-0.27564996,-0.031020595,-0.1291172,-0.25177622,-0.18880156,-0.11197708,-0.16431567,0.3076499,0.0018058047,0.07480437,-0.33028412,-0.10983456,-0.17135537,-0.17326832,-0.026965119,0.13119844,-0.027118156,0.057205137,-0.057342928,-0.186506,0.058812022,0.118878976,0.037845977,0.060954537,-0.16102538,0.06830031,-0.08374178,0.10801336,-0.09820376,0.04259012,-0.13516216,-0.18214446,-0.10202968,0.17557912,-0.2550665,0.008615944,-0.08221141,0.23434526,-0.07685512,-0.020078462,0.19884072,-0.1964534,0.1406102,0.088424645,0.12117453,-0.16026019,-0.0950665,-0.16439219,-0.23968631,0.05353225,0.16739164,0.12171016,0.26426396,-0.17801246,0.25339836,-0.034310885,-0.10554953,-0.37328744,0.054909583,-0.024669565,0.017492078,-0.2520823,0.051772326,0.26334575,0.11122713,0.22807075,0.15063411,-0.13562126,0.010452385,-0.13187186,0.25684166,-0.09590821,0.07120801,0.02223622,-0.22943284,-0.1174864,-0.072799645,-0.15008324,-0.22698425,-0.1079216,-0.088026814,0.2844648,0.052384473,0.29885027,0.16922809,0.1614232,0.0026475072,-0.0692798,-0.11297181,-0.18987282,-0.15727597,-0.22239314,0.076411255,0.090031534,0.25951982,0.094852194,-0.044640873,-0.09292399,-0.06078626,0.00042847323,0.13471828,-0.0780029,-0.10784508,-0.19331615,-0.20793116,-0.094148286,0.20595694,-0.02252705,0.03440265,-0.11067626,0.36312574,-0.06545388,-0.10042279,-0.15719946,0.08934287,0.030117618,-0.0297963,1.1651152,-0.22660166,-0.71149886,0.5692664,-0.46924153,1.5128914,0.24253273,-1.0754204,0.6623893,1.2532644,0.5747757,0.29119843,1.2186016,-0.80003065,-0.15436828,0.39212623,-1.3635123,-0.7704945,0.4606102,0.9039579,-0.59978193,1.4542783,-0.04035584,0.22753511,0.073656596,-0.34168535,1.0644935,-0.10937545,0.9084725,1.2338288,-0.85711336,-0.19109711,0.039529383,-1.3576204,0.5958182,-0.42317745,0.27306357,0.15423048,0.23755904,-0.42394266,0.47652602,0.27627736,0.19570346,-1.3504276,0.38990718,1.159912,-0.12559736,-0.08274704,0.14030413,-0.49709424,-0.33671165,-1.0440478,-0.008294626,1.1342783,0.78711426,0.459845,-0.43786898,0.7083003,-1.2941866,1.0155983,0.4165356,0.1717532,0.33902246,0.7573486,-1.169538,-0.17112581,0.4385729,-0.33349788,-0.9128188,-0.44314876,-0.28215402,-0.024363492,0.37697557,-0.43564996,-1.218969,0.8243022,1.124943,0.47530174,-0.2018862,-0.64760596,-0.57361263,1.1667986,1.155933,-0.11136492,0.63836247,-0.6108771,-0.71784985,1.1083386,-0.0039330763,-0.6191411,0.4205911,1.2961148,0.028357694,0.23358008,0.917119,-0.104325235,-0.98298615,-0.1581942,0.66491437,-0.9204706,-0.010896252,-0.08328267,-0.17877765,-1.0125222,1.2391086,0.7116671,0.78787947,0.6205337,0.77946246,-0.6537274,-0.1702841,0.64165276,0.011217569,-0.5742248,-0.0075294417,0.50162405,0.03241317,0.8301941,0.89010805,-0.011814473,0.15782684,-0.59182405,0.059347652,-0.036912512,0.4456891,0.7738001,-0.37068582,-1.2028235,
0,0,0,0,0,0,0,0,0,0,0,0,0,0,0,0,0,0,0,0,0,0,0,0,0,0,1,0,0,0,0,0,0,0,0,0,0,0,0,0,0,0,0,0,0,0,0,0,0,0,1,0,0,0,0,0,0,0,0,0,0,0,0,0,0,0,0,0,0,0,0,0,0,0,0,0,0,0,0,0,0,0,0,0,0,0,0,0,0,0,0,0,0,0,0,0,0,0,0,0,0,0,0,0,0,0,0,0,0,0,0,0,0,0,0,0,0,0,0,0,0,0,0,0,0,0,0,0,0,0,0,0,0,0,0,0,0,0,0,0,0,0,0,0,0,0,0,0,0,0,0,0,0,0,0,0,0,0,0,0,0,0,0,0,0,0,0,0,0,0,0,0,0,0,0,0,0,0,0,0,0,0,0,0,0,0,0,0,0,0,0,0,0,0,1,0,0,0,0,0,0,0,0,0,0,0,0,0,0,0,0,0,0,0,0,0,0,0,0,0,0,0,0,0,0,0,0,0,0,0,0,0,0,0,0,0,0,0,0,0,0,0,0,0,0,0,0,0,0,0,0,0,0,0,0,0,0,0,0,0,0,0,0,0,0,0,0,0,0,0,0,0,0,0,0,0,0,0,0,0,0,0,0,0,0,0,0,0,0,0,0,0,0,0,0,0,0,0,0,0,0,0,0,0,0,0,0,0,0,0,0,0,0,0,0,0,0,0,0,0,0,0,0,0,0,0,0,0,0,0,0,0,0,0,0,0,0,0,0,0,0,0,0,0,0,0,0,0,0,0,0,0,0,0,0,0,0,0,0,0,0,0,0,0,0,0,0,0,0,0,0,0,0,0,0,0,0,0,0,0,0,0,0,0,0,0,0,0,0,0,0,0,0,0,0,0,0,0,0,0,0,0,0,0,0,0,0,0,0,0,0,0,0,0,0,0,0,0,0,0,0,0,0,0,0,0,0,0,0,0,0,0,0,0,0,0,0,0,0,0,0,1,0,0,0,0,0,0,0,0,0,0,0,0,0,0,0,0,0,0,0,0,0,0,0,0,0,0,0,0,0,0,0,0,0,0,0,0,0,0,0,0,0,0,0,0,0,0,0,0,0,0,0,0,0,0,0,0,0,0,0,0,0,1,0,0,0,0,0,0,0,0,0,0,0,0,0,0,0,0,0,0,0,0,0,0,0,0,0,0,0,0,0,0,0,0,0,0,0,0,0,0,0,0,0,0,0,0,0,0,0,0,0,0,0,0,0,0,0,0,0,0,0,0,0,0,0,0,0,0,0,0,0,0,0,0,0,0,0,0,0,0,0,0,0,0,0,0,0,0,0,0,0,0,0,0,0,0,0,0,0,0,0,0,0,0,0,0,0,0,0,0,0,0,0,0,0,0,0,0,0,0,0,0,0,0,0,0,0,0,0,0,0,0,0,0,0,0,0,0,0,0,0,0,0,0,0,0,0,0,0,0,0,0,0,0,0,0,0,0,0,0,0,0,0,0,0,0,0,0,0,0,0,0,0,0,0,0,0,0,0,0,0,0,0,0,0,0,0,0,0,0,0,0,0,0,0,0,0,0,0,0,0,0,0,0,0,0,0,0,0,0,0,0,0,0,0,0,0,0,0,0,0,0,0,0,0,0,0,0,0,0,0,0,0,0,0,0,0,0,0,0,0,0,0,0,0,0,0,0,0,0,0,0,0,0,0,0,0,0,0,0,0,0,0,0,0,0,0,0,0,0,0,0,0,0,0,0,0,0,0,0,0,0,0,0,0,0,0,0,0,0,0,0,0,0,0,0,0,0,0,0,0,0,0,0,0,0,0,0,0,0,0,0,0,0,0,0,0,0,0,0,0,0,0,0,0,0,0,0,0,0,0,0,0,0,0,0,0,0,0,0,0,0,0,0,0,0,0,0,0,0,0,0,0,0,0,0,0,0,0,0,0,0,0,0,0,0,0,0,0,0,0,0,0,0,0,0,0,0,0,0,0,0,0,0,0,0,0,0,0,0,0,0,0,0,0,0,0,0,0,0,0,0,0,0,0,0,0,0,0,0,0,0,0,0,0,0,0,0,0,0,0,0,0,0,0,0,0,0,0,0,0,0,0,0,0,0,0,0,0,0,0,0,0,0,0,0,0,0,0,0,0,0,0,0,0,0,0,0,0,0,0,0,0,0,0,0,0,0,0,0,0,0,0,0,0,0,0,0,0,0,0,0,0,0,0,0,0,0,0,0,0,0,0,0,0,0,0,0,0,0,0,0,0,0,0,0,0,0,0,0,0,0,0,0,0,0,0,0,0,0,0,0,0,0,0,0,0,0,0,0,0,0,0,0,0,0,0,0,0,0,0,0,0,0,0,0,0,0,0,0,0,0,0,0,0,0,0,0,0,0,0,0,0,0,0,0,0,0,0,0,0,0,0,0,0,0,0,0,0,0,0,0,0,0,0,0,0,0,0,0,0,0,0,0,0,0,0,0,0,0,0,0,0,0,0,0,0,0,0,0,0,0,0,0,0,0,0,0,0,0,0,0,0,0,0,0,0,0,0,0,0,0,0,0,0,0,0,0,0,0,0,0,0,0,0,0,0,0,0,0,0,0,0,0,0,0,0,0,0,0,0,0,0,0,0,0,0,0,0,0,0,0,0,0,0,0,0,0,0,0,0,0,0,0,0,0,0,0,0,0,0,0,0,0,0,0,0,0,0,0,0,0,0,0,0,0,0,0,0,0,0,0,0,0,0,0,0,0,0,0,0,0,0,0,0,0,0,0,0,0,0,0,0,0,0,0,0,0,0,0,0,0,0,0,0,0,0,0,0,0,0,0,0,0,0,0,0,0,0,0,0,0,0,0,0,0,0,0,0,0,0,0,0,0,0,0,0,0,0,0,0,0,0,0,0,0,0,0,0,0,0,0,0,0,0,0,0,0,0,0,0,0,0,0,0,0,0,0,0,0,0,0,0,0,0,0,0,0,0,0,0,0,0,0,0,0,0,0,0,0,0,0,0,0,0,0,0,0,0,0,0,0,0,0,0,0,0,0,0,0,0,0,0,0,0,0,0,0,0,0,0,0,0,0,0,0,0,0,0,0,0,0,0,0,0,0,0,0,0,0,0,0,0,0,0,0,0,0,0,0,0,0,0,0,0,0,0,0,0,0,0,0,0,0,0,0,0,0,0,0,0,0,0,0,0,0,0,0,0,0,0,0,0,0,0,0,0,0,0,0,0,0,0,0,0,0,0,0,0,0,0,0,0,0,0,0,0,0,0,0,0,0,0,0,0,0,0,0,0,0,0,0,0,0,0,0,0,0,0,0,0,0,0,0,0,0,0,0,0,0,0,0,0,0,0,0,0,0,0,0,0,0,0,0,0,0,0,0,0,0,0,0,0,0,0,0,0,0,0,0,0,0,0,0,0,0,0,0,0,0,0,0,0,0,0,0,0,0,0,0,0,0,0,0,0,0,0,0,0,0,0,0,0,0,0,0,0,0,0,0,0,0,0,0,0,0,0,0,0,0,0,0,0,0,0,0,0,0,0,0,0,0,0,0,0,0,0,0,0,0,0,0,0,0,0,0,0,0,0,0,0,0,0,0,0,0,0,0,0,0,0,0,0,0,0,0,0,0,0,0,0,0,0,0,0,0,0,0,0,0,0,0,0,0,0,0,0,0,0,0,0,0,0,0,0,0,0,0,0,0,0,0,0,0,0,0,0,0,0,0,0,0,0,0,0,0,0,0,0,0,0,0,0,0,0,0,0,0,0,0,0,0,0,0,0,0,0,0,0,0,0,0,0,0,0,0,0,0,0,0,0,0,0,0,0,0,0,0,0,0,0,0,0,0,0,0,0,0,0,0,0,0,0,0,0,0,0,0,0,0,0,0,0,0,0,0,0,0,0,0,0,0,0,0,0,0,0,0,0,0,0,0,0,0,0,0,0,0,0,0,0,0,0,0,0,0,0,0,0,0,0,0,0,0,0,0,0,0,0,0,0,0,0,0,0,0,0,0,0,0,0,0,0,0,0,0,0,0,0,0,0,0,0,0,0,0,0,0,0,0,0,0,0,0,0,0,0,0,0,0,0,0,0,0,0,0,0,0,0,0,0,0,0,0,0,0,0,0,0,0,0,0,0,0,0,0,0,0,0,0,0,0,0,0,0,0,0,0,0,0,0,0,0,0,0,0,0,0,0,0,0,0,0,0,0,0,0,0,0,0,0,0,0,0,0,0,0,0,0,0,0,0,0,0,0,0,0,0,0,0,0,0,0,0,0,0,0,0,0,0,0,0,0,0,0,0,0,0,0,0,0,0,0,0,0,0,0,0,0,0,0,0,0,0,0,0,0,0,0,0,0,0,0,0,0,0,0,0,0,0,0,0,0,0,0,0,0,0,0,0,0,0,0,0,0,0,0,0,0,0,0,0,0,0,0,0,0,0,0,0,0,0,0,0,0,0,0,0,0,0,0,0,0,0,0,0,0,0,0,0,0,0,0,0,0,0,0,0,0,0,0,0,0,0,0,0,0,0,0,0,0,0,0,0,0,0,0,0,0,0,0,0,0,0,0,0,0,0,0,0,0,0,0,0,0,0,0,0,0,0,0,0,0,0,0,0,0,0,0,0,0,0,0,0,0,0,0,0,0,0,0,0,0,0,0,0,0,0,0,0,0,0,0,0,0,0,0,0,0,0,0,0,0,0,0,0,0,0,0,0,0,0,0,0,0,0,0,0,0,0,0,0,0,0,0,0,0,0,0,0,0,0,0,0,0,0,0,0,0,0,0,0,0,0,0,0,0,0,0,0,0,0,0,0,0,0,0,0,0,0,0,0,0,0,0,0,0,0,0,0,0,0,0,0,0,0,0,0,0,0,0,0,0,0,0,0,0,0,0,0,0,0,0,0,0,0,0,0,0,0,0,0,0,0,0,0,0,0,0,0,0,0,0,0,0,0,0,0,0,0,0,0,0,0,0,0,0,0,0,0,0,0,0,0,0,0,0,0,0,0,0,0,0,0,0,0,0,0,0,0,0,0,0,0,0,0,0,0,0,0,0,0,0,0,0,0,0,0,0,0,0,0,0,0,0,0,0,0,0,0,0,0,0,0,0,0,0,0,0,0,0,0,0,0,0,0,0,0,0,0,0,0,0,0,0,0,0,0,0,0,0,0,0,0,0,0,0,0,0,0,0,0,0,0,0,0,0,0,0,0,0,0,0,0,0,0,0,0,0,0,0,0,0,0,0,0,0,0,0,0,0,0,0,0,0,0,0,0,0,0,0,0,0,0,0,0,0,0,0,0,0,0,0,0,0,0,0,0,0,0,0,0,0,0,0,0,0,0,0,0,0,0,0,0,0,0,0,0,0,0,0,0,0,0,0,0,0,0,0,0,0,0,0,0,0,0,0,0,0,0,0,0,0,0,0,0,0,0,0,0,0,0,0,0,0,0,0,0,0,0,0,0,0,0,0,0,0,0,0,0,0,0,0,0,0,0,0,0,0,0,0,0,0,0,0,0,0,0,0,0,0,0,0,0,0,0,0,0,0,0,0,0,0,0,0,0,0,0,0,0,0,0,0,0,0,0,0,0,0,0,0,0,0,0,0,0,0,0,0,0,0,0,0,0,0,0,0,0,0,0,0,0,0,0,0,0,0,0,0,0,0,0,0,0,0,0,0,0,0,0,0,0,0,0,0,0,0,0,0,0,0,0,0,0,0,0,0,0,0,0,0,0,0,0,0,0,0,0,0,0,0,0,0,0,0,0,0,0,0,0,0,0,0,0,0,0,0,0,0,0,0,0,0,0,0,0,0,0,0,0,0,0,0,0,0,0,0,0,0,0,0,0,0,0,0,0,0,0,0,0,0,0,0,0,0,0,0,0,0,0,0,0,0,0,0,0,0,0,0,0,0,0,0,0,0,0,0,0,0,0,0,0,0,0,0,0,0,0,0,0,0,0,0,0,0,0,0,0,0,0,0,0,0,0,0,0,0,0,0,0,0,0,0,0,0,0,0,0,0,0,0,0,0,0,0,0,0,0,0,0,0,0,0,0,0,0,0,0,0,0,0,0,0,0,0,0,0,0,0,0,0,0,0,0,0,0,0,0,0,0,0,0,0,0,0,0,0,0,0,0,0,0,0,0,0,0,0,0,0,0,0,0,0,0,0,0,0,0,0,0,0,0,0,0,0,0,0,0,0,0,0,0,0,0,0,0,0,0,0,0,0,0,0,0,0,0,0,0,0,0,0,0,0,0,0,0,0,0,0,0,0,0,0,0,0,0,0,0,0,0,0,0,0,0,0,0,0,0,0,0,0,0,0,0,0,0,0,0,0,0,0,0,0,0,0,0,0,0,0,0,0,0,0,0,0,0,0,0,0,0,0,0,0,0,0,0,0,0,0,0,0,0,0,0,0,0,0,0,0,0,0,0,0,0,0,0,0,0,0,0,0,0,0,0,0,0,0,0,0,0,0,0,0,0,0,0,0,0,0,0,0,0,0,0,0,0,0,0,0,0,0,0,0,0,0,0,0,0,0,0,0,0,0,0,0,0,0,0,0,0,0,0,0,0,0,0,0,0,0,0,0,0,0,0,0,0,0,0,0,0,0,0,0,0,0,0,0,0,0,0,0,0,0,0,0,0,0,0,0,0,0,0,0,0,0,0,0,0,0,0,0,0,0,0,0,0,0,0,0,0,0,0,0,0,0,0,0,0,0,0,0,0,0,0,0,0,0,0,0,0,0,0,0,0,0,0,0,0,0,0,0,0,0,0,0,0,0,0,0,0,0,0,0,0,0,0,0,0,0,0,0,0,0,0,0,0,0,0,0,0,0,0,0,0,0,0,0,0,0,0,0,0,0,0,0,0,0,0,0,0,0,0,0,0,0,0,0,0,0,0,0,0,0,0,0,0,0,0,0,0,0,0,0,0,0,0,0,0,0,0,0,0,0,0,0,0,0,0,0,0,0,0,0,0,0,0,0,0,0,0,0,0,0,0,0,0,0,0,0,0,0,0,0,0,0,0,0,0,0,0,0,0,0,0,0,0,0,0,0,0,0,0,0,0,0,0,0,0,0,0,0,0,0,0,0,0,0,0,0,0,0,0,0,0,0,0,0,0,0,0,0,0,0,0,0,0,0,0,0,0,0,0,0,0,0,0,0,0,0,0,0,0,0,0,0,0,0,0,0,0,0,0,0,0,0,0,0,0,0,0,0,0,0,0,0,0,0,0,0,0,0,0,0,0,0,0,0,0,0,0,0,0,0,0,0,0,0,0,0,0,0,0,0,0,0,0,0,0,0,0,0,0,0,0,0,0,0,0,0,0,0,0,0,0,0,0,0,0,0,0,0,0,0,0,0,0,0,0,0,0,0,0,0,0,0,0,0,0,0,0,0,0,0,0,0,0,0,0,0,0,0,0,0,0,0,0,0,0,0,0,0,0,0,0,0,0,0,0,0,0,0,0,0,0,0,0,0,0,0,0,0,0,0,0,0,0,0,0,0,0,0,0,0,0,0,0,0,0,0,0,0,0,0,0,0,0,0,0,0,0,0,0,0,0,0,0,0,0,0,0,0,0,0,0,0,0,0,0,0,0,0,0,0,0,0,0,0,0,0,0,0,0,0,0,0,0,0,0,0,0,0,0,0,0,0,0,0,0,0,0,0,0,0,0,0,0,0,0,0,0,0,0,0,0,0,0,0,0,0,0,0,0,0,0,0,0,0,0,0,0,0,0,0,0,0,0,0,0,0,0,0,0,0,0,0,0,0,0,0,0,0,0,0,0,0,0,0,0,0,0,0,0,0,0,0,0,0,0,0,0,0,0,0,0,0,0,0,0,0,0,0,0,0,0,0,0,0,0,0,0,0,0,0,0,0,0,0,0,0,0,0,0,0,0,0,0,0,0,0,0,0,0,0,0,0,0,0,0,0,0,0,0,0,0,0,0,0,0,0,0,0,0,0,0,0,0,0,0,0,0,0,0,0,0,0,0,0,0,0,0,0,0,0,0,0,0,0,0,0,0,0,0,0,0,0,0,0,0,0,0,0,0,0,0,0,0,0,0,0,0,0,0,0,0,0,0,0,0,0,0,0,0,0,0,0,0,0,0,0,0,0,0,0,0,0,0,0,0,0,0,0,0,0,0,0,0,0,0,0,0,0,0,0,0,0,0,0,0,0,0,0,0,0,0,0,0,0,0,0,0,0,0,0,0,0,0,0,0,0,0,0,0,0,0,0,0,0,0,0,0,0,0,0,0,0,0,0,0,0,0,0,0,0,0,0,0,0,0,0,0,0,0,0,0,0,0,0,0,0,0,0,0,0,0,0,0,0,0,0,0,0,0,0,0,0,0,0,0,0,0,0,0,0,0,0,0,0,0,0,0,0,0,0,0,0,0,0,0,0,0,0,0,0,0,0,0,0,0,0,0,0,0,0,0,0,0,0,0,0,0,0,0,0,0,0,0,0,0,0,0,0,0,0,0,0,0,0,0,0,0,0,0,0,0,0,0,0,0,0,0,0,0,0,0,0,0,0,0,0,0,0,0,0,0,0,0,0,0,0,0,0,0,0,0,0,0,0,0,0,0,0,0,0,0,0,0,0,0,0,0,0,0,0,0,0,0,0,0,0,0,0,0,0,0,0,0,0,0,0,0,0,0,0,0,0,0,0,0,0,0,0,0,0,0,0,0,0,0,0,0,0.75913274,0.13403472,-0.1466973,-1.2572856,-0.30099794,-1.1699653,0.08744649,0.22443995,0.3059563,-0.60923326,-0.09179534,0.82271445,0.18862295,-0.7221744,0.85947263,1.0850935,0.07761642,-0.8258607,0.3918125,-0.79516786,-0.61043584,-0.044475082,-0.666645,-0.26690644,-0.55124635,0.5161524,-0.5205535,0.24891055,-0.48118097,-0.23626593,-0.5795862,1.40844,-0.58512866,0.34376022,-0.5609718,0.4201001,-1.3421483,-1.1644228,0.5294857,-0.018592728,-0.53216136,-1.1687627,0.14940727,-0.642645,0.9484661,0.5109236,1.2231851,0.14328963,-0.37629208,-0.1374424,-0.28379536,-0.24457966,-0.774462,-0.3184097,-0.39647508,0.26098898,-0.47872344,-0.90366465,0.8493288,-0.29639664,-0.06246201,0.31291053,0.13534191,-0.5994555,-0.774462,-0.09874959,0.36258376,-0.3774424,-0.26868424,0.08483211,-1.1061221,0.07944649,1.1039693,-0.97592604,-0.910828,0.286453,-0.72593915,-0.15778227,0.2912635,0.47829616,0.3438125,-0.30518097,0.83662295,0.05905433,-0.8569195,-0.40363848,-0.6832725,-0.12729861,0.5694857,0.14783864,-0.031612337,0.05518505,-0.2456254,0.6717602,-0.11605678,-0.4447888,0.39024386,-0.9771287,0.7699563,0.3332504,-0.5173117,-0.27584764,0.45596936,-0.16065809,-0.38690645,-0.7900437,-0.41263196,-0.100893386,0.37691054,-0.48834437,0.009433415,0.2419563,0.20896283,0.23118505,0.19860989,-0.77001756,-0.5362398,-0.80452734,-0.14214829,-0.41169077,-0.3118215,-0.005677696,-0.6146189,0.2936164,0.9791066,0.6077079,0.44268832,0.32514584,0.73011315,0.07965564,-0.1644228,0.57272756,0.16415237,-0.78884107,-0.93210906,0.47735497,-0.16583456,-0.3480045,-0.11244894,-0.6146712,-1.030828,-1.2150372,0.7227406,-0.12384763,-0.10920711,-0.65723324,-0.27961233,-0.2683182,-0.6960306,0.06302819,0.43902817,0.57476676,1.1367537,0.26768178,0.3745053,0.6890151,0.5945315,-0.9977823,0.06386479,-0.6423313,0.38036153,-0.12170384,-0.03888031,0.31965563,0.6360478,-0.4422267,0.11515891,0.2069236,-0.044318218,0.121694855,-0.086514294,0.59803474,0.024701389,-0.63537705,-0.5037692,0.7867929,0.302453,1.1433942,-0.2566058,-0.29341626,-0.11396528,0.42344648,-0.40505025,0.13251838,0.3547406,0.08425695,-0.5509326,0.7665576,-0.09885417,-0.14183456,0.38977328,0.49853146,0.10700204,-0.023403186,-0.5971025,-0.35663193,-0.32452738,0.25905433,-0.13519403,-0.5178868,0.24294975,-0.0029064543,0.6821132,-0.8499653,-0.96337706,-0.074226715,-0.32787377,-0.3314816,-0.54622674,0.6179563,-0.31872344,-0.885364,0.19437459,-0.012475082,-0.3446058,0.35275367,-0.38105026,-0.96918094,-0.52959925,0.9397864,0.7491458,-0.020213643,0.78318506,-0.2878215,-0.42105025,-0.00055351306,0.17513277,-0.2557692,0.34480596,0.29989094,0.60132885,0.30888438,-0.086775735,-0.032448936,-0.3678738,0.07008701,0.7544269,-0.19752084,0.039080475,0.114008576,0.37319812,-0.6658607,-0.20013522,0.4427929,0.06966871,-0.4823313,-0.090645015,-0.21132475,-0.90915483,-0.30601758,-0.22674958,-0.27997833,-0.01273652,-0.18826593,-0.24583456,0.49889746,0.14574714,0.018060867,-0.15250123,-0.14115483,-0.41352084,-0.019795343,0.68462294,0.00891054,-0.13514175,-0.54392606,-0.032292075,-0.166462,-0.67814827,-0.3992986,-0.20865808,-0.21890645,-0.16008292,0.05393015,0.058060866,-0.28165156,0.33314583,0.6888583,-0.5916646,0.32007393,0.33162948,-0.31401756,-0.034854166,0.42360336,-0.382096,0.5717341,0.055707924,0.35338113,0.36765563,-0.314279,-0.091952205,-0.096762665,-0.7092594,0.6223484,-0.9814163,0.013302696,0.1964138,0.016387664,-0.59631824,-0.29524633,-0.5895208,-0.7148542,-0.1441352,0.9030282,0.35672754,-0.8363705,0.31484517,0.24216545,0.32049224,0.4903223,-0.20891953,0.012832108,0.8211981,0.3971981,-0.07103717,-0.15778227,-0.15992606,-0.36065808,-0.6871418,-0.6130502,0.75881904,0.5273942,0.25821772,-0.053468544,-0.23736396,-0.5516123,0.33800858,-0.2894424,-0.4372594,0.377904,0.3001001,1.3261393,0.27045304,-0.14748162,-0.22356005,-0.53989995,0.14098898,1.0577471,-0.088344365,0.1985576,0.0035249183,0.2625576,-0.5290764,0.24979943,-0.022095997,-0.13650122,0.58538115,0.876623,0.039028186,-0.24212214,-0.12928554,0.04368178,0.51233536,0.45000857,-0.087037176,-0.19025286,0.2730151,-0.07689338,-0.0046319445,-0.53226596,0.7711066,0.13701512,-0.65550774,0.2372504,0.33084518,0.07395629,-0.08876266,0.4650151,0.44159028,0.027577206,0.41847917,0.19531576,0.2116295,-0.27229208,0.5715249,0.027629493,-0.2961875,-0.2595862,-0.11710253,-0.1438215,0.33701512,-0.021207107,0.32373407,0.6345838,-0.0801875,-0.4978607,0.01560335,-0.49252737,-0.39035743,-0.20086724,-0.028370507,-0.7016777,0.2267406,0.34360334,-0.417913,0.2487014,0.4915249,0.29827002,-0.06403064,-0.5724228,-0.5927104,-0.044841096,0.3682831,-0.015873775,0.054923613,0.1787929,0.10119812,0.27458373,0.08776021,-0.1454424,0.2601001,0.103969365,-0.24123324,-0.075481616,-0.13623978,0.34020466,0.10135499,0.523002,0.16598244,0.21246609,-0.28029206,0.26857066,-0.084841095,0.19819158,0.43359026,0.08796936,-0.7778084,0.7155772,-0.8203182,0.21210009,-0.94199145,-0.1623313,0.58443993,-0.030566584,-0.45989993,-0.5293378,-0.40478882,-0.022566585,0.34072754,0.7105053,0.16315891,0.016805964,0.46020466,0.59531575,0.285721,0.009590277,0.5463746,-0.77890646,0.510087,-0.3251548,-0.40881494,-0.23569077,0.15144649,0.17084518,0.26156414,0.2671589,-0.23025286,-0.64327246,0.513538,1.0031066,-0.1690241,0.25403473,0.26815236,0.2558125,0.5187145,0.027943218,-0.14063194,-0.13006985,-0.43197834,-0.079664625,0.1673942,-0.50057966,0.3202308,0.18308048,-0.75108945,0.4364138,-0.101259395,-0.47166464,0.53225696,-0.31736398,0.2831589,0.02836152,0.12744649,-0.15971692,-0.049599264,0.6285707,0.38166872,0.036518384,-0.13979535,0.024492238,-0.107115604,-0.07271037,0.044152368,-0.60714173,0.5005184,0.11766871,0.33602166,0.031237336,-0.43867117,-0.49890646,0.62104124,-0.20557313,-0.03391299,0.3833419,0.043838643,0.011629494,-0.2797692,-0.101939134,0.35071447,0.21126348,0.74475366,0.006034722,0.11453146,-0.30099794,0.3239955,0.5689628,0.22376022,0.0077602123,0.569538,-0.04468423,0.27505434,-0.21127246,-0.37101102,-0.17325939,0.087237336,-0.49237052,0.0031066176,-0.43516788,0.013825572,0.3362308,0.02553799,-0.22826593,0.5879432,0.068204656,0.1522308,0.12389093,-0.4199522,-0.3757692,0.32927656,-0.1635862,0.56514585,-0.053311683,0.5783223,0.06616544,0.7644661,-0.025599265,0.74877983,0.20504126,0.029459558,-0.27129862,0.6888583,0.9667668,-0.30826592,-0.13043587,-0.7798999,-0.20954698,0.50287133,-0.1736777,0.20634845,-0.14941625,-0.5357692,0.14757721,-0.11694567,0.3527014,0.77131575,-0.6337038,0.5842831,0.14334191,0.1362308,-0.4595862,-0.38450122,0.044256944,-0.018697305,0.4119955,-0.27919403,0.92232233,-0.42983454,0.15353799,-0.44008294,-0.174462,-0.66078883,0.18193014,0.12556413,-1.2743313,0.5155249,0.24734192,-0.4002398,0.17000858,0.3605968,0.12321119,0.18872753,-0.25006986,0.3623223,0.56169486,0.41973406,0.11427002,-0.61440974,0.45471445,-0.1686581,0.19589093,0.19620466,-0.49263194,0.004936683,0.72122425,-0.33550775,-0.45137703,-0.17989992,-0.22570384,0.14700204,0.032962825,0.8604138,-0.035586193,0.6414857,-0.29587376,0.3791589,-0.19223979,-0.13759926,-0.53676265,-0.2873509,-0.029468546,0.2473942,-0.40159926,0.35510662,0.46234846,-0.50570387,-0.50199145,0.6112112,0.026322303,0.16817851,0.12687132,-0.06481495,-0.06110253,0.24911968,-0.5020437,0.20446609,-0.32797834,0.57732886,0.4861393,-0.0936777,-0.22356005,0.21372099,-0.14868423,-0.029050246,-1.2654424,0.34015238,-0.116788805,-0.3854424,-0.22978227,-0.2326058,-0.1458607,-0.13503717,0.17978635,-0.40295875,-0.026069853,-0.17754698,1.0104792,-0.2633509,0.38485825,-0.15788685,0.40995628,0.5788452,-0.37184763,-0.13676266,0.077302694,1.0454073,0.14825694,-0.079664625,0.3669236,-0.042383578,0.429721,-0.65336394,-0.24431822,0.25978637,-0.48091954,-0.026174428,0.71332884,0.23060988,-0.22999142,-0.24285416,-0.3551679,-0.13425286,0.033642564,-0.109311685,0.019158905,0.23536806,0.15840073,-0.46910253,0.19824387,0.57304126,0.57638764,0.63176024,0.20174713,-0.5299653,-0.12996528,-0.06476267,0.37006086,0.51636153,-0.21974306,-0.34695876,0.1000478,0.13764256,-0.27710253,0.0073941993,-0.44139013,-0.12369077,0.19165564,-0.5636908,-0.3008411,-0.1631156,0.19677982,0.19594322,-0.2823313,-0.40682802,0.8407537,0.74145955,0.57006085,-0.38512868,0.39092362,-0.071664624,0.24483211,-0.652998,-0.06533783,-0.052997958,0.16875368,-0.11108946,-0.662462,0.00891054,-0.2136254,0.31243995,-0.3613901,-0.054096,-0.10695874,-0.15490645,-0.18455352,-0.1589326,0.027211193,-0.0059914216,0.6719171,0.1534857,0.1951589,0.53387785,-0.034645017,-0.2376777,-0.058906455,0.60896283,-0.15966463,0.06391708,-0.053834558,0.33643994,0.17785172,-0.43082803,-0.20656659,0.2916295,0.5715249,-0.011899918,-0.055246323,-0.30633128,-0.273913,0.1838125,0.42815238,-0.45226592,-0.5356646,0.3089367,-0.05336397,-0.20714174,-0.14188685,0.3346099,-0.25430515,0.1484138,-0.49697182,-0.15872344,0.12096283,-0.03501103,-0.30831823,0.32985172,-0.322279,-0.029468546,-0.1315339,-0.19919403,-0.064919524,-0.052370507,0.56671447,-0.7305927,-0.07103717,0.5041785,0.07165564,0.17942034,0.26527655,0.6520478,-0.55997837,-0.54021364,-0.41420057,-0.046932597,-0.52588683,-0.26350775,0.30606088,0.24634844,0.41962948,0.5441785,-0.4932594,0.43406087,0.26611316,-0.15328553,-0.11924633,-0.053677697,-0.09749469,0.084936686,-0.13467117,-0.2271156,-0.3185666,-0.30978227,-0.4448411,0.040962826,0.06705433,-0.5464359,-0.40959927,0.12111969,0.07787786,0.024858251,0.32096282,-0.44191298,0.19610009,-0.19124633,-0.18978228,0.15385172,-0.6995862,-0.05012214,0.47991708,-0.10172998,-0.19511561,-0.54533786,-0.5520306,-0.084213644,-0.45393914,0.20964256,-0.36301103,0.48723733,0.38627002,0.21398243,-0.12693259,-0.11234436,-0.18434437,0.35745955,-0.36034435,0.1291197,0.13910662,-0.41435742,-0.92839664,-0.06319404,-0.5795862,-0.30016136,0.23625694,-0.3247365,-0.42026594,0.23165564,0.15704125,-0.19626594,0.29779944,0.4082308,-0.47229207,-0.014252859,-0.46978226,0.12561642,-0.7690241,-0.44593912,0.35725042,-0.009860703,-0.3611287,-0.6101744,0.40305433,-0.20457965,0.37931576,0.20247917,-0.04086724,-0.69435745,-0.3034032,-0.014252859,0.3071066,-0.51203066,0.06579943,-0.49838358,0.062766746,-0.05963848,-0.38533783,0.2721785,0.06030923,0.11092361,-0.22141626,-0.43610907,-0.049442403,-0.42685416,0.830819,-0.2793509,0.09168178,0.342087,0.16493668,0.2941393,0.45314583,0.24922426,0.27280596,0.2974334,-0.07140318,0.0014857026,0.22266217,-0.186279,-0.05488031,0.33800858,0.043786354,-0.10570384,0.21523733,-0.23752083,-0.2052594,0.105642565,0.29183865,-0.042488154,0.29445302,0.094034724,-0.28039664,0.62564254,-0.042645015,-0.35239664,-0.4768411,-0.3548019,0.14077982,-0.43699795,-0.12473652,0.32634845,0.3109236,-0.08803064,-0.21686724,-0.089651555,-0.14403063,0.07196936,0.24838766,-0.20091952,-0.40980843,-0.5180437,-0.087141745,-0.5530241,0.44760334,-0.16677573,0.24378635,0.16258374,0.1346099,-0.2978607,-0.045886848,-0.37895873,-0.00071037584,-0.5080045,-0.19814828,-0.01294567,0.5494596,0.0848844,-0.20698489,-0.18005678,0.34606087,0.13272753,-0.38523325,0.1922831,0.01429616,0.24462296,-0.17399143,0.024544526,0.5616426,0.42104125,0.1063223,-0.1155339,-0.410645,0.3493027,-0.22701102,0.25074062,0.6066099,0.08545956,0.2781916,-0.034279004,0.11934191,-0.7816254,0.17277981,0.033851717,0.17555106,-0.15239665,0.10166871,0.30611315,-0.20980841,-0.21890645,-0.0032724673,0.72227,0.1607014,-0.16552083,0.2894857,-0.056501225,-0.482645,0.549355,0.1446491,-0.11438358,0.13617851,0.31191707,-0.2608411,-0.23004371,0.32389092,-0.083899915,0.0806491,-0.110984884,-0.074488156,0.13027002,-0.14784764,0.074060865,0.017485702,0.31374714,-0.08912867,-0.28620058,0.03740727,-0.19140318,0.29105434,0.05063603,-0.18057966,-0.19663194,-0.20572998,0.10731577,0.2949759,-0.19579534,-0.37095875,-0.722279,-0.16405678,1.084623,-0.51422673,-0.4237692,-0.42491952,-0.15192606,-0.035743054,0.53173405,0.58151186,0.56728965,0.5197602,-1.0714555,0.66292363,-1.7298084,0.70569485,-0.7518738,1.3488843,0.103028186,-0.07328554,-1.0188019,-0.7036646,-1.2665927,-0.21435744,0.0865576,-0.14601757,0.3850674,-0.14261888,-0.86178225,-0.068109065,-1.2813379,0.32451838,0.31102818,-0.2806058,-0.5104097,0.40216544,0.6857733,-0.5506189,1.0047798,-0.8002398,0.03500204,-0.42654043,0.69952494,1.3255641,0.5106622,0.5218517,0.74203473,-1.1485274,-1.0247626,-1.1282921,0.22376022,0.3001001,-0.6069326,0.06773407,-0.40034437,1.5224792,0.13638766,-0.46057966,0.6878125,0.6101654,0.21879289,0.05199551,-0.77090645,0.75494975,0.29178634,0.25246608,-0.35469732,0.6423223,0.06940727,-0.40505025,1.0839955,0.3075772,-0.8566581,0.6925707,-0.43370384,-0.97216135,-0.22789992,-0.27276266,-0.0037430555,0.106531456,0.2886491,0.4225576,0.13800858,1.0405968,0.34877983,1.4080739,0.47965562,0.5949498,0.5097733,-0.98230517,-0.0553509,-0.60494566,-0.36573,-1.0656515,-0.7308019,-1.162645,0.18036152,-0.5156385,-1.3791679,-0.2069326,0.23149878,1.2550805,-1.0568149,-0.064239785,-0.07250123,-0.33372998,-0.78277576,-0.19459273,-0.3618607,-0.30366462,-0.706645,-0.56792605,-0.3270372,0.377904,-0.24044894,0.39029616,-1.0379914,-0.7845535,-0.035533905,0.41717198,0.03615237,0.8957079,-0.6657561,-0.44133782,0.929904,-0.5411548,-0.6726058,0.6734857,-1.303194,0.34627002,
0,0,0,1,1,0,0,0,0,0,0,0,0,0,0,0,0,0,0,0,0,0,0,0,0,0,0,0,0,0,0,0,0,0,0,0,0,0,0,0,0,0,0,0,0,0,0,0,0,0,0,0,0,0,0,0,0,0,0,0,0,0,0,0,0,0,0,0,0,0,0,0,0,0,0,0,0,0,0,0,0,0,0,0,0,0,0,0,0,0,0,0,0,0,0,0,0,0,0,0,0,0,0,0,0,0,0,0,0,0,0,0,0,0,0,0,0,0,0,0,0,0,0,0,0,0,0,0,0,0,0,0,0,0,0,0,0,0,0,0,0,0,0,0,0,0,0,0,0,0,0,0,0,0,0,0,0,0,0,0,0,0,0,0,0,0,0,0,0,0,0,0,0,0,0,0,0,0,0,0,0,0,0,0,0,0,0,0,0,0,0,0,0,0,0,0,0,0,0,0,0,0,0,0,0,0,0,0,0,0,0,0,0,0,0,0,0,0,0,0,0,0,0,0,0,0,0,0,0,0,0,0,0,0,0,0,0,0,0,0,0,0,0,0,0,0,0,0,0,0,0,0,0,0,0,0,0,0,0,0,0,0,0,0,0,0,0,0,0,0,0,0,0,0,0,0,0,0,0,0,0,0,0,0,0,0,0,0,0,0,0,0,0,0,0,0,0,0,0,0,0,0,0,0,0,0,0,0,0,0,0,0,0,0,0,0,0,0,0,0,0,0,0,0,0,0,0,0,0,0,0,0,0,0,0,0,0,0,0,0,0,0,0,0,0,0,0,0,0,0,0,0,0,0,0,0,0,0,0,0,0,0,0,0,0,0,0,0,0,0,0,0,0,0,0,0,0,0,0,0,0,0,0,0,0,0,0,0,0,0,0,0,0,0,0,0,0,0,0,0,0,0,0,0,0,0,0,0,0,0,0,0,0,0,0,0,0,0,0,0,0,0,0,0,0,0,0,0,0,0,0,0,0,0,0,0,0,0,0,0,0,0,0,0,0,0,0,0,0,0,0,0,0,0,0,0,0,0,0,0,0,0,0,0,0,0,0,0,0,0,0,0,0,0,0,0,0,0,0,0,0,0,0,0,0,0,0,0,0,0,0,0,0,0,0,0,0,0,0,0,0,0,0,0,0,0,0,0,0,0,0,0,0,0,0,0,0,0,0,0,0,0,0,0,0,0,0,0,0,0,0,0,0,0,0,0,0,0,0,0,0,0,0,0,0,0,0,0,0,0,0,0,0,0,0,0,0,0,0,0,0,0,0,0,0,0,0,0,0,0,0,0,0,0,0,0,0,0,0,0,0,0,0,0,0,0,0,0,0,0,0,0,0,0,0,0,0,0,0,0,0,0,0,0,0,0,0,0,0,0,0,0,0,0,0,0,0,0,0,0,0,0,0,0,0,0,0,0,0,0,0,0,0,0,0,0,0,0,0,0,0,0,0,0,0,0,0,0,0,0,0,0,0,0,0,0,0,0,0,0,0,0,0,0,0,0,0,0,0,0,0,0,0,0,0,0,0,0,0,0,0,0,0,0,0,0,0,0,0,0,0,0,0,0,0,0,0,0,0,0,0,0,0,0,0,0,0,0,0,0,0,0,0,0,0,0,0,0,0,0,0,0,0,0,0,0,0,0,0,0,0,0,0,0,0,0,0,0,0,0,0,0,0,0,0,0,0,0,0,0,0,0,0,0,0,0,0,0,0,0,0,0,0,0,0,0,0,0,0,0,0,0,0,0,0,0,0,0,0,0,0,0,0,0,0,0,0,0,0,0,0,0,0,0,0,0,0,0,0,0,0,0,0,0,0,0,0,0,0,0,0,0,0,0,0,0,0,0,0,0,0,0,0,0,0,0,0,0,0,0,0,0,0,0,0,0,0,0,0,0,0,0,0,0,0,0,0,0,0,0,0,0,0,0,0,0,0,0,0,0,0,0,0,0,0,0,0,0,0,0,0,0,0,0,0,0,0,0,0,0,0,0,0,0,0,0,0,0,0,0,0,0,0,0,0,0,0,0,0,0,0,0,0,0,0,0,0,0,0,0,0,0,0,0,0,0,0,0,0,0,0,0,0,0,0,0,0,0,0,0,0,0,0,0,0,0,0,0,0,0,0,0,0,0,0,0,0,0,0,0,0,0,0,0,0,0,0,0,0,0,0,0,0,0,0,0,0,0,0,0,0,0,0,0,0,0,0,0,0,0,0,0,0,0,0,0,0,0,0,0,0,0,0,0,0,0,0,0,0,0,0,0,0,0,0,0,0,0,0,0,0,0,0,0,0,0,0,0,0,0,0,0,0,0,0,0,0,0,0,0,0,0,0,0,0,0,0,0,0,0,0,0,0,0,0,0,0,0,0,0,0,0,0,0,0,0,0,0,0,0,0,0,0,0,0,0,0,0,0,0,0,0,0,0,0,0,0,0,0,0,0,0,0,0,0,0,0,0,0,0,0,0,0,0,0,0,0,0,0,0,0,0,0,0,0,0,0,0,0,0,0,0,0,0,0,0,0,0,0,0,0,0,0,0,0,0,0,0,0,0,0,0,0,0,0,0,0,0,0,0,0,0,0,0,0,0,0,0,0,0,0,0,0,0,0,0,0,0,0,0,0,0,0,0,0,0,0,0,0,0,0,0,0,0,0,0,0,0,0,0,0,0,0,0,0,0,0,0,0,0,0,0,0,0,0,0,0,0,0,0,0,0,0,0,0,0,0,0,0,0,0,0,0,0,0,0,0,0,0,0,0,0,0,0,0,0,0,0,0,0,0,0,0,0,0,0,0,0,0,0,0,0,0,0,0,0,0,0,0,0,0,0,0,0,0,0,0,0,0,0,0,0,0,0,0,0,0,0,0,0,0,0,0,0,0,0,0,0,0,0,0,0,0,0,0,0,0,0,0,0,0,0,0,0,0,0,0,0,0,0,0,0,0,0,0,0,0,0,0,0,0,0,0,0,0,0,0,0,0,0,0,0,0,0,0,0,0,0,0,0,0,0,0,0,0,0,0,0,0,0,0,0,0,0,0,0,0,0,0,0,0,0,0,0,0,0,0,0,0,0,0,0,0,0,0,0,0,0,0,0,0,0,0,0,0,0,0,0,0,0,0,0,0,0,0,0,0,0,0,0,0,0,0,0,0,0,0,0,0,0,0,0,0,0,0,0,0,0,0,0,0,0,0,0,0,0,0,0,0,0,0,0,0,0,0,0,0,0,0,0,0,0,0,0,0,0,0,0,0,0,0,0,0,0,0,0,0,0,0,0,0,0,0,0,0,0,0,0,0,0,0,0,0,0,0,0,0,0,0,0,0,0,0,0,0,0,0,0,0,0,0,0,0,0,0,0,0,0,0,0,0,0,0,0,0,0,0,0,0,0,0,0,0,0,0,0,0,0,0,0,0,0,0,0,0,0,0,0,0,0,0,0,0,0,0,0,0,0,0,0,0,0,0,0,0,0,0,0,0,0,0,0,0,0,0,0,0,0,0,0,0,0,0,0,0,0,0,0,0,0,0,0,0,0,0,0,0,0,0,0,0,0,0,0,0,0,0,0,0,0,0,0,0,0,0,0,0,0,0,0,0,0,0,0,0,0,0,0,0,0,0,0,0,0,0,0,0,0,0,0,0,0,0,0,0,0,0,0,0,0,0,0,0,0,0,0,0,0,0,0,0,0,0,0,0,0,0,0,0,0,0,0,0,0,0,0,0,0,0,0,0,0,0,0,0,0,0,0,0,0,0,0,0,0,0,0,0,0,0,0,0,0,0,0,0,0,0,0,0,0,0,0,0,0,0,0,0,0,0,0,0,0,0,0,0,0,0,0,0,0,0,0,0,0,0,0,0,0,0,0,0,0,0,0,0,0,0,0,0,0,0,0,0,0,0,0,0,0,0,0,0,0,0,0,0,0,0,0,0,0,0,0,0,0,0,0,0,0,0,0,0,0,0,0,0,0,0,0,0,0,0,0,0,0,0,0,0,0,0,0,0,0,0,0,0,0,0,0,0,0,0,0,0,0,0,0,0,0,0,0,0,0,0,0,0,0,0,0,0,0,0,0,0,0,0,0,0,0,0,0,0,0,0,0,0,0,0,0,0,0,0,0,0,0,0,0,0,0,0,0,0,0,0,0,0,0,0,0,0,0,0,0,0,0,0,0,0,0,0,0,0,0,0,0,0,0,0,0,0,0,0,0,0,0,0,0,0,0,0,0,0,0,0,0,0,0,0,0,0,0,0,0,0,0,0,0,0,0,0,0,0,0,0,0,0,0,0,0,0,0,0,0,0,0,0,0,0,0,0,0,0,0,0,0,0,0,0,0,0,0,0,0,0,0,0,0,0,0,0,0,0,0,0,0,0,0,0,0,0,0,0,0,0,0,0,0,0,0,0,0,0,0,0,0,0,0,0,0,0,0,0,0,0,0,0,0,0,0,0,0,0,0,0,0,0,0,0,0,0,0,0,0,0,0,0,0,0,0,0,0,0,0,0,0,0,0,0,0,0,0,0,0,0,0,0,0,0,0,0,0,0,0,0,0,0,0,0,0,0,0,0,0,0,0,0,0,0,0,0,0,0,0,0,0,0,0,0,0,0,0,0,0,0,0,0,0,0,0,0,0,0,0,0,0,0,0,0,0,0,0,0,0,0,0,0,0,0,0,0,0,0,0,0,0,0,0,0,0,0,0,0,0,0,0,0,0,0,0,0,0,0,0,0,0,0,0,0,0,0,0,0,0,0,0,0,0,0,0,0,0,0,0,0,0,0,0,0,0,0,0,0,0,0,0,0,0,0,0,0,0,0,0,0,0,0,0,0,0,0,0,0,0,0,0,0,0,0,0,0,0,0,0,0,0,0,0,0,0,0,0,0,0,0,0,0,0,0,0,0,0,0,0,0,0,0,0,0,0,0,0,0,0,0,0,0,0,0,0,0,0,0,0,0,0,0,0,0,0,0,0,0,0,0,0,0,0,0,0,0,0,0,0,0,0,0,0,0,0,0,0,0,0,0,0,0,0,0,0,0,0,0,0,0,0,0,0,0,0,0,0,0,0,0,0,0,0,0,0,0,0,0,0,0,0,0,0,0,0,0,0,0,0,0,0,0,0,0,0,0,0,0,0,0,0,0,0,0,0,0,0,0,0,0,0,0,0,0,0,0,0,0,0,0,0,0,0,0,0,0,0,0,0,0,0,0,0,0,0,0,0,0,0,0,0,0,0,0,0,0,0,0,0,0,0,0,0,0,0,0,0,0,0,0,0,0,0,0,0,0,0,0,0,0,0,0,0,0,0,0,0,0,0,0,0,0,0,0,0,0,0,0,0,0,0,0,0,0,0,0,0,0,0,0,0,0,0,0,0,0,0,0,0,0,0,0,0,0,0,0,0,0,0,0,0,0,0,0,0,0,0,0,0,0,0,0,0,0,0,0,0,0,0,0,0,0,0,0,0,0,0,0,0,0,0,0,0,0,0,0,0,0,0,0,0,0,0,0,0,0,0,0,0,0,0,0,0,0,0,0,0,0,0,0,0,0,0,0,0,0,0,0,0,0,0,0,0,0,0,0,0,0,0,0,0,0,0,0,0,0,0,0,0,0,0,0,0,0,0,0,0,0,0,0,0,0,0,0,0,0,0,0,0,0,0,0,0,0,0,0,0,0,0,0,0,0,0,0,0,0,0,0,0,0,0,0,0,0,0,0,0,0,0,0,0,0,0,0,0,0,0,0,0,0,0,0,0,0,0,0,0,0,0,0,0,0,0,0,0,0,0,0,0,0,0,0,0,0,0,0,0,0,0,0,0,0,0,0,0,0,0,0,0,0,0,0,0,0,0,0,0,0,0,0,0,0,0,0,0,0,0,0,0,0,0,0,0,0,0,0,0,0,0,0,0,0,0,0,0,0,0,0,0,0,0,0,0,0,0,0,0,0,0,0,0,0,0,0,0,0,0,0,0,0,0,0,0,0,0,0,0,0,0,0,0,0,0,0,0,0,0,0,0,0,0,0,0,0,0,0,0,0,0,0,0,0,0,0,0,0,0,0,0,0,0,0,0,0,0,0,0,0,0,0,0,0,0,0,0,0,0,0,0,0,0,0,0,0,0,0,0,0,0,0,0,0,0,0,0,0,0,0,0,0,0,0,0,0,0,0,0,0,0,0,0,0,0,0,0,0,0,0,0,0,0,0,0,0,0,0,0,0,0,0,0,0,0,0,0,0,0,0,0,0,0,0,0,0,0,0,0,0,0,0,0,0,0,0,0,0,0,0,0,0,0,0,0,0,0,0,0,0,0,0,0,0,0,0,0,0,0,0,0,0,0,0,0,0,0,0,0,0,0,0,0,0,0,0,0,0,0,0,0,0,0,0,0,0,0,0,0,0,0,0,0,0,0,0,0,0,0,0,0,0,0,0,0,0,0,0,0,0,0,0,0,0,0,0,0,0,0,0,0,0,0,0,0,0,0,0,0,0,0,0,0,0,0,0,0,0,0,0,0,0,0,0,0,0,0,0,0,0,0,0,0,0,0,0,0,0,0,0,0,0,0,0,0,0,0,0,0,0,0,0,0,0,0,0,0,0,0,0,0,0,0,0,0,0,0,0,0,0,0,0,0,0,0,0,0,0,0,0,0,0,0,0,0,0,0,0,0,0,0,0,0,0,0,0,0,0,0,0,0,0,0,0,0,0,0,0,0,0,0,0,0,0,0,0,0,0,0,0,0,0,0,0,0,0,0,0,0,0,0,0,0,0,0,0,0,0,0,0,0,0,0,0,0,0,0,0,0,0,0,0,0,0,0,0,0,0,0,0,0,0,0,0,0,0,0,0,0,0,0,0,0,0,0,0,0,0,0,0,0,0,0,0,0,0,0,0,0,0,0,0,0,0,0,0,0,0,0,0,0,0,0,0,0,0,0,0,0,0,0,0,0,0,0,0,0,0,0,0,0,0,0,0,0,0,0,0,0,0,0,0,0,0,0,0,0,0,0,0,0,0,0,0,0,0,0,0,0,0,0,0,0,0,0,0,0,0,0,0,0,0,0,0,0,0,0,0,0,0,0,0,0,0,0,0,0,0,0,0,0,0,0,0,0,0,0,0,0,0,0,0,0,0,0,0,0,0,0,0,0,0,0,0,0,0,0,0,0,0,0,0,0,0,0,0,0,0,0,0,0,0,0,0,0,0,0,0,0,0,0,0,0,0,0,0,0,0,0,0,0,0,0,0,0,0,0,0,0,0,0,0,0,0,0,0,0,0,0,0,0,0,0,0,0,0,0,0,0,0,0,0,0,0,0,0,0,0,0,0,0,0,0,0,0,0,0,0,0,0,0,0,0,0,0,0,0,0,0,0,0,0,0,0,0,0,0,0,0,0,0,0,0,0,0,0,0,0,0,0,0,0,0,0,0,0,0,0,0,0,0,0,0,0,0,0,0,0,0,0,0,0,0,0,0,0,0,0,0,0,0,0,0,0,0,0,0,0,0,0,0,0,0,0,0,0,0,0,0,0,0,0,0,0,0,0,0,0,0,0,0,0,0,0,0,0,0,0,0,0,0,0,0,0,0,0,0,0,0,0,0,0,0,0,0,0,0,0,0,0,0,0,0,0,0,0,0,0,0,0,0,0,0,0,0,0,0,0,0,0,0,0,0,0,0,0,0,0,0,0,0,0,0,0,0,0,0,0,0,0,0,0,0,0,0,0,0,0,0,0,0,0,0,0,0,0,0,0,0,0,0,0,0,0,0,0,0,0,0,0,0,0,0,0,0,0,0,0,0,0,0,0,0,0,0,0,0,0,0,0,0,0,0,0,0,0,0,0,0,0,0,0,0,0,0,0,0,0,0,0,0,0,0,0,0,0,0,0,0,0,0,0,0,0,0,0,0,0,0,0,0,0,0,0,0,0,0,0,0,0,0,0,0,0,0,0,0,0,0,0,0,0,0,0,0,0,0,0,0,0,0,0,0,0,0,0,0,0,0,0,0,0,0,0,0,0,0,0,0,0,0,0,0,0,0,0,0,0,0,0,0,0,0,0,0,0,0,0,0,0,0,0,0,0,0,0,0,0,0,0,0,0,0,0,0,0,0,0,0,0,0,0,0,0,0,0,0,0,0,0,0,0,0,0,0,0,0,0,0,0,0,0,0,0,0,0,0,0,0,0,0,0,0,0,0,0,0,0,0,0,0,0,0,0,0,0,0,0,0,0,0,0,0,0,0,0,0,0,0,0,0,0,0,0,0,0,0,0,0,0,0,0,0,0,0,0,0,0,0,0,0,0,0,0,0,0,0,0,0,0,0,0,0,0,0,0,0,0,0,0,0,0,0,0,0,0,0,0,0,0,0,0,0,0,0,0,0,0,0,0,0,0,0,0,0,0,0,0,0,0,0,0,0,0,0,0,0,0,0,0,0,0,0,0,0,0,0,0,0,0,0,0,0,0,0,0,0,0,0,0,0,0,0,0,0,0,0,0,0,0,0,0,0,0,0,0,0,0,0,0,0,0,0,0,0,0,0,0,0,0,0,0,0,0,0,0,0,0,0,0,0,0,0,0,0,0,0,0,0,0,0,0,0,0,0,0,0,0,0,0,0,0,0,0,0,0,0,0,0,0,0,0,0,0,0,0,0,0,0,0,0,0,0,0,0,0,0,0,0,0,0,0,0,0,0,0,0,0,0,0,0,0,0,0,0,0,0,0,0,0,0,-0.60003066,-0.17745984,1.4212329,-0.29955134,0.062453024,0.9977907,-0.111926064,-0.034453295,-0.6122311,0.14750749,0.63622206,0.6336948,0.7130848,0.115437776,0.6398822,-0.9788542,0.71691924,-0.39210036,-0.2986799,-0.6716646,0.10088439,0.6497297,0.50175583,-0.310096,-0.6218171,-0.25223106,0.7875075,0.28336805,0.34323734,0.209904,-0.36273217,0.19822644,-0.30172998,-0.88987815,-0.20769948,0.16885825,-0.40560797,-0.25920275,0.035176333,0.016004222,-0.3466973,-0.24865809,-0.13528118,-0.39793915,0.12545955,-0.031926062,0.013476988,0.08868396,0.019141477,-0.45519403,0.1894247,-0.13214393,0.409904,-0.20316789,-0.3586363,-0.01789556,-0.38800448,-0.3451287,-0.34129426,-0.071664624,0.6506883,0.22646174,-0.67053175,0.067768924,-0.9351069,-0.25092387,-0.72438794,0.0030194717,0.15901075,-0.021991422,-0.124649376,-0.07227465,0.030906182,0.10776893,0.77434844,0.3471589,-0.25615263,-0.30626157,-0.05859273,-0.2612071,0.34803036,0.25434846,-0.26844022,-0.17806986,0.15962078,-0.4479609,-0.62077135,0.037354983,0.03334627,0.15683211,0.5521262,-0.034453295,0.07169049,-0.24752519,-0.52700233,-0.32970384,-0.33632693,0.12537241,0.56319374,-0.65318966,0.1484661,0.2381393,-0.29928988,0.28772536,0.40362948,-0.11671909,-0.06678445,0.09243124,-0.39096746,0.15456632,-0.7779827,0.49338984,0.4087711,0.14881468,0.5558735,-0.34199142,0.33774713,-0.28708947,-0.30111995,-0.44386506,-0.19035743,-0.40177354,0.05164692,-0.26103282,0.10384736,-0.07088031,-0.65763414,0.12040509,0.30776894,0.24415237,-0.0144968685,0.1765271,0.11343341,-0.044823665,0.18550313,-0.409791,0.08406522,0.0032809095,0.21513276,0.23831359,-0.35802627,-0.2073509,0.025677424,-0.318462,-0.045259394,-0.012143927,-0.31558618,-0.43680623,-0.28116354,-0.23262323,0.12833537,-0.12839665,-0.13083674,0.1062003,0.28127655,-0.11035743,-0.18303718,-0.13223107,0.6276818,0.37643996,-0.011359613,0.39805216,0.0038037854,0.0102525875,-0.41789556,-0.28952956,0.12406522,0.3196208,-0.33423543,-0.21780841,0.17173406,0.29940292,0.28232232,-0.22748162,0.14759463,0.2694247,-0.1836472,-0.20177355,-0.3808585,-0.0537997,0.41670138,0.3450674,0.4032809,-0.103385754,-0.30695873,0.3350456,-0.034191858,0.18062295,-0.16377792,0.2770064,-0.1554119,-0.16360362,-0.40752518,-0.4625143,0.48563385,-0.07096746,-0.3235165,0.22663602,0.6431938,-0.21493259,-0.3844315,-0.23140319,-0.025651552,0.022453023,0.21434845,0.025503132,-0.25867987,-0.41501975,-0.30643585,-0.20543368,-0.24857095,0.18437023,-0.24525939,-0.24874523,-0.0721875,-0.4727975,-0.65937704,-0.11393042,-0.21554261,-0.42190427,-0.65745986,0.2152199,-0.19366898,0.28162512,-0.4158912,-0.37101102,0.32659245,0.70933753,0.28946826,-0.0776777,0.42341164,0.08101512,-0.044475082,0.33765998,-0.0839522,-0.5144533,0.037790712,-0.64142495,-0.48098925,-0.0668716,-0.266523,0.38977328,0.029598992,0.174087,0.094348446,0.0705576,-0.36604372,0.39238766,0.033694852,-0.13327682,0.19029616,-0.21946418,0.37757283,0.007463916,0.44903255,0.119272195,-0.23872344,-0.2566755,0.1807101,0.03291054,-0.49867988,-0.17841844,0.07247481,0.4715162,0.24214801,-0.5497474,-0.0873509,0.09818287,-0.095455475,-0.0009892429,0.28389093,0.05016544,0.15535063,-0.254584,0.3839345,0.27787787,-0.24342933,-0.14094567,-0.27253607,-0.0013378268,-0.10661016,0.17696282,-0.18643586,-0.27366897,-0.14852737,0.2402308,-0.21135962,0.08415237,-0.4712289,-0.091185324,0.13835716,-0.024518656,-0.3836472,0.0058081425,-0.35567334,-0.47061887,-0.044213645,-0.26094568,-0.023472903,0.10986043,-0.16726375,0.04328091,-0.0970241,-0.18146855,0.025677424,-0.17397399,-0.32700232,0.2347406,-0.38713303,-0.2598999,0.30898896,0.37757283,-0.20952955,-0.1305753,-0.22774306,-0.24430078,-0.30713302,0.18498026,-0.19576049,-0.10582584,0.0597515,0.50358593,-0.23924632,-0.24822235,0.51761645,-0.033146106,-0.5738869,-0.20046636,0.10628744,-0.050923884,-0.5477431,0.20014365,-0.4228629,0.21818288,0.11186479,-0.13693696,0.20301947,-0.1305753,0.25661424,-0.16133782,-0.170401,0.3566578,0.013302696,0.084413804,0.22367306,0.22402164,-0.20787378,-0.26826593,-0.24935526,0.4539127,0.21295412,0.35325912,-0.43384328,-0.41257966,0.1352199,0.021494417,-0.044475082,0.1416687,-0.08796092,0.045721,0.26044866,-0.3284838,0.043368056,-0.25292823,0.7577907,-0.030270288,0.56301945,0.111080475,-0.19244894,-0.14887595,0.011821215,0.3611894,-0.04491081,-0.33667552,-0.07584763,-0.25214392,-0.15820058,-0.21955134,-0.5586363,0.13190836,-0.16987813,0.030557599,-0.38512868,-0.12342933,-0.14199142,0.04798679,-0.48839664,-0.12874523,0.24920684,0.3708626,0.33565563,-0.09074959,0.21286696,0.1170064,-0.13623978,0.06341163,0.0065053105,-0.36839664,-0.16194785,0.08528527,0.11691926,-0.19663194,0.14794321,-0.22643587,-0.90164286,-0.047786627,-0.13196963,-0.003952206,0.060710102,-0.39088032,0.011646923,-0.24743804,-0.16926812,0.141843,0.050339732,-0.27210036,-0.3400742,0.032823395,-0.33885416,-0.014061138,-0.30809164,0.520318,-0.071664624,0.08842252,0.10637459,0.30341163,0.1331284,-0.07959491,-0.056239787,0.16162513,0.16310662,0.040753677,0.1915162,0.0012765523,-0.46887594,-0.087263756,0.043368056,-0.17327683,-0.18791735,0.22524169,0.45766,0.4586186,0.020535812,0.26925042,0.5205794,-0.16247073,0.0011894063,0.0370064,0.14742035,-0.13310254,-0.099464186,0.05582993,-0.14146854,0.20014365,-0.40229642,0.13739856,0.49025258,0.042322304,-0.17955133,0.38724604,0.19212623,0.020710103,-0.009006673,-0.4970241,0.13478418,-0.18478009,0.265416,0.03744213,0.088945396,0.009206835,-0.05684981,-0.17074959,-0.553059,0.06785607,-0.03454044,-0.3589849,0.034914896,0.13609137,-0.1718825,-0.016675517,-0.019377042,-0.09144676,-0.10504153,-0.10451865,0.28868395,0.09077546,0.3473332,-0.19898489,-0.049790986,0.30079725,0.06707176,0.066984616,0.1884661,0.11465346,-0.23262323,0.076309234,-0.08813521,0.461843,0.3355685,-0.33005244,-0.40377793,-0.25310254,-0.21876702,-0.05597835,-0.16064066,0.28354234,0.22567743,-0.26530296,-0.012753949,-0.41101104,-0.2268716,0.12118941,-0.08377791,-0.3555862,0.056614242,0.19177765,-0.4388106,-0.15044458,-0.16064066,-0.95210034,0.48598245,0.14672318,0.16284518,0.69321555,0.16676675,-0.18957312,-0.113146104,-0.12133782,0.562758,-0.32273215,0.40772536,0.29896718,0.10933755,-0.084387936,0.12702818,0.21853146,0.31352055,-0.014758307,0.05818287,0.07953364,0.25399986,0.083280906,-0.1705753,0.5192722,0.20964256,0.47012186,0.17530705,-0.16264501,0.3890761,-0.32613087,0.52824825,-0.5307496,0.13687567,-0.4370677,-0.22983456,0.026026007,0.07857503,-0.36003065,0.08685389,0.09556849,0.27160335,-0.48151213,-0.47602192,-0.4674816,-0.23724197,-0.3950633,0.49548134,-0.27985635,-0.23924632,-0.14852737,-0.08247072,-0.22983456,0.16598244,-0.25362542,0.08511098,0.14811751,0.048161086,-0.09615264,-0.4560655,0.24031794,-0.16098924,0.048596814,-0.19305895,-0.1887888,0.20563385,0.01670139,0.024108795,-0.15907203,-0.014758307,0.20720248,-0.5057387,-0.32735088,-0.20107639,-0.2571984,-0.26417008,0.12476239,-0.103560045,0.533477,-0.037503403,-0.30094567,0.07665782,-0.22748162,-0.25571692,0.18463168,0.20580815,-0.46547726,-0.2505753,-0.11445329,-0.50059706,-0.094148286,0.0402308,0.11047045,0.051124047,0.16031794,0.12737677,0.16624387,-0.112013206,0.36223516,-0.21789557,-0.39114174,0.40511099,-0.121860705,0.32354236,-0.20037922,0.119446486,0.28127655,-0.070270285,0.21888004,0.4053724,-0.36316788,0.17060117,0.11561207,0.036047794,-0.41998705,-0.023298612,0.08397808,-0.022340005,-0.050662447,-0.13223107,0.23413058,-0.15061887,-0.1383313,0.36702818,0.28310663,0.20301947,0.09251838,0.07578636,0.20084082,0.18332449,0.34053582,0.51935935,-0.3066973,-0.29214394,0.21940291,-0.18922454,0.033171978,0.09678853,-0.12491081,0.14463167,0.3118648,0.38044867,-0.15140319,0.056527097,0.40397808,-0.006740877,0.005110975,-0.08168641,-0.27166462,-0.006305147,0.40389094,-0.4257387,0.07944649,-0.29684982,0.22986042,-0.33955133,-0.49432257,-0.29972562,0.08798679,-0.110618874,0.28868395,-0.0354119,0.17818287,-0.17327683,-0.20796092,0.052866966,-0.12569512,-0.06809164,-0.3352812,-0.107917346,-0.3084402,-0.10870166,-0.04255787,-0.2115339,-0.14190428,0.47962078,-0.21632694,0.24606958,0.01643995,-0.22094567,0.12528527,0.62419593,0.024718817,-0.4158912,0.31221336,-0.24116354,-0.091185324,0.1408844,-0.012318219,-0.078723446,-0.15183891,0.07709355,-0.023821486,-0.19602193,0.30994758,0.12563385,-0.09362541,0.37922862,0.20702818,-0.24935526,0.6236731,0.25548133,-0.42870167,0.23203908,0.12519813,-0.3072202,0.28336805,-0.07480188,0.25626567,0.08868396,-0.06425722,0.080579385,0.023498775,-0.08874524,-0.18399578,-0.1588106,-0.34164283,0.32824823,-0.60421365,-0.36116353,-0.2518825,-0.2962398,-0.09153391,0.038052153,-0.13615264,0.14759463,-0.3616864,-0.5102703,0.81652707,0.09199551,0.028727533,0.09452274,0.049904004,0.0597515,-0.11436615,-0.34085852,-0.09937704,0.008161084,-0.10172998,0.12301947,-0.03157748,0.09225694,-0.1726668,0.45853147,0.4010151,-0.054932598,0.13190836,0.37678853,0.22602601,-0.080117784,0.13173407,-0.21144676,0.13905433,0.14759463,0.12999114,0.30637458,0.0044138073,-0.16883238,-0.095368326,-0.37005243,-0.053712554,-0.18939883,-0.024692947,-0.16691516,-0.057372686,0.100012936,0.15221336,-0.18425722,-0.1857387,0.08868396,-0.36552083,-0.23445329,-0.17153391,-0.23271038,-0.07279752,0.16763821,0.41722426,-0.3432986,-0.41728553,0.627246,0.13033973,-0.2680045,0.07691925,-0.13257965,-0.103908636,0.12406522,0.17190836,-0.2765448,-0.21040101,-0.36639228,-0.00430079,0.3245881,0.028291803,0.4250674,-0.052231073,-0.02809164,0.061930146,-0.28552082,-0.31715482,0.0065924563,-0.33859274,-0.17031386,-0.082906455,0.33365127,0.23325913,0.023934504,-0.12098924,-0.41205677,0.009206835,0.60293233,-0.1370241,0.04537241,-0.034104712,-0.018157,-0.3039958,-0.09728554,-0.14199142,-0.1889631,-0.46356004,0.3521262,0.19848788,-0.44029206,0.02855324,-0.14530297,-0.64761233,0.44145083,0.4221916,0.09321555,0.065241694,0.14175585,0.5224966,-0.008483796,0.055655636,0.4042395,0.07735498,-0.34094566,-0.086915165,-0.18634872,0.18271446,0.27456632,0.12694104,0.2573114,0.14646174,-0.12212214,0.26341164,0.597965,0.41182122,0.15020901,0.1992722,0.27369484,-0.317852,-0.06844022,0.1820173,0.19081904,-0.330401,0.43517634,0.13487132,-0.09658837,-0.15889774,0.055219907,0.033084832,0.074914895,-0.059725627,-0.3267409,-0.28569514,0.124849536,-0.16238357,0.1213637,-0.31340754,-0.026174428,-0.020684233,-0.30643585,0.10349877,0.41399986,-0.08926811,-0.032797523,0.2870282,0.2586186,0.04850967,0.4644574,-0.2246058,-0.23358184,-0.1588106,-0.11297181,-0.22216572,0.10044867,0.26811752,0.118052155,0.21931577,0.34306306,0.04179943,-0.023560049,-0.13501975,-0.25066245,0.1386186,-0.039420616,0.36293232,0.24389093,0.33582994,0.640928,0.026461737,-0.29231822,-0.21519403,0.44484955,-0.5157605,-0.6660001,0.00197372,0.1744356,-0.09092388,0.55683213,0.034479167,-0.35183892,-0.39201322,0.32127655,-0.40857095,-0.00064065907,-0.40970385,-0.23750341,-0.27175176,-0.15096746,-0.48098925,-0.08874524,-0.10155569,0.060012937,-0.2513596,0.014958469,0.119010754,0.014958469,0.020971542,0.113694854,-0.10966027,-0.3455644,-0.04386506,0.24476239,0.14132012,0.014435594,-0.39532477,-0.32194784,0.19996937,0.026984613,0.10323734,0.025067402,0.30254018,-0.31279752,0.26550314,-0.18861452,0.026897468,-0.14495438,-0.18434437,0.20615673,0.15508918,0.029947577,-0.3779827,-0.5438215,0.5123005,-0.019377042,0.1710369,0.18393451,-0.028440224,0.19256195,0.10471882,-0.21301539,-0.20822236,0.23456632,-0.21353826,-0.27044457,-0.063647196,0.14776893,0.21853146,-0.036806237,-0.12107639,0.13338985,-0.0018607026,-0.070270285,0.09739856,0.13931577,-0.36151212,-0.030095996,-0.15035744,-0.16264501,0.0965271,-0.14835307,-0.2894424,-0.11680624,-0.32247072,-0.46939883,-0.09353826,0.12903254,-0.26565155,0.24057938,-0.1881788,-0.026087282,-0.14373434,0.6817994,0.12040509,-0.18626158,-0.31715482,0.028466094,0.17643996,0.20092797,0.04502383,0.4360478,0.25626567,-0.24386506,0.1245881,0.642758,0.49452275,0.9308626,0.7503833,0.49922863,-0.55471474,0.30315018,-0.39698052,-1.4867408,-0.16987813,-0.650401,0.99291056,-0.2502267,0.06559028,-1.0949326,-0.6005535,-0.8126668,-0.7365012,0.20789964,1.6922569,0.1397515,-1.6212943,0.18864039,-0.5312725,-1.7698781,0.71718067,1.3190979,-0.1995949,-1.8030808,0.9950892,1.0259389,1.5027145,-0.80778664,1.3402743,-1.0050851,1.3775729,-1.4883095,1.9526491,1.7404487,1.0507754,1.5952635,-0.6025579,0.41870573,-1.8707932,0.58681035,-1.7021657,-0.11253608,0.23195194,-0.86103284,1.4901655,-1.2040393,-1.0765448,1.5105577,-0.35811344,1.7747842,1.6733463,0.90986043,1.9765271,-0.071838915,1.3181393,-1.0502267,1.4387493,-1.5954119,1.4208844,-0.33763412,-0.24552083,-0.03732911,1.882758,-0.21528119,-0.2795949,-0.87811345,1.6774421,-0.16159926,-0.56952953,-0.8134511,0.51273626,-0.4170241,-1.3321439,-0.8655644,0.69792145,1.6044137,-1.757242,-0.06373434,-1.3625579,0.18393451,1.0306448,-0.21318968,-1.2548455,-0.18155569,0.44162515,-0.8002921,-1.1695296,-0.011359613,-0.22033565,1.3828017,-1.753669,0.2426709,-0.48403937,-1.8388977,0.4110369,0.017311411,0.9934334,-0.08055352,-0.8970241,1.3995336,0.94959897,-0.0657387,-1.2328846,0.49190837,0.4978343,0.47230053,1.403368,0.43996936,-0.10146855,-0.48769948,1.1661568,-0.042209286,-0.44133782,0.38593885,-1.8538868,0.71099335,-0.44952956,1.0220172,-0.31183892,0.83630925,0.035612065,0.18585172,-0.60107636,
0,0,0,0,0,0,0,0,0,0,0,0,0,0,0,0,0,0,0,0,0,0,0,0,0,1,0,0,0,0,0,0,0,0,0,0,0,0,0,0,0,0,0,0,0,0,0,0,0,0,0,0,0,0,0,0,0,0,0,0,0,0,0,0,0,0,0,0,0,0,0,0,0,0,0,0,0,0,0,0,0,0,0,0,0,0,0,0,0,0,0,0,0,0,0,0,0,0,0,0,0,0,0,0,0,0,0,0,0,0,0,0,0,0,0,0,0,0,0,0,0,0,0,0,0,0,0,0,0,0,0,0,0,0,0,0,0,0,0,0,0,0,0,0,0,0,0,0,0,0,0,0,0,0,0,0,0,0,0,0,0,0,0,0,0,0,0,0,0,0,0,0,0,0,0,0,0,0,0,0,0,0,0,0,0,0,0,0,0,0,0,0,0,0,0,0,0,0,0,0,0,0,0,0,0,0,0,0,0,0,0,0,0,0,0,0,0,0,0,0,0,0,0,0,0,0,0,0,0,0,0,0,0,0,0,0,0,0,0,0,0,0,0,0,0,0,0,0,0,0,0,0,0,0,0,0,0,0,0,0,0,0,0,0,0,0,0,0,0,0,0,0,0,0,0,0,0,0,0,0,0,0,0,0,0,0,0,0,0,0,0,0,0,0,0,0,0,0,0,0,0,0,0,0,0,0,0,0,0,0,0,0,0,0,0,0,0,0,0,0,0,0,0,0,0,0,0,0,0,0,0,0,0,0,0,0,0,0,0,0,0,0,0,0,0,0,0,0,0,0,0,0,0,0,0,0,0,0,0,0,0,0,0,0,0,0,0,0,0,0,0,0,0,0,0,0,0,0,0,0,0,0,0,0,0,0,0,0,0,0,0,0,0,0,0,0,0,0,0,0,0,0,0,0,0,0,0,0,0,0,0,0,0,0,0,0,0,0,0,0,0,0,0,0,0,0,0,0,0,0,0,0,0,0,0,0,0,0,0,0,0,0,0,0,0,0,0,0,0,0,0,0,0,0,0,0,0,0,0,0,0,0,0,0,0,0,0,0,0,0,0,0,0,0,0,0,0,0,0,0,0,0,0,0,0,0,0,0,0,0,0,0,0,0,0,0,0,0,0,0,0,0,0,0,0,0,0,0,0,0,0,0,0,0,0,0,0,0,0,0,0,0,0,0,0,0,0,0,0,0,0,0,0,0,0,0,0,0,0,0,0,0,0,0,0,0,0,0,0,0,0,0,0,0,0,0,0,0,0,0,0,0,0,0,0,0,0,0,0,0,0,0,0,0,0,0,0,0,0,0,0,0,0,0,0,0,0,0,0,0,0,0,0,0,0,0,0,0,0,0,0,0,0,0,0,0,0,0,0,0,0,0,0,0,0,0,0,0,0,0,0,0,0,0,0,0,0,0,0,0,0,0,0,0,0,0,0,0,0,0,0,0,0,0,0,0,0,0,0,0,0,0,0,0,0,0,0,0,0,0,0,0,0,0,0,0,0,0,0,0,0,0,0,0,0,0,0,0,0,0,0,0,0,0,0,0,0,0,0,0,0,0,0,0,0,0,0,0,0,0,0,0,0,0,0,0,0,0,0,0,0,0,0,0,0,0,0,0,0,0,0,0,0,0,0,0,0,0,0,0,0,0,0,0,0,0,0,0,0,0,0,0,0,0,0,0,0,0,0,0,0,0,0,0,0,0,0,0,0,0,0,0,0,0,0,0,0,0,0,0,0,0,0,0,0,0,0,0,0,0,0,0,0,0,0,0,0,0,0,0,0,0,0,0,0,0,0,0,0,0,0,0,0,0,0,0,0,0,0,0,0,0,0,0,0,0,0,0,0,0,0,0,0,0,0,0,0,0,0,0,0,0,0,0,0,0,0,0,0,0,0,0,0,0,0,0,0,0,0,0,0,0,0,0,0,0,0,0,0,0,0,0,0,0,0,0,0,0,0,0,0,0,0,0,0,0,0,0,0,0,0,0,0,0,0,0,0,0,0,0,0,0,0,0,0,0,0,0,0,0,0,0,0,0,0,0,0,0,0,0,0,0,0,0,0,0,0,0,0,0,0,0,0,0,0,0,0,0,0,0,0,0,0,0,0,0,0,0,0,0,0,0,0,0,0,0,0,0,0,0,0,0,0,0,0,0,0,0,0,0,0,0,0,0,0,0,0,0,0,0,0,0,0,0,0,0,0,0,0,0,0,0,0,0,0,0,0,0,0,0,0,0,0,0,0,0,0,0,0,0,0,0,0,0,0,0,0,0,0,0,0,0,0,0,0,0,0,0,0,0,0,0,0,0,0,0,0,0,0,0,0,0,0,0,0,0,0,0,0,0,0,0,0,0,0,0,0,0,0,0,0,0,0,0,0,0,0,0,0,0,0,0,0,0,0,0,0,0,0,0,0,0,0,0,0,0,0,0,0,0,0,0,0,0,0,0,0,0,0,0,0,0,0,0,0,0,0,0,0,0,0,0,0,0,0,0,0,0,0,0,0,0,0,0,0,0,0,0,0,0,0,0,0,0,0,0,0,0,0,0,0,0,0,0,0,0,0,0,0,0,0,0,0,0,0,0,0,0,0,0,0,0,0,0,0,0,0,0,0,0,0,0,0,0,0,0,0,0,0,0,0,0,0,0,0,0,0,0,0,0,0,0,0,0,0,0,0,0,0,0,0,0,0,0,0,0,0,0,0,0,0,0,0,0,0,0,0,0,0,0,0,0,0,0,0,0,0,0,0,0,0,0,0,0,0,0,0,0,0,0,0,0,0,0,0,0,0,0,0,0,0,0,0,0,0,0,0,0,0,0,0,0,0,0,0,0,0,0,0,0,0,0,0,0,0,0,0,0,0,0,0,0,0,0,0,0,0,0,0,0,0,0,0,0,0,0,0,0,0,0,0,0,0,0,0,0,0,0,0,0,0,0,0,0,0,0,0,0,0,0,0,0,0,0,0,0,0,0,0,0,0,0,0,0,0,0,0,0,0,0,0,0,0,0,0,0,0,0,0,0,0,0,0,0,0,0,0,0,0,0,0,0,0,0,0,0,0,0,0,0,0,0,0,0,0,0,0,0,0,0,0,0,0,0,0,0,0,0,0,0,0,0,0,0,0,0,0,0,0,0,0,0,0,0,0,0,0,0,0,0,0,0,0,0,0,0,0,0,0,0,0,0,0,0,0,0,0,0,0,0,0,0,0,0,0,0,0,0,0,0,0,0,0,0,0,0,0,0,0,0,0,0,0,0,0,0,0,0,0,0,0,0,0,0,0,0,0,0,0,0,0,0,0,0,0,0,0,0,0,0,0,0,0,0,0,0,0,0,0,0,0,0,0,0,0,0,0,0,0,0,0,0,0,0,0,0,0,0,0,0,0,0,0,0,0,0,0,0,0,0,0,0,0,0,0,0,0,0,0,0,0,0,0,0,0,0,0,0,0,0,0,0,0,0,0,0,0,0,0,0,0,0,0,0,0,0,0,0,0,0,0,0,0,0,0,0,0,0,0,0,0,0,0,0,0,0,0,0,0,0,0,0,0,0,0,0,0,0,0,0,0,0,0,0,0,0,0,0,0,0,0,0,0,0,0,0,0,0,0,0,0,0,0,0,0,0,0,0,0,0,0,0,0,0,0,0,0,0,0,0,0,0,0,0,0,0,0,0,0,0,0,0,0,0,0,0,0,0,0,0,0,0,0,0,0,0,0,0,0,0,0,0,0,0,0,0,0,0,0,0,0,0,0,0,0,0,0,0,0,0,0,0,0,0,0,0,0,0,0,0,0,0,0,0,0,0,0,0,0,0,0,0,0,0,0,0,0,0,0,0,0,0,0,0,0,0,0,0,0,0,0,0,0,0,0,0,0,0,0,0,0,0,0,0,0,0,0,0,0,0,0,0,0,0,0,0,0,0,0,0,0,0,0,0,0,0,0,0,0,0,0,0,0,0,0,0,0,0,0,0,0,0,0,0,0,0,0,0,0,0,0,0,0,0,0,0,0,0,0,0,0,0,0,0,0,0,0,0,0,0,0,0,0,0,0,0,0,0,0,0,0,0,0,0,0,0,0,0,0,0,0,0,0,0,0,0,0,0,0,0,0,0,0,0,0,0,0,0,0,0,0,0,0,0,0,0,0,0,0,0,0,0,0,0,0,0,0,0,0,0,0,0,0,0,0,0,0,0,0,0,0,0,0,0,0,0,0,0,0,0,0,0,0,0,0,0,0,0,0,0,0,0,0,0,0,0,0,0,0,0,0,0,0,0,0,0,0,0,0,0,0,0,0,0,0,0,0,0,0,0,0,0,0,0,0,0,0,0,0,0,0,0,0,0,0,0,0,0,0,0,0,0,0,0,0,0,0,0,0,0,0,0,0,0,0,0,0,0,0,0,0,0,0,0,0,0,0,0,0,0,0,0,0,0,0,0,0,0,0,0,0,0,0,0,0,0,0,0,0,0,0,0,0,0,0,0,0,0,0,0,0,0,0,0,0,0,0,0,0,0,0,0,0,0,0,0,0,0,0,0,0,0,0,0,0,0,0,0,0,0,0,0,0,0,0,0,0,0,0,0,0,0,0,0,0,0,0,0,0,0,0,0,0,0,0,0,0,0,0,0,0,0,0,0,0,0,0,0,0,0,0,0,0,0,0,0,0,0,0,0,0,0,0,0,0,0,0,0,0,0,0,0,0,0,0,0,0,0,0,0,0,0,0,0,0,0,0,0,0,0,0,0,0,0,0,0,0,0,0,0,0,0,0,0,0,0,0,0,0,0,0,0,0,0,0,0,0,0,0,0,0,0,0,0,0,0,0,0,0,0,0,0,0,0,0,0,0,0,0,0,0,0,0,0,0,0,0,0,0,0,0,0,0,0,0,0,0,0,0,0,0,0,0,0,0,0,0,0,0,0,0,0,0,0,0,0,0,0,0,0,0,0,0,0,0,0,0,0,0,0,0,0,0,0,0,0,0,0,0,0,0,0,0,0,0,0,0,0,0,0,0,0,0,0,0,0,0,0,0,0,0,0,0,0,0,0,0,0,0,0,0,0,0,0,0,0,0,0,0,0,0,0,0,0,0,0,0,0,0,0,0,0,0,0,0,0,0,0,0,0,0,0,0,0,0,0,0,0,0,0,0,0,0,0,0,0,0,0,0,0,0,0,0,0,0,0,0,0,0,0,0,0,0,0,0,0,0,0,0,0,0,0,0,0,0,0,0,0,0,0,0,0,0,0,0,0,0,0,0,0,0,0,0,0,0,0,0,0,0,0,0,0,0,0,0,0,0,0,0,0,0,0,0,0,0,0,0,0,0,0,0,0,0,0,0,0,0,0,0,0,0,0,0,0,0,0,0,0,0,0,0,0,0,0,0,0,0,0,0,0,0,0,0,0,0,0,0,0,0,0,0,0,0,0,0,0,0,0,0,0,0,0,0,0,0,0,0,0,0,0,0,0,0,0,0,0,0,0,0,0,0,0,0,0,0,0,0,0,0,0,0,0,0,0,0,0,0,0,0,0,0,0,0,0,0,0,0,0,0,0,0,0,0,0,0,0,0,0,0,0,0,0,0,0,0,0,0,0,0,0,0,0,0,0,0,0,0,0,0,0,0,0,0,0,0,0,0,0,0,0,0,0,0,0,0,0,0,0,0,0,0,0,0,0,0,0,0,0,0,0,0,0,0,0,0,0,0,0,0,0,0,0,0,0,0,0,0,0,0,0,0,0,0,0,0,0,0,0,0,0,0,0,0,0,0,0,0,0,0,0,0,0,0,0,0,0,0,0,0,0,0,0,0,0,0,0,0,0,0,0,0,0,0,0,0,0,0,0,0,0,0,0,0,0,0,0,0,0,0,0,0,0,0,0,0,0,0,0,0,0,0,0,0,0,0,0,0,0,0,0,0,0,0,0,0,0,0,0,0,0,0,0,0,0,0,0,0,0,0,0,0,0,0,0,0,0,0,0,0,0,0,0,0,0,0,0,0,0,0,0,0,0,0,0,0,0,0,0,0,0,0,0,0,0,0,0,0,0,0,0,0,0,0,0,0,0,0,0,0,0,0,0,0,0,0,0,0,0,0,0,0,0,0,0,0,0,0,0,0,0,0,0,0,0,0,0,0,0,0,0,0,0,0,0,0,0,0,0,0,0,0,0,0,0,0,0,0,0,0,0,0,0,0,0,0,0,0,0,0,0,0,0,0,0,0,0,0,0,0,0,0,0,0,0,0,0,0,0,0,0,0,0,0,0,0,0,0,0,0,0,0,0,0,0,0,0,0,0,0,0,0,0,0,0,0,0,0,0,0,0,0,0,0,0,0,0,0,0,0,0,0,0,0,0,0,0,0,0,0,0,0,0,0,0,0,0,0,0,0,0,0,0,0,0,0,0,0,0,0,0,0,0,0,0,0,0,0,0,0,0,0,0,0,0,0,0,0,0,0,0,0,0,0,0,0,0,0,0,0,0,0,0,0,0,0,0,0,0,0,0,0,0,0,0,0,0,0,0,0,0,0,0,0,0,0,0,0,0,0,0,0,0,0,0,0,0,0,0,0,0,0,0,0,0,0,0,0,0,0,0,0,0,0,0,0,0,0,0,0,0,0,0,0,0,0,0,0,0,0,0,0,0,0,0,0,0,0,0,0,0,0,0,0,0,0,0,0,0,0,0,0,0,0,0,0,0,0,0,0,0,0,0,0,0,0,0,0,0,0,0,0,0,0,0,0,0,0,0,0,0,0,0,0,0,0,0,0,0,0,0,0,0,0,0,0,0,0,0,0,0,0,0,0,0,0,0,0,0,0,0,0,0,0,0,0,0,0,0,0,0,0,0,0,0,0,0,0,0,0,0,0,0,0,0,0,0,0,0,0,0,0,0,0,0,0,0,0,0,0,0,0,0,0,0,0,0,0,0,0,0,0,0,0,0,0,0,0,0,0,0,0,0,0,0,0,0,0,0,0,0,0,0,0,0,0,0,0,0,0,0,0,0,0,0,0,0,0,0,0,0,0,0,0,0,0,0,0,0,0,0,0,0,0,0,0,0,0,0,0,0,0,0,0,0,0,0,0,0,0,0,0,0,0,0,0,0,0,0,0,0,0,0,0,0,0,0,0,0,0,0,0,0,0,0,0,0,0,0,0,0,0,0,0,0,0,0,0,0,0,0,0,0,0,0,0,0,0,0,0,0,0,0,0,0,0,0,0,0,0,0,0,0,0,0,0,0,0,0,0,0,0,0,0,0,0,0,0,0,0,0,0,0,0,0,0,0,0,0,0,0,0,0,0,0,0,0,0,0,0,0,0,0,0,0,0,0,0,0,0,0,0,0,0,0,0,0,0,0,0,0,0,0,0,0,0,0,0,0,0,0,0,0,0,0,0,0,0,0,0,0,0,0,0,0,0,0,0,0,0,0,0,0,0,0,0,0,0,0,0,0,0,0,0,0,0,0,0,0,0,0,0,0,0,0,0,0,0,0,0,0,0,0,0,0,0,0,0,0,0,0,0,0,0,0,0,0,0,0,0,0,0,0,0,0,0,0,0,0,0,0,0,0,0,0,0,0,0,0,0,0,0,0,0,0,0,0,0,0,0,0,0,0,0,0,0,0,0,0,0,0,0,0,0,0,0,0,0,0,0,0,0,0,0,0,0,0,0,0,0,0,0,0,0,0,0,0,0,0,0,0,0,0,0,0,0,0,0,0,0,0,0,0,0,0,0,0,0,0,0,0,0,0,0,0,0,0,0,0,0,0,0,0,0,0,0,0,0,0,0,0,0,0,0,0,0,0,0,0,0,0,0,0,0,0,0,0,0,0,0,0,0,0,0,0,0,0,0,0,0,0,0,0,0,0,0,0,0,0,0,0,0,0,0,0,0,0,0,0,0,0,0,0,0,0,0,0,0,0,0,0,0,0,0,0,0,0,0,0,0,0,0,0,0,0,0,0,0,0,0,0,0,0,0,0,0,0,0,0,0,0,0,0,0,0,0,0,0,0,0,0,0,0,0,0,0,0,0,0,0,0,0,0,0,0,0,0,0,0,0,0,0,0,0,0,0,0,0,0,0,0,0,0,0,0,0,0,0,0,0,0,0,0,0,0,0,0,0,0,0,0,0,0,0,0,0,0,0,0,0,0,0,0,0,0,0,0,0,0,0,0,0,0,0,0,0,0,0,0,0,0,0,0,0,0,0,0,0,0,0,0,0,0,0,0,0,0,0,0,0,0,0,0,0,0,0,0,0,0,0,0,0,0,0,0,0,0,0,0,0,0,0,0,0,0,0,0,0,0,0,0,0,0,0,0,0,0,0,0,0,0,0,0,0,0,0,0,0,0,0,0,0,0,0,0,0,0,0,0,0,0,0,0,0,0,0,0,0,0,0,0,0,0,0,0,0,0,0,0,0,0,0,0,0,0,0,0,0,0,0,0,0,0,0,0,0,0,0,0,0,0,0,0,0,0,0,0,0,0,0,0,0,0,0,0,0,0,0,0,0,0,0,0,0,0,0,0,0,0,0,0,0,0,0,0,0,0,0,0,0,0,0,0,0,0,0,0,0,0,0,0,0,0,0,0,0,0,0,0,0,0,0,0,0,0,0,0,0,0,0,0,0,0,0,0,0,0,0,0,0,0,0,0,0,0,0,0,0,0,0,0,0,0,0,0,0,0,0,0,0,0,0,0,0,0,0,0,0,0,0,0,0,0,0.092424884,-1.3780335,0.15413116,-0.19034359,-0.5688918,0.44053552,-0.4543093,0.44167823,-0.33037734,-0.17424178,-0.35988,0.07756967,-0.7798774,-0.110042326,0.13335463,0.34236646,0.24939151,0.9492487,-0.43779197,0.47907597,0.3367568,-0.13175379,0.62918633,0.43077055,0.8258361,0.90821505,-0.09840747,0.3534819,-0.049270995,-0.05051759,-0.93372756,-0.47965667,-0.6670609,-0.30835423,-0.017067386,-0.064022325,0.45123544,0.14706714,-0.029637182,0.22331698,0.6158894,-0.3062766,-0.052075826,0.31348708,-0.42304063,-0.5535172,-0.17715049,0.09564525,0.11818778,0.35919544,-0.08459108,0.43315986,0.24149644,0.083283216,-0.05706219,0.098346196,0.4335754,0.19059396,0.054196086,0.26757097,-0.41244462,-0.41036695,0.006825615,0.050560195,-0.04189533,0.22020051,-0.20052408,0.32138216,-0.23470145,-0.19397947,-0.07524165,0.103020914,-0.0050170026,-0.025897408,0.2770243,-0.13040331,0.046508774,-0.3777478,0.31504533,-0.11710634,-0.08833086,0.01929153,-0.3747352,-0.13736345,0.3528586,0.14872926,-0.108899616,-0.099965714,0.1574554,-0.061529145,-0.19294065,-0.009483955,0.033004034,-0.19616102,0.052949496,0.013681867,-0.2176647,-0.15086819,-0.7398826,0.25520894,-0.29962808,-0.23116945,-0.057893254,-0.024131404,0.06261058,-0.3754624,0.23858772,-0.035974022,-0.13123438,-0.28716218,0.01659058,0.19017842,-0.02361199,-0.13559745,-0.25672457,0.13917206,-0.053218536,-0.04064874,0.032276854,0.0043324325,0.0053712586,-0.058724314,-0.32487157,-0.05664666,0.09813843,-0.2553741,-0.028702239,0.25874096,-0.31417167,0.27775148,-0.24997221,-0.20073184,-0.13632463,0.21490249,0.05668927,-0.0367012,0.19786574,0.046508774,0.11538295,-0.17548837,0.040691346,-0.10817244,-0.09477158,0.021888593,-0.034104135,0.0840104,-0.17860484,0.21469472,-0.089889094,-0.03545461,0.63334167,-0.00096558075,-0.18733099,-0.23709077,-0.19013582,0.16389613,-0.088850275,-0.1507643,0.11818778,-0.17808543,-0.23761018,0.021784712,-0.20208232,-0.0048092376,-0.11575587,-0.08365614,-0.06308738,0.19422984,0.22747229,0.07092119,-0.12614413,0.2220704,-0.11014621,0.19682692,-0.18535721,-0.119703405,0.12961486,0.004124667,0.24679445,0.15766317,-0.2542314,0.016694464,-0.1603215,0.06988236,0.063753285,-0.07586494,-0.15450408,-0.35156938,0.087438524,0.26414284,0.07185613,0.1849843,-0.26648954,-0.118352935,-0.15024489,-0.0582049,0.013785751,-0.015197499,0.14623608,-0.06994364,0.07736191,-0.00096558075,0.31546086,0.18207559,-0.05259524,0.01617505,0.018979881,0.26300013,-0.033688605,-0.07129411,0.05346891,0.29094455,-0.10474431,-0.29100585,-0.53512996,0.042249586,-0.03545461,0.0016314846,-0.067138806,0.066662,0.040068053,0.05274173,0.091386065,-0.096329816,-0.10619867,-0.1090035,-0.1645807,0.015551754,-0.262542,0.06074069,0.17345333,-0.13487028,-0.32383275,-0.056023367,0.34465188,0.2655972,0.10800728,-0.003043233,0.1281605,-0.15356913,-0.08417556,-0.07700765,0.23599066,0.045677714,-0.10391325,0.1341857,0.15994859,-0.02797506,-0.2809292,-0.3144833,-0.102147244,0.2405615,-0.4561792,0.12888768,-0.1603215,0.22342086,-0.012808199,0.20461811,-0.29474562,-0.073475644,0.020642003,0.014201281,-0.0844872,-0.10464043,-0.18047473,0.19225608,0.00069654104,0.054507736,0.1891396,0.048898075,0.11122764,-0.14712842,-0.058308784,0.15340398,0.010565389,0.10177432,0.19547644,0.3104745,0.12712169,-0.10391325,-0.024650816,0.07528426,-0.0390905,-0.023819756,-0.16520399,-0.08801921,0.007137263,0.10478692,0.39981353,-0.14754395,0.13283522,-0.06703492,0.021576947,-0.016132442,-0.07357953,-0.019041155,0.2829456,-0.043349687,-0.2356364,0.1007355,0.04962525,-0.034727428,0.029991439,-0.2338704,-0.25568575,-0.12520918,0.087750174,0.117772244,-0.09207063,-0.24020724,-0.119495645,0.3288617,-0.07285235,-0.022573164,0.107799515,0.32096663,-0.118041284,0.16535048,-0.04636228,-0.011146077,0.036847692,-0.001173346,-0.046985578,-0.4150417,0.04640489,0.13273135,-0.21392493,0.14810596,0.016798345,-0.26223037,-0.029533299,-0.057685487,-0.03587014,-0.2541275,0.054611616,-0.20738034,0.09543748,0.23651007,-0.061633028,-0.31957355,0.04401559,-0.14775172,0.0714406,0.0732066,-0.0016927591,0.14426231,-0.4177426,0.6238883,0.0618834,-0.07835813,0.07331049,0.11527906,-0.039194383,0.020226473,0.2632079,0.1275372,0.24087314,-0.018625624,-0.2589061,-0.039402146,0.06645423,0.2244597,-0.008549011,0.2696486,0.4286929,0.08536087,-0.33079287,0.19890456,-0.2972388,0.22705676,0.09045112,-0.23314323,-0.11295104,-0.21402882,-0.09362887,0.0403797,-0.1950183,-0.325391,-0.08895415,-0.16915153,-0.036805082,0.00069654104,0.24762551,0.11008493,-0.04937488,0.23557512,-0.17393012,0.060532928,-0.2655546,0.032380737,0.28450385,-0.015197499,-0.12915672,0.08702299,-0.075137764,0.18581536,0.037263222,0.24939151,-0.05415348,-0.021326574,0.09990443,0.36729828,-0.05654278,0.15402728,-0.17985144,0.043703943,0.13553618,-0.13871393,0.10063162,-0.026520703,-0.28498065,0.047755364,-0.043349687,-0.2942262,0.03612051,0.041002996,-0.08376002,0.1609874,0.2697525,0.019187646,0.16316895,0.006513967,-0.14359641,-0.03753226,0.2154219,-0.10308219,0.13605559,0.09481419,0.20378704,0.17511545,0.08536087,0.09232101,-0.33848017,0.19184054,-0.24031112,-0.05217971,-0.22961122,-0.24654408,-0.148375,-0.08698039,-0.06423009,0.14769045,-0.08895415,0.039860286,0.006098437,0.29925516,-0.12593636,-0.060801964,-0.14297311,-0.07534553,0.010253741,0.20274822,0.001527602,-0.40849707,-0.014366438,-0.023300342,-0.13362367,0.13470511,-0.13549356,-0.0017966416,0.014824577,-0.31458718,0.044327237,0.109773286,-0.106925845,0.109773286,0.013474102,0.10634516,0.03923699,-0.25797117,-0.32487157,0.081101686,0.007345028,0.025420602,0.04765148,-0.122300476,0.11361694,0.14976808,-0.13715568,-0.14951771,-0.021326574,0.061779518,-0.042414743,0.060844574,-0.06329515,0.11153929,-0.005224768,-0.22555979,-0.13497415,-0.13029943,0.2058647,-0.020911042,-0.12957226,0.008695502,0.04121076,0.015136224,-0.17091754,-0.005951946,-0.20945798,0.06790859,0.2589487,0.18893184,0.037782636,0.2310043,0.113928586,-0.051037,-0.12739073,-0.31074354,0.0112925675,-0.07098246,0.24700221,-0.02517023,0.1521574,0.10541022,-0.19117464,0.13823712,-0.18878534,-0.20488715,-0.120015055,0.44043165,0.44417143,0.006306202,-0.05778937,0.16690873,-0.12936449,-0.08376002,0.27795923,0.080478385,0.082452156,-0.06900869,-0.22213167,-0.15055655,-0.06184079,-0.2183919,0.2332897,0.033004034,-0.08282508,0.042249586,-0.21880741,0.12888768,-0.40870485,0.01098092,-0.18078639,0.16192235,0.09876173,-0.21402882,-0.022573164,-0.21205504,-0.03950603,0.34350917,0.001527602,-0.048439935,-0.03119542,0.15361175,-0.25277704,0.052014552,-0.15533514,-0.017379034,0.06510376,-0.08614932,-0.05020594,-0.12967613,-0.06963199,0.039340872,0.11652566,-0.22452097,0.1018782,-0.29059032,-0.039194383,0.024070129,0.15080692,0.31483757,-0.24093442,0.3426781,-0.11741799,-0.031299304,0.20305987,0.23619843,0.15174186,0.17127179,0.092424884,-0.029741064,-0.052906886,0.009734328,0.14322348,-0.08095519,0.05128737,0.0035013715,-0.14193429,-0.14318088,-0.16302246,-0.1645807,-0.078565896,0.23141982,0.13584782,0.25271577,-0.098303586,0.08899676,0.16088353,0.28543878,-0.11440539,0.095541365,-0.11274327,0.080790035,0.021576947,0.1317964,0.16067576,-0.28778547,0.12234308,0.15610492,0.0744532,0.15662435,0.16971356,-0.12676743,-0.0077179507,-0.014366438,-0.058724314,-0.10339384,0.17407662,-0.17330684,0.30008623,-0.1513876,0.16233788,0.12099261,-0.013119847,-0.0024199374,0.01659058,0.16005246,-0.07565718,-0.065165035,0.24980704,-0.22296272,-0.25495857,0.08504922,0.29395714,-0.14338864,-0.1544002,-0.118352935,0.1945415,-0.052075826,-0.1789165,0.16888249,0.04121076,-0.16271082,-0.046466164,-0.04553122,-0.31531435,-0.15928268,0.39617765,-0.19314842,0.033835094,-0.24062277,0.076842494,-0.05062147,-0.04511569,0.066558115,0.002047015,0.1485215,-0.05976314,-0.36652848,0.0970996,-0.036181785,-0.33266276,0.13200416,-0.279371,0.029472025,0.11818778,-0.030260477,-0.017171267,0.08068615,-0.04584287,0.07050566,-0.07004752,0.1419769,0.14353514,0.19381432,0.32584912,0.0018392497,-0.036389552,0.04837866,-0.23584417,0.21656461,0.25977978,0.10343645,-0.0050170026,-0.059970904,-0.16416517,0.11101987,0.13667887,0.15298845,0.23256253,-0.116067514,0.081101686,-0.31375614,-0.05986702,-0.36632073,-0.0964337,-0.0803319,-0.1322732,-0.30035526,0.051599022,-0.22701414,0.080478385,0.31629193,-0.0060558286,0.030718615,-0.17881261,0.05513103,-0.3713071,0.1963075,0.12712169,0.0451583,0.2423275,-0.20457551,-0.2840457,0.42183664,0.15111856,-0.036493436,0.007968324,0.15755929,-0.10349772,-0.116898574,-0.0071985377,-0.19470665,0.13231581,-0.014885851,-0.35447812,0.1402109,-0.16271082,-0.3288191,-0.1472323,0.12535568,0.30008623,-0.076799884,-0.11108115,-0.0558156,0.18373771,0.013058572,-0.08781145,-0.050829235,0.16192235,0.018044937,-0.023508107,0.015240107,-0.04231086,0.09211324,0.088269584,-0.10017347,0.29686588,-0.2582828,0.108942226,-0.0022121721,0.092736535,-0.110873386,-0.10266666,0.28917855,0.03051085,-0.072125174,0.10998105,-0.05623113,0.08598416,0.24024984,-0.009587837,-0.058724314,0.024485659,0.15724763,-0.42304063,0.060013514,0.19848904,0.05045631,0.06863577,-0.07139799,0.12961486,0.05388444,0.22923829,-0.11326268,-0.13611686,-0.010938312,-0.09290169,0.28086793,-0.042206977,-0.18140967,0.035601098,-0.102770545,0.08536087,0.21147436,-0.12520918,-0.29152524,-0.19481054,0.45507908,0.12182367,-0.105263725,0.08930841,0.037263222,0.057312567,0.15340398,-0.047401108,0.17636204,-0.028078943,0.030303085,-0.034311898,-0.026105173,0.13564005,0.16244178,-0.17756602,0.0029819584,-0.09196675,-0.089369684,-0.12406648,0.08556864,0.03175744,0.05274173,-0.12915672,0.452482,-0.014574203,0.39628154,-0.089369684,0.10738398,-0.06661939,-0.057685487,0.002358663,-0.1352858,-0.12458589,0.068843536,0.08463369,-0.13092273,0.08764629,0.058247507,0.11455189,-0.13912946,0.044223357,-0.2458169,0.07216778,0.18862018,-0.023404226,-0.12967613,-0.036389552,0.19817738,-0.16219139,-0.1281179,0.13023816,0.015967285,-0.27064484,0.094190896,-0.27563122,-0.1902397,-0.14172652,0.012643041,-0.046985578,0.068012476,0.11756448,0.11787613,0.01814882,-0.045427337,0.03632828,0.026147781,-0.055919483,-0.09155122,-0.09975795,-0.021326574,0.35732555,-0.29069418,-0.036493436,-0.11783352,-0.20748422,-0.12957226,0.037678752,-0.1574128,-0.21870354,0.11756448,0.095229715,0.004436315,-0.18109803,0.1275372,0.090243354,0.070194006,0.07871238,0.040275816,-0.00023840248,0.110604346,0.050975725,-0.028286709,-0.12853342,0.11849942,-0.05986702,-0.11959952,0.039756402,-0.13372757,-0.09778418,0.04360006,0.318889,0.21833062,-0.13912946,-0.07524165,0.079127915,0.13335463,-0.14079158,0.0792318,0.06562317,0.11101987,0.11735672,-0.028182825,-0.044804044,0.025108956,0.15330009,-0.01644409,0.06302611,0.05513103,0.054403853,0.30247554,0.21168213,0.20295599,0.13335463,-0.06921646,0.0016314846,-0.030156596,0.07372602,-0.10796467,-0.060386434,0.012019746,0.11475965,-0.17465732,-0.10308219,0.023031304,-0.24695961,0.39441165,0.043392293,0.14301573,0.12982263,-0.105263725,0.09252877,-0.04470016,-0.1322732,-0.11741799,0.14228854,-0.18099415,-0.04064874,-0.2953689,-0.33983067,0.0051634936,0.13512065,-0.118352935,0.21417531,0.09782679,-0.13767509,-0.13123438,0.19246385,0.038198166,0.1120587,0.06925906,-0.044907928,0.063545525,-0.22026178,-0.013327612,-0.13715568,-0.018210094,0.0069294977,-0.06807375,0.20004727,-0.08396779,-0.3343249,-0.02517023,-0.01841786,0.31369486,0.1545467,-0.10702973,-0.29453784,-0.086564854,-0.3097047,0.03757487,-0.060074788,0.010669271,-0.0851105,-0.15460797,-0.16385351,0.17096014,0.049105838,-0.09394052,-0.22472873,-0.041687567,-0.110042326,0.17137568,-0.33951902,0.123381905,-0.041375916,-0.19159018,0.19443761,-0.11263939,-0.09362887,0.21864226,-0.1752806,0.102501504,-0.20551045,0.05585821,-0.42470276,0.13564005,0.06531153,-0.09570652,0.27723205,-0.058308784,-0.06256797,-0.16219139,0.03643216,0.122550845,-0.19938137,-0.09799194,0.20243658,-0.25610128,-0.06921646,0.1198499,0.16597378,-0.20010854,-0.020911042,0.29208726,0.121719785,-0.13435085,0.10821504,0.29873577,0.18706195,-0.255478,0.059597984,-0.057997134,-0.0055364156,0.105514094,-0.5063545,-0.26056823,-0.60358864,0.8779852,-0.71692455,-1.6384672,0.74813193,-0.8335847,-0.43197453,-0.33328605,-0.0060558286,0.64113283,0.519798,-0.66311336,1.1662594,0.038613696,0.626797,-0.45264718,0.94956034,0.8028781,-0.24810232,0.44510636,-0.11502869,-0.8946677,-0.7571271,-0.010522781,-0.33401322,-0.04272639,1.120655,-0.3331822,-0.38470796,1.0527158,-0.03036436,-0.98494166,0.50359225,-0.308562,0.050144665,0.045054417,0.09990443,-0.80065393,0.14436619,-0.38273418,-0.30876976,0.33821115,-0.54125905,-0.6938626,0.11538295,0.113928586,0.91652566,-0.2827991,0.17127179,0.739198,0.1789591,0.8292643,-0.117521875,0.50026804,0.61038357,-0.0701514,-0.37743616,-0.3450248,-0.2761506,-0.20686091,0.77618027,0.27910194,-0.2853962,-0.41265237,-0.3251832,0.8732066,0.5408861,-0.035558492,0.19443761,-0.82963717,0.37519336,-0.6437912,-0.78517544,0.24222362,0.44157434,0.25697494,0.4299395,0.23069264,-0.73479235,0.75571537,-0.15460797,-0.5790723,-0.5363766,0.9072801,-0.13133825,0.7854258,1.0877242,-0.16468458,-0.65833473,0.008383854,-0.1735146,-0.8226771,0.32397923,-0.36039943,0.27473888,0.64933956,0.16753201,0.6974372,0.075180374,0.12826438,0.3097473,-0.037220612,-0.2923563,-0.9718525,-0.5399086,-0.6290399,0.72839427,0.33104324,-0.3119901,0.12732944,0.5615588,0.67925775,0.20898119,0.046716537,0.34600234,0.7363932,-0.22078119,0.27494663,-0.36393142,0.26944086,0.017109994,-0.46116555,-0.07357953,0.23256253,0.25437787,0.28928244,
0,0,0,1,0,0,0,0,0,0,0,0,0,0,0,0,0,0,0,0,0,0,0,0,0,0,0,0,0,0,0,0,0,0,0,0,0,0,0,0,0,0,0,0,0,0,0,0,0,0,0,0,0,0,0,0,0,0,0,0,0,0,0,0,0,0,0,0,0,0,0,0,0,0,0,0,0,0,0,0,0,0,0,0,0,0,0,0,0,0,0,0,0,0,0,0,0,0,0,0,0,0,0,0,0,0,0,0,0,0,0,0,0,0,0,0,0,0,0,0,0,0,0,0,0,0,0,0,0,0,0,0,0,0,0,0,0,0,0,0,0,0,0,0,0,0,0,0,0,0,0,0,0,0,0,0,0,0,0,0,0,0,0,0,0,0,0,0,0,0,0,0,0,0,0,0,0,0,0,0,0,0,0,0,0,0,0,0,0,0,0,0,0,0,0,0,0,0,0,0,0,0,0,0,0,0,0,0,0,0,0,0,0,0,0,0,0,0,0,0,0,0,0,0,0,0,0,0,0,0,0,0,0,0,0,0,0,0,0,0,0,0,0,0,0,0,0,0,0,0,0,0,0,0,0,0,0,0,0,0,0,0,0,0,0,0,0,0,0,0,0,0,0,0,0,0,0,0,0,0,0,0,0,0,0,0,0,0,0,0,0,0,0,0,0,0,0,0,0,0,0,0,0,0,0,0,0,0,0,0,0,0,0,0,0,0,0,0,0,0,0,0,0,0,0,0,0,0,0,0,0,0,0,0,0,0,0,0,0,0,0,0,0,0,0,0,0,0,0,0,0,0,0,0,0,0,0,0,0,0,0,0,0,0,0,0,0,0,0,0,0,0,0,0,0,0,0,0,0,0,0,0,0,0,0,0,0,0,0,0,0,0,0,0,0,0,0,0,0,0,0,0,0,0,0,0,0,0,0,0,0,0,0,0,0,0,0,0,0,0,0,0,0,0,0,0,0,0,0,0,0,0,0,0,0,0,0,0,0,0,0,0,0,0,0,0,0,0,0,0,0,0,0,0,0,0,0,0,0,0,0,0,0,0,0,0,0,0,0,0,0,0,0,0,0,0,0,0,0,0,0,0,0,0,0,0,0,0,0,0,0,0,0,0,0,0,0,0,0,0,0,0,0,0,0,0,0,0,0,0,0,0,0,0,0,0,0,0,0,0,0,0,0,0,0,0,0,0,0,0,0,0,0,0,0,0,0,0,0,0,0,0,0,0,0,0,0,0,0,0,0,0,0,0,0,0,0,0,0,0,0,0,0,0,0,0,0,0,0,0,0,0,0,0,0,0,0,0,0,0,0,0,0,0,0,0,0,0,0,0,0,0,0,0,0,0,0,0,0,0,0,0,0,0,0,0,0,0,0,0,0,0,0,0,0,0,0,0,0,0,0,0,0,0,0,0,0,0,0,0,0,0,0,0,0,0,0,0,0,0,0,0,0,0,0,0,0,0,0,0,0,0,0,0,0,0,0,0,0,0,0,0,0,0,0,0,0,0,0,0,0,0,0,0,0,0,0,0,0,0,0,0,0,0,0,0,0,0,0,0,0,0,0,0,0,0,0,0,0,0,0,0,0,0,0,0,0,0,0,0,0,0,0,0,0,0,0,0,0,0,0,0,0,0,0,0,0,0,0,0,0,0,0,0,0,0,0,0,0,0,0,0,0,0,0,0,0,0,0,0,0,0,0,0,0,0,0,0,0,0,0,0,0,0,0,0,0,0,0,0,0,0,0,0,0,0,0,0,0,0,0,0,0,0,0,0,0,0,0,0,0,0,0,0,0,0,0,0,0,0,0,0,0,0,0,0,0,0,0,0,0,0,0,0,0,0,0,0,0,0,0,0,0,0,0,0,0,0,0,0,0,0,0,0,0,0,0,0,0,0,0,0,0,0,0,0,0,0,0,0,0,0,0,0,0,0,0,0,0,0,0,0,0,0,0,0,0,0,0,0,0,0,0,0,0,0,0,0,0,0,0,0,0,0,0,0,0,0,0,0,0,0,0,0,0,0,0,0,0,0,0,0,0,0,0,0,0,0,0,0,0,0,0,0,0,0,0,0,0,0,0,0,0,0,0,0,0,0,0,0,0,0,0,0,0,0,0,0,0,0,0,0,0,0,0,0,0,0,0,0,0,0,0,0,0,0,0,0,0,0,0,0,0,0,0,0,0,0,0,0,0,0,0,0,0,0,0,0,0,0,0,0,0,0,0,0,0,0,0,0,0,0,0,0,0,0,0,0,0,0,0,0,0,0,0,0,0,0,0,0,0,0,0,0,0,0,0,0,0,0,0,0,0,0,0,0,0,0,0,0,0,0,0,0,0,0,0,0,0,0,0,0,0,0,0,0,0,0,0,0,0,0,0,0,0,0,0,0,0,0,0,0,0,0,0,0,0,0,0,0,0,0,0,0,0,0,0,0,0,0,0,0,0,0,0,0,0,0,0,0,0,0,0,0,0,0,0,0,0,0,0,0,0,0,0,0,0,0,0,0,0,0,0,0,0,0,0,0,0,0,0,0,0,0,0,0,0,0,0,0,0,0,0,0,0,0,0,0,0,0,0,0,0,0,0,0,0,0,0,0,0,0,0,0,0,0,0,0,0,0,0,0,0,0,0,0,0,0,0,0,0,0,0,0,0,0,0,0,0,0,0,0,0,0,0,0,0,0,0,0,0,0,0,0,0,0,0,0,0,0,0,0,0,0,0,0,0,0,0,0,0,0,0,0,0,0,0,0,0,0,0,0,0,0,0,0,0,0,0,0,0,0,0,0,0,0,0,0,0,0,0,0,0,0,0,0,0,0,0,0,0,0,0,0,0,0,0,0,0,0,0,0,0,0,0,0,0,0,0,0,0,0,0,0,0,0,0,0,0,0,0,0,0,0,0,0,0,0,0,0,0,0,0,0,0,0,0,0,0,0,0,0,0,0,0,0,0,0,0,0,0,0,0,0,0,0,0,0,0,0,0,0,0,0,0,0,0,0,0,0,0,0,0,0,0,0,0,0,0,0,0,0,0,0,0,0,0,0,0,0,0,0,0,0,0,0,0,0,0,0,0,0,0,0,0,0,0,0,0,0,0,0,0,0,0,0,0,0,0,0,0,0,0,0,0,0,0,0,0,0,0,0,0,0,0,0,0,0,0,0,0,0,0,0,0,0,0,0,0,0,0,0,0,0,0,0,0,0,0,0,0,0,0,0,0,0,0,0,0,0,0,0,0,0,0,0,0,0,0,0,0,0,0,0,0,0,0,0,0,0,0,0,0,0,0,0,0,0,0,0,0,0,0,0,0,0,0,0,0,0,0,0,0,0,0,0,0,0,0,0,0,0,0,0,0,0,0,0,0,0,0,0,0,0,0,0,0,0,0,0,0,0,0,0,0,0,0,0,0,0,0,0,0,0,0,0,0,0,0,0,0,0,0,0,0,0,0,0,0,0,0,0,0,0,0,0,0,0,0,0,0,0,0,0,0,0,0,0,0,0,0,0,0,0,0,0,0,0,0,0,0,0,0,0,0,0,0,0,0,0,0,0,0,0,0,0,0,0,0,0,0,0,0,0,0,0,0,0,0,0,0,0,0,0,0,0,0,0,0,0,0,0,0,0,0,0,0,0,0,0,0,0,0,0,0,0,0,0,0,0,0,0,0,0,0,0,0,0,0,0,0,0,0,0,0,0,0,0,0,0,0,0,0,0,0,0,0,0,0,0,0,0,0,0,0,0,0,0,0,0,0,0,0,0,0,0,0,0,0,0,0,0,0,0,0,0,0,0,0,0,0,0,0,0,0,0,0,0,0,0,0,0,0,0,0,0,0,0,0,0,0,0,0,0,0,0,0,0,0,0,0,0,0,0,0,0,0,0,0,0,0,0,0,0,0,0,0,0,0,0,0,0,0,0,0,0,0,0,0,0,0,0,0,0,0,0,0,0,0,0,0,0,0,0,0,0,0,0,0,0,0,0,0,0,0,0,0,0,0,0,0,0,0,0,0,0,0,0,0,0,0,0,0,0,0,0,0,0,0,0,0,0,0,0,0,0,0,0,0,0,0,0,0,0,0,0,0,0,0,0,0,0,0,0,0,0,0,0,0,0,0,0,0,0,0,0,0,0,0,0,0,0,0,0,0,0,0,0,0,0,0,0,0,0,0,0,0,0,0,0,0,0,0,0,0,0,0,0,0,0,0,0,0,0,0,0,0,0,0,0,0,0,0,0,0,0,0,0,0,0,0,0,0,0,0,0,0,0,0,0,0,0,0,0,0,0,0,0,0,0,0,0,0,0,0,0,0,0,0,0,0,0,0,0,0,0,0,0,0,0,0,0,0,0,0,0,0,0,0,0,0,0,0,0,0,0,0,0,0,0,0,0,0,0,0,0,0,0,0,0,0,0,0,0,0,0,0,0,0,0,0,0,0,0,0,0,0,0,0,0,0,0,0,0,0,0,0,0,0,0,0,0,0,0,0,0,0,0,0,0,0,0,0,0,0,0,0,0,0,0,0,0,0,0,0,0,0,0,0,0,0,0,0,0,0,0,0,0,0,0,0,0,0,0,0,0,0,0,0,0,0,0,0,0,0,0,0,0,0,0,0,0,0,0,0,0,0,0,0,0,0,0,0,0,0,0,0,0,0,0,0,0,0,0,0,0,0,0,0,0,0,0,0,0,0,0,0,0,0,0,0,0,0,0,0,0,0,0,0,0,0,0,0,0,0,0,0,0,0,0,0,0,0,0,0,0,0,0,0,0,0,0,0,0,0,0,0,0,0,0,0,0,0,0,0,0,0,0,0,0,0,0,0,0,0,0,0,0,0,0,0,0,0,0,0,0,0,0,0,0,0,0,0,0,0,0,0,0,0,0,0,0,0,0,0,0,0,0,0,0,0,0,0,0,0,0,0,0,0,0,0,0,0,0,0,0,0,0,0,0,0,0,0,0,0,0,0,0,0,0,0,0,0,0,0,0,0,0,0,0,0,0,0,0,0,0,0,0,0,0,0,0,0,0,0,0,0,0,0,0,0,0,0,0,0,0,0,0,0,0,0,0,0,0,0,0,0,0,0,0,0,0,0,0,0,0,0,0,0,0,0,0,0,0,0,0,0,0,0,0,0,0,0,0,0,0,0,0,0,0,0,0,0,0,0,0,0,0,0,0,0,0,0,0,0,0,0,0,0,0,0,0,0,0,0,0,0,0,0,0,0,0,0,0,0,0,0,0,0,0,0,0,0,0,0,0,0,0,0,0,0,0,0,0,0,0,0,0,0,0,0,0,0,0,0,0,0,0,0,0,0,0,0,0,0,0,0,0,0,0,0,0,0,0,0,0,0,0,0,0,0,0,0,0,0,0,0,0,0,0,0,0,0,0,0,0,0,0,0,0,0,0,0,0,0,0,0,0,0,0,0,0,0,0,0,0,0,0,0,0,0,0,0,0,0,0,0,0,0,0,0,0,0,0,0,0,0,0,0,0,0,0,0,0,0,0,0,0,0,0,0,0,0,0,0,0,0,0,0,0,0,0,0,0,0,0,0,0,0,0,0,0,0,0,0,0,0,0,0,0,0,0,0,0,0,0,0,0,0,0,0,0,0,0,0,0,0,0,0,0,0,0,0,0,0,0,0,0,0,0,0,0,0,0,0,0,0,0,0,0,0,0,0,0,0,0,0,0,0,0,0,0,0,0,0,0,0,0,0,0,0,0,0,0,0,0,0,0,0,0,0,0,0,0,0,0,0,0,0,0,0,0,0,0,0,0,0,0,0,0,0,0,0,0,0,0,0,0,0,0,0,0,0,0,0,0,0,0,0,0,0,0,0,0,0,0,0,0,0,0,0,0,0,0,0,0,0,0,0,0,0,0,0,0,0,0,0,0,0,0,0,0,0,0,0,0,0,0,0,0,0,0,0,0,0,0,0,0,0,0,0,0,0,0,0,0,0,0,0,0,0,0,0,0,0,0,0,0,0,0,0,0,0,0,0,0,0,0,0,0,0,0,0,0,0,0,0,0,0,0,0,0,0,0,0,0,0,0,0,0,0,0,0,0,0,0,0,0,0,0,0,0,0,0,0,0,0,0,0,0,0,0,0,0,0,0,0,0,0,0,0,0,0,0,0,0,0,0,0,0,0,0,0,0,0,0,0,0,0,0,0,0,0,0,0,0,0,0,0,0,0,0,0,0,0,0,0,0,0,0,0,0,0,0,0,0,0,0,0,0,0,0,0,0,0,0,0,0,0,0,0,0,0,0,0,0,0,0,0,0,0,0,0,0,0,0,0,0,0,0,0,0,0,0,0,0,0,0,0,0,0,0,0,0,0,0,0,0,0,0,0,0,0,0,0,0,0,0,0,0,0,0,0,0,0,0,0,0,0,0,0,0,0,0,0,0,0,0,0,0,0,0,0,0,0,0,0,0,0,0,0,0,0,0,0,0,0,0,0,0,0,0,0,0,0,0,0,0,0,0,0,0,0,0,0,0,0,0,0,0,0,0,0,0,0,0,0,0,0,0,0,0,0,0,0,0,0,0,0,0,0,0,0,0,0,0,0,0,0,0,0,0,0,0,0,0,0,0,0,0,0,0,0,0,0,0,0,0,0,0,0,0,0,0,0,0,0,0,0,0,0,0,0,0,0,0,0,0,0,0,0,0,0,0,0,0,0,0,0,0,0,0,0,0,0,0,0,0,0,0,0,0,0,0,0,0,0,0,0,0,0,0,0,0,0,0,0,0,0,0,0,0,0,0,0,0,0,0,0,0,0,0,0,0,0,0,0,0,0,0,0,0,0,0,0,0,0,0,0,0,0,0,0,0,0,0,0,0,0,0,0,0,0,0,0,0,0,0,0,0,0,0,0,0,0,0,0,0,0,0,0,0,0,0,0,0,0,0,0,0,0,0,0,0,0,0,0,0,0,0,0,0,0,0,0,0,0,0,0,0,0,0,0,0,0,0,0,0,0,0,0,0,0,0,0,0,0,0,0,0,0,0,0,0,0,0,0,0,0,0,0,0,0,0,0,0,0,0,0,0,0,0,0,0,0,0,0,0,0,0,0,0,0,0,0,0,0,0,0,0,0,0,0,0,0,0,0,0,0,0,0,0,0,0,0,0,0,0,0,0,0,0,0,0,0,0,0,0,0,0,0,0,0,0,0,0,0,0,0,0,0,0,0,0,0,0,0,0,0,0,0,0,0,0,0,0,0,0,0,0,0,0,0,0,0,0,0,0,0,0,0,0,0,0,0,0,0,0,0,0,0,0,0,0,0,0,0,0,0,0,0,0,0,0,0,0,0,0,0,0,0,0,0,0,0,0,0,0,0,0,0,0,0,0,0,0,0,0,0,0,0,0,0,0,0,0,0,0,0,0,0,0,0,0,0,0,0,0,0,0,0,0,0,0,0,0,0,0,0,0,0,0,0,0,0,0,0,0,0,0,0,0,0,0,0,0,0,0,0,0,0,0,0,0,0,0,0,0,0,0,0,0,0,0,0,0,0,0,0,0,0,0,0,0,0,0,0,0,0,0,0,0,0,0,0,0,0,0,0,0,0,0,0,0,0,0,0,0,0,0,0,0,0,0,0,0,0,0,0,0,0,0,0,0,0,0,0,0,0,0,0,0,0,0,0,0,0,0,0,0,0,0,0,0,0,0,0,0,0,0,0,0,0,0,0,0,0,0,0,0,0,0,0,0,0,0,0,0,0,0,0,0,0,0,0,0,0,0,0,0,0,0,0,0,0,0,0,0,0,0,0,0,0,0,0,0,0,0,0,0,0,0,0,0,0,0,0,0,0,0,0,0,0,0,0,0,0,0,0,0,0,0,0,0,0,0,0,0,0,0,0,0,0,0,0,0,0,0,0,0,0,0,0,0,0,0,0,0,0,0,0,0,0,0,0,0,0,0,0,0,0,0,0,0,0,0,0,0,0,0,0,0,0,0,0,0,0,0,0,0,0,0,0,0,0,0,0,0,0,0,0,0,0,0,0,0,0,0,0,0,0,0,0,0,0,0,0,0,0,0,0,0,0,0,0,0,0,0,0,0,0,0,0,0,0,0,0,0,0,0,0,0,0,0,0,0,0,0,0,0,0,0,0,0,0,0,0,0,0,0,0,0,0,0,0,0,0,0,0,0,0,0,0,0,0,0,0,0,0,0,0,0,0,0,0,0,0,0,0,0,0,0,0,0,0,0,0,0,0,0,0,0,0,0,0,0,0,0,0,0,0,0,0,0,0,0,0,0,0,0,0,0,0,0,0,0,0,0,0,0,0,0,0,0,0,0,0,0,0,0,0,0,0,0,0,0,0,0,0,0,0,0,0,0,0,0,0,0,0,0,0,0,0,0,0,0,0,0,0,0,0,0,0,0,0,0,0,0,0,0,0,0,0,0,0,0,0,0,0,0,0,0,0,0,0,0,0,0,0,0,0,0,0,0,0,0,0,0,0,0,0,0,0,0,0,0,0,0,0,0,0,0,0,0,0,0,0,0,0,0,0,0,0,0,0,0,0,0,0,0,0,0,0,0,0,0,0,0,0,0,0,0,0,0,0,0,0,0,0,0,0,0,0,0,0,0,0,0,0,0,0,0,0,0,0,0,0,0,0,0,0,0,0,0,0,0,0,0,0,0,0,0,0,0,0,0,0,0,0,0,0,0,0,0,0,0,0,0,0,0,0,0,0,0,0,0,0,0,0,0,0,0,-0.8705143,0.10935498,1.9916034,0.85094976,0.509721,0.8974857,-0.6149326,0.02360335,0.58234847,-0.20562541,-0.3340437,-0.3020437,-1.134828,-0.43312868,0.49717197,-0.36123326,-0.62345546,0.5788975,-0.115115605,-0.68128556,-0.37294567,-0.24599142,0.06491054,-0.3816254,-0.80206984,0.8891197,-0.4318215,-1.582096,0.18700205,0.50862294,0.31243995,-0.92939013,-0.6808149,0.87526345,-0.3706973,0.22459681,0.7729367,0.8672635,0.5412504,0.633538,0.08744649,-1.2833247,0.8803354,-0.94141626,-0.45435745,0.057381127,0.34198242,-0.20593913,-0.7285012,-0.60928553,0.7588713,-0.609913,-0.89995223,0.3472635,0.023864787,-0.8818607,-0.012631944,-1.1397431,0.26883212,0.49429616,-0.47715482,-0.4995339,0.58240074,-0.5832986,0.39698896,0.36263603,0.42161644,-0.5552202,-0.59370387,-0.12625286,0.99782556,-0.7399522,0.6467667,-0.16290645,-0.18110253,-0.1041875,0.7990805,-0.61676264,-0.5714293,0.09576021,0.62742037,-0.825913,0.41827002,-0.5889457,1.0000217,0.28718504,-0.19772999,-0.3307496,0.061564133,-0.52834433,-0.043272465,-0.15082802,0.85027003,-0.273913,0.54851836,0.27756414,0.17335498,-0.5626973,0.08232231,1.2721262,-0.13054045,-0.950828,-0.55328554,0.9481001,-0.02852737,0.8958125,-0.8271156,0.34475368,0.34433538,1.2694596,0.6740086,0.3446491,-0.30638358,0.4107929,0.38689747,0.68875366,-0.64975613,0.45424387,0.12540728,0.2899563,-0.44175613,-0.46612215,0.6358386,-0.5355601,-0.6087627,1.4764661,-0.15318096,-0.088448934,-0.7620699,0.38862297,0.14658374,-0.40322018,0.18689747,-0.15663195,0.30177328,0.09905433,0.30449224,-0.17922018,-0.6982267,-1.1534947,-0.32803065,-0.055194035,1.0919433,-0.13378227,-1.0518999,0.30062297,-0.12280188,0.21633537,0.14349878,0.52294976,-0.5470633,-0.24912867,-0.021991422,0.4279955,1.1048583,0.6076034,0.9906099,0.5676556,0.2882308,-0.24771692,0.001067402,0.1488844,0.43740728,0.28854454,0.18219158,0.26694974,-1.3098346,-0.81796527,0.1804661,-0.2881875,0.62778634,1.1499301,-0.13372998,-0.13974306,-0.31783456,-0.5677169,1.0394988,-0.28081495,-0.30732477,-0.47657967,-0.4853117,-0.14601757,-1.0243967,0.1404661,0.15918505,-0.3058607,-0.19229208,-0.35098487,0.04049224,0.7501393,0.63866216,0.6916818,-0.80206984,-0.6667496,-0.33038357,-0.61482805,-0.04280188,-0.10465809,-0.35192606,-1.1417823,0.015760213,1.113538,0.16216545,-0.735194,0.46308047,0.24080597,0.2591066,0.09283211,-1.0777823,0.6121524,-0.119664624,0.48117197,0.4247014,0.3863223,0.57691056,-0.18685417,-0.067481615,-0.950096,-0.06722018,-0.0401875,-0.09681495,-0.7255731,-0.063560046,-0.48724633,0.21251838,-0.74136394,0.17513277,0.20755106,0.8288321,-0.90732473,0.41382557,0.6697733,0.5250413,0.40598243,1.0618255,0.21779943,-1.1350372,-0.1273509,-0.004318219,-0.91040975,0.44002166,-0.101625405,0.6204138,-0.7821483,-0.26444894,-0.5092071,0.21361642,0.25523734,-0.030305147,-0.89592606,0.27928963,0.15040073,0.5278125,-0.40212214,0.34349877,-0.21859273,0.21131577,-0.39114174,0.29947263,0.43170792,0.17094976,-0.18152083,0.27427003,-0.24965155,-1.3152202,0.32598242,-0.39495873,-0.521913,0.23191707,0.3687014,0.08734191,0.27285826,0.0003353758,-0.14816135,-0.47187376,-0.36029208,0.6420086,0.010949755,-0.2145143,-0.48672345,-0.16557312,0.09701511,0.87505436,-0.00515482,-0.3601352,0.27176023,-0.59992605,0.16671446,-0.044161357,0.5674988,-0.13801757,0.56430924,0.010113154,-0.41963848,-0.1934424,0.1038125,-0.374828,0.32593015,-0.45561233,0.6293027,0.57272756,-0.20091952,-0.67370385,0.80289745,-0.056501225,1.0014857,-0.29435745,-0.47715482,0.80206084,-0.15820058,-0.3080045,-0.78983456,-0.5066973,1.0174334,-0.27490646,-0.62230515,0.14433537,-0.22905025,0.55536807,-0.24996528,-0.22669731,0.012518383,-0.9037692,-0.055664625,-0.24918096,-0.14052737,-0.29216135,-0.13718097,-0.04923325,-0.20457965,-0.20520711,-0.24572998,-0.39250124,-0.8949849,-0.4712986,0.33272752,0.50574714,-0.0789326,0.6070282,-0.43067116,-0.2586973,0.19913276,-0.5412594,-0.20839664,-0.8675339,0.7404661,-0.21895874,0.13021773,-0.34889337,-0.62648815,0.17089747,0.24603473,-0.9148019,-0.35286725,0.40415236,-0.57179534,0.73283213,-1.0066189,0.010426879,0.13476674,0.3929628,0.19453146,-0.5991418,-0.7148542,0.5081001,-0.18288031,0.21779943,-0.662828,0.29257068,0.015289624,0.13947263,0.2861393,-0.5757169,-0.35877573,-0.28803062,-0.013782271,0.10810008,0.042688318,-0.4527888,0.08070139,-0.25378227,0.10344648,-0.48844895,1.1600217,0.35249224,-0.5669326,0.5563092,0.48457068,-0.15427901,0.6753158,-0.2764228,0.120753676,0.79212624,-0.07987378,-0.0675339,-0.8296254,0.53345954,0.33105433,0.2541393,-0.39579535,-0.95773,0.6221916,-0.68891954,-0.30110252,0.41366872,0.60551184,0.050583743,-0.41937703,0.03552492,-0.09174305,0.89989096,0.31207395,0.70496285,0.4759432,0.27108046,0.097904004,0.5261916,-1.1317431,0.3796295,-0.6522659,0.019629493,-0.5537561,0.101773284,0.6950282,0.3359171,0.33136806,0.030609885,-0.32447508,0.8780347,0.104962826,0.72765565,-0.05969077,0.52796936,0.18417852,0.73298895,0.237721,0.03332884,-0.099063314,0.03379943,0.18742034,-0.2847365,-0.11532476,0.3041785,0.5318909,-0.29383457,0.66020465,-0.67213523,0.38454452,-0.09529861,0.38454452,-0.62821364,-0.054566585,0.29936805,0.0050935457,-0.25691953,0.13502818,1.1980348,-0.3652594,-0.026645016,0.35494974,-0.09948162,-0.1160045,0.71160334,-0.22486724,0.012047794,-0.33310252,0.64796937,-0.36552083,0.41576022,-0.7298607,-0.48839664,-0.21137704,-0.10010907,0.06166871,0.14553799,0.3442308,0.10742034,-0.06742933,-0.28839666,-0.11715482,0.2553942,-0.91532475,0.29508048,-0.36426592,-0.9582006,0.35531577,0.4431589,0.7364922,0.29309353,0.7248321,0.11808701,-0.11867116,-0.36515483,0.69006085,0.24462296,-0.31558618,-0.21425286,0.78564256,0.23881903,-0.7997692,0.73152494,-0.29848814,-0.3816777,-0.3859653,0.47468832,0.02705433,-0.11882802,-0.31271037,0.124622956,0.8009628,-0.1105143,0.16378635,-0.8771548,-1.0995339,0.56932884,1.0670543,0.30077982,0.37800857,-0.46648815,-0.3758215,-0.38680187,-0.57477576,-0.22580841,0.32817852,-0.47537705,0.057851717,-0.04342933,0.36718506,-0.21482803,-0.53989995,-0.5244751,0.15657067,0.3808321,0.057171978,0.08347263,0.0040477943,0.39338112,0.5092504,0.18240073,-0.14178227,-0.09346855,-0.28792605,0.3139563,0.50072753,0.2785576,-0.114801876,0.0013288399,0.24791707,0.8167014,-0.63610905,0.19160335,0.49978635,0.0633942,0.04091054,0.40441382,0.6296687,0.29779944,0.29089746,-0.6842659,0.72321117,-0.5356646,0.14193015,0.22156413,0.3640478,0.92535496,-0.105128676,0.20891054,-0.18403064,0.013093546,0.2116295,0.015446487,-1.2150894,0.016126225,0.18177329,-0.5343574,0.285721,0.38114583,0.58036155,-0.59014827,-0.30732477,0.42857066,-0.45289338,-0.4023313,-0.38617444,0.32415238,0.03359028,-0.28086725,0.35625693,-0.8473509,0.39913276,0.32472754,-0.015560049,-0.19694567,-0.774462,0.4468713,-0.02789992,-0.22172998,0.39024386,-0.19380842,-0.59861887,-0.5474816,-0.29268423,-0.75956005,0.5752896,-0.13561234,-0.20520711,0.22789094,-0.040605802,0.0398125,0.1968321,-0.090279005,-0.041860703,-0.17090645,-0.096448936,0.43625695,0.17345956,-0.23417443,-0.42659274,-0.22795221,-0.41482803,-0.019220179,-0.09812214,0.049015116,0.115995504,-0.015194036,-0.15888031,0.19322427,0.71845305,-0.55485415,0.38616544,-0.48677573,-0.67040974,-0.6241352,-0.7952202,0.20561641,0.5052243,-0.15605678,0.08169486,-0.45043588,0.48911968,0.69942033,-0.84123325,-0.37503716,0.17570792,0.1989759,-0.015560049,-0.48850122,-0.017390115,0.28749877,0.11003472,-0.6312986,0.35568178,-0.49838358,-0.15506332,-0.41958618,-0.25127247,-0.05901103,-0.05247508,-0.7733117,0.9789497,0.3588713,0.29711968,0.25989094,-0.14528553,-0.5871679,0.44284517,0.9012504,-0.062932596,-0.22727247,0.4751589,0.19406086,-0.43830514,0.45753798,0.37142035,0.19672753,0.76049227,-0.021939134,0.46815237,-0.041860703,0.49837458,0.5218517,-0.05362541,-0.94732475,-0.23025286,-0.13812214,-0.02481495,-0.62606984,-0.19846201,-0.025651552,0.08765563,0.35620466,-0.09169077,-0.062357433,-0.30612215,0.029354984,0.5550543,0.7101393,-0.057756126,0.18386479,-0.8823836,-0.29430515,0.39630923,0.3176687,0.76268834,0.71160334,0.26145956,-0.09294567,-0.6258084,0.4128321,0.553904,0.2945053,-0.14988685,0.1526491,-0.49644893,-0.09854044,-0.15851429,0.38355106,0.3324138,-0.8266973,0.20436151,-1.1926581,-0.51940316,-0.1538607,-0.066854164,0.11311969,0.46318504,0.5395772,0.21283211,1.0530936,-0.7163705,-0.19511561,0.0836295,0.45304126,-0.27783456,0.4807537,-0.11454044,0.039289623,-0.06654044,-1.0386189,-0.38005677,-0.35124633,0.035890933,-0.3505666,0.28666216,-0.26340318,-0.0083443625,0.085041255,-0.42638358,0.43385172,-0.10439665,0.16885825,-0.1623313,0.056335375,-0.30397835,0.043158904,-0.05984763,0.022766748,-0.02722018,0.16310662,-1.0251809,0.3547406,0.25183865,-0.18319404,-0.08630515,0.3147929,0.00064910133,0.024858251,0.17434844,-0.15171692,-0.11459273,0.14679289,0.36833537,-0.03323325,0.21053146,-0.41759926,0.75364256,-0.49420056,-0.14392607,-0.25127247,-0.05231822,-0.2767888,-0.13644893,0.26705432,-0.67328554,0.046087008,1.0339563,-0.13691953,0.3614857,-0.0042136437,-0.03888031,-0.25733784,-0.12761234,-0.63365155,0.44802165,0.67212623,0.7074726,-0.4207888,-0.34622672,0.3054857,0.21372099,-0.5279261,-0.28112867,0.79066217,-0.7082136,0.17136806,-0.09106332,0.6389759,-0.16782148,0.145904,0.48378634,0.39034843,-0.026383579,0.52640074,0.7290674,-0.2751156,0.4280478,0.21178636,-0.15004371,0.07123733,-0.28494567,0.7273942,-0.25388685,0.06773407,-0.12165155,-0.011167892,0.098270014,-0.083533905,0.5541654,0.6038386,0.30830923,0.5508713,-0.37691954,1.2162831,0.34177327,-0.35668424,0.20038766,0.70627004,-0.29179534,-0.06539012,-0.17184763,-0.26099795,-0.15861887,0.04629616,-1.1502528,0.03160335,-0.17963848,0.29643995,-0.19924632,0.06302819,0.2558125,0.71500206,0.47913277,0.14689746,0.33827,-0.16667116,0.5471066,-0.7310633,0.6352635,0.19427001,0.22004779,-0.113860704,0.5029759,-0.07108946,-0.33948162,0.20399551,0.056962825,0.3446491,-0.3914032,-0.1265143,0.4882308,0.33027002,0.2839955,0.002792892,0.26815236,-0.16431822,0.65047914,-0.86031824,0.18517198,-0.22716789,0.17115891,-0.75527245,0.19955106,0.15505433,0.08038767,0.16132884,-0.35072345,-0.2250241,-0.6180698,-0.2397692,-0.47982147,-0.37048817,-0.3971548,0.3404138,-0.4587496,0.16582558,0.1787929,-0.40823978,-0.1887888,0.052936684,0.2296687,-0.78183454,0.31113276,-0.22465809,0.8111066,-0.20625286,0.053145833,0.40927655,-0.4356385,0.0806491,-0.11877573,-0.466279,-0.3197169,0.34161642,-0.27271038,0.5524399,0.2414857,0.54266214,-0.4288934,0.22224388,0.68258375,-0.630462,-0.0313509,-0.6006058,-0.6090764,0.27536806,-0.26434436,0.41502818,0.059158906,0.05152492,-1.1129196,0.09921119,0.054139297,0.030453023,-0.5434032,-0.2726058,-0.017808415,-0.26057965,-0.82146853,0.21727656,0.5794203,0.1517602,-0.21305025,-0.020161357,-0.42518097,0.9647798,0.17466217,0.1661393,-0.45639664,-0.70026594,0.21675368,0.1307406,-0.11856659,0.0078125,0.065381125,1.2052504,0.0028974672,0.32101512,-0.39014828,-0.09378227,0.42914584,-0.034174427,0.6752112,-0.7762921,0.13732883,0.2710282,-0.1989326,-0.24327247,1.4263223,-0.42131168,-0.6641352,-0.7379653,-0.11082802,-0.21942933,0.23965564,-0.37388685,-0.07281495,-0.037311684,0.1278648,0.19819158,-0.053939134,-0.36756006,0.10585172,0.5677079,-0.01142933,0.19406086,0.11165564,0.9109759,1.1734073,0.7010413,0.16159028,0.19562949,-0.35291952,0.47777328,-0.40588686,-0.20646201,0.2672112,0.20535499,-0.7848672,-0.03067116,0.04091054,-0.01791299,-0.15569077,0.11343341,-0.48180842,-0.26774305,0.566819,0.29591706,0.45434844,0.1792112,-0.5572594,0.26349878,-0.42601755,0.42830923,0.28206086,0.22532883,0.55510664,-0.126096,-0.41786072,-0.2890764,-0.10329861,0.24378635,-0.006305147,-0.49012214,0.3833942,1.1073158,1.0615119,0.8457733,-0.338645,0.145904,-0.7174163,-1.6462529,-0.706645,-1.8379915,0.8082831,-1.6718738,0.5703746,-0.14596528,0.5359171,0.7218517,-1.0148803,-0.028318219,-0.761913,0.21293668,0.8444661,-0.3589849,0.5656164,0.35447916,1.4135641,1.0872374,-1.1976777,1.1770674,-0.44881496,0.48080596,0.3605968,-0.58957314,-1.1381221,-0.050697304,0.5448583,-0.9071679,0.14527655,-0.44170383,0.014557598,-0.40515482,0.34203473,0.31740728,1.2158124,0.61973405,-0.63422674,0.58653146,-0.1711156,0.6733288,-0.30382147,-0.06005678,0.30177328,-0.053677697,0.43228307,0.11071446,0.6875511,0.027211193,-0.09498489,0.21074061,0.9449628,0.34564257,-1.0654947,-0.9168411,1.1666099,0.69304127,0.036727533,0.45335498,0.6763092,-0.75406986,-0.92865807,-0.2680045,0.21487132,0.5527014,-0.6490764,0.34877983,0.18726347,0.30386478,-0.016396651,0.059995506,1.1005183,0.07123733,0.5272896,1.391185,0.71243995,-0.1934424,-1.0774685,0.5181916,-0.6515339,0.905904,0.7268713,0.17968178,0.15144649,-0.26612213,-0.69106334,-1.0697823,-1.329913,0.73586476,0.29680598,0.7164138,-1.0959784,-0.2098607,0.13717198,0.5464269,-1.1199783,-0.55569077,0.85345954,1.1427667,0.33863604,1.0502177,0.853721,-1.0593771,-0.305913,0.2974857,0.5613288,1.2088583,-0.04923325,0.7465314,1.0402308,-0.20139012,0.78145957,0.13884518,0.09560335,-0.17906332,-0.47966462,-0.81686723,0.56676674,1.0073942,0.5914988,-0.30486724,-0.21257965,
0,0,0,0,0,0,0,0,0,0,0,0,0,0,0,0,0,0,0,0,0,1,0,1,1,0,0,0,0,0,0,0,0,0,0,0,0,0,0,0,0,0,0,0,0,0,0,0,0,0,0,0,0,0,0,0,0,0,0,0,0,0,0,0,0,0,0,0,0,0,0,0,0,0,0,0,0,0,0,0,0,0,0,0,0,0,0,0,0,0,0,0,0,0,0,0,0,0,0,0,0,0,0,0,0,0,0,0,0,0,0,0,0,0,0,1,0,0,0,0,0,0,0,0,0,0,0,0,0,0,0,0,0,0,0,0,0,0,0,0,0,0,0,0,0,0,0,0,0,0,0,0,0,0,0,0,0,0,0,0,0,0,0,0,0,0,0,0,0,0,0,0,0,0,0,0,0,0,0,0,0,0,0,0,0,0,0,0,0,0,0,0,0,0,0,0,0,0,0,0,0,0,0,0,0,0,0,0,0,0,0,0,0,0,0,0,0,0,0,0,0,0,0,0,0,0,0,0,0,0,0,0,0,0,0,0,0,0,0,0,0,0,0,0,0,0,0,0,0,0,0,0,0,0,0,0,0,0,0,0,0,0,0,0,0,0,0,0,0,0,0,0,0,0,0,0,0,0,0,0,0,0,0,0,0,0,0,0,0,0,0,0,0,0,0,0,0,0,0,0,0,0,0,0,0,0,0,0,0,0,0,0,0,0,0,0,0,0,0,0,0,0,0,0,0,0,0,0,0,0,0,0,0,0,0,0,0,0,0,0,0,0,0,0,0,0,0,0,0,0,0,0,0,0,0,0,0,0,0,0,0,0,0,0,0,0,0,0,0,0,0,0,0,0,0,0,0,0,0,0,0,0,0,0,0,0,0,0,0,0,0,0,0,0,0,0,0,0,0,0,0,0,0,0,0,0,0,0,0,0,0,0,0,0,0,0,0,0,0,0,0,0,0,0,0,0,0,0,0,0,0,0,0,0,0,0,0,0,0,0,0,0,0,0,0,0,0,0,0,0,0,0,0,0,0,0,0,0,0,0,0,0,0,0,0,0,0,0,0,0,0,0,0,0,0,0,0,0,0,0,0,0,0,0,0,0,0,0,0,0,0,0,0,0,0,0,0,0,0,0,0,0,0,0,0,0,0,0,0,0,0,0,0,0,0,0,0,0,0,0,0,0,0,0,0,0,0,0,0,0,0,0,0,0,0,0,0,0,0,0,0,0,0,0,0,0,0,0,0,0,0,0,0,0,0,0,0,0,0,0,0,0,0,0,0,0,0,0,0,0,0,0,0,0,0,0,0,0,0,0,0,0,0,0,0,0,0,0,0,0,0,0,0,0,0,0,0,0,0,0,0,0,0,0,0,0,0,0,0,0,0,0,0,0,0,0,0,0,0,0,0,0,0,0,0,0,0,0,0,0,0,0,0,0,0,0,0,0,0,0,0,0,0,0,0,0,0,0,0,0,0,0,0,0,0,0,0,0,0,0,0,0,0,0,0,0,0,0,0,0,0,0,0,0,0,0,0,0,0,0,0,0,0,0,0,0,0,0,0,0,0,0,0,0,0,0,0,0,0,0,0,0,0,0,0,0,0,0,0,0,0,0,0,0,0,0,0,0,0,0,0,0,0,0,0,0,0,0,0,0,0,0,0,0,0,0,0,0,0,0,0,0,0,0,0,0,0,0,0,0,0,0,0,0,0,0,0,0,0,0,0,0,0,0,0,0,0,0,0,0,0,0,0,0,0,0,0,0,0,0,0,0,0,0,0,0,0,0,0,0,0,0,0,0,0,0,0,0,0,0,0,0,0,0,0,0,0,0,0,0,0,0,0,0,0,0,0,0,0,0,0,0,0,0,0,0,0,0,0,0,0,0,0,0,0,0,0,0,0,0,0,0,0,0,0,0,0,0,0,0,0,0,0,0,0,0,0,0,0,0,0,0,0,0,0,0,0,0,0,0,0,0,0,0,0,0,0,0,0,1,0,0,0,0,0,0,0,0,0,0,0,0,0,0,0,0,0,0,0,0,0,0,0,0,0,0,0,0,0,0,0,0,0,0,0,0,0,0,0,0,0,0,0,0,0,0,0,0,0,0,0,0,0,0,0,0,0,0,0,0,0,0,0,0,0,0,0,0,0,0,0,0,0,0,0,0,0,0,0,0,0,0,0,0,0,0,0,0,0,0,0,0,0,0,0,0,0,0,0,0,0,0,0,0,0,0,0,0,0,0,0,0,0,0,0,0,0,0,0,0,0,0,0,0,0,0,0,0,0,0,0,0,0,0,0,0,0,0,0,0,0,0,0,0,0,0,0,0,0,0,0,0,0,0,0,0,0,0,0,0,0,0,0,0,0,0,0,0,0,0,0,0,0,0,0,0,0,0,0,0,0,0,0,0,0,0,0,0,0,0,0,0,0,0,0,0,0,0,0,0,0,0,0,0,0,0,0,0,0,0,0,0,0,0,0,0,0,0,0,0,0,0,0,0,0,0,0,0,0,0,0,0,0,0,0,0,0,0,0,0,0,0,0,0,0,0,0,0,0,0,0,0,0,0,0,0,0,0,0,0,0,0,0,0,0,0,0,0,0,0,0,0,0,0,0,0,0,0,0,0,0,0,0,0,0,0,0,0,0,0,0,0,0,0,0,0,0,0,0,0,0,0,0,0,0,0,0,0,0,0,0,0,0,0,0,0,0,0,0,0,0,0,0,0,0,0,0,0,0,0,0,0,0,0,0,0,0,0,0,0,0,0,0,0,0,0,0,0,0,0,0,0,0,0,0,0,0,0,0,0,0,0,0,0,0,0,0,0,0,0,0,0,0,0,0,0,0,0,0,0,0,0,0,0,0,0,0,0,0,0,0,0,0,0,0,0,0,0,0,0,0,0,0,0,0,0,0,0,0,0,0,0,0,0,0,0,0,0,0,0,0,0,0,0,0,0,0,0,0,0,0,0,0,0,0,0,0,0,0,0,0,0,0,0,0,0,0,0,0,0,0,0,0,0,0,0,0,0,0,0,0,0,0,0,0,0,0,0,0,0,0,0,0,0,0,0,0,0,0,0,0,0,0,0,0,0,0,0,0,0,0,0,0,0,0,0,0,0,0,0,0,0,0,0,0,0,0,0,0,0,0,0,0,0,0,0,0,0,0,0,0,0,0,0,0,0,0,0,0,0,0,0,0,0,0,0,0,0,0,0,0,0,0,0,0,0,0,0,0,0,0,0,0,0,0,0,0,0,0,0,0,0,0,0,0,0,0,0,0,0,0,0,0,0,0,0,0,0,0,0,0,0,0,0,0,0,0,0,0,0,0,0,0,0,0,0,0,0,0,0,0,0,0,0,0,0,0,0,0,0,0,0,0,0,0,0,0,0,0,0,0,0,0,0,0,0,0,0,0,0,0,0,0,0,0,0,0,0,0,0,0,0,0,0,0,0,0,0,0,0,0,0,0,0,0,0,0,0,0,0,0,0,0,0,0,0,0,0,0,0,0,0,0,0,0,0,0,0,0,0,0,0,0,0,0,0,0,0,0,0,0,0,0,0,0,0,0,0,0,0,0,0,0,0,0,0,0,0,0,0,0,0,0,0,0,0,0,0,0,0,0,0,0,0,0,0,0,0,0,0,0,0,0,0,0,0,0,0,0,0,0,0,0,0,0,0,0,0,0,0,0,0,0,0,0,0,0,0,0,0,0,0,0,0,0,0,0,0,0,0,0,0,0,0,0,0,0,0,0,0,0,0,0,0,0,0,0,0,0,0,0,0,0,0,0,0,0,0,0,0,0,0,0,0,0,0,0,0,0,0,0,0,0,0,0,0,0,0,0,0,0,0,0,0,0,0,0,0,0,0,0,0,0,0,0,0,0,0,0,0,0,0,0,0,0,0,0,0,0,0,0,0,0,0,0,0,0,0,0,0,0,0,0,0,0,0,0,0,0,0,0,0,0,0,0,0,0,0,0,0,0,0,0,0,0,0,0,0,0,0,0,0,0,0,0,0,0,0,0,0,0,0,0,0,0,0,0,0,0,0,0,0,0,0,0,0,0,0,0,0,0,0,0,0,0,0,0,0,0,0,0,0,0,0,0,0,0,0,0,0,0,0,0,0,0,0,0,0,0,0,0,0,0,0,0,0,0,0,0,0,0,0,0,0,0,0,0,0,0,0,0,0,0,0,0,0,0,0,0,0,0,0,0,0,0,0,0,0,0,0,0,0,0,0,0,0,0,0,0,0,0,0,0,0,0,0,0,0,0,0,0,0,0,0,0,0,0,0,0,0,0,0,0,0,0,0,0,0,0,0,0,0,0,0,0,0,0,0,0,0,0,0,0,0,0,0,0,0,0,0,0,0,0,0,0,0,0,0,0,0,0,0,0,0,0,0,0,0,0,0,0,0,0,0,0,0,0,0,0,0,0,0,0,0,0,0,0,0,0,0,0,0,0,0,0,0,0,0,0,0,0,0,0,0,0,0,0,0,0,0,0,0,0,0,0,0,0,0,0,0,0,0,0,0,0,0,0,0,0,0,0,0,0,0,0,0,0,0,0,0,0,0,0,0,0,0,0,0,0,0,0,0,0,0,0,0,0,0,0,0,0,0,0,0,0,0,0,0,0,0,0,0,0,0,0,0,0,0,0,0,0,0,0,0,0,0,0,0,0,0,0,0,0,0,0,0,0,0,0,0,0,0,0,0,0,0,0,0,0,0,0,0,0,0,0,0,0,0,0,0,0,0,0,0,0,0,0,0,0,0,0,0,0,0,0,0,0,0,0,0,0,0,0,0,0,0,0,0,0,0,0,0,0,0,0,0,0,0,0,0,0,0,0,0,0,0,0,0,0,0,0,0,0,0,0,0,0,0,0,0,0,0,0,0,0,0,0,0,0,0,0,0,0,0,0,0,0,0,0,0,0,0,0,0,0,0,0,0,0,0,0,0,0,0,0,0,0,0,0,0,0,0,0,0,0,0,0,0,0,0,0,0,0,0,0,0,0,0,0,0,0,0,0,0,0,0,0,0,0,0,0,0,0,0,0,0,0,0,0,0,0,0,0,0,0,0,0,0,0,0,0,0,0,0,0,0,0,0,0,0,0,0,0,0,0,0,0,0,0,0,0,0,0,0,0,0,0,0,0,0,0,0,0,0,0,0,0,0,0,0,0,0,0,0,0,0,0,0,0,0,0,0,0,0,0,0,0,0,0,0,0,0,0,0,0,0,0,0,0,0,0,0,0,0,0,0,0,0,0,0,0,0,0,0,0,0,0,0,0,0,0,0,0,0,0,0,0,0,0,0,0,0,0,0,0,0,0,0,0,0,0,0,0,0,0,0,0,0,0,0,0,0,0,0,0,0,0,0,0,0,0,0,0,0,0,0,0,0,0,0,0,0,0,0,0,0,0,0,0,0,0,0,0,0,0,0,0,0,0,0,0,0,0,0,0,0,0,0,0,0,0,0,0,0,0,0,0,0,0,0,0,0,0,0,0,0,0,0,0,0,0,0,0,0,0,0,0,0,0,0,0,0,0,0,0,0,0,0,0,0,0,0,0,0,0,0,0,0,0,0,0,0,0,0,0,0,0,0,0,0,0,0,0,0,0,0,0,0,0,0,0,0,0,0,0,0,0,0,0,0,0,0,0,0,0,0,0,0,0,0,0,0,0,0,0,0,0,0,0,0,0,0,0,0,0,0,0,0,0,0,0,0,0,0,0,0,0,0,0,0,0,0,0,0,0,0,0,0,0,0,0,0,0,0,0,0,0,0,0,0,0,0,0,0,0,0,0,0,0,0,0,0,0,0,0,0,0,0,0,0,0,0,0,0,0,0,0,0,0,0,0,0,0,0,0,0,0,0,0,0,0,0,0,0,0,0,0,0,0,0,0,0,0,0,0,0,0,0,0,0,0,0,0,0,0,0,0,0,0,0,0,0,0,0,0,0,0,0,0,0,0,0,0,0,0,0,0,0,0,0,0,0,0,0,0,0,0,0,0,0,0,0,0,0,0,0,0,0,0,0,0,0,0,0,0,0,0,0,0,0,0,0,0,0,0,0,0,0,0,0,0,0,0,0,0,0,0,0,0,0,0,0,0,0,0,0,0,0,0,0,0,0,0,0,0,0,0,0,0,0,0,0,0,0,0,0,0,0,0,0,0,0,0,0,0,0,0,0,0,0,0,0,0,0,0,0,0,0,0,0,0,0,0,0,0,0,0,0,0,0,0,0,0,0,0,0,0,0,0,0,0,0,0,0,0,0,0,0,0,0,0,0,0,0,0,0,0,0,0,0,0,0,0,0,0,0,0,0,0,0,0,0,0,0,0,0,0,0,0,0,0,0,0,0,0,0,0,0,0,0,0,0,0,0,0,0,0,0,0,0,0,0,0,0,0,0,0,0,0,0,0,0,0,0,0,0,0,0,0,0,0,0,0,0,0,0,0,0,0,0,0,0,0,0,0,0,0,0,0,0,0,0,0,0,0,0,0,0,0,0,0,0,0,0,0,0,0,0,0,0,0,0,0,0,0,0,0,0,0,0,0,0,0,0,0,0,0,0,0,0,0,0,0,0,0,0,0,0,0,0,0,0,0,0,0,0,0,0,0,0,0,0,0,0,0,0,0,0,0,0,0,0,0,0,0,0,0,0,0,0,0,0,0,0,0,0,0,0,0,0,0,0,0,0,0,0,0,0,0,0,0,0,0,0,0,0,0,0,0,0,0,0,0,0,0,0,0,0,0,0,0,0,0,0,0,0,0,0,0,0,0,0,0,0,0,0,0,0,0,0,0,0,0,0,0,0,0,0,0,0,0,0,0,0,0,0,0,0,0,0,0,0,0,0,0,0,0,0,0,0,0,0,0,0,0,0,0,0,0,0,0,0,0,0,0,0,0,0,0,0,0,0,0,0,0,0,0,0,0,0,0,0,0,0,0,0,0,0,0,0,0,0,0,0,0,0,0,0,0,0,0,0,0,0,0,0,0,0,0,0,0,0,0,0,0,0,0,0,0,0,0,0,0,0,0,0,0,0,0,0,0,0,0,0,0,0,0,0,0,0,0,0,0,0,0,0,0,0,0,0,0,0,0,0,0,0,0,0,0,0,0,0,0,0,0,0,0,0,0,0,0,0,0,0,0,0,0,0,0,0,0,0,0,0,0,0,0,0,0,0,0,0,0,0,0,0,0,0,0,0,0,0,0,0,0,0,0,0,0,0,0,0,0,0,0,0,0,0,0,0,0,0,0,0,0,0,0,0,0,0,0,0,0,0,0,0,0,0,0,0,0,0,0,0,0,0,0,0,0,0,0,0,0,0,0,0,0,0,0,0,0,0,0,0,0,0,0,0,0,0,0,0,0,0,0,0,0,0,0,0,0,0,0,0,0,0,0,0,0,0,0,0,0,0,0,0,0,0,0,0,0,0,0,0,0,0,0,0,0,0,0,0,0,0,0,0,0,0,0,0,0,0,0,0,0,0,0,0,0,0,0,0,0,0,0,0,0,0,0,0,0,0,0,0,0,0,0,0,0,0,0,0,0,0,0,0,0,0,0,0,0,0,0,0,0,0,0,0,0,0,0,0,0,0,0,0,0,0,0,0,0,0,0,0,0,0,0,0,0,0,0,0,0,0,0,0,0,0,0,0,0,0,0,0,0,0,0,0,0,0,0,0,0,0,0,0,0,0,0,0,0,0,0,0,0,0,0,0,0,0,0,0,0,0,0,0,0,0,0,0,0,0,0,0,0,0,0,0,0,0,0,0,0,0,0,0,0,0,0,0,0,0,0,0,0,0,0,0,0,0,0,0,0,0,0,0,0,0,0,0,0,0,0,0,0,0,0,0,0,0,0,0,0,0,0,0,0,0,0,0,0,0,0,0,0,0,0,0,0,0,0,0,0,0,0,0,0,0,0,0,0,0,0,0,0,0,0,0,0,0,0,0,0,0,0,0,0,0,0,0,0,0,0,0,0,0,0,0,0,0,0,0,0,0,0,0,0,0,0,0,0,0,0,0,0,0,0,0,0,0,0,0,0,0,0,0,0,0,0,0,0,0,0,0,0,0,0,0,0,0,0,0,0,0,0,0,0,0,0,0,0,0,0,0,0,0,0,0,0,0,0,0,0,0,0,0,0,0,0,0,0,0,0,0,0,0,0,0,0,0,0,0,0,0,0,0,0,0,0,0,0,0,0,0,0,0,0,0,0,0,0,0,0,0,0,0,0,0,0,0,0,0,0,0,0,0,0,0,0,0,0,0,0,0,0,0,0,0,0,0,0,0,0,0,0,0,0,0,0,0,0,0,0,0,0,0,0,0,0,0,0,0,0,0,0,0,0,0,0,0,0,0,0,0,0,0,0,0,0,0,0,0,0,0,0,0,0,0,0,0,0,0,0,0,0,0,0,0,0,0,0,0,0,0,0,0,0,0,0,0,0,0,0,0,0,0,0,0,0,0,0,0,0,0,0,0,0,0,0,0,0,0,0,0,0,0,0,0,0,0,0,0,0,0,0,0,0,0,0,0,0,0,0,0,0,0,0,0,0,0,0,0,0,0,0,0,0,0,0,0,0,0,0,0,0,0,0,0,0,0,0,0,0,0,0,0,0,0,0,0,0,0,0,0,0,0,0,0,0,0,0,0,0,0,0,0,0,0,0,0,0,0,0,0,0,0,0,0,0,0,0,0,0,0,0,0,0,0,0,0,0,0,-0.7373952,0.28923303,-0.823944,-0.24256457,-0.039739948,0.58354264,0.04406644,-0.097329415,0.5372517,-0.7348723,0.1246917,0.43161616,-0.06266604,-0.075061485,-0.33163628,-0.062446654,0.339473,-1.2793944,-0.64700717,0.25127885,0.04955115,-0.65161437,-0.15941635,-0.38769004,-0.614428,-0.051586922,-0.6696042,-0.4321162,-0.1070922,-0.52853745,0.24722016,-0.2744856,-0.44484073,-0.18815623,-0.19407973,-0.17433476,-0.3920778,0.2654294,-0.45251933,-0.061459403,0.05075779,0.29877645,0.11931668,-0.35182002,0.57016,-0.0069413735,-0.44549888,-0.2856744,-0.43431008,0.026076589,-0.019227127,0.29438868,0.49425155,0.95759994,-0.102485046,-0.050380286,0.3243352,0.12589833,-0.43518764,0.15189587,-0.36662874,0.2727789,0.1037401,0.5810197,0.60592026,-0.104569234,0.21518944,-0.9555771,-0.12914075,0.36119246,0.10231408,-0.13627087,0.05152565,0.42843503,-0.28095755,0.53615475,-0.57515746,-0.8496124,-0.11235753,-0.08888296,-0.3886773,0.06381141,0.17679645,-0.096013084,0.37687874,-0.3123301,0.18853374,0.055474643,-0.17674804,0.27464372,-0.6529307,-0.20669456,0.3984885,0.9298473,-0.48860872,0.21354403,-0.9654495,-0.026466945,-0.36640936,0.22528131,-0.5857978,-0.47160614,-0.19923535,0.055803724,-0.31375614,-0.008696482,-0.051586922,-0.14296222,-0.4740194,-0.102923825,0.09320945,-0.38472828,-0.12639838,0.4797719,0.28440648,0.6987216,-0.3906518,-0.08603091,0.9795388,0.2520467,0.21255678,-0.08394672,0.92940855,-0.051696617,-0.015716912,-0.24355182,0.8256378,0.3320138,-0.57186663,0.18963069,0.33080715,-0.223039,0.39739156,-0.14998265,0.113173805,-0.1488857,-0.17236027,0.4341391,0.5712569,0.1321509,-0.03831392,-0.25408247,-1.1731007,-0.19364095,-0.18837562,-0.08844418,0.14235248,0.16242652,0.20323277,0.01181634,0.7251579,-0.5230527,-0.07001556,0.012913282,-0.063982375,-0.026137864,0.10022989,-0.68210936,0.37303942,0.047028188,0.4935934,-0.39646557,0.22122262,-0.19758993,-0.31627908,-0.17192149,-0.4397948,-0.43058047,0.38828692,-0.29653412,-0.015387829,0.050648097,-0.12694685,0.6070172,0.2821029,-0.50934094,0.8464797,0.15946478,-0.2558376,-0.067382894,0.38565427,-0.2193094,0.352746,-0.74902284,-0.02942869,0.522443,-0.44122082,0.47593263,0.00029844543,-0.47116736,-0.4814786,0.19533478,0.38960326,-0.19177614,0.5398843,0.28122535,-0.34490928,-0.058387965,-0.7179794,-0.3886773,-0.076158434,-0.43705243,-0.43420038,-0.09294165,-0.2421258,0.47275147,0.14717902,0.369968,0.98436534,-0.4968358,-0.42893508,-0.008367399,0.32718724,-0.8825207,-0.21448286,0.6862165,-0.26549068,0.09639059,0.05360984,-0.37013897,-0.671469,0.44730243,0.117232494,0.022785762,-0.64053524,-0.41621053,0.34715158,-0.1430719,0.21486035,-0.4094095,0.27244982,0.23822522,-0.9331994,-0.28205448,0.38038895,0.1359902,-0.26219985,-0.22281961,-0.29587597,-0.16874036,0.01390053,-0.09349012,-0.14976326,0.90264314,0.20049042,0.022566374,-0.09919422,-0.038862392,0.04845421,-0.06233696,-0.01461997,-0.06178849,0.24765892,0.059862413,0.18831435,0.39410073,0.2061945,0.35153937,0.31764385,0.68347406,0.38433793,0.13171212,-0.62386173,0.27124318,-0.07473241,0.33705974,-0.13978109,0.33267194,-0.20877875,0.53428996,-0.17246996,-0.16632709,0.6612062,0.15200557,-0.13089585,0.0046862145,0.4190013,0.17624798,0.30272543,-0.27009782,0.5933054,0.0042474377,0.1761383,-0.5500375,0.03232916,0.50335616,-0.017910797,-0.019665904,-0.004308712,-0.5359966,0.3241158,-0.4338713,-0.34534806,0.018397992,0.42020795,0.28703916,0.20279399,0.13511266,0.17394441,0.45805246,-0.11224783,0.24294208,0.13072488,-0.29938617,0.18019699,-0.28337082,1.0642228,-0.1353933,-0.46381783,-0.359718,-0.2115211,0.18633986,0.06370171,0.08947985,-0.62331325,-0.28106725,0.24261299,-0.22643952,-0.17071486,-0.11345447,-0.018349573,0.016313802,-0.2838096,-0.16128115,-0.16512045,0.06644406,0.35625622,0.40342474,0.5097184,-0.49233833,-0.5742799,0.096719675,0.03682662,-0.4589913,0.6301627,-0.546637,-0.18464603,-0.16084237,-0.7821505,-0.919378,-0.34951645,0.24513596,-0.30552906,0.5571063,-0.6309918,-0.21338591,-0.20998539,0.5671982,0.41713652,-0.23773803,-0.51274145,-0.6554536,-0.28699073,0.37984046,-0.6762956,0.092880376,-0.4583331,0.25116915,-0.30432242,0.9137223,-0.3886773,0.033974573,0.41702682,0.11065084,-0.011877614,-0.21426347,0.074232355,-0.33415926,-0.20713334,0.024211787,-0.2796412,-0.3276873,0.63641524,0.16944695,-0.38560584,0.2235262,0.5784967,0.08114309,-0.5922698,-0.21075325,0.15145709,-0.07977834,0.54602724,-0.15294439,-0.13835506,0.07159969,-0.087456934,0.5635783,0.50675666,-0.15228623,-0.10742129,0.6077851,-0.3926263,0.01104848,0.8870666,-0.15305409,0.19423784,-0.37704968,0.42064673,-0.057839494,0.12183965,-0.11751316,0.008744901,-0.19375065,-0.5126318,-0.2303885,-0.435407,-0.5499278,-0.40458295,-0.27755705,0.5068664,0.0315613,-1.0455263,0.34857762,0.67305315,0.68259656,-0.165998,-0.12201062,-0.98091644,0.15354128,-0.06321451,-0.44286624,0.22659764,-0.24026099,-0.9789419,-0.38001144,0.06359202,0.23800583,-0.25112072,-0.47884595,0.03934959,-0.6374638,-0.30498058,-0.5055016,0.5914406,0.57937425,-0.114661105,-0.18947257,-0.1488857,0.26553908,-0.45789436,0.16867909,-0.19386034,0.26608756,-0.30300608,0.42470542,0.27957994,-0.13824536,0.38148588,-0.38626403,-0.27898306,0.0525129,-0.029099608,-0.11762285,0.3525266,0.12820192,-0.77063257,-0.1414265,-0.59468305,-0.37222314,-0.75406873,0.16396223,0.47516474,-0.37748846,0.3127076,-0.21239866,-0.06573748,-0.408861,0.024102094,0.107798785,-0.1643526,0.065895595,-0.02372459,0.047796044,-0.6029101,-0.009903118,0.014449,0.0696252,0.28506467,0.32290918,-0.017362325,0.37589148,0.2750825,-0.09864575,0.14586268,0.050428707,-0.34732255,0.42185336,-0.4150039,-0.32461587,-0.51449656,-0.040946584,1.2242666,0.15233465,0.4650729,-0.0049668774,0.48317245,0.18074545,0.51191235,0.46946067,0.35636592,0.18118423,0.88388544,0.8684186,0.6316984,-0.47829747,-0.12771472,-0.30410305,-0.16292657,-0.09842636,-0.42904475,-0.4377106,-0.2762407,0.55699664,-0.8446762,-0.2741565,-0.42498606,0.09957172,-0.19331187,0.31139126,0.06117874,-0.25134012,-0.04237261,-0.43507794,-0.10555648,0.07565838,0.2233068,-0.04708946,-0.0058444315,-0.67256594,-0.3541236,0.28330955,-0.1090667,-0.2822739,-0.31123316,0.31369486,-0.34688377,-0.34787104,0.7137497,-0.057620108,-0.06617626,-0.5469661,0.22857213,0.1380744,0.0657859,-0.2669167,-0.21941909,0.6270913,0.013461753,0.42251152,-0.114880495,-0.5966575,0.33486584,-0.14011016,0.087066576,0.56643033,0.4853663,-0.5044047,0.067431316,-0.5726345,-0.16731434,-0.025370004,-0.2593478,-0.5856881,-0.13802597,-0.40776408,-0.51274145,0.4078125,-0.5890886,-0.46337906,0.4799913,0.19730927,-0.46304998,0.3945395,0.741612,-0.23697017,0.18831435,-0.2630774,-0.06475023,-0.40282783,0.036607236,0.24853648,0.20389093,0.24217422,0.4192207,0.054268006,-0.3558787,0.3128173,-0.46579233,-0.18245214,-0.19934505,-0.16095206,0.6016422,-0.25287583,0.2502916,-0.08734724,-0.023066426,-0.23740895,-0.08010742,-0.6294561,-0.14405915,0.2063042,-0.68364507,0.22703642,0.41845283,-0.16731434,-0.29817954,-0.755056,0.22078384,-0.30377394,0.26762328,-0.20066138,0.40671557,-0.3180342,0.32674846,0.5688436,-0.3217638,-0.77096164,-0.57965493,-0.097548805,0.5466854,0.46792492,0.02662506,0.46616983,-0.15184745,0.18063575,-0.118719794,0.50960875,0.2861616,0.1398295,0.121949345,-0.50703734,0.37622055,0.20432971,-0.010232201,-0.45032543,0.14147492,-0.44604737,0.10988298,-0.5155935,-0.13670965,0.025747506,0.38587365,-0.13912292,0.50587916,0.014229612,0.21475066,0.44017228,-0.23751864,0.23350838,-0.16972761,-0.776227,0.47439688,0.6765634,0.12984733,0.20838839,-0.33459803,-0.0018954391,-0.0002500257,0.14619176,0.14136522,0.45136112,-0.3327332,0.0028214126,0.31369486,0.49238676,-0.32143474,0.25303394,-0.18596235,-0.15996481,-0.21119203,-0.29971528,0.37468484,0.42744777,-0.18936287,-0.008696482,-0.33372048,0.29504684,0.49392247,-0.07692629,-0.0577298,-0.21876092,-0.7568111,0.007757653,-0.48619545,0.6091014,0.05207412,0.0001887512,-0.12925044,-0.46688926,-0.3899936,-0.37968236,-0.0022245217,-0.19188584,0.055255253,0.10428857,-0.07374516,0.29307234,-0.28677136,-0.78840303,-0.3272485,-0.46908316,0.33826637,-0.0028826871,0.3278454,-0.3747461,-0.42860597,0.051306263,-0.17707711,0.352746,-0.5419201,0.2688299,0.44905752,-0.7360789,0.38543487,-0.18563327,0.34846792,0.5040143,0.25522783,-0.27788612,-0.1336382,0.29877645,0.09715845,0.5305603,-0.1395617,0.034084268,-0.6794767,-0.12157184,-0.16775312,0.8176301,0.24974312,0.39618492,-0.3465547,0.19588326,-0.21865124,-0.14680152,0.15090862,-0.19243431,-0.0029923813,-0.5524508,-0.31748572,0.18677863,0.5029174,-0.00606382,-0.15031172,0.12392384,-0.060472157,0.12798253,0.18261026,0.37051645,-0.34567714,-0.036558814,0.1760286,-0.06595687,-0.30201885,-0.55102473,0.13291876,-0.14285251,0.57224417,-0.006173514,-0.1451561,0.014339306,0.21167922,-0.196493,0.05207412,-0.040617503,0.22462314,-0.41818503,0.5673079,0.22604917,-0.013523027,0.1151483,-0.35905984,0.014887778,-0.49420312,-0.15162806,-0.17992917,-0.063324206,-0.63823164,-0.11970704,0.36733532,-0.18914348,0.2785927,-0.38823852,0.18633986,-0.04160475,0.08377575,-0.13780658,0.6270913,0.23811553,-0.13692904,0.59341514,0.308978,-0.061678793,0.028818944,-0.12793411,0.08344667,-0.25463095,0.16045202,-0.13791628,-0.11213814,0.07609715,0.35790163,0.28901365,0.01236481,-0.0010178853,-0.38034052,0.3413378,0.2631258,0.3392536,0.16867909,-0.14263314,0.17526074,-0.5310604,0.104837045,-0.05904613,-0.16117145,-0.06442115,-0.032390434,0.19621234,0.23723798,-0.22819462,0.3238964,0.121510565,0.35208783,0.5089506,0.39015174,0.28769732,-0.07922987,0.111857474,-0.02087254,-0.38604462,-0.19780932,-0.4299223,-0.03644912,0.41461354,-0.14186527,-0.21415377,-0.12848258,0.104837045,-0.06804106,-0.32340923,0.23877369,-0.009574035,0.010390314,0.22122262,-0.6573185,0.74896157,-0.050380286,-0.46217242,-0.22457471,0.02300515,-0.20987569,0.11800035,-0.1186101,-0.2421258,-0.11334477,0.5329736,-0.1698373,-0.010780672,0.004795909,0.10648246,0.64102244,0.07818135,-0.342496,-0.020543458,-0.45065454,-0.22413595,0.308978,-0.033158295,0.1436688,-0.08394672,-0.06858953,0.4929352,0.36656746,-0.14910509,0.08937016,0.20016132,0.09748753,-0.051586922,-0.045663435,0.2952662,-0.57548654,0.15617394,0.5465757,0.12205904,0.1646204,-0.66258377,-0.36684814,-0.019336822,-0.21228896,-0.06924769,0.13620959,-0.28721014,0.37687874,0.26488093,0.39826912,0.12787282,0.6001065,0.074012965,0.22407468,-0.36838385,0.47340965,0.19785775,-0.0767069,-0.13857445,0.36119246,-0.41193247,0.28341925,-0.1793807,-0.07451302,0.24085788,-0.04215322,0.28791672,0.03649754,0.29987338,0.22495222,0.09726814,-0.19298278,0.07927829,-0.33042964,0.15913568,-0.11718407,0.060739964,0.27266923,-0.1109315,-0.21448286,0.033316407,-0.0938192,0.7744106,-0.09140593,0.263784,-0.22194205,0.085969634,0.2120083,-0.12936012,0.17679645,-0.5320476,0.051415954,0.42799625,-0.19287309,0.021798514,-0.042043526,-0.59128255,-0.43365192,0.20092918,0.072477244,0.3072229,0.4591494,-0.10259474,-0.19660269,-0.048734874,0.2310951,-0.34436083,0.2367992,-0.54630786,0.07697471,-0.27843457,0.37468484,0.38806754,0.06304354,0.017301051,-0.4284963,0.437759,-0.41961107,0.013790836,0.4703382,0.014887778,-0.0882248,0.23449562,-0.14789845,0.022346985,0.087285966,0.3149015,0.36941952,0.79437494,0.0050152973,-0.40403447,-0.011987308,0.4783459,-0.17619957,-0.17992917,0.36338633,0.4852566,0.2445875,-0.49398375,0.2783733,0.24491657,-0.48301432,0.3030545,0.18963069,0.33091685,-0.109944254,0.108456954,-0.031293493,-0.017910797,0.2064139,0.10538551,-0.5594712,0.19719958,0.09386762,0.56270075,0.042091947,0.17372502,-0.70349973,0.041872557,-0.23740895,0.77331364,0.18030667,-0.27382743,-0.052793562,0.118110046,0.29910553,0.18282963,0.016204108,0.24919465,-0.13725811,-0.1052274,-0.19397002,0.53593534,0.15288311,-0.28435808,-0.5097797,-0.31551123,1.0297787,-0.6527113,-0.15162806,-0.6239714,0.41296813,0.51509345,0.8789492,1.0184803,-0.5117542,0.6820481,-0.93692905,1.3112541,-0.97422504,1.1538429,-0.4679862,0.6377316,-0.1147708,0.12699528,-1.001539,-0.60378766,-0.72927785,-0.8391915,0.20378123,-0.048296098,-0.37430733,-0.13341881,-0.6159637,0.37622055,-0.5954509,0.12140087,0.28341925,0.14388819,-0.24618448,0.52803737,-0.32099596,-0.2782152,0.07456144,-0.037107285,-0.35050368,0.035839375,0.39607522,0.12809221,0.78077286,0.8699543,0.039130203,-0.4208177,-1.000771,-0.21876092,0.10966359,1.0418451,-0.88131404,0.69729555,-0.6794767,0.8850921,-0.695492,0.36667717,0.3524169,0.9682403,0.4403917,0.5692824,0.04033684,0.89134467,1.0004904,-0.025918474,-0.4946419,0.76431876,-0.63450205,0.32093468,-0.33042964,0.37095523,-0.047418542,-0.31463367,-0.49562916,-0.25024316,-0.32406738,0.4152717,-0.3124398,-0.12201062,-0.7380534,-0.25605696,0.041543476,-0.3523685,-0.3367919,0.7635509,-0.042262916,-0.8025536,0.35570773,0.728339,0.24392933,-0.48125923,0.109553896,-0.4054605,-0.47862655,-0.7912551,-0.4835628,1.1565853,-0.35533023,0.22418436,0.13851318,0.48492754,-0.48455003,0.01236481,0.36843228,0.069954276,0.47516474,-0.41906258,0.3909196,-0.20559762,-1.0756922,-0.06837014,0.0075382646,-0.09590339,0.16341376,0.72976506,-0.6261653,-0.8218598,0.25709262,0.5922085,0.3245546,0.5339609,0.03649754,0.6262137,0.075548686,-0.1621587,-0.25836053,0.3903711,0.18129392,0.56094563,
0,1,0,0,0,0,0,0,0,0,0,0,0,0,0,0,0,0,0,0,0,0,0,0,0,0,0,0,0,0,0,0,0,0,0,0,0,0,0,0,0,0,0,0,0,0,0,0,0,0,0,0,0,0,0,0,0,0,0,0,0,0,0,0,0,0,0,0,0,0,0,0,0,0,0,0,0,0,0,0,0,0,0,0,0,0,0,0,0,0,0,0,0,0,0,0,0,0,0,0,0,0,0,0,0,0,0,0,0,0,0,0,0,0,0,0,0,0,0,0,0,0,0,0,0,0,0,0,0,0,0,0,0,0,0,0,0,0,0,0,0,0,0,0,0,0,0,0,0,0,0,0,0,0,0,0,0,0,0,0,0,0,0,0,0,0,0,0,0,0,0,0,0,0,0,0,0,0,0,0,0,0,0,0,0,0,0,0,0,0,0,0,0,0,0,0,0,0,0,0,0,0,0,0,0,0,0,0,0,0,0,0,0,0,0,0,0,0,0,0,0,0,0,0,0,0,0,0,0,0,0,0,0,0,0,0,0,0,0,0,0,0,0,0,0,0,0,0,0,0,0,0,0,0,0,0,0,0,0,0,0,0,0,0,0,0,0,0,0,0,0,0,0,0,0,0,0,0,0,0,0,0,0,0,0,0,0,0,0,0,0,0,0,0,0,0,0,0,0,0,0,0,0,0,0,0,0,0,0,0,0,0,0,0,0,0,0,0,0,0,0,0,0,0,0,0,0,0,0,0,0,0,0,0,0,0,0,0,0,0,0,0,0,0,0,0,0,0,0,0,0,0,0,0,0,0,0,0,0,0,0,0,0,0,0,0,0,0,0,0,0,0,0,0,0,0,0,0,0,0,0,0,0,0,0,0,0,0,0,0,0,0,0,0,0,0,0,0,0,0,0,0,0,0,0,0,0,0,0,0,0,0,0,0,0,0,0,0,0,0,0,0,0,0,0,0,0,0,0,0,0,0,0,0,0,0,0,0,0,0,0,0,0,0,0,0,0,0,0,0,0,0,0,0,0,0,0,0,0,0,0,0,0,0,0,0,0,0,0,0,0,0,0,0,0,0,0,0,0,0,0,0,0,0,0,0,0,0,0,0,0,0,0,0,0,0,0,0,0,0,0,0,0,0,0,0,0,0,0,0,0,0,0,0,0,0,0,0,0,0,0,0,0,0,0,0,0,0,0,0,0,0,0,0,0,0,0,0,0,0,0,0,0,0,0,0,0,0,0,0,0,0,0,0,0,0,0,0,0,0,0,0,0,0,0,0,0,0,0,0,0,0,0,0,0,0,0,0,0,0,0,0,0,0,0,0,0,0,0,0,0,0,0,0,0,0,0,0,0,0,0,0,0,0,0,0,0,0,0,0,0,0,0,0,0,0,0,0,0,0,0,0,0,0,0,0,0,0,0,0,0,0,0,0,0,0,0,0,0,0,0,0,0,0,0,0,0,0,0,0,0,0,0,0,0,0,0,0,0,0,0,0,0,0,0,0,0,0,0,0,0,0,0,0,0,0,0,0,0,0,0,0,0,0,0,0,0,0,0,0,0,0,0,0,0,0,0,0,0,0,0,0,0,0,0,0,0,0,0,0,0,0,0,0,0,0,0,0,0,0,0,0,0,0,0,0,0,0,0,0,0,0,0,0,0,0,0,0,0,0,0,0,0,0,0,0,0,0,0,0,0,0,0,0,0,0,0,0,0,0,0,0,0,0,0,0,0,0,0,0,0,0,0,0,0,0,0,0,0,0,0,0,0,0,0,0,0,0,0,0,0,0,0,0,0,0,0,0,0,0,0,0,0,0,0,0,0,0,0,0,0,0,0,0,0,0,0,0,0,0,0,0,0,0,0,0,0,0,0,0,0,0,0,0,0,0,0,0,0,0,0,0,0,0,0,0,0,0,0,0,0,0,0,0,0,0,0,0,0,0,0,0,0,0,0,0,0,0,0,0,0,0,0,0,0,0,0,0,0,0,0,0,0,0,0,0,0,0,0,0,0,0,0,0,0,0,0,0,0,0,0,0,0,0,0,0,0,0,0,0,0,0,0,0,0,0,0,0,0,0,0,0,0,0,0,0,0,0,0,0,0,0,0,0,0,0,0,0,0,0,0,0,0,0,0,0,0,0,0,0,0,0,0,0,0,0,0,0,0,0,0,0,0,0,0,0,0,0,0,0,0,0,0,0,0,0,0,0,0,0,0,0,0,0,0,0,0,0,0,0,0,0,0,0,0,0,0,0,0,0,0,0,0,0,0,0,0,0,0,0,0,0,0,0,0,0,0,0,0,0,0,0,0,0,0,0,0,0,0,0,0,0,0,0,0,0,0,0,0,0,0,0,0,0,0,0,0,0,0,0,0,0,0,0,0,0,0,0,0,0,0,0,0,0,0,0,0,0,0,0,0,0,0,0,0,0,0,0,0,0,0,0,0,0,0,0,0,0,0,0,0,0,0,0,0,0,0,0,0,0,0,0,0,0,0,0,0,0,0,0,0,0,0,0,0,0,0,0,0,0,0,0,0,0,0,0,0,0,0,0,0,0,0,0,0,0,0,0,0,0,0,0,0,0,0,0,0,0,0,0,0,0,0,0,0,0,0,0,0,0,0,0,0,0,0,0,0,0,0,0,0,0,0,0,0,0,0,0,0,0,0,0,0,0,0,0,0,0,0,0,0,0,0,0,0,0,0,0,0,0,0,0,0,0,0,0,0,0,0,0,0,0,0,0,0,0,0,0,0,0,0,0,0,0,0,0,0,0,0,0,0,0,0,0,0,0,0,0,0,0,0,0,0,0,0,0,0,0,0,0,0,0,0,0,0,0,0,0,0,0,0,0,0,0,0,0,0,0,0,0,0,0,0,0,0,0,0,0,0,0,0,0,0,0,0,0,0,0,0,0,0,0,0,0,0,0,0,0,0,0,0,0,0,0,0,0,0,0,0,0,0,0,0,0,0,0,0,0,0,0,0,0,0,0,0,0,0,0,0,0,0,0,0,0,0,0,0,0,0,0,0,0,0,0,0,0,0,0,0,0,0,0,0,0,0,0,0,0,0,0,0,0,0,0,0,0,0,0,0,0,0,0,0,0,0,0,0,0,0,0,0,0,0,0,0,0,0,0,0,0,0,0,0,0,0,0,0,0,0,0,0,0,0,0,0,0,0,0,0,0,0,0,0,0,0,0,0,0,0,0,0,0,0,0,0,0,0,0,0,0,0,0,0,0,0,0,0,0,0,0,0,0,0,0,0,0,0,0,0,0,0,0,0,0,0,0,0,0,0,0,0,0,0,0,0,0,0,0,0,0,0,0,0,0,0,0,0,0,0,0,0,0,0,0,0,0,0,0,0,0,0,0,0,0,0,0,0,0,0,0,0,0,0,0,0,0,0,0,0,0,0,0,0,0,0,0,0,0,0,0,0,0,0,0,0,0,0,0,0,0,0,0,0,0,0,0,0,0,0,0,0,0,0,0,0,0,0,0,0,0,0,0,0,0,0,0,0,0,0,0,0,0,0,0,0,0,0,0,0,0,0,0,0,0,0,0,0,0,0,0,0,0,0,0,0,0,0,0,0,0,0,0,0,0,0,0,0,0,0,0,0,0,0,0,0,0,0,0,0,0,0,0,0,0,0,0,0,0,0,0,0,0,0,0,0,0,0,0,0,0,0,0,0,0,0,0,0,0,0,0,0,0,0,0,0,0,0,0,0,0,0,0,0,0,0,0,0,0,0,0,0,0,0,0,0,0,0,0,0,0,0,0,0,0,0,0,0,0,0,0,0,0,0,0,0,0,0,0,0,0,0,0,0,0,0,0,0,0,0,0,0,0,0,0,0,0,0,0,0,0,0,0,0,0,0,0,0,0,0,0,0,0,0,0,0,0,0,0,0,0,0,0,0,0,0,0,0,0,0,0,0,0,0,0,0,0,0,0,0,0,0,0,0,0,0,0,0,0,0,0,0,0,0,0,0,0,0,0,0,0,0,0,0,0,0,0,0,0,0,0,0,0,0,0,0,0,0,0,0,0,0,0,0,0,0,1,0,0,0,0,0,0,0,0,0,0,0,0,0,0,0,0,0,0,0,0,0,0,0,0,0,0,0,0,0,0,0,0,0,0,0,0,0,0,0,0,0,0,0,0,0,0,0,0,0,0,0,0,0,0,0,0,0,0,0,0,0,0,0,0,0,0,0,0,0,0,0,0,0,0,0,0,0,0,0,0,0,0,0,0,0,0,0,0,0,0,0,0,0,0,0,0,0,0,0,0,0,0,0,0,0,0,0,0,0,0,0,0,0,0,0,0,0,0,0,0,0,0,0,0,0,0,0,0,0,0,0,0,0,0,0,0,0,0,0,0,0,0,0,0,0,0,0,0,0,0,0,0,0,0,0,0,0,0,0,0,0,0,0,0,0,0,0,0,0,0,0,0,0,0,0,0,0,0,0,0,0,0,0,0,0,0,0,0,0,0,0,0,0,0,0,0,0,0,0,0,0,0,0,0,0,0,0,0,0,0,0,0,0,0,0,0,0,0,0,0,0,0,0,0,0,0,0,0,0,0,0,0,0,0,0,0,0,0,0,0,0,0,0,0,0,0,0,0,0,0,0,0,0,0,0,0,0,0,0,0,0,0,0,0,0,0,0,0,0,0,0,0,0,0,0,0,0,0,0,0,0,0,0,0,0,0,0,0,0,0,0,0,0,0,0,0,0,0,0,0,0,0,0,0,0,0,0,0,0,0,0,0,0,0,0,0,0,0,0,0,0,0,0,0,0,0,0,0,0,0,0,0,0,0,0,0,0,0,0,0,0,0,0,0,0,0,0,0,0,0,0,0,0,0,0,0,0,0,0,0,0,0,0,0,0,0,0,0,0,0,0,0,0,0,0,0,0,0,0,0,0,0,0,0,0,0,0,0,0,0,0,0,0,0,0,0,0,0,0,0,0,0,0,0,0,0,0,0,0,0,0,0,0,0,0,0,0,0,0,0,0,0,0,0,0,0,0,0,0,0,0,0,0,0,0,0,0,0,0,0,0,0,0,0,0,0,0,0,0,0,0,0,0,0,0,0,0,0,0,0,0,0,0,0,0,0,0,0,0,0,0,0,0,0,0,0,0,0,0,0,0,0,0,0,0,0,0,0,0,0,0,0,0,0,0,0,0,0,0,0,0,0,0,0,0,0,0,0,0,0,0,0,0,0,0,0,0,0,0,0,0,0,0,0,0,0,0,0,0,0,0,0,0,0,0,0,0,0,0,0,0,0,0,0,0,0,0,0,0,0,0,0,0,0,0,0,0,0,0,0,0,0,0,0,0,0,0,0,0,0,0,0,0,0,0,0,0,0,0,0,0,0,0,0,0,0,0,0,0,0,0,0,0,0,0,0,0,0,0,0,0,0,0,0,0,0,0,0,0,0,0,0,0,0,0,0,0,0,0,0,0,0,0,0,0,0,0,0,0,0,0,0,0,0,0,0,0,0,0,0,0,0,0,0,0,0,0,0,0,0,0,0,0,0,0,0,0,0,0,0,0,0,0,0,0,0,0,0,0,0,0,0,0,0,0,0,0,0,0,0,0,0,0,0,0,0,0,0,0,0,0,0,0,0,0,0,0,0,0,0,0,0,0,0,0,0,0,0,0,0,0,0,0,0,0,0,0,0,0,0,0,0,0,0,0,0,0,0,0,0,0,0,0,0,0,0,0,0,0,0,0,0,0,0,0,0,0,0,0,0,0,0,0,0,0,0,0,0,0,0,0,0,0,0,0,0,0,0,0,0,0,0,0,0,0,0,0,0,0,0,0,0,0,0,0,0,0,0,0,0,0,0,0,0,0,0,0,0,0,0,0,0,0,0,0,0,0,0,0,0,0,0,0,0,0,0,0,0,0,0,0,0,0,0,0,0,0,0,0,0,0,0,0,0,0,0,0,0,0,0,0,0,0,0,0,0,0,0,0,0,0,0,0,0,0,0,0,0,0,0,0,0,0,0,0,0,0,0,0,0,0,0,0,0,0,0,0,0,0,0,0,0,0,0,0,0,0,0,0,0,0,0,0,0,0,0,0,0,0,0,0,0,0,0,0,0,0,0,0,0,0,0,0,0,0,0,0,0,0,0,0,0,0,0,0,0,0,0,0,0,0,0,0,0,0,0,0,0,0,0,0,0,0,0,0,0,0,0,0,0,0,0,0,0,0,0,0,0,0,0,0,0,0,0,0,0,0,0,0,0,0,0,0,0,0,0,0,0,0,0,0,0,0,0,0,0,0,0,0,0,0,0,0,0,0,0,0,0,0,0,0,0,0,0,0,0,0,0,0,0,0,0,0,0,0,0,0,0,0,0,0,0,0,0,0,0,0,0,0,0,0,0,0,0,0,0,0,0,0,0,0,0,0,0,0,0,0,0,0,0,0,0,0,0,0,0,0,0,0,0,0,0,0,0,0,0,0,0,0,0,0,0,0,0,0,0,0,0,0,0,0,0,0,0,0,0,0,0,0,0,0,0,0,0,0,0,0,0,0,0,0,0,0,0,0,0,0,0,0,0,0,0,0,0,0,0,0,0,0,0,0,0,0,0,0,0,0,0,0,0,0,0,0,0,0,0,0,0,0,0,0,0,0,0,0,0,0,0,0,0,0,0,0,0,0,0,0,0,0,0,0,0,0,0,0,0,0,0,0,0,0,0,0,0,0,0,0,0,0,0,0,0,0,0,0,0,0,0,0,0,0,0,0,0,0,0,0,0,0,0,0,0,0,0,0,0,0,0,0,0,0,0,0,0,0,0,0,0,0,0,0,0,0,0,0,0,0,0,0,0,0,0,0,0,0,0,0,0,0,0,0,0,0,0,0,0,0,0,0,0,0,0,0,0,0,0,0,0,0,0,0,0,0,0,0,0,0,0,0,0,0,0,0,0,0,0,0,0,0,0,0,0,0,0,0,0,0,0,0,0,0,0,0,0,0,0,0,0,0,0,0,0,0,0,0,0,0,0,0,0,0,0,0,0,0,0,0,0,0,0,0,0,0,0,0,0,0,0,0,0,0,0,0,0,0,0,0,0,0,0,0,0,0,0,0,0,0,0,0,0,0,0,0,0,0,0,0,0,0,0,0,0,0,0,0,0,0,0,0,0,0,0,0,0,0,0,0,0,0,0,0,0,0,0,0,0,0,0,0,0,0,0,0,0,0,0,0,0,0,0,0,0,0,0,0,0,0,0,0,0,0,0,0,0,0,0,0,0,0,0,0,0,0,0,0,0,0,0,0,0,0,0,0,0,0,0,0,0,0,0,0,0,0,0,0,0,0,0,0,0,0,0,0,0,0,0,0,0,0,0,0,0,0,0,0,0,0,0,0,0,0,0,0,0,0,0,0,0,0,0,0,0,0,0,0,0,0,0,0,0,0,0,0,0,0,0,0,0,0,0,0,0,0,0,0,0,0,0,0,0,0,0,0,0,0,0,0,0,0,0,0,0,0,0,0,0,0,0,0,0,0,0,0,0,0,0,0,0,0,0,0,0,0,0,0,0,0,0,0,0,0,0,0,0,0,0,0,0,0,0,0,0,0,0,0,0,0,0,0,0,0,0,0,0,0,0,0,0,0,0,0,0,0,0,0,0,0,0,0,0,0,0,0,0,0,0,0,0,0,0,0,0,0,0,0,0,0,0,0,0,0,0,0,0,0,0,0,0,0,0,0,0,0,0,0,0,0,0,0,0,0,0,0,0,0,0,0,0,0,0,0,0,0,0,0,0,0,0,0,0,0,0,0,0,0,0,0,0,0,0,0,0,0,0,0,0,0,0,0,0,0,0,0,0,0,0,0,0,0,0,0,0,0,0,0,0,0,0,0,0,0,0,0,0,0,0,0,0,0,0,0,0,0,0,0,0,0,0,0,0,0,0,0,0,0,0,0,0,0,0,0,0,0,0,0,0,0,0,0,0,0,0,0,0,0,0,0,0,0,0,0,0,0,0,0,0,0,0,0,0,0,0,0,0,0,0,0,0,0,0,0,0,0,0,0,0,0,0,0,0,0,0,0,0,0,0,0,0,0,0,0,0,0,0,0,0,0,0,0,0,0,0,0,0,0,0,0,0,0,0,0,0,0,0,0,0,0,0,0,0,0,0,0,0,0,0,0,0,0,0,0,0,0,0,0,0,0,0,0,0,0,0,0,0,0,0,0,0,0,0,0,0,0,0,0,0,0,0,0,0,0,0,0,0,0,0,0,0,0,0,0,0,0,0,0,0,0,0,0,0,0,0,0,0,0,0,0,0,0,0,0,0,0,0,0,0,0,0,0,0,0,0,0,0,0,0,0,0,0,0,0,0,0,0,0,0,0,0,0,0,0,0,0,0,0,0,0,0,0,0,0,0,0,0,0,0,0,0,0,0,0,0,0,0,0,0,0,0,0,0,0,0,0,0,0,0,0,0,0,0,0,0,0,0,0,0,0,0,0,0,0,0,0,0,0,0,0,0,0,0,0,0,0,0,0,0,0,0,0,0,0,0,0,0,0,0,0,0,0,0,0,0,0,0,0,0,0,0,0,0,0,0,0,0,0,0,0,0,0,0,0,0,0,0,0,0,0,0,0,0,0,0,0,0,0,0,0,0,0,0,0,0,0,0,0,0,0,0,0,0,0,0,0,0,0,0,0,0,0,0,0,0,0,0,0,0,0,0,0,0,0,0,0,0,0,0,0.08590532,0.34850934,-0.66596377,0.80888456,-0.3619999,0.19875622,-0.66348106,0.9331334,-0.6378639,-0.026889151,-0.13144551,0.176976,0.5663116,0.8370409,-0.49053705,0.51084536,0.062432334,-0.62183905,0.47038832,0.13962235,-0.23837173,-0.08495094,0.14278217,-0.13003486,-0.26517382,0.72035307,-0.8396413,-0.5961655,0.261727,0.19965902,0.008941009,-0.491722,0.9707128,-0.08545876,0.55006105,0.39534247,0.18572193,0.34783226,-0.1152514,-0.63233423,0.61376536,-0.40138486,-0.1833005,0.03670233,0.18843035,-0.5706612,-0.36205631,-0.23600186,1.3283373,0.20253672,1.031088,0.51609296,-0.6304722,-0.5485988,-0.78993046,-0.07541504,0.43314752,0.45295286,-0.41543478,-0.43247527,0.0022828062,0.60304457,1.0975008,-0.014193425,-0.40296477,-0.3664575,0.022088138,-0.22973864,0.7636878,0.38445237,0.12647521,-0.5939649,-0.19746327,-0.21286742,0.5027765,0.72565705,0.2098156,-0.6222905,-0.31268403,-0.04387321,0.15773492,-0.35596237,0.124669604,-0.42135945,-0.40877658,0.5816593,-0.57833505,0.1180114,0.7486786,0.9021559,0.03816939,-0.4369893,0.3623336,0.34247184,0.48906514,-0.25941843,0.16975354,-0.09962155,-0.6695186,-0.6041215,-0.49273765,-0.24615844,0.45763618,0.19023597,0.38411382,-0.13105053,-0.37080225,-0.16654213,-0.37830684,0.2251069,-0.70156825,-0.44663805,0.27713117,-0.46367854,0.021918861,0.63216007,-0.70145535,0.41328576,0.24169599,0.08421256,-0.35934788,0.06914696,0.21698163,-0.016450442,-0.037892114,0.14075086,0.49419987,-0.13358967,0.2024803,-0.2019209,-0.04861295,-0.109496005,0.2770183,-0.13274328,-0.3535925,-0.64593273,0.46175522,0.13815528,0.02812566,0.1399609,-0.2762332,0.079924226,-0.14899382,0.2678774,-0.48794147,0.48393044,-0.715336,-1.0951922,-0.18002781,0.35432118,0.19226728,0.37666565,-0.38304657,-0.49668744,0.8351224,-0.04201117,0.19582209,0.27526912,-0.87620497,0.71595186,0.48974225,-0.16022249,0.6818145,0.0676799,-0.055948257,-0.16281806,0.69490516,0.3656627,-0.80561674,0.3590045,0.3825339,-0.0132341925,0.6116212,-0.19193359,-0.23955667,0.26037282,0.42039537,-0.12512586,0.22437337,0.25935715,-0.24632771,0.47162968,0.33857846,0.62527615,0.329099,0.50531566,-0.7215993,0.2330629,-0.23966952,0.43692803,0.26618463,0.32469782,0.4304391,-0.504192,-0.1720154,0.09425629,0.5428386,0.08567962,-0.37729117,-0.6638196,0.09081434,0.04082139,0.4196054,-0.3405018,0.69902426,-0.15807831,0.10114019,-0.09465611,-0.5259158,-0.20942548,0.6751563,-0.051716346,0.04042641,-0.044663165,0.39934868,0.1632646,0.05678979,0.052332178,-0.15841687,0.07969852,-0.14442337,-0.3919618,0.46711564,-0.07298874,-0.6633682,-0.25123674,0.40905386,-0.017071122,-0.22731234,-0.5571191,0.1891639,-0.059954464,-0.105433375,-0.3859807,0.44347337,-0.4010463,-0.26331177,-0.083935276,-0.3128533,0.39822018,-0.28035226,-0.19808395,-0.18002781,0.061529525,-0.18544465,0.03941075,0.4410471,-0.10357133,-0.07225521,-0.06858756,0.07541019,-0.43738428,0.61720735,0.38321102,0.31990165,-0.38586786,0.63814116,0.3372807,-0.08901357,0.0109159,0.25715655,-0.095502496,-0.26111117,-0.08658727,-0.015547635,0.54577273,0.32655984,0.19390363,0.105654225,0.109491155,0.41176227,0.05306571,-0.176473,-0.37131009,-0.22753805,-0.09127059,0.72204584,0.025586516,-0.19887392,0.60462445,0.029818425,-0.44799227,0.21957721,0.23340145,-0.16044818,-0.491722,-0.4839917,0.35138705,0.60501945,0.2058094,-0.3354235,0.4016057,-0.053352684,0.2253326,-0.10345849,0.4712347,0.12647521,-0.018368907,0.25760797,-0.029146168,-0.35793725,0.24581504,0.66398406,-0.39325958,-0.4185946,-0.09922657,-0.011259302,-0.10419201,-0.10763396,0.29417166,-0.14312558,0.0579183,0.212919,0.01599419,-0.89104486,0.69642866,-0.12608509,-0.23865385,-0.18888661,-0.1810999,0.305626,0.2870056,-0.21709934,0.37282872,-0.072819464,0.15908913,-0.27702317,0.28892407,0.30398968,0.04945448,-0.04759729,-0.29112953,0.5362368,0.083704725,0.3251492,-0.14690608,-0.15142012,0.097980365,-0.19876106,-0.43247527,-0.024744984,0.20033613,-0.1815513,0.5876404,-0.15632913,0.026602173,-0.34196886,-0.057415318,-0.2047986,-0.42068234,-0.61975133,0.22990306,-0.102273546,-0.2573871,-0.29225802,-0.08444311,-0.25456583,0.2694573,0.38659653,0.064294375,0.0860746,-0.007196669,-0.2762332,0.2756641,0.12224331,0.20569655,0.06576143,-0.17212826,-0.08410455,0.1055978,0.24762066,0.44115993,-0.03484514,0.094820544,0.18498841,0.34879148,0.3601894,-0.061703652,0.34337464,-0.4027955,-0.45679465,0.10960401,-0.5358467,-0.07823631,-0.6200899,-0.45611754,0.41351148,-0.107013285,-0.16806562,-0.46209863,-0.5081982,0.48714668,0.040482834,0.5758475,0.27216572,0.1843113,-0.17698084,0.22640468,-0.31116056,-0.10368419,0.6533196,0.5406944,0.2729557,0.047930993,-0.06875683,-0.10379703,0.53053784,-0.6213312,-0.07772848,0.3153876,0.19948974,-0.27160633,-0.36431333,-0.08387885,-0.12202246,0.032075442,0.5753397,0.10238155,-0.07902627,-0.22449107,-0.1465111,-0.061308675,0.35341838,-0.2573871,0.37864053,-0.09211697,0.026715025,-0.2345348,-0.16547005,0.13578542,-0.6534373,-0.49888802,-0.32532334,0.6839022,-0.26517382,0.5156415,-0.18194628,0.24626644,0.14097656,0.14622413,0.1583556,-0.6780952,-0.58081776,-0.24993895,-0.09567177,0.1373089,0.13787316,-0.14820386,0.49369204,-0.23775105,-0.21089254,-0.3591222,0.018476909,-0.39320317,0.07687725,0.7175318,-0.064299226,0.69975775,-0.124900155,-0.4418419,0.02750498,-0.038851347,0.032188293,0.17449327,-0.23459123,-0.16902485,0.07569231,-0.3168031,0.34918645,0.7412305,-0.40516534,-0.036763605,-0.2811422,0.0025649334,0.37378797,-0.23707394,-0.022375114,-0.035352968,-0.27149346,-0.29056528,-0.22731234,0.62787175,0.1333027,0.04922878,0.2175459,0.34630877,-0.30850857,-0.46339643,0.24666142,0.40611973,0.03421961,-0.34715998,0.20242387,0.13759103,-0.26607662,-0.16439797,0.06942909,0.02615077,-0.47146526,-0.49826735,0.020508226,-0.12444875,0.12602381,-0.022995794,0.31375128,0.16806076,0.31036577,0.16151541,0.007417522,-0.264666,0.55186665,0.22663039,-0.04065696,0.15389799,0.2754948,-0.19170788,-0.7132483,0.0039755697,0.012721514,-0.12913206,0.20592225,-0.51180947,0.08567962,-0.20259799,0.05899038,0.18397275,0.121735476,-0.2735812,0.018364059,0.4004772,-0.055835404,-0.08162183,0.11665719,0.53962237,-0.12174033,0.65997785,-0.67984444,-0.09403543,0.31301776,0.034050334,0.2503855,-0.77610624,-0.0034725897,-0.3860371,-0.41244423,-0.3566959,-0.24508636,-0.30608228,-0.5906922,-0.14289987,0.48658243,0.20078753,-0.37565485,0.3973738,-0.020287372,-0.51604134,-0.24373214,-0.026719874,0.17110774,0.5687943,-0.05109567,0.507347,-0.33198154,-0.06418637,-0.17128187,-0.5224174,0.31922454,-0.2057014,0.2082357,-0.13432321,-0.210159,-0.5562727,-0.16547005,0.39122343,-0.18149488,0.15203595,-0.0033033132,-0.07665639,0.19379078,-0.018425332,-0.46570987,-0.54995304,-0.29569998,-0.13770872,0.12049412,0.029705573,0.20586582,-0.16834775,0.2062608,0.23989037,0.13838099,-0.06362212,0.16377243,0.45475847,-0.014644829,-0.6611676,0.062940165,0.016840572,-0.3815231,0.20564012,-0.5336461,-0.41695827,0.5940165,0.18216713,0.30105555,-0.11671846,0.48353544,0.06299659,0.4943127,0.35138705,0.6413574,-0.19819681,-0.27431473,0.115190126,-0.061195824,0.23955181,0.27177075,-0.15057373,-0.70422024,-0.01362917,0.08274549,0.14678837,0.17770952,-0.091157734,-0.17743224,-0.17207183,0.17641173,0.31160712,0.051598646,-0.40121558,0.041724194,0.447931,0.6513447,-0.18657316,-0.22866656,-0.18279266,-0.45899522,-0.14312558,0.09419986,-0.3664575,0.24434797,-0.66105473,-0.028581914,0.41170585,0.19215444,-0.28723615,0.20451161,-0.12997845,0.1370832,-0.20468573,0.50035024,-0.045565974,0.3492429,-0.12952705,0.061021697,0.41593775,-0.20389578,-0.11575923,-0.41176713,-0.29141164,-0.22285473,0.21037985,-0.2094819,-0.0022312298,0.3721516,0.44087783,0.20039256,-0.17720655,-0.59120005,-0.21929993,0.77040243,-0.35963002,-0.4999601,0.009335987,-0.15819117,-0.6243782,0.08946012,-0.34969914,0.19085665,0.05701549,-0.4165633,-0.21224675,0.21658666,0.63740766,0.25574592,-0.3247591,0.4969647,-0.2897189,-0.09651815,-0.036820028,0.14080729,0.20806642,-0.16800919,0.21455534,-0.39715293,-0.071070276,0.5624182,0.0705576,-0.12585938,-0.0036982913,0.21636096,-0.024011452,-0.8001999,0.25010338,-0.030331103,-0.18307479,0.24135743,-0.10120147,-0.107690394,0.20755859,-0.005391055,-0.11615421,0.28734416,0.3949475,-0.12230458,0.06626926,-0.21929993,-0.08038048,-0.48320174,-0.10075006,-0.0677976,-0.07270662,-0.21839713,0.27442273,-0.11327651,-0.13093768,-0.55108154,-0.020682352,-0.45696393,0.2690623,-0.12552084,0.42773068,-0.17257966,0.49346632,-0.21907422,-0.27273482,-0.16547005,-0.24931827,-0.15977108,-0.21224675,-0.34484655,-0.033434503,-0.15181509,-0.31268403,0.121284075,-0.2227983,0.15056889,0.4870338,-0.095051095,0.19999757,-0.096405305,0.030326253,-0.14605969,-0.3241384,-0.0001999136,-0.08602302,-0.15395926,0.12117122,-0.15869899,0.14503919,-0.087546505,0.10621848,0.0767644,0.0459561,-0.08314532,-0.32244566,0.33113033,-0.09668743,-0.61433446,-0.09651815,-0.11739557,-0.3152796,0.32813978,0.2135961,-0.37678334,0.17048706,-0.041559767,-0.28497913,-0.05961591,-0.42869475,-0.2582899,0.49301493,0.3565782,0.40425768,-0.43461943,0.49611834,0.5752832,0.085058935,0.32063517,-0.181777,0.17635532,0.1814336,-0.073552996,-0.23746893,-0.0172404,-0.04968503,0.09476411,0.17020494,0.46310943,-0.20519356,0.20439877,0.17359047,-0.12958346,-0.1608996,0.08765451,0.2995885,-0.16987124,-0.21444733,0.015147808,0.35934305,0.03743586,0.054927748,-0.09696956,-0.045791674,0.46248877,0.036420204,0.41898474,0.04996231,-0.105207674,-0.089577824,0.5093783,-0.35703444,-0.0017234007,0.012890791,0.2193515,0.023273073,-0.22200835,-0.33237654,-0.36109707,-0.47987264,-0.37131009,-0.26178828,-0.034393735,0.14791688,-0.12715717,0.099560276,-0.11412289,0.4455047,0.1623618,-0.019440992,-0.27521753,-0.1283421,-0.30145538,-0.006181011,-0.054932598,-0.03952845,-0.30817002,0.011593005,-0.46678194,0.29845998,0.12963504,-0.07959052,0.6657332,0.06384297,0.26195273,0.034163184,-0.22979505,-0.46018016,-0.30111682,-0.39568588,0.0049912278,0.11417447,0.46485862,-0.09036778,-0.096123174,0.0045962497,-0.12196603,-0.10667473,0.2086871,-0.44816154,0.15598573,0.05317856,0.14092013,0.41492212,-0.28808254,-0.24711767,-0.030895358,0.235997,0.22217278,0.153503,-0.09702598,-0.04460674,-0.077164225,0.10130947,0.31499264,-0.17833506,-0.0076480727,0.08883944,0.07315317,-0.25411442,0.17127702,0.15034318,-0.069716066,0.1701485,0.39923584,0.044037636,0.29039115,-0.5832441,-0.31319186,-0.04201117,-0.1979711,-0.24502993,-0.16552648,0.15203595,-0.2506725,-0.17681156,0.025304388,0.20163392,-0.28074723,0.24812849,-0.2589106,0.23972109,0.024232306,0.40335488,0.1058235,-0.114461444,0.27871108,-0.09222982,-0.1372009,0.0965133,-0.2507289,-0.33260223,0.08833162,0.034501735,0.2583979,-0.12253028,-0.21963848,0.5678351,-0.011541429,-0.30489734,0.3546033,-0.17274894,0.030664807,0.11569796,0.37045884,-0.36758602,-0.020795202,0.087541655,-0.1263108,0.029762,0.53606755,-0.057528168,0.18577836,-0.03405518,-0.17765795,0.024683708,-0.06706407,-0.05465047,0.08556677,0.86136025,0.08804949,0.55694497,0.32351288,-0.9252387,-0.16310018,0.41074663,-0.21038471,-0.048161544,-0.12298169,0.056733362,-0.05566613,-0.15119441,-0.113615066,0.85690266,-0.18679887,-0.024011452,-0.22488604,-0.19672975,-0.15965822,-0.074230105,-0.17099975,0.551246,0.020395376,0.052840006,0.088726595,0.0007028936,-0.03777926,-0.0923991,0.075353764,-0.30455878,-0.16908129,0.31307417,-0.251406,-0.106110476,-0.3261133,0.37181306,0.06474578,0.019266866,-0.45905167,-0.2908474,0.11265098,0.060288165,-0.41949743,-0.03236242,0.20479374,-0.031403188,-0.03371663,0.3656627,-0.0091715595,0.065366454,-0.0062374366,-0.107916094,-0.31183767,-0.086192295,-0.2150116,0.33874774,0.12692662,0.158807,-0.010412919,-0.19199002,-0.32600045,-0.37147936,0.4241759,0.13713963,0.1335284,0.12907079,-0.19859178,-0.6793366,0.023442348,0.6392697,-0.19757614,0.26539466,-0.1839776,0.16162828,-1.1910026,-0.76786816,0.3308482,-1.1911719,-0.3556238,-0.094994664,-0.67764384,-0.0033033132,1.0736892,0.5823928,-0.38248232,-0.06881326,1.27699,1.0397211,-0.88117045,-0.5275521,0.67690545,-0.19469844,-0.7581065,1.309604,0.34698588,-0.94143283,-0.31454608,0.35110492,0.16258751,0.7328795,-0.42553493,-0.4928505,0.7761014,0.7060774,-0.85414267,-0.017748227,-0.29265302,-0.77858895,-0.210159,-0.018933162,-0.110850215,0.0005900427,0.3164597,-0.4808319,-0.63950026,0.25247324,-0.68610764,-0.5277214,-0.4466945,-1.0432243,0.5043,1.0468872,-0.21365738,0.863053,0.006176162,-0.7103706,-1.14558,-0.12111965,0.5610076,0.29445377,-0.82592994,0.8777801,-0.9557649,-0.199946,0.5408637,0.3232872,-1.295446,-0.258967,-0.12360237,-1.0619011,0.43314752,-0.827397,-0.8757536,0.31126857,-0.38829413,0.8593289,1.1035383,0.97392905,-0.74061465,-0.6549608,-0.11124519,-0.28593838,-0.19469844,0.9941293,-0.98341334,-0.6567664,-0.17686799,0.17483182,1.226715,-0.79156685,1.2665514,-0.10577193,0.91925275,0.777907,-0.21670435,1.41969,0.86090887,-0.08032405,0.55779135,-0.906844,0.45430708,-0.3030917,-0.6946843,1.149525,-0.48291963,0.18058722,-0.51626706,0.61861795,0.7066981,-0.42705843,0.10142232,0.48680812,-0.36504686,-0.89059347,-0.790269,-0.16767064,0.64203453,-0.19605264,-0.25941843,0.44826955,0.9331334,0.1206634,-0.61044115,-0.76013786,-0.13263044,0.1685686,0.4272793,0.1452649,-0.017691802,-0.039359175,0.39483464,0.02626362,
0,0,0,0,0,0,0,0,0,0,0,0,0,0,0,0,0,0,0,0,0,0,0,0,0,0,0,0,0,0,0,0,0,0,0,0,0,0,0,0,0,0,0,0,0,0,0,0,0,0,0,0,0,0,0,0,0,0,0,0,0,0,0,0,0,0,0,0,0,0,0,0,0,0,0,0,0,0,0,0,0,0,0,0,0,0,0,0,0,0,0,0,0,0,0,0,0,0,0,0,0,0,0,0,0,0,0,0,0,0,0,0,0,0,0,0,0,0,0,0,0,0,0,0,0,0,0,0,0,0,0,0,0,0,0,0,0,0,0,0,0,0,0,0,0,0,0,0,0,0,0,0,0,0,0,0,0,0,0,0,0,0,0,0,0,0,0,0,0,0,0,0,0,0,0,0,0,0,0,0,0,0,0,0,0,0,0,0,0,0,0,0,0,0,0,0,0,0,0,0,0,0,0,0,0,0,0,0,0,0,0,0,0,0,0,0,0,0,0,0,0,0,0,0,0,0,0,0,0,0,0,0,0,0,0,0,0,0,0,0,0,0,0,0,0,0,0,0,0,0,0,0,0,0,0,0,0,0,0,0,0,0,0,0,0,0,0,0,0,0,0,0,0,0,0,0,0,0,0,0,0,0,0,0,0,0,0,0,0,0,0,0,0,0,0,0,0,0,0,0,0,0,0,0,0,0,0,0,0,0,0,0,0,0,0,0,0,0,0,0,0,0,0,0,0,0,0,0,0,0,0,0,0,0,0,0,0,0,0,0,0,0,0,0,0,0,0,0,0,0,0,0,0,0,0,0,0,0,0,0,0,0,0,0,0,0,0,0,0,0,0,0,0,0,0,0,0,0,0,0,0,0,0,0,0,0,0,0,0,0,0,0,0,0,0,0,0,0,0,0,0,0,0,0,0,0,0,0,0,0,0,0,0,0,0,0,0,0,0,0,0,0,0,0,0,0,0,0,0,0,0,0,0,0,0,0,0,0,0,0,0,0,0,0,0,0,0,0,0,0,0,0,0,0,0,0,0,0,0,0,0,0,0,0,0,0,0,0,0,0,0,0,0,0,0,0,0,0,0,0,0,0,0,0,0,0,0,0,0,0,0,0,0,0,0,0,0,0,0,0,0,0,0,0,0,0,0,0,0,0,0,0,0,0,0,0,0,0,0,0,0,0,0,0,0,0,0,0,0,0,0,0,0,0,0,0,0,0,0,0,0,0,0,0,0,0,0,0,0,0,0,0,0,0,0,0,0,0,0,0,0,0,0,0,0,0,0,0,0,0,0,0,0,0,0,0,0,0,0,0,0,0,0,0,0,0,0,0,0,0,0,0,0,0,0,0,0,0,0,0,0,0,0,0,0,0,0,0,0,0,0,0,0,0,0,0,0,0,0,0,0,0,0,0,0,0,0,0,0,0,0,0,0,0,0,0,0,0,0,0,0,0,0,0,0,0,0,0,0,0,0,0,0,0,0,0,0,0,0,0,0,0,0,0,0,0,0,0,0,0,0,0,0,0,0,0,0,0,0,0,0,0,0,0,0,0,0,0,0,0,0,0,0,0,0,0,0,0,0,0,0,0,0,0,0,0,0,0,0,0,0,0,0,0,0,0,0,0,0,0,0,0,0,0,0,0,0,0,0,0,0,0,0,0,0,0,0,0,0,0,0,0,0,0,0,0,0,0,0,0,0,0,0,0,0,0,0,0,0,0,0,0,0,0,0,0,0,0,0,0,0,0,0,0,0,0,0,0,0,0,0,0,0,0,0,0,0,0,0,0,0,0,0,0,0,0,0,0,0,0,0,0,0,0,0,0,0,0,0,0,0,0,0,0,0,0,0,0,0,0,0,0,0,0,0,0,0,0,0,0,0,0,0,0,0,0,0,0,0,0,0,0,0,0,0,0,0,0,0,0,0,0,0,0,0,0,0,0,0,0,0,0,0,0,0,0,0,0,0,0,0,0,0,0,0,0,0,0,0,0,0,0,0,0,0,0,0,0,0,0,0,0,0,0,0,0,0,0,0,0,0,0,0,0,0,0,0,0,0,0,0,0,0,0,0,0,0,0,0,0,0,0,0,0,0,0,0,0,0,0,0,0,0,0,0,0,0,0,0,0,0,0,0,0,0,0,0,0,0,0,0,0,0,0,0,0,0,0,0,0,0,0,0,0,0,0,0,0,0,0,0,0,0,0,0,0,0,0,0,0,0,0,0,0,0,0,0,0,0,0,0,0,0,0,0,0,0,0,0,0,0,0,0,0,0,0,0,0,0,0,0,0,0,0,0,0,0,0,0,0,0,0,0,0,0,0,0,0,0,0,0,0,0,0,0,0,0,0,0,0,0,0,0,0,0,0,0,0,0,0,0,0,0,0,0,0,0,0,0,0,0,0,0,0,0,0,0,0,0,0,0,0,0,0,0,0,0,0,0,0,0,0,0,0,0,0,0,0,0,0,0,0,0,0,0,0,0,0,0,0,0,0,0,0,0,0,0,0,0,0,0,0,0,0,0,0,0,0,0,0,0,0,0,0,0,0,0,0,0,0,0,0,0,0,0,0,0,0,0,0,0,0,0,0,0,0,0,0,0,0,0,0,0,0,0,0,0,0,0,0,0,0,0,0,0,0,0,0,0,0,0,0,0,0,0,0,0,0,0,0,0,0,0,0,0,0,0,0,0,0,0,0,0,0,0,0,0,0,0,0,0,0,0,0,0,0,0,0,0,0,0,0,0,0,0,0,0,0,0,0,0,0,0,0,0,0,0,0,0,0,0,0,0,0,0,0,0,0,0,0,0,0,0,0,0,0,0,0,0,0,0,0,0,0,0,0,0,0,0,0,0,0,0,0,0,0,0,0,0,0,0,0,0,0,0,0,0,0,0,0,0,0,0,0,0,0,0,0,0,0,0,0,0,0,0,0,0,0,0,0,0,0,0,0,0,0,0,0,0,0,0,0,0,0,0,0,0,0,0,0,0,0,0,0,0,0,0,0,0,0,0,0,0,0,0,0,0,0,0,0,0,0,0,0,0,0,0,0,0,0,0,0,0,0,0,0,0,0,0,0,0,0,0,0,0,0,0,0,0,0,0,0,0,0,0,0,0,0,0,0,0,0,0,0,0,0,0,0,0,0,0,0,0,0,0,0,0,0,0,0,0,0,0,0,0,0,0,0,0,0,0,0,0,0,0,0,0,0,0,0,0,0,0,0,0,0,0,0,0,0,0,0,0,0,0,0,0,0,0,0,0,0,0,0,0,0,0,0,0,0,0,0,0,0,0,0,0,0,0,0,0,0,0,0,0,0,0,0,0,0,0,0,0,0,0,0,0,0,0,0,0,0,0,0,0,0,0,0,0,0,0,0,0,0,0,0,0,0,0,0,0,0,0,0,0,0,0,1,0,0,0,0,0,0,0,0,0,0,0,0,0,0,0,0,0,0,0,0,0,0,0,0,0,0,0,0,0,0,0,0,0,0,0,0,0,0,0,0,0,0,0,0,0,0,0,0,0,0,0,0,0,0,0,0,0,0,0,0,0,0,0,0,0,0,0,0,0,0,0,0,0,0,0,0,0,0,0,0,0,0,0,0,0,0,0,0,0,0,0,0,0,0,0,0,0,0,0,0,0,0,0,0,0,0,0,0,0,0,0,0,0,0,0,0,0,0,0,0,0,0,0,0,0,0,0,0,0,0,0,0,0,0,0,0,0,0,0,0,0,0,0,0,0,0,0,0,0,0,0,0,0,0,0,0,0,0,0,0,0,0,0,0,0,0,0,0,0,0,0,0,0,0,0,0,0,0,0,0,0,0,0,0,0,0,0,0,0,0,0,0,0,0,0,0,0,0,0,0,0,0,0,0,0,0,0,0,0,0,0,0,0,0,0,0,0,0,0,0,0,0,0,0,0,0,0,0,0,0,0,0,0,0,0,0,0,0,0,0,0,0,0,0,0,0,0,0,0,0,0,0,0,0,0,0,0,0,0,0,0,0,0,0,0,0,0,0,0,0,0,0,0,0,0,0,0,0,0,0,0,0,0,0,0,0,0,0,0,0,0,0,0,0,0,0,0,0,0,0,0,0,0,0,0,0,0,0,0,0,0,0,0,0,0,0,0,0,0,0,0,0,0,0,0,0,0,0,0,0,0,0,0,0,0,0,0,0,0,0,0,0,0,0,0,0,0,0,0,0,0,0,0,0,0,0,0,0,0,0,0,0,0,0,0,0,0,0,0,0,0,0,0,0,0,0,0,0,0,0,0,0,0,0,0,0,0,0,0,0,0,0,0,0,0,0,0,0,0,0,0,0,0,0,0,0,0,0,0,0,0,0,0,0,0,0,0,0,0,0,0,0,0,0,0,0,0,0,0,0,0,0,0,0,0,0,0,0,0,0,0,0,0,0,0,0,0,0,0,0,0,0,0,0,0,0,0,0,0,0,0,0,0,0,0,0,0,0,0,0,0,0,0,0,0,0,0,0,0,0,0,0,0,0,0,0,0,0,0,0,0,0,0,0,0,0,0,0,0,0,0,0,0,0,0,0,0,0,0,0,0,0,0,0,0,0,0,0,0,0,0,0,0,0,0,0,0,0,0,0,0,0,0,0,0,0,0,0,0,0,0,0,0,0,0,0,0,0,0,0,0,0,0,0,0,0,0,0,0,0,0,0,0,0,0,0,0,0,0,0,0,0,0,0,0,0,0,0,0,0,0,0,0,0,0,0,0,0,0,0,0,0,0,0,0,0,0,0,0,0,0,0,0,0,0,0,0,0,0,0,0,0,0,0,0,0,0,0,0,0,0,0,0,0,0,0,0,0,0,0,0,0,0,0,0,0,0,0,0,0,0,0,0,0,0,0,0,0,0,0,0,0,0,0,0,0,0,0,0,0,0,0,0,0,0,0,0,0,0,0,0,0,0,0,0,0,0,0,0,0,0,0,0,0,0,0,0,0,0,0,0,0,0,0,0,0,0,0,0,0,0,0,0,0,0,0,0,0,0,0,0,0,0,0,0,0,0,0,0,0,0,0,0,0,0,0,0,0,0,0,0,0,0,0,0,0,0,0,0,0,0,0,0,0,0,0,0,0,0,0,0,0,0,0,0,0,0,0,0,0,0,0,0,0,0,0,0,0,0,0,0,0,0,0,0,0,0,0,0,0,0,0,0,0,0,0,0,0,0,0,0,0,0,0,0,0,0,0,0,0,0,0,0,0,0,0,0,0,0,0,0,0,0,0,0,0,0,0,0,0,0,0,0,0,0,0,0,0,0,0,0,0,0,0,0,0,0,0,0,0,0,0,0,0,0,0,0,0,0,0,0,0,0,0,0,0,0,0,0,0,0,0,0,0,0,0,0,0,0,0,0,0,0,0,0,0,0,0,0,0,0,0,0,0,0,0,0,0,0,0,0,0,0,0,0,0,0,0,0,0,0,0,0,0,0,0,0,0,0,0,0,0,0,0,0,0,0,0,0,0,0,0,0,0,0,0,0,0,0,0,0,0,0,0,0,0,0,0,0,0,0,0,0,0,0,0,0,0,0,0,0,0,0,0,0,0,0,0,0,0,0,0,0,0,0,0,0,0,0,0,0,0,0,0,0,0,0,0,0,0,0,0,0,0,0,0,0,0,0,0,0,0,0,0,0,0,0,0,0,0,0,0,0,0,0,0,0,0,0,0,0,0,0,0,0,0,0,0,0,0,0,0,0,0,0,0,0,0,0,0,0,0,0,0,0,0,0,0,0,0,0,0,0,0,0,0,0,0,0,0,0,0,0,0,0,0,0,0,0,0,0,0,0,0,0,0,0,0,0,0,0,0,0,0,0,0,0,0,0,0,0,0,0,0,0,0,0,0,0,0,0,0,0,0,0,0,0,0,0,0,0,0,0,0,0,0,0,0,0,0,0,0,0,0,0,0,0,0,0,0,0,0,0,0,0,0,0,0,0,0,0,0,0,0,0,0,0,0,0,0,0,0,0,0,0,0,0,0,0,0,0,0,0,0,0,0,0,0,0,0,0,0,0,0,0,0,0,0,0,0,0,0,0,0,0,0,0,0,0,0,0,0,0,0,0,0,0,0,0,0,0,0,0,0,0,0,0,0,0,0,0,0,0,0,0,0,0,0,0,0,0,0,0,0,0,0,0,0,0,0,0,0,0,0,0,0,0,0,0,0,0,0,0,0,0,0,0,0,0,0,0,0,0,0,0,0,0,0,0,0,0,0,0,0,0,0,0,0,0,0,0,0,0,0,0,0,0,0,0,0,0,0,0,0,0,0,0,0,0,0,0,0,0,0,0,0,0,0,0,0,0,0,0,0,0,0,0,0,0,0,0,0,0,0,0,0,0,0,0,0,0,0,0,0,0,0,0,0,0,0,0,0,0,0,0,0,0,0,0,0,0,0,0,0,0,0,0,0,0,0,0,0,0,0,0,0,0,0,0,0,0,0,0,0,0,0,0,0,0,0,0,0,0,0,0,0,0,0,0,0,0,0,0,0,0,0,0,0,0,0,0,0,0,0,0,0,0,0,0,0,0,0,0,0,0,0,0,0,0,0,0,0,0,0,0,0,0,0,0,0,0,0,0,0,0,0,0,0,0,0,0,0,0,0,0,0,0,0,0,0,0,0,0,0,0,0,0,0,0,0,0,0,0,0,0,0,0,0,0,0,0,0,0,0,0,0,0,0,0,0,0,0,0,0,0,0,0,0,0,0,0,0,0,0,0,0,0,0,0,0,0,0,0,0,0,0,0,0,0,0,0,0,0,0,0,0,0,0,0,0,0,0,0,0,0,0,0,0,0,0,0,0,0,0,0,0,0,0,0,0,0,0,0,0,0,0,0,0,0,0,0,0,0,0,0,0,0,0,0,0,0,0,0,0,0,0,0,0,0,0,0,0,0,0,0,0,0,0,0,0,0,0,0,0,0,0,0,0,0,0,0,0,0,0,0,0,0,0,0,0,0,0,0,0,0,0,0,0,0,0,0,0,0,0,0,0,0,0,0,0,0,0,0,0,0,0,0,0,0,0,0,0,0,0,0,0,0,0,0,0,0,0,0,0,0,0,0,0,0,0,0,0,0,0,0,0,0,0,0,0,0,0,0,0,0,0,0,0,0,0,0,0,0,0,0,0,0,0,0,0,0,0,0,0,0,0,0,0,0,0,0,0,0,0,0,0,0,0,0,0,0,0,0,0,0,0,0,0,0,0,0,0,0,0,0,0,0,0,0,0,0,0,0,0,0,0,0,0,0,0,0,0,0,0,0,0,0,0,0,0,0,0,0,0,0,0,0,0,0,0,0,0,0,0,0,0,0,0,0,0,0,0,0,0,0,0,0,0,0,0,0,0,0,0,0,0,0,0,0,0,0,0,0,0,0,0,0,0,0,0,0,0,0,0,0,0,0,0,0,0,0,0,0,0,0,0,0,0,0,0,0,0,0,0,0,0,0,0,0,0,0,0,0,0,0,0,0,0,0,0,0,0,0,0,0,0,0,0,0,0,0,0,0,0,0,0,0,0,0,0,0,0,0,0,0,0,0,0,0,0,0,0,0,0,0,0,0,0,0,0,0,0,0,0,0,0,0,0,0,0,0,0,0,0,0,0,0,0,0,0,0,0,0,0,0,0,0,0,0,0,0,0,0,0,0,0,0,0,0,0,0,0,0,0,0,0,0,0,0,0,0,0,0,0,0,0,0,0,0,0,0,0,0,0,0,0,0,0,0,0,0,0,0,0,0,0,0,0,0,0,0,0,0,0,0,0,0,0,0,0,0,0,0,0,0,0,0,0,0,0,0,0,0,0,0,0,0,0,0,0,0,0,0,0,0,0,0,0,0,0,0,0,0,0,0,0,0,0,0,0,0,0,0,0,0,0,0,0,0,0,0,0,0,0,0,0,0,0,0,0,0,0,0,0,0,0,0,0,0,0,0,0,0,0,0,0,0,0,0,0,0,0,0,0,0,0,0,0,0,0,0,0,0,0,0,0,0,0,0,0,0,0,0,0,0,0,0,0,0,0,0,0,0,0,0,0,0,0,0,0,0,0,0,0,0,0,0,0,0,0,0,0,0,0,0,0,0,0,0,0,0,0,0,0,0,0,0,0,0,0,0,0,0,0,0,0,0,0,0,0,0,0,0,0,0,0,0,0,0,0,0,0,0,0,0,0,0,0,0,0,0,0,0,0,0,0,0,0,0,0,0,0,0,0,0,0,0,0,0,0,0,0,0,0,0,0,0,0,0,0,0,0,0,0,0,0,0,0,0,0,0,0,0,0,0,0,0,0,0,0,0,0,0,0,0,0,0,0,0,0,0,0,0,0,0,0,0,0,0,0,0,0,0,0,0,0,0,0,0,0,0,0,0,0,0,0,0,0,0,0,0,0,0,0,0,0,0,0,0,0,0,0,0,0,0,0,0,0,0,0,0,0,0,0,0,0,0,0,0,0,0,0,0,0,0,0,0,0,0,0,0,0,0,0,0,0,0,0,0,0,0,0,0,0,0,0,0,0,0,0,0,0,0,0,0,0,0,0,0,0,0,0,0,0,0,0,0,0,0,0,0,0,0,0,0,0,0,0,0,0,0,0,0,0,0,0,0,0,0,0,0,0,0,0,0,0,0,0,0,0,0,0,0,0,0,0,0,0,0,0,0,0,0,0,0,0,0,0,0,0,0,0,0,0,0,0,0,0,0,0,0,0,0,0,0.29142034,1.1792111,-0.5866973,-0.032239787,0.47876674,0.01429616,-0.57739013,-0.104239784,0.79672754,-0.4801352,0.58956414,-0.55961233,-0.8882398,1.7296948,-0.0035861928,0.9901916,-0.03673652,0.1720478,-0.26408294,0.21779943,-0.2785143,-0.51741624,-0.20301104,-0.19956005,-0.41357312,0.4152896,0.23604779,0.112126224,-0.9287104,-1.3737823,-0.6738084,0.4844661,-1.0451548,0.66276675,0.8587929,0.2967014,0.7567275,0.76498896,0.6439955,0.129904,0.18653145,-0.6557169,0.57189095,-1.6161875,-0.031141749,0.10898897,1.2530936,0.37220466,-0.5293901,0.109145835,0.016283087,-0.5392725,0.073694855,0.02553799,-0.97937703,0.06904126,1.0792373,0.45555106,0.20033537,0.54004776,-0.8440568,-0.62732476,-0.4949849,-1.0140437,-0.59579533,-0.21650122,-0.29728553,-1.4068803,0.8957079,0.96164256,0.28681904,0.6709236,0.069145836,-0.38387376,-0.18612213,-1.2086581,-1.2754816,0.46689746,0.1539563,0.7239955,0.23740727,-0.16844894,0.3340347,-1.3389587,-0.8443705,-0.86450124,1.4517341,-0.76719403,0.8425837,-0.5998738,-0.4427496,0.59620464,-0.7827234,-0.42146856,0.57309353,-0.9782267,-1.0889195,-0.30361235,-0.037468545,-0.08797835,-0.18941626,-0.05038358,1.1203877,0.24111968,-1.5885797,-0.51239663,-1.3644751,-0.45137703,0.072126225,-0.36949468,-0.81629205,0.41999552,0.25779942,0.007080474,-0.05116789,1.1155772,0.84713274,-0.33791298,1.2152374,-1.6009718,0.119864784,-0.78173,0.3783746,0.5473158,0.32927656,-0.36374307,-0.30727246,0.41225696,0.32896283,0.877721,-1.0680568,0.4427929,0.6649628,-0.44463193,-1.5587234,-1.1664621,-0.56003064,-0.09728554,-1.4965012,-1.1481614,-0.2730764,-0.41984764,-1.1773901,0.123002045,-0.17273653,-0.7530764,-0.34319404,0.3879432,0.12117197,0.049015116,-0.26972997,0.070453025,-0.35657966,-0.19485417,-0.2726058,-0.36050123,0.13393015,-0.76918095,0.70365566,0.07249224,0.9582962,0.60681903,0.3122308,0.24896282,0.4073419,-0.5454424,1.7857994,0.30532885,0.06736805,0.24169485,1.5508714,0.99196935,0.24770792,-0.7666712,0.22438766,-0.875011,-1.0641875,0.031498775,1.3371197,-0.9054947,-0.5386973,-0.9353509,0.5030282,0.42945957,0.4953942,0.10710662,0.09027001,-1.0656515,-0.4498607,0.40728962,0.5381132,1.0638125,-0.6220437,0.20169485,0.20420466,0.93900204,-0.57984763,0.39322427,-0.48604372,0.14564256,0.85528964,-0.7906189,0.37189093,0.22015236,0.35123733,-0.23715483,-0.8289457,-1.6532071,-1.3254162,-1.3426188,-0.060893383,0.27860987,0.5576164,0.26344648,0.8576426,-0.18000449,0.11871446,0.49450532,0.5474203,0.54820466,0.5000478,0.9269759,-0.894828,-0.21127246,-1.7045013,1.0203092,0.3273419,0.6591066,0.06752492,0.64681906,1.2306099,-0.017076388,-0.25806984,-0.4776777,-1.3583574,-0.5339391,-0.50648814,0.4676295,-0.057024103,0.37272754,-0.68332475,-0.802645,0.17696282,0.32389092,0.24566871,0.59013927,-1.1726842,1.2491196,-0.041965276,-1.1646842,0.662453,-0.10617443,-0.33331168,0.87291056,-0.44850123,0.85272753,1.2298778,-1.3915601,0.16258374,-0.85461885,-1.5546973,-0.28625286,-0.3205535,0.02271446,1.1564661,-0.755011,0.14877982,-0.06549469,0.60509354,-0.031037172,0.41126347,0.93063605,-0.35616136,0.7752373,-0.41001758,-0.45085415,0.02402165,0.95662296,-1.0618346,-0.25184762,-1.122645,-0.29430515,0.0035772058,0.4730151,0.33926347,1.3580871,-0.098383576,-0.8687365,-0.31375614,-0.50648814,0.1328844,-1.1918738,-1.1354032,-0.8363182,0.66355103,-0.7766058,0.8124661,0.20734191,-0.3201352,-0.106435865,-0.66993916,0.14407393,0.7272896,-0.5320045,0.42030925,-0.3754032,0.3812504,0.018374592,0.50109357,0.033381127,0.61685824,-0.38152084,-0.014514297,-1.1754032,0.89947265,0.9947406,-0.29922017,0.111707926,0.37173408,-0.1631679,0.6551328,-0.5050764,-0.3349326,-1.3996646,0.11353799,-0.55600446,-0.05529861,0.07364257,-0.14476267,0.860989,-0.21519403,0.15568177,0.5130151,-0.58152086,0.9171981,1.2642308,0.34438765,-0.5024097,0.508257,0.54491055,0.30386478,-0.37064502,0.7689105,0.18480596,0.45847917,-0.09812214,-0.2873509,0.89105433,0.24404779,1.0684661,0.0010151144,-1.6692071,-0.2398215,0.193904,0.06689747,0.68389094,-0.15250123,0.4229759,0.75667524,-0.7812071,-0.66366464,-0.9336777,-1.5677692,1.2373027,0.72436154,1.1777995,-0.32327247,-0.53775615,-0.64803064,-0.19621365,0.25309354,-0.23208292,0.77230924,-0.6939914,1.1985053,-0.6914293,-0.5547496,-0.4595339,0.05732884,0.14412622,0.10987786,0.11332884,-0.7471156,1.6363093,0.05779943,0.345538,0.13717198,-0.27454045,0.41894975,0.8485968,-0.4835862,-0.10267116,0.19928962,-0.19223979,0.4865576,-1.1617562,0.95667523,-0.49833128,-1.3370241,-0.06523325,-1.592449,0.75019157,-0.28112867,-0.12578227,0.14355107,0.8296687,-0.97226596,-0.9274555,0.4844661,-0.102200575,-0.60290647,-0.6852071,-0.6531025,-0.91846204,-0.83537704,0.96598244,-0.020422794,-0.15731168,-0.86277574,-0.86089337,-0.09859273,-0.96295875,0.47672755,-0.26167768,-0.09754698,-0.6133117,-0.6211025,-0.22450122,-0.85132474,0.97989094,0.705172,-0.26282802,0.38993016,0.55024385,0.20932885,0.29863602,-1.162279,0.48911968,0.35871446,0.5454334,0.53774714,0.0027406046,0.13774714,0.84938115,0.43176022,-0.83778226,0.06318505,0.13957721,-0.1728411,0.78391707,0.6918386,-0.011690768,-0.2717692,-0.43705025,-0.21869731,0.47562948,-0.07119404,0.47024387,-0.09848815,-0.6864097,0.23955107,0.20101511,0.14919811,0.23766871,-0.41461888,1.163891,0.027838644,-0.3340437,-0.22246201,0.42224386,0.56002164,-0.14120711,-0.62308943,0.07202165,0.2992112,-0.59406984,0.0013811274,0.31468832,-0.050069854,-0.4633509,0.50104123,0.29047915,0.5978256,-0.053520832,0.49654454,0.5725707,0.9118648,1.3719432,0.940623,0.29445302,-0.83333784,0.06966871,0.2238125,-0.12714174,-0.5722659,0.39437458,-0.33080187,-0.73984766,0.10260989,0.0024791667,-0.37937704,-0.12238358,-1.2065142,-0.086514294,0.32854453,-0.5154816,-0.0057299836,1.0447798,0.000439951,0.20336805,-0.9446581,0.361538,-0.83705026,0.045773283,0.9914465,-0.7016254,0.108204655,-0.4743313,0.88687134,-0.30695873,0.48211315,0.8722308,1.4203615,-0.74476266,-0.79584765,0.06893668,-0.017808415,-1.4109588,1.1921785,-0.56416136,-0.7409457,-0.7163705,0.95416546,0.85858375,0.43421772,-0.15004371,0.5875249,0.27955106,1.3473158,1.2668974,-0.7030895,-0.7146973,-0.89247507,1.0972766,1.2916818,0.9071589,0.17006087,-0.95030516,0.5296426,-0.5505143,-0.34659272,1.0097471,-0.990096,-0.15312868,-1.238985,-0.72552085,-0.51375616,0.18114583,-0.45733783,0.14527655,-0.7926581,-0.5358215,-0.9640045,0.7113419,-0.68201756,-1.4448411,-0.36682802,-0.88118094,1.0454073,0.19620466,0.2448844,-0.06857966,0.43489745,-0.069729984,-0.6410241,-1.2508019,0.11217851,-0.123533905,0.023289625,-0.36918098,-0.012893382,-0.038095996,0.15526348,1.2072896,-1.4430633,-0.5185666,0.5269236,0.9185053,1.407551,0.79630923,-0.70727247,-0.098697305,-0.09754698,1.0975903,0.7545837,-0.18523325,-0.053886846,-0.43454045,0.9198648,0.5586099,-0.27626592,-0.24274959,0.63751185,0.13230923,-0.5437692,-0.2948803,-0.06669731,0.4591589,-1.1132855,-0.53691953,1.0343746,0.293721,-0.4132071,0.46522427,0.7353419,-0.26999143,-1.5069587,0.5228975,0.049799427,-0.09038358,-0.177913,0.8012243,1.1138517,0.21445303,0.5689628,-1.5047626,0.51866215,-0.13885416,0.09356413,0.42569485,-0.02157312,0.09189093,-0.4439522,-0.35244894,-0.22319403,1.0332766,-0.5750372,-0.3783313,-1.2712986,-1.0081875,0.6439432,-0.27234435,-0.34795222,0.78898895,-0.111246325,-0.6021744,0.6697733,-0.41352084,0.18684518,0.04394322,-1.5455992,0.18234845,0.043158904,-0.9749849,-0.15234436,-0.21639664,-0.9543313,0.78783864,0.36551183,0.6331197,-0.21336398,-0.42884108,0.058322303,0.7982439,0.39965564,-0.5632202,-0.008762663,-0.43333784,0.27542034,0.26914585,0.7750805,1.0302439,-0.2798215,-0.5020437,-0.92839664,0.7689628,-0.5679783,-0.038566586,-0.2533117,-0.14026593,1.2574334,0.8629759,-0.07997835,0.34308046,-0.97901106,-0.5424097,-1.1171548,0.16566871,-0.23490645,0.8408583,-0.302096,-1.3558476,-0.2712463,-1.2870371,-0.21791299,0.0032634805,-0.068684235,-1.2229849,-0.365364,0.35076675,0.05063603,0.18841381,-0.16918096,-0.45461887,-1.0539914,-0.09310253,0.22909355,0.9433419,-1.0005013,-1.0814947,-0.55872345,-0.28374305,0.15149878,0.5567275,-0.6486058,-0.88358617,-0.9434032,-0.18983456,-0.83406985,0.8425837,0.22825694,0.39076674,0.31034845,0.5269236,0.5888321,0.2107929,0.8289367,-0.971377,0.42266217,-0.061050244,0.023289625,0.27887133,0.5682831,0.34647918,0.96525043,0.55913275,-0.28384763,0.45230922,0.22517198,-0.5365535,-0.6381483,-0.42617443,0.588623,0.14945956,-0.8654424,-0.19558619,-0.67318094,-0.012475082,-0.20447508,-0.19971691,0.13691054,-0.3586189,0.23029616,-0.95150775,-0.47715482,-1.2096516,-0.120658085,0.9605445,0.4279955,0.24566871,1.2134073,-0.38125938,0.049224265,-0.430096,-0.22575612,0.19034845,0.40253145,-0.24604371,-0.6967627,0.7195511,0.43494976,-0.45022672,0.33236152,0.9610151,0.10647917,-0.060004495,-0.7792725,0.09460989,-0.12034436,-0.091952205,0.3494073,0.7392635,-0.7660437,0.6201001,-0.34214827,0.3513419,-0.05482802,-0.33676267,0.0789759,-0.019377042,-0.31365156,-0.2865666,-1.1976777,-0.6202136,-1.0820699,-0.91872346,0.24891055,0.014243873,-0.6284228,-1.2550372,-0.06512868,-0.45561233,-0.051899917,-0.433913,0.8685707,0.5033419,0.33351186,-0.39820057,-0.69352084,0.8359432,0.5588713,1.3514987,0.8501654,0.4039432,0.32938114,-0.4747496,-0.90816134,0.9360216,0.06898897,0.48394322,0.221721,0.076936685,-0.12039665,-0.104814954,0.48179942,1.0593158,-0.75166464,0.074374594,0.42480597,-0.018017566,-0.61440974,0.27667525,-0.19396527,-0.28337705,0.07568178,0.63871443,0.37142035,-0.9568411,-0.4967104,0.4911589,-0.010592729,0.17508048,-0.0028541666,-0.7012594,0.75076675,0.51536804,0.16749877,-0.39072344,0.5155772,0.26313275,0.4175903,0.34349877,-0.20384763,-0.10857966,0.26945955,-0.3652594,-0.10146855,-0.4237692,-0.0059914216,-0.170279,0.15458374,1.047342,-0.30727246,-0.6130502,0.37309355,-0.30727246,0.13251838,-0.20290646,-0.5209195,0.13100204,0.43808702,0.52927655,0.57105434,-0.8738607,-0.7359261,-1.5369195,-0.19898489,-0.13095874,1.0572243,-0.22272345,0.23045303,0.68415236,-0.10052737,1.2729106,-0.3361352,0.33528963,-0.042906456,-0.76661885,-0.7722659,0.38553798,0.89978635,-0.20034437,-0.4242921,-0.22716789,-0.17650123,-1.0848411,-0.9107757,1.653721,0.0667406,0.5119694,0.3601785,-0.41885418,-0.10554697,-0.3580437,0.26093668,-0.7613378,0.8352112,0.9494073,-0.85859275,-0.31657967,-1.030096,-1.1873248,0.96566874,-0.5932332,0.39662296,-0.95061886,-0.6869326,0.008701389,-0.07684109,-0.07668423,0.29178634,-0.07140318,-0.34784764,0.20305432,0.44587785,0.31468832,0.29314584,1.1825576,-0.32301104,0.56556416,1.3236818,-0.8482398,0.06292361,0.14344649,0.7847537,0.21957721,-0.030095996,-0.34596527,0.16498896,-0.31793913,-0.36248815,0.13732883,0.9743484,-0.42659274,0.076256946,0.49471447,0.13136806,0.59427,0.39902818,-0.44959927,0.5165707,0.6503223,0.017276552,-0.31956005,-0.24923325,1.079185,-0.7465404,0.84640074,0.41675368,-0.38031822,-0.46674958,-0.09854044,-0.26350775,0.61094975,0.68718505,0.13377328,0.17413929,-0.6842659,0.7775903,-0.38105026,-0.3075862,-0.26486725,-0.8299391,-0.34868422,0.5099824,0.7278125,0.63610005,0.44504127,-0.5465927,-0.032344364,0.4427929,-0.37210906,-0.29770383,-0.031821486,-0.602279,-0.25843588,-0.6757953,0.3497733,-0.09890646,-0.2549849,-0.30899796,0.9285968,0.25560334,-0.38261887,1.2480739,-0.12191299,-0.5614424,0.8260609,-0.7781221,-0.5117692,-0.5361875,-0.04604371,-0.86094564,-0.100997955,0.31364256,-0.24332476,0.26433536,-0.1466973,0.53011316,-0.14972998,0.19510661,0.1438125,-0.3253117,0.01884518,0.67657065,-0.40029207,0.6739563,-0.6539391,0.5880478,-0.42863193,1.2744269,-0.113860704,-0.11589992,0.5857471,-1.4598477,-0.7538607,0.68593013,-1.489547,-0.18664502,0.6470282,-1.1179914,0.13779943,0.19834845,-0.5669326,-1.1582528,-0.18931168,0.10987786,0.17910662,0.7847537,1.0806491,0.18386479,-0.44212213,-1.1614424,0.9608582,0.2506883,-0.818279,-0.64029205,-0.73514175,0.18119812,-0.17461887,0.47620466,-0.31997836,-0.6423836,-0.35647509,0.74773407,1.4564922,1.2592635,-1.2246581,-0.26261887,-0.91459274,-0.3087888,-1.1665666,-0.5625404,-0.41284108,0.23238766,0.47160336,-0.68661886,-0.20437051,-0.17739011,1.2794465,0.4832635,0.26883212,0.9965184,-0.08766463,1.3045968,-0.77273655,-0.30852738,-0.021991422,-0.45461887,-0.9501483,-1.041181,0.3001001,0.81926346,1.253355,0.09905433,-0.28128552,0.6165968,-0.08839665,-1.0203183,0.86072755,-0.89221364,-0.97472346,-0.9827235,0.45335498,-1.2960306,0.31155106,-0.36196527,-0.6924228,-0.9551679,-0.2621483,0.1374857,0.8456164,-0.24369077,0.4949759,0.7992373,-0.08023979,0.56415236,-0.100893386,-0.20954698,0.28964257,-0.23501103,-0.51239663,0.44033536,-0.25770384,-0.6528411,-0.37305024,0.32969487,0.27850533,0.25460988,-0.8298346,-0.6746973,-0.39908946,0.6196295,-0.49686724,0.5147406,0.32472754,0.12122426,-0.07040972,-0.1892594,0.87542033,0.30098897,-0.39861888,-0.17801757,-0.66366464,0.13210008,1.0460347,0.34161642,0.3392112,-0.6421744,-0.17503718,-0.5603967,-0.00797835,0.4174334,0.39003474,0.47667524,-0.46068424,-0.19840972,0.28430924,0.7909759,0.043995507,-0.20071037,-0.32285416,
0,0,0,0,0,0,0,0,1,0,0,0,0,0,0,0,0,0,0,0,0,0,0,0,0,0,0,0,0,0,0,0,0,0,0,0,0,0,0,0,0,0,0,0,0,0,0,0,0,0,0,0,0,0,0,0,0,0,0,0,0,0,0,0,0,0,0,0,0,0,0,0,0,0,0,0,0,0,0,0,0,0,0,0,0,0,0,0,0,0,0,0,0,0,0,0,0,0,0,0,0,0,0,0,0,0,0,0,0,0,0,0,0,0,0,0,0,0,0,0,0,0,0,0,0,0,0,0,0,0,0,0,0,0,0,0,0,0,0,0,0,0,0,0,0,0,0,0,0,0,0,0,0,0,0,0,0,0,0,0,0,0,0,0,0,0,0,0,0,0,0,0,0,0,0,0,0,0,0,0,0,0,0,0,0,0,0,0,0,0,0,0,0,0,0,0,0,0,0,0,0,0,0,0,0,0,0,0,0,0,0,0,0,0,0,0,0,0,0,0,0,0,0,0,0,0,0,0,0,0,0,0,0,0,0,0,0,0,0,0,0,0,0,0,0,0,0,0,0,0,0,0,0,0,0,0,0,0,0,0,0,0,0,0,0,0,0,0,0,0,0,0,0,0,0,0,0,0,0,0,0,0,0,0,0,0,0,0,0,0,0,0,0,0,0,0,0,0,0,0,0,0,0,0,0,0,0,0,0,0,0,0,0,0,0,0,0,0,0,0,0,0,0,0,0,0,0,0,0,0,0,0,0,0,0,0,0,0,0,0,0,0,0,0,0,0,0,0,0,0,0,0,0,0,0,0,0,0,0,0,0,0,0,0,0,0,0,0,0,0,0,0,0,0,0,0,0,0,0,0,0,0,0,0,0,0,0,0,0,0,0,0,0,0,0,0,0,0,0,0,0,0,0,0,0,0,0,0,0,0,0,0,0,0,0,0,0,0,0,0,0,0,0,0,0,0,0,0,0,0,0,0,0,0,0,0,0,0,0,0,0,0,0,0,0,0,0,0,0,0,0,0,0,0,0,0,0,0,0,0,0,0,0,0,0,0,0,0,0,0,0,0,0,0,0,0,0,0,0,0,0,0,0,0,0,0,0,0,0,0,0,0,0,0,0,0,0,0,0,0,0,0,0,0,0,0,0,0,0,0,0,0,0,0,0,0,0,0,0,0,0,0,0,0,0,0,0,0,0,0,0,0,0,0,0,0,0,0,0,0,0,0,0,0,0,0,0,0,0,0,0,0,0,0,0,0,0,0,0,0,0,0,0,0,0,0,0,0,0,0,0,0,0,0,0,0,0,0,0,0,0,0,0,0,0,0,0,0,0,0,0,0,0,0,0,0,0,0,0,0,0,0,0,0,0,0,0,0,0,0,0,0,0,0,0,0,0,0,0,0,0,0,0,0,0,0,0,0,0,0,0,0,0,0,0,0,0,0,0,0,0,0,0,0,0,0,0,0,0,0,0,0,0,0,0,0,0,0,0,0,0,0,0,0,0,0,0,0,0,0,0,0,0,0,0,0,0,0,0,0,0,0,0,0,0,0,0,0,0,0,0,0,0,0,0,0,0,0,0,0,0,0,0,0,0,0,0,0,0,0,0,0,0,0,0,0,0,0,0,0,0,0,0,0,0,0,0,0,0,0,0,0,0,0,0,0,0,0,0,0,0,0,0,0,0,0,0,0,0,0,0,0,0,0,0,0,0,0,0,0,0,0,0,0,0,0,0,0,0,0,0,0,0,0,0,0,0,0,0,0,0,0,0,0,0,0,0,0,0,0,0,0,0,0,0,0,0,0,0,0,0,0,0,0,0,0,0,0,0,0,0,0,0,0,0,0,0,0,0,0,0,0,0,0,0,0,0,0,0,0,0,0,0,0,0,0,0,0,0,0,0,0,0,0,0,0,0,0,0,0,0,0,0,0,0,0,0,0,0,0,0,0,0,0,0,0,0,0,0,0,0,0,0,0,0,0,0,0,0,0,0,0,0,0,0,0,0,0,0,0,0,0,0,0,0,0,0,0,0,0,0,0,0,0,0,0,0,0,0,0,0,0,0,0,0,0,0,0,0,0,0,0,0,0,0,0,0,0,0,0,0,0,0,0,0,0,0,0,0,0,0,0,0,0,0,0,0,0,0,0,0,0,0,0,0,0,0,0,0,0,0,0,0,0,0,0,0,0,0,0,0,0,0,0,0,0,0,0,0,0,0,0,0,0,0,0,0,0,0,0,0,0,0,0,0,0,0,0,0,0,0,0,0,0,0,0,0,0,0,0,0,0,0,0,0,0,0,0,0,0,0,0,0,0,0,0,0,0,0,0,0,0,0,0,0,0,0,0,0,0,0,0,0,0,0,0,0,0,0,0,0,0,0,0,0,0,0,0,0,0,0,0,0,0,0,0,0,0,0,0,0,0,0,0,0,0,0,0,0,0,0,0,0,0,0,0,0,0,0,0,0,0,0,0,0,0,0,0,0,0,0,0,0,0,0,0,0,0,0,0,0,0,0,0,0,0,0,0,0,0,0,0,0,0,0,0,0,0,0,0,0,0,0,0,0,0,0,0,0,0,0,0,0,0,0,0,0,0,0,0,0,0,0,0,0,0,0,0,0,0,0,0,0,0,0,0,0,0,0,0,0,0,0,0,0,0,0,0,0,0,0,0,0,0,0,0,0,0,0,0,0,0,0,0,0,0,0,0,0,0,0,0,0,0,0,0,0,0,0,0,0,0,0,0,0,0,0,0,0,0,0,0,0,0,0,0,0,0,0,0,0,0,0,0,0,0,0,0,0,0,0,0,0,0,0,0,0,0,0,0,0,0,0,0,0,0,0,0,0,0,0,0,0,0,0,0,0,0,0,0,0,0,0,0,0,0,0,0,0,0,0,0,0,0,0,0,0,0,0,0,0,0,0,0,0,0,0,0,0,0,0,0,0,0,0,0,0,0,0,0,0,0,0,0,0,0,0,0,0,0,0,0,0,0,0,0,0,0,0,0,0,0,0,0,0,0,0,0,0,0,0,0,0,0,0,0,0,0,0,0,0,0,0,0,0,0,0,0,0,0,0,0,0,0,0,0,0,0,0,0,0,0,0,0,0,0,0,0,0,0,0,0,0,0,0,0,0,0,0,0,0,0,0,0,0,0,0,0,0,0,0,0,0,0,0,0,0,0,0,0,0,0,0,0,0,0,0,0,0,0,0,0,0,0,0,0,0,0,0,0,0,0,0,0,0,0,0,0,0,0,0,0,0,0,0,0,0,0,0,0,0,0,0,0,0,0,0,0,0,0,0,0,0,0,0,0,0,0,0,0,0,0,0,0,0,0,0,0,0,0,0,0,0,0,0,0,0,0,0,0,0,0,0,0,0,0,0,0,0,0,0,0,0,0,0,0,0,0,0,0,0,0,0,0,0,0,0,0,0,0,0,0,0,0,0,0,0,0,0,0,0,0,0,0,0,0,0,0,0,0,0,0,0,0,0,0,0,0,0,0,0,0,0,0,0,0,0,0,0,0,0,0,0,0,0,0,0,0,0,0,0,0,0,0,0,0,0,0,0,0,0,0,0,0,0,0,0,0,0,0,0,0,0,0,0,0,0,0,0,0,0,0,0,0,0,0,0,0,0,0,0,0,0,0,0,0,0,0,0,0,0,0,0,0,0,0,0,0,0,0,0,0,0,0,0,0,0,0,0,0,0,0,0,0,0,0,0,0,0,0,0,0,0,0,0,0,0,0,0,0,0,0,0,0,0,0,0,0,0,0,0,0,0,0,0,0,0,0,0,0,0,0,0,0,0,0,0,0,0,0,0,0,0,0,0,0,0,0,0,0,0,0,0,0,0,0,0,0,0,0,0,0,0,0,0,0,0,0,0,0,0,0,0,0,0,0,0,0,0,0,0,0,0,0,0,0,0,0,0,0,0,0,0,0,0,0,0,0,0,0,0,0,0,0,0,0,0,0,0,0,0,0,0,0,0,0,0,0,0,0,0,0,0,0,0,0,0,0,0,0,0,0,0,0,0,0,0,0,0,0,0,0,0,0,0,0,0,0,0,0,0,0,0,0,0,0,0,0,0,0,0,0,0,0,0,0,0,0,0,0,0,0,0,0,0,0,0,0,0,0,0,0,0,0,0,0,0,0,0,0,0,0,0,0,0,0,0,0,0,0,0,0,0,0,0,0,0,0,0,0,0,0,0,0,0,0,0,0,0,0,0,0,0,0,0,0,0,0,0,0,0,0,0,0,0,0,0,0,0,0,0,0,0,0,0,0,0,0,0,0,0,0,0,0,0,0,0,0,0,0,0,0,0,0,0,0,0,0,0,0,0,0,0,0,0,0,0,0,0,0,0,0,0,0,0,0,0,0,0,0,0,0,0,0,0,0,0,0,0,0,0,0,0,0,0,0,0,0,0,0,0,0,0,0,0,0,0,0,0,0,0,0,0,0,0,0,0,0,0,0,0,0,0,0,0,0,0,0,0,0,0,0,0,0,0,0,0,0,0,0,0,0,0,0,0,0,0,0,0,0,0,0,0,0,0,0,0,0,0,0,0,0,0,0,0,0,0,0,0,0,0,0,0,0,0,0,0,0,0,0,0,0,0,0,0,0,0,0,0,0,0,0,0,0,0,0,0,0,0,0,0,0,0,0,0,0,0,0,0,0,0,0,0,0,0,0,0,0,0,0,0,0,0,0,0,0,0,0,0,0,0,0,0,0,0,0,0,0,0,0,0,0,0,0,0,0,0,0,0,0,0,0,0,0,0,0,0,0,0,0,0,0,0,0,0,0,0,0,0,0,0,0,0,0,0,0,0,0,0,0,0,0,0,0,0,0,0,0,0,0,0,0,0,0,0,0,0,0,0,0,0,0,0,0,0,0,0,0,0,0,0,0,0,0,0,0,0,0,0,0,0,0,0,0,0,0,0,0,0,0,0,0,0,0,0,0,0,0,0,0,0,0,0,0,0,0,0,0,0,0,0,0,0,0,0,0,0,0,0,0,0,0,0,0,0,0,0,0,0,0,0,0,0,0,0,0,0,0,0,0,0,0,0,0,0,0,0,0,0,0,0,0,0,0,0,0,0,0,0,0,0,0,0,0,0,0,0,0,0,0,0,0,0,0,0,0,0,0,0,0,0,0,0,0,0,0,0,0,0,0,0,0,0,0,0,0,0,0,0,0,0,0,0,0,0,0,0,0,0,0,0,0,0,0,0,0,0,0,0,0,0,0,0,0,0,0,0,0,0,0,0,0,0,0,0,0,0,0,0,0,0,0,0,0,0,0,0,0,0,0,0,0,0,0,0,0,0,0,0,0,0,0,0,0,0,0,0,0,0,0,0,0,0,0,0,0,0,0,0,0,0,0,0,0,0,0,0,0,0,0,0,0,0,0,0,0,0,0,0,0,0,0,0,0,0,0,0,0,0,0,0,0,0,0,0,0,0,0,0,0,0,0,0,0,0,0,0,0,0,0,0,0,0,0,0,0,0,0,0,0,0,0,0,0,0,0,0,0,0,0,0,0,0,0,0,0,0,0,0,0,0,0,0,0,0,0,0,0,0,0,0,0,0,0,0,0,0,0,0,0,0,0,0,0,0,0,0,0,0,0,0,0,0,0,0,0,0,0,0,0,0,0,0,0,0,0,0,0,0,0,0,0,0,0,0,0,0,0,0,0,0,0,0,0,0,0,0,0,0,0,0,0,0,0,0,0,0,0,0,0,0,0,0,0,0,0,0,0,0,0,0,0,0,0,0,0,0,0,0,0,0,0,0,0,0,0,0,0,0,0,0,0,0,0,0,0,0,0,0,0,0,0,0,0,0,0,0,0,0,0,0,0,0,0,0,0,0,0,0,0,0,0,0,0,0,0,0,0,0,0,0,0,0,0,0,0,0,0,0,0,0,0,0,0,0,0,0,0,0,0,0,0,0,0,0,0,0,0,0,0,0,0,0,0,0,0,0,0,0,0,0,0,0,0,0,0,0,0,0,0,0,0,0,0,0,0,0,0,0,0,0,0,0,0,0,0,0,0,0,0,0,0,0,0,0,0,0,0,0,0,0,0,0,0,0,0,0,0,0,0,0,0,0,0,0,0,0,0,0,0,0,0,0,0,0,0,0,0,0,0,0,0,0,0,0,0,0,0,0,0,0,0,0,0,0,0,0,0,0,0,0,0,0,0,0,0,0,0,0,0,0,0,0,0,0,0,0,0,0,0,0,0,0,0,0,0,0,0,0,0,0,0,0,0,0,0,0,0,0,0,0,0,0,0,0,0,0,0,0,0,0,0,0,0,0,0,0,0,0,0,0,0,0,0,0,0,0,0,0,0,0,0,0,0,0,0,0,0,0,0,0,0,0,0,0,0,0,0,0,0,0,0,0,0,0,0,0,0,0,0,0,0,0,0,0,0,0,0,0,0,0,0,0,0,0,0,0,0,0,0,0,0,0,0,0,0,0,0,0,0,0,0,0,0,0,0,0,0,0,0,0,0,0,0,0,0,0,0,0,0,0,0,0,0,0,0,0,0,0,0,0,0,0,0,0,0,0,0,0,0,0,0,0,0,0,0,0,0,0,0,0,0,0,0,0,0,0,0,0,0,0,0,0,0,0,0,0,0,0,0,0,0,0,0,0,0,0,0,0,0,0,0,0,0,0,0,0,0,0,0,0,0,0,0,0,0,0,0,0,0,0,0,0,0,0,0,0,0,0,0,0,0,0,0,0,0,0,0,0,0,0,0,0,0,0,0,0,0,0,0,0,0,0,0,0,0,0,0,0,0,0,0,0,0,0,0,0,0,0,0,0,0,0,0,0,0,0,0,0,0,0,0,0,0,0,0,0,0,0,0,0,0,0,0,0,0,0,0,0,0,0,0,0,0,0,0,0,0,0,0,0,0,0,0,0,0,0,0,0,0,0,0,0,0,0,0,0,0,0,0,0,0,0,0,0,0,0,0,0,0,0,0,0,0,0,0,0,0,0,0,0,0,0,0,0,0,0,0,0,0,0,0,0,0,0,0,0,0,0,0,0,0,0,0,0,0,0,0,0,0,0,0,0,0,0,0,0,0,0,0,0,0,0,0,0,0,0,0,0,0,0,0,0,0,0,0,0,0,0,0,0,0,0,0,0,0,0,0,0,0,0,0,0,0,0,0,0,0,0,0,0,0,0,0,0,0,0,0,0,0,0,0,0,0,0,0,0,0,0,0,0,0,0,0,0,0,0,0,0,0,0,0,0,0,0,0,0,0,0,0,0,0,0,0,0,0,0,0,0,0,0,0,0,0,0,0,0,0,0,0,0,0,0,0,0,0,0,0,0,0,0,0,0,0,0,0,0,0,0,0,0,0,0,0,0,0,0,0,0,0,0,0,0,0,0,0,0,0,0,0,0,0,0,0,0,0,0,0,0,0,0,0,0,0,0,0,0,0,0,0,0,0,0,0,0,0,0,0,0,0,0,0,0,0,0,0,0,0,0,0,0,0,0,0,0,0,0,0,0,0,0,0,0,0,0,0,0,0,0,0,0,0,0,0,0,0,0,0,0,0,0,0,0,0,0,0,0,0,0,0,0,0,0,0,0,0,0,0,0,0,0,0,0,0,0,0,0,0,0,0,0,0,0,0,0,0,0,0,0,0,0,0,0,0,0,0,0,0,0,0,0,0,0,0,0,0,0,0,0,0,0,0,0,0,0,0,0,0,0,0,0,0,0,0,0,0,0,0,0,0,0,0,0,0,0,0,0,0,0,0,0,0,0,0,0,0,0,0,0,0,0,0,0,0,0,0,0,0,0,0,0,0,0,0,0,0,0,0,0,0,0,0,0,0,0,0,0,0,0,0,0,0,0,0,0,0,0,0,0,0,0,0,0,0,0,0,0,0,0,0,0,0,0,0,0,0,0,0,0,0,0,0,0,0,0,0,0,0,0,0,0,0,0,0,0,0,0,0,0,0,0,0,0,0,0,0,0,0,0,0,0,0,0,0,0,0,0,0,0,0,0,0,0,0,0,0,0,0,0,0,0,0,0,0,0,0,0,0,0,0,0,0,0,0,0,0,0,0,0,0,0,0,0,0,0,0,0,0,0,0,0,0,0,0,0,0,0,0,0,0,0,0,0,0,0,0,0,0,0,0,0,0,0,0,0,0,0,0,0,0,0,0,0,0,0,0,0,0,0,0,0,0,0,0,0,0,0,0,0,0,0,0,0,0,0,0,0,0,0,0,0,0,0,0,0,0,0,0,0,0,0,0,0,0,0,0,0,0,0,0,0,0,0,0,0,0,0,0,0,0,0,0,0,0,0,0,0,0,0,0,0,0,0,0,0,0,0,0,0,0,0,0,0,0,0,0,0,0,0,0,0,0,0,0,0,0,0,0,0,0,0,0,0,0,0,0,0,0,0,0,0,0,0,0,0,0,0,0,0,0,0,0,0,0,0,0,0,0,0,0,0,0,0,0,0,0,0,0,0,0,0,0,0,0,0,0,0,0,0,0,0,0,0,0,0,0,0,0,0,0,0,0,0,0,0,0,0,0,0,0,0,0,0,0,0,0,0,0,0,0,0,0,0,0,0,0,0,0,0,0,0,0,0,0,0,0,0,0,0,0,0,0,0,0,0,0,0,0,0,0,0,0,0,0,0,0,0,0,0,0,0,0,0,0,0,0,0,0,0,0,0,0,0,0,0,0,0,0,0,0,0,0,0.15349065,0.29921523,0.13501984,-0.023235185,0.21939157,-0.9243142,0.57321453,0.63716626,0.34423205,-0.42810813,-0.37956423,0.26301613,-0.108349465,-0.35357514,-0.16376193,0.21948439,-0.46486413,-0.5219473,0.044150822,0.045450278,-1.0853537,0.4495807,0.09742846,-1.3233396,-0.8387358,1.3891792,-0.21861748,0.31425175,-0.2728233,0.22681703,0.3995517,0.58212507,-0.4595735,-0.03576564,-0.7920483,-0.7707001,-1.0552807,-0.706934,-0.008198638,0.03950991,0.773609,-0.12672748,-0.3279573,-0.33111313,-0.29519248,1.0934604,0.5494531,-0.08022556,0.08573337,0.7375027,-0.0799471,-0.51897717,-0.4125147,-0.3774294,-0.06992274,-0.14491984,0.31824294,-0.71491635,0.44781715,-0.06286855,0.2685852,-0.39738533,-0.3416944,-0.27774265,-0.22344403,-0.23736675,0.5220717,0.13093583,-0.4320993,0.020853456,0.027443547,0.5884367,0.22728111,-0.34633532,-0.056185644,-0.62191254,0.31777886,-0.6707349,0.24129666,0.2858494,-0.12793411,0.4638747,-0.4365546,0.22143357,-0.06500337,-0.06593155,-0.7306954,0.007209182,-0.32201695,-0.36248568,-0.16301939,0.22403248,-0.30549532,-0.24089384,-0.10927765,0.21307993,0.020389365,-0.48129296,-0.43117115,-0.6133733,-0.10556492,-0.15253092,0.4455895,0.5515879,-0.29036593,-1.1248943,-0.7060986,-0.1891013,-0.051916007,0.5399856,0.6311331,-0.08625874,0.31258103,-0.24275021,-0.16701056,-0.15921384,-0.34791324,0.6140545,0.12583083,0.21437939,0.17641674,-0.1258921,0.28204384,0.40205777,0.41616613,0.701118,0.65053207,-0.071036555,0.23981157,0.48308805,-0.6719415,-0.22975567,0.12239656,-0.8101478,0.5403569,0.44234088,-0.7095329,0.5511238,-0.13990766,0.09241628,-0.3042887,-0.053401098,0.10420419,-0.12997611,-0.36554867,0.03598282,0.11617774,0.07032555,0.5033224,0.44753867,-0.5774526,0.054175187,-0.03743637,-0.12709874,-0.020357821,0.3450674,0.30209258,-0.20107484,-0.22427939,-0.26669732,-0.21295556,-0.5064467,-0.24739112,-0.2079434,0.4817886,0.36455923,0.27703166,0.8797002,-0.054700553,0.05714537,0.3140661,-0.53067225,-0.063889556,-0.1543873,-0.19921848,-0.041241914,-0.30196822,0.47000068,0.0017329084,0.33977675,-0.21908157,0.04377955,-0.12552084,0.24073975,0.2348922,-0.08152501,0.1879262,0.23944029,-0.0748421,-0.1947632,-0.29083005,-0.016552275,0.3425613,-0.12032302,-0.04087064,-0.4075025,-0.69403225,-0.13424574,-0.2682752,-0.32665786,-0.4477856,0.5074064,0.19433066,-0.3233164,-0.7231772,0.8202965,-0.02509155,0.7583868,0.27099848,-0.09405547,0.37801787,0.16926974,-0.23124075,0.021688819,-0.08189628,0.56736696,-0.60891795,0.08155655,0.53525186,-0.020172184,0.20686111,-0.5967588,0.011293182,-0.3427154,0.32316232,0.21326557,-0.32925677,0.41625896,0.40669867,0.017790455,-0.0086627295,0.63178277,0.07756537,-0.23820212,-0.039664004,-0.23476784,0.15608956,0.029764002,0.09585056,-0.24330711,0.05974428,0.12954356,-0.03279546,0.16769184,0.1874621,-0.55944586,0.0945511,0.0649421,-0.11883792,0.43881378,-0.65922546,0.26422277,0.05556746,0.13845411,0.33151594,-0.23643857,0.11794128,0.11989047,-0.03595128,-0.28312612,0.029671185,0.040066823,0.066984095,0.116827466,0.1741891,-0.2757935,0.5593846,-0.15522265,-0.35255414,-0.9416712,0.40595615,-0.004764365,0.23832648,-0.15874974,0.12332474,-0.014139002,-0.11094838,0.44475415,-0.75482816,-0.10937047,-0.7228987,-0.29918367,0.20639703,-0.21750367,-0.5754106,-0.56120944,0.52383524,0.65999955,0.011478819,0.11200092,0.069675826,0.1466221,0.07246037,-0.44100988,0.46155423,-0.5370767,-0.39905605,0.52532035,-0.46857688,0.61618936,-0.040035278,0.14355911,-0.1860383,0.39129087,0.40809095,0.109866105,0.12601647,0.3073832,-0.3427154,0.3557415,0.15469728,0.2373983,0.2732261,-0.09591183,0.15469728,-0.28628194,-0.30308205,-0.020543458,-0.097675376,-0.15633647,0.06475646,0.09520083,0.16500011,-0.2849825,-0.09795383,0.083598554,0.15033484,0.21772084,-0.60102844,-0.5396756,0.37087086,0.51371807,-0.12932637,0.2990296,-0.11707438,0.37885323,-0.30224666,0.32900986,0.059837095,0.74882656,0.28157976,-0.60529804,0.14216684,-0.09999583,-0.31848985,0.023452366,0.04275855,0.43779278,0.123139106,-0.37724376,-0.16728902,0.15887411,0.036261275,0.38822785,0.0046102726,-0.3922803,-0.09247756,0.076915644,0.28622067,-0.23383966,-0.022863913,0.10076992,-0.2794134,-0.2938002,-0.23439658,0.02475182,-0.38067806,0.04535746,0.5685736,-0.14324911,0.07793664,0.2108523,0.1450442,-0.08570183,-0.30066878,-0.124407016,0.24593757,-0.24748394,0.16073047,0.83459055,0.073295735,-0.21991694,0.15209839,-0.53429216,0.2705344,0.1930312,0.051019367,-0.63880545,-0.2738443,-0.21119203,-0.8091268,-0.060733736,0.10132683,0.031156275,0.15079893,-0.30456713,-0.0932201,0.103090376,-0.020172184,-0.1161462,0.12425292,0.24779394,0.43593642,-0.010797547,-0.31087875,0.1466221,-0.5682636,-0.13368884,0.32538995,0.36771503,0.13047174,0.31759322,-0.11661029,0.13288501,0.11775565,-0.58376426,0.19470192,-0.3237805,0.015841274,-0.08718692,-0.2851681,0.26245922,0.040809367,0.20621139,-0.09581901,0.06809792,0.18569857,0.35397795,-0.2834046,-0.30549532,-0.13823693,-0.24664858,0.7385237,-0.25880775,0.09074555,-0.32517275,-0.0860731,-0.04254137,0.3323513,-0.0004947282,-0.3361253,-0.0738211,0.19191739,-0.41901195,-0.16329783,-0.30716604,-0.26335585,-0.12468547,0.28919086,0.21521474,-0.074099556,0.07440955,0.18644111,0.2944815,-0.16691774,0.41356722,0.16797028,-0.35673094,0.06484928,-0.33528996,-0.23634575,-0.08282446,0.04118064,-0.46774152,0.06364264,-0.0819891,-0.5198125,-0.008848365,0.2969876,-0.013210821,-0.34457177,0.20695393,0.10726719,0.18959694,-0.11995174,0.19340247,0.40512076,0.21586448,0.10216219,-0.6064119,0.5951196,-0.074656464,-0.23755239,-0.35932985,-0.12886229,0.41198933,-0.007363274,-0.27997032,-0.11243347,0.3000506,-0.121715285,0.11218656,-0.09897483,-0.18399629,-0.13211092,0.10875228,-0.13619493,-0.30753732,-0.4559536,-0.6419613,-0.20061076,0.10606056,0.253363,-0.019058367,-0.028618641,-0.03363082,-0.29036593,-0.08143219,0.120540194,0.26932776,-0.12060147,-0.54784364,-0.013118003,0.46907252,-0.36833322,-0.35385358,0.18857592,-0.06880892,-0.08718692,0.18309966,-0.2268783,-0.07159346,0.033848003,0.5987395,0.0057240906,0.52764076,0.12675901,0.31053904,-0.048110463,0.10541083,-0.2217733,0.23795521,-0.007920183,0.07134655,0.1946091,0.048977368,0.12842974,0.038767368,-0.49948534,0.5360872,-0.25630167,0.32891703,0.08211346,0.27740294,0.2267242,0.15070611,0.11478547,0.36066085,-0.06945865,-0.111041196,-0.5890549,-0.16404039,-0.045975644,-0.32628658,0.27851677,-0.26660448,0.0025682722,0.3420044,-0.020543458,0.44326904,-0.3866184,0.09779974,-0.017666094,-0.27857804,-0.118652284,0.11302192,0.28157976,-0.6269247,-0.66748625,-0.081617825,0.13678338,0.050555278,0.16620675,0.035240278,0.12434574,0.32836014,-0.028433004,-0.07957583,-0.13081147,-0.5058898,-0.12728438,-0.08523774,-0.14816847,-0.25481656,0.18217148,0.08211346,-0.041241914,-0.16636084,-0.14315629,-0.0148815485,0.056310005,0.18096484,0.10828819,-0.28470403,0.41727996,-0.6584829,0.21902029,0.36325976,0.058352005,0.2608813,-0.35830885,-0.15865692,-0.22465067,0.19330966,-0.21861748,-0.5783808,0.46257523,0.48624387,-0.09024992,0.27963057,-0.1876162,0.22533193,0.17632394,0.030877821,-0.2013533,-0.30252513,-0.23161203,0.06884046,-0.28739578,0.16453601,0.28779858,0.37718248,-0.33334076,0.030135276,0.07078964,0.3160153,0.75847965,-0.023142368,0.4971964,-0.028618641,-0.2966776,-0.16561829,-0.22038102,0.30450585,0.006652273,-0.7151948,0.33114466,-0.10964892,-0.80262953,-0.037529185,-0.5237109,-0.20023948,-0.5142434,-0.22604294,-0.018594276,0.08796101,-0.06556028,0.23693421,-0.015067184,0.34033367,0.036818184,-0.42263186,-0.20144612,-0.3298137,0.2858494,-0.30670196,0.29828703,0.504065,0.2655222,0.14857128,0.30023623,-0.4845416,0.27025595,0.034033637,0.09789255,-0.2900875,0.1552542,-0.03223855,-0.41548488,0.15024202,-0.33185568,0.36103213,-0.25008285,-0.0462541,-0.23226175,0.1301933,0.022338547,-0.15327348,0.07097528,0.44475415,-0.31347767,0.013335182,0.092880376,-0.42226058,0.2486293,-0.0017013648,0.15711056,0.018254546,0.17632394,-0.22140202,0.2706272,0.31935677,-0.1814902,-0.03205291,-0.3014113,0.06828355,-0.14946793,-0.058784552,0.13910383,0.10104837,0.24779394,0.0782151,-0.20070358,0.12805846,0.32891703,-0.13108993,-0.31227103,-0.15383038,-0.3263794,0.545926,0.087125644,-0.2595503,0.1476431,0.3190783,-0.039199915,0.5129755,0.1353911,-0.40165496,0.26784268,0.56179786,-0.23207612,0.22431093,0.09510801,0.15980229,0.38200903,-0.30196822,0.104018554,0.077286914,-0.13684465,-0.24813366,-0.18928693,-0.2824764,-0.5922107,-0.08031838,0.03440491,-0.1339673,-0.2018174,-0.064446464,-0.05377237,-0.29602784,0.14040329,-0.12505674,0.029114274,0.07905046,0.08174219,-0.22669266,0.076544374,-0.10305883,0.031156275,-0.023699276,-0.26224202,-0.31189975,-0.028989913,-0.16329783,0.14393038,-0.0126539115,0.040438093,0.24872212,-0.0574851,0.53655136,-0.3472635,-0.11744565,0.15748183,0.15701774,-0.2568586,-0.06453928,0.13594802,0.2874273,-0.21676111,0.4495807,-0.08616592,0.13093583,-0.12347883,0.010550637,0.11478547,-0.032609824,0.06911892,-0.2773714,-0.46031606,-0.3044743,-0.49196705,0.16982666,0.16583547,-0.07372828,-0.14324911,0.018440183,0.30905396,0.023266729,0.07078964,0.21948439,0.00015499913,-0.045790005,0.14448729,-0.028247368,0.20713957,0.13975357,0.1419812,-0.08338138,0.8206678,-0.54589444,0.14077456,-0.14092866,0.18783338,0.30998212,-0.41502076,0.103183195,-0.67881006,0.1562752,-0.14362039,0.26125258,0.12759438,-0.40805942,0.1950732,-0.2560232,-0.47748742,0.19442348,-0.15327348,-0.37353104,-0.34197286,0.043037005,0.06327137,-0.023328004,-0.41455668,-0.69607425,0.05139064,0.070232734,-0.060269643,0.24278176,-0.6872565,0.6027307,0.31685066,0.2348922,-0.15271656,0.017697638,0.5528873,-0.2844256,0.0049815453,-0.054607734,-0.22771366,-0.21657547,-0.26660448,-0.14362039,-0.43525514,-0.21054229,0.58110404,-0.35524586,-0.30558813,0.06772664,-0.36452767,0.6058865,0.21159483,0.15219119,-0.20525166,0.07273883,-0.21184175,0.21985567,-0.5093241,-0.29704887,-0.015345639,0.39045548,-0.18362503,0.34590277,0.0055384543,0.12193247,-0.42105395,0.24593757,-0.2992765,-0.024441822,-0.38977423,-0.13071865,-0.39209467,0.22588885,0.021688819,0.22199048,0.038767368,-0.12682028,-0.11549647,-0.19132893,-0.2938002,-0.42123958,0.04619282,0.017512001,-0.013674911,0.0028467267,0.4660095,0.27786702,-0.034651823,-0.17406474,-0.3570094,0.26477966,0.13288501,0.4620183,0.042016003,-0.08616592,-0.08922892,-0.07539901,0.2864063,-0.021007549,-0.34438613,0.4828096,0.08062837,-0.13276066,0.12518111,-0.26140666,-0.54190326,-0.22353685,0.1945163,-0.18037638,-0.059063006,0.113300376,0.29438868,0.33754912,0.29178977,0.4460536,0.16759902,-0.17916974,0.21215175,0.07830792,-0.15327348,-0.12292192,0.021967275,-0.17007357,0.22254738,-0.13619493,0.16759902,0.21484348,-0.03873582,0.08926047,0.011386001,0.46508133,0.18254274,-0.07474928,0.07162501,-0.022307003,-0.21230584,-0.008013002,0.20259148,-0.047832005,0.01806891,-0.613002,-0.07716256,-0.05377237,0.027165093,0.17743775,-0.24330711,0.10457546,-0.06955146,-0.26020002,0.3532354,0.054175187,0.10819537,0.23359275,0.36028957,-0.117816925,-0.055628736,0.15562548,0.018254546,-0.17118739,0.06457082,0.12750156,-0.1054721,0.29837984,-0.21379094,0.35722658,-0.17573547,0.069675826,-0.026762277,-0.077348195,-0.028433004,-0.040128097,0.12480983,0.0017329084,-0.35422486,0.506107,-0.3033605,0.13761874,-0.17369348,0.017976092,-0.2442353,-0.4427734,0.021317547,-0.0029080012,0.35899013,-0.4140926,-0.008384274,-0.029825278,0.4980318,0.0904671,0.30589813,0.048791733,-0.00606382,0.48410904,-0.06593155,-0.20627266,0.5036009,0.048698913,0.3909196,-0.11206219,-0.07029401,-0.3002975,0.08545492,-0.06908737,0.38005987,0.017512001,0.05306137,0.0741311,0.21113075,-0.29751295,-0.14891101,-0.022771094,0.035333093,-0.05961992,-0.17035203,-0.03214573,0.14903538,-0.34717068,-0.11707438,-0.117352836,-0.13535956,0.1476431,0.099656105,-0.14603366,-0.10315165,0.34033367,1.1537923,0.17994384,0.06689128,-0.27532938,-0.48853278,0.31935677,1.1694785,0.19340247,0.6072788,0.5573426,0.38869196,-0.18232557,0.39648867,0.39054832,-0.4045323,-0.22576448,-0.1657111,-0.9589354,-0.45632488,-0.67045647,-0.18000512,-0.07196473,-0.09702565,-0.48853278,0.6481188,0.41468105,-0.37390232,-0.41325724,0.88972455,0.31146723,0.048977368,-0.76188236,-0.72605455,-0.5526702,-0.9909577,-0.20246711,0.82549435,-0.789635,-0.5923035,0.3808024,0.5776698,-0.48222116,-0.6782532,0.2515995,0.20249866,1.0668217,0.33346513,0.67754215,0.20667547,-0.4773946,1.1732842,0.43148115,-0.7346866,-0.4426806,0.10299756,0.32019213,-0.30911523,0.6536879,-0.43998888,-0.2023743,0.40047985,0.01964682,-0.17592111,-0.13703029,-0.12886229,0.016305365,-0.7513939,0.12239656,-0.83790046,0.22115512,0.35694814,-0.74099827,0.19117483,-0.097304106,-0.4330275,-0.5316932,0.58630186,-0.7789609,-0.10630747,0.14597239,-0.11076274,-0.34095186,0.68849474,-0.22595012,0.42646897,0.4450326,0.5906643,0.21874185,-0.021100366,-0.2845184,0.8888892,0.7448354,0.1797582,-0.121622466,0.30320638,0.23507784,0.40948322,-0.4560464,-0.021657277,0.746042,-0.026019732,-0.5412535,-0.4711758,-0.41019422,-0.4540044,0.1664852,-0.23996566,0.2073252,-0.8013301,0.061415005,-0.4152064,-0.47498134,-0.95763594,0.067541,0.28928366,0.6873809,-0.3416944,-0.38643277,-0.36629122,-0.55517626,0.48345932,-0.6075257,0.38924885,-0.3089296,-0.6193136,-0.31013623,0.25670448,0.5944699,
1,1,0,0,0,0,0,0,0,0,0,0,0,0,0,0,0,0,0,0,0,0,0,0,0,0,0,0,0,0,0,0,0,0,0,0,0,0,0,0,0,0,0,0,0,0,0,0,0,0,0,0,0,0,0,0,0,0,0,0,0,0,0,1,0,0,0,0,0,0,0,0,0,0,0,0,0,0,0,0,0,0,0,0,0,0,0,0,0,0,0,0,0,0,0,0,0,0,0,0,0,0,0,0,0,0,0,0,0,0,0,0,0,0,0,0,0,0,0,0,0,0,0,0,0,0,0,0,0,0,0,0,0,0,0,0,0,0,0,0,0,0,0,0,0,0,0,0,0,0,0,0,0,0,0,0,0,0,0,0,0,0,0,0,0,0,0,1,0,0,0,0,0,0,0,0,0,0,0,0,0,0,0,0,0,0,0,0,0,0,0,0,0,0,0,0,0,0,0,0,0,0,0,0,0,0,0,0,0,0,0,0,0,0,0,0,0,0,0,0,0,0,0,0,0,0,0,0,0,0,0,0,0,0,0,0,0,0,0,0,0,0,0,0,0,0,0,0,0,0,0,0,0,0,0,0,0,0,0,0,0,0,0,0,0,0,0,0,0,0,0,0,0,0,0,0,0,0,0,0,0,0,0,0,0,0,0,0,0,0,0,0,0,0,0,0,0,0,0,0,0,0,0,0,0,0,0,0,0,0,0,0,0,0,0,0,0,0,0,0,0,0,0,0,0,0,0,0,0,0,0,0,0,0,0,1,0,0,0,0,0,0,0,0,0,0,0,0,0,0,0,0,0,0,0,0,0,0,0,0,0,0,0,0,0,0,0,0,0,0,0,0,0,0,0,0,0,0,0,0,0,0,0,0,0,0,0,0,0,0,0,0,0,0,0,0,0,0,0,0,0,0,0,0,0,0,0,0,0,0,0,0,0,0,0,0,0,0,0,0,0,0,0,0,0,0,0,0,0,0,0,0,0,0,0,0,0,0,0,0,0,0,0,0,0,0,0,0,0,0,0,0,0,0,0,0,0,0,0,0,0,0,0,0,0,0,0,0,0,0,0,0,0,0,0,0,0,0,0,0,0,0,0,0,0,0,0,0,0,0,0,0,0,0,0,0,0,0,0,0,0,0,0,0,0,0,0,0,0,0,0,0,0,0,0,0,0,0,0,0,0,0,0,0,0,0,0,0,0,0,0,0,0,0,0,0,0,0,0,0,0,0,0,0,0,0,0,0,0,0,0,0,0,0,0,0,0,0,0,0,0,0,0,0,0,0,0,0,0,0,0,0,0,0,0,0,0,0,0,0,0,0,0,0,0,0,0,0,0,0,0,0,0,0,0,0,0,0,0,0,0,0,0,0,0,0,0,0,0,0,0,0,0,0,0,0,0,0,0,0,0,0,0,0,0,0,0,0,0,0,0,0,0,0,0,0,0,0,0,0,0,0,0,0,0,0,0,0,0,0,0,0,0,0,0,0,0,0,0,0,0,0,0,0,0,0,0,0,0,0,0,0,0,0,0,0,0,0,0,0,0,0,0,0,0,0,0,0,0,0,0,0,0,0,0,0,0,0,0,0,0,0,0,0,0,0,0,0,0,0,0,0,0,0,0,0,0,0,0,0,0,0,0,0,0,0,0,0,0,0,0,0,0,0,0,0,0,0,0,0,0,0,0,0,0,0,0,0,0,0,0,0,0,0,0,0,0,0,0,0,0,0,0,0,0,0,0,0,0,0,0,0,0,0,0,0,0,0,0,0,0,0,0,0,0,0,0,0,0,0,0,0,0,0,0,0,0,0,0,0,0,0,0,0,0,0,0,0,0,0,0,0,0,0,0,0,0,0,0,0,0,0,0,0,0,0,0,0,0,0,0,0,0,0,0,0,0,0,0,0,0,0,0,0,0,0,0,0,0,0,0,0,0,0,0,0,0,0,0,0,0,0,0,0,0,0,0,0,0,0,0,0,0,0,0,0,0,0,0,0,0,0,0,0,0,0,0,0,0,0,0,0,0,0,0,0,0,0,0,0,0,0,0,0,0,0,0,0,0,0,0,0,0,0,0,0,0,0,0,0,0,0,0,0,0,0,0,0,0,0,0,0,0,0,0,0,0,0,0,0,0,0,0,0,0,0,0,0,0,0,0,0,0,0,0,0,0,0,0,0,0,0,0,0,0,0,0,0,0,0,0,0,0,0,0,0,0,0,0,0,0,0,0,0,0,0,0,0,0,0,0,0,0,0,0,0,0,0,0,0,0,0,0,0,0,0,0,0,0,0,0,0,0,0,0,0,0,0,0,0,0,0,0,0,0,0,0,0,0,0,0,0,0,0,0,0,0,0,0,0,0,0,0,0,0,0,0,0,0,0,0,0,0,0,0,0,0,0,0,0,0,0,0,0,0,0,0,0,0,0,0,0,0,0,0,0,0,0,0,0,0,0,0,0,0,0,0,0,0,0,0,0,0,0,0,0,0,0,0,0,0,0,0,0,0,0,0,0,0,0,0,0,0,0,0,0,0,0,0,0,0,0,0,0,0,0,0,0,0,0,0,0,0,0,0,0,0,0,0,0,0,0,0,0,0,0,0,0,0,0,0,0,0,0,0,0,0,0,0,0,0,0,0,0,0,0,0,0,0,0,0,0,0,0,0,0,0,0,0,0,0,0,0,0,0,0,0,0,0,0,0,0,0,0,0,0,0,0,0,0,0,0,0,0,0,0,0,0,0,0,0,0,0,0,0,0,0,0,0,0,0,0,0,0,0,0,0,0,0,0,0,0,0,0,0,0,0,0,0,0,0,0,0,0,0,0,0,0,0,0,0,0,0,0,0,0,0,0,0,0,0,0,0,0,0,0,0,0,0,0,0,0,0,0,0,0,0,0,0,0,0,0,0,0,0,0,0,0,0,0,0,0,0,0,0,0,0,0,0,0,0,0,0,0,0,0,0,0,0,0,0,0,0,0,0,0,0,0,0,0,0,0,0,0,0,0,0,0,0,0,0,0,0,0,0,0,0,0,0,0,0,0,0,0,0,0,0,0,0,0,0,0,0,0,0,0,0,0,0,0,0,0,0,0,0,0,0,0,0,0,0,0,0,0,0,0,0,0,0,0,0,0,0,0,0,0,0,0,0,0,0,0,0,0,0,0,0,0,0,0,0,0,0,0,0,0,0,0,0,0,0,0,0,0,0,0,0,0,0,0,0,0,0,0,0,0,0,0,0,0,0,0,0,0,0,0,0,0,0,0,0,0,0,0,0,0,0,0,0,0,0,0,0,0,0,0,0,0,0,0,0,0,0,0,0,0,0,0,0,0,0,0,0,0,0,0,0,0,0,0,0,0,0,0,0,0,0,0,0,0,0,0,0,0,0,0,0,0,0,0,0,0,0,0,0,0,0,0,0,0,0,0,0,0,0,0,0,0,0,0,0,0,0,0,0,0,0,0,0,0,0,0,0,0,0,0,0,0,0,0,0,0,0,0,0,0,0,0,0,0,0,0,0,0,0,0,0,0,0,0,0,0,0,0,0,0,0,0,0,0,0,0,0,0,0,0,0,0,0,0,0,0,0,0,0,0,0,0,0,0,0,0,0,0,0,0,0,0,0,0,0,0,0,0,0,0,0,0,0,0,0,0,0,0,0,0,0,0,0,0,0,0,0,0,0,0,0,0,0,0,0,0,0,0,0,0,0,0,0,0,0,0,0,0,0,0,0,0,0,0,0,0,0,0,0,0,0,0,0,0,0,0,0,0,0,0,0,0,0,0,0,0,0,0,0,0,0,0,0,0,0,0,0,0,0,0,0,0,0,0,0,0,0,0,0,0,0,0,0,0,0,0,0,0,0,0,0,0,0,0,0,0,0,0,0,0,0,0,0,0,0,0,0,0,0,0,0,0,0,0,0,0,0,0,0,0,0,0,0,0,0,0,0,0,0,0,0,0,0,0,0,0,0,0,0,0,0,0,0,0,0,0,0,0,0,0,0,0,0,0,0,0,0,0,0,0,0,0,0,0,0,0,0,0,0,0,0,0,0,0,0,0,0,0,0,0,0,0,0,0,0,0,0,0,0,0,0,0,0,0,0,0,0,0,0,0,0,0,0,0,0,0,0,0,0,0,0,0,0,0,0,0,0,0,0,0,0,0,0,0,0,0,0,0,0,0,0,0,0,0,0,0,0,0,0,0,0,0,0,0,0,0,0,0,0,0,0,0,0,0,0,0,0,0,0,0,0,0,0,0,0,0,0,0,0,0,0,0,0,0,0,0,0,0,0,0,0,0,0,0,0,0,0,0,0,0,0,0,0,0,0,0,0,0,0,0,0,0,0,0,0,0,0,0,0,0,0,0,0,0,0,0,0,0,0,0,0,0,0,0,0,0,0,0,0,0,0,0,0,0,0,0,0,0,0,0,0,0,0,0,0,0,0,0,0,0,0,0,0,0,0,0,0,0,0,0,0,0,0,0,0,0,0,0,0,0,0,0,0,0,0,0,0,0,0,0,0,0,0,0,0,0,0,0,0,0,0,0,0,0,0,0,0,0,0,0,0,0,0,0,0,0,0,0,0,0,0,0,0,0,0,0,0,0,0,0,0,0,0,0,0,0,0,0,0,0,0,0,0,0,0,0,0,0,0,0,0,0,0,0,0,0,0,0,0,0,0,0,0,0,0,0,0,0,0,0,0,0,0,0,0,0,0,0,0,0,0,0,0,0,0,0,0,0,0,0,0,0,0,0,0,0,0,0,0,0,0,0,0,0,0,0,0,0,0,0,0,0,0,0,0,0,0,0,0,0,0,0,0,0,0,0,0,0,0,0,0,0,0,0,0,0,0,0,0,0,0,0,0,0,0,0,0,0,0,0,0,0,0,0,0,0,0,0,0,0,0,0,0,0,0,0,0,0,0,0,0,0,0,0,0,0,0,0,0,0,0,0,0,0,0,0,0,0,0,0,0,0,0,0,0,0,0,0,0,0,0,0,0,0,0,0,0,0,0,0,0,0,0,0,0,0,0,0,0,0,0,0,0,0,0,0,0,0,0,0,0,0,0,0,0,0,0,0,0,0,0,0,0,0,0,0,0,0,0,0,0,0,0,0,0,0,0,0,0,0,0,0,0,0,0,0,0,0,0,0,0,0,0,0,0,0,0,0,0,0,0,0,0,0,0,0,0,0,0,0,0,0,0,0,0,0,0,0,0,0,0,0,0,0,0,0,0,0,0,0,0,0,0,0,0,0,0,0,0,0,0,0,0,0,0,0,0,0,0,0,0,0,0,0,0,0,0,0,0,0,0,0,0,0,0,0,0,0,0,0,0,0,0,0,0,0,0,0,0,0,0,0,0,0,0,0,0,0,0,0,0,0,0,0,0,0,0,0,0,0,0,0,0,0,0,0,0,0,0,0,0,0,0,0,0,0,0,0,0,0,0,0,0,0,0,0,0,0,0,0,0,0,0,0,0,0,0,0,0,0,0,0,0,0,0,0,0,0,0,0,0,0,0,0,0,0,0,0,0,0,0,0,0,0,0,0,0,0,0,0,0,0,0,0,0,0,0,0,0,0,0,0,0,0,0,0,0,0,0,0,0,0,0,0,0,0,0,0,0,0,0,0,0,0,0,0,0,0,0,0,0,0,0,0,0,0,0,0,0,0,0,0,0,0,0,0,0,0,0,0,0,0,0,0,0,0,0,0,0,0,0,0,0,0,0,0,0,0,0,0,0,0,0,0,0,0,0,0,0,0,0,0,0,0,0,0,0,0,0,0,0,0,0,0,0,0,0,0,0,0,0,0,0,0,0,0,0,0,0,0,0,0,0,0,0,0,0,0,0,0,0,0,0,0,0,0,0,0,0,0,0,0,0,0,0,0,0,0,0,0,0,0,0,0,0,0,0,0,0,0,0,0,0,0,0,0,0,0,0,0,0,0,0,0,0,0,0,0,0,0,0,0,0,0,0,0,0,0,0,0,0,0,0,0,0,0,0,0,0,0,0,0,0,0,0,0,0,0,0,0,0,0,0,0,0,0,0,0,0,0,0,0,0,0,0,0,0,0,0,0,0,0,0,0,0,0,0,0,0,0,0,0,0,0,0,0,0,0,0,0,0,0,0,0,0,0,0,0,0,0,0,0,0,0,0,0,0,0,0,0,0,0,0,0,0,0,0,0,0,0,0,0,0,0,0,0,0,0,0,0,0,0,0,0,0,0,0,0,0,0,0,0,0,0,0,0,0,0,0,0,0,0,0,0,0,0,0,0,0,0,0,0,0,0,0,0,0,0,0,0,0,0,0,0,0,0,0,0,0,0,0,0,0,0,0,0,0,0,0,0,0,0,0,0,0,0,0,0,0,0,0,0,0,0,0,0,0,0,0,0,0,0,0,0,0,0,0,0,0,0,0,0,0,0,0,0,0,0,0,0,0,0,0,0,0,0,0,0,0,0,0,0,0,0,0,0,0,0,0,0,0,0,0,0,0,0,0,0,0,0,0,0,0,0,0,0,0,0,0,0,0,0,0,0,0,0,0,0,0,0,0,0,0,0,0,0,0,0,0,0,0,0,0,0,0,0,0,0,0,0,0,0,0,0,0,0,0,0,0,0,0,0,0,0,0,0,0,0,0,0,0,0,0,0,0,0,0,0,0,0,0,0,0,0,0,0,0,0,0,0,0,0,0,0,0,0,0,0,0,0,0,0,0,0,0,0,0,0,0,0,0,0,0,0,0,0,0,0,0,0,0,0,0,0,0,0,0,0,0,0,0,0,0,0,0,0,0,0,0,0,0,0,0,0,0,0,0,0,0,0,0,0,0,0,0,0,0,0,0,0,0,0,0,0,0,0,0,0,0,0,0,0,0,0,0,0,0,0,0,0,0,0,0,0,0,0,0,0,0,0,0,0,0,0,0,0,0,0,0,0,0,0,0,0,0,0,0,0,0,0,0,0,0,0,0,0,0,0,0,0,0,0,0,0,0,0,0,0,0,0,0,0,0,0,0,0,0,0,0,0,0,0,0,0,0,0,0,0,0,0,0,0,0,0,0,0,0,0,0,0,0,0,0,0,0,0,0,0,0,0,0,0,0,0,0,0,0,0,0,0,0,0,0,0,0,0,0,0,0,0,0,0,0,0,0,0,0,0,0,0,0,0,0,0,0,0,0,0,0,0,0,0,0,0,0,0,0,0,0,0,0,0,0,0,0,0,0,0,0,0,0,0,0,0,0,0,0,0,0,0,0,0,0,0,0,0,0,0,0,0,0,0,0,0,0,0,0,0,0,0,0,0,0,0,0,0,0,0,0,0,0,0,0,0,0,0,0,0,0,0,0,0,0,0,0,0,0,0,0,0,0,0,0,0,0,0,0,0,0,0,0,0,0,0,0,0,0,0,0,0,0,0,0,0,0,0,0,0,0,0,0,0,0,0,0,0,0,0,0,0,0,0,0,0,0,0,0,0,0,0,0,0,0,0,0,0,0,0,0,0,0,0,0,0,0,0,0,0,0,0,0,0,0,0,0,0,0,0,0,0,0,0,0,0,0,0,0,0,0,0,0,0,0,0,0,0,0,0,0,0,0,0,0,0,0,0,0,0,0,0,0,0,0,0,0,0,0,0,0,0,0,0,0,0,0,0,0,0,0,0,0,0,0,0,0,0,0,0,0,0,0,0,0,0,0,0,0,0,0,0,0,0,0,0,0,0,0,0,0,0,0,0,0,0,0,0,0,0,0,0,0,0,0,0,0,0,0,0,0,0,0,0,0,0,0,0,0,0,0,0,0,0,0,0,0,0,0,0,0,0,0,0,0,0,0,0,0,0,0,0,0,0,0,0,0,0,0,0,0,0,0,0,0,0,0,0,0,0,0,0,0,0,0,0,0,0,0,0,0,0,0,0,0,0,0,0,0,0,0,0,0,0,0,0,0,0,0,0,0,0,0,0,0,0,0,0,0,0,0,0,0,0,0,0,0,0,0,0,0,0,0,0,0,0,0,0,0,0,0,0,0,0,0,0,0,0,0,0,0,0,0,0,0,0,0,0,0,0,0,0,0,0,0,0,0,0,0,0,0,0,0,0,0,0,0,0,0,0,0,0,0,0,0,0,0,0,0,0,0,0,0,0,0,0,0,0,0,0,0,0,0,0,0,0,0,0,0,0,0,0,0,0,0,0,0,0,0,0,0,0,0,0,0,0,0,0,0,0,0,0,0,0,0,0,0,0,0,0,0,0,0,0,0,0,0,0,0,0,0,0,0,0,0,0,0,0,0,0,0,0,0,0,0,0,0,0,0,0,0,0,0,0,0,0,0,0,0,0,0,0,0,0,0,0,0,0,0,0,0,0,0,0,0,0,0,0,0,0,0,0,0,0,0,0,0,0,0,0,0,0,0,0,0,0,0,0,0,0,0,0,0,0,0,0,0,0,0,0,0,0,0,0,0,0,0,0,0,0,0,0,0,0,0,0,0,0,0,0,0,0,0,0,0,0,0,0,0,0,0,0,0,0,0,0,0,0,0,0,0,0,0,0,0,0,0,0,0,0,0,0,0,0,0,0,0,0,0,0,0,0,0,0,0,0,0,0,0,0,0,0,0,0,0,0,0,0,0,0,0,0,0,0,0,0,0,0,0,0,0,0,0,0,0,0,0,0,0,0,0,0,0,0,0,0,0,0,0,0,0,0,0,0,0,0,0,0,0,0,0,0,0,0,0,0,0,0,-0.47328553,-0.9588803,-1.3613378,0.3707929,0.6787667,0.7152635,0.5091981,-0.7820437,-0.4094947,-1.1979392,-1.4100176,0.019524919,0.33147264,-0.82816136,-0.7757169,0.035943218,-1.2979653,-0.23903717,-0.22559926,-0.51637053,0.37183863,-0.017965278,-0.19788684,-0.0036384803,0.0013811274,-0.056344364,-0.3815731,-0.37268424,0.046557598,-0.1058607,0.24185172,1.1181393,-0.45189992,-0.17848815,0.24519812,0.6134596,-0.40782148,0.12728962,0.50271446,-0.20834437,-0.33331168,0.7815641,0.8365707,0.96713275,0.3534334,-0.049599264,0.099786356,-0.11082802,-0.23778227,0.06836152,0.8553419,0.7832896,0.39494976,-0.21357313,0.10151184,-0.23328555,0.34119812,0.29434845,0.33560336,-0.2414424,0.044884395,0.011890931,0.11385172,-0.03067116,-0.020161357,-0.5121875,-0.5682921,-0.22188684,-0.098069854,-0.113808416,-0.42633128,0.02229616,-0.32865807,0.39170793,0.17570792,-0.4692071,0.14334191,-0.9155339,0.04153799,0.17006087,-0.1348803,-0.13069731,-0.47527248,0.12070139,-0.2730241,0.11965564,0.8632896,-0.53247505,-0.40933782,0.26726347,0.6612504,-0.27035743,0.24634844,-0.2047888,-0.43443587,-0.23318097,-0.40933782,-0.11433129,0.39233539,-0.33043587,0.9304269,0.25298896,0.04451838,0.8288844,-0.6992202,0.14344649,0.61471444,0.873172,0.19463603,0.48812622,0.8642831,1.3487798,0.28713277,0.4312896,-0.10052737,0.05711969,-1.0969719,-0.12891953,0.85110664,0.48127654,-0.084841095,0.08828309,0.193538,1.1426098,-1.3708019,-0.063560046,-0.116422795,-0.116422795,0.17382558,-0.41001758,1.153172,0.05298897,-0.6394555,-0.66397834,0.67468834,-1.3409979,0.37806088,0.1564661,0.086243875,-0.47710252,-0.06978227,-0.057808414,0.28598243,-1.7231156,0.6249628,0.0069236113,-0.17252737,-0.4840045,-0.94403064,-0.066279,0.6803354,0.70653147,0.1594465,0.47782558,-0.00970384,0.3847014,-0.410279,-0.17216136,0.03050531,0.2764138,-0.60823977,-0.6156123,-0.47281495,-0.16295874,0.29905432,-0.17587377,0.14945956,-0.7171548,0.5312112,0.8052504,0.35170794,-0.2731287,0.706636,-0.034017567,0.2844661,0.08216544,-0.2881875,0.09450531,0.22308047,-0.508998,-0.17550775,0.50616544,-0.27422673,-0.040082924,0.57466215,-0.10047508,-0.48405677,0.75379944,-0.19684109,0.20791708,-0.5181483,-0.38606986,-0.083533905,0.49183863,-1.0400306,-0.040919527,0.37131578,-0.095141746,0.18485825,-0.8493901,0.6595249,-0.03694567,-0.6869849,-0.55569077,0.00891054,-0.32081494,0.58653146,0.37696284,0.0764661,0.33858374,0.4449367,-0.49268425,-0.02094567,0.061564133,0.019734068,-0.064501226,-0.55914176,-0.51736397,0.62287134,0.09168178,-0.44708946,-0.40970385,-0.5005274,-0.83333784,-0.27867115,0.17858374,-0.4872986,0.4347929,-0.61843586,-0.09550776,-0.0035339051,0.6584269,0.88383865,0.40190402,0.41021773,-0.33885416,0.13450532,-0.3366058,0.11829616,-0.3378084,0.12854452,0.3033942,-0.1534424,0.6852504,-1.048083,-0.46638358,0.4671066,0.19745956,-0.004475082,-0.32484108,-0.11119404,-0.34021366,0.36598244,-0.19464502,-0.63982147,-0.5370241,0.23777328,-0.2414424,-0.58601755,-0.026279002,-0.46042278,0.8166491,-0.04322018,0.38475367,0.04389093,-0.66251427,-0.09592606,0.28598243,-0.98612213,-0.8571287,-0.5786973,0.13110662,-0.50486726,-0.7262006,0.056230802,-0.12844893,-0.2026973,-0.84353393,0.59547263,0.27709356,0.11019158,-3.0637257e-05,0.13319813,-0.14654045,-0.20803064,-0.5359784,0.700623,-0.27459273,0.345538,-1.0392987,-0.053207107,-0.8655993,0.64728963,-0.14434436,0.5327798,0.36723733,0.5952635,-0.34031823,0.3341393,-0.302828,-0.9306973,0.68676674,-0.59961236,0.22538112,-0.75924635,-0.78565156,-0.00055351306,0.7732504,-0.641913,-0.6612071,-0.15061887,-0.44212213,-0.66680187,0.56885827,-0.32787377,-0.18319404,-0.20238358,0.67123735,0.17142034,-0.40933782,-0.089651555,-0.30512866,-0.5811548,0.17847916,0.17398244,-0.024135213,-0.19244894,0.05947263,-0.12740318,0.052256946,-0.13221364,-0.3921875,0.1513942,0.1799955,0.7518648,-0.28839666,0.11615237,-0.5091548,0.33722427,0.40153798,0.4023746,-0.0797692,-0.9156908,0.65978634,-0.19856659,-0.36337703,-0.14240973,0.030557599,0.013145833,0.6574334,0.18783864,0.48660988,-0.020527368,0.23662296,0.9561524,-1.2033248,-0.11234436,-0.87208295,-0.08505025,-0.47281495,-0.22220057,0.8747406,0.26647916,-0.42157313,-0.8641352,0.21215236,0.87923735,0.1202308,-0.12672345,-0.0064097224,-1.2052594,0.32373407,-0.31772998,0.14287132,-0.41043586,-0.059533905,-1.0494424,-0.17085417,-0.07020057,0.67442685,-0.065442406,-0.00055351306,0.2571197,0.3333027,-0.35339013,0.042949755,-0.3025666,-0.94486725,-0.38737705,0.23374714,-0.45639664,0.17084518,-0.28729862,-0.67239666,0.34700203,-0.40625286,0.014819036,-0.35145548,0.33100206,0.45821774,0.57811314,-0.15908946,0.31406087,0.34789094,0.04153799,-0.13017443,-0.30894566,-0.1934424,0.6700347,-0.10878881,-0.13085416,0.2313942,0.1762308,0.46653146,0.79599553,-1.2748019,0.15782557,0.019943219,-0.08823979,-0.1265143,0.13100204,0.42951185,-0.9768149,0.43824387,0.43667525,0.7715249,-0.051743057,-0.090645015,-0.56891954,0.84033537,0.18820466,-0.809913,0.46574715,0.20148571,0.24640073,-0.08881495,-0.023037173,0.4141393,-0.023821486,0.12770793,-0.0025404412,0.0570674,0.57335496,-0.19668423,-0.35548162,-0.49393913,-0.07621364,-1.0801876,-0.11014828,0.5121262,0.065642565,-0.013416259,0.406453,0.21194322,0.021877859,0.0058255717,0.01821773,-0.36196527,-0.35961235,0.62527657,-0.6111679,0.0882308,0.84033537,0.047498774,-1.2791418,0.04368178,0.18872753,0.10036152,0.31087133,-0.8358476,0.21309355,-0.016344363,-0.18737704,-0.20280188,0.26569486,-0.046723448,0.03740727,0.17466217,-0.12567769,0.3867406,0.61063606,0.1311589,0.07202165,-0.42267117,-0.03825286,0.07196936,0.0015902778,0.028884396,0.21000858,-0.4127365,-0.5306973,-0.62748164,-0.29880187,0.20535499,-0.25388685,-0.20421365,0.013982435,-0.16128553,-0.4582267,0.092727534,0.22443995,-1.2234032,0.7261916,0.36671445,-0.16327247,-0.06047508,-0.42021364,0.050270017,-0.2679522,-0.1766058,0.27751184,0.39704126,0.04111969,1.0939301,-0.09153391,0.14616545,-0.2195339,0.24708048,-0.060788807,0.72681904,-0.4389326,0.020727532,0.5316295,-0.25383455,-0.22141626,-0.026906455,0.5311066,1.2844661,0.19918504,0.39202166,0.00028308824,-0.4392986,-0.8615731,-0.28844893,0.23740727,-0.1395862,0.086871326,-0.06329861,0.027263481,0.04195629,-0.00023978758,0.16535498,0.22658375,0.29257068,0.50229615,-0.23548162,0.78292364,0.25900203,0.112073936,0.22815236,-0.029520834,-0.6763705,0.6812243,-0.12499796,-0.066749595,-0.34774306,0.07416544,-0.7781744,-0.14063194,-0.72076267,-0.0014424019,0.81523734,0.05325041,-0.90010905,0.19793014,-0.0785143,0.30658373,0.45968178,-0.98105025,-0.3189326,0.35589093,0.30998245,-0.10204371,0.2048321,-0.38016135,-0.3643705,-0.10988685,0.075002044,-0.016344363,0.17251839,-0.07861887,-0.5276646,-0.44640973,-0.6011287,0.20723733,0.13267525,-0.5109849,0.58025694,0.89863604,0.12974714,-1.2934686,-0.18758619,-0.0030110294,-0.21498488,-0.22340319,0.37492362,-0.37320712,-0.7761352,0.5639432,-0.85095876,0.4797602,0.61711967,0.42355105,-0.13095874,-0.28672343,-0.09765155,-0.11903717,-0.60724634,0.46114585,0.3185576,0.6933027,0.065956295,-0.15145548,0.007185049,-0.6132071,-0.52959925,0.12404779,-0.27877572,0.15803473,0.13319813,0.18365563,0.9171981,-0.206096,0.1467406,-0.104239784,0.33393013,0.08849224,-0.66737705,0.052466094,-0.11396528,1.0129889,0.25325042,0.22883211,0.5619563,-0.69796526,0.31087133,0.667002,0.43202165,0.22914584,0.37680596,-0.33859274,0.41649222,0.8457733,-0.7496254,-0.04661887,0.5583485,-0.2452071,-0.14146854,-0.71621364,-0.3391156,-0.4208411,-0.101886846,-0.46408293,0.13785172,0.54407394,-0.6947234,-0.21895874,0.13643995,0.14480597,-0.55040973,-0.32128555,0.014766748,-0.0060959966,1.043891,-0.24850123,-0.29644895,-0.8001875,-0.45184764,-0.09592606,0.13351184,-0.5223836,0.41800857,-0.014305147,-0.6267496,-0.06047508,0.12091054,0.3837079,-0.23391299,-0.35966462,0.40514582,0.21345957,-0.246462,-0.5332071,0.3538517,1.0176426,-0.105442405,-0.6139391,0.0046229577,0.25983864,-0.01963848,-0.70826596,-0.90868425,-0.22821364,-0.84682804,-0.14674959,-1.1463313,-0.8344359,-0.085834555,0.43285826,-0.9126058,0.30328962,0.20352492,0.08075368,-0.5075862,-0.30000448,-0.57608294,0.3833419,0.17225695,0.62187785,-0.90857965,0.035995506,-0.34816137,0.17309354,0.7762308,0.11730269,0.41732883,-0.5048149,0.2991589,-0.41169077,0.018060867,-1.5122398,-0.206096,0.34015238,0.8720217,-0.13901103,-0.5998738,0.5063223,-0.2671156,0.20378636,0.29633537,-0.47506332,0.31411314,0.25858375,0.45314583,0.62501514,-0.8553509,-1.190828,-0.19877574,0.26438767,-0.9519783,0.79123735,7.393791e-05,0.13973407,-0.05080188,0.4170151,0.15019159,-1.0924228,-0.36761233,0.11641381,0.74198246,0.012256945,0.071080476,0.16164257,-0.1327888,-0.61054045,0.47531578,-0.4090241,0.6394465,0.221721,0.115890935,-0.21974306,0.32430923,-0.13650122,0.06145956,0.114322305,-0.34784764,-0.10732476,-0.0032724673,0.26517197,1.005721,0.36760336,0.29685825,0.702453,-0.534096,0.0558125,0.4401785,-0.079403184,0.08545956,0.16237459,-0.45435745,0.023237336,0.14491054,-0.3555862,0.5943746,-0.5864881,0.028936682,0.33173406,-1.1910372,-0.24097182,0.101145834,0.50543344,0.29094976,0.26867524,0.5855903,-0.29294568,-0.13969077,0.19583865,-0.07804371,0.33016545,0.60467523,-0.37796527,0.35965565,-0.099324755,0.19526348,-0.15725939,0.34532884,0.2343746,0.79458374,0.68300205,-0.37294567,0.654087,0.47447917,-0.18491952,-0.63997835,-0.22643587,0.30752492,-0.2313509,-0.05425286,-0.92379534,-0.2709849,0.19803472,-0.4882398,0.78810006,-0.36871037,-0.38915482,-0.14539011,-0.3551156,0.100832105,0.04153799,0.15589093,-0.94000447,-0.3871156,0.4705576,0.560806,-0.2781483,-0.5112986,-0.77477574,-0.23072344,-0.60756004,0.3792112,-0.43040973,0.35735497,0.19040073,0.2919955,0.78606087,-0.03956005,-0.6364228,-0.45733783,-0.3403705,-0.35908946,0.0646491,-0.5640045,0.108832106,0.6033158,0.05643995,-0.6245535,-0.099586196,0.4634465,0.13549878,0.08551185,-0.050697304,0.29518506,-0.099063314,-0.14089338,0.09513276,-0.27119404,0.64310664,-0.13890645,0.52179945,-0.10303717,-0.09122018,-0.49608293,-0.53519404,0.7109236,0.12551184,-0.5084228,-0.1441352,-0.18486723,0.41806087,0.02271446,0.31296283,-0.3560045,0.12049224,-0.16243586,-0.04583456,0.07505433,-0.7458607,0.48420465,0.24593015,-0.023978349,0.080178514,0.8569105,-0.78021365,0.041590277,-0.33885416,0.032858253,-0.019063316,0.16556413,-0.8714555,0.6204138,0.26579943,0.46145955,-0.03563848,0.36331576,-0.5003705,0.06877982,0.0038909314,-0.044422794,-1.0787758,0.3315772,-0.31940317,0.329172,-0.043690767,-0.16023979,-0.07433129,-0.19323325,0.20289747,0.46266216,-0.28342932,-0.37048817,0.3732504,-0.15982148,0.4427929,-0.0022790034,-0.5000568,0.2048844,-0.08128554,0.7597079,-0.11752083,0.5499824,-0.39035743,-0.011324755,-0.13801757,-0.99569076,0.08911969,-0.13545547,-0.57550776,-0.5128672,-0.6166058,-0.03542933,-0.11882802,0.3559955,0.19782557,-0.18356004,-0.6915862,0.24425694,0.064753674,0.045721,-0.032082926,0.153904,-0.42884108,0.026792891,-0.88578224,0.29356414,-0.10852737,0.6129367,0.0077602123,0.12932885,0.26569486,-0.43108946,-0.26152083,0.36817852,-0.29733783,0.5510282,0.7877341,0.108884394,0.8356295,0.03353799,0.7425576,0.46480596,-0.06439665,-0.32369077,0.41513276,0.18281904,-0.11715482,-0.33550775,0.29659683,0.24598244,0.19165564,0.54020464,0.44483212,0.06454453,0.35202166,-0.39663196,-0.25435743,0.024544526,-0.618645,0.24577329,0.4309236,-0.0081875,-0.039821487,0.050531454,-0.25838357,-0.14737704,-0.32217443,0.8747406,0.047864787,0.29136807,-0.35025287,0.80012625,-0.090017565,0.82930267,-0.21963848,-0.526462,-0.30831823,-0.46361235,-0.53477573,0.07735498,-0.31945547,-0.13838358,0.018374592,-0.3732594,-0.39820057,-0.07020057,0.73759025,1.200806,-0.0974424,0.90051836,0.13215236,0.15955107,0.45220464,-0.26068422,-0.6531025,0.2759955,-1.4314555,-1.0139915,-0.82575613,0.93638766,-1.4689456,-1.0217823,-1.1590894,-0.87197834,-0.8358999,0.79500204,1.4708713,-0.6481875,0.8432112,1.6675771,-1.0481352,0.77889746,-0.16698489,-0.2721875,0.2957602,-1.8560829,0.8185837,-0.51537704,0.051106617,0.72425693,0.69382554,0.034060866,-1.0049456,0.6088582,0.5514988,0.7527537,-0.36792606,-0.515011,-0.90497184,1.0578517,0.649538,-0.5926581,0.09283211,0.2596818,1.3222177,1.5735642,0.057485703,-0.70727247,0.5965184,0.36979944,0.03761642,0.26663604,-0.122906454,1.1554203,0.2288844,-0.3609718,-0.08400449,0.0747406,-1.0990633,-1.4162397,-0.11501103,-0.4149326,-0.22936398,1.038453,-0.39114174,-0.42905024,0.7073681,-0.38434437,0.51447916,1.040649,0.10376021,0.43881905,0.723002,-0.7779653,0.42998242,-0.31799144,-0.6253901,1.2718648,0.16812623,-1.6115862,-0.16123325,0.72807395,-0.088448934,0.064335376,-0.67286724,0.8507929,-0.15997835,0.7719432,0.7119171,-0.77163845,-0.9568934,-0.88112867,1.1371197,0.45675367,0.23364256,-1.5640045,-0.35396528,0.3042308,1.4738517,0.55207396,-0.3538084,0.61471444,0.3384269,-0.8081875,0.62747264,0.050113153,-0.13592607,0.15317197,0.8003877,0.25382558,-0.12165155,0.55207396,-0.32337704,-0.13974306,-0.1997692,-1.1887366,0.54491055,-0.6250241,0.21591708,1.0036818,-0.6065143,0.66219157,0.6485968,-0.8149326,-0.890279,0.70057064,0.33131576,1.1791589,-0.15903717,0.33309355,-0.30983457,-1.5590372,-0.50230515,0.5718386,
0,0,1,0,0,0,0,1,0,0,0,0,0,0,0,0,0,1,0,0,0,0,0,0,0,0,0,0,0,0,0,0,0,0,0,0,0,0,0,0,0,0,0,0,0,0,0,0,0,0,0,0,0,0,0,0,0,0,0,0,0,0,0,0,0,0,0,0,0,0,0,0,0,0,0,0,0,0,0,0,0,0,0,0,0,0,0,0,0,0,0,0,0,0,0,0,0,0,0,0,0,0,0,0,0,0,0,0,0,0,0,0,0,0,0,0,0,0,0,0,0,0,0,0,0,0,0,0,0,0,0,0,0,0,0,0,0,0,0,0,0,0,0,0,0,0,0,0,0,0,0,0,0,0,0,0,0,0,0,0,0,0,0,0,0,0,0,0,0,0,0,0,0,0,0,0,0,0,0,0,0,0,0,0,0,0,0,0,0,0,0,0,0,0,0,0,0,0,0,0,0,0,0,0,0,0,0,0,0,0,0,0,0,0,0,0,0,0,0,0,0,0,0,0,0,0,0,0,0,0,0,0,0,0,0,0,0,0,0,0,0,0,0,0,0,0,0,0,0,0,0,0,0,0,0,0,0,0,0,0,0,0,0,0,0,0,0,0,0,0,0,0,0,0,0,0,0,0,0,0,0,0,0,0,0,0,0,0,0,0,0,0,0,0,0,0,0,0,0,0,0,0,0,0,0,0,0,0,0,0,0,0,0,0,0,0,0,0,0,0,0,0,0,0,0,0,0,0,0,0,0,0,0,0,0,0,0,0,0,0,0,0,0,0,0,0,0,0,0,0,0,0,0,0,0,0,0,0,0,0,0,1,0,0,0,0,0,0,0,0,0,0,0,0,0,0,0,0,0,0,0,0,0,0,0,0,0,0,0,0,0,0,0,0,0,0,0,0,0,0,0,0,0,0,0,0,0,0,0,0,0,0,0,0,0,0,0,0,0,0,0,0,0,0,0,0,0,0,0,0,0,0,0,0,0,0,0,0,0,0,0,0,0,0,0,0,0,0,0,0,0,0,0,0,0,0,0,0,0,0,0,0,0,0,0,0,0,0,0,0,0,0,0,0,0,0,0,0,0,0,0,0,0,0,0,0,0,0,0,0,0,0,0,0,0,0,0,0,0,0,0,0,0,0,0,0,0,0,0,0,0,0,0,0,0,0,0,0,0,0,0,0,0,0,0,0,0,0,0,0,0,0,0,0,0,0,0,0,0,0,0,0,0,0,0,0,0,0,0,0,0,0,0,0,0,0,0,0,0,0,0,0,0,0,0,0,0,0,0,0,0,0,0,0,0,0,0,0,0,0,0,0,0,0,0,0,0,0,0,0,0,0,0,0,0,0,0,0,0,0,0,0,0,0,0,0,0,0,0,0,0,0,0,0,0,0,0,0,0,0,0,0,0,0,0,0,0,0,0,0,0,0,0,0,0,0,0,0,0,0,0,0,0,0,0,0,0,0,0,0,0,0,0,0,0,0,0,0,0,0,0,0,0,0,0,0,0,0,0,0,0,0,0,0,0,0,0,0,0,0,0,0,0,0,0,0,0,0,0,0,0,0,0,0,0,0,0,0,0,0,0,0,0,0,0,0,0,0,0,0,0,0,0,0,0,0,0,0,0,0,0,0,0,0,0,0,0,0,0,0,0,0,0,0,0,0,0,0,0,0,0,0,0,0,0,0,0,0,0,0,0,0,0,0,0,0,0,0,0,0,0,0,0,0,0,0,0,0,0,0,0,0,0,0,0,0,0,0,0,0,0,0,0,0,0,0,0,0,0,0,0,0,0,0,0,0,0,0,0,0,0,0,0,0,0,0,0,0,0,0,0,0,0,0,0,0,0,0,0,0,0,0,0,0,0,0,0,0,0,0,0,0,0,0,0,0,0,0,0,0,0,0,0,0,0,0,0,0,0,0,0,0,0,0,0,0,0,0,0,0,0,0,0,0,0,0,0,0,0,0,0,0,0,0,0,0,0,0,0,0,0,0,0,0,0,0,0,0,0,0,0,0,0,0,0,0,0,0,0,0,0,0,0,0,0,0,0,0,0,0,0,0,0,0,0,0,0,0,0,0,0,0,0,0,0,0,0,0,0,0,0,0,0,0,0,0,0,0,0,0,0,0,0,0,0,0,0,0,0,0,0,0,0,0,0,0,0,0,0,0,0,0,0,0,0,0,0,0,0,0,0,0,0,0,0,0,0,0,0,0,0,0,0,0,0,0,0,0,0,0,0,0,0,0,0,0,0,0,0,0,0,0,0,0,0,0,0,0,0,0,0,0,0,0,0,0,0,0,0,0,0,0,0,0,0,0,0,0,0,0,0,0,0,0,0,0,0,0,0,0,0,0,0,0,0,0,0,0,0,0,0,0,0,0,0,0,0,0,0,0,0,0,0,0,0,0,0,0,0,0,0,0,0,0,0,0,0,0,0,0,0,0,0,0,0,0,0,0,0,0,0,0,0,0,0,0,0,0,0,0,0,0,0,0,0,0,0,0,0,0,0,0,0,0,0,0,0,0,0,0,0,0,0,0,0,0,0,0,0,0,0,0,0,0,0,0,0,0,0,0,0,0,0,0,0,0,0,0,0,0,0,0,0,0,0,0,0,0,0,0,0,0,0,0,0,0,0,0,0,0,0,0,0,0,0,0,0,0,0,0,0,0,0,0,0,0,0,0,0,0,0,0,0,0,0,0,0,0,0,0,0,0,0,0,0,0,0,0,0,0,0,0,0,0,0,0,0,0,0,0,0,0,0,0,0,0,0,0,0,0,0,0,0,0,0,0,0,0,0,0,0,0,0,0,0,0,0,0,0,0,0,0,0,0,0,0,0,0,0,0,0,0,0,0,0,0,0,0,0,0,0,0,0,0,0,0,0,0,0,0,0,0,0,0,0,0,0,0,0,0,0,0,0,0,0,0,0,0,0,0,0,0,0,0,0,0,0,0,0,0,0,0,0,0,0,0,0,0,0,0,0,0,0,0,0,0,0,0,0,0,0,0,0,0,0,0,0,0,0,0,0,0,0,0,0,0,0,0,0,0,0,0,0,0,0,0,0,0,0,0,0,0,0,0,0,0,0,0,0,0,0,0,0,0,0,0,0,0,0,0,0,0,0,0,0,0,0,0,0,0,0,0,0,0,0,0,0,0,0,0,0,0,0,0,0,0,0,0,0,0,0,0,0,0,0,0,0,0,0,0,0,0,0,0,0,0,0,0,0,0,0,0,0,0,0,0,0,0,0,0,0,0,0,0,0,0,0,0,0,0,0,0,0,0,0,0,0,0,0,0,0,0,0,0,0,0,0,0,0,0,0,0,0,0,0,0,0,0,0,0,0,0,0,0,0,0,0,0,0,0,0,0,0,0,0,0,0,0,0,0,0,0,0,0,0,0,0,0,0,0,0,0,0,0,0,0,0,0,0,0,0,0,0,0,0,0,0,0,0,0,0,0,0,0,0,0,0,0,0,0,0,0,0,0,0,0,0,0,0,0,0,0,0,0,0,0,0,0,0,0,0,0,0,0,0,0,0,0,0,0,0,0,0,0,0,0,0,0,0,0,0,0,0,0,0,0,0,0,0,0,0,0,0,0,0,0,0,0,0,0,0,0,0,0,0,0,0,0,0,0,0,0,0,0,0,0,0,0,0,0,0,0,0,0,0,0,0,0,0,0,0,0,0,0,0,0,0,0,0,0,0,0,0,0,0,0,0,0,0,0,0,0,0,0,0,0,0,0,0,0,0,0,0,0,0,0,0,0,0,0,0,0,0,0,0,0,0,0,0,0,0,0,0,0,0,0,0,0,0,0,0,0,0,0,0,0,0,0,0,0,0,0,0,0,0,0,0,0,0,0,0,0,0,0,0,0,0,0,0,0,0,0,0,0,0,0,0,0,0,0,0,0,0,0,0,0,0,0,0,0,0,0,0,0,0,0,0,0,0,0,0,0,0,0,0,0,0,0,0,0,0,0,0,0,0,0,0,0,0,0,0,0,0,0,0,0,0,0,0,0,0,0,0,0,0,0,0,0,0,0,0,0,0,0,0,0,0,0,0,0,0,0,0,0,0,0,0,0,0,0,0,0,0,0,0,0,0,0,0,0,0,0,0,0,0,0,0,0,0,0,0,0,0,0,0,0,0,0,0,0,0,0,0,0,0,0,0,0,0,0,0,0,0,0,0,0,0,0,0,0,0,0,0,0,0,0,0,0,0,0,0,0,0,0,0,0,0,0,0,0,0,0,0,0,0,0,0,0,0,0,0,0,0,0,0,0,0,0,0,0,0,0,0,0,0,0,0,0,0,0,0,0,0,0,0,0,0,0,0,0,0,0,0,0,0,0,0,0,0,0,0,0,0,0,0,0,0,0,0,0,0,0,0,0,0,0,0,0,0,0,0,0,0,0,0,0,0,0,0,0,0,0,0,0,0,0,0,0,0,0,0,0,0,0,0,0,0,0,0,0,0,0,0,0,0,0,0,0,0,0,0,0,0,0,0,0,0,0,0,0,0,0,0,0,0,0,0,0,0,0,0,0,0,0,0,0,0,0,0,0,0,0,0,0,0,0,0,0,0,0,0,0,0,0,0,0,0,0,0,0,0,0,0,0,0,0,0,0,0,0,0,0,0,0,0,0,0,0,0,0,0,0,0,0,0,0,0,0,0,0,0,0,0,0,0,0,0,0,0,0,0,0,0,0,0,0,0,0,0,0,0,0,0,0,0,0,0,0,0,0,0,0,0,0,0,0,0,0,0,0,0,0,0,0,0,0,0,0,0,0,0,0,0,0,0,0,0,0,0,0,0,0,0,0,0,0,0,0,0,0,0,0,0,0,0,0,0,0,0,0,0,0,0,0,0,0,0,0,0,0,0,0,0,0,0,0,0,0,0,0,0,0,0,0,0,0,0,0,0,0,0,0,0,0,0,0,0,0,0,0,0,0,0,0,0,0,0,0,0,0,0,0,0,0,0,0,0,0,0,0,0,0,0,0,0,0,0,0,0,0,0,0,0,0,0,0,0,0,0,0,0,0,0,0,0,0,0,0,0,0,0,0,0,0,0,0,0,0,0,0,0,0,0,0,0,0,0,0,0,0,0,0,0,0,0,0,0,0,0,0,0,0,0,0,0,0,0,0,0,0,0,0,0,0,0,0,0,0,0,0,0,0,0,0,0,0,0,0,0,0,0,0,0,0,0,0,0,0,0,0,0,0,0,0,0,0,0,0,0,0,0,0,0,0,0,0,0,0,0,0,0,0,0,0,0,0,0,0,0,0,0,0,0,0,0,0,0,0,0,0,0,0,0,0,0,0,0,0,0,0,0,0,0,0,0,0,0,0,0,0,0,0,0,0,0,0,0,0,0,0,0,0,0,0,0,0,0,0,0,0,0,0,0,0,0,0,0,0,0,0,0,0,0,0,0,0,0,0,0,0,0,0,0,0,0,0,0,0,0,0,0,0,0,0,0,0,0,0,0,0,0,0,0,0,0,0,0,0,0,0,0,0,0,0,0,0,0,0,0,0,0,0,0,0,0,0,0,0,0,0,0,0,0,0,0,0,0,0,0,0,0,0,0,0,0,0,0,0,0,0,0,0,0,0,0,0,0,0,0,0,0,0,0,0,0,0,0,0,0,0,0,0,0,0,0,0,0,0,0,0,0,0,0,0,0,0,0,0,0,0,0,0,0,0,0,0,0,0,0,0,0,0,0,0,0,0,0,0,0,0,0,0,0,0,0,0,0,0,0,0,0,0,0,0,0,0,0,0,0,0,0,0,0,0,0,0,0,0,0,0,0,0,0,0,0,0,0,0,0,0,0,0,0,0,0,0,0,0,0,0,0,0,0,0,0,0,0,0,0,0,0,0,0,0,0,0,0,0,0,0,0,0,0,0,0,0,0,0,0,0,0,0,0,0,0,0,0,0,0,0,0,0,0,0,0,0,0,0,0,0,0,0,0,0,0,0,0,0,0,0,0,0,0,0,0,0,0,0,0,0,0,0,0,0,0,0,0,0,0,0,0,0,0,0,0,0,0,0,0,0,0,0,0,0,0,0,0,0,0,0,0,0,0,0,0,0,0,0,0,0,0,0,0,0,0,0,0,0,0,0,0,0,0,0,0,0,0,0,0,0,0,0,0,0,0,0,0,0,0,0,0,0,0,0,0,0,0,0,0,0,0,0,0,0,0,0,0,0,0,0,0,0,0,0,0,0,0,0,0,0,0,0,0,0,0,0,0,0,0,0,0,0,0,0,0,0,0,0,0,0,0,0,0,0,0,0,0,0,0,0,0,0,0,0,0,0,0,0,0,0,0,0,0,0,0,0,0,0,0,0,0,0,0,0,0,0,0,0,0,0,0,0,0,0,0,0,0,0,0,0,0,0,0,0,0,0,0,0,0,0,0,0,0,0,0,0,0,0,0,0,0,0,0,0,0,0,0,0,0,0,0,0,0,0,0,0,0,0,0,0,0,0,0,0,0,0,0,0,0,0,0,0,0,0,0,0,0,0,0,0,0,0,0,0,0,0,0,0,0,0,0,0,0,0,0,0,0,0,0,0,0,0,0,0,0,0,0,0,0,0,0,0,0,0,0,0,0,0,0,0,0,0,0,0,0,0,0,0,0,0,0,0,0,0,0,0,0,0,0,0,0,0,0,0,0,0,0,0,0,0,0,0,0,0,0,0,0,0,0,0,0,0,0,0,0,0,0,0,0,0,0,0,0,0,0,0,0,0,0,0,0,0,0,0,0,0,0,0,0,0,0,0,0,0,0,0,0,0,0,0,0,0,0,0,0,0,0,0,0,0,0,0,0,0,0,0,0,0,0,0,0,0,0,0,0,0,0,0,0,0,0,0,0,0,0,0,0,0,0,0,0,0,0,0,0,0,0,0,0,0,0,0,0,0,0,0,0,0,0,0,0,0,0,0,0,0,0,0,0,0,0,0,0,0,0,0,0,0,0,0,0,0,0,0,0,0,0,0,0,0,0,0,0,0,0,0,0,0,0,0,0,0,0,0,0,0,0,0,0,0,0,0,0,0,0,0,0,0,0,0,0,0,0,0,0,0,0,0,0,0,0,0,0,0,0,0,0,0,0,0,0,0,0,0,0,0,0,0,0,0,0,0,0,0,0,0,0,0,0,0,0,0,0,0,0,0,0,0,0,0,0,0,0,0,0,0,0,0,0,0,0,0,0,0,0,0,0,0,0,0,0,0,0,0,0,0,0,0,0,0,0,0,0,0,0,0,0,0,0,0,0,0,0,0,0,0,0,0,0,0,0,0,0,0,0,0,0,0,0,0,0,0,0,0,0,0,0,0,0,0,0,0,0,0,0,0,0,0,0,0,0,0,0,0,0,0,0,0,0,0,0,0,0,0,0,0,0,0,0,0,0,0,0,0,0,0,0,0,0,0,0,0,0,0,0,0,0,0,0,0,0,0,0,0,0,0,0,0,0,0,0,0,0,0,0,0,0,0,0,0,0,0,0,0,0,0,0,0,0,0,0,0,0,0,0,0,0,0,0,0,0,0,0,0,0,0,0,0,0,0,0,0,0,0,0,0,0,0,0,0,0,0,0,0,0,0,0,0,0,0,0,0,0,0,0,0,0,0,0,0,0,0,0,0,0,0,0,0,0,0,0,0,0,0,0,0,0,0,0,0,0,0,0,0,0,0,0,0,0,0,0,0,0,0,0,0,0,0,0,0,0,0,0,0,0,0,0,0,0,0,0,0,0,0,0,0,0,0,0,0,0,0,0,0,0,0,0,0,0,0,0,0,0,0,0,0,0,0,0,0,0,0,0,0,0,0,0,0,0,0,0,0,0,0,0,0,0,0,0,0,0,0,0,0,0,0,0,0,0,0,0,0,0,0,0,0,0,0,0,0,0,0,0,0,0,0,0,0,0,0,0,0,0,0,0,0,0,0,0,0,0,0,0,0,0,0,0,0,0,0,0,0,0,0,0,0,0,0,0,0,0,0,0,0,0,0,0,0,0,0,0,0,0,0,0,0,0,0,0,0,0,0,0,0,0,0,0,0,0,0,0,0,0,0,0,0,0,0,0,0,0,0,0,0,0,0,0,0,0,0,0,0,0,0,0,0,0,0,0,0,0,0,0,0,0,0,0,0,0,0,0,0,0,0,0,0,0,0,0,0,0,0,0,0,0,0,0,0,0,0,0,0,0,0,0,0,0,0,0,0,0,0,0,0,0,0,0,0,0,0,0,0,0,0,0,0,0,0,0,0,0,0,0,0,0,0,0,0,0,0,0,0,0,0,0,0,0,0,0,0,0,0,0,0,0,0,0,0,0,0,0,0,0,0,0,0,0,0,0,0,0,0,0,0,0,0,0,0,0,0,0,0,0,0,0,0,0,0,0,0,0,0,0,0,0,0,0,0,0,0,0,0,0,0,0,0,0,0,0,0,0,0,0,0,0,0,0,0,0,0,0,0,0,0,0,0,0,0,0,0,0,0,0,0,0,0,0,0,0,0,0,0,0,0,0,0,0,0,0,0,0,0,0,0,0,0,0,0,0,0,0,0,0,0,0,0,0,0,0,0,0,0,0,0,0,0,0,0,0,0,0,0,0,0,0,0,0,0,0,0,0,0,0,0,0,0,0,0,0,0,0,0,0,0,0,0,0,0,0,0,0,0,0,0,0,0,0,0,0,0,0,0,0,0,0,0,0,0,0,0,0,0,0.40897444,0.3114678,-0.66911805,0.96477205,-0.8734269,1.7448254,0.2540483,1.762545,-0.07342691,0.6850335,1.68392,-0.13752761,-0.89395463,-0.464325,0.7131139,1.7901412,0.35784882,-0.7384475,-0.022301273,-1.1076559,-0.972386,0.2805794,-1.5289582,0.047996476,0.2420415,0.49863797,-0.3459033,0.6054402,0.7705334,0.68890667,0.34196886,0.9888825,-0.46955377,-1.0745405,-0.31588635,-0.13888322,-0.410585,-0.45938674,-0.6513015,0.17919958,0.29771808,1.8504657,-0.26253366,0.91006374,0.11045109,0.8676527,-1.1963512,-1.0542064,0.99750024,-0.99407566,-0.13268617,0.12778345,-0.5743226,0.93940294,0.09176312,-0.92842567,0.7839926,0.01120151,0.0611652,-0.23174208,0.061843,0.0611652,-0.3042669,0.18103932,-0.8192027,0.58384734,-0.19155811,0.03976602,0.08808362,0.68116033,-0.7479367,0.58084565,0.28880984,0.6302284,0.41062054,-0.03275879,0.6126055,-1.2284015,-0.1646397,-0.28373918,-0.2818026,0.74487376,-0.5525361,0.27641574,0.21531674,-0.24616958,0.29500687,-1.0253514,-0.16376823,0.18559028,0.7224094,-0.08117322,0.90861136,0.3313177,0.25230536,0.023208288,1.1585267,1.2020028,-0.48766077,0.48285487,1.2195288,0.039572366,0.18849514,0.034537263,-1.6161042,0.20873238,-0.19862662,0.31398535,-0.9912676,-0.7164673,-0.6120858,0.009071275,0.02814656,0.5646753,0.11325912,0.7064327,0.8611652,0.6640217,-0.5090599,1.0346825,-0.31114176,1.2085872,0.9724215,0.9782313,-1.5299265,0.37711775,-0.40738964,0.024273405,0.5667086,-1.496811,-0.43392074,-0.069553755,1.3703882,-0.53491324,0.7089502,0.74661666,0.23749055,0.21163724,-0.6431679,0.15121603,-0.4619043,-0.5721924,1.1027532,0.08208023,-0.47129667,1.2724942,1.3122908,-1.195867,-1.0800596,0.80723155,-0.70213664,-0.55708706,0.21657552,-0.73438066,1.1008166,-0.5919454,0.07510856,0.12700883,0.69616884,-0.9724828,-0.7566513,-0.32566607,1.311032,-1.2751698,0.869783,0.28571132,0.019722449,-0.30078107,-1.2221076,-0.23435646,-0.37776,0.53078514,-0.330798,0.016333438,1.1811845,-0.40816426,0.82669413,-0.22748162,-1.0311611,-0.10683286,-0.7051384,-0.4958912,0.7001388,1.4257742,0.4538062,-1.321454,0.57067865,-0.41077864,-0.23455012,1.0538546,1.0058275,0.15905917,0.12817077,-0.04127973,0.73519087,0.7802163,0.24078272,-0.12929715,0.339645,0.7279287,-0.6969079,-1.1335092,-0.30000642,-0.18294035,-0.16686675,0.7902865,-0.049994327,0.34516424,0.6400081,-0.2113112,-0.5599919,-0.95379484,0.33780524,-0.7968353,0.48847094,1.0189962,1.0539515,1.3984685,0.5946922,0.11141937,-0.4102945,-0.6861599,0.48517877,-0.15824899,-0.9034439,0.022820972,-0.16551115,0.09166629,1.23018,-1.3930105,1.2566142,0.078594394,-0.10915676,0.2913274,-0.95708704,-0.15979825,-1.3735479,-0.32082462,-1.5616864,-0.26989266,1.4250964,-0.69371253,0.7570742,-0.6087937,-0.36033082,-0.5048963,-0.022204446,1.0885193,-0.2797692,-0.40312916,-0.88136685,0.202148,1.3271056,0.21725331,-0.6971016,-0.1854579,-0.39654478,0.072397344,-0.7479367,0.14124267,-0.18400547,-0.35810375,-0.20036954,-0.14246589,0.13853146,-0.926586,-1.3654144,0.3732446,1.0952005,0.2155104,-0.03372708,0.93717587,-0.33554262,1.0101848,-0.5758718,0.7809909,0.28106353,-1.2324682,0.64852905,-0.56657624,-0.07410471,0.4383136,0.21425162,-1.1582974,-0.2619527,-1.0191543,0.20863554,-0.4746857,-0.4867893,0.35223272,-0.17190185,-0.52358425,-0.9946566,0.20718311,-1.0033712,-0.13026544,-0.7944146,-0.4898878,-0.8449592,-0.18071328,1.303673,0.6114436,0.7262826,-0.17955133,0.07549587,0.08575973,0.062327147,0.21396114,-0.6496554,-0.9868135,-0.06539012,-1.4444267,0.3631744,0.25501657,-0.2939062,1.5824434,0.49999356,0.8538062,-0.15282658,0.5359171,-0.39770675,0.41430002,0.4276624,1.3043509,0.48508194,0.45157915,-0.8040006,1.1527169,0.1685484,0.8445106,1.5291874,0.27883646,0.23903981,0.1282676,-0.3968353,-0.12164768,1.1388704,-0.39373675,-0.25778905,0.21347699,-0.8616138,0.67370456,-0.0814637,-1.119469,-0.36546275,-0.62990236,0.68474305,0.4531284,-0.47671908,0.22712986,0.5322376,0.5420173,0.1330122,-0.07333008,0.70362467,0.034730922,-0.87759054,-0.26592267,-0.15205194,0.65530705,0.25540388,-0.76352614,0.7359655,0.99798435,0.4484806,0.75901073,-0.9880723,0.048867933,-0.23048331,-0.5823594,0.5381441,-0.11825867,1.4767063,0.06784639,-0.34716207,0.6244187,0.4078125,-0.3328314,0.025144866,-0.8803018,0.32734773,-1.0351311,0.9897539,-0.8786557,1.1598822,1.5226032,-0.96502703,-0.32324535,-1.0439426,1.3271056,0.41071737,1.2084903,-0.5498249,-0.41194057,1.1931913,0.18859197,-0.68093115,-0.4025482,0.47423708,0.26799163,0.8520633,0.2763189,0.46697494,0.28851935,-0.9253272,0.25337046,-1.152294,0.40732837,-0.30310497,1.0104753,-0.14401515,0.50173646,-1.027288,0.32124752,0.5145179,-0.5043153,0.634973,-0.38889533,0.5108384,0.24484953,1.1691778,0.5249754,-0.9164189,-1.2192996,-0.34629062,-0.2747341,-1.473088,-0.40622768,0.64891636,-0.59543127,-0.5417881,-1.2844654,0.4823707,0.09912211,-0.57693696,1.0625693,-0.98768497,-0.22883722,0.23739372,0.36588562,0.52972,0.07384978,-0.12377791,1.2479964,-0.43624464,-0.55708706,-0.78056806,1.2191415,-0.07090936,0.48140243,-0.95921725,-0.46480915,0.35029617,-0.7972226,1.0158978,-0.29865083,-1.1681739,0.6876479,-0.15418218,0.490698,-0.76468813,-0.48940367,0.8742371,0.17203423,-0.58700716,-0.53491324,-1.3173872,-0.48494953,0.7864133,0.9940144,1.2389914,0.08314535,1.0940386,-0.7606213,0.91635764,0.259858,0.5903349,0.14995725,-0.05987087,0.46261764,-0.26485756,0.53707904,0.0029710573,0.7208602,-0.30203983,-0.14372467,-0.7216961,0.5786186,-0.16822235,-0.17635599,0.46813688,-0.734187,-0.0160074,0.46106836,-0.5035407,-1.376356,-0.06926327,0.65501654,-0.66960216,0.379248,-0.43973047,-0.30939883,-0.95534414,0.68561447,0.9211023,-0.07303959,0.50212383,-0.7405777,-1.0519793,0.34516424,-0.8108755,0.523523,0.91364646,0.1396934,0.28077304,0.6659582,0.60234165,-0.28393283,0.40519813,-0.46142012,-0.5721924,-0.13539737,-0.012715218,-0.3184039,0.06658761,-0.00574354,-0.25643346,0.36036637,-0.60269344,-0.07778421,-1.7626063,0.19362707,0.75048983,-0.2133446,-0.824722,-0.17838939,-0.4025482,0.7401291,-0.30542883,1.3120004,-0.36952955,0.7149536,0.42621,-0.15311706,-0.6457823,-0.34493503,-1.4536254,-0.37756634,-0.37553293,0.103576235,-0.25904784,0.7615283,-0.34977645,1.0921988,0.5245881,-0.69022673,1.467798,-0.5817784,-0.42017105,-0.53036225,0.7288002,0.2500783,-0.6984572,0.41323492,0.5208118,-1.0509142,-1.1688517,0.062423974,-1.150067,-0.39567333,1.0184152,0.10260795,0.7038183,0.48517877,-0.25352857,0.7095312,-0.7380602,-0.97044945,0.9442444,-0.9914613,-0.46626157,0.3253143,0.54589045,-0.23028965,0.58084565,1.1224095,0.05942228,-0.43943998,0.7582361,0.92846125,-0.51428866,0.38244334,0.117229104,0.6518212,0.4882773,0.8082966,0.86097157,-1.4630178,0.4585508,0.2621819,-0.6035649,-0.0024513586,-0.90141046,-0.31181955,-0.07991444,0.20330995,0.36908096,-0.1499217,1.0120245,1.4716711,-0.019977381,0.42804974,-0.49172756,-1.3551505,-0.8344049,-0.15427901,-1.3394642,-1.4151844,-0.23203257,-0.2438457,0.41342857,-0.21692728,0.22712986,1.1844767,0.11287181,-0.13723713,0.07288149,-0.67763895,0.9568321,0.79716134,-0.06325988,-0.14140077,-0.29564914,0.7808941,-0.31240052,0.371889,0.7898023,0.36201245,1.1334479,-0.3317663,0.8601969,-0.31424028,-0.2502364,-0.9071233,0.2017607,-1.2723618,-1.1006843,-0.42055836,0.10735256,-0.085724175,-0.269118,-0.19862662,0.32250628,1.0088292,-0.72353584,-0.08272248,0.042283572,-0.48533687,-0.21160169,0.04664087,0.6921989,0.47656098,0.60892606,0.6803857,0.3137917,0.30488342,-0.34203017,-0.17015894,-0.22312433,-0.18768495,-0.66417974,-0.057353318,-0.906736,-0.93462276,-0.8473799,-0.5029597,0.72841287,0.52071494,-0.07255545,0.042186745,0.052934747,-0.1307496,-0.46655205,0.3336416,1.9027532,-0.32431048,-0.7492923,1.3343679,-0.25943515,0.14734288,0.26644236,-0.9861357,0.2044719,-0.5523424,0.12952638,-0.27492777,0.6163818,1.5978391,-0.67715484,-0.15515046,0.569904,-1.2341144,-0.53200835,0.80306786,0.5716469,0.9940144,0.026694126,-0.2539159,-1.1504543,0.08856776,-0.11419186,0.9041572,-0.18555473,0.6374906,-0.10170093,0.3715985,0.18413785,0.8163334,-0.23977888,-1.3409166,1.1423562,-0.0011925835,0.37682727,1.3515065,-0.37727585,0.39328817,0.8896329,0.28513035,-1.3526329,0.16593403,0.5296232,-0.20404904,0.33441624,-0.34948596,0.23071252,0.19750023,-0.40913254,-0.42356005,-0.50847894,-0.055997714,0.14298558,-0.31695148,-0.65837,-0.40119258,0.22509645,-0.51816183,0.78312117,-0.4667457,-0.5086726,-0.22903088,-0.5002485,-1.001822,1.1201824,0.09970308,0.13223758,-0.5002485,-0.14023882,-1.0936158,-0.05638503,-0.77233756,1.2852756,0.6625692,0.24998146,-0.64762205,0.30468976,-0.78657144,-0.33738238,0.9446317,0.30323735,-1.2702316,0.11906885,0.5498604,0.42911485,0.9775535,0.6640217,-0.60685706,-0.9459517,-0.89337367,0.44557574,0.8656193,-0.88136685,-0.27715483,-0.65304446,0.70130074,-1.0073413,0.9104511,0.057969846,0.38437992,-0.752294,-0.2200258,0.13339953,0.50435084,0.9918842,-0.7852158,0.01797953,1.065474,0.13543293,1.0372969,-0.07207131,-0.38473168,1.1593013,0.60524654,0.6247091,0.7641427,-0.7002001,0.14066169,0.14695556,0.21502624,-0.18768495,-0.111867964,-0.2398757,0.8744308,-1.4841264,0.22461231,-0.71123856,-0.644233,0.2118309,-0.18022914,-0.52145404,-0.42017105,-0.08921001,-0.85851526,0.28174132,-0.49230853,-0.24878396,-0.43866536,0.7235714,-0.3673993,-0.11932379,-0.71840394,0.299461,0.71640605,0.5209086,0.61657554,0.91800374,-0.13994834,0.90406036,0.58617127,-0.59010565,-0.582553,-0.60143465,-0.91254574,-1.454981,-0.68296456,0.70701367,0.31572825,-0.96425235,-1.1479367,-0.36875492,-0.77998704,0.5439539,-1.5269248,-0.21411924,0.23439202,-0.81726617,0.8202066,-0.04892921,0.29771808,-0.92058253,0.51761645,-0.67754215,0.22132012,0.9580909,-0.9706431,-0.57190186,-1.1193722,-0.44060192,-0.56057286,-0.46829498,1.0193835,0.7970645,-1.0347438,0.6062148,-0.7374792,1.2326975,-0.828111,-1.039682,0.58220124,-0.1599919,-0.8466053,-0.34474137,-0.9884596,1.2112015,0.52139276,0.5971129,-0.18710399,1.0735109,-1.3023788,-0.3216961,-0.890372,-0.9779053,0.2896813,0.05506498,0.44915843,0.9185847,-0.42936978,-1.390493,0.90493184,0.87995,-0.3663342,0.10125235,-0.17529087,1.1543629,-0.4357605,-0.3461938,0.018657332,0.1463746,0.35048983,1.324104,0.10183332,0.21037847,-0.3750488,-0.20724438,0.24262248,0.22703303,-0.55544096,-0.25081736,-1.2887259,0.18675223,0.9550892,-1.2337271,1.1546534,-0.71685463,0.083726324,0.1658372,-0.6553683,-1.1954796,-0.42665857,0.30962804,-0.908479,0.5717437,-0.05134993,0.52865493,0.0017122822,0.12884857,0.4504172,0.13824096,-0.11167431,0.002486913,0.22015817,-0.07991444,-0.22786893,-0.39092872,-0.33989993,-0.4082611,0.050223537,0.13872512,-0.5196143,0.03560238,-0.6469442,0.34961835,0.06949248,-0.16415554,-0.5860389,-0.5645429,-0.29235694,-0.082431994,-0.030725384,0.90502864,-0.77195024,-1.0050173,-1.068537,-0.5764528,-0.019396408,-0.37291855,-0.5191301,0.67709357,0.227614,-1.5196627,-0.73389655,0.58510613,0.081111945,0.28319377,-0.6404567,0.30778828,0.68183815,0.24717343,-0.5372371,-0.36120227,0.47046077,0.20330995,0.3880594,0.34923103,0.6914242,-0.22893405,-0.6234148,-0.69535863,-0.47400787,0.610088,1.1204729,0.6677011,0.7918357,0.07171954,0.620255,0.111322545,-1.3915582,-0.2596288,-0.14256272,-0.26650363,0.6608263,0.058163505,0.53756315,0.3369338,-1.1898636,0.057485703,-0.06054867,-0.71220684,-0.58526427,0.21221821,-0.7354458,-0.0032259894,1.058696,-1.048784,0.6096038,-0.5653175,-0.011069126,-0.82995075,0.70033246,-1.5755329,-0.93268615,0.78108776,0.7886404,-1.3893311,-0.7969321,-0.6815121,0.9847188,-1.599256,-1.6644218,1.4357476,-0.12997496,0.06532884,-1.1135625,-1.5396094,-0.50886625,1.5511676,-1.7651238,-1.6955038,-0.18942788,0.32299042,-1.2889196,-1.8671814,-0.96551114,-0.07555714,0.7729541,-0.8840781,-1.1107545,-1.0074381,-1.7524393,-0.9703526,-0.8600645,-0.29719839,-1.2037101,0.6367159,-0.12532717,-1.076477,-0.32731217,0.032988,-0.029757096,0.053999864,0.9656435,0.26431215,-0.7717566,0.31679338,-0.50751066,-0.22709431,-0.25546515,-0.16725408,0.14831117,-1.0108271,1.0679916,1.274334,0.18723637,0.06407007,0.84557575,1.3534431,1.1709207,-0.0009989258,0.29384494,0.6699282,0.21308967,1.3328185,-0.8793335,-0.71549904,-0.32837728,-0.6622432,-0.74570966,-0.61479706,1.4650868,0.32918748,0.37508434,0.10493184,-0.25633663,-0.32634386,0.06358592,-0.42559347,-0.5691906,-0.39615747,-0.78569996,0.7767304,-0.29264745,-0.16405872,-0.01745983,-1.0250609,-0.86655205,0.022820972,0.30255952,0.69616884,-0.3156927,-1.3670604,-0.7249883,0.9178101,-0.9243589,-0.82356006,1.3366917,-0.44873556,0.12361981,0.6674107,0.18055518,0.40374568,0.78244334,0.53378683,0.9423078,-0.30620348,-0.13636567,0.14317924,0.53407735,-0.16977163,-0.07817152,-0.013296191,0.585203,-0.22903088,0.67467284,0.86658764,-0.29342207,-0.352294,0.22780766,0.71127415,-0.46936008,-0.047767263,-0.5805196,-0.857547,0.67476964,1.1148568,0.2645058,-0.1804228,-0.77011055,1.0119277,-0.1378181,-0.33767286,-0.4448624,-0.03789072,0.22742034,
0,0,0,1,0,0,1,0,0,0,0,0,0,0,0,0,0,0,0,0,0,0,0,0,0,0,0,0,0,0,0,0,0,0,0,0,0,0,0,0,0,0,0,0,0,0,0,0,0,0,0,0,0,0,0,0,0,0,0,0,0,0,0,0,0,0,0,0,0,0,0,0,0,0,0,0,0,0,0,0,0,0,0,0,0,0,0,0,0,0,0,0,0,0,0,0,0,0,0,0,0,0,0,0,0,0,0,0,0,0,0,0,0,0,0,0,0,0,0,0,0,0,0,0,0,0,0,0,0,0,0,0,0,0,0,0,0,0,0,0,0,0,0,0,0,0,0,0,0,0,0,0,0,0,0,0,0,0,0,0,0,0,0,0,0,0,0,0,0,0,0,0,0,0,0,0,0,0,0,0,0,0,0,0,0,0,0,0,0,0,0,0,0,0,0,0,0,0,0,0,0,0,0,0,0,0,0,0,0,0,0,0,0,0,0,0,0,0,0,0,0,0,0,0,0,0,0,0,0,0,0,0,0,0,0,0,0,0,0,0,0,0,0,0,0,0,0,0,0,0,0,0,0,0,0,0,0,0,0,0,0,0,0,0,0,0,0,0,0,0,0,0,0,0,0,0,0,0,0,0,0,0,0,0,0,0,0,0,0,0,0,0,0,0,0,0,0,0,0,0,0,0,0,0,0,0,0,0,0,0,0,0,0,0,0,0,0,0,0,0,0,0,0,0,0,0,0,0,0,0,0,0,0,0,0,0,0,0,0,0,0,0,0,0,0,0,0,0,0,0,0,0,0,0,0,0,0,0,0,0,0,0,0,0,0,0,0,0,0,0,0,0,0,0,0,0,0,0,0,0,0,0,0,0,0,0,0,0,0,0,0,0,0,0,0,0,0,0,0,0,0,0,0,0,0,0,0,0,0,0,0,0,0,0,0,0,0,0,0,0,0,0,0,0,0,0,0,0,0,0,0,0,0,0,0,0,0,0,0,0,0,0,0,0,0,0,0,0,0,0,0,0,0,0,0,0,0,0,0,0,0,0,0,0,0,0,0,0,0,0,0,0,0,0,0,0,0,0,0,0,0,0,0,0,0,0,0,0,0,0,0,0,0,0,0,0,0,0,0,0,0,0,0,0,0,0,0,0,0,0,0,0,0,0,0,0,0,0,0,0,0,0,0,0,0,0,0,0,0,0,0,0,0,0,0,0,0,0,0,0,0,0,0,0,0,0,0,0,0,0,0,0,0,0,0,0,0,0,0,0,0,0,0,0,0,0,0,0,0,0,0,0,0,0,0,0,0,0,0,0,0,0,0,0,0,0,0,0,0,0,0,0,0,0,0,0,0,0,0,0,0,0,0,0,0,0,0,0,0,0,0,0,0,0,0,0,0,0,0,0,0,0,0,0,0,0,0,0,0,0,0,0,0,0,0,0,0,0,0,0,0,0,0,0,0,0,0,0,0,0,0,0,0,0,0,0,0,0,0,0,0,0,0,0,0,0,0,0,0,0,0,0,0,0,0,0,0,0,0,0,0,0,0,0,0,0,0,0,0,0,0,0,0,0,0,0,0,0,0,0,0,0,0,0,0,0,0,0,0,0,0,0,0,0,0,0,0,0,0,0,0,0,0,0,0,0,0,0,0,0,0,0,0,0,0,0,0,0,0,0,0,0,0,0,0,0,0,0,0,0,0,0,0,0,0,0,0,0,0,0,0,0,0,0,0,0,0,0,0,0,0,0,0,0,0,0,0,0,0,0,0,0,0,0,0,0,0,0,0,0,0,0,0,0,0,0,0,0,0,0,0,0,0,0,0,0,0,0,0,0,0,0,0,0,0,0,0,0,0,0,0,0,0,0,0,0,0,0,0,0,0,0,0,0,0,0,0,0,0,0,0,0,0,0,0,0,0,0,0,0,0,0,0,0,0,0,0,0,0,0,0,0,0,0,0,0,0,0,0,0,0,0,0,0,0,0,0,0,0,0,0,0,0,0,0,0,0,0,0,0,0,0,0,0,0,0,0,0,0,0,0,0,0,0,0,0,0,0,0,0,0,0,0,0,0,0,0,0,0,0,0,0,0,0,0,0,0,0,0,0,0,0,0,0,0,0,0,0,0,0,0,0,0,0,0,0,0,0,0,0,0,0,0,0,0,0,0,0,0,0,0,0,0,0,0,0,0,0,0,0,0,0,0,0,0,0,0,0,0,0,0,0,0,0,0,0,0,0,0,0,0,0,0,0,0,0,0,0,0,0,0,0,0,0,0,0,0,0,0,0,0,0,0,0,0,0,0,0,0,0,0,0,0,0,0,0,0,0,0,0,0,0,0,0,0,0,0,0,0,0,0,0,0,0,0,0,0,0,0,0,0,0,0,0,0,0,0,0,0,0,0,0,0,0,0,0,0,0,0,0,0,0,0,0,0,0,0,0,0,0,0,0,0,0,0,0,0,0,0,0,0,0,0,0,0,0,0,0,0,0,0,0,0,0,0,0,0,0,0,0,0,0,0,0,0,0,0,0,0,0,0,0,0,0,0,0,0,0,0,0,0,0,0,0,0,0,0,0,0,0,0,0,0,0,0,0,0,0,0,0,0,0,0,0,0,0,0,0,0,0,0,0,0,0,0,0,0,0,0,0,0,0,0,0,0,0,0,0,0,0,0,0,0,0,0,0,0,0,0,0,0,0,0,0,0,0,0,0,0,0,0,0,0,0,0,0,0,0,0,0,0,0,0,0,0,0,0,0,0,0,0,0,0,0,0,0,0,0,0,0,0,0,0,0,0,0,0,0,0,0,0,0,0,0,0,0,0,0,0,0,0,0,0,0,0,0,0,0,0,0,0,0,0,0,0,0,0,0,0,0,0,0,0,0,0,0,0,0,0,0,0,0,0,0,0,0,0,0,0,0,0,0,0,0,0,0,0,0,0,0,0,0,0,0,0,0,0,0,0,0,0,0,0,0,0,0,0,0,0,0,0,0,0,0,0,0,0,0,0,0,0,0,0,0,0,0,0,0,0,0,0,0,0,0,0,0,0,0,0,0,0,0,0,0,0,0,0,0,0,0,0,0,0,0,0,0,0,0,0,0,0,0,0,0,0,0,0,0,0,0,0,0,0,0,0,0,0,0,0,0,0,0,0,0,0,0,0,0,0,0,0,0,0,0,0,0,0,0,0,0,0,0,0,0,0,0,0,0,0,0,0,0,0,0,0,0,0,0,0,0,0,0,0,0,0,0,0,0,0,0,0,0,0,0,0,0,0,0,0,0,0,0,0,0,0,0,0,0,0,0,0,0,0,0,0,0,0,0,0,0,0,0,0,0,0,0,0,0,0,0,0,0,0,0,0,0,0,0,0,0,0,0,0,0,0,0,0,0,0,0,0,0,0,0,0,0,0,0,0,0,0,0,0,0,0,0,0,0,0,0,0,0,0,0,0,0,0,0,0,0,0,0,0,0,0,0,0,0,0,0,0,0,0,0,0,0,0,0,0,0,0,0,0,0,0,0,0,0,0,0,0,0,0,0,0,0,0,0,0,0,0,0,0,0,0,0,0,0,0,0,0,0,0,0,0,0,0,0,0,0,0,0,0,0,0,0,0,0,0,0,0,0,0,0,0,0,0,0,0,0,0,0,0,0,0,0,0,0,0,0,0,0,0,0,0,0,0,0,0,0,0,0,0,0,0,0,0,0,0,0,0,0,0,0,0,0,0,0,0,0,0,0,0,0,0,0,0,0,0,0,0,0,0,0,0,0,0,0,0,0,0,0,0,0,0,0,0,0,0,0,0,0,0,0,0,0,0,0,0,0,0,0,0,0,0,0,0,0,0,0,0,0,0,0,0,0,0,0,0,0,0,0,0,0,0,0,0,0,0,0,0,0,0,0,0,0,0,0,0,0,0,0,0,0,0,0,0,0,0,0,0,0,0,0,0,0,0,0,0,0,0,0,0,0,0,0,0,0,0,0,0,0,0,0,0,0,0,0,0,0,0,0,0,0,0,0,0,0,0,0,0,0,0,0,0,0,0,0,0,0,0,0,0,0,0,0,0,0,0,0,0,0,0,0,0,0,0,0,0,0,0,0,0,0,0,0,0,0,0,0,0,0,0,0,0,0,0,0,0,0,0,0,0,0,0,0,0,0,0,0,0,0,0,0,0,0,0,0,0,0,0,0,0,0,0,0,0,0,0,0,0,0,0,0,0,0,0,0,0,0,0,0,0,0,0,0,0,0,0,0,0,0,0,0,0,0,0,0,0,0,0,0,0,0,0,0,0,0,0,0,0,0,0,0,0,0,0,0,0,0,0,0,0,0,0,0,0,0,0,0,0,0,0,0,0,0,0,0,0,0,0,0,0,0,0,0,0,0,0,0,0,0,0,0,0,0,0,0,0,0,0,0,0,0,0,0,0,0,0,0,0,0,0,0,0,0,0,0,0,0,0,0,0,0,0,0,0,0,0,0,0,0,0,0,0,0,0,0,0,0,0,0,0,0,0,0,0,0,0,0,0,0,0,0,0,0,0,0,0,0,0,0,0,0,0,0,0,0,0,0,0,0,0,0,0,0,0,0,0,0,0,0,0,0,0,0,0,0,0,0,0,0,0,0,0,0,0,0,0,0,0,0,0,0,0,0,0,0,0,0,0,0,0,0,0,0,0,0,0,0,0,0,0,0,0,0,0,0,0,0,0,0,0,0,0,0,0,0,0,0,0,0,0,0,0,0,0,0,0,0,0,0,0,0,0,0,0,0,0,0,0,0,0,0,0,0,0,0,0,0,0,0,0,0,0,0,0,0,0,0,0,0,0,0,0,0,0,0,0,0,0,0,0,0,0,0,0,0,0,0,0,0,0,0,0,0,0,0,0,0,0,0,0,0,0,0,0,0,0,0,0,0,0,0,0,0,0,0,0,0,0,0,0,0,0,0,0,0,0,0,0,0,0,0,0,0,0,0,0,0,0,0,0,0,0,0,0,0,0,0,0,0,0,0,0,0,0,0,0,0,0,0,0,0,0,0,0,0,0,0,0,0,0,0,0,0,0,0,0,0,0,0,0,0,0,0,0,0,0,0,0,0,0,0,0,0,0,0,0,0,0,0,0,0,0,0,0,0,0,0,0,0,0,0,0,0,0,0,0,0,0,0,0,0,0,0,0,0,0,0,0,0,0,0,0,0,0,0,0,0,0,0,0,0,0,0,0,0,0,0,0,0,0,0,0,0,0,0,0,0,0,0,0,0,0,0,0,0,0,0,0,0,0,0,0,0,0,0,0,0,0,0,0,0,0,0,0,0,0,0,0,0,0,0,0,0,0,0,0,0,0,0,0,0,0,0,0,0,0,0,0,0,0,0,0,0,0,0,0,0,0,0,0,0,0,0,0,0,0,0,0,0,0,0,0,0,0,0,0,0,0,0,0,0,0,0,0,0,0,0,0,0,0,0,0,0,0,0,0,0,0,0,0,0,0,0,0,0,0,0,0,0,0,0,0,0,0,0,0,0,0,0,0,0,0,0,0,0,0,0,0,0,0,0,0,0,0,0,0,0,0,0,0,0,0,0,0,0,0,0,0,0,0,0,0,0,0,0,0,0,0,0,0,0,0,0,0,0,0,0,0,0,0,0,0,0,0,0,0,0,0,0,0,0,0,0,0,0,0,0,0,0,0,0,0,0,0,0,0,0,0,0,0,0,0,0,0,0,0,0,0,0,0,0,0,0,0,0,0,0,0,0,0,0,0,0,0,0,0,0,0,0,0,0,0,0,0,0,0,0,0,0,0,0,0,0,0,0,0,0,0,0,0,0,0,0,0,0,0,0,0,0,0,0,0,0,0,0,0,0,0,0,0,0,0,0,0,0,0,0,0,0,0,0,0,0,0,0,0,0,0,0,0,0,0,0,0,0,0,0,0,0,0,0,0,0,0,0,0,0,0,0,0,0,0,0,0,0,0,0,0,0,0,0,0,0,0,0,0,0,0,0,0,0,0,0,0,0,0,0,0,0,0,0,0,0,0,0,0,0,0,0,0,0,0,0,0,0,0,0,0,0,0,0,0,0,0,0,0,0,0,0,0,0,0,0,0,0,0,0,0,0,0,0,0,0,0,0,0,0,0,0,0,0,0,0,0,0,0,0,0,0,0,0,0,0,0,0,0,0,0,0,0,0,0,0,0,0,0,0,0,0,0,0,0,0,0,0,0,0,0,0,0,0,0,0,0,0,0,0,0,0,0,0,0,0,0,0,0,0,0,0,0,0,0,0,0,0,0,0,0,0,0,0,0,0,0,0,0,0,0,0,0,0,0,0,0,0,0,0,0,0,0,0,0,0,0,0,0,0,0,0,0,0,0,0,0,0,0,0,0,0,0,0,0,0,0,0,0,0,0,0,0,0,0,0,0,0,0,0,0,0,0,0,0,0,0,0,0,0,0,0,0,0,0,0,0,0,0,0,0,0,0,0,0,0,0,0,0,0,0,0,0,0,0,0,0,0,0,0,0,0,0,0,0,0,0,0,0,0,0,0,0,0,0,0,0,0,0,0,0,0,0,0,0,0,0,0,0,0,0,0,0,0,0,0,0,0,0,0,0,0,0,0,0,0,0,0,0,0,0,0,0,0,0,0,0,0,0,0,0,0,0,0,0,0,0,0,0,0,0,0,0,0,0,0,0,0,0,0,0,0,0,0,0,0,0,0,0,0,0,0,0,0,0,0,0,0,0,0,0,0,0,0,0,0,0,0,0,0,0,0,0,0,0,0,0,0,0,0,0,0,0,0,0,0,0,0,0,0,0,0,0,0,0,0,0,0,0,0,0,0,0,0,0,0,0,0,0,0,0,0,0,0,0,0,0,0,0,0,0,0,0,0,0,0,0,0,0,0,0,0,0,0,0,0,0,0,0,0,0,0,0,0,0,0,0,0,0,0,0,0,0,0,0,0,0,0,0,0,0,0,0,0,0,0,0,0,0,0,0,0,0,0,0,0,0,0,0,0,0,0,0,0,0,0,0,0,0,0,0,0,0,0,0,0,0,0,0,0,0,0,0,0,0,0,0,0,0,0,0,0,0,0,0,0,0,0,0,0,0,0,0,0,0,0,0,0,0,0,0,0,0,0,0,0,0,0,0,0,0,0,0,0,0,0,0,0,0,0,0,0,0,0,0,0,0,0,0,0,0,0,0,0,0,0,0,0,0,0,0,0,0,0,0,0,0,0,0,0,0,0,0,0,0,0,0,0,0,0,0,0,0,0,0,0,0,0,0,0,0,0,0,0,0,0,0,0,0,0,0,0,0,0,0,0,0,0,0,0,0,0,0,0,0,0,0,0,0,0,0,0,0,0,0,0,0,0,0,0,0,0,0,0,0,0,0,0,0,0,0,0,0,0,0,0,0,0,0,0,0,0,0,0,0,0,0,0,0,0,0,0,0,0,0,0,0,0,0,0,0,0,0,0,0,0,0,0,0,0,0,0,0,0,0,0,0,0,0,0,0,0,0,0,0,0,0,0,0,0,0,0,0,0,0,0,0,0,0,0,0,0,0,0,0,0,0,0,0,0,0,0,0,0,0,0,0,0,0,0,0,0,0,0,0,0,0,0,0,0,0,0,0,0,0,0,0,0,0,0,0,0,0,0,0,0,0,0,0,0,0,0,0,0,0,0,0,0,0,0,0,0,0,0,0,0,0,0,0,0,0,0,0,0,0,0,0,0,0,0,0,0,0,0,0,0,0,0,0,0,0,0,0,0,0,0,0,0,0,0,0,0,0,0,0,0,0,0,0,0,0,0,0,0,0,0,0,0,0,0,0,0,0,0,0,0,0,0,0,0,0,0,0,0,0,0,0,0,0,0,0,0,0,0,0,0,0,0,0,0,0,0,0,0,0,0,0,0,0,0,0,0,0,0,0,0,0,0,0,0,0,0,0,0,0,0,0,0,0,0,0,0,0,0,0,0,0,0,0,0,0,0,0,0,0,0,0,0,0,0,0,0,0,0,0,0,0,0,0,0,0,0,0,0,0,0,0,0,0,0,0,0,0,0,0,0,0,0,0,0,0,0,0,0,0,0,0,0,0,0,0,0,0,0,0,0,0,0,0,0,0,0,0,0,0,0,0,0,0,0,0,0,0,0,0,0,0,0,0,0,0,0,0,0,0,0,0,0,0,0,0,0,0,0,0,0,0,0,0,0,0,0,0,0,0,0,0,0,0,0,0,0,0,0,0,0,0,0,0,0,0,0,0,0,0,0,0,0,0,0,0,0,0,0,0,0,0,0,0,0,0,0,0,0,0,0,0,0,0,0,0,0,0,0,0,0,0,0,0,0,0,0,0,0,0,0,0,0,0,0,0,0,0,0,0,0,0,0,0,0,0,0,0,0,0,0,0,0,0,0,0,0,0,0,0,0,0,0,0,0,0,0,0,0,0,0,0,0,0,0,0,0,0,0,0,0,0,0,0,0,0,0,0,0,0,0,0,0,0,0,0,0,0,0,0,0,0,0,0,0,0,0,0,0,0,0,0,0,0,0,0,0,0,0,0,0,0,0,0,0,0,0,0,0,0,0,0,0,0,0,0,0,0,0,0,0,0,0,0,0,0,0,0,0,0,0,0,0,0,0,0,0,0,0,0,0,0,0,0,0,0,0,0,0,0,0,0,0,0,0,0,0,0,0,0,0,0,0,0,0,0,0,0,0,0,0,0,0,0,0,0,0,0.13627768,-0.17095694,1.5562236,-0.023560049,0.53593963,-0.57298535,-0.20990217,-0.0071300287,-0.40909082,0.3669741,-0.18076086,0.81775165,-0.6538508,-1.196109,0.5292459,-0.1875898,-0.21963848,-0.73999006,0.24344468,0.052978154,0.056020748,-0.20672435,-0.5758927,0.50199777,0.98347175,-0.35148433,0.28293082,0.54209244,-0.07271488,-0.8034113,-0.45351273,-0.09820508,0.6491242,-0.5322145,0.5301925,0.32086185,0.28414786,-0.28143698,0.33053055,-0.678462,-0.22464186,0.4150471,-0.030794667,-0.90577775,0.8006455,-0.4825864,-0.38792786,0.50348526,0.41836017,0.45602074,-0.32531798,0.16142981,0.042227644,0.18151094,0.38448593,-0.79976016,-0.4009096,-0.20368175,0.015790863,0.11619654,0.26819113,0.3465549,0.18367457,0.5200505,-0.103749365,-0.35182238,-0.118624285,0.11579087,0.024715813,0.1960478,-0.22410096,-0.1952301,-0.03816451,-0.564128,0.13756233,0.21355963,-0.62667024,-0.14140995,-0.5873194,-0.3723092,-0.6100374,-0.036136113,0.58299845,0.20091595,-0.20875275,0.5431066,-0.15310705,0.15892813,-0.21585214,-0.07616316,-0.017272016,0.2843507,-0.009564105,0.46737978,-0.2886716,0.15514177,-0.026399806,0.8806996,0.45446566,-0.42951003,0.07704847,0.48705524,0.41065225,-0.40118006,0.7733973,0.28759614,0.005851716,0.16028038,0.49314043,-0.6570286,-0.36886093,0.5394555,0.18374218,0.4139653,0.14121345,0.20618978,0.36305252,-0.068387635,-0.25831327,0.13309985,0.15480371,-0.0452639,0.21552041,-0.20929365,0.09327565,-0.15439169,-0.4395844,0.08563536,0.412275,-0.30645388,-0.028022524,0.36508092,-0.23721793,-0.2682524,-0.23018615,-0.15107864,-0.040125296,0.06690648,0.26426956,0.243039,0.06907011,0.0136272395,0.22099708,0.40057787,0.048515677,0.2639991,-0.44850934,-0.0019238084,-0.06723821,-0.15283659,0.008150566,0.35054407,-0.07426999,0.008150566,0.021064697,0.4766428,-0.4830597,0.31883347,-0.2803552,0.20355287,-0.12525038,0.28394502,0.37853596,0.41558802,0.22573002,0.27650756,0.29293758,0.29577735,0.14574353,-0.4645337,-0.17913814,-0.28076085,-0.14708947,-0.13376965,-0.38921252,-0.24621049,-0.19516249,0.043039005,0.31869823,-0.07264727,-0.5781916,-0.34756276,0.100442655,-0.23674463,0.1455407,0.10713637,0.28806943,0.2343845,-0.40023348,0.7846212,-0.37710974,-0.47163308,-0.14695424,-0.078326784,-0.42754924,-0.3524309,0.092531905,-0.32031462,-0.55121386,-0.20334369,-0.12295153,0.13215327,0.09645347,0.6597395,-0.41024023,-0.4136209,-0.01713679,-0.11152489,0.31727836,-0.31037545,-0.44722468,-0.12795492,-0.17095694,-0.11064592,0.19476314,0.08759614,0.16494569,-0.17886768,0.086379096,-0.2054397,0.2766428,-0.14384402,-0.271295,-0.4080766,-0.51706916,0.1006455,0.003485252,0.03364076,0.5758314,0.008961925,-0.012606702,-0.08001711,-0.30354652,-0.5890773,-0.8616939,0.013153947,0.042903777,0.008218179,0.17914449,0.33762994,-0.2094965,-0.014770326,0.3404021,0.37008432,0.65291053,0.11403292,-0.00090960955,0.48556775,0.49449268,-0.14357357,-0.089077294,-0.64255935,0.21403292,-0.50050396,-0.09725849,0.41991526,0.6326266,-0.29732612,-0.47656885,0.052031565,0.17860357,-0.05229568,-0.044655383,-0.3328907,0.10510797,-0.16946945,-0.5631138,-0.098272696,-0.06453368,0.16142981,-0.13748838,0.40362048,-0.04120711,-0.42863104,-0.31558168,0.4211323,-0.576366,-0.030997507,0.21011135,0.039725956,0.5914501,0.43134192,0.052234408,-0.22207256,-0.34911785,-0.0076033217,0.31923914,0.054262806,0.52769077,-0.24445255,-0.16142347,-0.16284335,0.15642643,0.20084834,-0.21193057,-0.026873099,-0.627414,0.09320804,-0.007400482,-0.3069948,-0.06040927,-0.36277574,0.017345969,-0.50476354,-0.4243038,-0.36122063,-0.37568986,-0.1844796,0.09888755,0.47745416,0.27434394,0.29016545,0.11301872,0.11403292,0.12133515,-0.16899616,0.23411405,0.12917829,-0.5731882,0.119847655,0.49922562,-0.149794,-0.27501374,-0.23431055,0.15500654,-0.059259847,-0.15608202,0.08218708,0.12742034,0.09077396,0.3159937,0.5596042,0.13661574,-0.3630462,0.3007807,-0.097934626,-0.1380969,0.08414786,0.2695434,-0.106453896,-0.21591975,-0.28779265,-0.5631138,0.33986118,0.4287726,-0.03207932,0.2644724,-0.30685958,-0.27758303,0.25034124,-0.012268635,-0.3819103,0.34547308,0.20206538,-0.37866485,-0.38535857,-0.31686634,-0.02295153,-0.20591299,-0.39157897,0.06041561,0.054330416,-0.15297182,-0.14769799,0.25480372,-0.04810366,-0.5148379,0.04587876,-0.11659589,-0.69786704,-0.59184945,0.50233585,0.3873933,-0.068725705,-0.3931341,-0.10063916,0.35189635,0.09699438,-0.23924632,0.037021425,0.0038909314,-0.054459304,0.2629173,-0.34080142,-0.27508134,-0.08136938,0.27637234,-0.10611583,-0.30868512,-0.06264051,0.12133515,0.060483225,-0.35466215,-0.29083523,-0.16351949,0.09909039,0.3276232,0.1873933,-0.21896234,-0.087657414,0.02153799,0.22559479,0.061497424,-0.07934098,-0.33316115,0.2633906,-0.009496492,-0.43079466,-0.09759656,0.33600724,0.1680559,-0.1421537,-0.13262023,0.16217355,-0.121937335,-0.23742077,0.22153799,0.34445888,0.0005102688,0.26048324,0.29949608,-0.028292976,-0.38630515,-0.022140171,-0.054662146,-0.53829974,0.15980709,-0.14749514,0.02525672,-0.024912314,0.1205914,0.23695381,0.32998964,0.03377599,0.3420248,-0.18346539,-0.12856343,-0.26500696,0.050138395,-0.45412123,0.041821964,-0.117204405,0.19185577,-0.025791286,0.37258598,0.11565564,0.48935407,0.46582466,0.07900926,0.042024806,-0.28109893,-0.183533,-0.063654706,-0.12558845,-0.040395748,-0.28576425,-0.07048365,0.060483225,0.106257394,0.49936083,0.10409377,0.39016545,-0.18522334,-0.40929365,-0.14566958,-0.20009825,0.33343792,0.05872528,-0.22998331,0.28867796,0.26582468,-0.120517455,-0.4370151,-0.31700155,-0.076906905,0.002471053,0.28928646,-0.40510163,0.08360696,0.03188282,-0.13924633,0.020388564,-0.15743428,0.08191662,-0.41429704,-0.3570286,0.0068659144,0.11552041,-0.028631043,-0.49550053,-0.27163306,0.08083481,0.1455407,-0.09293125,0.2950336,-0.06250528,-0.21443225,0.22201128,-0.23600088,-0.25729907,0.019712433,0.29679155,0.20598695,0.04270094,-0.31132206,-0.53836733,-0.21558169,0.006730688,0.36683887,-0.14147756,0.15919857,0.056899723,0.35608837,0.26656842,-0.09076762,0.23343793,0.006392622,0.10240344,0.36575705,-0.20523685,0.099022776,0.24581115,-0.56182915,0.1323561,0.5099085,0.49787337,-0.31287715,-0.48272166,-0.4819103,-0.20476356,-0.26798195,0.032220885,0.22343116,-0.23687986,-0.12781969,-0.271295,0.4644724,-0.011998183,-0.1289015,-0.18055803,-0.05790758,0.079279706,-0.30063915,0.19469553,-0.30726525,-0.20773855,-0.026332192,-0.47562227,0.17731893,0.11017896,-0.36081496,-0.09550055,0.18847512,-0.28907728,-0.478462,-0.057975195,-0.058989394,-0.3391111,-0.0033436867,0.09550689,-0.02795491,-0.16886093,-0.22193733,-0.285629,-0.2744052,0.45155826,-0.015852138,-0.15581156,0.29043588,-0.08948297,-0.2218021,0.21579087,-0.096176684,-0.41984132,0.49361372,-0.06656208,0.26170027,-0.21402659,-0.27420238,0.1435123,0.2557503,0.12681182,-0.17913814,0.19625063,-0.27034843,0.11761642,-0.08238358,-0.21307999,-0.024777088,0.2862439,-0.13485146,0.017819261,0.03519587,0.5910444,-0.032214545,-0.52795494,-0.18143699,-0.013756127,0.1067983,0.1460816,-0.10178858,-0.3722416,0.33472258,0.08191662,0.062173557,-0.34911785,0.041416287,-0.26595357,-0.25844848,-0.1844796,-0.09482442,-0.055067826,0.09550689,-0.3660212,0.03668336,0.2766428,-0.09894883,-0.076298386,-0.2203146,-0.06385755,0.12119992,-0.07034842,-0.17136262,-0.03498669,0.021808444,0.14905658,0.05500655,0.2975353,0.39510122,-0.14208607,-0.297867,0.18894841,-0.22247824,0.20639262,0.16778545,-0.02464186,0.10287673,-0.10381698,0.418563,0.31105793,-0.4508758,0.5781979,-0.07366147,-0.13877302,0.59280235,-0.37900293,-0.06987513,-0.022207784,0.030801006,0.2348578,0.3471634,0.17867118,0.5838774,0.056358814,-0.017001564,0.2144386,0.3195096,0.3888808,0.15304576,0.28766376,0.41579086,0.18056436,-0.18170744,0.13350554,-0.36061212,0.18313366,0.230801,0.24019925,0.028975448,0.2934785,-0.038908258,0.38313365,0.45203155,0.06251162,-0.0012476757,0.16345821,-0.1896182,-0.37731257,0.009029538,-0.06703537,-0.19962496,0.2757638,0.5619031,-0.03877303,-0.13133557,-0.13343158,0.24797477,0.011734068,-0.2084823,0.15243724,-0.37785348,0.1537895,0.16562183,0.37758937,-0.37372908,0.20564887,-0.14465538,-0.1299833,-0.3479008,0.2782655,-0.20557493,-0.030794667,0.005716489,-0.051078644,-0.393675,0.1445265,-0.099016435,0.2965887,-0.3370827,0.38374218,-0.03268784,-0.19759656,0.083066046,-0.21416181,-0.34796843,0.36061844,-0.3973261,-0.17575748,0.00842102,-0.40057155,0.25757584,0.17170702,-0.05161955,0.42573002,-0.23187648,0.11944198,-0.04972638,0.21707551,-0.405034,-0.065074585,-0.6756222,0.24033448,-0.20882036,0.042633325,0.15020601,-0.25520304,-0.0651422,0.08408025,0.007947726,-0.042626984,-0.22734639,0.21917152,-0.028631043,0.3074068,-0.16182914,0.019577205,-0.004290272,0.19401939,-0.18015234,0.28164616,0.006392622,0.010111351,-0.30996978,-0.10192381,-0.25709623,-0.08062563,-0.30016586,0.004499451,0.0032824122,-0.010105012,0.33654812,-0.25946268,0.14621682,0.22647376,-0.0052368576,-0.11855667,-0.48583186,0.051963955,0.16616273,-0.32849583,0.13147713,0.101051174,0.39996937,0.1205914,-0.27582508,0.007744887,0.07042237,0.43255895,-0.08928013,-0.20503402,-0.3441821,-0.24979399,-0.32646742,0.005716489,-0.023560049,-0.0625729,-0.43687987,0.040942993,-0.24546674,0.009502831,0.15710256,-0.3774478,-0.04391164,0.18455355,0.39591256,0.04297139,0.49611542,-0.16527742,0.2159261,-0.1646689,-0.110713534,-0.40070677,0.169611,0.11518235,0.19030067,-0.400842,0.07447917,0.06305253,-0.04810366,-0.16690014,0.07853596,0.08773136,0.043850362,-0.1090232,-0.54999685,-0.38610232,-0.25959793,0.09327565,-0.10625105,-0.13715032,0.40504035,0.21721074,0.023904454,0.010449417,0.17725131,0.10165969,0.18617626,-0.14823888,0.17542575,-0.053580333,-0.37785348,0.28502685,-0.11950325,-0.046142876,0.017210742,0.34459412,-0.07190353,0.03418167,-0.41382375,-0.19921927,-0.122410625,0.42633852,-0.19462158,0.11923914,0.15831959,0.14817761,0.3007807,-0.06500697,-0.17271489,-0.07460806,-0.2810313,0.16859682,0.07474962,0.20923238,-0.14310028,0.28550014,-0.16007121,-0.10429027,-0.12626457,-0.009902172,-0.07143023,-0.08880684,0.02985442,0.4455407,-0.536677,0.17353258,-0.095771,0.024174906,0.026879437,-0.08089609,0.41430336,-0.29948974,-0.11902996,-0.139652,-0.065074585,-0.2732558,-0.32518277,0.04939465,-0.21970609,0.12248457,-0.24161279,0.09226145,-0.069334224,-0.12869866,-0.095703386,0.10902954,-0.14337073,-0.23268783,0.06771784,0.006527848,0.30760965,-0.48028758,-0.06581833,0.20713636,-0.13471624,-0.08204551,0.2903683,-0.01612259,-0.09759656,0.034249283,-0.15222807,0.09226145,-0.23904349,-0.30395222,0.06744739,0.32539195,-0.09989541,0.059671864,0.1052432,-0.035527594,0.22593285,0.020794244,0.2823899,0.10314719,-0.051957615,0.14581114,-0.14844173,0.30869147,0.16244401,0.20416139,-0.18123415,0.23370838,-0.28218073,0.12140276,0.34986794,-0.013485675,-0.24715707,-0.08833355,0.08232231,0.38462114,0.0741411,-0.038975872,-0.11889473,0.34486458,-0.3401929,-0.27210635,-0.016460657,0.20842102,-0.012809542,0.19030067,-0.06182915,0.10774489,0.27589905,-0.17852962,-0.50882035,0.16677126,0.23418167,-0.36446607,0.037156653,0.059469026,0.09645347,-0.31010503,-0.3645337,-0.16406038,-0.08840116,-0.16257289,-0.31247148,0.049259424,-0.25121388,-0.52119356,0.08225469,-0.15439169,0.14344469,0.19489837,-0.11612259,-0.03586566,0.12424252,0.14087538,0.119712435,-0.31274194,-0.0087527465,-0.1737967,-0.01713679,0.16589229,-0.25324225,0.00510797,-0.11537885,0.15007079,-0.104222655,0.033843603,0.16088891,0.32600045,0.08867795,0.2915177,-0.0015857421,0.08847511,-0.06865809,0.0026062797,-0.14688662,0.20977329,-0.09529771,-0.06669731,-0.0406662,0.22295786,-0.41422942,0.037291877,-0.21835382,-0.0078737745,-0.04377641,-0.25662294,0.19956368,-0.03559521,-0.33687985,-0.27623078,-0.1524309,-0.01754247,-0.3100374,0.14391798,-0.24215369,0.040064022,-0.012877155,-0.024168568,-0.13458101,-0.3941483,0.06961101,0.17704847,0.16014516,-0.31990895,0.19172055,0.2052432,-0.08366823,0.17826551,0.17285645,0.19124725,1.0081506,0.3548037,0.41457382,0.7487185,0.036615744,0.013018721,-0.6182862,-1.2474952,-1.3607473,-1.3938103,0.83451974,1.2036881,0.61153126,1.0999694,-0.5492531,-1.6695371,0.6429714,0.46048322,-1.4785296,1.354398,1.2191715,0.057575855,-0.2385702,-0.7163254,-1.4243038,1.7571026,0.502133,-0.4876574,-0.33958438,0.20111878,0.56832635,0.13100384,-1.4032761,-0.15980075,0.24263333,-0.608888,0.63877934,1.6871904,0.18245754,0.6466225,0.8128159,-1.2015182,-0.12214017,-0.88846874,0.107542045,-1.1952977,0.343039,-0.99962497,-1.0913762,0.98097,-1.2397196,-1.0425594,-1.1372179,1.0547361,-1.1455344,0.70788014,0.90700114,0.7009836,-0.59009147,-1.4167311,0.8495975,0.042633325,-0.6037494,-1.0136886,0.4119369,-1.0973262,0.016061317,-0.5320117,-1.2723092,0.03918505,0.66609514,1.3651485,-1.0167987,-1.043844,1.0385089,-0.4147027,-0.23417532,-0.26067972,0.8602804,0.41727835,0.31220737,-0.48224837,0.8729917,-0.15554112,1.1883398,0.8439856,-0.8387054,0.2660275,0.63039535,-0.62403333,0.6701519,0.2526401,0.9144386,-0.534581,-0.5484417,0.34493217,-0.22335722,1.2992933,1.0700843,-1.2821808,1.1315447,-1.1830597,1.2530458,0.07982061,-0.70760334,-0.97731256,1.1568997,-1.0540537,0.14892136,1.1787388,1.1566293,-0.98143697,0.51464146,0.29063874,-1.0890096,-1.2038846,-0.039111096,0.88042915,-0.26845524,0.6482452,-0.39854315,-1.2289691,0.69726485,-0.042018466,1.0821195,-0.55980074,-0.7748785,-1.06379,
0,0,1,0,0,0,0,0,0,0,0,0,0,0,0,0,0,1,0,0,0,0,0,0,0,0,0,0,0,0,1,0,0,0,0,0,0,0,0,0,0,0,0,0,0,0,0,0,0,0,0,0,0,0,0,0,0,0,0,0,0,0,0,0,0,0,0,0,0,0,0,0,0,0,0,0,0,0,0,0,0,0,0,0,0,0,0,0,0,0,0,0,0,0,0,0,0,0,0,0,0,0,0,0,0,0,0,0,0,0,0,0,0,0,0,0,0,0,0,0,0,0,0,0,0,0,0,0,0,0,0,0,0,0,0,0,0,0,0,0,0,0,0,1,0,0,0,0,0,0,0,0,0,0,0,0,0,0,0,0,0,0,0,0,0,0,1,0,0,0,0,0,0,0,0,0,0,0,0,0,0,0,0,0,0,0,0,0,0,0,0,0,0,0,0,0,0,0,0,0,0,0,0,0,0,0,0,0,0,0,0,0,0,0,0,0,0,0,0,0,0,0,0,0,0,0,0,0,0,0,0,0,0,0,0,0,0,0,0,0,0,0,0,0,0,0,0,0,0,0,0,0,0,0,0,0,0,0,0,0,0,0,0,0,0,0,0,0,0,0,0,0,0,0,0,0,0,0,0,0,0,0,0,0,0,0,0,0,0,0,0,0,0,0,0,0,0,0,0,0,0,0,0,0,0,0,0,0,0,0,0,0,0,0,0,0,0,0,0,0,0,0,0,0,0,0,0,0,0,0,0,0,0,0,0,0,0,0,0,0,0,0,0,0,0,0,0,0,0,0,0,0,0,0,0,0,0,0,0,0,0,0,0,0,0,0,0,0,0,0,0,0,0,0,0,0,0,0,0,0,0,0,0,0,0,0,0,0,0,0,0,0,0,0,0,0,0,0,0,0,0,0,0,0,0,0,0,0,0,0,0,0,0,0,0,0,0,0,0,0,0,0,0,0,0,0,0,0,0,0,0,0,0,0,0,0,0,0,0,0,0,0,0,0,0,0,0,0,0,0,0,0,0,0,0,0,0,0,0,0,0,0,0,0,0,0,0,0,0,0,0,0,0,0,0,0,0,0,0,0,0,0,0,0,0,0,0,0,0,0,0,0,0,0,0,0,0,0,0,0,0,0,0,0,0,0,0,0,0,0,0,0,0,0,0,0,0,0,0,0,0,0,0,0,0,0,0,0,0,0,0,0,0,0,0,0,0,0,0,0,0,0,0,0,0,0,0,0,0,0,0,0,0,0,0,0,0,0,0,0,0,0,0,0,0,0,0,0,0,0,0,0,0,0,0,0,0,0,0,0,0,0,0,0,0,0,0,0,0,0,0,0,0,0,0,0,0,0,0,0,0,0,0,0,0,0,0,0,0,0,0,0,0,0,0,0,0,0,0,0,0,0,0,0,0,0,0,0,0,0,0,0,0,0,0,0,0,0,0,0,0,0,0,0,0,0,0,0,0,0,0,0,0,0,0,0,0,0,0,0,0,0,0,0,0,0,0,0,0,0,0,0,0,0,0,0,0,0,0,0,0,0,0,0,0,0,0,0,0,0,0,0,0,0,0,0,0,0,0,0,0,0,0,0,0,0,0,0,0,0,0,0,0,0,0,0,0,0,0,0,0,0,0,0,0,0,0,0,0,0,0,0,0,0,0,0,0,0,0,0,0,0,0,0,0,0,0,0,0,0,0,0,0,0,0,0,0,0,0,0,0,0,0,0,0,0,0,0,0,0,0,0,0,0,0,0,0,0,0,0,0,0,0,0,0,0,0,0,0,0,0,0,0,0,0,0,0,0,0,0,0,0,0,0,0,0,0,0,0,0,0,0,0,0,0,0,0,0,0,0,0,0,0,0,0,0,0,0,0,0,0,0,0,0,0,0,0,0,0,0,0,0,0,0,0,0,0,0,0,0,0,0,0,0,0,0,0,0,0,0,0,0,0,0,0,0,0,0,0,0,0,0,0,0,0,0,0,0,0,0,0,0,0,0,0,0,0,0,0,0,0,0,0,0,0,0,0,0,0,0,0,0,0,0,0,0,0,0,0,0,0,0,0,0,0,0,0,0,0,0,0,0,0,0,0,0,0,0,0,0,0,0,0,0,0,0,0,0,0,0,0,0,0,0,0,0,0,0,0,0,0,0,0,0,0,0,0,0,0,0,0,0,0,0,0,0,0,0,0,0,0,0,0,0,0,0,0,0,0,0,0,0,0,0,0,0,0,0,0,0,0,0,0,0,0,0,0,0,0,0,0,0,0,0,0,0,0,0,0,0,0,0,0,0,0,0,0,0,0,0,0,0,0,0,0,0,0,0,0,0,0,0,0,0,0,0,0,0,0,0,0,0,0,0,0,0,0,0,0,0,0,0,0,0,0,0,0,0,0,0,0,0,0,0,0,0,0,0,0,0,0,0,0,0,0,0,0,0,0,0,0,0,0,0,0,0,0,0,0,0,0,0,0,0,0,0,0,0,0,0,0,0,0,0,0,0,0,0,0,0,0,0,0,0,0,0,0,0,0,0,0,0,0,0,0,0,0,0,0,0,0,0,0,0,0,0,0,0,0,0,0,0,0,0,0,0,0,0,0,0,0,0,0,0,0,0,0,0,0,0,0,0,0,0,0,0,0,0,0,0,0,0,0,0,0,0,0,0,0,0,0,0,0,0,0,0,0,0,0,0,0,0,0,0,0,0,0,0,0,0,0,0,0,0,0,0,0,0,0,0,0,0,0,0,0,0,0,0,0,0,0,0,0,0,0,0,0,0,0,0,0,0,0,0,0,0,0,0,0,0,0,0,0,0,0,0,0,0,0,0,0,0,0,0,0,0,0,0,0,0,0,0,0,0,0,0,0,0,0,0,0,0,0,0,0,0,0,0,0,0,0,0,0,0,0,0,0,0,0,0,0,0,0,0,0,0,0,0,0,0,0,0,0,0,0,0,0,0,0,0,0,0,0,0,0,0,0,0,0,0,0,0,0,0,0,0,0,0,0,0,0,0,0,0,0,0,0,0,0,0,0,0,0,0,0,0,0,0,0,0,0,0,0,0,0,0,0,0,0,0,0,0,0,0,0,0,0,0,0,0,0,0,0,0,0,0,0,0,0,0,0,0,0,0,0,0,0,0,0,0,0,0,0,0,0,0,0,0,0,0,0,0,0,0,0,0,0,0,0,0,0,0,0,0,0,0,0,0,0,0,0,0,0,0,0,0,0,0,0,0,0,0,0,0,0,0,0,0,0,0,0,0,0,0,0,0,0,0,0,0,0,0,0,0,0,0,0,0,0,0,0,0,0,0,0,0,0,0,0,0,0,0,0,0,0,0,0,0,0,0,0,0,0,0,0,0,0,0,0,0,0,0,0,0,0,0,0,0,0,0,0,0,0,0,0,0,0,0,0,0,0,0,0,0,0,0,0,0,0,0,0,0,0,0,0,0,0,0,0,0,0,0,0,0,0,0,0,0,0,0,0,0,0,0,0,0,0,0,0,0,0,0,0,0,0,0,0,0,0,0,0,0,0,0,0,0,0,0,0,0,0,0,0,0,0,0,0,0,0,0,0,0,0,0,0,0,0,0,0,0,0,0,0,0,0,0,0,0,0,0,0,0,0,0,0,0,0,0,0,0,0,0,0,0,0,0,0,0,0,0,0,0,0,0,0,0,0,0,0,0,0,0,0,0,0,0,0,0,0,0,0,0,0,0,0,0,0,0,0,0,0,0,0,0,0,0,0,0,0,0,0,0,0,0,0,0,0,0,0,0,0,0,0,0,0,0,0,0,0,0,0,0,0,0,0,0,0,0,0,0,0,0,0,0,0,0,0,0,0,0,0,0,0,0,0,0,0,0,0,0,0,0,0,0,0,0,0,0,0,0,0,0,0,0,0,0,0,0,0,0,0,0,0,0,0,0,0,0,0,0,0,0,0,0,0,0,0,0,0,0,0,0,0,0,0,0,0,0,0,0,0,0,0,0,0,0,0,0,0,0,0,0,0,0,0,0,0,0,0,0,0,0,0,0,0,0,0,0,0,0,0,0,0,0,0,0,0,0,0,0,0,0,0,0,0,0,0,0,0,0,0,0,0,0,0,0,0,0,0,0,0,0,0,0,0,0,0,0,0,0,0,0,0,0,0,0,0,0,0,0,0,0,0,0,0,0,0,0,0,0,0,0,0,0,0,0,0,0,0,0,0,0,0,0,0,0,0,0,0,0,0,0,0,0,0,0,0,0,0,0,0,0,0,0,0,0,0,0,0,0,0,0,0,0,0,0,0,0,0,0,0,0,0,0,0,0,0,0,0,0,0,0,0,0,0,0,0,0,0,0,0,0,0,0,0,0,0,0,0,0,0,0,0,0,0,0,0,0,0,0,0,0,0,0,0,0,0,0,0,0,0,0,0,0,0,0,0,0,0,0,0,0,0,0,0,0,0,0,0,0,0,0,0,0,0,0,0,0,0,0,0,0,0,0,0,0,0,0,0,0,0,0,0,0,0,0,0,0,0,0,0,0,0,0,0,0,0,0,0,0,0,0,0,0,0,0,0,0,0,0,0,0,0,0,0,0,0,0,0,0,0,0,0,0,0,0,0,0,0,0,0,0,0,0,0,0,0,0,0,0,0,0,0,0,0,0,0,0,0,0,0,0,0,0,0,0,0,0,0,0,0,0,0,0,0,0,0,0,0,0,0,0,0,0,0,0,0,0,0,0,0,0,0,0,0,0,0,0,0,0,0,0,0,0,0,0,0,0,0,0,0,0,0,0,0,0,0,0,0,0,0,0,0,0,0,0,0,0,0,0,0,0,0,0,0,0,0,0,0,0,0,0,0,0,0,0,0,0,0,0,0,0,0,0,0,0,0,0,0,0,0,0,0,0,0,0,0,0,0,0,0,0,0,0,0,0,0,0,0,0,0,0,0,0,0,0,0,0,0,0,0,0,0,0,0,0,0,0,0,0,0,0,0,0,0,0,0,0,0,0,0,0,0,0,0,0,0,0,0,0,0,0,0,0,0,0,0,0,0,0,0,0,0,0,0,0,0,0,0,0,0,0,0,0,0,0,0,0,0,0,0,0,0,0,0,0,0,0,0,0,0,0,0,0,0,0,0,0,0,0,0,0,0,0,0,0,0,0,0,0,0,0,0,0,0,0,0,0,0,0,0,0,0,0,0,0,0,0,0,0,0,0,0,0,0,0,0,0,0,0,0,0,0,0,0,0,0,0,0,0,0,0,0,0,0,0,0,0,0,0,0,0,0,0,0,0,0,0,0,0,0,0,0,0,0,0,0,0,0,0,0,0,0,0,0,0,0,0,0,0,0,0,0,0,0,0,0,0,0,0,0,0,0,0,0,0,0,0,0,0,0,0,0,0,0,0,0,0,0,0,0,0,0,0,0,0,0,0,0,0,0,0,0,0,0,0,0,0,0,0,0,0,0,0,0,0,0,0,0,0,0,0,0,0,0,0,0,0,0,0,0,0,1,0,0,0,0,0,0,0,0,0,0,0,0,0,0,0,0,0,0,0,0,0,0,0,0,0,0,0,0,0,0,0,0,0,0,0,0,0,0,0,0,0,0,0,0,0,0,0,0,0,0,0,0,0,0,0,0,0,0,0,0,0,0,0,0,0,0,0,0,0,0,0,0,0,0,0,0,0,0,0,0,0,0,0,0,0,0,0,0,0,0,0,0,0,0,0,0,0,0,0,0,0,0,0,0,0,0,0,0,0,0,0,0,0,0,0,0,0,0,0,0,0,0,0,0,0,0,0,0,0,0,0,0,0,0,0,0,0,0,0,0,0,0,0,0,0,0,0,0,0,0,0,0,0,0,0,0,0,0,0,0,0,0,0,0,0,0,0,0,0,0,0,0,0,0,0,0,0,0,0,0,0,0,0,0,0,0,0,0,0,0,0,0,0,0,0,0,0,0,0,0,0,0,0,0,0,0,0,0,0,0,0,0,0,0,0,0,0,0,0,0,0,0,0,0,0,0,0,0,0,0,0,0,0,0,0,0,0,0,0,0,0,0,0,0,0,0,0,0,0,0,0,0,0,0,0,0,0,0,0,0,0,0,0,0,0,0,0,0,0,0,0,0,0,0,0,0,0,0,0,0,0,0,0,0,0,0,0,0,0,0,0,0,0,0,0,0,0,0,0,0,0,0,0,0,0,0,0,0,0,0,0,0,0,0,0,0,0,0,0,0,0,0,0,0,0,0,0,0,0,0,0,0,0,0,0,0,0,0,0,0,0,0,0,0,0,0,0,0,0,0,0,0,0,0,0,0,0,0,0,0,0,0,0,0,0,0,0,0,0,0,0,0,0,0,0,0,0,0,0,0,0,0,0,0,0,0,0,0,0,0,0,0,0,0,0,0,0,0,0,0,0,0,0,0,0,0,0,0,0,0,0,0,0,0,0,0,0,0,0,0,0,0,0,0,0,0,0,0,0,0,0,0,0,0,0,0,0,0,0,0,0,0,0,0,0,0,0,0,0,0,0,0,0,0,0,0,0,0,0,0,0,0,0,0,0,0,0,0,0,0,0,0,0,0,0,0,0,0,0,0,0,0,0,0,0,0,0,0,0,0,0,0,0,0,0,0,0,0,0,0,0,0,0,0,0,0,0,0,0,0,0,0,0,0,0,0,0,0,0,0,0,0,0,0,0,0,0,0,0,0,0,0,0,0,0,0,0,0,0,0,0,0,0,0,0,0,0,0,0,0,0,0,0,0,0,0,0,0,0,0,0,0,0,0,0,0,0,0,0,0,0,0,0,0,0,0,0,0,0,0,0,0,0,0,0,0,0,0,0,0,0,0,0,0,0,0,0,0,0,0,0,0,0,0,0,0,0,0,0,0,0,0,0,0,0,0,0,0,0,0,0,0,0,0,0,0,0,0,0,0,0,0,0,0,0,0,0,0,0,0,0,0,0,0,0,0,0,0,0,0,0,0,0,0,0,0,0,0,0,0,0,0,0,0,0,0,0,0,0,0,0,0,0,0,0,0,0,0,0,0,0,0,0,0,0,0,0,0,0,0,0,0,0,0,0,0,0,0,0,0,0,0,0,0,0,0,0,0,0,0,0,0,0,0,0,0,0,0,0,0,0,0,0,0,0,0,0,0,0,0,0,0,0,0,0,0,0,0,0,0,0,0,0,0,0,0,0,0,0,0,0,0,0,0,0,0,0,0,0,0,0,0,0,0,0,0,0,0,0,0,0,0,0,0,0,0,0,0,0,0,0,0,0,0,0,0,0,0,0,0,0,0,0,0,0,0,0,0,0,0,0,0,0,0,0,0,0,0,0,0,0,0,0,0,0,0,0,0,0,0,0,0,0,0,0,0,0,0,0,0,0,0,0,0,0,0,0,0,0,0,0,0,0,0,0,0,0,0,0,0,0,0,0,0,0,0,0,0,0,0,0,0,0,0,0,0,0,0,0,0,0,0,0,0,0,0,0,0,0,0,0,0,0,0,0,0,0,0,0,0,0,0,0,0,0,0,0,0,0,0,0,0,0,0,0,0,0,0,0,0,0,0,0,0,0,0,0,0,0,0,0,0,0,0,0,0,0,0,0,0,0,0,0,0,0,0,0,0,0,0,0,0,0,0,0,0,0,0,0,0,0,0,0,0,0,0,0,0,0,0,0,0,0,0,0,0,0,0,0,0,0,0,0,0,0,0,0,0,0,0,0,0,0,0,0,0,0,0,0,0,0,0,0,0,0,0,0,0,0,0,0,0,0,0,0,0,0,0,0,0,0,0,0,0,0,0,0,0,0,0,0,0,0,0,0,0,0,0,0,0,0,0,0,0,0,0,0,0,0,0,0,0,0,0,0,0,0,0,0,0,0,0,0,0,0,0,0,0,0,0,0,0,0,0,0,0,0,0,0,0,0,0,0,0,0,0,0,0,0,0,0,0,0,0,0,0,0,0,0,0,0,0,0,0,0,0,0,0,0,0,0,0,0,0,0,0,0,0,0,0,0,0,0,0,0,0,0,0,0,0,0,0,0,0,0,0,0,0,0,0,0,0,0,0,0,0,0,0,0,0,0,0,0,0,0,0,0,0,0,0,0,0,0,0,0,0,0,0,0,0,0,0,0,0,0,0,0,0,0,0,0,0,0,0,0,0,0,0,0,0,0,0,0,0,0,0,0,0,0,0,0,0,0,0,0,0,0,0,0,0,0,0,0,0,0,0,0,0,0,0,0,0,0,0,0,0,0,0,0,0,0,0,0,0,0,0,0,0,0,0,0,0,0,0,0,0,0,0,0,0,0,0,0,0,0,0,0,0,0,0,0,0,0,0,0,0,0,0,0,0,0,0,0,0,0,0,0,0,0,0,0,0,0,0,0,0,0,0,0,0,0,0,0,0,0,0,0,0,0,0,0,0,0,0,0,0,0,0,0,0,0,0,0,0,0,0,0,0,0,0,0,0,0,0,0,0,0,0,0,0,0,0,0,0,0,0,0,0,0,0,0,0,0,0,0,0,0,0,0,0,0,0,0,0,0,0,0,0,0,0,0,0,0,0,0,0,0,0,0,0,0,0,0,0,0,0,0,0,0,0,0,0,0,0,0,0,0,0,0,0,0,0,0,0,0,0,0,0,0,0,0,0,0,0,0,0,0,0,0,0,0,0,0,0,0,0,0,0,0,0,0,0,0,0,0,0,0,0,0,0,0,0,0,0,0,0,0,0,0,0.067263484,0.61183864,-0.6266973,1.446087,-0.6435862,0.13131577,-0.48212215,1.0856687,-0.21106331,0.6901131,0.45345956,1.3908191,0.32389092,0.6673158,-0.2986973,-0.042854168,-0.24552083,-0.120605804,-0.5821483,-0.052841093,0.19332884,-0.6561352,1.3091458,1.49827,-1.3491025,-0.3395339,-1.06356,0.49696282,0.4785576,0.55113274,-0.13315482,0.5283354,0.80305433,0.010165441,0.8333811,0.008701389,0.273538,0.112073936,1.1719432,-0.29006985,0.46658373,-1.433024,1.4124138,-0.13979535,-0.27197835,-0.014148285,0.8333811,-0.18486723,0.29037458,0.3409367,-0.26763847,-0.10235743,0.08650531,-1.0511678,0.22485825,-0.22439665,0.22872753,0.43118504,0.06611315,-0.71406984,-0.47124633,1.1711589,-0.6783574,-0.21352084,-0.5357692,0.43076676,0.28206086,0.08425695,0.18799551,0.19170792,0.48843995,-0.2721352,0.3087798,0.71834844,-0.71506333,0.80514586,0.016805964,-0.50068426,-0.3829326,-0.03783456,0.6263746,0.22726348,-0.531377,0.13643995,-0.03631822,0.23202164,-0.49801758,0.26438767,-0.73456657,0.5025576,-0.73174304,-0.8393509,1.0727013,-0.66423976,0.6549236,0.6215118,-0.03501103,0.18909355,0.1787406,-0.430462,0.8517864,-0.051533904,0.24660988,0.31087133,-0.8203182,0.21084517,-0.26146856,-0.2376254,1.2552897,-0.16295874,0.0022700164,0.35160336,-0.23203063,-0.10272345,0.21811315,-0.31192607,-0.36008292,1.173721,0.36430922,0.577538,0.2359955,-0.33796528,-0.023716912,-0.4262267,0.19798243,-0.6119522,-0.055194035,0.22114584,0.16467525,-0.120971814,0.61351186,-0.047246322,-0.063560046,-0.1008411,-0.76745546,0.21314584,-0.21064502,0.7239955,-0.19318096,-0.054618873,-0.31673652,-0.5138084,-0.6525274,-0.32871038,1.0505315,-0.3601352,0.29523733,0.06998243,-0.29864502,0.2954465,-0.4907496,0.0406491,-0.27072346,-0.3176777,0.3438125,0.1336687,0.1833942,-0.039873775,0.054348446,-0.16133782,-0.35757312,0.2587406,-0.45864502,0.2995772,0.5877864,-0.07673652,-0.62063193,0.54721117,-0.5967365,0.08849224,-0.35396528,0.22585171,0.28796935,-0.14905025,-0.37571692,-0.2638738,0.72389096,0.1581393,-0.20656659,-0.2508019,0.35395628,-0.12337704,-0.43830514,0.19311969,-0.00034436275,-0.061468545,-0.14240973,0.51667523,-0.32295874,0.16828309,0.49361643,0.00049223856,0.2823746,-0.11631822,0.24028309,0.19474061,-0.05012214,-0.3432986,-0.16139011,-0.52369076,-0.5179914,-0.35772997,0.3927537,0.32687134,0.10998243,0.30093667,0.29523733,0.3909759,0.6532504,-0.09179534,-0.70272344,-0.35067117,-0.03647508,-0.39281496,-0.07365155,-0.010540442,0.00891054,-0.31579533,0.3552112,0.0019040033,-0.0030110294,-0.07046201,-0.15359926,0.40519813,-0.1648411,0.12922427,-0.29775614,0.24122426,0.35991707,-0.25179535,-0.17221364,-0.36165154,0.27636153,-0.23124632,0.1632112,-0.10695874,-0.33927247,0.093354985,0.39651838,-0.2026973,0.3513419,0.76383865,-0.29257965,-0.2916385,-0.36850122,0.129904,0.039760213,0.027838644,-0.053311683,0.33131576,0.229721,-0.43234438,0.19698897,0.24974714,-0.15966463,-0.15956005,0.07102819,-0.29592606,0.1770674,-0.18606985,0.20138113,0.33277982,0.12634845,0.4730674,-8.292484e-05,-0.15804371,-0.46272343,0.017224265,0.07751185,-0.7934947,0.14260988,0.2504269,-0.5672463,-0.42973,0.06574714,-0.22152083,0.3704269,0.20284519,-0.30622673,0.11542034,0.0747406,0.013616421,-0.15129861,0.31949878,-0.6908542,0.37847915,0.16159028,0.15928963,-0.3121875,-0.017180964,-0.40358618,0.38820466,0.13701512,-0.11516789,-0.005311683,-0.0015469771,-0.1075339,0.6212504,0.14794321,0.23196936,-0.28290644,-0.37644893,0.44394323,-0.80494565,0.3122831,-0.11072345,0.5221654,-0.024082925,0.13659681,-0.51448816,-0.6078738,0.29267526,-0.06601757,-0.14570384,0.3859563,0.47526348,-0.22941625,0.43066218,0.18877982,-0.23804371,-0.6834293,0.20336805,-0.53561234,-0.13085416,-0.53257966,-0.102305144,0.1652504,-0.020422794,0.3602308,0.00075367646,0.44629616,0.030871324,0.27693668,0.12587786,-0.28463194,0.2979563,0.094662175,0.28927654,0.022400735,0.12713276,0.27913275,-0.061520834,0.86449224,-0.20421365,0.17152491,0.044204656,-0.18021365,0.108884394,-0.37148163,-0.20510253,-0.24468423,0.09685825,-0.11652737,0.26998243,0.15970792,-0.5401614,0.052047793,-0.008501225,0.10909355,-0.009024101,-0.1113509,0.26020464,-0.05404371,-0.22298488,0.48462296,-0.002697304,0.3955772,0.56718504,0.06517198,-0.09901103,0.37403473,-0.10957312,-0.6198999,0.04263603,-0.10622671,0.5449628,0.6123092,0.09602165,-0.48829207,0.2002308,-0.28996527,0.52629614,0.733721,-0.4763705,0.42857066,0.57189095,0.66030926,0.025851715,0.03657067,-0.02742933,0.62501514,0.056283087,-0.099063314,-0.06073652,-0.14606985,-0.01101103,0.33345956,-0.22972998,-0.37388685,0.83087134,0.14271446,0.18721119,0.3719955,0.4545576,-0.47239664,-0.10397835,-0.019063316,0.64153796,-0.4148803,0.5510282,0.31526348,0.6541393,0.04498897,-0.38905025,-0.23365155,0.083681785,0.06355106,-0.19244894,-0.47851428,-0.47187376,0.07751185,-0.21922018,-0.092841096,0.38904124,-0.03631822,0.3585053,-0.50172997,0.31876674,0.04587786,-0.08672345,0.3134857,0.34281904,-0.016082926,0.58553797,0.5793158,-0.43234438,0.125721,-0.15114175,0.68075365,-0.42089337,-0.15715481,-0.27961233,0.021302696,0.28472754,0.05968178,-0.8274816,-0.090906456,0.2781393,0.4220347,-0.33289337,-0.12389992,-0.101625405,-0.22120711,0.00974714,0.15207393,0.4410674,0.27332884,0.009642566,0.9054857,-0.5534947,0.25999552,-0.11014828,0.01670139,-0.52097183,-0.5541744,-0.086148284,0.25759026,0.4106883,0.24885826,0.041904002,0.38025695,0.30888438,0.47196937,0.257538,-0.21801756,-0.7559522,0.14857067,0.39113277,-0.20123325,-0.16844894,-0.75783455,-0.12400449,0.07881904,0.54705435,-0.12839665,0.1598125,-0.0038476307,-0.55443585,-0.43422672,-0.011377042,0.029616421,0.14198244,-0.081599265,-0.74476266,0.06904126,0.1686491,0.4153942,0.040439952,0.80378634,-0.53059274,-0.08980841,0.5587667,-0.44803065,0.30391708,-0.037677698,-0.10789992,0.2596818,-0.43328553,0.07191707,-0.11182149,0.3677602,-0.097390115,-0.30199143,-0.59631824,0.32540727,-0.42063195,0.099158905,0.28483212,0.08472753,0.42041382,0.47254452,0.38281903,-0.37801757,-0.0717692,-0.07595221,-0.25169078,0.28765565,-0.39610907,-0.6629849,-0.17336397,-0.035533905,-0.15365155,0.17398244,-0.5228019,-0.3795862,0.22203472,-0.07532475,0.37994322,0.069250405,-0.0313509,-0.4738084,-0.15255351,-0.18539011,-0.024448939,-0.17043586,-0.032082926,0.49215236,0.06496283,-0.71736395,-0.38350776,-0.13817443,-0.5121875,-0.12280188,-0.25780842,0.12708047,0.85560334,-0.11495874,-0.3303313,0.16498896,-0.53331167,0.15620466,0.18203472,0.12294976,0.45094976,-0.37372997,-0.21901102,0.06574714,-0.42606986,-0.45169076,0.14130269,0.43060988,0.47510663,-0.42722017,-0.35783455,-0.18277574,-0.20405678,-0.07150776,-0.5298607,-0.17759927,0.65806085,0.24734192,-0.17430514,-0.49372998,0.059211195,-0.08165155,0.21382557,-0.38565156,-0.11840972,0.37492362,-0.4969195,-0.23699796,0.084047794,-0.15908946,-0.28844893,-0.22617443,-0.27485415,0.23327655,-0.3201875,-0.32285416,0.2768321,0.115211196,-0.24525939,-0.003952206,-0.24264501,0.0021131537,-0.11788685,-0.29231822,-0.039926063,0.16159028,0.067577206,0.39040074,0.30281904,-0.8573901,0.20828308,0.11453146,0.36744648,0.22951184,0.45345956,-0.5072202,-0.4225666,0.07850531,0.3527014,-0.41482803,-0.40264502,0.35421774,-0.11757312,0.11092361,-0.5965274,0.3601785,-0.20562541,-0.0064097224,-0.601913,0.14961642,0.29764256,0.046034724,0.05000858,0.22501512,-0.019167893,0.52697587,0.079498775,-0.10261887,-0.34905025,0.27400857,0.12776022,-0.26026592,0.022453023,-0.42172998,0.15165564,0.3758125,0.11505433,-0.41247508,0.1362308,0.3021393,0.44075367,0.06616544,-0.06894567,-0.21221365,0.0402308,-0.17263195,0.012832108,-0.28797835,0.21565564,0.0049889707,0.32593015,0.29513276,0.71908045,-0.17200449,-0.1416254,0.15432231,0.48420465,-0.013154821,-0.13623978,0.0052504083,0.053511847,0.13513276,0.28938112,-0.34099796,0.14700204,0.50344646,-0.32170385,0.36540726,0.64310664,-0.49514174,-0.076475084,-0.5768672,0.15249224,-0.42397836,0.079864785,-0.15250123,0.6557602,0.27965564,0.09277982,0.39829615,0.45220464,-0.08782148,0.41173407,-0.002697304,0.3034465,-0.1441875,0.23756413,-0.5374947,0.35646608,-0.38821363,0.39128962,0.09267525,0.2406491,0.11029616,0.042060867,0.04760335,0.052884396,-0.13142933,-0.09467116,-0.28881496,-0.2343313,0.086923614,0.14982557,-0.14816135,-0.24797834,-0.2642398,0.12357721,-0.7882137,-0.54397833,0.4541393,-0.34444892,0.1109759,0.5278125,-0.20667116,-0.035586193,-0.07464501,-0.5854947,0.23134191,0.1825576,0.039707925,-0.059324756,0.47285825,-0.40437052,-0.16332476,-0.1185143,-0.10978227,-0.70612216,-0.28797835,0.18438767,-0.1437692,-0.09268423,-0.20264502,0.80645305,-0.15799142,0.22773407,-0.7754032,0.07542034,-0.17352083,0.030975899,-0.017860703,-0.1804228,0.29429615,-0.041599266,-0.1391156,-0.2962398,-0.66826594,-0.27537704,0.042217728,-0.15877573,1.2149236,-0.08358619,-0.3757692,0.058531456,0.18836153,0.047341913,-0.11830515,-0.16196528,-0.29404372,-0.040553514,-0.10680188,0.11683211,-0.22356005,0.21518505,-0.18674959,-0.39119405,-0.5720045,-0.09017443,0.002688317,0.14616545,-0.56573,-0.3902006,-0.3339914,0.26396936,0.30663604,0.15819159,-0.17095874,0.16206087,0.009904004,0.25257066,-0.050017565,0.12974714,0.29868832,0.15908048,0.05926348,0.28927654,-0.20363848,-0.48133782,0.5109236,0.09738113,-0.17712867,0.14449224,0.14334191,-0.15354697,0.12922427,0.023028186,0.28582558,-0.31098488,-0.13843587,-0.0040044934,-0.19861887,-0.29085416,-0.31532475,-0.3878999,-0.10722018,-0.38852736,0.28765565,-0.38481495,0.3480478,-0.018174428,0.38449225,-0.6114816,0.19521119,0.25173408,0.0034726306,-0.23731168,-0.65231824,-0.31156003,-0.2595862,0.19547263,-0.16421364,-0.5702267,-0.0075077615,0.18229616,-0.64295876,-0.4759522,0.17638767,0.10857067,0.47756413,-0.091272466,0.35207394,0.22245303,0.22757721,-0.15072344,-0.12813522,0.005302696,0.56817853,-0.32923326,-0.15004371,-0.33906332,0.30783865,0.6137733,-0.23030515,-0.38905025,0.04959028,-0.3327888,-0.24426593,-0.390828,-0.02183456,0.504806,0.06930269,-0.08107639,-0.056292076,-0.2288411,0.3707406,0.4558648,0.21853146,0.17021772,-0.031612337,0.28378636,0.2545576,0.071498774,0.06642688,-0.09148162,0.91902816,-0.029991422,-0.030252859,-0.18491952,-0.28541625,-0.26491952,0.30501512,-0.86439663,-0.35490644,-0.28389993,-0.19589992,0.28457066,-0.27694568,-0.086148284,0.36964256,-0.085520834,0.5722569,-0.10491952,0.58313274,0.08216544,0.3450674,-0.038618874,0.25811315,-0.2027496,0.15557721,0.080178514,0.4372504,-0.51490647,0.45518506,-0.06240972,0.49900204,-0.40996528,-0.48139012,0.06742034,-0.2123705,-0.14497182,-0.11689338,0.2183746,-0.0957692,-0.09242279,0.029616421,0.4578517,0.181721,-0.64457965,-0.016501226,-0.09718096,-0.6603182,0.2667929,-0.24071038,-0.3290241,0.31165564,0.0861393,0.38940728,-0.23689339,0.04765564,-0.47040972,0.19787785,0.30077982,0.045407273,-0.07736397,0.089851715,0.56702816,-0.14523326,0.11620466,-0.00050122547,-0.42209598,-0.26659274,-0.48750776,0.13000858,-0.15203063,-0.049390115,0.24938112,-0.4074032,-0.19380842,0.22914584,0.13685825,0.20770793,0.048335377,-0.42816135,-0.2692594,-0.12463194,-0.3530764,0.7319432,0.20572099,-0.13482802,0.17387787,-0.13765155,-0.43082803,-0.5039784,0.22600858,-0.29461887,0.19991708,-0.104762666,-0.2717692,-0.22471038,0.7712635,-0.012893382,-0.15213521,0.2874465,0.47081903,-0.013991422,-0.012579657,-0.60003066,-0.1946973,0.20200858,0.07672753,0.15808702,-0.43966463,0.4162831,0.39076674,0.0074987747,-0.112919524,-0.41284108,0.30872753,0.027524918,0.20342034,0.10857067,-0.35040972,0.15996936,-0.1631156,-0.34606984,-0.22596528,-0.19067116,-0.044370506,0.3682831,-0.12891953,-0.5133901,0.5685445,0.2002831,-0.027690768,-0.28583455,-0.24954697,-0.20013522,0.13978636,0.61983865,-0.39589992,-0.39778227,-0.026226716,-0.26110253,0.31327656,-0.21352084,0.069564134,-0.25252736,0.22203472,0.30642688,-0.16369076,0.09345956,0.35934192,1.0243354,-0.41111562,-1.0494947,0.120753676,0.40755105,0.14663602,-0.42010906,0.35353798,-0.53461885,-0.068370506,-0.7529718,0.35087132,-0.051377043,-0.25723326,-0.20170385,-0.1921875,0.47165564,-0.25362542,0.17361642,-0.9113509,0.39568177,-0.11882802,0.21434845,0.46156412,0.19458374,0.06208701,-0.17001757,-0.18711561,-0.30925938,0.19662295,-0.31067115,-0.16489339,0.41675368,-0.01336397,0.44342035,0.09738113,-0.034854166,0.093720995,0.293355,-0.03846201,0.31087133,-0.24180841,-0.023350898,-0.39616135,-0.12933783,0.21523733,0.09356413,0.31531575,0.3518125,0.39552492,-0.10057966,-0.014514297,0.001433415,-0.10690645,-0.45650122,-0.23914175,0.05345956,0.0012242647,-0.37932476,-0.14099796,-0.10622671,-0.33770385,0.1665576,-0.26434436,0.3526491,-0.025756128,-0.24238358,0.042792894,0.036413807,0.3613811,0.05837459,-0.06946854,-0.2456254,0.037564132,0.051368054,0.21047917,-0.22533783,0.33309355,0.0014857026,0.048544526,0.18213929,-0.023194036,-0.43187377,0.7559955,0.40289748,-0.43825287,0.21068832,-0.6238738,-0.15349469,0.9574073,0.32922426,-0.12243587,-0.36170384,-0.26350775,-0.27448815,-0.013154821,0.08828309,0.16917197,0.94532883,-0.51610905,0.3846491,-0.61284107,-0.11145547,-0.2317692,0.0705576,0.1404661,0.41094977,0.42627,-0.26957312,0.037564132,-0.44813523,-0.32593915,0.17393015,-0.021886846,0.099786356,0.32561642,-0.097128674,-0.068736516,0.40613928,0.008492239,-0.027377043,0.19913276,-0.42512867,0.025381127,0.2975903,-0.73142934,0.0061392975,-0.12834436,
0,0,0,0,0,0,0,0,0,0,0,0,0,0,0,0,0,0,0,0,0,0,0,0,0,0,0,0,0,0,0,0,0,0,0,0,0,0,0,0,0,0,0,0,0,0,0,0,0,0,0,0,0,0,0,0,0,0,0,0,0,0,0,0,0,0,0,0,0,0,0,0,0,0,0,0,0,0,0,0,0,0,0,0,0,0,0,0,0,0,0,0,0,0,0,0,0,0,0,0,0,0,0,0,0,0,0,0,0,0,0,0,0,0,0,0,0,0,0,0,0,0,0,0,0,0,0,0,0,0,0,0,0,0,0,0,0,0,0,0,0,0,0,0,0,0,0,0,0,0,0,0,0,0,0,0,0,0,0,0,0,0,0,0,0,0,0,0,0,0,0,0,0,0,0,0,0,0,0,0,0,0,0,0,0,0,0,0,0,0,0,0,0,0,0,0,0,0,0,0,0,0,0,0,0,0,0,0,0,0,0,0,0,0,0,0,0,0,0,0,0,0,0,0,0,0,0,0,0,0,0,0,0,0,0,0,0,0,0,0,0,0,0,0,0,0,0,0,0,0,0,0,0,0,0,0,0,0,0,0,0,0,0,0,0,0,0,0,0,0,0,0,0,0,0,0,0,0,0,0,0,0,0,0,0,0,0,0,0,0,0,0,0,0,0,0,0,0,0,0,0,0,0,0,0,0,0,0,0,0,0,0,0,0,0,0,0,0,0,0,0,0,0,0,0,0,0,0,0,0,0,0,0,0,0,0,0,0,0,0,0,0,0,0,0,0,0,0,0,0,0,0,0,0,0,0,0,0,0,0,0,0,0,0,0,0,0,0,0,0,0,0,0,0,0,0,0,0,0,0,0,0,0,0,0,0,0,0,0,0,0,0,0,0,0,0,0,0,0,0,0,0,0,0,0,0,0,0,0,0,0,0,0,0,0,0,0,0,0,0,0,0,0,0,0,0,0,0,0,0,0,0,0,0,0,0,0,0,0,0,0,0,0,0,0,0,0,0,0,0,0,1,0,0,0,0,0,0,0,0,0,0,0,0,0,0,0,0,0,0,0,0,0,0,0,0,0,0,0,0,0,0,0,0,0,0,0,0,0,0,0,0,0,0,0,0,0,0,0,0,0,0,0,0,0,0,0,0,0,0,0,0,0,0,0,0,0,0,0,0,0,0,0,0,0,0,0,0,0,0,0,0,0,0,0,0,0,0,0,0,0,0,0,0,0,0,0,0,0,0,0,0,0,0,0,0,0,0,0,0,0,0,0,0,0,0,0,0,0,0,0,0,0,0,0,0,0,0,0,0,0,0,0,0,0,0,0,0,0,0,0,0,0,0,0,0,0,0,0,0,0,0,0,0,0,0,0,0,0,0,0,0,0,0,0,0,0,0,0,0,0,0,0,0,0,0,0,0,0,0,0,0,0,0,0,0,0,0,0,0,0,0,0,0,0,0,0,0,0,0,0,0,0,0,0,0,0,0,0,0,0,0,0,0,0,0,0,0,0,0,0,0,0,0,0,0,0,0,0,0,0,0,0,0,0,0,0,0,0,0,0,0,0,0,0,0,0,0,0,0,0,0,0,0,0,0,0,0,0,0,0,0,0,0,0,0,0,0,0,0,0,0,0,0,0,0,0,0,0,0,0,0,0,0,0,0,0,0,0,0,0,0,0,0,0,0,0,0,0,0,0,0,0,0,0,0,0,0,0,0,0,0,0,0,0,0,0,0,0,0,0,0,0,0,0,0,0,0,0,0,0,0,0,0,0,0,0,0,0,0,0,0,0,0,0,0,0,0,0,0,0,0,0,0,0,0,0,0,0,0,0,0,0,0,0,0,0,0,0,0,0,0,0,0,0,0,0,0,0,0,0,0,0,0,0,0,0,0,0,0,0,0,0,0,0,0,0,0,0,0,0,0,0,0,0,0,0,0,0,0,0,0,0,0,0,0,0,0,0,0,0,0,0,0,0,0,0,0,0,0,0,0,0,0,0,0,0,0,0,0,0,0,0,0,0,0,0,0,0,0,0,0,0,0,0,0,0,0,0,0,0,0,0,0,0,0,0,0,0,0,0,0,0,0,0,0,0,0,0,0,0,0,0,0,0,0,0,0,0,0,0,0,0,0,0,0,0,0,0,0,0,0,0,0,0,0,0,0,0,0,0,0,0,0,0,0,0,0,0,0,0,0,0,0,0,0,0,0,0,0,0,0,0,0,0,0,0,0,0,0,0,0,0,0,0,0,0,0,0,0,0,0,0,0,0,0,0,0,0,0,0,0,0,0,0,0,0,0,0,0,0,0,0,0,0,0,0,0,0,0,0,0,0,0,0,0,0,0,0,0,0,0,0,0,0,0,0,0,0,0,0,0,0,0,0,0,0,0,0,0,0,0,0,0,0,0,0,0,0,0,0,0,0,0,0,0,0,0,0,0,0,0,0,0,0,0,0,0,0,0,0,0,0,0,0,0,0,0,0,0,0,0,0,0,0,0,0,0,0,0,0,0,0,0,0,0,0,0,0,0,0,0,0,0,0,0,0,0,0,0,0,0,0,0,0,0,0,0,0,0,0,0,0,0,0,0,0,0,0,0,0,0,0,0,0,0,0,0,0,0,0,0,0,0,0,0,0,0,0,0,0,0,0,0,0,0,0,0,0,0,0,0,0,0,0,0,0,0,0,0,0,0,0,0,0,0,0,0,0,0,0,0,0,0,0,0,0,0,0,0,0,0,0,0,0,0,0,0,0,0,0,0,0,0,0,0,0,0,0,0,0,0,0,0,0,0,0,0,0,0,0,0,0,0,0,0,0,0,0,0,0,0,0,0,0,0,0,0,0,0,0,0,0,0,0,0,0,0,0,0,0,0,0,0,0,0,0,0,0,0,0,0,0,0,0,0,0,0,0,0,0,0,0,0,0,0,0,0,0,0,0,0,0,0,0,0,0,0,0,0,0,0,0,0,0,0,0,0,0,0,0,0,0,0,0,0,0,0,0,0,0,0,0,0,0,0,0,0,0,0,0,0,0,0,0,0,0,0,0,0,0,0,0,0,0,0,0,0,0,0,0,0,0,0,0,0,0,0,0,0,0,0,0,0,0,0,0,0,0,0,0,0,0,0,0,0,0,0,0,0,0,0,0,0,0,0,0,0,0,0,0,0,0,0,0,0,0,0,0,0,0,0,0,0,0,0,0,0,0,0,0,0,0,0,0,0,0,0,0,0,0,0,0,0,0,0,0,0,0,0,0,0,0,0,0,0,0,0,0,0,0,0,0,0,0,0,0,0,0,0,0,0,0,0,0,0,0,0,0,0,0,0,0,0,0,0,0,0,0,0,0,0,0,0,0,0,0,0,0,0,0,0,0,0,0,0,0,0,0,0,0,0,0,0,0,0,0,0,0,0,0,0,0,0,0,0,0,0,0,0,0,0,0,0,0,0,0,0,0,0,0,0,0,0,0,0,0,0,0,0,0,0,0,0,0,0,0,0,0,0,0,0,0,0,0,0,0,0,0,0,0,0,0,0,0,0,0,0,0,0,0,0,0,0,0,0,0,0,0,0,0,0,0,0,0,0,0,0,0,0,0,0,0,0,0,0,0,0,0,0,0,0,0,0,0,0,0,0,0,0,0,0,0,0,0,0,0,0,0,0,0,0,0,0,0,0,0,0,0,0,0,0,0,0,0,0,0,0,0,0,0,0,0,0,0,0,0,0,0,0,0,0,0,0,0,0,0,0,0,0,0,0,0,0,0,0,0,0,0,0,0,0,0,0,0,0,0,0,0,0,0,0,0,0,0,0,0,0,0,0,0,0,0,0,0,0,0,0,0,0,0,0,0,0,0,0,0,0,0,0,0,0,0,0,0,0,0,0,0,0,0,0,0,0,0,0,0,0,0,0,0,0,0,0,0,0,0,0,0,0,0,0,0,0,0,0,0,0,0,0,0,0,0,0,0,0,0,0,0,0,0,0,0,0,0,0,0,0,0,0,0,0,0,0,0,0,0,0,0,0,0,0,0,0,0,0,0,0,0,0,0,0,0,0,0,0,0,0,0,0,0,0,0,0,0,0,0,0,0,0,0,0,0,0,0,0,0,0,0,0,0,0,0,0,0,0,0,0,0,0,0,0,0,0,0,0,0,0,0,0,0,0,0,0,0,0,0,0,0,0,0,0,0,0,0,0,0,0,0,0,0,0,0,0,0,0,0,0,0,0,0,0,0,0,0,0,0,0,0,0,0,0,0,0,0,0,0,0,0,0,0,0,0,0,0,0,0,0,0,0,0,0,0,0,0,0,0,0,0,0,0,0,0,0,0,0,0,0,0,0,0,0,0,0,0,0,0,0,0,0,0,0,0,0,0,0,0,0,0,0,0,0,0,0,0,0,0,0,0,0,0,0,0,0,0,0,0,0,0,0,0,0,0,0,0,0,0,0,0,0,0,0,0,0,0,0,0,0,0,0,0,0,0,0,0,0,0,0,0,0,0,0,0,0,0,0,0,0,0,0,0,0,0,0,0,0,0,0,0,0,0,0,0,0,0,0,0,0,0,0,0,0,0,0,0,0,0,0,0,0,0,0,0,0,0,0,0,0,0,0,0,0,0,0,0,0,0,0,0,0,0,0,0,0,0,0,0,0,0,0,0,0,0,0,0,0,0,0,0,0,0,0,0,0,0,0,0,0,0,0,0,0,0,0,0,0,0,0,0,0,0,0,0,0,0,0,0,0,0,0,0,0,0,0,0,0,0,0,0,0,0,0,0,0,0,0,0,0,0,0,0,0,0,0,0,0,0,0,0,0,0,0,0,0,0,0,0,0,0,0,0,0,0,0,0,0,0,0,0,0,0,0,0,0,0,0,0,0,0,0,0,0,0,0,0,0,0,0,0,0,0,0,0,0,0,0,0,0,0,0,0,0,0,0,0,0,0,0,0,0,0,0,0,0,0,0,0,0,0,0,0,0,0,0,0,0,0,0,0,0,0,0,0,0,0,0,0,0,0,0,0,0,0,0,0,0,0,0,0,0,0,0,0,0,0,0,0,0,0,0,0,0,0,0,0,0,0,0,0,0,0,0,0,0,0,0,0,0,0,0,0,0,0,0,0,0,0,0,0,0,0,0,0,0,0,0,0,0,0,0,0,0,0,0,0,0,0,0,0,0,0,0,0,0,0,0,0,0,0,0,0,0,0,0,0,0,0,0,0,0,0,0,0,0,0,0,0,0,0,0,0,0,0,0,0,0,0,0,0,0,0,0,0,0,0,0,0,0,0,0,0,0,0,0,0,0,0,0,0,0,0,0,0,0,0,0,0,0,0,0,0,0,0,0,0,0,0,0,0,0,0,0,0,0,0,0,0,0,0,0,0,0,0,0,0,0,0,0,0,0,0,0,0,0,0,0,0,0,0,0,0,0,0,0,0,0,0,0,0,0,0,0,0,0,0,0,0,0,0,0,0,0,0,0,0,0,0,0,0,0,0,0,0,0,0,0,0,0,0,0,0,0,0,0,0,0,0,0,0,0,0,0,0,0,0,0,0,0,0,0,0,0,0,0,0,0,0,0,0,0,0,0,0,0,0,0,0,0,0,0,0,0,0,0,0,0,0,0,0,0,0,0,0,0,0,0,0,0,0,0,0,0,0,0,0,0,0,0,0,0,0,0,0,0,0,0,0,0,0,0,0,0,0,0,0,0,0,0,0,0,0,0,0,0,0,0,0,0,0,0,0,0,0,0,0,0,0,0,0,0,0,0,0,0,0,0,0,0,0,0,0,0,0,0,0,0,0,0,0,0,0,0,0,0,0,0,0,0,0,0,0,0,0,0,0,0,0,0,0,0,0,0,0,0,0,0,0,0,0,0,0,0,0,0,0,0,0,0,0,0,0,0,0,0,0,0,0,0,0,0,0,0,0,0,0,0,0,0,0,0,0,0,0,0,0,0,0,0,0,0,0,0,0,0,0,0,0,0,0,0,0,0,0,0,0,0,0,0,0,0,0,0,0,0,0,0,0,0,0,0,0,0,0,0,0,0,0,0,0,0,0,0,0,0,0,0,0,0,0,0,0,0,0,0,0,0,0,0,0,0,0,0,0,0,0,0,0,0,0,0,0,0,0,0,0,0,0,0,0,0,0,0,0,0,0,0,0,0,0,0,0,0,0,0,0,0,0,0,0,0,0,0,0,0,0,0,0,0,0,0,0,0,0,0,0,0,0,0,0,0,0,0,0,0,0,0,0,0,0,0,0,0,0,0,0,0,0,0,0,0,0,0,0,0,0,0,0,0,0,0,0,0,0,0,0,0,0,0,0,0,0,0,0,0,0,0,0,0,0,0,0,0,0,0,0,0,0,0,0,0,0,0,0,0,0,0,0,0,0,0,0,0,0,0,0,0,0,0,0,0,0,0,0,0,0,0,0,0,0,0,0,0,0,0,0,0,0,0,0,0,0,0,0,0,0,0,0,0,0,0,0,0,0,0,0,0,0,0,0,0,0,0,0,0,0,0,0,0,0,0,0,0,0,0,0,0,0,0,0,0,0,0,0,0,0,0,0,0,0,0,0,0,0,0,0,0,0,0,0,0,0,0,0,0,0,0,0,0,0,0,0,0,0,0,0,0,0,0,0,0,0,0,0,0,0,0,0,0,0,0,0,0,0,0,0,0,0,0,0,0,0,0,0,0,0,0,0,0,0,0,0,0,0,0,0,0,0,0,0,0,0,0,0,0,0,0,0,0,0,0,0,0,0,0,0,0,0,0,0,0,0,0,0,0,0,0,0,0,0,0,0,0,0,0,0,0,0,0,0,0,0,0,0,0,0,0,0,0,0,0,0,0,0,0,0,0,0,0,0,0,0,0,0,0,0,0,0,0,0,0,0,0,0,0,0,0,0,0,0,0,0,0,0,0,0,0,0,0,0,0,0,0,0,0,0,0,0,0,0,0,0,0,0,0,0,0,0,0,0,0,0,0,0,0,0,0,0,0,0,0,0,0,0,0,0,0,0,0,0,0,0,0,0,0,0,0,0,0,0,0,0,0,0,0,0,0,0,0,0,0,0,0,0,0,0,0,0,0,0,0,0,0,0,0,0,0,0,0,0,0,0,0,0,0,0,0,0,0,0,0,0,0,0,0,0,0,0,0,0,0,0,0,0,0,0,0,0,0,0,0,0,0,0,0,0,0,0,0,0,0,0,0,0,0,0,0,0,0,0,0,0,0,0,0,0,0,0,0,0,0,0,0,0,0,0,0,0,0,0,0,0,0,0,0,0,0,0,0,0,0,0,0,0,0,0,0,0,0,0,0,0,0,0,0,0,0,0,0,0,0,0,0,0,0,0,0,0,0,0,0,0,0,0,0,0,0,0,0,0,0,0,0,0,0,0,0,0,0,0,0,0,0,0,0,0,0,0,0,0,0,0,0,0,0,0,0,0,0,0,0,0,0,0,0,0,0,0,0,0,0,0,0,0,0,0,0,0,0,0,0,0,0,0,0,0,0,0,0,0,0,0,0,0,0,0,0,0,0,0,0,0,0,0,0,0,0,0,0,0,0,0,0,0,0,0,0,0,0,0,0,0,0,0,0,0,0,0,0,0,0,0,0,0,0,0,0,0,0,0,0,0,0,0,0,0,0,0,0,0,0,0,0,0,0,0,0,0,0,0,0,0,0,0,0,0,0,0,0,0,0,0,0,0,0,0,0,0,0,0,0,0,0,0,0,0,0,0,0,0,0,0,0,0,0,0,0,0,0,0,0,0,0,0,0,0,0,0,0,0,0,0,0,0,0,0,0,0,0,0,0,0,0,0,0,0,0,0,0,0,0,0,0,0,0,0,0,0,0,0,0,0,0,0,0,0,0,0,0,0,0,0,0,0,0,0,0,0,0,0,0,0,0,0,0,0,0,0,0,0,0,0,0,0,0,0,0,0,0,0,0,0,0,0,0,0,0,0,0,0,0,0,0,0,0,0,0,0,0,0,0,0,0,0,0,0,0,0,0,0,0,0,0,0,0,0,0,0,0,0,0,0,0,0,0,0,0,0,0,0,0,0,0,0,0,0,0,0,0,0,0,0,0,0,0,0,0,0,0,0,0,0,0,0,0,0,0,0,0,0,0,0,0,0,0,0,0,0,0,0,0,0,0,0,0,0,0,0,0,0,0,0,0,0,0,0,0,0,0,0,0,0,0,0,0,0,0,0,0,0,0,0,0,0,0,0,0,0,0,0,0,0,0,0,0,0,0,0,0,0,0,0,0,0,0,0,0,0,0,0,0,0,0,0,0,0,0,0,0,0,0,0,0,0,0,0,0,0,0,0,0,0,0,0,0,0,0,0,0,0,0,0,0,0,0,0,0,0,0,0,0,0,0,0,0,0,0,0,0,0,0,0,0,0,0,0,0,0,0,0,0,0,0,0,0,0,0,0,0,0,0,0,0,0,0,0,0,0,0,0,0,0,0,0,0,0,0,0,0,0,0,0,0,0,0,0,0,0,0,0,0,0,0,0,0,0,0,0,0,0,0,0,0,0,0,0,0,0,0,0,0,0,0,0,0,0,0,0,0,0,0,0,0,0,0,0,0,0,0,0,0,0,0,0,0,0,0,0,0,0,0,0,0,0,0,0,0,0,0,0,0,0,0,0,0,0,0,0,0,0,0,0,0,0,0,0,0,0,0,0,0,0,0,0,0,0,0,0,0,0,0,0,0,-1.0350633,0.7502962,-0.020684233,0.7096426,-1.0460438,0.2050674,-0.76643586,0.08964256,0.093041256,0.27853146,-0.4929718,0.92206085,0.36794323,0.5095118,0.5646753,-0.85715485,-0.84983456,0.2525184,-0.6180698,-1.2094424,-0.24003063,-0.3170241,0.2913419,-0.7716646,0.26611316,0.23121119,-0.06669731,0.1402308,0.0505576,1.4960477,-0.20852737,-0.4198999,-0.65650123,-0.2480045,0.018400736,0.8614073,-0.34264502,-0.09035744,0.36258376,-0.47820058,0.44310662,-0.46081495,-1.4749326,-0.6320568,-0.9365012,-0.010357435,-0.16094567,-1.0979391,0.72951186,0.54951185,1.0935642,-0.9376777,-0.36094567,1.2995772,-1.3596385,0.51761645,0.79774714,1.4919955,0.70885825,0.7705576,0.06532884,-0.358462,0.23591708,0.9363092,-0.9630372,-0.06447508,-0.66212213,0.7242831,1.3654596,-0.37401757,0.17931576,1.4225837,0.7905576,0.070949756,-0.03362541,0.03500204,-0.12107639,0.6712112,0.57735497,0.7133027,0.59827,-1.0950633,0.24127655,-0.03715482,-0.22643587,1.7334334,-0.7162398,-1.0460438,0.5225837,0.24127655,-0.9018607,0.3712112,0.51094973,1.0722569,1.3153942,-0.5699653,-0.5472202,-0.9087888,-0.842645,-0.021599265,-0.24695875,-1.0911417,0.014479167,-0.14120711,0.65212625,-0.33885416,-0.46133783,-0.011403186,0.40284517,0.1795772,0.890819,0.10872753,-0.54434437,1.1883354,0.0850674,-0.4081352,0.13709354,-0.78695875,-0.8887888,0.54193014,0.61827004,-1.0532333,-1.0636908,-1.1485274,0.13722427,0.69866216,0.93683213,-0.87140316,-0.70630515,-0.89048815,-0.87048817,-0.6148019,-0.15793914,-0.089834556,-0.18447508,0.02271446,-0.7042136,-0.90408295,-0.28264502,0.6884661,0.4127798,0.72663605,0.64755106,0.0062438725,0.17029616,0.24885826,-0.5804228,0.8922569,-0.15101103,0.16362949,-0.5583313,-0.36512867,-0.24787377,-0.59793913,-0.45963848,0.007681781,1.0972242,-0.44486725,-0.070226714,-0.22003064,-0.061860703,-0.613364,-0.57336396,0.037485704,-0.08878881,0.41996935,-0.5566319,0.015524918,-1.3863051,-0.3196385,-0.55859274,-0.08996528,-0.6563705,0.93722427,0.45630923,0.9380086,-0.60539013,-0.8273509,0.32062295,0.73957723,-0.0019914217,0.033433415,-0.23584764,0.20859681,0.6087275,1.5212766,-0.8494424,0.1850674,0.51447916,0.6177471,-0.3349326,0.19186479,0.42951185,0.3168321,-0.14682803,-0.64356005,1.3276818,-0.5844751,-0.21793914,0.19905433,-0.3978084,-0.53088033,-0.7218607,-0.4528411,-0.6235601,-0.84708947,1.0319955,-0.18225285,-0.15728554,-0.7978084,-0.14565155,-0.3936254,-0.55035746,-1.1121875,-0.56604373,-0.33793914,1.537355,0.2974857,0.20284519,-0.3694424,-0.43414828,-0.12565155,0.98794323,-1.111011,0.71317196,-0.86421365,1.1502962,0.12519813,0.12872753,-0.13440973,0.5238909,0.24624388,-0.11715482,-0.20852737,-0.17846201,-1.079377,1.1369628,-1.2269588,0.27081904,0.6705576,1.2819301,-1.1304882,0.2478125,0.38127655,-0.36957312,-0.21114175,-0.31061888,-0.9367627,-0.06081495,-1.7332332,-0.10865809,-0.63885415,-0.2583313,0.3244138,-0.7440829,-0.4280045,-0.080161355,-1.0452594,0.4807537,0.4842831,-0.35440972,0.3905576,0.5063746,0.11042688,-1.1805536,-0.17767769,0.43578637,-0.18133783,0.8384007,0.48062295,1.0770936,0.31761643,0.70140725,-0.5383313,0.16898897,0.035917073,0.81121117,-0.107612334,0.8029759,0.27774715,0.8942177,-1.315194,0.19774714,-0.07506332,-0.6980699,0.2844138,0.6118648,-0.15506332,-0.09440972,-0.2770241,0.12715891,-0.6689195,0.9292504,0.10245302,0.96049225,0.010165441,0.6597079,-0.799377,0.77761644,0.73369485,-0.55584764,0.08951185,0.6202308,-0.4287888,0.12885825,0.24284518,1.1574857,-0.41937703,0.76872754,0.4603615,0.82872754,-1.3493117,-0.258462,0.3410151,1.0001001,0.22010008,0.38885826,-0.63454044,0.21147263,-0.7257823,-0.84826595,1.2704269,-0.59375614,-0.59859276,-0.49898487,0.30650532,-0.5004228,-1.0931026,-0.034017567,-0.3723182,-0.5678738,-0.6104882,1.3462439,0.6747406,0.086113155,-0.797547,-1.1618607,-0.5504882,0.21408701,0.08676675,-0.9511418,0.101276554,0.7976164,0.13003471,-0.24905024,0.41970792,0.7559171,0.47800857,-0.47362542,-0.35610908,-0.3839522,0.5078125,-0.18486723,-0.89637053,0.87238765,-1.0372856,0.9152635,0.9504269,-0.28369078,-0.5754555,0.023237336,-0.514279,0.29251838,0.8947406,1.3576164,0.9827145,0.39408702,-1.3387234,0.039315768,0.2471589,0.7136949,0.42702818,-1.7149326,1.0502962,0.8939563,-0.4681352,0.4092504,-0.123037174,-0.22382149,0.4326491,1.4087275,0.1360478,0.21813929,-0.49898487,1.2563093,0.3865053,-1.2473509,-0.6544097,1.251734,1.0301654,-0.96774304,-0.30708945,0.28193015,-0.43035743,-0.43924633,-0.6646058,-0.0804228,-0.17911561,0.53343344,0.2616687,0.617355,-0.18905024,-0.9230372,0.4733027,0.64036155,-1.3723183,0.92349875,-1.0372856,-1.0227758,-0.14787377,-0.5636908,-0.94774306,-0.24120711,0.3374857,-0.66212213,-1.0264359,-0.006566585,0.6368321,-0.18486723,-0.28722018,0.41434845,0.011864788,-0.1928411,0.41905433,0.5867667,-0.7350633,1.7449367,-1.3832986,-0.6778084,0.5492504,-0.49911562,-0.23022671,-0.38630515,0.36258376,-0.45898488,0.28010008,0.6668975,-0.5341483,-0.62591296,-0.2598999,0.17513277,-1.1265665,-0.47061887,-0.41663194,1.2008843,0.7083354,0.2926491,-0.47310254,0.5080739,0.4967014,-0.82918096,-0.22552083,0.4568321,0.03630923,-0.16277574,-0.0004227941,0.29186478,0.3527798,0.0024530229,0.8960478,0.19526348,-0.18107639,-0.14918096,-0.17179534,-0.09231822,-0.56565154,-0.03806985,0.73094976,0.45042688,0.75016546,0.594087,-1.7229065,0.77774715,0.5929105,0.42637458,1.2682047,-0.48382148,0.54349875,-0.7829065,0.9187929,0.8238909,0.72480595,-0.2286581,0.4713419,0.16127655,1.1632373,-1.034279,-0.0047365194,-0.2707496,0.6844138,-0.4473509,1.6160477,-0.30251428,-0.25101104,-0.90081495,-0.7087888,-0.096762665,-0.8476123,0.77447915,-0.92996526,-0.020814952,-0.014409722,-0.96173,-0.020292075,0.043368056,-0.14891952,-0.04695874,-0.25231823,0.009119689,-0.88212216,-0.44957313,-1.4842136,0.0505576,0.29931578,-0.81048816,0.101145834,-0.08878881,-0.14199142,-0.2060437,1.3642831,0.1492504,0.13434845,-0.05676266,-0.17911561,-0.36199144,0.002191585,0.12389093,-0.71257967,1.1251981,-0.6923182,0.5692504,0.613172,-0.114279,-0.00081495097,-0.46172997,0.86689746,-0.7070895,0.5576164,-0.18146855,0.42689747,-0.028788807,-0.40264502,-0.7154555,0.19578636,0.43173406,0.53487134,0.13722427,0.94833535,-0.97401756,0.49696282,-0.21898489,-0.49846202,0.2525184,0.56702816,0.54807395,-0.38159928,-0.17924632,0.59330267,-0.75584763,-0.9469587,0.060100082,0.7419301,-0.036109067,-0.29754698,0.59160334,-0.02970384,0.57434845,0.16284518,-0.33610907,0.4105576,0.40964258,-0.29663193,1.5625837,-1.2483966,-0.2744097,-0.5866973,-1.1112725,-0.73401755,-0.21637051,0.4369628,0.13996936,0.06179943,1.1287276,-0.6934947,-0.2568934,-0.46068424,0.3858517,-0.29205677,0.13827002,0.16114584,0.4195772,-0.63166463,-0.024213644,0.23003472,0.31081903,0.29513276,0.005067402,-0.3210764,0.3712112,-0.46983457,0.43800858,-0.44970384,0.05643995,0.93657064,-0.4073509,-0.9294424,1.1691197,-0.36421365,0.14951184,-1.1174163,-0.69310254,0.013694853,1.4666361,1.3683354,0.21356413,-0.82068425,0.13774714,-0.22552083,-0.558462,0.11408701,-0.71179533,0.52310663,-0.09323325,-0.37663195,-0.45166463,1.4322569,0.321538,0.21853146,-1.1051286,-0.72512865,0.8482047,0.6989236,-0.5504882,-0.45820057,0.8965707,-0.17937705,0.585721,0.12611315,0.08010008,0.019838644,0.85970795,1.4119955,0.49304125,-0.39859274,-0.07532475,-0.15101103,-0.06865809,-0.009573121,-0.90173,0.5045445,0.24389093,-0.04081495,-1.0252594,0.033041257,0.46820465,-0.634279,-0.28695875,-0.897547,-0.20578226,-0.026697304,-0.47532475,-0.86173,-0.51336396,0.0062438725,0.5793158,-0.35663193,-0.63480186,0.7334334,1.4778779,-0.5695731,0.8853288,-0.6189849,0.57996935,-0.4666973,-0.886828,-0.4280045,-0.10839665,-0.65532476,0.22140726,-1.5580698,0.047289625,0.52310663,1.1278125,0.7900347,1.224806,-0.76434433,-1.2006842,0.043498773,0.8161785,0.09029616,-0.10055351,0.13696283,0.25578636,0.0981393,0.96768177,-0.15689339,-1.1936255,0.6697733,0.84898895,-1.2583313,0.5955249,0.74127656,0.6875511,0.6104269,1.5902961,-0.06447508,0.43787786,0.36559027,0.12519813,0.20310661,-0.08865809,-1.040815,-0.23192607,-0.9591156,0.35291055,-0.44173,0.032256946,-0.3307496,-0.21676266,-0.37101102,-1.0417299,0.53905433,0.30807394,0.28036153,0.10885825,-1.2933639,0.6037602,-0.36970383,0.22193015,-0.92421365,-0.5230372,-0.210096,0.34755105,-0.13558619,0.68532884,-0.46133783,0.16258374,-0.6983313,0.54755104,-0.3487888,0.39121118,0.8074203,0.20859681,-1.0378084,0.21291053,0.15683211,0.8795772,-0.7081352,-0.2562398,0.9512112,1.0412766,-0.44617444,0.86336803,-0.006566585,-0.8236908,0.13565564,0.40663603,-0.16656658,0.96310663,-0.13506332,0.22415237,0.6491197,0.09526348,-0.3102267,-0.1383313,0.5807537,-0.49663195,-0.12970383,0.6483354,-1.3740176,-0.38003063,-0.6115339,-1.0197692,0.15016544,-0.08094567,-0.7831679,0.485721,0.15617852,0.757355,-0.044213645,0.044805963,0.2725184,-0.345913,0.2628452,0.31879288,-0.040422793,-0.024867238,0.6683354,-1.4215993,-0.18408293,-1.3099653,0.3636295,0.43709356,-0.631011,-0.9320568,0.52049226,0.00088439544,-0.42212215,-0.3197692,1.2793157,0.017747141,-0.09166463,0.17160335,-1.1315339,-1.2229065,0.32075366,0.3733027,-0.85584766,-1.1315339,0.47630924,0.3959171,-0.37715483,0.17944649,0.4567014,-0.3805535,-0.29375613,-0.023821486,-0.93297184,-0.54264504,0.014479167,-0.11231822,0.61382556,-0.7568934,0.3834988,-0.60552084,0.44166872,-0.55859274,1.1804923,-0.1149326,0.06402165,0.109642565,0.6348713,-0.2610764,0.48101512,-0.66839665,0.08650531,0.7678125,-0.035324756,0.19526348,0.7985315,-0.3391156,0.3084661,1.1068975,-0.10264502,0.32833537,0.04532884,-0.9983313,0.1712112,0.0015379902,-0.84774303,-0.020553512,-0.19806986,0.16062295,-0.3012071,-0.3749326,0.6100347,-0.29101104,-0.11388685,-0.7046058,0.23983864,-0.42434436,-0.3136254,-0.27192608,-0.6734947,0.31513277,-0.14447509,0.9041524,-0.70055354,0.16127655,0.5263746,0.56872755,0.5965707,0.2539563,0.015917076,-0.04120711,-0.10591299,0.21983865,-0.418462,0.4194465,-0.45950776,0.1663746,-0.39519402,-0.7308803,-1.269181,0.4500347,0.2637602,0.75369483,-0.008396651,-0.2998999,-0.54264504,-0.7197692,-0.4065666,-0.15597835,-0.7144097,-0.19244894,0.43356413,-1.2206843,0.6279432,-0.08970384,-0.013233252,0.08532884,-0.82905024,0.7691197,-1.1632986,0.31173408,0.64545953,-0.59375614,-0.04617443,0.109773286,0.59630924,0.21108048,-0.66133785,0.24768178,-0.22081496,-0.5095731,0.22585171,-0.2605535,-0.305913,0.59330267,0.5463746,0.05029616,1.1704268,-0.03846201,-0.5861744,-0.112056784,0.03160335,0.010819036,0.39068833,-0.23780842,0.76127654,0.054740604,0.8367014,-0.68865806,-1.2851287,-3.0637257e-05,0.047681782,-0.9765012,-0.770096,-0.4548019,-0.27754697,0.31931576,1.1450675,0.41578636,-0.23140319,0.28323734,0.17277981,0.21787786,-0.4286581,-0.50486726,0.3359171,0.075002044,0.035655636,0.6570935,-0.10447508,0.18598244,-0.15728554,0.8810151,0.3781393,-0.32447508,0.30127656,-0.07009599,0.4326491,-0.06669731,-0.37467116,1.1003615,0.23591708,-0.5025143,0.10153799,-0.031664625,0.4029759,0.15251838,0.34820464,-0.04356005,-0.10042279,-0.25388685,0.21291053,-0.13728555,0.09630923,-0.35179535,0.13291053,0.25225693,-1.0546712,0.19774714,0.4485968,0.21147263,0.18585172,0.16676675,-0.18068424,0.055917077,-0.7362398,0.13983865,0.17277981,-0.9072202,0.19866218,-0.41048816,-0.55741626,-0.17806986,0.42140728,-0.20434436,-0.27375612,0.26258373,0.2760478,0.3725184,1.0353942,-0.7829065,0.44676673,-0.79127246,1.0402308,-0.3554555,0.6321262,-0.63467115,0.23500204,1.0594465,-1.1263051,-0.45597836,0.82742035,0.7297733,-0.43454045,-0.23414828,-0.45310253,0.05657067,-0.5855208,-0.015194036,1.002976,-0.9482659,-0.5711417,0.54611313,-0.9418607,1.1584008,-0.6970241,-0.4949326,0.20768178,1.2262439,0.19905433,0.2036295,0.77787787,0.76310664,-0.057546977,0.32402164,-0.30434436,-0.82186073,0.32676676,-0.64617443,0.51291054,0.08768178,-0.46852738,-0.48133782,0.334087,0.33304125,0.43225694,0.7927798,-1.1127104,0.4989236,-0.25676265,-1.1243443,-0.15022671,1.110819,0.13931577,0.17238766,-1.2706189,1.3195772,0.16349877,0.27983865,1.1253289,0.41643995,0.5049367,0.6642831,0.07604779,-0.75323325,-0.53061885,-0.9404228,0.36389095,-0.15101103,0.33160335,0.24519812,-0.6051287,-0.6321875,1.2531719,-0.018592728,-1.0754554,-1.4200306,0.5505576,0.48415238,-0.5391156,0.8632373,-0.71676266,-0.185913,0.8676818,0.91643995,1.1156557,0.47983864,-0.43244892,-1.40173,-0.26539013,0.40349877,-0.40055352,0.9037602,-0.1949326,-1.0046058,0.2650674,-0.84356004,0.39643994,0.8472896,1.1398387,0.3500347,-0.51375616,-0.24264501,-1.1298345,-0.16931169,-0.5358476,-0.2706189,0.30728963,-0.838462,-0.28996527,-1.1908803,0.17068832,0.5965707,0.27787787,0.3834988,0.12402165,-0.85414827,0.23892361,-0.048135214,0.6355249,0.3339563,-0.34225285,0.6492504,-0.8813378,-0.3473509,0.38872755,-0.09963848,-0.40826592,1.2008843,0.3263746,0.9359171,-0.08865809,0.45643994,-0.106435865,0.18689747,0.5530413,-0.17689338,0.32951185,0.047289625,-0.8368934,-1.3452594,-0.2846058,-0.11231822,0.012126225,-0.30891952,-0.20800449,-0.09231822,0.30611315,
0,0,0,0,0,1,0,0,0,0,0,0,0,0,0,0,1,0,0,0,0,0,0,0,0,0,0,0,0,0,0,0,0,0,0,0,0,0,0,0,0,0,0,0,0,0,0,0,0,0,0,0,0,0,0,0,0,0,0,0,0,0,0,0,0,0,0,0,0,0,0,0,0,0,0,0,0,0,0,0,0,0,0,0,0,0,0,0,0,0,0,0,0,0,0,0,0,0,0,0,0,0,0,0,0,0,0,0,0,0,0,0,0,0,0,0,0,0,0,0,0,0,0,0,0,0,0,0,0,0,0,0,0,0,0,0,0,0,0,0,0,0,0,0,0,0,0,0,0,0,0,0,0,0,0,0,0,0,0,0,0,0,0,0,0,0,0,0,0,0,0,0,0,0,0,0,0,0,0,0,0,0,0,0,0,0,0,0,0,0,0,0,0,0,0,0,0,0,0,0,0,0,0,0,0,0,0,0,0,0,0,0,0,0,0,0,0,0,0,0,0,0,0,0,0,0,0,0,0,0,0,0,0,0,0,0,0,0,0,0,0,0,0,0,0,0,0,0,0,0,0,0,0,0,0,0,0,0,0,0,0,0,0,0,0,0,0,0,0,0,0,0,0,0,0,0,0,0,0,0,0,0,0,0,0,0,0,0,0,0,0,0,0,0,0,0,0,0,0,0,0,0,0,0,0,0,0,0,0,0,0,0,0,0,0,0,0,0,0,0,0,0,0,0,0,0,0,0,0,0,0,0,0,0,0,0,0,0,0,0,0,0,0,0,0,0,0,0,0,0,0,0,0,0,0,0,0,0,0,0,0,0,0,0,0,0,0,0,0,0,0,0,0,0,0,0,0,0,0,0,0,0,0,0,0,0,0,0,0,0,0,0,0,0,0,0,0,0,0,0,0,0,0,0,0,0,0,0,0,0,0,0,0,0,0,0,0,0,0,0,0,0,0,0,0,0,0,0,0,0,0,0,0,0,0,0,0,0,0,0,0,0,0,0,0,0,0,0,0,0,0,0,0,0,0,0,0,0,0,0,0,0,0,0,0,0,0,0,0,0,0,0,0,0,0,0,0,0,0,0,0,0,0,0,0,0,0,0,0,0,0,0,0,0,0,0,0,0,0,0,0,0,0,0,0,0,0,0,0,0,0,0,0,0,0,0,0,0,0,0,0,0,0,0,0,0,0,0,0,0,0,0,0,0,0,0,0,0,0,0,0,0,0,0,0,0,0,0,0,0,0,0,0,0,0,0,0,0,0,0,0,0,0,0,0,0,0,0,0,0,0,0,0,0,0,0,0,0,0,0,0,0,0,0,0,0,0,0,0,0,0,0,0,0,0,0,0,0,0,0,0,0,0,0,0,0,0,0,0,0,0,0,0,0,0,0,0,0,0,0,0,0,0,0,0,0,0,0,0,0,0,0,0,0,0,0,0,0,0,0,0,0,0,0,0,0,0,0,0,0,0,0,0,0,0,0,0,0,0,0,0,0,0,0,0,0,0,0,0,0,0,0,0,0,0,0,0,0,0,0,0,0,0,0,0,0,0,0,0,0,0,0,0,0,0,0,0,0,0,0,0,0,0,0,0,0,0,0,0,0,0,0,0,0,0,0,0,0,0,0,0,0,0,0,0,0,0,0,0,0,0,0,0,0,0,0,0,0,0,0,0,0,0,0,0,0,0,0,0,0,0,0,0,0,0,0,0,0,0,0,0,0,0,0,0,0,0,0,0,0,0,0,0,0,0,0,0,0,0,0,0,0,0,0,0,0,0,0,0,0,0,0,0,0,0,0,0,0,0,0,0,0,0,0,0,0,0,0,0,0,0,0,0,0,0,0,0,0,0,0,0,0,0,0,0,0,0,0,0,0,0,0,0,0,0,0,0,0,0,0,0,0,0,0,0,0,0,0,0,0,0,0,0,0,0,0,0,0,0,0,0,0,0,0,0,0,0,0,0,0,0,0,0,0,0,0,0,0,0,0,0,0,0,0,0,0,0,0,0,0,0,0,0,0,0,0,0,0,0,0,0,0,0,0,0,0,0,0,0,0,0,0,0,0,0,0,0,0,0,0,0,0,0,0,0,0,0,0,0,0,0,0,0,0,0,0,0,0,0,0,0,0,0,0,0,0,0,0,0,0,0,0,0,0,0,0,0,0,0,0,0,0,0,0,0,0,0,0,0,0,0,0,0,0,0,0,0,0,0,0,0,0,0,0,0,0,0,0,0,0,0,0,0,0,0,0,0,0,0,0,0,0,0,0,0,0,0,0,0,0,0,0,0,0,0,0,0,0,0,0,0,0,0,0,0,0,0,0,0,0,0,0,0,0,0,0,0,0,0,0,0,0,0,0,0,0,0,0,0,0,0,0,0,0,0,0,0,0,0,0,0,0,0,0,0,0,0,0,0,0,0,0,0,0,0,0,0,0,0,0,0,0,0,0,0,0,0,0,0,0,0,0,0,0,0,0,0,0,0,0,0,0,0,0,0,0,0,0,0,0,0,0,0,0,0,0,0,0,0,0,0,0,0,0,0,0,0,0,0,0,0,0,0,0,0,0,0,0,0,0,0,0,0,0,0,0,0,0,0,0,0,0,0,0,0,0,0,0,0,0,0,0,0,0,0,0,0,0,0,0,0,0,0,0,0,0,0,0,0,0,0,0,0,0,0,0,0,0,0,0,0,0,0,0,0,0,0,0,0,0,0,0,0,0,0,0,0,0,0,0,0,0,0,0,0,0,0,0,0,0,0,0,0,0,0,0,0,0,0,0,0,0,0,0,0,0,0,0,0,0,0,0,0,0,0,0,0,0,0,0,0,0,0,0,0,0,0,0,0,0,0,0,0,0,0,0,0,0,0,0,0,0,0,0,0,0,0,0,0,0,0,0,0,0,0,0,0,0,0,0,0,0,0,0,0,0,0,0,0,0,0,0,0,0,0,0,0,0,0,0,0,0,0,0,0,0,0,0,0,0,0,0,0,0,0,0,0,0,0,0,0,0,0,0,0,0,0,0,0,0,0,0,0,0,0,0,0,0,0,0,0,0,0,0,0,0,0,0,0,0,0,0,0,0,0,0,0,0,0,0,0,0,0,0,0,0,0,0,0,0,0,0,0,0,0,0,0,0,0,0,0,0,0,0,0,0,0,0,0,0,0,0,0,0,0,0,0,0,0,0,0,0,0,0,0,0,0,0,0,0,0,0,0,0,0,0,0,0,0,0,0,0,0,0,0,0,0,0,0,0,0,0,0,0,0,0,0,0,0,0,0,0,0,0,0,0,0,0,0,0,0,0,0,0,0,0,0,0,0,0,0,0,0,0,0,0,0,0,0,0,0,0,0,0,0,0,0,0,0,0,0,0,0,0,0,0,0,0,0,0,0,0,0,0,0,0,0,0,0,0,0,0,0,0,0,0,0,0,0,0,0,0,0,0,0,0,0,0,0,0,0,0,0,0,0,0,0,0,0,0,0,0,0,0,0,0,0,0,0,0,0,0,0,0,0,0,0,0,0,0,0,0,0,0,0,0,0,0,0,0,0,0,0,0,0,0,0,0,0,0,0,0,0,0,0,0,0,0,0,0,0,0,0,0,0,0,0,0,0,0,0,0,0,0,0,0,0,0,0,0,0,0,0,0,0,0,0,0,0,0,0,0,0,0,0,0,0,0,0,0,0,0,0,0,0,0,0,0,0,0,0,0,0,0,0,0,0,0,0,0,0,0,0,0,0,0,0,0,0,0,0,0,0,0,0,0,0,0,0,0,0,0,0,0,0,0,0,0,0,0,0,0,0,0,0,0,0,0,0,0,0,0,0,0,0,0,0,0,0,0,0,0,0,0,0,0,0,0,0,0,0,0,0,0,0,0,0,0,0,0,0,0,0,0,0,0,0,0,0,0,0,0,0,0,0,0,0,0,0,0,0,0,0,0,0,0,0,0,0,0,0,0,0,0,0,0,0,0,0,0,0,0,0,0,0,0,0,0,0,0,0,0,0,0,0,0,0,0,0,0,0,0,0,0,0,0,0,0,0,0,0,0,0,0,0,0,0,0,0,0,0,0,0,0,0,0,0,0,0,0,0,0,0,0,0,0,0,0,0,0,0,0,0,0,0,0,0,0,0,0,0,0,0,0,0,0,0,0,0,0,0,0,0,0,0,0,0,0,0,0,0,0,0,0,0,0,0,0,0,0,0,0,0,0,0,0,0,0,0,0,0,0,0,0,0,0,0,0,0,0,0,0,0,0,0,0,0,0,0,0,0,0,0,0,0,0,0,0,0,0,0,0,0,0,0,0,0,0,0,0,0,0,0,0,0,0,0,0,0,0,0,0,0,0,0,0,0,0,0,0,0,0,0,0,0,0,0,0,0,0,0,0,0,0,0,0,0,0,0,0,0,0,0,0,0,0,0,0,0,0,0,0,0,0,0,0,0,0,0,0,0,0,0,0,0,0,0,0,0,0,0,0,0,0,0,0,0,0,0,0,0,0,0,0,0,0,0,0,0,0,0,0,0,0,0,0,0,0,0,0,0,0,0,0,0,0,0,0,0,0,0,0,0,0,0,0,0,0,0,0,0,0,0,0,0,0,0,0,0,0,0,0,0,0,0,0,0,0,0,0,0,0,0,0,0,0,0,0,0,0,0,0,0,0,0,0,0,0,0,0,0,0,0,0,0,0,0,0,0,0,0,0,0,0,0,0,0,0,0,0,0,0,0,0,0,0,0,0,0,0,0,0,0,0,0,0,0,0,0,0,0,0,0,0,0,0,0,0,0,0,0,0,0,0,0,0,0,0,0,0,0,0,0,0,0,0,0,0,0,0,0,0,0,0,0,0,0,0,0,0,0,0,0,0,0,0,0,0,0,0,0,0,0,0,0,0,0,0,0,0,0,0,0,0,0,0,0,0,0,0,0,0,0,0,0,0,0,0,0,0,0,0,0,0,0,0,0,0,0,0,0,0,0,0,0,0,0,0,0,0,0,0,0,0,0,0,0,0,0,0,0,0,0,0,0,0,0,0,0,0,0,0,0,0,0,0,0,0,0,0,0,0,0,0,0,0,0,0,0,0,0,0,0,0,0,0,0,0,0,0,0,0,0,0,0,0,0,0,0,0,0,0,0,0,0,0,0,0,0,0,0,0,0,0,0,0,0,0,0,0,0,0,0,0,0,0,0,0,0,0,0,0,0,0,0,0,0,0,0,0,0,0,0,0,0,0,0,0,0,0,0,0,0,0,0,0,0,0,0,0,0,0,0,0,0,0,0,0,0,0,0,0,0,0,0,0,0,0,0,0,0,0,0,0,0,0,0,0,0,0,0,0,0,0,0,0,0,0,0,0,0,0,0,0,0,0,0,0,0,0,0,0,0,0,0,0,0,0,0,0,0,0,0,0,0,0,0,0,0,0,0,0,0,0,0,0,0,0,0,0,0,0,0,0,0,0,0,0,0,0,0,0,0,0,0,0,0,0,0,0,0,0,0,0,0,0,0,0,0,0,0,0,0,0,0,0,0,0,0,0,0,0,0,0,0,0,0,0,0,0,0,0,0,0,0,0,0,0,0,0,0,0,0,0,0,0,0,0,0,0,0,0,0,0,0,0,0,0,0,0,0,0,0,0,0,0,0,0,0,0,0,0,0,0,0,0,0,0,0,0,0,0,0,0,0,0,0,0,0,0,0,0,0,0,0,0,0,0,0,0,0,0,0,0,0,0,0,0,0,0,0,0,0,0,0,0,0,0,0,0,0,0,0,0,0,0,0,0,0,0,0,0,0,0,0,0,0,0,0,0,0,0,0,0,0,0,0,0,0,0,0,0,0,0,0,0,0,0,0,0,0,0,0,0,0,0,0,0,0,0,0,0,0,0,0,0,0,0,0,0,0,0,0,0,0,0,0,0,0,0,0,0,0,0,0,0,0,0,0,0,0,0,0,0,0,0,0,0,0,0,0,0,0,0,0,0,0,0,0,0,0,0,0,0,0,0,0,0,0,0,0,0,0,0,0,0,0,0,0,0,0,0,0,0,0,0,0,0,0,0,0,0,0,0,0,0,0,0,0,0,0,0,0,0,0,0,0,0,0,0,0,0,0,0,0,0,0,0,0,0,0,0,0,0,0,0,0,0,0,0,0,0,0,0,0,0,0,0,0,0,0,0,0,0,0,0,0,0,0,0,0,0,0,0,0,0,0,0,0,0,0,0,0,0,0,0,0,0,0,0,0,0,0,0,0,0,0,0,0,0,0,0,0,0,0,0,0,0,0,0,0,0,0,0,0,0,0,0,0,0,0,0,0,0,0,0,0,0,0,0,0,0,0,0,0,0,0,0,0,0,0,0,0,0,0,0,0,0,0,0,0,0,0,0,0,0,0,0,0,0,0,0,0,0,0,0,0,0,0,0,0,0,0,0,0,0,0,0,0,0,0,0,0,0,0,0,0,0,0,0,0,0,0,0,0,0,0,0,0,0,0,0,0,0,0,0,0,0,0,0,0,0,0,0,0,0,0,0,0,0,0,0,0,0,0,0,0,0,0,0,0,0,0,0,0,0,0,0,0,0,0,0,0,0,0,0,0,0,0,0,0,0,0,0,0,0,0,0,0,0,0,0,0,0,0,0,0,0,0,0,0,0,0,0,0,0,0,0,0,0,0,0,0,0,0,0,0,0,0,0,0,0,0,0,0,0,0,0,0,0,0,0,0,0,0,0,0,0,0,0,0,0,0,0,0,0,0,0,0,0,0,0,0,0,0,0,0,0,0,0,0,0,0,0,0,0,0,0,0,0,0,0,0,0,0,0,0,0,0,0,0,0,0,0,0,0,0,0,0,0,0,0,0,0,0,0,0,0,0,0,0,0,0,0,0,0,0,0,0,0,0,0,0,0,0,0,0,0,0,0,0,0,0,0,0,0,0,0,0,0,0,0,0,0,0,0,0,0,0,0,0,0,0,0,0,0,0,0,0,0,0,0,0,0,0,0,0,0,0,0,0,0,0,0,0,0,0,0,0,0,0,0,0,0,0,0,0,0,0,0,0,0,0,0,0,0,0,0,0,0,0,0,0,0,0,0,0,0,0,0,0,0,0,0,0,0,0,0,0,0,0,0,0,0,0,0,0,0,0,0,0,0,0,0,0,0,0,0,0,0,0,0,0,0,0,0,0,0,0,0,0,0,0,0,0,0,0,0,0,0,0,0,0,0,0,0,0,0,0,0,0,0,0,0,0,0,0,0,0,0,0,0,0,0,0,0,0,0,0,0,0,0,0,0,0,0,0,0,0,0,0,0,0,0,0,0,0,0,0,0,0,0,0,0,0,0,0,0,0,0,0,0,0,0,0,0,0,0,0,0,0,0,0,0,0,0,0,0,0,0,0,0,0,0,0,0,0,0,0,0,0,0,0,0,0,0,0,0,0,0,0,0,0,0,0,0,0,0,0,0,0,0,0,0,0,0,0,0,0,0,0,0,0,0,0,0,0,0,0,0,0,0,0,0,0,0,0,0,0,0,0,0,0,0,0,0,0,0,0,0,0,0,0,0,0,0,0,0,0,0,0,0,0,0,0,0,0,0,0,0,0,0,0,0,0,0,0,0,0,0,0,0,0,0,0,0,0,0,0,0,0,0,0,0,0,0,0,0,0,0,0,0,0,0,0,0,0,0,0,0,0,0,0,0,0,0,0,0,0,0,0,0,0,0,0,0,0,0,0,0,0,0,0,0,0,0,0,0,0,0,0,0,0,0,0,0,0,0,0,0,0,0,0,0,0,0,0,0,0,0,0,0,0,0,0,0,0,0,0,0,0,0,0,0,0,0,0,0,0,0,0,0,0,0,0,0,0,0,0,0,0,0,0,0,0,0,0,0,0,0,0,0,0,0,0,0,0,0,0,0,0,0,0,0,0,0,0,0,0,0,0,0,0,0,0,0,0,0,0,0,0,0,0,0,0,0,0,0,0,0,0,0,0,0,0,0,0,0,0,0,0,0,0,0,0,0,0,0,0,0,0,0,0,0,0,0,0,0,0,0,0,0,0,0,0,0,0,0,0,0,0,0,0,0,0,0,0,0,0,0,0,0,0,0,0,0,0,0,0,0,0,0,0,0,0,0,0,0,0,0,0,0,0,0,0,0,0,0,0,0,0,0,0,0,0,0,0,0,0,0,0,0,0,0,0,0,0,0,0,0,0,0,0,0,0,0,0,0,0,0,0,0,0,0,0,0,0,0,0,0,0,0,0,0,0,0,0,0,0,0,0,0,0,0,0,0,0,0,0,0,0,0,0,0,0,0,0,0,0,0,0,0,0,0,0,0,0,0,0,0,0,0,0,0,0,0,0,0,0,0,0,0,0,0,0,0,0,0,0,0,0,0,0,0,0,0,0,0,0,0,0,0,0,0,0,0,0,0,0,0,0,0,0,0,0,0,0,0,0,0,0,0,0,0,0,0,0,0,0,0,0,0,0,0,0,0,0,0,0,0,0,0,0,0,0,0,0,0,0,0,0,0,0,0,0,0,0,0,0,0,0,0,0,0,0,0,0,0,0,0,0,0,0,0,0,0,0,0,0,0,0,0,0,0,0,0,0,0,0,0,0,0,0,0,0,0,0,0,0,0,0,0,0,0,0,0,0,0,0,0,0,0,0,0,0,0,0,0,0,0,0,0,0,0,0,0,0,0,0,0,0,0,0,0,0,0,0,0,0,0,0,0,0.52038765,-0.5606581,-0.55715483,-0.5540699,1.0622962,-1.2037431,0.15416545,-0.26277575,0.35955107,0.51233536,0.5850151,0.5118648,1.1957864,-0.33252737,0.42193013,-0.45132476,0.7315772,-0.08688031,-0.3530241,-0.054932598,0.26475367,1.2009106,-0.42910254,-0.94831824,-0.16139011,-0.4313509,0.714636,-0.2813901,-0.3278215,-0.018697305,0.8813288,-0.047194038,0.3130674,0.09429616,0.03740727,0.3247798,0.3952112,0.86945957,0.0035772058,0.60593015,-0.6729718,-0.66952085,-0.539011,0.5442308,0.16514583,-0.104762666,-1.3343574,-0.124422796,-0.98094565,0.3185576,0.0650674,1.0462961,-0.5382267,0.0003876634,0.59113276,0.057485703,-0.42512867,0.16043995,-0.29404372,-0.6214163,0.36959028,-0.3047104,-0.11082802,-0.069363974,-0.15804371,-0.60724634,0.24368179,0.6732243,-0.302096,-0.10617443,-0.25691953,-0.3230633,0.61178637,-0.06282802,0.4027929,-0.5306973,-0.20484109,-0.07736397,0.04242688,0.3303746,0.05194322,-0.020109069,-0.37383455,0.43149877,0.43385172,-0.18141626,-0.06695874,-0.19140318,0.43233538,0.5362831,0.19291054,-0.36217442,-0.45080188,0.084675245,-0.24238358,0.08352492,0.16577329,0.102034725,0.15677983,-0.41184762,0.44164255,-0.7791156,0.38271445,0.1054857,0.15411316,-0.3474816,-0.38476267,-0.048135214,0.055237338,0.7682308,-0.86523324,0.5867406,-0.21043587,0.58684516,0.1050674,-0.36677572,-0.38173,-0.6696254,-0.2718215,-0.068684235,-0.05880188,0.18098897,0.43599552,-0.59030515,0.029093545,-0.6877169,0.104649104,-0.14403063,-0.07234436,0.28917196,0.17889747,-0.008971814,0.1875772,0.07850531,0.08676675,0.1795772,-0.5147496,-0.09357312,-0.14057966,0.08477982,0.49628308,-0.7718476,0.09016544,-0.12431822,-0.027533906,0.43923733,-0.22769077,-0.13608292,-0.26601756,-0.05963848,-0.17942934,0.37863603,0.119185045,-0.14350776,-0.025390115,0.18893668,-0.32311562,-0.012370506,-0.14031821,-0.2596385,0.059420343,-0.40756005,-0.017390115,0.2229236,-0.20541626,0.4667406,-0.1437692,-0.4835862,-0.34528553,-0.046984885,-0.016292075,0.14747263,0.17528963,0.14857067,-0.14303717,0.71876675,0.11573407,0.09016544,-0.2018607,0.3648321,0.21779943,-0.36447507,0.35819158,-0.2941483,0.20467524,0.026636029,-0.29310253,-0.016448937,-0.32850122,-0.23229207,-0.17200449,0.16007394,-0.3724751,-0.114226714,-0.07825286,-0.011952206,-0.34172997,0.21691054,-0.099063314,-0.76975614,-0.35192606,-0.526462,-0.18214828,-0.3189849,0.081067406,0.24451838,-0.3206058,-0.3761352,-0.44034436,0.04634845,-0.046252858,0.36294976,0.16263603,-0.26434436,-0.56886727,-0.52541625,-0.41425285,0.5323615,0.24619159,0.47536805,-0.29090646,0.17889747,-0.021625409,0.14365564,0.28545955,-0.31626594,-0.11684109,0.041224264,-0.21169077,-0.1260437,0.57978636,0.4604138,0.41722426,-0.08008292,-0.15522018,-0.24536397,0.30292362,0.1269236,0.45121118,-0.5559522,-0.19014828,-0.3656254,0.0726491,-0.13545547,0.084361516,-0.023350898,-0.11940318,0.50658375,0.24723734,0.3378517,0.122374594,-0.32912868,0.28206086,0.2675772,0.13591708,-0.23804371,-0.37388685,-0.6460437,0.31024387,-0.01163848,0.25110662,0.34161642,0.11311969,0.18600857,-0.15579534,-0.1871679,-0.03903717,-0.52599144,-0.34617442,-0.08348162,0.081433415,0.31876674,-0.07208292,0.21262296,0.24049224,0.70365566,-0.20656659,-0.03637051,-0.2933117,0.028152369,0.093982436,0.39285824,0.113694854,-0.17963848,0.09481904,-0.09247508,-0.04949469,-0.29655352,0.26914585,0.026322303,0.23060988,-0.17142934,0.03698897,0.10402165,-0.41927245,0.04007394,0.5706883,0.03291054,0.39913276,0.1854857,0.09779943,0.10328963,0.020622957,-0.12897182,-0.12865809,0.07542034,0.59704125,0.04953799,0.12932885,0.18313277,-0.39265808,-0.050279003,0.03202165,-0.17545548,0.18815237,0.0027406046,-0.20290646,-0.20844893,-0.3825143,0.24059682,-0.35752082,-0.47192606,0.021145834,-0.41033128,-0.18659273,-0.2540437,0.16964257,0.13257067,0.22114584,0.13879289,-0.15422672,-0.3037169,0.30114582,0.45100203,-0.08379535,-0.11307639,0.017433414,-0.25127247,0.27296284,0.24593015,-0.5294947,-0.05859273,0.09366871,-0.47563848,-0.05054044,-0.10831822,-0.21383455,0.24849224,-0.21556005,-0.14089338,0.38663602,0.40017852,-0.012213644,-0.105180964,0.123995505,0.15677983,-0.12322018,-0.30695873,-0.06722018,-0.15339011,0.2583746,0.19060989,-0.015926061,-0.23412214,0.0037340687,-0.18303718,-0.23454045,0.112387665,-0.08829208,-0.35291952,0.06412622,-0.11020057,-0.02005678,0.20347263,-0.20682803,-0.2515339,0.08111969,0.37492362,-0.18403064,-0.39103717,-0.06314175,0.00629616,-0.18633129,-0.24698488,-0.0081875,0.17168178,0.34830922,-0.09508946,-0.21937704,0.068256944,0.03829616,0.198087,-0.063560046,0.1374857,-0.37179536,-0.1698607,-0.22450122,0.31923735,-0.12546855,0.035420343,0.10616544,0.15034845,0.08650531,-0.17362541,0.22987786,0.1412504,-0.048710376,0.15144649,-0.44620058,-0.008605801,0.2869759,0.18600857,-0.21310253,0.093720995,0.22276674,0.1833942,0.17047916,-0.21231821,-0.030828023,-0.4853117,0.43536806,-0.14810906,0.20148571,-0.27877572,0.072387666,0.14642689,-0.014775735,0.14067525,0.3811981,0.078557596,0.17612623,0.20430923,-0.065546975,0.12629616,-0.2734947,-0.07882802,-0.034017567,0.06940727,0.28692362,0.7880478,0.2550282,-0.50847507,-0.1458607,-0.0035861928,-0.35459274,0.34825695,-0.23333782,-0.35537705,-0.24118097,0.17717198,-0.16813521,0.07552492,-0.23720711,-0.055769198,-0.09765155,0.12995629,-0.6935731,0.30015236,0.029564135,-0.38005677,0.4115772,-0.36855352,-0.12844893,0.16383864,-0.11203064,-0.29864502,-0.19485417,0.10877982,-0.35312867,-0.36301103,0.37492362,-0.39872345,0.38574713,0.4499563,0.060884394,-0.28379536,-0.21472345,0.27782556,0.032753676,0.2869759,0.07840074,-0.16389991,-0.043795343,-0.4006581,0.34287134,0.024805965,-0.14957312,0.082426876,0.25570792,0.07332884,-0.041808415,-0.4157692,-0.13189992,0.377904,0.0035772058,0.31034845,-0.4157692,-0.4267496,0.35155106,0.32227,0.4679955,0.26051837,-0.20677574,-0.008919526,0.24164256,-0.047403187,-0.17754698,0.34443995,0.15625694,0.2145576,0.041381128,-0.2954555,0.1147406,0.44875368,0.011315768,-0.09153391,0.12457067,0.20676675,-0.41901103,0.20467524,-0.060631946,0.17100205,-0.262096,-0.089024104,0.1547406,-0.07244894,-0.38952082,-0.35840973,-0.14042279,-0.16290645,-0.2733901,0.08838766,-0.15040973,-0.029782271,-0.3803705,-0.24175613,-0.5403705,0.2878125,-0.41179535,-0.03757312,-0.22559926,-0.23339011,0.22015236,-0.39532477,-0.017756127,-0.1829326,-0.4220437,-0.08996528,0.056544527,-0.0053639705,-0.21639664,-0.2073509,-0.003952206,-0.2755862,-0.51522017,0.16708048,0.36211315,-0.12625286,-0.038200572,0.17863603,0.13842689,0.34187785,0.2023223,0.020675246,0.13361642,0.20812623,-0.15610906,-0.45064503,-0.27354696,0.27542034,0.42067525,0.15756413,0.0966491,0.4634465,0.16817851,0.15254453,-0.52457964,-0.20708945,0.34417853,0.07359028,-0.103246324,0.14543341,0.18862295,0.23709355,-0.056501225,-0.089390114,-0.28170383,0.11343341,0.09989093,0.12117197,-0.0746973,-0.005886846,-0.11307639,0.12049224,-0.18199143,-0.18052737,0.60849226,-0.09294567,-0.34654045,0.07636152,-0.026958741,-0.20614828,0.5180347,0.036675245,0.2545576,0.039289623,-0.45561233,0.28232232,0.18647917,0.03186479,-0.72008294,-0.26784763,-0.037416257,0.18752491,0.14956413,0.067315765,-0.51773,0.41868833,-0.20808293,-0.6512202,0.20268832,0.13628308,0.12111969,0.1273942,-0.20745547,-0.0561875,0.43076676,-0.374096,-0.035586193,0.21612622,-0.31783456,-0.05963848,-0.19166462,0.517721,-0.010592729,-0.065442406,0.18140727,-0.02225286,0.34532884,-0.12844893,-0.14240973,-0.20745547,-0.06523325,0.4221393,-0.030618872,0.18407394,0.43060988,0.19280596,-0.21634436,-0.08719403,-0.31982148,0.1926491,-0.5224882,-0.19924632,0.1261393,-0.22026592,0.13853146,0.33905432,0.0016425654,0.29764256,0.042270016,0.37931576,-0.3387496,0.225904,-0.06240972,0.088544525,0.058897465,0.19542034,-0.24949469,0.115629494,0.39573407,-0.34031823,0.016283087,-0.120919526,0.33142033,-0.0028541666,-0.21529861,0.019995507,-0.2970241,-0.04782149,-0.39699796,0.053825572,-0.32342932,-0.30000448,0.4549236,0.030453023,-0.16661887,-0.101573125,0.25131577,0.3959955,0.1000478,0.041590277,0.3004661,0.100727536,-0.07657966,0.13863602,0.2364138,0.281904,-0.16274959,0.044727534,0.0073941993,-0.11103717,0.05021773,-0.3884228,-0.37420058,-0.06612214,-0.1366058,0.31641382,0.36796936,0.1399955,-0.115377046,-0.004422794,0.10470139,-0.5387496,0.030557599,-0.1441352,-0.069311686,0.2397602,0.105276555,0.1880478,-0.42282802,-0.254462,-0.01963848,-0.302096,0.1349759,-0.11501103,0.33387786,-0.34057966,0.23510662,-0.37315482,0.19887133,0.08425695,0.32645303,0.018426878,0.048596814,-0.36552083,-0.32086724,0.08509354,0.08331577,-0.026540441,0.36357722,-0.24620058,0.23055759,0.2768844,-0.17639665,0.13894975,-0.21556005,-0.038828023,-0.305913,-0.59579533,0.31996936,0.40462297,-0.17352083,-0.26267117,0.15604779,0.0318125,-0.28259274,0.08796936,-0.37561235,-0.2987496,0.035943218,-0.0012855392,0.30161643,0.33053145,-0.15757312,0.3492504,0.29968178,0.012518383,-0.51067114,-0.09200449,0.30292362,0.02574714,-0.2754816,0.10768178,-0.10821364,0.21006086,-0.076161355,0.120753676,0.02877982,-0.18512867,-0.030305147,-0.38230515,-0.027167892,0.006348448,-0.17906332,0.23583864,-0.06288031,0.10569485,-0.21059273,0.06302819,-0.25723326,0.058165442,-0.23401757,0.16843995,-0.24243587,0.46349877,0.104335375,0.070191585,0.07787786,0.27034846,-0.01446201,0.33434844,0.041224264,-0.08076266,0.17659682,0.5757079,0.22857067,0.004936683,0.39996937,0.30579942,-0.103246324,-0.34476265,0.03489747,0.14156413,0.20959027,0.18522426,-0.4102267,-0.090958744,-0.22701102,-0.34010908,-0.06549469,0.04760335,0.26653147,0.0726491,0.1248844,0.12577328,0.10355106,-0.3303313,0.10491054,-0.24295874,-0.18643586,-0.10167769,-0.041808415,0.41643995,-0.19265808,0.28420466,-0.24149469,0.16687132,-0.23563848,-0.24902411,0.3383223,0.30569485,0.12221773,-0.096762665,0.173721,0.25147262,-0.29299796,0.0065053105,-0.033651553,0.12891054,0.38700205,0.15745956,0.3361785,0.07704126,0.757355,-0.44505024,-0.3101483,-0.19579534,-0.033128675,0.1829759,0.17675367,0.028518382,-0.020893382,0.39583865,-0.24133782,0.39871445,0.0057732845,0.31427002,-0.13085416,-0.18272345,0.04498897,-0.4191156,-0.06345548,-0.28081495,0.056283087,-0.09639665,-0.20766462,0.051734067,-0.32133782,-0.25916788,0.2862439,-0.2920045,-0.08698489,0.038505312,0.2651197,0.2187406,0.13743341,0.048073936,0.27860987,0.39071447,0.034583744,-0.43558618,0.21094975,0.28091055,-0.24552083,-0.058279004,0.14051838,0.108204655,0.25053146,0.07892361,0.2658517,-0.015507761,-0.15276267,0.046087008,0.01084518,-0.46941626,-0.27532476,-0.20086724,0.053302698,0.69894975,0.30564258,-0.44745547,0.33372098,-0.305913,-0.09508946,-0.10575613,-0.33969077,0.069198124,0.22726348,-0.12128554,0.23709355,-0.22282802,-0.23265809,0.20059681,0.28854454,0.090740606,-0.25728554,-0.1643705,-0.44839665,0.12749878,-0.22450122,-0.09989992,0.060936682,-0.10146855,-0.021207107,-0.37754697,-0.0054162582,-0.3008411,0.48289746,-0.15171692,-0.19799142,-0.029468546,0.13670139,0.005930147,-0.020788807,-0.065180965,-0.008814951,0.31317198,-0.019220179,-0.12374306,-0.0730241,0.19657066,-0.25686723,0.5250413,0.07040074,0.015080474,0.044100083,0.16624387,0.32760334,-0.29184762,0.2161785,0.02229616,0.36917198,0.06966871,-0.43527246,-0.07370384,0.2710282,-0.013520833,-0.08562541,0.15782557,-0.09864502,-0.095455475,-0.026697304,-0.16844894,0.030766748,-0.007926062,-0.10073652,-0.19741626,-0.2308803,-0.35579535,0.04373407,0.34349877,-0.4940437,0.07557721,0.0017471405,-0.18742932,0.39667526,0.16185172,0.19793014,0.08347263,-0.23799142,-0.11443587,-0.2566058,-0.08280188,0.21894975,-0.26267117,0.17236152,0.15040073,0.0490674,-0.21754698,0.24859682,-0.10068423,-0.07443587,0.14051838,0.016387664,-0.05989992,0.032858253,0.039028186,0.03677982,-0.18643586,-0.35124633,-0.004422794,-0.26575613,0.18020466,-0.09686724,-0.23401757,-0.6177561,-0.028370507,0.23955107,-0.09252737,0.16901511,0.38898897,-0.08426593,-0.22507639,-0.25383455,0.124675244,-0.28322017,1.0450412,-0.51882803,-1.4797169,1.2680478,-1.430828,0.81466216,-0.81373,-1.6443182,-1.2875601,-0.19318096,-0.09639665,0.5460086,0.64885825,-0.8935731,-0.12682803,0.5144269,0.86658376,0.78318506,0.22438766,0.45476675,-0.99914175,-1.0221483,-0.19156004,0.020884395,-0.014880311,-0.5768672,-1.0410241,-0.57665807,-0.096135214,0.5876295,-0.1732071,0.27751184,0.48498896,-0.6562921,0.16049224,-0.70471036,1.2067667,0.018426878,0.52582556,0.20786479,0.7129628,-0.3458607,0.027263481,0.13257067,0.44593015,0.917721,-1.1180437,0.42109355,0.22250532,-0.4225143,-0.6496515,0.54449224,-1.0100698,0.42825696,0.09356413,0.40770793,0.17942034,0.28368178,0.07066217,0.8748452,-0.47579533,-0.023926063,-0.57838356,-0.4148803,-0.48871037,0.3236295,-0.03888031,0.3614857,-0.040448938,-0.238096,-0.4844228,0.2002831,-0.046723448,-0.15542933,-0.3724751,0.47672755,0.0478125,-0.08295874,0.5360739,0.5355511,-0.30397835,0.39186478,0.4882831,0.9054334,-0.7429326,0.30715892,-0.1593509,-0.238096,0.3186099,0.23636152,0.02140727,0.10287132,0.016858252,0.6910021,0.22161642,0.49382558,0.12394322,-0.46978226,0.22820465,0.065276556,-0.65592605,-0.36897182,0.1463746,-0.5916646,0.50271446,-0.33644894,0.9486753,0.66308045,-0.18957312,0.19902818,0.54679286,0.09126348,-0.13461888,-0.23495874,-0.6557169,0.38977328,0.4401785,0.50961643,-0.6612594,-0.6525274,0.36216545,-0.3568934,0.14653145,0.39494976,-0.43569076,
0,0,0,0,0,0,0,0,1,0,0,0,0,0,0,0,0,0,0,0,0,0,0,0,0,0,0,0,0,0,0,0,0,0,0,0,0,0,0,0,0,0,0,0,0,0,0,0,0,0,0,0,0,0,0,0,0,0,0,0,0,0,0,0,0,0,0,0,0,0,0,0,0,0,0,0,0,0,0,0,0,0,0,0,0,0,0,0,0,0,0,0,0,0,0,0,0,0,0,0,0,0,0,0,0,0,0,0,0,0,0,0,0,0,0,0,0,0,0,0,0,0,0,0,0,0,0,0,0,0,0,0,0,0,0,0,0,0,0,0,0,0,0,0,0,0,0,0,0,0,0,0,0,0,0,0,0,0,0,0,0,0,0,0,0,0,0,0,0,0,0,0,0,0,0,0,0,0,0,0,0,0,0,0,0,0,0,0,0,0,0,0,0,0,0,0,0,0,0,0,0,0,0,0,0,0,0,0,0,0,0,0,0,0,0,0,0,0,0,0,0,0,0,0,0,0,0,0,0,0,0,0,0,0,0,0,0,0,0,0,0,0,0,0,0,0,0,0,0,0,0,0,0,0,0,0,0,0,0,0,0,0,0,0,0,0,0,0,0,0,0,0,0,0,0,0,0,0,0,0,0,0,0,0,0,0,0,0,0,0,0,0,0,0,0,0,0,0,0,0,0,0,0,0,0,0,0,0,0,0,0,0,0,0,0,0,0,0,0,0,0,0,0,0,0,0,0,0,0,0,0,0,0,0,0,0,0,0,0,0,0,0,0,0,0,0,0,0,0,0,0,0,0,0,0,0,0,0,0,0,0,0,0,0,0,0,0,0,0,0,0,0,0,0,0,0,0,0,0,0,0,0,0,0,0,0,0,0,0,0,0,0,0,0,0,0,0,0,0,0,0,0,0,0,0,0,0,0,0,0,0,0,0,0,0,0,0,0,0,0,0,0,0,0,0,0,0,0,0,0,0,0,0,0,0,0,0,0,0,0,0,0,0,0,0,0,0,0,0,0,0,0,0,0,0,0,0,0,0,0,0,0,0,0,0,0,0,0,0,0,0,0,0,0,0,0,0,0,0,0,0,0,0,0,0,0,0,0,0,0,0,0,0,0,0,0,0,0,0,0,0,0,0,0,0,0,0,0,0,0,0,0,0,0,0,0,0,0,0,0,0,0,0,0,0,0,0,0,0,0,0,0,0,0,0,0,0,0,0,0,0,0,0,0,0,0,0,0,0,0,0,0,0,0,0,0,0,0,0,0,0,0,0,0,0,0,0,0,0,0,0,0,0,0,0,0,0,0,0,0,0,0,0,0,0,0,0,0,0,0,0,0,0,0,0,0,0,0,0,0,0,0,0,0,0,0,0,0,0,0,0,0,0,0,0,0,0,0,0,0,0,0,0,0,0,0,0,0,0,0,0,0,0,0,0,0,0,0,0,0,0,0,0,0,0,0,0,0,0,0,0,0,0,0,0,0,0,0,0,0,0,0,0,0,0,0,0,0,0,0,0,0,0,0,0,0,0,0,0,0,0,0,0,0,0,0,0,0,0,0,0,0,0,0,0,0,0,0,0,0,0,0,0,0,0,0,0,0,0,0,0,0,0,0,0,0,0,0,0,0,0,0,0,0,0,0,0,0,0,0,0,0,0,0,0,0,0,0,0,0,0,0,0,0,0,0,0,0,0,0,0,0,0,0,0,0,0,0,0,0,0,0,0,0,0,0,0,0,0,0,0,0,0,0,0,0,0,0,0,0,0,0,0,0,0,0,0,0,0,0,0,0,0,0,0,0,0,0,0,0,0,0,0,0,0,0,0,0,0,0,0,0,0,0,0,0,0,0,0,0,0,0,0,0,0,0,0,0,0,0,0,0,0,0,0,0,0,0,0,0,0,0,0,0,0,0,0,0,0,0,0,0,0,0,0,0,0,0,0,0,0,0,0,0,0,0,0,0,0,0,0,0,0,0,0,0,0,0,0,0,0,0,0,0,0,0,0,0,0,0,0,0,0,0,0,0,0,0,0,0,0,0,0,0,0,0,0,0,0,0,0,0,0,0,0,0,0,0,0,0,0,0,0,0,0,0,0,0,0,0,0,0,0,0,0,0,0,0,0,0,0,0,0,0,0,0,0,0,0,0,0,0,0,0,0,0,0,0,0,0,0,0,0,0,0,0,0,0,0,0,0,0,0,0,0,0,0,0,0,0,0,0,0,0,0,0,0,0,0,0,0,0,0,0,0,0,0,0,0,0,0,0,0,0,0,0,0,0,0,0,0,0,0,0,0,0,0,0,0,0,0,0,0,0,0,0,0,0,0,0,0,0,0,0,0,0,0,0,0,0,0,0,0,0,0,0,0,0,0,0,0,0,0,0,0,0,0,0,0,0,0,0,0,0,0,0,0,0,0,0,0,0,0,0,0,0,0,0,0,0,0,0,0,0,0,0,0,0,0,0,0,0,0,0,0,0,0,0,0,0,0,0,0,0,0,0,0,0,0,0,0,0,0,0,0,0,0,0,0,0,0,0,0,0,0,0,0,0,0,0,0,0,0,0,0,0,0,0,0,0,0,0,0,0,0,0,0,0,0,0,0,0,0,0,0,0,0,0,0,0,0,0,0,0,0,0,0,0,0,0,0,0,0,0,0,0,0,0,0,0,0,0,0,0,0,0,0,0,0,0,0,0,0,0,0,0,0,0,0,0,0,0,0,0,0,0,0,0,0,0,0,0,0,0,0,0,0,0,0,0,0,0,0,0,0,0,0,0,0,0,0,0,0,0,0,0,0,0,0,0,0,0,0,0,0,0,0,0,0,0,0,0,0,0,0,0,0,0,0,0,0,0,0,0,0,0,0,0,0,0,0,0,0,0,0,0,0,0,0,0,0,0,0,0,0,0,0,0,0,0,0,0,0,0,0,0,0,0,0,0,0,0,0,0,0,0,0,0,0,0,0,0,0,0,0,0,0,0,0,0,0,0,0,0,0,0,0,0,0,0,0,0,0,0,0,0,0,0,0,0,0,0,0,0,0,0,0,0,0,0,0,0,0,0,0,0,0,0,0,0,0,0,0,0,0,0,0,0,0,0,0,0,0,0,0,0,0,0,0,0,0,0,0,0,0,0,0,0,0,0,0,0,0,0,0,0,0,0,0,0,0,0,0,0,0,0,0,0,0,0,0,0,0,0,0,0,0,0,0,0,0,0,0,0,0,0,0,0,0,0,0,0,0,0,0,0,0,0,0,0,0,0,0,0,0,0,0,0,0,0,0,0,0,0,0,0,0,0,0,0,0,0,0,0,0,0,0,0,0,0,0,0,0,0,0,0,0,0,0,0,0,0,0,0,0,0,0,0,0,0,0,0,0,0,0,0,0,0,0,0,0,0,0,0,0,0,0,0,0,0,0,0,0,0,0,0,0,0,0,0,0,0,0,0,0,0,0,0,0,0,0,0,0,0,0,0,0,0,0,0,0,0,0,0,0,0,0,0,0,0,0,0,0,0,0,0,0,0,0,0,0,0,0,0,0,0,0,0,0,0,0,0,0,0,0,0,0,0,0,0,0,0,0,0,0,0,0,0,0,0,0,0,0,0,0,0,0,0,0,0,0,0,0,0,0,0,0,0,0,0,0,0,0,0,0,0,0,0,0,0,0,0,0,0,0,0,0,0,0,0,0,0,0,0,0,0,0,0,0,0,0,0,0,0,0,0,0,0,0,0,0,0,0,0,0,0,0,0,0,0,0,0,0,0,0,0,0,0,0,0,0,0,0,0,0,0,0,0,0,0,0,0,0,0,0,0,0,0,0,0,0,0,0,0,0,0,0,0,0,0,0,0,0,0,0,0,0,0,0,0,0,0,0,0,0,0,0,0,0,0,0,0,0,0,0,0,0,0,0,0,0,0,0,0,0,0,0,0,0,0,0,0,0,0,0,0,0,0,0,0,0,0,0,0,0,0,0,0,0,0,0,0,0,0,0,0,0,0,0,0,0,0,0,0,0,0,0,0,0,0,0,0,0,0,0,0,0,0,0,0,0,0,0,0,0,0,0,0,0,0,0,0,0,0,0,0,0,0,0,0,0,0,0,0,0,0,0,0,0,0,0,0,0,0,0,0,0,0,0,0,0,0,0,0,0,0,0,0,0,0,0,0,0,0,0,0,0,0,0,0,0,0,0,0,0,0,0,0,0,0,0,0,0,0,0,0,0,0,0,0,0,0,0,0,0,0,0,0,0,0,0,0,0,0,0,0,0,0,0,0,0,0,0,0,0,0,0,0,0,0,0,0,0,0,0,0,0,0,0,0,0,0,0,0,0,0,0,0,0,0,0,0,0,0,0,0,0,0,0,0,0,0,0,0,0,0,0,0,0,0,0,0,0,0,0,0,0,0,0,0,0,0,0,0,0,0,0,0,0,0,0,0,0,0,0,0,0,0,0,0,0,0,0,0,0,0,0,0,0,0,0,0,0,0,0,0,0,0,0,0,0,0,0,0,0,0,0,0,0,0,0,0,0,0,0,0,0,0,0,0,0,0,0,0,0,0,0,0,0,0,0,0,0,0,0,0,0,0,0,0,0,0,0,0,0,0,0,0,0,0,0,0,0,0,0,0,0,0,0,0,0,0,0,0,0,0,0,0,0,0,0,0,0,0,0,0,0,0,0,0,0,0,0,0,0,0,0,0,0,0,0,0,0,0,0,0,0,0,0,0,0,0,0,0,0,0,0,0,0,0,0,0,0,0,0,0,0,0,0,0,0,0,0,0,0,0,0,0,0,0,0,0,0,0,0,0,0,0,0,0,0,0,0,0,0,0,0,0,0,0,0,0,0,0,0,0,0,0,0,0,0,0,0,0,0,0,0,0,0,0,0,0,0,0,0,0,0,0,0,0,0,0,0,0,0,0,0,0,0,0,0,0,0,0,0,0,0,0,0,0,0,0,0,0,0,0,0,0,0,0,0,0,0,0,0,0,0,0,0,0,0,0,0,0,0,0,0,0,0,0,0,0,0,0,0,0,0,0,0,0,0,0,0,0,0,0,0,0,0,0,0,0,0,0,0,0,0,0,0,0,0,0,0,0,0,0,0,0,0,0,0,0,0,0,0,0,0,0,0,0,0,0,0,0,0,0,0,0,0,0,0,0,0,0,0,0,0,0,0,0,0,0,0,0,0,0,0,0,0,0,0,0,0,0,0,0,0,0,0,0,0,0,0,0,0,0,0,0,0,0,0,0,0,0,0,0,0,0,0,0,0,0,0,0,0,0,0,0,0,0,0,0,0,0,0,0,0,0,0,0,0,0,0,0,0,0,0,0,0,0,0,0,0,0,0,0,0,0,0,0,0,0,0,0,0,0,0,0,0,0,0,0,0,0,0,0,0,0,0,0,0,0,0,0,0,0,0,0,0,0,0,0,0,0,0,0,0,0,0,0,0,0,0,0,0,0,0,0,0,0,0,0,0,0,0,0,0,0,0,0,0,0,0,0,0,0,0,0,0,0,0,0,0,0,0,0,0,0,0,0,0,0,0,0,0,0,0,0,0,0,0,0,0,0,0,0,0,0,0,0,0,0,0,0,0,0,0,0,0,0,0,0,0,0,0,0,0,0,0,0,0,0,0,0,0,0,0,0,0,0,0,0,0,0,0,0,0,0,0,0,0,0,0,0,0,0,0,0,0,0,0,0,0,0,0,0,0,0,0,0,0,0,0,0,0,0,0,0,0,0,0,0,0,0,0,0,0,0,0,0,0,0,0,0,0,0,0,0,0,0,0,0,0,0,0,0,0,0,0,0,0,0,0,0,0,0,0,0,0,0,0,0,0,0,0,0,0,0,0,0,0,0,0,0,0,0,0,0,0,0,0,0,0,0,0,0,0,0,0,0,0,0,0,0,0,0,0,0,0,0,0,0,0,0,0,0,0,0,0,0,0,0,0,0,0,0,0,0,0,0,0,0,0,0,0,0,0,0,0,0,0,0,0,0,0,0,0,0,0,0,0,0,0,0,0,0,0,0,0,0,0,0,0,0,0,0,0,0,0,0,0,0,0,0,0,0,0,0,0,0,0,0,0,0,0,0,0,0,0,0,0,0,0,0,0,0,0,0,0,0,0,0,0,0,0,0,0,0,0,0,0,0,0,0,0,0,0,0,0,0,0,0,0,0,0,0,0,0,0,0,0,0,0,0,0,0,0,0,0,0,0,0,0,0,0,0,0,0,0,0,0,0,0,0,0,0,0,0,0,0,0,0,0,0,0,0,0,0,0,0,0,0,0,0,0,0,0,0,0,0,0,0,0,0,0,0,0,0,0,0,0,0,0,0,0,0,0,0,0,0,0,0,0,0,0,0,0,0,0,0,0,0,0,0,0,0,0,0,0,0,0,0,0,0,0,0,0,0,0,0,0,0,0,0,0,0,0,0,0,0,0,0,0,0,0,0,0,0,0,0,0,0,0,0,0,0,0,0,0,0,0,0,0,0,0,0,0,0,0,0,0,0,0,0,0,0,0,0,0,0,0,0,0,0,0,0,0,0,0,0,0,0,0,0,0,0,0,0,0,0,0,0,0,0,0,0,0,0,0,0,0,0,0,0,0,0,0,0,0,0,0,0,0,0,0,0,0,0,0,0,0,0,0,0,0,0,0,0,0,0,0,0,0,0,0,0,0,0,0,0,0,0,0,0,0,0,0,0,0,0,0,0,0,0,0,0,0,0,0,0,0,0,0,0,0,0,0,0,0,0,0,0,0,0,0,0,0,0,0,0,0,0,0,0,0,0,0,0,0,0,0,0,0,0,0,0,0,0,0,0,0,0,0,0,0,0,0,0,0,0,0,0,0,0,0,0,0,0,0,0,0,0,0,0,0,0,0,0,0,0,0,0,0,0,0,0,0,0,0,0,0,0,0,0,0,0,0,0,0,0,0,0,0,0,0,0,0,0,0,0,0,0,0,0,0,0,0,0,0,0,0,0,0,0,0,0,0,0,0,0,0,0,0,0,0,0,0,0,0,0,0,0,0,0,0,0,0,0,0,0,0,0,0,0,0,0,0,0,0,0,0,0,0,0,0,0,0,0,0,0,0,0,0,0,0,0,0,0,0,0,0,0,0,0,0,0,0,0,0,0,0,0,0,0,0,0,0,0,0,0,0,0,0,0,0,0,0,0,0,0,0,0,0,0,0,0,0,0,0,0,0,0,0,0,0,0,0,0,0,0,0,0,0,0,0,0,0,0,0,0,0,0,0,0,0,0,0,0,0,0,0,0,0,0,0,0,0,0,0,0,0,0,0,0,0,0,0,0,0,0,0,0,0,0,0,0,0,0,0,0,0,0,0,0,0,0,0,0,0,0,0,0,0,0,0,0,0,0,0,0,0,0,0,0,0,0,0,0,0,0,0,0,0,0,0,0,0,0,0,0,0,0,0,0,0,0,0,0,0,0,0,0,0,0,0,0,0,0,0,0,0,0,0,0,0,0,0,0,0,0,0,0,0,0,0,0,0,0,0,0,0,0,0,0,0,0,0,0,0,0,0,0,0,0,0,0,0,0,0,0,0,0,0,0,0,0,0,0,0,0,0,0,0,0,0,0,0,0,0,0,0,0,0,0,0,0,0,0,0,0,0,0,0,0,0,0,0,0,0,0,0,0,0,0,0,0,0,0,0,0,0,0,0,0,0,0,0,0,0,0,0,0,0,0,0,0,0,0,0,0,0,0,0,0,0,0,0,0,0,0,0,0,0,0,0,0,0,0,0,0,0,0,0,0,0,0,0,0,0,0,0,0,0,0,0,0,0,0,0,0,0,0,0,0,0,0,0,0,0,0,0,0,0,0,0,0,0,0,0,0,0,0,0,0,0,0,0,0,0,0,0,0,0,0,0,0,0,0,0,0,0,0,0,0,0,0,0,0,0,0,0,0,0,0,0,0,0,0,0,0,0,0,0,0,0,0,0,0,0,0,0,0,0,0,0,0,0,0,0,0,0,0,0,0,0,0,0,0,0,0,0,0,0,0,0,0,0,0,0,0,0,0,0,0,0,0,0,0,0,0,0,0,0,0,0,0,0,0,0,0,0,0,0,0,0,0,0,0,0,0,0,0,0,0,0,0,0,0,0,0,0,0,0,0,0,0,0,0,0,0,0,0,0,0,0,0,0,0,0,0,0,0,0,0,0,0,0,0,0,0,0,0,0,0,0,0,0,0,0,0,0,0,0,0,0,0,0,0,0,0,0,0,0,0,0,0,0,0,0,0,0,0,0,0,0,0,0,0,0,0,0,0,0,0,0,0,0,0,0,0,0,0,0,0,0,0,0,0,0,0,0,0,0,0,0,0,0,0,0,0,0,0,0,0,0,0,0,0,0,0,0,0,0,0,0,0,0,0,0,0,0,0,0,0,0,0,0,0,0,0,0,0,0,0,0,0,0,0,0,0,0,0,0,0,0,0,0,0,0,0,0,0,0,0,0,0,0,0,0,0,0,0,0,0,0,0,0,0,0,0,0,0,0,0,0,0,0,0,0,0,0,0,0,0,0,0,0,0,0,0,0,0,0,0,0,0,0,0,0,0,0,0,0,0,0,0,0,0,0,0,0,0,0,0,0,0,0,0,0,0,0,0,0,0,0,0,0,0,0,0,0,0,0,0,0,0,0,0,0,0,0,0,0,0,0,0,0,0,0,0,0,0,0,0,0,0,0,0,0,0,0,0,0.41753912,-0.11517576,1.3631573,0.5952607,-0.60043824,0.6700375,0.937154,-0.86732984,0.8518072,1.3429731,-0.4074802,0.025213582,-0.895835,-0.4479609,0.089476705,-1.0190201,-1.3315086,0.028586974,-0.5718206,0.86192733,-0.167126,-0.99220157,-0.5835713,0.076264255,0.22857292,0.2864266,-0.5688408,0.0042423266,0.1587437,-0.65205115,0.33399144,-0.61972284,-0.9168062,0.80767196,-0.5193644,0.17184371,0.4737061,0.53341514,0.5780001,0.24172916,0.57468295,0.22576176,1.5909175,-0.31409347,0.9282707,0.34692276,1.2159649,0.2641622,-0.8726148,-0.040342677,1.1601914,0.33595926,-0.35541752,0.4232739,0.12984496,-0.012287296,0.44430137,-0.370148,1.0285729,0.62309116,0.43716103,-0.863338,-0.3781317,0.41916957,-0.44976005,0.05411231,-0.9331672,-0.5501185,0.6224165,0.36244038,-0.94817877,-0.0740766,0.05900373,-0.31426212,0.028980536,-1.3371872,1.2937216,-0.18157537,0.97156256,-0.49676266,0.25038752,-1.4735847,0.61403924,-0.7309323,0.3596292,-0.817516,-1.0935158,-1.1675055,0.022627315,-0.73582375,-1.4537941,0.42147473,-0.9714552,0.83747023,0.6810573,-0.4580249,-1.0345938,-0.118605375,0.98578703,0.08104323,-0.9464921,0.48809925,0.06923635,-1.2502098,0.025044912,0.53319025,-0.6923632,0.21794674,-0.64867777,-0.053892467,-0.31696084,-0.1460423,0.5158735,-0.61685544,-1.3604635,0.10218315,0.84011275,0.1892729,0.9331059,-0.15172085,0.30301243,0.74200326,-0.74206454,0.62449676,-0.3691922,0.5723778,-0.9018509,-0.1428938,0.13732265,-1.2228291,-0.46167937,-0.37217203,0.6210671,-0.6165181,0.6527208,0.60375035,-0.2785604,0.20445317,-0.63377863,0.14333853,0.03061101,-0.7720877,-0.020214768,-1.125563,0.44087175,-0.8831285,-0.3321411,0.6009392,1.059833,0.9554265,0.099821776,0.56686795,0.6960689,-0.6469911,0.63888985,-0.44408152,-0.23144536,-0.18691657,-1.2332866,-0.4823695,-0.07250235,-0.1344041,-0.0061589666,-8.686046e-05,-0.37526432,0.012057352,0.15666343,-0.3296673,0.09060117,0.40680048,0.52076495,0.4841636,-0.51132447,-0.9113526,-0.040342677,0.2720897,-0.8241504,1.010975,0.17971495,0.3514206,0.008459067,0.8345466,0.53583276,-0.32843038,-0.2584325,-0.17572816,0.105781436,-0.66779363,-0.26512304,-0.40978536,0.6816195,0.04146209,0.2629253,-0.5075013,-0.44616178,-0.8359573,0.24954417,0.025832038,-0.8588963,0.99568236,-1.0785604,-0.4600489,0.69185215,-0.44627422,-0.3563733,-0.6468224,0.014362504,-0.53162104,0.09301877,1.2966452,0.35681805,-0.32415742,0.61887443,-0.097128116,-0.52538025,-0.2700707,-0.8500693,-0.84489673,0.2573592,-0.067892045,0.35350087,-0.029435374,0.34945282,0.91809434,-0.17347923,-1.0821024,1.2087121,-0.286263,0.11685741,-0.18359941,0.3821185,-0.8254435,0.35715538,0.15351494,0.7809659,0.39600563,0.040899858,-0.2863192,-0.8160542,-0.18888439,-0.9205732,0.3699743,0.14384454,0.05900373,-0.004359824,0.60217613,0.7983389,0.44891167,1.1350597,0.17937762,-0.51756525,0.5509006,0.38937128,1.5756247,-0.18292473,-0.28958014,-0.72210526,-0.5229065,0.2266051,0.7557779,0.94108963,0.7323891,-0.07767489,-0.8728959,-0.06918518,0.19804372,-0.97156763,-0.55725884,-0.17876421,0.9295076,-0.015604465,0.57923704,0.2723708,0.025775814,0.7859136,-0.7028769,-0.09358605,-0.25995052,-1.1686862,0.24032357,0.032466374,-0.19400069,-0.4403708,-0.43952745,0.54971987,-0.28884923,-0.663352,0.0031178624,1.0631502,0.33545324,-0.572158,0.5566353,1.3019302,-0.46038625,0.7041088,-0.5487691,-0.36059007,0.2627004,-0.7704572,0.35248888,0.13591708,0.35198286,-0.27850416,-0.5045215,0.75729597,-0.47972703,-0.2604003,-0.35817245,-0.010544376,-0.67802626,0.57906836,-0.39066947,-0.63962585,0.4950147,-0.9271513,0.6531143,0.43339404,-0.03393323,0.07199129,0.15143467,-0.44245106,0.46032497,-0.1872539,0.9047132,-0.80486584,-0.75229716,-0.21322903,0.41827002,0.6162881,-0.8149298,0.80216205,-0.1269264,-1.1468154,-0.319772,0.43643013,1.2849507,-0.84613365,0.32488328,-0.2807531,0.54387265,-0.41608235,-0.53578156,1.445468,0.40573224,-0.9993419,-0.9081479,-1.0446578,0.03763891,-0.13058092,0.29165536,0.23295833,-0.27979732,-0.2669222,0.16110507,-0.2875561,0.27849913,-0.0003679765,-0.61972284,-0.3013308,-0.4350296,-0.2262166,0.08464151,0.2212639,0.46712798,-0.010094591,-0.5392674,-1.1158926,-0.1046058,0.33663392,0.09903465,0.4087683,-0.50834465,0.5189658,-0.5392112,-1.040441,0.41827002,-0.46910083,0.5861525,-0.17786464,-0.25545266,-0.004359824,0.14738661,0.08115567,-0.26360503,0.84337366,0.6610418,-0.1395204,0.27608153,0.3026751,-1.4225903,0.007953058,-0.18202515,0.05709214,-0.12675774,-0.02797357,-0.3136999,0.4586945,-0.4648279,-0.24595094,-0.2855883,-0.04973195,0.793335,-0.36475056,0.2987957,-0.24589472,-1.3253803,0.967627,0.25111842,0.4383417,-1.1647506,-0.5962215,0.29002488,-0.30043122,-0.5445524,1.0417854,-0.06688003,-0.74942976,1.1370836,0.56068337,0.50215507,0.16043039,0.703153,0.69837403,-0.44053945,0.46864602,-0.1685878,-0.2986321,-0.21857023,0.19618835,0.35738027,-0.21081144,-0.74971086,-0.050800193,0.43974727,-0.32685614,-0.1852861,0.22891025,0.13136299,-0.0958912,0.9021832,0.52447563,-0.62450176,1.3718718,0.88126814,0.4989503,-0.62303996,0.11179732,0.2559536,-0.395336,1.4047624,-0.15874875,-0.059233673,0.9224235,0.12495355,0.4065756,0.46903956,-0.5770494,0.8032303,0.6684071,-0.07638175,0.23228365,-0.55394167,0.4070816,0.68431824,0.47854128,0.02796852,0.29834592,-0.015267126,1.0958159,0.8189728,0.24695791,0.43277562,-0.74189585,0.40966788,0.30250645,-0.35552996,0.35361332,0.3400073,-0.34091192,0.31847382,0.79586506,-0.39955273,-0.40427548,0.49377778,-0.5254927,1.0673107,-1.1169609,-0.51177424,-0.2645046,-0.6383327,0.42119363,0.10668101,0.14165184,-0.26338014,1.2012906,-0.50255364,-0.5748567,0.12866428,0.58828896,-0.9084852,-0.21418484,-0.30757156,-0.23144536,0.13563596,0.24549611,0.65215856,-0.12529594,-0.010656823,0.19894329,-1.1784128,0.42602882,0.26112616,0.31420085,-0.2584887,0.9433948,-0.0019422263,0.46465415,0.309197,-0.47950214,-0.21322903,0.08891448,0.79288524,0.57288384,-0.5218382,0.014362504,-0.059065003,0.64951605,-0.3100454,-0.14278136,-0.20850629,0.30306867,0.25291756,0.45959407,-0.6954555,-0.79710704,0.6539577,0.21524802,-0.53291416,-0.539661,-0.21851401,0.6666079,0.43339404,0.47522414,-0.90556157,-0.06255084,0.27197725,0.41039878,0.2440343,0.41916957,0.3210601,0.3859979,-0.62557,0.3082412,-0.03494525,-0.05496071,0.7665728,0.84303635,0.88475394,0.095548816,0.9004965,-0.9660578,-0.8178534,-0.30650333,-0.48681116,0.095773704,0.06372648,0.3806567,-0.22683506,0.5248692,-0.4343549,0.385267,0.26506177,0.5580409,-0.1826436,0.714735,-1.1767261,0.14019004,-0.2969454,1.21321,0.44891167,-0.3803244,-1.1584536,-0.01622292,0.5295358,0.5419611,0.35293865,-0.25787026,0.35698673,0.105725214,0.19028492,-0.1610539,0.59745336,-0.8297727,0.6191555,-0.45459527,-0.299363,-0.40152055,-0.30965182,-0.43373644,0.2833343,-0.6025185,-1.0061449,-0.9364281,0.6796517,-0.05231822,-0.7837259,-0.22149384,-0.17426635,-0.4488605,0.38397387,0.018972807,-0.2196947,1.393349,0.4790473,-0.21828912,0.47668594,0.2503313,-0.006552529,0.47887865,-0.35406816,0.38099402,0.56377566,0.46605974,-0.1632466,0.7070324,-0.06468733,0.07581447,0.7884436,-0.6727413,-0.4670768,0.49883786,-0.41630724,0.12416642,-0.03202164,-0.038712204,0.505416,-0.4367725,-0.014592447,-0.1683067,0.046016168,0.42068762,0.07935653,-0.083128534,0.11612651,-0.14053243,-0.31330633,-0.5001923,0.550507,-0.1101719,-0.10618005,-0.20861873,1.0727644,-0.13946418,-0.07115299,0.12574068,-0.21322903,0.3467541,0.6510341,0.7632556,-0.35755402,0.035277538,0.060465533,-0.07548218,0.25303,0.71051824,0.11089775,-0.21733333,0.59734094,0.019253923,-0.44970384,0.045060374,0.605662,-1.0388668,-0.97870797,0.2403798,0.7064139,-0.2540471,0.28417766,-0.75122887,-0.0176285,0.11219088,0.7455453,-0.017066268,0.015205852,-0.33725742,-0.3634012,0.11354024,0.95593256,-0.5764872,0.9751609,0.03673934,0.27951115,-0.00070531573,-0.376445,-0.7446508,-0.01779717,0.3300558,-0.95700586,0.14457545,-0.52841634,0.595598,0.091894306,0.31661847,-0.04343495,0.59104395,-0.9263642,0.61966157,-0.1048307,-0.86159503,-0.67285377,-0.14446805,1.0493755,-0.338663,0.03375951,-0.0048096096,-0.8733457,-0.12169766,-0.36654973,-0.48197597,-0.2790664,-0.14964059,-0.2410033,-0.36295143,0.27878025,-0.7291894,-1.1539557,-0.25905094,0.5937989,-0.34608448,0.14665571,0.8515823,-0.16358395,0.6012203,-0.46106094,-0.6969735,-0.91129637,-0.629337,-0.22419256,0.30076352,0.4209125,-0.24544494,0.20248535,-0.7037203,0.14193296,-0.89352983,0.97465485,-0.057322085,-0.21204835,0.30070728,0.33674636,-0.7948581,0.63450444,-0.25449687,-0.48703605,0.19343342,-0.03730662,-0.76803964,-0.2763677,0.17139392,-0.0922367,-0.04759547,0.4911915,0.6609856,0.045678828,0.09054495,0.16852653,0.34630433,0.107468136,0.071597725,-0.41315874,-0.09088734,0.398873,-0.036125936,0.5325718,0.41810134,-0.11045302,-0.6141567,0.7920419,-0.085546136,-0.064237535,-0.2754681,-0.60920906,-0.36289522,1.2077563,-0.051362425,-1.1957858,0.314988,-0.5196455,0.06440116,0.044329472,-0.5929606,-0.6039241,-0.5181837,1.322564,0.38605413,0.607686,-0.13069336,-0.7701199,0.8042423,0.67993283,0.8409561,-0.8969594,-0.050968863,-1.0014784,-0.6202288,0.19714415,-0.29115438,0.63349247,0.75785816,0.80379254,-0.23240115,-0.22250587,0.45565844,-0.24791875,0.63737184,0.035108868,0.7852951,0.73503155,-0.2262166,0.31740558,0.8596222,0.69651866,-0.5660859,0.15610121,-0.64671,0.41714555,0.8041861,0.5696229,-0.08661438,0.20687076,-0.09392339,-0.3233703,0.035446204,-0.20608869,0.4531284,1.3042353,-0.28187758,0.25252402,0.49883786,-0.3335467,-0.5549537,1.1873473,-0.11118392,0.0434299,-0.31988445,0.35237643,-0.47759056,-0.7978379,0.4674091,0.35715538,-0.40776134,-0.07306458,0.676447,0.55140656,0.41377217,0.43508077,-0.85203713,0.15492052,0.66767615,-0.69461215,-0.42181712,0.46094343,0.16987589,-0.15290153,0.18966646,-0.19057108,0.2094008,1.1206104,0.31881118,0.7522921,0.08306726,0.3499026,0.32685107,-0.0091387965,-0.36694327,1.1567056,0.28265965,0.39145154,0.06395137,0.014250057,0.27759954,-0.27276942,0.024707573,-0.22981489,-0.041804478,0.11022307,0.28310943,-0.10336889,-0.6143254,0.28164762,0.27714977,0.19781883,-0.96695733,0.034602858,0.8267316,0.1398527,0.30694807,-0.47927725,0.8207157,0.007447049,-0.14120711,-0.61404425,0.57873106,-0.9290629,-0.011893733,0.13068831,0.6817882,-0.2991381,-0.32449475,-0.6548061,0.07215996,0.16026172,-0.012737081,0.40623826,0.90437585,-0.38212356,0.59908384,0.48764944,-0.6239396,1.1230842,0.6922457,-0.4260901,-0.10927232,-0.23420028,1.220294,0.31678712,0.4982194,-0.552255,0.27681243,-0.07542596,0.76870924,-0.22728483,0.054618318,-0.60909665,-0.42063645,-0.10696717,0.3944876,-0.12344057,-0.010319484,0.51013875,0.5442662,0.029992554,-0.014704894,-0.92552084,0.8097522,-0.4539768,0.14457545,-0.26900247,-0.4818073,-0.464097,0.10364495,-0.91944873,-0.05844655,0.11725097,0.013294263,0.3506335,0.087171555,-0.10179464,-0.36390722,-0.46151072,-0.33219734,0.747232,0.79142344,-0.6776327,-0.75437737,-0.26990202,0.057991713,0.08430417,0.03449041,0.38847172,0.30902833,0.42557904,0.9341742,-0.16206592,0.0817179,-0.5678288,0.15182824,-0.2516857,-0.23791102,-0.8859959,-0.70270824,-0.06446243,0.020603279,-0.18832216,-0.101063736,0.02341444,-0.6826928,0.12911406,0.5828916,-0.30386084,0.51070094,0.09268143,0.1022956,-0.7048448,0.89048874,-0.7490924,0.6577809,-0.12079808,-0.6879778,0.49850053,-0.13738392,0.2464519,0.061758667,-0.72671556,0.42484814,0.64934736,0.6280388,-0.12439637,0.45425287,-0.23706767,0.07800718,0.22396262,-0.6616653,-0.73346233,0.5157048,-0.13749638,0.28535837,-0.25011146,0.5825542,-0.27974108,0.32510817,-0.34389177,0.1269776,-0.7750675,0.917757,1.4568251,1.6639514,-0.03741907,-0.26298657,0.5313911,-1.0800785,-1.6596272,0.47674215,-0.657055,0.89543635,-0.089200646,0.42445457,-1.3169467,0.40573224,-0.5218382,0.84320503,0.31004035,-0.25905094,-0.99265134,0.44986746,-0.85237443,-0.0022233422,0.43732968,-1.3105373,-1.2145643,-0.11922383,1.3354392,-0.15633115,-0.7947457,-0.75713235,0.80795306,-1.0636051,0.39088932,-0.11421997,0.42484814,-0.3917377,-0.415239,0.05574278,0.08632821,1.051512,0.9644222,-0.15886119,-0.7181696,-0.32235828,-0.6639705,1.1941502,0.042755224,-0.69371253,0.48112756,-1.2753979,-1.2243471,-1.387282,-1.016996,-0.27097026,-0.32252696,-1.1083587,-0.36789906,-0.34411666,-0.43486091,0.5755263,0.9785343,0.054562096,0.047927756,0.44059062,-0.48658627,0.30767897,0.06541318,-0.12726375,0.6101598,0.9312506,0.23177764,0.33713993,-0.9538011,-0.11258949,0.40820608,-0.32005313,0.6040315,-0.115962885,0.05905995,0.17392397,0.4005035,0.048602436,0.028362082,0.1892729,-0.012737081,-0.269396,-0.23740502,-0.55534726,0.8114951,0.74402726,0.9169136,-0.7320568,-0.00902635,0.45762625,-0.46387208,-0.7517349,0.2452712,0.53785676,-0.3403497,0.02026594,0.39218244,-0.18882817,-0.1312556,0.39454383,-0.64547306,0.07024837,-0.34749004,0.47488678,0.14159562,-0.66391426,-0.08475901,0.118712775,-0.14081354,0.45976275,0.20844501,-0.5838524,0.06951747,0.4736499,0.789287,-0.06569934,-0.67454046,0.37154853,0.31667468,0.2001802,0.35783008,0.09903465,-0.83657575,
1,0,0,0,0,0,0,0,0,0,0,0,1,0,0,0,0,0,0,0,0,0,0,0,0,0,0,0,0,0,0,0,0,0,0,0,0,0,0,0,0,0,0,0,0,0,0,0,0,0,0,0,0,0,0,0,0,0,0,0,0,0,0,0,0,0,0,0,0,0,0,0,0,0,0,0,0,0,0,0,0,0,0,0,0,0,0,0,0,0,0,0,0,0,0,0,0,0,0,0,0,0,0,0,0,0,0,0,0,0,0,0,0,0,0,0,0,0,0,0,0,0,0,0,0,0,0,0,0,0,0,0,0,0,0,0,0,0,0,0,0,0,0,0,0,0,0,0,0,0,0,0,0,0,0,0,0,0,0,0,0,0,0,0,0,0,0,0,0,0,0,0,0,0,0,0,0,0,0,0,0,0,0,0,0,0,0,0,0,0,0,0,0,0,0,0,0,0,0,0,0,0,0,0,0,0,0,0,0,0,0,0,0,0,0,0,0,0,0,0,0,0,0,0,0,0,0,0,0,0,0,0,0,0,0,0,0,0,0,0,0,0,0,0,0,0,0,0,0,0,0,0,0,0,0,0,0,0,0,0,0,0,0,0,0,0,0,0,0,0,0,0,0,0,0,0,0,0,0,0,0,0,0,0,0,0,0,0,0,0,0,0,0,0,0,0,0,0,0,0,0,0,0,0,0,0,0,0,0,0,0,0,0,0,0,0,0,0,0,0,0,0,0,0,0,0,0,0,0,0,0,0,0,0,0,0,0,0,0,0,0,0,0,0,0,0,0,0,0,0,0,0,0,0,0,0,0,0,0,0,0,0,0,0,0,0,0,0,0,0,0,0,0,0,0,0,0,0,0,0,0,0,0,0,0,0,0,0,0,0,0,0,0,0,0,0,0,0,0,0,0,0,0,0,0,0,0,0,0,0,0,0,0,0,0,0,0,0,0,0,0,0,0,0,0,0,0,0,0,0,0,0,0,0,0,0,0,0,0,0,0,0,0,0,0,0,0,0,0,0,0,0,0,0,0,0,0,0,0,0,0,0,0,0,0,0,0,0,0,0,0,0,0,0,0,0,0,0,0,0,0,0,0,0,0,0,0,0,0,0,0,0,0,0,0,0,0,0,0,0,0,0,0,0,0,0,0,0,0,0,0,0,0,0,0,0,0,0,0,0,0,0,0,0,0,0,0,0,0,0,0,0,0,0,0,0,0,0,0,0,0,0,0,0,0,0,0,0,0,0,0,0,0,0,0,0,0,0,0,0,0,0,0,0,0,0,0,0,0,0,0,0,0,0,0,0,0,0,0,0,0,0,0,0,0,0,0,0,0,0,0,0,0,0,0,0,0,0,0,0,0,0,0,0,0,0,0,0,0,0,0,0,0,0,0,0,0,0,0,0,0,0,0,0,0,0,0,0,0,0,0,0,0,0,0,0,0,0,0,0,0,0,0,0,0,0,0,0,0,0,0,0,0,0,0,0,0,0,0,0,0,0,0,0,0,0,0,0,0,0,0,0,0,0,0,0,0,0,0,0,0,0,0,0,0,0,0,0,0,0,0,0,0,0,0,0,0,0,0,0,0,0,0,0,0,0,0,0,0,0,0,0,0,0,0,0,0,0,0,0,0,0,0,0,0,0,0,0,0,0,0,0,0,0,0,0,0,0,0,0,0,0,0,0,0,0,0,0,0,0,0,0,0,0,0,0,0,0,0,0,0,0,0,0,0,0,0,0,0,0,0,0,0,0,0,0,0,0,0,0,0,0,0,0,0,0,0,0,0,0,0,0,0,0,0,0,0,0,0,0,0,0,0,0,0,0,0,0,0,0,0,0,0,0,0,0,0,0,0,0,0,0,0,0,0,0,0,0,0,0,0,0,0,0,0,0,0,0,0,0,0,0,0,0,0,0,0,0,0,0,0,0,0,0,0,0,0,0,0,0,0,0,0,0,0,0,0,0,0,0,0,0,0,0,0,0,0,0,0,0,0,0,0,0,0,0,0,0,0,0,0,0,0,0,0,0,0,0,0,0,0,0,0,0,0,0,0,0,0,0,0,0,0,0,0,0,0,0,0,0,0,0,0,0,0,0,0,0,0,0,0,0,0,0,0,0,0,0,0,0,0,0,0,0,0,0,0,0,0,0,0,0,0,0,0,0,0,0,0,0,0,0,0,0,0,0,0,0,0,0,0,0,0,0,0,0,0,0,0,0,0,0,0,0,0,0,0,0,0,0,0,0,0,0,0,0,0,0,0,0,0,0,0,0,0,0,0,0,0,0,0,0,0,0,0,0,0,0,0,0,0,0,0,0,0,0,0,0,0,0,0,0,0,0,0,0,0,0,0,0,0,0,0,0,0,0,0,0,0,0,0,0,0,0,0,0,0,0,0,0,0,0,0,0,0,0,0,0,0,0,0,0,0,0,0,0,0,0,0,0,0,0,0,0,0,0,0,0,0,0,0,0,0,0,0,0,0,0,0,0,0,0,0,0,0,0,0,0,0,0,0,0,0,0,0,0,0,0,0,0,0,0,0,0,0,0,0,0,0,0,0,0,0,0,0,0,0,0,0,0,0,0,0,0,0,0,0,0,0,0,0,0,0,0,0,0,0,0,0,0,0,0,0,0,0,0,0,0,0,0,0,0,0,0,0,0,0,0,0,0,0,0,0,0,0,0,0,0,0,0,0,0,0,0,0,0,0,0,0,0,0,0,0,0,0,0,0,0,0,0,0,0,0,0,0,0,0,0,0,0,0,0,0,0,0,0,0,0,0,0,0,0,0,0,0,0,0,0,0,0,0,0,0,0,0,0,0,0,0,0,0,0,0,0,0,0,0,0,0,0,0,0,0,0,0,0,0,0,0,0,0,0,0,0,0,0,0,0,0,0,0,0,0,0,0,0,0,0,0,0,0,0,0,0,0,0,0,0,0,0,0,0,0,0,0,0,0,0,0,0,0,0,0,0,0,0,0,0,0,0,0,0,0,0,0,0,0,0,0,0,0,0,0,0,0,0,0,0,0,0,0,0,0,0,0,0,0,0,0,0,0,0,0,0,0,0,0,0,0,0,0,0,0,0,0,0,0,0,0,0,0,0,0,0,0,0,0,0,0,0,0,0,0,0,0,0,0,0,0,0,0,0,0,0,0,0,0,0,0,0,0,0,0,0,0,0,0,0,0,0,0,0,0,0,0,0,0,0,0,0,0,0,0,0,0,0,0,0,0,0,0,0,0,0,0,0,0,0,0,0,0,0,0,0,0,0,0,0,0,0,0,0,0,0,0,0,0,0,0,0,0,0,0,0,0,0,0,0,0,0,0,0,0,0,0,0,0,0,0,0,0,0,0,0,0,0,0,0,0,0,0,0,0,0,0,0,0,0,0,0,0,0,0,0,0,0,0,0,0,0,0,0,0,0,0,0,0,0,0,0,0,0,0,0,0,0,0,0,0,0,0,0,0,0,0,0,0,0,0,0,0,0,0,0,0,0,0,0,0,0,0,0,0,0,0,0,0,0,0,0,0,0,0,0,0,0,0,0,0,0,0,0,0,0,0,0,0,0,0,0,0,0,0,0,0,0,0,0,0,0,0,0,0,0,0,0,0,0,0,0,0,0,0,0,0,0,0,0,0,0,0,0,0,0,0,0,0,0,0,0,0,0,0,0,0,0,0,0,0,0,0,0,0,0,0,0,0,0,0,0,0,0,0,0,0,0,0,0,0,0,0,0,0,0,0,0,0,0,0,0,0,0,0,0,0,0,0,0,0,0,0,0,0,0,0,0,0,0,0,0,0,0,0,0,0,0,0,0,0,0,0,0,0,0,0,0,0,0,0,0,0,0,0,0,0,0,0,0,0,0,0,0,0,0,0,0,0,0,0,0,0,0,0,0,0,0,0,0,0,0,0,0,0,0,0,0,0,0,0,0,0,0,0,0,0,0,0,0,0,0,0,0,0,0,0,0,0,0,0,0,0,0,0,0,0,0,0,0,0,0,0,0,0,0,0,0,0,0,0,0,0,0,0,0,0,0,0,0,0,0,0,0,0,0,0,0,0,0,0,0,0,0,0,0,0,0,0,0,0,0,0,0,0,0,0,0,0,0,0,0,0,0,0,0,0,0,0,0,0,0,0,0,0,0,0,0,0,0,0,0,0,0,0,0,0,0,0,0,0,0,0,0,0,0,0,0,0,0,0,0,0,0,0,0,0,0,0,0,0,0,0,0,0,0,0,0,0,0,0,0,0,0,0,0,0,0,0,0,0,0,0,0,0,0,0,0,0,0,0,0,0,0,0,0,0,0,0,0,0,0,0,0,0,0,0,0,0,0,0,0,0,0,0,0,0,0,0,0,0,0,0,0,0,0,0,0,0,0,0,0,0,0,0,0,0,0,0,0,0,0,0,0,0,0,0,0,0,0,0,0,0,0,0,0,0,0,0,0,0,0,0,0,0,0,0,0,0,0,0,0,0,0,0,0,0,0,0,0,0,0,0,0,0,0,0,0,0,0,0,0,0,0,0,0,0,0,0,0,0,0,0,0,0,0,0,0,0,0,0,0,0,0,0,0,0,0,0,0,0,0,0,0,0,0,0,0,0,0,0,0,0,0,0,0,0,0,0,0,0,0,0,0,0,0,0,0,0,0,0,0,0,0,0,0,0,0,0,0,0,0,0,0,0,0,0,0,0,0,0,0,0,0,0,0,0,0,0,0,0,0,0,0,0,0,0,0,0,0,0,0,0,0,0,0,0,0,0,0,0,0,0,0,0,0,0,0,0,0,0,0,0,0,0,0,0,0,0,0,0,0,0,0,0,0,0,0,0,0,0,0,0,0,0,0,0,0,0,0,0,0,0,0,0,0,0,0,0,0,0,0,0,0,0,0,0,0,0,0,0,0,0,0,0,0,0,0,0,0,0,0,0,0,0,0,0,0,0,0,0,0,0,0,0,0,0,0,0,0,0,0,0,0,0,0,0,0,0,0,0,0,0,0,0,0,0,0,0,0,0,0,0,0,0,0,0,0,0,0,0,0,0,0,0,0,0,0,0,0,0,0,0,0,0,0,0,0,0,0,0,0,0,0,0,0,0,0,0,0,0,0,0,0,0,0,0,0,0,0,0,0,0,0,0,0,0,0,0,0,0,0,0,0,0,0,0,0,0,0,0,0,0,0,0,0,0,0,0,0,0,0,0,0,0,0,0,0,0,0,0,0,0,0,0,0,0,0,0,0,0,0,0,0,0,0,0,0,0,0,0,0,0,0,0,0,0,0,0,0,0,0,0,0,0,0,0,0,0,0,0,0,0,0,0,0,0,0,0,0,0,0,0,0,0,0,0,0,0,0,0,0,0,0,0,0,0,0,0,0,0,0,0,0,0,0,0,0,0,0,0,0,0,0,0,0,0,0,0,0,0,0,0,0,0,0,0,0,0,0,0,0,0,0,0,0,0,0,0,0,0,0,0,0,0,0,0,0,0,0,0,0,0,0,0,0,0,0,0,0,0,0,0,0,0,0,0,0,0,0,0,0,0,0,0,0,0,0,0,0,0,0,0,0,0,0,0,0,0,0,0,0,0,0,0,0,0,0,0,0,0,0,0,0,0,0,0,0,0,0,0,0,0,0,0,0,0,0,0,0,0,0,0,0,0,0,0,0,0,0,0,0,0,0,0,0,0,0,0,0,0,0,0,0,0,0,0,0,0,0,0,0,0,0,0,0,0,0,0,0,0,0,0,0,0,0,0,0,0,0,0,0,0,0,0,0,0,0,0,0,0,0,0,0,0,0,0,0,0,0,0,0,0,0,0,0,0,0,0,0,0,0,0,0,0,0,0,0,0,0,0,0,0,0,0,0,0,0,0,0,0,0,0,0,0,0,0,0,0,0,0,0,0,0,0,0,0,0,0,0,0,0,0,0,0,0,0,0,0,0,0,0,0,0,0,0,0,0,0,0,0,0,0,0,0,0,0,0,0,0,0,0,0,0,0,0,0,0,0,0,0,0,0,0,0,0,0,0,0,0,0,0,0,0,0,0,0,0,0,0,0,0,0,0,0,0,0,0,0,0,0,0,0,0,0,0,0,0,0,0,0,0,0,0,0,0,0,0,0,0,0,0,0,0,0,0,0,0,0,0,0,0,0,0,0,0,0,0,0,0,0,0,0,0,0,0,0,0,0,0,0,0,0,0,0,0,0,0,0,0,0,0,0,0,0,0,0,0,0,0,0,0,0,0,0,0,0,0,0,0,0,0,0,0,0,0,0,0,0,0,0,0,0,0,0,0,0,0,0,0,0,0,0,0,0,0,0,0,0,0,0,0,0,0,0,0,0,0,0,0,0,0,0,0,0,0,0,0,0,0,0,0,0,0,0,0,0,0,0,0,0,0,0,0,0,0,0,0,0,0,0,0,0,0,0,0,0,0,0,0,0,0,0,0,0,0,0,0,0,0,0,0,0,0,0,0,0,0,0,0,0,0,0,0,0,0,0,0,0,0,0,0,0,0,0,0,0,0,0,0,0,0,0,0,0,0,0,0,0,0,0,0,0,0,0,0,0,0,0,0,0,0,0,0,0,0,0,0,0,0,0,0,0,0,0,0,0,0,0,0,0,0,0,0,0,0,0,0,0,0,0,0,0,0,0,0,0,0,0,0,0,0,0,0,0,0,0,0,0,0,0,0,0,0,0,0,0,0,0,0,0,0,0,0,0,0,0,0,0,0,0,0,0,0,0,0,0,0,0,0,0,0,0,0,0,0,0,0,0,0,0,0,0,0,0,0,0,0,0,0,0,0,0,0,0,0,0,0,0,0,0,0,0,0,0,0,0,0,0,0,0,0,0,0,0,0,0,0,0,0,0,0,0,0,0,0,0,0,0,0,0,0,0,0,0,0,0,0,0,0,0,0,0,0,0,0,0,0,0,0,0,0,0,0,0,0,0,0,0,0,0,0,0,0,0,0,0,0,0,0,0,0,0,0,0,0,0,0,0,0,0,0,0,0,0,0,0,0,0,0,0,0,0,0,0,0,0,0,0,0,0,0,0,0,0,0,0,0,0,0,0,0,0,0,0,0,0,0,0,0,0,0,0,0,0,0,0,0,0,0,0,0,0,0,0,0,0,0,0,0,0,0,0,0,0,0,0,0,0,0,0,0,0,0,0,0,0,0,0,0,0,0,0,0,0,0,0,0,0,0,0,0,0,0,0,0,0,0,0,0,0,0,0,0,0,0,0,0,0,0,0,0,0,0,0,0,0,0,0,0,0,0,0,0,0,0,0,0,0,0,0,0,0,0,0,0,0,0,0,0,0,0,0,0,0,0,0,0,0,0,0,0,0,0,0,0,0,0,0,0,0,0,0,0,0,0,0,0,0,0,0,0,0,0,0,0,0,0,0,0,0,0,0,0,0,0,0,0,0,0,0,0,0,0,0,0,0,0,0,0,0,0,0,0,0,0,0,0,0,0,0,0,0,0,0,0,0,0,0,0,0,0,0,0,0,0,0,0,0,0,0,0,0,0,0,0,0,0,0,0,0,0,0,0,0,0,0,0,0,0,0,0,0,0,0,0,0,0,0,0,0,0,0,0,0,0,0,0,0,0,0,0,0,0,0,0,0,0,0,0,0,0,0,0,0,0,0,0,0,0,0,0,0,0,0,0,0,0,0,0,0,0,0,0,0,0,0,0,0,0,0,0,0,0,0,0,0,0,0,0,0,0,0,0,0,0,0,0,0,0,0,0,0,0,0,0,0,0,0,0,0,0,0,0,0,0,0,0,0,0,0,0,0,0,0,0,0,0,0,0,0,0,0,0,0,0,0,0,0,0,0,0,0,0,0,0,0,0,0,0,0,0,0,0,0,0,0,0,0,0,0,0,0,0,0,0,0,0,0,0,0,0,0,0,0,0,0,0,0,0,0,0,0,0,0,0,0,0,0,0,0,0,0,0,0,0,0,0,0,0,0,0,0,0,0,0,0,0,0,0,0,0,0,0,0,0,0,0,0,0,0,0,0,0,0,0,0,0,0,0,0,0,0,0,0,0,0,0,0,0,0,0,0,0,0,0,0,0,0,0,0,0,0,0,0,0,0,0,0,0,0,0,0,0,0,0,0,0,0,0,0,0,0,0,0,0,0,0,0,0,0,0,0,0,0,0,0,0,0,0,0,0,0,0,0,0,0,0,0,0,0,0,0,0,0,0,0,0,0,0,0,0,0,0,0,0,0,0,0,0,0,0,0,0,0,0,0,0,0,0,0,0,0,0,0,0,0,0,0,0,0,0,0,0,0,0,0,0,0,0,0,0,0,0,0,0,0,0,0,0,0,0,0,0,0,0,0,0,0,0,0,0,0,0,0,0,0,0,0,0,0,0,0,0,0,0,0,0,0,0,0,0,0,0,0,0,0,0,0,0,0,0,0,0,0,0,0,0,0,0,0,0,0,0,0,0,0,0,0,0,0,0,0,0,0,0,0,0,0,0,0,0,0,0,0,0,0,0,0,0,0,0,0,0,0,0,0,0,0,0,0,0,0,0,0,0,0,0,0,0,0,0,0,0,0,0,0,0,0,0,0,0,0,0,0,0,0,0,0,0,0,0,0,0,0,0,0,0,0,0,0,0,0,0,0,0,0,0,0,0,0,0,0,0,0,0,0,0,0,0,0,0,0,0,0,0,0,0,0,0,0,0,0,0,0,0,0,0,0,0,0,0,0,0,0.012673036,0.55164015,-0.7207155,0.13208756,0.02029524,-0.92618364,1.4801129,-0.49215987,-0.50773567,-0.72767496,0.39731815,1.3994722,-0.9450734,1.1521373,-0.53634655,0.20378046,0.32319498,1.0215656,0.6346007,-0.025769383,-0.7805885,0.5462273,0.8016264,-0.7210469,0.5697567,0.18765232,-0.6469238,-0.8050016,1.015048,1.1383289,-0.09978209,-1.0507901,0.5240235,0.42880118,-0.7702046,0.5273375,-0.74844265,-1.0100279,-0.26945898,0.2945841,-0.631127,1.0648686,-0.2870232,0.14434937,-0.048304595,0.21725741,0.072435535,-0.20417313,-0.3633557,0.8624935,0.41455096,-0.044217326,0.05023172,0.24973463,-0.52209634,0.21405387,0.13374457,-0.5628586,0.32904974,0.8428305,0.27690944,-1.0969652,0.16511711,0.8104637,0.4778484,-0.7074595,-0.75683814,0.060505126,0.34495693,-0.61610353,0.7147995,0.052441057,0.718224,-0.17357385,0.10524415,-0.95998645,-0.42267632,-0.14087571,-0.98351586,0.18897793,0.09795334,0.7787598,-0.20130101,-0.064874604,-0.15877132,0.24034496,0.09231954,0.24664155,-0.22438855,-0.22637695,0.29381084,-0.90585774,-0.22748162,-0.1180091,-0.5330326,-0.40455976,0.8263709,0.12269789,-0.14385831,-0.5219859,0.2717175,0.117837355,-0.36280334,1.0347111,-0.6385283,0.24907182,0.43874317,0.16091938,-0.3683267,0.19063492,0.109773286,0.25028697,-0.13866638,0.3553408,0.64597875,0.22996108,-0.1392187,-0.70381415,0.71844494,0.22576334,0.89198816,-0.029193852,-0.09934022,-0.16352138,0.03642338,-0.11215436,1.0512812,0.35611406,0.11673269,0.18047199,-0.16252719,-0.04841506,-0.30193618,-0.681058,-0.3401577,-0.2408481,-0.5568934,-0.2637147,0.17682658,0.18489066,-0.026321717,0.24619968,0.5013778,0.1664427,-0.010966843,-0.31176773,0.3942251,0.18986166,-0.1887078,0.44956893,-0.04476966,0.22907734,-0.084316745,-0.04499059,0.032998912,0.80372524,0.06768546,0.5312038,-0.23300496,0.29370037,0.33479398,-0.206272,-0.26647636,0.10656975,0.08779041,-0.38633275,0.42592904,0.28519443,-0.9186719,-0.027647318,0.7620793,-1.0301328,0.24553688,-0.62206876,-0.11082876,-0.16153298,-0.34954736,0.14070396,0.24973463,0.07342973,-0.11303809,-0.43317065,0.29381084,0.37080616,-0.23167935,-0.10044489,-0.20803948,-0.7865537,0.24796715,0.66796166,-0.04708946,0.213612,0.12457582,-0.28404057,0.49552307,-0.58583564,-0.17832392,-0.32657027,-0.36346614,-0.30745953,0.18003012,-0.005774907,0.777876,0.19295472,0.10082548,-0.6199699,0.057412058,0.18687905,0.5472215,0.10447088,-0.5285034,0.16323918,-0.72270393,0.048353788,-0.5395501,-0.7334192,0.25923476,-0.28404057,0.029795378,0.25934523,-0.17987046,-0.5024333,0.25028697,-0.25697625,-0.2580809,-0.38633275,0.6245482,-0.21941754,0.032557044,0.4339931,-0.2922151,-1.0412899,-0.56330043,0.39367276,0.020847574,-0.051287197,-0.26327282,0.45354572,-0.04576386,0.1874314,-0.34667522,-0.7167387,0.30077025,0.14744243,0.07398207,0.15583791,-0.73761696,-0.020577447,0.3937832,-0.15788758,-0.27199972,0.1555065,0.14810523,0.32606712,-0.10331702,-0.28636038,-0.19180086,-0.3516462,0.16445431,0.34727675,-0.26051116,0.14368656,0.24034496,-0.35827422,0.7733469,-0.13491051,-0.09834602,0.02062664,-0.5818589,-0.43250784,-0.02256585,0.29182243,-0.032397386,-0.4240019,0.6951364,0.009138101,0.073761135,-0.22947001,-0.37351862,-0.054601196,-0.55402124,0.03576058,-0.38600138,-0.24570863,-0.015495978,0.8737611,0.28917125,-0.5186719,-0.26029024,-0.26990083,-0.107846156,-0.16285859,0.16180311,0.2776827,-0.20969647,0.45177826,-0.44256032,-0.006879574,-0.59113806,-0.011519176,0.53882605,-0.6241676,0.08679621,0.21217594,-0.2082604,0.18212898,-0.16937612,0.41885918,0.52048856,-0.17523086,-0.22935955,0.46205166,-0.6655926,-0.41704252,0.13473876,-0.28602898,-0.95070726,-0.26658684,0.17362306,-0.276087,-0.2085918,-0.6275921,0.32739273,0.03752805,-0.1943416,-0.57622504,-0.3002792,0.59416986,-0.17578319,0.18058245,0.39300996,0.44481885,-0.2022952,-0.07779921,-0.62847584,-0.22085361,0.26519996,-0.14584671,0.17782079,-0.033391587,-0.34071,0.09198814,-0.20660341,0.39643443,-0.33695415,-0.03836259,0.45951092,-0.24405162,0.18378599,-0.3542974,0.42824885,-0.07161307,0.30496797,0.33656147,0.35876527,0.41156837,-0.83051944,0.24586828,0.21107127,0.32319498,-0.460235,-0.48608422,0.12501769,-0.5098346,0.18246038,-0.3320936,-0.028862452,-0.13314304,0.31093317,0.8601737,-0.2767498,-0.61113256,-0.1840682,-0.26481938,0.32529387,0.2833165,-0.329111,0.17417538,0.3427476,1.020019,0.16202405,0.30518892,-0.05747333,-0.32557607,-0.60781854,-0.025437983,0.27447918,-0.73750645,0.2912701,-0.045984793,0.08138334,0.07144133,-0.1807542,-1.1761699,0.12291882,-0.36633828,0.79632396,-0.1246371,0.20742586,0.4639296,0.11308729,-0.39240843,0.6721594,0.3450674,0.67922926,0.5086686,-0.40235043,0.09320328,0.47508672,-0.1166835,-0.20715573,-0.41107732,0.7968763,0.4991685,1.1309277,-0.2968547,-0.42289725,-0.3461229,-0.053717464,-0.21566167,-0.14838745,-0.28359872,-0.056037266,0.12568049,0.17936732,0.077848405,0.11308729,0.1924024,0.057412058,0.20289673,0.65536845,0.20455374,-0.45272326,-0.24405162,-0.06951421,0.2518335,-0.015716912,0.21935627,-0.3181748,-0.11347996,-0.38401297,-0.05084533,0.029574445,0.61438525,-0.07570034,-0.35882655,0.3659456,-0.16330045,-0.77782685,-0.74490774,-0.18174839,-0.40699005,-0.078682944,0.06547613,0.6387984,0.32893926,-0.15689339,0.0063764327,-0.3201632,0.30408424,0.5834546,-0.32270393,0.23228088,0.29635158,-0.671116,-0.25797042,0.15097737,-0.2852557,0.38306797,-0.5014391,-0.13480003,0.3025377,-0.106631026,-0.1418699,-0.74954736,-0.41185057,0.105465084,-0.11347996,0.11982576,-0.10806709,0.2737059,-0.2690171,-0.41328666,-0.9832949,-0.9264046,0.17307071,0.098726615,-0.16274811,-0.24813889,0.3882599,-0.5710331,0.23924029,0.54236096,-0.14562577,0.38229468,0.11728502,-0.8506244,0.86867964,-0.32535514,-0.018589046,0.5695358,0.44084206,-0.49039242,0.13783184,0.37599808,0.005492699,0.27889782,-0.07923528,-0.40831563,-0.049298797,-0.6357666,-0.09713089,0.13639577,-0.52518946,-0.38346064,0.033551246,0.18831512,-0.2680229,-0.21533027,0.49651727,0.1376109,-0.19887073,-0.46564788,0.08072054,-0.56727725,-1.0665869,0.34860232,0.0672436,0.06437146,-0.5845101,-0.16352138,-0.3211574,0.19085586,0.333137,0.22863548,-0.51259625,0.109773286,0.3195496,0.872546,-0.48752028,-0.5446316,0.32529387,-0.30193618,-0.047973193,-0.37981522,0.479174,-0.3931817,-0.476805,-0.37882102,-0.005774907,-0.60041726,-0.8236705,0.069342464,-0.16374232,-0.81737393,0.31479952,0.3134739,0.42570812,0.40770203,0.1316457,0.27558383,-0.61179537,0.3086134,0.38306797,-0.9244162,0.08723807,-0.0075423745,0.2833165,-0.171475,-0.13225931,0.81698126,-0.37086743,0.6919329,0.0036147647,0.29314804,0.058848124,0.15705304,-0.13491051,-0.044880126,0.15075643,0.24608922,-0.45802566,-0.3974899,-0.7067967,-0.40897843,-0.29619193,0.052551523,-0.2686857,-0.19754514,-0.2875755,0.39223668,0.15197158,-0.23035376,-0.22063269,-0.25598204,0.12457582,0.44040018,-0.12938717,0.49762195,0.83465594,-0.20428361,0.18279178,0.45663878,-0.40699005,0.6407868,0.05133639,-0.15943411,-0.11436369,-0.65167385,-0.4264322,-0.10276469,0.53208756,-0.34744847,-0.61146396,0.072546,0.06448193,-0.23698175,-0.827095,-0.14860837,0.08392407,0.19317566,-0.1398815,0.009579968,-0.30933747,0.06370866,-0.22858629,-0.12552084,0.38682383,0.29834,0.47663328,0.24785669,0.76992244,0.16887298,-0.21577215,-0.26559263,0.89187765,-0.20814994,-0.10442169,-0.07227588,0.30971804,-0.31375614,-0.15976551,1.1153518,0.21847254,-0.34048906,-0.24703422,0.18058245,0.29392132,-0.46885142,0.20455374,0.060836527,-0.10884036,0.32960206,-0.004559773,0.06061559,-0.2763079,-0.38169315,0.13219804,-0.42455426,0.46547613,0.35257915,0.27359542,0.48734853,-0.7706465,0.21107127,-0.7454601,0.479174,0.098616146,0.2165946,-0.12419523,-0.011298243,0.11673269,0.44780144,-0.47757828,0.02228364,0.3649514,0.008033433,-0.41682157,-0.1372303,-0.14076523,0.08127287,0.12766889,-0.12916623,-0.07967714,-0.27266252,-0.1183405,0.040731583,-0.15755618,-0.5186719,-0.5671668,0.017754504,0.2697291,0.41687077,0.38737616,0.06735406,0.55042505,0.35920715,0.341422,0.010132302,-0.81825763,-0.35021016,0.24498455,0.03244658,0.22145514,0.13661669,0.25691494,-0.29409304,-0.106189154,0.24321708,-0.13767217,0.030237244,-0.17887627,-0.50088674,-0.24040623,0.16191357,0.8151033,-0.10011349,0.009359034,-0.15324798,0.47409254,0.7904692,-0.4153855,0.08502874,0.46713313,0.06845873,0.105354615,-0.6781858,0.75511986,0.22587381,0.72065425,-0.06564787,-0.42278677,0.22300167,-0.06951421,0.22057141,0.5240235,0.4307896,0.13617483,-0.456921,-0.4383626,0.69182247,-0.19544627,-0.11977656,0.21239688,0.3374452,0.5725184,-0.20152193,0.11905249,-0.012181977,0.7085029,-0.3759489,-0.5100555,-0.82157165,-0.14054431,-0.07349101,-0.14860837,0.07895307,0.28486302,-0.7911933,-0.0529442,-0.27122644,-0.2676915,0.5647857,0.25790915,-0.2643775,-0.5638528,-1.1197213,0.34031734,0.122145556,0.6408973,-0.20549874,-0.2085918,-0.42124024,-0.29111046,-0.056368664,-0.051287197,-0.37749544,0.08834274,0.39113203,-0.03096132,0.46050513,0.57892543,0.30485752,0.30629358,0.15340763,0.24509501,0.30640405,-0.32391906,-0.11381136,0.11021515,-0.40577492,0.113860555,0.5060174,0.7370033,-0.2411795,0.55230296,-0.1299395,-0.63355726,-0.088293545,-0.24504583,0.5382737,0.15683211,-0.10188095,-0.458578,-0.20682435,0.21416433,-0.6936512,-0.43085086,0.14445983,0.45542365,0.007039233,-0.25752857,0.2634325,0.6723803,-0.005774907,0.28817704,0.255037,-0.3065758,-0.5779925,-0.21245815,-0.06365947,-0.20218474,-0.49812508,-0.1385559,0.5444598,-0.5123753,0.18234992,-0.0529442,-0.13004997,0.12568049,-0.35286134,-0.40621677,-0.10154956,-0.7730768,-0.35407647,-0.5552364,0.2083096,0.05531319,0.17041951,-0.5919113,-0.49028194,0.1429133,0.43509778,0.058848124,-0.44344407,0.33258465,-0.9604283,-0.29530817,-0.19378927,0.15241344,-0.206272,-0.06509554,-0.294314,-0.89757276,0.04658632,-0.22969095,0.42957443,-0.015827378,-0.1950044,-0.21433608,-0.13535237,-0.57368433,0.17848359,0.7128111,-0.21356282,-0.046978995,-0.3045874,0.13319223,-0.21113254,-0.32071552,0.22841455,0.69104916,-0.31497127,0.27856645,0.20488513,0.070668064,-0.113369495,0.20278627,-0.22980142,-0.9176777,0.0021786971,-0.0078737745,0.04249905,-0.18053326,-0.19809747,-0.16363186,0.75478846,-0.26824385,-0.5286139,0.48370314,0.10193015,-0.08210741,-0.29939544,-0.5287244,0.25194395,0.4280279,-0.4367056,-0.12077077,-0.47802013,-0.3562858,-0.8172634,-0.66294146,-0.5335849,-0.42963573,0.27293262,0.01653937,-0.65090054,0.32330546,0.41499284,0.1326399,-0.35937887,-0.22869675,0.09309281,-0.033170655,0.20079786,0.069231994,0.28784564,0.5202676,-0.4665316,0.35048026,-0.23841782,-0.010304042,-0.2514529,0.349707,0.62730986,0.3715794,-0.0075423745,0.34617206,0.28342697,-0.024333317,-0.045542926,0.21372247,-0.04134519,0.5164013,0.22786221,0.35257915,-0.3251342,-0.45139766,0.10347668,0.27492103,0.14368656,0.004277565,-0.5345791,-0.89624715,0.1525239,-0.21367328,0.0056031654,-0.23665036,0.113860555,-0.15070724,-0.04819413,0.23946121,0.59218144,0.27945018,0.3351254,-0.15125959,0.3089448,-0.37738496,0.14711104,0.4738716,-0.5209917,0.25293815,-0.09459015,-0.29453492,-0.27244157,0.12755843,0.42427203,0.13750044,-0.012844777,0.29436317,0.38549823,0.523913,-0.52242774,-0.5718064,-0.23974343,-0.12706737,0.02802791,-0.40732145,0.2902759,-0.39693758,0.51684314,0.26995003,-0.2706741,-0.19677188,-0.78069896,-0.11425323,-0.15159097,0.06348773,0.2809967,0.09441841,-0.1226487,0.24542642,0.346393,0.2099666,-0.30072105,-0.334082,0.17693706,0.4021787,0.13076197,0.46647033,-0.03062992,0.10778488,0.23703095,0.053435255,0.39278904,-0.14065477,0.2614441,0.17671612,0.2806653,0.39245763,0.27558383,-0.17721926,0.5228084,-0.36556503,-0.04267079,0.42548716,-0.22703975,-0.23245262,-0.21566167,-0.22770256,0.22951922,0.33788708,0.25371143,-0.64924353,-0.95810854,-0.47139212,0.6812176,1.3391575,0.80173683,0.3952193,1.1535734,0.26685697,-0.43427533,1.2413944,0.14468077,-1.2847586,-0.3337506,0.96699506,-0.8626653,-0.4842063,0.6428857,0.6780141,-0.110718295,-0.26150537,0.85818535,-0.050955795,-0.25222617,0.83885366,0.6322809,-0.117677696,-0.52220684,-0.31596547,-0.24758656,1.0286355,-0.21842335,0.035981514,0.73832893,0.33324745,-0.41991463,-1.0486913,-1.1429193,-0.011519176,0.14346564,-0.2696799,0.89519167,0.8243825,-0.9471723,-0.95059675,0.2093038,-0.13568377,0.7832889,-1.5002792,-0.35915795,0.2780141,0.11529662,-0.033391587,-0.43891492,0.69182247,-0.36258242,0.11573849,0.46514472,0.2970144,-0.5571143,0.14468077,1.1477185,-0.47702596,0.017533572,-0.12386383,0.82305694,0.927227,0.37213174,0.91154075,0.25470564,0.71877635,0.8132254,1.225929,-0.85150814,-0.14606765,-0.3779373,-0.43350205,0.63205993,0.07840074,-0.33684367,-0.11171249,0.6096352,0.76053274,0.7483814,-0.0074319076,-0.22295249,-0.28448245,0.52015716,0.104029015,-0.1774402,0.49563354,-0.18760313,-0.87636316,0.045371186,-0.62074316,0.43156284,-0.52673596,0.5488785,0.65790915,-1.0184233,0.4811624,-1.117512,0.5122036,-0.8297462,-0.06708394,0.789696,-0.35926843,-0.13303258,-1.1842339,-0.4787934,0.16633224,-0.17368433,-0.43372297,-0.617871,0.4035043,0.03609198,-0.24847029,-0.09337502,-0.11359043,0.46227258,1.0669675,-0.55766666,-0.6565344,-1.0088128,-0.15899225,0.08966834,0.5203781,0.65691495,0.10181968,
0,0,0,0,0,0,0,0,0,0,0,0,0,0,0,0,0,1,0,1,0,0,0,0,0,0,0,0,0,0,0,0,0,0,0,0,0,0,0,0,0,0,0,0,0,0,0,0,0,0,0,0,0,0,0,0,0,0,0,0,0,0,0,0,0,0,0,0,0,0,0,0,0,0,0,0,0,0,0,0,0,0,0,0,0,0,0,0,0,0,0,0,0,0,0,0,0,0,0,0,0,0,0,0,0,0,0,0,0,0,0,0,0,0,0,0,0,0,0,0,0,0,0,0,0,0,0,0,0,1,0,0,0,0,0,0,0,0,0,0,0,0,0,0,0,0,0,0,0,0,0,0,0,0,0,0,0,0,0,0,0,0,0,0,0,0,0,0,0,0,0,0,0,0,0,0,0,0,0,0,0,0,0,0,0,0,0,0,0,0,0,0,0,0,0,0,0,0,0,0,0,0,0,0,0,0,0,0,0,0,0,0,0,0,0,0,0,0,0,0,0,0,0,0,0,0,0,0,0,0,0,0,0,0,0,0,0,0,0,0,0,0,0,0,0,0,0,0,0,0,0,0,0,0,0,0,0,0,0,0,0,0,0,0,0,0,0,0,0,0,0,0,0,0,0,0,0,0,0,0,0,0,0,0,0,0,0,0,0,0,0,0,0,0,0,0,0,0,0,0,0,0,0,0,0,0,0,0,0,0,0,0,0,0,0,0,0,0,0,0,0,0,0,0,0,0,0,0,0,0,0,0,0,0,0,0,0,0,0,0,0,0,0,0,0,0,0,0,0,0,0,0,0,0,0,0,0,0,0,0,0,0,0,0,0,0,0,0,0,0,0,0,0,0,0,0,0,0,0,0,0,0,0,0,0,0,0,0,0,0,0,0,0,0,0,0,0,0,0,0,0,0,0,0,0,0,0,0,0,0,0,0,0,0,0,0,0,0,0,0,0,0,0,0,0,0,0,0,0,0,0,0,0,0,0,0,0,0,0,0,0,0,0,0,0,0,0,0,0,0,0,0,0,0,0,0,0,0,0,0,0,0,0,0,0,0,0,0,0,0,0,0,0,0,0,0,0,0,0,0,0,0,0,0,0,0,0,0,0,0,0,0,0,0,0,0,0,0,0,0,0,0,0,0,0,0,0,0,0,0,0,0,0,0,0,0,0,0,0,0,0,0,0,0,0,0,0,0,0,0,0,0,0,0,0,0,0,0,0,0,0,0,0,0,0,0,0,0,0,0,0,0,0,0,0,0,0,0,0,0,0,0,0,0,0,0,0,0,0,0,0,0,0,0,0,0,0,0,0,0,0,0,0,0,0,0,0,0,0,0,0,0,0,0,0,0,0,0,0,0,0,0,0,0,0,0,0,0,0,0,0,0,0,0,0,0,0,0,0,0,0,0,0,0,0,0,0,0,0,0,0,0,0,0,0,0,0,0,0,1,0,0,0,0,0,0,0,0,0,0,0,0,0,0,0,0,0,0,0,0,0,0,0,0,0,0,0,0,0,0,0,0,0,0,0,0,0,0,0,0,0,0,0,0,0,0,0,0,0,0,0,0,0,0,0,0,0,0,0,0,0,0,0,0,0,0,0,0,0,0,0,0,0,0,0,0,0,0,0,0,0,0,0,0,0,0,0,0,0,0,0,0,0,0,0,0,0,0,0,0,0,0,0,0,0,0,0,0,0,0,0,0,0,0,0,0,0,0,0,0,0,0,0,0,0,0,0,0,0,0,0,0,0,0,0,0,0,0,0,0,0,0,0,0,0,0,0,0,0,0,0,0,0,0,0,0,0,0,0,0,0,0,0,0,0,0,0,0,0,0,0,0,0,0,0,0,0,0,0,0,0,0,0,0,0,0,0,0,0,0,0,0,0,0,0,0,0,0,0,0,0,0,0,0,0,0,0,0,0,0,0,0,0,0,0,0,0,0,0,0,0,0,0,0,0,0,0,0,0,0,0,0,0,0,0,0,0,0,0,0,0,0,0,0,0,0,0,0,0,0,0,0,0,0,0,0,0,0,0,0,0,0,0,0,0,0,0,0,0,0,0,0,0,0,0,0,0,0,0,0,0,0,0,0,0,0,0,0,0,0,0,0,0,0,0,0,0,0,0,0,0,0,0,0,0,0,0,0,0,0,0,0,0,0,0,0,0,0,0,0,0,0,0,0,0,0,0,0,0,0,0,0,0,0,0,0,0,0,0,0,0,0,0,0,0,0,0,0,0,0,0,0,0,0,0,0,0,0,0,0,0,0,0,0,0,0,0,0,0,0,0,0,0,0,0,0,0,0,0,0,0,0,0,0,0,0,0,0,0,0,0,0,0,0,0,0,0,0,0,0,0,0,0,0,0,0,0,0,0,0,0,0,0,0,0,0,0,0,0,0,0,0,0,0,0,0,0,0,0,0,0,0,0,0,0,0,0,0,0,0,0,0,0,0,0,0,0,0,0,0,0,0,0,0,0,0,0,0,0,0,0,0,0,0,0,0,0,0,0,0,0,0,0,0,0,0,0,0,0,0,0,0,0,0,0,0,0,0,0,0,0,0,0,0,0,0,0,0,0,0,0,0,0,0,0,0,0,0,0,0,0,0,0,0,0,0,0,0,0,0,0,0,0,0,0,0,0,0,0,0,0,0,0,0,0,0,0,0,0,0,0,0,0,0,0,0,0,0,0,0,0,0,0,0,0,0,0,0,0,0,0,0,0,0,0,0,0,0,0,0,0,0,0,0,0,0,0,0,0,0,0,0,0,0,0,0,0,0,0,0,0,0,0,0,0,0,0,0,0,0,0,0,0,0,0,0,0,0,0,0,0,0,0,0,0,0,0,0,0,0,0,0,0,0,0,0,0,0,0,0,0,0,0,0,0,0,0,0,0,0,0,0,0,0,0,0,0,0,0,0,0,0,0,0,0,0,0,0,0,0,0,0,0,0,0,0,0,0,0,0,0,0,0,0,0,0,0,0,0,0,0,0,0,0,0,0,0,0,0,0,0,0,0,0,0,0,0,0,0,0,0,0,0,0,0,0,0,0,0,0,0,0,0,0,0,0,0,0,0,0,0,0,0,0,0,0,0,0,0,0,0,0,0,0,0,0,0,0,0,0,0,0,0,0,0,0,0,0,0,0,0,0,0,0,0,0,0,0,0,0,0,0,0,0,0,0,0,0,0,0,0,0,0,0,0,0,0,0,0,0,0,0,0,0,0,0,0,0,0,0,0,0,0,0,0,0,0,0,0,0,0,0,0,0,0,0,0,0,0,0,0,0,0,0,0,0,0,0,0,0,0,0,0,0,0,0,0,0,0,0,0,0,0,0,0,0,0,0,0,0,0,0,0,0,0,0,0,0,0,0,0,0,0,0,0,0,0,0,0,0,0,0,0,0,0,0,0,0,0,0,0,0,0,0,0,0,0,0,0,0,0,0,0,0,0,0,0,0,0,0,0,0,0,0,0,0,0,0,0,0,0,0,0,0,0,0,0,0,0,0,0,0,0,0,0,0,0,0,0,0,0,0,0,0,0,0,0,0,0,0,0,0,0,0,0,0,0,0,0,0,0,0,0,0,0,0,0,0,0,0,0,0,0,0,0,0,0,0,0,0,0,0,0,0,0,0,0,0,0,0,0,0,0,0,0,0,0,0,0,0,0,0,0,0,0,0,0,0,0,0,0,0,0,0,0,0,0,0,0,0,0,0,0,0,0,0,0,0,0,0,0,0,0,0,0,0,0,0,0,0,0,0,0,0,0,0,0,0,0,0,0,0,0,0,0,0,0,0,0,0,0,0,0,0,0,0,0,0,0,0,0,0,0,0,0,0,0,0,0,0,0,0,0,0,0,0,0,0,0,0,0,0,0,0,0,0,0,0,0,0,0,0,0,0,0,0,0,0,0,0,0,0,0,0,0,0,0,0,0,0,0,0,0,0,0,0,0,0,0,0,0,0,0,0,0,0,0,0,0,0,0,0,0,0,0,0,0,0,0,0,0,0,0,0,0,0,0,0,0,0,0,0,0,0,0,0,0,0,0,0,0,0,0,0,0,0,0,0,0,0,0,0,0,0,0,0,0,0,0,0,0,0,0,0,0,0,0,0,0,0,0,0,0,0,0,0,0,0,0,0,0,0,0,0,0,0,0,0,0,0,0,0,0,0,0,0,0,0,0,0,0,0,0,0,0,0,0,0,0,0,0,0,0,0,0,0,0,0,0,0,0,0,0,0,0,0,0,0,0,0,0,0,0,0,0,0,0,0,0,0,0,0,0,0,0,0,0,0,0,0,0,0,0,0,0,0,0,0,0,0,0,0,0,0,0,0,0,0,0,0,0,0,0,0,0,0,0,0,0,0,0,0,0,0,0,0,0,0,0,0,0,0,0,0,0,0,0,0,0,0,0,0,0,0,0,0,0,0,0,0,0,0,0,0,0,0,0,0,0,0,0,0,0,0,0,0,0,0,0,0,0,0,0,0,0,0,0,0,0,0,0,0,0,0,0,0,0,0,0,0,0,0,0,0,0,0,0,0,0,0,0,0,0,0,0,0,0,0,0,0,0,0,0,0,0,0,0,0,0,0,0,0,0,0,0,0,0,0,0,0,0,0,0,0,0,0,0,0,0,0,0,0,0,0,0,0,0,0,0,0,0,0,0,0,0,0,0,0,0,0,0,0,0,0,0,0,0,0,0,0,0,0,0,0,0,0,0,0,0,0,0,0,0,0,0,0,0,0,0,0,0,0,0,0,0,0,0,0,0,0,0,0,0,0,0,0,0,0,0,0,0,0,0,0,0,0,0,0,0,0,0,0,0,0,0,0,0,0,0,0,0,0,0,0,0,0,0,0,0,0,0,0,0,0,0,0,0,0,0,0,0,0,0,0,0,0,0,0,0,0,0,0,0,0,0,0,0,0,0,0,0,0,0,0,0,0,0,0,0,0,0,0,0,0,0,0,0,0,0,0,0,0,0,0,0,0,0,0,0,0,0,0,0,0,0,0,0,0,0,0,0,0,0,0,0,0,0,0,0,0,0,0,0,0,0,0,0,0,0,0,0,0,0,0,0,0,0,0,0,0,0,0,0,0,0,0,0,0,0,0,0,0,0,0,0,0,0,0,0,0,0,0,0,0,0,0,0,0,0,0,0,0,0,0,0,0,0,0,0,0,0,0,0,0,0,0,0,0,0,0,0,0,0,0,0,0,0,0,0,0,0,0,0,0,0,0,0,0,0,0,0,0,0,0,0,0,0,0,0,0,0,0,0,0,0,0,0,0,0,0,0,0,0,0,0,0,0,0,0,0,0,0,0,0,0,0,0,0,0,0,0,0,0,0,0,0,0,0,0,0,0,0,0,0,0,0,0,0,0,0,0,0,0,0,0,0,0,0,0,0,0,0,0,0,0,0,0,0,0,0,0,0,0,0,0,0,0,0,0,0,0,0,0,0,0,0,0,0,0,0,0,0,0,0,0,0,0,0,0,0,0,0,0,0,0,0,0,0,0,0,0,0,0,0,0,0,0,0,0,0,0,0,0,0,0,0,0,0,0,0,0,0,0,0,0,0,0,0,0,0,0,0,0,0,0,0,0,0,0,0,0,0,0,0,0,0,0,0,0,0,0,0,0,0,0,0,0,0,0,0,0,0,0,0,0,0,0,0,0,0,0,0,0,0,0,0,0,0,0,0,0,0,0,0,0,0,0,0,0,0,0,0,0,0,0,0,0,0,0,0,0,0,0,0,0,0,0,0,0,0,0,0,0,0,0,0,0,0,0,0,0,0,0,0,0,0,0,0,0,0,0,0,0,0,0,0,0,0,0,0,0,0,0,0,0,0,0,0,0,0,0,0,0,0,0,0,0,0,0,0,0,0,0,0,0,0,0,0,0,0,0,0,0,0,0,0,0,0,0,0,0,0,0,0,0,0,0,0,0,0,0,0,0,0,0,0,0,0,0,0,0,0,0,0,0,0,0,0,0,0,0,0,0,0,0,0,0,0,0,0,0,0,0,0,0,0,0,0,0,0,0,0,0,0,0,0,0,0,0,0,0,0,0,0,0,0,0,0,0,0,0,0,0,0,0,0,0,0,0,0,0,0,0,0,0,0,0,0,0,0,0,0,0,0,0,0,0,0,0,0,0,0,0,0,0,0,0,0,0,0,0,0,0,0,0,0,0,0,0,0,0,0,0,0,0,0,0,0,0,0,0,0,0,0,0,0,0,0,0,0,0,0,0,0,0,0,0,0,0,0,0,0,0,0,0,0,0,0,0,0,0,0,0,0,0,0,0,0,0,0,0,0,0,0,0,0,0,0,0,0,0,0,0,0,0,0,0,0,0,0,0,0,0,0,0,0,0,0,0,0,0,0,0,0,0,0,0,0,0,0,0,0,0,0,0,0,0,0,0,0,0,0,0,0,0,0,0,0,0,0,0,0,0,0,0,0,0,0,0,0,0,0,0,0,0,0,0,0,0,0,0,0,0,0,0,0,0,0,0,0,0,0,0,0,0,0,0,0,0,0,0,0,0,0,0,0,0,0,0,0,0,0,0,0,0,0,0,0,0,0,0,0,0,0,0,0,0,0,0,0,0,0,0,0,0,0,0,0,0,0,0,0,0,0,0,0,0,0,0,0,0,0,0,0,0,0,0,0,0,0,0,0,0,0,0,0,0,0,0,0,0,0,0,0,0,0,0,0,0,0,0,0,0,0,0,0,0,0,0,0,0,0,0,0,0,0,0,0,0,0,0,0,0,0,0,0,0,0,0,0,0,0,0,0,0,0,0,0,0,0,0,0,0,0,0,0,0,0,0,0,0,0,0,0,0,0,0,0,0,0,0,0,0,0,0,0,0,0,0,0,0,0,0,0,0,0,0,0,0,0,0,0,0,0,0,0,0,0,0,0,0,0,0,0,0,0,0,0,0,0,0,0,0,0,0,0,0,0,0,0,0,0,0,0,0,0,0,0,0,0,0,0,0,0,0,0,0,0,0,0,0,0,0,0,0,0,0,0,0,0,0,0,0,0,0,0,0,0,0,0,0,0,0,0,0,0,0,0,0,0,0,0,0,0,0,0,0,0,0,0,0,0,0,0,0,0,0,0,0,0,0,0,0,0,0,0,0,0,0,0,0,0,0,0,0,0,0,0,0,0,0,0,0,0,0,0,0,0,0,0,0,0,0,0,0,0,0,0,0,0,0,0,0,0,0,0,0,0,0,0,0,0,0,0,0,0,0,0,0,0,0,0,0,0,0,0,0,0,0,0,0,0,0,0,0,0,0,0,0,0,0,0,0,0,0,0,0,0,0,0,0,0,0,0,0,0,0,0,0,0,0,0,0,0,0,0,0,0,0,0,0,0,0,0,0,0,0,0,0,0,0,0,0,0,0,0,0,0,0,0,0,0,0,0,0,0,0,0,0,0,0,0,0,0,0,0,0,0,0,0,0,0,0,0,0,0,0,0,0,0,0,0,0,0,0,0,0,0,0,0,0,0,0,0,0,0,0,0,0,0,0,0,0,0,0,0,0,0,0,0,0,0,0,0,0,0,0,0,0,0,0,0,0,0,0,0,0,0,0,0,0,0,0,0,0,0,0,0,0,0,0,0,0,0,0,0,0,0,0,0,0,0,0,0,0,0,0,0,0,0,0,0,0,0,0,0,0,0,0,0,0,0,0,0,0,0,0,0,0,0,0,0,0,0,0,0,0,0,0,0,0,0,0,0,0,0,0,0,0,0,0,0,0,0,0,0,0,0,0,0,0,0,0,0,0,0,0,0,0,0,0,0,0,0,0,0,0,0,0,0,0,0,0,0,0,0,0,0,0,0,0,0,0,0,0,0,0,0,0,0,0,0,0,0,0,0,0,0,0,0,0,0,0,0,0,0,0,0,0,0,0,0,0,0,0,0,0,0,0,0,0,0,0,0,0,0,0,0,0,0,0,0,0,0,0,0,0,0,0,0,0,0,0,0,0,0,0,0,0,0,0,0,0,0,0,0,0,0,0,0,0,0,0,0,0,0,0,0,0,0,0,0,0,0,0,0,0,0,0,0,0,0,0,0,0,0,0,0,0,0,0,0,0,0,0,0,0,0,0,0,0,0,0,0,0,0,0,0,0,0,0,0,0,0,0,0,0,0,0,0,0,0,0,0,0,0,0,0,0,0,0,0,0,0,0,0,0,0,0,0,0,0,0,0,0,0,0,0,0,0,0,0,0,0,0,0,0,0,0,0,0,0,0,0,0,0,0,0,0,0,0,0,0,0,0,0,0,0,0,0,0,0,0,0,0,0,0,0,0,0,0,0,0,0,0,0,0,0,0,0,0,0,0,0,0,0,0,0,0,0,0,0,0,0,0,0,0,0,0,0,0,0,0,0,0,0,0,0,0,0,0,0,0,0,0,0,0,0,0,0,0,0,0,0,0,0,0,0,0,0,0,0,0,0,0,0,0,0,0,0,0,0,0,0,0,0,0,0,0,0,0,0,0,0,0,0,0,0,0,0,0,0,0,0,0,0,0,0,0,0,0,0,0,0,0,0,0,0,0,0,0,0,0,0,0,0,0,0,0,0,0,0,0,0,0,0,0,0,0,0,0,0,0,0,0,0,0,0,0,0,0,0,0,0,0,0,0,0,0,0,0,0,0,0,0,0,0,0,0,0,0,0,0,0,0,0,0,0,0,0,0,0,0,0,0,0,0,0,0,0,0,0,0.27871308,0.69016546,-0.5212869,1.0095824,-0.14002717,0.10581701,-0.19597025,-0.020922534,-0.799753,0.59056455,-0.3358974,-0.017452119,-0.69640404,0.004272677,-0.16556942,0.53226155,0.41294873,0.16051075,0.17841808,0.11685293,-0.60013473,0.06035458,-0.014884012,0.18626122,-0.6048545,0.44737524,-0.14516339,0.4873544,0.15079358,-0.12302213,0.8751385,0.453969,-0.31563014,-0.19666433,1.1248002,-0.32576376,0.37060964,0.37727284,-0.19090344,-0.09977036,0.9268477,0.19153625,0.09144949,-0.21887499,0.04730582,-0.008914899,0.7225791,-0.603744,0.63679045,0.5172,-0.19846895,0.48110765,0.12400199,-0.08630515,0.06694837,0.2102765,0.07847014,0.41149113,-0.2883527,0.40170458,-0.25774363,0.45181736,-0.07707384,0.050706826,0.32695183,0.27170283,-0.24747121,-0.55245125,-0.356234,0.23200129,0.30342242,0.29960498,0.8057302,0.2907901,0.28773615,0.28822201,0.11352133,0.2312378,-0.47526923,0.21714792,-0.5979831,0.02821854,-0.16390362,0.23449999,0.06785067,-0.73416215,0.10172192,-0.31070217,-0.19166693,-0.0017658446,-0.3152137,-0.50941813,0.19563134,-0.46124876,0.6927335,-0.26065877,0.31536067,-0.11032042,-0.1846567,-0.16182137,-0.07263172,0.1676598,-0.31868413,0.0086453995,-0.06013822,0.34041706,-0.31382555,-0.89720225,-0.04556248,-0.41772977,0.5426728,0.27961537,0.3609619,-0.49539763,0.072431624,-0.20131469,-0.029529162,-0.39017466,0.34236047,-0.044868395,0.12594542,-0.20908841,-0.07124355,-0.47054946,-0.33561975,-0.3211134,-0.23053558,-0.056251355,0.03835215,-0.037580524,-0.35193068,0.26351267,0.1525982,-0.027516322,0.08041357,0.15225115,-0.538986,-0.10886284,0.32466137,0.39594367,0.30841982,-0.25038636,-0.12843598,0.16578577,0.42842677,0.1417011,-0.5028243,-0.05923591,-0.019950818,-0.91816354,-0.26294926,-0.56244606,-0.18618368,0.6551837,0.14121523,0.47083524,0.4848557,0.020167176,0.16911738,-0.17785469,-0.05680662,-0.14835617,-0.185559,0.0504986,0.376787,0.2538649,0.30675402,0.6298496,-0.25628605,-0.38406673,-0.18132511,0.35776913,0.14364453,0.04848576,0.14697613,-0.07429751,-0.15675457,-0.62415004,-0.04438254,0.61853606,0.5725878,0.20055933,-0.33874312,0.5358708,0.29495463,0.010241791,-0.43063968,-0.19361037,-0.1443999,-0.1093487,0.60465443,0.11803287,0.06590724,0.6061814,-0.22470528,0.09970908,0.11386837,-0.09685521,-0.5502302,0.72639656,0.2145798,-0.29217014,-0.37087914,-0.2013841,-0.036053542,0.04196138,-0.27828848,-0.102546684,0.10540056,-0.16716582,0.044529486,-0.09817397,-0.19229162,0.04432126,-0.18118629,-0.069785975,0.3928897,0.007326642,0.14308926,0.21763377,-0.20110646,-0.28113422,0.041059073,-0.36844987,0.039601497,-0.18229681,-0.2548979,0.03703339,-0.39031348,-0.40107176,-0.12621492,0.520601,-0.12704782,-0.30542713,-0.4499352,0.030300787,-0.019950818,0.18473424,-0.040842716,0.021138892,0.3595043,-0.16598587,-0.10074207,0.49193534,0.13600962,0.015447413,0.35388225,0.09110245,0.0009410789,-0.16175196,0.1851507,0.35658917,0.008506583,-0.20346634,-0.35054252,-0.358108,-0.49053904,-0.64032215,-0.23088263,-0.12732545,-0.7874677,0.1919527,-0.48304296,-0.1252432,0.02363759,0.030092562,-0.254065,-0.15494995,0.47513855,-0.042855553,0.3995529,0.3576303,0.16627164,-0.08706864,-0.34408754,0.01995895,-0.0071102832,0.015863862,-0.27592862,-0.040703896,-0.27801085,-0.34589216,-0.14037421,0.6781578,-0.035081826,0.19930999,-0.6257464,-0.029529162,-0.12399385,0.27440977,-0.26669732,0.0956834,-0.07644917,-0.05645958,0.19715832,-0.18319912,-0.13502976,-0.04917171,-0.023143599,0.17647466,-0.32972002,0.1834849,0.6663584,-0.27960724,-0.14891143,-0.59187514,0.25782117,-0.30369192,0.45882758,-0.23324251,-0.24400079,0.4044809,0.26857945,-0.23213197,-0.07728207,-0.33666086,0.14378335,0.33909827,-0.0071796915,0.25927874,-0.25545317,0.3425687,-0.282453,-0.015439278,-0.58687776,-0.01418993,0.3869206,-0.26773843,-0.39093816,0.0050361683,-0.022935374,0.840365,-0.28738096,0.27267456,-0.475061,-0.1879883,-0.13433568,0.0152391875,-0.14662096,-0.23650469,-0.1863225,-0.22560759,-0.16584705,0.1166447,-0.4073185,0.0781231,-0.59201396,-0.5124721,-0.20173115,0.051400907,-0.3345786,-0.009400757,-0.43931574,0.5901481,-0.09088609,0.008714808,-0.15543582,-0.2298415,0.32764593,0.33819598,0.22950259,-0.0032234187,-0.04264733,-0.371365,-0.49574468,-0.05840301,-0.08408408,0.07999713,-0.28738096,0.08652151,0.20514028,-0.11913527,-0.8373723,0.58424836,-0.4290433,0.29092893,0.045709427,-0.027377505,0.14655969,0.10193015,0.107968666,0.11393778,0.19209152,0.010450015,0.06479671,0.20708372,-0.1260761,0.27267456,-0.02473999,0.22124301,0.14905837,-0.10573947,-0.42015904,-0.25191334,-0.049796384,0.31730407,-0.22588523,0.23651282,0.06944706,-0.46194282,-0.25649428,-0.07513041,-0.3329128,0.023359958,-0.21700096,-0.06291455,0.107621625,0.26358205,0.690096,0.41357338,0.11088382,0.14739259,0.47173753,0.22575454,-0.25718838,0.035645224,0.31362545,-0.22095723,0.1727266,-0.34325466,0.15037714,-0.28633985,0.23269537,-0.21124008,-0.17160794,0.006424334,-0.12406326,0.4503598,0.21680087,0.18556714,0.13045695,0.058758188,-0.03327721,-0.27641445,0.43425706,0.4212083,0.23984443,0.017460253,0.33201864,0.029467888,-0.0045421766,-0.21804209,0.23991384,0.27586734,-0.03299958,0.15468045,-0.2013841,-0.3670617,-0.36851928,0.10033376,0.12053157,-0.55252063,0.034951143,-0.08401468,-0.21304469,0.10165251,0.18410957,0.17487827,-0.015300462,0.39983055,0.023012916,0.25490603,-0.13398865,0.034326468,0.07513855,0.38150677,-0.16161315,0.18327667,-0.02390709,-0.103518404,0.19250797,-0.22435825,0.5666187,-0.16910924,-0.14467752,-0.1561299,-0.4774903,0.51962924,0.038907416,-0.274124,-0.1519654,-0.1369038,0.30286714,-0.07152118,-0.3980872,0.22179827,0.14315867,0.4848557,-0.16355658,0.41079706,-0.045354255,-0.13336398,0.30140957,-0.0474365,0.15481927,-0.3254167,0.36915207,0.17300424,0.108107485,0.13712016,-0.44681183,-0.16182137,-0.4559737,0.07111286,0.1818191,-0.037025258,-0.14342818,-0.1754948,-0.5718856,0.40913126,0.09311529,0.035228778,0.36991557,-0.34929317,-0.13711202,0.4562595,0.026344515,0.0362699,0.29058188,-0.045631886,0.20326626,-0.28189772,-0.3226404,0.36200303,0.035020553,-0.0078043663,-0.72992826,-0.52739483,-0.040079225,0.019126052,0.17335129,-0.4007247,-0.3603985,0.2698288,0.23679046,-0.053266797,0.08256523,-0.24108565,0.27864367,-0.3771259,0.075277366,0.3383348,-0.08443113,0.20923537,-0.20193936,-0.14245646,0.42571983,0.349926,-0.043619048,-0.16091907,-0.30452484,-0.17854877,-0.28647867,0.5609966,0.07694316,0.060909845,0.06729541,0.10088902,0.388517,0.12788884,0.018987235,0.17904276,-0.2685019,0.7068234,-0.19097285,-0.44146737,0.21555153,0.04647292,-0.237407,0.09346233,0.14864193,-0.3444346,0.014128655,-0.645736,-0.22713457,0.0697247,0.27968478,-0.1872248,0.10026435,-0.05923591,0.2003511,0.3595043,-0.50324076,-0.22345594,0.120809205,-0.018423835,-0.23136848,-0.01169123,-0.60256404,-0.17119148,0.05660653,0.27801898,0.36984617,-0.24316789,0.16321766,-0.83640057,-0.018909693,0.2728828,-0.1419706,0.10116666,0.40330097,-0.30126265,0.13496849,-0.19256924,0.20423797,-0.43216667,-0.09685521,-0.3429076,0.71182084,-0.17827113,-0.11427669,-0.0090537155,0.145935,-0.3973931,-0.010997147,0.1919527,-0.080752485,-0.5156649,-0.080752485,0.20652844,0.13802247,0.19639483,0.23873389,0.47604084,0.07590204,-0.2985557,0.1340662,-0.14495516,-0.44181442,-0.13378042,0.0806218,0.029814929,-0.13787551,0.1575956,0.41850138,0.15773441,-0.009192532,-0.038413424,-0.50310194,0.22436638,-0.08873444,-0.103032544,-0.33971483,-0.36393833,0.0781231,-0.17237143,-0.3455451,-0.035914727,0.2847516,0.2890549,0.15079358,-0.025295256,-0.05312798,0.022249425,0.3633912,-0.09789633,0.10047257,-0.102963135,-0.1788264,0.16863152,0.29127598,0.2596952,0.11553417,-0.4668708,-0.05319739,0.09970908,-0.10289373,-0.22671813,0.05952168,-0.07873964,0.15627684,-0.30403897,-0.3193782,-0.4598606,0.36554286,0.50179136,-0.21436346,0.58952343,0.021555342,0.2497698,-0.24080801,0.12629245,0.3459697,0.0028845111,0.20930478,-0.08484757,0.42329055,-0.17674415,-0.13405806,-0.11254148,-0.09144136,0.015100371,0.031550135,0.36061487,0.027385639,-0.029043304,0.04446008,0.4130181,0.58070856,0.19764419,0.42641392,0.06903061,0.24206549,-0.070618875,0.54454684,-0.14974433,0.17168549,0.072570436,-0.06402508,-0.11254148,-0.0010717617,-0.29071257,-0.5010197,0.030161971,-0.4548632,-0.38309503,0.3091833,0.11615885,0.11532595,-0.07117414,0.29370525,-0.14807853,0.14517151,0.26844063,-0.12635373,0.12289145,-0.00016945384,-0.37740353,0.096585706,0.19514549,0.31466657,0.120878614,0.39504138,0.20048992,-0.054793783,0.23082136,-0.28529873,0.54558796,0.06104866,-0.21589044,0.11268843,0.00538321,-0.7229874,-0.21915263,0.09096364,-0.03896869,-0.24295966,-0.1820886,0.41510037,-0.32125223,0.0036480024,-0.36824164,-0.30889755,0.0002469959,-0.07131296,0.11477068,0.046681143,-0.33013648,-0.028626854,0.08117707,-0.4205755,-0.1561299,-0.35422117,-0.27280524,-0.42078373,-0.31070217,-0.6710006,-0.55654633,0.110189736,-0.18368499,0.18896815,0.109703876,0.16356471,0.084716894,-3.0637257e-05,0.1718937,0.12941583,-0.23435304,-0.321044,0.16231537,0.50796866,-0.34748855,0.44584826,-0.06603792,0.2574047,0.08187115,0.29391348,0.23102957,-0.5128191,0.130804,0.41746026,-0.09185781,0.1559298,0.018154336,0.03134191,0.43203598,0.3627665,0.43987912,0.3667228,0.27503443,-0.49643877,-0.057847746,-0.47867024,-0.06277574,-0.37906933,-0.24212676,-0.18993174,-0.01578632,0.049457476,-0.18132511,-0.12343858,0.05945227,-0.29987445,0.097557425,-0.12739486,-0.06652378,-0.5927775,-0.5033796,-0.14009658,0.1484337,0.19583957,-0.013426438,-0.19208339,-0.1135826,-0.3904523,0.109079204,-0.20089824,0.02606688,0.25254613,-0.041883837,0.073056296,-0.07179882,0.3994835,-0.33985364,0.22249235,0.1467679,0.4280103,0.110745,-0.568901,0.035228778,0.1466291,0.01593327,0.096308075,0.16287063,-0.1795899,0.26746893,0.39878944,0.12594542,-0.116150714,-0.032791354,0.26677483,0.04321073,0.10359595,0.06743422,0.20229454,0.36713925,0.029259663,-0.24108565,-0.11170858,-0.054654963,-0.6479571,0.028010314,0.062992096,0.28128117,-0.18736362,0.43363237,-0.14086007,0.18987046,0.06833653,0.02211061,0.009547708,-0.068120174,0.06882239,0.32382846,-0.3419359,-0.3905911,-0.32243216,-0.08269592,-0.16688818,-0.3061212,0.004480902,0.06479671,-0.18784948,-0.34804383,0.51060617,0.072223395,-0.013912296,-0.026266972,-0.104767755,0.10290186,0.121989146,0.086105056,0.10290186,-0.07853142,-0.09692462,0.056398306,-0.2718335,-0.24955346,0.37581527,0.20132282,-0.20207818,-0.39031348,-0.68460464,0.30140957,-0.06603792,0.13212276,0.094572864,0.06660133,0.142534,0.3951802,-0.33568916,-0.13607089,0.13684252,-0.16654113,0.010380607,0.33222687,-0.30979985,-0.5470374,0.18299903,-0.16154374,-0.2598953,-0.29904157,-0.09532823,0.19597839,0.38414428,0.25913993,0.5729348,0.37310836,0.23616579,-0.05049047,0.21818905,-0.22505233,-0.13253108,0.4312725,-0.042994373,-0.11628953,-0.013565254,0.052372623,0.070627004,0.34680262,-0.09588349,-0.07297876,0.36561227,0.098390326,0.12421021,0.004342085,-0.046881236,-0.16751285,-0.091649584,-0.2766921,0.31459716,0.032452445,0.18952341,0.26122218,-0.1796593,0.08839553,-0.15918386,-0.13419688,-0.5251044,-0.0524339,0.38393605,0.15384755,0.03342416,-0.09623054,-0.13725084,-0.24552777,-0.6040216,0.18903756,-0.24032216,-0.5790346,-0.12454912,-0.11191681,0.12094802,0.3393759,0.24970041,0.14225636,-0.10143615,0.17001969,0.22145122,-0.10691941,-0.35387412,0.14149287,-0.3128538,0.42606688,0.32556367,0.30626816,0.31716526,0.05945227,-0.106364146,-0.5261455,-0.29702872,-0.057570115,0.13281684,-0.038760465,0.2588623,-0.045354255,-0.24087742,0.20826365,0.051886767,-0.10199142,-0.22012433,0.40475854,-0.09525882,-0.12087048,0.20715313,0.108038075,-0.24150209,0.32820117,0.33986178,0.06715659,-0.03438774,-0.0012799866,0.085272156,0.09075541,-0.09560586,-0.42862687,-0.12406326,0.03189718,0.4430719,-0.05083751,-0.16008617,-0.13031,-0.07478337,0.11928222,0.8700023,-0.3795552,-1.0038828,0.20743075,0.38379723,0.69870263,-0.49033082,0.05535718,0.24581355,-0.30827287,1.3268477,0.5516265,-0.03896869,0.05993813,-0.63629645,-0.67051476,0.82162476,0.19556193,-0.58090866,-0.37844467,0.9051923,0.9158118,-0.1921528,-0.0466036,0.024401082,0.19223034,0.69446874,-0.371365,0.5316369,-0.72146046,0.10463707,-0.1260067,-0.29806986,-0.7962132,0.24185728,-0.37351668,-0.29321128,0.6187443,0.3458309,0.5293464,-0.45028225,0.69550985,1.2531362,0.24164905,0.075555,0.25997284,0.36741686,0.48582742,0.60937417,0.15606862,0.5029713,0.39483315,0.3693603,-0.15092427,0.21666206,-0.1947903,-0.069022484,-0.22012433,0.38004917,-0.7250697,-0.66697496,-0.7905911,1.1067541,0.12754181,-0.19652551,-0.35498464,0.79004395,0.37637055,-1.0957099,0.17945921,-0.72409797,0.60375214,-0.47637975,0.35832438,-0.49512,0.59917116,0.8203754,-0.38531607,0.035714634,-0.17202438,0.08138529,-0.7497096,0.647757,0.16245417,0.3818538,0.78400546,0.64345366,-0.13634853,-0.6798155,0.18202733,0.60583436,-0.38684306,-0.8238377,-0.46298397,-0.08345941,-0.5890988,-0.059097096,0.041822564,0.34354043,-0.08373704,-0.070271835,0.0023292447,-0.6874504,-0.16362599,0.16411997,0.2755897,0.38643473,0.7189699,-0.14162356,-0.3329822,0.29183125,-0.6816895,0.53101224,-0.15682398,-0.16758226,-0.27891317,0.06562961,-0.3538047,0.28870785,0.17168549,-0.7702545,0.22672626,-0.29217014,-0.61693156,0.4764573,0.8062161,0.12858294,0.08992251,
0,0,0,0,0,0,0,0,0,0,0,0,0,0,0,0,0,0,0,0,0,1,0,1,1,0,0,0,0,0,0,0,0,0,0,0,0,0,0,0,0,0,0,0,0,0,0,0,0,0,0,0,0,0,0,0,0,0,0,0,0,0,0,0,0,0,0,0,0,0,0,0,0,1,0,0,0,0,0,0,0,0,0,0,0,0,0,0,0,0,0,0,0,0,0,0,0,0,0,0,0,0,0,0,0,0,0,0,0,0,0,0,0,0,0,0,0,0,0,0,0,0,0,0,0,0,0,0,0,0,0,0,0,0,0,0,0,0,0,0,0,0,0,0,0,0,0,0,0,0,0,0,0,0,0,0,0,0,0,0,0,0,0,0,0,0,0,0,0,0,0,0,0,0,0,0,0,0,0,0,0,0,0,0,0,0,0,0,0,0,0,0,0,0,0,0,0,0,0,0,0,0,0,0,0,0,0,0,0,0,0,0,0,0,0,0,0,0,0,0,0,0,0,0,0,0,0,0,0,0,0,0,0,0,0,0,0,0,0,0,0,0,0,0,0,0,0,0,0,0,0,0,0,0,0,0,0,0,0,0,0,0,0,0,0,0,0,0,0,0,0,0,0,0,0,0,0,0,0,0,0,0,0,0,0,0,0,0,0,0,0,0,0,0,0,0,0,0,0,0,0,0,0,0,0,0,0,0,0,0,0,0,0,0,0,0,0,0,0,0,0,0,0,0,0,0,0,0,0,0,0,0,0,0,0,0,0,0,0,0,0,0,0,0,0,0,0,0,0,0,0,0,0,0,0,0,0,0,0,0,0,0,0,0,0,0,0,0,0,0,0,0,0,0,0,0,0,0,0,0,0,0,0,0,0,0,0,0,0,0,0,0,0,0,0,0,0,0,0,0,0,0,0,0,0,0,0,0,0,0,0,0,0,0,0,0,0,0,0,0,0,0,0,0,0,0,0,0,0,0,0,0,0,0,0,0,0,0,0,0,0,0,0,0,0,0,0,0,0,0,0,0,0,0,0,0,0,0,0,0,0,0,0,0,0,0,0,0,0,0,0,0,0,0,0,0,0,0,0,0,0,0,0,0,0,0,0,0,0,0,0,0,0,0,0,0,0,0,0,0,0,0,0,0,0,0,0,0,0,0,0,0,0,0,0,0,0,0,0,0,0,0,0,0,0,0,0,0,0,0,0,0,0,0,0,0,0,0,0,0,0,0,0,0,0,0,0,0,0,0,0,0,0,0,0,0,0,0,0,0,0,0,0,0,0,0,0,0,0,0,0,0,0,0,0,0,0,0,0,0,0,0,0,0,0,0,0,0,0,0,0,0,0,0,0,0,0,0,0,0,0,0,0,0,0,0,0,0,0,0,0,0,0,0,0,0,0,0,0,0,0,0,0,0,0,0,0,0,0,0,0,0,0,0,0,0,0,0,0,0,0,0,0,0,0,0,0,0,0,0,0,0,0,0,0,0,0,0,0,0,0,0,0,0,0,0,0,0,0,0,0,0,0,0,0,0,0,0,0,0,0,0,0,0,0,0,0,0,0,0,0,0,0,0,0,0,0,0,0,0,0,0,0,0,0,0,0,0,0,0,0,0,0,0,0,0,0,0,0,0,0,0,0,0,0,0,0,0,0,0,0,0,0,0,0,0,0,0,0,0,0,0,0,0,0,0,0,0,0,0,0,0,0,0,0,0,0,0,0,0,0,0,0,0,0,0,0,0,0,0,0,0,0,0,0,0,0,0,0,0,0,0,0,0,0,0,0,0,0,0,0,0,0,0,0,0,0,0,0,0,0,0,0,0,0,0,0,0,0,0,0,0,0,0,0,0,0,0,0,0,0,0,0,0,0,0,0,0,0,0,0,0,0,0,0,0,0,0,0,0,0,0,0,0,0,0,0,0,0,0,0,0,0,0,0,0,0,0,0,0,0,0,0,0,0,0,0,0,0,0,0,0,0,0,0,0,0,0,0,0,0,0,0,0,0,0,0,0,0,0,0,0,0,0,0,0,0,0,0,0,0,0,0,0,0,0,0,0,0,0,0,0,0,0,0,0,0,0,0,0,0,0,0,0,0,0,0,0,0,0,0,0,0,0,0,0,0,0,0,0,0,0,0,0,0,0,0,0,0,0,0,0,0,0,0,0,0,0,0,0,0,0,0,0,0,0,0,0,0,0,0,0,0,0,0,0,0,0,0,0,0,0,0,0,0,0,0,0,0,0,0,0,0,0,0,0,0,0,0,0,0,0,0,0,0,0,0,0,0,0,0,0,0,0,0,0,0,0,0,0,0,0,0,0,0,0,0,0,0,0,0,0,0,0,0,0,0,0,0,0,0,0,0,0,0,0,0,0,0,0,0,0,0,0,0,0,0,0,0,0,0,0,0,0,0,0,0,0,0,0,0,0,0,0,0,0,0,0,0,0,0,0,0,0,0,0,0,0,0,0,0,0,0,0,0,0,0,0,0,0,0,0,0,0,0,0,0,0,0,0,0,0,0,0,0,0,0,0,0,0,0,0,0,0,0,0,0,0,0,0,0,0,0,0,0,0,0,0,0,0,0,0,0,0,0,0,0,0,0,0,0,0,0,0,0,0,0,0,0,0,0,0,0,0,0,0,0,0,0,0,0,0,0,0,0,0,0,0,0,0,0,0,0,0,0,0,0,0,0,0,0,0,0,0,0,0,0,0,0,0,0,0,0,0,0,0,0,0,0,0,0,0,0,0,0,0,0,0,0,0,0,0,0,0,0,0,0,0,0,0,0,0,0,0,0,0,0,0,0,0,0,0,0,0,0,0,0,0,0,0,0,0,0,0,0,0,0,0,0,0,0,0,0,0,0,0,0,0,0,0,0,0,0,0,0,0,0,0,0,0,0,0,0,0,0,0,0,0,0,0,0,0,0,0,0,0,0,0,0,0,0,0,0,0,0,0,0,0,0,0,0,0,0,0,0,0,0,0,0,0,0,0,0,0,0,0,0,0,0,0,0,0,0,0,0,0,0,0,0,0,0,0,0,0,0,0,0,0,0,0,0,0,0,0,0,0,0,0,0,0,0,0,0,0,0,0,0,0,0,0,0,0,0,0,0,0,0,0,0,0,0,0,0,0,0,0,0,0,0,0,0,0,0,0,0,0,0,0,0,0,0,0,0,0,0,0,0,0,0,0,0,0,0,0,0,0,0,0,0,0,0,0,0,0,0,0,0,0,0,0,0,0,0,0,0,0,0,0,0,0,0,0,0,0,0,0,0,0,0,0,0,0,0,0,0,0,0,0,0,0,0,0,0,0,0,0,0,0,0,0,0,0,0,0,0,0,0,0,0,0,0,0,0,0,0,0,0,0,0,0,0,0,0,0,0,0,0,0,0,0,0,0,0,0,0,0,0,0,0,0,0,0,0,0,0,0,0,0,0,0,0,0,0,0,0,0,0,0,0,0,0,0,0,0,0,0,0,0,0,0,0,0,0,0,0,0,0,0,0,0,0,0,0,0,0,0,0,0,0,0,0,0,0,0,0,0,0,0,0,0,0,0,0,0,0,0,0,0,0,0,0,0,0,0,0,0,0,0,0,0,0,0,0,0,0,0,0,0,0,0,0,0,0,0,0,0,0,0,0,0,0,0,0,0,0,0,0,0,0,0,0,0,0,0,0,0,0,0,0,0,0,0,0,0,0,0,0,0,0,0,0,0,0,0,0,0,0,0,0,0,0,0,0,0,0,0,0,0,0,0,0,0,0,0,0,0,0,0,0,0,0,0,0,0,0,0,0,0,0,0,0,0,0,0,0,0,0,0,0,0,0,0,0,0,0,0,0,0,0,0,0,0,0,0,0,0,0,0,0,0,0,0,0,0,0,0,0,0,0,0,0,0,0,0,0,0,0,0,0,0,0,0,0,0,0,0,0,0,0,0,0,0,0,0,0,0,0,0,0,0,0,0,0,0,0,0,0,0,0,0,0,0,0,0,0,0,0,0,0,0,0,0,0,0,0,0,0,0,0,0,0,0,0,0,0,0,0,0,0,0,0,0,0,0,0,0,0,0,0,0,0,0,0,0,0,0,0,0,0,0,0,0,0,0,0,0,0,0,0,0,0,0,0,0,0,0,0,0,0,0,0,0,0,0,0,0,0,0,0,0,0,0,0,0,0,0,0,0,0,0,0,0,0,0,0,0,0,0,0,0,0,0,0,0,0,0,0,0,0,0,0,0,0,0,0,0,0,0,0,0,0,0,0,0,0,0,0,0,0,0,0,0,0,0,0,0,0,0,0,0,0,0,0,0,0,0,0,0,0,0,0,0,0,0,0,0,0,0,0,0,0,0,0,0,0,0,0,0,0,0,0,0,0,0,0,0,0,0,0,0,0,0,0,0,0,0,0,0,0,0,0,0,0,0,0,0,0,0,0,0,0,0,0,0,0,0,0,0,0,0,0,0,0,0,0,0,0,0,0,0,0,0,0,0,0,0,0,0,0,0,0,0,0,0,0,0,0,0,0,0,0,0,0,0,0,0,0,0,0,0,0,0,0,0,0,0,0,0,0,0,0,0,0,0,0,0,0,0,0,0,0,0,0,0,0,0,0,0,0,0,0,0,0,0,0,0,0,0,0,0,0,0,0,0,0,0,0,0,0,0,0,0,0,0,0,0,0,0,0,0,0,0,0,0,0,0,0,0,0,0,0,0,0,0,0,0,0,0,0,0,0,0,0,0,0,0,0,0,0,0,0,0,0,0,0,0,0,0,0,0,0,0,0,0,0,0,0,0,0,0,0,0,0,0,0,0,0,0,0,0,0,0,0,0,0,0,0,0,0,0,0,0,0,0,0,0,0,0,0,0,0,0,0,0,0,0,0,0,0,0,0,0,0,0,0,0,0,0,0,0,0,0,0,0,0,0,0,0,0,0,0,0,0,0,0,0,0,0,0,0,0,0,0,0,0,0,0,0,0,0,0,0,0,0,0,0,0,0,0,0,0,0,0,0,0,0,0,0,0,0,0,0,0,0,0,0,0,0,0,0,0,0,0,0,0,0,0,0,0,0,0,0,0,0,0,0,0,0,0,0,0,0,0,0,0,0,0,0,0,0,0,0,0,0,0,0,0,0,0,0,0,0,0,0,0,0,0,0,0,0,0,0,0,0,0,0,0,0,0,0,0,0,0,0,0,0,0,0,0,0,0,0,0,0,0,0,0,0,0,0,0,0,0,0,0,0,0,0,0,0,0,0,0,0,0,0,0,0,0,0,0,0,0,0,0,0,0,0,0,0,0,0,0,0,0,0,0,0,0,0,0,0,0,0,0,0,0,0,0,0,0,0,0,0,0,0,0,0,0,0,0,0,0,0,0,0,0,0,0,0,0,0,0,0,0,0,0,0,0,0,0,0,0,0,0,0,0,0,0,0,0,0,0,0,0,0,0,0,0,0,0,0,0,0,0,0,0,0,0,0,0,0,0,0,0,0,0,0,0,0,0,0,0,0,0,0,0,0,0,0,0,0,0,0,0,0,0,0,0,0,0,0,0,0,0,0,0,0,0,0,0,0,0,0,0,0,0,0,0,0,0,0,0,0,0,0,0,0,0,0,0,0,0,0,0,0,0,0,0,0,0,0,0,0,0,0,0,0,0,0,0,0,0,0,0,0,0,0,0,0,0,0,0,0,0,0,0,0,0,0,0,0,0,0,0,0,0,0,0,0,0,0,0,0,0,0,0,0,0,0,0,0,0,0,0,0,0,0,0,0,0,0,0,0,0,0,0,0,0,0,0,0,0,0,0,0,0,0,0,0,0,0,0,0,0,0,0,0,0,0,0,0,0,0,0,0,0,0,0,0,0,0,0,0,0,0,0,0,0,0,0,0,0,0,0,0,0,0,0,0,0,0,0,0,0,0,0,0,0,0,0,0,0,0,0,0,0,0,0,0,0,0,0,0,0,0,0,0,0,0,0,0,0,0,0,0,0,0,0,0,0,0,0,0,0,0,0,0,0,0,0,0,0,0,0,0,0,0,0,0,0,0,0,0,0,0,0,0,0,0,0,0,0,0,0,0,0,0,0,0,0,0,0,0,0,0,0,0,0,0,0,0,0,0,0,0,0,0,0,0,0,0,0,0,0,0,0,0,0,0,0,0,0,0,0,0,0,0,0,0,0,0,0,0,0,0,0,0,0,0,0,0,0,0,0,0,0,0,0,0,0,0,0,0,0,0,0,0,0,0,0,0,0,0,0,0,0,0,0,0,0,0,0,0,0,0,0,0,0,0,0,0,0,0,0,0,0,0,0,0,0,0,0,0,0,0,0,0,0,0,0,0,0,0,0,0,0,0,0,0,0,0,0,0,0,0,0,0,0,0,0,0,0,0,0,0,0,0,0,0,0,0,0,0,0,0,0,0,0,0,0,0,0,0,0,0,0,0,0,0,0,0,0,0,0,0,0,0,0,0,0,0,0,0,0,0,0,0,0,0,0,0,0,0,0,0,0,0,0,0,0,0,0,0,0,0,0,0,0,0,0,0,0,0,0,0,0,0,0,0,0,0,0,0,0,0,0,0,0,0,0,0,0,0,0,0,0,0,0,0,0,0,0,0,0,0,0,0,0,0,0,0,0,0,0,0,0,0,0,0,0,0,0,0,0,0,0,0,0,0,0,0,0,0,0,0,0,0,0,0,0,0,0,0,0,0,0,0,0,0,0,0,0,0,0,0,0,0,0,0,0,0,0,0,0,0,0,0,0,0,0,0,0,0,0,0,0,0,0,0,0,0,0,0,0,0,0,0,0,0,0,0,0,0,0,0,0,0,0,0,0,0,0,0,0,0,0,0,0,0,0,0,0,0,0,0,0,0,0,0,0,0,0,0,0,0,0,0,0,0,0,0,0,0,0,0,0,0,0,0,0,0,0,0,0,0,0,0,0,0,0,0,0,0,0,0,0,0,0,0,0,0,0,0,0,0,0,0,0,0,0,0,0,0,0,0,0,0,0,0,0,0,0,0,0,0,0,0,0,0,0,0,0,0,0,0,0,0,0,0,0,0,0,0,0,0,0,0,0,0,0,0,0,0,0,0,0,0,0,0,0,0,0,0,0,0,0,0,0,0,0,0,0,0,0,0,0,0,0,0,0,0,0,0,0,0,0,0,0,0,0,0,0,0,0,0,0,0,0,0,0,0,0,0,0,0,0,0,0,0,0,0,0,0,0,0,0,0,0,0,0,0,0,0,0,0,0,0,0,0,0,0,0,0,0,0,0,0,0,0,0,0,0,0,0,0,0,0,0,0,0,0,0,0,0,0,0,0,0,0,0,0,0,0,0,0,0,0,0,0,0,0,0,0,0,0,0,0,0,0,0,0,0,0,0,0,0,0,0,0,0,0,0,0,0,0,0,0,0,0,0,0,0,0,0,0,0,0,0,0,0,0,0,0,0,0,0,0,0,0,0,0,0,0,0,0,0,0,0,0,0,0,0,0,0,0,0,0,0,0,0,0,0,0,0,0,0,0,0,0,0,0,0,0,0,0,0,0,0,0,0,0,0,0,0,0,0,0,0,0,0,0,0,0,0,0,0,0,0,0,0,0,0,0,0,0,0,0,0,0,0,0,0,0,0,0,0,0,0,0,0,0,0,0,0,0,0,0,0,0,0,0,0,0,0,0,0,0,0,0,0,0,0,0,0,0,0,0,0,0,0,0,0,0,0,0,0,0,0,0,0,0,0,0,0,0,0,0,0,0,0,0,0,0,0,0,0,0,0,0,0,0,0,0,0,0,0,0,0,0,0,0,0,0,0,0,0,0,0,0,0,0,0,0,0,0,0,0,0,0,0,0,0,0,0,0,0,0,0,0,0,0,0,0,0,0,0,0,0,0,0,0,0,0,0,0,0,0,0,0,0,0,0,0,0,0,0,0,0,0,0,0,0,0,0,0,0,0,0,0,0,0,0,0,0,0,0,0,0,0,0,0,0,0,0,0,0,0,0,0,0,0,0,0,0,0,0,0,0,0,0,0,0,0,0,0,0,0,0,0,0,0,0,0,0,0,0,0,0,0,0,0,0,0,0,0,0,0,0,0,0,0,0,0,0,0,0,0,0,0,0,0,0,0,0,0,0,0,0,0,0,0,0,0,0,0,0,0,0,0,0,0,0,0,0,0,0,0,0,0,0,0,0,0,0,0,0,0,0,0,0,0,0,0,0,0,0,0,0,0,0,0,0,0,0,0,0,0,0,0,0,0,0,0,0,0,0,0,0,0,0,0,0,0,0,0,0,0,0,0,0,0,0,0,0,0,0,0,0,0,0,0,0,0,0,0,0,0,0,0,0,0,0,0,0,0,0,0,0,0,0,0,0,0,0,0,0,0,0,0,0,0,0,0,0,0,0,0,0,0,0,0,0,0,0,0,0,0,0,0,0,0,0,0,0,0,0,0,0,0,0,0,0,0,0,0,0,0,0,0,0,0,0,0,0,0,0,0,0,0,0,0,0,0,0,0,0,0,0,0,0,0,0,0,0,0,0,0,0,0,0,0,0,0,0,0,0,0,0,0,0,0,0,0,0,0,0,0,0,0,0,0,0,0,0,0,0,0,0,0,0,0,0,0,0,0,0,0,0,0,0,0,0,0,0,0,0,0,0,0,0,0,0,0,0,0,0,0,0,0,0,0,0,0,0,0,0,0,0,0,0,0,0,0,0,0,0,0,0,0,0,0,-0.54161453,0.0534453,-0.92643756,-0.3651949,0.57058305,0.45181555,0.35515144,-0.52103907,0.29974017,-0.7699823,-0.12755801,0.4812528,0.43399024,0.09306842,-0.08070291,-0.68421704,-0.41561505,-0.5847009,-0.7894373,0.027980568,-0.87296164,-0.16473652,-0.035986837,-0.86022925,-0.17227408,-0.7522588,-0.78607595,-0.8119481,0.45538062,-0.6840133,1.1396688,0.11282905,-0.22992623,0.33610383,-0.23257457,0.31573203,-0.16534768,0.1573414,-0.40644774,0.022582045,-0.0435244,0.58484334,-0.19284958,0.53320086,0.5600916,-0.067664966,0.25420925,-0.24581623,-0.7476751,0.93635845,-0.2557984,-0.34197104,-0.26924378,0.23465233,-0.046682026,0.49204984,0.2270129,0.52627444,-0.19559978,-0.4291623,-0.82335633,0.6967863,0.36177227,0.5757779,0.41810024,0.09744836,0.2434122,-0.75011975,-0.54579073,0.047231905,-0.48223078,-0.6002853,-0.35643503,-0.07825829,0.026961979,-0.05085824,0.005266027,-0.18398786,-0.17268151,-0.093333416,0.36126298,-0.7772142,-0.48223078,-0.17665401,0.6287445,0.036536716,-0.21393438,0.24259733,-0.21770316,-0.42946786,0.07320593,0.20032586,-0.049330357,-0.45747906,-0.3939191,-0.25284448,-0.30947804,0.36900425,0.059454974,-0.70703346,0.35117894,-0.25732628,-0.47143376,0.3936541,0.22395714,0.30014762,0.06393677,-0.21719387,-0.4179578,0.00689577,-0.35062906,-0.2860505,-0.7744641,0.62242925,0.730196,-0.17981164,-0.9182888,-0.41602248,-0.07021144,0.4693353,-0.113399625,-0.4336441,0.40934038,0.46546465,0.0001730806,0.500606,0.27834982,0.36380944,-0.07795271,-0.2340006,0.31318557,-0.23542662,0.14012724,0.019526277,0.066788815,0.37267116,-0.68217987,0.021257877,0.39976564,0.15316519,0.15000756,0.07992862,-0.114214495,0.27335873,-0.06939656,-0.016328065,0.086855024,-0.3914745,-0.09139809,-0.07112817,-0.27484602,0.4621033,0.29515654,-0.4663408,-0.73127586,-0.533364,0.21285452,-0.18745106,0.113542065,0.021257877,-0.82834744,0.36309645,0.35464215,0.10844912,-0.13754019,-0.20405406,-0.071230024,-0.82264334,0.30473128,-0.6406214,0.10804168,0.16335107,-0.47235048,-0.08569399,0.6166233,-0.607721,-0.17736703,0.3175655,0.5535726,0.44784304,-0.64978874,-0.48813862,0.005367886,-0.14212383,0.68772084,0.543896,0.45334345,-0.29644012,-0.66384524,-0.67250323,0.025332235,0.28313717,0.31644505,0.10600451,-0.15740268,-0.36743578,0.6460605,0.083901115,-0.21525855,-0.0051235836,0.1727221,-0.2843189,-0.6512147,0.21927163,0.023600634,0.39202437,-0.09598175,-0.11676097,0.14888711,-0.46613708,-0.32893312,0.32927927,0.2285408,0.045398444,-0.5695239,0.17129607,-0.1655514,0.2862948,-0.13458627,-0.1719685,0.30147177,0.44988024,0.34231722,-0.25325194,-0.108102955,0.18637119,-0.030282738,-0.1501707,0.15774883,-0.14680935,0.3155283,0.19686267,0.18973254,0.32306588,-0.01979127,0.35606816,-0.0013548033,-0.39371538,-0.09506501,-0.49027765,-0.18877523,-0.61006373,0.21275266,0.23190214,0.19187158,-0.23308386,-0.03231992,-0.291449,-0.59468305,0.34017816,-0.48946276,-0.5417164,-0.33473906,-0.15220787,0.32948297,0.11883873,-0.06114599,-0.08966649,0.3364094,0.42502666,0.2012426,-0.03680171,-0.48813862,0.3794957,-0.68065196,0.107939824,0.49357772,0.07188176,0.12770045,-0.14986512,0.83001775,-0.34227663,0.32214916,0.067298114,0.4192207,0.26816392,0.11282905,0.21896605,0.18484332,0.20541881,-0.26038206,0.6131601,-0.16921832,0.52372795,0.22354971,0.20399278,0.1744537,0.05446389,0.15367448,-0.15516178,0.54063654,0.16742544,0.0020065412,-0.05371029,0.010358973,-0.6417419,0.38214406,-0.3691674,-0.20130387,0.04580588,-0.40176225,-0.11696468,0.27009922,-0.46949843,-0.25315008,-0.17828375,0.24096759,-0.29949588,-0.19478491,0.45935312,-0.65773374,0.9253577,-0.39646557,0.029304733,0.045296583,0.06526093,0.18402845,0.7075833,0.17557415,-0.5152331,-0.40838307,0.17374068,0.1665087,0.76574475,-0.107491806,0.05354716,-0.28645793,0.64952374,-0.36285213,-0.0663408,-0.5156405,0.33162203,-0.4955743,-0.13641974,-0.23756565,0.20674299,-0.10239886,0.09755021,0.31226882,-0.7560276,0.28853568,0.10508777,0.119144306,0.5127272,0.117922,0.16813844,0.0660758,-0.84362626,-0.48304567,-0.122261345,-0.07825829,0.2959714,-0.5382532,-0.19274773,-0.16606069,0.7851998,0.97190726,0.14735922,0.029712168,-0.23613963,-0.24214931,-0.217092,0.083595544,0.41259986,-0.07163746,-0.21454553,-0.16534768,-0.21821246,-0.06909099,-0.10199142,0.05150998,0.5060045,0.52077407,0.10732867,0.52871907,0.5436923,-0.007262621,0.27468288,-0.1491521,0.019831853,-0.13866064,-0.48671257,0.56538826,0.305648,0.1201629,0.33498338,-0.14375359,0.46526092,0.10162457,-0.32159927,0.122098215,-0.11115872,0.12668186,0.5818894,-0.21454553,-0.20568381,0.36768007,0.22823521,0.5741481,-0.4243749,-0.47367465,0.0078125,-0.006142173,0.11231976,0.5226075,-0.04260767,-0.5933589,-0.09384271,-0.3825109,-0.017957808,-0.7076446,-0.1097327,-0.31192267,0.3728749,0.5783243,-0.09363899,0.4145352,-0.094148286,0.2706085,-0.3485919,0.354031,0.48848477,0.052019272,0.090012655,0.19767754,0.5384975,0.31226882,-0.077850856,0.62935567,0.4382683,-0.63990843,0.02105416,0.3514845,0.059862413,0.057519656,-0.48783302,-0.041181643,-0.033542223,-0.3048944,0.076669134,-0.44495043,0.043564983,0.0075069233,-0.60110015,-0.71446913,-0.2689382,-0.055747468,0.13819192,-0.008790505,0.11293091,-0.13733646,0.34231722,-0.5392718,0.75810534,0.37664366,0.18138011,0.03918505,0.24402335,0.73803914,0.5019301,-0.37772354,0.23434675,-0.14365172,0.08634573,-0.26853076,0.1563228,0.5717035,0.13116366,0.04468543,-0.6022206,0.25512597,-0.10851039,-0.18001536,-0.27260512,-0.32709965,0.07269663,-0.13499372,0.191566,-0.58195066,-0.46175715,-0.4028827,-0.6433716,-0.69053227,0.14155327,-0.38312206,-0.9205297,0.032054923,0.04020364,0.64473635,0.54481274,-0.25447422,-0.42936602,-0.017142937,0.013109164,0.14613692,-0.24530692,0.3798013,-0.39595628,0.378579,0.41535005,0.031851206,-0.19366446,0.090827525,0.6290501,0.075039394,0.44590774,-0.715284,0.055482477,0.23658764,-0.18144138,-0.052793562,-0.6134251,-0.40155852,0.32632536,-0.011438837,0.20165004,0.38947788,-0.122261345,0.19421433,-0.45523816,0.34690085,-0.088546045,0.31002793,0.36004066,0.44387057,0.050389532,0.5801578,-0.59346074,-0.35409227,0.41097012,0.20399278,0.65869105,0.3502622,0.22253111,-0.29868102,0.22446643,0.20969689,-0.08701816,0.35566074,0.67172897,-0.32720152,-0.22707418,0.33620566,0.2429029,-0.28930998,-0.06817426,-0.78159416,0.62517947,0.23505977,-0.20181316,-0.18398786,0.04560216,0.12189449,-0.110751286,0.24901444,0.11415322,0.19472362,-0.69501406,0.33783543,0.16029531,-0.18928452,-0.25365937,-0.09343527,0.06750183,-0.30346838,-0.25253892,-0.3830202,0.21723445,0.0740208,-0.70825577,0.003534425,-0.005734737,0.31063908,0.26531187,-0.19478491,0.040712934,0.026452683,-0.045663435,0.6446345,-0.20537823,0.3967099,-0.5164554,-0.07418393,0.3011662,0.0070994874,-0.076832265,-0.21098047,-0.47662854,-0.3517495,0.19645523,-0.08049919,-0.01398531,0.18178755,-0.28910628,0.379292,0.39803404,-0.08874976,-0.20792471,-0.18256183,0.18891767,-0.38363135,0.183621,0.07269663,0.3192971,-0.24826084,0.22242926,-0.006855185,0.27855352,0.049167223,-0.12389109,-0.4469876,-0.6378712,-0.06328503,0.038675755,0.50783795,-0.12297436,0.3452711,0.47605798,0.049065366,-0.48274007,0.5540819,-0.39901206,0.24045828,0.2518665,0.19564036,0.029712168,-0.045663435,0.060269848,0.06638138,-0.3046907,-0.08966649,-0.24500135,-0.2850319,0.07880817,-0.38627967,-0.17319082,-0.5628012,-0.50525093,0.18484332,0.36625406,0.3760325,0.2532925,0.07269663,0.25044045,-0.11085315,0.23230956,0.8014972,0.25145906,0.059454974,0.14960012,0.3490399,-0.04433927,0.009034807,-0.2865598,-0.19264586,0.1454239,-0.5385588,-0.05167311,0.379292,0.35158637,-0.2810594,0.023091339,-0.5695239,-0.116659105,0.08889221,0.37501392,-0.14232756,-0.5947849,0.24229175,0.15876743,0.06210331,-0.14487404,-0.13020635,-0.06277574,0.46892786,-0.1576064,0.33253875,0.12342238,0.33671498,-0.122770645,0.64972746,-0.0040031355,0.25645015,-0.52154833,-0.03109761,0.8361293,0.47218734,0.09490188,-0.10535277,0.24005085,0.04101851,0.1392105,-0.6955234,0.090012655,-0.4053273,0.47707656,0.5477667,-0.52144647,-0.18969196,0.22497573,0.20643741,0.023193197,-0.27291068,0.07463195,0.22833708,-0.5032137,-0.029773444,-0.3721213,-0.4521824,0.15122987,0.28517434,0.2505423,-0.7259792,-0.12338179,-0.63613963,0.10641194,0.12444097,-0.45849767,-0.08681444,-0.5771633,0.39477456,0.4549732,-0.17288524,-0.3287294,0.09897624,0.013618459,0.3495492,0.014942625,-0.09761149,0.10376361,0.052121133,-0.23501918,0.32927927,0.37256932,-0.12103904,0.1851489,0.21703073,0.49245727,-0.17329267,0.1982887,-0.09761149,0.5586656,-0.24469578,-0.12073346,-0.06277574,0.47789145,-0.072248615,0.5541838,0.03348095,0.3078889,0.3760325,0.094290726,0.06363119,-0.2704661,-0.1843953,-0.24051955,0.15499865,-0.006651467,0.028795438,0.10111528,-0.20497079,-0.38047373,-0.12419667,0.23577277,0.08166022,0.049269084,-0.36896366,0.4871606,0.2138731,-0.11971487,-0.2461218,0.14165513,0.18728793,0.48807734,0.55897117,0.026961979,-0.11390892,0.08074349,0.055889912,0.28619295,0.3882556,-0.16524582,-0.10881597,0.05619549,-0.084777266,0.1875935,0.01158128,0.34078932,0.22833708,-0.16117145,-0.46572965,-0.059923686,0.28497064,0.2632747,0.08339182,-0.058293942,-0.15251344,0.27896097,0.33131644,-0.14986512,0.3514845,-0.07836015,-0.26211366,0.10671752,0.24534751,0.29515654,0.24331033,-0.19264586,0.078298874,0.2686732,0.013618459,0.3483269,0.51985735,-0.38617784,-0.3544997,-0.3415636,0.18239869,0.100402266,-0.39259493,-0.18327485,-0.15404133,-0.42101356,0.6054188,0.5432849,0.17384255,0.4169798,-0.039246324,0.09755021,0.55520236,0.21947534,0.18138011,0.207456,0.13910866,0.124746546,-0.09964867,0.00078423414,-0.47041515,-0.3083576,0.061390296,0.106615655,-0.00919794,-0.010827683,-0.24021399,-0.551393,-0.38464993,-0.33555394,0.49347585,0.040712934,0.18728793,0.36727265,0.09225355,-0.20405406,-0.24836269,0.012803587,-0.09455572,-0.6604839,-0.022235883,-0.010318389,-0.27321628,-0.3487956,0.37766227,-0.29379177,-0.28666165,0.22772592,-0.17787632,0.057214078,0.21652144,-0.30153304,-0.18602504,-0.02712511,0.18840837,0.06770555,0.17771319,0.063325614,-0.08701816,0.13432129,-0.117677696,-0.15373576,-0.56636626,-0.1461982,0.28843385,-0.09170367,-0.27871665,0.03052704,0.054667607,-0.22055522,0.09571675,-0.39931762,0.17363884,-0.09384271,-0.8580902,-0.54630005,-0.0063458905,-0.17583914,-0.22218496,0.101828285,-0.3356558,-0.39870647,-0.15719897,0.57598156,0.21947534,-0.2850319,0.13584916,-0.18001536,0.13747892,0.25400552,0.3177692,0.081456505,-0.765093,-0.2620118,0.338141,-0.23705636,0.33304805,-0.15159672,-0.17237593,-0.19519234,0.031240053,-0.12541898,0.08186394,-0.20262805,0.28497064,-0.73280376,-0.035477545,-0.097713344,-0.3438045,0.03826832,0.19849241,-0.017244795,0.37419906,-0.16544953,0.016063074,0.09154054,0.22996682,-0.14202198,-0.37619564,-0.27005866,-0.12175205,0.1784262,-0.3334149,0.075344965,-0.32455316,0.036536716,-0.36448187,0.29678628,0.122913085,0.06933529,-0.15658781,0.12820975,0.03694415,0.009544102,0.24045828,-0.15292089,0.066788815,-0.18806222,-0.5938682,-0.7254699,-0.0224396,0.32989043,0.36818936,0.38764444,-0.1474205,-0.1695239,0.17190723,-0.5907105,0.15520236,-0.010725824,-0.31823793,0.1943162,-0.15322646,0.24422707,0.39793217,0.09887438,0.7210287,0.46454793,0.38764444,0.36778194,0.34455812,-0.30519998,-0.725368,-0.20171131,-0.0064477497,0.032156784,0.09520746,-0.3641763,0.36401317,0.28486878,-0.87316537,-0.057275355,-0.4561549,-0.25345564,0.21560471,0.19105671,0.4105627,0.07218734,0.01259987,0.33498338,0.24178246,-0.0737765,0.4033307,-0.47265604,0.022582045,-0.12266878,0.20419651,0.15886928,-0.35266623,-0.04240395,0.056602925,-0.073063485,0.15520236,-0.1866362,-0.0051235836,-0.46379432,0.2148917,-0.04994151,-0.35867593,-0.13957736,0.10834726,0.21326195,0.029304733,-0.34044316,0.24453264,0.23281887,0.10223573,0.51109743,-0.7673339,-0.9223632,0.20287234,1.0966845,-0.45136753,-0.86440545,1.1759306,-0.68268913,-0.60211873,0.21010433,1.4165214,-1.0018132,-0.82967156,0.69658256,0.37022656,1.296226,0.62049395,-0.92969704,0.5065138,-0.38495553,0.21417868,-0.0039012765,-0.26078948,0.7914132,1.1642169,-0.70326465,0.20704857,0.2510516,1.198034,0.30238852,-0.078665726,-0.2324727,-0.032625493,-0.6386861,-0.37130642,0.6487089,0.2677565,0.7941634,-0.15047628,0.9902418,-0.26608616,0.54308116,0.020850442,0.18922324,-0.007058903,1.2170817,-0.10321373,-1.0304356,-0.8537103,-0.053200997,-1.3213446,-0.64398277,0.36065182,-0.38169605,0.47432637,-0.9125847,-0.89842635,-0.23216712,-1.1950395,-0.23817681,0.273155,0.7614667,0.58005595,-0.40573475,0.46597394,0.6600152,0.9635548,0.22782777,-0.44046864,0.24952373,0.04957466,-0.2642527,1.0264018,-0.69460666,-0.27199396,-0.08569399,-0.033542223,0.6629691,-0.52786356,-0.47693413,-0.29389364,-1.1328038,-0.38587224,0.04662075,-0.37833467,-0.36030567,0.57180536,-0.8224396,-0.8303846,0.07891003,0.26897877,-0.44169095,0.20460394,0.2292538,-0.01306858,0.7161395,0.29393423,-0.39330795,-0.17451498,0.07656728,0.535951,-0.26904005,0.57903737,0.30493498,0.2371988,0.16090646,0.41657236,-0.117473975,0.15622096,0.19737196,-0.06695195,-0.69715315,-0.41184628,-0.6417419,-0.4601274,0.63831925,-0.49750963,0.5239317,-0.5154368,0.80047864,-0.60710984,-0.068785414,1.1949782,0.2790628,-0.31813607,-0.8992412,0.01911884,0.6206977,
1,1,0,0,0,0,0,0,0,0,0,0,0,0,0,0,0,0,0,0,0,0,0,0,0,0,0,0,0,0,0,0,0,0,0,0,0,0,0,0,0,0,0,0,0,0,0,0,0,0,0,0,0,0,0,0,0,0,0,0,0,0,0,0,0,0,0,0,0,0,0,0,0,0,0,0,0,0,0,0,0,0,0,0,0,0,0,0,0,0,0,0,0,0,0,0,0,0,0,0,0,0,0,0,0,0,0,0,0,0,0,0,0,0,0,0,0,0,0,0,0,0,0,0,0,0,0,0,0,0,0,0,0,0,0,0,0,0,0,0,0,0,0,0,0,0,0,0,0,0,0,0,0,0,0,0,0,0,0,0,0,0,0,0,0,0,0,0,0,0,0,0,0,0,0,0,0,0,0,0,0,0,0,0,0,0,0,0,0,0,0,0,0,0,0,0,0,0,0,0,0,0,0,0,0,0,0,0,0,0,0,0,0,0,0,0,0,0,0,0,0,0,0,0,0,0,0,0,0,0,0,0,0,0,0,0,0,0,0,0,0,0,0,0,0,0,0,0,0,0,0,0,0,0,0,0,0,0,0,0,0,0,0,0,0,0,0,0,0,0,0,0,0,0,0,0,0,0,0,0,0,0,0,0,0,0,0,0,0,0,0,0,0,0,0,0,0,0,0,0,0,0,0,0,0,0,0,0,0,0,0,0,0,0,0,0,0,0,0,0,0,0,0,0,0,0,0,0,0,0,0,0,0,0,0,0,0,0,0,0,0,0,0,0,0,0,0,0,0,0,0,0,0,0,0,0,0,0,0,0,0,0,0,0,0,0,0,0,0,0,0,0,0,0,0,0,0,0,0,0,0,0,0,0,0,0,0,0,0,0,0,0,0,0,0,0,0,0,0,0,0,0,0,0,0,0,0,0,0,0,0,0,0,0,0,0,0,0,0,0,0,0,0,0,0,0,0,0,0,0,0,0,0,0,0,0,0,0,0,0,0,0,0,0,0,0,0,0,0,0,0,0,0,0,0,0,0,0,0,0,0,0,0,0,0,0,0,0,0,0,0,0,0,0,0,0,0,0,0,0,0,0,0,0,0,0,0,0,0,0,0,0,0,0,0,0,0,0,0,0,0,0,0,0,0,0,0,0,0,0,0,0,0,0,0,0,0,0,0,0,0,0,0,0,0,0,0,0,0,0,0,0,0,0,0,0,0,0,0,0,0,0,0,0,0,0,0,0,0,0,0,0,0,0,0,0,0,0,0,0,0,0,0,0,0,0,0,0,0,0,0,0,0,0,0,0,0,0,0,0,0,0,0,0,0,0,0,0,0,0,0,0,0,0,0,0,0,0,0,0,0,0,0,0,0,0,0,0,0,0,0,0,0,0,0,0,0,0,0,0,0,0,0,0,0,0,0,0,0,0,0,0,0,0,0,0,0,0,0,0,0,0,0,0,0,0,0,0,0,0,0,0,0,0,0,0,0,0,0,0,0,0,0,0,0,0,0,0,0,0,0,0,0,0,0,0,0,0,0,0,0,0,0,0,0,0,0,0,0,0,0,0,0,0,0,0,0,0,0,0,0,0,0,0,0,0,0,0,0,0,0,0,0,0,0,0,0,0,0,0,0,0,0,0,0,0,0,0,0,0,0,0,0,0,0,0,0,0,0,1,0,0,0,0,0,0,0,0,0,0,0,0,0,0,0,0,0,0,0,0,0,0,0,0,0,0,0,0,0,0,0,0,0,0,0,0,0,0,0,0,0,0,0,0,0,0,0,0,0,0,0,0,0,0,0,0,0,0,0,0,0,0,0,0,0,0,0,0,0,0,0,0,0,0,0,0,0,0,0,0,0,0,0,0,0,0,0,0,0,0,0,0,0,0,0,0,0,0,0,0,0,0,0,0,0,0,0,0,0,0,0,0,0,0,0,0,0,0,0,0,0,0,0,0,0,0,0,0,0,0,0,0,0,0,0,0,0,0,0,0,0,0,0,0,0,0,0,0,0,0,0,0,0,0,0,0,0,0,0,0,0,0,0,0,0,0,0,0,0,0,0,0,0,0,0,0,0,0,0,0,0,0,0,0,0,0,0,0,0,0,0,0,0,0,0,0,0,0,0,0,0,0,0,0,0,0,0,0,0,0,0,0,0,0,0,0,0,0,0,0,0,0,0,0,0,0,0,0,0,0,0,0,0,0,0,0,0,0,0,0,0,0,0,0,0,0,0,0,0,0,0,0,0,0,0,0,0,0,0,0,0,0,0,0,0,0,0,0,0,0,0,0,0,0,0,0,0,0,0,0,0,0,0,0,0,0,0,0,0,0,0,0,0,0,0,0,0,0,0,0,0,0,0,0,0,0,0,0,0,0,0,0,0,0,0,0,0,0,0,0,0,0,0,0,0,0,0,0,0,0,0,0,0,0,0,0,0,0,0,0,0,0,0,0,0,0,0,0,0,0,0,0,0,0,0,0,0,0,0,0,0,0,0,0,0,0,0,0,0,0,0,0,0,0,0,0,0,0,0,0,0,0,0,0,0,0,0,0,0,0,0,0,0,0,0,0,0,0,0,0,0,0,0,0,0,0,0,0,0,0,0,0,0,0,0,0,0,0,0,0,0,0,0,0,0,0,0,0,0,0,0,0,0,0,0,0,0,0,0,0,0,0,0,0,0,0,0,0,0,0,0,0,0,0,0,0,0,0,0,0,0,0,0,0,0,0,0,0,0,0,0,0,0,0,0,0,0,0,0,0,0,0,0,0,0,0,0,0,0,0,0,0,0,0,0,0,0,0,0,0,0,0,0,0,0,0,0,0,0,0,0,0,0,0,0,0,0,0,0,0,0,0,0,0,0,0,0,0,0,0,0,0,0,0,0,0,0,0,0,0,0,0,0,0,0,0,0,0,0,0,0,0,0,0,0,0,0,0,0,0,0,0,0,0,0,0,0,0,0,0,0,0,0,0,0,0,0,0,0,0,0,0,0,0,0,0,0,0,0,0,0,0,0,0,0,0,0,0,0,0,0,0,0,0,0,0,0,0,0,0,0,0,0,0,0,0,0,0,0,0,0,0,0,0,0,0,0,0,0,0,0,0,0,0,0,0,0,0,0,0,0,0,0,0,0,0,0,0,0,0,0,0,0,0,0,0,0,0,0,0,0,0,0,0,0,0,0,0,0,0,0,0,0,0,0,0,0,0,0,0,0,0,0,0,0,0,0,0,0,0,0,0,0,0,0,0,0,0,0,0,0,0,0,0,0,0,0,0,0,0,0,0,0,0,0,0,0,0,0,0,0,0,0,0,0,0,0,0,0,0,0,0,0,0,0,0,0,0,0,0,0,0,0,0,0,0,0,0,0,0,0,0,0,0,0,0,0,0,0,0,0,0,0,0,0,0,0,0,0,0,0,0,0,0,0,0,0,0,0,0,0,0,0,0,0,0,0,0,0,0,0,0,0,0,0,0,0,0,0,0,0,0,0,0,0,0,0,0,0,0,0,0,0,0,0,0,0,0,0,0,0,0,0,0,0,0,0,0,0,0,0,0,0,0,0,0,0,0,0,0,0,0,0,0,0,0,0,0,0,0,0,0,0,0,0,0,0,0,0,0,0,0,0,0,0,0,0,0,0,0,0,0,0,0,0,0,0,0,0,0,0,0,0,0,0,0,0,0,0,0,0,0,0,0,0,0,0,0,0,0,0,0,0,0,0,0,0,0,0,0,0,0,0,0,0,0,0,0,0,0,0,0,0,0,0,0,0,0,0,0,0,0,0,0,0,0,0,0,0,0,0,0,0,0,0,0,0,0,0,0,0,0,0,0,0,0,0,0,0,0,0,0,0,0,0,0,0,0,0,0,0,0,0,0,0,0,0,0,0,0,0,0,0,0,0,0,0,0,0,0,0,0,0,0,0,0,0,0,0,0,0,0,0,0,0,0,0,0,0,0,0,0,0,0,0,0,0,0,0,0,0,0,0,0,0,0,0,0,0,0,0,0,0,0,0,0,0,0,0,0,0,0,0,0,0,0,0,0,0,0,0,0,0,0,0,0,0,0,0,0,0,0,0,0,0,0,0,0,0,0,0,0,0,0,0,0,0,0,0,0,0,0,0,0,0,0,0,0,0,0,0,0,0,0,0,0,0,0,0,0,0,0,0,0,0,0,0,0,0,0,0,0,0,0,0,0,0,0,0,0,0,0,0,0,0,0,0,0,0,0,0,0,0,0,0,0,0,0,0,0,0,0,0,0,0,0,0,0,0,0,0,0,0,0,0,0,0,0,0,0,0,0,0,0,0,0,0,0,0,0,0,0,0,0,0,0,0,0,0,0,0,0,0,0,0,0,0,0,0,0,0,0,0,0,0,0,0,0,0,0,0,0,0,0,0,0,0,0,0,0,0,0,0,0,0,0,0,0,0,0,0,0,0,0,0,0,0,0,0,0,0,0,0,0,0,0,0,0,0,0,0,0,0,0,0,0,0,0,0,0,0,0,0,0,0,0,0,0,0,0,0,0,0,0,0,0,0,0,0,0,0,0,0,0,0,0,0,0,0,0,0,0,0,0,0,0,0,0,0,0,0,0,0,0,0,0,0,0,0,0,0,0,0,0,0,0,0,0,0,0,0,0,0,0,0,0,0,0,0,0,0,0,0,0,0,0,0,0,0,0,0,0,0,0,0,0,0,0,0,0,0,0,0,0,0,0,0,0,0,0,0,0,0,0,0,0,0,0,0,0,0,0,0,0,0,0,0,0,0,0,0,0,0,0,0,0,0,0,0,0,0,0,0,0,0,0,0,0,0,0,0,0,0,0,0,0,0,0,0,0,0,0,0,0,0,0,0,0,0,0,0,0,0,0,0,0,0,0,0,0,0,0,0,0,0,0,0,0,0,0,0,0,0,0,0,0,0,0,0,0,0,0,0,0,0,0,0,0,0,0,0,0,0,0,0,0,0,0,0,0,0,0,0,0,0,0,0,0,0,0,0,0,0,0,0,0,0,0,0,0,0,0,0,0,0,0,0,0,0,0,0,0,0,0,0,0,0,0,0,0,0,0,0,0,0,0,0,0,0,0,0,0,0,0,0,0,0,0,0,0,0,0,0,0,0,0,0,0,0,0,0,0,0,0,0,0,0,0,0,0,0,0,0,0,0,0,0,0,0,0,0,0,0,0,0,0,0,0,0,0,0,0,0,0,0,0,0,0,0,0,0,0,0,0,0,0,0,0,0,0,0,0,0,0,0,0,0,0,0,0,0,0,0,0,0,0,0,0,0,0,0,0,0,0,0,0,0,0,0,0,0,0,0,0,0,0,0,0,0,0,0,0,0,0,0,0,0,0,0,0,0,0,0,0,0,0,0,0,0,0,0,0,0,0,0,0,0,0,0,0,0,0,0,0,0,0,0,0,0,0,0,0,0,0,0,0,0,0,0,0,0,0,0,0,0,0,0,0,0,0,0,0,0,0,0,0,0,0,0,0,0,0,0,0,0,0,0,0,0,0,0,0,0,0,0,0,0,0,0,0,0,0,0,0,0,0,0,0,0,0,0,0,0,0,0,0,0,0,0,0,0,0,0,0,0,0,0,0,0,0,0,0,0,0,0,0,0,0,0,0,0,0,0,0,0,0,0,0,0,0,0,0,0,0,0,0,0,0,0,0,0,0,0,0,0,0,0,0,0,0,0,0,0,0,0,0,0,0,0,0,0,0,0,0,0,0,0,0,0,0,0,0,0,0,0,0,0,0,0,0,0,0,0,0,0,0,0,0,0,0,0,0,0,0,0,0,0,0,0,0,0,0,0,0,0,0,0,0,0,0,0,0,0,0,0,0,0,0,0,0,0,0,0,0,0,0,0,0,0,0,0,0,0,0,0,0,0,0,0,0,0,0,0,0,0,0,0,0,0,0,0,0,0,0,0,0,0,0,0,0,0,0,0,0,0,0,0,0,0,0,0,0,0,0,0,0,0,0,0,0,0,0,0,0,0,0,0,0,0,0,0,0,0,0,0,0,0,0,0,0,0,0,0,0,0,0,0,0,0,0,0,0,0,0,0,0,0,0,0,0,0,0,0,0,0,0,0,0,0,0,0,0,0,0,0,0,0,0,0,0,0,0,0,0,0,0,0,0,0,0,0,0,0,0,0,0,0,0,0,0,0,0,0,0,0,0,0,0,0,0,0,0,0,0,0,0,0,0,0,0,0,0,0,0,0,0,0,0,0,0,0,0,0,0,0,0,0,0,0,0,0,0,0,0,0,0,0,0,0,0,0,0,0,0,0,0,0,0,0,0,0,0,0,0,0,0,0,0,0,0,0,0,0,0,0,0,0,0,0,0,0,0,0,0,0,0,0,0,0,0,0,0,0,0,0,0,0,0,0,0,0,0,0,0,0,0,0,0,0,0,0,0,0,0,0,0,0,0,0,0,0,0,0,0,0,0,0,0,0,0,0,0,0,0,0,0,0,0,0,0,0,0,0,0,0,0,0,0,0,0,0,0,0,0,0,0,0,0,0,0,0,0,0,0,0,0,0,0,0,0,0,0,0,0,0,0,0,0,0,0,0,0,0,0,0,0,0,0,0,0,0,0,0,0,0,0,0,0,0,0,0,0,0,0,0,0,0,0,0,0,0,0,0,0,0,0,0,0,0,0,0,0,0,0,0,0,0,0,0,0,0,0,0,0,0,0,0,0,0,0,0,0,0,0,0,0,0,0,0,0,0,0,0,0,0,0,0,0,0,0,0,0,0,0,0,0,0,0,0,0,0,0,0,0,0,0,0,0,0,0,0,0,0,0,0,0,0,0,0,0,0,0,0,0,0,0,0,0,0,0,0,0,0,0,0,0,0,0,0,0,0,0,0,0,0,0,0,0,0,0,0,0,0,0,0,0,0,0,0,0,0,0,0,0,0,0,0,0,0,0,0,0,0,0,0,0,0,0,0,0,0,0,0,0,0,0,0,0,0,0,0,0,0,0,0,0,0,0,0,0,0,0,0,0,0,0,0,0,0,0,0,0,0,0,0,0,0,0,0,0,0,0,0,0,0,0,0,0,0,0,0,0,0,0,0,0,0,0,0,0,0,0,0,0,0,0,0,0,0,0,0,0,0,0,0,0,0,0,0,0,0,0,0,0,0,0,0,0,0,0,0,0,0,0,0,0,0,0,0,0,0,0,0,0,0,0,0,0,0,0,0,0,0,0,0,0,0,0,0,0,0,0,0,0,0,0,0,0,0,0,0,0,0,0,0,0,0,0,0,0,0,0,0,0,0,0,0,0,0,0,0,0,0,0,0,0,0,0,0,0,0,0,0,0,0,0,0,0,0,0,0,0,0,0,0,0,0,0,0,0,0,0,0,0,0,0,0,0,0,0,0,0,0,0,0,0,0,0,0,0,0,0,0,0,0,0,0,0,0,0,0,0,0,0,0,0,0,0,0,0,0,0,0,0,0,0,0,0,0,0,0,0,0,0,0,0,0,0,0,0,0,0,0,0,0,0,0,0,0,0,0,0,0,0,0,0,0,0,0,0,0,0,0,0,0,0,0,0,0,0,0,0,0,0,0,0,0,0,0,0,0,0,0,0,0,0,0,0,0,0,0,0,0,0,0,0,0,0,0,0,0,0,0,0,0,0,0,0,0,0,0,0,0,0,0,0,0,0,0,0,0,0,0,0,0,0,0,0,0,0,0,0,0,0,0,0,0,0,0,0,0,0,0,0,0,0,0,0,0,0,0,0,0,0,0,0,0,0,0,0,0,0,0,0,0,0,0,0,0,0,0,0,0,0,0,0,0,0,0,0,0,0,0,0,0,0,0,0,0,0,0,0,0,0,0,0,0,0,0,0,0,0,0,0,0,0,0,0,0,0,0,0,0,0,0,0,0,0,0,0,0,0,0,0,0,0,0,0,0,0,0,0,0,0,0,0,0,0,0,0,0,0,0,0,0,0,0,0,0,0,0,0,0,0,0,0,0,0,0,0,0,0,0,0,0,0,0,0,0,0,0,0,0,0,0,0,0,0,0,0,0,0,0,0,0,0,0,0,0,0,0,0,0,0,0,0,0,0,0,0,0,0,0,0,0,0,0,0,0,0,0,0,0,0,0,0,0,0,0,0,0,0,0,0,0,0,0,0,0,0,0,0,0,0,0,0,0,0,0,0,0,0,0,0,0,0,0,0,0,0,0,0,0,0,0,0,0,0,0,0,0,0,0,0,0,0,0,0,0,0,0,0,0,0,0,0,0,0,0,0,0,0,0,0,0,0,0,0,0,0,0,0,0,0,0,0,0,0,0,0,0,0,0,0,0,0,0,0,0,0,0,0,0,0,0,0,0,0,0,0,0,0,0,0,0,0,0,0,0,0,0,0,0,0,0,0,0,0,0,0,0,0,0,0,0,0,0,0,0,0,0,0,0,0,0,0,0,0,0,0,0,0,0,0,0,0,0,0,0,0,0,0,0,0,0,0,0,0,0,0,0,0,0,0,0,0,0,0,0,0,0,0,0,0,0,0,0,0,0,0,0,0,0,0,0,0,0,0,0,0,0,0,0,0,0,0,0,0,0,0,0,0,0,0,0,0,0,0,0,0,0,0,0,0,0,0,0,0,0,0,0,0,0,0,0,0,0,0,0,0,0,0,0,0,0,0,0,0,0,0,0,0,0,0,0,0,0,0,0,0,0,0,0,0,0,0,0,0,0,0,0,0,-0.059542686,-1.2649909,-0.89235216,0.49666148,0.1055823,-0.79973125,-0.373807,-0.5312685,-0.5010933,-0.7574023,-1.1154923,-0.7806323,-0.27070868,0.44547153,0.4949252,0.8064953,0.4386462,-0.40332356,-0.30321878,0.49414688,0.25825405,0.80398077,-0.64179087,0.70615107,0.19077912,0.24190919,0.6041304,-0.5713224,-0.23005608,0.45355415,-0.09336996,0.4134404,-0.8491251,-0.013202318,0.56509435,0.33596697,-0.10726009,0.44870457,0.46091834,-0.058584746,0.032299854,0.7565028,0.67705363,-0.18982258,-0.8443953,-0.7427937,0.0970207,1.0222714,-0.29974625,-0.49732146,0.5972452,-0.18922387,0.6307731,0.99700576,0.66783345,-0.2952559,-0.26765525,0.248974,-0.04517358,0.03176101,0.88067585,0.46660608,-0.16814919,0.279209,0.09809838,-0.5735975,0.15294048,0.2170626,0.7114796,-0.45774654,-0.11139121,0.59616756,0.0757664,-0.71627074,0.2908839,0.41882882,0.05229686,-0.63472605,-0.3011233,0.37919402,-0.039845034,0.8293063,0.11138981,0.33249444,-0.44565254,1.0065253,0.39158738,0.3669204,0.103786156,-0.47816265,0.8035616,0.33560774,-0.27783337,0.023618517,-0.14378157,0.21275188,0.06139729,0.6135302,-0.01889009,0.7992509,-0.5838953,0.2425079,0.08085546,-0.10384743,-0.1801833,0.062894076,0.45570952,0.24358559,-1.063584,-0.34698468,-0.12947233,0.074808456,-0.22568548,0.3850614,-0.29783037,0.012901559,0.2546019,0.014158855,0.2887884,0.6651991,0.5482106,-0.786859,-0.28561664,0.42062494,0.0805561,-0.43727058,0.007213787,-0.11210967,0.2706474,0.018709073,-0.40446112,-0.3271673,0.57832587,-0.60173696,-0.008532358,0.41475758,-0.13150796,0.7388408,-0.5415663,-0.14857127,-0.28154537,-0.2043713,0.11546106,-0.26053056,-0.72728705,0.36979425,-0.38182977,0.5034868,0.93539816,0.48325032,0.07349129,-0.21784234,-0.2578962,0.81691295,0.2554401,-0.25825545,0.2058068,-0.06864312,0.7129764,0.33961913,-0.019548673,0.14126557,0.13521858,0.35159338,0.20389093,0.011285034,0.1497673,-0.4024255,-0.17928524,0.38937214,-0.5308494,0.16617203,0.21532634,-0.18928374,0.49211127,-0.24298827,0.14024776,-0.26364386,-0.62574536,-0.10522447,-0.03433688,-0.0757678,-0.2181417,-0.5801833,-0.11085237,0.20365144,0.05517068,0.6124525,0.20514823,0.14186428,0.62053514,-0.037031088,-0.15850991,-0.049484313,-0.15743223,-0.016614981,0.20077762,-0.030864345,-0.09738133,0.17365594,-0.37308857,-0.96485627,0.3782361,-0.086604506,0.103965774,0.31106052,0.36518416,-0.26256618,-0.15174446,-0.18850541,0.6907043,-0.065529816,-0.47810277,-0.083790556,-0.75901884,0.7992509,0.20939909,0.24316649,-0.44068325,0.4278095,0.06714494,-0.31788725,0.6507701,-0.478462,0.2177212,-0.42769116,0.6839388,-0.032660484,-0.45319632,-0.33824348,0.19562869,-0.82230276,-0.09941696,-0.15419917,-0.13827342,-0.45223838,0.39416185,-0.21574685,-0.022063266,-0.11899486,0.48127455,0.13180591,0.57527244,0.58036155,-0.29573488,0.20981818,0.13108745,-0.28944838,-0.00086883514,-0.010807467,-0.97784835,0.10318744,-0.082533255,-0.28723314,0.37045282,0.054392353,-0.34159628,-0.73345375,0.5459954,-0.27220547,0.2437652,-0.12510173,-0.44277874,0.26196608,0.3044148,-0.23921639,0.33357212,0.37643996,-0.510074,0.52737546,0.23963408,-0.43080446,0.064630345,-0.0035630425,0.6996251,0.3788348,0.15755056,0.25597894,-0.8973813,-0.092711374,0.2560987,0.26693538,-0.10983456,-0.87498945,0.38410348,-0.26741576,0.33333263,-0.054573372,0.49103358,0.06486983,0.6377182,0.26412144,-0.29250184,0.32830346,-0.14132684,0.23723923,0.41020736,0.39146763,0.48474708,0.44409448,0.30740836,0.003501768,-0.0045808544,-0.34896043,-0.066008784,0.77667946,0.06852198,-0.1203719,-0.98700863,0.4508001,0.35734102,0.14659412,-0.30483532,0.026013369,-0.7318373,-0.2767557,0.11252736,0.19862226,0.31351525,-0.024039019,-0.1879067,0.4384666,-0.046251263,-0.08019828,0.5774877,-0.41062784,-0.13504037,-0.4528371,-0.6525078,-0.37087333,0.17545207,-0.5476732,-0.45672873,-0.65801597,0.0693003,-0.25262755,0.17473362,0.03601187,0.5599454,-0.5037277,0.20682463,0.032599207,0.40541765,-0.27968937,-0.5192942,0.19574843,-0.8088916,0.48762092,-0.14342235,-0.27118766,-0.7266284,-0.31118166,0.11073122,-0.16988546,0.52929133,-0.14216505,0.45445222,0.2892075,-0.6216142,-0.26567948,0.69142276,0.086782716,-0.024577862,-0.18880478,0.3075281,0.54054713,0.7454865,-0.0813957,0.06852198,0.5347396,0.054452226,-0.6504123,-0.22101551,0.16467525,0.1524615,0.49187177,0.08456748,-0.01703408,-0.2880115,0.03223998,0.6259236,0.7048339,0.027450278,-0.04613152,-0.39518106,-0.5233056,-0.40859222,0.66537875,0.17042288,-0.16509575,0.48923743,-0.4986985,0.42589363,-0.028529365,0.124322005,0.379673,0.2354431,0.17215915,-0.13150796,0.15252137,0.57886475,-0.10426653,-0.49049613,-0.17072365,0.20688449,0.275497,-0.13971032,0.5078574,-0.14629617,-0.34159628,-0.17886615,-0.06684698,-0.2233505,-0.26005158,0.08941705,0.5082166,-0.37470508,0.029545773,0.52551943,-0.27645633,-0.1272571,-0.034815848,0.0048189363,-0.24508378,-0.094747,0.28998584,0.6116742,-0.044993967,-0.14432041,-0.036971215,-0.3019016,0.1380924,0.006495332,-0.39266646,-0.66053057,0.51839477,0.51127005,-0.12755646,-0.10223091,-0.18347622,0.026492339,0.36458543,-0.07768368,-0.5285743,-0.23927626,-0.56575435,0.23592207,0.25573945,-0.20431143,0.53803253,0.19694586,1.0991461,0.26573795,-0.09175343,-0.0367916,0.14491773,0.26579782,0.20155595,-0.23879729,-0.5732981,-0.15114574,-0.7571029,0.07163528,0.48588464,-0.010148883,-0.3369263,0.47067735,0.04732754,0.7217775,-0.4551721,-0.47888112,-0.21227431,0.027929248,-0.4001504,0.3609333,-0.12510173,0.32183734,-0.0022458746,-0.5988631,0.24825555,-0.5470146,0.33357212,0.03355715,0.02565414,-0.1920977,0.04002325,0.5052231,0.8331979,0.073072195,-0.3075295,-0.12013242,-0.003862399,0.19658664,0.11845462,-0.16377857,0.03816724,0.5356975,0.19161732,-0.23742025,-0.42505684,0.45313504,-0.098698504,-0.6640031,0.23215017,-0.05642938,-0.3721905,-0.60497004,-0.28304216,-0.38188964,-0.37368727,0.6311922,-0.098878115,0.14773168,0.11138981,-0.23161274,0.18688749,-0.07941995,0.6577152,-0.1285144,-0.34884068,-0.17712988,-0.46289548,0.1074383,-0.08414978,0.24891414,-0.3086072,0.032000497,-0.4678049,-0.46074012,-0.3894933,-0.6663979,0.64957273,0.11186878,0.16994391,0.1468336,0.014338469,-0.021344813,0.15683211,-0.44613153,-0.7429134,-0.24993335,-0.063374445,-0.51091224,0.19461088,0.091512546,-0.12905324,-0.0003898649,0.05618849,-0.2650209,-0.1845539,-0.041521434,0.20431003,-0.21161573,0.24651928,0.50965357,-0.6917235,-0.10420666,-0.15737236,-0.19688739,0.688489,0.49947542,-0.50941545,-0.5573125,0.30639055,-0.5793451,0.20724373,-0.27370223,0.25951135,-0.583117,-0.06379355,0.30722874,-0.30669132,-0.5595277,0.55838877,0.13000977,0.40062794,0.39685607,0.23831691,-0.01188515,-0.14180583,-0.34123704,-0.12588006,-0.41685447,0.007992114,0.42337903,0.27208433,0.6059864,-0.18988246,0.06924043,0.5055823,-0.13198693,0.04002325,0.23035404,0.13964905,0.22610317,-0.34452996,-0.21197496,-0.22005758,0.023199419,-0.25681853,0.17132096,-0.25262755,-0.21047817,-0.22873892,-0.06948132,-0.027451683,0.18598942,-0.41056797,0.08893808,0.49444625,0.4974398,0.1510246,0.8107462,0.25496113,0.2602298,-0.43613303,-0.13450153,0.25825405,-0.9508464,0.28669292,-0.024218634,-0.80476046,-0.059482817,-0.106062666,0.05056059,-0.4695412,0.04756703,0.48348978,-0.19940199,-0.015896525,0.24999182,-0.39601925,-0.097620815,-0.5339028,0.31207833,-0.24658056,0.1468336,-0.45834526,-0.25759688,-0.05086135,0.11594003,-0.4036828,0.11408401,0.31291652,0.17826602,-0.24646081,0.40996787,0.088818334,0.387576,-0.007334933,-0.026074642,-0.012304249,-0.031822287,-0.2458621,1.03688,-0.45660898,-0.5274966,-0.25220844,-0.2471194,-0.75895894,-0.13486075,0.42421722,-0.6383183,-0.20556873,-0.424039,-0.15168458,0.28286114,0.39236572,0.08205289,0.16066387,0.39643696,0.10929432,-0.28759238,0.013620014,0.7217176,0.118694104,-0.22628419,-0.11510323,-0.20185672,-0.03487572,0.3906893,-0.06289548,0.11534131,0.15874799,0.26280427,0.4284082,-0.6188601,0.5334823,-0.3098645,-0.67968935,-0.09151395,-0.09510622,-0.04954418,-0.48043776,-0.14605668,0.10618101,-0.393804,0.17126109,-0.0061375075,0.17952332,-0.0036827852,-0.22496702,0.15252137,-0.2869338,0.36871657,0.4811548,-0.4307446,0.03816724,-0.5606054,-0.45666885,-0.69699216,-0.31178036,0.1039059,-0.13545947,0.25508088,-0.07349269,0.29196158,-0.15306161,0.28866866,0.44349578,0.06780352,-0.033199325,-0.40775403,-0.19227731,0.08863872,0.25292552,0.20736347,-0.17976421,-0.13186719,0.2256242,-0.23233119,0.14473811,-0.07439076,-0.1364174,-0.044993967,-0.63101405,-0.13737534,0.23717935,0.066366605,-0.5140854,0.4078125,-0.1422848,0.66052914,0.15832889,-0.30010548,0.3412955,-0.00021025109,-0.15252277,0.1055823,-0.103248715,-0.26885268,0.16449563,0.4067947,0.34919852,-0.27454045,0.15449713,0.22646241,0.17724821,0.12019089,-0.034576364,-0.1622818,0.18838426,-0.43248087,0.11288659,0.21017742,-0.32010248,0.124322005,0.5756317,0.7481807,0.10755805,-0.0078737745,0.19724523,-0.44547293,-0.5340824,-0.34273383,-0.45044225,0.029126674,0.06612712,0.18616903,0.16407654,0.55084497,-0.28705353,-0.054693114,-0.033857908,-0.106062666,-0.37189114,-0.025715414,-0.066727236,-0.052118648,-0.35476795,-0.31309754,-0.28052756,0.2839987,0.029665517,-0.050561994,0.09528443,0.64933324,0.020086112,0.44559127,0.27849054,-0.051998906,-0.061278954,0.012721945,0.11402415,-0.13090925,0.4505606,-0.2648413,0.15138382,-0.035893533,0.52983016,0.16479498,0.18988106,0.058164243,-0.0693017,0.058643214,-0.37081346,0.0645106,-0.21263354,0.05103956,-0.3318971,-0.13294487,-0.5889844,-0.18251829,0.13503896,-0.1280953,0.08965653,-0.26154837,-0.34375164,0.15443726,-0.24101253,0.1970656,-0.355666,0.0005680755,0.62185234,-0.52144957,0.33387148,0.00499855,0.17108147,-0.28076705,-0.013920774,0.20275338,0.31022233,0.021283537,0.08768079,-0.018470991,-0.3350703,-0.010148883,-0.33057997,-0.052418005,-0.105523825,-0.25280717,-0.33698618,-0.23789921,-0.0545135,0.2877706,0.4063756,0.2956736,0.050800078,-0.17952472,-0.11175044,0.22101411,-0.1422848,-0.25999174,-0.16030605,-0.1714421,-0.35099605,-0.3605156,-0.15527686,-0.09540558,0.026971309,-0.107140355,0.20221454,0.19095874,0.12426213,0.009488896,0.67633516,0.10067285,0.33836183,0.21179394,-0.0593032,-0.14946935,0.0096685095,0.35410798,-0.3886551,-0.653346,-0.21502839,-0.15288201,-0.26561964,0.39607772,0.46672583,0.05900244,0.2504109,-0.31543252,0.11342543,0.55461687,0.2056272,0.3848818,-0.31609112,-0.28268293,0.06828249,-0.038887095,0.17886473,0.18940209,0.4892973,0.23957421,0.13192566,-0.09019678,-0.500794,-0.13635753,-0.43697122,-0.8029045,0.34141526,-0.009610042,-0.26490116,0.29208133,-0.014339873,-0.31477395,-0.0657693,0.15120421,0.41954726,-0.20928074,0.03589213,-0.5200127,0.41290155,-0.01984803,-0.6475984,0.11031213,0.4809752,0.021163795,-0.1349805,0.44601038,-0.051519934,0.08109494,-0.11282812,0.15635313,0.04343591,0.33554786,0.027390407,0.25328472,-0.26927176,-0.5324659,0.34165475,0.47528744,-0.22370973,0.41894856,0.29950535,-0.24053356,-0.2871134,0.08893808,0.34357062,0.24472314,-0.0035031713,0.20670488,-0.32118016,0.19293448,-0.45774654,-0.32477245,0.22466627,0.32165775,0.2548414,-0.12426354,-0.33201686,0.095164694,0.47498807,-0.61365134,0.50965357,-0.37961453,-0.90049464,0.4267917,0.31219807,-0.110972114,-0.037989028,-0.21155585,0.048944067,0.2831605,-0.08474849,-0.054752983,0.05038098,0.07420974,0.33171612,-0.28789175,-0.23694128,-0.19377409,-0.24089278,-0.15904875,0.09696083,0.13605678,-0.44008452,0.49528444,0.029665517,-0.4653502,0.04439385,-0.32962203,0.6101774,-0.052477874,0.010087608,-0.101153225,0.36805797,0.051279046,0.09821813,-0.15809081,-0.60676616,-0.022362623,-0.14569746,0.22532485,-0.10726009,-0.2046108,0.14198403,-0.14120711,-0.021404684,0.16299886,-0.25514215,-0.104625754,0.0709767,0.19724523,-0.046849977,0.07738292,0.47127604,-0.22843955,-0.10510473,0.09552392,-0.04134182,-0.5037277,0.25993043,0.6455015,0.1453967,-1.6554714,-0.23724064,-0.9174981,-0.40937054,-1.0111966,-1.0148488,1.1502163,0.5364759,-0.32249734,0.34770173,-1.8240091,-0.79128945,0.24304675,-0.85373515,0.6371195,0.49145266,-0.79206777,-0.6871733,0.19425166,-0.052058775,-0.11384594,-1.1456676,1.1368052,0.07049773,0.18443276,-0.5398301,-1.5568036,1.1244717,-1.1193242,-1.1915289,0.032180108,-0.0843294,0.81984663,0.11378466,0.75889766,-1.612843,-0.43224138,0.3323747,-0.8669069,0.012841688,0.38703716,-0.46612853,0.25496113,-0.7651257,0.21382956,-0.072175525,1.391797,0.008710569,0.9045645,0.41793075,-0.12336547,0.23203044,1.1423732,0.05008162,0.28669292,-0.1364174,-0.8166748,0.33075815,-0.026074642,-0.21017882,-0.599402,-0.7016621,-0.6723252,0.0015858872,0.4006878,0.69453603,1.3716203,1.2460104,0.25214717,-1.3002552,0.78518116,-1.1463261,-0.7515948,-0.8919929,-0.21131638,-1.0732232,-1.0216742,-0.02086584,-0.5173185,0.14419927,0.051279046,0.2679532,-1.606377,-0.14881076,-0.39524093,-0.15904875,-0.47564805,0.51025224,-1.1708134,-0.25202885,0.3540481,-0.06355406,0.60137635,0.56377715,0.16982417,0.80769277,0.06959966,-0.6631649,-0.10809829,-0.53426206,-0.95252275,0.6309528,-0.28783187,0.008650698,0.06277433,-1.1941034,-0.4063171,0.3050135,-0.9204318,1.0619661,0.7486597,0.37835583,1.2809154,1.2497823,0.9318658,-1.1857214,-0.6070655,-0.13821355,0.18365444,1.2945061,1.1859595,-0.12372469,-0.6345464,0.020086112,-0.44463474,0.020145983,
0,0,0,0,0,0,0,0,0,0,0,0,0,0,0,0,0,0,0,0,0,0,0,0,0,0,0,0,0,0,0,1,0,0,0,0,0,0,0,0,0,0,0,0,0,0,0,0,0,0,0,0,0,0,0,0,0,0,0,0,0,0,0,0,0,0,0,0,0,0,0,0,0,0,0,0,0,0,0,0,0,0,0,0,0,0,0,0,0,0,0,0,0,0,0,0,0,0,0,0,0,0,0,0,0,0,0,0,0,0,0,0,0,0,0,0,0,0,0,0,0,0,0,0,0,0,0,0,0,0,0,0,0,0,0,0,0,0,0,0,0,0,0,0,0,0,0,0,0,0,0,0,0,0,0,0,0,0,0,0,0,0,0,0,0,0,0,0,0,0,0,0,0,0,0,0,0,0,0,0,0,0,0,0,0,0,0,0,0,0,0,0,0,0,0,0,0,0,0,0,0,0,0,0,0,0,0,0,0,0,0,0,0,0,0,0,0,0,0,0,0,0,0,0,0,0,0,0,0,0,0,0,0,0,0,0,0,0,0,0,0,0,0,0,0,0,0,0,0,0,0,0,0,0,0,0,0,0,0,0,0,0,0,0,0,0,0,0,0,0,0,0,0,0,0,0,0,0,0,0,0,0,0,0,0,0,0,0,0,0,0,0,0,0,0,0,0,0,0,0,0,1,0,0,0,0,0,0,0,0,0,0,0,0,0,0,0,0,0,0,0,0,0,0,0,0,0,0,0,0,0,0,0,0,0,0,0,0,0,0,0,0,0,0,0,0,0,0,0,0,0,0,0,0,0,0,0,0,0,0,0,0,0,0,0,0,0,0,0,0,0,0,0,0,0,0,0,0,0,0,0,0,0,0,0,0,0,0,0,0,0,0,0,0,0,0,0,0,0,0,0,0,0,0,0,0,0,0,0,0,0,0,0,0,0,0,0,0,0,0,0,0,0,0,0,0,0,0,0,0,0,0,0,0,0,0,0,0,0,0,0,0,0,0,0,0,0,0,0,0,0,0,0,0,0,0,0,0,0,0,0,0,0,0,0,0,0,0,0,0,0,0,0,0,0,0,0,0,0,0,0,0,0,0,0,0,0,0,0,0,0,0,0,0,0,0,0,0,0,0,0,0,0,0,0,0,0,0,0,0,0,0,0,0,0,0,0,0,0,0,0,0,0,0,0,0,0,0,0,0,0,0,0,0,0,0,0,0,0,0,0,0,0,0,0,0,0,0,0,0,0,0,0,0,0,0,0,0,0,0,0,0,0,0,0,0,0,0,0,0,0,0,0,0,0,0,0,0,0,0,0,0,0,0,0,0,0,0,0,0,0,0,0,0,0,0,0,0,0,0,0,0,0,0,0,0,0,0,0,0,0,0,0,0,0,0,0,0,0,0,0,0,0,0,0,0,0,0,0,0,0,0,0,0,0,0,0,0,0,0,0,0,0,0,0,0,0,0,0,0,0,0,0,0,0,0,0,0,0,0,0,0,0,0,0,0,0,0,0,0,0,0,0,0,0,0,0,0,0,0,0,0,0,0,0,0,0,0,0,0,0,0,0,0,0,0,0,0,0,0,0,0,0,0,0,0,0,0,0,0,0,0,0,0,0,0,0,0,0,0,0,0,0,0,0,0,0,0,0,0,0,0,0,0,0,0,0,0,0,0,0,0,0,0,0,0,0,0,0,0,0,0,0,0,0,0,0,0,0,0,0,0,0,0,0,0,0,0,0,0,0,0,0,0,0,0,0,0,0,0,0,0,0,0,0,0,0,0,0,0,0,0,0,0,0,0,0,0,0,0,0,0,0,0,0,0,0,0,0,0,0,0,0,0,0,0,0,0,0,0,0,0,0,0,0,0,0,0,0,0,0,0,0,0,0,0,0,0,0,0,0,0,0,0,0,0,0,0,0,0,0,0,0,0,0,0,0,0,0,0,0,0,0,0,0,0,0,0,0,0,0,0,0,0,0,0,0,0,0,0,0,0,0,0,0,0,0,0,0,0,0,0,0,0,0,0,0,0,0,0,0,0,0,0,0,0,0,0,0,0,0,0,0,0,0,0,0,0,0,0,0,0,0,0,0,0,0,0,0,0,0,0,0,0,0,0,0,0,0,0,0,0,0,0,0,0,0,0,0,0,0,0,0,0,0,0,0,0,0,0,0,0,0,0,0,0,0,0,0,0,0,0,0,0,0,0,0,0,0,0,0,0,0,0,0,0,0,0,0,0,0,0,0,0,0,0,0,0,0,0,0,0,0,0,0,0,0,0,0,0,0,0,0,0,0,0,0,0,0,0,0,0,0,0,0,0,0,0,0,0,0,0,0,0,0,0,0,0,0,0,0,0,0,0,0,0,0,0,0,0,0,0,0,0,0,0,0,0,0,0,0,0,0,0,0,0,0,0,0,0,0,0,0,0,0,0,0,0,0,0,0,0,0,0,0,0,0,0,0,0,0,0,0,0,0,0,0,0,0,0,0,0,0,0,0,0,0,0,0,0,0,0,0,0,0,0,0,0,0,0,0,0,0,0,0,0,0,0,0,0,0,0,0,0,0,0,0,0,0,0,0,0,0,0,0,0,0,0,0,0,0,0,0,0,0,0,0,0,0,0,0,0,0,0,0,0,0,0,0,0,0,0,0,0,0,0,0,0,0,0,0,0,0,0,0,0,0,0,0,0,0,0,0,0,0,0,0,0,0,0,0,0,0,0,0,0,0,0,0,0,0,0,0,0,0,0,0,0,0,0,0,0,0,0,0,0,0,0,0,0,0,0,0,0,0,0,0,0,0,0,0,0,0,0,0,0,0,0,0,0,0,0,0,0,0,0,0,0,0,0,0,0,0,0,0,0,0,0,0,0,0,0,0,0,0,0,0,0,0,0,0,0,0,0,0,0,0,0,0,0,0,0,0,0,0,0,0,0,0,0,0,0,0,0,0,0,0,0,0,0,0,0,0,0,0,0,0,0,0,0,0,0,0,0,0,0,0,0,0,0,0,0,0,0,0,0,0,0,0,0,0,0,0,0,0,0,0,0,0,0,0,0,0,0,0,0,0,0,0,0,0,0,0,0,0,0,0,0,0,0,0,0,0,0,0,0,0,0,0,0,0,0,0,0,0,0,0,0,0,0,0,0,0,0,0,0,0,0,0,0,0,0,0,0,0,0,0,0,0,0,0,0,0,0,0,0,0,0,0,0,0,0,0,0,0,0,0,0,0,0,0,0,0,0,0,0,0,0,0,0,0,0,0,0,0,0,0,0,0,0,0,0,0,0,0,0,0,0,0,0,0,0,0,0,0,0,0,0,0,0,0,0,0,0,0,0,0,0,0,0,0,0,0,0,0,0,0,0,0,0,0,0,0,0,0,0,0,0,0,0,0,0,0,0,0,0,0,0,0,0,0,0,0,0,0,0,0,0,0,0,0,0,0,0,0,0,0,0,0,0,0,0,0,0,0,0,0,0,0,0,0,0,0,0,0,0,0,0,0,0,0,0,0,0,0,0,0,0,0,0,0,0,0,0,0,0,0,0,0,0,0,0,0,0,0,0,0,0,0,0,0,0,0,0,0,0,0,0,0,0,0,0,0,0,0,0,0,0,0,0,0,0,0,0,0,0,0,0,0,0,0,0,0,0,0,0,0,0,0,0,0,0,0,0,0,0,0,0,0,0,0,0,0,0,0,0,0,0,0,0,0,0,0,0,0,0,0,0,0,0,0,0,0,0,0,0,0,0,0,0,0,0,0,0,0,0,0,0,0,0,0,0,0,0,0,0,0,0,0,0,0,0,0,0,0,0,0,0,0,0,0,0,0,0,0,0,0,0,0,0,0,0,0,0,0,0,0,0,0,0,0,0,0,0,0,0,0,0,0,0,0,0,0,0,0,0,0,0,0,0,0,0,0,0,0,0,0,0,0,0,0,0,0,0,0,0,0,0,0,0,0,0,0,0,0,0,0,0,0,0,0,0,0,0,0,0,0,0,0,0,0,0,0,0,0,0,0,0,0,0,0,0,0,0,0,0,0,0,0,0,0,0,0,0,0,0,0,0,0,0,0,0,0,0,0,0,0,0,0,0,0,0,0,0,0,0,0,0,0,0,0,0,0,0,0,0,0,0,0,0,0,0,0,0,0,0,0,0,0,0,0,0,0,0,0,0,0,0,0,0,0,0,0,0,0,0,0,0,0,0,0,0,0,0,0,0,0,0,0,0,0,0,0,0,0,0,0,0,0,0,0,0,0,0,0,0,0,0,0,0,0,0,0,0,0,0,0,0,0,0,0,0,0,0,0,0,0,0,0,0,0,0,0,0,0,0,0,0,0,0,0,0,0,0,0,0,0,0,0,0,0,0,0,0,0,0,0,0,0,0,0,0,0,0,0,0,0,0,0,0,0,0,0,0,0,0,0,0,0,0,0,0,0,0,0,0,0,0,0,0,0,0,0,0,0,0,0,0,0,0,0,0,0,0,0,0,0,0,0,0,0,0,0,0,0,0,0,0,0,0,0,0,0,0,0,0,0,0,0,0,0,0,0,0,0,0,0,0,0,0,0,0,0,0,0,0,0,0,0,0,0,0,0,0,0,0,0,0,0,0,0,0,0,0,0,0,0,0,0,0,0,0,0,0,0,0,0,0,0,0,0,0,0,0,0,0,0,0,0,0,0,0,0,0,0,0,0,0,0,0,0,0,0,0,0,0,0,0,0,0,0,0,0,0,0,0,0,0,0,0,0,0,0,0,0,0,0,0,0,0,0,0,0,0,0,0,0,0,0,0,0,0,0,0,0,0,0,0,0,0,0,0,0,0,0,0,0,0,0,0,0,0,0,0,0,0,0,0,0,0,0,0,0,0,0,0,0,0,0,0,0,0,0,0,0,0,0,0,0,0,0,0,0,0,0,0,0,0,0,0,0,0,0,0,0,0,0,0,0,0,0,0,0,0,0,0,0,0,0,0,0,0,0,0,0,0,0,0,0,0,0,0,0,0,0,0,0,0,0,0,0,0,0,0,0,0,0,0,0,0,0,0,0,0,0,0,0,0,0,0,0,0,0,0,0,0,0,0,0,0,0,0,0,0,0,0,0,0,0,0,0,0,0,0,0,0,0,0,0,0,0,0,0,0,0,0,0,0,0,0,0,0,0,0,0,0,0,0,0,0,0,0,0,0,0,0,0,0,0,0,0,0,0,0,0,0,0,0,0,0,0,0,0,0,0,0,0,0,0,0,0,0,0,0,0,0,0,0,0,0,0,0,0,0,0,0,0,0,0,0,0,0,0,0,0,0,0,0,0,0,0,0,0,0,0,0,0,0,0,0,0,0,0,0,0,0,0,0,0,0,0,0,0,0,0,0,0,0,0,0,0,0,0,0,0,0,0,0,0,0,0,0,0,0,0,0,0,0,0,0,0,0,0,0,0,0,0,0,0,0,0,0,0,0,0,0,0,0,0,0,0,0,0,0,0,0,0,0,0,0,0,0,0,0,0,0,0,0,0,0,0,0,0,0,0,0,0,0,0,0,0,0,0,0,0,0,0,0,0,0,0,0,0,0,0,0,0,0,0,0,0,0,0,0,0,0,0,0,0,0,0,0,0,0,0,0,0,0,0,0,0,0,0,0,0,0,0,0,0,0,0,0,0,0,0,0,0,0,0,0,0,0,0,0,0,0,0,0,0,0,0,0,0,0,0,0,0,0,0,0,0,0,0,0,0,0,0,0,0,0,0,0,0,0,0,0,0,0,0,0,0,0,0,0,0,0,0,0,0,0,0,0,0,0,0,0,0,0,0,0,0,0,0,0,0,0,0,0,0,0,0,0,0,0,0,0,0,0,0,0,0,0,0,0,0,0,0,0,0,0,0,0,0,0,0,0,0,0,0,0,0,0,0,0,0,0,0,0,0,0,0,0,0,0,0,0,0,0,0,0,0,0,0,0,0,0,0,0,0,0,0,0,0,0,0,0,0,0,0,0,0,0,0,0,0,0,0,0,0,0,0,0,0,0,0,0,0,0,0,0,0,0,0,0,0,0,0,0,0,0,0,0,0,0,0,0,0,0,0,0,0,0,0,0,0,0,0,0,0,0,0,0,0,0,0,0,0,0,0,0,0,0,0,0,0,0,0,0,0,0,0,0,0,0,0,0,0,0,0,0,0,0,0,0,0,0,0,0,0,0,0,0,0,0,0,0,0,0,0,0,0,0,0,0,0,0,0,0,0,0,0,0,0,0,0,0,0,0,0,0,0,0,0,0,0,0,0,0,0,0,0,0,0,0,0,0,0,0,0,0,0,0,0,0,0,0,0,0,0,0,0,0,0,0,0,0,0,0,0,0,0,0,0,0,0,0,0,0,0,0,0,0,0,0,0,0,0,0,0,0,0,0,0,0,0,0,0,0,0,0,0,0,0,0,0,0,0,0,0,0,0,0,0,0,0,0,0,0,0,0,0,0,0,0,0,0,0,0,0,0,0,0,0,0,0,0,0,0,0,0,0,0,0,0,0,0,0,0,0,0,0,0,0,0,0,0,0,0,0,0,0,0,0,0,0,0,0,0,0,0,0,0,0,0,0,0,0,0,0,0,0,0,0,0,0,0,0,0,0,0,0,0,0,0,0,0,0,0,0,0,0,0,0,0,0,0,0,0,0,0,0,0,0,0,0,0,0,0,0,0,0,0,0,0,0,0,0,0,0,0,0,0,0,0,0,0,0,0,0,0,0,0,0,0,0,0,0,0,0,0,0,0,0,0,0,0,0,0,0,0,0,0,0,0,0,0,0,0,0,0,0,0,0,0,0,0,0,0,0,0,0,0,0,0,0,0,0,0,0,0,0,0,0,0,0,0,0,0,0,0,0,0,0,0,0,0,0,0,0,0,0,0,0,0,0,0,0,0,0,0,0,0,0,0,0,0,0,0,0,0,0,0,0,0,0,0,0,0,0,0,0,0,0,0,0,0,0,0,0,0,0,0,0,0,0,0,0,0,0,0,0,0,0,0,0,0,0,0,0,0,0,0,0,0,0,0,0,0,0,0,0,0,0,0,0,0,0,0,0,0,0,0,0,0,0,0,0,0,0,0,0,0,0,0,0,0,0,0,0,0,0,0,0,0,0,0,0,0,0,0,0,0,0,0,0,0,0,0,0,0,0,0,0,0,0,0,0,0,0,0,0,0,0,0,0,0,0,0,0,0,0,0,0,0,0,0,0,0,0,0,0,0,0,0,0,0,0,0,0,0,0,0,0,0,0,0,0,0,0,0,0,0,0,0,0,0,0,0,0,0,0,0,0,0,0,0,0,0,0,0,0,0,0,0,0,0,0,0,0,0,0,0,0,0,0,0,0,0,0,0,0,0,0,0,0,0,0,0,0,0,0,0,0,0,0,0,0,0,0,0,0,0,0,0,0,0,0,0,0,0,0,0,0,0,0,0,0,0,0,0,0,0,0,0,0,0,0,0,0,0,0,0,0,0,0,0,0,0,0,0,0,0,0,0,0,0,0,0,0,0,0,0,0,0,0,0,0,0,0,0,0,0,0,0,0,0,0,0,0,0,0,0,0,0,0,0,0,0,0,0,0,0,0,0,0,0,0,0,0,0,0,0,0,0,0,0,0,0,0,0,0,0,0,0,0,0,0,0,0,0,0,0,0,0,0,0,0,0,0,0,0,0,0,0,0,0,0,0,0,0,0,0,0,0,0,0,0,0,0,0,0,0,0,0,0,0,0,0,0,0,0,0,0,0,0,0,0,0,0,0,0,0,0,0,0,0,0,0,0,0,0,0,0,0,0,0,0,0,0,0,0,0,0,0,0,0,0,0,0,0,0,0,0,0,0,0,0,0,0,0,0,0,0,0,0,0,0,0,0,0,0,0,0,0,0,0,0,0,0,0,0,0,0,0,0,0,0,0,0,0,0,0,0,0,0,0,0,0,0,0,0,0,0,0,0,0,0,0,0,0,0,0,0,0,0,0,0,0,0,0,0,0,0,0,0,0,0,0,0,0,0,0,0,0,0,0,0,0,0,0,0,0,0,0,0,0,0,0,0,0,0,0,0,0,0,0,0,0,0,0,0,0,0,0,0,0,0,0,0,0,0,0,0,0,0,0,0,0,0,0,0,0,0,0,0,0,0,0,0,0,0,0,0,0,0,0,0,0,0,0,0,0,0,0,0,0,0,0,0,0,0,0,0,0,0,0,0,0,0,0,0,0,0,0,0,0,0,0,0,0,0,0,0,0,0,0,0,0,0,0,0,0,0,0,0,0,0,0,0,0,0,0,0,0,0,0,0,0,0,0,0,0,0,0,0,0,0,0,0,0,0,0,0,0,0,0,0,0,0,0,0,0,0,0,0,0,0,0,0,0,0,0,0,0,0,0,0,0,0,0,0,0,0,0,0,0,0,0,0,0,0,0,0,0,0,0,0,0,0,0,0,0,0,0,0,0,0,0,0,0,0,0,0,0,0,0,0,0,0,0,0,0,0,0,0,0,0,0,0,0,0,0,0,0,0,0,0,0,0,0,0,0,0,0,0,0,0,0,0,0,0,0,0,0,0,0,0,0,0,0,0,0,0,0,0,0,0,0,0,0,0,0,0,0,0,0,0,0,0,0,0,0,0,0,0,0,0,0,0,0,0,0,0,0,0,0,0,0,0,0,0,0,0,0,0,0,0,0,0,0,0,0,0,0,0,0,0,0,0,0,0,0,1.0151216,-0.52842003,-0.00021374552,1.0121919,-1.9874877,-0.36612508,-1.3835356,-0.17746255,-0.47696662,-0.61753273,-1.0182346,0.41330576,0.8398259,0.3577629,-0.2570536,-0.032684945,0.8824291,-0.74839413,0.59024936,0.008636488,0.3912717,-1.1141834,0.5146867,-0.57053494,0.3881589,0.16177604,-0.5376365,0.41623548,-0.91001767,-0.33817056,-0.1723355,-0.6277258,1.3851833,0.9711756,-0.23788828,0.092622146,0.45780104,0.30875093,-1.1004503,-0.20944545,-0.87919444,-1.0281836,0.62168294,1.8406957,1.0866559,0.96714723,0.67191565,1.7821621,1.315236,-0.13504246,0.47678328,0.74967563,-0.8263372,0.10360864,0.31027684,1.529961,-1.0032197,0.22629118,0.87064916,1.0958723,0.67246497,-0.9818571,0.5089493,0.65055305,0.23294412,0.49454477,-0.24344255,0.32346064,-0.46012068,-0.46164656,-0.063752316,0.15329202,1.3926908,1.7023879,-1.062852,1.1415273,0.3386586,1.4669107,0.52359796,-0.9958344,1.6504462,0.68680847,0.31314552,-0.8812697,1.7165483,-1.1395134,0.4096436,0.7242846,-0.23697273,-0.71531254,0.4333256,-0.32852685,0.49631482,0.011261039,-0.6553141,-0.45603123,-1.6104068,1.13933,1.577325,-0.1313803,1.8613259,-0.4517587,0.39139378,-0.6540933,-0.68845665,1.7660486,0.620096,-0.4770887,1.2845958,1.1202257,0.6900434,0.11490031,0.008392343,1.480827,-1.6484933,0.9781947,0.34824127,-0.8746778,0.55826646,-0.8662548,-0.8241399,-0.106599644,0.3064926,-0.028595526,0.06326379,-1.345266,0.07168677,0.56266105,1.4365147,1.6877393,0.2777446,0.5718775,-0.01821939,0.938094,-0.07919444,-0.39969495,0.6325474,-0.9672085,-0.28329912,0.6660562,1.749813,0.5595482,0.9011062,-0.96568257,-0.45023283,0.10995639,1.7702601,-0.18271165,1.3814602,0.49314094,1.6606393,-1.1770506,-0.1904022,0.23678938,1.7147782,-0.6240636,-0.9109332,0.22476527,0.3591057,-0.95561165,0.25870132,-0.5599757,0.22384973,-0.74290085,0.7118943,0.9950407,0.9960783,-1.6491036,1.1625237,0.6603188,-1.346975,-0.29721534,-1.3962922,0.021515101,0.59183633,0.93638504,0.02310204,0.3144273,-0.5428856,-0.08627463,0.17056523,0.56406486,-0.80393696,1.12401,-0.44846278,1.636591,-0.20254837,-1.6787672,0.35092688,-0.27145812,1.0389256,0.4372319,1.1086899,0.4472418,-0.3952393,-0.4368049,-1.717342,1.5825131,0.40915528,0.55893785,-0.5768217,-0.043610405,1.0433203,-0.5696194,-1.7397423,-0.10556203,-0.93827736,1.7369343,0.18997471,1.682368,-0.95860237,-0.9592128,-0.64139783,-0.6092318,-0.6337073,1.3038223,-0.14706658,1.2536505,-0.34067303,0.36411065,1.0247653,-1.4683758,-1.572015,-1.148974,-0.6709393,-1.6047914,-1.7641567,-0.67789745,-0.51340514,-0.34598318,0.17318977,-0.49539953,-1.0497292,0.07779037,0.23172338,1.1608758,0.32767212,-0.4733655,1.3395283,1.634943,0.7770198,1.6832225,0.7712824,-0.117341995,0.9686731,0.020355416,-1.7230794,-0.014801371,-0.45297945,-1.3464257,0.83280677,-0.93064785,-0.112581186,0.14749359,-0.119356185,0.8377507,0.124910235,0.623453,0.17129765,0.15518413,-0.30045027,0.6840618,0.50205225,-1.7722745,0.9686121,-1.6156559,-0.17410555,-0.53678197,-0.004852488,1.3516135,-0.75950265,-1.1804686,0.4448614,-0.14706658,-0.51309997,0.05557324,-0.38974607,0.6931562,-1.5490044,-0.3634395,0.13290596,-0.55289555,-0.1344321,1.7150224,1.4547035,-0.3888305,-0.41373324,0.3959715,-0.50070965,-1.1891357,0.16092153,1.2286868,0.022552716,0.9957121,1.3651636,-0.5990998,-0.41226837,0.28824282,-1.5730526,0.60117483,-0.58591604,0.49967182,-0.8925613,-0.5188374,1.5319752,-0.4858779,-0.5511865,-1.0258031,-1.6726636,-0.60007644,1.1297474,1.2361332,0.7483939,-0.17709632,-0.13321137,-0.3823607,-1.0320898,-0.24759302,-1.2932633,-1.6854202,0.04977481,-0.7762266,0.15835801,0.42838165,-0.418433,0.05947955,0.3227282,1.2615242,1.7674524,0.23862046,-0.5239644,-0.24881373,0.15335305,-0.988388,1.212085,-0.45682472,-1.5890441,0.9705652,-0.990097,-0.14670035,-1.4862593,-0.4916153,0.6730753,-1.5276419,-0.84489214,-1.7221638,-0.27780586,-0.8519113,0.25143805,-1.35021,1.3589989,-1.0010225,-0.39114988,0.14200033,1.7349201,-0.41562536,0.41605237,-0.90763724,-0.32822168,-0.81004053,0.36319512,-0.19003598,1.7238727,-0.14358751,0.058014683,-0.9210042,0.4585335,-0.3940186,0.18124655,0.14541836,1.7335774,-1.5793394,0.5475851,-1.6867629,0.91746384,1.4007475,-0.29990095,0.33566785,0.93693435,-1.6951859,0.8523383,1.464103,1.5880673,1.110643,0.65970844,0.11471721,0.2298923,1.2154421,-1.199695,0.52646667,0.5878689,-1.0624248,-1.0369728,-0.68296343,-0.37503636,-0.9648891,-0.119356185,0.3770503,1.0942854,-0.506264,0.3046615,-0.5069964,0.35513836,-0.88102555,-0.5982453,-0.39041746,-0.80637836,-0.7493707,0.072052985,-0.6379798,-0.13516453,-0.3395744,-0.215427,-0.036591254,-1.0597392,1.0443579,1.2081788,-0.22348376,0.16971073,0.998886,0.29892412,0.31302345,0.93461496,1.315236,-1.247059,-0.1535364,1.7336384,0.7320972,-0.037934046,-0.79545295,0.26138693,-0.08346697,-1.6624095,0.8074158,-0.17575353,0.03903246,-1.0742658,1.6093079,-1.0344092,1.5343555,0.3658807,0.8620431,1.3901883,0.05679396,-1.6674144,-0.3127185,0.05117864,-1.1431755,-0.27151915,0.77994955,1.2335087,-0.34714288,-0.6564127,-0.20828576,-0.2842757,0.58463407,-0.5646145,0.2281833,1.7479819,1.5636529,0.5812771,1.7505454,-0.017731102,-1.3561305,-1.1199207,0.17007694,-0.599466,1.0278782,0.60776675,0.6865643,-0.2727399,1.8104829,0.81162727,0.1233233,0.30325767,-1.3704739,-0.20645468,-0.29636085,0.38583952,-0.2597392,-1.0837264,0.702922,0.088044435,-1.2834364,0.8455633,-1.3383079,0.8712595,0.20486751,-1.103502,0.8016173,0.099030934,-0.018646644,0.37027532,0.35751876,-0.19858103,1.2608528,-1.4744184,-0.8388496,-0.27048153,0.18887605,-1.7523156,-0.94871455,-1.40264,-1.1282216,-0.636576,-1.049241,-0.27121398,1.7526816,0.72440666,-0.60556966,0.008880632,1.3897611,0.843366,0.34860748,-1.1752805,0.05429148,-1.2716565,-1.0572367,-0.2803694,-0.2925766,0.4101929,-0.030853862,-0.56931424,-1.1663082,-1.0215917,0.6320591,1.1344471,1.6492865,0.21640334,-0.2601054,-0.35703072,0.5650415,-1.7804533,0.5707178,-0.8132144,1.2451665,1.7904019,0.26181418,-0.54404527,0.9964445,-1.3708401,-1.1451898,-1.1758299,-1.6820631,0.1138627,0.6870526,-1.6408638,0.097138815,-0.8785841,-0.50638604,-1.2768445,0.002227698,0.59549844,0.6094147,-0.15664923,-1.0751814,-0.11880686,0.34866855,1.5327686,0.26553738,0.5126725,-0.64634174,0.30679777,0.83292884,-1.0704205,1.0758525,-0.15634406,0.14236656,-0.2778669,-0.8605174,-1.1031358,-0.024689216,0.9548179,0.3970091,0.5177385,-0.6020906,0.59659714,-0.31546515,-0.27518132,0.76188284,-0.75547427,0.83652997,1.758358,1.3158463,-0.003997983,-0.92338455,0.9271075,-0.49680334,-0.009857448,-0.66251636,-1.2477914,1.0373998,-0.6260778,1.3164568,0.1625695,-1.6997637,-0.97026026,1.4874798,-0.09884806,1.777096,-1.18114,-0.36655235,0.04324395,-1.6981766,-1.3514917,0.27176306,1.2207521,-0.89372104,1.014023,0.88517576,-1.4294958,1.3719386,-0.702495,-0.2645,0.6882733,0.5854275,-0.19089048,0.1169145,0.046417825,0.27847704,1.0110321,1.066453,1.0689554,-0.43552312,0.28268853,-0.4579844,-0.46176863,-0.4190434,-0.07815683,1.4113069,1.1841916,-0.8990922,0.51920336,-0.52756554,-1.7045244,-0.20785852,-0.37949198,0.22433802,0.19327065,-0.44925624,0.17788956,-0.07425052,-0.9302206,-0.17862223,-0.2355689,-0.24789819,-1.8336158,-0.35501653,-0.31485477,-0.3228505,1.0407567,0.049164448,1.0906843,0.43228796,0.6053863,-0.010101592,0.5708399,0.23117407,-0.85233855,-0.12417804,-0.69517064,1.6605172,0.30441737,-1.6024721,1.4094757,1.4465246,-1.2071414,0.60880435,-0.18710625,-0.10354784,0.8575264,-0.36502644,0.7278857,-0.3494012,1.4689249,-1.0167087,0.3853512,-0.25729775,-0.31308472,0.30453944,0.5183489,-1.0651103,1.3023574,0.5551536,-0.57834756,0.70798796,-0.66581225,-0.7813536,-0.1327231,-1.7802092,1.5848324,-0.30197617,-0.5104144,1.7891202,0.43765914,0.41397715,1.7434652,-1.6799879,0.60831606,-1.7109332,0.72336906,-0.8585032,-0.6462197,1.083482,1.7829555,-0.6965134,-1.0528421,0.4571907,1.1385976,0.4122071,-0.50724053,1.2553596,0.6299228,0.24032947,-1.6749829,1.2609749,0.28647277,0.94828707,1.7489585,-0.47855356,1.5396047,-0.48520648,0.43631634,1.3041885,0.37357125,0.03915453,0.21139836,-0.39560553,-0.09732216,-0.06924556,-1.0902573,0.39438456,-1.0010225,0.32602414,-0.15158324,0.2948347,-0.39090574,-0.5057146,0.045380212,-0.8218205,-1.2875869,-0.8367133,1.771847,0.5788356,0.13437083,-0.5851226,-1.7234457,-0.05770974,-1.010483,0.30264732,-0.2976426,0.24112295,0.38425258,0.67917895,-0.28079665,-0.22354479,-0.8892044,1.0857403,1.5877011,1.1100937,1.6570991,-0.729534,-0.9137409,-0.013336505,-1.1107653,-0.26102096,-1.2052492,0.625162,-1.3461205,0.9576866,-1.6450143,0.30740812,-1.4423745,-1.2786757,0.4025634,0.5452658,0.37027532,-0.75541323,0.94999605,-1.1497064,-0.124666326,0.10702666,-0.7928894,0.7036544,0.91837937,-0.0679638,1.3077896,-0.90153366,-0.052460637,-1.0262914,-1.2889297,-0.8764478,-0.64817286,-0.69602513,0.32162955,0.40616453,-0.042816933,0.025299339,-0.34714288,0.4587166,-0.21603735,-0.6618449,1.7979704,0.41123053,0.983688,0.30862886,-1.0406349,-0.03756783,-0.048005003,1.7223467,-1.2108035,-0.35623723,-0.60624105,-0.8331732,0.95811385,0.67716473,-0.76890224,-0.7135425,-1.2097049,1.1585563,-1.6624095,0.6345005,-0.6528116,-0.98136884,0.116304144,0.68290216,-1.1340811,-1.4169223,0.4480963,0.12118703,0.3310291,-0.11197082,-0.2267797,0.5952543,-0.59897774,-0.20914027,-1.0962387,-0.6418861,-1.0687726,-0.935958,-1.1548945,0.8952467,1.0469824,-0.64847803,0.13504222,-1.4661785,-0.08432148,0.9861294,-0.44113845,-0.80247205,0.15408549,-0.121004164,0.29526195,-0.0024110447,-0.43521795,-0.07577642,1.3333027,0.669108,0.12228568,-0.08310075,0.7303272,0.89347667,0.34274802,0.1847256,1.0996566,1.5919737,-0.4764173,0.38901338,-0.29056242,-0.058747355,-0.073579125,1.5207446,0.49918354,0.8401311,0.7741511,-0.105867215,1.1412832,0.2031585,0.86533904,0.92222464,0.79496443,-0.37302217,-0.10501271,-1.2212406,0.59238565,0.9333332,-0.5670559,-0.36313432,0.45572582,-0.1335776,-1.0870223,-0.28262773,0.074311316,-1.4158847,0.5091934,0.5268939,-0.6673992,-1.6830397,-0.45444432,-0.54099345,-0.08712913,0.14175619,1.237537,1.4212557,1.7010452,0.8437933,0.31100926,-0.36575887,0.0007628319,0.028168036,1.6572822,0.82328516,1.0494848,0.3061264,0.9375447,-0.74644095,1.7234454,-0.12722984,-1.3054094,-0.6457924,0.62381923,-0.1838103,-0.84452593,0.79215676,0.78165853,0.120210454,0.71824205,-0.147799,0.018646406,0.4520026,-0.10446338,-0.24295427,0.6815593,0.5191423,-0.23086911,1.4263217,-0.101960905,0.14059651,-0.9318076,0.5588158,0.3352406,0.472938,-0.98527515,-0.7252004,1.450431,0.16452265,-0.40946072,0.61203927,0.27835497,0.18283348,-0.5865874,1.7452962,1.5076218,1.017624,0.27188513,0.7007857,-1.0664532,0.62253743,-0.11740303,1.3547873,-1.6102847,0.48453486,1.8059051,-1.6038759,-1.6014345,-0.8962235,0.26163107,0.78202474,-0.17642494,-0.5087664,1.668635,-0.8550852,-1.4817427,-0.85709935,-0.28616783,-1.6205997,-0.47556278,0.32352167,-0.7958802,0.024383798,-0.38718253,-0.2399635,-0.5501489,0.32877076,-1.6957963,0.08584714,-0.34354174,-1.5657283,0.49063846,1.5262377,0.2149995,0.032196417,-1.1891967,-0.31577033,0.7497977,0.063080676,-0.01388583,-1.7380332,1.1713129,-0.43002987,-0.12338457,-0.041535176,-0.6434731,0.677653,-0.3377433,0.1705042,0.8454412,-0.60483724,0.21683058,0.0061340076,1.7277789,-0.014313082,-0.147799,-0.21524388,-0.8823073,-0.019440113,0.93376046,0.32303336,1.7053176,-1.3106586,0.5975737,0.17117558,-1.3649197,0.6747233,0.645426,-0.9459069,-0.084931836,-0.95768684,-1.0995347,-0.5085833,0.6292514,1.8961775,0.57663834,-1.1521478,1.3424581,-0.26132613,-0.6233922,-0.83878857,-0.46976438,-0.72489524,-0.611307,0.434058,-1.0920273,0.853498,0.1855801,1.820859,-1.2552378,1.3074844,0.012542797,-1.3139545,-1.0869613,1.9526359,1.2712901,0.59110385,-0.9958344,0.17563123,1.2078125,1.1177232,-0.016266236,0.040680435,0.20914003,-0.044648018,-1.8209202,-1.2205693,0.2770732,-0.23654547,1.2359501,-1.2399788,0.3290149,-0.97880536,0.79587996,0.38437465,0.30881196,-0.28018627,0.054840807,-0.120882094,-1.1385368,0.6350499,0.493202,-1.6002138,0.11868455,-0.18429859,-0.38925776,0.25839615,-1.5674984,-1.4917526,1.3124894,0.2244601,0.2804302,0.5331806,-0.73002225,0.8047912,-0.2364234,-0.61771584,-0.2829329,1.1746699,0.54215294,-0.056122802,1.3357441,0.88285637,-0.5408714,1.17644,-0.11746407,-0.1197224,-0.5760892,0.104219,-0.39194337,0.08316155,0.11679243,-0.3598994,-1.1972535,-0.52842003,0.77305245,0.27481487,-0.92521566,0.1950407,0.81583875,-0.9484704,-0.2979478,-0.4036623,0.57975113,-0.7916077,0.09488048,0.8216982,0.40061024,0.022857895,-0.6916916,-0.5716336,-0.027863093,0.88688475,0.09970233,1.2964369,0.37106878,-0.071931146,-0.35098815,-0.7681088,-0.20358598,0.3575798,-0.18326098,1.2842907,0.23874253,0.62742037,1.1390859,0.521889,0.7402761,0.58426785,0.55997545,0.19424723,-0.17538732,-0.27817208,0.3100327,-0.012848216,
1,1,0,0,0,0,0,0,0,0,0,0,0,0,0,0,0,0,0,0,0,0,0,0,0,0,0,0,0,0,0,0,0,0,0,0,1,0,0,0,0,0,0,0,0,0,0,0,0,0,0,0,0,0,0,0,0,0,0,0,0,0,0,0,0,0,0,0,0,0,0,0,0,0,0,0,0,0,0,0,0,0,0,0,0,0,0,0,0,0,0,0,0,0,0,0,0,0,0,0,0,0,0,0,0,0,0,0,0,0,0,0,0,0,0,0,0,0,0,0,0,0,0,0,0,0,0,0,0,0,0,0,0,0,0,0,0,0,0,0,0,0,0,0,0,0,0,0,0,0,0,0,0,0,0,0,0,0,0,0,0,0,0,0,0,0,0,0,0,0,0,0,0,0,0,0,0,0,0,0,0,0,0,0,0,1,0,0,0,0,0,0,0,0,0,0,0,0,0,0,0,0,0,0,0,0,0,0,0,0,0,0,0,0,0,0,0,0,0,0,0,0,0,0,0,0,0,0,0,0,0,0,0,0,0,0,0,0,0,0,0,0,0,0,0,0,0,0,0,0,0,0,0,0,0,0,0,0,0,0,0,0,0,0,0,0,0,0,0,0,0,0,0,0,0,0,0,0,0,0,0,0,0,0,0,0,0,0,0,0,0,0,0,0,0,0,0,0,0,0,0,0,0,0,0,0,0,0,0,0,0,0,0,0,0,0,0,0,0,0,0,0,0,0,0,0,0,0,0,0,0,0,0,0,0,0,0,0,0,0,0,0,0,0,0,0,0,0,0,0,0,0,0,0,0,0,0,0,0,0,0,0,0,0,0,0,0,0,0,0,0,0,0,0,0,0,0,0,0,0,0,0,0,0,0,0,0,0,0,0,0,0,0,0,0,0,0,0,0,0,0,0,0,0,0,0,0,0,0,0,0,0,0,0,0,0,0,0,0,0,0,0,0,0,0,0,0,0,0,0,0,0,0,0,0,0,0,0,0,0,0,0,0,0,0,0,0,0,0,0,0,0,0,0,0,0,0,0,0,0,0,0,0,0,0,0,0,0,0,0,0,0,0,0,0,0,0,0,0,0,0,0,0,0,0,0,0,0,0,0,0,0,0,0,0,0,0,0,0,0,0,0,0,0,0,0,0,0,0,0,0,0,0,0,0,0,0,0,0,0,0,0,0,0,0,0,0,0,0,0,0,0,0,0,0,0,0,0,0,0,0,0,0,0,0,0,0,0,0,0,0,0,0,0,0,0,0,0,0,0,0,0,0,0,0,0,0,0,0,0,0,0,0,0,0,0,0,0,0,0,0,0,0,0,0,0,0,0,0,0,0,0,0,0,0,0,0,0,0,0,0,0,0,0,0,0,0,0,0,0,0,0,0,0,0,0,0,0,0,0,0,0,0,0,0,0,0,0,0,0,0,0,0,0,0,0,0,0,0,0,0,0,0,0,0,0,0,0,0,0,0,0,0,0,0,0,0,0,0,0,0,0,0,0,0,0,0,0,0,0,0,0,0,0,0,0,0,0,0,0,0,0,0,0,0,0,0,0,0,0,0,0,0,0,0,0,0,0,0,0,0,0,0,0,0,0,0,0,0,0,0,0,0,0,0,0,0,0,0,0,0,0,0,0,0,0,0,0,0,0,0,0,0,0,0,0,0,0,0,0,0,0,0,0,0,0,0,0,0,0,0,0,0,0,0,0,0,0,0,0,0,0,0,0,0,0,0,0,0,0,0,0,0,0,0,0,0,0,0,0,0,0,0,0,0,0,0,0,0,0,0,0,0,0,0,0,0,0,0,0,0,0,0,0,0,0,0,0,0,0,0,0,0,0,0,0,0,0,0,0,0,0,0,0,0,0,0,0,0,0,0,0,0,0,0,0,0,0,0,0,0,0,0,0,0,0,0,0,0,0,0,0,0,0,0,0,0,0,0,0,0,0,0,0,0,0,0,0,0,0,0,0,0,0,0,0,0,0,0,0,0,0,0,0,0,0,0,0,0,0,0,0,0,0,0,0,0,0,0,0,0,0,0,0,0,0,0,0,0,0,0,0,0,0,0,0,0,0,0,0,0,0,0,0,0,0,0,0,0,0,0,0,0,0,0,0,0,0,0,0,0,0,0,0,0,0,0,0,0,0,0,0,0,0,0,0,0,0,0,0,0,0,0,0,0,0,0,0,0,0,0,0,0,0,0,0,0,0,0,0,0,0,0,0,0,0,0,0,0,0,0,0,0,0,0,0,0,0,0,0,0,0,0,0,0,0,0,0,0,0,0,0,0,0,0,0,0,0,0,0,0,0,0,0,0,0,0,0,0,0,0,0,0,0,0,0,0,0,0,0,0,0,0,0,0,0,0,0,0,0,0,0,0,0,0,0,0,0,0,0,0,0,0,0,0,0,0,0,0,0,0,0,0,0,0,0,0,0,0,0,0,0,0,0,0,0,0,0,0,0,0,0,0,0,0,0,0,0,0,0,0,0,0,0,0,0,0,0,0,0,0,0,0,0,0,0,0,0,0,0,0,0,0,0,0,0,0,0,0,0,0,0,0,0,0,0,0,0,0,0,0,0,0,0,0,0,0,0,0,0,0,0,0,0,0,0,0,0,0,0,0,0,0,0,0,0,0,0,0,0,0,0,0,0,0,0,0,0,0,0,0,0,0,0,0,0,0,0,0,0,0,0,0,0,0,0,0,0,0,0,0,0,0,0,0,0,0,0,0,0,0,0,0,0,0,0,0,0,0,0,0,0,0,0,0,0,0,0,0,0,0,0,0,0,0,0,0,0,0,0,0,0,0,0,0,0,0,0,0,0,0,0,0,0,0,0,0,0,0,0,0,0,0,0,0,0,0,0,0,0,0,0,0,0,0,0,0,0,0,0,0,0,0,0,0,0,0,0,0,0,0,0,0,0,0,0,0,0,0,0,0,0,0,0,0,0,0,0,0,0,0,0,0,0,0,0,0,0,0,0,0,0,0,0,0,0,0,0,0,0,0,0,0,0,0,0,0,0,0,0,0,0,0,0,0,0,0,0,0,0,0,0,0,0,0,0,0,0,0,0,0,0,0,0,0,0,0,0,0,0,0,0,0,0,0,0,0,0,0,0,0,0,0,0,0,0,0,0,0,0,0,0,0,0,0,0,0,0,0,0,0,0,0,0,0,0,0,0,0,0,0,0,0,0,0,0,0,0,0,0,0,0,0,0,0,0,0,0,0,0,0,0,0,0,0,0,0,0,0,0,0,0,0,0,0,0,0,0,0,0,0,0,0,0,0,0,0,0,0,0,0,0,0,0,0,0,0,0,0,0,0,0,0,0,0,0,0,0,0,0,0,0,0,0,0,0,0,0,0,0,0,0,0,0,0,0,0,0,0,0,0,0,0,0,0,0,0,0,0,0,0,0,0,0,0,0,0,0,0,0,0,0,0,0,0,0,0,0,0,0,0,0,0,0,0,0,0,0,0,0,0,0,0,0,0,0,0,0,0,0,0,0,0,0,0,0,0,0,0,0,0,0,0,0,0,0,0,0,0,0,0,0,0,0,0,0,0,0,0,0,0,0,0,0,0,0,0,0,0,0,0,0,0,0,0,0,0,0,0,0,0,0,0,0,0,0,0,0,0,0,0,0,0,0,0,0,0,0,0,0,0,0,0,0,0,0,0,0,0,0,0,0,0,0,0,0,0,0,0,0,0,0,0,0,0,0,0,0,0,0,0,0,0,0,0,0,0,0,0,0,0,0,0,0,0,0,0,0,0,0,0,0,0,0,0,0,0,0,0,0,0,0,0,0,0,0,0,0,0,0,0,0,0,0,0,0,0,0,0,0,0,0,0,0,0,0,0,0,0,0,0,0,0,0,0,0,0,0,0,0,0,0,0,0,0,0,0,0,0,0,0,0,0,0,0,0,0,0,0,0,0,0,0,0,0,0,0,0,0,0,0,0,0,0,0,0,0,0,0,0,0,0,0,0,0,0,0,0,0,0,0,0,0,0,0,0,0,0,0,0,0,0,0,0,0,0,0,0,0,0,0,0,0,0,0,0,0,0,0,0,0,0,0,0,0,0,0,0,0,0,0,0,0,0,0,0,0,0,0,0,0,0,0,0,0,0,0,0,0,0,0,0,0,0,0,0,0,0,0,0,0,0,0,0,0,0,0,0,0,0,0,0,0,0,0,0,0,0,0,0,0,0,0,0,0,0,0,0,0,0,0,0,0,0,0,0,0,0,0,0,0,0,0,0,0,0,0,0,0,0,0,0,0,0,0,0,0,0,0,0,0,0,0,0,0,0,0,0,0,0,0,0,0,0,0,0,0,0,0,0,0,0,0,0,0,0,0,0,0,0,0,0,0,0,0,0,0,0,0,0,0,0,0,0,0,0,0,0,0,0,0,0,0,0,0,0,0,0,0,0,0,0,0,0,0,0,0,0,0,0,0,0,0,0,0,0,0,0,0,0,0,0,0,0,0,0,0,0,0,0,0,0,0,0,0,0,0,0,0,0,0,0,0,0,0,0,0,0,0,0,0,0,0,0,0,0,0,0,0,0,0,0,0,0,0,0,0,0,0,0,0,0,0,0,0,0,0,0,0,0,0,0,0,0,0,0,0,0,0,0,0,0,0,0,0,0,0,0,0,0,0,0,0,0,0,0,0,0,0,0,0,0,0,0,0,0,0,0,0,0,0,0,0,0,0,0,0,0,0,0,0,0,0,0,0,0,0,0,0,0,0,0,0,0,0,0,0,0,0,0,0,0,0,0,0,0,0,0,0,0,0,0,0,0,0,0,0,0,0,0,0,0,0,0,0,0,0,0,0,0,0,0,0,0,0,0,0,0,0,0,0,0,0,0,0,0,0,0,0,0,0,0,0,0,0,0,0,0,0,0,0,0,0,0,0,0,0,0,0,0,0,0,0,0,0,0,0,0,0,0,0,0,0,0,0,0,0,0,0,0,0,0,0,0,0,0,0,0,0,0,0,0,0,0,0,0,0,0,0,0,0,0,0,0,0,0,0,0,0,0,0,0,0,0,0,0,0,0,0,0,0,0,0,0,0,0,0,0,0,0,0,0,0,0,0,0,0,0,0,0,0,0,0,0,0,0,0,0,0,0,0,0,0,0,0,0,0,0,0,0,0,0,0,0,0,0,0,0,0,0,0,0,0,0,0,0,0,0,0,0,0,0,0,0,0,0,0,0,0,0,0,0,0,0,0,0,0,0,0,0,0,0,0,0,0,0,0,0,0,0,0,0,0,0,0,0,0,0,0,0,0,0,0,0,0,0,0,0,0,0,0,0,0,0,0,0,0,0,0,0,0,0,0,0,0,0,0,0,0,0,0,0,0,0,0,0,0,0,0,0,0,0,0,0,0,0,0,0,0,0,0,0,0,0,0,0,0,0,0,0,0,0,0,0,0,0,0,0,0,0,0,0,0,0,0,0,0,0,0,0,0,0,0,0,0,0,0,0,0,0,0,0,0,0,0,0,0,0,0,0,0,0,0,0,0,0,0,0,0,0,0,0,0,0,0,0,0,0,0,0,0,0,0,0,0,0,0,0,0,0,0,0,0,0,0,0,0,0,0,0,0,0,0,0,0,0,0,0,0,0,0,0,0,0,0,0,0,0,0,0,0,0,0,0,0,0,0,0,0,0,0,0,0,0,0,0,0,0,0,0,0,0,0,0,0,0,0,0,0,0,0,0,0,0,0,0,0,0,0,0,0,0,0,0,0,0,0,0,0,0,0,0,0,0,0,0,0,0,0,0,0,0,0,0,0,0,0,0,0,0,0,0,0,0,0,0,0,0,0,0,0,0,0,0,0,0,0,0,0,0,0,0,0,0,0,0,0,0,0,0,0,0,0,0,0,0,0,0,0,0,0,0,0,0,0,0,0,0,0,0,0,0,0,0,0,0,0,0,0,0,0,0,0,0,0,0,0,0,0,0,0,0,0,0,0,0,0,0,0,0,0,0,0,0,0,0,0,0,0,0,0,0,0,0,0,0,0,0,0,0,0,0,0,0,0,0,0,0,0,0,0,0,0,0,0,0,0,0,0,0,0,0,0,0,0,0,0,0,0,0,0,0,0,0,0,0,0,0,0,0,0,0,0,0,0,0,0,0,0,0,0,0,0,0,0,0,0,0,0,0,0,0,0,0,0,0,0,0,0,0,0,0,0,0,0,0,0,0,0,0,0,0,0,0,0,0,0,0,0,0,0,0,0,0,0,0,0,0,0,0,0,0,0,0,0,0,0,0,0,0,0,0,0,0,0,0,0,0,0,0,0,0,0,0,0,0,0,0,0,0,0,0,0,0,0,0,0,0,0,0,0,0,0,0,0,0,0,0,0,0,0,0,0,0,0,0,0,0,0,0,0,0,0,0,0,0,0,0,0,0,0,0,0,0,0,0,0,0,0,0,0,0,0,0,0,0,0,0,0,0,0,0,0,0,0,0,0,0,0,0,0,0,0,0,0,0,0,0,0,0,0,0,0,0,0,0,0,0,0,0,0,0,0,0,0,0,0,0,0,0,0,0,0,0,0,0,0,0,0,0,0,0,0,0,0,0,0,0,0,0,0,0,0,0,0,0,0,0,0,0,0,0,0,0,0,0,0,0,0,0,0,0,0,0,0,0,0,0,0,0,0,0,0,0,0,0,0,0,0,0,0,0,0,0,0,0,0,0,0,0,0,0,0,0,0,0,0,0,0,0,0,0,0,0,0,0,0,0,0,0,0,0,0,0,0,0,0,0,0,0,0,0,0,0,0,0,0,0,0,0,0,0,0,0,0,0,0,0,0,0,0,0,0,0,0,0,0,0,0,0,0,0,0,0,0,0,0,0,0,0,0,0,0,0,0,0,0,0,0,0,0,0,0,0,0,0,0,0,0,0,0,0,0,0,0,0,0,0,0,0,0,0,0,0,0,0,0,0,0,0,0,0,0,0,0,0,0,0,0,0,0,0,0,0,0,0,0,0,0,0,0,0,0,0,0,0,0,0,0,0,0,0,0,0,0,0,0,0,0,0,0,0,0,0,0,0,0,0,0,0,0,0,0,0,0,0,0,0,0,0,0,0,0,0,0,0,0,0,0,0,0,0,0,0,0,0,0,0,0,0,0,0,0,0,0,0,0,0,0,0,0,0,0,0,0,0,0,0,0,0,0,0,0,0,0,0,0,0,0,0,0,0,0,0,0,0,0,0,0,0,0,0,0,0,0,0,0,0,0,0,0,0,0,0,0,0,0,0,0,0,0,0,0,0,0,0,0,0,0,0,0,0,0,0,0,0,0,0,0,0,0,0,0,0,0,0,0,0,0,0,0,0,0,0,0,0,0,0,0,0,0,0,0,0,0,0,0,0,0,0,0,0,0,0,0,0,0,0,0,0,0,0,0,0,0,0,0,0,0,0,0,0,0,0,0,0,0,0,0,0,0,0,0,0,0,0,0,0,0,0,0,0,0,0,0,0,0,0,0,0,0,0,0,0,0,0,0,0,0,0,0,0,0,0,0,0,0,0,0,0,0,0,0,0,0,0,0,0,0,0,0,0,0,0,0,0,0,0,0,0,0,0,0,0,0,0,0,0,0,0,0,0,0,0,0,0,0,0,0,0,0,0,0,0,0,0,0,0,0,0,0,0,0,0,0,0,0,0,0,0,0,0,0,0,0,0,0,0,0,0,0,0,0,0,0,0,0,0,0,0,0,0,0,0,0,0,0,0,0,0,0,0,0,0,0,0,0,0,0,0,0,0,0,0,0,0,0,0,0,0,0,0,0,0,0,0,0,0,0,0,0,0,0,0,0,0,0,0,0,0,0,0,0,0,0,0,0,0,0,0,0,0,0,0,0,0,0,0,0,0,0,0,0,0,0,0,0,0,0,0,0,0,0,0,0,0,0,0,0,0,0,0,0,0,0,0,0,0,0,0,0,0,0,0,0,0,0,0,0,0,0,0,0,0,0,0,0,0,0,0,0,0,0,0,0,0,0,0,0,0,0,0,0,0,0,0,0,0,0,0,0,0,0,0,0,0,0,0,0,0,0,0,0,0,0,0,0,0,0,0,0,0,0,0,0,0,0,0,0,0,0,0,0,0,0,0,0,0,0,0,0,0,0,0,0,0,0,0,0,0,0,0,0,0,0,0,0,0,0,0,0,0,0,0,0,0,0,0,0,0,0,0,0,0,0,0,0,0,0,0,0,0,0,0,0,0,0,0,0,0,0,0,0,0,0,0,0,0,0,0,0,0,0,0,0,0,0,0,0,0,0,0,0,0,0,0,0,0,0,0,0,0,0,0,0,0,0,0,0,0,0,0,0,0,0,0,0,0,0,0,0,0,0,0,0,0,0,0,0,0,0,0,0,0,0,0,0,0,0,0,0,0,0,0,0,0,0,0,0,0,0,0,0,0,0,0,0,0,0,0,0,0,0,0,0,0,0,0,0,0,0,0,0,0,0,0,0,0,0,0,0,0,0,0,0,0,0,0,0,0,0,0,0,0,0,0,0,0,0,0,0,0,0,0,0,0,0,0,0,0,0,0,0,0,0,0,0,0,0,0,0,0,0,0,0,0,0,0,0,0,0,0,0,0,0,0,0,0,0,0,0,0,0,0,0,0,0,0,0,0,0,0,0,0,0,0,0,0,0,0,0,0,0,0,0,0,0,0,0,0,0,0,0,0,0,0,0,0,0,0,0,0,0.40072352,-0.008326263,-0.19746654,0.41278988,-0.7906792,1.019351,-0.29203668,-0.6359281,0.3261383,0.00079892535,-0.046863217,-1.1788391,0.9630161,-1.2712976,0.64235246,-1.1684319,0.7336798,0.2327748,-0.12876368,0.32953197,0.43571597,0.17606288,0.30607796,-0.038643006,-0.88841677,-0.013077394,-0.65990996,-0.3401513,-0.0074967006,0.13496183,-0.35123727,0.22463,-0.09143335,-0.034947682,-0.22717996,-0.21858267,-0.889548,-0.23155402,-0.8085525,-0.18796428,0.16278988,0.6205576,-0.003952206,-0.5578738,-0.56986475,0.5980086,0.028099077,-0.47876367,-0.24022672,-0.15206684,-0.23125236,-0.5007848,-0.040000472,-0.55817544,0.04514282,0.4455199,-0.48698387,-0.07717996,-0.39867318,-0.533364,0.01806891,0.101251416,0.59876275,-0.1492765,-0.053273473,0.6037401,0.32282004,-1.0538014,-0.2676023,0.45004478,0.38473558,-0.16073954,0.05751084,-0.19543034,-0.061493684,-0.36126745,-0.80372596,0.59936607,-0.674465,-0.16202159,0.45615336,0.21625896,0.01603271,0.7291549,-0.1752946,-0.08374105,-0.19384663,0.075987466,-0.64610904,0.45758626,-0.39150876,-0.0636053,0.11030119,-0.24927649,-0.038039688,0.37425292,0.14680195,-0.07936699,0.1792303,0.010225773,-0.13751179,0.49936604,-0.24942732,0.1475561,-0.006365479,0.10253347,0.38669637,0.12040677,0.5586421,-0.32868826,-0.28698388,0.062412802,0.00049726624,-0.0050834278,0.38978836,-0.03743637,-0.04392204,0.48013526,0.034207672,0.0491398,0.1587929,-0.19052838,-0.20975915,-0.159005,-0.46179533,0.36987886,0.58194524,-0.48366562,0.65336305,0.6643736,0.2266662,0.45894372,0.30660588,0.09355911,0.20381552,-0.16571692,0.4823977,0.25592712,-0.6369839,-0.45998538,0.0069829375,0.024026679,0.08699802,-0.7896234,0.47002968,0.5432575,0.70917,-0.182459,0.37138715,0.25245804,0.36475065,-0.0099099735,0.01113075,-0.54264,0.0945395,-0.3933187,0.40909454,-0.18419354,0.3492152,-0.034872267,0.073121704,-0.16330364,0.3195018,-0.55153894,-0.34889942,-0.51375616,0.034132257,0.48254853,0.12651536,0.21414734,-0.06895975,-0.42929158,0.11384568,-0.1202418,0.4705576,-0.35214224,-0.18049821,0.07289546,0.2833027,0.021160915,0.46678686,0.18269938,0.25871748,0.18300104,0.3654294,-0.0835148,0.15487133,0.35849124,0.17327254,0.044916574,-0.058627922,-0.566094,0.5319452,0.10087434,-0.2335148,0.022216722,0.37478083,0.51633435,-0.15274557,-0.41782853,0.53601766,-0.29339415,0.08707344,-0.288643,0.5949166,0.14634946,-0.41300198,-0.07861284,0.056605864,-0.30410305,0.03669636,-0.3202418,-0.42242882,-0.36171994,-0.034646023,-0.2616445,0.09438867,0.0013268288,-0.078839086,-0.22559625,-0.6236355,0.40306136,-0.38939714,0.46196032,-0.35229307,0.15947163,0.1532122,0.27598748,0.5762891,-0.056893382,0.23156816,0.19778234,0.27689245,0.17417751,-0.05704421,-0.09188584,-0.232459,0.108491234,-0.16028705,0.027344929,0.026590781,0.2762137,0.0006480958,0.21015036,0.69831026,-0.16217242,-0.3325344,-0.4498798,0.115278564,0.08760134,-0.22733079,-0.1615691,0.27576122,-0.4421121,0.32425293,-0.28230816,0.18752593,-0.12861285,0.1282499,-0.3044047,0.14574614,-0.39098087,-0.32046804,0.09438867,-0.15727046,0.51573104,-0.014661104,0.28956214,0.2307386,-0.2728059,0.18337812,-0.24874859,-0.043092478,-0.037511785,0.096801944,0.1541926,0.15864207,0.69634944,0.42327252,0.0766662,-0.043997455,0.4302861,0.31512773,-0.1584771,0.120331354,-0.16647106,-0.09022672,0.3027597,0.09469033,-0.3228813,0.21150783,-0.05968373,-0.31073955,0.23918505,-0.33426896,-0.10794919,-0.37137303,-0.08600349,-0.09724029,-0.447919,0.3587929,-0.05938207,0.46278986,0.16271447,0.037601337,-0.058326263,-0.3915842,0.32463,0.35954705,-0.15629007,0.0231217,-0.29452536,-0.14105628,0.051553074,0.4991398,-0.059004996,-0.16594316,-0.03728554,-0.44150877,0.029004054,-0.16171993,-0.48170483,0.19386077,-0.38426894,-0.116546474,-0.015566082,-0.3590804,-0.08509851,-0.07257966,-0.8313278,-0.11443486,0.030964838,0.0025334654,0.13820466,0.44755608,0.05177932,-0.058401678,0.19174916,-0.062700324,-0.20515884,0.21935096,0.13254854,-0.038115103,0.11045202,-0.0007093703,0.281719,0.17063302,-0.48788884,-0.20229308,-0.17755704,0.40441883,-0.8003323,0.19619863,-0.14505327,0.7716888,0.13986379,-0.18411812,0.60705835,0.2935591,-0.21224783,0.087827586,-0.033741046,-0.106290065,-0.036606807,-0.048824,0.34325746,-0.3192614,-0.16036247,-0.081176944,-0.12951782,-0.104404695,-0.43079987,0.21580647,-0.17129761,0.3245546,-0.12770787,0.31248823,-0.19663697,-0.1482961,0.19054252,0.4857914,0.23812924,0.0011759993,0.11316695,-0.19603366,-0.24799444,-0.162097,0.124780826,0.20645504,-0.20214225,0.40909454,0.30698293,-0.03902008,-0.09000047,-0.01443486,-0.112624906,-0.16632023,0.37395126,-0.23381646,-0.46586773,-0.25975916,-0.288643,0.26769185,0.0766662,-0.2396234,-0.35553592,-0.20945749,0.11075368,0.38805383,-0.053424302,0.58360434,-0.12559626,-0.43034738,-0.20448011,0.007435426,0.015504807,0.35999954,-0.19543034,0.5247808,-0.18879384,0.030059861,-0.100935616,-0.08698388,0.34499198,-0.48064902,0.03782758,-0.2849477,0.25834042,-0.051538933,0.01821974,0.31105533,-0.024540441,0.10547464,0.12651536,-0.20455553,-0.23698388,-0.30772296,0.20751084,-0.17084512,-0.2701664,-0.2554605,-0.21405779,-0.13306232,-0.01096578,0.2445395,-0.015415252,0.25841582,0.11565564,0.25788793,0.15177932,-0.07469127,-0.6089296,0.22304629,0.10193015,0.3854143,-0.04565658,-0.28313774,-0.3196385,0.048234824,-0.11443486,0.21203573,-0.07868826,-0.11684813,0.23186982,0.13307646,0.30947164,0.32847616,-0.41503817,0.15803875,-0.71601856,0.07432834,0.17093468,0.015957296,0.22749576,-0.12190092,0.027948247,0.09499199,-0.3844952,0.35034645,-0.2258225,-0.17333381,-0.026802884,-0.10983456,0.39936605,0.24446408,-0.20990998,0.40547463,-0.041584183,-0.4181302,-0.18102612,0.013770267,-0.32318297,-0.20764753,0.24770692,0.11294071,0.5468019,-0.5312524,-0.17438962,0.16097993,-0.085551,0.13036151,0.098234825,0.25464508,-0.0059129903,-0.07099595,0.00939621,-0.21473652,0.08518807,0.10894372,-0.16835643,-0.11835643,-0.11850726,0.24061793,0.23835549,-0.2008602,0.23149274,0.23081401,0.13164356,-0.21933682,-0.19150877,0.19770692,0.13111566,-0.18441978,0.18926047,0.108189575,-0.06941224,-0.35938206,-0.028763669,-0.06405779,0.120482184,0.26007494,-0.1467124,-0.16194618,0.19529365,-0.08819052,0.021764234,-0.12597333,0.151176,0.05698294,0.057284597,-0.12031721,-0.053424302,0.11377027,-0.18834135,-0.10561133,0.18043694,-0.12604874,0.13345353,0.14137208,-0.094449945,0.095218234,-0.17197634,0.008642063,0.063468605,-0.13034739,-0.014057786,0.2654294,-0.20206684,0.13005985,-0.29874858,0.66452444,0.41256362,-0.1615691,-0.48675764,-0.2768029,-0.3182056,-0.20666714,-0.30025688,-0.4804228,-0.089095496,-0.29580742,0.108038746,0.5711609,0.19288038,0.03624387,-0.08125236,-0.021599265,0.17960738,-0.15772295,0.0024580506,0.041899983,0.46995428,0.2598487,0.14506741,-0.12340922,-0.06081495,-0.13524935,0.26821974,0.017842665,-0.3676023,0.05275971,-0.06277574,0.020557597,0.3297582,0.12696785,-0.1401513,-0.14716488,-0.087813444,0.17101009,0.10079893,-0.35485718,0.040391687,-0.35576215,0.033001035,-0.42868826,0.46309152,-0.1298949,0.047254432,0.26256365,0.19876273,-0.13215734,-0.18540017,-0.22386171,0.12998444,0.10464508,0.002005562,-0.0916596,-0.2931679,0.12689243,-0.050784785,-0.042262916,-0.6522177,0.53322726,-0.060588706,0.028400736,-0.37288132,0.53767675,0.15592714,-0.49000046,-0.33683306,-0.011041195,0.0059271306,0.02561039,0.18835549,-0.38140318,0.22598746,-0.5258225,-0.101538934,-0.21058871,0.017842665,-0.020618873,-0.5340427,-0.16262491,0.031718984,-0.33012113,-0.094449945,-0.17190093,-0.14075463,-0.2513127,0.06776725,0.17802367,0.32628912,-0.072353415,0.3673902,0.11120617,0.4487627,0.14506741,-0.29844692,0.0812665,0.0053238124,0.55102515,-0.04550575,0.25094974,-0.090980865,-0.3325344,-0.17340922,0.31429818,-0.20349972,-0.053348888,-0.018959748,0.38375518,-0.3314786,0.39536905,0.0053238124,0.115429394,-0.123182975,-0.071071364,-0.21662189,-0.09686322,-0.46073952,0.08526348,-0.5622478,0.050572682,0.055022154,0.07146258,0.0812665,-0.108024605,0.09974312,0.077722006,-0.2533489,-0.04912566,-0.016244816,0.59725446,-0.18540017,0.14205082,0.5378276,-0.040528376,0.045067403,0.3311911,0.19921522,-0.053273473,-0.056968797,0.16158324,0.31987888,-0.04724029,-0.13592808,-0.038643006,-0.11752687,0.20238264,-0.3390955,-0.039849643,-0.46541524,0.14898898,0.10909455,0.45901912,-0.41435945,0.45592713,-0.36843184,-0.2034243,0.12402668,-0.17567167,0.033453524,0.16920014,0.13390602,0.1272695,-0.03917091,0.09944146,0.15758626,0.20811416,0.028551565,-0.17853743,0.22093467,0.18307646,-0.07491752,-0.24022672,-0.114811935,-0.33622974,0.08760134,0.13805383,-0.054103035,-0.72559625,-0.13743638,0.2842831,-0.32016638,0.16550481,0.14665112,0.0787024,0.26211116,-0.072202586,0.05668128,-0.32650122,-0.4218255,-0.16488735,-0.46217242,0.3986119,-0.020845117,0.29574615,-0.16639565,0.03021069,-0.062097,-0.0021422512,-0.10063396,-0.23856759,0.26015037,-0.24414828,0.22070843,-0.2676023,-0.2665465,-0.16956307,0.25472048,-0.5841181,0.26128158,0.0066812783,0.3766662,-0.049955223,0.020708427,0.39325744,0.3322469,-0.06632023,-0.4498044,0.10464508,0.2231217,0.1388834,-0.05055854,-0.007722945,0.030964838,0.20962246,0.15547465,-0.3502569,-0.08200651,-0.45417845,-0.03178026,0.2133932,0.035188064,-0.48162943,0.27455458,-0.4141332,0.15562548,-0.082760654,-0.2436958,-0.22672747,-0.14731571,0.24619862,-0.15176518,-0.011041195,0.03134191,0.16558023,-0.27288133,-0.18585266,0.34906438,-0.072278,0.20245805,0.29996938,0.23556514,-0.28630516,-0.015490667,-0.1906792,0.25660586,0.33805382,-0.12808494,0.05766167,-0.13622974,-0.10651631,0.48858172,0.0023826358,-0.33230817,0.2404671,-0.11579233,-0.40259475,0.54634947,-0.21322823,-0.16119203,-0.21081495,-0.2518406,-0.072353415,-0.022202583,-0.18932174,-0.50267017,0.24778233,-0.41850725,0.21075368,-0.47144842,-0.035626415,0.19650029,0.1323223,-0.24090545,0.15441884,-0.3907546,0.17229214,-0.47717994,-0.31073955,0.23564056,-0.047617365,0.11490149,0.111960314,-0.10244391,0.21520315,0.14597239,0.07538415,0.22621371,0.058038745,-0.0161694,0.039260466,0.37960738,-0.14580742,-0.28117695,-0.07868826,-0.09090545,0.19182457,-0.08932174,0.24574614,0.06542939,0.64529365,-0.060060803,-0.3476928,-0.24392204,0.0904671,-0.011192025,0.12327253,-0.17981948,-0.23585266,0.23767675,-0.16164452,-0.09972898,0.16165866,0.12553497,0.19099501,0.017088518,0.05479591,-0.021071361,0.38247314,-0.15093562,-0.07242883,-0.04279082,0.51316696,0.10720918,-0.11579233,-0.036531392,0.19650029,0.16731477,-0.06647106,0.5048713,-0.4498798,-0.0052342573,0.19363452,-0.16699897,-0.1375872,0.1006481,-0.22295673,0.1262137,-0.15304723,-0.3901513,0.066786855,0.24257872,0.6603766,-0.09075462,0.18880798,0.45705834,0.15796334,0.25562546,0.13956213,0.12168882,-0.1579492,0.057133768,0.017163932,0.26618356,0.05434342,-0.30244392,-0.48577723,-0.3645857,-0.21036246,0.2425033,0.41286528,0.22681703,0.12915488,0.2537401,0.1873751,0.49529365,-0.19972898,-0.018582674,-0.16956307,-0.30199143,-0.06624482,0.07983362,0.03481099,-0.35591298,-0.17084512,0.26045203,-0.06850726,-0.19128253,0.29589698,-0.2941483,-0.12031721,0.17779742,-0.24633531,-0.3569688,-0.10221767,-0.25870335,0.28398144,-0.124615856,-0.027104544,-0.1380397,-0.005385087,0.12545955,-0.1789145,0.3012514,0.24280496,-0.20998539,0.27116093,-0.19135794,0.08548973,0.20358928,-0.4203172,0.16829516,-0.23374104,-0.04942732,0.22040677,-0.21270032,0.08631929,-0.3900759,0.12628911,-0.2967124,0.026439952,-0.2523685,-0.26941225,-0.026652055,-0.09497785,0.16535398,0.49582154,-0.18675764,0.14265414,-0.2074967,-0.057722945,0.14612322,0.039411295,-0.03743637,-0.06051329,0.19944146,-0.096184485,0.5072092,0.15517299,-0.07273049,0.46128157,-0.057722945,0.19152291,0.20456967,-0.41232324,0.30110058,-0.124766685,0.10396635,0.14024086,-0.040528376,0.010753676,0.37349877,0.08171899,-0.19392204,-0.1074967,-0.30455554,-0.26986474,-0.34957814,-0.26390696,-0.3258225,0.24370994,0.22153799,0.70864207,-0.44641072,-1.0290654,0.37885323,0.5418246,-0.9514635,-0.23359022,0.15969788,-1.131554,-0.7636807,-1.1171498,-0.13954799,0.95351386,0.067239344,0.56128156,-0.19905025,0.584811,-0.23947257,0.5053238,-0.7297441,0.3716888,-0.40123728,-0.45168975,-0.37446502,-0.12816036,-0.20448011,-0.14392205,-0.47144842,-0.18984964,-0.30199143,0.2063042,-0.011795343,0.5781745,0.51716393,-0.5084771,0.16346861,0.09386077,-0.11730062,0.023423359,-0.5963353,0.17553498,-0.28140318,-0.44505325,-0.57054347,-0.070769705,-0.1676777,0.8020056,-0.461192,0.03873256,0.32787284,0.084961824,-0.7105133,-0.13736096,0.634811,-0.09467619,-0.22672747,-0.45063394,-0.21277574,-0.30968374,-0.24648614,0.34544447,-0.6336656,-0.08615432,0.06920013,-0.17099595,0.113694854,0.29039168,-0.3446762,0.18119109,-0.711192,-0.11662189,0.569728,0.10147766,0.5470282,0.25185472,0.5247808,0.06874764,-0.07454044,-0.1737863,0.3700297,-0.00259474,0.08058777,-0.23683305,0.17048219,0.06972803,0.2287024,-0.56134284,0.25110057,-0.38178027,0.07342336,-0.31352988,0.1210855,-0.12016638,0.25110057,-0.16043788,0.058642063,0.28292564,0.5447658,-0.1998044,0.09499199,0.3761383,0.60343844,0.4231217,0.21927555,0.060753677,0.090995006,0.20570089,0.37606287,-0.5911317,0.1689739,-0.19791903,0.15818958,-0.12250424,0.8862439,-0.27401254,-0.3712222,-0.03585266,0.55969787,-0.71300197,-0.19535492,0.22131175,0.29084417,0.48586679,0.1521564,0.051176,0.068973884,0.29921523,0.027495759,
0,0,1,0,0,0,0,1,0,0,0,0,0,0,0,0,0,1,0,0,0,0,0,0,0,0,0,0,0,0,1,0,0,0,0,0,0,0,0,0,0,0,0,0,0,0,0,0,0,0,0,0,0,0,0,0,0,0,0,0,0,0,0,0,0,0,0,0,0,0,0,0,0,0,0,0,0,0,0,0,0,0,0,0,0,0,0,0,0,0,0,0,0,0,0,0,0,0,0,0,0,0,0,0,0,0,0,0,0,0,0,0,0,0,0,0,0,0,0,0,0,0,0,0,0,0,0,0,0,0,0,0,0,0,0,0,0,0,0,0,0,0,0,0,0,0,0,0,0,0,0,0,0,0,0,0,0,0,0,0,0,0,0,0,0,0,0,0,0,0,0,0,0,0,0,0,0,0,0,0,0,0,0,0,0,0,0,0,0,0,0,0,0,0,0,0,0,0,0,0,0,0,0,0,0,0,0,0,0,0,0,0,0,0,0,0,0,0,0,0,0,0,0,0,0,0,0,0,0,0,0,0,0,0,0,0,0,0,0,0,0,0,0,0,0,0,0,0,0,0,0,0,0,0,0,0,0,0,0,0,0,0,0,0,0,0,0,0,0,0,0,0,0,0,0,0,0,0,0,0,0,0,0,0,0,0,0,0,0,0,0,0,0,0,0,0,0,0,0,0,0,0,0,0,0,0,0,0,0,0,0,0,0,0,0,0,0,0,0,0,0,0,0,0,0,0,0,0,0,0,0,0,0,0,0,0,0,0,0,0,0,0,0,0,0,0,0,0,0,0,0,0,0,0,0,0,0,0,0,0,0,0,0,0,0,0,0,0,0,0,0,0,0,0,0,0,0,0,0,0,0,0,0,0,0,0,0,0,0,0,0,0,0,0,0,0,0,0,0,0,0,0,0,0,0,0,0,0,0,0,0,0,0,0,0,0,0,0,0,0,0,0,0,0,0,0,0,0,0,0,0,0,0,0,0,0,0,0,0,0,0,0,0,0,0,0,0,0,0,0,0,0,0,0,0,0,0,0,0,0,0,0,0,0,0,0,0,0,0,0,0,0,0,0,0,0,0,0,0,0,0,0,0,0,0,0,0,0,0,0,0,0,0,0,0,0,0,0,0,0,0,0,0,0,0,0,0,0,0,0,0,0,0,0,0,0,0,0,0,0,0,0,0,0,0,0,0,0,0,0,0,0,0,0,0,0,0,0,0,0,0,0,0,0,0,0,0,0,0,0,0,0,0,0,0,0,0,0,0,0,0,0,0,0,0,0,0,0,0,0,0,0,0,0,0,0,0,0,0,0,0,0,0,0,0,0,0,0,0,0,0,0,0,0,0,0,0,0,0,0,0,0,0,0,0,0,0,0,0,0,0,0,0,0,0,0,0,0,0,0,0,0,0,0,0,0,0,0,0,0,0,0,0,0,0,0,0,0,0,0,0,0,0,0,0,0,0,0,0,0,0,0,0,0,0,0,0,0,0,0,0,0,0,0,0,0,0,0,0,0,0,0,0,0,0,0,0,0,0,0,0,0,0,0,0,0,0,0,0,0,0,0,0,0,0,0,0,0,0,0,0,0,0,0,0,0,0,0,0,0,0,0,0,0,0,0,0,0,0,0,0,0,0,0,0,0,0,0,0,0,0,0,0,0,0,0,0,0,0,0,0,0,0,0,0,0,0,0,0,0,0,0,0,0,0,0,0,0,0,0,0,0,0,0,0,0,0,0,0,0,0,0,0,0,0,0,0,0,0,0,0,0,0,0,0,0,0,0,0,0,0,0,0,0,0,0,0,0,0,0,0,0,0,0,0,0,0,0,0,0,0,0,0,0,0,0,0,0,0,0,0,0,0,0,0,0,0,0,0,0,0,0,0,0,0,0,0,0,0,0,0,0,0,0,0,0,0,0,0,0,0,0,0,0,0,0,0,0,0,0,0,0,0,0,0,0,0,0,0,0,0,0,0,0,0,0,0,0,0,0,0,0,0,0,0,0,0,0,0,0,0,0,0,0,0,0,0,0,0,0,0,0,0,0,0,0,0,0,0,0,0,0,0,0,0,0,0,0,0,0,0,0,0,0,0,0,0,0,0,0,0,0,0,0,0,0,0,0,0,0,0,0,0,0,0,0,0,0,0,0,0,0,0,0,0,0,0,0,0,0,0,0,0,0,0,0,0,0,0,0,0,0,0,0,0,0,0,0,0,0,0,0,0,0,0,0,0,0,0,0,0,0,0,0,0,0,0,0,0,0,0,0,0,0,0,0,0,0,0,0,0,0,0,0,0,0,0,0,0,0,0,0,0,0,0,0,0,0,0,0,0,0,0,0,0,0,0,0,0,0,0,0,0,0,0,0,0,0,0,0,0,0,0,0,0,0,0,0,0,0,0,0,0,0,0,0,0,0,0,0,0,0,0,0,0,0,0,0,0,0,0,0,0,0,0,0,0,0,0,0,0,0,0,0,0,0,0,0,0,0,0,0,0,0,0,0,0,0,0,0,0,0,0,0,0,0,0,0,0,0,0,0,0,0,0,0,0,0,0,0,0,0,0,0,0,0,0,0,0,0,0,0,0,0,0,0,0,0,0,0,0,0,0,0,0,0,0,0,0,0,0,0,0,0,0,0,0,0,0,0,0,0,0,0,0,0,0,0,0,0,0,0,0,0,0,0,0,0,0,0,0,0,0,0,0,0,0,0,0,0,0,0,0,0,0,0,0,0,0,0,0,0,0,0,0,0,0,0,0,0,0,0,0,0,0,0,0,0,0,0,0,0,0,0,0,0,0,0,0,0,0,0,0,0,0,0,0,0,0,0,0,0,0,0,0,0,0,0,0,0,0,0,0,0,0,0,0,0,0,0,0,0,0,0,0,0,0,0,0,0,0,0,0,0,0,0,0,0,0,0,0,0,0,0,0,0,0,0,0,0,0,0,0,0,0,0,0,0,0,0,0,0,0,0,0,0,0,0,0,0,0,0,0,0,0,0,0,0,0,0,0,0,0,0,0,0,0,0,0,0,0,0,0,0,0,0,0,0,0,0,0,0,0,0,0,0,0,0,0,0,0,0,0,0,0,0,0,0,0,0,0,0,0,0,0,0,0,0,0,0,0,0,0,0,0,0,0,0,0,0,0,0,0,0,0,0,0,0,0,0,0,0,0,0,0,0,0,0,0,0,0,0,0,0,0,0,0,0,0,0,0,0,0,0,0,0,0,0,0,0,0,0,0,0,0,0,0,0,0,0,0,0,0,0,0,0,0,0,0,0,0,0,0,0,0,0,0,0,0,0,0,0,0,0,0,0,0,0,0,0,0,0,0,0,0,0,0,0,0,0,0,0,0,0,0,0,0,0,0,0,0,0,0,0,0,0,0,0,0,0,0,0,0,0,0,0,0,0,0,0,0,0,0,0,0,0,0,0,0,0,0,0,0,0,0,0,0,0,0,0,0,0,0,0,0,0,0,0,0,0,0,0,0,0,0,0,0,0,0,0,0,0,0,0,0,0,0,0,0,0,0,0,0,0,0,0,0,0,0,0,0,0,0,0,0,0,0,0,0,0,0,0,0,0,0,0,0,0,0,0,0,0,0,0,0,0,0,0,0,0,0,0,0,0,0,0,0,0,0,0,0,0,0,0,0,0,0,0,0,0,0,0,0,0,0,0,0,0,0,0,0,0,0,0,0,0,0,0,0,0,0,0,0,0,0,0,0,0,0,0,0,0,0,0,0,0,0,0,0,0,0,0,0,0,0,0,0,0,0,0,0,0,0,0,0,0,0,0,0,0,0,0,0,0,0,0,0,0,0,0,0,0,0,0,0,0,0,0,0,0,0,0,0,0,0,0,0,0,0,0,0,0,0,0,0,0,0,0,0,0,0,0,0,0,0,0,0,0,0,0,0,0,0,0,0,0,0,0,0,0,0,0,0,0,0,0,0,0,0,0,0,0,0,0,0,0,0,0,0,0,0,0,0,0,0,0,0,0,0,0,0,0,0,0,0,0,0,0,0,0,0,0,0,0,0,0,0,0,0,0,0,0,0,0,0,0,0,0,0,0,0,0,0,0,0,0,0,0,0,0,0,0,0,0,0,0,0,0,0,0,0,0,0,0,0,0,0,0,0,0,0,0,0,0,0,0,0,0,0,0,0,0,0,0,0,0,0,0,0,0,0,0,0,0,0,0,0,0,0,0,0,0,0,0,0,0,0,0,0,0,0,0,0,0,0,0,0,0,0,0,0,0,0,0,0,0,0,0,0,0,0,0,0,0,0,0,0,0,0,0,0,0,0,0,0,0,0,0,0,0,0,0,0,0,0,0,0,0,0,0,0,0,0,0,0,0,0,0,0,0,0,0,0,0,0,0,0,0,0,0,0,0,0,0,0,0,0,0,0,0,0,0,0,0,0,0,0,0,0,0,0,0,0,0,0,0,0,0,0,0,0,0,0,0,0,0,0,0,0,0,0,0,0,0,0,0,0,0,0,0,0,0,0,0,0,0,0,0,0,0,0,0,0,0,0,0,0,0,0,0,0,0,0,0,0,0,0,0,0,0,0,0,0,0,0,0,0,0,0,0,0,0,0,0,0,0,0,0,0,0,0,0,0,0,0,0,0,0,0,0,0,0,0,0,0,0,0,0,0,0,0,0,0,0,0,0,0,0,0,0,0,0,0,0,0,0,0,0,0,0,0,0,0,0,0,0,0,0,0,0,0,0,0,0,0,0,0,0,0,0,0,0,0,0,0,0,0,0,0,0,0,0,0,0,0,0,0,0,0,0,0,0,0,0,0,0,0,0,0,0,0,0,0,0,0,0,0,0,0,0,0,0,0,0,0,0,0,0,0,0,0,0,0,0,0,0,0,0,0,0,0,0,0,0,0,0,0,0,0,0,0,0,0,0,0,0,0,0,0,0,0,0,0,0,0,0,0,0,0,0,0,0,0,0,0,0,0,0,0,0,0,0,0,0,0,0,0,0,0,0,0,0,0,0,0,0,0,0,0,0,0,0,0,0,0,0,0,0,0,0,0,0,0,0,0,0,0,0,0,0,0,0,0,0,0,0,0,0,0,0,0,0,0,0,0,0,0,0,0,0,0,0,0,0,0,0,0,0,0,0,0,0,0,0,0,0,0,0,0,0,0,0,0,0,0,0,0,0,0,0,0,0,0,0,0,0,0,0,0,0,0,0,0,0,0,0,0,0,0,0,0,0,0,0,0,0,0,0,0,0,0,0,0,0,0,0,0,0,0,0,0,0,0,0,0,0,0,0,0,0,0,0,0,0,0,0,0,0,0,0,0,0,0,0,0,0,0,0,0,0,0,0,0,0,0,0,0,0,0,0,0,0,0,0,0,0,0,0,0,0,0,0,0,0,0,0,0,0,0,0,0,0,0,0,0,0,0,0,0,0,0,0,0,0,0,0,0,0,0,0,0,0,0,0,0,0,0,0,0,0,0,0,0,0,0,0,0,0,0,0,0,0,0,0,0,0,0,0,0,0,0,0,0,0,0,0,0,0,0,0,0,0,0,0,0,0,0,0,0,0,0,0,0,0,0,0,0,0,0,0,0,0,0,0,0,0,0,0,0,0,0,0,0,0,0,0,0,0,0,0,0,0,0,0,0,0,0,0,0,0,0,0,0,0,0,0,0,0,0,0,0,0,0,0,0,0,0,0,0,0,0,0,0,0,0,0,0,0,0,0,0,0,0,0,0,0,0,0,0,0,0,0,0,0,0,0,0,0,0,0,0,0,0,0,0,0,0,0,0,0,0,0,0,0,0,0,0,0,0,0,0,0,0,0,0,0,0,0,0,0,0,0,0,0,0,0,0,0,0,0,0,0,0,0,0,0,0,0,0,0,0,0,0,0,0,0,0,0,0,0,0,0,0,0,0,0,0,0,0,0,0,0,0,0,0,0,0,0,0,0,0,0,0,0,0,0,0,0,0,0,0,0,0,0,0,0,0,0,0,0,0,0,0,0,0,0,0,0,0,0,0,0,0,0,0,0,0,0,0,0,0,0,0,0,0,0,0,0,0,0,0,0,0,0,0,0,0,0,0,0,0,0,0,0,0,0,0,0,0,0,0,0,0,0,0,0,0,0,0,0,0,0,0,0,0,0,0,0,0,0,0,0,0,0,0,0,0,0,0,0,0,0,0,0,0,0,0,0,0,0,0,0,0,0,0,0,0,0,0,0,0,0,0,0,0,0,0,0,0,0,0,0,0,0,0,0,0,0,0,0,0,0,0,0,0,0,0,0,0,0,0,0,0,0,0,0,0,0,0,0,0,0,0,0,0,0,0,0,0,0,0,0,0,0,0,0,0,0,0,0,0,0,0,0,0,0,0,0,0,0,0,0,0,0,0,0,0,0,0,0,0,0,0,0,0,0,0,0,0,0,0,0,0,0,0,0,0,0,0,0,0,0,0,0,0,0,0,0,0,0,0,0,0,0,0,0,0,0,0,0,0,0,0,0,0,0,0,0,0,0,0,0,0,0,0,0,0,0,0,0,0,0,0,0,0,0,0,0,0,0,0,0,0,0,0,0,0,0,0,0,0,0,0,0,0,0,0,0,0,0,0,0,0,0,0,0,0,0,0,0,0,0,0,0,0,0,0,0,0,0,0,0,0,0,0,0,0,0,0,0,0,0,0,0,0,0,0,0,0,0,0,0,0,0,0,0,0,0,0,0,0,0,0,0,0,0,0,0,0,0,0,0,0,0,0,0,0,0,0,0,0,0,0,0,0,0,0,0,0,0,0,0,0,0,0,0,0,0,0,0,0,0,0,0,0,0,0,0,0,0,0,0,0,0,0,0,0,0,0,0,0,0,0,0,0,0,0,0,0,0,0,0,0,0,0,0,0,0,0,0,0,0,0,0,0,0,0,0,0,0,0,0,0,0,0,0,0,0,0,0,0,0,0,0,0,0,0,0,0,0,0,0,0,0,0,0,0,0,0,0,0,0,0,0,0,0,0,0,0,0,0,0,0,0,0,0,0,0,0,0,0,0,0,0,0,0,0,0,0,0,0,0,0,0,0,0,0,0,0,0,0,0,0,0,0,0,0,0,0,0,0,0,0,0,0,0,0,0,0,0,0,0,0,0,0,0,0,0,0,0,0,0,0,0,0,0,0,0,0,0,0,0,0,0,0,0,0,0,0,0,0,0,0,0,0,0,0,0,0,0,0,0,0,0,0,0,0,0,0,0,0,0,0,0,0,0,0,0,0,0,0,0,0,0,0,0,0,0,0,0,0,0,0,0,0,0,0,0,0,0,0,0,0,0,0,0,0,0,0,0,0,0,0,0,0,0,0,0,0,0,0,0,0,0,0,0,0,0,0,0,0,0,0,0,0,0,0,0,0,0,0,0,0,0,0,0,0,0,0,0,0,0,0,0,0,0,0,0,0,0,0,0,0,0,0,0,0,0,0,0,0,0,0,0,0,0,0,0,0,0,0,0,0,0,0,0,0,0,0,0,0,0,0,0,0,0,0,0,0,0,0,0,0,0,0,0,0,0,0,0,0,0,0,0,0,0,0,0,0,0,0,0,0,0,0,0,0,0,0,0,0,0,0,0,0,0,0,0,0,0,0,0,0,0,0,0,0,0,0,0,0,0,0,0,0,0,0,0,0,0,0,0,0,0,0,0,0,0,0,0,0,0,0,0,0,0,0,0,0,0,0,0,0,0,0,0,0,0,0,0,0,0,0,0,0,0,0,0,0,0,0,0,0,0,0,0,0,0,0,0,0,0,0,0,0,0,0,0,0,0,0,0,0,0,0,0,0,0,0,0,0,0,0,0,0,0,0,0,0,0,0,0,0,0,0,0,0,0,0,0,0,0,0,0,0,0,0,0,0,0,0,0,0,0,0,0,0,0,0,0,0,0,0,0,0,0,0,0,0,0,0,0,0,0,0,0,0,0,0,0,0,0,0,0,0,0,0,0,0,0,0,0,0,0,0,0,0,0,0,0,0,0,0,0,0,0,0,0,0,0,0,0,0,0,0,0,0,0,0,0,0,0,0,0,0,0,0,0,0,0,0,0,0,0,0,0,0,0,0,0,0,0,0,0,0,0,0,0,0,0,0,0,0,0,0,0,0,0,0,0,0,0,0,0,0,0,0,0,0,0,0,0,0,0,0,0,0,0,0,0,0,0,0,0,0,0,0,0,0,0,0,0,0,0,0,0,0,0,0,0,0,0,0,0,0,0,0,0,0,0,0,0,0,0,0,0,0,0,0,0,0,0,0,0,0,0,0,0,0,0,0,0,0,0,0,0,0,0,0,0,0,0,0,0,0,0,0,0,0,0,0,0,0,0,0,0,0,0,0,0,0,0,0,0,0,0,0,0,0,0,0,0,0,0,0,0,0,0,0,0,0,0,0,0,0,0,0,0,0,0,0,0,0,0,0,0,0,0,0,0,0,0,0,0,0,0,0,0,0,0,0,0,0,0,0,0,0,0,0,0,0,0,0,0,0,0,0,0,0,0,0,0,0,0,0,0,0,0,0,0,0,0,0,0,0,0,0,0,0,0,0,0,0,0,0,0,0,0,0,0,0,0,0,0,0,0,0,0,0,0,0,0,0,0,0,0,0,0,0,0,0,0,0,0,0,0,0,0,0,0,0,0,0,0,0,0,0,0,0,0,0,0,0,0,0,0,0,0,0,0,0,0,0,0,0,0,0,0,0,0,0,0,0.7388099,0.46245962,-0.9930228,0.94250494,-1.0750784,0.43363538,-0.2719638,0.8345131,-0.81577355,0.5104245,0.09527622,0.94811124,-0.8099974,-1.8234893,-0.9806776,1.5618579,0.16974355,1.0682217,0.6328567,-0.21437196,0.67538524,0.7086832,-0.05439462,0.7961752,-0.96476483,-0.5367051,0.59021497,-0.47175145,0.090462744,-1.396732,1.0250136,1.1892382,-0.11498781,-1.0071801,0.9461292,-0.83366835,-0.51762104,0.47922185,-1.1873174,0.5040254,-0.46648493,-0.0006535579,-0.48370022,-1.0617706,-0.88123685,0.82766104,0.45713648,-1.2714117,0.48250633,-1.056051,-0.36829,-1.3843302,0.47588074,0.20400418,1.1395178,-0.78779876,-1.1158514,0.9882613,1.0005498,-0.25338945,0.23186573,-1.229053,0.31193936,-0.44955283,-0.022116005,-0.67148244,-0.61377734,-0.03429127,-0.105247594,-0.7444208,1.5069277,0.36562377,-0.13191992,0.2895142,-0.7710365,0.24545673,0.53596425,0.7249924,-0.65743846,-0.24070452,0.52684695,-0.46495596,-0.573061,0.33583686,0.9057526,-0.9149878,-0.3638163,-0.2849319,0.75234425,-0.429676,-0.08678649,-0.06453124,-0.19749649,-0.7795309,1.1220759,-0.2929166,-1.1050352,1.014877,0.24438077,-0.28578132,-0.22598095,0.510198,-0.4198225,0.11084924,-1.3314385,-0.08112358,-0.6454897,0.73122156,-0.6836577,0.5889692,-0.07478111,1.0198604,-0.4642764,0.20819475,0.5834195,-0.28255346,-0.10655007,-0.87642336,0.15802132,0.5589557,1.2462637,0.775902,-0.13758284,0.4653477,-0.22496162,0.084629945,0.71842337,0.6104316,-0.44955283,0.4983625,0.46557423,-0.12297252,-0.993759,1.0540644,0.4629693,-1.1140393,1.0537813,-0.36472237,1.1952409,0.9696303,0.9271018,0.18174893,0.35214606,-0.50085884,1.620639,0.38504758,0.65211064,0.056541882,1.0047404,-1.254876,-0.58467,-0.30492198,-0.11260939,0.24794841,-0.8391614,-0.64985013,-0.87529075,0.08933016,0.20609947,0.61694396,0.6547156,0.27133626,0.041535158,0.44541425,-0.4182369,0.62623113,-0.99494815,-0.4770746,-1.5801538,0.20677902,0.8101626,0.69565845,0.4586655,-0.19036122,-0.7377952,1.0775088,0.64010525,0.026245289,1.3015337,-1.2792265,0.5437791,0.47593737,0.60165405,0.07998635,-0.7752837,0.76242423,-0.5653594,0.40617025,-0.22926544,0.14216515,-0.02183286,0.64605135,0.49422857,1.1789882,-0.042162724,-0.31437904,-0.228416,0.8447064,-0.26239347,0.599219,-0.52277434,1.1086549,-0.3135296,-0.6112857,-0.12637027,-1.1245157,0.03955314,-0.95649695,1.1605271,0.96583617,-0.6829215,0.7935703,0.31680945,-0.318966,0.86956656,-0.95740306,-0.54769117,-0.2775701,0.5264506,1.2696515,-0.0025223198,-0.5110521,-0.10989119,-1.0794388,0.22807159,-0.6444137,-0.19489154,-0.15445833,-0.47798067,0.49009466,-0.17558101,0.18786488,-1.3880111,0.15853098,-1.0878766,0.6317808,-0.5712489,0.29506385,-0.5792902,-1.0484061,-0.9451145,-0.9122696,0.4419599,0.27643287,0.5318303,0.863394,-0.4376607,-0.37610483,0.1671386,-0.19313604,-1.15317,0.4111536,-0.049241368,0.43567404,-0.4349425,0.27739558,-0.28006178,-0.028062066,0.47169018,0.08009961,-0.28085458,-0.5688704,-0.06866517,0.14023976,-0.0064863604,0.9789741,0.19375432,-0.6632146,-0.552448,1.1108068,0.2110262,-0.058641806,0.8042732,-0.42305037,0.36907816,-0.8939218,-0.214825,1.260421,-0.084804475,0.40271586,-0.8207003,0.8700196,-0.17031449,0.46931174,0.2619358,-0.49972627,-0.17093742,0.15864424,0.46766952,-0.04980766,-0.7568226,0.7617447,-0.5786673,-0.14902192,0.08587578,0.8363253,0.3640948,-0.31290668,0.5620703,-0.52917343,0.5287157,-1.1155117,0.71915954,-0.27774,0.13610584,0.6328567,-0.4928175,-0.637958,-0.06606022,-0.036273293,-0.21833602,0.012427776,-0.69821143,-0.046693057,0.5258843,-0.5125244,-0.026702967,-0.34042847,-0.7922158,-0.05711282,0.66179425,0.2566693,-0.6204596,-0.7290743,0.01214463,0.8894434,0.5091221,-0.3148321,0.801555,0.9485076,0.08009961,-0.43443283,0.035985503,0.12738495,-0.611852,1.1700408,-1.0716807,-0.8533753,0.0154291205,1.7969255,-1.1618342,-0.4587834,-0.99845916,0.60352284,0.6224936,0.17070624,-0.62482005,0.12676203,-0.5235105,-0.27060473,0.108923845,-0.06526742,0.03479629,-0.22558454,0.058467276,0.18191881,-0.35866305,-0.6999103,0.80331045,0.4087752,0.8010453,-0.028911503,0.5834195,-0.17269291,0.9976617,0.71604496,0.39223948,0.27110973,0.8488969,-0.020247243,-0.94103724,0.44677335,-0.10762602,0.43006775,-0.24868923,0.06384704,-0.06385169,0.71542203,-0.030100716,0.5134259,0.29172274,0.26527694,1.6016116,0.3046908,0.039779656,-0.016283203,0.40639678,-0.75886124,0.18021995,-0.85954785,0.9712725,-0.24534811,-0.34705406,-1.2983671,-0.61626905,0.59519833,-0.062662475,-0.72607297,0.6293457,-0.39756727,-0.37015876,0.11832429,0.10377059,0.47033107,0.33747908,0.97404736,-0.35673764,0.45085067,0.549442,1.0154433,-0.6367688,0.1195135,0.62566483,-0.21108748,-0.6469054,0.90246814,-0.9874165,0.09606903,0.11979664,-0.7371723,-0.6332578,0.6493358,-0.7152568,-0.41483915,-0.0064297314,-0.48171818,0.42582056,-0.6986078,-0.4912319,-0.4425308,0.3777424,-0.7875722,-0.994212,0.35939458,-0.62074274,0.07517287,1.6367784,-0.9369599,0.23135607,-0.69923073,-0.5756093,0.18865769,-0.023022072,0.23367786,0.02216799,-0.48024583,0.4342017,0.12800787,0.1335009,-0.34835654,-0.048052154,0.42904842,0.06582906,1.219648,0.5556712,-0.5345532,0.47452164,-0.38844997,0.5415139,0.3578656,-1.4099832,-0.25123754,-0.6898869,-0.09295907,1.4944127,-0.16227315,-0.24398902,-0.30973545,0.74090517,0.78864354,-0.33284014,0.48992476,-0.54304755,0.5504047,0.043120775,0.8580142,-1.170272,0.23560326,0.035136066,0.18469365,0.56971526,-0.0930157,-0.25491843,0.5981431,-0.57589245,-0.60131896,-0.4186333,-1.1665345,0.47072747,-0.17297606,1.1412166,-1.3354592,-0.00846838,-0.6406196,0.5251481,1.2205541,-0.04391823,-0.29614446,-0.17484482,-0.6987211,-0.39088503,0.3316463,0.7353555,0.20366442,-0.23566453,-0.72278845,0.69429934,-0.4527807,1.3001746,-0.06481438,0.03689157,-0.64288473,0.10926362,0.2615394,0.35814872,0.74939954,0.15717189,0.25372458,-0.6262358,0.3761568,0.33408135,-0.42457938,-0.016453091,0.060902327,0.9541705,-0.65041643,0.8686039,-0.8179821,0.77182466,-0.5277577,0.14907391,-0.6319553,-0.69577634,-1.5050069,-0.26879257,-0.12829566,0.48918858,-0.5052193,0.6250419,0.4091716,0.5014205,-0.6308227,0.8312287,-0.39286706,0.30355823,-0.6363724,-0.3791628,-0.40985578,-0.19460839,-0.3659682,-0.017359158,0.30701262,0.06520614,0.07800433,0.24494706,-0.2802883,-0.3621174,0.49734318,0.5521036,-0.44536227,-0.77466077,1.4265143,-0.31290668,0.40922824,-0.54627544,-0.020813536,-0.48936313,0.41760933,-0.14500126,-0.37576506,0.121269,-0.8351407,1.3196551,-0.33612463,0.17710534,0.23503697,0.33696944,0.35259908,-0.75518036,0.4289918,0.20196554,-0.66814137,0.15977682,-1.069189,0.20083296,0.48743308,-0.0096575925,-0.78689265,0.414608,-0.46382338,1.287603,0.80223453,-0.57668525,-0.5927113,0.7866615,-0.11045748,-0.43012902,0.8580142,1.3399283,1.5046625,-0.20497154,-0.27394584,0.23577315,0.0074444106,0.15043302,-0.38006887,0.20706217,-0.8255704,0.21929406,-1.4431679,-0.9449446,-0.46665484,0.16487345,-0.95621383,1.0507798,-0.62793463,0.55278313,-0.1918902,0.39784577,-0.6614591,-0.21459849,0.6634931,0.31312856,0.2075152,0.769786,-0.8737618,-0.1887756,-0.32366621,1.4707983,0.06883041,0.90161866,-0.031459816,0.97636914,-0.8118095,0.7524009,0.53120744,-0.40991244,-0.5990538,-0.5592435,-0.6170052,-0.7200137,0.27229893,0.25972727,0.6164343,0.3627923,0.7038131,-1.1825606,-0.6068686,-1.1535097,-0.25242674,0.29364812,0.55470854,0.61966217,0.44643357,-0.61338097,-0.7805502,-0.84488094,-0.003031982,-0.82823193,0.040459204,0.8091433,0.21215878,0.38368848,-0.31460556,-0.2224133,0.67855644,1.0994244,0.76463276,-1.1735566,-0.62793463,-0.10830557,-0.11153343,0.12908383,1.3282061,1.1891248,-1.3063519,0.24998707,-0.3549255,0.8985607,-0.085993685,-0.18073426,-0.41483915,0.44496122,0.5428164,0.2376419,0.20955385,1.056556,-0.75648284,0.32371822,-0.01583017,0.07471984,0.4888488,0.5369836,0.3469928,0.8456691,0.3775159,1.1322693,-0.8844647,0.34806874,0.23033674,1.0250702,-0.3370307,0.8128242,-0.16635045,0.70958924,1.075357,0.29942432,1.2095114,-0.9448314,-0.825174,-0.06656989,-0.58076257,-0.80478746,0.46449828,0.85433334,-1.0202614,1.038548,-0.0030886114,0.84476304,0.696338,1.3004578,-0.21244659,-0.098395474,0.06254458,0.7625375,-0.047032833,1.2243482,0.12296788,0.24942076,-0.0043910816,-1.2097992,-0.615363,0.71440274,-0.056093495,-0.1431325,0.7495694,1.014424,-0.007618943,-0.2738326,-0.76684594,0.090519376,0.68472904,-0.9878695,1.0944409,-0.38935605,-0.7343975,-0.2759845,0.5184659,0.95853096,0.28538027,-0.49004266,-0.078122236,-0.38080505,0.6469574,-0.8977159,-0.45091194,0.023640348,0.9158892,0.19245185,0.93497324,-0.25186047,0.9800501,0.24154931,0.0017248663,1.1865766,-0.75755876,-0.005693552,-0.53914016,-0.13350554,-0.3459781,0.8410255,0.6910149,0.060562555,-0.93996125,0.37853524,0.16900738,0.16725187,0.33487415,1.2037352,-0.5505226,0.1045634,-1.0028763,-0.34495878,-0.23305959,-0.9112503,-0.06458787,-0.24540475,-0.18600076,-0.59729826,-0.38120145,0.17212197,-0.13350554,-0.77585,-0.31460556,0.252592,-0.26363933,-0.74957407,-0.15468484,-0.64594275,-0.5934475,-0.31590804,0.503176,0.23458393,-0.35005543,-0.026193304,-0.35979563,0.015259233,-0.59452343,-0.18322593,-0.43120497,0.3887851,-0.46201125,0.5356811,-0.71859795,0.29081666,-0.3725372,-0.53721476,0.005688907,-0.19630727,-0.27643752,-0.10439816,0.45373875,0.3700975,0.22580642,-1.1829569,-0.014301183,-1.1477902,0.46868885,0.7367712,0.2559331,0.04419673,-0.64424384,0.6531866,0.2613129,-0.19211671,-0.5808192,0.6455983,1.3815508,-0.60981333,-0.21748658,-0.3176069,0.28311512,0.4392983,0.11673867,0.25950074,0.098787226,1.0938747,0.12965012,-0.7321323,-0.5137703,-0.31783342,0.257632,0.58591115,-0.15366553,0.7105519,0.95745504,0.029246634,-0.08899503,-0.026306562,-0.724544,-0.28770673,0.31131643,-0.12421836,-0.33805004,-0.41030884,0.07273782,0.27886793,-0.6652533,0.13644561,-0.054734398,-0.17824258,-0.29450223,-0.60097915,0.1537175,-1.4879615,1.6011586,-1.3212453,-1.3471248,-0.30503523,-0.10054738,-0.18424526,0.0892169,0.3077488,0.92217505,0.31080678,-0.6577782,-0.1452844,-0.29053816,0.3557137,0.17880422,0.1267054,0.10127891,0.8744367,0.73331684,-0.39286706,-0.06906157,0.50663036,-0.5608857,0.68937266,-0.42797711,-0.93118376,0.7367146,1.0006064,-0.9467568,-0.34059834,-0.4176706,-0.6687076,0.6075435,0.41307902,0.28651285,-0.6820721,-0.5995068,1.0428518,-0.80320185,0.03258775,-0.51286423,-0.2200915,-1.0670371,0.021658327,-0.43012902,0.18118264,-0.7663363,-0.4600292,0.4697648,-0.9132323,-0.48573884,0.59633094,0.22535338,-0.55029607,-0.8866732,-0.016226575,0.43176663,-0.607265,0.6478068,-0.25780654,-0.13763948,0.11249148,0.37491095,0.5407211,0.31992406,-0.14483137,-0.3142658,0.10943351,-0.43834025,0.66847646,-0.19081424,-0.010790176,-0.25372922,0.18010668,0.6744792,-0.758748,0.35095683,-0.35350978,0.40520754,0.37349522,0.2850405,1.107862,0.5313773,0.43012437,0.3398009,-0.076876394,-0.288273,-0.45753753,-0.82081354,-0.2969939,0.4647248,0.058693793,-0.36024866,-0.6226115,-0.153439,0.06747131,-0.88655996,-0.6505863,-0.016453091,0.3450108,0.2669758,-0.92104715,-0.01656635,1.1166962,0.7524575,1.1243411,-0.54944664,-0.19659042,-0.15706328,-0.5767419,-0.32734713,0.5983696,0.33317527,0.6328001,-0.7681484,-0.3723673,-0.92710644,0.74707776,-0.041369915,0.7352989,-0.1944385,-0.32304332,0.40667993,0.39410824,0.77929974,-0.72782844,0.6881834,-0.29478535,0.8668484,0.0711522,0.43069068,-0.0735919,-0.031629704,0.12466675,0.19709544,-0.36528865,-0.7432316,0.018487094,-0.822116,-0.25491843,-0.38980907,0.4954178,0.059316713,-0.3253651,-0.3618909,-0.13690329,0.6351219,0.2559331,0.88366723,-1.6827092,1.8697506,-1.990432,-1.9772375,0.32570022,1.5328639,0.7685968,-0.34620464,-1.9337462,-0.16165023,1.2667634,-1.8829498,0.24698572,0.120476194,-1.4047734,-1.9274604,1.7576815,-1.7278993,1.6107289,-0.6588542,1.3491023,0.3815932,-1.3239635,1.8241075,-1.2622378,1.4576037,1.7810128,1.9125623,-0.1515136,-0.18679358,1.3748685,1.5367712,0.14997998,1.1191312,-0.88554066,-1.8388923,1.7618154,-0.45266744,-1.440563,-0.59684527,-0.06339866,-1.5256766,0.5326232,1.703544,1.6584107,1.0106864,-1.7886623,0.6472972,0.690845,-1.4107194,1.0399637,-0.78400457,-0.11294916,-0.032252625,-0.94579405,-0.7627687,-0.15287271,0.3557137,-0.18786953,-1.1163044,-1.3162054,-0.20191355,-1.1506217,-0.56094235,-0.12529431,-1.431559,0.8244898,0.027887534,0.81407005,1.5821311,1.2087185,0.34908807,0.912718,0.94273144,-1.8202047,-1.6468064,-0.13599722,0.9827116,-1.2168212,1.4769708,0.42853877,1.8440976,-0.9323163,-0.85178965,-0.85603684,0.48307264,0.48137376,0.23792505,-1.0652816,1.3903849,-0.7362662,0.042781,0.44116706,0.80149835,1.7259126,0.75681794,-0.15145698,-0.24387576,0.9836177,0.1529247,0.84232795,-0.4267313,0.6568109,0.1358227,-0.97682685,-0.27728695,-0.20497154,-0.17263629,-0.6417522,0.36437795,-0.25350273,-0.30209053,0.5766806,-0.24834946,0.47372884,-0.85586697,1.457264,-1.1236663,0.11220834,-1.436882,0.17665231,0.39076713,-0.99721336,0.9149265,0.78971946,1.1106935,0.48267624,1.1801208,
0,0,0,0,0,0,0,0,0,0,0,0,0,0,0,0,0,0,0,0,0,0,0,0,0,0,0,0,0,0,0,0,0,0,0,0,0,0,0,0,0,0,0,0,0,0,0,0,1,0,0,0,0,0,0,0,0,0,0,0,0,0,0,0,0,0,0,0,0,0,0,0,0,0,0,0,0,0,0,0,0,0,0,0,0,0,0,0,0,0,0,0,0,0,0,0,0,0,0,0,0,0,0,0,0,0,0,0,0,0,0,0,0,0,0,0,0,0,0,0,0,0,0,0,0,0,0,0,0,0,0,0,0,0,0,0,0,0,0,0,0,0,0,0,0,0,0,0,0,0,0,0,0,0,0,0,0,0,0,0,0,0,0,0,0,0,0,0,0,0,0,0,0,0,0,0,0,1,0,0,0,0,0,0,0,0,0,0,0,0,0,0,0,0,0,0,0,0,0,0,0,0,0,0,0,0,0,0,0,0,0,0,0,0,0,0,0,0,0,0,0,0,0,0,0,0,0,0,0,0,0,0,0,0,0,0,0,0,0,0,0,0,0,0,0,0,0,0,0,0,0,0,0,0,0,0,0,0,0,0,0,0,0,0,0,0,0,0,0,0,0,0,0,0,0,0,0,0,0,0,0,0,0,0,0,0,0,0,0,0,0,0,0,0,0,0,0,0,0,0,0,0,0,0,0,0,0,0,0,0,0,0,0,0,0,0,0,0,0,0,0,0,0,0,0,0,0,0,0,0,0,0,0,0,0,0,0,0,0,0,0,0,0,0,0,0,0,0,0,0,0,0,0,0,0,0,0,0,0,0,0,0,0,0,0,0,0,0,0,0,0,0,0,0,0,0,0,0,0,0,0,0,0,0,0,0,0,0,0,0,0,0,0,0,0,0,0,0,0,0,0,0,0,0,0,0,0,0,0,0,0,0,0,0,0,0,0,0,0,0,0,0,0,0,0,0,0,0,0,0,0,0,0,0,0,0,0,0,0,0,0,0,0,0,0,0,0,0,0,0,0,0,0,0,0,0,0,0,0,0,0,0,0,0,0,0,0,0,0,0,0,0,0,0,0,0,0,0,0,0,0,0,0,0,0,0,0,0,0,0,0,0,0,0,0,0,0,0,0,0,0,0,0,0,0,0,0,0,0,0,0,0,0,0,0,0,0,0,0,0,0,0,0,0,0,0,0,0,0,0,0,0,0,0,0,0,0,0,0,0,0,0,0,0,0,0,0,0,0,0,0,0,0,0,0,0,0,0,0,0,0,0,0,0,0,0,0,0,0,0,0,0,0,0,0,0,0,0,0,0,0,0,0,0,0,0,0,0,0,0,0,0,0,0,0,0,0,0,0,0,0,0,0,0,0,0,0,0,0,0,0,0,0,0,0,0,0,0,0,0,0,0,0,0,0,0,0,0,0,0,0,0,0,0,0,0,0,0,0,0,0,0,0,0,0,0,0,0,0,0,0,0,0,0,0,0,0,0,0,0,0,0,0,0,0,0,0,0,0,0,0,0,0,0,0,0,0,0,0,0,0,0,0,0,0,0,0,0,0,0,0,0,0,0,0,0,0,0,0,0,0,0,0,0,0,0,0,0,0,0,0,0,0,0,0,0,0,0,0,0,0,0,0,0,0,0,0,0,0,0,0,0,0,0,0,0,0,0,0,0,0,0,0,0,0,0,0,0,0,0,0,0,0,0,0,0,0,0,0,0,0,0,0,0,0,0,0,0,0,0,0,0,0,0,0,0,0,0,0,0,0,0,0,0,0,0,0,0,0,0,0,0,0,0,0,0,0,0,0,0,0,0,0,0,0,0,0,0,0,0,0,0,0,0,0,0,0,0,0,0,0,0,0,0,0,0,0,0,0,0,0,0,0,0,0,0,0,0,0,0,0,0,0,0,0,0,0,0,0,0,0,0,0,0,0,0,0,0,0,0,0,0,0,0,0,0,0,0,0,0,0,0,0,0,0,0,0,0,0,0,0,0,0,0,0,0,0,0,0,0,0,0,0,0,0,0,0,0,0,0,0,0,0,0,0,0,0,0,0,0,0,0,0,0,0,0,0,0,0,0,0,0,0,0,0,0,0,0,0,0,0,0,0,0,0,0,0,0,0,0,0,0,0,0,0,0,0,0,0,0,0,0,0,0,0,0,0,0,0,0,0,0,0,0,0,0,0,0,0,0,0,0,0,0,0,0,0,0,0,0,0,0,0,0,0,0,0,0,0,0,0,0,0,0,0,0,0,0,0,0,0,0,0,0,0,0,0,0,0,0,0,0,0,0,0,0,0,0,0,0,0,0,0,0,0,0,0,0,0,0,0,0,0,0,0,0,0,0,0,0,0,0,0,0,0,0,0,0,0,0,0,0,0,0,0,0,0,0,0,0,0,0,0,0,0,0,0,0,0,0,0,0,0,0,0,0,0,0,0,0,0,0,0,0,0,0,0,0,0,0,0,0,0,0,0,0,0,0,0,0,0,0,0,0,0,0,0,0,0,0,0,0,0,0,0,0,0,0,0,0,0,0,0,0,0,0,0,0,0,0,0,0,0,0,0,0,0,0,0,0,0,0,0,0,0,0,0,0,0,0,0,0,0,0,0,0,0,0,0,0,0,0,0,0,0,0,0,0,0,0,0,0,0,0,0,0,0,0,0,0,0,0,0,0,0,0,0,0,0,0,0,0,0,0,0,0,0,0,0,0,0,0,0,0,0,0,0,0,0,0,0,0,0,0,0,0,0,0,0,0,0,0,0,0,0,0,0,0,0,0,0,0,0,0,0,0,0,0,0,0,0,0,0,0,0,0,0,0,0,0,0,0,0,0,0,0,0,0,0,0,0,0,0,0,0,0,0,0,0,0,0,0,0,0,0,0,0,0,0,0,0,0,0,0,0,0,0,0,0,0,0,0,0,0,0,0,0,0,0,0,0,0,0,0,0,0,0,0,0,0,0,0,0,0,0,0,0,0,0,0,0,0,0,0,0,0,0,0,0,0,0,0,0,0,0,0,0,0,0,0,0,0,0,0,0,0,0,0,0,0,0,0,0,0,0,0,0,0,0,0,0,0,0,0,0,0,0,0,0,0,0,0,0,0,0,0,0,0,0,0,0,0,0,0,0,0,0,0,0,0,0,0,0,0,0,0,0,0,0,0,0,0,0,0,0,0,0,0,0,0,0,0,0,0,0,0,0,0,0,0,0,0,0,0,0,0,0,0,0,0,0,0,0,0,0,0,0,0,0,0,0,0,0,0,0,0,0,0,0,0,0,0,0,0,0,0,0,0,0,0,0,0,0,0,0,0,0,0,0,0,0,0,0,0,0,0,0,0,0,0,0,0,0,0,0,0,0,0,0,0,0,0,0,0,0,0,0,0,0,0,0,0,0,0,0,0,0,0,0,0,0,0,0,0,0,0,0,0,0,0,0,0,0,0,0,0,0,0,0,0,0,0,0,0,0,0,0,0,0,0,0,0,0,0,0,0,0,0,0,0,0,0,0,0,0,0,0,0,0,0,0,0,0,0,0,0,0,0,0,0,0,0,0,0,0,0,0,0,0,0,0,0,0,0,0,0,0,0,0,0,0,0,0,0,0,0,0,0,0,0,0,0,0,0,0,0,0,0,0,0,0,0,0,0,0,0,0,0,0,0,0,0,0,0,0,0,0,0,0,0,0,0,0,0,0,0,0,0,0,0,0,0,0,0,0,0,0,0,0,0,0,0,0,0,0,0,0,0,0,0,0,0,0,0,0,0,0,0,0,0,0,0,0,0,0,0,0,0,0,0,0,0,0,0,0,0,0,0,0,0,0,0,0,0,0,0,0,0,0,0,0,0,0,0,0,0,0,0,0,0,0,0,0,0,0,0,0,0,0,0,0,0,0,0,0,0,0,0,0,0,0,0,0,0,0,0,0,0,0,0,0,0,0,0,0,0,0,0,0,0,0,0,0,0,0,0,0,0,0,0,0,0,0,0,0,0,0,0,0,0,0,0,0,0,0,0,0,0,0,0,0,0,0,0,0,0,0,0,0,0,0,0,0,0,0,0,0,0,0,0,0,0,0,0,0,0,0,0,0,0,0,0,0,0,0,0,0,0,0,0,0,0,0,0,0,0,0,0,0,0,0,0,0,0,0,0,0,0,0,0,0,0,0,0,0,0,0,0,0,0,0,0,0,0,0,0,0,0,0,0,0,0,0,0,0,0,0,0,0,0,0,0,0,0,0,0,0,0,0,0,0,0,0,0,0,0,0,0,0,0,0,0,0,0,0,0,0,0,0,0,0,0,0,0,0,0,0,0,0,0,0,0,0,0,0,0,0,0,0,0,0,0,0,0,0,0,0,0,0,0,0,0,0,0,0,0,0,0,0,0,0,0,0,0,0,0,0,0,0,0,0,0,0,0,0,0,0,0,0,0,0,0,0,0,0,0,0,0,0,0,0,0,0,0,0,0,0,0,0,0,0,0,0,0,0,0,0,0,0,0,0,0,0,0,0,0,0,0,0,0,0,0,0,0,0,0,0,0,0,0,0,0,0,0,0,0,0,0,0,0,0,0,0,0,0,0,0,0,0,0,0,0,0,0,0,0,0,0,0,0,0,0,0,0,0,0,0,0,0,0,0,0,0,0,0,0,0,0,0,0,0,0,0,0,0,0,0,0,0,0,0,0,0,0,0,0,0,0,0,0,0,0,0,0,0,0,0,0,0,0,0,0,0,0,0,0,0,0,0,0,0,0,0,0,0,0,0,0,0,0,0,0,0,0,0,0,0,0,0,0,0,0,0,0,0,0,0,0,0,0,0,0,0,0,0,0,0,0,0,0,0,0,0,0,0,0,0,0,0,0,0,0,0,0,0,0,0,0,0,0,0,0,0,0,0,0,0,0,0,0,0,0,0,0,0,0,0,0,0,0,0,0,0,0,0,0,0,0,0,0,0,0,0,0,0,0,0,0,0,0,0,0,0,0,0,0,0,0,0,0,0,0,0,0,0,0,0,0,0,0,0,0,0,0,0,0,0,0,0,0,0,0,0,0,0,0,0,0,0,0,0,0,0,0,0,0,0,0,0,0,0,0,0,0,0,0,0,0,0,0,0,0,0,0,0,0,0,0,0,0,0,0,0,0,0,0,0,0,0,0,0,0,0,0,0,0,0,0,0,0,0,0,0,0,0,0,0,0,0,0,0,0,0,0,0,0,0,0,0,0,0,0,0,0,0,0,0,0,0,0,0,0,0,0,0,0,0,0,0,0,0,0,0,0,0,0,0,0,0,0,0,0,0,0,0,0,0,0,0,0,0,0,0,0,0,0,0,0,0,0,0,0,0,0,0,0,0,0,0,0,0,0,0,0,0,0,0,0,0,0,0,0,0,0,0,0,0,0,0,0,0,0,0,0,0,0,0,0,0,0,0,0,0,0,0,0,0,0,0,0,0,0,0,0,0,0,0,0,0,0,0,0,0,0,0,0,0,0,0,0,0,0,0,0,0,0,0,0,0,0,0,0,0,0,0,0,0,0,0,0,0,0,0,0,0,0,0,0,0,0,0,0,0,0,0,0,0,0,0,0,0,0,0,0,0,0,0,0,0,0,0,0,0,0,0,0,0,0,0,0,0,0,0,0,0,0,0,0,0,0,0,0,0,0,0,0,0,0,0,0,0,0,0,0,0,0,0,0,0,0,0,0,0,0,0,0,0,0,0,0,0,0,0,0,0,0,0,0,0,0,0,0,0,0,0,0,0,0,0,0,0,0,0,0,0,0,0,0,0,0,0,0,0,0,0,0,0,0,0,0,0,0,0,0,0,0,0,0,0,0,0,0,0,0,0,0,0,0,0,0,0,0,0,0,0,0,0,0,0,0,0,0,0,0,0,0,0,0,0,0,0,0,0,0,0,0,0,0,0,0,0,0,0,0,0,0,0,0,0,0,0,0,0,0,0,0,0,0,0,0,0,0,0,0,0,0,0,0,0,0,0,0,0,0,0,0,0,0,0,0,0,0,0,0,0,0,0,0,0,0,0,0,0,0,0,0,0,0,0,0,0,0,0,0,0,0,0,0,0,0,0,0,0,0,0,0,0,0,0,0,0,0,0,0,0,0,0,0,0,0,0,0,0,0,0,0,0,0,0,0,0,0,0,0,0,0,0,0,0,0,0,0,0,0,0,0,0,0,0,0,0,0,0,0,0,0,0,0,0,0,0,0,0,0,0,0,0,0,0,0,0,0,0,0,0,0,0,0,0,0,0,0,0,0,0,0,0,0,0,0,0,0,0,0,0,0,0,0,0,0,0,0,0,0,0,0,0,0,0,0,0,0,0,0,0,0,0,0,0,0,0,0,0,0,0,0,0,0,0,0,0,0,0,0,0,0,0,0,0,0,0,0,0,0,0,0,0,0,0,0,0,0,0,0,0,0,0,0,0,0,0,0,0,0,0,0,0,0,0,0,0,0,0,0,0,0,0,0,0,0,0,0,0,0,0,0,0,0,0,0,0,0,0,0,0,0,0,0,0,0,0,0,0,0,0,0,0,0,0,0,0,0,0,0,0,0,0,0,0,0,0,0,0,0,0,0,0,0,0,0,0,0,0,0,0,0,0,0,0,0,0,0,0,0,0,0,0,0,0,0,0,0,0,0,0,0,0,0,0,0,0,0,0,0,0,0,0,0,0,0,0,0,0,0,0,0,0,0,0,0,0,0,0,0,0,0,0,0,0,0,0,0,0,0,0,0,0,0,0,0,0,0,0,0,0,0,0,0,0,0,0,0,0,0,0,0,0,0,0,0,0,0,0,0,0,0,0,0,0,0,0,0,0,0,0,0,0,0,0,0,0,0,0,0,0,0,0,0,0,0,0,0,0,0,0,0,0,0,0,0,0,0,0,0,0,0,0,0,0,0,0,0,0,0,0,0,0,0,0,0,0,0,0,0,0,0,0,0,0,0,0,0,0,0,0,0,0,0,0,0,0,0,0,0,0,0,0,0,0,0,0,0,0,0,0,0,0,0,0,0,0,0,0,0,0,0,0,0,0,0,0,0,0,0,0,0,0,0,0,0,0,0,0,0,0,0,0,0,0,0,0,0,0,0,0,0,0,0,0,0,0,0,0,0,0,0,0,0,0,0,0,0,0,0,0,0,0,0,0,0,0,0,0,0,0,0,0,0,0,0,0,0,0,0,0,0,0,0,0,0,0,0,0,0,0,0,0,0,0,0,0,0,0,0,0,0,0,0,0,0,0,0,0,0,0,0,0,0,0,0,0,0,0,0,0,0,0,0,0,0,0,0,0,0,0,0,0,0,0,0,0,0,0,0,0,0,0,0,0,0,0,0,0,0,0,0,0,0,0,0,0,0,0,0,0,0,0,0,0,0,0,0,0,0,0,0,0,0,0,0,0,0,0,0,0,0,0,0,0,0,0,0,0,0,0,0,0,0,0,0,0,0,0,0,0,0,0,0,0,0,0,0,0,0,0,0,0,0,0,0,0,0,0,0,0,0,0,0,0,0,0,0,0,0,0,0,0,0,0,0,0,0,0,0,0,0,0,0,0,0,0,0,0,0,0,0,0,0,0,0,0,0,0,0,0,0,0,0,0,0,0,0,0,0,0,0,0,0,0,0,0,0,0,0,0,0,0,0,0,0,0,0,0,0,0,0,0,0,0,0,0,0,0,0,0,0,0,0,0,0,0,0,0,0,0,0,0,0,0,0,0,0,0,0,0,0,0,0,0,0,0,0,0,0,0,0,0,0,0,0,0,0,0,0,0,0,0,0,0,0,0,0,0,0,0,0,0,0,0,0,0,0,0,0,0,0,0,0,0,0,0,0,0,0,0,0,0,0,0,0,0,0,0,0,0,0,0,0,0,0,0,0,0,0,0,0,0,0,0,0,0,0,0,0,0,0,0,0,0,0,0,0,0,0,0,0,0,0,0,0,0,0,0,0,0,0,0,0,0,0,0,0,0,0,0,0,0,0,0,0,0,0,0,0,0,0,0,0,0,0,0,0,0,0,0,0,0,0,0,0,0,0,0,0,0,0,0,0,0,0,0,0,0,0,0,0,0,0,0,0,0,0,0,0,0,0,0,0,0,0,0,0,0,0,0,0,0,0,0,0,0,0,0,0,0,0,0,0,0,0,0,0,0,0,0,0,0,0,0,0,0,0,0,0,0,0,0,0,0,0,0,0,0,0,0,0,0,0,0,0,0,0,0,0,0,0,0,0,0,0,0,0,0,0,0,0,0,0,0,0,0,0,0,0,0,0,0,0,0,0,0,0,0,0,0,0,0,0,0,0,0,0,0,0,0,0,0,0,0,0,0,0,0,0,0,0,0,0,0,0,0,0,0,0,0,0,0,0,0,0,0,0,0,0,0,0,0,0,0,0,0,0,0,0,0,0,0,0,0,0,0,0,0,0,0,0,0,0,0,0,0,0,0,0,0,0,0,0,0,0,0,0,0,0,0,0,0,0,0,0,0,0,0,0,0,0,0,0,0,0,0,0,0,0,0,0,0,0,0,0,0,0,0,0,0,0,0,0,0,0,0,0,0,0,0,0,0,0,0,0,0,0,0,0,0,0,0,0,0,0,0,0,0,0,0,0,0,0,0,0,0,0,0,0,0,0,0,0,0,0,0,0,0,0,0,0,0,0,0,0,0,0,0,0,0,0,0,0,0,0,0,0,0,0,0,0,0,0,0,0,0,0,-1.5710069,1.02914,-0.48521465,0.17184731,0.4051282,0.15867755,0.077478014,0.61752206,0.63991904,0.2994346,-0.09649703,0.33449805,-0.21276,-0.5602068,-0.9027044,1.329528,0.50000083,0.042582344,0.74871635,0.059946295,-0.113693215,0.55418974,-0.6333535,0.2019616,0.6265815,0.34380916,-0.0769521,0.9044886,1.2257637,-0.9950605,0.36821935,-0.55953574,-1.0706398,-1.1114074,0.73219126,-0.47070277,-0.07720375,-0.83131933,-0.5234657,-0.35670465,0.8728644,1.1593276,-0.71077824,-1.7456529,-0.7835055,0.32778734,0.5183714,0.1594325,0.46250474,0.5118284,-0.343451,0.28693593,-1.3238851,-0.3829603,-0.6126342,-0.1842395,0.16572379,-1.6793847,-0.00623804,1.7335963,0.34808722,0.1584259,-0.2123406,-0.63922536,-0.20110016,0.55066663,-0.074100055,-0.1506021,0.06447602,-0.26384526,-0.67084956,-0.0154652605,0.2288883,0.69830215,-0.4923448,1.8748566,-0.5668336,-0.12443034,0.7688485,1.1082424,0.7567692,-0.3205507,-0.4927642,0.40865135,0.7432639,0.80105984,0.94265574,0.70920706,-0.99631876,1.0841677,-0.06361458,-0.5445205,0.07831685,-0.21317942,0.42920288,-0.47137383,-0.617835,1.8147959,-0.20848194,-0.33271387,-0.3278486,-0.83366805,-0.64392287,-0.15244754,-0.06806041,1.1615087,-1.6891153,0.74603206,-0.8591687,-0.22584589,-0.64132243,0.22779782,-0.15823552,0.21714458,-0.23264048,-0.17400569,-0.58981776,0.8898928,-1.6453279,-0.34378654,0.22519742,-1.4337729,1.5867996,0.83637494,-0.22542647,-0.26451632,1.1702325,-0.73770493,0.3777821,-0.38673505,-1.0266008,-1.6958259,1.1162114,0.26705545,-0.8297255,0.73747593,0.2527952,0.6674329,-0.41424894,-1.6059026,-0.55987126,0.20892397,-0.44486654,0.3295489,-0.039036613,0.8473637,-0.363667,-1.3937603,-0.17585112,1.1173857,-0.9038788,-0.9708181,-0.5863786,1.665986,0.0010598524,1.1536236,0.6934369,-1.1641703,0.5960478,0.9793969,-1.1461353,-0.51734215,-0.35611746,-0.010348347,0.8046669,1.556853,0.9775514,1.0080012,1.1787887,-0.5019075,-0.28053814,0.13745494,0.97167957,-0.5520701,0.4555424,1.3007557,-0.94045216,0.086034164,0.62951744,-0.93239933,-0.28204805,0.502769,0.20363928,0.005925114,0.10759231,0.16387835,1.3626621,0.2729273,0.19013399,1.0463362,-0.738376,1.4592962,-0.33690807,-0.26703283,-0.09473547,0.3322332,1.388666,-1.2053573,0.57432187,0.39514604,-1.7579839,-0.40015647,-0.90798914,0.5046144,0.5646753,1.3124995,-0.33355272,-1.8157798,-0.8830756,-0.13919389,-0.1941378,-0.1272824,0.091067195,-0.84239197,-1.8173736,-0.035094075,0.6339633,-0.7415636,0.8559199,0.22645567,-1.1968011,-0.44536984,0.40294725,-1.3377259,-0.6685008,0.7380631,-0.007580181,0.59638333,-0.44444713,-1.8130116,-0.5853719,-0.1323993,0.0014792716,0.18258443,-0.51281244,0.7925037,-0.9157903,-0.4460409,-0.2854873,0.0010598524,-0.31048465,0.9033981,-0.10773747,-1.2529194,0.20984668,0.12118148,-0.3507489,0.29364663,0.7839475,0.0010598524,0.91405135,0.32065722,-0.14556907,1.063029,0.3403699,-0.4605528,-1.8099918,-0.04885102,-0.96486235,-0.5784096,-0.62731385,0.3943072,0.043672834,1.8366057,-0.22106451,0.77664965,0.28886524,0.010790376,0.07361936,-0.8858438,0.29658255,-1.565806,-0.39713666,1.0591704,-1.8058815,0.79585904,0.8640566,0.5950412,-0.42775425,-0.26015437,-0.89641315,-0.43085793,-0.7155596,0.1968447,0.25816375,0.69016546,-1.2532549,0.15716764,1.0283011,0.56056494,-0.20093238,1.1235931,0.29926684,1.5335333,-0.24329372,0.15045694,0.4057154,-0.6695913,0.9126253,-0.9059759,1.442855,-0.20772699,-1.5729362,-0.7846799,0.44707012,1.287586,0.9146385,0.4923674,-0.3859801,-0.38153425,-0.196151,-1.3279954,-0.021001592,-0.28976536,0.019262642,0.32787123,-0.8137037,0.28760698,1.03929,0.79938215,0.70467734,0.90121716,-0.41324234,0.3322332,0.8249667,0.2434841,1.1090813,0.17427994,1.356119,-1.2242311,0.10784396,-0.7722651,-0.895826,0.19399264,0.07831685,-0.5264855,-0.7432413,-0.57648027,-0.1760189,0.02865763,0.6729693,-0.6605318,-1.487878,-0.8840822,1.7906373,0.6586251,-0.32508045,-1.0799509,-0.57547367,0.00047266568,1.1421314,-0.17954202,0.27653432,1.8192416,1.891969,0.05919134,0.28165123,-0.2630903,-0.198332,-1.1298618,-0.14212982,-0.46986392,0.21999663,-1.2217146,0.68647456,0.39732704,-0.80321825,-0.0707447,-0.14573683,-1.5851831,1.2107484,0.21429253,-0.21359885,0.8149007,-1.7498472,1.8066591,0.562662,0.45956883,-0.24983665,-1.3113025,-0.36618352,1.0108533,-0.29270127,-0.30528387,-0.052458026,-1.3980384,1.6740388,0.33709845,0.3289617,-0.83098376,-1.7712375,0.010622608,-0.8033021,1.0035554,-0.33699194,1.4245683,-0.9965704,1.3966349,-0.5705245,-1.4597769,0.92956984,0.21051775,0.009112699,1.167716,-1.0666134,-0.36819673,0.21831895,-0.10589202,0.81347466,0.6307757,-0.7451706,-0.6263911,-0.45937845,0.07194168,-0.67135286,-0.39923373,-0.97039866,0.93846154,0.90314645,-0.91562253,-0.93642575,-0.15529959,-0.52086526,-0.09087682,-0.02796395,0.18300386,0.3077391,-1.4375477,-1.2501513,0.081504434,0.58338135,0.12285916,-1.388895,0.25396958,-0.16427515,0.40688977,-1.2030925,0.8642244,0.6018358,0.5365742,0.64428097,-0.2911075,0.4410305,-0.20655261,0.20011616,1.0697397,-0.26745227,-1.0226583,-1.604812,0.12613063,-0.5756414,0.24692333,-1.8744146,-0.1018656,1.4397513,-0.17274742,0.27443722,0.41519427,-0.32675812,0.5715537,-0.66824913,-1.8116695,0.95507056,-0.77302,-0.17308296,0.1822489,0.9474371,0.11925215,-0.2179608,-0.84348243,-0.60751724,1.0248619,-0.40586057,-1.2143328,-0.6550794,-1.5497004,1.0428969,0.54286546,0.62683314,0.2983441,-0.58394593,-1.7896919,0.03838815,0.32308984,0.9278083,-1.8005968,0.65845734,0.34741616,-0.6166606,0.54588526,0.25497618,0.62582654,0.3008606,0.033606775,-0.1988353,1.1515265,0.041827388,0.4259314,-1.4435873,-1.6332487,0.71725994,1.2339004,1.8643712,-0.4430211,-0.21510875,0.8632178,0.86883795,0.48699883,0.4218211,0.12705335,0.06707642,-0.9731668,0.8216114,1.0178156,0.7050968,-0.4139134,0.53632253,0.73361725,-0.10362715,-0.17459287,0.3050548,-0.79768187,0.02823821,0.5213912,0.98786914,-1.727618,-0.49821666,-0.5358805,1.4418484,-0.83534575,-0.83199036,1.2114195,-0.80472815,-0.74600947,-1.8295368,-0.3133367,0.33382696,-1.2557714,0.5046144,0.74116683,-1.201918,-0.9490083,0.8632178,1.1714069,-0.5497213,0.7987111,-0.048683252,0.8416596,0.029496469,1.142467,-1.6000307,-0.6436712,0.1288988,0.38164076,-0.6767214,0.27812812,-0.12786958,-0.42758647,0.15196684,0.15070859,-0.7612763,1.1197345,0.6990571,0.71340126,-1.3197747,0.06598593,1.0530468,0.7702745,0.64360994,0.7526589,0.7038385,-0.82662183,0.3620958,1.0353473,0.5218106,-1.1256676,0.15347676,-0.8819851,0.16069077,-0.7962559,-0.9105895,0.51493216,-1.8312984,1.0636162,1.5743848,0.16605933,1.0339214,-1.1474774,-0.68066394,-1.2372332,-1.6584138,-0.2480751,-0.14884053,-0.5624716,0.38507998,-0.119313434,0.8845242,-0.8365201,-0.26241922,0.4660279,-0.3853929,0.5582162,0.72321564,-0.18625271,0.28156734,1.0717529,0.21848671,0.92764056,0.17235062,1.6137263,0.18644309,-0.57027286,0.095345266,1.073934,-1.2674313,0.24524565,0.84476334,-0.74391234,0.3005251,-0.47397423,0.9621168,-0.76739985,0.4254281,-0.8365201,-0.115035355,-0.6265589,0.56995994,-0.29630828,0.9425719,-0.030816,0.9015527,-0.20755921,0.7385664,1.0584154,-0.5805067,-1.2050217,0.5618232,-1.8092369,1.0866842,-0.37599793,1.8112727,1.5192732,-0.6405675,-1.5248708,-0.33397213,-0.350665,0.37794986,-1.1061227,-0.2817964,-1.1248288,0.0062606493,1.842142,0.26848146,-0.5440172,0.3378534,0.32065722,-0.0079996,-0.09104458,0.21244708,-1.094379,0.6540115,0.18602368,-0.7215993,-0.16930819,1.4229745,-0.08114629,-0.53042805,0.3646962,0.9762093,0.8003049,-1.0108306,0.96639484,0.62951744,-0.90723413,0.98669475,0.0070156036,0.5881627,-0.036352333,0.30010566,-0.41634604,0.13552561,0.36259913,-1.62075,-0.19053079,-0.18851759,0.7220413,-0.19279566,0.36595446,-1.8880876,0.27175295,0.3927973,-0.73728555,-1.0212322,0.7185182,-1.1172793,1.2042894,0.034697264,0.12931821,0.85390663,-0.21158564,-0.4492285,0.8440084,-0.5641493,0.00055654946,0.336679,1.841387,0.993741,0.07630364,0.9890435,0.6292658,-0.48278204,-0.062272433,0.48288852,-0.21879964,-0.13801952,-0.6197643,-0.20353279,0.64755243,-1.7743412,-0.3423605,-1.7378517,-1.3741316,-1.4390576,0.74301225,-1.0369185,-0.6388059,0.02907705,-0.2599866,-0.66279674,-0.3901743,-0.3870706,0.058604155,-0.024692481,-1.4837676,0.48741823,-0.09381275,0.19097282,-0.029641626,-0.1952283,0.16035523,0.23928991,0.7496391,0.17998405,1.3322122,0.023037413,-0.24480362,0.54798234,-0.21066292,-0.9209072,0.65166277,0.322251,0.76977116,0.11430301,-1.0819641,-0.53713876,-1.4169961,0.4130133,-0.33028123,-0.010348347,0.2315726,-0.06596332,-0.49670675,-0.8131165,-0.37054548,0.11648399,0.023372948,-1.6303966,-0.74030536,0.97167957,-0.6143119,0.5286891,-0.40594444,0.53112173,-1.1846379,-0.5315185,-0.8840822,0.15867755,-1.5748655,-0.16955984,-0.61959654,-0.40518948,1.8298949,-0.6857809,-0.36425418,0.011377563,-0.50962484,-1.1161048,-0.64140636,0.6155927,0.3332398,0.4015212,-0.36148602,1.6920738,-1.4391415,0.95255405,0.018843222,-1.5108621,-0.05078035,1.0808963,-0.8011211,0.34380916,1.3928602,-0.4581202,1.8441552,-0.30897474,-1.7084085,0.19994839,0.6756535,0.707781,0.92411745,-0.16435905,-0.7754527,1.376419,0.2465878,-0.5923343,1.5542526,0.74435437,-0.36870003,0.26437116,0.14634663,0.28660038,-0.6473621,-0.1739218,0.790826,1.0808125,-0.81194216,-0.20000966,-1.2321162,0.84241456,0.75710475,0.33449805,0.37123916,-1.0651875,-0.085592136,-0.2915269,0.70518064,-0.88802475,-0.40955144,1.3558674,0.43406814,0.48355958,-1.1145949,-0.06604721,-0.988937,1.1862544,-0.49620345,-0.46298546,0.7400763,0.571386,0.8903961,-0.47036722,-0.79482985,0.71977645,1.0691526,0.18350716,0.57859993,1.0949887,-0.5970318,-0.62664276,0.5762512,0.52944404,-0.81185824,-0.5685113,0.1941604,0.88209164,-0.70809394,1.132401,0.28274173,0.018172152,0.96689814,-1.0246716,-0.8203305,1.4769118,0.70165753,1.1864221,-0.23800904,-0.40326017,0.29297554,0.1962575,0.2584154,-0.16595283,0.4710609,-0.58444923,0.021527505,0.69318527,0.0029891804,-1.8445519,-0.2802026,-0.8441535,-0.64073527,1.483958,0.58388466,0.5862334,-0.5493019,0.5313734,-0.4056928,-0.48638904,-1.8044555,1.118644,0.4037022,0.022450227,-1.7953961,-1.1421089,0.37694326,-0.10589202,0.026728302,-0.39151642,-0.17048256,-1.3201103,0.42450538,-1.8453069,0.35144258,0.40345055,-0.95085377,-0.018401194,-1.1640865,1.5931748,-1.1551948,-0.26233536,0.60158414,-0.018401194,0.20993057,0.8174172,-0.7815762,0.53447706,1.1740073,-0.4425178,-0.7969269,0.7094587,0.08469202,-0.20672037,-1.8695494,-0.60852385,-0.18834981,0.32451588,0.22972715,0.19508313,-0.5283309,0.14609498,0.6519144,0.71021366,0.9024754,-0.23205328,-0.7779692,-0.43580708,-0.1645268,-1.206951,0.26126745,0.9432429,-0.23415038,0.2921367,-0.3134206,1.3282697,-0.048012182,-0.7893774,0.63639593,-1.4502981,-0.29748267,0.771365,-0.50283027,0.31008786,1.508536,1.2773522,1.1935523,0.34221536,-0.2008485,-0.8772876,-0.6638872,0.1594325,-0.08567602,0.10482414,-0.07024139,-0.5201103,-1.2241472,0.4980715,-0.32147345,-0.7341818,0.0381365,-0.5616328,0.54169106,-0.7999467,1.4512434,-0.1956477,-0.49041545,0.15767094,-0.2791121,0.5655141,-0.9832329,-0.46357262,-0.99883527,1.0878587,0.5607327,-1.5255418,0.6275881,-0.597619,-1.4398965,-1.0202256,0.57952267,0.4062187,-0.08685039,1.1794598,-0.92887616,-0.12082334,0.40177286,1.2690477,1.489746,0.0014792716,0.2880264,-0.09138012,-1.0176252,-1.2172687,-1.3363838,1.6506352,-0.7388793,-0.29270127,0.28534213,1.6331035,0.19499925,-1.4368767,-1.2099708,-1.4125503,0.7188537,0.6003259,-1.3884757,1.1818085,-0.5435139,-0.573041,0.45646513,0.16874361,1.1573983,0.103649765,-0.8733451,0.962704,-0.019575568,0.37996307,-0.8287189,0.7014059,-0.045244016,0.074038774,0.5255854,-0.80573475,0.2756116,-0.21527652,0.49572274,0.09500973,-0.4808527,-0.37096488,-0.48169154,-0.41332623,-0.103794925,0.06313388,0.41964012,0.0050862757,0.074038774,-0.16167475,0.65602475,-0.43547156,0.11933604,0.1205943,-0.08106241,-0.2916108,0.37216187,0.6223034,0.05617152,0.42098227,-0.42456666,-0.04977374,-0.14582072,0.10960551,-0.024189178,-0.3829603,-0.59686404,-0.15412521,-0.32231227,-0.40837708,-0.11008621,-0.13516748,0.69687617,-0.4927642,-0.37415248,-0.26074156,-0.29219797,-0.37373307,0.6346344,0.83855593,0.6275881,-0.18541388,0.432726,-0.661874,-0.2490817,0.26848146,-0.90614367,-0.13558689,-0.6411547,0.27619877,0.51375777,0.16287175,-0.42054024,-0.56876296,-0.45057064,-0.1635202,1.1718264,-0.43933022,0.44606352,0.25967368,0.39036468,0.88829905,0.41645253,-0.15068598,0.16245233,-0.35922116,0.07647141,-0.44838965,-0.023434224,0.1288149,0.4725708,0.875297,0.83050305,-1.0166186,0.032264635,0.0837693,-0.03299698,0.21571855,-0.8355974,-0.6991184,-0.06738935,0.08301435,-0.7547334,-0.007580181,0.10440472,-0.83433914,0.58438796,-0.38413465,0.101217136,0.23551513,0.42844793,-0.23616359,0.024547322,0.54588526,1.0605963,-0.13483194,-0.13365756,-0.16083592,0.1423202,-0.7120365,0.4735774,-0.16897266,0.0062606493,-0.03282921,-0.068228185,-0.7152241,-0.25344366,
0,0,0,0,0,0,0,0,0,0,0,0,0,0,0,0,0,0,0,0,0,0,0,0,0,0,0,0,0,0,0,0,0,0,0,0,0,0,0,0,0,0,0,0,0,0,0,0,0,0,0,0,0,0,0,0,0,0,0,0,0,0,0,0,0,0,0,0,0,0,0,0,1,0,0,0,0,0,0,0,0,0,0,0,0,0,0,0,0,0,0,0,0,0,0,0,0,0,1,0,0,0,0,0,0,0,0,0,0,0,0,0,0,0,0,0,0,0,0,0,0,0,0,0,0,0,0,0,0,0,0,0,0,0,0,0,0,0,0,0,0,0,0,0,0,0,0,0,0,0,0,0,0,0,0,0,0,0,0,0,0,0,0,0,0,0,0,0,0,0,0,0,0,0,0,0,0,0,0,0,0,0,0,0,0,0,0,0,0,0,0,0,0,0,0,0,0,0,0,0,0,0,0,0,0,0,0,0,0,0,0,0,0,0,0,0,0,0,0,0,0,0,0,0,0,0,0,0,0,0,0,0,0,0,0,0,0,0,0,0,0,0,0,0,0,0,0,0,0,0,0,0,0,0,0,0,0,0,0,0,0,0,0,0,0,0,0,0,0,0,0,0,0,0,0,0,0,0,0,0,0,0,0,0,0,0,0,0,0,0,0,0,0,0,0,0,0,0,0,0,0,0,0,0,0,0,0,0,0,0,0,0,0,0,0,0,0,0,0,0,0,0,0,0,0,0,0,0,0,0,0,0,0,0,0,0,0,0,0,0,0,0,0,0,0,0,0,0,0,0,0,0,0,0,0,0,0,0,0,0,0,0,0,0,0,0,0,0,0,0,0,0,0,0,0,0,0,0,0,0,0,0,0,0,0,0,0,0,0,0,0,0,0,0,0,0,0,0,0,0,0,0,0,0,0,0,0,0,0,0,0,0,0,0,0,0,0,0,0,0,0,0,0,0,0,0,0,0,0,0,0,0,0,0,0,0,0,0,0,0,0,0,0,0,0,0,0,0,0,0,0,0,0,0,0,0,0,0,0,0,0,0,0,0,0,0,0,0,0,0,0,0,0,0,0,0,0,0,0,0,0,0,0,0,0,0,0,0,0,0,0,0,0,0,0,0,0,0,0,0,0,0,0,0,0,0,0,0,0,0,0,0,0,0,0,0,0,0,0,0,0,0,0,0,0,0,0,0,0,0,0,0,0,0,0,0,0,0,0,0,0,0,0,0,0,0,0,0,0,0,0,0,0,0,0,0,0,0,0,0,0,0,0,0,0,0,0,0,0,0,0,0,0,0,0,0,0,0,0,0,0,0,0,0,0,0,0,0,0,0,0,0,0,0,0,0,0,0,0,0,0,0,0,0,0,0,0,0,0,0,0,0,0,0,0,0,0,0,0,0,0,0,0,0,0,0,0,0,0,0,0,0,0,0,0,0,0,0,0,0,0,0,0,0,0,0,0,0,0,0,0,0,0,0,0,0,0,0,0,0,0,0,0,0,0,0,0,0,0,0,0,0,0,0,0,0,0,0,0,0,0,0,0,0,0,0,0,0,0,0,0,0,0,0,0,0,0,0,0,0,0,0,0,0,0,0,0,0,0,0,0,0,0,0,0,0,0,0,0,0,0,0,0,0,0,0,0,0,0,0,0,0,0,0,0,0,0,0,0,0,0,0,0,0,0,0,0,0,0,0,0,0,0,0,0,0,0,0,0,0,0,0,0,0,0,0,0,0,0,0,0,0,0,0,0,0,0,0,0,0,0,0,0,0,0,0,0,0,0,0,0,0,0,0,0,0,0,0,0,0,0,0,0,0,0,0,0,0,0,0,0,0,0,0,0,0,0,0,0,0,0,0,0,0,0,0,0,0,0,0,0,0,0,0,0,0,0,0,0,0,0,0,0,0,0,0,0,0,0,0,0,0,0,0,0,0,0,0,0,0,0,0,0,0,0,0,0,0,0,0,0,0,0,0,0,0,0,0,0,0,0,0,0,0,0,0,0,0,0,0,0,0,0,0,0,0,0,0,0,0,0,0,0,0,0,0,0,0,0,0,0,0,0,0,0,0,0,0,0,0,0,0,0,0,0,0,0,0,0,0,0,0,0,0,0,0,0,0,0,0,0,0,0,0,0,0,0,0,0,0,0,0,0,0,0,0,0,0,0,0,0,0,0,0,0,0,0,0,0,0,0,0,0,0,0,0,0,0,0,0,0,0,0,0,0,0,0,0,0,0,0,0,0,0,0,0,0,0,0,0,0,0,0,0,0,0,0,0,0,0,0,0,0,0,0,0,0,0,0,0,0,0,0,0,0,0,0,0,0,0,0,0,0,0,0,0,0,0,0,0,0,0,0,0,0,0,0,0,0,0,0,0,0,0,0,0,0,0,0,0,0,0,0,0,0,0,0,0,0,0,0,0,0,0,0,0,0,0,0,0,0,0,0,0,0,0,0,0,0,0,0,0,0,0,0,0,0,0,0,0,0,0,0,0,0,0,0,0,0,0,0,0,0,0,0,0,0,0,0,0,0,0,0,0,0,0,0,0,0,0,0,0,0,0,0,0,0,0,0,0,0,0,0,0,0,0,0,0,0,0,0,0,0,0,0,0,0,0,0,0,0,0,0,0,0,0,0,0,0,0,0,0,0,0,0,0,0,0,0,0,0,0,0,0,0,0,0,0,0,0,0,0,0,0,0,0,0,0,0,0,0,0,0,0,0,0,0,0,0,0,0,0,0,0,0,0,0,0,0,0,0,0,0,0,0,0,0,0,0,0,0,0,0,0,0,0,0,0,0,0,0,0,0,0,0,0,0,0,0,0,0,0,0,0,0,0,0,0,0,0,0,0,0,0,0,0,0,0,0,0,0,0,0,0,0,0,0,0,0,0,0,0,0,0,0,0,0,0,0,0,0,0,0,0,0,0,0,0,0,0,0,0,0,0,0,0,0,0,0,0,0,0,0,0,0,0,0,0,0,0,0,0,0,0,0,0,0,0,0,0,0,0,0,0,0,0,0,0,0,0,0,0,0,0,0,0,0,0,0,0,0,0,0,0,0,0,0,0,0,0,0,0,0,0,0,0,0,0,0,0,0,0,0,0,0,0,0,0,0,0,0,0,0,0,0,0,0,0,0,0,0,0,0,0,0,0,0,0,0,0,0,0,0,0,0,0,0,0,0,0,0,0,0,0,0,0,0,0,0,0,0,0,0,0,0,0,0,0,0,0,0,0,0,0,0,0,0,0,0,0,0,0,0,0,0,0,0,0,0,0,0,0,0,0,0,0,0,0,0,0,0,0,0,0,0,0,0,0,0,0,0,0,0,0,0,0,0,0,0,0,0,0,0,0,0,0,0,0,0,0,0,0,0,0,0,0,0,0,0,0,0,0,0,0,0,0,0,0,0,0,0,0,0,0,0,0,0,0,0,0,0,0,0,0,0,0,0,0,0,0,0,0,0,0,0,0,0,0,0,0,0,0,0,0,0,0,0,0,0,0,0,0,0,0,0,0,0,0,0,0,0,0,0,0,0,0,0,0,0,0,0,0,0,0,0,0,0,0,0,0,0,0,0,0,0,0,0,0,0,0,0,0,0,0,0,0,0,0,0,0,0,0,0,0,0,0,0,0,0,0,0,0,0,0,0,0,0,0,0,0,0,0,0,0,0,0,0,0,0,0,0,0,0,0,0,0,0,0,0,0,0,0,0,0,0,0,0,0,0,0,0,0,0,0,0,0,0,0,0,0,0,0,0,0,0,0,0,0,0,0,0,0,0,0,0,0,0,0,0,0,0,0,0,0,0,0,0,0,0,0,0,0,0,0,0,0,0,0,0,0,0,0,0,0,0,0,0,0,0,0,0,0,0,0,0,0,0,0,0,0,0,0,0,0,0,0,0,0,0,0,0,0,0,0,0,0,0,0,0,0,0,0,0,0,0,0,0,0,0,0,0,0,0,0,0,0,0,0,0,0,0,0,0,0,0,0,0,0,0,0,0,0,0,0,0,0,0,0,0,0,0,0,0,0,0,0,0,0,0,0,0,0,0,0,0,0,0,0,0,0,0,0,0,0,0,0,0,0,0,0,0,0,0,0,0,0,0,0,0,0,0,0,0,0,0,0,0,0,0,0,0,0,0,0,0,0,0,0,0,0,0,0,0,0,0,0,0,0,0,0,0,0,0,0,0,0,0,0,0,0,0,0,0,0,0,0,0,0,0,0,0,0,0,0,0,0,0,0,0,0,0,0,0,0,0,0,0,0,0,0,0,0,0,0,0,0,0,0,0,0,0,0,0,0,0,0,0,0,0,0,0,0,0,0,0,0,0,0,0,0,0,0,0,0,0,0,0,0,0,0,0,0,0,0,0,0,0,0,0,0,0,0,0,0,0,0,0,0,0,0,0,0,0,0,0,0,0,0,0,0,0,0,0,0,0,0,0,0,0,0,0,0,0,0,0,0,0,0,0,0,0,0,0,0,0,0,0,0,0,0,0,0,0,0,0,0,0,0,0,0,0,0,0,0,0,0,0,0,0,0,0,0,0,0,0,0,0,0,0,0,0,0,0,0,0,0,0,0,0,0,0,0,0,0,0,0,0,0,0,0,0,0,0,0,0,0,0,0,0,0,0,0,0,0,0,0,0,0,0,0,0,0,0,0,0,0,0,0,0,0,0,0,0,0,0,0,0,0,0,0,0,0,0,0,0,0,0,0,0,0,0,0,0,0,0,0,0,0,0,0,0,0,0,0,0,0,0,0,0,0,0,0,0,0,0,0,0,0,0,0,0,0,0,0,0,0,0,0,0,0,0,0,0,0,0,0,0,0,0,0,0,0,0,0,0,0,0,0,0,0,0,0,0,0,0,0,0,0,0,0,0,0,0,0,0,0,0,0,0,0,0,0,0,0,0,0,0,0,0,0,0,0,0,0,0,0,0,0,0,0,0,0,0,0,0,0,0,0,0,0,0,0,0,0,0,0,0,0,0,0,0,0,0,0,0,0,0,0,0,0,0,0,0,0,0,0,0,0,0,0,0,0,0,0,0,0,0,0,0,0,0,0,0,0,0,0,0,0,0,0,0,0,0,0,0,0,0,0,0,0,0,0,0,0,0,0,0,0,0,0,0,0,0,0,0,0,0,0,0,0,0,0,0,0,0,0,0,0,0,0,0,0,0,0,0,0,0,0,0,0,0,0,0,0,0,0,0,0,0,0,0,0,0,0,0,0,0,0,0,0,0,0,0,0,0,0,0,0,0,0,0,0,0,0,0,0,0,0,0,0,0,0,0,0,0,0,0,0,0,0,0,0,0,0,0,0,0,0,0,0,0,0,0,0,0,0,0,0,0,0,0,0,0,0,0,0,0,0,0,0,0,0,0,0,0,0,0,0,0,0,0,0,0,0,0,0,0,0,0,0,0,0,0,0,0,0,0,0,0,0,0,0,0,0,0,0,0,0,0,0,0,0,0,0,0,0,0,0,0,0,0,0,0,0,0,0,0,0,0,0,0,0,0,0,0,0,0,0,0,0,0,0,0,0,0,0,0,0,0,0,0,0,0,0,0,0,0,0,0,0,0,0,0,0,0,0,0,0,0,0,0,0,0,0,0,0,0,0,0,0,0,0,0,0,0,0,0,0,0,0,0,0,0,0,0,0,0,0,0,0,0,0,0,0,0,0,0,0,0,0,0,0,0,0,0,0,0,0,0,0,0,0,0,0,0,0,0,0,0,0,0,0,0,0,0,0,0,0,0,0,0,0,0,0,0,0,0,0,0,0,0,0,0,0,0,0,0,0,0,0,0,0,0,0,0,0,0,0,0,0,0,0,0,0,0,0,0,0,0,0,0,0,0,0,0,0,0,0,0,0,0,0,0,0,0,0,0,0,0,0,0,0,0,0,0,0,0,0,0,0,0,0,0,0,0,0,0,0,0,0,0,0,0,0,0,0,0,0,0,0,0,0,0,0,0,0,0,0,0,0,0,0,0,0,0,0,0,0,0,0,0,0,0,0,0,0,0,0,0,0,0,0,0,0,0,0,0,0,0,0,0,0,0,0,0,0,0,0,0,0,0,0,0,0,0,0,0,0,0,0,0,0,0,0,0,0,0,0,0,0,0,0,0,0,0,0,0,0,0,0,0,0,0,0,0,0,0,0,0,0,0,0,0,0,0,0,0,0,0,0,0,0,0,0,0,0,0,0,0,0,0,0,0,0,0,0,0,0,0,0,0,0,0,0,0,0,0,0,0,0,0,0,0,0,0,0,0,0,0,0,0,0,0,0,0,0,0,0,0,0,0,0,0,0,0,0,0,0,0,0,0,0,0,0,0,0,0,0,0,0,0,0,0,0,0,0,0,0,0,0,0,0,0,0,0,0,0,0,0,0,0,0,0,0,0,0,0,0,0,0,0,0,0,0,0,0,0,0,0,0,0,0,0,0,0,0,0,0,0,0,0,0,0,0,0,0,0,0,0,0,0,0,0,0,0,0,0,0,0,0,0,0,0,0,0,0,0,0,0,0,0,0,0,0,0,0,0,0,0,0,0,0,0,0,0,0,0,0,0,0,0,0,0,0,0,0,0,0,0,0,0,0,0,0,0,0,0,0,0,0,0,0,0,0,0,0,0,0,0,0,0,0,0,0,0,0,0,0,0,0,0,0,0,0,0,0,0,0,0,0,0,0,0,0,0,0,0,0,0,0,0,0,0,0,0,0,0,0,0,0,0,0,0,0,0,0,0,0,0,0,0,0,0,0,0,0,0,0,0,0,0,0,0,0,0,0,0,0,0,0,0,0,0,0,0,0,0,0,0,0,0,0,0,0,0,0,0,0,0,0,0,0,0,0,0,0,0,0,0,0,0,0,0,0,0,0,0,0,0,0,0,0,0,0,0,0,0,0,0,0,0,0,0,0,0,0,0,0,0,0,0,0,0,0,0,0,0,0,0,0,0,0,0,0,0,0,0,0,0,0,0,0,0,0,0,0,0,0,0,0,0,0,0,0,0,0,0,0,0,0,0,0,0,0,0,0,0,0,0,0,0,0,0,0,0,0,0,0,0,0,0,0,0,0,0,0,0,0,0,0,0,0,0,0,0,0,0,0,0,0,0,0,0,0,0,0,0,0,0,0,0,0,0,0,0,0,0,0,0,0,0,0,0,0,0,0,0,0,0,0,0,0,0,0,0,0,0,0,0,0,0,0,0,0,0,0,0,0,0,0,0,0,0,0,0,0,0,0,0,0,0,0,0,0,0,0,0,0,0,0,0,0,0,0,0,0,0,0,0,0,0,0,0,0,0,0,0,0,0,0,0,0,0,0,0,0,0,0,0,0,0,0,0,0,0,0,0,0,0,0,0,0,0,0,0,0,0,0,0,0,0,0,0,0,0,0,0,0,0,0,0,0,0,0,0,0,0,0,0,0,0,0,0,0,0,0,0,0,0,0,0,0,0,0,0,0,0,0,0,0,0,0,0,0,0,0,0,0,0,0,0,0,0,0,0,0,0,0,0,0,0,0,0,0,0,0,0,0,0,0,0,0,0,0,0,0,0,0,0,0,0,0,0,0,0,0,0,0,0,0,0,0,0,0,0,0,0,0,0,0,0,0,0,0,0,0,0,0,0,0,0,0,0,0,0,0,0,0,0,0,0,0,0,0,0,0,0,0,0,0,0,0,0,0,0,0,0,0,0,0,0,0,0,0,0,0,0,0,0,0,0,0,0,0,0,0,0,0,0,0,0,0,0,0,0,0,0,0,0,0,0,0,0,0,0,0,0,0,0,0,0,0,0,0,0,0,0,0,0,0,0,0,0,0,0,0,0,0,0,0,0,0,0,0,0,0,0,0,0,0,0,0,0,0,0,0,0,0,0,0,0,0,0,0,0,0,0,0,0,0,0,0,0,0,0,0,0,0,0,0,0,0,0,0,0,0,0,0,0,0,0,0,0,0,0,0,0,0,0,0,0,0,0,0,0,0,0,0,0,0,0,0,0,0,0,0,0,0,0,0,0,0,0,0,0,0,0,0,0,0,0,0,0,0,0,0,0,0,0,0,0,0,0,0,0,0,0,0,0,0,0,0,0,0,0,0,0,0,0,0,0,0,0,0,0,0,0,0,0,0,0,0,0,0,0,0,0,0,0,0,0,0,0,0,0,0,0,0,0,0,0,0,0,0,0,0,0,0,0,0,0,0,0,0,0,0,0,0,0,0,0,0,0,0,0,0,0,0,0,0,0,0,0,0,0,0,0,0,0,0,0,0,0,0,0,0,0,0,0,0,0,0,0,0,0,0,0,0,0,0,0,0,0,0,0,0,0,0,0,0,0,0,0,0,0,0,0,0,0,0,0,0,0,0,0,0,0,0,0,0,0,0,0,0,0,0,0,0,0,0,0,0,0,0,0,0,0,0,0,0,0,0,0,0,0,0,0,0,0,0,0,0,0,0,0,0,0,0,0,0,0,0,0,0,0,0,0,0,0,0,0,0,0,0,0,0,0,0,0,0,0,0,0,0,0,0,0,0,0,0,0,0,0,0,0,0,0,0,0,0,0,0,0,0,0,0,0,0,0,0,0,0,0,0,0,0,0,0,0,0,0,0,0,0,0,0,0,0,0,0,0,0,0,0,0,0,0,0,0,0,0,0,0,0,0,0,0,0,0,0,0,0,0,0,0,0,0,0,0,0,0,0,0,0,0,0,0,0,0,0,0,0,0.59359026,-0.45817444,0.55787784,0.19045302,-1.3328934,-0.69137704,-0.68625283,1.0209367,-0.13979535,-0.4869326,-0.26518098,-0.394279,0.3723615,-0.1315862,-1.1620698,-0.67532474,0.41858375,1.5007275,0.045354985,0.7673419,0.2672112,-0.76959926,-0.60609597,0.051838644,0.27406088,0.079864785,-0.9993509,0.4895903,-0.49942932,-0.53937703,-0.40410906,-1.031717,0.045511845,0.0037340687,-0.24139011,0.054191586,0.5898256,-0.63161236,-0.6436385,-0.2865666,0.581355,0.008335376,-0.045886848,0.57565564,-0.029677697,-0.6705143,-0.65263194,0.5989759,-0.17038357,-0.14695874,0.34794322,0.43458375,0.02966871,0.60849226,0.72389096,-0.0048933825,-0.065808415,0.08342034,0.43850532,0.56043994,0.79071444,-0.07778227,-0.4473509,-0.018331291,-0.10465809,-0.42810908,0.3872112,0.23134191,0.81309354,-0.43527246,-0.18539011,-0.27825287,-0.099586196,0.20681904,0.15834844,0.20300204,0.390453,1.0178517,0.622087,-0.044318218,-0.6158215,-0.3892071,-0.8170241,-0.17550775,-0.35365155,0.046400737,-0.20170385,0.21183865,0.34836152,0.27385172,-0.016658088,0.7400478,0.123002045,-0.34685418,0.16410008,0.18810008,-0.11150776,-0.0873509,-0.9174163,0.31965563,-0.26779535,-0.16703717,0.22245303,-0.31919405,-0.4561352,-0.75668424,0.31824386,-0.6952986,-0.08363848,0.3038125,0.32195628,-0.34272346,0.49654454,0.45827,-0.09561234,0.1442308,0.061720997,-0.43861887,-0.047403187,0.19798243,-0.5754032,0.07029616,-0.4246581,0.43829617,0.14302818,-0.05556005,-0.4292594,0.5362831,-0.3846581,-0.5513509,0.052936684,-0.31448814,0.20995629,-0.09425286,0.2208844,-0.69409597,-0.032292075,-0.52295876,0.1527014,0.14020465,-0.30962542,0.16776021,0.06365564,-0.21352084,-0.05676266,-0.40421364,-0.2508019,-0.22497182,-0.2772071,-0.06758619,0.08451838,0.32122427,-0.09566463,0.053616423,-0.40050122,-0.44499797,-0.27480188,-0.20431823,-0.4468803,-0.31830513,0.2334857,-0.08165155,-0.0053639705,0.03568178,0.2170674,0.1593942,0.11353799,-0.21759926,0.094975896,-0.062618874,0.62993014,0.1387406,-0.096135214,-0.20452736,0.21387786,0.12849224,0.14810008,-0.03699796,0.5287537,-0.23035744,-0.59286726,-0.10528554,-0.26167768,-0.2469326,0.13549878,0.08446609,0.14747263,-0.038618874,-0.06277574,-0.0772594,0.059995506,0.24796936,0.016962826,0.24509354,0.2065576,-0.3251548,0.49027002,0.39191708,0.1248844,0.26407394,0.1960478,0.305538,-0.08494567,0.24556413,-0.052161355,0.06365564,-0.15072344,0.12321119,-0.5046581,-0.19103718,-0.017599264,0.23427002,-0.14016135,-0.09880188,-0.5318999,-0.0033770425,0.209904,0.49596936,-0.4645535,-0.4428019,-0.13210908,0.18647917,0.010374592,-0.41482803,0.023864787,-0.13341627,-0.17142934,-0.20918097,-0.40536398,-0.23187378,0.31531575,-0.038148284,-0.06565155,0.10585172,0.32645303,0.17345956,0.22145955,0.046662174,0.51881903,-0.30345547,0.19427001,-0.19762541,0.011002042,-0.17257966,-0.1395862,0.19766872,-0.12939012,-0.17127247,-0.1345143,-0.27961233,-0.15448815,0.016178513,-0.26350775,0.18689747,0.12049224,0.12671447,0.14919811,-0.050279003,-0.21142933,0.039028186,-0.4869326,0.29947263,-0.4380437,0.069198124,-0.0030110294,-0.28766462,0.2727537,-0.30826592,0.17236152,0.2862439,0.048805963,-0.28342932,-0.114174426,0.19704126,-0.28557312,0.15296283,0.21147263,0.44352493,0.03186479,0.10857067,0.2714465,0.03249224,-0.5366058,-0.09963848,0.20969485,0.016230801,-0.0016515523,-0.05665809,-0.23830515,-0.094148286,-0.0633509,0.06909355,0.24472754,0.19949877,-0.069991425,-0.0078737745,0.2525184,0.0734857,-0.23553391,0.26700205,0.28404778,0.23060988,0.08415237,0.04713276,0.46485826,0.009799428,-0.338279,-0.13122018,0.074949756,0.08849224,-0.47323325,0.18213929,0.14872754,-0.14188685,0.19646609,0.038348448,-0.11914175,-0.17728554,0.054400735,-0.14429207,-0.16112867,-0.17739011,-0.21440972,0.08410008,-0.36076266,0.3635249,0.153904,0.3492504,-0.36154696,-0.3480568,-0.18941626,-0.30235744,-0.29848814,-0.0035861928,-0.00065808825,-0.009390115,-0.38089338,0.0018517157,-0.46397835,0.4941916,-0.11150776,0.0701393,-0.34758618,0.120753676,-0.06884109,-0.33775613,-0.23793913,-0.051324755,0.19254452,-0.2385143,0.39542034,-0.030095996,-0.10779534,-0.11067116,0.14098898,0.03693668,-0.011899918,-0.0241875,0.31254452,-0.5248934,0.050322305,0.51719815,0.7004138,0.12671447,0.025851715,0.23071446,0.29649225,-0.12071037,-0.17216136,-0.21498488,-0.032501224,0.028832108,0.07128962,-0.23035744,-0.2573901,0.21084517,-0.052997958,-0.28290644,-0.32180843,-0.24050122,0.20755106,0.2579563,0.14830923,-0.43417442,-0.47678882,0.24017851,-0.08091953,-0.073233254,0.58742034,0.4536164,-0.53603065,-0.036893383,0.16389093,0.08007394,-0.22957312,0.22569485,-0.38570383,-0.21331169,0.08556414,-0.31736398,-0.056919526,0.32007393,-0.13001756,0.2040478,-0.19684109,0.16279289,0.31212622,-0.49482802,-0.5967888,0.5570413,0.05131577,0.3341916,-0.39950776,0.0034726306,-0.11589992,-0.15668423,0.3799955,-0.13869731,-0.25561234,0.49774715,0.32561642,0.4932504,-0.07265809,0.11484518,-0.32724634,0.122060865,-0.083533905,0.34485826,0.481538,0.0638125,0.13654453,-0.17759927,-0.28421363,0.09450531,-0.27825287,-0.5470633,0.3207014,0.22098897,-0.18188685,-0.17587377,0.015707925,0.02574714,-0.4308803,-0.016396651,-0.1437692,-0.034226716,-0.20494567,-0.17974305,0.27385172,0.11515891,0.31793016,-0.23940319,-0.4132594,-0.10539012,0.016858252,0.19395629,-0.29707637,0.2882308,0.6423223,0.3178256,-0.3728411,-0.09106332,0.07102819,0.14627002,-0.1892071,-0.4064097,-0.4094947,-0.06308946,-0.1980437,-0.29012215,-0.1395862,0.052518383,-0.1543313,-0.30392605,0.07228309,0.28974715,-0.18805678,0.38260987,-0.19548161,-0.6205274,-0.09200449,0.2991589,-0.18303718,0.48127654,0.19735499,0.082060866,-0.56578225,-0.23506331,0.029354984,-0.24552083,0.117198125,0.21659681,-0.28389993,-0.05148162,0.27228308,-0.29090646,0.043577205,0.107211195,0.118453026,-0.16515481,-0.030932598,-0.27532476,-0.08112868,0.11578636,0.03918505,-0.033180963,0.1707929,-0.04233129,0.12943341,-0.26261887,0.078609884,0.00080596405,-0.22674958,-0.35532475,0.34867525,0.1029759,0.1758125,-0.046932597,-0.29718095,0.29063603,0.40242687,0.1749759,0.30982557,-0.036893383,0.2162308,-0.41880187,-0.17205678,-0.39495873,-0.34136397,-0.3934424,-0.08112868,0.35207394,-0.14983456,-0.16808292,0.49513277,-0.073599264,0.25110662,-0.16384763,-0.2705143,0.19463603,0.4667406,-0.11762541,-0.22314174,0.38114583,0.17774715,-0.2587496,0.09173407,-0.15271038,-0.10732476,0.024283089,0.15730269,-0.37592605,0.28038767,-0.36107638,0.039028186,-0.026488153,0.052884396,-0.09048815,-0.12886724,-0.17650123,0.21513276,0.067263484,-0.16259272,0.16441381,-0.16599143,-0.057024103,0.054296162,-0.062200572,0.22527656,0.06742034,-0.08254044,0.19636153,0.21335499,-0.09728554,0.04179943,-0.17054044,-0.10267116,0.27155107,0.034583744,-0.14298488,-0.19793913,-0.13226593,0.1728321,-0.3239522,-0.2187496,-0.057076387,0.27447918,0.14145955,0.17827001,0.24169485,0.33894977,-0.21315482,-0.20133783,-0.11956005,0.31578636,0.05952492,-0.64510256,-0.18397835,0.19437459,-0.150096,0.20247917,0.09325041,0.286087,0.27944648,-0.1706973,-0.14073652,0.103969365,0.075315766,-0.022148285,0.3610151,-0.11474959,-0.13681495,0.10736805,0.070453025,0.5408321,0.07155106,-0.2910633,0.025171977,0.4878125,0.044204656,-0.19333783,0.08446609,0.3673942,0.18417852,-0.11527247,0.0158125,0.07636152,-0.38387376,-0.38512868,-0.20625286,-0.1046058,-0.00023978758,0.001694853,-0.057128675,0.07092361,-0.08724632,-0.06952083,-0.12834436,0.0995772,0.21319813,-0.3117692,-0.17650123,0.046871323,-0.12724632,-0.006305147,-0.39956003,0.5807798,-0.1546973,-0.012841095,-0.12008292,0.012884395,0.00932884,0.33513275,-0.13388684,0.30015236,0.17534192,0.15860988,-0.44578227,-0.2098607,0.034740604,-0.35025287,0.07296283,-0.018592728,0.17393015,0.06496283,-0.4886058,0.09262296,0.3004661,-0.017651552,0.5130151,-0.08044894,-0.34267116,0.17466217,-0.17341626,-0.27318096,-0.021782272,-0.27171692,0.057642564,-0.34580842,0.16174714,-0.24342933,-0.17676267,-0.26852736,0.12723733,0.19819158,-0.77733785,-0.17681494,0.21659681,-0.046828024,-0.3298084,-0.2688411,0.17868832,-0.24280187,0.075315766,0.0389759,-0.18282802,-0.0877692,-0.230096,0.038453024,-0.11532476,-0.09639665,0.18877982,-0.34648815,0.2820086,-0.10857966,0.02229616,0.08901511,-0.122226715,-0.23250122,-0.08008292,-0.06267116,0.04326348,-0.18423979,-0.07684109,-0.1370764,-0.023037173,-0.21754698,-0.019899918,0.25460988,0.08807394,0.2271589,0.15719812,-0.17393914,-0.066174425,-0.10559926,0.1884661,-0.19772999,-0.27359927,0.33994323,0.0012765523,-0.16745548,-0.24348162,0.4453027,0.028152369,-0.17362541,0.43521118,-0.024919527,-0.36473653,-0.04217443,0.13471445,0.545538,-0.44306332,-0.003324755,0.21513276,-0.16363849,-0.2321875,-0.16149469,0.01926348,0.10281903,0.26825693,0.1319955,0.07400858,0.1370674,0.32619157,0.06998243,-0.19438358,-0.059586193,-0.058697306,0.20593014,0.23568179,0.0003876634,0.3139563,-0.05770384,-0.04844894,0.39081904,0.1269236,0.008858251,0.08033538,0.24681903,0.23055759,0.1000478,-0.005677696,0.15510662,-0.1160045,0.08593015,-0.18915482,-0.1997692,0.16535498,-0.015037173,0.33063602,0.10491054,0.01126348,0.5089367,-0.15166463,0.004204657,0.23876674,0.071080476,-0.043533906,0.2870282,0.05973407,0.33827,0.07965564,-0.04337704,0.5249367,0.1113942,0.08572099,0.2983223,0.32425696,0.07416544,0.17905433,0.3240478,0.14966871,0.1607014,0.20603472,0.15704125,0.17440073,-0.061939135,0.16085826,-0.5355601,0.0024791667,-0.513547,0.23149878,0.3438648,0.42271447,0.035315767,-0.25142932,-0.22779535,-0.4489718,-0.2216254,-0.024553513,0.1825576,0.3842308,-0.101939134,-0.30873653,0.22302818,0.0242308,-0.4006058,-0.17038357,-0.30329862,-0.53644896,-0.02005678,0.29340726,-0.42277575,0.015028186,0.08979943,0.07421773,-0.1391156,0.36995628,-0.12745547,0.13544649,0.03118505,0.117930144,-0.30010906,0.08159028,-0.03778227,-0.29775614,-0.2843182,-0.27773,0.058322303,-0.0625143,0.12415237,-0.21864502,-0.17268424,-0.16797835,0.025224265,-0.30925938,0.03160335,0.18271446,-0.27454045,0.03395629,0.22768179,-0.26356006,-0.20505024,-0.06763848,0.008753677,0.15620466,-0.21739012,-0.15908946,-0.046984885,-0.21508946,-0.120658085,0.20420466,0.04153799,0.3079955,-0.22894567,-0.14821364,-0.055873774,-0.00091952615,0.09769485,-0.06350776,-0.3513509,-0.05597835,0.33183864,0.35364255,-0.37650123,0.1261393,-0.0844228,-0.7689195,-0.02288031,-0.0047365194,-0.035377044,0.04959028,-0.01681495,0.106897466,0.08462296,0.07479289,-0.34769076,0.23908047,0.11965564,-0.23548162,0.09905433,-0.07276266,0.08132884,0.0878125,-0.030984886,0.12242688,-0.18946855,-0.24724633,-0.3610241,-0.28708947,0.20676675,0.40540728,0.14689746,-0.11793914,0.04650531,0.16216545,-0.122540444,-0.19265808,-0.12667117,-0.1930241,0.2978517,0.21277982,-0.025965277,0.23128963,0.080178514,0.29424387,-0.05963848,-0.06716789,-0.10612214,-0.124475084,-0.1635862,0.08394322,-0.30387378,0.0032634805,0.1463746,-0.03673652,-0.2924228,0.12932885,-0.039873775,-0.2852594,-0.0019652778,-0.29336396,-0.10831822,-0.2469326,0.021250408,0.27400857,0.48791707,-0.32369077,0.4020086,-0.44008294,-0.36091954,-0.35401756,-0.13059273,0.22987786,0.1463746,-0.36954698,-0.18737704,-0.069363974,0.028518382,0.3005184,-0.4309326,0.16258374,-0.0056254086,0.42109355,0.09847917,-0.0633509,0.0144007355,0.039080475,-0.12991299,0.19191708,0.14752492,0.068884395,0.20122427,-0.20891953,-0.07668423,-0.19532475,0.34972098,-0.25461888,-0.08991299,-0.005573121,-0.2712463,-0.022828022,0.124309234,0.15996936,-0.2073509,-0.2571287,-0.020527368,0.1366491,-0.03396528,0.16566871,0.19364257,0.04200858,0.31698897,0.22010008,0.053825572,0.34616545,0.07270139,-0.15265809,0.19385171,0.1635772,0.305538,-0.24792606,0.11040074,0.34151185,0.17685825,-0.18345547,-0.1871679,-0.4074032,0.029250408,0.030975899,-0.08405678,0.53931576,0.036675245,-0.10763848,-0.0013378268,0.06036152,0.046034724,0.10041381,-0.29294568,-0.079403184,0.38260987,-0.28034437,0.5188713,-0.05791299,0.702453,0.21173407,-1.3500437,0.92342037,1.2201524,0.8364661,-0.81686723,0.06841381,0.630819,-0.1130241,0.13853146,0.82872754,1.0334334,-1.1967888,-0.13634436,1.0227667,-1.1127104,-0.94816136,-0.108997956,1.3821915,0.5009367,-0.7670895,-0.26481494,0.2629759,-0.01901103,-0.6263836,-0.17874959,0.9821393,-1.1825666,1.2285184,0.8026883,-0.2696777,-0.36541626,0.9041262,-0.87328553,0.8998386,-1.3983574,0.78579944,-0.35239664,0.5157341,0.35301512,-0.40823978,-0.9883182,-0.8693117,-0.55443585,1.2091197,-0.0025404412,0.09230923,-1.1740437,0.44274062,0.7998125,0.5214857,-0.36248815,-0.9738346,-1.4613639,0.15704125,-0.6058868,-0.15328553,-0.9175731,-0.94528556,-0.89383453,-0.28714174,0.70281905,-1.238985,0.7525968,0.21215236,-0.82643586,-0.5575208,0.09999551,0.43270138,0.22475368,-0.9847104,-0.08541626,0.20791708,0.96587783,0.1846491,-0.854462,1.21644,0.5352373,0.2868713,0.69837457,-0.73603064,0.714636,-0.95156,0.9399955,-1.2443705,0.58857065,-0.6600045,0.44561642,0.79798245,-0.99156004,0.33492362,-0.25822672,-0.8375731,-0.31929862,0.83040076,-0.4823313,-0.81974304,-0.8035339,0.07840074,-0.29294568,1.3316817,-0.6254947,0.22323734,-0.20254044,0.8112635,0.104596816,-0.6212071,0.36885825,-0.37305024,0.18862295,-0.5740437,-0.7896254,-0.33352083,0.36085826,-0.65346855,0.26778635,0.0747406,-1.1513509,0.3493027,-1.154645,-0.48008293,0.5942177,0.14145955,-0.8229849,0.6664792,-0.48562542,-0.27229208,
0,0,0,0,0,0,0,0,0,0,0,0,0,0,0,0,0,0,0,0,0,0,0,0,0,0,0,0,0,0,0,0,0,0,0,0,0,0,0,0,0,0,0,0,0,0,0,0,0,0,1,0,0,0,0,0,0,0,0,0,0,0,0,0,0,1,0,0,0,0,0,0,0,0,0,0,0,0,0,0,0,0,0,0,0,0,0,0,0,0,0,0,0,0,0,0,0,0,0,0,0,0,0,0,0,0,0,0,0,0,0,0,0,0,0,0,0,0,0,0,0,0,0,0,0,0,0,0,0,0,0,0,0,0,0,0,0,0,0,0,0,0,0,0,0,0,0,0,0,0,0,0,0,0,0,0,0,0,0,0,0,0,0,0,0,0,0,0,0,0,0,0,0,0,0,0,0,0,0,0,0,0,0,0,0,0,0,0,0,0,0,0,0,0,0,0,0,0,0,0,0,0,0,0,0,0,0,0,0,0,0,0,0,0,0,0,0,0,0,0,0,0,0,0,0,0,0,0,0,0,0,0,0,0,0,0,0,0,0,0,0,0,0,0,0,0,0,0,0,0,0,0,0,0,0,0,1,0,0,0,0,0,0,0,0,0,0,0,0,0,0,0,0,0,0,0,0,0,0,0,0,0,0,0,0,0,0,0,0,0,0,0,0,0,0,0,0,0,0,0,0,0,0,0,0,0,0,0,0,0,0,0,0,0,0,0,0,0,0,0,0,0,0,0,0,0,0,0,0,0,0,0,0,0,0,0,0,0,0,0,0,0,0,0,0,0,0,0,0,0,0,0,0,0,0,1,0,0,0,0,0,0,0,0,0,0,0,0,0,0,0,0,0,0,0,0,0,0,0,0,0,0,0,0,0,0,0,0,0,0,0,0,0,0,0,0,0,0,0,0,0,0,0,0,0,0,0,0,0,0,0,0,0,0,0,0,0,0,0,0,0,0,0,0,0,0,0,0,0,0,0,0,0,0,0,0,0,0,0,0,0,0,0,0,0,0,0,0,0,0,0,0,0,0,0,0,0,0,0,0,0,0,0,0,0,0,0,0,0,0,0,0,0,0,0,0,0,0,0,0,0,0,0,0,0,0,0,0,0,0,0,0,0,0,0,0,0,0,0,0,0,0,0,0,0,0,0,0,0,0,0,0,0,0,0,0,0,0,0,0,0,0,0,0,0,0,0,0,0,0,0,0,0,0,0,0,0,0,0,0,0,0,0,0,0,0,0,0,0,0,0,0,0,0,0,0,0,0,0,0,0,0,0,0,0,0,0,0,0,0,0,0,0,0,0,0,0,0,0,0,0,0,0,0,0,0,0,0,0,0,0,0,0,0,0,0,0,0,0,0,0,0,0,0,0,0,0,0,0,0,0,0,0,0,0,0,0,0,0,0,0,0,0,0,0,0,0,0,0,0,0,0,0,0,0,0,0,0,0,0,0,0,0,0,0,0,0,0,0,0,0,0,0,0,0,0,0,0,0,0,0,0,0,0,0,0,0,0,0,0,0,0,0,0,0,0,0,0,0,0,0,0,0,0,0,0,0,0,0,0,0,0,0,0,0,0,0,0,0,0,0,0,0,0,0,0,0,0,0,0,0,0,0,0,0,0,0,0,0,0,0,0,0,0,0,0,0,0,0,0,0,0,0,0,0,0,0,0,0,0,0,0,0,0,0,0,0,0,0,0,0,0,0,0,0,0,0,0,0,0,0,0,0,0,0,0,0,0,0,0,0,0,0,0,0,0,0,0,0,0,0,0,0,0,0,0,0,0,0,0,0,0,0,0,0,0,0,0,0,0,0,0,0,0,0,0,0,0,0,0,0,0,0,0,0,0,0,0,0,0,0,0,0,0,0,0,0,0,0,0,0,0,0,0,0,0,0,0,0,0,0,0,0,0,0,0,0,0,0,0,0,0,0,0,0,0,0,0,0,0,0,0,0,0,0,0,0,0,0,0,0,0,0,0,0,0,0,0,0,0,0,0,0,0,0,0,0,0,0,0,0,0,0,0,0,0,0,0,0,0,0,0,0,0,0,0,0,0,0,0,0,0,0,0,0,0,0,0,0,0,0,0,0,0,0,0,0,0,0,0,0,0,0,0,0,0,0,0,0,0,0,0,0,0,0,0,0,0,0,0,0,0,0,0,0,0,0,0,0,0,0,0,0,0,0,0,0,0,0,0,0,0,0,0,0,0,0,0,0,0,0,0,0,0,0,0,0,0,0,0,0,0,0,0,0,0,0,0,0,0,0,0,0,0,0,0,0,0,0,0,0,0,0,0,0,0,0,0,0,0,0,0,0,0,0,0,0,0,0,0,0,0,0,0,0,0,0,0,0,0,0,0,0,0,0,0,0,0,0,0,0,0,0,0,0,0,0,0,0,0,0,0,0,0,0,0,0,0,0,0,0,0,0,0,0,0,0,0,0,0,0,0,0,0,0,0,0,0,0,0,0,0,0,0,0,0,0,0,0,0,0,0,0,0,0,0,0,0,0,0,0,0,0,0,0,0,0,0,0,0,0,0,0,0,0,0,0,0,0,0,0,0,0,0,0,0,0,0,0,0,0,0,0,0,0,0,0,0,0,0,0,0,0,0,0,0,0,0,0,0,0,0,0,0,0,0,0,0,0,0,0,0,0,0,0,0,0,0,0,0,0,0,0,0,0,0,0,0,0,0,0,0,0,0,0,0,0,0,0,0,0,0,0,0,0,0,0,0,0,0,0,0,0,0,0,0,0,0,0,0,0,0,0,0,0,0,0,0,0,0,0,0,0,0,0,0,0,0,0,0,0,0,0,0,0,0,0,0,0,0,0,0,0,0,0,0,0,0,0,0,0,0,0,0,0,0,0,0,0,0,0,0,0,0,0,0,0,0,0,0,0,0,0,0,0,0,0,0,0,0,0,0,0,0,0,0,0,0,0,0,0,0,0,0,0,0,0,0,0,0,0,0,0,0,0,0,0,0,0,0,0,0,0,0,0,0,0,0,0,0,0,0,0,0,0,0,0,0,0,0,0,0,0,0,0,0,0,0,0,0,0,0,0,0,0,0,0,0,0,0,0,0,0,0,0,0,0,0,0,0,0,0,0,0,0,0,0,0,0,0,0,0,0,0,0,0,0,0,0,0,0,0,0,0,0,0,0,0,0,0,0,0,0,0,0,0,0,0,0,0,0,0,0,0,0,0,0,0,0,0,0,0,0,0,0,0,0,0,0,0,0,0,0,0,0,0,0,0,0,0,0,0,0,0,0,0,0,0,0,0,0,0,0,0,0,0,0,0,0,0,0,0,0,0,0,0,0,0,0,0,0,0,0,0,0,0,0,0,0,0,0,0,0,0,0,0,0,0,0,0,0,0,0,0,0,0,0,0,0,0,0,0,0,0,0,0,0,0,0,0,0,0,0,0,0,0,0,0,0,0,0,0,0,0,0,0,0,0,0,0,0,0,0,0,0,0,0,0,0,0,0,0,0,0,0,0,0,0,0,0,0,0,0,0,0,0,0,0,0,0,0,0,0,0,0,0,0,0,0,0,0,0,0,0,0,0,0,0,0,0,0,0,0,0,0,0,0,0,0,0,0,0,0,0,0,0,0,0,0,0,0,0,0,0,0,0,0,0,0,0,0,0,0,0,0,0,0,0,0,0,0,0,0,0,0,0,0,0,0,0,0,0,0,0,0,0,0,0,0,0,0,0,0,0,0,0,0,0,0,0,0,0,0,0,0,0,0,0,0,0,0,0,0,0,0,0,0,0,0,0,0,0,0,0,0,0,0,0,0,0,0,0,0,0,0,0,0,0,0,0,0,0,0,0,0,0,0,0,0,0,0,0,0,0,0,0,0,0,0,0,0,0,0,0,0,0,0,0,0,0,0,0,0,0,0,0,0,0,0,0,0,0,0,0,0,0,0,0,0,0,0,0,0,0,0,0,0,0,0,0,0,0,0,0,0,0,0,0,0,0,0,0,0,0,0,0,0,0,0,0,0,0,0,0,0,0,0,0,0,0,0,0,0,0,0,0,0,0,0,0,0,0,0,0,0,0,0,0,0,0,0,0,0,0,0,0,0,0,0,0,0,0,0,0,0,0,0,0,0,0,0,0,0,0,0,0,0,0,0,0,0,0,0,0,0,0,0,0,0,0,0,0,0,0,0,0,0,0,0,0,0,0,0,0,0,0,0,0,0,0,0,0,0,0,0,0,0,0,0,0,0,0,0,0,0,0,0,0,0,0,0,0,0,0,0,0,0,0,0,0,0,0,0,0,0,0,0,0,0,0,0,0,0,0,0,0,0,0,0,0,0,0,0,0,0,0,0,0,0,0,0,0,0,0,0,0,0,0,0,0,0,0,0,0,0,0,0,0,0,0,0,0,0,0,0,0,0,0,0,0,0,0,0,0,0,0,0,0,0,0,0,0,0,0,0,0,0,0,0,0,0,0,0,0,0,0,0,0,0,0,0,0,0,0,0,0,0,0,0,0,0,0,0,0,0,0,0,0,0,0,0,0,0,0,0,0,0,0,0,0,0,0,0,0,0,0,0,0,0,0,0,0,0,0,0,0,0,0,0,0,0,0,0,0,0,0,0,0,0,0,0,0,0,0,0,0,0,0,0,0,0,0,0,0,0,0,0,0,0,0,0,0,0,0,0,0,0,0,0,0,0,0,0,0,0,0,0,0,0,0,0,0,0,0,0,0,0,0,0,0,0,0,0,0,0,0,0,0,0,0,0,0,0,0,0,0,0,0,0,0,0,0,0,0,0,0,0,0,0,0,0,0,0,0,0,0,0,0,0,0,0,0,0,0,0,0,0,0,0,0,0,0,0,0,0,0,0,0,0,0,0,0,0,0,0,0,0,0,0,0,0,0,0,0,0,0,0,0,0,0,0,0,0,0,0,0,0,0,0,0,0,0,0,0,0,0,0,0,0,0,0,0,0,0,0,0,0,0,0,0,0,0,0,0,0,0,0,0,0,0,0,0,0,0,0,0,0,0,0,0,0,0,0,0,0,0,0,0,0,0,0,0,0,0,0,0,0,0,0,0,0,0,0,0,0,0,0,0,0,0,0,0,0,0,0,0,0,0,0,0,0,0,0,0,0,0,0,0,0,0,0,0,0,0,0,0,0,0,0,0,0,0,0,0,0,0,0,0,0,0,0,0,0,0,0,0,0,0,0,0,0,0,0,0,0,0,0,0,0,0,0,0,0,0,0,0,0,0,0,0,0,0,0,0,0,0,0,1,0,0,0,0,0,0,0,0,0,0,0,0,0,0,0,0,0,0,0,0,0,0,0,0,0,0,0,0,0,0,0,0,0,0,0,0,0,0,0,0,0,0,0,0,0,0,0,0,0,0,0,0,0,0,0,0,0,0,0,0,0,0,0,0,0,0,0,0,0,0,0,0,0,0,0,0,0,0,0,0,0,0,0,0,0,0,0,0,0,0,0,0,0,0,0,0,0,0,0,0,0,0,0,0,0,0,0,0,0,0,0,0,0,0,0,0,0,0,0,0,0,0,0,0,0,0,0,0,0,0,0,0,0,0,0,0,0,0,0,0,0,0,0,0,0,0,0,0,0,0,0,0,0,0,0,0,0,0,0,0,0,0,0,0,0,0,0,0,0,0,0,0,0,0,0,0,0,0,0,0,0,0,0,0,0,0,0,0,0,0,0,0,0,0,0,0,0,0,0,0,0,0,0,0,0,0,0,0,0,0,0,0,0,0,0,0,0,0,0,0,0,0,0,0,0,0,0,0,0,0,0,0,0,0,0,0,0,0,0,0,0,0,0,0,0,0,0,0,0,0,0,0,0,0,0,0,0,0,0,0,0,0,0,0,0,0,0,0,0,0,0,0,0,0,0,0,0,0,0,0,0,0,0,0,0,0,0,0,0,0,0,0,0,0,0,0,0,0,0,0,0,0,0,0,0,0,0,0,0,0,0,0,0,0,0,0,0,0,0,0,0,0,0,0,0,0,0,0,0,0,0,0,0,0,0,0,0,0,0,0,0,0,0,0,0,0,0,0,0,0,0,0,0,0,0,0,0,0,0,0,0,0,0,0,0,0,0,0,0,0,0,0,0,0,0,0,0,0,0,0,0,0,0,0,0,0,0,0,0,0,0,0,0,0,0,0,0,0,0,0,0,0,0,0,0,0,0,0,0,0,0,0,0,0,0,0,0,0,0,0,0,0,0,0,0,0,0,0,0,0,0,0,0,0,0,0,0,0,0,0,0,0,0,0,0,0,0,0,0,0,0,0,0,0,0,0,0,0,0,0,0,0,0,0,0,0,0,0,0,0,0,0,0,0,0,0,0,0,0,0,0,0,0,0,0,0,0,0,0,0,0,0,0,0,0,0,0,0,0,0,0,0,0,0,0,0,0,0,0,0,0,0,0,0,0,0,0,0,0,0,0,0,0,0,0,0,0,0,0,0,0,0,0,0,0,0,0,0,0,0,0,0,0,0,0,0,0,0,0,0,0,0,0,0,0,0,0,0,0,0,0,0,0,0,0,0,0,0,0,0,0,0,0,0,0,0,0,0,0,0,0,0,0,0,0,0,0,0,0,0,0,0,0,0,0,0,0,0,0,0,0,0,0,0,0,0,0,0,0,0,0,0,0,0,0,0,0,0,0,0,0,0,0,0,0,0,0,0,0,0,0,0,0,0,0,0,0,0,0,0,0,0,0,0,0,0,0,0,0,0,0,0,0,0,0,0,0,0,0,0,0,0,0,0,0,0,0,0,0,0,0,0,0,0,0,0,0,0,0,0,0,0,0,0,0,0,0,0,0,0,0,0,0,0,0,0,0,0,0,0,0,0,0,0,0,0,0,0,0,0,0,0,0,0,0,0,0,0,0,0,0,0,0,0,0,0,0,0,0,0,0,0,0,0,0,0,0,0,0,0,0,0,0,0,0,0,0,0,0,0,0,0,0,0,0,0,0,0,0,0,0,0,0,0,0,0,0,0,0,0,0,0,0,0,0,0,0,0,0,0,0,0,0,0,0,0,0,0,0,0,0,0,0,0,0,0,0,0,0,0,0,0,0,0,0,0,0,0,0,0,0,0,0,0,0,0,0,0,0,0,0,0,0,0,0,0,0,0,0,0,0,0,0,0,0,0,0,0,0,0,0,0,0,0,0,0,0,0,0,0,0,0,0,0,0,0,0,0,0,0,0,0,0,0,0,0,0,0,0,0,0,0,0,0,0,0,0,0,0,0,0,0,0,0,0,0,0,0,0,0,0,0,0,0,0,0,0,0,0,0,0,0,0,0,0,0,0,0,0,0,0,0,0,0,0,0,0,0,0,0,0,0,0,0,0,0,0,0,0,0,0,0,0,0,0,0,0,0,0,0,0,0,0,0,0,0,0,0,0,0,0,0,0,0,0,0,0,0,0,0,0,0,0,0,0,0,0,0,0,0,0,0,0,0,0,0,0,0,0,0,0,0,0,0,0,0,0,0,0,0,0,0,0,0,0,0,0,0,0,0,0,0,0,0,0,0,0,0,0,0,0,0,0,0,0,0,0,0,0,0,0,0,0,0,0,0,0,0,0,0,0,0,0,0,0,0,0,0,0,0,0,0,0,0,0,0,0,0,0,0,0,0,0,0,0,0,0,0,0,0,0,0,0,0,0,0,0,0,0,0,0,0,0,0,0,0,0,0,0,0,0,0,0,0,0,0,0,0,0,0,0,0,0,0,0,0,0,0,0,0,0,0,0,0,0,0,0,0,0,0,0,0,0,0,0,0,0,0,0,0,0,0,0,0,0,0,0,0,0,0,0,0,0,0,0,0,0,0,0,0,0,0,0,0,0,0,0,0,0,0,0,0,0,0,0,0,0,0,0,0,0,0,0,0,0,0,0,0,0,0,0,0,0,0,0,0,0,0,0,0,0,0,0,0,0,0,0,0,0,0,0,0,0,0,0,0,0,0,0,0,0,0,0,0,0,0,0,0,0,0,0,0,0,0,0,0,0,0,0,0,0,0,0,0,0,0,0,0,0,0,0,0,0,0,0,0,0,0,0,0,0,0,0,0,0,0,0,0,0,0,0,0,0,0,0,0,0,0,0,0,0,0,0,0,0,0,0,0,0,0,0,0,0,0,0,0,0,0,0,0,0,0,0,0,0,0,0,0,0,0,0,0,0,0,0,0,0,0,0,0,0,0,0,0,0,0,0,0,0,0,0,0,0,0,0,0,0,0,0,0,0,0,0,0,0,0,0,0,0,0,0,0,0,0,0,0,0,0,0,0,0,0,0,0,0,0,0,0,0,0,0,0,0,0,0,0,0,0,0,0,0,0,0,0,0,0,0,0,0,0,0,0,0,0,0,0,0,0,0,0,0,0,0,0,0,0,0,0,0,0,0,0,0,0,0,0,0,0,0,0,0,0,0,0,0,0,0,0,0,0,0,0,0,0,0,0,0,0,0,0,0,0,0,0,0,0,0,0,0,0,0,0,0,0,0,0,0,0,0,0,0,0,0,0,0,0,0,0,0,0,0,0,0,0,0,0,0,0,0,0,0,0,0,0,0,0,0,0,0,0,0,0,0,0,0,0,0,0,0,0,0,0,0,0,0,0,0,0,0,0,0,0,0,0,0,0,0,0,0,0,0,0,0,0,0,0,0,0,0,0,0,0,0,0,0,0,0,0,0,0,0,0,0,0,0,0,0,0,0,0,0,0,0,0,0.11819031,-0.2475677,-0.23387091,-1.4929814,0.19027065,-0.5206619,-0.58532,0.42349878,-0.09575517,0.21445048,-0.44383743,0.37261403,-0.46166623,-0.14794073,0.22011283,-0.32477477,-0.4768934,-0.23693164,0.64088756,0.120485865,0.79239404,0.23335052,-0.55830896,-0.3406906,-0.62419134,-0.23769683,0.8403711,-0.31620473,0.20151886,-0.3160517,-0.24443045,-0.26776856,-0.03025541,0.80203533,0.16410136,-0.34681207,-0.9233018,-0.081905335,0.80662644,-0.14725207,-0.94763464,0.47438353,-0.8094424,-0.22629558,-0.85826117,0.28920895,1.1107106,-0.11939936,-0.007988553,-0.40274704,-0.30488,-0.099275015,-0.2870512,0.30703774,-0.27350745,1.033121,-0.041197542,0.60783166,-0.29623342,-0.2267547,0.17481394,0.5758469,-0.24144623,-0.4403941,0.45303488,-0.07348831,0.82698035,-1.1841531,0.5320019,-0.20050888,-0.34627646,-0.26340702,0.06791771,-0.67140317,-0.10554953,0.06279098,0.17986415,0.2303663,0.09875463,0.13112192,0.5132549,0.40513435,-0.4749804,0.75505304,-0.015716912,0.17886941,0.6417293,0.4430875,0.23403919,0.20832899,0.036086053,0.067305565,0.4098785,-0.003856558,0.3429249,-0.15398568,0.30573693,0.30543086,-0.54790246,0.2806389,-0.41774464,0.6486925,-0.32622862,-0.3623453,0.33313054,-0.28919372,-0.28008804,-0.31995413,-0.2292798,-0.09537258,-0.42095843,-0.074406534,-0.5309919,-0.088562444,0.6106628,-0.6074338,0.026444733,-0.031173632,0.05904158,-0.4237896,0.25997892,0.42839596,0.41561738,-0.59894025,0.29418266,0.4227336,0.10755425,0.05215492,-0.17916024,-0.12972935,0.45135146,0.7227623,-0.22369395,-0.8575725,0.37345573,0.748396,-0.16867721,-0.43411958,0.9843022,0.13119844,-0.17770639,-0.6494424,0.35287228,0.33160016,-0.11817507,0.45441222,-0.25644383,0.18361355,0.13188711,0.4585442,-0.651891,0.3937331,0.78160495,0.3126236,-0.2138996,0.082303174,-0.14794073,-0.15367961,0.021318,-0.2051765,0.93364704,0.36151886,0.4153113,-0.01051366,-0.15536301,-0.017400317,0.06363268,-0.24420089,0.042360563,0.43864942,0.31453654,-0.26524344,0.20985937,0.039299827,-0.8900928,0.56130844,0.18437874,0.6509115,-0.010284104,0.42426395,-0.8345404,0.9752731,0.19187754,0.13992155,-0.14993021,-0.15054235,-0.055200413,-0.34176186,-0.33181447,0.19685124,-0.36785465,0.17389572,0.67578,-0.47146058,-0.5879981,-0.27794552,-0.13477956,0.1197972,-0.20425828,0.025603032,-0.1486294,-0.8509154,0.018563338,0.20243709,0.611581,0.090567164,-0.68861985,0.3634318,0.6172434,-0.06116885,-0.30809376,-0.22996847,0.17267142,-0.35339266,-0.06300529,0.34039977,-0.07050409,0.21582781,0.47292966,0.7170999,-0.25330657,-0.51859593,-0.084047854,0.18055281,0.052537512,0.43612432,-0.1976777,0.21720514,0.28561258,-0.07295269,-0.55042756,0.05735817,-0.37382308,-0.6444687,0.11604779,-0.1689833,-0.36219227,-0.7212167,-0.390045,-0.12345484,0.26334575,-0.000719303,0.44867334,0.084369175,0.0060908357,0.31285316,0.104952626,0.45073932,0.12752555,-0.15513346,-0.24290007,-0.11465522,-0.19576474,0.37766424,0.754747,-0.6365873,0.3658039,-0.28437304,-0.37535346,-0.18390438,-0.058567222,-0.6326849,0.31790337,-0.18466957,0.24566999,0.024378736,-0.029872818,-0.521121,-0.2957743,-0.6365873,0.2751296,-0.34336874,-0.20946153,-0.35591778,-0.021455793,0.34812814,0.13188711,-0.12766334,0.89890766,-0.42554954,0.010375867,-0.1843635,0.341318,-0.4375629,0.3039005,0.3475925,0.27987373,0.3125471,-0.26776856,0.16058151,-0.56741464,-0.095525615,-0.1523788,0.8417484,-0.07188143,-0.031326666,-0.28100625,-0.116874255,0.49205926,-0.2026514,-0.44796944,0.56130844,-0.21466479,-0.059715,0.2731401,0.84052414,-0.5430818,0.15989284,-0.15123102,-0.3993037,0.5224371,-0.16531041,-0.3913458,0.6581808,-0.4058843,0.029888062,0.1102324,-0.09093451,0.86011285,-0.51454043,-0.024669565,-0.5340526,0.21781728,0.06776468,-0.37374657,0.13487132,0.10181537,0.14673167,0.1168895,-0.14625733,-0.34788334,-0.37290487,-0.0855017,0.3625901,-0.29592735,-0.6630627,0.13716687,-0.1369986,0.700878,0.6138766,0.2004476,-0.6174577,0.16058151,-0.43832812,-0.46794072,0.941605,-0.33824202,0.29402962,0.48280054,0.77372354,-0.28521475,0.13265228,0.00830987,0.7793859,-0.024210455,-0.43878722,0.41707122,0.24008414,-0.2996002,-0.45937067,-0.044028725,0.23694688,0.34613866,-0.84303397,0.3421597,-0.1998202,-0.33342135,-0.12024106,-0.085578226,0.3209641,0.017645117,0.9178077,0.2652587,0.19164799,0.092403606,0.35639212,0.23426874,0.3063491,-0.032397926,0.25974938,0.08528739,0.07472785,0.71266186,-0.26248878,-0.021838386,0.13272882,0.13142799,-0.05236923,-0.24833289,0.054297436,-0.32546344,-0.15712294,0.21636343,0.33863986,-0.48722336,0.34193015,-0.1598776,0.75053847,0.7340105,0.7016432,-0.26095843,-0.089863256,-0.40274704,0.017032968,0.0761817,0.017492078,-0.20456435,0.53468,-0.36119753,0.032107096,-0.34765378,0.073274,0.86891246,-0.3473477,-0.23899764,0.74831945,0.1260717,0.077176444,0.08773598,-0.28544432,0.009075054,0.011370606,0.22118409,-0.63222575,-0.3518623,0.14543086,-0.005539963,0.0057082437,-0.21795508,0.20756382,-0.2833783,-0.14939457,0.0836805,-0.22866765,-0.046094723,-0.011202325,0.06179624,-0.33089626,0.5507489,-0.32898328,-0.07670209,-0.76689816,-0.2940909,0.3625901,0.3168321,-0.19385177,0.80578476,0.37299663,0.42533523,-0.65586996,0.40429264,0.021547556,-0.31299093,-0.86499476,0.30611953,-0.028112894,0.13670777,0.29816163,-0.5990168,0.41768336,0.3283864,-0.11029367,-0.59641516,-0.7200689,0.23794162,0.16058151,-0.45937067,-0.42991108,-0.26562604,0.09217405,-0.06736684,-0.22912677,0.11138017,0.28844377,-0.4872999,-0.065071285,-0.321561,0.2814806,-0.502221,-0.22208707,-0.09185273,-0.035305627,-0.28590342,-0.62595123,-0.5199733,-0.27503783,-0.06048018,0.10380485,-0.6942822,0.06263794,-0.027959857,0.04060064,0.61380005,-0.036759473,0.19455568,0.2665595,-0.40565473,-0.030484965,-0.28682163,0.17932852,-0.16117841,0.17764512,0.49948156,-0.011125807,0.06707601,0.01649734,-0.034923032,0.17986415,-0.39739075,-0.048772864,0.15606692,-0.19385177,-0.3020488,-0.91564995,0.37406787,-0.21037975,-0.0013314503,-0.3763482,0.06133713,0.34866378,0.052920103,0.21934766,0.19470872,-0.21527693,0.24192058,-0.22124536,-0.86277574,-0.124602616,-0.22981542,0.2890559,0.3185155,0.20679863,-0.036300365,0.0036422466,-0.25858635,-0.34489912,0.1871334,0.2847709,-0.048007682,0.07771207,-0.05872026,0.029811544,-0.06308181,-0.23318224,-0.040661912,0.6205337,0.2502611,-0.51071453,0.042207528,-0.056654263,0.08773598,0.35486177,-0.67155623,0.2511028,-0.04173317,-0.5264008,0.0329488,-0.17104928,0.24008414,-0.17464565,-0.0059990734,0.11604779,0.15698515,0.16448395,0.059347652,0.422351,-0.21979152,-0.08902155,-0.12368439,0.40567,0.13135147,-0.08971021,0.009840238,0.50843424,-0.5951908,0.3387164,0.06799423,-0.4437609,0.30535436,-0.035382144,0.29242274,-0.36793116,0.35991198,-0.3136031,0.09232709,-0.12942328,0.40521088,-0.25437784,-0.54384696,0.59880245,-0.63008326,-0.21053278,-0.043569613,-0.333957,-0.29217795,0.04817596,0.669582,0.021394517,-0.49870113,-0.0071468498,0.030653246,0.109773286,0.49795118,-0.05060931,-0.0422688,-0.3830053,-0.10906938,0.018792892,-0.15773508,-0.6997915,-0.057878558,0.3354261,-0.31214923,-0.5664199,-0.0040095947,-0.27197707,-0.011355362,-0.061857514,0.6772338,-0.21550648,0.24559347,-0.04907894,-0.39211097,0.039529383,0.13907984,0.090031534,-0.13653949,-0.3526275,0.09148538,-0.3057982,-0.13118319,-0.31138405,-0.508572,-0.2267547,0.5374347,-0.30181926,-0.26730946,0.18315445,0.036774717,0.042131007,0.09385745,0.40398657,-0.1050139,-0.38537735,-0.43350744,0.32808033,-0.019083722,0.14994545,0.5370521,0.11199232,0.03998849,-0.04272791,0.1738192,0.44010326,0.0042543937,0.2598259,-0.17403351,-0.013574396,0.23855378,-0.56932765,0.59421134,-0.18765378,-0.3028905,-0.11572648,-0.50964326,-0.2982994,0.3209641,-0.93470305,-0.010666696,0.08536391,-0.0713458,-0.18757726,0.4863969,0.029888062,-0.47620472,-0.0024792266,-0.1395237,0.31315923,0.46627256,0.08215014,0.102350995,0.1119158,0.8100698,0.47614345,-0.39708468,-0.54874414,0.2357991,0.4476786,0.40544042,-0.25981066,-0.2126753,-0.38315833,-0.013803951,0.28622475,0.1817771,-0.37894982,-0.009442402,-0.5384907,-0.07417698,-0.060862776,0.010911495,0.3596059,-0.12972935,0.059577204,-0.04770161,0.29571304,0.32165277,-0.33839506,0.01022283,0.05513914,0.20105974,0.16532566,0.07954851,-0.022297496,0.12867333,-0.28383744,0.018945929,-0.08817985,-0.26776856,0.1750435,-0.36494693,-0.3319675,-0.1050139,-0.31972456,0.011829717,-0.47597516,0.03478524,0.0628675,0.04633952,-0.3194185,0.12408223,-0.0646887,0.18973503,-0.039284583,0.339252,-0.5256356,0.21468003,0.114364386,0.16624387,0.42770728,0.036086053,-0.2782516,0.103116184,0.16915157,0.15101671,0.031724505,-0.12988238,-0.22989194,0.051389735,0.20205449,0.79461306,0.156373,-0.34757727,-0.43235967,0.037157312,0.26587084,0.85184884,0.64280057,-0.4374864,-0.050915383,-0.3706093,-0.36716598,0.2680899,-0.021761866,0.2058804,0.00027543638,-0.037830733,-0.0210732,0.07426874,0.55380964,0.12798467,0.20978285,0.252021,0.11558869,-0.09529606,-0.35630035,0.056133877,-0.16768248,-0.029490227,0.1148235,-0.4162908,-0.2500163,-0.40205836,0.043814413,0.33435482,0.17320704,0.35057673,-0.49579343,-0.30480346,-0.10049931,-0.2496337,0.27956763,-0.01579343,-0.0091363285,0.52565086,0.16371876,-0.10983456,-0.20280443,0.6208398,-0.26279485,-0.13271357,-0.028495487,0.47706166,0.19884072,0.034938276,0.07388615,-0.07662557,-0.4498824,0.22026587,-0.5245643,-0.38813204,-0.2720536,-0.4068025,-0.28689817,0.55641127,0.02851073,0.2025136,-0.18168534,0.008922017,0.2295246,0.32578477,-0.103560045,0.2527862,-0.22147492,-0.31964806,0.3952635,-0.16500433,-0.21787855,-0.3178881,0.025067402,-0.34160882,-0.3627279,0.15530173,0.018180745,-0.17541084,-0.3552291,0.3761339,0.39641127,0.019940669,-0.22836158,-0.30725205,-0.34673557,-0.2072425,0.34391963,0.2129201,0.18828118,-0.5580794,0.36174843,0.2120784,0.5235083,0.17297749,0.16088758,-0.47253183,-0.57407176,0.60852027,-0.48416263,0.31354183,-0.4124649,0.21973024,-0.057878558,0.33611473,0.1343357,0.5228962,0.23832421,-0.17564039,-0.28192446,0.29540694,0.3400937,0.041212786,0.096153006,-0.08863896,0.03631561,-0.31674033,0.0936279,0.047028188,0.19325487,-0.39991587,0.116200835,0.4074299,0.15545477,-0.23142232,0.36932373,-0.49885416,0.37911808,-0.6225079,-0.54185754,0.0944696,0.4560956,0.13410614,0.24207363,0.30619603,-0.277869,-0.23563083,-0.4666399,0.18407266,0.31951025,-0.086955555,-0.5613697,0.17611475,-0.29638645,-0.38989195,0.3741444,-0.2696815,-0.35584125,-0.025205195,0.07059586,0.19776946,-0.3917284,0.559625,-0.16324441,0.059653725,-0.38002107,-0.07341179,0.45158103,-0.40971023,0.2399311,0.20243709,-0.23654905,0.26258054,0.098065965,0.11987372,0.14191101,-0.36295748,0.2794146,0.49160016,-0.1519197,0.058582466,-0.27947587,0.021700593,0.21865898,0.38791773,0.08375702,-0.056501225,0.27826682,0.66904634,0.45012718,0.013513122,-0.62763464,-0.20678338,-0.19806029,0.0062438725,-0.14778769,0.26074412,0.10969677,0.2079464,-0.21841419,-0.18505216,-0.063387886,-0.69328743,0.014813934,-0.34757727,0.36779338,0.008845499,0.43306357,0.08873072,-0.06790247,0.13066281,-0.20119755,0.38631082,0.14726731,-0.16745292,-0.3631105,-0.17250314,-1.0122927,-0.0297963,-0.10616168,-0.08427741,0.19845812,0.38898897,0.08498132,-0.13057105,0.2640344,-0.22751987,-0.2874338,0.2732166,0.07296793,0.31025153,0.06546912,0.069371566,0.122092746,-0.47926545,0.17458437,-0.1523788,0.20113626,-0.41552562,0.044120487,0.18958199,0.17703296,0.06914201,0.37223142,0.07426874,-0.2758795,0.4414806,-0.17916024,-0.029031115,0.20358486,-0.48661122,0.05116018,-0.6365108,0.2653352,0.022389257,0.09018457,0.039452862,-0.050379753,0.25148538,0.15063411,-0.018777648,-0.057955075,-0.17227358,-0.105396494,0.03095932,0.4103376,0.7060813,-0.17602299,-0.14648688,-0.03806029,-0.11358396,0.46344137,0.06585172,0.3612893,0.07273837,0.28293446,-0.12613298,-0.5058939,1.2904524,-0.23830897,-0.79161364,0.7397494,0.0898785,0.62749684,-0.00423915,-0.94931805,0.6522123,-0.9132014,-0.08527215,-0.8491555,0.8112941,-0.4217236,-0.0030148553,0.19447917,-0.51545864,0.1011267,-0.3230914,0.30657864,0.54447436,0.21269055,-0.114502184,-0.60881114,-0.23027454,0.18078238,-0.25575516,-0.64875376,0.06776468,-0.38981542,-0.3459704,0.9372434,-0.163627,0.4706341,-0.9084572,-0.4017523,0.11444091,0.92285794,0.72046673,-0.12100625,0.65626776,-0.36173317,-0.9547509,0.60377616,0.024608292,-0.35117364,-0.2031105,-0.25483695,-0.43029368,0.055598248,0.0052491333,-0.4620488,-0.5591507,0.15499566,-1.0158125,-0.2907241,-0.25942805,-0.58356005,-0.685253,0.06317357,0.734087,-0.019007204,-0.10738597,-0.11702729,-0.35079104,-0.37619516,0.7532166,-0.7106571,-0.67499954,-0.7426418,-0.014722172,-0.52578866,-0.40833288,-0.4184333,-0.32286182,0.1601224,-0.15429175,0.67363745,-0.11809855,0.4935131,-0.33418655,-0.44429654,0.4643596,-0.08014541,-0.23769683,0.486856,-0.394177,-0.3918049,0.40023717,0.9057178,0.3026762,-0.25896895,0.63820946,0.9110741,-0.7505232,0.11122713,-0.568639,-0.396396,0.14145191,-0.57843333,0.073656596,-0.09345962,-0.2500928,-0.26738596,-0.45470303,0.44966808,-0.2941674,0.1684629,-0.44957632,0.1958565,-0.30051845,0.5703376,-0.55042756,0.3733792,-0.248792,0.26219797,-0.55723774,0.11099758,-0.53198665,0.015196526,-0.10118798,-0.15628123,0.7128914,0.11574172,-0.07410046,-0.48010716,0.56299186,0.6130349,
0,0,0,0,0,0,0,0,0,0,0,0,0,0,0,0,0,0,0,0,0,0,0,0,0,0,0,0,0,0,0,0,0,0,0,0,0,0,0,0,0,0,0,0,0,0,0,0,0,0,0,0,0,0,0,0,0,0,0,0,1,0,0,0,0,0,0,0,0,0,0,0,0,0,0,0,0,0,0,0,0,0,0,0,0,0,0,0,0,0,0,0,0,0,0,0,0,0,0,0,0,0,0,0,0,0,0,0,0,0,0,0,0,0,0,0,0,0,0,0,0,0,0,0,0,0,0,0,0,0,0,0,0,0,0,0,0,0,0,0,0,0,0,0,0,0,0,0,0,0,0,0,0,0,0,0,0,0,0,0,0,0,0,0,0,0,0,0,0,0,0,0,0,0,0,0,0,0,0,0,0,0,0,0,0,0,0,0,0,0,0,0,0,0,0,0,0,0,0,0,0,0,0,0,0,0,0,0,0,0,0,0,0,0,0,0,0,0,0,0,0,0,0,0,0,0,0,0,0,0,0,0,0,0,0,0,0,0,0,0,0,0,0,0,0,0,0,0,0,0,0,0,0,0,0,0,0,0,0,0,0,0,0,0,0,0,0,0,0,0,0,0,0,0,0,0,0,0,0,0,0,0,0,0,0,0,0,0,0,0,0,0,0,0,0,0,0,0,0,0,0,0,0,0,0,0,0,0,0,0,0,0,0,0,0,0,0,0,0,0,0,0,0,0,0,0,0,0,0,0,0,0,0,1,0,0,0,0,0,0,0,0,0,0,0,0,0,0,0,0,0,0,0,0,0,0,0,0,0,0,0,0,0,0,0,1,0,0,0,0,0,0,0,0,0,0,0,0,0,0,0,0,0,0,0,0,0,0,0,0,0,0,0,0,0,0,0,0,0,0,0,0,0,0,0,0,0,0,0,0,0,0,0,0,0,0,0,0,0,0,0,0,0,0,0,0,0,0,0,0,0,0,0,0,0,0,0,0,0,0,0,0,0,0,0,0,0,0,0,0,0,0,0,0,0,0,0,0,0,0,0,0,0,0,0,0,0,0,0,0,0,0,0,0,0,0,0,0,0,0,0,0,0,0,0,0,0,0,0,0,0,0,0,0,0,0,0,0,0,0,0,0,0,0,0,0,0,0,0,0,0,0,0,0,0,0,0,0,0,0,0,0,0,0,0,0,0,0,0,0,0,0,0,0,0,0,1,0,0,0,0,0,0,0,0,0,0,0,0,0,0,0,0,0,0,0,0,0,0,0,0,0,0,0,0,0,0,0,0,0,0,0,0,0,0,0,0,0,0,0,0,0,0,0,0,0,0,0,0,0,0,0,0,0,0,0,0,0,0,0,0,0,0,0,0,0,0,0,0,0,0,0,0,0,0,0,0,0,0,0,0,0,0,0,0,0,0,0,0,0,0,0,0,0,0,0,0,0,0,0,0,0,0,0,0,0,0,0,0,0,0,0,0,0,0,0,0,0,0,0,0,0,0,0,0,0,0,0,0,0,0,0,0,0,0,0,0,0,0,0,0,0,0,0,0,0,0,0,0,0,0,0,0,0,0,0,0,0,0,0,0,0,0,0,0,0,0,0,0,0,0,0,0,0,0,0,0,0,0,0,0,0,0,0,0,0,0,0,0,0,0,0,0,0,0,0,0,0,0,0,0,0,0,0,0,0,0,0,0,0,0,0,0,0,0,0,0,0,0,0,0,0,0,0,0,0,0,0,0,0,0,0,0,0,0,0,0,0,0,0,0,0,0,0,0,0,0,0,0,0,0,0,0,0,0,0,0,0,0,0,0,0,0,0,0,0,0,0,0,0,0,0,0,0,0,0,0,0,0,0,0,0,0,0,0,0,0,0,0,0,0,0,0,0,0,0,0,0,0,0,0,0,0,0,0,0,0,0,0,0,0,0,0,0,0,0,0,0,0,0,0,0,0,0,0,0,0,0,0,0,0,0,0,0,0,0,0,0,0,0,0,0,0,0,0,0,0,0,0,0,0,0,0,0,0,0,0,0,0,0,0,0,0,0,0,0,0,0,0,0,0,0,0,0,0,0,0,0,0,0,0,0,0,0,0,0,0,0,0,0,0,0,0,0,0,0,0,0,0,0,0,0,0,0,0,0,0,0,0,0,0,0,0,0,0,0,0,0,0,0,0,0,0,0,0,0,0,0,0,0,0,0,0,0,0,0,0,0,0,0,0,0,0,0,0,0,0,0,0,0,0,0,0,0,0,0,0,0,0,0,0,0,0,0,0,0,0,0,0,0,0,0,0,0,0,0,0,0,0,0,0,0,0,0,0,0,0,0,0,0,0,0,0,0,0,0,0,0,0,0,0,0,0,0,0,0,0,0,0,0,0,0,0,0,0,0,0,0,0,0,0,0,0,0,0,0,0,0,0,0,0,0,0,0,0,0,0,0,0,0,0,0,0,0,0,0,0,0,0,0,0,0,0,0,0,0,0,0,0,0,0,0,0,0,0,0,0,0,0,0,0,0,0,0,0,0,0,0,0,0,0,0,0,0,0,0,0,0,0,0,0,0,0,0,0,0,0,0,0,0,0,0,0,0,0,0,0,0,0,0,0,0,0,0,0,0,0,0,0,0,0,0,0,0,0,0,0,0,0,0,0,0,0,0,0,0,0,0,0,0,0,0,0,0,0,0,0,0,0,0,0,0,0,0,0,0,0,0,0,0,0,0,0,0,0,0,0,0,0,0,0,0,0,0,0,0,0,0,0,0,0,0,0,0,0,0,0,0,0,0,0,0,0,0,0,0,0,0,0,0,0,0,0,0,0,0,0,0,0,0,0,0,0,0,0,0,0,0,0,0,0,0,0,0,0,0,0,0,0,0,0,0,0,0,0,0,0,0,0,0,0,0,0,0,0,0,0,0,0,0,0,0,0,0,0,0,0,0,0,0,0,0,0,0,0,0,0,0,0,0,0,0,0,0,0,0,0,0,0,0,0,0,0,0,0,0,0,0,0,0,0,0,0,0,0,0,0,0,0,0,0,0,0,0,0,0,0,0,0,0,0,0,0,0,0,0,0,0,0,0,0,0,0,0,0,0,0,0,0,0,0,0,0,0,0,0,0,0,0,0,0,0,0,0,0,0,0,0,0,0,0,0,0,0,0,0,0,0,0,0,0,0,0,0,0,0,0,0,0,0,0,0,0,0,0,0,0,0,0,0,0,0,0,0,0,0,0,0,0,0,0,0,0,0,0,0,0,0,0,0,0,0,0,0,0,0,0,0,0,0,0,0,0,0,0,0,0,0,0,0,0,0,0,0,0,0,0,0,0,0,0,0,0,0,0,0,0,0,0,0,0,0,0,0,0,0,0,0,0,0,0,0,0,0,0,0,0,0,0,0,0,0,0,0,0,0,0,0,0,0,0,0,0,0,0,0,0,0,0,0,0,0,0,0,0,0,0,0,0,0,0,0,0,0,0,0,0,0,0,0,0,0,0,0,0,0,0,0,0,0,0,0,0,0,0,0,0,0,0,0,0,0,0,0,0,0,0,0,0,0,0,0,0,0,0,0,0,0,0,0,0,0,0,0,0,0,0,0,0,0,0,0,0,0,0,0,0,0,0,0,0,0,0,0,0,0,0,0,0,0,0,0,0,0,0,0,0,0,0,0,0,0,0,0,0,0,0,0,0,0,0,0,0,0,0,0,0,0,0,0,0,0,0,0,0,0,0,0,0,0,0,0,0,0,0,0,0,0,0,0,0,0,0,0,0,0,0,0,0,0,0,0,0,0,0,0,0,0,0,0,0,0,0,0,0,0,0,0,0,0,0,0,0,0,0,0,0,0,0,0,0,0,0,0,0,0,0,0,0,0,0,0,0,0,0,0,0,0,0,0,0,0,0,0,0,0,0,0,0,0,0,0,0,0,0,0,0,0,0,0,0,0,0,0,0,0,0,0,0,0,0,0,0,0,0,0,0,0,0,0,0,0,0,0,0,0,0,0,0,0,0,0,0,0,0,0,0,0,0,0,0,0,0,0,0,0,0,0,0,0,0,0,0,0,0,0,0,0,0,0,0,0,0,0,0,0,0,0,0,0,0,0,0,0,0,0,0,0,0,0,0,0,0,0,0,0,0,0,0,0,0,0,0,0,0,0,0,0,0,0,0,0,0,0,0,0,0,0,0,0,0,0,0,0,0,0,0,0,0,0,0,0,0,0,0,0,0,0,0,0,0,0,0,0,0,0,0,0,0,0,0,0,0,0,0,0,0,0,0,0,0,0,0,0,0,0,0,0,0,0,0,0,0,0,0,0,0,0,0,0,0,0,0,0,0,0,0,0,0,0,0,0,0,0,0,0,0,0,0,0,0,0,0,0,0,0,0,0,0,0,0,0,0,0,0,0,0,0,0,0,0,0,0,0,0,0,0,0,0,0,0,0,0,0,0,0,0,0,0,0,0,0,0,0,0,0,0,0,0,0,0,0,0,0,0,0,0,0,0,0,0,0,0,0,0,0,0,0,0,0,0,0,0,0,0,0,0,0,0,0,0,0,0,0,0,0,0,0,0,0,0,0,0,0,0,0,0,0,0,0,0,0,0,0,0,0,0,0,0,0,0,0,0,0,0,0,0,0,0,0,0,0,0,0,0,0,0,0,0,0,0,0,0,0,0,0,0,0,0,0,0,0,0,0,0,0,0,0,0,0,0,0,0,0,0,0,0,0,0,0,0,0,0,0,0,0,0,0,0,0,0,0,0,0,0,0,0,0,0,0,0,0,0,0,0,0,0,0,0,0,0,0,0,0,0,0,0,0,0,0,0,0,0,0,0,0,0,0,0,0,0,0,0,0,0,0,0,0,0,0,0,0,0,0,0,0,0,0,0,0,0,0,0,0,0,0,0,0,0,0,0,0,0,0,0,0,0,0,0,0,0,0,0,0,0,0,0,0,0,0,0,0,0,0,0,0,0,0,0,0,0,0,0,0,0,0,0,0,0,0,0,0,0,0,0,0,0,0,0,0,0,0,0,0,0,0,0,0,0,0,0,0,0,0,0,0,0,0,0,0,0,0,0,0,0,0,0,0,0,0,0,0,0,0,0,0,0,0,0,0,0,0,0,0,0,0,0,0,0,0,0,0,0,0,0,0,0,0,0,0,0,0,0,0,0,0,0,0,0,0,0,0,0,0,0,0,0,0,0,0,0,0,0,0,0,0,0,0,0,0,0,0,0,0,0,0,0,0,0,0,0,0,0,0,0,0,0,0,0,0,0,0,0,0,0,0,0,0,0,0,0,0,0,0,0,0,0,0,0,0,0,0,0,0,0,0,0,0,0,0,0,0,0,0,0,0,0,0,0,0,0,0,0,0,0,0,0,0,0,0,0,0,0,0,0,0,0,0,0,0,0,0,0,0,0,0,0,0,0,0,0,0,0,0,0,0,0,0,0,0,0,0,0,0,0,0,0,0,0,0,0,0,0,0,0,0,0,0,0,0,0,0,0,0,0,0,0,0,0,0,0,0,0,0,0,0,0,0,0,0,0,0,0,0,0,0,0,0,0,0,0,0,0,0,0,0,0,0,0,0,0,0,0,0,0,0,0,0,0,0,0,0,0,0,0,0,0,0,0,0,0,0,0,0,0,0,0,0,0,0,0,0,0,0,0,0,0,0,0,0,0,0,0,0,0,0,0,0,0,0,0,0,0,0,0,0,0,0,0,0,0,0,0,0,0,0,0,0,0,0,0,0,0,0,0,0,0,0,0,0,0,0,0,0,0,0,0,0,0,0,0,0,0,0,0,0,0,0,0,0,0,0,0,0,0,0,0,0,0,0,0,0,0,0,0,0,0,0,0,0,0,0,0,0,0,0,0,0,0,0,0,0,0,0,0,0,0,0,0,0,0,0,0,0,0,0,0,0,0,0,0,0,0,0,0,0,0,0,0,0,0,0,0,0,0,0,0,0,0,0,0,0,0,0,0,0,0,0,0,0,0,0,0,0,0,0,0,0,0,0,0,0,0,0,0,0,0,0,0,0,0,0,0,0,0,0,0,0,0,0,0,0,0,0,0,0,0,0,0,0,0,0,0,0,0,0,0,0,0,0,0,0,0,0,0,0,0,0,0,0,0,0,0,0,0,0,0,0,0,0,0,0,0,0,0,0,0,0,0,0,0,0,0,0,0,0,0,0,0,0,0,0,0,0,0,0,0,0,0,0,0,0,0,0,0,0,0,0,0,0,0,0,0,0,0,0,0,0,0,0,0,0,0,0,0,0,0,0,0,0,0,0,0,0,0,0,0,0,0,0,0,0,0,0,0,0,0,0,0,0,0,0,0,0,0,0,0,0,0,0,0,0,0,0,0,0,0,0,0,0,0,0,0,0,0,0,0,0,0,0,0,0,0,0,0,0,0,0,0,0,0,0,0,0,0,0,0,0,0,0,0,0,0,0,0,0,0,0,0,0,0,0,0,0,0,0,0,0,0,0,0,0,0,0,0,0,0,0,0,0,0,0,0,0,0,0,0,0,0,0,0,0,0,0,0,0,0,0,0,0,0,0,0,0,0,0,0,0,0,0,0,0,0,0,0,0,0,0,0,0,0,0,0,0,0,0,0,0,0,0,0,0,0,0,0,0,0,0,0,0,0,0,0,0,0,0,0,0,0,0,0,0,0,0,0,0,0,0,0,0,0,0,0,0,0,0,0,0,0,0,0,0,0,0,0,0,0,0,0,0,0,0,0,0,0,0,0,0,0,0,0,0,0,0,0,0,0,0,0,0,0,0,0,0,0,0,0,0,0,0,0,0,0,0,0,0,0,0,0,0,0,0,0,0,0,0,0,0,0,0,0,0,0,0,0,0,0,0,0,0,0,0,0,0,0,0,0,0,0,0,0,0,0,0,0,0,0,0,0,0,0,0,0,0,0,0,0,0,0,0,0,0,0,0,0,0,0,0,0,0,0,0,0,0,0,0,0,0,0,0,0,0,0,0,0,0,0,0,0,0,0,0,0,0,0,0,0,0,0,0,0,0,0,0,0,0,0,0,0,0,0,0,0,0,0,0,0,0,0,0,0,0,0,0,0,0,0,0,0,0,0,0,0,0,0,0,0,0,0,0,0,0,0,0,0,0,0,0,0,0,0,0,0,0,0,0,0,0,0,0,0,0,0,0,0,0,0,0,0,0,0,0,0,0,0,0,0,0,0,0,0,0,0,0,0,0,0,0,0,0,0,0,0,0,0,0,0,0,0,0,0,0,0,0,0,0,0,0,0,0,0,0,0,0,0,0,0,0,0,0,0,0,0,0,0,0,0,0,0,0,0,0,0,0,0,0,0,0,0,0,0,0,0,0,0,0,0,0,0,0,0,0,0,0,0,0,0,0,0,0,0,0,0,0,0,0,0,0,0,0,0,0,0,0,0,0,0,0,0,0,0,0,0,0,0,0,0,0,0,0,0,0,0,0,0,0,0,0,0,0,0,0,0,0,0,0,0,0,0,0,0,0,0,0,0,0,0,0,0,0,0,0,0,0,0,0,0,0,0,0,0,0,0,0,0,0,0,0,0,0,0,0,0,0,0,0,0,0,0,0,0,0,0,0,0,0,0,0,0,0,0,0,0,0,0,0,0,0,0,0,0,0,0,0,0,0,0,0,0,0,0,0,0,0,0,0,0,0,0,0,0,0,0,0,0,0,0,0,0,0,0,0,0,0,0,0,0,0,0,0,0,0,0,0,0,0,0,0,0,0,0,0,0,0,0,0,0,0,0,0,0,0,0,0,0,0,0,0,0,0,0,0,0,0,0,0,0,0,0,0,0,0,0,0,0,0,0,0,0,0,0,0,0,0,0,0,0,0,0,0,0,0,0,0,0,0,0,0,0,0,0,0,0,0,0,0,0,0,0,0,0,0,0,0,0,0,0,0,0,0,0,0,0,0,0,0,0,0,0,0,0,0,0,0,0,0,0,0,0,0,0,0,0,0,0,0,0,0,0,0,0,0,0,0,0,0,0,0,0,0,0,0,0,0,0,0,0,0,0,0,0,0,0,0,0,0,0,0,0,0,0,0,0,0,0,0,0,0,0,0,0,0,0,0,0,0,0,0,0,0,0,0,0,0,0,0,0,0,0,0,0,0,0,0,0,0,0,0,0,0,0,0,0,0,0,0,0,0,0,0,0,0,0,0,0,0,0,0,0,0,0,0,0,0,0,0,0,0,0,0,0,0,0,0,0,0,0,0,0,0,0,0,0,0,0,0,0,0,0,0,0,0,0,0,0,0,0,0,0,0,0,0,0,0,0,0,0,0,0,0,0,0,0,0,0,0,0,0,0,0,0,0,0,0,0,0,0,0,0,0,0,0,0,0,0,0,0,0,0,0,0,0,0,0,0,0,0,0,0,0,0,0,0,0,0,0,0,0,0,0,0,0,0,0,0,0,0,0,0,0,0,0,0,0,0,0,0,0,0,0,0,0,0,0,0,0,0,0,0,0,0,0,0,0,0,0,0,0,0,0,0,0,0,0,0,0,0,0,0,0,0,0,0,0,0,0,0,0,0,0,0,0,0,0,0,0,0,0,0,0,0,0,0,0,0,0,0,0,0,0,0,0,0,0,0,0,0,0,0,0,0,0,0,0,0,0,0,0,0,0,0,0,0,0,0,0,0,0,0,0,0,0,0,0,0,0,0,0,0,0,0,0,0,0,0,0,0,0,0,0,0,0,0.87542033,0.86517197,-0.20881495,1.1105576,-0.4112202,-0.9201875,0.076256946,0.44347262,-0.32588685,-0.6435339,-0.072919525,0.25440073,0.4519955,0.53042686,-0.8679522,-0.6152463,-0.10455351,0.26553798,0.29210007,1.1801001,-0.5723182,-0.9669326,-0.96745545,-0.05080188,0.7642047,0.29094976,0.36974713,0.8844138,-0.9870633,-0.98356,0.07489747,-0.6767888,1.1793158,0.06810008,-0.8355339,-0.61210907,-0.9093117,-0.6238215,-0.20698489,1.1584008,-0.4069326,-0.6219914,1.0102178,0.05518505,0.23793015,0.42224386,0.03437459,0.63191706,0.57978636,-0.3290241,0.5312635,0.6039432,-1.1759783,-1.003534,-0.12170384,0.43468833,0.3910282,-0.11443587,0.381721,0.94213927,0.49785173,0.5974073,0.40430924,1.1482047,0.43254453,-0.1050241,0.97691053,1.2647014,-0.13352083,-0.6445274,0.1442308,0.19620466,-0.9584097,1.0958126,-0.17488031,0.5833419,0.06647917,-0.4440045,-0.6098607,-0.6503836,-1.0977561,0.5683877,0.32932884,0.13298897,-0.39908946,-0.1294947,-0.4936777,0.8948713,-0.07788685,-0.74946856,-0.12677574,1.0225053,-0.30617443,0.32326347,-0.7703836,0.05779943,-0.45639664,0.07505433,-0.3475339,0.12640074,0.5144269,0.27332884,1.3129106,-1.0180175,-0.9352986,-0.91804373,-0.897181,0.47803473,-1.2095993,0.84279287,0.90135497,-0.77969074,-0.7280306,0.5960478,0.23500204,0.07547263,0.293721,0.024387663,-1.0840045,0.080544524,-0.4970764,-0.63872343,-0.593913,0.18966872,0.15008701,1.414087,0.3540086,0.69591707,-0.05482802,-0.46230516,1.1441785,0.58355105,0.0958125,0.5460086,0.31829616,0.3607537,-0.12897182,-0.18073653,0.64587784,0.040439952,0.15458374,-0.7328411,-0.2912202,0.52080595,0.34193015,-0.9113509,0.1910282,0.6633942,-0.72552085,0.15735498,0.3433942,-1.3069588,-0.9192986,-0.8259653,0.78783864,1.201172,-0.22167769,-0.25603065,-0.37916788,-0.10722018,-0.055664625,0.2044138,-0.21932475,-1.0558738,-0.51882803,0.22522427,0.098531455,-0.23574306,-0.44708946,-0.4148803,0.030034723,0.87740725,-0.4456777,-0.3631156,-0.44803065,-1.220266,-0.68274957,0.08650531,0.4739563,0.18914583,0.51280594,0.361538,0.0057209968,-0.326096,-0.89733785,-0.14099796,0.81696284,-0.4346973,1.2580086,-0.68630517,0.63238764,0.51045305,-0.07182149,-0.0007626634,0.47259682,-0.2679522,0.93565565,-0.20107639,0.1598125,-0.48808292,-0.7083705,-1.1865405,-0.38523325,-0.7434032,0.2389759,0.4170674,0.44143343,-0.037729982,0.28159028,-0.4002398,0.72624385,-0.25728554,0.04326348,-0.055821486,-0.31187376,-0.63156,-0.117050245,0.20603472,-0.031664625,0.11840074,-0.40719405,0.10119812,0.2511589,0.7521785,0.6253811,-0.49012214,0.35798243,-0.45310253,-0.31919405,0.54951185,0.36802164,-0.3917692,0.37638766,0.5274465,-0.4279522,0.42616543,0.08227002,-0.4221483,-0.5760306,0.44195628,-0.20039666,-0.061468545,0.8658517,0.06611315,0.005198121,0.028413808,-0.5228019,-0.2831679,-0.17174305,-1.0865144,0.04765564,0.1316295,0.61607397,-0.55903715,-0.41765156,0.59542036,0.2554465,0.24425694,0.119446486,-0.18413521,-0.42282802,0.09968178,0.42067525,-0.1677169,0.58783865,-0.76886725,0.36143342,0.5138517,-0.4524228,0.1269236,0.13607393,0.29774714,0.032387663,0.19908047,0.48796937,0.040439952,0.4810674,-1.0760045,0.79928964,0.30705434,1.2576425,-0.05033129,-0.17503718,1.045355,-0.05603064,-0.1690241,0.5185576,-0.7994032,0.3261393,-0.06094567,0.70313275,-0.66063195,0.39170793,-0.68975616,-0.05812214,0.2633419,0.56415236,-0.22010908,-0.0465143,-0.43448815,-0.11840972,0.77142036,-0.7156908,-0.29927248,0.36938113,0.39845303,-0.22894567,0.4714988,0.018060867,0.3290674,-0.09393913,0.65947264,-0.14674959,-0.06408293,-0.062148284,-0.8018084,-0.4418084,0.27887133,-0.36159927,1.105904,-0.00970384,0.36357722,0.2010674,-0.099952206,0.15364257,0.3758125,0.11322427,0.3972504,0.4549236,-0.21022671,0.9121785,1.0548713,-0.6708803,-0.06821364,0.10710662,0.26245302,-0.04384763,0.15186478,0.8760478,0.20870139,-0.47736397,-0.5189326,-0.5165796,0.07395629,-0.36071038,0.9021916,-0.72238356,-0.78643584,-0.2166058,0.48514584,-0.65848815,0.074949756,-0.6529457,-0.09378227,0.13638766,0.8276818,-0.19380842,-1.5525012,0.97774714,0.18041381,0.18867524,0.5162569,0.2136687,0.35353798,0.10642688,0.41053146,-1.039194,-0.18674959,-0.9401091,-1.107743,0.34370792,0.80843997,-0.36933783,0.29309353,0.57272756,-0.10988685,-0.446096,0.86360335,0.43149877,-0.34371692,-0.14925939,-0.2619914,-0.6852594,-0.024135213,-0.18549469,0.36342034,-0.17017443,-0.61916786,0.20331576,-0.846462,-0.098383576,0.064753674,-0.59908944,-0.45806986,-0.6881352,-0.32290646,-0.8021221,-0.33472344,-0.18554698,0.2637602,-0.9155339,-0.13059273,-0.6224097,0.3989236,-0.6291548,0.15923734,-0.27406985,0.6081262,0.4807537,0.5260347,0.8849367,-0.22167769,0.26020464,0.66768175,0.6221916,-0.11558619,-0.15840973,-0.9808411,-0.24661887,-0.8574947,-0.12750776,0.6532504,0.27698898,-0.033546977,0.33011314,0.35280597,0.95280594,-0.06638358,-0.37571692,-0.9238476,-0.33644894,-0.12593913,0.115315765,-0.52656657,0.15076675,-0.27835745,0.54909354,-0.043115605,0.33492362,-0.286462,0.19076675,-0.34873652,-0.18209599,-0.11532476,0.36514583,-0.20792606,0.10569485,-0.46648815,-0.42633128,0.6688844,0.19060989,-0.6422267,-0.021259395,-0.0021221405,-0.22774306,0.1408844,0.7755511,0.13351184,0.2924138,-0.55699795,0.501355,0.18219158,0.18062295,0.4149759,-0.36473653,-0.14157312,0.62475365,0.67066216,-0.1294947,-0.63396525,0.7365968,0.28833538,0.09617852,0.5909236,0.13445303,-0.39992607,0.77257067,-0.64829206,0.6505315,0.51667523,-0.035533905,0.050322305,0.8970674,-0.22810906,0.017694853,-0.62606984,0.4131981,-0.16274959,0.38559029,-0.5403182,-0.36457965,-0.11867116,-1.0970241,0.7627406,-0.054984886,0.91913277,-0.5994555,-0.5821483,-0.6848411,-0.04295874,0.42308047,0.09481904,0.7185576,-0.03715482,-0.23877573,0.058949754,-1.0786189,0.62370795,-0.30905023,-0.41587377,1.2400217,0.035577204,1.2014334,0.1269759,0.5895119,-0.689913,-0.2675339,0.04368178,0.137904,0.38877982,0.7076295,0.3294857,-0.2788803,0.20179942,0.43751183,-0.122279,-0.09540319,0.75793016,-0.7534947,0.44200858,0.38030922,-0.36489338,-0.5043967,0.5185576,-0.7054424,-0.021311684,0.54004776,-0.38429207,0.38109353,0.1118125,0.64253145,-0.29017442,-0.02246201,0.653355,0.24624388,-0.76614827,-0.15563849,-0.7739914,0.13168178,-0.20165156,0.24347264,-0.03412214,-0.23396528,0.3783223,-0.18183456,-0.99997836,0.24964257,-0.11605678,0.6968582,0.897172,-0.42392606,0.5498779,0.14851838,0.16331577,0.13183865,-1.2551941,0.053564135,0.06616544,-0.049651552,0.10600858,0.3037602,0.21894975,0.19411315,-0.046984885,0.2727537,0.4077602,0.55165565,0.1589759,-0.3496254,0.74313277,0.40891054,-0.06230515,0.06391708,-1.1547496,-0.47820058,0.2974857,-0.13257965,0.8157602,0.43217853,-0.42010906,0.64049226,-0.36159927,0.60624385,0.17549877,0.5651981,0.20854452,0.120753676,0.040962826,-0.50068426,0.3754465,0.7581916,0.5792112,0.32807395,0.17006087,-0.35208294,-0.110096,-0.052161355,-0.103821486,-0.61890644,-0.19945547,0.8053027,-1.0113248,-0.4918999,0.87406087,0.4127798,-0.006566585,-0.21399142,0.027629493,-0.95276266,-0.09362541,0.5610674,0.6493811,0.4809628,0.96294975,-0.76170385,-0.6962921,-0.0015469771,-0.56405675,0.10051838,-0.59187376,-1.0490764,0.39928964,-0.5659391,-0.43161234,0.6827406,-0.28071037,0.74663603,0.65962946,0.2254857,0.21544649,0.043838643,-0.72698486,0.33126348,0.22904126,-0.3888411,-0.06690645,-0.035743054,-0.28572997,0.58600855,-0.46272343,-0.5917692,0.12713276,-0.43459272,-0.56620055,-0.36254045,0.051838644,0.61602163,-0.54267114,-0.24159926,-0.60677576,0.33126348,0.4621393,0.0734857,-0.7247365,-0.01770384,-0.24301103,0.7655119,0.13565564,-0.13331169,0.7848582,0.26156414,-0.1530241,0.46480596,0.3201785,-0.3239522,0.62559026,-0.2123705,-0.06831822,-0.077102534,0.5998648,-0.43108946,-0.7756646,0.16817851,-0.016553514,0.28545955,-0.32259274,0.13508047,0.13989092,0.04085825,-0.758462,-0.079664625,-0.0025404412,0.6393942,-0.18423979,0.11693668,0.33126348,-0.963011,0.31155106,-0.18580842,0.4386099,-0.117050245,0.7752373,-0.33038357,-0.40243587,0.15019159,0.43625695,0.9710543,-0.47945547,-0.44243586,0.34396937,0.13298897,0.06606086,0.100832105,-0.703194,1.277355,0.35087132,-0.2398215,-0.07867116,-0.6718215,0.12451838,0.82370794,0.6172243,-0.40708947,-0.5979914,-0.41142932,-0.39610907,-0.10952083,-0.41984764,-0.57796526,-0.17979534,0.49272752,0.20849223,-0.09592606,-0.641913,-0.49378228,0.24556413,-0.19271037,0.18407394,0.85298896,-0.18105024,-0.05984763,0.31327656,-0.5011025,-0.42789993,-0.11391299,-0.18277574,0.03092361,-0.3146973,0.14736806,-0.38763848,0.008230801,-0.015769199,0.4583746,0.361904,-0.37095875,-0.033128675,-0.56604373,0.38700205,-0.25503716,-0.082645014,-0.009965278,-0.30016136,0.13643995,-0.2974424,0.15228309,0.19887133,-0.52139014,-0.026801879,1.1101393,0.5768582,-0.22497182,0.69136804,-0.1677169,-0.06068423,-0.19511561,-0.5189849,-0.2502267,0.18517198,0.059577204,0.42438766,0.3413027,0.13675368,0.28038767,-0.11229207,-0.30387378,0.6681524,0.9221132,-0.44719404,0.15683211,0.45900205,0.15557721,-0.6045796,-0.17221364,0.16294976,0.09858374,-0.092841096,-0.11328554,-0.37639666,0.20347263,0.10443995,-0.26068422,-0.3690764,0.4511589,-0.28478882,-0.09603064,-0.4928411,0.26616544,0.12932885,-0.08928554,0.2613027,0.12446609,0.15285826,0.02491054,-0.3790633,-0.006566585,0.27740726,-0.05728554,0.32451838,0.1050674,-0.2966581,-0.11595221,-0.47124633,0.027577206,0.45617852,-0.051324755,0.6145053,-0.56886727,0.35526347,-0.34967768,0.06742034,-0.09331168,0.27212623,-0.42037052,-0.2945143,0.69021773,-0.84410906,-0.41770384,-0.4242921,-0.60573,-0.020370506,-0.01838358,-0.106697306,0.35108048,0.22093669,0.052204657,0.1719955,-0.48562542,0.10663603,0.014243873,0.35536805,0.28786477,0.25602165,0.15625694,-0.49765155,0.12891054,0.35923734,-0.048919525,0.5426099,0.7498256,-0.6107496,0.39996937,0.2141393,-0.090906456,-0.18983456,0.2419563,-0.1488411,-0.8562398,-0.15835744,0.41356415,0.5293288,-0.32813522,0.01905433,0.5296426,0.013877859,0.44551185,0.60347265,-0.07506332,-0.45880187,0.43087134,-0.56761235,0.53272754,0.2587929,0.37586477,-0.02073652,0.23034845,-0.80416137,-0.1564228,-0.26690644,0.60807395,0.1517602,0.34030923,0.079237334,-0.20065808,-0.5600829,-0.23699796,-0.116684236,-0.29263195,0.4839955,-0.38350776,0.046139296,-0.6250241,-0.11657966,-0.027167892,-0.19982149,-0.1353509,-0.19354698,0.545904,-0.7972594,0.110139295,-0.3298084,-0.4843705,0.30323735,0.69424385,0.6333811,0.68843997,0.10904126,-0.4583836,-0.101573125,-0.10941626,0.4580086,-0.2203705,0.3829759,-0.034697305,-0.10047508,-0.18789992,0.009799428,0.6156033,-0.16651429,0.5299563,-0.08682802,0.21105433,-0.20745547,-0.54152083,-0.16714175,-0.7230633,-0.5042398,-0.4738084,0.32247916,-0.14549468,0.31813928,0.7615903,0.6557602,-0.1450764,-0.036631946,0.49549878,-0.30763847,-0.28003064,-0.31746855,-0.11281495,-0.14052737,-0.3206581,0.10098897,0.7123877,-0.18816136,0.5984007,-0.23516789,0.5230543,-0.34016135,-0.12421364,0.39243996,-0.09179534,-0.41043586,0.22998244,-0.0017038399,0.016230801,0.18925041,-0.28829208,-0.17503718,0.3847014,0.7195511,-0.41503718,0.15636152,-0.7471156,-0.009285539,-0.90915483,0.5834988,-0.3256777,-0.091586195,0.058479168,-0.13681495,-0.35401756,-0.40572998,-0.16206986,-0.004475082,-0.63752085,-0.05665809,0.24812622,-0.7597692,-0.49488032,-0.14706331,-0.11312868,-0.50763845,0.3273942,0.39338112,-0.649913,0.3038125,-0.33482802,0.41194323,0.19317198,-0.25336397,0.60922426,0.49947262,0.18302819,0.20305432,0.29863602,0.03160335,0.26093668,0.28598243,-0.2687365,0.21633537,-0.6258084,-0.57838356,-0.26319402,0.007080474,-0.029311683,0.24749878,-0.29263195,0.28138113,-0.0102790035,-0.11333783,-0.22523326,-0.10722018,0.28326347,0.27871445,-1.1178869,0.23207393,0.0035249183,-1.4020698,1.7722046,-0.86732477,0.26119813,0.37769485,0.5586622,0.115995504,0.34663603,1.2833158,0.42151186,0.18349877,0.9007275,0.6216164,-1.5709064,0.75411314,-0.44844893,-0.8077692,0.111707926,0.16054453,0.18161643,-0.26455352,0.17727655,0.010897467,0.6542439,-0.9050764,0.35976022,0.06783865,-0.5363966,0.16985172,0.7038648,0.5307406,0.7656687,-1.0944097,0.7958909,0.064753674,0.8810151,1.8088583,0.13555107,-0.4758999,0.18700205,-0.07595221,0.22710662,-0.6293117,-0.49142933,-0.03736397,1.1866883,-0.5043967,1.1597602,-0.38272345,-0.4397692,1.0737994,-1.3829849,-0.6123182,-0.73341626,0.113642566,1.4582701,-0.61958617,0.3588713,0.15463603,0.35029617,1.7472112,0.17863603,-0.21932475,0.31217852,-0.37054044,-0.9109849,-1.3680307,0.15406087,-0.3133901,0.2885968,-0.077416256,-0.72667116,-0.6881875,-1.4481353,1.5476295,-0.9643705,-0.060370505,0.40593016,-1.3007888,-0.19720711,-1.0744358,-0.10204371,0.6420609,0.48143342,0.7393681,-0.6048934,0.82647914,-0.26319402,0.14810008,0.645721,0.6652765,-0.6775208,-0.27741626,-1.4526843,-0.26021364,0.43468833,-1.1863836,1.2802308,0.49570793,0.393904,1.5946883,0.47317198,0.26595628,0.8479171,-0.3791156,-0.61137706,1.2131981,0.0065575982,1.511551,-0.65006983,-0.7960045,0.054453023,1.0158125,-1.5244228,-0.26282802,0.69053143,-0.10559926,-1.1874816,-0.6555601,0.58867526,0.8684661,0.34919813,-0.06722018,-1.5426712,0.65602165,
0,0,0,0,0,0,0,0,0,0,0,0,0,0,0,0,0,0,0,0,0,1,0,1,1,0,0,0,0,0,0,0,0,0,0,0,0,0,0,0,0,0,0,0,0,0,0,0,0,0,0,0,0,0,0,0,0,0,0,0,0,0,0,0,0,0,0,0,0,0,0,0,0,0,0,0,0,0,0,0,0,0,0,0,0,0,0,0,0,0,0,0,0,0,0,0,0,0,0,0,0,0,0,0,0,0,0,0,0,0,0,0,0,0,0,1,0,0,0,0,0,0,0,0,0,0,0,0,0,0,0,0,0,0,0,0,0,0,0,0,0,0,0,0,0,0,0,0,0,0,0,0,0,0,0,0,0,0,0,0,0,0,0,0,0,0,0,0,0,0,0,0,0,0,0,0,0,0,0,0,0,0,0,0,0,0,0,0,0,0,0,0,0,0,0,0,0,0,0,0,0,0,0,0,0,0,0,0,0,0,0,0,0,0,0,0,0,0,0,0,0,0,0,0,0,0,0,0,0,0,0,0,0,0,0,0,0,0,0,0,0,0,0,0,0,0,0,0,0,0,0,0,0,0,0,0,0,0,0,0,0,0,0,0,0,0,0,0,0,0,0,0,0,0,0,0,0,0,0,0,0,0,0,0,0,0,0,0,0,0,0,0,0,0,0,0,0,0,0,0,0,0,0,0,0,0,0,0,0,0,0,0,0,0,0,0,0,0,0,0,0,0,0,0,0,0,0,0,0,0,0,0,0,0,0,0,0,0,0,0,0,0,0,0,0,0,0,0,0,0,0,0,0,0,0,0,0,0,0,0,0,0,0,0,0,0,0,0,0,0,0,0,0,0,0,0,0,0,0,0,0,0,0,0,0,0,0,0,0,0,0,0,0,0,0,0,0,0,0,0,0,0,0,0,0,0,0,0,0,0,0,0,0,0,0,0,0,0,0,0,0,0,0,0,0,0,0,0,0,0,0,0,0,0,0,0,0,0,0,0,0,0,0,0,0,0,0,0,0,0,0,0,0,0,0,0,0,0,0,0,0,0,0,0,0,0,0,0,0,0,0,0,0,0,0,0,0,0,0,0,0,0,0,0,0,0,0,0,0,0,0,0,0,0,0,0,0,0,0,0,0,0,0,0,0,0,0,0,0,0,0,0,0,0,0,0,0,0,0,0,0,0,0,0,0,0,0,0,0,0,0,0,0,0,0,0,0,0,0,0,0,0,0,0,0,0,0,0,0,0,0,0,0,0,0,0,0,0,0,0,0,0,0,0,0,0,0,0,0,0,0,0,0,0,0,0,0,0,0,0,0,0,0,0,0,0,0,0,0,0,0,0,0,0,0,0,0,0,0,0,0,0,0,0,0,0,0,0,0,0,0,0,0,0,0,0,0,0,0,0,0,0,0,0,0,0,0,0,0,0,0,0,0,0,0,0,0,0,0,0,0,0,0,0,0,0,0,0,0,0,0,0,0,0,0,0,0,0,0,0,0,0,0,0,0,0,0,0,0,0,0,0,0,0,0,0,0,0,0,0,0,0,0,0,0,0,0,0,0,0,0,0,0,0,0,0,0,0,0,0,0,0,0,0,0,0,0,0,0,0,0,0,0,0,0,0,0,0,0,0,0,0,0,0,0,0,0,0,0,0,0,0,0,0,0,0,0,0,0,0,0,0,0,0,0,0,0,0,0,0,0,0,0,0,0,0,0,0,0,0,0,0,0,0,0,0,0,0,0,0,0,0,0,0,0,0,0,0,0,0,0,0,0,0,0,0,0,0,0,0,0,0,0,0,0,0,0,0,0,0,0,0,0,0,0,0,0,0,0,0,0,0,0,0,0,0,0,0,0,0,0,0,0,0,0,0,0,0,0,0,0,0,0,0,0,0,0,0,0,0,0,0,0,0,0,0,0,0,0,0,0,0,0,0,0,0,0,0,0,0,0,0,0,0,0,0,0,0,0,0,0,0,0,0,0,0,0,0,0,0,0,0,0,0,0,0,0,0,0,0,0,0,0,0,0,0,0,0,0,0,0,0,0,0,0,0,0,0,0,0,0,0,0,0,0,0,0,0,0,0,0,0,0,0,0,0,0,0,0,0,0,0,0,0,0,0,0,0,0,0,0,0,0,0,0,0,0,0,0,0,0,0,0,0,0,0,0,0,0,0,0,0,0,0,0,0,0,0,0,0,0,0,0,0,0,0,0,0,0,0,0,0,0,0,0,0,0,0,0,0,0,0,0,0,0,0,0,0,0,0,0,0,0,0,0,0,0,0,0,0,0,0,0,0,0,0,0,0,0,0,0,0,0,0,0,0,0,0,0,0,0,0,0,0,0,0,0,0,0,0,0,0,0,0,0,0,0,0,0,0,0,0,0,0,0,0,0,0,0,0,0,0,0,0,0,0,0,0,0,0,0,0,0,0,0,0,0,0,0,0,0,0,0,0,0,0,0,0,0,0,0,0,0,0,0,0,0,0,0,0,0,0,0,0,0,0,0,0,0,0,0,0,0,0,0,0,0,0,0,0,0,0,0,0,0,0,0,0,0,0,0,0,0,0,0,0,0,0,0,0,0,0,0,0,0,0,0,0,0,0,0,0,0,0,0,0,0,0,0,0,0,0,0,0,0,0,0,0,0,0,0,0,0,0,0,0,0,0,0,0,0,0,0,0,0,0,0,0,0,0,0,0,0,0,0,0,0,0,0,0,0,0,0,0,0,0,0,0,0,0,0,0,0,0,0,0,0,0,0,0,0,0,0,0,0,0,0,0,0,0,0,0,0,0,0,0,0,0,0,0,0,0,0,0,0,0,0,0,0,0,0,0,0,0,0,0,0,0,0,0,0,0,0,0,0,0,0,0,0,0,0,0,0,0,0,0,0,0,0,0,0,0,0,0,0,0,0,0,0,0,0,0,0,0,0,0,0,0,0,0,0,0,0,0,0,0,0,0,0,0,0,0,0,0,0,0,0,0,0,0,0,0,0,0,0,0,0,0,0,0,0,0,0,0,0,0,0,0,0,0,0,0,0,0,0,0,0,0,0,0,0,0,0,0,0,0,0,0,0,0,0,0,0,0,0,0,0,0,0,0,0,0,0,0,0,0,0,0,0,0,0,0,0,0,0,0,0,0,0,0,0,0,0,0,0,0,0,0,0,0,0,0,0,0,0,0,0,0,0,0,0,0,0,0,0,0,0,0,0,0,0,0,0,0,0,0,0,0,0,0,0,0,0,0,0,0,0,0,0,0,0,0,0,0,0,0,0,0,0,0,0,0,0,0,0,0,0,0,0,0,0,0,0,0,0,0,0,0,0,0,0,0,0,0,0,0,0,0,0,0,0,0,0,0,0,0,0,0,0,0,0,0,0,0,0,0,0,0,0,0,0,0,0,0,0,0,0,0,0,0,0,0,0,0,0,0,0,0,0,0,0,0,0,0,0,0,0,0,0,0,0,0,0,0,0,0,0,0,0,0,0,0,0,0,0,0,0,0,0,0,0,0,0,0,0,0,0,0,0,0,0,0,0,0,0,0,0,0,0,0,0,0,0,0,0,0,0,0,0,0,0,0,0,0,0,0,0,0,0,0,0,0,0,0,0,0,0,0,0,0,0,0,0,0,0,0,0,0,0,0,0,0,0,0,0,0,0,0,0,0,0,0,0,0,0,0,0,0,0,0,0,0,0,0,0,0,0,0,0,0,0,0,0,0,0,0,0,0,0,0,0,0,0,0,0,0,0,0,0,0,0,0,0,0,0,0,0,0,0,0,0,0,0,0,0,0,0,0,0,0,0,0,0,0,0,0,0,0,0,0,0,0,0,0,0,0,0,0,0,0,0,0,0,0,0,0,0,0,0,0,0,0,0,0,0,0,0,0,0,0,0,0,0,0,0,0,0,0,0,0,0,0,0,0,0,0,0,0,0,0,0,0,0,0,0,0,0,0,0,0,0,0,0,0,0,0,0,0,0,0,0,0,0,0,0,0,0,0,0,0,0,0,0,0,0,0,0,0,0,0,0,0,0,0,0,0,0,0,0,0,0,0,0,0,0,0,0,0,0,0,0,0,0,0,0,0,0,0,0,0,0,0,0,0,0,0,0,0,0,0,0,0,0,0,0,0,0,0,0,0,0,0,0,0,0,0,0,0,0,0,0,0,0,0,0,0,0,0,0,0,0,0,0,0,0,0,0,0,0,0,0,0,0,0,0,0,0,0,0,0,0,0,0,0,0,0,0,0,0,0,0,0,0,0,0,0,0,0,0,0,0,0,0,0,0,0,0,0,0,0,0,0,0,0,0,0,0,0,0,0,0,0,0,0,0,0,0,0,0,0,0,0,0,0,0,0,0,0,0,0,0,0,0,0,0,0,0,0,0,0,0,0,0,0,0,0,0,0,0,0,0,0,0,0,0,0,0,0,0,0,0,0,0,0,0,0,0,0,0,0,0,0,0,0,0,0,0,0,0,0,0,0,0,0,0,0,0,0,0,0,0,0,0,0,0,0,0,0,0,0,0,0,0,0,0,0,0,0,0,0,0,0,0,0,0,0,0,0,0,0,0,0,0,0,0,0,0,0,0,0,0,0,0,0,0,0,0,0,0,0,0,0,0,0,0,0,0,0,0,0,0,0,0,0,0,0,0,0,0,0,0,0,0,0,0,0,0,0,0,0,0,0,0,0,0,0,0,0,0,0,0,0,0,0,0,0,0,0,0,0,0,0,0,0,0,0,0,0,0,0,0,0,0,0,0,0,0,0,0,0,0,0,0,0,0,0,0,0,0,0,0,0,0,0,0,0,0,0,0,0,0,0,0,0,0,0,0,0,0,0,0,0,0,0,0,0,0,0,0,0,0,0,0,0,0,0,0,0,0,0,0,0,0,0,0,0,0,0,0,0,0,0,0,0,0,0,0,0,0,0,0,0,0,0,0,0,0,0,0,0,0,0,0,0,0,0,0,0,0,0,0,0,0,0,0,0,0,0,0,0,0,0,0,0,0,0,0,0,0,0,0,0,0,0,0,0,0,0,0,0,0,0,0,0,0,0,0,0,0,0,0,0,0,0,0,0,0,0,0,0,0,0,0,0,0,0,0,0,0,0,0,0,0,0,0,0,0,0,0,0,0,0,0,0,0,0,0,0,0,0,0,0,0,0,0,0,0,0,0,0,0,0,0,0,0,0,0,0,0,0,0,0,0,0,0,0,0,0,0,0,0,0,0,0,0,0,0,0,0,0,0,0,0,0,0,0,0,0,0,0,0,0,0,0,0,0,0,0,0,0,0,0,0,0,0,0,0,0,0,0,0,0,0,0,0,0,0,0,0,0,0,0,0,0,0,0,0,0,0,0,0,0,0,0,0,0,0,0,0,0,0,0,0,0,0,0,0,0,0,0,0,0,0,0,0,0,0,0,0,0,0,0,0,0,0,0,0,0,0,0,0,0,0,0,0,0,0,0,0,0,0,0,0,0,0,0,0,0,0,0,0,0,0,0,0,0,0,0,0,0,0,0,0,0,0,0,0,0,0,0,0,0,0,0,0,0,0,0,0,0,0,0,0,0,0,0,0,0,0,0,0,0,0,0,0,0,0,0,0,0,0,0,0,0,0,0,0,0,0,0,0,0,0,0,0,0,0,0,0,0,0,0,0,0,0,0,0,0,0,0,0,0,0,0,0,0,0,0,0,0,0,0,0,0,0,0,0,0,0,0,0,0,0,0,0,0,0,0,0,0,0,0,0,0,0,0,0,0,0,0,0,0,0,0,0,0,0,0,0,0,0,0,0,0,0,0,0,0,0,0,0,0,0,0,0,0,0,0,0,0,0,0,0,0,0,0,0,0,0,0,0,0,0,0,0,0,0,0,0,0,0,0,0,0,0,0,0,0,0,0,0,0,0,0,0,0,0,0,0,0,0,0,0,0,0,0,0,0,0,0,0,0,0,0,0,0,0,0,0,0,0,0,0,0,0,0,0,0,0,0,0,0,0,0,0,0,0,0,0,0,0,0,0,0,0,0,0,0,0,0,0,0,0,0,0,0,0,0,0,0,0,0,0,0,0,0,0,0,0,0,0,0,0,0,0,0,0,0,0,0,0,0,0,0,0,0,0,0,0,0,0,0,0,0,0,0,0,0,0,0,0,0,0,0,0,0,0,0,0,0,0,0,0,0,0,0,0,0,0,0,0,0,0,0,0,0,0,0,0,0,0,0,0,0,0,0,0,0,0,0,0,0,0,0,0,0,0,0,0,0,0,0,0,0,0,0,0,0,0,0,0,0,0,0,0,0,0,0,0,0,0,0,0,0,0,0,0,0,0,0,0,0,0,0,0,0,0,0,0,0,0,0,0,0,0,0,0,0,0,0,0,0,0,0,0,0,0,0,0,0,0,0,0,0,0,0,0,0,0,0,0,0,0,0,0,0,0,0,0,0,0,0,0,0,0,0,0,0,0,0,0,0,0,0,0,0,0,0,0,0,0,0,0,0,0,0,0,0,0,0,0,0,0,0,0,0,0,0,0,0,0,0,0,0,0,0,0,0,0,0,0,0,0,0,0,0,0,0,0,0,0,0,0,0,0,0,0,0,0,0,0,0,0,0,0,0,0,0,0,0,0,0,0,0,0,0,0,0,0,0,0,0,0,0,0,0,0,0,0,0,0,0,0,0,0,0,0,0,0,0,0,0,0,0,0,0,0,0,0,0,0,0,0,0,0,0,0,0,0,0,0,0,0,0,0,0,0,0,0,0,0,0,0,0,0,0,0,0,0,0,0,0,0,0,0,0,0,0,0,0,0,0,0,0,0,0,0,0,0,0,0,0,0,0,0,0,0,0,0,0,0,0,0,0,0,0,0,0,0,0,0,0,0,0,0,0,0,0,0,0,0,0,0,0,0,0,0,0,0,0,0,0,0,0,0,0,0,0,0,0,0,0,0,0,0,0,0,0,0,0,0,0,0,0,0,0,0,0,0,0,0,0,0,0,0,0,0,0,0,0,0,0,0,0,0,0,0,0,0,0,0,0,0,0,0,0,0,0,0,0,0,0,0,0,0,0,0,0,0,0,0,0,0,0,0,0,0,0,0,0,0,0,0,0,0,0,0,0,0,0,0,0,0,0,0,0,0,0,0,0,0,0,0,0,0,0,0,0,0,0,0,0,0,0,0,0,0,0,0,0,0,0,0,0,0,0,0,0,0,0,0,0,0,0,0,0,0,0,0,0,0,0,0,0,0,0,0,0,0,0,0,0,0,0,0,0,0,0,0,0,0,0,0,0,0,0,0,0,0,0,0,0,0,0,0,0,0,0,0,0,0,0,0,0,0,0,0,0,0,0,0,0,0,0,0,0,0,0,0,0,0,0,0,0,0,0,0,0,0,0,0,0,0,0,0,0,0,0,0,0,0,0,0,0,0,0,0,0,0,0,0,0,0,0,0,0,0,0,0,0,0,0,0,0,0,0,0,0,0,0,0,0,0,0,0,0,0,0,0,0,0,0,0,0,0,0,0,0,0,0,0,0,0,0,0,0,0,0,0,0,0,0,0,0,0,0,0,0,0,0,0,0,0,0,0,0,0,0,0,0,0,0,0,0,0,0,0,0,0,0,0,0,0,0,0,0,0,0,0,0,0,0,0,0,0,0,0,0,0,0,0,0,0,0,0,0,0,0,0,0,0,0,0,0,0,0,0,0,0,0,0,0,0,0,0,0,0,0,0,0,0,0,0,0,0,0,0,0,0,0,0,0,0,0,0,0,0,0,0,0,0,0,0,0,0,0,0,0,0,0,0,0,0,0,0,0,0,0,0,0,0,0,0,0,0,0,0,0,0,0,0,0,0,0,0,0,0,0,0,0,0,0,0,0,0,0,0,0,0,0,0,0,0,0,0,0,0,0,0,0,0,0,0,0,0,0,0,0,0,0,0,0,0,0,0,0,0,0,0,0,0,0,0,0,0,0,0,0,0,0,0,0,0,0,0,0,0,0,0,0,0,0,0,0,0,0,0,0,0,0,0,0,0,0,0,0,0,0,0,0,0,0,0,0,0,0,0,0,0,0,0,0,0,0,0,0,0,0,0,0,0,0,0,0,0,0,0,0,0,0,0,0,0,0,0,0,0,0,0,0,0,0,0,0,0,0,0,0,0,0,0,0,0,0,0,0,0,0,0,0,0,0,0,0,0,0,0,0,0,0,0,0,0,0,0,0,0,0,0,0,0,0,0,0,0,0,0,0,0,0,0,0,0,0,0,0,0,0,0,0,0,0,0,0,0,0,0,0,0,0,0,0,0,0,0,0,0,0,0,0,0,0,0,0,0,0,0,0,0,0,0,0,0,0,0,0,0,0,0,0,0,0,0,0,0,0,0,0,0,0,0,0,0,0,0,0,0,0,0,0,0,0,0,0,0,0,0,0,0,0,0,0,0,0,0,0,0,0,0,0,0,0,0,0,0,0,0,0,0,0,0,0,0,0,0,0,0,0,0,0,0,0,0,0,0,0,0,0,0,0,0,0,0,0,0,0,0,0,0,0,0,0,0,0,0,0,0,0,0,0,0,0,0,0,0,0,0,0,0,0,0,0,0,0,0,0,0,0,0,0,0,0,0,0,0,0,0,0,0,0,0,0,0,0,0,0,0,0,0,0,0,0,0,0,0,0,0,0,0,0,0,0,0,0,0,0,0,0,0,0,0,0,0,0,0,0,0,0,0,0,0,0,-0.90612215,0.4245445,-0.57524633,0.016805964,0.92331576,1.1617471,0.27908048,0.27531576,1.0252242,-0.6250764,-0.14878881,0.81011313,-0.9175731,0.497538,-0.28086725,-1.096815,-0.07600449,-1.480658,-0.6212594,1.0180609,-1.4433248,-1.0278999,0.7396295,-0.67872345,0.17915891,-0.21367769,-1.5435078,0.06496283,0.1256687,-1.0870894,0.4983223,0.33309355,-0.049546976,0.059420343,-0.40750775,0.05257067,-1.5747757,-0.5858084,-1.1162659,-0.15020058,-0.4713509,0.47045302,-0.8333901,-0.39621365,-0.01597835,-0.4334424,1.0768844,-0.013939134,-1.6194293,1.2816949,0.00054452615,-0.3450241,0.4045184,-0.016396651,0.4339563,-0.58173,0.32185173,0.86145955,0.05727655,-0.1290241,-1.4474555,-0.322645,0.6799694,-0.51741624,1.0850935,-0.49854043,-0.01770384,0.3973027,-0.35820058,0.5323615,0.98245305,-0.32834437,-0.36034435,-0.48661888,0.6765184,1.6971719,-0.11077574,-0.6238738,-1.2230895,-0.3446058,0.46360335,-0.4726581,0.785538,-0.7590372,0.30151185,0.32587785,1.1596034,-0.3210764,0.16681904,-0.95992607,-0.797364,0.4187406,-0.28661886,-0.00667116,0.7474204,0.41670138,-0.977547,1.0573812,-0.005886846,-0.107377045,0.7235772,-0.6600045,-1.0129457,-0.2978607,0.44274062,0.4928321,-0.92044896,-0.4743836,0.1522308,0.5245184,0.37978634,-0.08839665,0.17481904,0.9789497,-0.07914175,-0.2920045,-0.6558215,0.16901511,-0.16363849,0.593538,-1.6568673,-0.8688411,0.465904,0.1281785,-0.14444894,0.16441381,1.0627668,-0.43569076,-0.73686725,0.04195629,0.5387406,0.12556413,0.8187929,0.027995506,-0.048082925,-0.38763848,-0.54821366,0.77821773,0.14731577,-0.086095996,0.7508713,-0.032867238,-0.6201091,0.28472754,-0.29174307,-0.43454045,-0.78695875,0.39881903,0.3297994,0.29063603,0.2288844,0.590087,-0.8222006,-0.016658088,0.36200857,-0.06350776,-0.09859273,-0.044213645,0.42736804,-0.9021483,-0.26606986,0.8263223,-0.05012214,-0.37806985,-0.16426593,-0.2705143,-0.29012215,-0.5752986,-0.053050246,-0.42141625,0.19881904,0.85989094,-0.59961236,0.6413288,0.26098898,-0.2566058,0.38229617,-0.39861888,-0.5682398,0.597721,-0.23537704,0.64383864,0.056178514,-0.68593913,0.4355249,-0.28599143,-0.2986973,-0.17184763,0.46694976,-0.26748163,-0.50732476,1.009904,-0.5367104,0.30611315,-0.7989849,-0.45650122,0.52713275,0.6559694,-0.54267114,0.43677983,-0.027795343,0.54072756,-0.3698084,0.89560336,0.70904124,-0.16787377,0.64786476,1.0227145,-0.93383455,-0.22570384,-0.05467116,-0.51406986,-0.41707638,0.5867406,-0.015507761,0.5403615,0.035786357,-0.7567888,-0.29524633,-0.06507639,-0.16374305,0.12598243,0.14119811,0.048805963,-1.3029848,0.449172,0.00953799,0.32540727,0.13983865,-0.12939012,-0.5523444,-1.2095469,-0.5327888,-0.42633128,0.11092361,-0.31328553,-0.22669731,-0.30021363,0.6891197,-0.7592986,-0.26748163,-0.017546978,0.1888321,0.29868832,0.06998243,-0.4566058,-0.5244751,-0.45597836,-0.16170384,0.08420466,-0.4629326,-0.7171548,-0.5904097,0.41978636,0.17230923,-0.14816135,-0.41257966,1.0663223,-0.4389326,0.57361645,-0.79699796,-0.45467117,-0.21571691,0.022871323,-0.34371692,0.7753419,-0.28970385,-0.8920045,0.09863603,0.78694975,-0.18016136,0.4511589,-0.22946854,0.28802165,0.043524917,0.46998245,-0.21707639,0.7167798,0.43625695,0.4503223,0.2953942,0.5379563,-0.21686724,-0.6311417,0.047864787,-0.09122018,-0.598096,-0.32133782,-0.1268803,0.021302696,0.526453,0.92227,0.3585053,0.1559955,-0.83286726,-0.5586712,0.9030282,-0.30251428,0.095655635,-0.20871037,0.7113419,0.30742034,-0.039246324,0.04179943,0.18156414,-0.52588683,0.3607537,-0.6363705,-0.8006058,0.9374857,0.6974857,0.91745955,0.23280597,0.40765563,-0.3694424,-0.15271038,-0.116422795,-0.88071036,0.081171975,0.27536806,-0.091952205,-0.084527366,0.42914584,0.31913278,-0.43150777,-0.19077574,0.32117197,0.07291054,0.15259682,0.59254456,-0.0772594,-0.3765535,-0.9454424,-0.6086581,-0.039664622,-0.30821365,-0.040553514,0.41549876,0.1808321,-0.7688149,0.011786357,-0.5234816,0.33089748,0.718087,0.6127275,-0.65592605,0.17643996,0.54810005,0.3690674,-0.73257965,-0.49514174,-0.342096,-0.7906189,0.12896283,0.09905433,0.24347264,-0.053886846,0.3496164,-0.1374424,-0.4603705,-0.090958744,-0.38403064,-0.015560049,0.75463605,-0.5835078,0.46077982,-0.0789326,-0.16159926,-0.6882921,-0.24489339,0.39829615,-0.41545546,-0.0046319445,-0.35203063,0.34151185,0.15338112,-0.934096,0.1253027,-0.041180965,-0.094514295,-1.130279,-1.2352202,-0.05482802,0.233904,0.20467524,0.82757723,0.00802165,0.19934191,-0.25247508,-0.3091548,1.1211197,0.36728963,-0.41535088,0.61612624,0.09931577,-0.39773,0.14642689,0.3207014,0.38961643,-0.39150777,-0.37812215,-0.44865808,0.18449225,1.4769367,0.65257066,-0.42533782,0.35615236,-0.42193913,0.28091055,0.17863603,-0.43035743,-0.5938084,-0.13634436,0.8639694,-0.7046581,0.6708713,0.30653146,0.11024387,-0.88128555,0.7505576,0.9080478,-0.7165797,0.105904005,-0.28980842,-0.15150777,0.9060609,-0.66105026,-0.40107638,0.25304127,0.31672752,0.008387663,0.31453145,-0.27773,-0.3930764,-0.38272345,0.41215238,0.10438766,-0.59647506,0.05968178,-0.75051427,0.05973407,0.024387663,-0.38523325,-0.38267115,-0.37148163,0.2869759,-0.6198999,0.0490674,0.45989093,0.08932884,0.01863603,-1.0227758,-0.12970383,0.25215238,0.1758125,0.46057066,-0.5411548,-0.40823978,0.37989092,0.28812623,-0.37765154,-0.7327365,0.12838766,1.1548452,0.11202165,0.79573405,0.6111589,-0.30329862,-0.0826973,-0.055821486,-0.2595862,-0.5896254,0.5760217,-0.05942933,-0.4452594,-0.06047508,0.004936683,-0.27882802,-1.3261483,0.032858253,0.32556415,0.013407271,-0.33435744,0.06077982,0.4423223,0.1745576,-0.27318096,0.25947264,0.118819036,-0.20410907,0.40519813,-0.5841875,-0.41681495,0.39338112,-0.13106331,0.14077982,0.738636,-0.046984885,-0.12274959,0.01863603,0.54276675,0.4243354,0.51536804,0.36300203,0.36932883,-0.004841095,0.029616421,0.10616544,-0.093520835,-0.35025287,-0.18199143,-0.01749469,-0.8044228,0.24457067,-0.3656254,-0.092893384,0.16258374,-0.21639664,0.11489747,-0.15312868,0.5792112,-1.1119783,-0.6237692,0.5468975,-0.77425283,-0.8675339,-0.71746856,-0.38308945,0.2870282,0.28917196,-0.031141749,0.12593015,0.30454454,-0.34188685,-0.16536397,-0.48254043,0.20697589,-1.08756,-0.37388685,0.4503746,0.56917197,0.6958125,-0.27020058,-0.13252737,-0.52918094,-0.4317692,-0.22324632,0.49628308,-0.2671156,0.5878909,0.20389093,-0.48499796,0.37257066,-0.5497823,0.45910662,0.3619563,-0.7585143,0.69476676,1.0570151,-0.06314175,0.0621393,0.61429614,0.14161642,0.30360335,-0.08123325,0.042531453,0.44263604,-0.80447507,-0.46063194,-0.025756128,-0.35459274,0.2776164,0.059786357,-0.24494568,0.18783864,-0.108631946,-0.25880188,-0.44212213,0.42857066,0.14433537,-0.1812071,-0.49006987,0.26328963,0.35170794,-0.104501225,0.08451838,-0.10972998,-0.2831156,-0.43793914,0.16593015,-0.32133782,-0.19825286,-0.4532071,0.358087,0.5089367,0.30292362,0.31270137,0.0032111928,0.07317198,0.24629617,-0.54465806,0.022034721,0.30365562,0.8501654,0.17210008,-0.04452737,0.030766748,-0.036109067,-0.607194,0.12708047,0.0014857026,-0.08499796,0.095289625,-0.27025285,0.5181916,0.21602166,0.46370792,0.09027001,0.23165564,-0.018906454,0.060622957,-0.037939135,-0.48588684,-0.68170387,0.2326491,0.14658374,0.04504126,-0.21163848,0.06621773,-0.6655993,-0.10021365,0.35076675,-0.62659276,0.15965563,0.7794203,-0.1947496,-0.19956005,-0.24651429,0.03186479,0.41931576,-0.13937704,0.6386099,-0.12583455,-0.18272345,-0.062043708,0.6368321,0.16300204,-0.64640975,-0.15250123,-0.52886724,-0.113860704,0.024701389,0.095289625,-0.02481495,0.01905433,0.11479289,-0.8885535,0.08566871,0.46872753,-0.35271037,0.11542034,-0.72065806,0.20666218,-0.4410764,-0.028997958,0.5190282,-0.17085417,-0.56667113,-0.27840972,-0.8503836,0.4393419,-0.30350778,-0.13890645,0.21215236,-0.7446581,0.017276552,-0.9552725,0.6678909,0.21670139,-0.11569077,0.35672754,0.18574715,0.88645303,-0.273913,-0.104814954,0.10961642,-0.626645,0.5343484,0.7683354,0.59254456,-0.32468423,-0.12327246,-0.0772594,-0.61686724,0.30318505,0.2359955,1.0030544,-0.27223977,-0.15663195,0.098531455,0.58569485,0.8026883,0.35291055,0.504806,-0.58016133,0.046243872,-0.41885418,0.11453146,-0.5960045,0.04645302,0.14564256,0.20911969,0.0747406,-0.593547,-0.28374305,0.39667526,0.5699563,-0.1441352,-0.102096,0.25047916,0.16514583,0.45251837,-0.18523325,-0.6463574,0.13063604,-0.27882802,0.8045184,0.23745956,0.38841382,0.5377994,-0.1976777,-0.32139012,-0.3866973,0.1476295,0.15092361,0.016753677,1.0985315,0.39369485,-0.69210905,1.2148713,0.16362949,-0.55537707,0.58067524,0.57769483,-0.72421366,0.80336803,-0.11020057,-0.6052594,0.6456687,0.6434726,0.7927537,-0.15365155,-0.49477574,-0.38570383,0.27505434,-0.5365535,0.22517198,-0.5344097,-0.13739012,-0.28128552,0.189721,-0.40515482,0.97215235,-0.28996527,-0.093207106,-0.12672345,0.3913942,0.345904,-0.585547,-0.35814828,0.66318506,-0.74178225,0.45816544,-0.6285797,-0.16489339,-0.46894568,0.3716295,-0.1669326,0.27531576,-0.05854044,-0.69336396,-0.31820056,-0.23182149,0.09283211,0.35275367,-0.16086724,-0.29650122,-0.9770764,-0.7857561,0.53476673,-0.68703717,-0.123795345,0.19850531,0.053982433,-0.33299795,0.0115249185,-0.49911562,-0.40029207,-0.023037173,0.59834844,-1.0720829,-0.04468423,0.19364257,-1.0386189,0.15024388,-0.41048816,-0.0032201798,0.28017852,0.8043615,0.8156034,-0.59244895,0.29476675,-0.107743055,-0.10078881,-0.4044751,-0.22308946,0.81121117,-0.039873775,0.48875368,-0.95579535,0.4407014,0.4060347,0.28211316,0.072387666,-0.7238476,0.16059682,0.21304126,-0.29728553,-0.24745548,0.20660989,-0.13320711,-0.088971816,-0.61299795,-0.24515481,0.2924138,-0.17937705,0.49053144,-0.16170384,-0.4520045,-0.82643586,0.031655636,-0.9346189,-0.2798738,-0.51108944,0.07965564,-0.72206986,-0.19956005,-0.049442403,0.77643996,0.6899563,-0.019481618,-0.93514174,-0.32562542,0.0045183823,-0.44703716,-0.0070894607,0.6608844,0.050426878,-0.24876267,-0.7063313,0.015132762,0.05884518,0.09743342,0.38820466,-0.53765154,0.039760213,-0.17922018,-0.44384763,0.33685824,0.037198123,-0.19281495,-0.5452855,0.4015903,-0.10857966,-0.35459274,-0.61174303,0.07207394,0.34480596,0.11040074,0.19850531,0.22951184,-0.65263194,0.27824387,-0.23898488,-0.112239785,-0.33801755,-0.22957312,0.16247916,-0.20206985,0.22057067,-0.40295875,-0.49697182,-0.047455475,-0.063560046,0.17910662,-0.8828019,-0.04557312,-0.10115482,0.039028186,0.43275368,0.06689747,0.37016544,-0.8241875,-0.15616135,0.4381393,-0.21331169,0.073381126,0.5066883,0.33183864,-0.037939135,0.84624386,-1.0727104,0.1627406,-0.38983455,-0.1892594,-0.6326058,-0.22136398,0.3581393,0.17915891,-0.13671038,-0.051272467,-0.36008292,0.14135498,0.50658375,-0.28322017,-0.010645016,0.57230926,0.13298897,-0.21744241,-0.5352463,-0.2187496,-0.094096,-0.22016136,0.107838646,-0.46392608,-0.5072725,0.6020086,0.43672752,-0.09179534,0.39301512,-0.22063194,-0.31966463,-0.6204228,-0.40342933,-0.25294566,-0.24625286,0.044936683,0.15672754,0.7571981,0.04049224,0.24666217,-0.6174424,-0.86188686,-0.14356005,0.13759027,0.8093811,0.06574714,0.21194322,-0.378645,-0.07025286,-0.27867115,-0.5398476,-0.39616135,0.20734191,0.021930147,-0.33890647,0.48462296,-0.20578226,0.039237335,-0.3765535,0.5731458,0.055237338,0.09356413,0.21910661,-0.21906331,-0.27882802,0.4911589,0.62919813,-0.3749849,0.25947264,0.6608844,-0.15788685,0.1181393,-0.11067116,-0.65545547,-0.32290646,-0.39778227,0.1901393,0.010479167,-0.51950777,-0.74005675,0.20838766,0.25628307,-0.007037173,-0.1757692,-0.53791296,-0.23867115,-0.3141744,-0.41613522,-0.1438215,-0.35025287,0.15949878,-0.42601755,-0.08756005,-0.2486058,-0.37341624,0.22193015,-0.034906454,-0.22031821,-0.14308946,0.86836153,0.42726347,0.40033537,-0.5116646,0.0705576,0.32002166,-0.64531165,-0.5095731,-0.017285539,0.27876675,-0.5543836,0.21042688,-0.16661887,0.13675368,-1.1638999,-1.0569718,0.62240076,-0.64170384,0.017433414,1.053355,-0.9546973,0.3610151,-0.86073655,1.3088844,-0.6249718,-1.335194,-0.521913,-0.6718215,1.2275772,1.5052766,1.5221132,1.0494857,-1.5288149,0.5353419,-0.581364,-0.43365157,0.40728962,-1.1464882,-1.5346189,-0.011899918,0.25905433,-0.19877574,-0.6970764,-0.5707496,0.33659682,0.57806087,0.009956291,-1.2437954,-1.0060437,0.09053145,-0.51495874,0.0047798203,-0.15291953,-0.27621365,0.0570674,-0.27365154,0.00932884,0.094662175,-0.23710254,0.52755105,0.3176687,0.92289746,0.7209628,-0.09299796,0.33759028,-0.27014828,-0.3307496,0.277721,-0.1518215,-0.09885417,0.05691054,-0.40285417,-0.9575731,0.9132243,-0.37257966,-0.008919526,0.04070139,0.030609885,-0.748998,0.1265576,0.566819,0.04582557,0.6671589,-0.52254045,-0.09137704,-0.37806985,-1.0170242,-0.5005274,0.09894975,-0.41043586,0.46862295,-0.87914175,0.007969363,-0.24886724,0.8392896,0.31317198,-0.37728554,0.84164256,0.017276552,-0.11788685,0.49560335,0.49528962,-0.4965535,-0.769547,-0.3555339,-0.32541627,-0.027272467,-0.6041614,-0.26983455,0.6889628,-0.11783456,-1.2276908,-0.24248816,-1.2141483,0.6876556,-0.5300698,-0.20980841,-0.4292594,0.3362308,-0.23987378,0.44373408,0.3943223,0.36284518,0.06376021,-0.50748163,0.44462296,-1.081024,-0.13770384,0.7366491,-0.2511156,-0.11506332,0.68556416,-0.58016133,-0.8927888,1.0321262,0.10417851,-1.3715862,0.065276556,-0.52714175,0.69251835,-0.39741626,-0.7715339,
0,0,1,0,0,0,0,0,0,0,0,0,0,0,0,0,0,1,0,0,0,0,0,0,0,0,0,0,0,0,1,0,0,0,0,0,0,0,0,0,0,0,0,0,0,0,0,0,0,0,0,0,0,0,0,0,0,0,0,0,0,0,0,0,0,0,0,0,0,0,0,0,0,0,0,0,0,0,0,0,0,0,0,0,0,0,0,0,0,0,0,0,0,0,0,0,0,0,0,0,0,0,0,0,0,0,0,0,0,0,0,0,0,0,0,0,0,0,0,0,0,0,0,0,0,0,0,0,0,0,0,0,0,0,0,0,0,0,0,0,0,0,0,1,0,0,0,0,0,0,0,0,0,0,0,0,0,0,0,0,0,0,0,0,0,0,0,0,0,0,0,0,0,0,0,0,0,0,0,0,0,0,0,0,0,0,0,0,0,0,0,0,0,0,0,0,0,0,0,0,0,0,0,0,0,0,0,0,0,0,0,0,0,0,0,0,0,0,0,0,0,0,0,0,0,0,0,0,0,0,0,0,0,0,0,0,0,0,0,0,0,0,0,0,0,0,0,0,0,0,0,0,0,0,0,0,0,0,0,0,0,0,0,0,0,0,0,0,0,0,0,0,0,0,0,0,0,0,0,0,0,0,0,0,0,0,0,0,0,0,0,0,0,0,0,0,0,0,0,0,0,0,0,0,0,0,0,0,0,0,0,0,0,0,0,0,0,0,0,0,0,0,0,0,0,0,0,0,0,0,0,0,0,0,0,0,0,0,0,0,0,0,0,0,0,0,0,0,0,0,0,0,0,0,0,0,0,0,0,0,0,0,0,0,0,0,0,0,0,0,0,0,0,0,0,0,0,0,0,0,0,0,0,0,0,0,0,0,0,0,0,0,0,0,0,0,0,0,0,0,0,0,0,0,0,0,0,0,0,0,0,0,0,0,0,0,0,0,0,0,0,0,0,0,0,0,0,0,0,0,0,0,0,0,0,0,0,0,0,0,0,0,0,0,0,0,0,0,0,0,0,0,0,0,0,0,0,0,0,0,0,0,0,0,0,0,0,0,0,0,0,0,0,0,0,0,0,0,0,0,0,0,0,0,0,0,0,0,0,0,0,0,0,0,0,0,0,0,0,0,0,0,0,0,0,0,0,0,0,0,0,0,0,0,0,0,0,0,0,0,0,0,0,0,0,0,0,0,0,0,0,0,0,0,0,0,0,0,0,0,0,0,0,0,0,0,0,0,0,0,0,0,0,0,0,0,0,0,0,0,0,0,0,0,0,0,0,0,0,0,0,0,0,0,0,0,0,0,0,0,0,0,0,0,0,0,0,0,0,0,0,0,0,0,0,0,0,0,0,0,0,0,0,0,0,0,0,0,0,0,0,0,0,0,0,0,0,0,0,0,0,0,0,0,0,0,0,0,0,0,0,0,0,0,0,0,0,0,0,0,0,0,0,0,0,0,0,0,0,0,0,0,0,0,0,0,0,0,0,0,0,0,0,0,0,0,0,0,0,0,0,0,0,0,0,0,0,0,0,0,0,0,0,0,0,0,0,0,0,0,0,0,0,0,0,0,0,0,0,0,0,0,0,0,0,0,0,0,0,0,0,0,0,0,0,0,0,0,0,0,0,0,0,0,0,0,0,0,0,0,0,0,0,0,0,0,0,0,0,0,0,0,0,0,0,0,0,0,0,0,0,0,0,0,0,0,0,0,0,0,0,0,0,0,0,0,0,0,0,0,0,0,0,0,0,0,0,0,0,0,0,0,0,0,0,0,0,0,0,0,0,0,0,0,0,0,0,0,0,0,0,0,0,0,0,0,0,0,0,0,0,0,0,0,0,0,0,0,0,0,0,0,0,0,0,0,0,0,0,0,0,0,0,0,0,0,0,0,0,0,0,0,0,0,0,0,0,0,0,0,0,0,0,0,0,0,0,0,0,0,0,0,0,0,0,0,0,0,0,0,0,0,0,0,0,0,0,0,0,0,0,0,0,0,0,0,0,0,0,0,0,0,0,0,0,0,0,0,0,0,0,0,0,0,0,0,0,0,0,0,0,0,1,0,0,0,0,0,0,0,0,0,0,0,0,0,0,0,0,0,0,0,0,0,0,0,0,0,0,0,0,0,0,0,0,0,0,0,0,0,0,0,0,0,0,0,0,0,0,0,0,0,0,0,0,0,0,0,0,0,0,0,0,0,0,0,0,0,0,0,0,0,0,0,0,0,0,0,0,0,0,0,0,0,0,0,0,0,0,0,0,0,0,0,0,0,0,0,0,0,0,0,0,0,0,0,0,0,0,0,0,0,0,0,0,0,0,0,0,0,0,0,0,0,0,0,0,0,0,0,0,0,0,0,0,0,0,0,0,0,0,0,0,0,0,0,0,0,0,0,0,0,0,0,0,0,0,0,0,0,0,0,0,0,0,0,0,0,0,0,0,0,0,0,0,0,0,0,0,0,0,0,0,0,0,0,0,0,0,0,0,0,0,0,0,0,0,0,0,0,0,0,0,0,0,0,0,0,0,0,0,0,0,0,0,0,0,0,0,0,0,0,0,0,0,0,0,0,0,0,0,0,0,0,0,0,0,0,0,0,0,0,0,0,0,0,0,0,0,0,0,0,0,0,0,0,0,0,0,0,0,0,0,0,0,0,0,0,0,0,0,0,0,0,0,0,0,0,0,0,0,0,0,0,0,0,0,0,0,0,0,0,0,0,0,0,0,0,0,0,0,0,0,0,0,0,0,0,0,0,0,0,0,0,0,0,0,0,0,0,0,0,0,0,0,0,0,0,0,0,0,0,0,0,0,0,0,0,0,0,0,0,0,0,0,0,0,0,0,0,0,0,0,0,0,0,0,0,0,0,0,0,0,0,0,0,0,0,0,0,0,0,0,0,0,0,0,0,0,0,0,0,0,0,0,0,0,0,0,0,0,0,0,0,0,0,0,0,0,0,0,0,0,0,0,0,0,0,0,0,0,0,0,0,0,0,0,0,0,0,0,0,0,0,1,0,0,0,0,0,0,0,0,0,0,0,0,0,0,0,0,0,0,0,0,0,0,0,0,0,0,0,0,0,0,0,0,0,0,0,0,0,0,0,0,0,0,0,0,0,0,0,0,0,0,0,0,0,0,0,0,0,0,0,0,0,0,0,0,0,0,0,0,0,0,0,0,0,0,0,0,0,0,0,0,0,0,0,0,0,0,0,0,0,0,0,0,0,0,0,0,0,0,0,0,0,0,0,0,0,0,0,0,0,0,0,0,0,0,0,0,0,0,0,0,0,0,0,0,0,0,0,0,0,0,0,0,0,0,0,0,0,0,0,0,0,0,0,0,0,0,0,0,0,0,0,0,0,0,0,0,0,0,0,0,0,0,0,0,0,0,0,0,0,0,0,0,0,0,0,0,0,0,0,0,0,0,0,0,0,0,0,0,0,0,0,0,0,0,0,0,0,0,0,0,0,0,0,0,0,0,0,0,0,0,0,0,0,0,0,0,0,0,0,0,0,0,0,0,0,0,0,0,0,0,0,0,0,0,0,0,0,0,0,0,0,0,0,0,0,0,0,0,0,0,0,0,0,0,0,0,0,0,0,0,0,0,0,0,0,0,0,0,0,0,0,0,0,0,0,0,0,0,0,0,0,0,0,0,0,0,0,0,0,0,0,0,0,0,0,0,0,0,0,0,0,0,0,0,0,0,0,0,0,0,0,0,0,0,0,0,0,0,0,0,0,0,0,0,0,0,0,0,0,0,0,0,0,0,0,0,0,0,0,0,0,0,0,0,0,0,0,0,0,0,0,0,0,0,0,0,0,0,0,0,0,0,0,0,0,0,0,0,0,0,0,0,0,0,0,0,0,0,0,0,0,0,0,0,0,0,0,0,0,0,0,0,0,0,0,0,0,0,0,0,0,0,0,0,0,0,0,0,0,0,0,0,0,0,0,0,0,0,0,0,0,0,0,0,0,0,0,0,0,0,0,0,0,0,0,0,0,0,0,0,0,0,0,0,0,0,0,0,0,0,0,0,0,0,0,0,0,0,0,0,0,0,0,0,0,0,0,0,0,0,0,0,0,0,0,0,0,0,0,0,0,0,0,0,0,0,0,0,0,0,0,0,0,0,0,0,0,0,0,0,0,0,0,0,0,0,0,0,0,0,0,0,0,0,0,0,0,0,0,0,0,0,0,0,0,0,0,0,0,0,0,0,0,0,0,0,0,0,0,0,0,0,0,0,0,0,0,0,0,0,0,0,0,0,0,0,0,0,0,0,0,0,0,0,0,0,0,0,0,0,0,0,0,0,0,0,0,0,0,0,0,0,0,0,0,0,0,0,0,0,0,0,0,0,0,0,0,0,0,0,0,0,0,0,0,0,0,0,0,0,0,0,0,0,0,0,0,0,0,0,0,0,0,0,0,0,0,0,0,0,0,0,0,0,0,0,0,0,0,0,0,0,0,0,0,0,0,0,0,0,0,0,0,0,0,0,0,0,0,0,0,0,0,0,0,0,0,0,0,0,0,0,0,0,0,0,0,0,0,0,0,0,0,0,0,0,0,0,0,0,0,0,0,0,0,0,0,0,0,0,0,0,0,0,0,0,0,0,0,0,0,0,0,0,0,0,0,0,0,0,0,0,0,0,0,0,0,0,0,0,0,0,0,0,0,0,0,0,0,0,0,0,0,0,0,0,0,0,0,0,0,0,0,0,0,0,0,0,0,0,0,0,0,0,0,0,0,0,0,0,0,0,0,0,0,0,0,0,0,0,0,0,0,0,0,0,0,0,0,0,0,0,0,0,0,0,0,0,0,0,0,0,0,0,0,0,0,0,0,0,0,0,0,0,0,0,0,0,0,0,0,0,0,0,0,0,0,0,0,0,0,0,0,0,0,0,0,0,0,0,0,0,0,0,0,0,0,0,0,0,0,0,0,0,0,0,0,0,0,0,0,0,0,0,0,0,0,0,0,0,0,0,0,0,0,0,0,0,0,0,0,0,0,0,0,0,0,0,0,0,0,0,0,0,0,0,0,0,0,0,0,0,0,0,0,0,0,0,0,0,0,0,0,0,0,0,0,0,0,0,0,0,0,0,0,0,0,0,0,0,0,0,0,0,0,0,0,0,0,0,0,0,0,0,0,0,0,0,0,0,0,0,0,0,0,0,0,0,0,0,0,0,0,0,0,0,0,0,0,0,0,0,0,0,0,0,0,0,0,0,0,0,0,0,0,0,0,0,0,0,0,0,0,0,0,0,0,0,0,0,0,0,0,0,0,0,0,0,0,0,0,0,0,0,0,0,0,0,0,0,0,0,0,0,0,0,0,0,0,0,0,0,0,0,0,0,0,0,0,0,0,0,0,0,0,0,0,0,0,0,0,0,0,0,0,0,0,0,0,0,0,0,0,0,0,0,0,0,0,0,0,0,0,0,0,0,0,0,0,0,0,0,0,0,0,0,0,0,0,0,0,0,0,0,0,0,0,0,0,0,0,0,0,0,0,0,0,0,0,0,0,0,0,0,0,0,0,0,0,0,0,0,0,0,0,0,0,0,0,0,0,0,0,0,0,0,0,0,0,0,0,0,0,0,0,0,0,0,0,0,0,0,0,0,0,0,0,0,0,0,0,0,0,0,0,0,0,0,0,0,0,0,0,0,0,0,0,0,0,0,0,0,0,0,0,0,0,0,0,0,0,0,0,0,0,0,0,0,0,0,0,0,0,0,0,0,0,0,0,0,0,0,0,0,0,0,0,0,0,0,0,0,0,0,0,0,0,0,0,0,0,0,0,0,0,0,0,0,0,0,0,0,0,0,0,0,0,0,0,0,0,0,0,0,0,0,0,0,0,0,0,0,0,0,0,0,0,0,0,0,0,0,0,0,0,0,0,0,0,0,0,0,0,0,0,0,0,0,0,0,0,0,0,0,0,0,0,0,0,0,0,0,0,0,0,0,0,0,0,0,0,0,0,0,0,0,0,0,0,0,0,0,0,0,0,0,0,0,0,0,0,0,0,0,0,0,0,0,0,0,0,0,0,0,0,0,0,0,0,0,0,0,0,0,0,0,0,0,0,0,0,0,0,0,0,0,0,0,0,0,0,0,0,0,0,0,0,0,0,0,0,0,0,0,0,0,0,0,0,0,0,0,0,0,0,0,0,0,0,0,0,0,0,0,0,0,0,0,0,0,0,0,0,0,0,0,0,0,0,0,0,0,0,0,0,0,0,0,0,0,0,0,0,0,0,0,0,0,0,0,0,0,0,0,0,0,0,0,0,0,0,0,0,0,0,0,0,0,0,0,0,0,0,0,0,0,0,0,0,0,0,0,0,0,0,0,0,0,0,0,0,0,0,0,0,0,0,0,0,0,0,0,0,0,0,0,0,0,0,0,0,0,0,0,0,0,0,0,0,0,0,0,0,0,0,0,0,0,0,0,0,0,0,0,0,0,0,0,0,0,0,0,0,0,0,0,0,0,0,0,0,0,0,0,0,0,0,0,0,0,0,0,0,0,0,0,0,0,0,0,0,0,0,0,0,0,0,0,0,0,0,0,0,0,0,0,0,0,0,0,0,0,0,0,0,0,0,0,0,0,0,0,0,0,0,0,0,0,0,0,0,0,0,0,0,0,0,0,0,0,0,0,0,0,0,0,0,0,0,0,0,0,0,0,0,0,0,0,0,0,0,0,0,0,0,0,0,0,0,0,0,0,0,0,0,0,0,0,0,0,0,0,0,0,0,0,0,0,0,0,0,0,0,0,0,0,0,0,0,0,0,0,0,0,0,0,0,0,0,0,0,0,0,0,0,0,0,0,0,0,0,0,0,0,0,0,0,0,0,0,0,0,0,0,0,0,0,0,0,0,0,0,0,0,0,0,0,0,0,0,0,0,0,0,0,0,0,0,0,0,0,0,0,0,0,0,0,0,0,0,0,0,0,0,0,0,0,0,0,0,0,0,0,0,0,0,0,0,0,0,0,0,0,0,0,0,0,0,0,0,0,0,0,0,0,0,0,0,0,0,0,0,0,0,0,0,0,0,0,0,0,0,0,0,0,0,0,0,0,0,0,0,0,0,0,0,0,0,0,0,0,0,0,0,0,0,0,0,0,0,0,0,0,0,0,0,0,0,0,0,0,0,0,0,0,0,0,0,0,0,0,0,0,0,0,0,0,0,0,0,0,0,0,0,0,0,0,0,0,0,0,0,0,0,0,0,0,0,0,0,0,0,0,0,0,0,0,0,0,0,0,0,0,0,0,0,0,0,0,0,0,0,0,0,0,0,0,0,0,0,0,0,0,0,0,0,0,0,0,0,0,0,0,0,0,0,0,0,0,0,0,0,0,0,0,0,0,0,0,0,0,0,0,0,0,0,0,0,0,0,0,0,0,0,0,0,0,0,0,0,0,0,0,0,0,0,0,0,0,0,0,0,0,0,0,0,0,0,0,0,0,0,0,0,0,0,0,0,0,0,0,0,0,0,0,0,0,0,0,0,0,0,0,0,0,0,0,0,0,0,0,0,0,0,0,0,0,0,0,0,0,0,0,0,0,0,0,0,0,0,0,0,0,0,0,0,0,0,0,0,0,0,0,0,0,0,0,0,0,0,0,0,0,0,0,0,0,0,0,0,0,0,0,0,0,0,0,0,0,0,0,0,0,0,0,0,0,0,0,0,0,0,0,0,0,0,0,0,0,0,0,0,0,0,0,0,0,0,0,0,0,0,0,0,0,0,0,0,0,0,0,0,0,0,0,0,0,0,0,0,0,0,0,0,0,0,0,0,0,0,0,0,0,0,0,0,0,0,0,0,0,0,0,0,0,0,0,0,0,0,0,0,0,0,0,0,0,0,0,0,0,0,0,0,0,0,0,0,0,0,0,0,0,0,0,0,0,0,0,0,0,0,0,0,0,0,0,0,0,0,0,0,0,0,0,0,0,0,0,0,0,0,0,0,0,0,0,0,0,0,0,0,0,0,0,0,0,0,0,0,0,0,0,0,0,0,0,0,0,0,0,0,0,0,0,0,0,0,0,0,0,0,0,0,0,0,0,0,0,0,0,0,0,0,0,0,0,0,0,0,0,0,0,0,0,0,0,0,0,0,0,0,0,0,0,0,0,0,0,0,0,0,0,0,0,0,0,0,0,0,0,0,0,0,0,0,0,0,0,0,0,0,0,0,0,0,0,0,0,0,0,0,0,0,0,0,0,0,0,0,0,0,0,0,0,0,0,0,0,0,0,0,0,0,0,0,0,0,0,0,0,0,0,0,0,0,0,0,0,0,0,0,0,0,0,0,0,0,0,0,0,0,0,0,0,0,0,0,0,0,0,0,0,0,0,0,0,0,0,0,0,0,0,0,0,0,0,0,0,0,0,0,0,0,0,0,0,0,0,0,0,0,0,0,0,0,0,0,0,0,0,0,0,0,0,0,0,0,0,0,0,0,0,0,0,0,0,0,0,0,0,0,0,0,0,0,0,0,0,0,0,0,0,0,0,0,0,0,0,0,0,0,0,0,0,0,0,0,0,0,0,0,0,0,0,0,0,0,0,0,0,0,0,0,0,0,0,0,0,0,0,0,0,0,0,0,0,0,0,0,0,0,0,0,0,0,0,0,0,0,0,0,0,0,0,0,0,0,0,0,0,0,0,0,0,0,0,0,0,0,0,0,0,0,0,0,0,0,0,0,0,0,0,0,0,0,0,-0.10685851,0.8661245,-0.706533,1.1925602,-0.81336087,-0.11510465,-0.41754594,1.002837,-0.3524448,0.5336127,-0.2038902,0.88546884,0.35870764,0.45077926,-0.31555417,0.3851201,0.09582304,0.11380336,-0.18280983,-0.27990353,-0.16154346,-0.9227928,0.24567966,1.526622,-1.161993,-0.019250974,-0.49715534,0.608448,0.22906338,-0.3345885,0.82080173,0.27333215,0.28399634,-0.3923735,0.51222235,0.7844071,-0.44867048,0.5206545,0.265396,-0.098922364,0.5843916,-0.9459812,1.0735801,0.6964896,-0.8918542,-0.86413974,0.96693826,0.41116056,-0.2618612,0.06426449,-0.29980588,-0.08602614,0.5006901,-1.0896997,0.062838465,0.3161129,-0.53361195,0.33719325,0.032705937,-1.1482288,0.1342017,0.14753194,0.0022014019,0.9273816,-0.74441564,0.208045,1.0437577,-1.0036422,1.0302414,-0.17704374,-0.20110016,-0.037479293,-0.8323332,0.78093505,-0.26576728,1.1073087,-0.63671976,-0.28219756,-0.7748582,-0.4941173,0.28139228,0.607828,1.0314194,-0.53361195,-0.19731809,0.12862161,-1.277439,1.010897,0.21467912,0.7359222,0.12490155,-0.2559711,0.98888665,0.32442105,1.1356432,-0.09675233,-0.8918542,-0.6060292,0.41147056,0.100783125,0.14319187,0.17512242,-0.2608072,-0.25218904,-0.2838716,0.060730428,0.494118,0.67280513,0.50050414,0.71880996,-0.16693756,-0.41202784,-0.49721733,0.06110243,0.49151397,-0.2553511,-0.5108576,0.64918274,-0.34264863,0.9100213,0.33545724,-0.7740522,-0.02706311,0.5171204,-0.10859454,-0.10995856,0.08751489,-0.017576944,0.74621445,-0.51060957,0.15466207,-0.27351743,-1.1407886,-0.28709567,-0.2940398,0.22782335,-0.05105753,-0.12440481,-0.39020348,-0.16780557,0.6174382,-0.7981086,-0.028551137,0.2771762,0.0991711,-0.28325158,0.6120441,0.43782103,-0.7033709,0.04151009,0.08026077,0.92713356,-0.2833756,-0.21257035,-0.008028777,-0.57199067,-0.19583006,0.4758277,0.58228356,-1.1443846,0.05422031,-0.09805435,-0.11454664,-0.4673328,0.8655665,0.3974583,-0.40043363,0.0818728,-0.6783225,0.24326162,0.25727385,-0.55357635,0.030845903,0.11367935,-0.64155585,0.32063898,-0.57719874,0.054282315,-0.70547897,-0.29961988,0.33744127,-0.032395203,0.34202936,0.39380026,0.61229205,-0.15404133,0.19880684,0.22050722,1.0401616,0.9577621,0.7034957,0.34996548,0.3954123,-0.09972838,-0.533426,-0.071269885,-0.32466832,-0.35945094,0.1959548,-0.37786525,-0.023095042,-0.8139189,0.016461652,-0.7365415,0.39497828,0.31468686,-0.04237738,-0.43577427,0.46906957,-0.107912526,-0.5047195,-0.43317023,0.067922555,-1.1478567,-0.14672521,-0.49448928,0.6843373,-0.42126602,0.45871538,0.87325466,-0.5779427,-0.647446,0.08323682,-0.11479465,-0.62245953,0.20438693,0.8147876,0.5633732,0.59245175,0.48630586,-0.96699953,0.22813335,0.054406315,0.16588427,0.21250908,-0.3415946,0.111075304,0.86370647,-0.4079978,-0.25820315,-0.21932848,-0.28480163,-0.33973458,-0.3340925,0.31425285,0.00027936816,0.86693054,-0.16885959,-0.20996632,0.16049017,-0.14244713,-0.47595096,0.083422825,-0.38387936,-0.9169647,0.49585405,0.07387465,-0.06420176,0.9470359,0.026257822,-0.27407542,0.10394518,0.62884635,0.58897966,0.49324998,0.26800007,-0.24208288,0.122049496,0.8717666,0.41698867,0.53745675,0.4646675,0.6236383,0.12173949,0.92136747,-0.18721192,-0.12279279,0.53107065,0.14567192,-0.03276721,0.3172289,0.8594904,-0.07933003,0.22652133,-0.5236298,0.10326317,0.4248628,-0.4326122,-0.63994384,-0.2097803,0.83574396,0.30675074,-0.13785905,-0.14982526,-0.43676627,0.42672282,0.492382,0.66765904,-0.23520075,-0.45170856,0.3850581,0.43100092,0.493312,-0.8712699,0.3957223,0.5649232,0.08937493,0.122049496,0.1684263,-0.36490703,0.21852319,-0.16861159,0.29484653,-0.68055457,-0.24177288,0.085282855,-0.06184572,-0.36515504,0.08267881,-0.45673063,-0.56603855,-0.09464429,-0.60516125,-0.6215915,-0.47130087,-0.6992169,-0.52145976,-0.7805003,0.45573935,0.40533245,0.112563334,0.59976786,0.39249822,0.43912303,0.1622262,-0.33799854,0.26434198,0.5336747,-0.59883714,0.59958184,0.17772648,-0.4715489,0.024583794,0.07573469,0.16700028,-0.17295167,0.7385263,0.59449774,-0.08646015,-0.89210224,-0.5695106,0.5401848,-0.5286519,0.3336592,-0.32745838,-0.3522588,0.49027395,0.40043437,0.82104975,-0.35480085,0.16414824,0.083298825,-0.2655193,-0.21418239,0.379168,0.27792022,0.20376693,0.09086295,-0.102146424,-0.6757805,-0.14554718,-0.478121,-0.15893942,-0.020428995,0.18708864,-0.027931126,-0.071517885,-0.12967491,-0.875362,0.44104508,0.51482636,0.17227037,0.1963888,-0.016398923,-0.25801715,0.26911607,-0.76022595,0.31381884,0.23191543,-0.3179722,0.3735259,-0.56628656,0.6464547,-0.13866507,0.69624156,0.10958728,-0.6267376,-0.002014672,-0.7101291,0.19099471,-0.5127176,0.75799465,-0.19043598,0.105743214,-0.4269701,-0.1289309,0.0069754855,0.30092263,0.5324967,0.6148961,0.46764356,-0.7018209,-0.09377628,0.44557115,-0.5696346,0.11987946,0.04039407,-0.11640667,-0.21157834,-0.18907194,0.051368263,-0.24189687,-0.23978883,-0.15149929,0.17809848,-0.075175956,0.030535897,0.5845156,0.13494572,-0.17884177,0.064574495,0.54179686,-0.12769087,-0.16916959,0.13730177,-0.61030734,-0.9978141,-0.32615635,-1.1928076,0.46820155,-0.8267531,-0.17164963,0.08255481,-0.8942103,0.3099748,-0.4660308,0.4017364,0.48630586,-0.5178637,-0.3226843,0.46696153,0.46658954,0.1166554,0.33421722,0.3276451,0.8880109,0.1620402,0.109649286,-0.074741945,-0.09452029,-0.19328801,-0.44532242,0.60646397,-0.2095323,0.5588471,-0.052421555,-0.060357694,-0.2090983,-0.53162795,0.8593044,-0.016460925,0.3503375,0.3110288,-0.17921378,0.074866675,-0.11051657,0.47111562,-0.053537574,0.2815783,0.23904555,-0.82743514,-0.8817481,0.15367006,0.30247265,0.78322905,0.6003879,-0.08013604,-0.41686392,0.42852086,0.20909902,-0.40731576,-0.5024874,-0.7015109,0.02210375,-0.07350192,-0.38877743,0.7449124,0.17499843,-0.40650976,0.6114861,-0.6576142,-0.0948303,-0.49436527,0.81732965,-0.88019806,0.29236647,-1.0148023,0.10927728,-0.49145123,-0.91498065,0.37637794,-0.08751417,-0.56021047,-0.7031229,-0.27376541,-0.123164795,-0.5651705,-0.092660256,-0.76593006,0.7344342,-0.5400601,-0.32690036,-0.19068398,-0.5470042,-0.29726383,-0.06971986,0.27792022,-0.17164963,-0.4425324,-0.23606877,1.1897082,0.5150744,-0.1637755,-0.9809498,-0.4428424,0.31357086,0.28368634,-0.39572155,0.2580799,-0.17084363,0.34922147,0.40359643,0.19384676,-1.3696346,-0.19638808,-0.6568701,0.8718286,-0.72612536,-0.18975396,0.2538018,1.0267693,-0.52431184,-0.54663223,-0.21021432,-0.4546846,-0.37829927,-0.36763507,0.28591835,0.25051576,-0.14263314,0.24977173,-0.02470707,0.016709656,0.60559595,0.9107033,0.72519606,0.58005154,-0.26434126,-0.6798725,-0.49467528,0.72941214,0.4471832,-0.14374915,-0.12719487,-0.135317,-0.2033322,0.4648535,-0.2616752,-0.6451519,0.34618342,-0.4540026,-1.047787,-0.66152024,0.25020576,-0.25745913,0.1393478,0.34773344,0.47514567,-0.44743046,0.15571609,-0.32026625,-0.23935482,0.013609601,0.07976476,0.4025424,0.09123496,0.26217195,-0.31648418,-0.13655703,-0.22521858,-0.5528943,-0.11163259,0.19800083,-0.48698717,0.38053203,0.68470937,0.013485599,0.10115513,-0.21796446,-0.7689061,0.32659107,0.94585794,0.036302,0.6536468,-0.7371615,-0.33452648,0.44978723,0.18262456,-0.35157678,0.3397353,-1.0141823,0.34289736,0.18603462,-0.27481943,0.09030494,-0.18280983,0.7746729,-0.5512203,0.07951675,-0.0030066893,-0.51606566,-0.818383,-0.16154346,0.13178366,-0.5008134,-0.015220903,0.3334732,0.08131479,0.32931912,0.34085134,0.2596919,0.16067618,0.47303763,-0.11051657,-0.5974731,0.33179918,-0.5649845,0.25491783,0.14883398,0.26260597,-0.69314075,-0.19471404,-0.5013714,0.25020576,0.08906492,-0.08577814,-0.42759013,-0.20965631,-0.2383008,-0.10859454,0.48673987,-0.123412795,-0.8021387,0.30786675,0.12049947,0.6894834,0.13265169,-0.5563664,0.1565841,1.0544838,0.4878559,-0.15627337,-0.18008178,0.2989386,0.43447298,-0.5648605,0.34178135,0.3673878,0.27878824,0.1677443,0.18715064,0.2365035,-0.6083233,-0.6282256,0.24078158,-1.0224905,-0.046159446,-1.1310544,-0.29180774,0.7676668,0.25175577,-0.6591642,-0.34326863,0.24350962,-0.34326863,0.6678451,0.83717,0.6604669,-0.027249113,-0.6391378,-0.68477064,0.51904243,-0.45952067,0.018197682,-0.52114975,-0.079826035,0.30216265,-0.25156903,0.18814266,0.15900214,0.74187434,-0.068727836,-0.045043424,-0.024955073,-0.00988881,0.4822758,0.29267648,-0.14833723,-0.39100948,-0.21734443,0.15174802,-0.56089246,0.29187047,-0.4544366,0.61074203,-0.10183642,0.21573314,0.6186782,0.017391667,-0.41686392,-0.2439429,-0.48828918,-0.0322092,-0.027869124,-0.024583068,0.072324626,0.150694,0.28232232,0.1568941,-0.017266938,-0.21914247,-0.16706157,-0.09563631,-1.0177164,0.21046305,0.39268422,0.13172168,0.6834693,-0.65036005,0.21777917,-0.17822176,-0.06506977,-0.3235523,0.15807213,0.38722813,-0.4436484,0.09793108,-0.19062197,-0.15335932,0.23315544,-0.37606722,-0.03890532,0.18987869,-0.6588542,-0.074865945,-0.5987751,-0.18411186,-0.65811014,0.0033794225,0.26049793,-0.21114433,0.2649,-0.04994151,-0.5400601,-0.29323378,0.03127991,-0.8590557,-0.56157446,-0.45859066,-0.04033134,-0.3859874,-0.07895802,0.18870066,-0.3362005,0.05254628,-0.2820736,-0.008090778,0.07883474,0.13066766,-0.23916882,-0.28703365,0.13965781,0.17809848,0.32634306,0.34252536,-0.1635275,-0.16594554,0.07722271,-0.13940908,-0.8154689,0.6192982,0.40985852,-0.19911613,-0.04653145,0.19979887,-0.12217277,-0.2957138,0.8434321,0.47495967,-0.062837735,0.042502105,-0.26254323,0.6748512,-0.43317023,-0.45294857,0.10704523,-0.06128771,-0.03735529,0.25615785,-0.192172,-0.53807604,0.0035034246,-0.17381968,0.33018714,0.54768693,0.27376616,-0.14145511,-0.20556423,-0.13841707,-0.30569598,-0.16154346,-0.30823803,0.34041733,-0.12576884,-0.21647643,-0.24846898,-0.6346117,-0.5754627,-0.28405762,-0.16656555,-0.028427133,0.075114675,-0.4660928,-0.16476752,0.20810701,-0.33892858,-0.20103815,-0.07269591,0.30061263,0.15993217,0.41035455,-0.01162484,0.24698168,-0.014228886,0.13066766,-0.14889525,-0.6552581,-0.25082502,-0.17673373,-0.11448464,-0.16730957,-0.066743806,-0.0012706589,-0.11584866,0.50149614,-0.6453999,-0.048701487,0.34190536,-0.43403822,0.38611212,0.26142794,-0.008524786,0.46026543,-0.41326788,0.4313729,0.49480003,0.8451682,-0.7966206,0.26105595,-0.3474847,0.3333492,-0.16972761,0.7741149,-0.066743806,-0.32138225,-0.43056616,-0.41940597,0.24679568,0.06854256,-0.00418471,0.8088975,0.08305082,0.47018558,-0.4885372,0.45902538,0.19390875,0.62791634,-0.016026918,0.28740638,-0.028985145,-0.12080875,-0.21746844,0.047090188,-0.5869949,0.075672686,0.023467774,-0.13184494,-0.04070335,-0.51067156,0.092784986,0.02266176,-0.6589162,-0.18008178,0.22825736,0.45549133,-0.07622997,0.30768076,0.4473072,-0.5021154,-0.5422301,0.09501702,0.4136406,-0.52009577,-0.19012596,-0.30675,-0.249399,-0.17133963,-0.4894052,0.34134734,-0.45406458,-0.14672521,-0.53423196,0.41686466,-0.3400446,-0.10450246,0.14201385,-0.018196955,0.7702708,0.69586957,0.11448537,0.056824356,-0.7517318,-0.064449765,0.09830309,-0.14870924,-0.1457332,-0.09049022,-0.25125903,0.09724907,0.4436491,0.09743507,0.3557936,-0.4608227,-0.27054137,-0.44123036,0.4831438,0.47824574,-0.39999965,0.20959502,-0.3295044,0.12645158,-0.10313844,0.63870454,-0.30123192,-0.5171817,-0.31319812,-0.25057703,0.14095983,0.3678838,-0.4892812,-0.30507597,0.20221691,0.104131185,0.265148,-0.39634156,0.19632679,-0.13792105,0.017391667,-0.017266938,-0.3125781,-0.7286674,0.27916026,-0.15137528,-0.46280673,-0.100410394,-0.23606877,0.23445746,-0.29038173,-0.17877977,0.4534453,-0.09352827,0.36112568,-0.49926338,-0.26669732,-0.1811358,-0.4840111,-0.19024996,0.436643,0.6252503,0.25559983,0.20984304,-0.1751837,0.08602687,0.6445326,0.1788425,-0.50682753,0.024211787,-0.21914247,0.5158804,0.6532128,0.0071614888,-0.60671127,0.14864796,-0.33930057,0.14176585,0.097993076,-0.98026776,0.39913234,0.54849297,0.5161284,-0.13314697,-0.420088,-0.14176512,-0.2839956,-1.4602182,1.5732468,-1.7765477,-1.8085403,1.1201429,1.0316054,1.1334732,-0.8720759,-1.5191813,-0.17902777,-0.1637135,-1.4184295,0.6426726,-0.39671358,-1.852375,-0.67299044,1.7094012,-1.393877,1.5980474,-0.16191547,0.150384,-0.6204755,-0.68260056,1.465799,-1.048593,1.1295052,0.46683753,1.4886154,0.14895797,0.8694106,1.0126951,0.5166244,0.29218048,0.32423505,-0.51600367,-1.336402,1.005255,0.54061884,-1.3801748,0.8043094,0.5167484,-0.35585487,0.0995431,0.21312909,-0.53193796,-1.2463144,-0.7759122,0.34581143,1.8254673,0.44941524,-0.38983145,1.4814852,0.74249434,0.83531,0.43193093,0.15832013,-0.3582109,-1.2490425,-0.19006397,0.2817643,0.54316086,0.39894634,-0.19186199,0.06556651,-1.502193,-0.61663145,0.23458147,-0.6321317,0.62153023,-0.2768035,0.9389758,0.18584861,-0.010322818,-0.6599082,0.7385263,0.3737119,-1.2455084,0.48376384,-0.84274936,-0.5388821,0.5969158,0.5439049,-0.41661593,0.053352296,0.25063974,-0.88980824,0.37705997,-1.0846776,-1.2575986,1.347935,-0.072881915,-0.7924665,1.0018449,-0.23110868,-0.50874954,0.780501,0.7908552,0.6842753,-0.48060104,0.21015304,1.2724177,0.9546621,0.9832446,0.4756417,-0.5744707,1.2310009,1.2703096,0.09582304,0.19992286,-1.388173,0.44309112,-0.27364144,0.4537553,-0.9797718,0.75396454,1.0157331,0.06432649,-0.52821785,-0.50422347,-1.1311784,1.3590331,0.29075444,-0.27500546,-0.99037397,-0.9030144,0.6423626,0.96117216,-0.57075065,
0,0,0,1,1,0,0,0,0,0,0,0,0,1,0,0,0,0,0,0,0,0,0,0,0,0,0,0,0,0,0,0,0,0,0,0,0,0,0,0,0,1,0,0,0,0,0,0,0,0,0,0,0,0,0,0,0,0,0,0,0,0,0,0,0,0,0,0,0,0,0,0,0,0,0,0,0,0,0,0,0,0,0,0,0,0,0,0,0,0,0,0,0,0,0,0,0,0,0,0,0,0,0,0,0,0,0,0,0,0,0,0,0,0,0,0,0,0,0,0,0,0,0,0,0,0,0,0,0,0,0,0,0,0,0,0,0,0,0,0,0,0,0,0,0,0,0,0,0,0,0,0,0,0,0,0,0,0,0,0,0,0,0,0,0,0,0,0,0,0,0,0,0,0,0,0,0,0,0,0,0,0,0,0,0,0,0,0,0,0,0,0,0,0,0,0,0,0,0,0,0,0,0,0,0,0,0,0,0,0,0,0,0,0,0,0,0,0,0,0,0,0,0,0,0,0,0,0,0,0,0,0,0,0,0,0,0,0,0,0,0,0,0,0,0,0,0,0,0,0,0,0,0,0,0,0,0,0,0,0,0,0,0,0,0,0,0,0,0,0,0,0,0,0,0,0,0,0,0,0,0,0,0,0,0,0,0,0,0,0,0,0,0,0,0,0,0,0,0,0,0,0,0,0,0,0,0,0,0,0,0,0,0,0,0,0,0,0,0,0,0,0,0,0,0,0,0,0,0,0,0,0,0,0,0,0,0,0,0,0,0,0,0,0,0,0,0,0,0,0,0,0,0,0,0,0,0,0,0,0,0,0,0,0,0,0,0,0,0,0,0,0,0,0,0,0,0,0,0,0,0,0,0,0,0,0,0,0,0,0,0,0,0,0,0,0,0,0,0,0,0,0,0,0,0,0,0,0,0,0,0,0,0,0,0,0,0,0,0,0,0,0,0,0,0,0,0,0,0,0,0,0,0,0,0,0,0,0,0,0,0,0,0,0,0,0,0,0,0,0,0,0,0,0,0,0,0,0,0,0,0,0,0,0,0,0,0,0,0,0,0,0,0,0,0,0,0,0,0,0,0,0,0,0,0,0,0,0,0,0,0,0,0,0,0,0,0,0,0,0,0,0,0,0,0,0,0,0,0,0,0,0,0,0,0,0,0,0,0,0,0,0,0,0,0,0,0,0,0,0,0,0,0,0,0,0,0,0,0,0,0,0,0,0,0,0,0,0,0,0,0,0,0,0,0,0,0,0,0,0,0,0,0,0,0,0,0,0,0,0,0,0,0,0,0,0,0,0,0,0,0,0,0,0,0,0,0,0,0,0,0,0,0,0,0,0,0,0,0,0,0,0,0,0,0,0,0,0,0,0,0,0,0,0,0,0,0,0,0,0,0,0,0,0,0,0,0,0,0,0,0,0,0,0,0,0,0,0,0,0,0,0,0,0,0,0,0,0,0,0,0,0,0,0,0,0,0,0,0,0,0,0,0,0,0,0,0,0,0,0,0,0,0,0,0,0,0,0,0,0,0,0,0,0,0,0,0,0,0,0,0,0,0,0,0,0,0,0,0,0,0,0,0,0,0,0,0,0,0,0,0,0,0,0,0,0,0,0,0,0,0,0,0,0,0,0,0,0,0,0,0,0,0,0,0,0,0,0,0,0,0,0,0,0,0,0,0,0,0,0,0,0,0,0,0,0,0,0,0,0,0,0,0,0,0,0,0,0,0,0,0,0,0,0,0,0,0,0,0,0,0,0,0,0,0,0,0,0,0,0,0,0,0,0,0,0,0,0,0,0,0,0,0,0,0,0,0,0,0,0,0,0,0,0,0,0,0,0,0,0,0,0,0,0,0,0,0,0,0,0,0,0,0,0,0,0,0,0,0,0,0,0,0,0,0,0,0,0,0,0,0,0,0,0,0,0,0,0,0,0,0,0,0,0,0,0,0,0,0,0,0,0,0,0,0,0,0,0,0,0,0,0,0,0,0,0,0,0,0,0,0,0,0,0,0,0,0,0,0,0,0,0,0,0,0,0,0,0,0,0,0,0,0,0,0,0,0,0,0,0,0,0,0,0,0,0,0,0,0,0,0,0,0,0,0,0,0,0,0,0,0,0,0,0,0,0,0,0,0,0,0,0,0,0,0,0,0,0,0,0,0,0,0,0,0,0,0,0,0,0,0,0,0,0,0,0,0,0,0,0,0,0,0,0,0,0,0,0,0,0,0,0,0,0,0,0,0,0,0,0,0,0,0,0,0,0,0,0,0,0,0,0,0,0,0,0,0,0,0,0,0,0,0,0,0,0,0,0,0,0,0,0,0,0,0,0,0,0,0,0,0,0,0,0,0,0,0,0,0,0,0,0,0,0,0,0,0,0,0,0,0,0,0,0,0,0,0,0,0,0,0,0,0,0,0,0,0,0,0,0,0,0,0,0,0,0,0,0,0,0,0,0,0,0,0,0,0,0,0,0,0,0,0,0,0,0,0,0,0,0,0,0,0,0,0,0,0,0,0,0,0,0,0,0,0,0,0,0,0,0,0,0,0,0,0,0,0,0,0,0,0,0,0,0,0,0,0,0,0,0,0,0,0,0,0,0,0,0,0,0,0,0,0,0,0,0,0,0,0,0,0,0,0,0,0,0,0,0,0,0,0,0,0,0,0,0,0,0,0,0,0,0,0,0,0,0,0,0,0,0,0,0,0,0,0,0,0,0,0,0,0,0,0,0,0,0,0,0,0,0,0,0,0,0,0,0,0,0,0,0,0,0,0,0,0,0,0,0,0,0,0,0,0,0,0,0,0,0,0,0,0,0,0,0,0,0,0,0,0,0,0,0,0,0,0,0,0,0,0,0,0,0,0,0,0,0,0,0,0,0,0,0,0,0,0,0,0,0,0,0,0,0,0,0,0,0,0,0,0,0,0,0,0,0,0,0,0,0,0,0,0,0,0,0,0,0,0,0,0,0,0,0,0,0,0,0,0,0,0,0,0,0,0,0,0,0,0,0,0,0,0,0,0,0,0,0,0,0,0,0,0,0,0,0,0,0,0,0,0,0,0,0,0,0,0,0,0,0,0,0,0,0,0,0,0,0,0,0,0,0,0,0,0,0,0,0,0,0,0,0,0,0,0,0,0,0,0,0,0,0,0,0,0,0,0,0,0,0,0,0,0,0,0,0,0,0,0,0,0,0,0,0,0,0,0,0,0,0,0,0,0,0,0,0,0,0,0,0,0,0,0,0,0,0,0,0,0,0,0,0,0,0,0,0,0,0,0,0,0,0,0,0,0,0,0,0,0,0,0,0,0,0,0,0,0,0,0,0,0,0,0,0,0,0,0,0,0,0,0,0,0,0,0,0,0,0,0,0,0,0,0,0,0,0,0,0,0,0,0,0,0,0,0,0,0,0,0,0,0,0,0,0,0,0,0,0,0,0,0,0,0,0,0,0,0,0,0,0,0,0,0,0,0,0,0,0,0,0,0,0,0,0,0,0,0,0,0,0,0,0,0,0,0,0,0,0,0,0,0,0,0,0,0,0,0,0,0,0,0,0,0,0,0,0,0,0,0,0,0,0,0,0,0,0,0,0,0,0,0,0,0,0,0,0,0,0,0,0,0,0,0,0,0,0,0,0,0,0,0,0,0,0,0,0,0,0,0,0,0,0,0,0,0,0,0,0,0,0,0,0,0,0,0,0,0,0,0,0,0,0,0,0,0,0,0,0,0,0,0,0,0,0,0,0,0,0,0,0,0,0,0,0,0,0,0,0,0,0,0,0,0,0,0,0,0,0,0,0,0,0,0,0,0,0,0,0,0,0,0,0,0,0,0,0,0,0,0,0,0,0,0,0,0,0,0,0,0,0,0,0,0,0,0,0,0,0,0,0,0,0,0,0,0,0,0,0,0,0,0,0,0,0,0,0,0,0,0,0,0,0,0,0,0,0,0,0,0,0,0,0,0,0,0,0,0,0,0,0,0,0,0,0,0,0,0,0,0,0,0,0,0,0,0,0,0,0,0,0,0,0,0,0,0,0,0,0,0,0,0,0,0,0,0,0,0,0,0,0,0,0,0,0,0,0,0,0,0,0,0,0,0,0,0,0,0,0,0,0,0,0,0,0,0,0,0,0,0,0,0,0,0,0,0,0,0,0,0,0,0,0,0,0,0,0,0,0,0,0,0,0,0,0,0,0,0,0,0,0,0,0,0,0,0,0,0,0,0,0,0,0,0,0,0,0,0,0,0,0,0,0,0,0,0,0,0,0,0,0,0,0,0,0,0,0,0,0,0,0,0,0,0,0,0,0,0,0,0,0,0,0,0,0,0,0,0,0,0,0,0,0,0,0,0,0,0,0,0,0,0,0,0,0,0,0,0,0,0,0,0,0,0,0,0,0,0,0,0,0,0,0,0,0,0,0,0,0,0,0,0,0,0,0,0,0,0,0,0,0,0,0,0,0,0,0,0,0,0,0,0,0,0,0,0,0,0,0,0,0,0,0,0,0,0,0,0,0,0,0,0,0,0,0,0,0,0,0,0,0,0,0,0,0,0,0,0,0,0,0,0,0,0,0,0,0,0,0,0,0,0,0,0,0,0,0,0,0,0,0,0,0,0,0,0,0,0,0,0,0,0,0,0,0,0,0,0,0,0,0,0,0,0,0,0,0,0,0,0,0,0,0,0,0,0,0,0,0,0,0,0,0,0,0,0,0,0,0,0,0,0,0,0,0,0,0,0,0,0,0,0,0,0,0,0,0,0,0,0,0,0,0,0,0,0,0,0,0,0,0,0,0,0,0,0,0,0,0,0,0,0,0,0,0,0,0,0,0,0,0,0,0,0,0,0,0,0,0,0,0,0,0,0,0,0,0,0,0,0,0,0,0,0,0,0,0,0,0,0,0,0,0,0,0,0,0,0,0,0,0,0,0,0,0,0,0,0,0,0,0,0,0,0,0,0,0,0,0,0,0,0,0,0,0,0,0,0,0,0,0,0,0,0,0,0,0,0,0,0,0,0,0,0,0,0,0,0,0,0,0,0,0,0,0,0,0,0,0,0,0,0,0,0,0,0,0,0,0,0,0,0,0,0,0,0,0,0,0,0,0,0,0,0,0,0,0,0,0,0,0,0,0,0,0,0,0,0,0,0,0,0,0,0,0,0,0,0,0,0,0,0,0,0,0,0,0,0,0,0,0,0,0,0,0,0,0,0,0,0,0,0,0,0,0,0,0,0,0,0,0,0,0,0,0,0,0,0,0,0,0,0,0,0,0,0,0,0,0,0,0,0,0,0,0,0,0,0,0,0,0,0,0,0,0,0,0,0,0,0,0,0,0,0,0,0,0,0,0,0,0,0,0,0,0,0,0,0,0,0,0,0,0,0,0,0,0,0,0,0,0,0,0,0,0,0,0,0,0,0,0,0,0,0,0,0,0,0,0,0,0,0,0,0,0,0,0,0,0,0,0,0,0,0,0,0,0,0,0,0,0,0,0,0,0,0,0,0,0,0,0,0,0,0,0,0,0,0,0,0,0,0,0,0,0,0,0,0,0,0,0,0,0,0,0,0,0,0,0,0,0,0,0,0,0,0,0,0,0,0,0,0,0,0,0,0,0,0,0,0,0,0,0,0,0,0,0,0,0,0,0,0,0,0,0,0,0,0,0,0,0,0,0,0,0,0,0,0,0,0,0,0,0,0,0,0,0,0,0,0,0,0,0,0,0,0,0,0,0,0,0,0,0,0,0,0,0,0,0,0,0,0,0,0,0,0,0,0,0,0,0,0,0,0,0,0,0,0,0,0,0,0,0,0,0,0,0,0,0,0,0,0,0,0,0,0,0,0,0,0,0,0,0,0,0,0,0,0,0,0,0,0,0,0,0,0,0,0,0,0,0,0,0,0,0,0,0,0,0,0,0,0,0,0,0,0,0,0,0,0,0,0,0,0,0,0,0,0,0,0,0,0,0,0,0,0,0,0,0,0,0,0,0,0,0,0,0,0,0,0,0,0,0,0,0,0,0,0,0,0,0,0,0,0,0,0,0,0,0,0,0,0,0,0,0,0,0,0,0,0,0,0,0,0,0,0,0,0,0,0,0,0,0,0,0,0,0,0,0,0,0,0,0,0,0,0,0,0,0,0,0,0,0,0,0,0,0,0,0,0,0,0,0,0,0,0,0,0,0,0,0,0,0,0,0,0,0,0,0,0,0,0,0,0,0,0,0,0,0,0,0,0,0,0,0,0,0,0,0,0,0,0,0,0,0,0,0,0,0,0,0,0,0,0,0,0,0,0,0,0,0,0,0,0,0,0,0,0,0,0,0,0,0,0,0,0,0,0,0,0,0,0,0,0,0,0,0,0,0,0,0,0,0,0,0,0,0,0,0,0,0,0,0,0,0,0,0,0,0,0,0,0,0,0,0,0,0,0,0,0,0,0,0,0,0,0,0,0,0,0,0,0,0,0,0,0,0,0,0,0,0,0,0,0,0,0,0,0,0,0,0,0,0,0,0,0,0,0,0,0,0,0,0,0,0,0,0,0,0,0,0,0,0,0,0,0,0,0,0,0,0,0,0,0,0,0,0,0,0,0,0,0,0,0,0,0,0,0,0,0,0,0,0,0,0,0,0,0,0,0,0,0,0,0,0,0,0,0,0,0,0,0,0,0,0,0,0,0,0,0,0,0,0,0,0,0,0,0,0,0,0,0,0,0,0,0,0,0,0,0,0,0,0,0,0,0,0,0,0,0,0,0,0,0,0,0,0,0,0,0,0,0,0,0,0,0,0,0,0,0,0,0,0,0,0,0,0,0,0,0,0,0,0,0,0,0,0,0,0,0,0,0,0,0,0,0,0,0,0,0,0,0,0,0,0,0,0,0,0,0,0,0,0,0,0,0,0,0,0,0,0,0,0,0,0,0,0,0,0,0,0,0,0,0,0,0,0,0,0,0,0,0,0,0,0,0,0,0,0,0,0,0,0,0,0,0,0,0,0,0,0,0,0,0,0,0,0,0,0,0,0,0,0,0,0,0,0,0,0,0,0,0,0,0,0,0,0,0,0,0,0,0,0,0,0,0,0,0,0,0,0,0,0,0,0,0,0,0,0,0,0,0,0,0,0,0,0,0,0,0,0,0,0,0,0,0,0,0,0,0,0,0,0,0,0,0,0,0,0,0,0,0,0,0,0,0,0,0,0,0,0,0,0,0,0,0,0,0,0,0,0,0,0,0,0,0,0,0,0,0,0,0,0,0,0,0,0,0,0,0,0,0,0,0,0,0,0,0,0,0,0,0,0,0,0,0,0,0,0,0,0,0,0,0,0,0,0,0,0,0,0,0,0,0,0,0,0,0,0,0,0,0,0,0,0,0,0,0,0,0,0,0,0,0,0,0,0,0,0,0,0,0,0,0,0,0,0,0,0,0,0,0,0,0,0,0,0,0,0,0,0,0,0,0,0,0,0,0,0,0,0,0,0,0,0,0,0,0,0,0,0,0,0,0,0,0,0,0,0,0,0,0,0,0,0,0,0,0,0,0,0,0,0,0,0,0,0,0,0,0,0,0,0,0,0,0,0,0,0,0,0,0,0,0,0,0,0,0,0,0,0,0,0,0,0,0,0,0,0,0,0,0,0,0,0,0,0,0,0,0,0,0,0,0,0,0,0,0,0,0,0,0,0,0,0,0,0,0,0,0,0,0,0,0,0,0,0,0,0,0,0,0,0,0,0,0,0,0,0,0,0,0,0,0,0,0,0,0,0,0,0,0,0,0,0,0,0,0,0,0,0,0,0,0,0,0,0,0,0,0,0,0,0,0,0,0,0,0,0,0,0,0,0,0,0,0,0,0,0,0,0,0,0,0,0,0,0,0,0,0,0,0,0,0,0,0,0,0,0,0,0,0,0,0,0,0,0,0,0,0,0,0,0,0,0,0,0,0,0,0,0,0,0,0,0,0,0,0,0,0,0,0,0,0,0,0,0,0,0,0,0,0,0,0,0,0,0,0,0,0,0,0,0,0,0,0,0,0,0,0,0,0,0,0,0,0,0,0,0,0,0,0,0,0,0,0,0,0,0,0,0,0,0,0,0,0,0,0,0,0,0,0,0,0,0,0,0,0,0,0,0,0,0,0,0,0,0,0,0,0,0,0,0,0,0,0,0,0,0,0,0,0,0,0,0,0,0,0,0,0,0,0,0,0,0,0,0,0,0,0,0,0,0,0,0,0,0,0,0,0,0,0,0,0,0,0,0,0,0,0,0,0,0,0,0,0,0,0,0,0,0,0,0,0,0,0,0,0,0,0,0,0,0,0,0,0,0,0,0,0,0,0,0,0,0,0,0,0,0,0,0,0,0,0,0,0,0,0,0,0,0,0,0,0,0,0,0,0,0,0,0,0,0,0,0,0,0,0,0,0,0,0,0,0,0,0,0,0,0,0,0,0,0,0,0,0,0,0,0,0,0,0,0,0,0,0,0,0,0,0,0,0,0,0,0,0,0,0,0,0,0,0,0,0,0,0,0,0,0,0,0,0,0,0,0,0,0,0,0,0,0,0,0,0,0,0,0,0,0,0,0,0,0,0,0,0,0,0,0,0,0,0,0,0,0,0,0,0,0,0,0,0,0,0,0,0,0,0,0,0,0,0,0,0,0,0,0,0,0,0,0,0,0,0,0,0,0,0,0,0,0,0,0,0,0,-0.3718217,0.7896876,1.5271403,-0.47543022,0.3610832,-0.65410876,0.37808767,0.5544594,-0.1162277,0.8631758,-1.3465457,-0.3036721,-0.5853,-0.8941483,-1.750698,0.58813876,0.335972,-1.5027493,-1.1485559,0.36365366,0.3067085,-0.0768802,0.465944,0.07925755,-0.1222254,0.56849796,0.019148799,-0.27440864,-0.51827085,1.551131,0.4426123,0.36675137,-0.5967022,-0.30433118,0.27863142,0.4818939,0.8812348,1.2136784,0.5039074,0.4976461,0.7248334,0.32404253,-0.0292282,0.54187083,-1.1098676,0.5211096,-0.71026295,0.2885177,-0.09994825,0.40972385,-0.22787707,-0.7295742,-0.75712407,-1.1425582,-0.5095709,-0.35316953,-0.11833678,0.15340486,-0.93165034,0.07042578,-0.31909475,0.40669206,-0.17112966,0.07253486,0.06185765,-0.95867294,-0.9902432,-0.2545042,-0.6423111,0.6914836,-0.31830382,-0.23268841,0.50061196,-0.38421255,0.29471314,0.08288253,-0.4270532,0.3751877,0.3004472,-0.25318602,-0.258986,0.8229715,0.44834635,0.25549746,-0.7964716,0.44063506,-0.16368198,-0.2773086,0.09560291,-0.109636836,-0.14087756,0.1536685,-0.40174428,-0.7764353,-0.031930458,-0.3341219,-0.67592454,0.3268107,1.2658122,-0.34242642,1.198849,-0.87094843,0.20125458,-0.39126477,0.19492735,-0.19281363,0.52473456,0.48288253,0.55030715,0.25602472,0.9387731,0.20277049,-0.703738,-0.3098016,0.38408536,0.2859473,0.22603627,-0.46468708,-0.3974602,-0.089073315,-0.35765132,0.5082574,0.5559094,0.35739234,-0.47819838,-0.14746843,-1.1971966,0.2588588,-0.30604482,-0.22840434,-0.16750468,-0.2801427,-0.05229625,0.07563257,0.46284628,-0.27091545,0.8244874,0.12249367,-0.043991752,-0.8556576,-0.44530994,0.4130852,0.013546558,-0.03173273,-0.05532805,-0.025207767,-0.1358026,-0.04603492,0.095339276,0.092966564,-0.06870752,-0.08043927,-0.10344141,-0.07833019,-0.1533343,-0.025932763,-0.23051342,0.19407053,0.013612467,0.064098544,0.118341416,-0.32819015,-0.08656878,0.25174066,-0.38935342,-0.23209523,0.45513496,0.07596211,0.3169244,-0.19156137,0.843535,0.0380646,-0.15379567,0.20072731,-0.50871414,0.2845632,0.22827716,0.07655529,-0.33445147,0.17555018,0.017303355,-0.18325686,0.32193345,0.48472798,-0.28363585,0.31738573,0.20995453,0.28186095,0.61549085,0.45579404,0.07062351,0.44076687,-0.15458658,-0.4792529,-0.6738154,0.41374427,-0.26168823,0.064625815,0.14767079,-0.8013488,-0.25575647,-0.61357486,-0.26195186,0.095932454,-0.7488196,0.29326314,0.009328401,0.1439799,-0.5692842,-0.2749359,0.5217687,-0.045178108,-0.69820166,-0.19683406,-1.1973283,0.43536234,-0.09540055,0.5594025,-1.2607325,-0.09559827,-0.28910628,-0.14707299,0.8337146,-0.2695973,0.4714803,-0.5229504,1.2026716,-0.008269227,0.93672997,0.48459616,0.3351811,-0.34664458,-1.0184522,-0.043266755,-0.36173767,-0.3905398,0.5016665,0.41855562,0.8036603,0.20487957,0.41776472,0.6195113,0.46093494,-0.23736793,0.08841886,-0.6811972,-0.44392583,-0.03265545,0.26828375,-0.5819387,-0.29352215,-0.10073916,-0.119325414,-0.07345295,0.41717154,0.33616972,0.11919823,0.42132378,-0.045903105,-0.2637973,-0.036675885,-0.7241038,-0.24521106,-0.6200339,0.23216577,-0.36233085,-0.28521764,-0.33886734,-0.94292074,-0.59887725,-0.63090885,0.4343737,-0.1622979,-0.2191112,0.44393048,-0.32080835,0.3094767,-0.6099499,-0.19169319,0.071084864,-0.56282514,0.07141441,-0.0307441,0.96487296,0.12170276,0.37044227,0.14305718,0.013085198,-0.52182996,0.30459946,0.22748625,0.17232065,0.33485156,-0.2393452,0.67045873,-0.46046892,-0.21008171,0.5025233,0.42653057,0.023762409,0.9054233,-0.06659844,0.22148857,-0.10581413,-0.3421628,0.099359706,0.6726337,-0.29754257,0.53389585,-0.0018760813,0.063834906,0.82501465,-0.19591135,0.25688154,0.68278366,-0.53896624,0.21779767,-0.027316846,0.44603956,-0.32239017,-0.10100279,-0.05618486,-0.13837303,-0.71105385,-0.08235063,-0.54094344,0.22689307,-0.48452562,-0.5539934,0.19472963,0.706379,-0.12960717,0.20020004,0.14760488,-0.12789355,0.22419082,-0.30215618,-0.17033876,0.12994134,-0.050648533,-0.13046399,0.09810744,0.0076147737,-0.66570866,0.34111288,-0.5286185,-0.47510067,0.35211962,-0.38513526,0.22326809,-0.3529059,-0.15992518,-0.31481066,0.1318527,-0.20335902,-0.2697291,-0.02145097,-0.54694116,-0.4519008,-0.23789519,-0.3458537,0.6104159,0.3260857,-0.44570538,0.8402396,-0.48030746,-0.39047387,0.13930039,-0.040762223,-0.16071609,-0.33043104,0.08248708,0.9181437,-0.2567451,-0.6339407,-0.5354071,0.34058562,0.47497347,0.07049169,-0.33254012,-0.15208204,-0.79838294,-0.06053484,0.0022761677,-0.12426857,-0.0041169776,0.2626815,-0.081098355,-0.8965869,0.4365487,0.5427936,-0.46152347,-0.3413719,0.590116,-0.09283011,0.39522395,0.030682825,-0.037598606,0.08031209,-0.11036183,0.7867217,-0.9168209,-0.41973734,0.19024783,0.5375208,0.6031659,0.17218883,-0.3899466,0.20204549,-0.10311187,-0.059216663,-0.549248,0.3805263,0.2755337,-0.09797099,0.1348186,-0.41314647,0.495537,1.0517406,-0.43113956,-0.4540099,-0.33366057,0.15590939,0.1325118,0.2369771,-0.058623485,-0.17660008,0.60342956,-0.38737616,-0.35481727,-0.6427065,-0.82349414,-0.11886405,0.16744341,-0.15313658,0.35877642,0.62267494,-0.24501334,-0.5566298,-0.75396043,0.2913518,-0.24013609,-0.3128334,-0.158607,0.43397826,0.70136994,0.41051477,0.6436339,0.0028034376,0.14510036,0.08611205,0.004517064,0.0024079853,0.060803108,0.6696019,0.12690955,0.49817336,0.6115363,-0.10851639,0.08940749,-0.71995157,0.866669,-0.5842455,-0.54957753,0.11181645,0.19018191,0.08828704,-0.49553236,0.64640206,-0.076814294,0.10107333,0.15880936,-0.0142010115,0.2763246,0.273886,0.31679258,0.5184732,-0.33254012,-0.11761179,-0.017957808,0.05757358,-0.31158113,-0.047814455,0.33254474,0.5365322,0.26281333,0.05823267,0.0970529,-0.2266248,0.20745,0.84571004,0.028771471,-0.09250057,-0.11780951,-0.5639456,0.7776922,0.08209162,0.19907959,-0.4973119,-0.3981852,0.114914164,-0.44840765,0.4631099,0.16032527,0.11280508,-0.30024484,-0.26300642,0.5522185,0.42073062,0.3579855,-0.09948689,-0.49467555,-0.6740132,-0.5959113,-0.14173438,0.622609,0.74618787,0.28034505,0.190116,0.0675258,-0.18345459,-0.29569715,-0.36285812,-0.5027164,-0.46007347,0.29787678,0.20863636,0.24785204,-0.41209194,-0.14667754,-0.22682253,-0.4321282,-0.064028,0.49613017,-0.5161618,0.24198617,0.1393663,-0.13573669,0.55129576,0.19037965,0.71428806,0.30446762,0.1787138,0.02778284,0.45368496,-0.53020036,0.16830023,0.37973538,0.124009565,-0.11939132,0.2270908,0.020269247,0.095405184,0.37624222,-0.04188267,1.0415248,0.12664592,0.5861615,-0.044387203,0.2801473,0.10370968,-0.41420102,0.23203395,0.2641315,0.25859517,-0.5149754,0.041821398,-0.2758586,0.49580064,-0.5773251,0.13429132,-0.33451736,-0.44148722,-0.44221222,-0.5085164,0.6763246,0.15136169,-0.22372483,-0.42876685,0.32193345,0.07840074,-0.6486383,-0.3476332,0.11181645,0.42349878,0.50245744,-0.9486548,0.6461384,-0.016178273,0.5585457,-0.8089283,0.12513001,-0.073057495,-0.26854274,0.4697667,-0.09513692,-0.7206106,0.45638722,0.43305555,0.5544594,0.063571274,-0.34183323,-0.2432338,0.24963158,-1.1317492,-0.03067819,0.084134795,0.41222838,-0.6599087,0.013876102,0.20296821,-0.5546525,-1.010675,-0.5052869,-0.023757774,0.30328128,0.69464725,-0.53487986,0.61733633,-0.014135103,0.095405184,-0.079187006,-0.48716196,-0.44254175,0.0064943256,-0.24053155,-0.6108067,0.036746427,0.5589412,-0.070948415,0.24099754,0.40959203,-0.043266755,0.4273874,-0.9999977,0.65332246,0.07938936,0.112739176,-0.2773745,0.18418422,0.013085198,-0.23130432,-0.20625901,-0.43423727,0.50054604,0.21094316,0.25681564,-0.5363958,0.08611205,0.4336487,-0.17528191,0.30466536,0.650752,0.2648565,-0.27302453,0.014930641,0.07629166,0.17990015,0.17469338,-0.3784785,-0.2311725,0.77314454,0.465944,-0.009389675,-0.8034579,0.0887484,-0.5284208,0.5825365,-0.3718217,0.2972836,-0.23453385,0.044589564,0.32938114,-0.1963727,-0.11510725,0.51675963,0.5066756,-0.22622935,0.115705065,0.058496304,0.07523712,0.21674313,0.30361083,-0.057305314,-0.08182336,0.041491855,0.15940255,0.9394322,-0.44722128,0.1295459,0.17218883,0.14285946,-0.020132795,0.36951953,-0.4518349,0.42949647,-0.062446192,0.14701171,-0.23433612,-0.40101928,0.02119197,0.18807285,0.20606592,-0.6058636,0.16454343,-0.2522633,0.3979921,-0.177391,0.6209613,-0.3029471,-0.2597769,-0.44517812,0.053223606,-0.031930458,0.7055222,-0.2621496,-0.43054637,-0.5740296,0.14595717,-0.17870916,-0.3664831,0.3126403,0.10456649,0.2422498,-0.054273512,-0.13942757,-0.020857792,-0.13830712,-0.31144932,-0.03898269,-0.11873224,-0.069564335,0.5569639,0.3512628,0.10885056,-0.43819177,0.15314122,-0.6390156,-0.28521764,0.16401616,-0.7187652,0.5087187,-0.3370878,0.3724195,-0.2892381,0.28930864,-0.19689998,-0.33728555,-0.3680649,0.45559633,0.23453848,-0.11115273,-0.1872773,-0.6274157,0.16546614,0.9358072,0.31151986,-0.18872729,0.12216412,-0.09994825,-0.02507595,0.08828704,-0.28620628,-0.5487866,-0.041619036,0.44393048,0.89949155,-0.13837303,-0.40326017,0.35436052,-0.44221222,-0.09210511,0.44959864,0.39291713,-0.14430481,0.001287537,-0.28086767,-0.19650452,-0.33056286,-0.61476123,-0.26485187,-0.36984444,0.20685682,0.6750724,0.37472633,0.039382774,-0.36621946,1.1040722,0.26505423,-0.6007227,0.49046203,-0.19169319,-0.76674676,-0.24264063,0.16744341,0.0735894,0.1432549,-0.27322227,-0.31942427,0.35983095,0.41743517,-0.12262085,-0.15392749,-0.43173274,-0.30123347,-0.12268676,0.587216,-0.1638138,-0.3625945,0.48077345,-0.2311066,0.056255408,-0.25338376,-0.3695149,-0.7068357,-0.43357816,0.37011272,0.06258264,0.17686836,-0.074441575,0.12934817,-0.5630229,0.31580395,0.40313298,0.28713363,-0.06686208,-0.48393244,0.37973538,0.37380362,-0.31072432,0.5764729,-0.63934517,0.32984248,0.026069215,-0.38408074,-0.6284043,-0.3256856,0.3563378,-0.105945945,-0.21403624,0.67579734,-0.2311066,-0.16420925,-0.023032779,0.3989148,0.11043237,-0.30709934,0.09362565,-0.57475466,0.31310168,-0.097114176,0.07253486,0.2997222,-0.7778194,0.08288253,0.6157545,0.16757523,0.20191367,0.32931522,0.6475225,0.23757029,0.61674315,0.30031538,0.19789323,-0.111020915,-0.57244784,-0.28152677,0.13995947,0.18075697,-0.29734486,0.33867425,0.2527952,0.016117,-0.4436622,0.42237833,0.08756205,-0.118204966,-0.48300973,0.42890328,-0.13632986,-0.06943252,-0.1442389,-0.7514559,0.6937245,-0.60929084,0.48103708,-0.6485065,0.18108651,0.29491088,0.23414303,0.2572111,-0.7172493,0.1190005,-0.13857076,0.3261516,-0.009982853,0.30005175,-0.06284165,-0.40121698,0.53738904,-0.23552248,0.25253156,-0.030810008,-0.07470521,0.40530798,0.12341639,-0.17330465,-0.27704498,0.27190873,0.17126612,0.48789158,0.11155282,0.25773835,-0.30953798,0.034637347,-0.30505618,-0.03581907,-0.12960717,0.40181482,0.0698326,-0.21331124,-0.53731847,-0.575216,-0.8620507,-0.080834724,0.25029066,-0.16045246,0.059946295,0.4894734,0.16830023,-0.1850364,-0.23018387,0.5607866,-0.516755,-0.25015423,-0.44557357,-0.11438226,0.17831835,-0.18793638,0.10950965,0.10634603,-0.54733664,-0.05071444,-0.43219408,-1.1688558,0.43991005,0.22952943,-0.05631668,-0.61561805,0.4207965,0.25134522,0.65721107,-0.26280868,-0.24468379,-0.6733541,0.33761972,0.058694027,0.2574088,0.12255958,1.1526469,0.24996112,0.260177,0.008932948,-0.30795616,0.027387388,0.43905324,0.05401451,0.60303414,-0.24534288,0.69708586,-0.740581,0.733797,0.67414963,-0.2144976,-0.84768265,0.0206647,0.078532554,0.22280674,0.30914715,0.49441656,-0.22471344,0.17693427,-0.24442016,0.4530918,0.14028902,-0.1653297,-0.88795286,-0.12934354,-0.008005592,0.03859187,-0.37083307,-0.01532146,-0.18385005,-0.15893655,-0.37281033,-0.15517975,-0.3807853,0.12170276,0.023498775,-0.68139493,0.18418422,0.2414589,-0.6562178,0.08980294,0.08584842,-0.9100982,0.25747472,-0.3482264,-0.09935507,-0.27210182,-0.36233085,0.39285123,0.061528105,-0.3302333,0.12269139,0.3880399,-0.34486505,0.16566388,0.22135673,-0.87562793,-0.024812315,-0.018287351,-0.26241323,0.34091514,0.98655695,1.071052,1.5927854,-0.8667962,-1.3653957,-0.43370998,0.32588798,1.440668,-0.87404615,-0.026328215,1.1752536,-0.6796813,1.0156227,-0.8167055,0.08373934,0.862319,-0.5905727,-0.61107033,-0.6717723,-0.18688186,-0.20948854,0.1847115,-0.58371824,1.0812677,0.53982764,1.4626815,0.7671468,-0.6872608,-0.7811148,-0.63934517,-0.6484406,0.45447588,0.67045873,-0.19808634,0.88967115,-0.23321567,0.107136935,-0.565857,-0.33537418,0.45506904,-0.91497546,0.9543935,0.44142595,0.33570835,0.040437315,0.08472797,0.3917308,0.0607372,1.07962,0.19295008,-0.27131093,1.0030341,-0.74974227,0.43074873,0.69926083,0.90964144,-1.0284703,-0.5079232,-0.45664623,0.60705453,-0.40635788,-0.14272301,0.2534543,0.58807284,0.6676906,-0.925389,-0.3287833,0.191566,-0.13422078,-0.16018882,-0.46765298,-0.12631173,-0.10660503,0.3989148,0.79311484,0.65068614,0.8874961,1.5368947,0.41446927,0.21694085,-0.7702399,1.0353953,0.009789761,-0.37340352,-0.2634678,0.046039555,1.0444248,-0.34440368,-0.13698895,-0.6289316,-0.15504794,-0.07226659,0.061923556,-0.6743427,-0.8021397,-0.657536,0.08696887,0.23097941,0.045116834,0.3450015,0.61318403,0.029101016,-0.92901397,-0.11780951,-0.6543724,-0.47569385,0.31600165,0.13831176,-0.2205612,0.47180986,0.60745,0.49823925,-0.2386861,-0.43931222,-0.7397901,-0.6653791,-0.29899257,0.51247555,-0.98826593,0.13587314,-0.2386861,-0.49025968,-0.5363958,0.5267118,-0.5772592,0.017830625,-0.34486505,-0.9814773,
0,0,1,0,0,0,0,1,0,0,0,0,0,0,0,0,0,0,0,0,0,0,0,0,0,0,0,0,0,0,0,0,0,0,0,0,0,0,0,0,0,0,0,0,0,0,0,0,0,0,0,0,0,0,0,0,0,0,0,0,0,0,0,0,0,0,0,0,0,0,0,0,0,0,0,0,0,0,0,0,0,0,0,0,0,0,0,0,0,0,0,0,0,0,0,0,0,0,0,0,0,0,0,0,0,0,0,0,0,0,0,0,0,0,0,0,0,0,0,0,0,0,0,0,0,0,0,0,0,0,0,0,0,0,0,0,0,0,0,0,0,0,0,0,0,0,0,0,0,0,0,0,0,0,0,0,0,0,0,0,0,0,0,0,0,0,0,0,0,0,0,0,0,0,0,0,0,0,0,0,0,0,0,0,0,0,0,0,0,0,0,0,0,0,0,0,0,0,0,0,0,0,0,0,0,0,0,0,0,0,0,0,0,0,0,0,0,0,0,0,0,0,0,0,0,0,0,0,0,0,0,0,0,0,0,0,0,0,0,0,0,0,0,0,0,0,0,0,0,0,0,0,0,0,0,0,0,0,0,0,0,0,0,0,0,0,0,0,0,0,0,0,0,0,0,0,0,0,0,0,0,0,0,0,0,0,0,0,0,0,0,0,0,0,0,0,0,0,0,0,0,0,0,0,0,0,0,0,0,0,0,0,0,0,0,0,0,0,0,0,0,0,0,0,0,0,0,0,0,0,0,0,0,0,0,0,0,0,0,0,0,0,0,0,0,0,0,0,0,0,0,0,0,0,0,0,0,0,0,0,0,0,0,0,0,0,0,0,0,0,0,0,0,0,0,0,0,0,0,0,0,0,0,0,0,0,0,0,0,0,0,0,0,0,0,0,0,0,0,0,0,0,0,0,0,0,0,0,0,0,0,0,0,0,0,0,0,0,0,0,0,0,0,0,0,0,0,0,0,0,0,0,0,0,0,0,0,0,0,0,0,0,0,0,0,0,0,0,0,0,0,0,0,0,0,0,0,0,0,0,0,0,0,0,0,0,0,0,0,0,0,0,0,0,0,0,0,0,0,0,0,0,0,0,0,0,0,0,0,0,0,0,0,0,0,0,0,0,0,0,0,0,0,0,0,0,0,0,0,0,0,0,0,0,0,0,0,0,0,0,0,0,0,0,0,0,0,0,0,0,0,0,0,0,0,0,0,0,0,0,0,0,0,0,0,0,0,0,0,0,0,0,0,0,0,0,0,0,0,0,0,0,0,0,0,0,0,0,0,0,0,0,0,0,0,0,0,0,0,0,0,0,0,0,0,0,0,0,0,0,0,0,0,0,0,0,0,0,0,0,0,0,0,0,0,0,0,0,0,0,0,0,0,0,0,0,0,0,0,0,0,0,0,0,0,0,0,0,0,0,0,0,0,0,0,0,0,0,0,0,0,0,0,0,0,0,0,0,0,0,0,0,0,0,0,0,0,0,0,0,0,0,0,0,0,0,0,0,0,0,0,0,0,0,0,0,0,0,0,0,0,0,0,0,0,0,0,0,0,0,0,0,0,0,0,0,0,0,0,0,0,0,0,0,0,0,0,0,0,0,0,0,0,0,0,0,0,0,0,0,0,0,0,0,0,0,0,0,0,0,0,0,0,0,0,0,0,0,0,0,0,0,0,0,0,0,0,0,0,0,0,0,0,0,0,0,0,0,0,0,0,0,0,0,0,0,0,0,0,0,0,0,0,0,0,0,0,0,0,0,0,0,0,0,0,0,0,0,0,0,0,0,0,0,0,0,0,0,0,0,0,0,0,0,0,0,0,0,0,0,0,0,0,0,0,0,0,0,0,0,0,0,0,0,0,0,0,0,0,0,0,0,0,0,0,0,0,0,0,0,0,0,0,0,0,0,0,0,0,0,0,0,0,0,0,0,0,0,0,0,0,0,0,0,0,0,0,0,0,0,0,0,0,0,0,0,0,0,0,0,0,0,0,0,0,0,0,0,0,0,0,0,0,0,0,0,0,0,0,0,0,0,0,0,0,0,0,0,0,0,0,0,0,0,0,0,0,0,0,0,0,0,0,0,0,0,0,0,0,0,0,0,0,0,0,0,0,0,0,0,0,0,0,0,0,0,0,0,0,0,0,0,0,0,0,0,0,0,0,0,0,0,0,0,0,0,0,0,0,0,0,0,0,0,0,0,0,0,0,0,0,0,0,0,0,0,0,0,0,0,0,0,0,0,0,0,0,0,0,0,0,0,0,0,0,0,0,0,0,0,0,0,0,0,0,0,0,0,0,0,0,0,0,0,0,0,0,0,0,0,0,0,0,0,0,0,0,0,0,0,0,0,0,0,0,0,0,0,0,0,0,0,0,0,0,0,0,0,0,0,0,0,0,0,0,0,0,0,0,0,0,0,0,0,0,0,0,0,0,0,0,0,0,0,0,0,0,0,0,0,0,0,0,0,0,0,0,0,0,0,0,0,0,0,0,0,0,0,0,0,0,0,0,0,0,0,0,0,0,0,0,0,0,0,0,0,0,0,0,0,0,0,0,0,0,0,0,0,0,0,0,0,0,0,0,0,0,0,0,0,0,0,0,0,0,0,0,0,0,0,0,0,0,0,0,0,0,0,0,0,0,0,0,0,0,0,0,0,0,0,0,0,0,0,0,0,0,0,0,0,0,0,0,0,0,0,0,0,0,0,0,0,0,0,0,0,0,0,0,0,0,0,0,0,0,0,0,0,0,0,0,0,0,0,0,0,0,0,0,0,0,0,0,0,0,0,0,0,0,0,0,0,0,0,0,0,0,0,0,0,0,0,0,0,0,0,0,0,0,0,0,0,0,0,0,0,0,0,0,0,0,0,0,0,0,0,0,0,0,0,0,0,0,0,0,0,0,0,0,0,0,0,0,0,0,0,0,0,0,0,0,0,0,0,0,0,0,0,0,0,0,0,0,0,0,0,0,0,0,0,0,0,0,0,0,0,0,0,0,0,0,0,0,0,0,0,0,0,0,0,0,0,0,0,0,0,0,0,0,0,0,0,0,0,0,0,0,0,0,0,0,0,0,0,0,0,0,0,0,0,0,0,0,0,0,0,0,0,0,0,0,0,0,0,0,0,0,0,0,0,0,0,0,0,0,0,0,0,0,0,0,0,0,0,0,0,0,0,0,0,0,0,0,0,0,0,0,0,0,0,0,0,0,0,0,0,0,0,0,0,0,0,0,0,0,0,0,0,0,0,0,0,0,0,0,0,0,0,0,0,0,0,0,0,0,0,0,0,0,0,0,0,0,0,0,0,0,0,0,0,0,0,0,0,0,0,0,0,0,0,0,0,0,0,0,0,0,0,0,0,0,0,0,0,0,0,0,0,0,0,0,0,0,0,0,0,0,0,0,0,0,0,0,0,0,0,0,0,0,0,0,0,0,0,0,0,0,0,0,0,0,0,0,0,0,0,0,0,0,0,0,0,0,0,0,0,0,0,0,0,0,0,0,0,0,0,0,0,0,0,0,0,0,0,0,0,0,0,0,0,0,0,0,0,0,0,0,0,0,0,0,0,0,0,0,0,0,0,0,0,0,0,0,0,0,0,0,0,0,0,0,0,0,0,0,0,0,0,0,0,0,0,0,0,0,0,0,0,0,0,0,0,0,0,0,0,0,0,0,0,0,0,0,0,0,0,0,0,0,0,0,0,0,0,0,0,0,0,0,0,0,0,0,0,0,0,0,0,0,0,0,0,0,0,0,0,0,0,0,0,0,0,0,0,0,0,0,0,0,0,0,0,0,0,0,0,0,0,0,0,0,0,0,0,0,0,0,0,0,0,0,0,0,0,0,0,0,0,0,0,0,0,0,0,0,0,0,0,0,0,0,0,0,0,0,0,0,0,0,0,0,0,0,0,0,0,0,0,0,0,0,0,0,0,0,0,0,0,0,0,0,0,0,0,0,0,0,0,0,0,0,0,0,0,0,0,0,0,0,0,0,0,0,0,0,0,0,0,0,0,0,0,0,0,0,0,0,0,0,0,0,0,0,0,0,0,0,0,0,0,0,0,0,0,0,0,0,0,0,0,0,0,0,0,0,0,0,0,0,0,0,0,0,0,0,0,0,0,0,0,0,0,0,0,0,0,0,0,0,0,0,0,0,0,0,0,0,0,0,0,0,0,0,0,0,0,0,0,0,0,0,0,0,0,0,0,0,0,0,0,0,0,0,0,0,0,0,0,0,0,0,0,0,0,0,0,0,0,0,0,0,0,0,0,0,0,0,0,0,0,0,0,0,0,0,0,0,0,0,0,0,0,0,0,0,0,0,0,0,0,0,0,0,0,0,0,0,0,0,0,0,0,0,0,0,0,0,0,0,0,0,0,0,0,0,0,0,0,0,0,0,0,0,0,0,0,0,0,0,0,0,0,0,0,0,0,0,0,0,0,0,0,0,0,0,0,0,0,0,0,0,0,0,0,0,0,0,0,0,0,0,0,0,0,0,0,0,0,0,0,0,0,0,0,0,0,0,0,0,0,0,0,0,0,0,0,0,0,0,0,0,0,0,0,0,0,0,0,0,0,0,0,0,0,0,0,0,0,0,0,0,0,0,0,0,0,0,0,0,0,0,0,0,0,0,0,0,0,0,0,0,0,0,0,0,0,0,0,0,0,0,0,0,0,0,0,0,0,0,0,0,0,0,0,0,0,0,0,0,0,0,0,0,0,0,0,0,1,0,0,0,0,0,0,0,0,0,0,0,0,0,0,0,0,0,0,0,0,0,0,0,0,0,0,0,0,0,0,0,0,0,0,0,0,0,0,0,0,0,0,0,0,0,0,0,0,0,0,0,0,0,0,0,0,0,0,0,0,0,0,0,0,0,0,0,0,0,0,0,0,0,0,0,0,0,0,0,0,0,0,0,0,0,0,0,0,0,0,0,0,0,0,0,0,0,0,0,0,0,0,0,0,0,0,0,0,0,0,0,0,0,0,0,0,0,0,0,0,0,0,0,0,0,0,0,0,0,0,0,0,0,0,0,0,0,0,0,0,0,0,0,0,0,0,0,0,0,0,0,0,0,0,0,0,0,0,0,0,0,0,0,0,0,0,0,0,0,0,0,0,0,0,0,0,0,0,0,0,0,0,0,0,0,0,0,0,0,0,0,0,0,0,0,0,0,0,0,0,0,0,0,0,0,0,0,0,0,0,0,0,0,0,0,0,0,0,0,0,0,0,0,0,0,0,0,0,0,0,0,0,0,0,0,0,0,0,0,0,0,0,0,0,0,0,0,0,0,0,0,0,0,0,0,0,0,0,0,0,0,0,0,0,0,0,0,0,0,0,0,0,0,0,0,0,0,0,0,0,0,0,0,0,0,0,0,0,0,0,0,0,0,0,0,0,0,0,0,0,0,0,0,0,0,0,0,0,0,0,0,0,0,0,0,0,0,0,0,0,0,0,0,0,0,0,0,0,0,0,0,0,0,0,0,0,0,0,0,0,0,0,0,0,0,0,0,0,0,0,0,0,0,0,0,0,0,0,0,0,0,0,0,0,0,0,0,0,0,0,0,0,0,0,0,0,0,0,0,0,0,0,0,0,0,0,0,0,0,0,0,0,0,0,0,0,0,0,0,0,0,0,0,0,0,0,0,0,0,0,0,0,0,0,0,0,0,0,0,0,0,0,0,0,0,0,0,0,0,0,0,0,0,0,0,0,0,0,0,0,0,0,0,0,0,0,0,0,0,0,0,0,0,0,0,0,0,0,0,0,0,0,0,0,0,0,0,0,0,0,0,0,0,0,0,0,0,0,0,0,0,0,0,0,0,0,0,0,0,0,0,0,0,0,0,0,0,0,0,0,0,0,0,0,0,0,0,0,0,0,0,0,0,0,0,0,0,0,0,0,0,0,0,0,0,0,0,0,0,0,0,0,0,0,0,0,0,0,0,0,0,0,0,0,0,0,0,0,0,0,0,0,0,0,0,0,0,0,0,0,0,0,0,0,0,0,0,0,0,0,0,0,0,0,0,0,0,0,0,0,0,0,0,0,0,0,0,0,0,0,0,0,0,0,0,0,0,0,0,0,0,0,0,0,0,0,0,0,0,0,0,0,0,0,0,0,0,0,0,0,0,0,0,0,0,0,0,0,0,0,0,0,0,0,0,0,0,0,0,0,0,0,0,0,0,0,0,0,0,0,0,0,0,0,0,0,0,0,0,0,0,0,0,0,0,0,0,0,0,0,0,0,0,0,0,0,0,0,0,0,0,0,0,0,0,0,0,0,0,0,0,0,0,0,0,0,0,0,0,0,0,0,0,0,0,0,0,0,0,0,0,0,0,0,0,0,0,0,0,0,0,0,0,0,0,0,0,0,0,0,0,0,0,0,0,0,0,0,0,0,0,0,0,0,0,0,0,0,0,0,0,0,0,0,0,0,0,0,0,0,0,0,0,0,0,0,0,0,0,0,0,0,0,0,0,0,0,0,0,0,0,0,0,0,0,0,0,0,0,0,0,0,0,0,0,0,0,0,0,0,0,0,0,0,0,0,0,0,0,0,0,0,0,0,0,0,0,0,0,0,0,0,0,0,0,0,0,0,0,0,0,0,0,0,0,0,0,0,0,0,0,0,0,0,0,0,0,0,0,0,0,0,0,0,0,0,0,0,0,0,0,0,0,0,0,0,0,0,0,0,0,0,0,0,0,0,0,0,0,0,0,0,0,0,0,0,0,0,0,0,0,0,0,0,0,0,0,0,0,0,0,0,0,0,0,0,0,0,0,0,0,0,0,0,0,0,0,0,0,0,0,0,0,0,0,0,0,0,0,0,0,0,0,0,0,0,0,0,0,0,0,0,0,0,0,0,0,0,0,0,0,0,0,0,0,0,0,0,0,0,0,0,0,0,0,0,0,0,0,0,0,0,0,0,0,0,0,0,0,0,0,0,0,0,0,0,0,0,0,0,0,0,0,0,0,0,0,0,0,0,0,0,0,0,0,0,0,0,0,0,0,0,0,0,0,0,0,0,0,0,0,0,0,0,0,0,0,0,0,0,0,0,0,0,0,0,0,0,0,0,0,0,0,0,0,0,0,0,0,0,0,0,0,0,0,0,0,0,0,0,0,0,0,0,0,0,0,0,0,0,0,0,0,0,0,0,0,0,0,0,0,0,0,0,0,0,0,0,0,0,0,0,0,0,0,0,0,0,0,0,0,0,0,0,0,0,0,0,0,0,0,0,0,0,0,0,0,0,0,0,0,0,0,0,0,0,0,0,0,0,0,0,0,0,0,0,0,0,0,0,0,0,0,0,0,0,0,0,0,0,0,0,0,0,0,0,0,0,0,0,0,0,0,0,0,0,0,0,0,0,0,0,0,0,0,0,0,0,0,0,0,0,0,0,0,0,0,0,0,0,0,0,0,0,0,0,0,0,0,0,0,0,0,0,0,0,0,0,0,0,0,0,0,0,0,0,0,0,0,0,0,0,0,0,0,0,0,0,0,0,0,0,0,0,0,0,0,0,0,0,0,0,0,0,0,0,0,0,0,0,0,0,0,0,0,0,0,0,0,0,0,0,0,0,0,0,0,0,0,0,0,0,0,0,0,0,0,0,0,0,0,0,0,0,0,0,0,0,0,0,0,0,0,0,0,0,0,0,0,0,0,0,0,0,0,0,0,0,0,0,0,0,0,0,0,0,0,0,0,0,0,0,0,0,0,0,0,0,0,0,0,0,0,0,0,0,0,0,0,0,0,0,0,0,0,0,0,0,0,0,0,0,0,0,0,0,0,0,0,0,0,0,0,0,0,0,0,0,0,0,0,0,0,0,0,0,0,0,0,0,0,0,0,0,0,0,0,0,0,0,0,0,0,0,0,0,0,0,0,0,0,0,0,0,0,0,0,0,0,0,0,0,0,0,0,0,0,0,0,0,0,0,0,0,0,0,0,0,0,0,0,0,0,0,0,0,0,0,0,0,0,0,0,0,0,0,0,0,0,0,0,0,0,0,0,0,0,0,0,0,0,0,0,0,0,0,0,0,0,0,0,0,0,0,0,0,0,0,0,0,0,0,0,0,0,0,0,0,0,0,0,0,0,0,0,0,0,0,0,0,0,0,0,0,0,0,0,0,0,0,0,0,0,0,0,0,0,0,0,0,0,0,0,0,0,0,0,0,0,0,0,0,0,0,0,0,0,0,0,0,0,0,0,0,0,0,0,0,0,0,0,0,0,0,0,0,0,0,0,0,0,0,0,0,0,0,0,0,0,0,0,0,0,0,0,0,0,0,0,0,0,0,0,0,0,0,0,0,0,0,0,0,0,0,0,0,0,0,0,0,0,0,0,0,0,0,0,0,0,0,0,0,0,0,0,0,0,0,0,0,0,0,0,0,0,0,0,0,0,0,0,0,0,0,0,0,0,0,0,0,0,0,0,0,0,0,0,0,0,0,0,0,0,0,0,0,0,0,0,0,0,0,0,0,0,0,0,0,0,0,0,0,0,0,0,0,0,0,0,0,0,0,0,0,0,0,0,0,0,0,0,0,0,0,0,0,0,0,0,0,0,0,0,0,0,0,0,0,0,0,0,0,0,0,0,0,0,0,0,0,0,0,0,0,0,0,0,0,0,0,0,0,0,0,0,0,0,0,0,0,0,0,0,0,0,0,0,0,0,0,0,0,0,0,0,0,0,0,0,0,0,0,0,0,0.14889213,0.91296864,-0.7370919,0.76801586,-0.6335818,1.4432034,0.73015577,0.4142032,0.026790956,0.8015186,0.08556607,-0.06742352,-1.2262713,-1.28921,-0.6767675,1.4559848,0.07036394,-0.14130394,0.5756169,0.41294444,0.03405312,0.716987,-1.3322989,-0.25846684,-0.61818606,-0.9012168,0.20330995,-0.17800207,1.15659,-1.1369951,-0.46597108,0.23303641,-1.3595078,-0.1153538,0.36201245,0.5085145,-0.16793187,0.06377958,-1.174371,-0.3063003,0.13417415,-0.45270553,-0.16386506,-0.8253998,0.50299525,-0.07584763,0.14860165,-0.7662374,0.07481807,0.59391755,0.27418867,1.3825886,-0.8840781,0.6951037,0.57706934,1.0907464,-0.51225525,-0.90015167,0.30594856,0.20853871,-1.4874187,0.5648689,-1.5550052,0.3057549,1.324104,-0.8059372,-0.6486871,-0.62118775,0.6956847,-0.3015557,-0.1563124,0.6362318,0.03240703,1.8661519,-0.48223832,-0.81900907,0.45661426,-0.027239546,0.39948523,0.23119667,0.9606084,1.1441959,-1.2822384,1.4058275,1.0938449,0.28658277,-0.86180747,-0.21111754,1.1432277,0.15160336,-0.8590962,0.054774493,-0.2083095,1.0138643,-0.5700621,-0.48591784,-1.417605,1.1469071,-0.503928,0.2252901,0.3521359,0.35513762,-1.2749761,0.11006377,-0.32789314,-0.97519404,0.9282676,0.22771083,-0.7838602,-0.34464455,-0.05464211,-0.6250609,0.21764062,0.12507224,0.37866703,0.4212717,-0.9993044,0.4920536,-1.5182103,0.09757285,0.9009619,-0.22312433,-1.2131994,0.23720005,-0.4425385,-0.09182439,0.10260795,-0.3676898,0.5680643,-1.3450803,0.6958783,-1.2805922,0.71776164,0.7186331,-0.022882247,-0.3848285,0.19730657,0.062423974,0.23235862,1.0469798,1.4279045,-0.25149518,-0.9169031,-0.47187763,0.6410732,1.2430582,0.47278467,-0.30407324,-0.52890986,-0.5502122,0.6467861,-0.45977405,0.52449125,1.3117099,-0.12900667,-0.48291615,0.75387883,0.5171323,1.4171565,-0.8036133,0.03908822,-0.10421848,0.27002504,-0.64297426,0.08963288,-0.6121827,-0.47400787,-0.8111659,-1.2875639,0.1007682,0.1487953,0.37953848,-1.4736689,0.17542325,-0.02268859,0.97474545,-0.6015315,-0.045056056,0.28774473,0.26005167,-0.52319694,0.99411124,0.7313177,1.0571468,-1.3236811,-1.1299266,-0.17393526,0.8614557,-0.61411923,-0.06384085,-0.5557314,-0.54043245,0.67554426,0.93281853,0.12361981,-0.7139498,0.5031889,0.7158251,-0.9700621,-0.7767917,-0.49647218,0.24717343,-0.3501638,0.20718311,0.0037456881,-0.29196963,0.90706205,0.0323102,-0.86906964,-1.3086727,-0.111867964,0.8726878,0.3977423,0.24794807,-0.60017586,0.53068835,-1.2644218,0.17106596,-0.62089723,-0.5344291,-0.22980551,1.2809182,-1.0147971,0.055355467,-0.10692969,1.3169386,0.10599696,-0.89095294,0.49185994,0.15295896,-0.9034439,-0.013296191,0.85826033,0.59933996,-0.26553535,-0.3394158,-0.7875397,-0.6322262,-0.424722,-0.8735237,0.6097007,-1.0158621,0.696072,0.30943438,-0.5342354,0.3789575,-0.12561767,-0.13965784,-0.04457191,-0.05899941,-0.25401273,1.0643121,1.6678464,0.01894782,-0.91244894,0.3222158,-0.29448718,0.057292044,0.05351572,-0.18826593,0.83172923,-0.45890257,-0.121357195,0.10338258,0.72279674,0.39415964,-0.53568786,0.7624966,-0.410585,0.6323586,0.026113154,-0.5048963,1.0783523,-0.9227128,0.45061085,-0.43905267,0.7650142,-0.27124825,-0.26679415,0.90522236,-0.35771644,-0.500539,-0.030822214,-0.5523424,-0.4606455,0.8698798,-0.04970384,0.4463504,-0.45638502,-1.4056951,-0.26814973,-1.1767917,0.31805214,-0.27008632,1.1224095,1.1919326,0.6601485,0.2138643,-0.20279026,0.16525622,-0.5371403,-0.87149036,0.11093523,-0.79867506,0.3205697,1.1095312,0.6642153,-1.2986025,0.71601874,0.31940776,-0.2861599,-0.8192996,-0.5144823,0.8382168,-0.24704105,-0.25837,-1.087806,-0.27289435,-0.74609697,-0.3640103,-0.53830224,0.8483838,0.45767936,-0.6562398,-1.0731848,0.952378,1.3703882,0.9459873,1.1261858,1.0260648,-0.22748162,-0.18507057,-0.13888322,-0.24839665,-0.4048721,0.55092555,0.5929493,-0.7826014,-0.02694906,-0.6963269,-0.55553776,-0.5742257,0.6504656,0.3960962,-1.0210909,-1.3625095,0.1426951,-0.26785925,-0.20085368,-0.21499069,0.6518212,0.10347941,-0.16260628,1.241509,0.7165029,-0.84631485,0.8414121,1.1797321,0.4373453,1.1531042,0.8383136,-0.008745234,0.35232955,0.21473576,-1.1918002,0.10841768,-0.3485177,-1.4148939,-0.65904784,-0.07352374,0.24794807,0.25540388,0.50299525,-0.64800936,-0.20792219,0.4554523,-0.100442156,0.8524506,1.0188025,-1.0550778,-0.36255786,0.07462441,0.5254596,0.9423078,0.8761737,-0.34416038,1.3190689,0.9796837,0.6131865,-0.5968837,-0.4116501,1.4419447,-0.49056563,0.29587835,-0.24103765,-1.4986508,0.3047866,-1.1102703,0.67602843,-0.5890406,-1.4186702,0.75939804,0.14656825,1.0102817,0.06639396,0.5974034,-1.3957218,-1.5213088,-0.16221897,0.63177764,0.96603084,0.37179217,-0.8505753,-0.41813764,0.5393061,0.39561206,-0.16754456,-1.2351795,-1.0111176,-0.19194543,-0.91922694,-0.10935041,-0.057643805,-0.19601224,-0.3438699,0.13959657,0.7404196,-0.4022577,-1.4096651,0.5978875,-0.71424025,-0.17161137,1.3944986,-1.2410861,-0.64597595,0.086243875,-1.0959396,0.14705239,-1.079285,0.1792964,0.12545955,-0.27018315,-1.1287646,1.401567,0.23448884,-0.4364383,0.03550555,0.594789,0.29055277,-0.42559347,-0.36604372,-0.077300064,-0.3981909,-0.3585879,0.21192773,-0.48959732,0.7528137,1.6071347,-1.5479367,0.24630196,0.14831117,-0.8932768,0.13891877,-0.78240776,-0.0008052681,-0.49511656,-0.05396431,1.3711628,-1.431258,1.1099185,0.2104753,-0.22399577,0.42988947,-0.3551989,-0.44660532,-1.0294182,-0.5094472,0.76636976,1.5459388,-0.3690454,1.1458421,0.16370696,-0.42007422,-1.2297571,-0.34774306,-0.96347773,-0.22806258,-0.66146857,-0.1472105,-0.44098926,0.92642784,-1.4051142,-0.06645523,0.36123782,0.63303643,0.20360045,1.0476576,-0.3475494,-0.13104008,-0.51341724,0.8180764,-0.5392705,1.3149052,0.64233196,1.5481659,-0.3170483,-0.14140077,-0.19882028,1.2292117,-0.3945114,-0.3827951,0.09612042,0.87665784,-0.37388685,0.5051255,0.07278466,-1.5582974,-0.64065033,-0.31811342,0.11093523,0.15237798,0.80258375,0.047899645,-0.48901635,0.43647385,0.7816687,0.3638522,1.6177859,0.027952902,-0.3724344,-0.7096893,0.4202066,-0.48959732,-0.7995465,-1.2239474,0.40432665,-0.3706915,0.025144866,0.567096,0.0561301,-0.26020977,0.021465369,0.48856777,-0.11051236,0.45148233,0.7914484,-0.63087064,-0.045733858,1.1740192,0.45390305,-1.08616,0.10851451,0.16912937,0.27941743,0.7944501,0.6054402,0.9641911,-1.0107303,0.72812235,-1.105913,-0.7052352,-0.20646976,-0.78744286,0.052741088,0.37750506,0.32947797,0.49854115,0.71475995,0.71001536,-1.438617,1.3576068,-0.39315578,-0.41232792,-0.6216719,0.37905434,0.18113615,0.24756074,-0.44166705,-1.1769854,-1.3716114,-0.058708925,0.75901073,0.32182848,0.4705576,0.567096,-0.22767527,0.87598,0.5635133,0.11548619,0.56099576,1.3669024,0.1474397,-0.010294496,0.7084661,0.0054886076,1.1394514,0.33093038,0.53049463,-1.0879028,0.20059875,-0.32150245,-1.1865715,0.02650047,0.5339805,0.24252564,0.99788755,-0.96347773,-0.22661015,-0.17800207,1.0139611,0.24978781,-0.8317905,-0.05464211,-0.83120954,0.7418721,-0.5388832,-0.25043005,-1.1575228,-0.8991834,-1.093422,0.7812814,-1.1090115,0.17581056,0.16089892,0.103866726,0.23216496,-1.0992318,-0.59368837,-0.69371253,-0.1989171,-0.42820784,-1.3109965,1.0568563,0.59895265,-0.064712316,-0.27725166,1.031003,-0.8912434,0.13320586,-1.0332913,-0.020558355,0.33422258,0.07462441,-0.6693117,0.5629323,0.17135644,0.1413395,-1.0467505,-0.51554745,-0.06142013,-0.30639714,-0.053673822,-0.5393674,0.5996305,0.31601876,-0.37398368,0.19662876,0.041896258,-1.0915823,0.5237166,0.761141,0.21492942,1.6432519,-0.34532234,-0.3311853,-0.5228096,1.4155104,-0.6939062,-1.4713451,-0.3116259,0.5413395,0.081111945,-0.627288,-0.35413375,0.30682,-0.3871524,0.7648205,-0.1948503,0.5681611,-1.2147486,0.37779555,-0.06529328,0.52303886,0.8538062,0.3450674,0.9295264,1.3211023,-0.36013713,0.46368274,0.42398292,0.3367401,-0.5009263,1.3669024,-0.15689339,1.0316808,-0.6361962,-0.6820931,0.1635133,-0.32895824,0.64388126,-1.1095924,-0.16793187,0.48982653,-0.38860482,0.20340678,-0.51254576,0.19420804,0.5648689,-0.6290309,0.08459778,0.49176311,0.16254501,0.16399744,-0.9614443,-0.49104977,0.843736,0.06261763,0.33615914,0.13582024,0.3001388,0.85429037,-0.08504637,-0.34474137,-1.0783168,-0.3821173,0.2249028,0.19323976,-0.90111995,0.39057696,0.81236345,0.8997031,0.5367885,0.2400081,-0.93568784,1.0585024,0.0077156713,0.78922135,-0.05483577,-1.3826499,1.1273477,-0.7405777,0.707401,0.20127656,-0.71540225,-0.43634146,1.029357,0.234973,-0.44854188,-0.48562735,-0.3600403,-0.5642524,0.15460505,-0.07991444,0.58510613,0.3055612,-0.58933103,0.51258135,0.45303157,-0.51225525,-1.4081159,-0.30717176,-0.7291519,-0.1522456,0.34351814,1.5896087,-0.48804808,0.9544114,0.5515065,1.2274687,0.7535883,-0.06006453,-0.15089,-0.21760507,0.77489066,0.15470187,0.4806278,0.2303252,-0.5062519,0.4097491,-0.16676992,0.3144695,-0.5543758,0.035215065,-0.47613811,0.0655225,-0.21605581,0.2131865,0.3471008,-0.3442572,0.4249512,0.5097733,0.96932304,0.15828454,0.4142032,0.32880014,-0.44980067,-1.314095,-0.30736542,-0.5968837,1.072349,-0.23416281,0.1866554,-0.14091662,0.37169534,0.6306157,0.95867187,0.4520633,0.379248,-0.056966003,0.74787545,1.0594707,-0.83672875,-0.46083915,-0.61857337,1.3160672,-0.32605338,-0.025690284,0.026113154,1.5381925,1.0111531,0.38689747,-0.32624704,0.9843315,-0.06858547,-1.2245283,-1.562461,1.3689357,0.48759946,-0.5744194,0.041508943,1.2837263,0.85690475,0.6373937,0.16903254,0.050223537,0.51906884,-0.5780989,0.01710807,-1.101943,0.5132591,0.17261522,0.7816687,0.13979022,-1.0501395,-1.0466537,-1.5978036,-0.021332985,-0.32886142,-0.30717176,0.28241915,-0.5992076,-0.30097473,-0.040989242,0.03405312,-0.47381422,-0.254981,-0.19039616,0.24543051,-0.20569512,-0.34638745,-0.06325988,-0.32731217,-0.42782053,-0.37756634,0.57871544,-1.0712483,-0.4646155,0.08508193,-0.45580405,-0.42326957,-0.627288,0.44731867,0.4547745,-0.8885322,-0.4991834,-0.112158455,0.13185026,1.1254112,0.29248932,-0.45919308,-0.042344846,-0.87371737,0.46862102,-0.8022577,-0.2777358,-1.4206067,-0.11816184,-0.22486724,-0.19281688,-0.3569418,0.30962804,1.1934818,0.024854379,1.3477302,-0.4915339,-0.16531749,0.14937629,-0.27860725,0.7984201,-0.1707399,0.155767,0.45642057,0.11964983,0.08798679,0.26886308,0.682516,-0.25043005,0.13998389,0.61192775,0.67128384,0.07394661,-0.8115533,0.21899623,-1.1649786,0.4789817,-0.22041312,-0.3663342,-0.18439278,0.8930219,1.1026564,-0.057837464,-0.36158958,0.3773114,0.5282676,-0.3368014,0.037248474,0.93727267,-0.61741143,0.25869605,1.0222884,1.1732446,-0.8957944,-0.658951,0.26576456,1.1649173,-0.60220927,0.13281855,0.6688631,0.99256194,0.80268055,0.13988706,0.3001388,0.44383284,-0.79238117,-0.849026,0.27680305,-0.11825867,0.73441625,-0.39664164,-0.71540225,-0.7143371,0.098444305,-0.9897184,-0.4244315,-0.68809646,1.0048592,0.5524748,-0.7452255,-0.41649154,0.35794565,-0.32934558,-0.19407566,-0.2955523,-1.1878302,0.9292359,0.23071252,0.3554281,0.4204971,-0.44466874,0.51558304,-0.52813524,0.8387009,-0.43566367,-0.7056225,0.47656098,1.0419446,0.6501751,-1.0873219,0.7578488,-0.58458644,-0.6205099,-0.21053657,0.8561301,0.9224579,0.36869365,0.100284055,0.5980812,0.19846852,-0.5806165,0.08614704,0.7515549,-0.4629694,-0.39877185,-1.2595804,-0.98661983,1.0673138,0.9957573,0.57416445,0.37092072,-0.6156685,-0.6700863,0.8706544,0.34971517,0.483339,0.34990886,0.8711386,0.044510636,-0.50383115,0.27331722,-0.49008146,-0.8041943,0.7944501,0.8647479,1.0794175,-0.222737,-0.1227128,0.75717103,0.32947797,-0.13520372,0.497476,-0.06965058,-0.6800597,0.37915117,0.5061906,-0.9345259,0.30682,0.38021627,-0.814555,1.5506835,-0.07991444,0.5696135,-0.5444993,0.97648835,0.6939418,-0.6210909,-0.42288226,0.103963554,0.23923346,0.22519328,0.9433729,-0.52774787,0.39173892,0.15034458,-0.5558283,0.47820708,0.35823613,-0.4753635,0.41575247,0.5697104,-0.3539401,0.3550408,0.7021722,-0.31191638,-0.11448234,0.23545714,-0.41126278,0.26005167,0.7461325,0.28174132,-0.010681812,0.24271931,0.6514339,0.17968372,0.23342372,-0.29826352,-0.3535528,-0.26485756,1.4513371,-0.06074233,-0.536753,0.94695556,-0.34435403,0.60602117,-0.55214876,0.5649657,0.25017512,0.16264184,0.6689599,0.03405312,0.14579362,0.42417657,0.007037869,-0.06238842,1.1143726,-0.13743079,-0.5060582,0.2118309,0.5323344,0.46900833,0.10425404,0.20863554,0.9641911,-0.8253998,-0.45357698,0.59420806,0.45700157,0.16031794,-0.41281205,0.57203424,0.45632374,-0.54033566,0.28038573,-0.098602414,-0.78492534,-0.5666731,-0.56686676,-0.30446056,-0.053576995,-0.5968837,0.28193498,0.071622714,0.32182848,0.42417657,-0.3311853,0.7544598,-0.23484062,0.25859922,-0.43198416,-0.49879608,-0.16773821,-0.5611538,-0.4536738,0.23410153,-0.630096,0.5974034,0.12652467,-0.11719355,0.28125718,-0.36497858,0.3236682,0.2340047,0.09428067,0.41129833,-0.06345354,-0.18303718,-0.5031534,-0.21808922,-0.45280236,0.7114678,0.299461,0.11170986,0.42456388,-0.5552473,-0.18400547,-0.43004757,-0.4414734,0.3672412,-0.1515678,0.5878174,0.6702187,-0.7545211,-0.5780021,
1,1,0,0,0,0,0,0,0,0,0,0,0,0,0,0,0,0,0,0,0,0,0,0,0,0,0,0,0,0,0,0,0,0,0,0,0,0,0,0,0,0,0,0,0,0,0,0,0,0,0,0,0,0,0,0,0,0,0,0,0,0,0,0,0,0,0,0,0,1,0,0,0,0,0,0,0,0,0,0,0,0,0,0,0,0,0,0,0,0,0,0,0,0,0,0,0,0,0,0,0,0,0,0,0,0,0,0,0,0,0,0,0,0,0,0,0,0,0,0,0,0,0,0,0,0,0,0,0,0,0,0,0,0,0,0,0,0,0,0,0,0,0,0,0,0,0,0,0,0,0,0,0,0,0,0,0,0,0,0,0,0,0,0,0,0,0,0,0,0,0,0,0,0,0,0,0,0,0,0,0,0,0,0,0,0,0,0,0,0,0,0,0,0,0,0,0,0,0,0,0,0,0,0,0,0,0,0,0,0,0,0,0,0,0,0,0,0,0,0,0,0,0,0,0,0,0,0,0,0,0,0,0,0,0,0,0,0,0,0,0,0,0,0,0,0,0,0,0,0,0,0,0,0,0,0,0,0,0,0,0,0,0,0,0,0,0,0,0,0,0,0,0,0,0,0,0,0,0,0,0,0,0,0,0,0,0,0,0,0,0,0,0,0,0,0,0,0,0,0,0,0,0,0,0,0,0,0,0,0,0,0,0,0,0,0,0,0,0,0,0,0,0,0,0,0,0,0,0,0,0,0,0,0,0,0,0,0,0,0,0,0,0,0,0,0,0,0,0,0,0,0,0,0,0,0,0,0,0,0,0,0,0,0,0,0,0,0,0,0,0,0,0,0,0,0,0,0,0,0,0,0,0,0,0,0,0,0,0,0,0,0,0,0,0,0,0,0,0,0,0,0,0,0,0,0,0,0,0,0,0,0,0,0,0,0,0,0,0,0,0,0,0,0,0,0,0,0,0,0,0,0,0,0,0,0,0,0,0,0,0,0,0,0,0,0,0,0,0,0,0,0,0,0,0,0,0,0,0,0,0,0,0,0,0,0,0,0,0,0,0,0,0,0,0,0,0,0,0,0,0,0,0,0,0,0,0,0,0,0,0,0,0,0,0,0,0,0,0,0,0,0,0,0,0,0,0,0,0,0,0,0,0,0,0,0,0,0,0,0,0,0,0,0,0,0,0,0,0,0,0,0,0,0,0,0,0,0,0,0,0,0,0,0,0,0,0,0,0,0,0,0,0,0,0,0,0,0,0,0,0,0,0,0,0,0,0,0,0,0,0,0,0,0,0,0,0,0,0,0,0,0,0,0,0,0,0,0,0,0,0,0,0,0,0,0,0,0,0,0,0,0,0,0,0,0,0,0,0,0,0,0,0,0,0,0,0,0,0,0,0,0,0,0,0,0,0,0,0,0,0,0,0,0,0,0,0,0,0,0,0,0,0,0,0,0,0,0,0,0,0,0,0,0,0,0,0,0,0,0,0,0,0,0,0,0,0,0,0,0,0,0,0,0,0,0,0,0,0,0,0,0,0,0,0,0,0,0,0,0,0,0,0,0,0,0,0,0,0,0,0,0,0,0,0,0,0,0,0,0,0,0,0,0,0,0,0,0,0,0,0,0,0,0,0,0,0,0,0,0,0,0,0,0,0,0,0,0,0,0,0,0,0,0,0,0,0,0,0,0,0,0,0,0,0,0,0,0,0,0,0,0,0,0,0,0,0,0,0,0,0,0,0,0,0,0,0,0,0,0,0,0,0,0,0,0,0,0,0,0,0,0,0,0,0,0,0,0,0,0,0,0,0,0,0,0,0,0,0,0,0,0,0,0,0,0,0,0,0,0,0,0,0,0,0,0,0,0,0,0,0,0,0,0,0,0,0,0,0,0,0,0,0,0,0,0,0,0,0,0,0,0,0,0,0,0,0,0,0,0,0,0,0,0,0,0,0,0,0,0,0,0,0,0,0,0,0,0,0,0,0,0,0,0,0,0,0,0,0,0,0,0,0,0,0,0,0,0,0,0,0,0,0,0,0,0,0,0,0,0,0,0,0,0,0,0,0,0,0,0,0,0,0,0,0,0,0,0,0,0,0,0,0,0,1,0,0,0,0,0,0,0,0,0,0,0,0,0,0,0,0,0,0,0,0,0,0,0,0,0,0,0,0,0,0,0,0,0,0,0,0,0,0,0,0,0,0,0,0,0,0,0,0,0,0,0,0,0,0,0,0,0,0,0,0,0,0,0,0,0,0,0,0,0,0,0,0,0,0,0,0,0,0,0,0,0,0,0,0,0,0,0,0,0,0,0,0,0,0,0,0,0,0,0,0,0,0,0,0,0,0,0,0,0,0,0,0,0,0,0,0,0,0,0,0,0,0,0,0,0,0,0,0,0,0,0,0,0,0,0,0,0,0,0,0,0,0,0,0,0,0,0,0,0,0,0,0,0,0,0,0,0,0,0,0,0,0,0,0,0,0,0,0,0,0,0,0,0,0,0,0,0,0,0,0,0,0,0,0,0,0,0,0,0,0,0,0,0,0,0,0,0,0,0,0,0,0,0,0,0,0,1,0,0,0,0,0,0,0,0,0,0,0,0,0,0,0,0,0,0,0,0,0,0,0,0,0,0,0,0,0,0,0,0,0,0,0,0,0,0,0,0,0,0,0,0,0,0,0,0,0,0,0,0,0,0,0,0,0,0,0,0,0,0,0,0,0,0,0,0,0,0,0,0,0,0,0,0,0,0,0,0,0,0,0,0,0,0,0,0,0,0,0,0,0,0,0,0,0,0,0,0,0,0,0,0,0,0,0,0,0,0,0,0,0,0,0,0,0,0,0,0,0,0,0,0,0,0,0,0,0,0,0,0,0,0,0,0,0,0,0,0,0,0,0,0,0,0,0,0,0,0,0,0,0,0,0,0,0,0,0,0,0,0,0,0,0,0,0,0,0,0,0,0,0,0,0,0,0,0,0,0,0,0,0,0,0,0,0,0,0,0,0,0,0,0,0,0,0,0,0,0,0,0,0,0,0,0,0,0,0,0,0,0,0,0,0,0,0,0,0,0,0,0,0,0,0,0,0,0,0,0,0,0,0,0,0,0,0,0,0,0,0,0,0,0,0,0,0,0,0,0,0,0,0,0,0,0,0,0,0,0,0,0,0,0,0,0,0,0,0,0,0,0,0,0,0,0,0,0,0,0,0,0,0,0,0,0,0,0,0,0,0,0,0,0,0,0,0,0,0,0,0,0,0,0,0,0,0,0,0,0,0,0,0,0,0,0,0,0,0,0,0,0,0,0,0,0,0,0,0,0,0,0,0,0,0,0,0,0,0,0,0,1,0,0,0,0,0,0,0,0,0,0,0,0,0,0,0,0,0,0,0,0,0,0,0,0,0,0,0,0,0,0,0,0,0,0,0,0,0,0,0,0,0,0,0,0,0,0,0,0,0,0,0,0,0,0,0,0,0,0,0,0,0,0,0,0,0,0,0,0,0,0,0,0,0,0,0,0,0,0,0,0,0,0,0,0,0,0,0,0,0,0,0,0,0,0,0,0,0,0,0,0,0,0,0,0,0,0,0,0,0,0,0,0,0,0,0,0,0,0,0,0,0,0,0,0,0,0,0,0,0,0,0,0,0,0,0,0,0,0,0,0,0,0,0,0,0,0,0,0,0,0,0,0,0,0,0,0,0,0,0,0,0,0,0,0,0,0,0,0,0,0,0,0,0,0,0,0,0,0,0,0,0,0,0,0,0,0,0,0,0,0,0,0,0,0,0,0,0,0,0,0,0,0,0,0,0,0,0,0,0,0,0,0,0,0,0,0,0,0,0,0,0,0,0,0,0,0,0,0,0,0,0,0,0,0,0,0,0,0,0,0,0,0,0,0,0,0,0,0,0,0,0,0,0,0,0,0,0,0,0,0,0,0,0,0,0,0,0,0,0,0,0,0,0,0,0,0,0,0,0,0,0,0,0,0,0,0,0,0,0,0,0,0,0,0,0,0,0,0,0,0,0,0,0,0,0,0,0,0,0,0,0,0,0,0,0,0,0,0,0,0,0,0,0,0,0,0,0,0,0,0,0,0,0,0,0,0,0,0,0,0,0,0,0,0,0,0,0,0,0,0,0,0,0,0,0,0,0,0,0,0,0,0,0,0,0,0,0,0,0,0,0,0,0,0,0,0,0,0,0,0,0,0,0,0,0,0,0,0,0,0,0,0,0,0,0,0,0,0,0,0,0,0,0,0,0,0,0,0,0,0,0,0,0,0,0,0,0,0,0,0,0,0,0,0,0,0,0,0,0,0,0,0,0,0,0,0,0,0,0,0,0,0,0,0,0,0,0,0,0,0,0,0,0,0,0,0,0,0,0,0,0,0,0,0,0,0,0,0,0,0,0,0,0,0,0,0,0,0,0,0,0,0,0,0,0,0,0,0,0,0,0,0,0,0,0,0,0,0,0,0,0,0,0,0,0,0,0,0,0,0,0,0,0,0,0,0,0,0,0,0,0,0,0,0,0,0,0,0,0,0,0,0,0,0,0,0,0,0,0,0,0,0,0,0,0,0,0,0,0,0,0,0,0,0,0,0,0,0,0,0,0,0,0,0,0,0,0,0,0,0,0,0,0,0,0,0,0,0,0,0,0,0,0,0,0,0,0,0,0,0,0,0,0,0,0,0,0,0,0,0,0,0,0,0,0,0,0,0,0,0,0,0,0,0,0,0,0,0,0,0,0,0,0,0,0,0,0,0,0,0,0,0,0,0,0,0,0,0,0,0,0,0,0,0,0,0,0,0,0,0,0,0,0,0,0,0,0,0,0,0,0,0,0,0,0,0,0,0,0,0,0,0,0,0,0,0,0,0,0,0,0,0,0,0,0,0,0,0,0,0,0,0,0,0,0,0,0,0,0,0,0,0,0,0,0,0,0,0,0,0,0,0,0,0,0,0,0,0,0,0,0,0,0,0,0,0,0,0,0,0,0,0,0,0,0,0,0,0,0,0,0,0,0,0,0,0,0,0,0,0,0,0,0,0,0,0,0,0,0,0,0,0,0,0,0,0,0,0,0,0,0,0,0,0,0,0,0,0,0,0,0,0,0,0,0,0,0,0,0,0,0,0,0,0,0,0,0,0,0,0,0,0,0,0,0,0,0,0,0,0,0,0,0,0,0,0,0,0,0,0,0,0,0,0,0,0,0,0,0,0,0,0,0,0,0,0,0,0,0,0,0,0,0,0,0,0,0,0,0,0,0,0,0,0,0,0,0,0,0,0,0,0,0,0,0,0,0,0,0,0,0,0,0,0,0,0,0,0,0,0,0,0,0,0,0,0,0,0,0,0,0,0,0,0,0,0,0,0,0,0,0,0,0,0,0,0,0,0,0,0,0,0,0,0,0,0,0,0,0,0,0,0,0,0,0,0,0,0,0,0,0,0,0,0,0,0,0,0,0,0,0,0,0,0,0,0,0,0,0,0,0,0,0,0,0,0,0,0,0,0,0,0,0,0,0,0,0,0,0,0,0,0,0,0,0,0,0,0,0,0,0,0,0,0,0,0,0,0,0,0,0,0,0,0,0,0,0,0,0,0,0,0,0,0,0,0,0,0,0,0,0,0,0,0,0,0,0,0,0,0,0,0,0,0,0,0,0,0,0,0,0,0,0,0,0,0,0,0,0,0,0,0,0,0,0,0,0,0,0,0,0,0,0,0,0,0,0,0,0,0,0,0,0,0,0,0,0,0,0,0,0,0,0,0,0,0,0,0,0,0,0,0,0,0,0,0,0,0,0,0,0,0,0,0,0,0,0,0,0,0,0,0,0,0,0,0,0,0,0,0,0,0,0,0,0,0,0,0,0,0,0,0,0,0,0,0,0,0,0,0,0,0,0,0,0,0,0,0,0,0,0,0,0,0,0,0,0,0,0,0,0,0,0,0,0,0,0,0,0,0,0,0,0,0,0,0,0,0,0,0,0,0,0,0,0,0,0,0,0,0,0,0,0,0,0,0,0,0,0,0,0,0,0,0,0,0,0,0,0,0,0,0,0,0,0,0,0,0,0,0,0,0,0,0,0,0,0,0,0,0,0,0,0,0,0,0,0,0,0,0,0,0,0,0,0,0,0,0,0,0,0,0,0,0,0,0,0,0,0,0,0,0,0,0,0,0,0,0,0,0,0,0,0,0,0,0,0,0,0,0,0,0,0,0,0,0,0,0,0,0,0,0,0,0,0,0,0,0,0,0,0,0,0,0,0,0,0,0,0,0,0,0,0,0,0,0,0,0,0,0,0,0,0,0,0,0,0,0,0,0,0,0,0,0,0,0,0,0,0,0,0,0,0,0,0,0,0,0,0,0,0,0,0,0,0,0,0,0,0,0,0,0,0,0,0,0,0,0,0,0,0,0,0,0,0,0,0,0,0,0,0,0,0,0,0,0,0,0,0,0,0,0,0,0,0,0,0,0,0,0,0,0,0,0,0,0,0,0,0,0,0,0,0,0,0,0,0,0,0,0,0,0,0,0,0,0,0,0,0,0,0,0,0,0,0,0,0,0,0,0,0,0,0,0,0,0,0,0,0,0,0,0,0,0,0,0,0,0,0,0,0,0,0,0,0,0,0,0,0,0,0,0,0,0,0,0,0,0,0,0,0,0,0,0,0,0,0,0,0,0,0,0,0,0,0,0,0,0,0,0,0,0,0,0,0,0,0,0,0,0,0,0,0,0,0,0,0,0,0,0,0,0,0,0,0,0,0,0,0,0,0,0,0,0,0,0,0,0,0,0,0,0,0,0,0,0,0,0,0,0,0,0,0,0,0,0,0,0,0,0,0,0,0,0,0,0,0,0,0,0,0,0,0,0,0,0,0,0,0,0,0,0,0,0,0,0,0,0,0,0,0,0,0,0,0,0,0,0,0,0,0,0,0,0,0,0,0,0,0,0,0,0,0,0,0,0,0,0,0,0,0,0,0,0,0,0,0,0,0,0,0,0,0,0,0,0,0,0,0,0,0,0,0,0,0,0,0,0,0,0,0,0,0,0,0,0,0,0,0,0,0,0,0,0,0,0,0,0,0,0,0,0,0,0,0,0,0,0,0,0,0,0,0,0,0,0,0,0,0,0,0,0,0,0,0,0,0,0,0,0,0,0,0,0,0,0,0,0,0,0,0,0,0,0,0,0,0,0,0,0,0,0,0,0,0,0,0,0,0,0,0,0,0,0,0,0,0,0,0,0,0,0,0,0,0,0,0,0,0,0,0,0,0,0,0,0,0,0,0,0,0,0,0,0,0,0,0,0,0,0,0,0,0,0,0,0,0,0,0,0,0,0,0,0,0,0,0,0,0,0,0,0,0,0,0,0,0,0,0,0,0,0,0,0,0,0,0,0,0,0,0,0,0,0,0,0,0,0,0,0,0,0,0,0,0,0,0,0,0,0,0,0,0,0,0,0,0,0,0,0,0,0,0,0,0,0,0,0,0,0,0,0,0,0,0,0,0,0,0,0,0,0,0,0,0,0,0,0,0,0,0,0,0,0,0,0,0,0,0,0,0,0,0,0,0,0,0,0,0,0,0,0,0,0,0,0,0,0,0,0,0,0,0,0,0,0,0,0,0,0,0,0,0,0,0,0,0,0,0,0,0,0,0,0,0,0,0,0,0,0,0,0,0,0,0,0,0,0,0,0,0,0,0,0,0,0,0,0,0,0,0,0,0,0,0,0,0,0,0,0,0,0,0,0,0,0,0,0,0,0,0,0,0,0,0,0,0,0,0,0,0,0,0,0,0,0,0,0,0,0,0,0,0,0,0,0,0,0,0,0,0,0,0,0,0,0,0,0,0,0,0,0,0,0,0,0,0,0,0,0,0,0,0,0,0,0,0,0,0,0,0,0,0,0,0,0,0,0,0,0,0,0,0,0,0,0,0,0,0,0,0,0,0,0,0,0,0,0,0,0,0,0,0,0,0,0,0,0,0,0,0,0,0,0,0,0,0,0,0,0,0,0,0,0,0,0,0,0,0,0,0,0,0,0,0,0,0,0,0,0,0,0,0,0,0,0,0,0,0,0,0,0,0,0,0,0,0,0,0,0,0,0,0,0,0,0,0,0,0,0,0,0,0,0,0,0,0,0,0,0,0,0,0,0,0,0,0,0,0,0,0,0,0,0,0,0,0,0,0,0,0,0,0,0,0,0,0,0,0,0,0,0,0,0,0,0,0,0,0,0,0,0,0,0,0,0,0,0,0,0,0,0,0,0,0,0,0,0,0,0,0,0,0,0,0,0,0,0,0,0,0,0,0,0,0,0,0,0,0,0,0,0,0,0,0,0,0,0,0,0,0,0,0,0,0,0,0,0,0,0,0,0,0,0,0,0,0,0,0,0,0,0,0,0,0,0,0,0,0,0,0,0,0,0,0,0,0,0,0,0,0,0,0,0,0,0,0,0,0,0,0,0,0,0,0,0,0,0,0,0,0,0,0,0,0,0,0,0,0,0,0,0,0,0,0,0,0,0,0,0,0,0,0,0,0,0,0,0,0,0,0,0,0,0,0,0,0,0,0,0,0,0,0,0,0,0,0,0,0,0,0,0,0,0,0,0,0,0,0,0,0,0,0,0,0,0,0,0,0,0,0,0,0,0,0,0,0,0,0,0,0,0,0,0,0,0,0,0,0,0,0,0,0,0,0,0,0,0,0.16114397,-0.43441406,0.53954744,0.554416,0.42431656,0.67693245,0.103008114,-1.0580735,0.3885578,1.1014284,0.5724812,0.46617138,0.07721125,0.00063844555,-0.106563486,-0.92552084,-0.2273701,0.71306294,0.11423384,0.15750119,-0.01274321,0.15341236,-0.09355354,-0.24327941,0.5394731,-0.35992283,0.13081223,0.58303785,-0.48035774,0.4290001,-0.03883744,-0.06850011,-0.44385555,-0.38906512,0.22879568,-0.9104293,0.79275817,0.30856523,-0.11466683,-0.36029455,0.09453306,-0.7202611,-0.28885138,0.38119787,-0.21205555,0.15750119,0.011864168,0.42840537,0.49256298,-0.29859024,-0.30907255,0.27035317,0.6147821,0.044649225,-0.60882163,-0.1378617,0.047920298,0.36365303,-0.054746743,0.31072116,-0.48786634,0.0010845007,-0.53262055,-0.19042186,-0.11749184,0.36313263,0.20247842,-0.28699282,-0.047386833,0.3784472,0.060409844,-0.22045624,0.17422827,-0.090133786,0.19028625,-0.71639526,0.09646597,-0.12871756,0.024205029,0.19489549,0.11624108,-0.18492052,0.33168575,0.4136112,-0.110057585,0.2562281,-0.10366413,-0.26364926,0.2455971,-0.264244,0.12969708,-0.07556265,-0.18514355,-0.7145367,0.16820651,-0.5789359,-0.15644732,0.3831308,0.16634795,-0.35085306,-0.34416223,-0.18321064,-0.39426908,0.02249515,0.17006508,0.228647,-0.22454509,0.5886879,-0.42950746,0.3018744,-0.3243871,-0.19540282,-0.49418545,-0.28253227,0.03275442,-0.20462129,0.08903172,-0.3792519,0.17720196,0.5877958,-0.14261961,0.020785272,0.41331384,-0.6742431,0.35703656,-0.23316883,0.079887584,0.13772608,0.1036772,-0.24127215,-0.035789397,0.036471546,0.59879845,0.045243967,0.24894251,0.037214972,0.05825391,0.01045166,0.108881176,0.06457303,-0.19250345,0.22366604,-0.0027069685,-0.38267165,0.11832268,-0.027165662,-0.19696401,-0.13801038,-0.1223241,0.29652172,0.51263547,0.15415578,-0.15161507,0.1996534,-0.097121984,0.52415854,0.42193758,-0.22573456,0.015060897,-0.12596689,-0.17971654,0.019149736,0.49122483,0.017068146,-0.36758012,-0.15614995,0.070223056,0.025320167,-0.085227184,-0.43084562,0.37978536,-0.23963661,0.43249422,-0.41761264,-0.05943032,0.24180563,-0.097642384,-0.0039707916,0.037363656,0.091931075,-0.39664805,0.028145183,0.28908747,0.2574919,0.36402476,-0.12410832,0.01922408,-0.027165662,-0.18410274,0.39562032,0.004206887,0.355401,-0.08671403,0.26529786,-0.081584394,-0.3712229,-0.20529038,0.26916367,0.014614842,0.27607754,0.098621905,-0.058984265,-0.09756804,0.40015522,-0.32632002,0.12523653,-0.107381254,0.010674687,0.13794911,0.036174178,-0.33546415,0.098175846,-0.15481178,-0.31472257,0.1230806,0.36647806,-0.37568346,0.038181424,0.054611124,0.26983276,-0.15875195,0.03706629,-0.00092274765,0.06672896,-0.15629864,0.040337358,-0.14336304,-0.24840905,0.16054924,-0.17919615,0.28209928,0.03015243,0.047845956,-0.55068576,-0.09950095,0.01662209,-0.14180185,0.09557386,-0.45151284,-0.118978694,-0.35969982,-0.15793417,0.1809191,0.078623764,-0.10775297,-0.102623336,0.24611749,0.036322862,-0.28149146,-0.4002165,0.15252024,0.0025713514,-0.14745188,0.12835892,0.47620764,0.5524831,0.301354,0.23362795,-0.31784496,0.25845835,-0.33442336,-0.43917197,-0.23525041,0.15958278,0.052306507,0.174823,0.11757925,0.08189484,0.1550479,-0.054226343,0.09364095,-0.22922866,-0.16061051,-0.060396776,0.0872475,0.042047236,0.0143174715,-0.108273365,0.095945574,-0.3255766,-0.2357708,-0.2074463,0.031936653,-0.34728462,-0.23212802,0.013797074,-0.05995072,0.09089028,0.22559895,-0.35115042,-0.019434039,-0.1273794,-0.29331192,0.3635787,-0.11474117,-0.058612555,0.4348732,-0.39493817,-0.13302943,0.24641486,-0.032295298,-0.04887368,0.5327079,-0.33531547,-0.2223148,0.34216803,-0.35159647,0.17824276,-0.24550968,-0.3212647,-0.34178326,0.21050742,0.20738503,-0.28097108,0.15423012,0.11118579,-0.32862464,-0.077718586,-0.4612517,0.21340677,-0.37798807,0.25689715,0.13765174,0.02569188,-0.023151165,-0.091843665,-0.007910945,-0.32312328,-0.20462129,0.23697336,0.0059167654,-0.054746743,0.21667784,0.16828085,-0.1859613,0.119883865,-0.35925376,-0.21346804,-0.47686365,0.021231327,0.560289,0.3316114,0.3999322,0.21563706,0.33949172,0.44565284,-0.3329365,0.26247284,0.4695168,0.30849087,0.040486045,0.18671781,-0.024266303,0.31689158,0.1215194,-0.19540282,-0.09139761,-0.07073039,0.24931422,-0.27286774,0.09490478,-0.06292442,-0.3135331,0.23028253,-0.541839,-0.48994794,-0.23123592,-0.081584394,-0.1058944,-0.1317656,-0.02917291,0.096019916,0.4023855,0.30878824,-0.03036239,0.052826904,-0.060917173,0.2587557,0.18225725,-0.062106654,-0.24208993,-0.12158068,-0.13057612,0.22805226,-0.02947028,-0.25457948,-0.22461943,-0.06032243,-0.18098037,0.33361864,0.12895365,0.22217919,-0.12053988,0.25072673,-0.11793789,-0.045379583,-0.1805343,0.2603169,0.2868572,-0.21859768,-0.37241238,-0.18335932,-0.008059631,0.20114025,-0.30201,0.33473378,-0.14447817,0.3718307,0.12367534,-0.12418267,0.06412697,-0.11251089,-0.043149307,0.17645854,-0.10202859,0.48512873,0.5479482,0.10345417,0.14858009,0.17965527,-0.0093234535,-0.1777093,-0.39174145,0.04539265,-0.12462872,-0.03155187,0.15675777,0.06643159,0.041898552,-0.13919985,-0.13563141,0.01870368,0.3061119,0.118991755,0.06390394,0.032977447,-0.078536354,-0.04597432,0.27213737,0.32506925,-0.26944798,0.19667971,-0.20915619,0.3158508,-0.41865343,-0.0012201178,-0.016311653,-0.05496977,0.024428057,-0.10284636,0.05349599,-0.025307098,-0.22395034,0.6479389,-0.26803547,0.04420317,-0.015865596,0.1435248,-0.30015144,0.19511852,-0.13057612,0.05096834,0.4450581,0.23243846,0.09490478,0.06769541,-0.067608,0.28395784,-0.05943032,-0.119424745,-0.050211847,-0.06998696,-0.41307774,-0.04597432,-0.14247093,-0.49002227,0.5182112,0.017291173,-0.040249947,-0.11265957,0.096391626,-0.47195703,-0.21971282,-0.11087535,0.14077412,0.15229721,0.04182421,0.031490598,-0.31643245,-0.047461174,0.17861447,0.35882077,0.2057495,-0.06232968,0.34320885,-0.12656163,-0.0840377,0.2261937,-0.09637856,-0.20469563,0.2533287,0.38640186,-0.0031530235,0.45531738,-0.07994886,0.05535455,-0.113179974,0.45011342,-0.18410274,-0.479763,-0.037573617,0.05423941,-0.25993213,-0.114072084,-0.41828173,0.016250378,0.27823347,0.15519658,0.2957783,0.010897716,-0.35501623,-0.23933925,-0.36646497,-0.039357837,0.018852366,0.27414462,-0.0377223,-0.19993772,-0.15473744,0.07929285,-0.25703278,-0.024266303,-0.43805686,-0.15719076,0.1480597,0.05178611,0.5083236,-0.019285353,0.027624786,0.24418458,-0.0057550124,0.35577273,0.18902242,-0.10195425,-0.28178883,0.48445964,0.20954096,-0.29018953,-0.041067716,-0.050211847,0.014837869,-0.21436016,-0.07846201,-0.304612,-0.19837652,-0.118978694,-0.01244584,0.2550386,-0.17525598,0.18411581,-0.2946501,0.029632034,0.012830621,0.12813589,0.32841468,-0.05437503,-0.21042001,0.04360843,-0.10232596,-0.17837837,0.14345045,-0.34215498,0.061301954,0.14679587,-0.25993213,-0.20387787,0.16500978,0.052752562,-0.379921,0.21236598,0.42595208,0.31176195,0.06516776,-0.3691413,-0.33999905,-0.0516987,-0.028057773,0.23013385,-0.0015174879,0.27919993,0.011195085,0.18939413,0.07297373,0.23429702,-0.1546631,0.11044237,0.01721683,0.3032869,-0.39887834,-0.0899851,0.17430261,0.001976611,0.13215038,-0.024340646,0.11750491,-0.2556946,0.11133448,-0.31234363,-0.08314559,-0.37099987,-0.034897286,0.25518727,0.2510241,0.04539265,-0.26305452,-0.19741006,0.12977143,0.24277207,-0.061957967,0.26789984,0.03602549,0.17816842,-0.18023694,0.031936653,-0.29004085,0.0339439,-0.08009755,0.33131403,0.051191367,-0.35501623,-0.20737197,0.28700587,0.102116,0.08048233,0.018480653,-0.24773996,0.1664223,0.2290187,-0.013709663,0.2157114,-0.49753088,-0.01712942,0.01870368,-0.3444596,-0.509277,0.3092343,0.08189484,0.087470524,-0.16172564,0.27332684,-0.19436201,0.34885886,-0.045676954,-0.08321993,-0.26654863,-0.09481737,-0.12314187,-0.05943032,0.17430261,-0.21837465,-0.2014989,0.42364746,0.017068146,0.05513152,0.08382774,0.025320167,-0.11013193,0.22403775,-0.30208436,0.045020938,0.092451476,-0.104779266,0.32231858,-0.17473559,0.018406311,0.001976611,0.12880497,0.036620233,-0.03683019,-0.26171637,-0.27004272,0.2623985,-0.0039707916,-0.025232757,0.34915623,0.433312,-0.36007154,0.110665396,0.18604872,0.20783108,-0.038242698,-0.025307098,-0.016906392,-0.27286774,0.08605801,0.07356847,0.0737915,-0.022928137,-0.08582192,0.12925103,-0.2060338,0.13319118,-0.20313443,-0.14120711,0.2723604,0.015581295,0.30358428,-0.28989217,0.20835148,0.060558528,0.0031660916,0.27659792,-0.039357837,0.44319955,-0.21614438,0.22433513,0.13906424,0.0856863,0.3450674,0.34372923,-0.19265214,-0.21763124,0.27875388,-0.13830775,0.16828085,-0.01802153,0.38603014,0.3466286,-0.055638853,-0.13652353,0.09126199,0.48133728,-0.06552641,-0.16975464,0.0109720575,-0.15644732,-0.036384135,0.26262152,-0.35784125,0.05914602,0.30782178,0.18582569,-0.16982898,0.16129266,-0.38913944,-0.02151563,-0.25807357,-0.070507355,0.2709479,0.34484437,-0.06441127,0.027327415,-0.1930982,0.16248214,-0.2348787,0.020859614,-0.08463244,-0.33152398,0.4551687,-0.1317656,0.14910048,-0.07994886,-0.48846108,0.015581295,0.25526163,-0.010438592,0.16924731,0.06174801,-0.1896041,-0.26558217,0.104420625,0.09059291,0.025171481,0.0025713514,-0.3310036,-0.2749493,-0.23257408,0.028888607,0.06182235,-0.46429977,-0.12946099,-0.15012822,-0.14596502,-0.3205213,0.17043678,0.44476074,0.010823373,0.09490478,-0.42586467,-0.33717403,0.36766753,-0.12016817,-0.4589471,0.06568816,-0.13748997,-0.13191429,0.0668033,0.13698265,-0.250788,-0.056307934,-0.0347486,0.22046931,0.07453492,0.026732674,0.16411768,-0.38750392,-0.115335904,0.048366353,-0.11771487,0.19853827,-0.1452216,0.2982316,0.28693154,0.102116,0.26908934,0.0692566,0.38052878,-0.23264842,0.174823,0.017439857,0.07802902,0.15854199,-0.010810304,0.018554997,-0.38423285,0.07847508,-0.25859398,-0.30215868,0.051340055,-0.10686086,-0.41129354,-0.3322674,0.21340677,0.035876807,0.31808105,0.17735064,-0.002929996,-0.3762782,-0.5098717,-0.16135393,-0.21956414,0.15921107,0.15452749,-0.29628563,0.5167243,-0.17339742,-0.075413965,-0.38215125,0.00985692,0.30707836,0.18039869,-0.109685875,0.2571202,0.3073014,-0.25435644,0.080407985,-0.24208993,0.10382588,-0.18321064,-0.24870642,-0.03303872,0.14798534,-0.29197377,-0.022928137,-0.29420403,-0.29145336,0.43465015,0.023089891,0.26566958,0.10702261,0.06910792,-0.07496791,-0.20885882,-0.15540653,0.27756438,-0.03534334,-0.03705322,-0.65112257,0.066282906,-0.20224233,0.28001767,-0.08321993,0.13237341,0.4018651,-0.30438897,0.20500606,-0.134888,-0.15748812,0.04271632,-0.28089672,-0.4431865,0.38729396,-0.31554034,0.27466503,0.02160304,0.13237341,-0.17153886,0.035579436,0.34060684,-0.12485175,0.4754642,-0.34735894,-0.18744816,-0.07608305,-0.08374033,0.10062915,-0.11176746,0.044574883,0.17683025,-0.21703649,0.028814266,-0.18454881,0.15958278,0.053719014,0.09497912,-0.03303872,0.15571697,0.06360657,0.043682773,-0.10009569,0.33465946,0.030375458,-0.16232039,0.34967664,0.16553019,0.07215596,0.018108942,0.4452068,-0.008282659,-0.022556424,-0.06634418,-0.045676954,-0.19265214,0.01602735,0.1276155,-0.05593622,-0.3205213,0.349974,0.06316052,0.22470684,-0.530985,0.16471241,0.26752815,-0.30557844,0.16724007,0.14902614,0.055726264,0.058997333,0.058774307,0.26946104,-0.05028619,0.0797389,0.50594467,0.28157887,-0.07548831,-0.026570922,0.2704275,-0.5567819,-0.036607165,0.11007065,0.15378407,0.19244218,-0.086937055,0.2574919,-0.33687666,-0.031997927,0.17422827,-0.51953626,-0.1686395,0.20329618,-0.14812097,-0.21859768,-0.32156208,0.16337425,-0.052516464,-0.21889505,-0.084781125,0.112746984,-0.06537773,-0.23777805,-0.11161878,-0.21465753,-0.08626798,0.06620856,0.056990087,0.3863275,0.30551717,-0.04129074,-0.30379423,-0.030511076,-0.4040823,-0.44459897,-0.057274386,-0.26097292,-0.24967286,0.0100056045,0.04152684,-0.46653003,-0.36453208,-0.27004272,-0.2717526,0.009708235,-0.02419196,-0.21830031,0.038255766,-0.106489144,0.26678473,-0.36854658,-0.25970912,0.28975657,0.30863956,-0.17533033,-0.05266515,0.18701518,-0.13912551,-0.16209736,0.022346465,-0.19733572,0.090667255,0.18931979,0.33503115,0.38469198,0.5630397,0.32648176,-1.1333082,0.643627,-0.15681905,-0.5280113,1.1438779,-1.0995567,-0.8625527,-0.6561035,0.29250723,-0.49567232,-0.41798437,1.2861695,-0.9922804,-0.59454787,0.7626494,0.81550694,-0.119945146,0.14612678,0.07788034,-1.3276396,-0.42474952,1.3640805,-0.7943063,-0.18923238,0.9111115,-0.8911002,0.77536196,0.11936347,-0.31658113,0.84762293,0.44877523,-0.82017744,0.42550603,0.13281947,0.24128522,-1.6681284,-0.045156553,0.7449559,0.33012456,-0.014899144,0.63232696,-0.9331038,0.63775396,1.4753712,1.1656603,-1.4040637,-0.46325895,-0.41255736,1.5972186,-0.96135396,0.7077846,-0.43292722,-1.2516615,0.12545955,-1.4059967,0.89453304,-0.07288632,1.3354586,-1.2785735,0.52378684,-0.039060466,-0.7844187,-0.8913976,0.850894,0.8961686,-1.0943527,-1.3616885,-0.40608954,-0.72494465,-0.4510668,-0.0063497527,0.22716014,-1.2059408,-0.8700613,1.2105632,-0.13013007,-0.9388282,1.4838463,-0.7017498,0.39212623,0.7454019,-1.0954678,0.61047024,-1.7285689,0.4834932,0.25860703,-0.5804228,0.07847508,-0.31368178,0.9413689,0.68867856,1.038832,0.9273925,-0.026050525,0.23518914,0.22448382,0.41420597,-1.2892045,0.8398913,-1.6599507,1.1988914,-0.57283986,-1.1871322,-1.3123994,0.58266616,0.70681816,0.038107082,-0.5147783,-1.0799303,-0.83013934,1.2376238,-1.2034132,0.69737667,1.1246976,1.0820993,-0.4845209,0.40996844,-0.8815844,-0.7636028,0.18225725,0.28046376,-1.034953,0.30053622,-0.16730134,-0.001666173,0.14307874,-1.3931353,1.3367968,
1,1,0,0,0,0,0,0,0,0,0,0,0,0,0,0,0,0,0,0,0,0,0,0,0,0,0,0,0,0,0,0,0,0,0,0,0,0,0,0,0,0,0,0,0,0,0,0,1,0,0,0,0,0,0,0,0,0,0,0,0,0,0,0,0,0,0,0,0,0,0,0,0,0,0,0,0,0,0,0,0,0,0,0,0,1,0,0,0,0,0,0,0,0,0,0,0,0,0,0,0,0,0,0,0,0,0,0,0,0,0,0,0,0,0,0,0,0,0,0,0,0,0,0,0,0,0,0,0,0,0,0,0,0,0,0,0,0,0,0,0,0,0,0,0,0,0,0,0,0,0,0,0,0,0,0,0,0,0,0,0,0,0,0,0,0,0,0,0,0,0,0,0,0,0,0,0,0,0,0,0,0,0,0,0,0,0,0,0,0,0,0,0,0,0,0,0,0,0,0,0,0,0,0,0,0,0,0,0,0,0,0,0,0,0,0,0,0,0,0,0,0,0,0,0,0,0,0,0,0,0,0,0,0,0,0,0,0,0,0,0,0,0,0,0,0,0,0,0,0,0,0,0,0,0,0,0,0,0,0,0,0,0,0,0,0,0,0,0,0,0,0,0,0,0,0,0,0,0,0,0,0,0,0,0,0,0,0,0,0,0,0,0,0,0,0,0,0,0,0,0,0,0,0,0,0,0,0,0,0,0,0,0,0,0,0,0,0,0,0,0,0,0,0,0,0,0,0,0,0,0,0,0,0,0,0,0,0,0,0,0,0,0,0,0,0,0,0,0,0,0,0,0,0,0,0,0,0,0,0,0,0,0,0,0,0,0,0,0,0,0,0,0,0,0,0,0,0,0,0,0,0,0,0,0,0,0,0,0,0,0,0,0,0,0,0,0,0,0,0,0,0,0,0,0,0,0,0,0,0,0,0,0,0,0,0,0,0,0,0,0,0,0,0,0,0,0,0,0,0,0,0,0,0,0,0,0,0,0,0,0,0,0,0,0,0,0,0,0,0,0,0,0,0,0,0,0,0,0,0,0,0,0,0,0,0,0,0,0,0,0,0,0,0,0,0,0,0,0,0,0,0,0,0,0,0,0,0,0,0,0,0,0,0,0,0,0,0,0,0,0,0,0,0,0,0,0,0,0,0,0,0,0,0,0,0,0,0,0,0,0,0,0,0,0,0,0,0,0,0,0,0,0,0,0,0,0,0,0,0,0,0,0,0,0,0,0,0,0,0,0,0,0,0,0,0,0,0,0,0,0,0,0,0,0,0,0,0,0,0,0,0,0,0,0,0,0,0,0,0,0,0,0,0,0,0,0,0,0,0,0,0,0,0,0,0,0,0,0,0,0,0,0,0,0,0,0,0,0,0,0,0,0,0,0,0,0,0,0,0,0,0,0,0,0,0,0,0,0,0,0,0,0,0,0,0,0,0,0,0,0,0,0,0,0,0,0,0,0,0,0,0,0,0,0,0,0,0,0,0,0,0,0,0,0,0,0,0,0,0,0,0,0,0,0,0,0,0,0,0,0,0,0,0,0,0,0,0,0,0,0,0,0,0,0,0,0,0,0,0,0,0,0,0,0,0,0,0,0,0,0,0,0,0,0,0,0,0,0,0,0,0,0,0,0,0,0,0,0,0,0,0,0,0,0,0,0,0,0,0,0,0,0,0,0,0,0,0,0,0,0,0,0,0,0,0,0,0,0,0,0,0,0,0,0,0,0,0,0,0,0,0,0,0,0,0,0,0,0,0,0,0,0,0,0,0,0,0,0,0,0,0,0,0,0,0,0,0,0,0,0,0,0,0,0,0,0,0,0,0,0,0,0,0,0,0,0,0,0,0,0,0,0,0,0,0,0,0,0,0,0,0,0,0,0,0,0,0,0,0,0,0,0,0,0,0,0,0,0,0,0,0,0,0,0,0,0,0,0,0,0,0,0,0,0,0,0,0,0,0,0,0,0,0,0,0,0,0,0,0,0,0,0,0,0,0,0,0,0,0,0,0,0,0,0,0,0,0,0,0,0,0,0,0,0,0,0,0,0,0,0,0,0,0,0,0,0,0,0,0,0,0,0,0,0,0,0,0,0,0,0,0,0,0,0,0,0,0,0,0,0,0,0,0,0,0,0,0,0,0,0,0,0,0,0,0,0,0,0,0,0,0,0,0,0,0,0,0,0,0,0,0,0,0,0,0,0,0,0,0,0,0,0,0,0,0,0,0,0,0,0,0,0,0,0,0,0,0,0,0,0,0,0,0,0,0,0,0,0,0,0,0,0,0,0,0,0,0,0,0,0,0,0,0,0,0,0,0,0,0,0,0,0,0,0,0,0,0,0,0,0,0,0,0,0,0,0,0,0,0,0,0,0,0,0,0,0,0,0,0,0,0,0,0,0,0,0,0,0,0,0,0,0,0,0,0,0,0,0,0,0,0,0,0,0,0,0,0,0,0,0,0,0,0,0,0,0,0,0,0,0,0,0,0,0,0,0,0,0,0,0,0,0,0,0,0,0,0,0,0,0,0,0,0,0,0,0,0,0,0,0,0,0,0,0,0,0,0,0,0,0,0,0,0,0,0,0,0,0,0,0,0,0,0,0,0,0,0,0,0,0,0,0,0,0,0,0,0,0,0,0,0,0,0,0,0,0,0,0,0,0,0,0,0,0,0,0,0,0,0,0,0,0,0,0,0,0,0,0,0,0,0,0,0,0,0,0,0,0,0,0,0,0,0,0,0,0,0,0,0,0,0,0,0,0,0,0,0,0,0,0,0,0,0,0,0,0,0,0,0,0,0,0,0,0,0,0,0,0,0,0,0,0,0,0,0,0,0,0,0,0,0,0,0,0,0,0,0,0,0,0,0,0,0,0,0,0,0,0,0,0,0,0,0,0,0,0,0,0,0,0,0,0,0,0,0,0,0,0,0,0,0,0,0,0,0,0,0,0,0,0,0,0,0,0,0,0,0,0,0,0,0,0,0,0,0,0,0,0,0,0,0,0,0,0,0,0,0,0,0,0,0,0,0,0,0,0,0,0,0,0,0,0,0,0,0,0,0,0,0,0,0,0,0,0,0,0,0,0,0,0,0,0,0,0,0,0,0,0,0,0,0,0,0,0,0,0,0,0,0,0,0,0,0,0,0,0,0,0,0,0,0,0,0,0,0,0,0,0,0,0,0,0,0,0,0,0,0,0,0,0,0,0,0,0,0,0,0,0,0,0,0,0,0,0,0,0,0,0,0,0,0,0,0,0,0,0,0,0,0,0,0,0,0,0,0,0,0,0,0,0,0,0,0,0,0,0,0,0,0,0,0,0,0,0,0,0,0,0,0,0,0,0,0,0,0,0,0,0,0,0,0,0,0,0,0,0,0,0,0,0,0,0,0,0,0,0,0,0,0,0,0,0,0,0,0,0,0,0,0,0,0,0,0,0,0,0,0,0,0,0,0,0,0,0,0,0,0,0,0,0,0,0,0,0,0,0,0,0,0,0,0,0,0,0,0,0,0,0,0,0,0,0,0,0,0,0,0,0,0,0,0,0,0,0,0,0,0,0,0,0,0,0,0,0,0,0,0,0,0,0,0,0,0,0,0,0,0,0,0,0,0,0,0,0,0,0,0,0,0,0,0,0,0,0,0,0,0,0,0,0,0,0,0,0,0,0,0,0,0,0,0,0,0,0,0,0,0,0,0,0,0,0,0,0,0,0,0,0,0,0,0,0,0,0,0,0,0,0,0,0,0,0,0,0,0,0,0,0,0,0,0,0,0,0,0,0,0,0,0,0,0,0,0,0,0,0,0,0,0,0,0,0,0,0,0,0,0,0,0,0,0,0,0,0,0,0,0,0,0,0,0,0,0,0,0,0,0,0,0,0,0,0,0,0,0,0,0,0,0,0,0,0,0,0,0,0,0,0,0,0,0,0,0,0,0,0,0,0,0,0,0,0,0,0,0,0,0,0,0,0,0,0,0,0,0,0,0,0,0,0,0,0,0,0,0,0,0,0,0,0,0,0,0,0,0,0,0,0,0,0,0,0,0,0,0,0,0,0,0,0,0,0,0,0,0,0,0,0,0,0,0,0,0,0,0,0,0,0,0,0,0,0,0,0,0,0,0,0,0,0,0,0,0,0,0,0,0,0,0,0,0,0,0,0,0,0,0,0,0,0,0,0,0,0,0,0,0,0,0,0,0,0,0,0,0,0,0,0,0,0,0,0,0,0,0,0,0,0,0,0,0,0,0,0,0,0,0,0,0,0,0,0,0,0,0,0,0,0,0,0,0,0,0,0,0,0,0,0,0,0,0,0,0,0,0,0,0,0,0,0,0,0,0,0,0,0,0,0,0,0,0,0,0,0,0,0,0,0,0,0,0,0,0,0,0,0,0,0,0,0,0,0,0,0,0,0,0,0,0,0,0,0,0,0,0,0,0,0,0,0,0,0,0,0,0,0,0,0,0,0,0,0,0,0,0,0,0,0,0,0,0,0,0,0,0,0,0,0,0,0,0,0,0,0,0,0,0,0,0,0,0,0,0,0,0,0,0,0,0,0,0,0,0,0,0,0,0,0,0,0,0,0,0,0,0,0,0,0,0,0,0,0,0,0,0,0,0,0,0,0,0,0,0,0,0,0,0,0,0,0,0,0,0,0,0,0,0,0,0,0,0,0,0,0,0,0,0,0,0,0,0,0,0,0,0,0,0,0,0,0,0,0,0,0,0,0,0,0,0,0,0,0,0,0,0,0,0,0,0,0,0,0,0,0,0,0,0,0,0,0,0,0,0,0,0,0,0,0,0,0,0,0,0,0,0,0,0,0,0,0,0,0,0,0,0,0,0,0,0,0,0,0,0,0,0,0,0,0,0,0,0,0,0,0,0,0,0,0,0,0,0,0,0,0,0,0,0,0,0,0,0,0,0,0,0,0,0,0,0,0,0,0,0,0,0,0,0,0,0,0,0,0,0,0,0,0,0,0,0,0,0,0,0,0,0,0,0,0,0,0,0,0,0,0,0,0,0,0,0,0,0,0,0,0,0,0,0,0,0,0,0,0,0,0,0,0,0,0,0,0,0,0,0,0,0,0,0,0,0,0,0,0,0,0,0,0,0,0,0,0,0,0,0,0,0,0,0,0,0,0,0,0,0,0,0,0,0,0,0,0,0,0,0,0,0,0,0,0,0,0,0,0,0,0,0,0,0,0,0,0,0,0,0,0,0,0,0,0,0,0,0,0,0,0,0,0,0,0,0,0,0,0,0,0,0,0,0,0,0,0,0,0,0,0,0,0,0,0,0,0,0,0,0,0,0,0,0,0,0,0,0,0,0,0,0,0,0,0,0,0,0,0,0,0,0,0,0,0,0,0,0,0,0,0,0,0,0,0,0,0,0,0,0,0,0,0,0,0,0,0,0,0,0,0,0,0,0,0,0,0,0,0,0,0,0,0,0,0,0,0,0,0,0,0,0,0,0,0,0,0,0,0,0,0,0,0,0,0,0,0,0,0,0,0,0,0,0,0,0,0,0,0,0,0,0,0,0,0,0,0,0,0,0,0,0,0,0,0,0,0,0,0,0,0,0,0,0,0,0,0,0,0,0,0,0,0,0,0,0,0,0,0,0,0,0,0,0,0,0,0,0,0,0,0,0,0,0,0,0,0,0,0,0,0,0,0,0,0,0,0,0,0,0,0,0,0,0,0,0,0,0,0,0,0,0,0,0,0,0,0,0,0,0,0,0,0,0,0,0,0,0,0,0,0,0,0,0,0,0,0,0,0,0,0,0,0,0,0,0,0,0,0,0,0,0,0,0,0,0,0,0,0,0,0,0,0,0,0,0,0,0,0,0,0,0,0,0,0,0,0,0,0,0,0,0,0,0,0,0,0,0,0,0,0,0,0,0,0,0,0,0,0,0,0,0,0,0,0,0,0,0,0,0,0,0,0,0,0,0,0,0,0,0,0,0,0,0,0,0,0,0,0,0,0,0,0,0,0,0,0,0,0,0,0,0,0,0,0,0,0,0,0,0,0,0,0,0,0,0,0,0,0,0,0,0,0,0,0,0,0,0,0,0,0,0,0,0,0,0,0,0,0,0,0,0,0,0,0,0,0,0,0,0,0,0,0,0,0,0,0,0,0,0,0,0,0,0,0,0,0,0,0,0,0,0,0,0,0,0,0,0,0,0,0,0,0,0,0,0,0,0,0,0,0,0,0,0,0,0,0,0,0,0,0,0,0,0,0,0,0,0,0,0,0,0,0,0,0,0,0,0,0,0,0,0,0,0,0,0,0,0,0,0,0,0,0,0,0,0,0,0,0,0,0,0,0,0,0,0,0,0,0,0,0,0,0,0,0,0,0,0,0,0,0,0,0,0,0,0,0,0,0,0,0,0,0,0,0,0,0,0,0,0,0,0,0,0,0,0,0,0,0,0,0,0,0,0,0,0,0,0,0,0,0,0,0,0,0,0,0,0,0,0,0,0,0,0,0,0,0,0,0,0,0,0,0,0,0,0,0,0,0,0,0,0,0,0,0,0,0,0,0,0,0,0,0,0,0,0,0,0,0,0,0,0,0,0,0,0,0,0,0,0,0,0,0,0,0,0,0,0,0,0,0,0,0,0,0,0,0,0,0,0,0,0,0,0,0,0,0,0,0,0,0,0,0,0,0,0,0,0,0,0,0,0,0,0,0,0,0,0,0,0,0,0,0,0,0,0,0,0,0,0,0,0,0,0,0,0,0,0,0,0,0,0,0,0,0,0,0,0,0,0,0,0,0,0,0,0,0,0,0,0,0,0,0,0,0,0,0,0,0,0,0,0,0,0,0,0,0,0,0,0,0,0,0,0,0,0,0,0,0,0,0,0,0,0,0,0,0,0,0,0,0,0,0,0,0,0,0,0,0,0,0,0,0,0,0,0,0,0,0,0,0,0,0,0,0,0,0,0,0,0,0,0,0,0,0,0,0,0,0,0,0,0,0,0,0,0,0,0,0,0,0,0,0,0,0,0,0,0,0,0,0,0,0,0,0,0,0,0,0,0,0,0,0,0,0,0,0,0,0,0,0,0,0,0,0,0,0,0,0,0,0,0,0,0,0,0,0,0,0,0,0,0,0,0,0,0,0,0,0,0,0,0,0,0,0,0,0,0,0,0,0,0,0,0,0,0,0,0,0,0,0,0,0,0,0,0,0,0,0,0,0,0,0,0,0,0,0,0,0,0,0,0,0,0,0,0,0,0,0,0,0,0,0,0,0,0,0,0,0,0,0,0,0,0,0,0,0,0,0,0,0,0,0,0,0,0,0,0,0,0,0,0,0,0,0,0,0,0,0,0,0,0,0,0,0,0,0,0,0,0,0,0,0,0,0,0,0,0,0,0,0,0,0,0,0,0,0,0,0,0,0,0,0,0,0,0,0,0,0,0,0,0,0,0,0,0,0,0,0,0,0,0,0,0,0,0,0,0,0,0,0,0,0,0,0,0,0,0,0,0,0,0,0,0,0,0,0,0,0,0,0,0,0,0,0,0,0,0,0,0,0,0,0,0,0,0,0,0,0,0,0,0,0,0,0,0,0,0,0,0,0,0,0,0,0,0,0,0,0,0,0,0,0,0,0,0,0,0,0,0,0,0,0,0,0,0,0,0,0,0,0,0,0,0,0,0,0,0,0,0,0,0,0,0,0,0,0,0,0,0,0,0,0,0,0,0,0,0,0,0,0,0,0,0,0,0,0,0,0,0,0,0,0,0,0,0,0,0,0,0,0,0,0,0,0,0,0,0,0,0,0,0,0,0,0,0,0,0,0,0,0,0,0,0,0,0,0,0,0,0,0,0,0,0,0,0,0,0,0,0,0,0,0,0,0,0,0,0,0,0,0,0,0,0,0,0,0,0,0,0,0,0,0,0,0,0,0,0,0,0,0,0,0,0,0,0,0,0,0,0,0,0,0,0,0,0,0,0,0,0,0,0,0,0,0,0,0,0,0,0,0,0,0,0,0,0,0,0,0,0,0,0,0,0,0,0,0,0,0,0,0,0,0,0,0,0,0,0,0,0,0,0,0,0,0,0,0,0,0,0,0,0,0,0,0,0,0,0,0,0,0,0,0,0,0,0,0,0,0,0,0,0,0,0,0,0,0,0,0,0,0,0,0,0,0,0,0,0,0,0,0,0,0,0,0,0,0,0,0,0,0,0,0,0,0,0,0,0,0,0,0,0,0,0,0,0,0,0,0,0,0,0,0,0,0,0,0,0,0,0,0,0,0,0,0,0,0,0,0,0,0,0,0,0,0,0,0,0,0,0,0,0,0,0,0,0,0,0,0,0,0,0,0,0,0,0,0,0,0,0,0,0,0,0,0,0,0,0,0,0,0,0,0,0,0,0,0,0,0,0,0,0,0,0,0,0,0,0,0,0,0,0,0,0,0,0,0,0,0,0,0,0,0,0,0,0,0,0,0,0,0,0,0,0,0,0,0,0,0,0,0,0,0,0,0,0,0,0,0,0,0,0,0,0,0,0,0,0,0,0,0,0,0,0,0,0,0,0,0,0,0,0,0,0,0,0,0,0,0,0,0,0,0,0,0,0,0,0,0,0,0,0,0,0,0,0,0,0,0,0,0,0,0,0,0,0,0,0,0,0,0,0,0,0,0,0,0,0,0,0,0,0,0,0,0,0,0,0,0,0,0,0,0,0,0,0,0,0,0.19569129,0.53009415,-0.92552084,1.0259051,-0.84780246,1.0233206,0.26913157,0.7254596,-0.7297989,0.7404328,0.017616421,0.22421178,-0.6159843,-1.2737383,-0.26348874,1.5503259,0.72955936,0.15576258,0.8146753,-0.45876503,0.33169842,0.5669034,-1.0972677,-0.35154578,-0.5109041,0.3528214,0.33455047,0.15299967,-0.15395221,-0.88327485,0.34551305,0.22474654,0.20665385,-0.59735686,1.2833918,0.2592385,-0.033987857,0.62884635,-0.6950396,-0.76126057,0.279292,-0.30519998,-0.64307874,-0.3371964,0.6033562,0.22144887,0.7816984,-0.55332834,-0.32222316,-0.40199143,0.12884636,0.36966634,0.16075368,-0.92516434,0.5527323,-0.36758858,-0.24985239,0.14747381,-0.36660817,0.6181512,0.26610127,-0.82106453,0.85264313,-0.7015458,0.068507686,-0.63594866,0.33490697,0.10923853,0.111823194,0.5765291,-0.032116197,0.664497,-0.57953155,1.0539801,-0.270708,0.27679646,0.6750139,-0.306626,-0.2153604,0.038204655,0.6184186,0.17412266,-0.36455828,0.019755458,0.39248273,0.39854333,0.21458612,0.6270638,0.82768774,0.09872159,0.5193098,-0.48434436,-0.21010193,0.36538824,0.0135166,-0.64165276,0.29096758,0.9879373,-0.2642909,0.2376699,0.2661904,0.12251838,-0.12837288,-0.5576064,-1.0576955,-0.31874722,0.09515653,-0.018925468,0.15326704,-0.74307877,-0.040404968,-0.7153604,-0.5407615,0.52947026,0.22269663,-1.027036,-1.0254318,-0.10315007,-0.29548517,0.2816984,0.37911373,-0.02712511,0.87831163,-0.19236575,-0.115182154,-0.43069017,0.17643996,0.019398952,-0.30680427,-0.37864026,0.91333836,-0.66322136,-0.10466522,-0.035770386,0.17260751,-0.813667,0.61360574,0.3681512,-0.044148285,-0.61847985,-0.45208055,0.49667168,0.4602189,-0.082205325,-0.14949588,-0.26883635,0.4882938,-0.27623385,0.2091494,0.30460393,-0.12151014,-0.28033367,-0.0064477497,-0.19762422,0.510308,-0.156626,0.70362353,1.0202011,-0.27052975,0.6662795,-0.6257882,-0.007339015,0.45014763,-0.16678643,0.18517436,0.5079016,-0.044683043,0.36734903,-0.63692904,-0.2690146,-0.35101104,0.7987216,-0.38692904,-0.12881851,-0.60609126,0.34390876,-0.21170622,0.28847203,0.6082581,0.19578041,-0.941118,-0.2914745,0.44613692,0.7810745,-0.4179451,0.37403354,-0.3492285,-0.20546736,-0.9592107,0.23829378,-0.2827401,-0.9535066,-0.29905024,0.29266098,0.21930982,-0.7371073,-0.009567179,-0.21812333,-0.70163494,-0.70243704,-0.19174187,-0.2891572,-0.10626949,-0.34601995,0.07572694,0.29952374,0.4944435,-0.37222314,0.4920371,-0.57124275,0.53918505,0.008169007,0.057723373,-0.54602,-0.83924633,0.7165469,0.9135166,-0.06277574,-0.27997717,-0.15448697,-0.068479836,-0.1790859,0.20175189,0.42688558,0.16146669,0.07617257,-0.17026237,0.056921236,-0.56830156,0.12572694,1.2425718,-0.43122494,-0.22837289,0.6570995,-0.13327484,0.21717079,-0.42364916,0.06342747,0.21414049,-0.41723207,0.80291057,0.65799075,0.024300914,-0.67177755,-0.38746378,0.7674382,0.59292835,-0.4378203,-0.15626949,-0.1224014,0.40701035,0.1789355,0.307456,0.4793811,0.09435439,0.13954155,-0.4016349,0.6094168,0.5423936,-0.935503,-0.39869374,-0.12730336,0.072251,-0.05306094,0.66111016,0.12189449,-0.42445132,0.034639593,0.58419394,0.6242118,-0.056269497,0.81298184,-0.26117146,0.55629736,0.17947026,-0.2716884,0.27278575,-0.038711563,-0.07400568,0.27688557,0.61645776,0.47109234,-0.1945048,0.13927418,-0.34361354,0.08107453,0.30638647,-0.220708,0.121627115,0.4171708,-0.4384442,0.13526349,-0.551724,-0.34058324,-0.10983456,-0.22329266,0.72082496,0.22857898,-0.54174185,0.46824032,0.29916722,-0.5586759,-0.16054757,0.047741197,0.23036152,-0.9623301,0.81672513,-0.50306094,-0.024540441,-0.03282921,-0.13015541,0.14827596,0.13455047,0.7371351,0.23250055,0.70326704,0.47162712,-0.21054757,-0.4737383,0.39667168,-0.17552084,-0.041028854,0.65504956,0.16128844,-0.8547543,-0.054308712,0.42715296,-0.34584168,-0.19414829,0.33606562,0.5313419,0.40701035,-0.6078738,-0.22222315,0.07207275,-0.5991394,0.27902463,-0.34833723,-0.16143884,-0.11901459,-0.6686581,0.6095059,0.8064756,0.5196663,-0.36348873,0.26262534,-0.053239193,0.4239444,-0.37213403,-0.121599264,-0.08835506,-0.42614472,0.47234014,0.0766182,-0.3494959,0.08731339,0.18713515,0.018240308,-0.013845254,0.89863247,0.13686776,0.28258967,-0.6878203,0.20433657,-0.033185717,0.24221535,-0.3838096,-0.3727579,0.19497828,0.3900763,-0.31607342,0.63954157,-0.08300746,0.026261698,-0.32462958,-0.46464738,0.26200145,0.3308963,-0.50172406,0.052197527,0.55460393,-0.14628732,0.18918505,0.1454239,0.42706382,0.12768772,0.4658339,-0.12177752,0.43927416,0.066636026,-0.49575257,-0.5578738,-0.70243704,-0.10992368,0.027063837,0.0977412,0.17046846,-0.40234792,-0.016429923,-0.34673294,-0.2435244,-0.0011892825,-0.12052975,-1.1155387,-0.2569825,0.15656473,-0.59245485,-0.28835505,0.7789355,-0.017232064,0.01895332,-0.5321162,-0.55903244,0.37510306,0.46877506,0.15923853,-0.08969196,-0.3169647,-0.42462957,0.18624388,-0.07409481,0.19658256,-0.11812333,0.21565564,-0.16812333,0.06717079,-0.5902267,-0.43220532,-0.2391572,0.15754512,0.32447916,-0.23692903,0.4866895,0.38980892,0.48455048,0.5079908,0.5501476,0.17367703,-0.075431705,0.4178838,-0.5903158,0.34791946,-0.067499444,0.10496045,-0.16313224,0.06966633,0.32822248,0.39453265,-0.36455828,-0.018658089,-0.34102887,-0.27222314,-0.21259749,-0.6716884,-0.16482565,-0.5757882,-1.0907614,-0.11036932,-0.262954,0.5131601,-0.068479836,-0.17703599,0.12840073,-0.51224095,-0.16054757,0.18998718,-0.13888982,-0.21117146,0.1759052,0.14649342,0.9758161,-0.26473653,-0.07953153,0.25531694,-1.0445939,0.029737635,-0.33505738,0.3907002,0.051306263,0.67572695,-0.48871157,-0.47890764,0.43446136,-0.93416613,-0.56553864,-0.28487912,0.2725184,0.040432822,0.07501393,-0.25297183,-0.29869375,-0.39468303,0.15932766,-0.9119736,0.06966633,-0.5328292,-0.4593889,-0.5935244,-0.20537823,0.22813335,0.27332053,0.053267047,0.6118232,0.28971982,0.118596815,-0.18265095,0.07840074,0.19818683,0.2890068,-0.8463764,-0.3076955,0.39159146,0.3907002,0.81503177,0.5282225,0.52135974,-0.20814115,-0.70181316,0.4943544,-0.010458445,0.7869569,0.430005,0.34533477,-0.37846202,0.31743816,0.14551303,-0.40315008,-0.06972761,0.13241144,-0.039513703,-0.20769551,-0.37026235,-0.3062695,0.06761642,0.12955938,-0.17962065,0.2383829,-0.40618038,0.8174382,-0.14477217,0.55692124,0.17332052,-0.51678646,0.44185886,-0.27409482,-0.14076148,0.1661904,0.26725993,0.70228666,0.11039717,-0.29477218,-0.2992285,0.19996937,-0.1351465,-0.09637645,-0.20840853,-0.07159927,-0.06732119,0.05103888,0.096226044,-0.13470086,-0.11687556,0.3601298,-0.8486937,0.19132408,0.08392658,0.1299159,0.09328487,-0.7794424,-0.39842635,0.27982676,0.08508523,0.5017519,-0.26527128,-0.3831857,0.3990781,-0.37489694,-0.38942456,-0.0007436497,-0.32962066,0.15487133,0.27109236,-0.14646557,-0.5248078,0.078846365,0.068775065,-0.442544,-0.24013759,0.029648507,-0.04610907,-0.00876504,0.2353526,0.24569128,-0.44548517,-0.45582387,-0.0070716357,-0.16785595,0.23348095,0.31271446,0.83562,0.1671708,-0.28158143,-0.12801638,-0.4264121,-0.18229446,-0.21527128,-0.6968221,-0.55332834,0.15888202,-0.045217805,-0.065093026,0.3813419,-0.1921875,0.34488913,-0.37623385,0.3460478,-0.38764206,0.4554952,-0.33790943,0.07777685,-0.39610907,-0.16215184,0.5434631,0.19194797,0.5948,-0.26420176,0.087135136,-0.12061887,-0.09058322,0.53036153,-0.28862244,0.41832945,0.57109237,0.1252813,0.37715295,0.630005,0.16164494,0.4762617,-0.5286403,-0.08363135,0.4527323,0.029113747,0.34595868,-0.05047627,0.10246491,-0.09495042,-0.10163491,-0.18960284,-0.18835506,-0.55849767,0.36904246,-0.007339015,-0.3998524,0.21440786,-0.48238358,-0.18033367,0.4954239,-0.3045761,-1.054487,0.30656472,0.11449699,0.32875726,0.62777686,-0.014023507,-0.15947805,0.55674297,0.2903437,-0.19477217,-0.5279273,0.5906111,-0.21749945,0.16734904,0.16610128,-0.42935327,-0.4267686,-0.14307876,-0.699585,0.047830325,0.41093192,-0.7686581,-0.56143886,0.009773284,0.27207276,-0.1281055,-0.31651905,0.48303533,0.4111102,-0.36054757,0.07697471,-0.05742814,-0.08452261,-0.35323918,-0.806626,-0.348872,0.32831162,0.7367786,-0.25011978,-0.12035149,0.31645778,-0.43862244,0.3054061,-0.17347093,-0.124362186,0.13775903,0.683481,-0.47953153,0.18223318,-0.26446915,0.26645777,0.17483567,0.2923045,-0.3092998,0.3131601,0.286333,-0.32462958,0.42180538,-0.20029801,0.17519218,0.15718861,0.24176972,-0.10395221,0.21806206,0.33071804,-0.17195576,-0.6796207,-0.019994987,0.33597648,0.04925635,0.16004066,0.48455048,-0.15011977,0.0718945,-0.0264121,-0.32257965,0.2796485,-0.03389873,0.8077234,-0.11295399,0.5209141,0.1249248,0.076083444,0.39453265,-0.46527126,0.5971173,0.02439004,0.11021892,-0.27195576,0.24194798,0.20692123,0.09346312,0.22706383,0.26191232,-0.33630514,-0.3821162,-0.3817597,0.39364138,0.19658256,-0.43372047,0.45950592,0.061021056,0.23668951,0.42804423,-0.6769469,0.67617255,-0.26794508,0.38045064,-0.23568127,-0.04013759,-0.082205325,0.24132408,-0.43291834,0.51797295,-0.80938894,1.0565647,0.22822249,-0.0864834,-0.4938809,-0.095663436,-0.23015541,0.28820467,-0.2429005,-0.08363135,-0.1079629,0.031074531,0.09729557,-0.14744596,-0.001902295,-0.31883633,0.2789355,-0.2398702,0.05086063,0.46627954,-0.41749945,0.19943461,0.47581607,0.23713514,0.5256378,0.3601298,0.40201926,0.00014761586,-0.2243622,-0.4533283,-0.14967413,0.36743817,0.3587929,0.19943461,0.11449699,-0.107517265,-0.013310495,-0.026055593,0.014407866,-0.36714295,0.3893633,0.15326704,-0.66660815,-0.17257966,-0.14307876,-0.11010194,0.46815118,0.2346396,-0.43541387,0.17608345,-0.363667,-0.30778465,-0.104486965,0.37537044,0.18205492,-0.442544,-0.22471869,-0.10332832,0.011466689,-0.15243706,-0.23131406,0.1275986,-0.022668783,-0.170708,-0.23817681,0.56877506,0.599702,0.47840074,-0.4472677,0.13544174,0.08205493,-0.83799857,0.106386475,-0.21438001,0.31057543,-0.75564563,0.71708167,0.009149399,-0.1824727,-0.5254317,-0.24120711,-0.45698252,0.012179702,0.30433658,-0.021153633,0.673677,-0.5222232,-0.5585868,-0.32445133,-0.5211536,-0.3884442,-0.10011976,0.04925635,-0.049317624,0.10923853,-0.31625167,0.45335618,-0.170708,0.65531695,-0.48675078,-0.29530692,-0.4954852,-0.15716076,-0.3666973,0.2521084,0.026529077,0.322251,-0.10092191,-0.43095756,-0.19548519,-0.77659035,-0.42730337,-0.5847009,0.31467524,-0.62498605,0.039987188,0.44319573,0.22091411,-0.4609932,-0.12035149,0.33276793,0.57144886,-0.07044062,0.251841,0.2192207,0.6563865,0.45032588,0.55326706,-0.75885415,0.25398007,-0.46348876,-0.17596647,-0.34967414,-0.20199142,0.1467608,-0.010458445,-0.09860461,-0.22320354,-0.36170623,0.129292,0.16815118,-0.63603777,0.03865029,0.16734904,0.29283923,0.16066454,-0.86438,-0.19209838,-0.48808768,-0.110636696,0.5910567,0.40014762,-0.022668783,0.15718861,-0.48104668,0.2849961,0.1709141,0.5825897,0.42670733,0.34783033,-0.3526153,0.35255402,-0.08104668,-0.74076146,-0.7922766,0.16725992,-0.17694686,0.080985405,-0.113667004,-0.40671512,0.5308963,-0.0040413323,-1.1123301,0.3366895,-0.001278409,-0.48675078,-0.0676777,-0.04192012,-0.884077,-0.18104668,0.55094975,-0.31625167,0.0013062612,-0.2955743,0.50335616,0.041056708,0.41324922,-0.76758856,-0.024005681,-0.5304228,-0.11562779,0.44586954,-0.011082331,-0.31277573,-0.28202707,0.1907002,0.016992535,0.15968415,0.22635083,-0.0478916,-0.076946855,-0.75582385,-0.07400568,0.16360572,-0.18149231,0.2906111,0.5860656,-0.24325702,-0.22765987,-0.0078737745,0.32412267,-0.3821162,-0.22124276,-0.4834531,0.06815118,-0.2941483,-0.20956717,0.24319574,0.05032587,0.036689505,-0.099050246,-0.18140319,-0.22151014,-0.048069853,0.0124470815,-0.16776682,-0.19031584,-0.6152713,0.19114584,0.1484542,-0.0048434716,0.64052194,0.004603944,0.3726075,0.24988024,-0.77008414,0.109773286,-0.5429896,-0.17828375,0.07750947,-0.36197358,-0.12151014,0.13027239,-0.1683907,0.0075451205,-0.0011892825,-0.21438001,0.6387394,-0.37186664,-0.3361269,0.0766182,-0.2975351,-1.5882659,-0.7191037,-0.78826594,1.0833027,-1.4765904,-0.2733818,-1.8099236,0.5552278,-0.6170538,0.82840073,1.6833918,-1.3927222,0.7406111,1.7276877,-1.3215992,0.42706382,-0.036839906,-0.073649175,-1.1242731,-1.7538631,0.27189448,-0.86277574,0.557456,-0.2978916,0.45130625,0.321538,0.019131573,0.86039716,1.1825897,0.34791946,0.34052196,-0.1404941,-0.83871156,1.7786682,0.39239362,-0.76250833,-0.63434434,-0.75823027,1.2383829,1.7266182,0.49194798,-0.108141154,-0.18630515,0.27679646,0.062001448,0.6563865,-0.33737466,0.52670735,-0.28452262,0.59854335,0.82750946,-1.6854138,1.0661013,-0.2878203,-0.87382746,0.16966633,0.3769747,1.5034453,1.5423045,-1.1666082,-0.9233818,1.3246574,0.59257185,1.5790247,-0.3703515,-0.82712513,-0.7901376,-1.3929896,1.1079907,0.2262617,-0.8324727,0.26021892,0.6034453,-0.32035148,1.2710032,1.0609319,-0.5429896,0.41298184,0.64560217,0.2376699,-0.2778381,0.3171708,-0.23541388,0.60754514,-0.18657252,0.37581608,-0.74744594,1.3965826,1.1925719,-0.82721424,-1.4098345,-0.94263315,-0.5140235,-0.34397003,-0.94067234,1.3408785,1.3358873,-0.5132214,-0.17899677,1.1457804,1.2231423,-0.48193794,1.4695772,-1.3955743,0.8328571,-0.33933544,-0.3297989,1.4430175,-1.66438,0.04488915,-0.40903243,-0.53853333,-1.5207971,0.20585172,0.7546039,1.523677,-1.0592998,-0.37418392,-0.7274816,0.08321357,0.6922153,0.27768773,0.88045067,0.2893633,-0.57088625,-1.0539522,1.2791138,0.115210004,
1,1,0,0,0,1,0,0,0,0,0,0,0,0,0,0,0,0,0,0,0,0,0,0,0,0,0,0,0,0,0,0,0,0,0,0,0,0,0,0,0,0,0,0,0,0,0,0,0,0,0,0,0,0,0,0,0,0,0,0,0,0,0,0,0,0,0,0,0,0,0,0,0,0,0,0,0,0,0,0,0,0,0,0,0,0,0,0,0,0,0,0,0,0,0,0,0,0,0,0,0,0,0,0,0,0,0,0,0,0,0,0,0,0,0,0,0,0,0,0,0,0,0,0,0,0,0,0,0,0,0,0,0,0,0,0,0,0,0,0,0,0,0,0,0,0,0,0,0,0,0,0,0,0,0,0,0,0,0,0,0,0,0,0,0,0,0,0,0,0,0,0,0,0,0,0,0,0,0,0,0,0,0,0,0,0,0,0,0,0,0,0,0,0,0,0,0,0,0,0,0,0,0,0,0,0,0,0,0,0,0,0,0,0,0,0,0,0,0,0,0,0,0,0,0,0,0,0,0,0,0,0,0,0,0,0,0,0,0,0,0,0,0,0,0,0,0,0,0,0,0,0,0,0,0,0,0,0,0,0,0,0,0,0,0,0,0,0,0,0,0,0,0,0,0,0,0,0,0,0,0,0,0,0,0,0,0,0,0,0,0,0,0,0,0,0,0,0,0,0,0,0,0,0,0,0,0,0,0,0,0,0,0,0,0,0,0,0,0,0,0,0,0,0,0,0,0,0,0,0,0,0,0,0,0,0,0,0,0,0,0,0,0,0,0,0,0,0,0,0,0,0,0,0,0,0,0,0,0,0,0,0,0,0,0,0,0,0,0,0,0,0,0,0,0,0,0,0,0,0,0,0,0,0,0,0,0,0,0,0,0,0,0,0,0,0,0,0,0,0,0,0,0,0,0,0,0,0,0,0,0,0,0,0,0,0,0,0,0,0,0,0,0,0,0,0,0,0,0,0,0,0,0,0,0,0,0,0,0,0,0,0,0,0,0,0,0,0,0,0,0,0,0,0,0,0,0,0,0,0,0,0,0,0,0,0,0,0,0,0,0,0,0,0,0,0,0,0,0,0,0,0,0,0,0,0,0,0,0,0,0,0,0,0,0,0,0,0,0,0,0,0,0,0,0,0,0,0,0,0,0,0,0,0,0,0,0,0,0,0,0,0,0,0,0,0,0,0,0,0,0,0,0,0,0,0,0,0,0,0,0,0,0,0,0,0,0,0,0,0,0,0,0,0,0,0,0,0,0,0,0,0,0,0,0,0,0,0,0,0,0,0,0,0,0,0,0,0,0,0,0,0,0,0,0,0,0,0,0,0,0,0,0,0,0,0,0,0,0,0,0,0,0,0,0,0,0,0,0,0,0,0,0,0,0,0,0,0,0,0,0,0,0,0,0,0,0,0,0,0,0,0,0,0,0,0,0,0,0,0,0,0,0,0,0,0,0,0,0,0,0,0,0,0,0,0,0,0,0,0,0,0,0,0,0,0,0,0,0,0,0,0,0,0,0,0,0,0,0,0,0,0,0,0,0,0,0,0,0,0,0,0,0,0,0,0,0,0,0,0,0,0,0,0,0,0,0,0,0,0,0,0,0,0,0,0,0,0,0,0,0,0,0,0,0,0,0,0,0,0,0,0,0,0,0,0,0,0,0,0,0,0,0,0,0,0,0,0,0,0,0,0,0,0,0,0,0,0,0,0,0,0,0,0,0,0,0,0,0,0,0,0,0,0,0,0,0,0,0,0,0,0,0,0,0,0,0,0,0,0,0,0,0,0,0,0,0,0,0,0,0,0,0,0,0,0,0,0,0,0,0,0,0,0,0,0,0,0,0,0,0,0,0,0,0,0,0,0,0,0,0,0,0,0,0,0,0,0,0,0,0,0,0,0,0,0,0,0,0,0,0,0,0,0,0,0,0,0,0,0,0,0,0,0,0,0,0,0,0,0,0,0,0,0,0,0,0,0,0,0,0,0,0,0,0,0,0,0,0,0,0,0,0,0,0,0,0,0,0,0,0,0,0,0,0,0,0,0,0,0,0,0,0,0,0,0,0,0,0,0,0,0,0,0,0,0,0,0,0,0,0,0,0,0,0,0,0,0,0,0,0,0,0,0,0,0,0,0,0,0,0,0,0,0,0,0,0,0,0,0,0,0,0,0,0,0,0,0,0,0,0,0,0,0,0,0,0,0,0,0,0,0,0,0,0,0,0,0,0,0,0,0,0,0,0,0,0,0,0,0,0,0,0,0,0,0,0,0,0,0,0,0,0,0,0,0,0,0,0,0,0,0,0,0,0,0,0,0,0,0,0,0,0,0,0,0,0,0,0,0,0,0,0,0,0,0,0,0,0,0,0,0,0,0,0,0,0,0,0,0,0,0,0,0,0,0,0,0,0,0,0,0,0,0,0,0,0,0,0,0,0,0,0,0,0,0,0,0,0,0,0,0,0,0,0,0,0,0,0,0,0,0,0,0,0,0,0,0,0,0,0,0,0,0,0,0,0,0,0,0,0,0,0,0,0,0,0,0,0,0,0,0,0,0,0,0,0,0,0,0,0,0,0,0,0,0,0,0,0,0,0,0,0,0,0,0,0,0,0,0,0,0,0,0,0,0,0,0,0,0,0,0,0,0,0,0,0,0,0,0,0,0,0,0,0,0,0,0,0,0,0,0,0,0,0,0,0,0,0,0,0,0,0,0,0,0,0,0,0,0,0,0,0,0,0,0,0,0,0,0,0,0,0,0,0,0,0,0,0,0,0,0,0,0,0,0,0,0,0,0,0,0,0,0,0,0,0,0,0,0,0,0,0,0,0,0,0,0,0,0,0,0,0,0,0,0,0,0,0,0,0,0,0,0,0,0,0,0,0,0,0,0,0,0,0,0,0,0,0,0,0,0,0,0,0,0,0,0,0,0,0,0,0,0,0,0,0,0,0,0,0,0,0,0,0,0,0,0,0,0,0,0,0,0,0,0,0,0,0,0,0,0,0,0,0,0,0,0,0,0,0,0,0,0,0,0,0,0,0,0,0,0,0,0,0,0,0,0,0,0,0,0,0,0,0,0,0,0,0,0,0,0,0,0,0,0,0,0,0,0,0,0,0,0,0,0,0,0,0,0,0,0,0,0,0,0,0,0,0,0,0,0,0,0,0,0,0,0,0,0,0,0,0,0,0,0,0,0,0,0,0,0,0,0,0,0,0,0,0,0,0,0,0,0,0,0,0,0,0,0,0,0,0,0,0,0,0,0,0,0,0,0,0,0,0,0,0,0,0,0,0,0,0,0,0,0,0,0,0,0,0,0,0,0,0,0,0,0,0,0,0,0,0,0,0,0,0,0,0,0,0,0,0,0,0,0,0,0,0,0,0,0,0,0,0,0,0,0,0,0,0,0,0,0,0,0,0,0,0,0,0,0,0,0,0,0,0,0,0,0,0,0,0,0,0,0,0,0,0,0,0,0,0,0,0,0,0,0,0,0,0,0,0,0,0,0,0,0,0,0,0,0,0,0,0,0,0,0,0,0,0,0,0,0,0,0,0,0,0,0,0,0,0,0,0,0,0,0,0,0,0,0,0,0,0,0,0,0,0,0,0,0,0,0,0,0,0,0,0,0,0,0,0,0,0,0,0,0,0,0,0,0,0,0,0,0,0,0,0,0,0,0,0,0,0,0,0,0,0,0,0,0,0,0,0,0,0,0,0,0,0,0,0,0,0,0,0,0,0,0,0,0,0,0,0,0,0,0,0,0,0,0,0,0,0,0,0,0,0,0,0,0,0,0,0,0,0,0,0,0,0,0,0,0,0,0,0,0,0,0,0,0,0,0,0,0,0,0,0,0,0,0,0,0,0,0,0,0,0,0,0,0,0,0,0,0,0,0,0,0,0,0,0,0,0,0,0,0,0,0,0,0,0,0,0,0,0,0,0,0,0,0,0,0,0,0,0,0,0,0,0,0,0,0,0,0,0,0,0,0,0,0,0,0,0,0,0,0,0,0,0,0,0,0,0,0,0,0,0,0,0,0,0,0,0,0,0,0,0,0,0,0,0,0,0,0,0,0,0,0,0,0,0,0,0,0,0,0,0,0,0,0,0,0,0,0,0,0,0,0,0,0,0,0,0,0,0,0,0,0,0,0,0,0,0,0,0,0,0,0,0,0,0,0,0,0,0,0,0,0,0,0,0,0,0,0,0,0,0,0,0,0,0,0,0,0,0,0,0,0,0,0,0,0,0,0,0,0,0,0,0,0,0,0,0,0,0,0,0,0,0,0,0,0,0,0,0,0,0,0,0,0,0,0,0,0,0,0,0,0,0,0,0,0,0,0,0,0,0,0,0,0,0,0,0,0,0,0,0,0,0,0,0,0,0,0,0,0,0,0,0,0,0,0,0,0,0,0,0,0,0,0,0,0,0,0,0,0,0,0,0,0,0,0,0,0,0,0,0,0,0,0,0,0,0,0,0,0,0,0,0,0,0,0,0,0,0,0,0,0,0,0,0,0,0,0,0,0,0,0,0,0,0,0,0,0,0,0,0,0,0,0,0,0,0,0,0,0,0,0,0,0,0,0,0,0,0,0,0,0,0,0,0,0,0,0,0,0,0,0,0,0,0,0,0,0,0,0,0,0,0,0,0,0,0,0,0,0,0,0,0,0,0,0,0,0,0,0,0,0,0,0,0,0,0,0,0,0,0,0,0,0,0,0,0,0,0,0,0,0,0,0,0,0,0,0,0,0,0,0,0,0,0,0,0,0,0,0,0,0,0,0,0,0,0,0,0,0,0,0,0,0,0,0,0,0,0,0,0,0,0,0,0,0,0,0,0,0,0,0,0,0,0,0,0,0,0,0,0,0,0,0,0,0,0,0,0,0,0,0,0,0,0,0,0,0,0,0,0,0,0,0,0,0,0,0,0,0,0,0,0,0,0,0,0,0,0,0,0,0,0,0,0,0,0,0,0,0,0,0,0,0,0,0,0,0,0,0,0,0,0,0,0,0,0,0,0,0,0,0,0,0,0,0,0,0,0,0,0,0,0,0,0,0,0,0,0,0,0,0,0,0,0,0,0,0,0,0,0,0,0,0,0,0,0,0,0,0,0,0,0,0,0,0,0,0,0,0,0,0,0,0,0,0,0,0,0,0,0,0,0,0,0,0,0,0,0,0,0,0,0,0,0,0,0,0,0,0,0,0,0,0,0,0,0,0,0,0,0,0,0,0,0,0,0,0,0,0,0,0,0,0,0,0,0,0,0,0,0,0,0,0,0,0,0,0,0,0,0,0,0,0,0,0,0,0,0,0,0,0,0,0,0,0,0,0,0,0,0,0,0,0,0,0,0,0,0,0,0,0,0,0,0,0,0,0,0,0,0,0,0,0,0,0,0,0,0,0,0,0,0,0,0,0,0,0,0,0,0,0,0,0,0,0,0,0,0,0,0,0,0,0,0,0,0,0,0,0,0,0,0,0,0,0,0,0,0,0,0,0,0,0,0,0,0,0,0,0,0,0,0,0,0,0,0,0,0,0,0,0,0,0,0,0,0,0,0,0,0,0,0,0,0,0,0,0,0,0,0,0,0,0,0,0,0,0,0,0,0,0,0,0,0,0,0,0,0,0,0,0,0,0,0,0,0,0,0,0,0,0,0,0,0,0,0,0,0,0,0,0,0,0,0,0,0,0,0,0,0,0,0,0,0,0,0,0,0,0,0,0,0,0,0,0,0,0,0,0,0,0,0,0,0,0,0,0,0,0,0,0,0,0,0,0,0,0,0,0,0,0,0,0,0,0,0,0,0,0,0,0,0,0,0,0,0,0,0,0,0,0,0,0,0,0,0,0,0,0,0,0,0,0,0,0,0,0,0,0,0,0,0,0,0,0,0,0,0,0,0,0,0,0,0,0,0,0,0,0,0,0,0,0,0,0,0,0,0,0,0,0,0,0,0,0,0,0,0,0,0,0,0,0,0,0,0,0,0,0,0,0,0,0,0,0,0,0,0,0,0,0,0,0,0,0,0,0,0,0,0,0,0,0,0,0,0,0,0,0,0,0,0,0,0,0,0,0,0,0,0,0,0,0,0,0,0,0,0,0,0,0,0,0,0,0,0,0,0,0,0,0,0,0,0,0,0,0,0,0,0,0,0,0,0,0,0,0,0,0,0,0,0,0,0,0,0,0,0,0,0,0,0,0,0,0,0,0,0,0,0,0,0,0,0,0,0,0,0,0,0,0,0,0,0,0,0,0,0,0,0,0,0,0,0,0,0,0,0,0,0,0,0,0,0,0,0,0,0,0,0,0,0,0,0,0,0,0,0,0,0,0,0,0,0,0,0,0,0,0,0,0,0,0,0,0,0,0,0,0,0,0,0,0,0,0,0,0,0,0,0,0,0,0,0,0,0,0,0,0,0,0,0,0,0,0,0,0,0,0,0,0,0,0,0,0,0,0,0,0,0,0,0,0,0,0,0,0,0,0,0,0,0,0,0,0,0,0,0,0,0,0,0,0,0,0,0,0,0,0,0,0,0,0,0,0,0,0,0,0,0,0,0,0,0,0,0,0,0,0,0,0,0,0,0,0,0,0,0,0,0,0,0,0,0,0,0,0,0,0,0,0,0,0,0,0,0,0,0,0,0,0,0,0,0,0,0,0,0,0,0,0,0,0,0,0,0,0,0,0,0,0,0,0,0,0,0,0,0,0,0,0,0,0,0,0,0,0,0,0,0,0,0,0,0,0,0,0,0,0,0,0,0,0,0,0,0,0,0,0,0,0,0,0,0,0,0,0,0,0,0,0,0,0,0,0,0,0,0,0,0,0,0,0,0,0,0,0,0,0,0,0,0,0,0,0,0,0,0,0,0,0,0,0,0,0,0,0,0,0,0,0,0,0,0,0,0,0,0,0,0,0,0,0,0,0,0,0,0,0,0,0,0,0,0,0,0,0,0,0,0,0,0,0,0,0,0,0,0,0,0,0,0,0,0,0,0,0,0,0,0,0,0,0,0,0,0,0,0,0,0,0,0,0,0,0,0,0,0,0,0,0,0,0,0,0,0,0,0,0,0,0,0,0,0,0,0,0,0,0,0,0,0,0,0,0,0,0,0,0,0,0,0,0,0,0,0,0,0,0,0,0,0,0,0,0,0,0,0,0,0,0,0,0,0,0,0,0,0,0,0,0,0,0,0,0,0,0,0,0,0,0,0,0,0,0,0,0,0,0,0,0,0,0,0,0,0,0,0,0,0,0,0,0,0,0,0,0,0,0,0,0,0,0,0,0,0,0,0,0,0,0,0,0,0,0,0,0,0,0,0,0,0,0,0,0,0,0,0,0,0,0,0,0,0,0,0,0,0,0,0,0,0,0,0,0,0,0,0,0,0,0,0,0,0,0,0,0,0,0,0,0,0,0,0,0,0,0,0,0,0,0,0,0,0,0,0,0,0,0,0,0,0,0,0,0,0,0,0,0,0,0,0,0,0,0,0,0,0,0,0,0,0,0,0,0,0,0,0,0,0,0,0,0,0,0,0,0,0,0,0,0,0,0,0,0,0,0,0,0,0,0,0,0,0,0,0,0,0,0,0,0,0,0,0,0,0,0,0,0,0,0,0,0,0,0,0,0,0,0,0,0,0,0,0,0,0,0,0,0,0,0,0,0,0,0,0,0,0,0,0,0,0,0,0,0,0,0,0,0,0,0,0,0,0,0,0,0,0,0,0,0,0,0,0,0,0,0,0,0,0,0,0,0,0,0,0,0,0,0,0,0,0,0,0,0,0,0,0,0,0,0,0,0,0,0,0,0,0,0,0,0,0,0,0,0,0,0,0,0,0,0,0,0,0,0,0,0,0,0,0,0,0,0,0,0,0,0,0,0,0,0,0,0,0,0,0,0,0,0,0,0,0,0,0,0,0,0,0,0,0,0,0,0,0,0,0,0,0,0,0,0,0,0,0,0,0,0,0,0,0,0,0,0,0,0,0,0,0,0,0,0,0,0,0,0,0,0,0,0,0,0,0,0,0,0,0,0,0,0,0,0,0,0,0,0,0,0,0,0,0,0,0,0,0,0,0,0,0,0,0,0,0,0,0,0,0,0,0,0,0,0,0,0,0,0,0,0,0,0,0,0,0,0,0,0,0,0,0,0,0,0,0,0,0,0,0,0,0,0,0,0,0,0,0,0,0,0,0,0,0,0,0,0,0,0,0,0,0,0,0,0,0,0,0,0,0,0,0,0,0,0,0,0,0,0,0,0,0,0,0,0,0,0,0,0,0,0,0,0,0,0,0,0,0,0,0,0,0,0,0,0,0,0,0,0,0,0,0,0,0,0,0,0,0,0,0,0,0,0,0,0,0,0,0,0,0,0,0,0,0,0,0,0,0,0,0,0,0,0,0,0,0,0,0,0,0,0,0,0,0,0,0,0,0,0,0,0,0,0,0,0,0,0,0,0,0,0,0,0,0,0,0,0,0,0,0,0,0,0,0,0,0,0,0,0,0,0,0,0,0,0,0,0,0,0,0,0,0,0,0,0,0,0,0,0,0,0,0,0,0,0,0,0,0,0,0,0,0,0,0,0,0,0,0,0,0,0,0,0,0,0,0,0,0,0,0,0,0,0,0,0,0,0,0,0,0,0,0,0,0,0,0,0,0,0,0,0,0,0,0,0,0,0,0,0,0,0,0,0,0,0,0,0,-0.11406985,-0.83752084,-0.6183313,0.18773407,0.4393942,0.772989,-0.3512986,-1.0979652,0.92472756,0.39453146,-0.93048817,-0.10314175,0.29643995,0.32634845,-0.38570383,-0.2014424,0.11243995,-0.47156006,0.2688844,1.0453027,-0.48656657,-0.4385143,-0.11088031,0.10030923,0.15840073,0.23756413,0.050740603,-0.71072346,0.38517198,0.21100204,0.40708047,0.20451838,-0.89707637,-0.13064502,0.25168177,0.03526348,-0.28426594,0.73523736,0.16875368,0.37654454,-0.29132476,0.26783866,-0.37252736,0.35960335,-0.102880314,0.10229616,-0.2448411,0.23447917,0.2263746,-0.7286058,-0.36165154,0.37387785,-0.055873774,0.34443995,0.5355511,0.27238765,-0.38894567,-0.11025286,0.08938113,-0.7185143,0.7944792,0.07881904,0.26810008,-0.013782271,-0.1117692,-0.12552084,0.019995507,-0.32996526,1.211734,0.36242688,-0.13440973,0.5017733,-0.22685416,-0.6399261,-0.257913,-0.07595221,0.34653145,-0.27406985,0.73586476,0.052936684,0.1762308,0.31960335,0.20645303,0.15657067,0.6094334,0.22057067,-0.16029207,0.78313273,0.32101512,-0.014409722,0.0021654412,0.5639955,0.39866218,-0.49346855,-0.3821483,0.19986479,0.28718504,0.100727536,0.27542034,0.4280478,-0.80076265,0.22234845,-0.4695731,0.3783746,0.2945576,0.6035772,0.23040074,0.16666217,-0.38471037,-0.365364,-0.39443585,0.34600857,-0.7475339,-0.23987378,-0.26382148,-0.27788684,-0.19527246,-0.38931167,0.54104125,-0.35297182,0.011838644,0.21309355,-0.7694947,-0.19542933,-0.12829207,-0.29210907,0.29853144,-0.56457967,0.00017851307,-0.6483967,-0.1880045,0.18328962,-0.72254044,-0.52583456,-0.044788808,0.00608701,-0.39610907,-0.73676264,0.076936685,-0.9223836,-0.5165796,0.058165442,0.61628306,0.26276675,0.1724661,0.56514585,-0.22366463,-0.26063195,-0.36023977,0.18213929,0.010479167,0.5558909,-0.42225286,-0.03129861,-0.9087365,0.2688844,0.40326348,0.27657068,0.04645302,0.027838644,0.22020465,0.526087,-0.068422794,-0.055089463,-0.1370764,-0.5644228,-0.085834555,-0.6379914,-0.14549468,-0.070357434,-0.01336397,-0.2877692,-0.5542267,-0.45472345,-0.2785143,0.30349877,0.14559028,-0.32865807,0.068256944,-0.11469731,0.54444,0.4339563,0.20843995,-0.062984884,-0.9613378,-0.6052594,0.8771981,0.21738113,-0.5952725,-0.13378227,-0.07312868,0.2111589,-0.10444894,0.1842831,-0.19616136,-0.117677696,0.52885824,-0.41257966,0.1063223,-0.010592729,0.44117197,0.697172,-0.035377044,-0.07783456,-0.049651552,0.32509354,0.2781916,0.06057067,-0.60003066,-0.26941627,-0.40243587,0.09262296,-0.2275339,-0.34120712,-0.3008934,0.26475367,-0.090645015,0.38281903,-0.2625143,-0.4645535,0.2216687,-0.30172998,0.010688317,0.13513276,0.63871443,0.055655636,-0.74073654,0.13225694,-0.14235744,0.07066217,0.29900205,0.018479167,0.40666217,1.0905838,0.0389759,-0.8010241,0.39536807,-0.33770385,-0.39129862,-0.6531025,0.3232112,0.31034845,-0.14350776,-0.029939134,-0.48410907,0.8685707,0.5214857,0.026792891,0.90491056,0.050688315,0.3135903,-0.28191298,-0.25456658,-0.30648816,-0.5884228,0.33309355,0.12446609,0.6978517,-0.19088031,0.41926348,0.89089745,-0.41932476,-0.47966462,0.21544649,0.17523734,0.165721,-0.095194034,-0.31903717,-0.13718097,-0.32761234,0.0381393,0.8073942,-0.0013378268,-0.39030516,0.37607393,-0.19009599,-0.022618873,0.3748713,0.06020466,-0.15966463,0.2115772,-0.15495874,0.66266215,0.47819158,-0.8241352,-0.8161875,0.13147263,0.029407272,-0.18737704,-0.03631822,0.22151184,0.031132761,0.013773284,-0.025442403,0.14564256,0.5401524,-0.202279,-0.17404372,-0.051586192,-0.09430515,-0.36264503,0.54909354,-0.4507496,-0.5171548,-0.19124633,-0.47982147,0.012466094,0.0049889707,0.22187786,0.24687132,0.40786478,0.1370674,0.24891055,0.6148713,0.40545955,0.15479289,0.3399955,0.12049224,0.48227,0.0018517157,0.22098897,0.41298896,0.15374714,-0.07103717,0.34898898,0.92091054,-0.3840829,0.50961643,0.042531453,0.14077982,0.25429615,0.04870139,-0.49132475,0.36373407,-0.14136396,-0.023716912,0.68760335,-0.6879783,0.14778635,-0.35119402,0.029250408,-0.31255352,-0.42308947,0.36817852,-0.17529862,0.36457068,-0.39339012,-0.10314175,0.25100204,-0.2760045,-0.2444228,0.32127655,-0.27223977,-0.42774305,0.29711968,-0.15522018,-0.09477574,0.34532884,-0.020213643,-0.32206985,-0.09817443,0.4520478,-0.061311685,-0.41137704,0.5758125,0.14506741,0.18762949,0.035995506,-0.38021365,0.1391589,-0.9125535,0.51578635,0.089224264,-0.63406986,-0.2531548,0.4961785,-0.33754697,-0.31574306,-0.52928555,-0.010592729,-0.060004495,-0.15156005,-0.58282804,0.03160335,-0.054514296,-0.05482802,-0.27861887,-0.32248816,0.61670136,-0.21336398,-0.16154698,0.51322424,0.18961643,0.25267524,0.9676033,-0.49901104,-0.013939134,0.15338112,0.5025053,-0.13963848,0.54663604,0.19630924,0.76326346,0.086609885,0.6095903,0.19562949,-0.1201875,-0.34188685,0.54616547,0.03291054,-0.16348162,-0.3020437,0.003838644,0.11871446,-0.58314174,0.028727533,0.10391708,-0.6018607,-0.74481493,-0.15082802,-0.0019129902,-0.4477692,-0.024135213,-0.257547,0.10961642,0.21105433,-0.4237692,-0.46324632,-0.24897182,0.1358125,-0.7773901,0.34564257,-0.022148285,0.49774715,-0.22204371,0.0722308,-0.2423313,0.41136804,0.5357602,0.0053549837,0.18689747,0.008805964,0.10877982,0.46585172,-0.3361875,-0.051377043,0.33361644,-0.40332475,0.793538,-0.09148162,-0.6642921,0.19170792,0.4727014,-0.41336396,0.16708048,0.21068832,0.34198242,-0.8637169,-0.10648815,0.1598125,-0.15506332,0.69827,-0.4469849,0.050897468,0.7310543,-0.7234816,0.32237458,0.35646608,0.36796936,0.2002308,-0.23124632,0.034583744,0.08132884,-0.43192607,-0.12729861,-0.020213643,-0.35192606,-0.046828024,0.30940726,-0.31328553,-0.20557313,-0.2368411,0.38287133,-0.28264502,0.149721,-0.039455473,0.019368056,-0.026069853,0.22694975,-0.20499796,-0.2687365,-0.040553514,0.34684518,-0.41775614,-0.16065809,-0.6644489,0.18093668,-0.83030516,0.07447917,0.34982556,0.77387786,-0.052579656,-0.17843586,-0.43882802,-0.16165155,-0.25969076,-0.3930241,-0.26282802,0.57105434,-0.45592606,-0.3096777,-0.11406985,-0.11694567,1.0012243,-0.072553515,0.35834846,-0.11757312,0.22627002,0.50700206,-0.5562136,0.59500206,0.3985053,0.13753799,0.08593015,0.30951184,-0.008919526,0.10715891,-0.10962541,0.11296283,0.20770793,0.3362831,0.13262296,-0.4515862,-0.63161236,0.3054857,-0.105442405,-0.5086842,0.20472753,-0.6350633,-0.5051287,-0.20410907,-0.35663193,-0.5067496,0.71761644,0.64253145,0.3340347,0.41983864,0.8162831,0.13910662,-0.021625409,0.14668831,-0.60238355,-0.42068422,-0.03088031,0.24566871,0.07332884,0.589355,-0.037677698,-0.2280045,-0.16891953,0.2251197,-0.012318219,0.19599551,-0.5720568,-0.21477574,-0.1912986,0.4018517,-0.2426973,-0.024501225,-0.103560045,-0.7657823,0.3432896,-0.57854044,-0.035272468,0.57837456,0.14491054,0.2991589,-0.23459274,0.55667526,0.6267406,0.62240076,-0.090017565,-0.23417443,0.23594321,0.11453146,0.4237602,0.47155106,-0.118984886,-0.26596528,0.5610151,0.79928964,-0.4784097,0.16430923,-0.11997835,0.3430282,-0.3656254,0.2646491,0.13884518,-0.83992606,-0.24620058,0.069825575,-0.12803064,-0.7332594,-0.6378868,0.15191707,0.10491054,-0.64829206,-0.42491952,0.53058374,0.22015236,0.5924922,-0.21671037,-0.5208672,0.12932885,-0.7777038,-0.6114816,-0.26993912,-0.34392607,0.29429615,0.041381128,0.50700206,0.28378636,-0.63067114,-0.43846202,0.65528965,-0.594279,-0.1960045,-0.087089464,0.1054857,0.45257068,-0.7069588,-0.5883705,0.45393014,-0.30905023,-0.11788685,-0.6855731,-0.17843586,-0.64285415,0.29089746,-0.5644228,-0.11323325,0.20394322,-0.6977561,0.26663604,-0.55025285,-0.03088031,-0.4485535,-0.2010241,0.2503746,0.00953799,0.17779943,0.18224387,0.19960335,0.54736805,-0.58905023,-0.33393914,0.071080476,-0.72039664,-0.094828025,0.117564134,-0.18408293,0.50532883,0.6773027,-0.1509326,0.48969486,-0.32484108,0.18485825,-0.21524632,0.20373407,-0.74115485,0.53544647,0.057904005,-0.104135215,-0.0726058,0.37419158,0.013720997,-0.20766462,0.62276673,-0.3037169,-0.22936398,0.37126347,0.31233537,-0.63108945,-0.3686581,0.2562308,-0.3070633,-0.28975612,-0.30946854,0.4066099,0.6710282,0.19970793,-0.64761233,-0.30052736,0.26956412,-0.35610908,0.32430923,0.46454453,0.24734192,0.42940727,0.19191708,-1.1250502,-0.38999143,0.121904,-0.2641352,-0.17210907,-0.17101103,0.14292361,-0.26701102,0.2554465,-0.37854043,0.29152492,0.039917074,0.25806087,-0.6889718,0.001694853,0.44504127,-0.17216136,-0.58659273,-0.21257965,-0.3185666,0.19840074,-0.048239786,0.10365564,0.10731577,-0.14988685,-0.174462,0.0747406,0.27400857,0.7395249,0.34433538,0.22993015,-0.6438999,0.22433537,-0.2456254,-0.33226594,-0.549364,-0.5905666,0.35024387,-0.17848815,0.4574857,-0.9044489,-0.43793914,0.042479165,-0.0057299836,-0.59773,0.60749876,-0.19867116,0.12347263,-0.11584763,0.0836295,-0.012788807,0.054766748,-0.44327247,0.18234845,-0.42936397,0.2836295,-0.34157312,-0.10167769,0.024962828,0.30135497,0.18501511,-0.055194035,0.105642565,-0.53142935,0.18982556,-0.30131167,0.104596816,0.012675245,0.8011197,0.01063603,0.20901512,-0.65174305,-0.585547,0.18470138,-0.6195339,0.12650532,0.3282308,0.13800858,-0.22936398,-0.45634437,0.08843995,0.4970674,-0.27438357,-0.14230515,-0.3314816,-0.24991299,0.7593942,-0.24071038,-0.004109069,0.27803472,0.60477984,0.099524915,-0.2569718,0.5207014,0.18313277,0.35071447,0.2835772,0.119132765,-0.041965276,-0.12708946,-0.41880187,-0.5450241,0.42501512,-0.40996528,0.4970674,0.6401785,-0.52337706,0.2571197,-0.0810241,0.65100205,0.039655637,0.38611317,0.023917075,0.019524919,-0.110618874,-0.32348162,-0.26988685,-0.28834435,-0.60510254,-0.05770384,-0.2086058,0.11573407,-0.040710375,0.7017733,0.35087132,0.28828308,0.14977328,0.5110282,-0.15956005,0.71087134,-0.4726581,0.049224265,0.11583865,0.26987785,-0.16881496,0.31327656,0.30815238,-0.5909849,0.15353799,0.4967014,0.028884396,-0.34816137,-0.14559926,0.60593015,-0.06889338,-0.4166058,-0.068370506,-0.36196527,-0.52128553,0.36708048,-0.00086723856,0.119185045,0.34485826,-0.35903716,-0.70141625,0.6067145,0.4625053,-0.39647508,0.16263603,-0.6882398,0.17403473,-0.20583455,0.25983864,-0.25101104,0.39793015,0.2722308,-0.31867117,-0.18601756,0.07170793,0.3981393,0.18658374,0.33178636,0.43029615,0.26982558,-0.085102536,0.097485706,-0.106749594,-0.3075862,-0.30659273,0.16640073,0.20802166,0.229721,-0.71877575,0.34156415,-0.07673652,0.30736807,-0.15077573,-0.3147496,-0.1286058,0.5157341,-0.012056781,-0.25759926,-0.57169074,-0.06225286,0.19463603,0.18532884,0.18851838,-0.43098488,-0.09435743,0.3475249,-0.52081496,0.28101513,-0.48876268,-0.075481616,0.16310662,0.08462296,0.34475368,-0.5238999,-0.14005677,0.23406087,-0.31072345,0.2465053,-0.4856777,0.30062297,0.053720996,0.030557599,-0.023403186,0.2647014,0.08483211,0.007185049,-0.23056659,-0.062043708,0.63233536,-0.1268803,-0.6446319,0.102766745,0.6127275,0.47196937,-0.09671038,-0.13399142,0.3050674,0.39128962,0.028832108,0.19646609,0.2309759,0.84629613,-0.07652737,-0.03694567,-0.09561234,-0.41629207,-0.012056781,0.05319812,0.50956416,0.05387786,-0.7517169,0.12744649,0.41607395,0.2999432,-0.30659273,0.25785172,0.00049223856,-0.019586192,0.21821773,0.18987785,0.022453023,-0.430096,-0.21723326,0.29210007,-0.16013521,-0.19548161,-0.18810907,0.14569485,0.4401785,0.28974715,-0.10120711,0.14569485,0.28593016,-0.16954698,0.060100082,-0.025808414,-0.29519403,0.6048321,-0.4268019,0.27149877,-0.56891954,0.4116295,-0.20039666,0.5007798,-0.17080188,0.15798244,-0.063612334,-0.12139011,0.1488844,0.3723615,-0.46769077,0.12394322,-0.2887104,0.4718648,0.09283211,-0.4346973,-0.07250123,0.09199551,0.5119694,-0.28405678,-0.25514174,-0.43673652,-0.19621365,0.31824386,0.4221916,0.15489747,0.11829616,-0.12128554,-0.44719404,-0.1912986,0.07881904,0.1273942,0.52007395,0.17277981,0.0021131537,0.3438125,0.22517198,0.10904126,-0.11940318,-0.51663196,-0.24170384,-0.16254044,0.1690674,-0.03203064,-0.06319404,-0.31192607,-0.68217444,-0.20844893,-0.8295731,-0.26612213,-0.43579534,-0.7841352,-0.49650124,0.53257066,-0.65806985,-1.1611286,0.15343341,-0.71736395,0.119498774,0.09508047,-0.06701103,-0.3586189,-1.2890241,0.36080596,-0.75825286,0.899002,0.19531576,-0.046095997,-0.5107235,-0.3438215,-0.068370506,0.017694853,0.65633535,-0.545913,0.93555105,-0.49885416,0.37393016,0.54193014,-0.7517692,1.2211459,0.9113419,0.2752635,-0.39924634,0.80545956,-1.0014424,0.45696282,0.67625695,-0.3407888,0.2881785,1.1347145,-0.4878215,-0.04348162,0.8691458,0.09027001,-0.8615208,0.034165442,0.5811458,-0.23040973,0.5207537,-0.37242278,0.34538114,0.08174714,0.09089747,-0.59956,-0.20578226,-0.5639522,-0.99710256,-0.14957312,-0.55997837,-0.5154816,-0.6101744,-0.08536397,0.54407394,0.1607014,-0.714279,0.9262439,0.88728964,-0.9432463,0.110766746,-0.018331291,-0.08672345,-0.13142933,0.4002831,-0.856815,-0.5229065,0.38857067,-0.3068019,0.5747145,0.27698898,-0.053102534,-0.09268423,-0.20447508,-0.81257963,0.29000857,0.43134192,-0.678462,0.50485826,-0.27171692,-0.9088411,-0.9345143,0.1606491,-0.3790633,-0.41461888,0.49774715,0.011681781,0.17821772,-0.4877169,-0.42774305,0.22459681,0.45215237,0.0081785135,-0.34094566,-0.15626593,-0.15856658,-0.64886725,-0.5361352,-0.29074958,0.28017852,0.19484518,0.007707925,0.031080473,0.050949756,-0.10105024,-0.48850122,-0.6905927,-0.46643588,0.08091054,-0.07668423,0.0074987747,-0.20834437,-0.5189849,-0.5226973,-0.09210907,0.72206086,0.31510663,0.41617852,0.4014334,1.0085446,
0,0,0,0,0,1,0,0,0,0,0,0,0,0,0,0,1,0,0,0,0,0,0,0,0,0,0,0,0,0,0,0,0,0,0,0,0,0,0,0,0,0,0,0,0,0,0,0,0,0,0,0,0,0,0,0,0,0,0,0,0,0,0,0,0,0,0,0,0,0,0,0,0,0,0,0,0,0,0,0,0,0,0,0,0,0,0,0,0,0,0,0,0,0,0,0,0,0,0,0,0,0,0,0,0,0,0,0,0,0,0,0,0,0,0,0,0,0,0,0,0,0,0,0,0,0,0,0,0,0,0,0,0,0,0,0,0,0,0,0,0,0,0,0,0,0,0,0,0,0,0,0,0,0,0,0,0,0,0,0,0,0,0,0,0,0,0,0,0,0,0,0,0,0,0,0,0,0,0,0,0,0,0,0,0,0,0,0,0,0,0,0,0,0,0,0,0,0,0,0,0,0,0,0,0,0,0,0,0,0,0,0,0,0,0,0,0,0,0,0,0,0,0,0,0,0,0,0,0,0,0,0,0,0,0,0,0,0,0,0,0,0,0,0,0,0,0,0,0,0,0,0,0,0,0,0,0,0,0,0,0,0,0,0,0,0,0,0,0,0,0,0,0,0,0,0,0,0,0,0,0,0,0,0,0,0,0,0,0,0,0,0,0,0,0,0,0,0,0,0,0,0,0,0,0,0,0,0,0,0,0,0,0,0,0,0,0,0,0,0,0,0,0,0,0,0,0,0,0,0,0,0,0,0,0,0,0,0,0,0,0,0,0,0,0,0,0,0,0,0,0,0,0,0,0,0,0,0,0,0,0,0,0,0,0,0,0,0,0,0,0,0,0,0,0,0,0,0,0,0,0,0,0,0,0,0,0,0,0,0,0,0,0,0,0,0,0,0,0,0,0,0,0,0,0,0,0,0,0,0,0,0,0,0,0,0,0,0,0,0,0,0,0,0,0,0,0,0,0,0,0,0,0,0,0,0,0,0,0,0,0,0,0,0,0,0,0,0,0,0,0,0,0,0,0,0,0,0,0,0,0,0,0,0,0,0,0,0,0,0,0,0,0,0,0,0,0,0,0,0,0,0,0,0,0,0,0,0,0,0,0,0,0,0,0,0,0,0,0,0,0,0,0,0,0,0,0,0,0,0,0,0,0,0,0,0,0,0,0,0,0,0,0,0,0,0,0,0,0,0,0,0,0,0,0,0,0,0,0,0,0,0,0,0,0,0,0,0,0,0,0,0,0,0,0,0,0,0,0,0,0,0,0,0,0,0,0,0,0,0,0,0,0,0,0,0,0,0,0,0,0,0,0,0,0,0,0,0,0,0,0,0,0,0,0,0,0,0,0,0,0,0,0,0,0,0,0,0,0,0,0,0,0,0,0,0,0,0,0,0,0,0,0,0,0,0,0,0,0,0,0,0,0,0,0,0,0,0,0,0,0,0,0,0,0,0,0,0,0,0,0,0,0,0,0,0,0,0,0,0,0,0,0,0,0,0,0,0,0,0,0,0,0,0,0,0,0,0,0,0,0,0,0,0,0,0,0,0,0,0,0,0,0,0,0,0,0,0,0,0,0,0,0,0,0,0,0,0,0,0,0,0,0,0,0,0,0,0,0,0,0,0,0,0,0,0,0,0,0,0,0,0,0,0,0,0,0,0,0,0,0,0,0,0,0,0,0,0,0,0,0,0,0,0,0,0,0,0,0,0,0,0,0,0,0,0,0,0,0,0,0,0,0,0,0,0,0,0,0,0,0,0,0,0,0,0,0,0,0,0,0,0,0,0,0,0,0,0,0,0,0,0,0,0,0,0,0,0,0,0,0,0,0,0,0,0,0,0,0,0,0,0,0,0,0,0,0,0,0,0,0,0,0,0,0,0,0,0,0,0,0,0,0,0,0,0,0,0,0,0,0,0,0,0,0,0,0,0,0,0,0,0,0,0,0,0,0,0,0,0,0,0,0,0,0,0,0,0,0,0,0,0,0,0,0,0,0,0,0,0,0,0,0,0,0,0,0,0,0,0,0,0,0,0,0,0,0,0,0,0,0,0,0,0,0,0,0,0,0,0,0,0,0,0,0,0,0,0,0,0,0,0,0,0,0,0,0,0,0,0,0,0,0,0,0,0,0,0,0,0,0,0,0,0,0,0,0,0,0,0,0,0,0,0,0,0,0,0,0,0,0,0,0,0,0,0,0,0,0,0,0,0,0,0,0,0,0,0,0,0,0,0,0,0,0,0,0,0,0,0,0,0,0,0,0,0,0,0,0,0,0,0,0,0,0,0,0,0,0,0,0,0,0,0,0,0,0,0,0,0,0,0,0,0,0,0,0,0,0,0,0,0,0,0,0,0,0,0,0,0,0,0,0,0,0,0,0,0,0,0,0,0,0,0,0,0,0,0,0,0,0,0,0,0,0,0,0,0,0,0,0,0,0,0,0,0,0,0,0,0,0,0,0,0,0,0,0,0,0,0,0,0,0,0,0,0,0,0,0,0,0,0,0,0,0,0,0,0,0,0,0,0,0,0,0,0,0,0,0,0,0,0,0,0,0,0,0,0,0,0,0,0,0,0,0,0,0,0,0,0,0,0,0,0,0,0,0,0,0,0,0,0,0,0,0,0,0,0,0,0,0,0,0,0,0,0,0,0,0,0,0,0,0,0,0,0,0,0,0,0,0,0,0,0,0,0,0,0,0,0,0,0,0,0,0,0,0,0,0,0,0,0,0,0,0,0,0,0,0,0,0,0,0,0,0,0,0,0,0,0,0,0,0,0,0,0,0,0,0,0,0,0,0,0,0,0,0,0,0,0,0,0,0,0,0,0,0,0,0,0,0,0,0,0,0,0,0,0,0,0,0,0,0,0,0,0,0,0,0,0,0,0,0,0,0,0,0,0,0,0,0,0,0,0,0,0,0,0,0,0,0,0,0,0,0,0,0,0,0,0,0,0,0,0,0,0,0,0,0,0,0,0,0,0,0,0,0,0,0,0,0,0,0,0,0,0,0,0,0,0,0,0,0,0,0,0,0,0,0,0,0,0,0,0,0,0,0,0,0,0,0,0,0,0,0,0,0,0,0,0,0,0,0,0,0,0,0,0,0,0,0,0,0,0,0,0,0,0,0,0,0,0,0,0,0,0,0,0,0,0,0,0,0,0,0,0,0,0,0,0,0,0,0,0,0,0,0,0,0,0,0,0,0,0,0,0,0,0,0,0,0,0,0,0,0,0,0,0,0,0,0,0,0,0,0,0,0,0,0,0,0,0,0,0,0,0,0,0,0,0,0,0,0,0,0,0,0,0,0,0,0,0,0,0,0,0,0,0,0,0,0,0,0,0,0,0,0,0,0,0,0,0,0,0,0,0,0,0,0,0,0,0,0,0,0,0,0,0,0,0,0,0,0,0,0,0,0,0,0,0,0,0,0,0,0,0,0,0,0,0,0,0,0,0,0,0,0,0,0,0,0,0,0,0,0,0,0,0,0,0,0,0,0,0,0,0,0,0,0,0,0,0,0,0,0,0,0,0,0,0,0,0,0,0,0,0,0,0,0,0,0,0,0,0,0,0,0,0,0,0,0,0,0,0,0,0,0,0,0,0,0,0,0,0,0,0,0,0,0,0,0,0,0,0,0,0,0,0,0,0,0,0,0,0,0,0,0,0,0,0,0,0,0,0,0,0,0,0,0,0,0,0,0,0,0,0,0,0,0,0,0,0,0,0,0,0,0,0,0,0,0,0,0,0,0,0,0,0,0,0,0,0,0,0,0,0,0,0,0,0,0,0,0,0,0,0,0,0,0,0,0,0,0,0,0,0,0,0,0,0,0,0,0,0,0,0,0,0,0,0,0,0,0,0,0,0,0,0,0,0,0,0,0,0,0,0,0,0,0,0,0,0,0,0,0,0,0,0,0,0,0,0,0,0,0,0,0,0,0,0,0,0,0,0,0,0,0,0,0,0,0,0,0,0,0,0,0,0,0,0,0,0,0,0,0,0,0,0,0,0,0,0,0,0,0,0,0,0,0,0,0,0,0,0,0,0,0,0,0,0,0,0,0,0,0,0,0,0,0,0,0,0,0,0,0,0,0,0,0,0,0,0,0,0,0,0,0,0,0,0,0,0,0,0,0,0,0,0,0,0,0,0,0,0,0,0,0,0,0,0,0,0,0,0,0,0,0,0,0,0,0,0,0,0,0,0,0,0,0,0,0,0,0,0,0,0,0,0,0,0,0,0,0,0,0,0,0,0,0,0,0,0,0,0,0,0,0,0,0,0,0,0,0,0,0,0,0,0,0,0,0,0,0,0,0,0,0,0,0,0,0,0,0,0,0,0,0,0,0,0,0,0,0,0,0,0,0,0,0,0,0,0,0,0,0,0,0,0,0,0,0,0,0,0,0,0,0,0,0,0,0,0,0,0,0,0,0,0,0,0,0,0,0,0,0,0,0,0,0,0,0,0,0,0,0,0,0,0,0,0,0,0,0,0,0,0,0,0,0,0,0,0,0,0,0,0,0,0,0,0,0,0,0,0,0,0,0,0,0,0,0,0,0,0,0,0,0,0,0,0,0,0,0,0,0,0,0,0,0,0,0,0,0,0,0,0,0,0,0,0,0,0,0,0,0,0,0,0,0,0,0,0,0,0,0,0,0,0,0,0,0,0,0,0,0,0,0,0,0,0,0,0,0,0,0,0,0,0,0,0,0,0,0,0,0,0,0,0,0,0,0,0,0,0,0,0,0,0,0,0,0,0,0,0,0,0,0,0,0,0,0,0,0,0,0,0,0,0,0,0,0,0,0,0,0,0,0,0,0,0,0,0,0,0,0,0,0,0,0,0,0,0,0,0,0,0,0,0,0,0,0,0,0,0,0,0,0,0,0,0,0,0,0,0,0,0,0,0,0,0,0,0,0,0,0,0,0,0,0,0,0,0,0,0,0,0,0,0,0,0,0,0,0,0,0,0,0,0,0,0,0,0,0,0,0,0,0,0,0,0,0,0,0,0,0,0,0,0,0,0,0,0,0,0,0,0,0,0,0,0,0,0,0,0,0,0,0,0,0,0,0,0,0,0,0,0,0,0,0,0,0,0,0,0,0,0,0,0,0,0,0,0,0,0,0,0,0,0,0,0,0,0,0,0,0,0,0,0,0,0,0,0,0,0,0,0,0,0,0,0,0,0,0,0,0,0,0,0,0,0,0,0,0,0,0,0,0,0,0,0,0,0,0,0,0,0,0,0,0,0,0,0,0,0,0,0,0,0,0,0,0,0,0,0,0,0,0,0,0,0,0,0,0,0,0,0,0,0,0,0,0,0,0,0,0,0,0,0,0,0,0,0,0,0,0,0,0,0,0,0,0,0,0,0,0,0,0,0,0,0,0,0,0,0,0,0,0,0,0,0,0,0,0,0,0,0,0,0,0,0,0,0,0,0,0,0,0,0,0,0,0,0,0,0,0,0,0,0,0,0,0,0,0,0,0,0,0,0,0,0,0,0,0,0,0,0,0,0,0,0,0,0,0,0,0,0,0,0,0,0,0,0,0,0,0,0,0,0,0,0,0,0,0,0,0,0,0,0,0,0,0,0,0,0,0,0,0,0,0,0,0,0,0,0,0,0,0,0,0,0,0,0,0,0,0,0,0,0,0,0,0,0,0,0,0,0,0,0,0,0,0,0,0,0,0,0,0,0,0,0,0,0,0,0,0,0,0,0,0,0,0,0,0,0,0,0,0,0,0,0,0,0,0,0,0,0,0,0,0,0,0,0,0,0,0,0,0,0,0,0,0,0,0,0,0,0,0,0,0,0,0,0,0,0,0,0,0,0,0,0,0,0,0,0,0,0,0,0,0,0,0,0,0,0,0,0,0,0,0,0,0,0,0,0,0,0,0,0,0,0,0,0,0,0,0,0,0,0,0,0,0,0,0,0,0,0,0,0,0,0,0,0,0,0,0,0,0,0,0,0,0,0,0,0,0,0,0,0,0,0,0,0,0,0,0,0,0,0,0,0,0,0,0,0,0,0,0,0,0,0,0,0,0,0,0,0,0,0,0,0,0,0,0,0,0,0,0,0,0,0,0,0,0,0,0,0,0,0,0,0,0,0,0,0,0,0,0,0,0,0,0,0,0,0,0,0,0,0,0,0,0,0,0,0,0,0,0,0,0,0,0,0,0,0,0,0,0,0,0,0,0,0,0,0,0,0,0,0,0,0,0,0,0,0,0,0,0,0,0,0,0,0,0,0,0,0,0,0,0,0,0,0,0,0,0,0,0,0,0,0,0,0,0,0,0,0,0,0,0,0,0,0,0,0,0,0,0,0,0,0,0,0,0,0,0,0,0,0,0,0,0,0,0,0,0,0,0,0,0,0,0,0,0,0,0,0,0,0,0,0,0,0,0,0,0,0,0,0,0,0,0,0,0,0,0,0,0,0,0,0,0,0,0,0,0,0,0,0,0,0,0,0,0,0,0,0,0,0,0,0,0,0,0,0,0,0,0,0,0,0,0,0,0,0,0,0,0,0,0,0,0,0,0,0,0,0,0,0,0,0,0,0,0,0,0,0,0,0,0,0,0,0,0,0,0,0,0,0,0,0,0,0,0,0,0,0,0,0,0,0,0,0,0,0,0,0,0,0,0,0,0,0,0,0,0,0,0,0,0,0,0,0,0,0,0,0,0,0,0,0,0,0,0,0,0,0,0,0,0,0,0,0,0,0,0,0,0,0,0,0,0,0,0,0,0,0,0,0,0,0,0,0,0,0,0,0,0,0,0,0,0,0,0,0,0,0,0,0,0,0,0,0,0,0,0,0,0,0,0,0,0,0,0,0,0,0,0,0,0,0,0,0,0,0,0,0,0,0,0,0,0,0,0,0,0,0,0,0,0,0,0,0,0,0,0,0,0,0,0,0,0,0,0,0,0,0,0,0,0,0,0,0,0,0,0,0,0,0,0,0,0,0,0,0,0,0,0,0,0,0,0,0,0,0,0,0,0,0,0,0,0,0,0,0,0,0,0,0,0,0,0,0,0,0,0,0,0,0,0,0,0,0,0,0,0,0,0,0,0,0,0,0,0,0,0,0,0,0,0,0,0,0,0,0,0,0,0,0,0,0,0,0,0,0,0,0,0,0,0,0,0,0,0,0,0,0,0,0,0,0,0,0,0,0,0,0,0,0,0,0,0,0,0,0,0,0,0,0,0,0,0,0,0,0,0,0,0,0,0,0,0,0,0,0,0,0,0,0,0,0,0,0,0,0,0,0,0,0,0,0,0,0,0,0,0,0,0,0,0,0,0,0,0,0,0,0,0,0,0,0,0,0,0,0,0,0,0,0,0,0,0,0,0,0,0,0,0,0,0,0,0,0,0,0,0,0,0,0,0,0,0,0,0,0,0,0,0,0,0,0,0,0,0,0,0,0,0,0,0,0,0,0,0,0,0,0,0,0,0,0,0,0,0,0,0,0,0,0,0,0,0,0,0,0,0,0,0,0,0,0,0,0,0,0,0,0,0,0,0,0,0,0,0,0,0,0,0,0,0,0,0,0,0,0,0,0,0,0,0,0,0,0,0,0,0,0,0,0,0,0,0,0,0,0,0,0,0,0,0,0,0,0,0,0,0,0,0,0,0,0,0,0,0,0,0,0,0,0,0,0,0,0,0,0,0,0,0,0,0,0,0,0,0,0,0,0,0,0,0,0,0,0,0,0,0,0,0,0,0,0,0,0,0,0,0,0,0,0,0,0,0,0,0,0,0,0,0,0,0,0,0,0,0,0,0,0,0,0,0,0,0,0,0,0,0,0,0,0,0,0,0,0,0,0,0,0,0,0,0,0,0,0,0,0,0,0,0,0,0,0,0,0,0,0,0,0,0,0,0,0,0,0,0,0,0,0,0,0,0,0,0,0,0,0,0,0,0,0,0,0,0,0,0,0,0,0,0,0,0,0,0,0,0,0,0,0,0,0,0,0,0,0,0,0,0,0,0,0,0,0,0,0,0,0,0,0,0,0,0,0,0,0,0,0,0,0,0,0,0,0,0,0,0,0,0,0,0,0,0,0,0,0,0,0,0,0,0,0,0,0,0,0,0,0,0,0,0,0,0,0,0,0,0,0,0,0,0,0,0,0,0,0,0,0,0,0,0,0,0,0,0,0,0,0,0,0,0,0,0,0,0,0,0,0,0,0,0,0,0,0,0,0,0,0,0,0,0,0,0,0,0,0,0,0,0,0,0,0,0,0,0,0,0,0,0,0,0,0,0,0,0,0,0,0,0,0,0,0,0,0,0,0,0,0,0,0,0,0,0,0,0,0,0,0,0,0,0,0,0,0,0,0,0,0,0,0,0,0,0,0,0,0,0,0,0,0,0,0,0,0,0,0,0,0,0,0,0,0,0,0,0,0,0,0,0,0,0,0,0,0,0,0,0,0,0,0,0,0,0,0,0,0,0,0,0,0,0,0,0,0,0,0,0,0,0,0,0,0,0,0,0,0,0,0,0,0,0,0,0,0,0,0,0,0,0,0,0,0,0,0,0,0,0,0,0,0,0,0,0,0,0,0,0,0,0,0,0,0,0,0,0,0,0,0,0,0,0,0,0,0,0,0,0,0,0,0,0,0,0,0,0,0,0,0,0,0,0,0,0,0,0,0,0,0,0,0,0,0,0,0,0,0,0,0,0,0,0,0,0,0,0,0,-0.3117692,-0.06722018,-0.8524751,-0.070984885,1.2444661,-0.6585927,-0.4200568,-0.9267234,0.115211196,1.6242307,0.98161644,-0.015194036,1.182453,-0.16724633,-0.009756127,0.2056687,1.0172243,0.4835772,-0.39474958,-0.39359927,-0.62920713,0.71745956,-0.11359926,-0.6439522,0.509721,-0.9527104,0.12603472,-0.551194,-0.2890241,-0.13305025,0.14255759,-0.57122016,0.044100083,-0.5199261,0.29387787,0.15296283,-0.8688934,0.12603472,-0.2132594,-0.1921875,-0.57519406,-0.7014685,0.42459682,0.70731574,0.21769485,0.14611316,-0.8173378,0.39291054,-0.16787377,-0.6017038,0.26684517,0.3555772,0.23374714,-0.14805678,0.05795629,0.13534191,-0.17074959,0.031551063,0.17361642,-0.7421483,-0.30988684,-0.27474958,0.241904,-0.1526058,-0.09963848,-1.1182529,0.12096283,-0.3846058,-0.4431156,0.2313942,-0.35752082,-0.48714176,0.25481904,-0.018435866,0.54402167,0.07578636,0.69853145,0.08075368,-0.47542933,0.52671444,-0.07333782,0.69481903,0.04498897,0.16096282,0.47934192,0.22574714,-0.40572998,-0.08055352,0.34511968,0.30993015,-0.32097182,0.010949755,-0.09733783,-0.04280188,0.079864785,0.7618517,0.027158905,-0.29498488,0.0153942,-0.2706189,0.26825693,-0.4903313,-0.5887888,0.558453,-0.15380841,-0.4650241,0.20755106,-0.37226593,0.20582557,0.15343341,0.26658374,0.35578635,-0.018645016,0.32509354,-0.34157312,-0.0045796568,-0.15657966,-0.03108946,-0.03715482,0.4877079,0.21277982,0.05795629,0.34705433,0.5718386,-0.060265932,-0.43156004,-0.2562398,-0.5133901,-0.016553514,0.29136807,-0.30152082,-0.04217443,0.36164257,-0.01273652,0.29926348,-0.12238358,-0.10962541,0.34402165,-0.45054045,0.2873942,0.3610674,-0.057337828,0.18098897,0.6193681,-0.0016515523,0.05884518,-0.08635744,0.27160335,0.54145956,0.310087,-0.15480188,-0.3862267,-0.1252594,-0.3239522,0.46245304,0.39651838,0.27416545,0.018531455,0.46893668,-0.124161355,-0.31537706,-0.15746854,-0.825547,-0.012109068,-0.32452738,0.08849224,-0.5201875,-0.095141746,0.040335376,0.44389093,-0.022984887,0.04561642,-0.19961233,0.3013027,0.17351185,-0.24876267,-0.22983456,0.34559026,-0.26350775,0.12410008,-0.03501103,-0.27244893,-0.11987378,-0.11014828,-0.06863195,0.3821393,-0.22549468,0.1269759,0.2242308,-0.25650123,-0.5981483,0.21257067,-0.34366462,0.086243875,0.49236152,0.0037863562,-0.11699796,0.18328962,-0.15950777,-0.27067116,0.3652504,0.4402831,0.6318125,-0.05446201,0.018374592,0.067211196,-0.06408293,-0.42450124,-0.48928553,-0.0898607,0.13858373,0.6505315,0.15343341,0.17701511,0.17304125,-0.047194038,0.026374592,0.36922425,-0.24708946,0.06166871,0.015551062,0.32420465,-0.26476267,0.27704126,0.5266622,-0.07971691,-0.501364,-0.043533906,0.26224387,0.37058374,-0.23783456,-0.46345547,0.78349876,-0.4102267,0.19698897,0.10768178,0.10161642,0.15071446,-0.09895874,0.26668832,-0.28583455,-0.45367768,-0.081860706,-0.05169077,-0.54267114,0.3698517,0.9838648,-0.07694567,-0.08996528,-0.15297182,0.25685826,-0.10204371,0.64885825,-0.20452736,-0.38026592,0.084988974,-0.13723326,0.020727532,0.49267524,-0.035272468,-0.29603064,-0.09210907,0.062453024,-0.05273652,-0.0036384803,0.32415238,0.11427002,-0.08473652,-0.5515078,-0.1690241,-0.44003063,-0.15961234,-0.25268424,-0.07459273,-0.23339011,0.43040073,0.23170793,0.3694334,-0.2843705,0.3138517,0.29382557,-0.064239785,-0.38444895,0.19165564,0.83866215,0.035995506,-0.24170384,-0.6400829,0.3854334,-0.60839665,0.12446609,-0.024501225,0.07484518,-0.46042278,0.68645304,0.33685824,0.21649224,-0.06523325,0.05513276,-0.27908945,0.4334334,0.15719812,0.24111968,0.34417853,0.04519812,-0.54983455,0.18109354,-0.25467116,0.5201785,-0.066435866,0.5171458,0.34627002,-0.38016135,0.047446486,-0.15793914,-0.061991423,-0.48206985,0.3054857,0.2364138,0.10585172,-0.19872345,-0.100265935,-0.15349469,-0.55040973,0.00049223856,-0.05231822,0.37779942,0.2166491,-0.15129861,-0.41383457,0.13931577,-0.122540444,-0.12724632,-0.20201756,0.0995772,0.23542035,-0.03328554,0.17591707,-0.47605678,-0.042226717,-0.15250123,-0.38397834,0.049904004,-0.18931168,-0.35537705,0.04132884,-0.114488155,-0.12039665,-0.07783456,0.018583741,-0.0498607,0.31740728,0.12321119,-0.10115482,0.16540727,-0.10267116,0.16483212,-0.11589992,0.005198121,0.1256687,-0.20923325,-0.06659273,-0.4039522,0.14726348,0.105015114,0.13157721,-0.033128675,-0.14199142,-0.14978227,-0.16306332,0.12650532,-0.043586195,0.35102817,0.23494975,-0.112553515,-0.16912867,0.048805963,-0.24123324,0.0016425654,-0.13090645,0.021093545,0.31029615,0.016753677,-0.2178607,-0.19783457,0.0052504083,0.023185048,-0.55741626,0.4247014,0.38904124,-0.08881495,0.018740604,-0.22894567,0.37738112,0.07881904,-0.22931169,-0.6396123,-0.27265808,-0.27961233,0.11714584,-0.2313509,0.43322426,-0.2200045,0.010060866,-0.013259395,0.048649102,0.12671447,0.1808321,-0.05550776,0.21853146,0.3589759,0.18710662,-0.48285416,0.089171976,0.94454455,0.07259681,0.14632231,0.052675243,-0.5516123,0.057485703,0.41827002,0.34564257,-0.20222671,-0.17937705,-0.16374305,-0.3526058,0.25403473,-0.06978227,-0.054357436,0.036727533,0.0081785135,0.051734067,-0.17561233,-0.11631822,-0.2717692,0.11709355,0.2550282,-0.1892071,-0.05963848,0.46098897,0.012779821,-0.31004372,-0.31522018,-0.19919403,-0.38779533,0.57732886,-0.2667496,0.16885825,-0.27474958,-0.15971692,0.053825572,0.117198125,-0.51809597,0.11928962,-0.49012214,0.19552492,-0.26612213,0.05711969,0.05952492,-0.138279,-0.39908946,-0.27250123,-0.025233252,0.53429615,-0.058279004,0.29696283,-0.0038999184,-0.17205678,0.012727533,-0.30361235,0.034636028,-0.5929718,0.09544649,0.37643996,0.09962949,-0.21508946,-0.15328553,-0.4435862,-0.092893384,-0.07563848,0.27489746,-0.34319404,0.13189094,0.2637602,-0.010592729,-0.0814424,0.013877859,0.03379943,0.24253145,0.058165442,-0.20081495,0.43385172,-0.025390115,-0.21979535,-0.19025286,0.20399551,-0.04646201,-0.52442276,-0.18706332,-0.36452737,0.25607395,-0.23422672,0.09842688,0.06637459,0.42904127,0.6216164,-0.28201756,0.04263603,-0.4566581,0.10088439,0.29900205,-0.1719522,0.3703746,-0.031664625,-0.22094567,-0.29754698,0.22376022,0.053825572,-0.021991422,0.67798245,-0.08797835,0.42977327,-0.14099796,-0.3921352,-0.515011,-0.18857966,0.13523734,-0.08322018,-0.11940318,0.10036152,0.045564134,-0.15888031,0.010270016,-0.0166058,-0.27150777,0.028622957,-0.37132475,0.31024387,-0.22042279,0.29565564,-0.07914175,0.08457067,0.018479167,-0.3770764,0.55986476,-0.27192608,-0.08625286,0.067943215,0.12985171,0.13847917,-0.2288411,-0.09587377,0.0028974672,0.23594321,-0.41435742,0.18402165,-0.21545547,0.19625695,0.51202166,0.33811316,0.02360335,-0.15108946,0.3037602,0.29262295,0.28221774,-0.22471038,-0.35323325,-0.14308946,-0.061991423,0.4401785,0.30966872,-0.039664622,-0.004109069,0.18789093,0.49267524,-0.478096,-0.10983456,-0.01163848,0.24624388,0.165721,0.29936805,-0.06920711,0.38627002,0.34187785,-0.15359926,-0.05446201,-0.16431822,-0.13838358,2.1650327e-05,-0.29733783,-0.4440045,-0.17697181,-0.66063195,0.19693668,0.12389093,0.11730269,-0.06476267,0.17319812,0.3648321,-0.09263194,-0.19861887,0.11693668,0.1732504,-0.25095874,0.1038125,-0.21006985,0.73424387,-0.05550776,-0.121965274,-0.09848815,0.29471445,-0.008135213,-0.14314175,0.35568178,-0.02094567,0.1593942,-0.109939136,0.08577328,-0.15082802,-0.41885418,0.1678125,0.025956292,0.4133027,0.09068832,-0.100318216,0.5656164,-0.24745548,-0.2001875,-0.19637051,0.38951185,-0.57639664,-0.22554697,-0.53446203,-0.080030635,-0.17556004,0.0798125,0.13894975,0.0705576,0.12153799,-0.417913,0.20577328,-0.04520711,-0.35286725,0.22015236,-0.13372998,-0.15438358,0.07704126,0.022348449,0.07196936,-0.15888031,-0.14057966,-0.16505024,0.23766871,0.20603472,0.21894975,-0.15940319,0.2709236,0.25319812,0.29905432,0.1467406,-0.41848814,0.056073938,-0.22220057,-0.050174426,-0.20206985,0.14360335,-0.0641875,0.42956415,-0.57937706,-0.14005677,-0.07637051,-0.35522017,-0.61859274,-0.044370506,0.34470138,0.008126225,0.06349877,-0.18178228,-0.15715481,-0.036684234,-0.35088032,0.18815237,-0.20771691,-0.3235862,0.05900204,-0.117729984,-0.08217443,0.41340727,-0.10601757,0.12085825,-0.5299653,0.24054453,-0.2733901,0.31353799,0.4283615,0.12545955,-0.018226715,0.55740726,0.6527798,-0.03584763,-0.103194036,-0.025024101,0.13989092,-0.12782149,-0.27950776,0.33863604,0.48493668,0.3206491,-0.030775735,-0.14303717,0.33565563,-0.021729983,-0.021677695,0.16634844,-0.17163847,0.086243875,0.055707924,0.27677983,0.093354985,-0.07626593,0.07270139,0.1955772,-0.42810908,-0.37331167,-0.026435865,-0.2750633,-0.09435743,-0.38931167,0.0119955065,-0.031716913,-0.0013378268,-0.34084108,0.09471446,-0.22847508,-0.70512867,-0.7091025,0.01795629,0.0713942,0.011838644,-0.11067116,0.22585171,0.014766748,0.26982558,0.22585171,-0.2822267,0.19562949,-0.33592606,0.2487014,0.09884518,-0.32803065,-0.053468544,-0.13671038,0.37225693,-0.12243587,-0.104501225,-0.45890644,-0.3429326,-0.31772998,-0.17399143,-0.10199142,-0.027481617,-0.017599264,-0.06240972,0.011106618,-0.15103717,-0.20996527,0.016178513,0.09492361,-0.16118096,0.26830924,0.3384269,-0.23694567,0.11285825,-0.3778607,-0.14863195,-0.17033128,0.15217851,0.12059681,-0.12431822,-0.65775615,-0.18193914,-0.02073652,-0.2954555,0.23735498,0.31949878,-0.2903313,-0.12505025,0.097851716,-0.23945548,0.4230282,0.013616421,-0.61812216,-0.31752083,0.35359028,-0.53461885,0.38857067,-0.12970383,-0.08646201,-0.44975612,-0.24923325,0.20519812,0.17978635,-0.21791299,0.06689747,-0.20614828,-0.06742933,-0.21341626,-0.13090645,0.26736805,-0.1458607,-0.35537705,0.3547406,0.2633419,0.334087,0.14710662,0.31793016,-0.1105143,0.0110543305,-0.25163847,-0.43584764,0.04258374,0.35573408,0.13089746,0.12650532,-0.16536397,0.11667524,0.10710662,-0.15354697,-0.1841875,0.5079955,-0.1795339,0.09105433,-0.032710377,0.36535498,0.28593016,-0.065180965,-0.21425286,0.28101513,0.09842688,0.23427002,-0.2225143,0.23751184,0.22543341,0.24174714,0.18328962,0.15761642,0.33769485,0.18250531,0.38710663,-0.14068423,0.11568178,0.2525184,0.3589236,0.32566872,0.34428307,-0.23124632,0.015969362,-0.06345548,-0.44505024,-0.019690769,-0.28170383,0.06260989,-0.03710253,-0.20515482,-0.11239665,0.6392896,0.26815236,-0.13712868,-0.25979534,-0.39699796,-0.06915482,0.016230801,0.005982435,0.11102819,-0.5340437,-0.210279,-0.026435865,0.07881904,-0.21043587,0.20634845,0.5110282,0.11113276,0.185904,-0.4354816,0.10898897,0.3716295,0.14982557,0.5369628,0.37183863,-0.2515862,0.28629616,-0.1332594,0.3565184,0.20342034,-0.38073653,-0.38857967,-0.26136398,0.225904,0.10428309,0.071132764,0.36519814,0.26396936,0.34700203,0.15845302,0.16305433,0.19709355,-0.46554697,0.05016544,0.24566871,0.20331576,-0.13184763,0.36091053,0.21983865,0.029616421,0.08425695,-0.024135213,0.34156415,0.58569485,0.48640072,0.23202164,0.19996937,0.035420343,-0.1841875,0.041067403,-0.29676268,0.17827001,0.107211195,-0.0806058,0.04629616,0.42072752,0.1471589,-0.046984885,0.19060989,0.044047795,-0.12180842,-0.11412214,-0.0856777,-0.16505024,0.068204656,0.054243874,0.08619159,-0.51950777,0.16776021,-0.0978607,0.18417852,-0.5426189,-0.1273509,0.25257066,-0.092213646,-0.4658607,-0.079403184,0.04765564,-0.39710253,0.01126348,0.15379943,-0.28029206,0.0065575982,-0.06784763,-0.092893384,0.08091054,0.25361642,-0.21048816,-0.34873652,-0.2760045,-0.1732071,0.08389093,-0.3311679,-0.33017442,-0.38141626,-0.5006319,-0.16034436,0.039969362,0.105276555,0.13089746,-0.18978228,-0.012318219,-0.24792606,-0.3311679,-0.2802398,0.0022700164,-0.052684233,-0.20803064,-0.30141625,0.1951589,-0.11108946,0.043629494,0.015707925,0.06653146,0.12132884,0.021511847,-0.09686724,0.1399955,0.2591066,-0.25430515,-0.014932598,-0.38199142,-0.16003063,0.1594465,0.16838767,-0.31323326,-0.002801879,-0.0978607,0.23447917,-0.18298489,-0.053468544,-0.1985143,-0.2557692,-0.02350776,0.08085825,-0.008762663,0.25999552,0.74313277,0.11798243,0.07944649,-0.33221364,0.14271446,-0.3568411,0.3155249,0.28504127,0.020466095,0.33560336,0.025485702,-0.07846201,0.05016544,-0.18863195,-0.18350776,0.15923734,0.79207397,-0.0021221405,-0.4758999,1.0890151,-1.5343574,0.65659684,-0.3388019,-0.7694424,-0.3560045,-0.2389326,0.2439955,-0.4503313,0.11050531,-0.7929718,-0.44191298,0.25225693,0.4150805,0.7841785,1.2426883,0.654819,0.6226099,-0.5883705,0.14459682,-0.12771691,-0.25122017,-0.24928553,-0.73383456,-0.55783457,0.11087132,0.55040073,-0.5708542,0.9720478,0.76038766,-0.6457823,-0.5319522,-0.27370384,0.58098894,0.061511848,0.45827,0.3272896,-0.027115604,-0.59616137,0.6592112,-0.29012215,0.8058256,-0.044004492,-0.58240974,0.28974715,0.33021772,-0.64055353,-0.5412594,0.5960478,-0.66152084,-0.4308803,-0.44787377,0.18637459,-0.40154698,0.9788452,0.40854454,0.17732884,-0.14408292,0.6392896,0.09100204,-0.662828,-0.0060959966,-0.78497183,0.56760335,-0.06392606,-0.20379534,-0.7454424,0.47756413,-0.38450122,0.36096284,-0.73425287,-0.16729861,-0.17090645,-1.0246058,0.09131577,-0.2806581,0.24969485,-0.6242398,0.098531455,0.51202166,0.5232112,-0.4945143,0.01926348,-0.07250123,0.044152368,-0.34889337,-0.2751156,-0.662096,0.9682831,-0.33540317,0.46370792,0.32352492,0.45779943,-0.32557312,0.043211192,-0.12567769,-0.7464359,-0.082645014,1.0401262,0.5377994,0.5025576,0.84671444,0.35395628,-0.18748161,0.67238766,-0.32557312,0.46193016,0.6027929,-0.19401756,0.2906883,-0.48118097,0.21821773,0.8048844,0.2836295,-0.14601757,0.18830924,0.22752492,0.625538,-0.4393509,-0.16959926,-0.24719404,-0.0906973,
0,0,0,1,0,0,0,0,0,0,0,0,0,0,0,0,0,0,0,0,0,0,0,0,0,0,0,0,0,0,0,0,0,0,0,0,0,0,0,0,0,0,0,0,0,0,0,0,0,0,0,0,0,0,0,0,0,0,0,0,0,0,0,0,0,0,0,0,0,0,0,0,0,0,0,0,0,0,0,0,0,0,0,0,0,0,0,0,0,0,0,0,0,0,0,0,0,0,0,0,0,0,0,0,0,0,0,0,0,0,0,0,0,0,0,0,0,0,0,0,0,0,0,0,0,0,0,0,0,0,0,0,0,0,0,0,0,0,0,0,0,0,0,0,0,0,0,0,0,0,0,0,0,0,0,0,0,0,0,0,0,0,0,0,0,0,0,0,0,0,0,0,0,0,0,0,0,0,0,0,0,0,0,0,0,0,0,0,0,0,0,0,0,0,0,0,0,0,0,0,0,0,0,0,0,0,0,0,0,0,0,0,0,0,0,0,0,0,0,0,0,0,0,0,0,0,0,0,0,0,0,0,0,0,0,0,0,0,0,0,0,0,0,0,0,0,0,0,0,0,0,0,0,0,0,0,0,0,0,0,0,0,0,0,0,0,0,0,0,0,0,0,0,0,0,0,0,0,0,0,0,0,0,0,0,0,0,0,0,0,0,0,0,0,0,0,0,0,0,0,0,0,0,0,0,0,0,0,0,0,0,0,0,0,0,0,0,0,0,0,0,0,0,0,1,0,0,0,0,0,0,0,0,0,0,0,0,0,0,0,0,0,0,0,0,0,0,0,0,0,0,0,0,0,0,0,0,0,0,0,0,0,0,0,0,0,0,0,0,0,0,0,0,0,0,0,0,0,0,0,0,0,0,0,0,0,0,0,0,0,0,0,0,0,0,0,0,0,0,0,0,0,0,0,0,0,0,0,0,0,0,0,0,0,0,0,0,0,0,0,0,0,0,0,0,0,0,0,0,0,0,0,0,0,0,0,0,0,0,0,0,0,0,0,0,0,0,0,0,0,0,0,0,0,0,0,0,0,0,0,0,0,0,0,0,0,0,0,0,0,0,0,0,0,0,0,0,0,0,0,0,0,0,0,0,0,0,0,0,0,0,0,0,0,0,0,0,0,0,0,0,0,0,0,0,0,0,0,0,0,0,0,0,0,0,0,0,0,0,0,0,0,0,0,0,0,0,0,0,0,0,0,0,0,0,0,0,0,0,0,0,0,0,0,0,0,0,0,0,0,0,0,0,0,0,0,0,0,0,0,0,0,0,0,0,0,0,0,0,0,0,0,0,0,0,0,0,0,0,0,0,0,0,0,0,0,0,0,0,0,0,0,0,0,0,0,0,0,0,0,0,0,0,0,0,0,0,0,0,0,0,0,0,0,0,0,0,0,0,0,0,0,0,0,0,0,0,0,0,0,0,0,0,0,0,0,0,0,0,0,0,0,0,0,0,0,0,0,0,0,0,0,0,0,0,0,0,0,0,0,0,0,0,0,0,0,0,0,0,0,0,0,0,0,0,0,0,0,0,0,0,0,0,0,0,0,0,0,0,0,0,0,0,0,0,0,0,0,0,0,0,0,0,0,0,0,0,0,0,0,0,0,0,0,0,0,0,0,0,0,0,0,0,0,0,0,0,0,0,0,0,0,0,0,0,0,0,0,0,0,0,0,0,0,0,0,0,0,0,0,0,0,0,0,0,0,0,0,0,0,0,0,0,0,0,0,0,0,0,0,0,0,0,0,0,0,0,0,0,0,0,0,0,0,0,0,0,0,0,0,0,0,0,0,0,0,0,0,0,0,0,0,0,0,0,0,0,0,0,0,0,0,0,0,0,0,0,0,0,0,0,0,0,0,0,0,0,0,0,0,0,0,0,0,0,0,0,0,0,0,0,0,0,0,0,0,0,0,0,0,0,0,0,0,0,0,0,0,0,0,0,0,0,0,0,0,0,0,0,0,0,0,0,0,0,0,0,0,0,0,0,0,0,0,0,0,0,0,0,0,0,0,0,0,0,0,0,0,0,0,0,0,0,0,0,0,0,0,0,0,0,0,0,0,0,0,0,0,0,0,0,0,0,0,0,0,0,0,0,0,0,0,0,0,0,0,0,0,0,0,0,0,0,0,0,0,0,0,0,0,0,0,0,0,0,0,0,0,0,0,0,0,0,0,0,0,0,0,0,0,0,0,0,0,0,0,0,0,0,0,0,0,0,0,0,0,0,0,0,0,0,0,0,0,0,0,0,0,0,0,0,0,0,0,0,0,0,0,0,0,0,0,0,0,0,0,0,0,0,0,0,0,0,0,0,0,0,0,0,0,0,0,0,0,0,0,0,0,0,0,0,0,0,0,0,0,0,0,0,0,0,0,0,0,0,0,0,0,0,0,0,0,0,0,0,0,0,0,0,0,0,0,0,0,0,0,0,0,0,0,0,0,0,0,0,0,0,0,0,0,0,0,0,0,0,0,0,0,0,0,0,0,0,0,0,0,0,0,0,0,0,0,0,0,0,0,0,0,0,0,0,0,0,0,0,0,0,0,0,0,0,0,0,0,0,0,0,0,0,0,0,0,0,0,0,0,0,0,0,0,0,0,0,0,0,0,0,0,0,0,0,0,0,0,0,0,0,0,0,0,0,0,0,0,0,0,0,0,0,0,0,0,0,0,0,0,0,0,0,0,0,0,0,0,0,0,0,0,0,0,0,0,0,0,0,0,0,0,0,0,0,0,0,0,0,0,0,0,0,0,0,0,0,0,0,0,0,0,0,0,0,0,0,0,0,0,0,0,0,0,0,0,0,0,0,0,0,0,0,0,0,0,0,0,0,0,0,0,0,0,0,0,0,0,0,0,0,0,0,0,0,0,0,0,0,0,0,0,0,0,0,0,0,0,0,0,0,0,0,0,0,0,0,0,0,0,0,0,0,0,0,0,0,0,0,0,0,0,0,0,0,0,0,0,0,0,0,0,0,0,0,0,0,0,0,0,0,0,0,0,0,0,0,0,0,0,0,0,0,0,0,0,0,0,0,0,0,0,0,0,0,0,0,0,0,0,0,0,0,0,0,0,0,0,0,0,0,0,0,0,0,0,0,0,0,0,0,0,0,0,0,0,0,0,0,0,0,0,0,0,0,0,0,0,0,0,0,0,0,0,0,0,0,0,0,0,0,0,0,0,0,0,0,0,0,0,0,0,0,0,0,0,0,0,0,0,0,0,0,0,0,0,0,0,0,0,0,0,0,0,0,0,0,0,0,0,0,0,0,0,0,0,0,0,0,0,0,0,0,0,0,0,0,0,0,0,0,0,0,0,0,0,0,0,0,0,0,0,0,0,0,0,0,0,0,0,0,0,0,0,0,0,0,0,0,0,0,0,0,0,0,0,0,0,0,0,0,0,0,0,0,0,0,0,0,0,0,0,0,0,0,0,0,0,0,0,0,0,0,0,0,0,0,0,0,0,0,0,0,0,0,0,0,0,0,0,0,0,0,0,0,0,0,0,0,0,0,0,0,0,0,0,0,0,0,0,0,0,0,0,0,0,0,0,0,0,0,0,0,0,0,0,0,0,0,0,0,0,0,0,0,0,0,0,0,0,0,0,0,0,0,0,0,0,0,0,0,0,0,0,0,0,0,0,0,0,0,0,0,0,0,0,0,0,0,0,0,0,0,0,0,0,0,0,0,0,0,0,0,0,0,0,0,0,0,0,0,0,0,0,0,0,0,0,0,0,0,0,0,0,0,0,0,0,0,0,0,0,0,0,0,0,0,0,0,0,0,0,0,0,0,0,0,0,0,0,0,0,0,0,0,0,0,0,0,0,0,0,0,0,0,0,0,0,0,0,0,0,0,0,0,0,0,0,0,0,0,0,0,0,0,0,0,0,0,0,0,0,0,0,0,0,0,0,0,0,0,0,0,0,0,0,0,0,0,0,0,0,0,0,0,0,0,0,0,0,0,0,0,0,0,0,0,0,0,0,0,0,0,0,0,0,0,0,0,0,0,0,0,0,0,0,0,0,0,0,0,0,0,0,0,0,0,0,0,0,0,0,0,0,0,0,0,0,0,0,0,0,0,0,0,0,0,0,0,0,0,0,0,0,0,0,0,0,0,0,0,0,0,0,0,0,0,0,0,0,0,0,0,0,0,0,0,0,0,0,0,0,0,0,0,0,0,0,0,0,0,0,0,0,0,0,0,0,0,0,0,0,0,0,0,0,0,0,0,0,0,0,0,0,0,0,0,0,0,0,0,0,0,0,0,0,0,0,0,0,0,0,0,0,0,0,0,0,0,0,0,0,0,0,0,0,0,0,0,0,0,0,0,0,0,0,0,0,0,0,0,0,0,0,0,0,0,0,0,0,0,0,0,0,0,0,0,0,0,0,0,0,0,0,0,0,0,0,0,0,0,0,0,0,0,0,0,0,0,0,0,0,0,0,0,0,0,0,0,0,0,0,0,0,0,0,0,0,0,0,0,0,0,0,0,0,0,0,0,0,0,0,0,0,0,0,0,0,0,0,0,0,0,0,0,0,0,0,0,0,0,0,0,0,0,0,0,0,0,0,0,0,0,0,0,0,0,0,0,0,0,0,0,0,0,0,0,0,0,0,0,0,0,0,0,0,0,0,0,0,0,0,0,0,0,0,0,0,0,0,0,0,0,0,0,0,0,0,0,0,0,0,0,0,0,0,0,0,0,0,0,0,0,0,0,0,0,0,0,0,0,0,0,0,0,0,0,0,0,0,0,0,0,0,0,0,0,0,0,0,0,0,0,0,0,0,0,0,0,0,0,0,0,0,0,0,0,0,0,0,0,0,0,0,0,0,0,0,0,0,0,0,0,0,0,0,0,0,0,0,0,0,0,0,0,0,0,0,0,0,0,0,0,0,0,0,0,0,0,0,0,0,0,0,0,0,0,0,0,0,0,0,0,0,0,0,0,0,0,0,0,0,0,0,0,0,0,0,0,0,0,0,0,0,0,0,0,0,0,0,0,0,0,0,0,0,0,0,0,0,0,0,0,0,0,0,0,0,0,0,0,0,0,0,0,0,0,0,0,0,0,0,0,0,0,0,0,0,0,0,0,0,0,0,0,0,0,0,0,0,0,0,0,0,0,0,0,0,0,0,0,0,0,0,0,0,0,0,0,0,0,0,0,0,0,0,0,0,0,0,0,0,0,0,0,0,0,0,0,0,0,0,0,0,0,0,0,0,0,0,0,0,0,0,0,0,0,0,0,0,0,0,0,0,0,0,0,0,0,0,0,0,0,0,0,0,0,0,0,0,0,0,0,0,0,0,0,0,0,0,0,0,0,0,0,0,0,0,0,0,0,0,0,0,0,0,0,0,0,0,0,0,0,0,0,0,0,0,0,0,0,0,0,0,0,0,0,0,0,0,0,0,0,0,0,0,0,0,0,0,0,0,0,0,0,0,0,0,0,0,0,0,0,0,0,0,0,0,0,0,0,0,0,0,0,0,0,0,0,0,0,0,0,0,0,0,0,0,0,0,0,0,0,0,0,0,0,0,0,0,0,0,0,0,0,0,0,0,0,0,0,0,0,0,0,0,0,0,0,0,0,0,0,0,0,0,0,0,0,0,0,0,0,0,0,0,0,0,0,0,0,0,0,0,0,0,0,0,0,0,0,0,0,0,0,0,0,0,0,0,0,0,0,0,0,0,0,0,0,0,0,0,0,0,0,0,0,0,0,0,0,0,0,0,0,0,0,0,0,0,0,0,0,0,0,0,0,0,0,0,0,0,0,0,0,0,0,0,0,0,0,0,0,0,0,0,0,0,0,0,0,0,0,0,0,0,0,0,0,0,0,0,0,0,0,0,0,0,0,0,0,0,0,0,0,0,0,0,0,0,0,0,0,0,0,0,0,0,0,0,0,0,0,0,0,0,0,0,0,0,0,0,0,0,0,0,0,0,0,0,0,0,0,0,0,0,0,0,0,0,0,0,0,0,0,0,0,0,0,0,0,0,0,0,0,0,0,0,0,0,0,0,0,0,0,0,0,0,0,0,0,0,0,0,0,0,0,0,0,0,0,0,0,0,0,0,0,0,0,0,0,0,0,0,0,0,0,0,0,0,0,0,0,0,0,0,0,0,0,0,0,0,0,0,0,0,0,0,0,0,0,0,0,0,0,0,0,0,0,0,0,0,0,0,0,0,0,0,0,0,0,0,0,0,0,0,0,0,0,0,0,0,0,0,0,0,0,0,0,0,0,0,0,0,0,0,0,0,0,0,0,0,0,0,0,0,0,0,0,0,0,0,0,0,0,0,0,0,0,0,0,0,0,0,0,0,0,0,0,0,0,0,0,0,0,0,0,0,0,0,0,0,0,0,0,0,0,0,0,0,0,0,0,0,0,0,0,0,0,0,0,0,0,0,0,0,0,0,0,0,0,0,0,0,0,0,0,0,0,0,0,0,0,0,0,0,0,0,0,0,0,0,0,0,0,0,0,0,0,0,0,0,0,0,0,0,0,0,0,0,0,0,0,0,0,0,0,0,0,0,0,0,0,0,0,0,0,0,0,0,0,0,0,0,0,0,0,0,0,0,0,0,0,0,0,0,0,0,0,0,0,0,0,0,0,0,0,0,0,0,0,0,0,0,0,0,0,0,0,0,0,0,0,0,0,0,0,0,0,0,0,0,0,0,0,0,0,0,0,0,0,0,0,0,0,0,0,0,0,0,0,0,0,0,0,0,0,0,0,0,0,0,0,0,0,0,0,0,0,0,0,0,0,0,0,0,0,0,0,0,0,0,0,0,0,0,0,0,0,0,0,0,0,0,0,0,0,0,0,0,0,0,0,0,0,0,0,0,0,0,0,0,0,0,0,0,0,0,0,0,0,0,0,0,0,0,0,0,0,0,0,0,0,0,0,0,0,0,0,0,0,0,0,0,0,0,0,0,0,0,0,0,0,0,0,0,0,0,0,0,0,0,0,0,0,0,0,0,0,0,0,0,0,0,0,0,0,0,0,0,0,0,0,0,0,0,0,0,0,0,0,0,0,0,0,0,0,0,0,0,0,0,0,0,0,0,0,0,0,0,0,0,0,0,0,0,0,0,0,0,0,0,0,0,0,0,0,0,0,0,0,0,0,0,0,0,0,0,0,0,0,0,0,0,0,0,0,0,0,0,0,0,0,0,0,0,0,0,0,0,0,0,0,0,0,0,0,0,0,0,0,0,0,0,0,0,0,0,0,0,0,0,0,0,0,0,0,0,0,0,0,0,0,0,0,0,0,0,0,0,0,0,0,0,0,0,0,0,0,0,0,0,0,0,0,0,0,0,0,0,0,0,0,0,0,0,0,0,0,0,0,0,0,0,0,0,0,0,0,0,0,0,0,0,0,0,0,0,0,0,0,0,0,0,0,0,0,0,0,0,0,0,0,0,0,0,0,0,0,0,0,0,0,0,0,0,0,0,0,0,0,0,0,0,0,0,0,0,0,0,0,0,0,0,0,0,0,0,0,0,0,0,0,0,0,0,0,0,0,0,0,0,0,0,0,0,0,0,0,0,0,0,0,0,0,0,0,0,0,0,0,0,0,0,0,0,0,0,0,0,0,0,0,0,0,0,0,0,0,0,0,0,0,0,0,0,0,0,0,0,0,0,0,0,0,0,0,0,0,0,0,0,0,0,0,0,0,0,0,0,0,0,0,0,0,0,0,0,0,0,0,0,0,0,0,0,0,0,0,0,0,0,0,0,0,0,0,0,0,0,0,0,0,0,0,0,0,0,0,0,0,0,0,0,0,0,0,0,0,0,0,0,0,0,0,0,0,0,0,0,0,0,0,0,0,0,0,0,0,0,0,0,0,0,0,0,0,0,0,0,0,0,0,0,0,0,0,0,0,0,0,0,0,0,0,0,0,0,0,0,0,0,0,0,0,0,0,0,0,0,0,0,0,0,0,0,0,0,0,0,0,0,0,0,0,0,0,0,0,0,0,0,0,0,0,0,0,0,0,0,0,0,0,0,0,0,0,0,0,0,0,0,0,0,0,0,0,0,0,0,0,0,0,0,0,0,0,0,0,0,0,0,0,0,0,0,0,0,0,0,0,0,0,0,0,0,0,0,0,0,0,0,0,0,0,0,0,0,0,0,0,0,0,0,0,0,0,0,0,0,0,0,0,0,0,0,0,0,0,0,0,0,0,0,0,0,0,0,0,0,0,0,0,0,0,0,0,0,0,0,0,0,0,0,0,0,0,0,0,0,0,0,0,0,0,0,0,0,0,0,0,0,0,0,0,0,0,0,0,0,0,0,0,0,0,0,0,0,0,0,0,0,0,0,0,0,0,0,0,0,0,0,0,0,0,0,0,0,0,0,0,0,0,0,0,0,0,0,0,0,0,0,0,0,0,0,0,0,0,0,0,0,0,0,0,0,0,0,0,0,0,0,0,0,0,0,0,0,0,0,0,0,0,0,0,0,0,0,0,0,0,0,0,0,0,0,0,0,0,0,0,0,0,0,0,0,0,0,0,0,0,0,0,0,0,0,0,0,0,0,0,0,0,0,0,0,0,0,0,0,0,0,0,0,0,0,0,0,0,0,0,0,0,0,0,0,0,0,0,0,0,0,0,0,0,0,0,0,0,0,0,0,0,0,0,0,0,0,0,0,0,0,0,0,0,0,0,0,0,0,0,0,0,0,0,0,0,0,0,0,0,0,0,0,0,0,0.3282831,0.22977328,0.6759432,0.8777733,0.2764138,0.116622955,0.7329367,-0.5632202,-0.14784764,0.59144646,0.17853145,-0.65948164,-0.78957313,0.43745956,0.8064007,-0.94444895,-0.45174307,-0.9284489,0.56420463,-0.27197835,0.85806084,0.13978636,-0.8124228,-0.5674555,-0.40076268,0.45403472,0.4995772,-0.14539011,-1.2421222,0.49528962,0.09947263,0.409538,-0.44112867,-0.25310254,-0.83820057,0.24718505,-0.15328553,0.24420466,0.28587785,0.29267526,-0.7537561,-0.2528411,-0.5800568,0.94559026,-0.58356005,-0.30068424,-0.09937704,0.37654454,0.119864784,-0.026174428,0.1955772,-0.15203063,0.39709353,0.625904,0.10611315,0.011211193,1.1148452,0.41173407,0.5631589,0.0073419116,0.2035772,-0.120658085,0.06778636,0.17241381,-0.020997958,0.21670139,0.83960336,-0.19506332,0.13283211,-0.85718095,-0.15976919,-0.50978225,-0.68363845,-0.30063194,-0.101259395,0.18260989,0.28294975,-0.07234436,0.19902818,-0.09634436,0.21508047,-0.25597835,-0.25352085,0.45293668,-0.34988683,-0.4321875,0.2326491,0.6883877,-0.26021364,-0.3673509,-0.054409724,0.3156818,0.49016544,-0.42518097,0.01408701,-0.55830514,-0.93153393,0.2381393,-0.59631824,0.17131577,-0.7053901,-0.26230514,-0.048971813,0.21445303,-0.16400449,-0.50779533,-0.6585927,0.3656687,-0.621364,0.34391707,-0.31438357,-0.11856659,-0.45806986,-0.110566586,-0.20499796,-0.22199142,-0.22455351,0.35610008,-0.4966058,0.001067402,-0.12640972,-0.7517692,0.35923734,-0.26403064,0.54993016,-0.22105025,-0.47778228,-0.2616254,0.19207394,0.14951184,0.2503223,-0.05665809,-0.50105023,-0.48593915,-0.42784762,0.10166871,-0.06779534,0.18736805,0.05795629,0.23552492,-0.14199142,-0.27610907,-0.11987378,-0.45048815,0.40891054,-0.5690241,0.47881904,0.42349878,0.044936683,-0.25979534,-0.74486727,0.1164661,-0.6119522,-0.3769718,-0.2612594,0.07547263,-0.4646058,0.04498897,0.9842831,-0.3332071,-0.047507763,0.55829614,-0.042383578,-0.29095873,-0.4747496,0.30187786,-0.47929862,-0.3771287,-0.17435743,0.18412623,0.113381125,-0.38016135,0.056283087,-0.018226715,-0.25550777,-0.08118097,0.5154203,-0.2860437,0.21089746,0.5257733,-0.18701103,-0.28201756,-0.003324755,0.22266217,0.20122427,0.64227,0.4578517,0.4684661,-0.035795342,-0.6603705,0.3189759,-0.56274956,-0.14016135,0.32457066,-0.48076266,-0.018017566,-0.67124635,-0.3378084,-0.47888032,-0.84222674,-0.30847508,-0.33231822,-0.38277572,0.46292362,-0.04170384,-0.28886724,-0.18319404,-0.2508019,-0.16593914,0.6032635,0.10386479,0.06104126,0.0054072714,-0.0063574347,1.0403876,-0.4119522,0.058897465,0.034636028,0.4347929,0.23468831,-0.09137704,-0.017651552,-0.22094567,0.3808844,-0.2153509,-0.314279,-0.44154698,0.2845184,-0.79626596,0.52629614,0.06909355,-0.17671038,-0.18324633,0.16331577,0.39024386,0.22606087,-0.21540318,0.029930146,0.5590805,1.0145576,0.30909353,0.38308048,-0.00342933,-0.24457966,-0.5021483,0.0131981205,-0.17399143,0.65142035,-0.14878881,-0.100370504,0.09366871,-0.08285417,0.2768321,0.5768582,-0.36076266,0.4221393,0.20708047,0.02684518,0.26062295,-0.3096777,-0.2650241,0.45016545,0.42114583,0.30825695,-0.19715482,0.29968178,0.5871589,-0.20044895,0.0119955065,-0.014723448,-0.20787378,-0.01681495,-0.6311417,-0.6980699,-0.2932071,-0.09780841,-0.26476267,0.16049224,0.21487132,-0.6730764,0.10135499,-0.30178228,-0.07908946,-0.3068019,0.06783865,-0.28463194,0.20587786,-0.2680045,0.9384792,-0.36567768,0.17272753,-0.41498488,-0.40123326,-0.058906455,-0.10941626,-0.3858084,-0.27067116,-0.32311562,-0.21529861,0.036675245,-0.33514175,-0.02031822,0.06883211,-0.29817444,0.67813927,0.4410674,-0.17325939,-0.08091953,0.27228308,-0.4945666,-0.19265808,-0.32640973,-0.29383457,0.32294977,-0.31506333,-0.18288031,-0.22674958,0.005982435,0.8309759,0.10867524,0.10135499,-0.17210907,-0.618279,-0.5750372,-0.4898084,0.35881904,0.12959027,-0.106749594,0.11834845,0.15374714,0.16812623,-0.12306332,-0.2056777,-0.037886847,-0.1210241,-0.28264502,-0.16384763,-0.5721614,0.24357721,0.23254453,-0.104762666,-0.18209599,-0.3863313,0.07416544,-0.24782148,-0.052631944,0.18088439,-0.20416136,-0.18784763,0.12085825,0.030139297,0.73759025,-0.34559926,0.16702819,-0.42481494,0.06653146,0.068518385,-0.44703716,0.3906099,0.37016544,0.039498776,0.086243875,0.65675366,0.037982434,0.59128964,-0.01336397,0.14203472,-0.0401875,-0.24327247,-0.10638358,0.1913419,0.4149236,-0.0014424019,-0.5488934,-0.025965277,0.15808702,0.46292362,-0.3446058,0.1913419,-0.029102532,0.21680596,-0.03522018,0.08070139,0.005982435,-1.027011,-0.37901103,0.08676675,0.028936682,0.8181654,-0.7075339,-0.3270372,0.44870138,0.43615237,-0.24844894,-0.40918097,0.58271444,-0.013050245,-0.23929861,0.22501512,-0.8738607,0.49612623,-0.30078882,0.12938112,0.42951185,-0.38016135,0.14773408,-0.36682802,0.6015903,-0.3555339,-0.24248816,0.2507929,0.21183865,-0.18528554,0.027890932,0.25696284,-0.322279,-0.39265808,0.44138113,-0.48170385,-0.41090646,0.029616421,-0.15542933,0.08901511,0.5800478,-0.54664505,-0.13184763,-0.21048816,0.10438766,-0.105808415,0.0233942,0.24760336,-0.094828025,-0.042854168,0.14459682,0.36896282,-0.4225666,-0.1568411,-0.10010907,0.20111969,0.18731576,0.2771981,0.17220466,-0.4225666,-0.06230515,-0.23161234,-0.07997835,0.24216545,0.3496164,-0.45226592,-0.38366464,-0.3370764,0.25016543,-0.042697303,-0.9148019,-0.08274959,0.36347264,-0.2490764,-0.13995221,0.49058375,0.012675245,0.3834988,-0.6822267,-0.06669731,0.29016545,0.5842308,-0.2014947,0.19615237,0.48509353,0.1269759,0.23233537,-0.20091952,-0.34486723,-0.11584763,-0.24823979,-0.3724751,0.26062295,0.5627406,-0.46063194,-0.024710376,0.003943219,0.3892504,0.5900347,0.41502818,0.085354984,-0.052161355,-0.5022529,-0.012579657,-0.49043587,-0.020370506,-0.46324632,-0.17582148,-0.4191679,-0.1719522,-0.20337704,0.10062296,-0.5881091,0.2558125,0.22836152,-0.8916908,0.2718648,0.22694975,0.5724138,0.3833942,0.7980347,0.1884661,-0.25613523,-0.022200571,-0.027952205,-0.023194036,-0.3160568,0.03353799,-0.12881495,-0.48724633,-0.16740319,0.2238125,0.63034844,-0.18497181,0.1833419,-0.08505025,0.0054072714,-0.71548164,0.40153798,-0.39689338,0.26820466,0.51918507,-0.22256659,0.14804779,0.13345955,0.5973027,0.3687014,0.26187786,0.40190402,-0.5746189,-0.30277574,-0.17561233,-0.22910254,0.17732884,-0.059324756,0.3879432,-0.08557312,-0.62491953,-0.05728554,0.087237336,-0.10057966,-0.53922015,-0.51490647,-0.14193913,-0.36254045,0.061511848,0.44101512,0.5964138,-0.22539012,0.17539419,-0.36975613,-0.50099796,0.5576164,0.31709355,0.07944649,-0.25174305,0.16164257,-0.1719522,0.042479165,0.49952492,-0.38016135,0.9110282,-0.18596528,-0.5672463,-0.17006986,0.2552896,0.25591707,0.51850533,-0.27474958,-0.09592606,-0.33859274,0.097851716,0.31369486,0.11427002,0.13633537,0.51003474,-0.23030515,0.7291197,-0.0826973,-0.4317692,0.24770792,0.11641381,0.45685825,-0.2225143,-0.7361875,-0.032867238,0.75280595,0.1122308,0.22051838,-0.07067116,-0.5018346,0.10919812,0.30789092,0.057642564,-0.3037169,0.016283087,-0.008082924,-0.25556004,-0.07145547,0.19798243,0.0066098855,-0.085782275,0.005930147,-0.33467117,-0.47506332,-0.04975613,-0.0046319445,-0.22816135,-0.22057965,0.08603472,-0.005573121,0.43494976,-0.15223978,-0.6730241,-0.047873773,0.052832108,-0.4634032,0.06836152,0.029354984,-0.11208293,-0.038618874,0.052936684,-0.21352084,-0.024867238,-0.19992606,0.42982557,0.040544525,0.053145833,0.68457067,-0.5473248,0.2086491,0.39134192,0.07751185,-0.12489338,-0.67914176,-0.12280188,0.45732883,-0.3226973,0.06987786,0.08043995,-0.23082802,0.38412622,0.14747263,0.45659682,-0.22507639,-0.011847631,-0.95281494,-0.5613901,0.21602166,0.23735498,0.16603473,-0.30565155,-0.07558619,0.18145956,-0.07673652,-0.27438357,0.49847916,0.562636,-0.10272345,0.29926348,-0.16154698,0.1728321,0.2473942,0.0878125,0.21884517,-0.068109065,0.31427002,-0.19239666,-0.639194,0.27636153,0.48080596,0.07970793,-0.0020175653,0.106270015,-0.18821365,0.44854453,0.71128964,0.23662296,-0.772998,0.40420467,0.029250408,-0.22868423,-0.034174427,-0.052997958,-0.07522018,-0.2010241,0.32488438,0.06684518,0.44896284,-0.1353509,1.0148714,0.3205968,-0.42099795,-0.05101103,0.35427,0.12164257,0.30015236,-0.37242278,-0.23600449,0.2604661,0.38412622,-0.021782272,0.2756818,0.37283212,0.109145835,-0.10884109,0.28253144,-0.27281496,-0.27668422,0.15364257,-0.19443586,0.070453025,-0.096135214,-0.22303717,-0.25603065,-0.041599266,0.07542034,-0.11114175,0.16880596,-0.11239665,0.35526347,-0.15244894,-0.24457966,-0.024867238,-0.0730241,-0.07438358,-0.22397836,-0.3037692,-0.2305143,-0.15626593,0.09351185,0.3051197,-0.11584763,0.6771981,-0.06654044,-0.37294567,-0.42152083,0.16033538,0.16786478,-0.06769077,0.7465314,0.6208321,-0.76123327,0.21293668,-0.4638215,-0.07867116,0.027577206,0.09387786,0.32938114,-0.14685416,0.076622956,-0.062095996,0.089485705,-0.5213378,0.044100083,-0.32620057,-0.14152083,-0.08750776,-0.38643587,-0.06894567,0.16091053,-0.41362542,-0.030932598,0.2221393,0.012256945,-0.42654043,0.032387663,-0.51119405,0.028204657,-0.22188684,-0.08055352,-0.26978227,-0.34664503,-0.42999142,-0.29634437,-0.3383836,-0.23056659,-0.5087365,-0.4237692,-0.2558215,0.06559028,-0.3138084,-0.15108946,0.09361642,0.15076675,0.34935498,-0.3278215,0.04932884,-0.17623979,0.017904004,0.13722427,0.12843995,-0.25221366,0.16896282,-0.48525938,-0.17932476,0.43196937,-0.5201875,-0.054148283,0.48540726,0.30187786,0.49277982,-0.24139011,-0.13331169,-0.45676267,0.020622957,0.10156413,-0.038043708,-0.26282802,-0.24316789,0.38229617,0.31024387,0.022871323,0.4697733,-0.32959926,-0.43657964,-0.16928554,-0.09597835,-0.39872345,0.066636026,0.06517198,-0.31532475,-0.42993912,-0.23652737,0.08891054,-0.05603064,-0.012056781,-0.2646581,0.16676675,-0.115795344,0.05277982,-0.4868803,-0.04389992,-0.027063318,-0.1778607,-0.06920711,0.012204657,-0.21472345,-0.16023979,0.53314584,0.0701393,0.19923733,0.08002165,0.15060988,0.21952492,0.24394321,-0.09916789,-0.6404489,-0.37372997,0.16472754,0.1198125,0.023760213,0.20206086,-0.10952083,-0.13017443,0.37272754,-0.14115483,-0.33420056,-0.72426593,0.20399551,-0.16065809,0.48776022,0.23468831,0.2124138,0.049433414,0.12394322,0.022923611,0.07359028,0.64802164,-0.3909326,-0.44510254,-0.35987377,-0.18141626,-0.17200449,0.028152369,-0.28374305,0.0069236113,0.1328844,-0.030095996,0.46077982,0.6954465,-0.07056659,0.245721,-0.43072346,-0.03699796,0.23092361,0.12253145,-0.48447508,0.40875366,-0.09393913,0.14825694,-0.3538607,-0.29890645,-0.44008294,0.0069236113,0.09800858,-0.06920711,-0.032344364,-0.13963848,0.11709355,0.03327655,-0.03997835,0.2797602,-0.31903717,0.4953419,-0.08667116,0.019106617,0.6402831,-0.50199145,0.25738114,0.022400735,0.07552492,0.43113276,0.14077982,0.1745576,-0.36578226,-0.19406985,-0.2263313,-0.35840973,0.048492238,0.16441381,-0.28389993,0.33795628,-0.03715482,0.018322304,0.2625576,0.23332883,-0.6733378,0.34067523,0.48378634,0.045982435,-0.52369076,0.19887133,-0.67788684,-0.09686724,0.046662174,-0.12499796,-0.097128674,-0.12405678,-0.11778227,0.040439952,-0.13001756,0.325355,0.24577329,-0.20342933,-0.33430514,0.14804779,0.15834844,-0.13519403,0.091786355,0.0074987747,-0.17174305,0.005982435,-0.446096,-0.30575612,0.11003472,0.01257067,0.11928962,0.2675772,-0.58282804,-0.12625286,-0.03825286,-0.07522018,-0.13420057,0.1846491,-0.19208293,-0.028422793,0.32101512,-0.34847507,0.15573406,-0.2494424,-0.442279,0.3324661,-0.0068280227,0.38825694,-0.5781744,0.54836154,0.08556414,-0.19333783,-0.033651553,0.06015237,0.15400858,-0.07401756,0.1568844,0.28765565,-0.27903718,-0.4974947,0.062819034,-0.09477574,0.061564133,0.0882308,0.34161642,-0.059743054,0.32749876,-0.105442405,-0.47020057,0.11505433,-0.001808415,-0.013729984,0.27505434,-0.36118096,0.1808321,0.1715772,0.1627406,0.11034845,0.04436152,-0.011115605,-0.13048816,-0.048501227,0.021198122,0.26862296,0.3235772,-0.072919525,-0.028004494,-0.18962541,-0.21268423,0.034531455,0.3109236,-0.19380842,0.30109355,0.069721,1.0074987,1.4988452,1.2329105,-0.52410907,0.31918505,-0.49357313,-1.2915862,-1.3210764,-1.280815,0.34736806,-1.2676908,-1.0465143,-0.25937703,0.71803474,0.34747264,-0.077416256,0.07589093,0.091420345,0.8039432,0.44885826,0.043002043,-0.27532476,0.5454334,0.31834844,1.0387144,-1.4148281,0.46757722,0.93910664,0.05210008,-0.46523327,-0.24891953,-0.7488411,-0.14931168,0.6167537,-0.8755862,0.1559955,-0.65116787,0.19212623,-0.10021365,0.40425694,0.25047916,0.66334194,0.4907406,-0.14240973,0.15709354,-0.6671679,0.94606084,-0.5668803,0.14553799,0.13570793,-0.42366463,0.41309354,-0.64975613,0.66480595,0.2086491,-0.8043182,0.49084517,0.10062296,0.7999694,0.24179943,-0.21942933,0.5235772,0.7972504,0.39568177,-0.58099794,0.04519812,-0.052056782,-0.52557313,-0.026749592,0.6611458,0.38166872,0.5075772,1.3169367,0.042688318,-0.14303717,0.27494976,0.8010674,0.6553419,0.32179943,0.3613811,0.66365564,0.23500204,-1.1502006,-0.3388019,-0.4447365,0.13847917,0.007080474,0.13994321,0.4087014,0.036047794,-0.3884228,-1.1311156,-0.79705024,-0.8127365,-0.44363847,0.16352493,0.90093666,0.038819037,-0.8056777,0.7697994,-0.085468546,-0.081965275,-0.28625286,-0.04384763,0.5045445,0.07317198,0.75824386,-0.09749469,-1.1370764,-0.42690647,-0.21137704,0.22532883,0.22072753,-0.35124633,0.011315768,0.7411981,-0.43197834,0.36127657,-0.70915484,-0.73127246,-0.23046201,0.19740728,0.29466218,-0.15867116,-0.08604371,-0.1880045,-0.654828,0.22668831,
0,0,0,0,0,0,0,0,0,0,0,0,0,0,0,0,0,0,0,0,0,0,0,0,0,0,0,0,0,0,0,0,0,0,0,0,0,0,0,0,0,0,0,0,0,0,0,0,0,0,1,0,0,0,0,0,0,0,0,0,0,0,0,0,0,1,0,0,0,0,0,0,0,0,0,0,0,0,0,0,0,0,0,0,0,0,0,0,0,0,0,0,0,0,0,0,0,0,0,0,0,0,0,0,0,0,0,0,0,0,0,0,0,0,0,0,0,0,0,0,0,0,0,0,0,0,0,0,0,0,0,0,0,0,0,0,0,0,0,0,0,0,0,0,0,0,0,0,0,0,0,0,0,0,0,0,0,0,0,0,0,0,0,0,0,0,0,0,0,0,0,0,0,0,0,0,0,0,0,0,0,0,0,0,0,0,0,0,0,0,0,0,0,0,0,0,0,0,0,0,0,0,0,0,0,0,0,0,0,0,0,0,0,0,0,0,0,0,0,0,0,0,0,0,0,0,0,0,0,0,0,0,0,0,0,0,0,0,0,0,0,0,0,0,0,0,0,0,0,0,0,0,0,0,0,0,1,0,0,0,0,0,0,0,0,0,0,0,0,0,0,0,0,0,0,0,0,0,0,0,0,0,0,0,0,0,0,0,0,0,0,0,0,0,0,0,0,0,0,0,0,0,0,0,0,0,0,0,0,0,0,0,0,0,0,0,0,0,0,0,0,0,0,0,0,0,0,0,0,0,0,0,0,0,0,0,0,0,0,0,0,0,0,0,0,0,0,0,0,0,0,0,0,0,0,0,0,0,0,0,0,0,0,0,0,0,0,0,0,0,0,0,0,0,0,0,0,0,0,0,0,0,0,0,0,0,0,0,0,0,0,0,0,0,0,0,0,0,0,0,0,0,0,0,0,0,0,0,0,0,0,0,0,0,0,0,0,0,0,0,0,0,0,0,0,0,0,0,0,0,0,0,0,0,0,0,0,0,0,0,0,0,0,0,0,0,0,0,0,0,0,0,0,0,0,0,0,0,0,0,0,0,0,0,0,0,0,0,0,0,0,0,0,0,0,0,0,0,0,0,0,0,0,0,0,0,0,0,0,0,0,0,0,0,0,0,0,0,0,0,0,0,0,0,0,0,0,0,0,0,0,0,0,0,0,0,0,0,0,0,0,0,0,0,0,0,0,0,0,0,0,0,0,0,0,0,0,0,0,0,0,0,0,0,0,0,0,0,0,0,0,0,0,0,0,0,0,0,0,0,0,0,0,0,0,0,0,0,0,0,0,0,0,0,0,0,0,0,0,0,0,0,0,0,0,0,0,0,0,0,0,0,0,0,0,0,0,0,0,0,0,0,0,0,0,0,0,0,0,0,0,0,0,0,0,0,0,0,0,0,0,0,0,0,0,0,0,0,0,0,0,0,0,0,0,0,0,0,0,0,0,0,0,0,0,0,0,0,0,0,0,0,0,0,0,0,0,0,0,0,0,0,0,0,0,0,0,0,0,0,0,0,0,0,0,0,0,0,0,0,0,0,0,0,0,0,0,0,0,0,0,0,0,0,0,0,0,0,0,0,0,0,0,0,0,0,0,0,0,0,0,0,0,0,0,0,0,0,0,0,0,0,0,0,0,0,0,0,0,0,0,0,0,0,0,0,0,0,0,0,0,0,0,0,0,0,0,0,0,0,0,0,0,0,0,0,0,0,0,0,0,0,0,0,0,0,0,0,0,0,0,0,0,0,0,0,0,0,0,0,0,0,0,0,0,0,0,0,0,0,0,0,0,0,0,0,0,0,0,0,0,0,0,0,0,0,0,0,0,0,0,0,0,0,0,0,0,0,0,0,0,0,0,0,0,0,0,0,0,0,0,0,0,0,0,0,0,0,0,0,0,0,0,0,0,0,0,0,0,0,0,0,0,0,0,0,0,0,0,0,0,0,0,0,0,0,0,0,0,0,0,0,0,0,0,0,0,0,0,0,0,0,0,0,0,0,0,0,0,0,0,0,0,0,0,0,0,0,0,0,0,0,0,0,0,0,0,0,0,0,0,0,0,0,0,0,0,0,0,0,0,0,0,0,0,0,0,0,0,0,0,0,0,1,0,0,0,0,0,0,0,0,0,0,0,0,0,0,0,0,0,0,0,0,0,0,0,0,0,0,0,0,0,0,0,0,0,0,0,0,0,0,0,0,0,0,0,0,0,0,0,0,0,0,0,0,0,0,0,0,0,0,0,0,0,0,0,0,0,0,0,0,0,0,0,0,0,0,0,0,0,0,0,0,0,0,0,0,0,0,0,0,0,0,0,0,0,0,0,0,0,0,0,0,0,0,0,0,0,0,0,0,0,0,0,0,0,0,0,0,0,0,0,0,0,0,0,0,0,0,0,0,0,0,0,0,0,0,0,0,0,0,0,0,0,0,0,0,0,0,0,0,0,0,0,0,0,0,0,0,0,0,0,0,0,0,0,0,0,0,0,0,0,0,0,0,0,0,0,0,0,0,0,0,0,0,0,0,0,0,0,0,0,0,0,0,0,0,0,0,0,0,0,0,0,0,0,0,0,0,0,0,0,0,0,0,0,0,0,0,0,0,0,0,0,0,0,0,0,0,0,0,0,0,0,0,0,0,0,0,0,0,0,0,0,0,0,0,0,0,0,0,0,0,0,0,0,0,0,0,0,0,0,0,0,0,0,0,0,0,0,0,0,0,0,0,0,0,0,0,0,0,0,0,0,0,0,0,0,0,0,0,0,0,0,0,0,0,0,0,0,0,0,0,0,0,0,0,0,0,0,0,0,0,0,0,0,0,0,0,0,0,0,0,0,0,0,0,0,0,0,0,0,0,0,0,0,0,0,0,0,0,0,0,0,0,0,0,0,0,0,0,0,0,0,0,0,0,0,0,0,0,0,0,0,0,0,0,0,0,0,0,0,0,0,0,0,0,0,0,0,0,0,0,0,0,0,0,0,0,0,0,0,0,0,0,0,0,0,0,0,0,0,0,0,0,0,0,0,0,0,0,0,0,0,0,0,0,0,0,0,0,0,0,0,0,0,0,0,0,0,0,0,0,0,0,0,0,0,0,0,0,0,0,0,0,0,0,0,0,0,0,0,0,0,0,0,0,0,0,0,0,0,0,0,0,0,0,0,0,0,0,0,0,0,0,0,0,0,0,0,0,0,0,0,0,0,0,0,0,0,0,0,0,0,0,0,0,0,0,0,0,0,0,0,0,0,0,0,0,0,0,0,0,0,0,0,0,0,0,0,0,0,0,0,0,0,0,0,0,0,0,0,0,0,0,0,0,0,0,0,0,0,0,0,0,0,0,0,0,0,0,0,0,0,0,0,0,0,0,0,0,0,0,0,0,0,0,0,0,0,0,0,0,0,0,0,0,0,0,0,0,0,0,0,0,0,0,0,0,0,0,0,0,0,0,0,1,0,0,0,0,0,0,0,0,0,0,0,0,0,0,0,0,0,0,0,0,0,0,0,0,0,0,0,0,0,0,0,0,0,0,0,0,0,0,0,0,0,0,0,0,0,0,0,0,0,0,0,0,0,0,0,0,0,0,0,0,0,0,0,0,0,0,0,0,0,0,0,0,0,0,0,0,0,0,0,0,0,0,0,0,0,0,0,0,0,0,0,0,0,0,0,0,0,0,0,0,0,0,0,0,0,0,0,0,0,0,0,0,0,0,0,0,0,0,0,0,0,0,0,0,0,0,0,0,0,0,0,0,0,0,0,0,0,0,0,0,0,0,0,0,0,0,0,0,0,0,0,0,0,0,0,0,0,0,0,0,0,0,0,0,0,0,0,0,0,0,0,0,0,0,0,0,0,0,0,0,0,0,0,0,0,0,0,0,0,0,0,0,0,0,0,0,0,0,0,0,0,0,0,0,0,0,0,0,0,0,0,0,0,0,0,0,0,0,0,0,0,0,0,0,0,0,0,0,0,0,0,0,0,0,0,0,0,0,0,0,0,0,0,0,0,0,0,0,0,0,0,0,0,0,0,0,0,0,0,0,0,0,0,0,0,0,0,0,0,0,0,0,0,0,0,0,0,0,0,0,0,0,0,0,0,0,0,0,0,0,0,0,0,0,0,0,0,0,0,0,0,0,0,0,0,0,0,0,0,0,0,0,0,0,0,0,0,0,0,0,0,0,0,0,0,0,0,0,0,0,0,0,0,0,0,0,0,0,0,0,0,0,0,0,0,0,0,0,0,0,0,0,0,0,0,0,0,0,0,0,0,0,0,0,0,0,0,0,0,0,0,0,0,0,0,0,0,0,0,0,0,0,0,0,0,0,0,0,0,0,0,0,0,0,0,0,0,0,0,0,0,0,0,0,0,0,0,0,0,0,0,0,0,0,0,0,0,0,0,0,0,0,0,0,0,0,0,0,0,0,0,0,0,0,0,0,0,0,0,0,0,0,0,0,0,0,0,0,0,0,0,0,0,0,0,0,0,0,0,0,0,0,0,0,0,0,0,0,0,0,0,0,0,0,0,0,0,0,0,0,0,0,0,0,0,0,0,0,0,0,0,0,0,0,0,0,0,0,0,0,0,0,0,0,0,0,0,0,0,0,0,0,0,0,0,0,0,0,0,0,0,0,0,0,0,0,0,0,0,0,0,0,0,0,0,0,0,0,0,0,0,0,0,0,0,0,0,0,0,0,0,0,0,0,0,0,0,0,0,0,0,0,0,0,0,0,0,0,0,0,0,0,0,0,0,0,0,0,0,0,0,0,0,0,0,0,0,0,0,0,0,0,0,0,0,0,0,0,0,0,0,0,0,0,0,0,0,0,0,0,0,0,0,0,0,0,0,0,0,0,0,0,0,0,0,0,0,0,0,0,0,0,0,0,0,0,0,0,0,0,0,0,0,0,0,0,0,0,0,0,0,0,0,0,0,0,0,0,0,0,0,0,0,0,0,0,0,0,0,0,0,0,0,0,0,0,0,0,0,0,0,0,0,0,0,0,0,0,0,0,0,0,0,0,0,0,0,0,0,0,0,0,0,0,0,0,0,0,0,0,0,0,0,0,0,0,0,0,0,0,0,0,0,0,0,0,0,0,0,0,0,0,0,0,0,0,0,0,0,0,0,0,0,0,0,0,0,0,0,0,0,0,0,0,0,0,0,0,0,0,0,0,0,0,0,0,0,0,0,0,0,0,0,0,0,0,0,0,0,0,0,0,0,0,0,0,0,0,0,0,0,0,0,0,0,0,0,0,0,0,0,0,0,0,0,0,0,0,0,0,0,0,0,0,0,0,0,0,0,0,0,0,0,0,0,0,0,0,0,0,0,0,0,0,0,0,0,0,0,0,0,0,0,0,0,0,0,0,0,0,0,0,0,0,0,0,0,0,0,0,0,0,0,0,0,0,0,0,0,0,0,0,0,0,0,0,0,0,0,0,0,0,0,0,0,0,0,0,0,0,0,0,0,0,0,0,0,0,0,0,0,0,0,0,0,0,0,0,0,0,0,0,0,0,0,0,0,0,0,0,0,0,0,0,0,0,0,0,0,0,0,0,0,0,0,0,0,0,0,0,0,0,0,0,0,0,0,0,0,0,0,0,0,0,0,0,0,0,0,0,0,0,0,0,0,0,0,0,0,0,0,0,0,0,0,0,0,0,0,0,0,0,0,0,0,0,0,0,0,0,0,0,0,0,0,0,0,0,0,0,0,0,0,0,0,0,0,0,0,0,0,0,0,0,0,0,0,0,0,0,0,0,0,0,0,0,0,0,0,0,0,0,0,0,0,0,0,0,0,0,0,0,0,0,0,0,0,0,0,0,0,0,0,0,0,0,0,0,0,0,0,0,0,0,0,0,0,0,0,0,0,0,0,0,0,0,0,0,0,0,0,0,0,0,0,0,0,0,0,0,0,0,0,0,0,0,0,0,0,0,0,0,0,0,0,0,0,0,0,0,0,0,0,0,0,0,0,0,0,0,0,0,0,0,0,0,0,0,0,0,0,0,0,0,0,0,0,0,0,0,0,0,0,0,0,0,0,0,0,0,0,0,0,0,0,0,0,0,0,0,0,0,0,0,0,0,0,0,0,0,0,0,0,0,0,0,0,0,0,0,0,0,0,0,0,0,0,0,0,0,0,0,0,0,0,0,0,0,0,0,0,0,0,0,0,0,0,0,0,0,0,0,0,0,0,0,0,0,0,0,0,0,0,0,0,0,0,0,0,0,0,0,0,0,0,0,0,0,0,0,0,0,0,0,0,0,0,0,0,0,0,0,0,0,0,0,0,0,0,0,0,0,0,0,0,0,0,0,0,0,0,0,0,0,0,0,0,0,0,0,0,0,0,0,0,0,0,0,0,0,0,0,0,0,0,0,0,0,0,0,0,0,0,0,0,0,0,0,0,0,0,0,0,0,0,0,0,0,0,0,0,0,0,0,0,0,0,0,0,0,0,0,0,0,0,0,0,0,0,0,0,0,0,0,0,0,0,0,0,0,0,0,0,0,0,0,0,0,0,0,0,0,0,0,0,0,0,0,0,0,0,0,0,0,0,0,0,0,0,0,0,0,0,0,0,0,0,0,0,0,0,0,0,0,0,0,0,0,0,0,0,0,0,0,0,0,0,0,0,0,0,0,0,0,0,0,0,0,0,0,0,0,0,0,0,0,0,0,0,0,0,0,0,0,0,0,0,0,0,0,0,0,0,0,0,0,0,0,0,0,0,0,0,0,0,0,0,0,0,0,0,0,0,0,0,0,0,0,0,0,0,0,0,0,0,0,0,0,0,0,0,0,0,0,0,0,0,0,0,0,0,0,0,0,0,0,0,0,0,0,0,0,0,0,0,0,0,0,0,0,0,0,0,0,0,0,0,0,0,0,0,0,0,0,0,0,0,0,0,0,0,0,0,0,0,0,0,0,0,0,0,0,0,0,0,0,0,0,0,0,0,0,0,0,0,0,0,0,0,0,0,0,0,0,0,0,0,0,0,0,0,0,0,0,0,0,0,0,0,0,0,0,0,0,0,0,0,0,0,0,0,0,0,0,0,0,0,0,0,0,0,0,0,0,0,0,0,0,0,0,0,0,0,0,0,0,0,0,0,0,0,0,0,0,0,0,0,0,0,0,0,0,0,0,0,0,0,0,0,0,0,0,0,0,0,0,0,0,0,0,0,0,0,0,0,0,0,0,0,0,0,0,0,0,0,0,0,0,0,0,0,0,0,0,0,0,0,0,0,0,0,0,0,0,0,0,0,0,0,0,0,0,0,0,0,0,0,0,0,0,0,0,0,0,0,0,0,0,0,0,0,0,0,0,0,0,0,0,0,0,0,0,0,0,0,0,0,0,0,0,0,0,0,0,0,0,0,0,0,0,0,0,0,0,0,0,0,0,0,0,0,0,0,0,0,0,0,0,0,0,0,0,0,0,0,0,0,0,0,0,0,0,0,0,0,0,0,0,0,0,0,0,0,0,0,0,0,0,0,0,0,0,0,0,0,0,0,0,0,0,0,0,0,0,0,0,0,0,0,0,0,0,0,0,0,0,0,0,0,0,0,0,0,0,0,0,0,0,0,0,0,0,0,0,0,0,0,0,0,0,0,0,0,0,0,0,0,0,0,0,0,0,0,0,0,0,0,0,0,0,0,0,0,0,0,0,0,0,0,0,0,0,0,0,0,0,0,0,0,0,0,0,0,0,0,0,0,0,0,0,0,0,0,0,0,0,0,0,0,0,0,0,0,0,0,0,0,0,0,0,0,0,0,0,0,0,0,0,0,0,0,0,0,0,0,0,0,0,0,0,0,0,0,0,0,0,0,0,0,0,0,0,0,0,0,0,0,0,0,0,0,0,0,0,0,0,0,0,0,0,0,0,0,0,0,0,0,0,0,0,0,0,0,0,0,0,0,0,0,0,0,0,0,0,0,0,0,0,0,0,0,0,0,0,0,0,0,0,0,0,0,0,0,0,0,0,0,0,0,0,0,0,0,0,0,0,0,0,0,0,0,0,0,0,0,0,0,0,0,0,0,0,0,0,0,0,0,0,0,0,0,0,0,0,0,0,0,0,0,0,0,0,0,0,0,0,0,0,0,0,0,0,0,0,0,0,0,0,0,0,0,0,0,0,0,0,0,0,0,0,0,0,0,0,0,0,0,0,0,0,0,0,0,0,0,0,0,0,0,0,0,0,0,0,0,0,0,0,0,0,0,0,0,0,0,0,0,0,0,0,0,0,0,0,0,0,0,0,0,0,0,0,0,0,0,0,0,0,0,0,0,0,0,0,0,0,0,0,0,0,0,0,0,0,0,0,0,0,0,0,0,0,0,0,0,0,0,0,0,0,0,0,0,0,0,0,0,0,0,0,0,0,0,0,0,0,0,0,0,0,0,0,0,0,0,0,0,0,0,0,0,0,0,0,0,0,0,0,0,0,0,0,0,0,0,0,0,0,0,0,0,0,0,0,0,0,0,0,0,0,0,0,0,0,0,0,0,0,0,0,0,0,0,0,0,0,0,0,0,0,0,0,0,0,0,0,0,0,0,0,0,0,0,0,0,0,0,0,0,0,0,0,0,0,0,0,0,0,0,0,0,0,0,0,0,0,0,0,0,0,0,0,0,0,0,0,0,0,0,0,0,0,0,0,0,0,0,0,0,0,0,0,0,0,0,0,0,0,0,0,0,0,0,0,0,0,0,0,0,0,0,0,0,0,0.47798243,0.62114584,-0.5198738,-1.8157692,0.68802166,-0.50329864,0.24436152,0.6262177,0.55066216,-0.6183836,0.14020465,1.4203615,-0.86899793,0.09387786,1.4033158,-0.35757312,-0.12698488,0.21570793,-0.08912867,0.49162948,1.2693549,0.7561524,-1.064083,-0.13090645,-0.17597835,0.26308048,-0.95809597,-0.24505025,-0.15569077,0.71087134,0.37168178,-0.23375612,0.30145955,0.72033536,0.8654334,-0.20447508,0.042531453,0.27447918,0.15165564,-0.08996528,-0.85963845,0.06443995,0.589355,-0.2594816,-0.3232202,0.8200478,1.0312896,-0.8438999,0.20891054,-0.28421363,0.45570794,-0.67454046,-0.7265143,-0.5450241,0.4035772,0.37779942,0.036100082,1.0050936,-0.72248816,-0.39438358,-0.378279,-0.24008292,-0.102880314,0.5316818,0.72044,0.04441381,0.031028187,0.06689747,-0.2553509,-1.1447626,-0.023455475,0.14789093,0.28247917,0.2251197,0.5386883,0.44096282,0.2574334,0.1501393,0.8616687,0.83505434,-0.016344363,0.4584269,0.5796295,1.1883615,-0.14491953,0.06522427,0.35463604,0.86407393,0.4226099,0.5110282,-0.29404372,0.73654455,0.24681903,0.6648582,-0.3572594,-0.5649457,-0.42366463,-0.20426594,-0.78988683,0.6535118,-0.73874956,-0.039821487,-0.77895874,-0.5048149,-0.6719261,0.73727655,-0.666645,0.28310663,0.4305576,0.62187785,0.2978517,-0.1509326,0.6023223,0.9044399,0.73084515,0.19249223,1.1482569,0.061302695,-0.89461887,0.22276674,0.025276553,0.15871446,0.46647915,-0.18910253,0.18104126,0.14370793,0.034531455,-0.05806985,1.0185838,0.21445303,-0.15067115,0.31442687,-0.31443587,-0.53963846,0.0054072714,1.2082831,-0.15626593,-0.34434438,0.91698897,0.38057068,-1.3766581,-0.052527368,-0.024344362,-0.6878738,-0.10047508,0.20995629,-0.25550777,0.1779563,0.036413807,-0.6387757,-0.0107495915,0.44394323,0.8805968,-0.03239665,-0.13336398,0.2528844,0.50569487,0.6632896,0.05842688,0.5863223,0.21560335,0.48038766,-0.3774424,-0.07956005,0.058792893,-0.15014829,0.4165968,0.13319813,0.29094976,0.3282308,0.10402165,-0.4638215,0.96938115,0.03876675,0.62961644,0.81471443,0.8288321,0.37722427,-0.35522017,0.6572766,0.85126346,-0.2763705,0.123002045,0.32253146,0.29952493,0.1745576,0.32875368,0.9403615,0.1614857,-0.13916789,-0.49221364,0.43636152,0.13607393,-0.15412214,0.44430923,0.16117197,-0.28714174,0.044832107,-0.2914816,0.70067525,-0.23825286,-0.20531169,0.73827004,-0.39793915,-0.29524633,-0.7517169,0.02553799,-0.31401756,0.13811316,0.19343342,-0.37989992,-0.37644893,0.70742035,-0.8272202,-0.8645535,-0.6531025,-1.1255208,-0.62993914,0.3530674,0.33298898,-0.36123326,0.66203475,-0.072919525,0.17142034,-0.037991423,0.4584269,0.060884394,-0.013416259,0.06841381,-0.08055352,-0.1985143,0.10344648,0.8473942,-0.46329862,0.66438764,-0.26105025,0.4243354,-0.626645,-0.60379535,0.19458374,-0.29979533,-0.16578227,0.3315772,-0.73529863,-0.049128678,-0.34899795,0.13063604,-0.12640972,-0.096448936,-0.1483705,-0.061729982,0.08153799,-0.5130241,0.09560335,0.23395629,-0.88844895,-0.31495875,-0.20071037,-0.05922018,0.273904,0.4355772,0.93309355,0.08671446,-0.47328553,0.7231589,-0.22748162,-0.11433129,-0.66094565,0.39630923,-0.50978225,-0.26047507,0.19714583,-0.5116646,0.39040074,-0.31004372,-0.04342933,0.3147406,-0.41383457,0.39233539,0.17267525,1.1877341,-0.14110254,-0.26110253,0.35552493,0.016178513,0.27327654,0.86762947,-0.2619914,-0.05404371,-0.49780843,-0.28029206,0.65304124,-0.05357312,-0.6355339,-0.3113509,-0.6945666,0.237721,-0.38282803,0.30428308,0.018740604,-0.0974424,-0.28478882,-0.06031822,0.6131458,0.06271446,0.98349875,-0.24808292,0.3657733,0.12932885,0.43918505,0.3371197,-0.43982148,-1.0619915,0.3586622,0.18773407,0.26020464,0.27479288,-0.061520834,0.2983746,0.15824388,-0.6835862,-0.7532855,0.23176022,0.15291055,-0.7440829,0.21654452,-0.49582148,0.9901393,-0.779011,1.0074465,0.38077983,0.042688318,0.04587786,-0.6767888,-0.16834436,-0.9874293,0.20953798,-0.545181,0.1665576,0.5999694,-0.21545547,0.15583864,-0.897547,-0.8177561,-0.20996527,0.43280596,-0.24970384,0.5042831,-0.06957312,0.48640072,-0.085520834,-0.41383457,-0.13603064,-0.6493378,0.6221916,-0.3143313,-0.21697181,-0.6531025,-0.35490644,-0.46936396,-0.57561237,0.11113276,0.10360335,-0.0065142973,-0.39443585,0.18119812,-0.13472345,-0.53090644,-0.38047507,-0.30397835,0.06945956,0.19552492,-0.21357313,0.3164661,0.21100204,-0.1437692,-0.13446201,0.071498774,0.17759028,-0.2608411,0.015969362,-0.60881495,0.5794203,0.74245304,0.18731576,0.07359028,-0.48008293,0.76043993,0.48593014,0.5196034,-0.601181,-1.2933117,0.413721,-0.4094947,-0.1298607,0.20796937,-0.4651287,0.30752492,0.1189759,-0.13006985,0.30914584,-0.17550775,-0.48353392,-0.0486058,-0.6212071,-0.5471156,-0.04081495,-0.15705025,-0.3306973,0.41696283,0.38355106,0.3408844,-0.68348163,-0.6932594,0.2040478,0.16514583,-0.2359522,0.20394322,-0.4583836,0.6528321,0.0701393,-0.23276266,-0.16301103,0.039132763,0.18266217,0.5665576,0.026636029,0.11704126,-0.3968411,0.3588713,-0.40008292,-0.23574306,0.79165566,-0.2448411,0.039080475,0.7034988,-0.14423978,-0.13843587,0.20608701,0.27834845,-0.7609718,-0.25095874,0.2478125,-0.2801875,0.2494857,0.49387786,0.34308046,-0.04274959,-0.15098488,0.33612624,0.032387663,0.3981393,-0.3993509,-0.14852737,-0.5575208,0.30093667,-0.10889338,-0.22471038,-0.8170241,0.30386478,-0.31731167,-0.25718096,-0.1226973,-0.3807888,0.53298897,-0.03474959,-0.4898084,0.3500347,-0.50073653,0.12545955,-0.029363971,0.41110662,-0.43966463,0.4284138,0.12796937,-0.06350776,-0.2123705,-0.13508946,-0.118095994,-0.48578227,0.5925968,0.12138113,0.18266217,0.050897468,-0.06779534,0.7864269,-0.47961235,-0.046880312,-0.28510255,0.5463223,-0.13718097,-0.17341626,-0.3068019,0.1517602,-0.23349468,-0.01446201,-0.26915482,0.05586479,-0.017546978,0.53643996,0.5204399,-0.44379535,0.05926348,-0.66868424,0.14726348,0.19128962,0.21649224,0.024492238,0.023655638,-0.2756385,0.24425694,-0.0814424,-0.8078215,-0.49169075,0.16540727,-0.28557312,0.20373407,0.19092362,0.15233538,0.18323734,-0.4814424,0.37560335,-0.38533783,1.2627145,-0.07401756,-0.6881875,0.2351589,-0.5256254,-0.5286058,-0.52640975,-0.21582149,0.66966873,-0.05665809,0.3833419,0.6668452,0.018531455,-0.361913,0.023028186,1.1501915,0.04765564,-0.3568411,0.21659681,0.19081904,-0.039141748,-0.7540176,1.2779825,-0.2523705,-0.20369077,-0.9480045,0.21518505,-0.26403064,-0.21597835,-0.10183456,0.07071446,-0.5774947,0.6035249,0.43850532,-0.11731169,0.7461132,0.47630924,-0.19793913,0.3985576,-1.1035601,0.11217851,0.47918504,-0.068056785,-0.001180964,0.86663604,0.20535499,-0.1825143,-0.00342933,-0.598096,-0.060841095,0.84122425,0.6308713,-0.24400449,-0.83286726,0.31960335,-0.6154032,0.27128962,0.09968178,-0.5732594,0.044936683,0.060413808,-0.11710253,-0.032553513,-0.5516123,0.10569485,-0.47694567,-0.75208294,0.30203474,0.26072752,0.36049223,-0.08724632,0.40718505,-0.66821367,0.16838767,0.6122047,-0.15956005,0.40514582,0.018897468,0.24294975,0.5916556,0.6711851,0.11547263,-0.3441875,-0.7526058,0.20608701,0.7400478,-0.7597169,-0.1719522,0.31087133,0.08593015,0.41272753,0.5506099,0.29037458,0.358087,0.014557598,1.0208321,-0.15710253,0.3471066,-0.11778227,0.1522308,-0.21969077,-0.3576777,0.86532885,0.11902819,0.18527655,0.09936806,-0.42308947,-0.06319404,0.3051197,0.04645302,0.2974857,-0.25916788,-0.22089338,-0.44081494,0.054766748,0.09298897,0.42245302,-0.20593913,-0.4717169,-0.033337828,-0.98183453,0.21351184,-0.17503718,0.421721,-0.32008293,0.2911066,-0.047873773,-0.5816777,0.029930146,-0.34972998,0.52713275,0.36964256,-0.065808415,-1.0535208,-0.44374305,0.5401524,-0.2132594,-0.44682804,-0.8258607,-0.09299796,-0.23448816,0.25387785,-0.5205535,-0.0970241,0.18841381,0.2983223,0.39860988,0.6722831,-0.48672345,-0.5714293,0.57769483,-0.5488934,-0.41665807,-0.05163848,0.4789759,-0.30789992,0.41016543,0.37565565,0.46360335,0.25889745,-0.021259395,-0.31778228,0.066583745,0.41910663,0.09764256,-0.43527246,-0.39940318,-0.4120045,-0.21184763,0.47113276,-0.4010241,-0.25006986,0.30349877,0.23123734,-0.31663194,0.3273419,-0.66523325,0.24394321,-0.40071037,0.13121119,0.5639432,-0.15652737,0.027995506,0.393538,0.03505433,0.19060989,-0.20494567,0.13732883,-0.15244894,0.44305432,-0.09979534,-0.14225286,0.2111589,0.44749877,0.4739563,-0.5623313,0.26501513,0.20713276,0.20294976,0.6196818,0.42689747,0.6174334,0.0024791667,0.34559026,0.8926752,0.056335375,-0.11846201,0.6494857,0.06355106,-0.33095875,0.633538,0.37759027,-0.31150776,-0.09927247,0.2549759,0.40556413,-0.112919524,0.4806491,0.45638767,-0.038514297,0.2352112,0.10559028,0.16519812,-0.70742935,0.26365563,0.35615236,0.3438125,0.062453024,-0.44980842,-0.6051548,0.5153158,0.11421773,0.3235772,0.25309354,-0.6962921,-0.2557692,0.12132884,0.6329628,-0.28379536,0.32310662,0.08216544,0.011734068,-0.2729718,-0.6041614,-0.46931168,0.54449224,0.35301512,0.3761785,0.44122428,-0.67914176,0.64153796,-0.17132476,-0.052527368,-0.16583456,0.017381128,-0.65503716,-0.32588685,0.5673419,0.10219158,-0.2503836,0.5460086,-0.10486724,-0.026645016,0.28974715,-0.13482802,0.6473942,0.5105053,0.48493668,0.2133027,0.074949756,-0.2271156,0.041171975,0.19996937,-0.050017565,-0.1479522,0.60891056,-0.20327246,-0.29681495,-0.4187496,0.26804778,0.342087,0.33304125,-0.013311683,-0.3765535,-0.27265808,-0.062357433,0.2541393,-0.26643586,0.15594321,-0.39867115,-0.33634436,-0.04604371,-0.44881496,0.24671446,-0.011743056,0.6150805,0.2811197,-0.25550777,-0.05425286,0.07395629,-0.47987378,-0.8323966,0.96796936,0.92075366,0.33267525,0.9341916,0.22517198,0.1930674,0.01063603,-0.04515482,0.26156414,-0.5084228,-0.4115339,0.05863603,0.22700204,-0.4878215,-0.09561234,-0.31982148,-0.12133782,0.2002308,-0.3563705,-0.34068424,0.107577205,-0.53472346,-0.036893383,-0.06952083,0.0701393,-0.24745548,0.64326346,0.5524399,0.115943216,0.5227406,-0.31736398,-0.13796528,0.23291054,-0.49561232,1.0152897,-0.1572071,0.48545957,-0.24729861,-0.5952725,0.47834843,-0.7265666,0.6549759,-0.57806987,-0.43950775,0.27280596,0.06569485,0.46355107,-0.46429208,0.20843995,-0.20217443,0.28708047,0.29476675,0.015707925,-0.50905025,-0.5092071,-0.33268422,0.8487014,-0.6570764,0.5887798,0.6519955,0.2835772,0.3294857,0.5328321,-0.5852333,0.56472754,-0.15427901,-0.23286724,-0.18429208,0.0836295,0.7868452,0.6030021,-0.37556005,0.34569484,0.11029616,0.08979943,0.5795772,-0.4212071,0.29947263,0.27484518,-1.0289457,0.17241381,-0.12180842,-0.21221365,-0.058331292,-0.5610764,0.12357721,-0.18021365,0.84666216,-0.20494567,-0.5632725,0.41936806,-0.12808293,-0.3210764,0.40190402,0.14025694,-0.52379537,0.25356412,0.09424387,-0.56881493,-0.09210907,0.28096282,-0.0014424019,0.23395629,-0.4145143,-0.48494568,0.16765563,0.8996818,-0.1648411,0.48922426,0.14883211,0.2461393,0.15317197,-0.34941626,-0.17278881,-0.80034435,0.14349878,-0.082906455,-0.294462,-0.58193916,-0.09059273,0.29685825,0.29973406,0.77487135,-0.22591299,-0.33420056,-0.13524632,0.14145955,0.12216544,0.29502818,0.7202831,-0.47966462,-0.60421365,-0.19406985,0.45827,0.5029236,0.14203472,-0.17780842,-0.22491953,0.29753798,0.76336807,0.87379944,0.109721,0.33356413,0.33063602,0.15406087,0.6439432,-0.26246202,-0.27380842,0.6040478,0.4268452,0.24007393,-0.23705025,-0.04170384,-0.3341483,0.13131577,-0.2372594,0.3273419,0.79285824,0.52498895,0.25565565,-0.42528555,-0.47072345,-0.051063318,-0.7141221,-0.05122018,-0.62528557,-0.3647888,-0.57305026,-0.35161233,0.8334334,-0.18356004,-0.31255352,-0.47490644,0.37602165,0.09900204,0.2591066,-0.4995339,-0.09059273,0.10161642,-0.23621364,-0.02225286,-0.9388019,-0.4423836,-0.34183455,-0.20646201,-0.08369077,0.37440073,-0.28583455,0.52127653,-0.2986973,-0.55569077,-0.02225286,-0.47527248,-0.3640568,0.35238767,0.36854452,0.09649224,0.47468832,0.34527656,-0.7800045,-0.65545547,0.9888321,-0.09357312,-0.52876264,1.3586621,-1.2625666,0.1901393,0.47285825,-1.2371548,-1.2773117,-0.8760045,0.485721,-0.17634436,1.2836295,-0.11312868,-0.4696777,0.54794323,1.2293026,0.5815641,0.25147262,-0.34946856,0.81968176,-1.3559523,0.7805707,-0.046775736,0.13068831,0.81508046,-0.46518096,0.84247917,1.5814595,-0.12076266,-0.46110255,-0.05336397,-0.2756385,1.2823746,0.2397602,-1.0163443,-0.6508542,1.0452504,1.0334857,-0.90570384,1.4883877,0.93926346,-1.058645,0.012832108,-0.25127247,0.87505436,0.5704269,0.409538,0.22877982,0.39453146,0.122060865,0.26956412,0.72979945,-1.2066189,-0.81901103,0.6120478,0.49942034,1.2577472,0.5446491,-0.22235744,-1.0939392,-0.85775614,0.15887132,-0.5892071,1.2817994,-0.8771548,-1.0329195,0.64085823,-0.85142934,0.1854857,-0.44714174,-0.32447508,-0.096762665,0.657538,0.55285823,0.9366491,-1.1793771,-0.6789849,1.3705314,0.9615903,-0.50988686,-0.4200568,0.5429759,-1.382462,-0.6705143,0.1733027,-0.4031679,-1.2798737,-0.977547,0.931002,-0.40552083,-1.0045273,-0.98397833,-0.08918096,-0.71391296,0.9750805,0.32436153,0.72336805,0.31923735,0.2881785,-0.35793912,0.37283212,0.85785174,0.21408701,1.2355249,1.2003354,0.28765565,1.3014072,-1.0757953,1.1913419,0.35583866,0.9159432,-1.1471156,-0.36050123,-0.68891954,1.3194988,1.5557864,-0.16050123,-1.0363182,-0.14078881,1.1596034,0.9258256,0.13738112,0.5794203,-0.09812214,0.901721,
0,0,1,0,0,0,0,0,0,0,0,0,0,0,0,0,0,0,0,0,0,0,0,0,0,0,0,0,0,0,0,0,0,0,0,0,0,0,0,0,0,0,0,0,0,0,0,0,0,0,0,0,0,0,0,0,0,0,0,0,0,0,0,0,0,0,0,0,0,0,0,0,0,0,0,0,0,0,0,0,0,0,0,0,0,0,0,0,0,0,0,0,0,0,0,0,0,0,0,0,0,0,0,0,0,0,0,0,0,0,0,0,0,0,0,0,0,0,0,0,0,0,0,0,0,0,0,0,0,0,0,0,0,0,0,0,0,0,0,0,0,0,0,0,0,0,0,0,0,0,0,0,0,0,0,0,0,0,0,0,0,0,0,0,0,0,0,0,0,0,0,0,0,0,0,0,0,0,0,0,0,0,0,0,0,0,0,0,0,0,0,0,0,0,0,0,0,0,0,0,0,0,0,0,0,0,0,0,0,0,0,0,0,0,0,0,0,0,0,0,0,0,0,0,0,0,0,0,0,0,0,0,0,0,0,0,0,0,0,0,0,0,0,0,0,0,0,0,0,0,0,0,0,0,0,0,0,0,0,0,0,0,0,0,0,0,0,0,0,0,0,0,0,0,0,0,0,0,0,0,0,0,0,0,0,0,0,0,0,0,0,0,0,0,0,0,0,0,0,0,0,0,0,0,0,0,0,0,0,0,0,0,0,0,0,0,0,0,0,0,0,0,0,0,0,0,0,0,0,0,0,0,0,0,0,0,0,0,0,0,0,0,0,0,0,0,0,0,0,0,0,0,0,0,0,0,0,0,0,0,0,0,0,0,0,0,0,0,0,0,0,0,0,0,0,0,0,0,0,0,0,0,0,0,0,0,0,0,0,0,0,0,0,0,0,0,0,0,0,0,0,0,0,0,0,0,0,0,0,0,0,0,0,0,0,0,0,0,0,0,0,0,0,0,0,0,0,0,0,0,0,0,0,0,0,0,0,0,0,0,0,0,0,0,0,0,0,0,0,0,0,0,0,0,0,0,0,0,0,0,0,0,0,0,0,0,0,0,0,0,0,0,0,0,0,0,0,0,0,0,0,0,0,0,0,0,0,0,0,0,0,0,0,0,0,0,0,0,0,0,0,0,0,0,0,0,0,0,0,0,0,0,0,0,0,0,0,0,0,0,0,0,0,0,0,0,0,0,0,0,0,0,0,0,0,0,0,0,0,0,0,0,0,0,0,0,0,0,0,0,0,0,0,0,0,0,0,0,0,0,0,0,0,0,0,0,0,0,0,0,0,0,0,0,0,0,0,0,0,0,0,0,0,0,0,0,0,0,0,0,0,0,0,0,0,0,0,0,0,0,0,0,0,0,0,0,0,0,0,0,0,0,0,0,0,0,0,0,0,0,0,0,0,0,0,0,0,0,0,0,0,0,0,0,0,0,0,0,0,0,0,0,0,0,0,0,0,0,0,0,0,0,0,0,0,0,0,0,0,0,0,0,0,0,0,0,0,0,0,0,0,0,0,0,0,0,0,0,0,0,0,0,0,0,0,0,0,0,0,0,0,0,0,0,0,0,0,0,0,0,0,0,0,0,0,0,0,0,0,0,0,0,0,0,0,0,0,0,0,0,0,0,0,0,0,0,0,0,0,0,0,0,0,0,0,0,0,0,0,0,0,0,0,0,0,0,0,0,0,0,0,0,0,0,0,0,0,0,0,0,0,0,0,0,0,0,0,0,0,0,0,0,0,0,0,0,0,0,0,0,0,0,0,0,0,0,0,0,0,0,0,0,0,0,0,0,0,0,0,0,0,0,0,0,0,0,0,0,0,0,0,0,0,0,0,0,0,0,0,0,0,0,0,0,0,0,0,0,0,0,0,0,0,0,0,0,0,0,0,0,0,0,0,0,0,0,0,0,0,0,0,0,0,0,0,0,0,0,0,0,0,0,0,0,0,0,0,0,0,0,0,0,0,0,0,0,0,0,0,0,0,0,0,0,0,0,0,0,0,0,0,0,0,0,0,0,0,0,0,0,0,0,0,0,0,0,0,0,0,0,0,0,0,0,0,0,0,0,0,0,0,0,0,0,0,0,0,0,0,0,0,0,0,0,0,0,0,0,0,0,0,0,0,0,0,0,0,0,0,0,0,0,0,0,0,0,0,0,0,0,0,0,0,0,0,0,0,0,0,0,0,0,0,0,0,0,0,0,0,0,0,0,0,0,0,0,0,0,0,0,0,0,0,0,0,0,0,0,0,0,0,0,0,0,0,0,0,0,0,0,0,0,0,0,0,0,0,0,0,0,0,0,0,0,0,0,0,0,0,0,0,0,0,0,0,0,0,0,0,0,0,0,0,0,0,0,0,0,0,0,0,0,0,0,0,0,0,0,0,0,0,0,0,0,0,0,0,0,0,0,0,0,0,0,0,0,0,0,0,0,0,0,0,0,0,0,0,0,0,0,0,0,0,0,0,0,0,0,0,0,0,0,0,0,0,0,0,0,0,0,0,0,0,0,0,0,0,0,0,0,0,0,0,0,0,0,0,0,0,0,0,0,0,0,0,0,0,0,0,0,0,0,0,0,0,0,0,0,0,0,0,0,0,0,0,0,0,0,0,0,0,0,0,0,0,0,0,0,0,0,0,0,0,0,0,0,0,0,0,0,0,0,0,0,0,0,0,0,0,0,0,0,0,0,0,0,0,0,0,0,0,0,0,0,0,0,0,0,0,0,0,0,0,0,0,0,0,0,0,0,0,0,0,0,0,0,0,0,0,0,0,0,0,0,0,0,0,0,0,0,0,0,0,0,0,0,0,0,0,0,0,0,0,0,0,0,0,0,0,0,0,0,0,0,0,0,0,0,0,0,0,0,0,0,0,0,0,0,0,0,0,0,0,0,0,0,0,0,0,0,0,0,0,0,0,0,0,0,0,0,0,0,0,0,0,0,0,0,0,0,0,0,0,0,0,0,0,0,0,0,0,0,0,0,0,0,0,0,0,0,0,0,0,0,0,0,0,0,0,0,0,0,0,0,0,0,0,0,0,0,0,0,0,0,0,0,0,0,0,0,0,0,0,0,0,0,0,0,0,0,0,0,0,0,0,0,0,0,0,0,0,0,0,0,0,0,0,0,0,0,0,0,0,0,0,0,0,0,0,0,0,0,0,0,0,0,0,0,0,0,0,0,0,0,0,0,0,0,0,0,0,0,0,0,0,0,0,0,0,0,0,0,0,0,0,0,0,0,0,0,0,0,0,0,0,0,0,0,0,0,0,0,0,0,0,0,0,0,0,0,0,0,0,0,0,0,0,0,0,0,0,0,0,0,0,0,0,0,0,0,0,0,0,0,0,0,0,0,0,0,0,0,0,0,0,0,0,0,0,0,0,0,0,0,0,0,0,0,0,0,0,0,0,0,0,0,0,0,0,0,0,0,0,0,0,0,0,0,0,0,0,0,0,0,0,0,0,0,0,0,0,0,0,0,0,0,0,0,0,0,0,0,0,0,0,0,0,0,0,0,0,0,0,0,0,0,0,0,0,0,0,0,0,0,0,0,0,0,0,0,0,0,0,0,0,0,0,0,0,0,0,0,0,0,0,0,0,0,0,0,0,0,0,0,0,0,0,0,0,0,0,0,0,0,0,0,0,0,0,0,0,0,0,0,0,0,0,0,0,0,0,0,0,0,0,0,0,0,0,0,0,0,0,0,0,0,0,0,0,0,0,0,0,0,0,0,0,0,0,0,0,0,0,0,0,0,0,0,0,0,0,0,0,0,0,0,0,0,0,0,0,0,0,0,0,0,0,0,0,0,0,0,0,0,0,0,0,0,0,0,0,0,0,0,0,0,0,0,0,0,0,0,0,0,0,0,0,0,0,0,0,0,0,0,0,0,0,0,0,0,0,0,0,0,0,0,0,0,0,0,0,0,0,0,0,0,0,0,0,0,0,0,0,0,0,0,0,0,0,0,0,0,0,0,0,0,0,0,0,0,0,0,0,0,0,0,0,0,0,0,0,0,0,0,0,0,0,0,0,0,0,0,0,0,0,0,0,0,0,0,0,0,0,0,0,0,0,0,0,0,0,0,0,0,0,0,0,0,0,0,0,0,0,0,0,0,0,0,0,0,0,0,0,0,0,0,0,0,0,0,0,0,0,0,0,0,0,0,0,0,0,0,0,0,0,0,0,0,0,0,0,0,0,0,0,0,0,0,0,0,0,0,0,0,0,0,0,0,0,0,0,0,0,0,0,0,0,0,0,0,0,0,0,0,0,0,0,0,0,0,0,0,0,0,0,0,0,0,0,0,0,0,0,0,0,0,0,0,0,0,0,0,0,0,0,0,0,0,0,0,0,0,0,0,0,0,0,0,0,0,0,0,0,0,0,0,0,0,0,0,0,0,0,0,0,0,0,0,0,0,0,0,0,0,0,0,0,0,0,0,0,0,0,0,0,0,0,0,0,0,0,0,0,0,0,0,0,0,0,0,0,0,0,0,0,0,0,0,0,0,0,0,0,0,0,0,0,0,0,0,0,0,0,0,0,0,0,0,0,0,0,0,0,0,0,0,0,0,0,0,0,0,0,0,0,0,0,0,0,0,0,0,0,0,0,0,0,0,0,0,0,0,0,0,0,0,0,0,0,0,0,0,0,0,0,0,0,0,0,0,0,0,0,0,0,0,0,0,0,0,0,0,0,0,0,0,0,0,0,0,0,0,0,0,0,0,0,0,0,0,0,0,0,0,0,0,0,0,0,0,0,0,0,0,0,0,0,0,0,0,0,0,0,0,0,0,0,0,0,0,0,0,0,0,0,0,0,0,0,0,0,0,0,0,0,0,0,0,0,0,0,0,0,0,0,0,0,0,0,0,0,0,0,0,0,0,0,0,0,0,0,0,0,0,0,0,0,0,0,0,0,0,0,0,0,0,0,0,0,0,0,0,0,0,0,0,0,0,0,0,0,0,0,0,0,0,0,0,0,0,0,0,0,0,0,0,0,0,0,0,0,0,0,0,0,0,0,0,0,0,0,0,0,0,0,0,0,0,0,0,0,0,0,0,0,0,0,0,0,0,0,0,0,0,0,0,0,0,0,0,0,0,0,0,0,0,0,0,0,0,0,0,0,0,0,0,0,0,0,0,0,0,0,0,0,0,0,0,0,0,0,0,0,0,0,0,0,0,0,0,0,0,0,0,0,0,0,0,0,0,0,0,0,0,0,0,0,0,0,0,0,0,0,0,0,0,0,0,0,0,0,0,0,0,0,0,0,0,0,0,0,0,0,0,0,0,0,0,0,0,0,0,0,0,0,0,0,0,0,0,0,0,0,0,0,0,0,0,0,0,0,0,0,0,0,0,0,0,0,0,0,0,0,0,0,0,0,0,0,0,0,0,0,0,0,0,0,0,0,0,0,0,0,0,0,0,0,0,0,0,0,0,0,0,0,0,0,0,0,0,0,0,0,0,0,0,0,0,0,0,0,0,0,0,0,0,0,0,0,0,0,0,0,0,0,0,0,0,0,0,0,0,0,0,0,0,0,0,0,0,0,0,0,0,0,0,0,0,0,0,0,0,0,0,0,0,0,0,0,0,0,0,0,0,0,0,0,0,0,0,0,0,0,0,0,0,0,0,0,0,0,0,0,0,0,0,0,0,0,0,0,0,0,0,0,0,0,0,0,0,0,0,0,0,0,0,0,0,0,0,0,0,0,0,0,0,0,0,0,0,0,0,0,0,0,0,0,0,0,0,0,0,0,0,0,0,0,0,0,0,0,0,0,0,0,0,0,0,0,0,0,0,0,0,0,0,0,0,0,0,0,0,0,0,0,0,0,0,0,0,0,0,0,0,0,0,0,0,0,0,0,0,0,0,0,0,0,0,0,0,0,0,0,0,0,0,0,0,0,0,0,0,0,0,0,0,0,0,0,0,0,0,0,0,0,0,0,0,0,0,0,0,0,0,0,0,0,0,0,0,0,0,0,0,0,0,0,0,0,0,0,0,0,0,0,0,0,0,0,0,0,0,0,0,0,0,0,0,0,0,0,0,0,0,0,0,0,0,0,0,0,0,0,0,0,0,0,0,0,0,0,0,0,0,0,0,0,0,0,0,0,0,0,0,0,0,0,0,0,0,0,0,0,0,0,0,0,0,0,0,0,0,0,0,0,0,0,0,0,0,0,0,0,0,0,0,0,0,0,0,0,0,0,0,0,0,0,0,0,0,0,0,0,0,0,0,0,0,0,0,0,0,0,0,0,0,0,0,0,0,0,0,0,0,0,0,0,0,0,0,0,0,0,0,0,0,0,0,0,0,0,0,0,0,0,0,0,0,0,0,0,0,0,0,0,0,0,0,0,0,0,0,0,0,0,0,0,0,0,0,0,0,0,0,0,0,0,0,0,0,0,0,0,0,0,0,0,0,0,0,0,0,0,0,0,0,0,0,0,0,0,0,0,0,0,0,0,0,0,0,0,0,0,0,0,0,0,0,0,0,0,0,0,0,0,0,0,0,0,0,0,0,0,0,0,0,0,0,0,0,0,0,0,0,0,0,0,0,0,0,0,0,0,0,0,0,0,0,0,0,0,0,0,0,0,0,0,0,0,0,0,0,0,0,0,0,0,0,0,0,0,0,0,0,0,0,0,0,0,0,0,0,0,0,0,0,0,0,0,0,0,0,0,0,0,0,0,0,0,0,0,0,0,0,0,0,0,0,0,0,0,0,0,0,0,0,0,0,0,0,0,0,0,0,0,0,0,0,0,0,0,0,0,0,0,0,0,0,0,0,0,0,0,0,0,0,0,0,0,0,0,0,0,0,0,0,0,0,0,0,0,0,0,0,0,0,0,0,0,0,0,0,0,0,0,0,0,0,0,0,0,0,0,0,0,0,0,0,0,0,0,0,0,0,0,0,0,0,0,0,0,0,0,0,0,0,0,0,0,0,0,0,0,0,0,0,0,0,0,0,0,0,0,0,0,0,0,0,0,0,0,0,0,0,0,0,0,0,0,0,0,0,0,0,0,0,0,0,0,0,0,0,0,0,0,0,0,0,0,0,0,0,0,0,0,0,0,0,0,0,0,0,0,0,0,0,0,0,0,0,0,0,0,0,0,0,0,0,0,0,0,0,0,0,0,0,0,0,0,0,0,0,0,0,0,0,0,0,0,0,0,0,0,0,0,0,0,0,0,0,0,0,0,0,0,0,0,0,0,0,0,0,0,0,0,0,0,0,0,0,0,0,0,0,0,0,0,0,0,0,0,0,0,0,0,0,0,0,0,0,0,0,0,0,0,0,0,0,0,0,0,0,0,0,0,0,0,0,0,0,0,0,0,0,0,0,0,0,0,0,0,0,0,0,0,0,0,0,0,0,0,0,0,0,0,0,0,0,0,0,0,0,0,0,0,0,0,0,0,0,0,0,0,0,0,0,0,0,0,0,0,0,0,0,0,0,0,0,0,0,0,0,0,0,0,0,0,0,0,0,0,0,0,0,0,0,0,0,0,0,0,0,0,0,0,0,0,0,0,0,0,0,0,0,0,0,0,0,0,0,0,0,0,0,0,0,0,0,0,0,0,0,0,0,0,0,0,0,0,0,0,0,0,0,0,0,0,0,0,0,0,0,0,0,0,0,0,0,0,0,0,0,0,0,0,0,0,0,0,0,0,0,0,0,0,0,0,0,0,0,0,0,0,0,0,0,0,0,0,0,0,0,0,0,0,0,0,0,0,0,0,0,0,0,0,0,0,0,0,0,0,0,0,0,0,0,0,0,0,0,0,0,0,0,0,0,0,0,0,0,0,0,0,0,0,0,0,0,0,0,0,0,0,0,0,0,0,0,0,0,0,0,0,0,0,0,0,0,0,0,0,0,0,0,0,0,0,0,0,0,0,0,0,0,0,0,0,0,0,0,0,0,0,0,0,0,0,0,0,0,0,0,0,0,0,0,0,0,0,0,0,0,0,0,0,0,0,0,0,0,0,0,0,0,0,0,0,0,0,0,0,0,0,0,0,0,0,0,0,0,0,0,0,0,0,0,0,0,0,0,0,0,0,0,0,0,0,0,0,0,0,0,0,0,0,0,0,0,0,0,0,0,0,0,0,0,0,0,0,0,0,0,0,0,0,0,0,0,0,0,0,0,0,0,0,0,0,0,0,0,0,0,0,0,0,0,0,0,0,0,0,0,0,0,0,0,0,0,0,0,0,0,0,0,0,0,0,0,0,0,0,0,0,0,0,0,0,0,0,0,0,0,0,0,0,0,0,0,0,0,0,0,0,0,0,0,0,0,0,0,0,0,0,0,0,0,0,0,0,0,0,0,0,0,0,0,0,0,0,0,0,0,0,0,0,0,0,0,0,0,0,0,0,0,0,0,0,0,0,0,0,0,0,0,0,0,0,0,0,0,0,0,0,0,0,0,0,0,0,0,0,0,0,0,0,0,0,0,0,0,0,0,0,0,0,0,0,0,0,0,0,0,0,0,0,0,0,0,0,0,0,0,0,0,0,0,0,0,0,0,0,0,0,0,0,0,0,0,0,0,0,0,0,0,0,0,0,0,0,0,0,0,0,0,0,0,0,0,0,0,0,0,0,0,0,0,0,0,0,0,0,0,0,0,0,0,0,0,0,0,0,0,0,0,0,0,0,0,0,0,0,0,0,0,0,0,0,0,0,0,0,0,0,0,0,0,0,0,0,0,0,0,-0.6369224,0.77702093,-0.68303716,1.2695409,-1.3332187,0.46736225,0.37680307,1.1998241,-0.2449108,0.6277835,-0.18928264,0.07201003,-0.40162832,-0.12225286,0.44862586,-0.023850536,1.3484806,0.8681611,-0.21034291,0.053201027,0.62073916,-0.1351795,-0.55210036,-0.5958912,0.1131865,0.022046342,-0.5624853,0.68181396,-0.14193332,-0.6019188,1.0417268,-0.38478008,-0.121744506,0.40897444,-0.5106334,0.7762221,0.53787786,0.25138548,0.13388367,-0.8410619,-0.7868861,-0.90642136,-0.7233422,0.80563384,0.547827,-0.09291372,0.43976602,0.49299768,0.7054886,-0.38623253,-0.9632115,-0.66749614,0.25458083,0.37513277,-0.1186944,0.7687421,0.63548136,0.068161085,-0.61825866,-0.4995223,0.39750022,-0.28209308,-0.110633396,0.94659245,-0.13474378,-0.5815121,-0.12094567,0.9859534,0.46039057,0.53148717,0.22836442,-1.0078012,-0.13888322,-0.03365446,0.74710083,-0.19610907,-0.09371255,0.6268394,0.09960625,0.32807395,0.008974446,-0.04345838,-0.37192607,-0.57461303,0.28355688,0.37404343,0.03918505,0.56728965,-0.50925356,-0.02225286,0.007231527,-0.46706042,0.4246607,-0.05413376,0.0057064723,0.030179966,-0.058418438,0.4258953,-0.1257387,-0.03387232,0.58413786,-0.70874524,-0.14469294,-0.1509384,0.13235861,-0.27163556,0.29858956,0.153782,0.11747118,0.8992432,-0.36778662,0.9341015,-0.10417007,0.27513278,-0.48151213,-0.18528844,-0.85355276,0.23061569,0.53954816,0.7484806,-0.23554263,-0.67083675,-0.1314032,0.51739854,-0.06204952,-0.5086,-0.11578953,-0.10003064,0.41783428,0.50120395,0.42567742,0.40461716,-0.6200742,0.10258374,0.20127656,0.49248934,0.29488584,-0.5066392,-0.0011199618,-0.48325503,0.1829759,0.9007682,0.15472607,-0.51317513,-0.35878155,0.17476965,0.015946124,0.20432666,-0.41114175,-0.23401757,-0.089863606,-0.45464212,0.019068854,-0.19937705,0.049933054,-0.27366897,-0.011432235,0.5903833,-0.042441677,-0.09843296,-0.42755425,-0.13844748,0.4655467,-0.683836,0.8255322,0.34397808,0.11325912,0.028945398,0.5432519,-0.39066243,-0.1522456,-0.27098197,-0.082819305,0.1447043,-0.10830951,0.11877837,-0.20903572,-0.41484547,-0.43503428,-0.27011052,0.24651983,0.6862439,-0.22995076,-0.3888469,-0.24200594,-0.103516474,-0.29843298,-0.61825866,-0.3189849,0.46917778,-0.1743952,0.16634554,-0.58957314,-0.32835308,-0.76589847,0.38929397,-0.3733785,0.51129836,0.5688873,0.42516908,0.55697733,-0.57316065,0.623644,-0.29538286,-0.13634145,-0.6701105,-0.32268858,0.31609136,0.06031795,-0.28209308,-0.59095293,-0.14941335,0.77230054,-0.7843444,0.058792893,-0.48187524,0.4213201,0.23490037,-0.59371257,-0.167714,0.63722426,-0.28463486,-0.05849106,-0.38536108,-0.7084547,0.54085535,0.20207539,-0.39305896,0.029235885,-0.18151212,0.22364402,-0.5641555,-0.15013957,0.04187205,0.10323734,-0.23655932,-0.44846928,0.19568469,-0.35711125,0.126912,0.0059243375,-0.16546273,0.45029616,0.06300495,0.024733342,-0.948905,-0.030459104,0.30098605,-0.11796818,0.017834287,0.45893812,0.17970793,-0.7497765,0.83010733,-0.6239232,-0.103516474,0.10229325,0.56910515,0.9206665,0.32110226,0.76772535,0.06605506,-0.26960218,-0.9871766,-0.03387232,0.17215528,0.0046897694,0.25828454,-0.07403209,0.1128234,-0.2673509,-0.31586215,-0.66488177,-0.031112699,-1.1528991,0.63214076,0.33170503,-0.29305896,0.15153073,-0.29719839,0.19292507,-0.24505605,-0.16408293,-0.13220203,0.45937386,0.25973698,0.44078273,0.026911993,-0.1314032,0.042670887,-0.22595656,0.37767452,-0.47955135,-0.0024997732,0.507522,0.08413784,-0.21012504,-0.04832403,0.24557576,-0.38812068,-0.1878302,-0.15166463,0.12720248,0.56358594,-0.15151939,-0.23924632,-0.3065666,0.32836443,0.123426154,-0.12595657,-0.06451865,-0.2737416,0.009337555,0.7078125,-0.10039374,-0.16190428,-0.35406113,0.0085387165,-0.21557167,-0.51978374,-0.9783894,0.4312693,0.043033995,0.27309936,0.15370938,0.16561933,-0.46960217,0.46670866,0.49851692,0.5470282,-0.39639956,0.26547408,-0.1455644,-0.19552809,0.18609864,-0.54295003,-0.7413524,0.51892364,0.07535063,0.26271448,0.5982991,0.0175438,0.48573554,-0.02268859,-0.075920254,-0.48768497,0.19532157,-0.51339304,0.20882921,0.10025985,0.13751476,-0.15936252,0.52785605,-0.46393767,0.7009861,0.16002746,0.056178514,0.0015670388,0.099678874,-0.20300813,0.0688873,0.06554671,0.058139298,-0.2200016,-0.029079294,0.47658518,-0.1250851,-0.37323326,0.30650532,0.07411606,-0.026029184,-0.8094714,0.031414535,-0.46691516,0.36845157,-0.25130153,0.3400565,-0.07671909,0.031414535,0.71304125,0.09946101,0.17295411,-0.061395925,-0.0629936,0.49386916,-0.12254334,0.03613494,0.12502383,-0.123342186,-0.02363267,-0.36771402,0.38885826,0.41079,0.14804488,-0.7253756,0.38914874,0.3632228,-0.20845474,-0.6205826,0.13097881,0.3020754,0.28747845,-0.059653006,-0.2918244,-0.17904298,-0.12726375,-0.16183165,-0.40547726,0.16278708,-0.08448961,0.27346247,-0.3391737,0.11906885,-0.26502702,0.022336828,0.5238619,0.091545254,-0.11920275,0.00047771423,0.5216832,-0.27192608,-0.3706915,0.3776019,-0.23888321,0.56772536,-0.2861599,0.10991853,-0.35253608,0.1158735,-0.46539012,0.1057791,-0.0054772603,0.31638184,-0.21390137,0.55799407,0.093070306,-0.8844896,0.09176312,-0.68557894,0.27244577,-0.56509966,-0.07759055,0.15574278,0.1363528,-0.117241964,0.08537241,0.08283065,0.094232254,-0.630677,-0.756385,0.61195195,-0.07141771,0.20163967,0.5064327,0.48355687,0.21325912,-0.103589095,0.4038183,0.4011313,-0.084126495,0.46126202,0.091690496,-0.21731459,0.34484953,-0.5828193,-0.06321146,0.12850967,-0.16074233,0.5545808,-0.6002485,0.07716617,0.2094828,0.548408,-0.475775,-0.17955133,-0.4640103,0.48203182,-0.022180239,0.65559757,-0.0009747186,-0.31992897,-0.27156296,-0.52087307,0.22437024,0.5747697,-0.27766317,0.26743487,-0.3844896,-0.626828,0.2121698,0.19851694,0.049933054,-0.15536833,0.13010734,-0.17592025,-0.11651575,0.69365126,-0.008963099,0.112532906,-0.096690044,-0.2912434,0.35065928,-0.09727102,-0.045419164,0.10425404,-0.3197111,0.5516034,0.16394903,-0.143531,-0.3129573,-0.26422817,-0.26175904,-0.3821657,0.011370961,-0.21077864,-0.34462032,-0.24113448,0.3460115,-0.12857094,-0.31680623,-0.3425869,-0.5727249,-0.12682803,-0.167714,-0.4475978,-0.051374137,0.2380231,-0.5603066,0.08246755,0.2162366,-0.5215993,0.036280185,-0.3690212,-0.533364,-0.31557167,-0.10663921,0.31943196,0.23228599,0.086316496,0.95872027,0.66002744,0.21943197,0.5967014,0.0070862835,-0.4857968,0.62836444,-0.28027755,-0.1240684,-0.2153538,0.028364424,-0.40605822,0.19597517,-0.26139593,0.12669413,0.25298315,0.1718648,-0.0797692,0.36569196,-0.25653028,0.34651983,0.36300495,-0.041788083,0.3725184,-0.5257387,-0.054279003,-0.4287888,-0.3528992,-0.52356005,-0.21266681,0.15051402,-0.02181713,-0.15718387,-0.38071328,0.057122596,-0.7981425,0.50156707,-0.2545695,-0.3311853,-0.5029355,-0.3078738,-0.24316789,-0.49698052,-0.26408294,-0.53670454,-0.6815847,-0.29008147,-0.100974716,-0.4375034,0.11957721,-0.39342207,-0.6244315,0.19546682,0.65835714,-0.16952954,0.38980234,-0.3170967,-0.46110544,0.13417415,0.56024534,-0.43459854,-0.34585488,-0.16350195,-0.58499795,-0.07831676,0.119359344,-0.5460728,0.10178491,-0.34432983,-0.46858546,0.694668,-0.31644312,0.38072464,0.21463893,0.2480449,0.067797974,0.05966435,-0.4979246,-0.1609602,0.32487857,0.27571374,0.42611316,-0.0240684,-0.5990139,-0.37090936,-0.7315484,-0.5149181,0.10258374,-0.5040248,0.6755685,-0.04883238,0.6341015,-0.19102556,-0.67926085,-0.53452593,-0.7227612,0.29902527,-0.4096893,-0.18855642,-0.3048963,-0.11528118,-0.1391737,0.23925766,-0.09029934,-0.54120713,0.35901076,-0.31716934,0.13591708,-0.24258693,0.24085535,-0.0048236656,0.3518212,0.23584445,0.09510371,0.029453749,-0.20794639,0.28980234,-0.038229622,-0.08768496,-0.036704566,-0.2377939,0.36692652,0.31158882,-0.10722018,-0.2568934,0.13991126,-0.14411198,0.145721,-0.5583458,0.6710659,-0.267714,-0.17497617,-0.26350194,-0.30148306,0.11471155,-0.073305875,0.040346995,-0.21106912,-0.028570943,-0.15318967,-0.08499796,-0.7004664,-0.13989992,0.16285971,0.09880742,-0.22297907,0.23780523,-0.1750488,0.06983138,0.20890182,0.30824822,0.52938116,-0.038955837,-0.044184595,0.031414535,0.13860407,-0.031911537,-0.16226739,-0.64803356,-0.042514298,-0.13249251,-0.20300813,-0.09639955,-0.0027902597,-0.41419187,-0.78870165,-0.12915191,-0.13902846,0.40055034,0.5111531,-0.3089631,0.36968613,0.1417268,-0.23619622,0.45995483,-0.09160653,0.02545956,0.33715165,0.116454475,-0.21499069,-0.58492535,0.07237314,0.19343342,-0.21106912,-0.6475978,0.26293233,-0.16459128,0.1128234,0.13686116,0.24114583,0.4856629,0.33598968,-0.40279025,0.21398534,-0.48572418,-0.112013206,0.15603326,-0.22283383,0.40461716,0.25792143,0.14804488,-0.2059856,-0.77359635,0.3380231,-0.0030807462,-0.25892678,-0.030459104,0.2732446,0.23090619,0.3028016,0.3625692,-0.17214392,0.084573574,0.20999114,-0.4307496,0.31630924,0.45922863,-0.16989265,0.0017122822,-0.078825116,0.24223515,0.48145086,0.2524748,0.47041234,-0.47926086,0.15116762,0.09895266,-0.19291371,0.04412332,-0.0023545297,-0.04483819,-0.11745983,-0.28340027,0.23359318,-0.22428626,0.22015817,-0.15239084,-0.42450413,0.44615674,-0.000902097,-0.112158455,-0.34164283,0.1759316,-0.16023397,-0.036995053,0.8631502,0.026694126,-0.07236179,0.41064474,-0.25384328,0.08914874,0.16278708,-0.51608,0.0829759,-0.26626158,-0.23125795,0.03831359,-0.18848379,-0.3401904,-0.34033564,-0.116225265,-0.14563704,-0.21520856,0.0883499,0.2554523,-0.5401904,-0.116152644,-0.05449687,0.5316324,0.036715914,0.054072484,-0.17592025,-0.22646491,0.447827,0.10498025,0.0059243375,0.084864065,-0.5566755,0.09764547,0.11333174,0.51405793,-0.14578228,-0.14825141,0.1718648,0.30861133,0.1943775,0.43010736,0.092925064,0.40367305,0.14368759,-0.13176629,0.06874206,0.07956268,-0.15747435,0.24179943,-0.36517224,0.31202456,0.30773988,-0.20438793,-0.0042426926,-0.11963848,-0.27926084,0.33344793,-0.20547727,0.18312114,-0.30046636,0.3433971,0.0015670388,-0.018694399,-0.11252156,0.16750748,-0.031112699,-0.1508658,0.23657067,-0.32457677,-0.69029933,0.32110226,-0.2522456,0.034464642,0.38682485,0.50556123,0.029453749,-0.3966174,-0.1626305,-0.03336397,-0.373088,-0.5411345,-0.6002485,-0.05812795,-0.17969657,0.003963553,-0.21194059,-0.5881933,-0.1250851,0.35320103,-0.24207857,0.38755107,-0.7103429,-0.024576752,0.065474086,0.02378926,0.14179944,0.37716618,0.08849514,0.29532158,0.5448495,-0.057982706,0.22451548,0.153782,-0.21484545,0.29699188,-0.16342933,0.3983717,-0.3595804,0.07237314,-0.19712578,0.5826854,0.72132015,0.4360623,0.11420321,-0.6322746,-1.0443299,-0.3486145,-0.51041555,0.21492942,0.017834287,0.009192311,-0.2261018,-0.7033712,-0.16430078,-0.0048236656,-0.4717808,0.04100059,0.5831938,-0.14948598,-0.45972562,0.75501657,0.37375295,-0.6917518,0.50505286,-0.106493965,0.17542325,-0.11273942,0.4685242,-0.078679875,-0.18804806,-0.26350194,-0.23445329,0.016672341,-0.42602918,0.066636026,-0.5051868,-0.16052446,-0.12820783,0.2547987,-0.4850706,0.5078851,-0.085796796,-0.32936978,-0.25892678,0.15567017,-0.1757024,-0.22464937,-0.2586363,0.018487882,-0.1928411,0.21035425,0.2038183,-0.022470724,0.04804489,0.17411606,-0.5191301,-0.20613086,-0.18507057,-0.14905025,0.2984443,0.43809572,-0.16698779,0.014566313,-0.42661017,0.5372969,0.5566142,-0.01738721,-0.4586363,0.76649076,0.2638764,0.015002042,0.75799406,0.48791417,-0.20068423,0.12742034,0.27535063,0.20592433,0.039838646,-0.43038648,0.49895266,-0.42021945,0.15668686,0.04797227,-0.52697325,0.3524748,-0.052753948,-0.0673509,0.28726056,0.15051402,0.09110952,-0.18390863,0.15232956,-0.10540464,-0.32784474,-0.01077864,-0.20395221,-0.31680623,0.6295264,-0.0213814,0.20258375,-0.036777187,-0.14607276,-0.20736542,-0.0048236656,-0.18136688,-0.70199144,0.44179943,0.04499478,-0.49436614,-0.20017588,0.18522717,0.15748571,0.030760938,-0.10032112,0.057122596,0.3575583,0.035408724,-0.063356705,0.25625113,0.032721724,0.0029468501,-0.18964574,-0.027989969,-0.19639955,-0.113465644,0.43983865,-0.10722018,-0.052681327,-0.47664648,-0.41484547,0.535554,0.31877837,-1.0434583,1.0601727,-0.5056225,-0.1663342,-1.5840539,1.8274204,0.4028016,-0.84425724,-1.0693843,0.14731868,0.8942323,1.0647478,0.44593886,-1.1589994,-0.62493986,0.9821044,-0.4042427,-0.00722018,-0.7096893,-0.022833833,0.88355684,1.2691778,-0.5245767,0.9275656,1.4925619,-1.5228338,-0.2664068,-0.06960217,1.8978634,0.9943775,0.5632228,-0.74157023,1.1110078,0.16322282,1.541872,-0.030386483,-0.7086726,-0.4046058,-0.42748162,0.7873332,1.8888582,1.301204,-0.64302266,0.9905285,-0.72893405,-0.35950777,-0.34803355,-0.9938578,-0.5344533,-0.19908656,1.2881321,0.2944501,-1.0632114,0.022772558,0.0028016067,1.0062875,-0.7042427,1.10331,-0.28289193,1.3396208,-0.3414976,0.14463167,-1.3380843,-0.5320568,0.28784156,-1.13242,-0.17918822,0.6474639,0.55973697,-0.045056056,0.82110226,-0.35050267,1.2957573,1.1250238,-1.2720714,0.7112257,-1.6507932,1.1918358,0.30941018,-0.6584911,0.2427435,1.3152925,-0.90620345,0.85094976,0.7245881,0.28479144,-1.35486,-0.5734511,0.31078997,0.50287426,0.91195196,0.5423804,-0.5329282,-1.1143371,0.2855903,0.15487133,0.28856775,1.3028016,-1.6499217,0.66866946,0.3923441,0.15036878,-0.9125942,1.1529832,-0.7392463,-0.7810764,-1.2200742,-0.5653901,-0.9321294,-0.12581132,0.35058665,0.8584298,0.88638914,-0.40809163,-0.0700379,-0.80511415,-0.0064213416,-1.5683676,-0.3834729,1.2164545,-0.018549155,-0.80671185,0.42771083,1.3394029,0.60193014,
0,0,0,0,0,0,0,0,0,0,0,0,0,0,0,0,0,0,0,0,0,0,0,0,0,0,0,0,0,0,0,0,0,0,0,0,0,0,0,0,0,0,0,0,0,0,0,0,0,0,0,0,0,0,0,0,0,0,0,0,0,0,0,0,0,0,0,0,0,0,0,1,0,0,0,0,0,0,0,0,0,0,0,0,0,0,0,0,0,0,0,0,0,0,0,0,0,0,0,0,0,0,0,0,0,0,0,0,0,0,0,0,0,0,0,0,0,0,0,0,0,0,0,0,0,0,0,0,0,0,0,0,0,0,0,0,0,0,0,0,0,0,0,0,0,0,0,0,0,0,0,0,0,0,0,0,0,0,0,0,0,0,0,0,0,0,0,0,0,0,0,0,0,0,0,0,0,0,0,0,0,0,0,0,0,0,0,0,0,0,0,0,0,0,0,0,0,0,0,0,0,0,0,0,0,0,0,0,0,0,0,0,0,0,0,0,0,0,0,0,0,0,0,0,0,0,0,0,0,0,0,0,0,0,0,0,0,0,0,0,0,0,0,0,0,0,0,0,0,0,0,0,0,0,0,0,0,0,0,0,0,0,0,0,0,0,0,0,0,0,0,0,0,0,0,0,0,0,0,0,0,0,0,0,0,0,0,0,0,0,0,0,0,0,0,0,0,0,0,0,0,0,0,0,0,0,0,0,0,0,0,0,0,0,0,0,0,0,0,0,0,0,0,0,0,0,0,0,0,0,0,0,0,0,0,0,0,0,0,0,0,0,0,0,0,0,0,0,0,0,0,0,0,0,0,0,0,0,0,0,0,0,0,0,0,0,0,0,0,0,0,0,0,0,0,0,0,0,0,0,0,0,0,0,0,0,0,0,0,0,0,0,0,0,0,0,0,0,0,0,0,0,0,0,0,0,0,0,0,0,0,0,0,0,0,0,0,0,0,0,0,0,0,0,0,0,0,0,0,0,0,0,0,0,0,0,0,0,0,0,0,0,0,0,0,0,0,0,0,0,0,0,0,0,0,0,0,0,0,0,0,0,0,0,0,0,0,0,0,0,0,0,0,0,0,0,0,0,0,0,0,0,0,0,0,0,0,0,0,0,0,0,0,0,0,0,0,0,0,0,0,0,0,0,0,0,0,0,0,0,0,0,0,0,0,0,0,0,0,0,0,0,0,0,0,0,0,0,0,0,0,0,0,0,0,0,0,0,0,0,0,0,0,0,0,0,0,0,0,0,0,0,0,0,0,0,0,0,0,0,0,0,0,0,0,0,0,0,0,0,0,0,0,0,0,0,0,0,0,0,0,0,0,0,0,0,0,0,0,0,0,0,0,0,0,0,0,0,0,0,0,0,0,0,0,0,0,0,0,0,0,0,0,0,0,0,0,0,0,0,0,0,0,0,0,0,0,0,0,0,0,0,0,0,0,0,0,0,0,0,0,0,0,0,0,0,0,0,0,0,0,0,0,0,0,0,0,0,0,0,0,0,0,0,0,0,0,0,0,0,0,0,0,0,0,0,0,0,0,0,0,0,0,0,0,0,0,0,0,0,0,0,0,0,0,0,0,0,0,0,0,0,0,0,0,0,0,0,0,0,0,0,0,0,0,0,0,0,0,0,0,0,0,0,0,0,0,0,0,0,0,0,0,0,0,0,0,0,0,0,0,0,0,0,0,0,0,0,0,0,0,0,0,0,0,0,0,0,0,0,0,0,0,0,0,0,0,0,0,0,0,0,0,0,0,0,0,0,0,0,0,0,0,0,0,0,0,0,0,0,0,0,0,0,0,0,0,0,0,0,0,0,0,0,0,0,0,0,0,0,0,0,0,0,0,0,0,0,0,0,0,0,0,0,0,0,0,0,0,0,0,0,0,0,0,0,0,0,0,0,0,0,0,0,0,0,0,0,0,0,0,0,0,0,0,0,0,0,0,0,0,0,0,0,0,0,0,0,0,0,0,0,0,0,0,0,0,0,0,0,0,0,0,0,0,0,0,0,0,0,0,0,0,0,0,0,0,0,0,0,0,0,0,0,0,0,0,0,0,0,0,0,0,0,0,0,0,0,0,0,0,0,0,0,0,0,0,0,0,0,0,0,0,0,0,0,0,0,0,0,0,0,0,0,0,0,0,0,0,0,0,0,0,0,0,0,0,0,0,0,0,0,0,0,0,0,0,0,0,0,0,0,0,0,0,0,0,0,0,0,0,0,0,0,0,0,0,0,0,0,0,0,0,0,0,0,0,0,0,0,0,0,0,0,0,0,0,0,0,0,0,0,0,0,0,0,0,0,0,0,0,0,0,0,0,0,0,0,0,0,0,0,0,0,0,0,0,0,0,0,0,0,0,0,0,0,0,0,0,0,0,0,0,0,0,0,0,0,0,0,0,0,0,0,0,0,0,0,0,0,0,0,0,0,0,0,0,0,0,0,0,0,0,0,0,0,0,0,0,0,0,0,0,0,0,0,0,0,0,0,0,0,0,0,0,0,0,0,0,0,0,0,0,0,0,0,0,0,0,0,0,0,0,0,0,0,0,0,0,0,0,0,0,0,0,0,0,0,0,0,0,0,0,0,0,0,0,0,0,0,0,0,0,0,0,0,0,0,0,0,0,0,0,0,0,0,0,0,0,0,0,0,0,0,0,0,0,0,0,0,0,0,0,0,0,0,0,0,0,0,0,0,0,0,0,0,0,0,0,0,0,0,0,0,0,0,0,0,0,0,0,0,0,0,0,0,0,0,0,0,0,0,0,0,0,0,0,0,0,0,0,0,0,0,0,0,0,0,0,0,0,0,0,0,0,0,0,0,0,0,0,0,0,0,0,0,0,0,0,0,0,0,0,0,0,0,0,0,0,0,0,0,0,0,0,0,0,0,0,0,0,0,0,0,0,0,0,0,0,0,0,0,0,0,0,0,0,0,0,0,0,0,0,0,0,0,0,0,0,0,0,0,0,0,0,0,0,0,0,0,0,0,0,0,0,0,0,0,0,0,0,0,0,0,0,0,0,0,0,0,0,0,0,0,0,0,0,0,0,0,0,0,0,0,0,0,0,0,0,0,0,0,0,0,0,0,0,0,0,0,0,0,0,0,0,0,0,0,0,0,0,0,0,0,0,0,0,0,0,0,0,0,0,0,0,0,0,0,0,0,0,0,0,0,0,0,0,0,0,0,0,0,0,0,0,0,0,0,0,0,0,0,0,0,0,0,0,0,0,0,0,0,0,0,0,0,0,0,0,0,0,0,0,0,0,0,0,0,0,0,0,0,0,0,0,0,0,0,0,0,0,0,0,0,0,0,0,0,0,0,0,0,0,0,0,0,0,0,0,0,0,0,0,0,0,0,0,0,0,0,0,0,0,0,0,0,0,0,0,0,0,0,0,0,0,0,0,0,0,0,0,0,0,0,0,0,0,0,0,0,0,0,0,0,0,0,0,0,0,0,0,0,0,0,0,0,0,0,0,0,0,0,0,0,0,0,0,0,0,0,0,0,0,0,0,0,0,0,0,0,0,0,0,0,0,0,0,0,0,0,0,0,0,0,0,0,0,0,0,0,0,0,0,0,0,0,0,0,0,0,0,0,0,0,0,0,0,0,0,0,0,0,0,0,0,0,0,0,0,0,0,0,0,0,0,0,0,0,0,0,0,0,0,0,0,0,0,0,0,0,0,0,0,0,0,0,0,0,0,0,0,0,0,0,0,0,0,0,0,0,0,0,0,0,0,0,0,0,0,0,0,0,0,0,0,0,0,0,0,0,0,0,0,0,0,0,0,0,0,0,0,0,0,0,0,0,0,0,0,0,0,0,0,0,0,0,0,0,0,0,0,0,0,0,0,0,0,0,0,0,0,0,0,0,0,0,0,0,0,0,0,0,0,0,0,0,0,0,0,0,0,0,0,0,0,0,0,0,0,0,0,0,0,0,0,0,0,0,0,0,0,0,0,0,0,0,0,0,0,0,0,0,0,0,0,0,0,0,0,0,0,0,0,0,0,0,0,0,0,0,0,0,0,0,0,0,0,0,0,0,0,0,0,0,0,0,0,0,0,0,0,0,0,0,0,0,0,0,0,0,0,0,0,0,0,0,0,0,0,0,0,0,0,0,0,0,0,0,0,0,0,0,0,0,0,0,0,0,0,0,0,0,0,0,0,0,0,0,0,0,0,0,0,0,0,0,0,0,0,0,0,0,0,0,0,0,0,0,0,0,0,0,0,0,0,0,0,0,0,0,0,0,0,0,0,0,0,0,0,0,0,0,0,0,0,0,0,0,0,0,0,0,0,0,0,0,0,0,0,0,0,0,0,0,0,0,0,0,0,0,0,0,0,0,0,0,0,0,0,0,0,0,0,0,0,0,0,0,0,0,0,0,0,0,0,0,0,0,0,0,0,0,0,0,0,0,0,0,0,0,0,0,0,0,0,0,0,0,0,0,0,0,0,0,0,0,0,0,0,0,0,0,0,0,0,0,0,0,0,0,0,0,0,0,0,0,0,0,0,0,0,0,0,0,0,0,0,0,0,0,0,0,0,0,0,0,0,0,0,0,0,0,0,0,0,0,0,0,0,0,0,0,0,0,0,0,0,0,0,0,0,0,0,0,0,0,0,0,0,0,0,0,0,0,0,0,0,0,0,0,0,0,0,0,0,0,0,0,0,0,0,0,0,0,0,0,0,0,0,0,0,0,0,0,0,0,0,0,0,0,0,0,0,0,0,0,0,0,0,0,0,0,0,0,0,0,0,0,0,0,0,0,0,0,0,0,0,0,0,0,0,0,0,0,0,0,0,0,0,0,0,0,0,0,0,0,0,0,0,0,0,0,0,0,0,0,0,0,0,0,0,0,0,0,0,0,0,0,0,0,0,0,0,0,0,0,0,0,0,0,0,0,0,0,0,0,0,0,0,0,0,0,0,0,0,0,0,0,0,0,0,0,0,0,0,0,0,0,0,0,0,0,0,0,0,0,0,0,0,0,0,0,0,0,0,0,0,0,0,0,0,0,0,0,0,0,0,0,0,0,0,0,0,0,0,0,0,0,0,0,0,0,0,0,0,0,0,0,0,0,0,0,0,0,0,0,0,0,0,0,0,0,0,0,0,0,0,0,0,0,0,0,0,0,0,0,0,0,0,0,0,0,0,0,0,0,0,0,0,0,0,0,0,0,0,0,0,0,0,0,0,0,0,0,0,0,0,0,0,0,0,0,0,0,0,0,0,0,0,0,0,0,0,0,0,0,0,0,0,0,0,0,0,0,0,0,0,0,0,0,0,0,0,0,0,0,0,0,0,0,0,0,0,0,0,0,0,0,0,0,0,0,0,0,0,0,0,0,0,0,0,0,0,0,0,0,0,0,0,0,0,0,0,0,0,0,0,0,0,0,0,0,0,0,0,0,0,0,0,0,0,0,0,0,0,0,0,0,0,0,0,0,0,0,0,0,0,0,0,0,0,0,0,0,0,0,0,0,0,0,0,0,0,0,0,0,0,0,0,0,0,0,0,0,0,0,0,0,0,0,0,0,0,0,0,0,0,0,0,0,0,0,0,0,0,0,0,0,0,0,0,0,0,0,0,0,0,0,0,0,0,0,0,0,0,0,0,0,0,0,0,0,0,0,0,0,0,0,0,0,0,0,0,0,0,0,0,0,0,0,0,0,0,0,0,0,0,0,0,0,0,0,0,0,0,0,0,0,0,0,0,0,0,0,0,0,0,0,0,0,0,0,0,0,0,0,0,0,0,0,0,0,0,0,0,0,0,0,0,0,0,0,0,0,0,0,0,0,0,0,0,0,0,0,0,0,0,0,0,0,0,0,0,0,0,0,0,0,0,0,0,0,0,0,0,0,0,0,0,0,0,0,0,0,0,0,0,0,0,0,0,0,0,0,0,0,0,0,0,0,0,0,0,0,0,0,0,0,0,0,0,0,0,0,0,0,0,0,0,0,0,0,0,0,0,0,0,0,0,0,0,0,0,0,0,0,0,0,0,0,0,0,0,0,0,0,0,0,0,0,0,0,0,0,0,0,0,0,0,0,0,0,0,0,0,0,0,0,0,0,0,0,0,0,0,0,0,0,0,0,0,0,0,0,0,0,0,0,0,0,0,0,0,0,0,0,0,0,0,0,0,0,0,0,0,0,0,0,0,0,0,0,0,0,0,0,0,0,0,0,0,0,0,0,0,0,0,0,0,0,0,0,0,0,0,0,0,0,0,0,0,0,0,0,0,0,0,0,0,0,0,0,0,0,0,0,0,0,0,0,0,0,0,0,0,0,0,0,0,0,0,0,0,0,0,0,0,0,0,0,0,0,0,0,0,0,0,0,0,0,0,0,0,0,0,0,0,0,0,0,0,0,0,0,0,0,0,0,0,0,0,0,0,0,0,0,0,0,0,0,0,0,0,0,0,0,0,0,0,0,0,0,0,0,0,0,0,0,0,0,0,0,0,0,0,0,0,0,0,0,0,0,0,0,0,0,0,0,0,0,0,0,0,0,0,0,0,0,0,0,0,0,0,0,0,0,0,0,0,0,0,0,0,0,0,0,0,0,0,0,0,0,0,0,0,0,0,0,0,0,0,0,0,0,0,0,0,0,0,0,0,0,0,0,0,0,0,0,0,0,0,0,0,0,0,0,0,0,0,0,0,0,0,0,0,0,0,0,0,0,0,0,0,0,0,0,0,0,0,0,0,0,0,0,0,0,0,0,0,0,0,0,0,0,0,0,0,0,0,0,0,0,0,0,0,0,0,0,0,0,0,0,0,0,0,0,0,0,0,0,0,0,0,0,0,0,0,0,0,0,0,0,0,0,0,0,0,0,0,0,0,0,0,0,0,0,0,0,0,0,0,0,0,0,0,0,0,0,0,0,0,0,0,0,0,0,0,0,0,0,0,0,0,0,0,0,0,0,0,0,0,0,0,0,0,0,0,0,0,0,0,0,0,0,0,0,0,0,0,0,0,0,0,0,0,0,0,0,0,0,0,0,0,0,0,0,0,0,0,0,0,0,0,0,0,0,0,0,0,0,0,0,0,0,0,0,0,0,0,0,0,0,0,0,0,0,0,0,0,0,0,0,0,0,0,0,0,0,0,0,0,0,0,0,0,0,0,0,0,0,0,0,0,0,0,0,0,0,0,0,0,0,0,0,0,0,0,0,0,0,0,0,0,0,0,0,0,0,0,0,0,0,0,0,0,0,0,0,0,0,0,0,0,0,0,0,0,0,0,0,0,0,0,0,0,0,0,0,0,0,0,0,0,0,0,0,0,0,0,0,0,0,0,0,0,0,0,0,0,0,0,0,0,0,0,0,0,0,0,0,0,0,0,0,0,0,0,0,0,0,0,0,0,0,0,0,0,0,0,0,0,0,0,0,0,0,0,0,0,0,0,0,0,0,0,0,0,0,0,0,0,0,0,0,0,0,0,0,0,0,0,0,0,0,0,0,0,0,0,0,0,0,0,0,0,0,0,0,0,0,0,0,0,0,0,0,0,0,0,0,0,0,0,0,0,0,0,0,0,0,0,0,0,0,0,0,0,0,0,0,0,0,0,0,0,0,0,0,0,0,0,0,0,0,0,0,0,0,0,0,0,0,0,0,0,0,0,0,0,0,0,0,0,0,0,0,0,0,0,0,0,0,0,0,0,0,0,0,0,0,0,0,0,0,0,0,0,0,0,0,0,0,0,0,0,0,0,0,0,0,0,0,0,0,0,0,0,0,0,0,0,0,0,0,0,0,0,0,0,0,0,0,0,0,0,0,0,0,0,0,0,0,0,0,0,0,0,0,0,0,0,0,0,0,0,0,0,0,0,0,0,0,0,0,0,0,0,0,0,0,0,0,0,0,0,0,0,0,0,0,0,0,0,0,0,0,0,0,0,0,0,0,0,0,0,0,0,0,0,0,0,0,0,0,0,0,0,0,0,0,0,0,0,0,0,0,0,0,0,0,0,0,0,0,0,0,0,0,0,0,0,0,0,0,0,0,0,0,0,0,0,0,0,0,0,0,0,0,0,0,0,0,0,0,0,0,0,0,0,0,0,0,0,0,0,0,0,0,0,0,0,0,0,0,0,0,0,0,0,0,0,0,0,0,0,0,0,0,0,0,0,0,0,0,0,0,0,0,0,0,0,0,0,0,0,0,0,0,0,0,0,0,0,0,0,0,0,0,0,0,0,0,0,0,0,0,0,0,0,0,0,0,0,0,0,0,0,0,0,0,0,0,0,0,0,0,0,0,0,0,0,0,0,0,0,0,0,0,0,0,0,0,0,0,0,0,0,0,0,0,0,0,0,0,0,0,0,0,0,0,0,0,0,0,0,0,0,0,0,0,0,0,0,0,0,0,0,0,0,0,0,0,0,0,0,0,0,0,0,0,0,0,0,0,0,0,0,0,0,0,0,0,0,0,0,0,0,0,0,0,0,0,0,0,0,0,0,0,0,0,0,0,0,0,0,0,0,0,0,0,0,0,0,0,0,0,0,0,0,0,0,0,0,0,0,0,0,0,0,0,0,0,0,0,0,0,0,0,0,0,0,0,0,0,0,0,0,0,0,0,0,0,0,0,0,0,0,0,0,0,0,0,0,0,0,0,0,0,0,0,0,0,0,0,0,0,0,0,0,0,0,0,0,0,0,0,0,0,0,0,0,0,0,0,0,0,0,0,0,0,0,0,0,0,0,0,0,0,0,0,0,0,0.19574995,0.59081906,-0.17760986,-0.43878302,-0.18919255,-0.2306255,-0.21685864,0.5472681,0.24082318,-0.18866305,-0.7850062,-0.1302201,-0.26491025,0.11506823,-0.18661126,-0.2702052,0.07667988,-0.13240427,-0.39284936,0.584068,-0.1477596,0.05179364,-0.20765866,-0.19415656,-0.040007472,0.42892608,0.047690053,0.21335565,-0.18449329,0.28152806,-0.6186126,-0.091567,-0.14544307,-0.38629687,-0.09083895,-0.35571855,-0.089912325,-0.24498802,-0.120556824,-0.19660547,0.3600918,-0.19653928,-0.107187085,0.19528665,0.18767516,0.499746,-0.2316183,0.047226746,0.3249466,0.07125256,-0.11241584,-0.138692,-0.2702714,-0.080249056,0.2708058,-0.21361548,0.13201205,-0.22526436,-0.16086459,-0.19819395,-0.20329034,0.17768095,-0.2235435,-0.3885472,0.16172993,0.08753452,0.11341356,0.03451888,0.05735333,0.06900221,-0.12849924,-0.12128488,0.031672847,0.03657067,0.086343154,0.010757813,0.080783464,0.017972175,-0.034183033,0.0070513515,0.54812855,0.03901958,0.07370147,-0.032925483,0.17675434,-0.05437001,0.20885494,-0.24445854,-0.12803593,-0.4599628,0.06615618,-0.21493922,0.014530461,-0.040603153,0.4293894,-0.20944571,0.20296432,-0.27212462,-0.01697446,0.12301065,-0.15623151,0.13988829,0.114207804,-0.006119824,0.31985024,0.017310308,-0.19548029,-0.06780593,0.25200874,0.11652434,0.12631999,-0.073762745,0.065759055,0.2522735,0.2090535,0.137307,0.045241144,-0.3461215,0.09812441,0.18568955,-0.054502383,-0.20666586,-0.011282396,0.09977908,0.16927522,-0.082764156,0.070723064,-0.030410385,-0.27152893,0.22778437,0.28179282,-0.032065053,-0.022931274,0.35420117,0.16517165,-0.3621387,0.16404647,-0.05668655,-0.27993467,-0.15020852,-0.08971377,0.15961196,-0.2888699,-0.16662285,0.22924048,0.16000907,0.304892,0.12896746,0.050800834,0.3314329,-0.25756353,0.019031165,-0.08468357,-0.03921323,-0.29740798,0.12433438,0.03696779,-0.09030945,0.082173385,-0.34479773,0.13863073,0.24982458,0.1021618,-0.03590389,-0.07660878,-0.033057857,-0.08236703,0.25948787,-0.028292406,0.25214112,-0.11651943,-0.18647888,0.49153882,-0.25544554,0.44421524,0.21587074,0.14869113,0.047888614,-0.17284441,0.23930088,-0.1703293,-0.19217095,0.028959187,-0.053178646,0.18105648,-0.24055351,-0.29555476,-0.0680045,0.0025506485,0.0063232966,-0.005722703,0.077143185,-0.07832964,0.011353495,0.058875624,-0.015452164,0.26948208,0.1955514,-0.04027222,-0.059466396,0.06522956,0.14802927,-0.13094816,0.18363777,-0.04622903,0.10394885,0.039615262,-0.13564742,0.0760842,-0.078792945,0.11566391,-0.12955824,-0.06390091,-0.2592182,0.14068252,0.38305864,-0.13141146,0.2596864,0.07317198,0.16669394,0.31740132,0.154317,-0.027829098,-0.24452472,0.02161245,-0.11122448,-0.16675521,0.017310308,0.023399495,0.13240917,-0.10420868,-0.07422605,-0.052450594,0.2974129,0.02015634,0.06311158,0.03094479,-0.15954086,0.120561734,-0.2958195,-0.05231822,-0.06787212,-0.1803897,-0.31461656,0.12962933,0.17920326,0.30118555,0.0725763,0.18615286,0.062383525,-0.037029065,0.104213595,-0.01803345,-0.09421447,0.18337302,0.38286006,-0.31984532,0.044115968,-0.20693061,0.1328063,0.36373207,0.013339099,0.043123163,0.16000907,-0.03590389,-0.11155541,-0.13948625,0.020288713,-0.24419379,-0.17019694,0.11036897,-0.2105047,-0.16119553,-0.1382287,-0.08031524,-0.13836108,-0.19104578,0.09349133,0.24856703,-0.16781421,0.07595182,0.040872812,0.05609578,0.25042027,0.010890187,0.04755768,-0.07396131,-0.031204626,-0.23850173,-0.13637547,-0.069063485,-0.41310254,0.018567856,0.1447861,0.20044921,-0.12651363,0.32130635,-0.0157831,-0.18687601,0.08965249,-0.0503988,-0.19084722,0.17834282,-0.22837514,-0.19859107,0.3270646,-0.077998705,-0.16165884,0.2371829,-0.32778773,-0.2914512,0.4716166,0.05530154,0.23341025,0.01810455,0.08402661,-0.08977996,-0.019026252,-0.33407548,-0.09011089,-0.3340093,0.015258516,0.03868865,-0.049869306,-0.032859296,0.24181597,0.29125753,0.029290121,0.026576461,0.081048205,-0.010024846,0.018832603,-0.15146606,-0.09904611,0.027834011,-0.013598934,0.010228319,-0.07872675,0.07118637,0.079393536,-0.12631507,0.06893602,-0.05748079,-0.03775712,0.015523263,-0.028888088,0.022406692,-0.03630101,-0.063172854,0.099712886,-0.03299167,0.03577643,-0.2987979,0.10864811,-0.087661974,0.10613301,0.14094727,-0.14464882,-0.032859296,-0.18965586,-0.0028104833,-0.3069389,-0.112151094,0.12208403,-0.024850693,-0.081043296,-0.1668214,-0.059863515,-0.05476713,-0.017901076,-0.054502383,-0.08223466,-0.1312129,-0.15265742,-0.09282455,0.35506162,-0.26246133,-0.193958,0.0061247363,0.007316099,-0.04106646,0.030216737,-0.20759249,-0.10116409,-0.06529083,-0.079322435,0.04960947,0.13750556,0.32382143,0.10017619,0.06059648,0.3385149,0.056426715,0.046829626,0.07754031,0.21580456,0.0021535275,-0.16371062,0.19389673,0.098389156,0.15815584,0.13393147,0.20435424,0.00023410999,0.023465682,-0.085146874,-0.09851661,0.0055952417,0.44123685,0.3907363,0.33580124,-0.050994482,-0.1336618,0.1257243,0.119238,-0.12075538,0.22560021,0.04921235,-0.10003891,0.09534456,0.08204101,-0.115526624,-0.20494501,-0.1091065,0.018236922,0.09951433,0.16351697,-0.17416814,-0.14398696,0.03259946,0.037563473,-0.032859296,0.17907088,-0.07839582,0.14187388,0.118907064,-0.052384406,-0.02365933,0.08839495,-0.15371642,0.050138965,0.10745674,-0.04543479,0.095013626,-0.20865147,-0.09110369,-0.024718318,-0.07455699,-0.23506,0.111957446,-0.13094816,0.08243813,-0.230096,0.022936186,-0.16913794,0.08164389,-0.23095642,-0.11744604,-0.058275033,0.06834034,-0.0066493186,0.19621326,-0.007973054,0.07581945,0.08674027,0.1182452,0.16848099,-0.10440724,-0.120292075,0.35519397,0.045638263,0.03425413,0.12962933,-0.09533965,-0.08726486,-0.39735007,-0.28410444,-0.077072084,0.06946552,0.029885802,-0.030211823,0.033923198,-0.010686714,0.2191139,-0.0066493186,-0.102156885,-0.16463724,-0.35161498,-0.096597195,-0.18515515,-0.09646482,0.12645236,-0.15470922,-0.15457684,-0.033124045,-0.086602986,-0.1944213,-0.01948956,-0.00433278,0.16245799,0.1874766,-0.36948544,-0.023725515,-0.313359,-0.008303989,0.07370147,-0.04900888,0.11963512,-0.007575934,0.372204,-0.06621745,0.14650697,0.07277486,-0.24849594,0.2894705,-0.081837535,0.0760842,0.34784725,0.0040067583,0.08568128,-0.0023471757,-0.022070846,-0.08627205,-0.306277,0.0049995603,-0.26841816,-0.06813686,0.45321664,0.1463084,0.06086123,0.15345658,0.21878296,-0.011547143,0.18906508,-0.09203031,-0.04192689,0.21779016,-0.0010896262,-0.1648358,-0.14339127,-0.17575662,-0.06681313,-0.024188824,0.1644436,0.02015634,-0.052185845,0.06019936,-0.2250658,-0.09891374,0.07919498,-0.007112626,0.07164968,0.03471744,0.04821955,-0.3651833,0.21937865,-0.1221453,0.08965249,-0.015584538,0.02472323,0.024193736,-0.21805,0.18502769,-0.35836604,-0.11102592,0.22076857,-0.20070904,-0.12691076,0.08700502,-0.12472659,-0.1799264,-0.09759,0.13856454,0.076282755,-0.07104909,0.11295025,0.006588044,-0.10334825,0.039813824,0.011485868,0.18317446,-0.2948267,0.06383964,0.025914593,0.029621055,-0.033852097,0.01373622,-0.17714655,-0.08739723,0.17549679,0.009500263,0.24400014,-0.16331351,0.28305036,-0.072174266,0.09038055,0.07694463,-0.38034007,0.059934616,-0.17079261,0.22354841,0.03259946,0.08733595,-0.08117567,-0.23433195,0.06344251,0.09594024,-0.043250624,0.21183334,-0.09904611,-0.14756104,0.08084965,-0.23294203,0.015258516,-0.026836297,0.18185072,-0.12042445,-0.18211056,-0.13326469,0.18443201,-0.043780122,0.07979066,0.04418215,0.06476625,-0.01181189,-0.19197239,0.1061992,-0.07270376,-0.2435981,0.13254155,0.3380516,-0.24432616,0.086872645,0.16808386,0.021281516,-0.07224045,0.0193621,-0.04960456,0.12162072,0.09243234,0.13221061,-0.113607205,-0.07144621,-0.1407438,0.091042414,0.14994869,-0.026439175,0.16000907,-0.15259124,0.0564929,-0.03921323,0.21348801,-0.12088776,0.24737567,0.1247315,0.05920656,0.18853559,0.3600256,0.01618513,0.16179612,-0.18303718,0.082967624,-0.09348641,0.093623705,0.019163538,0.26061302,0.069068395,-0.004266593,-0.012539945,0.012412484,0.36359972,0.32627034,-0.12439566,0.081048205,0.18562338,0.041005187,0.2671655,-0.1306834,-0.0059874505,0.03551168,0.09739635,0.0866079,-0.046758525,-0.14405315,-0.04629522,-0.042853504,-0.066283636,0.076282755,0.173445,-0.05933402,-0.1166518,-0.14028049,0.13135019,-0.083558396,-0.0840217,-0.015319791,0.059008,-0.1658286,-0.21440972,-0.15940848,-0.009561538,0.18463057,0.13413003,0.095013626,-0.21851331,-0.1893911,0.051396515,-0.055031877,0.023333307,0.21123767,-0.1833681,0.13638039,0.12493006,-0.14206754,-0.046361405,-0.05688511,-0.06337142,0.061655473,-0.102421634,0.042262737,0.009301703,0.2852345,0.107522935,0.06476625,-0.016114032,0.11546535,-0.11287915,-0.109437436,0.016383693,0.038092967,0.3405005,-0.03921323,-0.0770059,0.054374922,0.009698824,-0.03153556,0.1573616,-0.057944097,0.09680067,0.20356,0.11963512,-0.043515373,-0.11466619,-0.11923309,-0.09348641,-0.17284441,0.12155454,-0.060790133,-0.08481594,-0.08706629,0.16345079,0.07760649,0.122547336,0.155376,0.1352552,0.08832876,0.0675461,0.08084965,-0.08236703,-0.06165056,0.040872812,-0.070453405,-0.14008193,-0.17496239,0.13267392,-0.16788039,0.26656985,-0.27755195,0.06231734,0.02101677,0.0024844615,-0.20335652,0.27199715,0.14333,0.045572076,-0.031204626,-0.18522134,0.13260773,0.06390582,0.08012159,-0.15570202,0.019626847,-0.080249056,-0.016643528,0.048947603,-0.041000273,0.08237194,-0.025711121,-0.0034723515,0.1382998,0.057882823,-0.004465154,0.15378751,0.16398029,0.039813824,-0.23188303,-0.16371062,-0.36478615,0.13803506,-0.10738565,-0.11347483,-0.009098231,-0.34737903,-0.15748906,-0.035837702,0.11685527,-0.09527346,-0.032660734,-0.23280966,0.07290723,-0.06449659,-0.030608945,-0.068732545,0.035048373,-0.2249996,0.18932983,-0.022137033,-0.038286615,-0.23386864,0.14094727,-0.046162844,0.20713408,-0.19435512,0.07667988,-0.1421999,-0.12154962,-0.22969888,-0.15901136,0.13386528,0.103882656,-0.019886682,0.09991145,-0.054899506,0.1342624,-0.026505362,-0.0035385382,-0.037359998,0.11897325,0.16947378,0.03385701,-0.20825435,0.26597416,0.062648274,0.30118555,0.15550837,-0.13458842,0.115332976,0.07098781,-0.1071209,-0.068732545,-0.09725907,-0.23486145,-0.10202452,0.06383964,-0.023526955,0.03220234,-0.009826286,0.15842059,0.008441275,-0.15199555,0.0020873407,0.32613796,-0.029549956,0.052587878,-0.20375365,0.08614459,0.01956066,-0.16874082,0.04967566,-0.06701169,-0.0016191207,0.07138494,0.08336475,0.10394885,0.14968394,0.1227459,-0.072372824,0.13638039,-0.036830503,-0.016709713,0.082702875,0.06231734,-0.10288494,0.29423594,0.17258456,0.20356,0.05152889,-0.02902046,0.24499294,0.15881771,0.10394885,0.037100166,0.07092162,-0.10817989,0.07138494,-0.30965254,-0.035771515,-0.19759828,0.0075146593,0.05172745,-0.016246406,-0.1352503,-0.23102261,-0.0063183843,0.10964091,-0.115592815,-0.044441987,0.10593445,-0.014128428,-0.13644166,0.08899063,0.017244121,-0.28291306,-0.12876399,-0.111356854,-0.065687954,0.19661038,0.010956374,0.0630454,0.24558863,0.10097044,-0.23684706,-0.035440583,-0.27986848,-0.1086432,0.017045561,-0.2335377,-0.1813825,-0.06304048,0.014199527,-0.0484132,0.023862801,0.43905267,-0.16668902,0.023598054,-0.09527346,0.15008105,0.03114335,-0.1809192,0.17946799,0.2306304,0.16676013,0.022539066,0.09382226,0.0021535275,-0.11810791,0.32792503,0.070193574,0.04550589,-0.24042115,-0.049207438,0.073238164,0.10097044,0.21501032,0.050734647,-0.20924716,-0.13147764,-0.069659166,-0.018761504,-0.08177135,-0.09864899,-0.17304297,0.12499625,-0.11327627,-0.3179921,0.046035383,0.043652657,0.033327516,0.3299768,0.069862634,-0.060459197,0.121223606,-0.052781526,0.037960593,0.17463636,-0.14914952,0.23625629,0.12301065,0.18516007,0.112222195,-0.12591796,0.08071727,-0.2837735,0.11817901,-0.071578585,-0.1708588,0.0053966814,-0.05066355,-0.037690934,-0.25385708,-0.2737131,-0.023063648,0.019626847,-0.14167042,-0.003670912,-0.01181189,-0.053708144,-0.069659166,-0.048677944,0.03571024,-0.2130198,-0.11440145,-0.015319791,0.017177934,0.053977802,-0.1281683,0.2316232,-0.029682329,0.084423736,0.01664844,0.1342624,-0.15080419,0.17781332,-0.051987287,-0.16887319,0.042990793,0.1287689,-0.047949888,-0.03027801,0.10447834,-0.2165277,-0.0020824284,-0.08918428,-0.16086459,1.3133143,-0.64574915,-0.8536419,0.45712167,0.15696448,0.74364436,0.32263008,0.02141389,-0.23644993,-0.8911037,0.40854055,-0.29343677,1.4328476,-0.31832302,-0.33017045,0.21017867,-0.3199777,-0.17026311,-0.57102424,-0.012539945,-0.06833543,0.80023414,0.034055572,0.120296985,-0.62066436,-0.17310914,-0.16675521,-0.3078655,0.62536854,-0.4974907,0.11314881,0.8007636,-0.5830703,-0.576253,-0.64442545,-1.1985414,0.008308901,0.09686685,0.58320755,-0.4925267,-0.14438407,0.69923306,0.81658226,0.18846941,0.94816166,0.13346817,0.15458176,0.244662,-0.6333061,-0.11572518,0.20342763,0.071318746,-0.14345746,-0.44851246,0.2040233,-0.11268059,0.034585066,-0.1838976,-0.25432038,-0.16999838,0.25406054,0.39225858,0.6713022,0.50609994,0.117252395,-0.5824746,0.5411127,0.20236863,-0.5417697,-0.45705056,-0.38556883,0.04927854,0.3451336,-0.6348283,-0.6821519,0.23632246,1.1349409,0.09560931,-0.24280387,-0.6083536,-0.3460553,-1.0131521,0.6493944,0.1317473,-0.16007034,-0.0028104833,0.1322768,0.38206583,0.23751383,0.64403325,0.75244725,1.0704087,0.26809213,-0.32216185,-0.590417,-0.332487,-0.4442765,-0.6640167,0.76998675,-0.0034723515,-0.08230084,0.40364274,-0.08428645,-0.013334187,0.51046824,0.7791867,0.36929178,-0.19058247,0.11692146,0.29152226,0.7234574,0.6225887,0.34705302,-1.2303112,-0.056620363,-0.13882439,0.42568293,-0.308395,-0.270139,-0.133728,0.38583848,-0.2641822,-0.3535344,-0.05556137,0.72021425,0.5133143,-0.05556137,0.41469592,
0,0,1,0,0,0,0,0,0,0,0,0,0,0,0,0,0,0,0,0,0,0,0,0,0,0,0,0,0,0,1,0,0,0,0,0,0,0,0,0,0,0,0,0,0,0,0,0,0,0,0,0,0,0,0,0,0,0,0,0,0,0,0,0,0,0,0,0,0,0,0,0,0,0,0,0,0,0,0,0,0,0,0,0,0,0,0,0,0,0,0,0,0,0,0,0,0,0,0,0,0,0,0,0,0,0,0,0,0,0,0,0,0,0,0,0,0,0,0,0,0,0,0,0,0,0,0,0,0,0,0,0,0,0,0,0,0,0,0,0,0,0,0,0,0,0,0,0,0,0,0,0,0,0,0,0,0,0,0,0,0,0,0,0,0,0,0,0,0,0,0,0,0,0,0,0,0,0,0,0,0,0,0,0,0,0,0,0,0,0,0,0,0,0,0,0,0,0,0,0,0,0,0,0,0,0,0,0,0,0,0,0,0,0,0,0,0,0,0,0,0,0,0,0,0,0,0,0,0,0,0,0,0,0,0,0,0,0,0,0,0,0,0,0,0,0,0,0,0,0,0,0,0,0,0,0,0,0,0,0,0,0,0,0,0,0,0,0,0,0,0,0,0,0,0,0,0,0,0,0,0,0,0,0,0,0,0,0,0,0,0,0,0,0,0,0,0,0,0,0,0,0,0,0,0,0,0,0,0,0,0,0,0,0,0,0,0,0,0,0,0,0,0,0,0,0,0,0,0,0,0,0,0,0,0,0,0,0,0,0,0,0,0,0,0,0,0,0,0,0,0,0,0,0,0,0,0,0,0,0,0,0,0,0,0,0,0,0,0,0,0,0,0,0,0,0,0,0,0,0,0,0,0,0,0,0,0,0,0,0,0,0,0,0,0,0,0,0,0,0,0,0,0,0,0,0,0,0,0,0,0,0,0,0,0,0,0,0,0,0,0,0,0,0,0,0,0,0,0,0,0,0,0,0,0,0,0,0,0,0,0,0,0,0,0,0,0,0,0,0,0,0,0,0,0,0,0,0,0,0,0,0,0,0,0,0,0,0,0,0,0,0,0,0,0,0,0,0,0,0,0,0,0,0,0,0,0,0,0,0,0,0,0,0,0,0,0,0,0,0,0,0,0,0,0,0,0,0,0,0,0,0,0,0,0,0,0,0,0,0,0,0,0,0,0,0,0,0,0,0,0,0,0,0,0,0,0,0,0,0,0,0,0,0,0,0,0,0,0,0,0,0,0,0,0,0,0,0,0,0,0,0,0,0,0,0,0,0,0,0,0,0,0,0,0,0,0,0,0,0,0,0,0,0,0,0,0,0,0,0,0,0,0,0,0,0,0,0,0,0,0,0,0,0,0,0,0,0,0,0,0,0,0,0,0,0,0,0,0,0,0,0,0,0,0,0,0,0,0,0,0,0,0,0,0,0,0,0,0,0,0,0,0,0,0,0,0,0,0,0,0,0,0,0,0,0,0,0,0,0,0,0,0,0,0,0,0,0,0,0,0,0,0,0,0,0,0,0,0,0,0,0,0,0,0,0,0,0,0,0,0,0,0,0,0,0,0,0,0,0,0,0,0,0,0,0,0,0,0,0,0,0,0,0,0,0,0,0,0,0,0,0,0,0,0,0,0,0,0,0,0,0,0,0,0,0,0,0,0,0,0,0,0,0,0,0,0,0,0,0,0,0,0,0,0,0,0,0,0,0,0,0,0,0,0,0,0,0,0,0,0,0,0,0,0,0,0,0,0,0,0,0,0,0,0,0,0,0,0,0,0,0,0,0,0,0,0,0,0,0,0,0,0,0,0,0,0,0,0,0,0,0,0,0,0,0,0,0,0,0,0,0,0,0,0,0,0,0,0,0,0,0,0,0,0,0,0,0,0,0,0,0,0,0,0,0,0,0,0,0,0,0,0,0,0,0,0,0,0,0,0,0,0,0,0,0,0,0,0,0,0,0,0,0,0,0,0,0,0,0,0,0,0,0,0,0,0,0,0,0,0,0,0,0,0,0,0,0,0,0,0,0,0,0,0,0,0,0,0,0,0,0,0,0,0,0,0,0,0,0,0,0,0,0,0,0,0,0,0,0,0,0,0,0,0,0,0,0,0,0,0,0,0,0,0,0,0,0,0,0,0,0,0,0,0,0,0,0,0,0,0,0,0,0,0,0,0,0,0,0,0,0,0,0,0,0,0,0,0,0,0,0,0,0,0,0,0,0,0,0,0,0,0,0,0,0,0,0,0,0,0,0,0,0,0,0,0,0,0,0,0,0,0,0,0,0,0,0,0,0,0,0,0,0,0,0,0,0,0,0,0,0,0,0,0,0,0,0,0,0,0,0,0,0,0,0,0,0,0,0,0,0,0,0,0,0,0,0,0,0,0,0,0,0,0,0,0,0,0,0,0,0,0,0,0,0,0,0,0,0,0,0,0,0,0,0,0,0,0,0,0,0,0,0,0,0,0,0,0,0,0,0,0,0,0,0,0,0,0,0,0,0,0,0,0,0,0,0,0,0,0,0,0,0,0,0,0,0,0,0,0,0,0,0,0,0,0,0,0,0,0,0,0,0,0,0,0,0,0,0,0,0,0,0,0,0,0,0,0,0,0,0,0,0,0,0,0,0,0,0,0,0,0,0,0,0,0,0,0,0,0,0,0,0,0,0,0,0,0,0,0,0,0,0,0,0,0,0,0,0,0,0,0,0,0,0,0,0,0,0,0,0,0,0,0,0,0,0,0,0,0,0,0,0,0,0,0,0,0,0,0,0,0,0,0,0,0,0,0,0,0,0,0,0,0,0,0,0,0,0,0,0,0,0,0,0,0,0,0,0,0,0,0,0,0,0,0,0,0,0,0,0,0,0,0,0,0,0,0,0,0,0,0,0,0,0,0,0,0,0,0,0,0,0,0,0,0,0,0,0,0,0,0,0,0,0,0,0,0,0,0,0,0,0,0,0,0,0,0,0,0,0,0,0,0,0,0,0,0,0,0,0,0,0,0,0,0,0,0,0,0,0,0,0,0,0,0,0,0,0,0,0,0,0,0,0,0,0,0,0,0,0,0,0,0,0,0,0,0,0,0,0,0,0,0,0,0,0,0,0,0,0,0,0,0,0,0,0,0,0,0,0,0,0,0,0,0,0,0,0,0,0,0,0,0,0,0,0,0,0,0,0,0,0,0,0,0,0,0,0,0,0,0,0,0,0,0,0,0,0,0,0,0,0,0,0,0,0,0,0,0,0,0,0,0,0,0,0,0,0,0,0,0,0,0,0,0,0,0,0,0,0,0,0,0,0,0,0,0,0,0,0,0,0,0,0,0,0,0,0,0,0,0,0,0,0,0,0,0,0,0,0,0,0,0,0,0,0,0,0,0,0,0,0,0,0,0,0,0,0,0,0,0,0,0,0,0,0,0,0,0,0,0,0,0,0,0,0,0,0,0,0,0,0,0,0,0,0,0,0,0,0,0,0,0,0,0,0,0,0,0,0,0,0,0,0,0,0,0,0,0,0,0,0,0,0,0,0,0,0,0,0,0,0,0,0,0,0,0,0,0,0,0,0,0,0,0,0,0,0,0,0,0,0,0,0,0,0,0,0,0,0,0,0,0,0,0,0,0,0,0,0,0,0,0,0,0,0,0,0,0,0,0,0,0,0,0,0,0,0,0,0,0,0,0,0,0,0,0,0,0,0,0,0,0,0,0,0,0,0,0,0,0,0,0,0,0,0,0,0,0,0,0,0,0,0,0,0,0,0,0,0,0,0,0,0,0,0,0,0,0,0,0,0,0,0,0,0,0,0,0,0,0,0,0,0,0,0,0,0,0,0,0,0,0,0,0,0,0,0,0,0,0,0,0,0,0,0,0,0,0,0,0,0,0,0,0,0,0,0,0,0,0,0,0,0,0,0,0,0,0,0,0,0,0,0,0,0,0,0,0,0,0,0,0,0,0,0,0,0,0,0,0,0,0,0,0,0,0,0,0,0,0,0,0,0,0,0,0,0,0,0,0,0,0,0,0,0,0,0,0,0,0,0,0,0,0,0,0,0,0,0,0,0,0,0,0,0,0,0,0,0,0,0,0,0,0,0,0,0,0,0,0,0,0,0,0,0,0,0,0,0,0,0,0,0,0,0,0,0,0,0,0,0,0,0,0,0,0,0,0,0,0,0,0,0,0,0,0,0,0,0,0,0,0,0,0,0,0,0,0,0,0,0,0,0,0,0,0,0,0,0,0,0,0,0,0,0,0,0,0,0,0,0,0,0,0,0,0,0,0,0,0,0,0,0,0,0,0,0,0,0,0,0,0,0,0,0,0,0,0,0,0,0,0,0,0,0,0,0,0,0,0,0,0,0,0,0,0,0,0,0,0,0,0,0,0,0,0,0,0,0,0,0,0,0,0,0,0,0,0,0,0,0,0,0,0,0,0,0,0,0,0,0,0,0,0,0,0,0,0,0,0,0,0,0,0,0,0,0,0,0,0,0,0,0,0,0,0,0,0,0,0,0,0,0,0,0,0,0,0,0,0,0,0,0,0,0,0,0,0,0,0,0,0,0,0,0,0,0,0,0,0,0,0,0,0,0,0,0,0,0,0,0,0,0,0,0,0,0,0,0,0,0,0,0,0,0,0,0,0,0,0,0,0,0,0,0,0,0,0,0,0,0,0,0,0,0,0,0,0,0,0,0,0,0,0,0,0,0,0,0,0,0,0,0,0,0,0,0,0,0,0,0,0,0,0,0,0,0,0,0,0,0,0,0,0,0,0,0,0,0,0,0,0,0,0,0,0,0,0,0,0,0,0,0,0,0,0,0,0,0,0,0,0,0,0,0,0,0,0,0,0,0,0,0,0,0,0,0,0,0,0,0,0,0,0,0,0,0,0,0,0,0,0,0,0,0,0,0,0,0,0,0,0,0,0,0,0,0,0,0,0,0,0,0,0,0,0,0,0,0,0,0,0,0,0,0,0,0,0,0,0,0,0,0,0,0,0,0,0,0,0,0,0,0,0,0,0,0,0,0,0,0,0,0,0,0,0,0,0,0,0,0,0,0,0,0,0,0,0,0,0,0,0,0,0,0,0,0,0,0,0,0,0,0,0,0,0,0,0,0,0,0,0,0,0,0,0,0,0,0,0,0,0,0,0,0,0,0,0,0,0,0,0,0,0,0,0,0,0,0,0,0,0,0,0,0,0,0,0,0,0,0,0,0,0,0,0,0,0,0,0,0,0,0,0,0,0,0,0,0,0,0,0,0,0,0,0,0,0,0,0,0,0,0,0,0,0,0,0,0,0,0,0,0,0,0,0,0,0,0,0,0,0,0,0,0,0,0,0,0,0,0,0,0,0,0,0,0,0,0,0,0,0,0,0,0,0,0,0,0,0,0,0,0,0,0,0,0,0,0,0,0,0,0,0,0,0,0,0,0,0,0,0,0,0,0,0,0,0,0,0,0,0,0,0,0,0,0,0,0,0,0,0,0,0,0,0,0,0,0,0,0,0,0,0,0,0,0,0,0,0,0,0,0,0,0,0,0,0,0,0,0,0,0,0,0,0,0,0,0,0,0,0,0,0,0,0,0,0,0,0,0,0,0,0,0,0,0,0,0,0,0,0,0,0,0,0,0,0,0,0,0,0,0,0,0,0,0,0,0,0,0,0,0,0,0,0,0,0,0,0,0,0,0,0,0,0,0,0,0,0,0,0,0,0,0,0,0,0,0,0,0,0,0,0,0,0,0,0,0,0,0,0,0,0,0,0,0,0,0,0,0,0,0,0,0,0,0,0,0,0,0,0,0,0,0,0,0,0,0,0,0,0,0,0,0,0,0,0,0,0,0,0,0,0,0,0,0,0,0,0,0,0,0,0,0,0,0,0,0,0,0,0,0,0,0,0,0,0,0,0,0,0,0,0,0,0,0,0,0,0,0,0,0,0,0,0,0,0,0,0,0,0,0,0,0,0,0,0,0,0,0,0,0,0,0,0,0,0,0,0,0,0,0,0,0,0,0,0,0,0,0,0,0,0,0,0,0,0,0,0,0,0,0,0,0,0,0,0,0,0,0,0,0,0,0,0,0,0,0,0,0,0,0,0,0,0,0,0,0,0,0,0,0,0,0,0,0,0,0,0,0,0,0,0,0,0,0,0,0,0,0,0,0,0,0,0,0,0,0,0,0,0,0,0,0,0,0,0,0,0,0,0,0,0,0,0,0,0,0,0,0,0,0,0,0,0,0,0,0,0,0,0,0,0,0,0,0,0,0,0,0,0,0,0,0,0,0,0,0,0,0,0,0,0,0,0,0,0,0,0,0,0,0,0,0,0,0,0,0,0,0,0,0,0,0,0,0,0,0,0,0,0,0,0,0,0,0,0,0,0,0,0,0,0,0,0,0,0,0,0,0,0,0,0,0,0,0,0,0,0,0,0,0,0,0,0,0,0,0,0,0,0,0,0,0,0,0,0,0,0,0,0,0,0,0,0,0,0,0,0,0,0,0,0,0,0,0,0,0,0,0,0,0,0,0,0,0,0,0,0,0,0,0,0,0,0,0,0,0,0,0,0,0,0,0,0,0,0,0,0,0,0,0,0,0,0,0,0,0,0,0,0,0,0,0,0,0,0,0,0,0,0,0,0,0,0,0,0,0,0,0,0,0,0,0,0,0,0,0,0,0,0,0,0,0,0,0,0,0,0,0,0,0,0,0,0,0,0,0,0,0,0,0,0,0,0,0,0,0,0,0,0,0,0,0,0,0,0,0,0,0,0,0,0,0,0,0,0,0,0,0,0,0,0,0,0,0,0,0,0,0,0,0,0,0,0,0,0,0,0,0,0,0,0,0,0,0,0,0,0,0,0,0,0,0,0,0,0,0,0,0,0,0,0,0,0,0,0,0,0,0,0,0,0,0,0,0,0,0,0,0,0,0,0,0,0,0,0,0,0,0,0,0,0,0,0,0,0,0,0,0,0,0,0,0,0,0,0,0,0,0,0,0,0,0,0,0,0,0,0,0,0,0,0,0,0,0,0,0,0,0,0,0,0,0,0,0,0,0,0,0,0,0,0,0,0,0,0,0,0,0,0,0,0,0,0,0,0,0,0,0,0,0,0,0,0,0,0,0,0,0,0,0,0,0,0,0,0,0,0,0,0,0,0,0,0,0,0,0,0,0,0,0,0,0,0,0,0,0,0,0,0,0,0,0,0,0,0,0,0,0,0,0,0,0,0,0,0,0,0,0,0,0,0,0,0,0,0,0,0,0,0,0,0,0,0,0,0,0,0,0,0,0,0,0,0,0,0,0,0,0,0,0,0,0,0,0,0,0,0,0,0,0,0,0,0,0,0,0,0,0,0,0,0,0,0,0,0,0,0,0,0,0,0,0,0,0,0,0,0,0,0,0,0,0,0,0,0,0,0,0,0,0,0,0,0,0,0,0,0,0,0,0,0,0,0,0,0,0,0,0,0,0,0,0,0,0,0,0,0,0,0,0,0,0,0,0,0,0,0,0,0,0,0,0,0,0,0,0,0,0,0,0,0,0,0,0,0,0,0,0,0,0,0,0,0,0,0,0,0,0,0,0,0,0,0,0,0,0,0,0,0,0,0,0,0,0,0,0,0,0,0,0,0,0,0,0,0,0,0,0,0,0,0,0,0,0,0,0,0,0,0,0,0,0,0,0,0,0,0,0,0,0,0,0,0,0,0,0,0,0,0,0,0,0,0,0,0,0,0,0,0,0,0,0,0,0,0,0,0,0,0,0,0,0,0,0,0,0,0,0,0,0,0,0,0,0,0,0,0,0,0,0,0,0,0,0,0,0,0,0,0,0,0,0,0,0,0,0,0,0,0,0,0,0,0,0,0,0,0,0,0,0,0,0,0,0,0,0,0,0,0,0,0,0,0,0,0,0,0,0,0,0,0,0,0,0,0,0,0,0,0,0,0,0,0,0,0,0,0,0,0,0,0,0,0,0,0,0,0,0,0,0,0,0,0,0,0,0,0,0,0,0,0,0,0,0,0,0,0,0,0,0,0,0,0,0,0,0,0,0,0,0,0,0,0,0,0,0,0,0,0,0,0,0,0,0,0,0,0,0,0,0,0,0,0,0,0,0,0,0,0,0,0,0,0,0,0,0,0,0,0,0,0,0,0,0,0,0,0,0,0,0,0,0,0,0,0,0,0,0,0,0,0,0,0,0,0,0,0,0,0,0,0,0,0,0,0,0,0,0,0,0,0,0,0,0,0,0,0,0,0,0,0,0,0,0,0,0,0,0,0,0,0,0,0,0,0,0,0,0,0,0,0,0,0,0,0,0,0,0,0,0,0,0,0,0,0,0,0,0,0,0,0,0,0,0,0,0,0,0,0,0,0,0,0,0,0,0,0,0,0,0,0,0,0,0,0,0,0,0,0,0,0,0,0,0,0,0,0,0,0,0,0,0,0,0,0,0,0,0,0,0,0,0,0,0,0,0,0,0,0,0,0,0,0,0,0,0,0,0,0,0,0,0,0,0,0,0,0,0,0,0,0,0,0,0,0,0,0,0,0,0,0,0,0,0,0,0,0,0,0,0,0,0,0,0,0,0,0,0,0,0,0,0,0,0,0,0,0,0,0,0,0,0,0,0,0,0,0,0,0,0,0,0,0,0,0,0,0,0,0,0,0,0,0,0,0,0,0,0,0,0,0,0,0,0,0,0,-1.1760756,0.8694632,-0.5229065,0.47931272,-0.18328038,0.07511756,-0.2817148,0.33023232,-0.27271646,0.7215988,0.27289838,0.07256398,-0.19513628,-0.5549478,-0.22292165,0.28420708,-0.35643739,0.069828,0.32919872,0.28469348,0.20072936,0.92819554,-0.03097759,1.0989814,-0.3687797,0.09712698,0.3186804,-0.65970534,0.17367357,-1.1391095,-0.2054722,-0.28700435,-0.08885872,-0.6411007,0.6074781,-0.6517406,-0.14698306,-0.252835,0.021005994,0.069402404,-0.6518014,-0.031463984,-0.7511478,0.044292208,-0.38920832,1.2840551,0.41401404,1.0446266,-0.5796324,-0.47536123,0.13871385,-0.086244345,0.1452802,0.38057432,-0.19878425,-0.42526242,-0.7913971,-0.43790874,-0.32305846,-0.20960656,-0.1046666,0.3941934,0.0041037295,0.061863266,-0.06520771,-0.09135151,-0.67952603,0.08910145,0.3813039,-0.09542508,0.20942369,0.12649316,-0.33631274,0.13859226,-0.27593884,-0.37431243,-0.6666365,-0.2550238,0.68846303,-0.07256446,-1.1039066,0.5933118,-0.73157036,-0.060161356,-0.3065818,0.23544587,-0.8671533,-0.53682953,1.3503265,-0.35120863,0.7607537,-0.53330314,0.049703363,0.012129266,-0.4909259,0.11834601,-0.48618355,1.1813039,-0.14929344,-0.73710316,-0.10211302,0.33752826,0.9793887,-0.09706666,-0.13932233,0.40343493,0.01766202,0.79826695,0.468916,-0.12083927,0.5948926,0.5029637,0.67259437,-0.42441124,0.367624,-0.7096218,-0.46484292,-0.93810636,1.0446266,0.96722883,-0.5407815,-1.0817755,-0.13889673,-0.59811544,0.05268254,0.17501116,-0.63812155,1.0408571,0.11190127,0.93725467,0.92922914,-0.3911539,-1.0563614,0.45128414,-1.057091,0.55136013,-0.047454257,0.6612249,0.52017,1.3540962,0.63933706,0.36184806,-0.12466964,0.6164764,1.3793887,0.9561633,0.95269775,0.11032048,-0.5294728,1.1168565,-0.041374307,0.15263695,-0.480894,-0.16005495,0.24249862,-0.6424991,0.08144071,0.32889473,0.42319477,-0.54704386,-0.28615314,-0.06289733,0.5787199,0.06028248,1.0234684,0.14017305,0.4813191,-0.8705581,-0.24754545,0.2826263,-0.204621,0.9522721,0.8497034,0.5116581,0.2559353,-0.22644803,-0.29533386,0.27545196,0.9092869,-0.5820644,-0.6175713,1.2386378,-0.97489005,-0.10351141,-0.42283046,-0.20711379,-0.2664541,-0.20656659,-0.6017634,-0.2900443,0.41103488,-0.6896795,-0.14436868,-0.33728555,-0.099073045,0.3850127,-0.35193822,-0.78598595,0.29983255,-0.39784184,0.3943758,-0.17087728,-0.7215993,-0.0926891,-0.758383,-1.4223745,-0.25970536,-0.4687341,0.56479686,1.4443226,-0.17659242,0.21203807,-1.0777628,-0.52023125,-0.3698741,0.21866521,-0.45335183,-0.17677483,-0.28682193,-0.0920811,-0.8574862,-0.5547654,-0.8034354,0.7609969,0.34914097,0.4327403,0.6034045,-0.035476755,-1.1620917,0.61823964,-0.68329555,-0.12564243,-0.3402039,0.17853753,0.27472237,-0.46770048,0.3589905,0.07317198,-0.12552084,-0.37844682,-0.23763514,-0.24262069,0.8047725,-0.5616965,0.063869655,0.10028856,-0.051467028,-0.577626,-0.1689317,-0.67502683,-0.66657573,-0.70044106,0.58990705,-0.20632339,0.15421773,0.24292421,0.6189692,0.36452323,0.59811497,-0.068916485,0.53543067,0.2828695,-0.4920811,0.66329205,0.059674487,0.19720298,0.11883241,-0.2421951,0.18400949,-0.45906696,0.6972182,-0.45286542,0.20164135,0.12223718,-0.28536275,0.2317371,0.081927106,-0.41109616,0.1324515,0.21404445,0.10454453,-0.46326214,0.15257615,0.16054088,-0.2162337,-0.64730227,-1.4900444,-0.31071615,-0.7065818,0.08411589,-0.079434805,0.025626758,0.062349662,0.1454626,0.2813495,0.71041167,-0.03815193,0.588083,-0.30706817,-0.42386404,-0.18303718,0.1812735,0.016810829,1.0108829,0.2330139,0.7975982,0.5774431,-0.39595708,0.51463723,0.114698045,0.20541091,-0.011764944,-0.4690989,-0.7042106,0.041191433,0.062410463,0.5796927,-0.1423623,0.40349573,-0.13877513,0.572032,0.013162857,-0.040583912,-0.018635288,-0.41346732,0.50375414,0.40276614,0.82641715,0.39145744,0.5187108,-1.0747229,0.046845786,-0.32518643,-0.2899835,-0.07633403,-0.048913445,0.16649923,0.03918505,-0.68694353,-0.77078605,-0.3029946,0.18966384,-0.34932384,0.5575617,0.022586782,-0.21969928,-0.34810784,0.26268405,0.023194777,-0.6060802,-0.45128462,-0.54947585,0.21763162,-0.22383365,0.32573316,-0.34178472,-0.553975,-0.5181641,0.21623324,0.48958784,0.22821073,-0.29910344,-0.076394826,-0.12527764,-1.0992858,0.2845719,0.066180035,1.1641585,0.6201244,0.078583136,-0.05620939,-0.047879856,0.24736258,0.27843115,0.26116407,0.0453258,0.09414781,0.1455842,0.0022797443,-0.42611364,0.13834906,-0.099194646,-0.11621851,0.3706032,0.08527108,-0.16297333,-0.46095175,-0.37267086,0.29934618,0.6967318,-0.28822035,0.04660259,0.6012158,0.074691966,0.03164591,-0.0297616,0.32524675,-0.08308277,-0.24468789,-0.2913819,-0.06885569,0.7071285,-0.11944088,-0.4194257,-0.500289,-0.17294446,-0.1540358,-0.5419367,-0.47128767,-0.08861553,-0.68584913,-0.15902136,0.14005144,0.024106769,0.6545977,-0.2676701,-3.0637257e-05,-1.3964131,0.66681844,0.45408094,-0.5059434,0.28597027,-0.1656485,-0.13847113,0.29952857,-0.07834041,-0.017358499,0.15142095,0.19920936,-0.4303696,0.3448242,0.3677456,-0.18443556,0.061072875,-0.4309168,0.4599785,-0.5584742,-0.23727034,-0.6054114,-0.100349836,-0.2538078,-0.45019025,0.5823679,0.09366141,0.57555836,0.23070352,-0.3426967,-0.3438519,0.347621,0.063322455,0.29223263,0.21009248,0.33375868,0.19957417,-0.41626412,-0.15889977,0.0045901258,0.22681235,-0.42082408,0.18121271,0.47341517,-0.012494538,-0.63447356,0.49396542,0.06362645,-0.18090919,0.39808458,-0.25265262,0.46690962,-0.12090007,0.1694784,0.33631226,0.24772738,0.017601222,0.077306345,0.12862113,-0.39559227,-0.0066577843,-0.3575318,-0.69879943,0.53907865,0.6061405,0.22249559,-0.53457993,0.037482664,-0.8977963,0.29472542,-0.26542053,0.6195772,0.49177662,-0.59440666,-0.76203096,-0.26548132,0.23818186,-0.19367708,0.2210972,-0.5716069,-0.5899075,-0.38197318,0.27940392,0.43188912,0.38087833,-0.04344149,0.2451738,0.34859377,0.17567995,-0.68323475,-0.17318766,0.41474363,-0.48332596,0.59081906,-0.85316944,0.4669704,0.18893425,0.2813495,0.2814711,-0.15598139,0.24024904,0.71545804,0.67368877,0.21465245,0.5371939,0.6603129,-0.16491891,0.22912273,0.0043469276,-0.53993034,0.34914097,-0.051345427,-0.42453283,0.18510388,0.45389852,0.17640956,-0.44508308,-0.10199142,0.27496555,-0.38440517,-0.3183161,0.12807393,0.21538204,0.07852233,-0.0022194197,-0.4905003,-0.8100625,0.6922326,-0.3526678,-0.011035349,0.2078429,-0.5928867,-0.40124664,-0.26967648,-0.46405253,0.022282785,0.20772131,0.06782162,-0.10235622,0.017966019,-0.019547282,-0.19848025,0.02909233,-0.18352357,0.04027944,0.4084813,0.1578049,0.17464636,-0.23897272,0.27308077,0.87596875,0.60893726,-0.05851977,-0.5135433,0.036145072,-0.73485357,0.30220374,-0.21130894,-0.14692226,-0.15944695,0.004711725,-0.21136975,-0.5951971,-0.09542508,0.16601284,-0.14631426,0.043927412,-0.38513476,-0.29873866,0.6464506,-0.57343084,-0.5219945,-0.4656333,0.56382406,0.035719477,0.26183286,-0.06368773,0.29065183,0.41583803,0.27405357,-0.42155367,0.87371916,-0.08198838,-0.21453132,0.26292726,-0.16449332,0.8452042,-0.06405252,-0.24979503,0.3105333,-0.15883897,-0.058884565,-0.018088093,0.22042839,0.3091349,0.033834692,0.15221134,-0.6178145,-0.06362693,-0.1417543,0.44988576,0.36257768,-0.064295724,-0.5288648,0.23976265,-0.003070613,-0.08527155,-0.3309016,-0.13980871,0.113968454,-0.3658005,0.15397453,0.10582132,-0.13318157,-0.7828244,-0.78489155,0.767624,0.6950294,0.095910996,-0.15853497,-0.22523203,0.37096798,0.47609034,-0.46046534,0.17750394,-0.5035114,-0.035051156,0.3093173,-0.74835104,0.068490416,-0.22511044,0.2589145,-0.5391399,0.023620373,-0.027998414,-0.21149135,0.871956,0.22073239,0.06338326,-0.38695875,-0.07110527,0.18978545,-0.43766552,-0.37352204,-0.7130873,-0.16583091,0.56765443,0.27976874,-0.41565612,0.055965714,0.16747202,0.26450804,0.17634875,0.23380429,-0.032801576,0.5987838,0.21051808,-0.8558446,-0.43097758,0.04769698,0.3458578,0.11409005,-0.4547502,-0.028059212,-0.41462252,0.071834385,0.051892146,0.2576985,0.44781858,0.71655244,-0.41437933,-0.13834953,-0.5789636,-0.09840425,-0.0419823,-0.33175278,-0.33461037,0.30962127,0.34956658,-0.11348253,0.43620586,-0.19325149,0.07171279,-9.143677e-05,0.2845111,0.13421468,-0.38908672,0.10217334,0.1572577,0.3234836,-0.08606195,-0.15117823,-0.037969533,-0.22030728,0.009758084,-0.3432439,-0.25891498,0.05888409,-0.8076306,0.4062925,0.14236182,0.41887802,0.4344427,0.014196449,-0.12570323,-0.38258117,-0.56163573,-0.14564547,-0.0019154222,0.47578636,-0.8923851,0.48703426,-0.0022802192,-0.0673965,-0.054567803,0.27843115,-0.6125857,0.31466764,-0.17744362,0.21830042,-0.11384733,0.27861354,-0.10618659,-0.21921289,0.00033415982,-0.13153999,0.1958046,0.26590642,-0.31412092,0.1712416,-0.26110375,0.22924432,0.5223588,0.22389397,-0.16850609,-0.33546156,0.09287102,-0.23234558,0.2586105,0.22504917,-0.0172369,0.7891471,0.2207932,0.17288318,0.6315547,-0.076394826,-0.28445077,0.18923825,-0.18528676,0.16935681,0.6033437,0.50034934,0.0453258,0.10624691,-0.4039218,0.15415692,-0.32117367,-0.4560878,0.16157447,0.062045667,0.3210516,-0.31223613,1.0078429,-0.06922048,0.41656762,0.016324433,-0.37601483,-0.0926283,-0.42356005,0.5829759,0.06326166,-0.24505268,0.22225238,-0.021857662,-0.23793913,0.3070677,-0.09846505,0.22188759,0.6789783,-0.3774132,-0.05815497,0.74719536,0.15008336,0.3346099,-0.23799993,-0.19841945,0.12527716,-0.54601026,-0.3430615,0.5583521,0.16230406,0.8206412,0.29022625,-1.0085729,-0.1049098,-0.12637202,-0.14065991,0.002583742,0.12746595,-0.8706189,0.0019149472,0.9571361,-0.36385491,0.3566193,0.20200615,0.20966688,-0.2040738,-0.19051552,-0.22036807,0.4481226,0.7831279,-0.35029665,0.13986905,0.17270078,0.20158055,-0.39881465,-0.047879856,-0.654659,0.33764985,-0.0057457914,0.08642627,0.58747506,0.3322995,0.34093302,0.30658132,0.2553881,0.18036152,0.30597332,-0.41401452,-0.803253,-0.6304,0.08521028,-0.019364882,-0.007569777,0.09281022,-0.23429117,-0.39547068,0.3812431,0.14315222,0.67989033,-0.13603915,0.6117949,0.35309294,0.11725163,0.007994899,-0.10612579,-0.054203004,0.33631226,0.21051808,-0.21562572,-0.042590298,-0.043319892,0.15324494,0.33758906,0.55458254,0.244201,0.7041493,-0.17671402,0.18704946,0.6311291,0.33977786,-0.20127703,-0.17701802,0.21404445,-0.27782363,0.41352767,0.7524241,-0.2515582,0.62748116,-0.08326517,-0.17786922,-0.5427879,-0.3542486,-0.255571,0.32257158,0.07566476,0.3321171,-0.21520011,0.38884306,0.79917896,0.5570145,-0.15817018,0.14382102,-0.32640243,-0.31497213,-0.10393701,0.1573185,0.1461922,-0.08934512,0.09457341,0.1966558,-0.08685234,-0.014136124,0.19896618,0.11561004,-0.027208019,0.07104399,-0.43584156,0.14096344,-0.39510587,-0.11840729,0.5159748,-0.013528129,0.1449762,-0.113786526,-0.3425143,-0.087825134,-0.13555275,0.10478772,0.041921027,-0.08660915,0.30025816,0.24894337,-0.228576,-0.18790114,0.25234815,-0.004955398,-0.03462556,-0.38458756,-0.4052594,-0.3822164,0.048426576,-0.18443556,0.03875945,0.270892,0.68572706,0.12260198,0.4600393,-0.15944695,0.1709984,0.37412956,0.2819575,0.5725184,-0.42076328,0.3335155,0.10728051,-0.013832127,0.025869956,0.68821985,-0.097492255,0.36914402,-0.124061644,0.14126743,-0.24140471,0.6189084,0.8057453,0.5561025,-0.67618203,0.08490628,0.03030832,0.26177207,-0.22103687,-0.020398475,-0.00343541,0.028788332,-0.57525486,-0.3674421,0.11105008,-0.039003126,-0.23605435,-0.21307214,-0.4146833,-0.2668797,-0.1907587,-0.31223613,0.17671356,-0.03340957,0.107462905,-0.22565763,-0.13257357,-0.83085597,9.0961774e-05,-0.089831516,-0.7061562,-0.60626256,0.16279046,0.3606321,0.5350051,-0.0061105886,-0.23167679,-0.23191999,0.4326187,-0.41054896,-0.31320894,0.1964126,0.496215,0.54959697,0.19434541,0.028119538,0.1701472,-0.03079519,-0.2640221,-0.12235926,-0.1299592,-0.1168873,-0.27295965,-0.12327125,0.06818642,0.18552949,-0.23854713,0.2827479,0.27052718,-0.41164336,0.013284456,0.24037065,0.03535468,-0.12691922,1.3387139,0.4072653,-1.584466,0.33813626,0.025444359,1.6915942,-0.26955488,-0.48442036,1.7150629,0.24268103,1.7418146,0.07815754,-0.083629966,1.1850127,0.2087549,-0.3527286,1.1733999,1.768688,-1.1533366,-1.0637181,1.5088309,-0.54759103,-1.0611037,-1.2688557,0.31217486,0.30956048,1.1608145,0.068247214,0.42860594,-1.5130265,0.53792346,1.0587322,-0.2309472,-0.3650709,0.5869279,1.2418603,0.6074781,1.214622,1.2069613,-0.46216774,-1.1741301,0.039671443,1.5268276,-0.42520162,1.4777015,-0.41456172,-0.17185006,0.58887345,1.4801943,-0.4030706,1.3779296,0.81693244,0.8821703,0.5821247,1.1933422,0.2953334,-1.6457518,0.245113,-0.27071008,-0.55069184,-1.0639613,0.40136775,-0.19148831,0.048608974,0.06307926,0.6832343,-0.029579202,0.20541091,0.41322365,0.71868044,-0.9322696,1.1065813,-1.0367839,0.697279,-0.32457843,0.83924586,-0.69813067,-0.8633837,0.43608427,-1.1197145,-0.27089247,1.1008662,0.71527565,-0.17203246,1.3945886,1.2172972,-0.17598443,-0.6020674,1.0545369,-0.21264653,-0.4916555,-0.09992424,-0.5041802,0.6817751,-0.28317398,-1.0336224,0.24870017,-0.3148505,-1.0361152,0.9214468,0.19744618,1.3111109,-0.751087,1.0693113,0.6780055,-1.2098801,-0.50095785,1.3334243,-0.35126942,-0.91238815,0.39522702,-1.1350968,-0.557319,-0.4167505,-0.6705277,-0.8933579,-0.78349316,-0.21580811,0.2589145,-0.08691314,-1.0071746,1.205563,-0.73552233,-0.1547046,0.44252902,-0.092567496,1.1583825,-0.5693573,
0,0,0,0,0,0,0,0,1,0,0,0,0,0,0,0,0,0,0,0,0,0,0,0,0,0,0,0,0,0,0,0,0,0,0,0,0,0,0,0,0,0,0,0,0,0,1,0,0,0,0,0,0,0,0,0,0,0,0,0,0,0,0,0,0,0,0,0,0,0,0,0,0,0,0,0,0,0,0,0,0,0,0,0,0,0,0,0,0,0,0,0,0,0,0,0,0,0,0,0,0,0,0,0,0,0,0,0,0,1,0,0,0,0,0,0,0,0,0,0,0,0,0,0,0,0,0,0,0,0,0,0,0,0,0,0,0,0,0,0,0,0,0,0,0,0,0,0,0,0,0,0,0,0,0,0,0,0,0,0,0,0,0,0,0,0,0,0,0,0,0,0,0,0,0,0,0,0,0,0,0,0,0,0,0,0,0,0,0,0,0,0,0,0,0,0,0,0,0,0,0,0,0,0,0,0,0,0,0,0,0,0,0,0,0,0,0,0,0,0,0,0,0,0,0,0,0,0,0,0,0,0,0,0,0,0,0,0,0,0,0,0,0,0,0,0,0,0,0,0,0,0,0,0,0,0,0,0,0,0,0,0,0,0,0,0,0,0,0,0,0,0,0,0,0,0,0,0,0,0,0,0,0,0,0,0,0,0,0,0,0,0,0,0,0,0,0,0,0,0,0,0,0,0,0,0,0,0,0,0,0,0,0,0,0,0,0,0,0,0,0,0,0,0,0,0,0,0,0,0,0,0,0,0,0,0,0,0,0,0,0,0,0,0,0,0,0,0,0,0,0,0,0,0,0,0,0,0,0,0,0,0,0,0,0,0,0,0,0,0,0,0,0,0,0,0,0,0,0,0,0,0,0,0,0,0,0,0,0,0,0,0,0,0,0,0,0,0,0,0,0,0,0,0,0,0,0,0,0,0,0,0,0,0,0,0,0,0,0,0,0,0,0,0,0,0,0,0,0,0,0,0,0,0,0,0,0,0,0,0,0,0,0,0,0,0,0,0,0,0,0,0,0,0,0,0,0,0,0,0,0,0,0,0,0,0,0,0,0,0,0,0,0,0,0,0,0,0,0,0,0,0,0,0,0,0,0,0,0,0,0,0,0,0,0,0,0,0,0,0,0,0,0,0,0,0,0,0,0,0,0,0,0,0,0,0,0,0,0,0,0,0,0,0,0,0,0,0,0,0,0,0,0,0,0,0,0,0,0,0,0,0,0,0,0,0,0,0,0,0,0,0,0,0,0,0,0,0,0,0,0,0,0,0,0,0,0,0,0,0,0,0,0,0,0,0,0,0,0,0,0,0,0,0,0,0,0,0,0,0,0,0,0,0,0,0,0,0,0,0,0,0,0,0,0,0,0,0,0,0,0,0,0,0,0,0,0,0,0,0,0,0,0,0,0,0,0,0,0,0,0,0,0,0,0,0,0,0,0,0,0,0,0,0,0,0,0,0,0,0,0,0,0,0,0,0,0,0,0,0,0,0,0,0,0,0,0,0,0,0,0,0,0,0,0,0,0,0,0,0,0,0,0,0,0,0,0,0,0,0,0,0,0,0,0,0,0,0,0,0,0,0,0,0,0,0,0,0,0,0,0,0,0,0,0,0,0,0,0,0,0,0,0,0,0,0,0,0,0,0,0,0,0,0,0,0,0,0,0,0,0,0,0,0,0,0,0,0,0,0,0,0,0,0,0,0,0,0,0,0,0,0,0,0,0,0,0,0,0,0,0,0,0,0,0,0,0,0,0,0,0,0,0,0,0,0,0,0,0,0,0,0,0,0,0,0,0,0,0,0,0,0,0,0,0,0,0,0,0,0,0,0,0,0,0,0,0,0,0,0,0,0,0,0,0,0,0,0,0,0,0,0,0,0,0,0,0,0,0,0,0,0,0,0,0,0,0,0,0,0,0,0,0,0,0,0,0,0,0,0,0,0,0,0,0,0,0,0,0,0,0,0,0,0,0,0,0,0,0,0,0,0,0,0,0,0,0,0,0,0,0,0,0,0,0,0,0,0,0,0,0,0,0,0,0,0,0,0,0,0,0,0,0,0,0,0,0,0,0,0,0,0,0,0,0,0,0,0,0,0,0,0,0,0,0,0,0,0,0,0,0,0,0,0,0,0,0,0,0,0,0,0,0,0,0,0,0,0,0,0,0,0,0,0,0,0,0,0,0,0,0,0,0,0,0,0,0,0,0,0,0,0,0,0,0,0,0,0,0,0,0,0,0,0,0,0,0,0,0,0,0,0,0,0,0,0,0,0,0,0,0,0,0,0,0,0,0,0,0,0,0,0,0,0,0,0,0,0,0,0,0,0,0,0,0,0,0,0,0,0,0,0,0,0,0,0,0,0,0,0,0,0,0,0,0,0,0,0,0,0,0,0,0,0,0,0,0,0,0,0,0,0,0,0,0,0,0,0,0,0,0,0,0,0,0,0,0,0,0,0,0,0,0,0,0,0,0,0,0,0,0,0,0,0,0,0,0,0,0,0,0,0,0,0,0,0,0,0,0,0,0,0,0,0,0,0,0,0,0,0,0,0,0,0,0,0,0,0,0,0,0,0,0,0,0,0,0,0,0,0,0,0,0,0,0,0,0,0,0,0,0,0,0,0,0,0,0,0,0,0,0,0,0,0,0,0,0,0,0,0,0,0,0,0,0,0,0,0,0,0,0,0,0,0,0,0,0,0,0,0,0,0,0,0,0,0,0,0,0,0,0,0,0,0,0,0,0,0,0,0,0,0,0,0,0,0,0,0,0,0,0,0,0,0,0,0,0,0,0,0,0,0,0,0,0,0,0,0,0,0,0,0,0,0,0,0,0,0,0,0,0,0,0,0,0,0,0,0,0,0,0,0,0,0,0,0,0,0,0,0,0,0,0,0,0,0,0,0,0,0,0,0,0,0,0,0,0,0,0,0,0,0,0,0,0,0,0,0,0,0,0,0,0,0,0,0,0,0,0,0,0,0,0,0,0,0,0,0,0,0,0,0,0,0,0,0,0,0,0,0,0,0,0,0,0,0,0,0,0,0,0,0,0,0,0,0,0,0,0,0,0,0,0,0,0,0,0,0,0,0,0,0,0,0,0,0,0,0,0,0,0,0,0,0,0,0,0,0,0,0,0,0,0,0,0,0,0,0,0,0,0,0,0,0,0,0,0,0,0,0,0,0,0,0,0,0,0,0,0,0,0,0,0,0,0,0,0,0,0,0,0,0,0,0,0,0,0,0,0,0,0,0,0,0,0,0,0,0,0,0,0,0,0,0,0,0,0,0,0,0,0,0,0,0,0,0,0,0,0,0,0,0,0,0,0,0,0,0,0,0,0,0,0,0,0,0,0,0,0,0,0,0,0,0,0,0,0,0,0,0,0,0,0,0,0,0,0,0,0,0,0,0,0,0,0,0,0,0,0,0,0,0,0,0,0,0,0,0,0,0,0,0,0,0,0,0,0,0,0,0,0,0,0,0,0,0,0,0,0,0,0,0,0,0,0,0,0,0,0,0,0,0,0,0,0,0,0,0,0,0,0,0,0,0,0,0,0,0,0,0,0,0,0,0,0,0,0,0,0,0,0,0,0,0,0,0,0,0,0,0,0,0,0,0,0,0,0,0,0,0,0,0,0,0,0,0,0,0,0,0,0,0,0,0,0,0,0,0,0,0,0,0,0,0,0,0,0,0,0,0,0,0,0,0,0,0,0,0,0,0,0,0,0,0,0,0,0,0,0,0,0,0,0,0,0,0,0,0,0,0,0,0,0,0,0,0,0,0,0,0,0,0,0,0,0,0,0,0,0,0,0,0,0,0,0,0,0,0,0,0,0,0,0,0,0,0,0,0,0,0,0,0,0,0,0,0,0,0,0,0,0,0,0,0,0,0,0,0,0,0,0,0,0,0,0,0,0,0,0,0,0,0,0,0,0,0,0,0,0,0,0,0,0,0,0,0,0,0,0,0,0,0,0,0,0,0,0,0,0,0,0,0,0,0,0,0,0,0,0,0,0,0,0,0,0,0,0,0,0,0,0,0,0,0,0,0,0,0,0,0,0,0,0,0,0,0,0,0,0,0,0,0,0,0,0,0,0,0,0,0,0,0,0,0,0,0,0,0,0,0,0,0,0,0,0,0,0,0,0,0,0,0,0,0,0,0,0,0,0,0,0,0,0,0,0,0,0,0,0,0,0,0,0,0,0,0,0,0,0,0,0,0,0,0,0,0,0,0,0,0,0,0,0,0,0,0,0,0,0,0,0,0,0,0,0,0,0,0,0,0,0,0,0,0,0,0,0,0,0,0,0,0,0,0,0,0,0,0,0,0,0,0,0,0,0,0,0,0,0,0,0,0,0,0,0,0,0,0,0,0,0,0,0,0,0,0,0,0,0,0,0,0,0,0,0,0,0,0,0,0,0,0,0,0,0,0,0,0,0,0,0,0,0,0,0,0,0,0,0,0,0,0,0,0,0,0,0,0,0,0,0,0,0,0,0,0,0,0,0,0,0,0,0,0,0,0,0,0,0,0,0,0,0,0,0,0,0,0,0,0,0,0,0,0,0,0,0,0,0,0,0,0,0,0,0,0,0,0,0,0,0,0,0,0,0,0,0,0,0,0,0,0,0,0,0,0,0,0,0,0,0,0,0,0,0,0,0,0,0,0,0,0,0,0,0,0,0,0,0,0,0,0,0,0,0,0,0,0,0,0,0,0,0,0,0,0,0,0,0,0,0,0,0,0,0,0,0,0,0,0,0,0,0,0,0,0,0,0,0,0,0,0,0,0,0,0,0,0,0,0,0,0,0,0,0,0,0,0,0,0,0,0,0,0,0,0,0,0,0,0,0,0,0,0,0,0,0,0,0,0,0,0,0,0,0,0,0,0,0,0,0,0,0,0,0,0,0,0,0,0,0,0,0,0,0,0,0,0,0,0,0,0,0,0,0,0,0,0,0,0,0,0,0,0,0,0,0,0,0,0,0,0,0,0,0,0,0,0,0,0,0,0,0,0,0,0,0,0,0,0,0,0,0,0,0,0,0,0,0,0,0,0,0,0,0,0,0,0,0,0,0,0,0,0,0,0,0,0,0,0,0,0,0,0,0,0,0,0,0,0,0,0,0,0,0,0,0,0,0,0,0,0,0,0,0,0,0,0,0,0,0,0,0,0,0,0,0,0,0,0,0,0,0,0,0,0,0,0,0,0,0,0,0,0,0,0,0,0,0,0,0,0,0,0,0,0,0,0,0,0,0,0,0,0,0,0,0,0,0,0,0,0,0,0,0,0,0,0,0,0,0,0,0,0,0,0,0,0,0,0,0,0,0,0,0,0,0,0,0,0,0,0,0,0,0,0,0,0,0,0,0,0,0,0,0,0,0,0,0,0,0,0,0,0,0,0,0,0,0,0,0,0,0,0,0,0,0,0,0,0,0,0,0,0,0,0,0,0,0,0,0,0,0,0,0,0,0,0,0,0,0,0,0,0,0,0,0,0,0,0,0,0,0,0,0,0,0,0,0,0,0,0,0,0,0,0,0,0,0,0,0,0,0,0,0,0,0,0,0,0,0,0,0,0,0,0,0,0,0,0,0,0,0,0,0,0,0,0,0,0,0,0,0,0,0,0,0,0,0,0,0,0,0,0,0,0,0,0,0,0,0,0,0,0,0,0,0,0,0,0,0,0,0,0,0,0,0,0,0,0,0,0,0,0,0,0,0,0,0,0,0,0,0,0,0,0,0,0,0,0,0,0,0,0,0,0,0,0,0,0,0,0,0,0,0,0,0,0,0,0,0,0,0,0,0,0,0,0,0,0,0,0,0,0,0,0,0,0,0,0,0,0,0,0,0,0,0,0,0,0,0,0,0,0,0,0,0,0,0,0,0,0,0,0,0,0,0,0,0,0,0,0,0,0,0,0,0,0,0,0,0,0,0,0,0,0,0,0,0,0,0,0,0,0,0,0,0,0,0,0,0,0,0,0,0,0,0,0,0,0,0,0,0,0,0,0,0,0,0,0,0,0,0,0,0,0,0,0,0,0,0,0,0,0,0,0,0,0,0,0,0,0,0,0,0,0,0,0,0,0,0,0,0,0,0,0,0,0,0,0,0,0,0,0,0,0,0,0,0,0,0,0,0,0,0,0,0,0,0,0,0,0,0,0,0,0,0,0,0,0,0,0,0,0,0,0,0,0,0,0,0,0,0,0,0,0,0,0,0,0,0,0,0,0,0,0,0,0,0,0,0,0,0,0,0,0,0,0,0,0,0,0,0,0,0,0,0,0,0,0,0,0,0,0,0,0,0,0,0,0,0,0,0,0,0,0,0,0,0,0,0,0,0,0,0,0,0,0,0,0,0,0,0,0,0,0,0,0,0,0,0,0,0,0,0,0,0,0,0,0,0,0,0,0,0,0,0,0,0,0,0,0,0,0,0,0,0,0,0,0,0,0,0,0,0,0,0,0,0,0,0,0,0,0,0,0,0,0,0,0,0,0,0,0,0,0,0,0,0,0,0,0,0,0,0,0,0,0,0,0,0,0,0,0,0,0,0,0,0,0,0,0,0,0,0,0,0,0,0,0,0,0,0,0,0,0,0,0,0,0,0,0,0,0,0,0,0,0,0,0,0,0,0,0,0,0,0,0,0,0,0,0,0,0,0,0,0,0,0,0,0,0,0,0,0,0,0,0,0,0,0,0,0,0,0,0,0,0,0,0,0,0,0,0,0,0,0,0,0,0,0,0,0,0,0,0,0,0,0,0,0,0,0,0,0,0,0,0,0,0,0,0,0,0,0,0,0,0,0,0,0,0,0,0,0,0,0,0,0,0,0,0,0,0,0,0,0,0,0,0,0,0,0,0,0,0,0,0,0,0,0,0,0,0,0,0,0,0,0,0,0,0,0,0,0,0,0,0,0,0,0,0,0,0,0,0,0,0,0,0,0,0,0,0,0,0,0,0,0,0,0,0,0,0,0,0,0,0,0,0,0,0,0,0,0,0,0,0,0,0,0,0,0,0,0,0,0,0,0,0,0,0,0,0,0,0,0,0,0,0,0,0,0,0,0,0,0,0,0,0,0,0,0,0,0,0,0,0,0,0,0,0,0,0,0,0,0,0,0,0,0,0,0,0,0,0,0,0,0,0,0,0,0,0,0,0,0,0,0,0,0,0,0,0,0,0,0,0,0,0,0,0,0,0,0,0,0,0,0,0,0,0,0,0,0,0,0,0,0,0,0,0,0,0,0,0,0,0,0,0,0,0,0,0,0,0,0,0,0,0,0,0,0,0,0,0,0,0,0,0,0,0,0,0,0,0,0,0,0,0,0,0,0,0,0,0,0,0,0,0,0,0,0,0,0,0,0,0,0,0,0,0,0,0,0,0,0,0,0,0,0,0,0,0,0,0,0,0,0,0,0,0,0,0,0,0,0,0,0,0,0,0,0,0,0,0,0,0,0,0,0,0,0,0,0,0,0,0,0,0,0,0,0,0,0,0,0,0,0,0,0,0,0,0,0,0,0,0,0,0,0,0,0,0,0,0,0,0,0,0,0,0,0,0,0,0,0,0,0,0,0,0,0,0,0,0,0,0,0,0,0,0,0,0,0,0,0,0,0,0,0,0,0,0,0,0,0,0,0,0,0,0,0,0,0,0,0,0,0,0,0,0,0,0,0,0,0,0,0,0,0,0,0,0,0,0,0,0,0,0,0,0,0,0,0,0,0,0,0,0,0,0,0,0,0,0,0,0,0,0,0,0,0,0,0,0,0,0,0,0,0,0,0,0,0,0,0,0,0,0,0,0,0,0,0,0,0,0,0,0,0,0,0,0,0,0,0,0,0,0,0,0,0,0,0,0,0,0,0,0,0,0,0,0,0,0,0,0,0,0,0,0,0,0,0,0,0,0,0,0,0,0,0,0,0,0,0,0,0,0,0,0,0,0,0,0,0,0,0,0,0,0,0,0,0,0,0,0,0,0,0,0,0,0,0,0,0,0,0,0,0,0,0,0,0,0,0,0,0,0,0,0,0,0,0,0,0,0,0,0,0,0,0,0,0,0,0,0,0,0,0,0,0,0,0,0,0,0,0,0,0,0,0,0,0,0,0,0,0,0,0,0,0,0,0,0,0,0,0,0,0,0,0,0,0,0,0,0,0,0,0,0,0,0,0,0,0,0,0,0,0,0,0,0,0,0,0,0,0,0,0,0,0,0,0,0,0,0,0,0,0,0,0,0,0,0,0,0,0,0,0,0,0,0,0,0,0,0,0,0,0,0,0,0,0,0,0,0,0,0,0,0,0,0,0,0,0,0,0,0,0,0,0,0,0,0,0,0,0,0,0,0,0,0,0,0,0,0,0,0,0,0,0,0,0,0,0,0,0,0,0,0,0,0,0,0,0,0,0,0,0,0,0,0,0,0,0,0,0,0,0,0,0,0,0,0,0,0,0,0,0,0,0,0,0,0,0,0,0,0,0,0,0,0,0,0,0,0,0,0,0,0,0,0,0,0,0,0,0,0,0,0,0,0,0,0,0,0,0,0,0,0,0,0,0,0,0,0,0,0,0,0,0,0,0,0,0,0,0,0,0,0,0,0,0,0,0,0,0,0,0,0,0,0,0,0,0,0,0,0,0,0,0,0,0,0,0,0,0,0,0,0,0,0,0,0,0,0,0,0,0,0,0,0,0,0,0,0,0,0,0,0,0.41426572,0.21888225,-0.3089907,-0.2677894,-0.090077795,-0.59263426,0.71716964,0.93250847,0.10957472,-0.21030614,-0.55907756,0.86827415,-0.07240592,-0.25547865,0.42121533,0.18760897,-0.2175536,0.10183087,-0.4981195,-0.13515101,-0.58935803,0.3690932,-0.107352555,0.1318135,-0.1567941,-0.72457767,-0.18409616,-0.23165138,-0.09732525,0.8254844,0.16546948,-0.035870798,-0.26153472,0.13290557,0.15266234,0.55861914,0.52387106,-0.21139823,0.44107136,0.18671545,-0.57943,-0.33688843,-0.29171592,0.108482644,0.7778299,-0.5496459,0.010691626,0.35737815,0.02151317,0.5569314,-0.29717633,-0.12681147,-0.5414057,-0.079554096,0.029157747,0.050502993,0.01257795,-0.14557543,0.033724636,0.3199495,-0.122542426,-0.07985193,-0.28565982,-0.14954665,-0.16831061,-0.22370897,-0.5683106,0.393814,0.41079092,0.19912548,0.6980086,-0.07826345,0.39838088,-0.3103806,0.2958244,-0.32507408,-0.015716912,0.15633571,-0.5387251,0.12148835,0.18155289,-0.6664987,0.034022477,0.17361046,-0.1702962,-0.40549105,0.19813268,-0.11608921,-0.0018176812,0.10530567,-0.01919172,0.3485422,0.051098675,0.23585916,0.39937368,0.18234712,0.66097707,0.18085793,0.80304706,0.08386115,-0.6543866,-0.049372904,-0.09881446,0.04821955,-0.040437687,0.39609742,-0.14607184,0.018336203,-0.057414602,0.055566285,0.123672515,0.3024762,0.215606,-0.06634983,0.36532056,-0.07389512,0.14203936,0.20071396,0.7170704,-0.24396214,0.09299493,-0.21844712,0.61630094,-0.16374372,0.24826919,-0.45225203,0.23238435,-0.30660796,-0.18767025,-0.11122448,0.28639278,0.018634044,-0.04619594,0.014464275,0.26951516,-0.04708946,-0.056719642,0.13091998,-0.40787378,0.37435508,-0.33103088,-0.28417063,0.24151814,-0.18876234,-0.36448833,0.1333027,-0.22589314,0.09031436,0.017839802,-0.0023140823,0.09656902,0.0031463297,-0.08124185,-0.21397951,-0.5820113,0.013471472,0.6579986,-0.5566948,0.024690136,-0.15868042,0.4214139,0.6731885,0.63228506,0.42280382,-0.20266156,-0.12224459,0.023697335,-0.48163897,-0.16920413,0.40145856,0.3430818,0.118807785,0.2748763,0.20766358,0.4857475,-0.49603462,0.7064474,-0.025148533,-0.24068588,0.047226746,-0.37689835,0.4896194,0.03481672,0.04891451,0.36492345,-0.49196413,-0.44470674,-0.22916938,0.52953005,-0.4419269,-0.14011502,-0.13157693,0.32133943,-0.26481098,0.11245385,-0.47022176,0.25611234,0.15981051,-0.085312344,0.4172441,-0.09802021,-0.23979236,-0.29270872,0.117417865,0.19843052,-0.14666753,-0.68000084,-0.0649599,-0.613781,0.038192246,-0.025148533,0.028661346,-0.5984918,0.19028954,0.23883757,0.14223792,-0.0052924887,-0.50635976,-0.21417807,0.4273707,-0.32715896,0.0017564066,-0.1467668,0.40304706,0.5101704,-0.011646423,0.06241662,0.3496343,-0.4935526,0.09637045,0.26564324,-0.24823119,0.24955983,0.23228507,-0.32656327,0.37147593,0.53022504,-0.035870798,-0.19422275,0.019626847,0.071153276,-0.09196412,-0.2572657,-0.5939249,-0.2741433,-0.035175834,-0.06466206,-0.45155707,-0.0039025657,0.055566285,0.040177852,-0.16999838,-0.41909245,0.21441464,0.27001154,0.13101925,0.50739056,0.10997184,-0.3685588,-0.33817905,0.14273432,0.03551168,-0.12442875,0.098157495,-0.20037812,0.02161245,-0.063768536,0.4850525,-0.23314059,-0.058208846,0.34536526,-0.5485538,-0.3329172,0.24727638,-0.13634238,-0.068732545,0.5899917,-0.052450594,-0.1512344,-0.19819395,-0.24495493,0.29155537,0.11831138,-0.15312074,-0.043614652,-0.24048732,0.7013841,0.13250846,0.2010118,0.31379414,0.08654171,-0.5441855,-0.058010284,-0.113706484,0.104213595,0.236157,-0.017702516,-0.10606191,-0.42772982,-0.29519072,0.31151068,-0.049273625,-0.077072084,-0.1382287,0.3455638,-0.17843719,-0.0068809725,0.2983064,-0.45523044,-0.5534186,0.0033448902,0.20677006,-0.24038805,-0.17069334,0.19684203,-0.15748906,0.035313122,0.1443228,0.39083558,0.12655164,0.07413168,-0.74473155,0.21828656,-0.3093878,0.4464325,-0.328946,-0.30382812,-0.056322522,0.23794405,-0.4102565,-0.13336398,0.34189042,-0.29390007,0.4102945,-0.3099835,-0.072902314,-0.07538433,0.21213119,-0.54815674,-0.13505173,0.077904336,-0.15897827,0.18403488,0.44434762,0.18959458,-0.06456278,-0.23075786,0.28917265,0.26663604,-0.41958883,-0.010554341,-0.39327958,-0.08948211,0.23814261,-0.26540667,0.24300733,-0.6868512,0.16278893,0.13052285,0.29880282,-0.19461986,0.40562832,-0.24684127,0.40106145,0.35400262,0.27090508,-0.22599241,0.127743,-0.45979732,-0.3670696,-0.08620587,-0.034778714,0.07363529,-0.12591796,-0.29270872,0.23486637,-0.26888147,-0.7648854,-0.1713883,-0.16146027,-0.23323987,-0.26083976,-0.05562756,-0.039742723,0.09785966,-0.25269878,-0.28546128,-0.4273327,0.14749977,-0.081738256,0.113248095,0.22116569,-0.29876482,0.30734092,0.25085047,0.045241144,-0.34572434,-0.38295445,0.087038115,-0.36031854,-0.39844215,0.04960947,0.21282615,-0.010951461,-0.34363946,0.35479686,0.3711781,0.12814012,-0.59561265,0.046531785,-0.1377323,0.31756678,0.11434017,0.0354124,0.17112847,0.22970378,-0.24287005,0.18909818,0.56507236,0.0991503,0.18969385,-0.5389237,0.0785993,-0.18459256,-0.05930093,-0.23234634,-0.28943247,-0.31782663,0.06331014,0.104213595,-0.22470178,0.08127986,0.15574002,-0.11271369,-0.19074793,-0.0043989667,0.22890955,-0.18925874,0.32660127,0.15504506,0.23059732,-0.43398446,0.050502993,0.21769089,-0.1633466,0.35122278,-0.058407407,0.1633846,-0.08283034,-0.15560274,-0.23879956,0.027569264,-0.18101847,-0.16205595,-0.10089934,-0.36637464,-0.10228926,-0.39993137,0.45238933,0.052687157,0.032632556,0.115531534,-0.024850693,0.080088496,0.07184824,0.019031165,-0.056322522,-0.19144289,0.12039627,-0.62926865,-0.0059874505,-0.17178541,-0.42554566,-0.09583605,0.15812275,0.66713244,-0.1763523,-0.035870798,0.12684949,-0.36478615,-0.2832771,0.16834861,0.16953997,0.20279884,-0.063867815,-0.27682388,0.4581476,0.25899145,-0.07667497,-0.07161167,0.12536028,-0.39983207,-0.31296188,0.50858194,-0.47776705,0.37961692,-0.14756104,-0.10020438,-0.52899563,-0.1697998,-0.199981,-0.20286012,0.13558614,0.24598575,0.30307186,-0.22013488,0.063409425,0.47383386,0.029554868,-0.29658064,-0.06952679,-0.04609666,0.35995942,-0.202463,0.4855489,0.17182343,-0.19869035,-0.006583132,-0.13435677,-0.10685615,-0.19064866,0.2688202,0.463608,-0.014426269,-0.44520313,-0.2110011,-0.22807729,0.41267723,-0.18806738,-0.043813214,-0.25398943,0.02081821,0.17539752,0.23059732,0.3461595,0.23943324,-0.21209319,-0.18558536,0.0991503,0.5043129,-0.1306834,0.20984775,0.12049555,-0.20961118,0.21987505,0.37097955,0.0077132196,0.17907088,0.19207658,-0.14885168,-0.044210333,0.24241166,-0.049372904,0.38041115,-0.3184223,-0.0739944,-0.19491771,-0.044309616,0.074528806,0.20984775,-0.17357247,-0.38077027,0.10530567,-0.540115,0.1081848,-0.34562507,-0.030013263,0.44335482,0.2682245,-0.049571466,0.18065935,0.163881,0.029753428,0.6788475,0.045340423,0.4088053,-0.24535206,0.2663382,-0.03368663,-0.089283556,0.058842532,-0.17019694,-0.28843966,-0.044408895,0.042560577,0.085648194,0.18929674,0.1824464,-0.5628502,-0.1462704,0.20428805,-0.15887898,0.03114335,0.1578249,0.041468494,-0.32070574,-0.048975784,0.27358565,0.0072168186,-0.22271617,0.020917488,-0.38444364,0.22136424,0.5088798,-0.1086432,0.33444443,0.4309448,-0.034877993,0.026874302,-0.08719867,0.5182121,-0.26004553,-0.43507656,0.06638783,-0.40876728,0.07264248,0.60438734,-0.12383307,-0.28407136,0.26157275,-0.3023389,-0.07339872,0.27100435,0.062813744,0.29453376,-0.74224955,0.06440222,-0.13038556,0.28996688,-0.18191199,0.05894181,-0.26004553,-0.19769755,-0.28853896,0.5678522,0.19694132,0.2913568,-0.13544886,0.19237442,-0.31812444,-0.34622076,0.29304457,0.37554643,-0.40062633,0.4464325,0.1714263,-0.43865064,0.22305201,-0.46515846,-0.2757318,0.2125283,0.2713022,-0.4494722,0.21699592,0.3174675,-0.10556551,0.31617686,-0.1010979,0.3972888,-0.2576628,0.07214608,0.33920985,0.32084304,0.2607785,-0.19213787,-0.07379584,-0.29806986,0.29165465,-0.38603213,-0.16016963,0.15206666,0.27150077,-0.01939028,-0.1904501,-0.07925625,-0.27801526,0.17966656,0.3496343,-0.13912222,-0.471016,-0.030112544,-0.31862086,0.3566832,0.17460327,-0.18628033,-0.29697776,-0.08977996,-0.2034558,-0.0014205603,0.07502521,-0.35088694,-0.12611651,-0.10923888,0.5025258,-0.25101104,-0.010852181,-0.14061143,-0.068037584,0.006422577,-0.045600258,0.10600064,-0.05076283,-0.25667,0.119602025,0.0061247363,-0.12790357,-0.07756849,0.11314881,-0.16791348,0.18562338,-0.19680403,-0.033785913,-0.396258,0.051098675,0.13360053,-0.048280824,0.35420117,0.027867105,-0.03755856,-0.39397454,-0.47617856,0.05328284,0.06618927,0.17599319,-0.18657817,-0.5271093,-0.15441138,0.022406692,-0.15520562,-0.09295692,0.07988994,0.4032456,0.45080084,-0.012341385,-0.17327462,-0.32358485,0.063508704,0.20925206,0.014364994,-0.18776953,-0.36150992,-0.3857343,-0.21338382,0.5980334,-0.15401426,-0.09921157,-0.14716393,-0.2159651,-0.072008796,-0.1186705,0.051495798,-0.43706214,-0.033885192,0.12923221,0.073138885,-0.36071566,0.11255313,-0.66491026,-0.013334187,0.6434045,-0.3680624,0.1714263,0.14869113,-0.15868042,-0.0730016,0.15921484,0.2045859,0.040475693,0.38487878,-0.053542674,-0.3294424,0.04921235,-0.37779188,0.12744516,0.059636775,0.17222054,0.09200212,-0.03805496,-0.18796809,0.1985298,-0.17099117,-0.22490034,0.17420615,-0.18747169,0.12069411,-0.23731036,0.06261518,0.27408203,-0.21536943,-0.1553049,-0.03358735,-0.116287775,0.0700612,0.11245385,-0.053939797,-0.15212794,-0.37391993,-0.17287749,-0.018893879,-0.14448336,0.25442457,-0.5269108,0.25452384,0.3255092,-0.6375089,0.015159236,-0.015617631,-0.18677673,-0.058308125,0.011882989,-0.15510634,-0.26441386,-0.28943247,0.41347146,0.09637045,-0.20573924,-0.049869306,-0.29936048,0.23992965,-0.14239848,-0.12164891,-0.25498223,0.29771075,-0.09385044,0.16358316,0.19287083,-0.047883704,0.104312874,0.060133174,0.03968145,0.020917488,-0.22182265,-0.043713935,-0.11946474,0.21590383,-0.30551586,-0.24138086,-0.41899315,0.68768346,-0.20911478,-0.18459256,-0.13733518,0.07601801,-0.49325475,0.15315874,0.45219076,0.49726397,-0.08074545,-0.08014978,0.08098202,0.3607537,-0.29310584,0.14342928,0.3436775,0.17420615,-0.17843719,-0.0018176812,0.22454122,0.5293315,-0.17019694,0.42071894,0.0101952255,-0.3113734,-0.018596038,0.14164223,-0.7513833,-0.37123936,-0.26381817,-0.04262185,0.03868865,0.15077601,0.09855462,0.19009098,0.14313143,0.01247867,0.38487878,0.3185596,-0.18330193,0.041170653,0.16745509,-0.22807729,0.12943077,0.39848015,0.028661346,0.41992468,0.158917,-0.14924881,-0.18876234,0.4133722,0.1758939,0.23049803,-0.12899564,0.03054767,0.06608999,0.17936872,-0.22351041,-0.022269405,0.5033201,0.14898898,0.24499294,-0.31276333,0.17003638,0.077209376,0.45477206,0.023498775,0.1633846,-0.029119741,0.24687926,-0.16384299,0.110468246,-0.03358735,0.34179115,0.2548217,0.054275643,0.091803566,-0.13058412,-0.10099862,-0.11648633,-0.46178293,0.18075864,0.1307214,0.023300214,0.024690136,0.2757698,-0.10755111,-0.07329944,-0.07776705,0.3320617,-0.13624309,-0.116982736,0.22037145,0.005429775,0.06400511,-0.5555035,0.11255313,0.14968394,-0.16592789,0.4460354,0.34764868,0.008209621,-0.20315796,-0.06198149,0.047127467,0.40086287,0.15236449,0.16616444,0.002848489,-0.08332674,-0.055329718,-0.21080254,-0.03726072,0.15166953,0.15703067,-0.36150992,-0.085312344,0.50729126,0.26762882,-0.21457519,0.064898625,-0.059201647,-0.3425474,0.14402495,-0.054634757,0.03888721,0.0072168186,-0.040735528,0.26564324,-0.06128653,-0.015716912,-0.457911,-0.38791844,0.15703067,0.11076608,0.33911058,-0.16493508,0.07671297,0.47184825,0.28142878,0.24310662,0.41158515,-0.021971565,-0.3283503,0.16616444,0.069664076,-0.15292217,0.07363529,-0.09712669,0.26494828,-0.045004576,0.33494082,0.10312151,0.13499045,-0.45384052,0.10282367,-0.28943247,0.26365763,-0.18002567,0.097462535,0.55554146,-0.17545879,0.78249604,0.18433273,0.07691153,-0.2737462,0.11632578,0.14948536,0.14601056,0.1919773,-0.01035578,0.11314881,-0.13157693,0.1167229,-0.021276604,-0.035076555,-0.025843494,-0.47617856,-0.09375116,-0.072008796,-0.10685615,-0.044408895,-0.22241832,0.13151565,0.14243647,-0.052252032,-0.24733765,-0.4850145,0.058743253,0.30356827,0.6295052,0.6223571,0.7656184,-0.4819368,0.24251093,-0.13336398,0.76730615,0.37038386,-0.5243295,0.42826423,-0.31832302,-0.47945482,0.5641788,0.5444221,-0.35882935,0.06807559,0.34983286,0.04404978,-0.3098842,0.5007388,0.56765366,-0.2813908,0.5809572,-0.5870746,0.22434266,-0.49821877,-0.054138355,0.30267474,0.21371967,-0.03745928,0.42419374,0.46966407,-0.35237613,0.2798403,-0.27970302,-0.09802021,-0.41790107,0.59118307,-0.008270895,-0.43964344,0.25005624,-0.2451535,-0.30422524,0.13687678,0.03015055,0.0051319343,-0.2823836,0.32421854,0.5569314,0.0720468,0.19009098,-0.14041287,-0.062378615,-0.27682388,-0.2441607,-0.19551338,0.2688202,-0.3430438,-0.05523044,0.34288323,0.13906094,0.104312874,0.18443201,0.12397035,0.29503018,0.24112101,0.04355338,0.041369215,-0.3857343,0.7219351,-0.6150716,0.75350624,-0.016808994,0.11235457,-0.25250024,-0.29360226,0.14114584,0.6924489,0.1894953,-0.25398943,-0.31405398,0.22920738,-0.5427956,0.6288103,-0.6159651,0.16110116,-0.4482808,0.06916767,0.059239652,0.2310937,-0.5025871,0.23198724,0.8647001,-0.01502195,-0.64535207,0.47016048,0.6275196,0.3144891,-0.67116493,-0.22569457,-0.24207582,-0.048677944,-0.11668489,-0.23850173,0.8456383,0.6080607,-0.26749155,0.24955983,-0.57406884,0.7711781,-0.26610163,-0.24028876,-0.87220734,0.21590383,-0.18637961,0.28927192,-0.08888643,0.806919,0.09875318,0.13687678,0.08475467,-0.5200604,0.20865639,-0.09921157,
0,0,0,0,0,0,0,0,0,0,0,0,0,0,0,0,0,0,0,1,0,0,0,0,0,0,0,0,0,0,0,0,0,0,0,0,0,0,0,0,0,0,0,0,0,0,0,0,0,0,0,0,0,0,0,0,0,0,0,0,0,0,0,0,0,0,0,0,0,0,0,0,0,0,0,0,0,0,0,0,0,0,0,0,0,0,0,0,0,0,0,0,0,0,0,0,0,0,0,0,0,0,0,0,0,0,0,0,0,0,0,0,0,0,0,0,0,0,0,0,0,0,0,0,0,0,0,0,0,0,0,0,0,0,0,0,0,0,0,0,0,0,0,0,0,0,0,0,0,0,0,0,0,0,0,0,0,0,0,0,0,0,0,0,0,0,0,0,0,0,0,0,0,0,0,0,0,0,0,0,0,0,0,0,0,0,0,0,0,0,0,0,0,0,0,0,0,0,0,0,0,0,0,0,0,0,0,0,0,0,0,0,0,0,0,0,0,0,0,0,0,0,0,0,0,0,0,0,0,0,0,0,0,0,0,0,0,0,0,0,0,0,0,0,0,0,0,0,0,0,0,0,0,0,0,0,0,0,0,0,0,0,0,0,0,0,0,0,0,0,0,0,0,0,0,0,0,0,0,0,0,0,0,0,0,0,0,0,0,0,0,0,0,0,0,0,0,0,0,0,0,0,0,0,0,0,0,0,0,0,0,0,0,0,0,0,0,0,1,0,0,0,0,0,0,0,0,0,0,0,0,0,0,0,0,0,0,0,0,0,0,0,0,0,0,0,0,0,0,0,0,0,0,0,0,0,0,0,0,0,0,0,0,0,0,0,0,0,0,0,0,0,0,0,0,0,0,0,0,0,0,0,0,0,0,0,0,0,0,0,0,0,0,0,0,0,0,0,0,0,0,0,0,0,0,0,0,0,0,0,0,0,0,0,0,0,0,0,0,0,0,0,0,0,0,0,0,0,0,0,0,0,0,0,0,0,0,0,0,0,0,0,0,0,0,0,0,0,0,0,0,0,0,0,0,0,0,0,0,0,0,0,0,0,0,0,0,0,0,0,0,0,0,0,0,0,0,0,0,0,0,0,0,0,0,0,0,0,0,0,0,0,0,0,0,0,0,0,0,0,0,0,0,0,0,0,0,0,0,0,0,0,0,0,0,0,0,0,0,0,0,0,0,0,0,0,0,0,0,0,0,0,0,0,0,0,0,0,0,0,0,0,0,0,0,0,0,0,0,0,0,0,0,0,0,0,0,0,0,0,0,0,0,0,0,0,0,0,0,0,0,0,0,0,0,0,0,0,0,0,0,0,0,0,0,0,0,0,0,0,0,0,0,0,0,0,0,0,0,0,0,0,0,0,0,0,0,0,0,0,0,0,0,0,0,0,0,0,0,0,0,0,0,0,0,0,0,0,0,0,0,0,0,0,0,0,0,0,0,0,0,0,0,0,0,0,0,0,0,0,0,0,0,0,0,0,0,0,0,0,0,0,0,0,0,0,0,0,0,0,0,0,0,0,0,0,0,0,0,0,0,0,0,0,0,0,0,0,0,0,0,0,0,0,0,0,0,0,0,0,0,0,0,0,0,0,0,0,0,0,0,0,0,0,0,0,0,0,0,0,0,0,0,0,0,0,0,0,0,0,0,0,0,0,0,0,0,0,0,0,0,0,0,0,0,0,0,0,0,0,0,0,0,0,0,0,0,0,0,0,0,0,0,0,0,0,0,0,0,0,0,0,0,0,0,0,0,0,0,0,0,0,0,0,0,0,0,0,0,0,0,0,0,0,0,0,0,0,0,0,0,0,0,0,0,0,0,0,0,0,0,0,0,0,0,0,0,0,0,0,0,0,0,0,0,0,0,0,0,0,0,0,0,0,0,0,0,0,0,0,0,0,0,0,0,0,0,0,0,0,0,0,0,0,0,0,0,0,0,0,0,0,0,0,0,0,0,0,0,0,0,0,0,0,0,0,0,0,0,0,0,0,0,0,0,0,0,0,0,0,0,0,0,0,0,0,0,0,0,0,0,0,0,0,0,0,0,0,0,0,0,0,0,0,0,0,0,0,0,0,0,0,0,0,0,0,0,0,0,0,0,0,0,0,0,0,0,0,0,0,0,0,0,0,0,0,0,0,0,0,0,0,0,0,0,0,0,0,0,0,0,0,0,0,0,0,0,0,0,0,0,0,0,0,0,0,0,0,0,0,0,0,0,0,0,0,0,0,0,0,0,0,0,0,0,0,0,0,0,0,0,0,0,0,0,0,0,0,0,0,0,0,0,0,0,0,0,0,0,0,0,0,0,0,0,0,0,0,0,0,0,0,0,0,0,0,0,0,0,0,0,0,0,0,0,0,0,0,0,0,0,0,0,0,0,0,0,0,0,0,0,0,0,0,0,0,0,0,0,0,0,0,0,0,0,0,0,0,0,0,0,0,0,0,0,0,0,0,0,0,0,0,0,0,0,0,0,0,0,0,0,0,0,0,0,0,0,0,0,0,0,0,0,0,0,0,0,0,0,0,0,0,0,0,0,0,0,0,0,0,0,0,0,0,0,0,0,0,0,0,0,0,0,0,0,0,0,0,0,0,0,0,0,0,0,0,0,0,0,0,0,0,0,0,0,0,0,0,0,0,0,0,0,0,0,0,0,0,0,0,0,0,0,0,0,0,0,0,0,0,0,0,0,0,0,0,0,0,0,0,0,0,0,0,0,0,0,0,0,0,0,0,0,0,0,0,0,0,0,0,0,0,0,0,0,0,0,0,0,0,0,0,0,0,0,0,0,0,0,0,0,0,0,0,0,0,0,0,0,0,0,0,0,0,0,0,0,0,0,0,0,0,0,0,0,0,0,0,0,0,0,0,0,0,0,0,0,0,0,0,0,0,0,0,0,0,0,0,0,0,0,0,0,0,0,0,0,0,0,0,0,0,0,0,0,0,0,0,0,0,0,0,0,0,0,0,0,0,0,0,0,0,0,0,0,0,0,0,0,0,0,0,0,0,0,0,0,0,0,0,0,0,0,0,0,0,0,0,0,0,0,0,0,0,0,0,0,0,0,0,0,0,0,0,0,0,0,0,0,0,0,0,0,0,0,0,0,0,0,0,0,0,0,0,0,0,0,0,0,0,0,0,0,0,0,0,0,0,0,0,0,0,0,0,0,0,0,0,0,0,0,0,0,0,0,0,0,0,0,0,0,0,0,0,0,0,0,0,0,0,0,0,0,0,0,0,0,0,0,0,0,0,0,0,0,0,0,0,0,0,0,0,0,0,0,0,0,0,0,0,0,0,0,0,0,0,0,0,0,0,0,0,0,0,0,0,0,0,0,0,0,0,0,0,0,0,0,0,0,0,0,0,0,0,0,0,0,0,0,0,0,0,0,0,0,0,0,0,0,0,0,0,0,0,0,0,0,0,0,0,0,0,0,0,0,0,0,0,0,0,0,0,0,0,0,0,0,0,0,0,0,0,0,0,0,0,0,0,0,0,0,0,0,0,0,0,0,0,0,0,0,0,0,0,0,0,0,0,0,0,0,0,0,0,0,0,0,0,0,0,0,0,0,0,0,0,0,0,0,0,0,0,0,0,0,0,0,0,0,0,0,0,0,0,0,0,0,0,0,0,0,0,0,0,0,0,0,0,0,0,0,0,0,0,0,0,0,0,0,0,0,0,0,0,0,0,0,0,0,0,0,0,0,0,0,0,0,0,0,0,0,0,0,0,0,0,0,0,0,0,0,0,0,0,0,0,0,0,0,0,0,0,0,0,0,0,0,0,0,0,0,0,0,0,0,0,0,0,0,0,0,0,0,0,0,0,0,0,0,0,0,0,0,0,0,0,0,0,0,0,0,0,0,0,0,0,0,0,0,0,0,0,0,0,0,0,0,0,0,0,0,0,0,0,0,0,0,0,0,0,0,0,0,0,0,0,0,0,0,0,0,0,0,0,0,0,0,0,0,0,0,0,0,0,0,0,0,0,0,0,0,0,0,0,0,0,0,0,0,0,0,0,0,0,0,0,0,0,0,0,0,0,0,0,0,0,0,0,0,0,0,0,0,0,0,0,0,0,0,0,0,0,0,0,0,0,0,0,0,0,0,0,0,0,0,0,0,0,0,0,0,0,0,0,0,0,0,0,0,0,0,0,0,0,0,0,0,0,0,0,0,0,0,0,0,0,0,0,0,0,0,0,0,0,0,0,0,0,0,0,0,0,0,0,0,0,0,0,0,0,0,0,0,0,0,0,0,0,0,0,0,0,0,0,0,0,0,0,0,0,0,0,0,0,0,0,0,0,0,0,0,0,0,0,0,0,0,0,0,0,0,0,0,0,0,0,0,0,0,0,0,0,0,0,0,0,0,0,0,0,0,0,0,0,0,0,0,0,0,0,0,0,0,0,0,0,0,0,0,0,0,0,0,0,0,0,0,0,0,0,0,0,0,0,0,0,0,0,0,0,0,0,0,0,0,0,0,0,0,0,0,0,0,0,0,0,0,0,0,0,0,0,0,0,0,0,0,0,0,0,0,0,0,0,0,0,0,0,0,0,0,0,0,0,0,0,0,0,0,0,0,0,0,0,0,0,0,0,0,0,0,0,0,0,0,0,0,0,0,0,0,0,0,0,0,0,0,0,0,0,0,0,0,0,0,0,0,0,0,0,0,0,0,0,0,0,0,0,0,0,0,0,0,0,0,0,0,0,0,0,0,0,0,0,0,0,0,0,0,0,0,0,0,0,0,0,0,0,0,0,0,0,0,0,0,0,0,0,0,0,0,0,0,0,0,0,0,0,0,0,0,0,0,0,0,0,0,0,0,0,0,0,0,0,0,0,0,0,0,0,0,0,0,0,0,0,0,0,0,0,0,0,0,0,0,0,0,0,0,0,0,0,0,0,0,0,0,0,0,0,0,0,0,0,0,0,0,0,0,0,0,0,0,0,0,0,0,0,0,0,0,0,0,0,0,0,0,0,0,0,0,0,0,0,0,0,0,0,0,0,0,0,0,0,0,0,0,0,0,0,0,0,0,0,0,0,0,0,0,0,0,0,0,0,0,0,0,0,0,0,0,0,0,0,0,0,0,0,0,0,0,0,0,0,0,0,0,0,0,0,0,0,0,0,0,0,0,0,0,0,0,0,0,0,0,0,0,0,0,0,0,0,0,0,0,0,0,0,0,0,0,0,0,0,0,0,0,0,0,0,0,0,0,0,0,0,0,0,0,0,0,0,0,0,0,0,0,0,0,0,0,0,0,0,0,0,0,0,0,0,0,0,0,0,0,0,0,0,0,0,0,0,0,0,0,0,0,0,0,0,0,0,0,0,0,0,0,0,0,0,0,0,0,0,0,0,0,0,0,0,0,0,0,0,0,0,0,0,0,0,0,0,0,0,0,0,0,0,0,0,0,0,0,0,0,0,0,0,0,0,0,0,0,0,0,0,0,0,0,0,0,0,0,0,0,0,0,0,0,0,0,0,0,0,0,0,0,0,0,0,0,0,0,0,0,0,0,0,0,0,0,0,0,0,0,0,0,0,0,0,0,0,0,0,0,0,0,0,0,0,0,0,0,0,0,0,0,0,0,0,0,0,0,0,0,0,0,0,0,0,0,0,0,0,0,0,0,0,0,0,0,0,0,0,0,0,0,0,0,0,0,0,0,0,0,0,0,0,0,0,0,0,0,0,0,0,0,0,0,0,0,0,0,0,0,0,0,0,0,0,0,0,0,0,0,0,0,0,0,0,0,0,0,0,0,0,0,0,0,0,0,0,0,0,0,0,0,0,0,0,0,0,0,0,0,0,0,0,0,0,0,0,0,0,0,0,0,0,0,0,0,0,0,0,0,0,0,0,0,0,0,0,0,0,0,0,0,0,0,0,0,0,0,0,0,0,0,0,0,0,0,0,0,0,0,0,0,0,0,0,0,0,0,0,0,0,0,0,0,0,0,0,0,0,0,0,0,0,0,0,0,0,0,0,0,0,0,0,0,0,0,0,0,0,0,0,0,0,0,0,0,0,0,0,0,0,0,0,0,0,0,0,0,0,0,0,0,0,0,0,0,0,0,0,0,0,0,0,0,0,0,0,0,0,0,0,0,0,0,0,0,0,0,0,0,0,0,0,0,0,0,0,0,0,0,0,0,0,0,0,0,0,0,0,0,0,0,0,0,0,0,0,0,0,0,0,0,0,0,0,0,0,0,0,0,0,0,0,0,0,0,0,0,0,0,0,0,0,0,0,0,0,0,0,0,0,0,0,0,0,0,0,0,0,0,0,0,0,0,0,0,0,0,0,0,0,0,0,0,0,0,0,0,0,0,0,0,0,0,0,0,0,0,0,0,0,0,0,0,0,0,0,0,0,0,0,0,0,0,0,0,0,0,0,0,0,0,0,0,0,0,0,0,0,0,0,0,0,0,0,0,0,0,0,0,0,0,0,0,0,0,0,0,0,0,0,0,0,0,0,0,0,0,0,0,0,0,0,0,0,0,0,0,0,0,0,0,0,0,0,0,0,0,0,0,0,0,0,0,0,0,0,0,0,0,0,0,0,0,0,0,0,0,0,0,0,0,0,0,0,0,0,0,0,0,0,0,0,0,0,0,0,0,0,0,0,0,0,0,0,0,0,0,0,0,0,0,0,0,0,0,0,0,0,0,0,0,0,0,0,0,0,0,0,0,0,0,0,0,0,0,0,0,0,0,0,0,0,0,0,0,0,0,0,0,0,0,0,0,0,0,0,0,0,0,0,0,0,0,0,0,0,0,0,0,0,0,0,0,0,0,0,0,0,0,0,0,0,0,0,0,0,0,0,0,0,0,0,0,0,0,0,0,0,0,0,0,0,0,0,0,0,0,0,0,0,0,0,0,0,0,0,0,0,0,0,0,0,0,0,0,0,0,0,0,0,0,0,0,0,0,0,0,0,0,0,0,0,0,0,0,0,0,0,0,0,0,0,0,0,0,0,0,0,0,0,0,0,0,0,0,0,0,0,0,0,0,0,0,0,0,0,0,0,0,0,0,0,0,0,0,0,0,0,0,0,0,0,0,0,0,0,0,0,0,0,0,0,0,0,0,0,0,0,0,0,0,0,0,0,0,0,0,0,0,0,0,0,0,0,0,0,0,0,0,0,0,0,0,0,0,0,0,0,0,0,0,0,0,0,0,0,0,0,0,0,0,0,0,0,0,0,0,0,0,0,0,0,0,0,0,0,0,0,0,0,0,0,0,0,0,0,0,0,0,0,0,0,0,0,0,0,0,0,0,0,0,0,0,0,0,0,0,0,0,0,0,0,0,0,0,0,0,0,0,0,0,0,0,0,0,0,0,0,0,0,0,0,0,0,0,0,0,0,0,0,0,0,0,0,0,0,0,0,0,0,0,0,0,0,0,0,0,0,0,0,0,0,0,0,0,0,0,0,0,0,0,0,0,0,0,0,0,0,0,0,0,0,0,0,0,0,0,0,0,0,0,0,0,0,0,0,0,0,0,0,0,0,0,0,0,0,0,0,0,0,0,0,0,0,0,0,0,0,0,0,0,0,0,0,0,0,0,0,0,0,0,0,0,0,0,0,0,0,0,0,0,0,0,0,0,0,0,0,0,0,0,0,0,0,0,0,0,0,0,0,0,0,0,0,0,0,0,0,0,0,0,0,0,0,0,0,0,0,0,0,0,0,0,0,0,0,0,0,0,0,0,0,0,0,0,0,0,0,0,0,0,0,0,0,0,0,0,0,0,0,0,0,0,0,0,0,0,0,0,0,0,0,0,0,0,0,0,0,0,0,0,0,0,0,0,0,0,0,0,0,0,0,0,0,0,0,0,0,0,0,0,0,0,0,0,0,0,0,0,0,0,0,0,0,0,0,0,0,0,0,0,0,0,0,0,0,0,0,0,0,0,0,0,0,0,0,0,0,0,0,0,0,0,0,0,0,0,0,0,0,0,0,0,0,0,0,0,0,0,0,0,0,0,0,0,0,0,0,0,0,0,0,0,0,0,0,0,0,0,0,0,0,0,0,0,0,0,0,0,0,0,0,0,0,0,0,0,0,0,0,0,0,0,0,0,0,0,0,0,0,0,0,0,0,0,0,0,0,0,0,0,0,0,0,0,0,0,0,0,0,0,0,0,0,0,0,0,0,0,0,0,0,0,0,0,0,0,0,0,0,0,0,0,0,0,0,0,0,0,0,0,0,0,0,0,0,0,0,0,0,0,0,0,0,0,0,0,0,0,0,0,0,0,0,0,0,0,0,0,0,0,0,0,0,0,0,0,0,0,0,0,0,0,0,0,0,0,0,0,0,0,0,0,0,0,0,0,0,0,0,0,0,0,0,0,0,0,0,0,0,0,0,0,0,0,0,0,0,0,0,0,0,0,0,0,0,0,0,0,0,0,0,0,0,0,0,0,0,0,0,0,0,0,0,0,0,0,0,0,0,0,0,0,0,0,0,0,0,0,0,0,0,0,0,0,0,0,0,0,0,0,0,0,0,0,0,0,0,0,0,0,0,0,0,0,0,0,0,0,0,0,0,0,0,0,0,0,0,0,0,0,0,0,0,0,0,0,0,0,0,0,0,0,0,0,0,0,0,0,0,0,0,0,0,0,0,0,0,0,0,0,0,0,0,0,0,0,0,0,0,0,0,0,0,0,0,0,0,0,0,0,0,0,0,0,0,0,0,0,0,0,0,0,0,0,0,0.33823627,-0.5024131,-0.54955626,1.1584766,-0.21297602,-0.8186686,0.72533303,-0.14694187,-0.420018,-0.25489044,0.42425779,0.34633243,-0.1121116,0.22522764,-0.5634715,-0.17755541,-0.03755963,-0.15579703,0.18120487,0.28797275,0.047871534,0.3450674,-0.3980066,0.10800225,-0.6073256,0.40536678,0.85520864,0.030329894,0.8035958,0.13423038,-0.11219593,-0.12973757,0.9216645,-0.017572278,-0.49119657,0.68873173,0.360079,-0.057462644,-0.08925687,0.19646947,-0.54348415,0.103448175,0.05200394,-0.7138405,0.8007284,0.042052433,-0.121894434,-0.29629883,0.12950763,-0.24493892,-0.17376034,-0.13496633,-0.5575681,-0.2250359,-0.28761235,0.16197653,0.3705365,0.32330903,0.4250168,-0.8820041,0.15286838,1.0561786,0.3850421,0.39313823,-0.018078286,-0.18531421,0.15042266,0.7282848,-0.83755964,-0.35330915,0.7050084,-0.1218101,-0.1743507,0.40646315,0.064991504,0.35080218,-0.088160515,-0.5575681,-0.2541314,0.24428731,-0.06336608,0.37913868,0.07915975,0.15303704,0.46052176,0.5846626,0.4996531,0.0036800944,0.060606092,-0.19577172,0.022402423,-0.43848732,-0.09254593,0.07232863,-0.46066737,-0.036463276,0.29851457,0.36994618,0.10699023,0.3658981,0.6476607,0.0994001,0.18356624,-0.024234727,-0.2373488,-0.055607278,-0.5995668,0.41455927,-0.33340615,0.20026453,-0.024825072,-0.41200617,0.19225273,-0.35567054,0.6016982,0.15835014,0.47460568,0.931363,0.2614916,0.021390405,-0.30717802,-0.7346712,-0.14626719,0.3157189,-0.1709773,0.84888357,-0.3272497,-0.31696084,-0.32277995,0.19259007,0.35316354,0.78875285,0.53026664,0.012029241,0.58887935,-0.13327964,-0.18101314,-0.36857376,0.36986184,0.12124282,-0.18978396,0.1202308,-0.58995265,-0.15545969,0.3630307,0.07915975,-0.110424906,-0.16524252,-0.631108,-0.03621027,0.21342076,-0.40686175,-0.41563258,-0.6025185,0.30129763,-0.07711265,-0.3907538,0.15227802,0.11567672,-0.19998847,0.41540262,-0.14947192,-0.7420926,0.14915764,-0.31384045,-0.3609836,-0.41268086,0.14418189,-0.28761235,0.20481862,0.44196808,-0.43182486,0.47696704,-0.8160542,-0.12206311,-0.44514975,-0.5074732,0.29918927,-0.5083165,0.76935583,0.050823253,0.11694174,0.29277983,0.57707244,-0.27462476,-0.1503996,-0.2581795,-0.115991,0.5069059,-0.3168765,0.056136347,0.029486546,-0.35356215,-0.33635786,-0.07643797,-0.06918518,-0.18101314,-0.2090123,0.48565352,0.23585382,0.35712728,-0.287275,0.0053667906,-0.044475082,0.008487178,0.45343763,-0.6392885,-0.39007914,-0.1692906,-0.19332603,0.31757426,0.33326054,0.3423687,-0.43553558,0.21721584,0.039691057,-0.3536465,0.11980913,0.43775135,-0.29022673,-0.34909242,-0.29132307,-0.687528,0.15877181,0.0836295,-0.14356849,0.6684914,-0.0034883644,0.3545129,-0.49912405,0.17530143,-0.40559673,0.15868747,-0.27268508,-0.054173585,-0.21373504,-0.07508862,-0.10722018,0.29016545,-0.12729186,0.08987027,-0.026090093,-0.023813054,0.4708106,0.3324172,0.34498307,0.21983021,0.32828477,0.18727697,0.5393748,0.072918974,-0.25615546,0.32111633,0.40216208,0.1623982,0.551266,-0.36781475,0.3104058,-0.52240044,0.105050534,-0.56718224,0.16534993,0.35409123,0.15177202,0.51171297,-0.22351788,0.045847498,0.26553968,-0.31164774,0.08531619,0.7365496,-0.32041857,0.02729384,0.06144944,0.44618484,-0.44877616,0.43513697,-0.36756173,0.11744775,0.4202097,0.21957721,0.13094132,-0.211711,-0.3650317,-0.38729608,-0.3190692,-0.3994403,-0.48672682,-0.42069265,-0.10064206,0.34051332,-0.07879935,-0.25564945,-0.0070304265,-0.05425792,-0.15436333,0.15590443,0.26452765,0.033787623,0.008655848,-0.18953095,-0.21837346,0.31799594,-0.15385734,-0.44776413,0.226577,-0.0990397,0.28974378,-0.48588347,-0.26391426,-0.18025413,0.22801068,0.06912391,0.18752998,0.09703873,-0.7303701,0.17665079,-0.28331125,-0.10705151,-0.3602246,0.09897843,0.087846234,-0.23886682,-0.3189849,0.11677308,0.27751523,0.10766491,0.5635789,0.21342076,0.2873824,-0.31476814,-0.20791595,0.2476607,-0.06673947,0.09020761,0.49484602,-0.13108693,0.1793495,-0.13564101,0.26208195,-0.6179518,0.3177429,0.4955207,-0.11177426,0.38630712,-0.054510925,-0.10806353,-0.101401076,0.016667655,-0.3921875,0.22362527,-0.18253116,0.49037626,-0.19661507,0.084219836,0.28459933,0.4708106,-0.458812,-0.064546764,-0.17738675,-0.15883309,-0.36292332,-0.12729186,-0.39564523,-0.14626719,0.10032778,0.1105323,0.029739551,0.121664494,-0.034186237,0.0039330986,-0.4862208,0.31782725,-0.2625649,-0.30186492,-0.0075364355,0.26402166,-0.26846832,0.04711252,-0.06555878,0.2154448,-0.013608541,0.19512011,-0.2075786,0.4225711,0.10817093,0.28561136,-0.48057038,0.27878025,-0.18345885,0.42973956,0.22801068,-0.14390582,0.100159116,0.30214098,-0.06370342,-0.045571435,0.340935,-0.026596103,0.121664494,-0.24924,-0.34529734,-0.3068407,0.35603094,0.1999272,-0.3474057,0.54654324,-0.18472387,0.119050115,-0.5143886,-0.12965325,-0.25058934,0.40739083,0.29084012,0.13431472,0.119050115,-0.04919783,0.3111648,0.029739551,0.11592972,-0.061004706,-0.06505278,-0.017656613,0.35274187,0.07932842,0.11188165,0.2912618,-0.5242558,0.17504843,-0.09667833,0.015739972,-0.031571858,0.16341022,-0.028704472,0.55042267,-0.13049659,0.22058922,-0.14913458,0.11449603,0.25769654,-0.1976271,0.04500415,0.3348629,0.25390148,0.19807182,-0.09094356,0.30753842,0.15126601,-0.07551029,0.27490085,-0.115991,0.16728963,0.08109945,0.37407857,0.41624597,0.12495355,-0.10081074,0.054955658,0.18280722,-0.10806353,0.31175515,0.04694385,0.19571045,-0.017319273,-0.1518333,0.10479753,0.26419032,0.33528456,0.51525503,-0.2284093,0.07038893,0.14696494,-0.20412087,0.2581182,0.21342076,0.033871956,0.067352876,-0.14694187,0.1396278,-0.10359378,-0.07778733,-0.09693133,0.056136347,0.16838598,-0.53648436,-0.086220816,0.44272712,0.11753209,0.10724324,0.28510535,0.06566618,-0.22436123,-0.0031510252,0.002077733,-0.211205,0.3820904,0.13448338,0.0860752,-0.32446665,-0.29781684,-0.007705105,-0.46884784,0.23728752,-0.667878,0.008149839,0.23256476,-0.19771142,0.16568726,-0.035198253,-0.24578227,-0.26889002,0.23189008,0.035389982,-0.06834184,-0.40947613,0.009414861,-0.2524447,0.46625653,0.060690425,-0.1082322,-0.0082111135,-0.28963637,-0.051727876,-0.073570594,0.0027524114,-0.24586661,0.18187955,0.19613212,0.36910284,0.397355,0.029486546,0.2917678,0.36960882,-0.29587716,-0.45484826,0.28046694,0.095436364,-0.38265768,-0.024909405,-0.19509704,0.0994001,0.26613003,0.14274819,0.44382346,0.3285378,0.532881,-0.009223131,0.1410615,0.19149372,0.27279246,0.04129342,-0.23389107,-0.20867495,-0.16051978,0.11154432,0.22843236,-0.03443924,0.18457825,-0.39185017,-0.010909827,-0.4244034,0.15953082,-0.21601209,0.17715679,0.11407436,-0.0082111135,0.08936426,-0.001464329,-0.049788173,0.021053065,-0.19661507,-0.20133783,0.35459724,-0.19703676,-0.47761866,0.43404064,-0.28541964,-0.12425581,-0.19695242,-0.51143694,0.26596135,0.077304386,0.18845767,0.07215996,0.11390569,-0.04025834,0.19613212,0.061027765,0.23281777,-0.24595094,-0.022210693,-0.4268491,0.014306281,0.3283691,-0.3800433,-0.24848099,-0.48048604,0.17041,-0.21592775,0.06853356,0.058919393,-0.105027474,-0.36806774,0.39777666,-0.363598,0.23248044,-0.11548499,0.29244247,0.011101558,-0.04337873,-0.31696084,0.21004738,0.13760377,-0.21036164,-0.086811155,0.031088907,-0.119027056,0.087171555,-0.15874875,0.113399684,0.070304595,0.08211147,0.27684054,-0.33736986,-0.019258974,0.57875913,0.21890253,-0.22714427,0.029149206,0.10926727,0.013968941,-0.11953306,-0.36520037,-0.11354529,-0.31594884,-0.1315086,-0.13977341,-0.3902478,-0.17915778,-0.249493,-0.13471332,-0.09937704,-0.135388,-0.039583664,0.056811024,0.30053863,0.29412916,-0.1831215,0.056473684,-0.10932855,-0.57570004,0.038088698,0.13878445,0.12976064,0.21232441,0.10479753,-0.041860703,0.17648211,0.5402182,0.00022236718,-0.2262166,-0.0018860031,-0.23532476,0.05377497,-0.29975656,-0.18253116,-0.110677905,0.28173196,0.14055549,0.24133559,-0.37262183,0.19579479,-0.2863473,-0.0061027436,0.028052853,0.17091602,0.10758058,-0.20167516,0.008908853,0.40933052,0.25491348,0.057991713,0.44432947,0.08329216,0.001656059,0.33233285,0.08438851,-0.16861592,0.13144733,0.19326475,0.06912391,-0.6049642,0.43918505,0.039775394,0.09391834,-0.16144747,-0.048354484,-0.3563452,-0.22124085,-0.09870236,0.06591918,0.042221103,-0.062438395,-0.27479345,0.22429995,0.0031740854,0.2766719,0.033197276,-0.028367134,-0.24848099,0.101845816,0.30349034,0.3101528,-0.10258176,0.20540896,-0.07196823,0.15700078,-0.019427644,0.3331762,0.20886669,-0.3199969,-0.46530578,0.016077312,0.06203978,-0.3075997,-0.039499328,-0.49870238,-0.061679382,-0.3188162,-0.07247424,-0.034186237,-0.038402975,0.04011273,0.17808448,-0.053414572,0.5538804,0.245974,0.08278614,0.29522553,-0.07508862,0.11213466,-0.111689925,-0.3541525,-0.08950987,-0.5203764,0.04905222,0.0052824556,0.010848553,0.22227591,0.10167714,0.010173875,0.20928836,0.056811024,0.026366157,-0.19914512,0.13861579,-0.21727711,0.24901006,-0.060245693,-0.26492628,0.5643379,-0.07551029,-0.112701945,0.1398808,0.2520461,-0.0038257036,0.6580339,0.63374543,-0.21255435,0.079834424,0.22505897,0.16762696,-0.12240045,-0.0474268,-0.45020986,-0.033342887,0.084894516,0.041968096,0.12571256,-0.31493682,0.33089915,0.151013,0.09121963,-0.06319741,-0.0022233422,-0.03814997,0.11162865,0.008571513,0.5187971,0.05571467,-0.01900597,-0.12855689,-0.17603739,0.20557763,-0.21381938,0.026281822,-0.23279472,-0.20892796,0.09231598,0.3232247,-0.028367134,0.29303282,-0.010319484,-0.1084852,-0.18683223,-0.27656448,0.43749836,0.19301175,-0.3188162,-0.1084852,0.2772622,-0.089425534,0.017848343,-0.2436739,-0.014030215,0.0688709,-0.16988094,0.092484646,0.42543846,-0.16186914,-0.021873353,0.227336,0.042305436,0.47140095,-0.021620348,0.3271041,0.46187112,-0.35600787,-0.023307044,-0.020102322,-0.07230557,-0.09094356,0.08008743,0.1999272,-0.3960669,0.2445403,-0.052908562,-0.3119851,0.227083,0.033028606,0.2292757,0.15109734,-0.18227816,-0.027017776,-0.12315946,0.5110383,0.27321413,0.25491348,-0.23110801,-0.12560517,-0.29267243,-0.054595258,0.21999888,-0.12121976,0.05023291,-0.24274622,0.26081693,0.13726643,0.29159912,0.1069059,0.19132504,-0.135388,-0.1773024,-0.23667412,0.26410598,0.017342333,0.5948671,0.2626723,0.17192803,-0.13201462,-0.5045215,-0.34926108,-0.02499374,0.056811024,-0.16861592,-0.01951198,0.4802561,-0.034354903,-0.37953728,0.16712095,-0.111689925,0.113062344,-0.19560306,0.1941081,0.09062928,0.20110789,0.055546,-0.2906484,-0.24915567,0.18061453,0.3683438,0.076292366,-0.22613226,0.34523606,-0.29241943,-0.0042473776,0.23416713,0.90589386,-0.00762077,0.37981334,-0.07593197,-0.054932598,0.03463097,-0.14053243,0.472919,-0.020861335,-0.31240678,-0.20437388,-0.34597203,-0.10030472,0.24074525,-0.24063785,-0.119027056,0.013715937,-0.039414994,0.1032795,0.13785678,0.23779352,-0.22950566,0.2872137,-0.2616372,-0.026174428,-0.18185648,-0.03005383,0.23526348,-0.43933067,-0.054173585,0.10892994,0.049473897,-0.1845552,-0.01900597,-0.5082322,-0.017234938,0.20119222,-0.14027943,-0.30000955,-0.017825281,-0.2400475,0.025016801,-0.26796234,-0.041607697,0.18289156,0.11989346,0.008234174,0.3154659,0.07165395,-0.16439918,0.020209717,0.25398582,-0.6269756,0.010848553,-0.2269756,-0.25514343,0.24825104,0.3308148,-0.35035744,-0.06648647,-0.18000112,0.09113529,0.2752382,-0.28398594,-0.038908985,0.4119449,0.13313402,0.28409332,0.0325226,-0.1487129,0.06094343,0.13009797,-0.10317211,0.056642354,-0.18556722,-0.36781475,-0.017150603,0.22505897,0.0972074,0.10648423,0.09847242,0.3959213,0.16610894,-0.2456136,-0.19728975,0.15033832,0.5533744,0.19495144,0.15775979,-0.042451046,0.06946125,-0.25876984,0.15506108,-0.29317844,0.10901427,-0.15419467,-0.02566842,-0.29806986,0.04500415,0.037076678,-0.09558198,-0.10662983,-0.3808023,-0.06842617,-0.4704502,-0.41141585,0.033028606,0.4261975,-0.16684489,-0.11641268,-0.104352795,-0.2136507,0.027209505,0.24614267,-0.26804665,0.16804864,-0.0087171225,0.08548486,-0.25067368,-0.12830389,-0.2419872,0.27178046,-0.028282799,-0.10519614,0.014306281,-0.076522306,-0.33517718,-1.278715,0.95447075,0.0591724,1.3720967,1.2132943,0.24521498,0.42147473,1.3446035,1.138152,-0.07635364,-0.69402176,0.19967419,-0.60622925,1.0050716,-1.4031932,-0.16490519,-0.8839438,1.1002856,-0.7820673,-0.9043528,-0.55866444,-0.6592758,-0.036800615,-0.06716114,-0.09583498,1.2853162,1.0894064,0.053690635,1.2732563,-0.14854424,0.06844923,-0.7096237,0.91424304,-0.6790102,0.07435267,-1.395856,-0.2225902,-1.0010848,-0.4067774,1.1879095,1.1835241,0.8401971,0.6772622,-0.5557127,-1.0253732,1.3672897,0.39727065,-0.573423,-1.3239185,-1.0792632,-0.030812843,-0.023475714,-1.220524,1.2515823,1.3259655,-0.65615547,-0.060077023,0.08067778,0.8178483,-0.5690376,-0.54399014,1.212704,0.10218315,-0.9394361,-0.23473442,0.23349245,0.6879727,-1.4193854,-0.13606268,-0.8091388,0.8473655,1.0650337,-1.3574837,0.758055,-1.2435474,-0.78426003,-0.38535637,-0.6920821,-1.3847239,-0.3597186,-0.9412071,-1.0248673,-0.69098574,1.3576754,0.47781038,0.23382978,-0.85670364,0.45149794,-1.1123224,0.3450674,0.2501064,-0.8190903,-0.94525516,-0.8452341,-1.0559868,-0.5188584,0.73638093,1.0685757,-0.3197439,-0.9465202,0.8326069,0.32364637,-0.84953517,-0.09946138,1.238932,0.02746251,-0.935135,-0.58227813,1.2164147,0.18702397,0.58280724,-1.3294002,-0.6055546,0.30281568,-0.93960476,-0.03249954,-0.17772408,-0.11312362,0.60928833,-0.18497688,-0.38510337,0.855799,0.79364425,0.88691854,-1.1121538,1.3202308,-0.12535216,0.2506124,
1,1,0,0,0,0,0,0,0,0,0,0,0,0,0,0,0,0,0,0,0,0,0,0,0,0,0,1,0,0,0,0,0,0,0,0,0,0,0,0,0,0,0,0,0,0,0,0,0,0,0,0,0,0,0,0,0,0,0,0,0,0,0,0,0,0,0,0,0,0,0,0,0,0,0,0,0,0,0,0,0,0,0,0,0,0,0,0,0,0,0,0,0,0,0,0,0,0,0,0,0,0,0,0,0,0,0,0,0,0,0,0,0,0,0,0,0,0,0,0,0,0,0,0,0,0,0,0,0,0,0,0,0,0,0,0,0,0,0,0,0,0,0,0,0,0,0,0,0,0,0,0,0,0,0,0,0,0,0,0,0,0,0,0,0,0,0,0,0,0,0,0,0,0,0,0,0,0,0,0,0,0,0,0,0,0,0,0,0,0,0,0,0,0,0,0,0,0,0,0,0,0,0,0,0,0,0,0,0,0,0,0,0,0,0,0,0,0,0,0,0,0,0,0,0,0,0,0,0,0,0,0,0,0,0,0,0,0,0,0,0,0,0,0,0,0,0,0,0,0,0,0,0,0,0,0,0,0,0,0,0,0,0,0,0,0,0,0,0,0,0,0,0,0,0,0,0,0,0,0,0,0,0,0,0,0,0,0,0,0,0,0,0,0,0,0,0,0,0,0,0,0,0,0,0,0,0,0,0,0,0,0,0,0,0,0,0,0,0,0,0,0,0,0,0,0,0,0,0,0,0,0,0,0,0,0,0,0,0,0,0,0,0,0,0,0,0,0,0,0,0,0,0,0,0,0,0,0,0,0,0,0,0,0,0,0,0,0,0,0,0,0,0,0,0,0,0,0,0,0,0,0,0,0,0,0,0,0,0,0,0,0,0,0,0,0,0,0,0,0,0,0,0,0,0,0,0,0,0,0,0,0,0,0,0,0,0,0,0,0,0,0,0,0,0,0,0,0,0,0,0,0,0,0,0,0,0,0,0,0,0,0,0,0,0,0,0,0,0,0,0,0,0,0,0,0,0,0,0,0,0,0,0,0,0,0,0,0,0,0,0,0,0,0,0,0,0,0,0,0,0,0,0,0,0,0,0,0,0,0,0,0,0,0,0,0,0,0,0,0,0,0,0,0,0,0,0,0,0,0,0,0,0,0,0,0,0,0,0,0,0,0,0,0,0,0,0,0,0,0,0,0,0,0,0,0,0,0,0,0,0,0,0,0,0,0,0,0,0,0,0,0,0,0,0,0,0,0,0,0,0,0,0,0,0,0,0,0,0,0,0,0,0,0,0,0,0,0,0,0,0,0,0,0,0,0,0,0,0,0,0,0,0,0,0,0,0,0,0,0,0,0,0,0,0,0,0,0,0,0,0,0,0,0,0,0,0,0,0,0,0,0,0,0,0,0,0,0,0,0,0,0,0,0,0,0,0,0,0,0,0,0,0,0,0,0,0,0,0,0,0,0,0,0,0,0,0,0,0,0,0,0,0,0,0,0,0,0,0,0,0,0,0,0,0,0,0,0,0,0,0,0,0,0,0,0,0,0,0,0,0,0,0,0,0,0,0,0,0,0,0,0,0,0,0,0,0,0,0,0,0,0,0,0,0,0,0,0,0,0,0,0,0,0,0,0,0,0,0,0,0,0,0,0,0,0,0,0,0,0,0,0,0,0,0,0,0,0,0,0,0,0,0,0,0,0,0,0,0,0,0,0,0,0,0,0,0,0,0,0,0,0,0,0,0,0,0,0,0,0,0,0,0,0,0,0,0,0,0,0,0,0,0,0,0,0,0,0,0,0,0,0,0,0,0,0,0,0,0,0,0,0,0,0,0,0,0,0,0,0,0,0,0,0,0,0,0,0,0,0,0,0,0,0,0,0,0,0,0,0,0,0,0,0,0,0,0,0,0,0,0,0,0,0,0,0,0,0,0,0,0,0,0,0,0,0,0,0,0,0,0,0,0,0,0,0,0,0,0,0,0,0,0,0,0,0,0,0,0,0,0,0,0,0,0,0,0,0,0,0,0,0,0,0,0,0,0,0,0,0,0,0,0,0,0,0,0,0,0,0,0,0,0,0,0,0,0,0,0,0,0,0,0,0,0,0,0,0,0,0,0,0,0,0,0,0,0,0,0,0,0,0,0,0,0,0,0,0,0,0,0,0,0,0,0,0,0,0,0,0,0,0,0,0,0,0,0,0,0,0,0,0,0,0,0,0,0,0,0,0,0,0,0,0,0,0,0,0,0,0,0,0,0,0,0,0,0,0,0,0,0,0,0,0,0,0,0,0,0,0,0,0,0,0,0,0,0,0,0,0,0,0,0,0,0,0,0,0,0,0,0,0,0,0,0,0,0,0,0,0,0,0,0,0,0,0,0,0,0,0,0,0,0,0,0,0,0,0,0,0,0,0,0,0,0,0,0,0,0,0,0,0,0,0,0,0,0,0,0,0,0,0,0,0,0,0,0,0,0,0,0,0,0,0,0,0,0,0,0,0,0,0,0,0,0,0,0,0,0,0,0,0,0,0,0,0,0,0,0,0,0,0,0,0,0,0,0,0,0,0,0,0,0,0,0,0,0,0,0,0,0,0,0,0,0,0,0,0,0,0,0,0,0,0,0,0,0,0,0,0,0,0,0,0,0,0,0,0,0,0,0,0,0,0,0,0,0,0,0,0,0,0,0,0,0,0,0,0,0,0,0,0,0,0,0,0,0,0,0,0,0,0,0,0,0,0,0,0,0,0,0,0,0,0,0,0,0,0,0,0,0,0,0,0,0,0,0,0,0,0,0,0,0,0,0,0,0,0,0,0,0,0,0,0,0,0,0,0,0,0,0,0,0,0,0,0,0,0,0,0,0,0,0,0,0,0,0,0,0,0,0,0,0,0,0,0,0,0,0,0,0,0,0,0,0,0,0,0,0,0,0,0,0,0,0,0,0,0,0,0,0,0,0,0,0,0,0,0,0,0,0,0,0,0,0,0,0,0,0,0,0,0,0,0,0,0,0,0,0,0,0,0,0,0,0,0,0,0,0,0,0,0,0,0,0,0,0,0,0,0,0,0,0,0,0,0,0,0,0,0,0,0,0,0,0,0,0,0,0,0,0,0,0,0,0,0,0,0,0,0,0,0,0,0,0,0,0,0,0,0,0,0,0,0,0,0,0,0,0,0,0,0,0,0,0,0,0,0,0,0,0,0,0,0,0,0,0,0,0,0,0,0,0,0,0,0,0,0,0,0,0,0,0,0,0,0,0,0,0,0,0,0,0,0,0,0,0,0,0,0,0,0,0,0,0,0,0,0,0,0,0,0,0,0,0,0,0,0,0,0,0,0,0,0,0,0,0,0,0,0,0,0,0,0,0,0,0,0,0,0,0,0,0,0,0,0,0,0,0,0,0,0,0,0,0,0,0,0,0,0,0,0,0,0,0,0,0,0,0,0,0,0,0,0,0,0,0,0,0,0,0,0,0,0,0,0,0,0,0,0,0,0,0,0,0,0,0,0,0,0,0,0,0,0,0,0,0,0,0,0,0,0,0,0,0,0,0,0,0,0,0,0,0,0,0,0,0,0,0,0,0,0,0,0,0,0,0,0,0,0,0,0,0,0,0,0,0,0,0,0,0,0,0,0,0,0,0,0,0,0,0,0,0,0,0,0,0,0,0,0,0,0,0,0,0,0,0,0,0,0,0,0,0,0,0,0,0,0,0,0,0,0,0,0,0,0,0,0,0,0,0,0,0,0,0,0,0,0,0,0,0,0,0,0,0,0,0,0,0,0,0,0,0,0,0,0,0,0,0,0,0,0,0,0,0,0,0,0,0,0,0,0,0,0,0,0,0,0,0,0,0,0,0,0,0,0,0,0,0,0,0,0,0,0,0,0,0,0,0,0,0,0,0,0,0,0,0,0,0,0,0,0,0,0,0,0,0,0,0,0,0,0,0,0,0,0,0,0,0,0,0,0,0,0,0,0,0,0,0,0,0,0,0,0,0,0,0,0,0,0,0,0,0,0,0,0,0,0,0,0,0,0,0,0,0,0,0,0,0,0,0,0,0,0,0,0,0,0,0,0,0,0,0,0,0,0,0,0,0,0,0,0,0,0,0,0,0,0,0,0,0,0,0,0,0,0,0,0,0,0,0,0,0,0,0,0,0,0,0,0,0,0,0,0,0,0,0,0,0,0,0,0,0,0,0,0,0,0,0,0,0,0,0,0,0,0,0,0,0,0,0,0,0,0,0,0,0,0,0,0,0,0,0,0,0,0,0,0,0,0,0,0,0,0,0,0,0,0,0,0,0,0,0,0,0,0,0,0,0,0,0,0,0,0,0,0,0,0,0,0,0,0,0,0,0,0,0,0,0,0,0,0,0,0,0,0,0,0,0,0,0,0,0,0,0,0,0,0,0,0,0,0,0,0,0,0,0,0,0,0,0,0,0,0,0,0,0,0,0,0,0,0,0,0,0,0,0,0,0,0,0,0,0,0,0,0,0,0,0,0,0,0,0,0,0,0,0,0,0,0,0,0,0,0,0,0,0,0,0,0,0,0,0,0,0,0,0,0,0,0,0,0,0,0,0,0,0,0,0,0,0,0,0,0,0,0,0,0,0,0,0,0,0,0,0,0,0,0,0,0,0,0,0,0,0,0,0,0,0,0,0,0,0,0,0,0,0,0,0,0,0,0,0,0,0,0,0,0,0,0,0,0,0,0,0,0,0,0,0,0,0,0,0,0,0,0,0,0,0,0,0,0,0,0,0,0,0,0,0,0,0,0,0,0,0,0,0,0,0,0,0,0,0,0,0,0,0,0,0,0,0,0,0,0,0,0,0,0,0,0,0,0,0,0,0,0,0,0,0,0,0,0,0,0,0,0,0,0,0,0,0,0,0,0,0,0,0,0,0,0,0,0,0,0,0,0,0,0,0,0,0,0,0,0,0,0,0,0,0,0,0,0,0,0,0,0,0,0,0,0,0,0,0,0,0,0,0,0,0,0,0,0,0,0,0,0,0,0,0,0,0,0,0,0,0,0,0,0,0,0,0,0,0,0,0,0,0,0,0,0,0,0,0,0,0,0,0,0,0,0,0,0,0,0,0,0,0,0,0,0,0,0,0,0,0,0,0,0,0,0,0,0,0,0,0,0,0,0,0,0,0,0,0,0,0,0,0,0,0,0,0,0,0,0,0,0,0,0,0,0,0,0,0,0,0,0,0,0,0,0,0,0,0,0,0,0,0,0,0,0,0,0,0,0,0,0,0,0,0,0,0,0,0,0,0,0,0,0,0,0,0,0,0,0,0,0,0,0,0,0,0,0,0,0,0,0,0,0,0,0,0,0,0,0,0,0,0,0,0,0,0,0,0,0,0,0,0,0,0,0,0,0,0,0,0,0,0,0,0,0,0,0,0,0,0,0,0,0,0,0,0,0,0,0,0,0,0,0,0,0,0,0,0,0,0,0,0,0,0,0,0,0,0,0,0,0,0,0,0,0,0,0,0,0,0,0,0,0,0,0,0,0,0,0,0,0,0,0,0,0,0,0,0,0,0,0,0,0,0,0,0,0,0,0,0,0,0,0,0,0,0,0,0,0,0,0,0,0,0,0,0,0,0,0,0,0,0,0,0,0,0,0,0,0,0,0,0,0,0,0,0,0,0,0,0,0,0,0,0,0,0,0,0,0,0,0,0,0,0,0,0,0,0,0,0,0,0,0,0,0,0,0,0,0,0,0,0,0,0,0,0,0,0,0,0,0,0,0,0,0,0,0,0,0,0,0,0,0,0,0,0,0,0,0,0,0,0,0,0,0,0,0,0,0,0,0,0,0,0,0,0,0,0,0,0,0,0,0,0,0,0,0,0,0,0,0,0,0,0,0,0,0,0,0,0,0,0,0,0,0,0,0,0,0,0,0,0,0,0,0,0,0,0,0,0,0,0,0,0,0,0,0,0,0,0,0,0,0,0,0,0,0,0,0,0,0,0,0,0,0,0,0,0,0,0,0,0,0,0,0,0,0,0,0,0,0,0,0,0,0,0,0,0,0,0,0,0,0,0,0,0,0,0,0,0,0,0,0,0,0,0,0,0,0,0,0,0,0,0,0,0,0,0,0,0,0,0,0,0,0,0,0,0,0,0,0,0,0,0,0,0,0,0,0,0,0,0,0,0,0,0,0,0,0,0,0,0,0,0,0,0,0,0,0,0,0,0,0,0,0,0,0,0,0,0,0,0,0,0,0,0,0,0,0,0,0,0,0,0,0,0,0,0,0,0,0,0,0,0,0,0,0,0,0,0,0,0,0,0,0,0,0,0,0,0,0,0,0,0,0,0,0,0,0,0,0,0,0,0,0,0,0,0,0,0,0,0,0,0,0,0,0,0,0,0,0,0,0,0,0,0,0,0,0,0,0,0,0,0,0,0,0,0,0,0,0,0,0,0,0,0,0,0,0,0,0,0,0,0,0,0,0,0,0,0,0,0,0,0,0,0,0,0,0,0,0,0,0,0,0,0,0,0,0,0,0,0,0,0,0,0,0,0,0,0,0,0,0,0,0,0,0,0,0,0,0,0,0,0,0,0,0,0,0,0,0,0,0,0,0,0,0,0,0,0,0,0,0,0,0,0,0,0,0,0,0,0,0,0,0,0,0,0,0,0,0,0,0,0,0,0,0,0,0,0,0,0,0,0,0,0,0,0,0,0,0,0,0,0,0,0,0,0,0,0,0,0,0,0,0,0,0,0,0,0,0,0,0,0,0,0,0,0,0,0,0,0,0,0,0,0,0,0,0,0,0,0,0,0,0,0,0,0,0,0,0,0,0,0,0,0,0,0,0,0,0,0,0,0,0,0,0,0,0,0,0,0,0,0,0,0,0,0,0,0,0,0,0,0,0,0,0,0,0,0,0,0,0,0,0,0,0,0,0,0,0,0,0,0,0,0,0,0,0,0,0,0,0,0,0,0,0,0,0,0,0,0,0,0,0,0,0,0,0,0,0,0,0,0,0,0,0,0,0,0,0,0,0,0,0,0,0,0,0,0,0,0,0,0,0,0,0,0,0,0,0,0,0,0,0,0,0,0,0,0,0,0,0,0,0,0,0,0,0,0,0,0,0,0,0,0,0,0,0,0,0,0,0,0,0,0,0,0,0,0,0,0,0,0,0,0,0,0,0,0,0,0,0,0,0,0,0,0,0,0,0,0,0,0,0,0,0,0,0,0,0,0,0,0,0,0,0,0,0,0,0,0,0,0,0,0,0,0,0,0,0,0,0,0,0,0,0,0,0,0,0,0,0,0,0,0,0,0,0,0,0,0,0,0,0,0,0,0,0,0,0,0,0,0,0,0,0,0,0,0,0,0,0,0,0,0,0,0,0,0,0,0,0,0,0,0,0,0,0,0,0,0,0,0,0,0,0,0,0,0,0,0,0,0,0,0,0,0,0,0,0,0,0,0,0,0,0,0,0,0,0,0,0,0,0,0,0,0,0,0,0,0,0,0,0,0,0,0,0,0,0,0,0,0,0,0,0,0,0,0,0,0,0,0,0,0,0,0,0,0,0,0,0,0,0,0,0,0,0,0,0,0,0,0,0,0,0,0,0,0,0,0,0,0,0,0,0,0,0,0,0,0,0,0,0,0,0,0,0,0,0,0,0,0,0,0,0,0,0,0,0,0,0,0,0,0,0,0,0,0,0,0,0,0,0,0,0,0,0,0,0,0,0,0,0,0,0,0,0,0,0,0,0,0,0,0,0,0,0,0,0,0,0,0,0,0,0,0,0,0,0,0,0,0,0,0,0,0,0,0,0,0,0,0,0,0,0,0,0,0,0,0,0,0,0,0,0,0,0,0,0,0,0,0,0,0,0,0,0,0,0,0,0,0,0,0,0,0,0,0,0,0,0,0,0,0,0,0,0,0,0,0,0,0,0,0,0,0,0,0,0,0,0,0,0,0,0,0,0,0,0,0,0,0,0,0,0,0,0,0,0,0,0,0,0,0,0,0,0,0,0,0,0,0,0,0,0,0,0,0,0,0,0,0,0,0,0,0,0,0,0,0,0,0,0,0,0,0,0,0,0,0,0,0,0,0,0,0,0,0,0,0,0,0,0,0,0,0,0,0,0,0,0,0,0,0,0,0,0,0,0,0,0,0,0,0,0,0,0,0,0,0,0,0,0,0,0,0,0,0,0,0,0,0,0,0,0,0,0,0,0,0,0,0,0,0,0,0,0,0,0,0,0,0,0,0,0,0,0,0,0,0,0,0,0,0,0,0,0,0,0,0,0,0,0,0,0,0,0,0,0,0,0,0,0,0,0,0,0,0,0,0,0,0,0,0,0,0,0,0,0,0,0,0,0,0,0,0,0,0,0,0,0,0,0,0,0,0,0,0,0,0,0,0,0,0,0,0,0,0,0,0,0,0,0,0,0,0,0,0,0,0,0,0,0,0,0,0,0,0,0,0,0,0,0,0,0,0,0,0,0,0,0,0,0,0,0,0,0,0,0,0,0,0,0,0,0,0,0,0,0,0,0,0,0,0,0,0,0,0,0,0,0,0,0,0,0,0,0,0,0,0,0,0,0,0,0,0,0,0,0,0,0,0,0,0,0,0,0,0,0,0,0,0,0,0,0,0,0,0,0,0,0,0,0,0,0,0,0,0,0,0,0,0,0,0,0,0,0,0,0,0,0,0,0,0,0,0.7195511,0.0030020424,-0.3146973,1.1165184,-0.44369078,-0.42596528,-0.46993914,0.22684518,-0.7103574,-0.38518095,-1.465547,-0.30643585,-0.2843182,0.99871445,0.08514583,-0.22559926,1.1303746,0.56660986,0.23055759,0.3729367,-0.9366058,0.2347406,-0.8504881,-0.057024103,-0.4536254,-0.47166464,-0.14371692,-1.141364,0.6305053,1.5537994,-1.4905404,-0.28170383,1.0050936,0.2845184,0.8167014,-0.9030372,0.700623,-1.0413378,0.616806,-0.109311685,0.6668975,1.1819824,-0.3311156,0.55683213,0.19160335,-0.43422672,-1.1036646,-0.5703313,0.7742439,0.39536807,-0.20698489,-0.4086058,-0.6516385,-1.1461744,-0.3252594,-1.2720306,-0.84463197,0.51003474,-0.13017443,-0.58110255,0.8738517,-0.19919403,-0.32682803,-0.38324633,0.45277983,-0.72050124,-0.798828,-0.3975731,0.29853144,0.26433536,0.5021916,-0.12212214,0.08420466,0.16593015,-0.049128678,0.13884518,0.20159028,-0.7156908,-0.30105025,-0.16254044,0.19359028,-0.90324634,-0.2793509,0.028204657,-0.03997835,0.16352493,-0.21137704,0.010426879,-0.86016136,-0.46732476,0.50945956,-0.04384763,0.67066216,1.2933027,0.20091054,-0.21320711,-0.4982267,-0.4742267,0.5115511,-0.6940437,0.08776021,-0.99469733,0.37680596,-0.5717431,1.0750543,0.87050533,-0.5871679,0.6134596,0.6626099,0.27756414,-0.2237692,-0.0241875,0.12420466,0.17351185,0.31787786,-0.621364,0.31019157,-0.2241352,0.7304792,0.064073935,-0.33210906,-0.35877573,0.35526347,0.21989094,-0.6063051,0.3494073,0.4802308,0.6295641,-0.29456657,-0.52212214,0.06647917,0.6393419,1.0974334,-0.07715482,-0.574096,0.3202308,-0.11040972,0.5322046,0.43667525,-0.16959926,-0.23814829,-0.42136398,-0.5856516,-0.5909849,-0.06246201,-0.16677573,-0.80044895,0.397355,0.36284518,0.051629495,-1.2765274,-0.47501102,0.12859681,-0.35072345,-0.13352083,-0.50821364,-0.099063314,0.36080596,-0.522645,0.5952112,-0.0061482843,0.11191708,0.45900205,0.080178514,0.07322426,0.30752492,-0.6314555,-0.10078881,-0.5846581,-0.04217443,0.20080596,1.1167276,0.47562948,0.28038767,-0.30742934,-0.78826594,-0.13801757,0.46810007,0.6816426,-0.18570384,-0.3324751,-0.5198738,-0.20505024,0.5455903,0.26025695,0.9852766,-0.051063318,0.006400735,-0.0057299836,1.1350805,-0.2090241,0.18585172,0.527185,-0.3121875,0.31243995,0.6739563,0.64760333,0.08540727,0.69476676,0.22579943,0.06893668,-0.9518738,0.3472635,-0.25435743,-0.21833129,-0.25148162,-0.3636385,-0.4784097,0.42119813,0.469355,0.47285825,0.19259681,-0.6357431,-0.44797835,0.2436295,0.8389759,0.564989,-0.22779535,0.013407271,-0.17848815,-0.10016136,-0.10565155,-0.6966058,0.62360334,0.4272112,0.14161642,0.21314584,0.0017471405,0.5070543,-0.33550775,-0.03412214,-0.27961233,-0.45770383,-0.24865809,-0.44672346,-0.17273653,0.07698897,-0.7985666,0.16310662,0.60509354,-0.47820058,-0.21205679,0.28734192,-0.5671418,0.3438648,-0.2891287,-0.3778607,-0.28667116,0.07970793,0.39076674,-0.0801875,-0.05550776,0.0015379902,-0.21435744,0.19714583,0.5181393,-0.11532476,-0.6007104,0.13142034,0.1349759,-0.26857966,0.24132884,-0.17399143,-0.17859273,-0.79318094,-0.20572998,-0.86319405,0.5251981,-0.3268803,0.080178514,0.35317197,0.18919812,-0.0966058,-0.48342934,0.23102818,0.08284518,-0.15166463,-0.2982267,0.06449224,-0.0027495916,-0.02570384,0.1446491,-0.71820056,0.6674203,-0.70173,0.05779943,-0.07375613,-0.8472986,0.19636153,0.0061392975,0.022034721,-0.57221365,-0.20792606,0.34030923,0.39840072,0.117825575,-0.7171025,-0.756632,-0.03699796,0.373721,-0.24928553,-0.59877574,0.2006491,0.3742439,0.5072635,0.4251197,-0.35286725,-0.12808293,-0.47490644,0.017694853,-0.37331167,0.42600858,-0.037729982,-0.23318097,0.35233536,-0.358096,-0.029363971,0.1669759,0.18851838,0.04477982,-0.13765155,-0.65922016,0.009381128,-0.5700176,-0.41561234,0.081433415,-0.25122017,0.20525041,-0.106749594,0.066008575,-0.88118094,0.43709356,-0.402279,-0.11474959,-0.3816777,-0.42110252,-0.50288033,-0.0806058,0.05774714,-0.5703313,-0.18732476,0.5318909,-0.29184762,0.015132762,-0.008658088,0.4119955,0.24859682,0.24263602,-0.011272468,-0.23945548,-0.39401758,0.2233942,0.037354983,0.15128963,0.043420345,-0.13315482,-0.23919404,0.141721,0.066322304,-0.46329862,-0.6274293,0.017590277,-0.29895875,-0.35396528,-0.14303717,-0.44426593,0.6869759,-0.18288031,-0.042488154,0.68833536,0.11489747,0.13868831,-0.2772071,-0.08620057,0.6736426,0.06898897,0.09806087,-0.2523705,-0.12614828,0.35453147,-0.042226717,0.40901512,-0.2894424,0.08451838,0.25863603,-0.50172997,0.40033537,-0.5736254,0.64828306,-0.2275339,-0.75396526,-0.07527247,0.43756413,-0.5736254,0.36425695,-0.44871038,-0.07244894,0.25591707,-0.24771692,-0.37796527,0.358087,-0.20374306,0.035106618,0.25460988,-0.30476266,-0.46973,0.18145956,0.31829616,0.3796818,0.45471445,-0.4932071,-0.41174304,0.03249224,-0.6794032,-0.971377,-0.74230516,-0.26539013,0.53685826,0.5309498,-0.3496254,0.38647917,-0.72034436,-0.063246325,-0.18993914,-0.48468423,0.26459682,0.3201785,0.78726345,-0.51244897,0.6321262,-0.1041875,0.646087,0.46370792,0.27207392,-0.37754697,-0.5618607,-0.21859273,-0.3096777,0.3450674,-0.030095996,-0.41718096,-0.32447508,-0.7521352,0.39254454,0.029982435,-0.09927247,-0.32850122,-0.3189849,0.5467406,0.32002166,0.0014857026,-0.17038357,0.3365445,-0.41597834,-0.032919526,0.44300205,0.12974714,-0.35192606,0.5027667,0.18747263,0.67657065,-0.47401756,0.40718505,0.21565564,0.18161643,-0.38225287,-0.3904097,-0.04792606,0.42355105,-0.1724228,-0.3618607,-0.1214424,-0.1955339,0.60247916,-0.5161614,0.15547264,0.41612622,0.49016544,-0.3361875,0.43693668,0.56054455,-0.478462,0.07364257,0.031551063,0.052047793,0.23735498,0.51280594,-0.023926063,0.044204656,-0.26136398,-0.13508946,-0.1766581,-0.11265809,0.20294976,0.003681781,0.48378634,0.5989759,0.7674988,-0.20008293,0.6598386,0.13753799,-0.05446201,0.24164256,0.14977328,0.35128963,0.0995772,0.57863605,-0.28149468,-0.32248816,0.49508047,-0.30277574,0.3678648,-0.18371691,0.23332883,0.6120478,-0.5513509,0.14553799,0.64786476,-0.021520833,0.34046608,0.28786477,0.54611313,-0.21608293,0.33806086,-0.3247365,-0.2868803,-0.08128554,0.101720996,0.64415234,-0.39804372,0.69691056,-0.18559927,0.35275367,0.43034846,0.26355106,-0.094096,0.58412623,-0.17074959,-0.19124633,-0.62591296,0.5188713,-0.27406985,-0.35908946,-0.4478215,-0.36761233,0.041851714,0.3854857,0.23782557,-0.079403184,0.27756414,-0.28165156,-0.43710253,-0.08813521,0.25847918,0.3872112,-0.057390116,0.29853144,-0.021782272,0.8728582,-0.0107495915,-0.23192607,0.18193014,0.30119812,-0.08656658,-0.14706331,0.15698896,-0.5999783,-0.70486724,0.04587786,-0.7824097,0.14783864,-0.15882802,0.42956415,0.4398125,0.7038648,0.17220466,-0.018854167,-0.14931168,0.26193014,-0.37759927,-0.02894567,-0.068109065,0.4208321,0.6356818,-0.08358619,-0.19161233,1.1336164,0.14778635,0.054871324,0.07866217,0.18517198,0.32457066,0.3559955,0.35777327,-0.09336397,0.24702819,-0.41843587,0.47494975,-0.39187378,0.11620466,0.41298896,-0.29576918,-0.29969075,-0.106697306,-0.03213521,0.19955106,0.3033942,0.034008577,-0.07271037,-0.2708803,-0.13712868,-0.3000568,-0.30199143,-0.0046319445,0.17518505,0.55081904,-0.41613522,-0.21676266,-0.16719404,0.261721,0.2730151,-0.2452071,0.29356414,-0.046200573,-0.14784764,-0.1534424,0.56159025,0.33738112,-0.19705024,-0.49848816,0.07641381,0.66276675,-0.028318219,0.19787785,0.2651197,-0.36928555,-0.21305025,0.23123734,-0.20447508,-0.97691953,-0.4293117,0.5012504,-0.47417444,0.12791708,0.0389759,0.05319812,0.40002164,-0.17874959,0.25827003,-0.042488154,-0.43328553,0.008073938,-0.094096,0.38234845,-0.2684751,-0.6478215,-0.12165155,0.006034722,0.30287132,-0.22774306,0.08744649,-0.14899796,0.08859681,0.18438767,0.044204656,0.48279288,0.35657066,0.20979942,-0.40044895,0.44587785,0.15735498,0.025851715,-0.53989995,-0.27333784,0.42742035,-0.6401875,-0.10172998,-0.4081875,-0.5331025,0.5703746,0.4814857,-0.45650122,-0.746279,-0.0026450164,0.025224265,0.002949755,0.65602165,-0.52918094,0.5065315,-0.17864501,-0.09299796,0.0053549837,-0.35166463,0.26579943,0.20195629,0.07327655,-0.05148162,0.025067402,-0.11140319,0.14036152,0.4802308,0.008596813,-0.19793913,-0.22120711,0.13732883,-0.074226715,0.10904126,-0.2696777,0.25382558,0.048544526,0.47960335,-0.08050123,0.13277982,0.29429615,0.38020465,0.27379942,-0.053939134,-0.27265808,-0.51307636,0.042060867,0.045564134,-0.42361233,0.15243995,0.3725184,-0.052684233,-0.3239522,0.5362831,0.0406491,0.0018517157,0.39965564,0.14914583,0.2642831,0.079864785,0.26276675,0.1472112,0.14914583,0.09874061,0.48849225,0.181721,-0.37189993,-0.14308946,-0.02507639,0.11322427,-0.11867116,-0.4957692,0.12718505,-0.3277692,0.1619563,0.46010008,0.3034465,0.11437459,-0.40332475,0.12582557,0.44012624,-0.06857966,0.13121119,0.612623,0.0049889707,0.00054452615,0.4567014,0.51881903,-0.100893386,0.5937994,-0.18816136,-0.10638358,0.1261393,0.07636152,-0.06408293,-0.20991299,-0.32834437,0.35542035,0.23317198,0.0903223,0.5266622,-0.21519403,-0.26742932,0.116256945,-0.4718215,-0.15474959,0.096596815,0.4052504,0.06559028,0.10595629,0.09068832,-0.42554697,-0.10972998,-0.20316789,-0.15652737,0.2924661,-0.0066188728,-0.28332475,-0.2583313,0.008858251,0.34642687,0.2908452,0.105276555,-0.24494568,0.047864787,-0.17012215,-0.14559926,-0.19919403,-0.22769077,-0.19522017,0.10517198,0.06590401,0.16540727,-0.27495873,0.7232635,-0.21320711,-0.14361234,-0.37184763,-0.2469326,0.1291197,0.2992112,0.33100206,-0.37305024,0.20007394,0.2170674,0.2494857,0.06945956,0.22187786,0.28540727,0.17607394,-0.43532476,0.28760335,-0.3955862,0.32436153,0.0381393,0.26224387,-0.08630515,-0.185913,-0.045886848,0.25387785,0.37356412,0.31400856,0.07913276,-0.059533905,-0.06601757,-0.030723447,-0.30382147,-0.11077574,0.15160336,-0.081965275,0.014191585,0.21570793,-0.47391298,0.381721,0.99745953,0.254087,-0.30946854,-0.2241352,-0.3281875,0.3931197,-0.054566585,0.91202164,0.096962824,0.103080474,0.07202165,-0.35966462,-0.08379535,-0.6786712,0.021093545,0.11996936,0.030453023,-0.28050122,0.5205445,-0.29273653,0.26109356,0.08091054,-0.89320713,0.37084517,0.4355772,0.5867406,0.28289747,-0.07626593,-0.40834436,0.27573407,-0.07239665,-0.36128554,-0.041390114,0.053302698,0.3674988,0.6002308,0.42951185,-0.26826593,-0.14256659,-0.054618873,0.5814596,-0.8271156,0.50485826,-0.042540442,0.1303746,0.23364256,-0.032553513,0.12111969,0.1783223,0.3012504,0.13879289,-0.33587378,-0.009756127,0.07395629,-0.17623979,0.6062962,0.32660988,0.024701389,-0.13383456,-0.5997169,0.11876675,0.521172,0.13743341,0.028413808,-0.24264501,0.61037457,-0.26356006,0.10616544,0.0233942,0.085354984,-0.010226715,-0.15114175,0.10736805,0.75108045,0.22475368,-0.23657966,0.17816544,-0.15203063,0.21136805,-0.64081496,-0.66816133,-0.08217443,-0.115115605,0.03359028,-0.05273652,0.013720997,-0.40625286,-0.33006984,0.32498896,-0.6514816,0.19285825,0.12734191,0.30187786,0.34072754,-0.15354697,0.013250409,0.628989,0.1358648,0.38783863,0.26109356,-0.4351156,0.15860988,-0.13425286,0.23186478,0.46376023,0.071132764,-0.013311683,0.4149759,0.69738114,0.3202831,-0.16740319,-0.16928554,-0.43940318,0.07327655,0.35683212,-0.100004494,-0.20003064,0.37068832,-0.38031822,0.08514583,0.0166491,0.12216544,0.15531577,0.05393015,-0.3278215,-0.25163847,0.13147263,-0.11982149,-0.044161357,-0.0112201795,-0.28572997,-0.04363848,0.3013027,0.3677602,-0.09963848,-0.3471156,-0.12546855,0.55751187,0.14376022,-0.2531548,0.41047916,-0.14120711,0.07610008,0.40519813,-0.09231822,0.15453145,0.30396935,0.082426876,-0.45221364,-0.20029208,0.22752492,0.35489747,0.33680597,-0.23997834,-0.20003064,-0.2216254,0.1951589,-0.15114175,-0.60897183,0.57738113,-0.2801875,-0.54183453,0.24227002,0.5154203,-0.121233255,0.0970674,-0.21158619,0.21795629,-0.09822672,0.09994322,-0.11370384,0.5194465,0.17523734,0.034636028,-0.2426973,-0.10042279,-0.12546855,-1.2891287,-1.0115862,0.18600857,0.5562047,-0.85472345,-0.6397692,-0.7517692,-0.3568411,-0.19030514,1.1820347,0.49471447,0.31531575,1.061355,0.23892361,-0.19234437,-0.662462,-0.60065806,-0.44630516,0.8302439,-0.34769076,0.36624387,-0.42073652,0.094034724,0.189721,-1.5348281,0.564989,-1.5765013,-0.22831821,0.045511845,0.33304125,0.1269236,-0.63773,-0.5165796,0.8632896,-0.8792986,0.6747929,0.04645302,-0.3432986,0.94611317,-1.1505142,-0.32337704,0.5416687,0.5612243,0.3315772,1.2133027,0.3251981,-1.2239261,-0.23035744,0.27118504,-0.80128556,-0.37043586,-0.4346973,-0.6186973,-0.49038357,-0.8269587,-0.6232463,-0.502828,-0.33263195,0.45738113,0.6603615,-1.1406319,0.16221772,-0.4338607,0.22328962,0.48817852,-0.40531167,-0.39710253,-0.031455472,0.75196934,0.018897468,-0.45059273,0.54721117,0.80974716,-0.34638357,-0.3388019,0.64812624,-0.8977038,-0.8034293,0.52091056,0.79165566,0.54627,-0.06392606,0.737904,-0.42941627,-0.0713509,-0.008971814,0.80164254,0.65304124,0.4755772,-0.0013901144,0.07803472,-0.27956006,-0.58141625,-0.41608292,-0.57712865,0.20138113,-0.04322018,0.8802308,0.52540725,-0.48672345,-0.20620057,-0.6536777,0.08603472,-0.025442403,-0.49603063,0.22156413,0.67510664,-0.7263051,0.14804779,-0.07009599,-0.35840973,-0.26606986,0.72279286,0.61424387,0.78925043,-0.032501224,-0.034435865,0.7999171,0.048492238,0.16891053,0.40080595,0.69094974,-1.011011,0.14705433,0.35505432,0.6174334,0.09910662,0.03505433,
1,1,0,0,0,0,0,0,0,0,0,0,0,0,0,0,0,0,0,0,0,0,0,0,0,0,0,0,0,0,0,0,0,0,0,0,1,0,0,0,0,0,0,0,0,0,0,0,0,0,0,0,0,0,0,0,0,0,0,0,0,0,0,0,0,0,0,0,0,0,0,0,0,0,0,0,0,0,0,0,0,0,0,0,0,0,0,0,0,0,0,0,0,0,1,0,0,0,0,0,0,0,0,0,0,0,0,0,0,0,0,0,0,0,0,0,0,0,0,0,0,0,0,0,0,0,0,0,0,0,0,0,0,0,0,0,0,0,0,0,0,0,1,0,0,0,0,0,0,0,0,0,0,0,0,0,0,0,0,0,0,0,0,0,0,0,0,0,0,0,0,0,0,0,0,0,0,0,0,0,0,0,0,0,0,0,0,0,0,0,0,0,0,0,0,0,0,0,0,0,0,0,0,0,0,0,0,0,0,0,0,0,0,0,0,0,0,0,0,0,0,0,0,0,0,0,0,0,0,0,0,0,0,0,0,0,0,0,0,0,0,0,0,0,0,0,0,0,0,0,0,0,0,0,0,0,0,0,0,0,0,0,0,0,0,0,0,0,0,0,0,0,0,0,0,0,0,0,0,0,0,0,0,0,0,0,0,0,0,0,0,0,0,0,0,0,0,0,0,0,0,0,0,0,0,0,0,0,0,0,0,0,0,0,0,0,0,0,0,0,0,0,0,0,0,0,0,0,0,0,0,0,0,0,0,0,0,0,0,0,0,0,0,0,0,0,0,0,0,0,0,0,0,0,0,0,0,0,0,0,0,0,0,0,0,0,0,1,0,0,0,0,0,0,0,0,0,0,0,0,0,0,0,0,0,0,0,0,0,0,0,0,0,0,0,0,0,0,0,0,0,0,0,0,0,0,0,0,0,0,0,0,0,0,0,0,0,0,0,0,0,0,0,0,0,0,0,0,0,0,0,0,0,0,0,0,0,0,0,0,0,0,0,0,0,0,0,0,0,0,0,0,0,0,0,0,0,0,0,0,0,0,0,0,0,0,0,0,0,0,0,0,0,0,0,0,0,0,0,0,0,0,0,0,0,0,0,0,0,0,0,0,0,0,0,0,0,0,0,0,0,0,0,0,0,0,0,0,0,0,0,0,0,0,0,0,0,0,0,0,0,0,0,0,0,0,0,0,0,0,0,0,0,0,0,0,0,0,0,0,0,0,0,0,0,0,0,0,0,0,0,0,0,0,0,0,0,0,0,0,0,0,0,0,0,0,0,0,0,0,0,0,0,0,0,0,0,0,0,0,0,0,0,0,0,0,0,0,0,0,0,0,0,0,0,0,0,0,0,0,0,0,0,0,0,0,0,0,0,0,0,0,0,0,0,0,0,0,0,0,0,0,0,0,0,0,0,0,0,0,0,0,0,0,0,0,0,0,0,0,0,0,0,0,0,0,0,0,0,0,0,0,0,0,0,0,0,0,0,0,0,0,0,0,0,0,0,0,0,0,0,0,0,0,0,0,0,0,0,0,0,0,0,0,0,0,0,0,0,0,0,0,0,0,0,0,0,0,0,0,0,0,0,0,0,0,0,0,0,0,0,0,0,0,0,0,0,0,0,0,0,0,0,0,0,0,0,0,0,0,0,0,0,0,0,0,0,0,0,0,0,0,0,0,0,0,0,0,0,0,0,0,0,0,0,0,0,0,0,0,0,0,0,0,0,0,0,0,0,0,0,0,0,0,0,0,0,0,0,0,0,0,0,0,0,0,0,0,0,0,0,0,0,0,0,0,0,0,0,0,0,0,0,0,0,0,0,0,0,0,0,0,0,0,0,0,0,0,0,0,0,0,0,0,0,0,0,0,0,0,0,0,0,0,0,0,0,0,0,0,0,0,0,0,0,0,0,0,0,0,0,0,0,0,0,0,0,0,0,0,0,0,0,0,0,0,0,0,0,0,0,0,0,0,0,0,0,0,0,0,0,0,0,0,0,0,0,0,0,0,0,0,0,0,0,0,0,0,0,0,0,0,0,0,0,0,0,0,0,0,0,0,0,0,0,0,0,0,0,0,0,0,0,0,0,0,0,0,0,0,0,0,0,0,0,0,0,0,0,0,0,0,0,0,0,0,0,0,0,0,0,0,0,0,0,0,0,0,0,0,0,0,0,0,0,0,0,0,0,0,0,0,0,0,0,0,0,0,0,0,0,0,0,0,0,0,0,0,0,0,0,0,0,0,0,0,0,0,0,0,0,0,0,0,0,0,0,0,0,0,0,0,0,0,0,0,0,0,0,0,0,0,0,0,0,0,0,0,0,0,0,0,0,0,0,0,0,0,0,0,0,0,0,0,0,0,0,0,0,0,0,0,0,0,0,0,0,0,0,0,0,0,0,0,0,0,0,0,0,0,0,0,0,0,0,0,0,0,0,0,0,0,0,0,0,0,0,0,0,0,0,0,0,0,0,0,0,0,0,0,0,0,0,0,0,0,0,0,0,0,0,0,0,0,0,0,0,0,0,0,0,0,0,0,0,0,0,0,0,0,0,0,0,0,0,0,0,0,0,0,0,0,0,0,0,0,0,0,0,0,0,0,0,0,0,0,0,0,0,0,0,0,0,0,0,0,0,0,0,0,0,0,0,0,0,0,0,0,0,0,0,0,0,0,0,0,0,0,0,0,0,0,0,0,0,0,0,0,0,0,0,0,0,0,0,0,0,0,0,0,0,0,0,0,0,0,0,0,0,0,0,0,0,0,0,0,0,0,0,0,0,0,0,0,0,0,0,0,0,0,0,0,0,0,0,0,0,0,0,0,0,0,0,0,0,0,0,0,0,0,0,0,0,0,0,0,0,0,0,0,0,0,0,0,0,0,0,0,0,0,0,0,0,0,0,0,0,0,0,0,0,0,0,0,0,0,0,0,0,0,0,0,0,0,0,0,0,0,0,0,0,0,0,0,0,0,0,0,0,0,0,0,0,0,0,0,0,0,0,0,0,0,0,0,0,0,0,0,0,0,0,0,0,0,0,0,0,0,0,0,0,0,0,0,0,0,0,0,0,0,0,0,0,0,0,0,0,0,0,0,0,0,0,0,0,0,0,0,0,0,0,0,0,0,0,0,0,0,0,0,0,0,0,0,0,0,0,0,0,0,0,0,0,0,0,0,0,0,0,0,0,0,0,0,0,0,0,0,0,0,0,0,0,0,0,0,0,0,0,0,0,0,0,0,0,0,0,0,0,0,0,0,0,0,0,0,0,0,0,0,0,0,0,0,0,0,0,0,0,0,0,0,0,0,0,0,0,0,0,0,0,0,0,0,0,0,0,0,0,0,0,0,0,0,0,0,0,0,0,0,0,0,0,0,0,0,0,0,0,0,0,0,0,0,0,0,0,0,0,0,0,0,0,0,0,0,0,0,0,0,0,0,0,0,0,0,0,0,0,0,0,0,0,0,0,0,0,0,0,0,0,0,0,0,0,0,0,0,0,0,0,0,0,0,0,0,0,0,0,0,0,0,0,0,0,0,0,0,0,0,0,0,0,0,0,0,0,0,0,0,0,0,0,0,0,0,0,0,0,0,0,0,0,0,0,0,0,0,0,0,0,0,0,0,0,0,0,0,0,0,0,0,0,0,0,0,0,0,0,0,0,0,0,0,0,0,0,0,0,0,0,0,0,0,0,0,0,0,0,0,0,0,0,0,0,0,0,0,0,0,0,0,0,0,0,0,0,0,0,0,0,0,0,0,0,0,0,0,0,0,0,0,0,0,0,0,0,0,0,0,0,0,0,0,0,0,0,0,0,0,0,0,0,0,0,0,0,0,0,0,0,0,0,0,0,0,0,0,0,0,0,0,0,0,0,0,0,0,0,0,0,0,0,0,0,0,0,0,0,0,0,0,0,0,0,0,0,0,0,0,0,0,0,0,0,0,0,0,0,0,0,0,0,0,0,0,0,0,0,0,0,0,0,0,0,0,0,0,0,0,0,0,0,0,0,0,0,0,0,0,0,0,0,0,0,0,0,0,0,0,0,0,0,0,0,0,0,0,0,0,0,0,0,0,0,0,0,0,0,0,0,0,0,0,0,0,0,0,0,0,0,0,0,0,0,0,0,0,0,0,0,0,0,0,0,0,0,0,0,0,0,0,0,0,0,0,0,0,0,0,0,0,0,0,0,0,0,0,0,0,0,0,0,0,0,0,0,0,0,0,0,0,0,0,0,0,0,0,0,0,0,0,0,0,0,0,0,0,0,0,0,0,0,0,0,0,0,0,0,0,0,0,0,0,0,0,0,0,0,0,0,0,0,0,0,0,0,0,0,0,0,0,0,0,0,0,0,0,0,0,0,0,0,0,0,0,0,0,0,0,0,0,0,0,0,0,0,0,0,0,0,0,0,0,0,0,0,0,0,0,0,0,0,0,0,0,0,0,0,0,0,0,0,0,0,0,0,0,0,0,0,0,0,0,0,0,0,0,0,0,0,0,0,0,0,0,0,0,0,0,0,0,0,0,0,0,0,0,0,0,0,0,0,0,0,0,0,0,0,0,0,0,0,0,0,0,0,0,0,0,0,0,0,0,0,0,0,0,0,0,0,0,0,0,0,0,0,0,0,0,0,0,0,0,0,0,0,0,0,0,0,0,0,0,0,0,0,0,0,0,0,0,0,0,0,0,0,0,0,0,0,0,0,0,0,0,0,0,0,0,0,0,0,0,0,0,0,0,0,0,0,0,0,0,0,0,0,0,0,0,0,0,0,0,0,0,0,0,0,0,0,0,0,0,0,0,0,0,0,0,0,0,0,0,0,0,0,0,0,0,0,0,0,0,0,0,0,0,0,0,0,0,0,0,0,0,0,0,0,0,0,0,0,0,0,0,0,0,0,0,0,0,0,0,0,0,0,0,0,0,0,0,0,0,0,0,0,0,0,0,0,0,0,0,0,0,0,0,0,0,0,0,0,0,0,0,0,0,0,0,0,0,0,0,0,0,0,0,0,0,0,0,0,0,0,0,0,0,0,0,0,0,0,0,0,0,0,0,0,0,0,0,0,0,0,0,0,0,0,0,0,0,0,0,0,0,0,0,0,0,0,0,0,0,0,0,0,0,0,0,0,0,0,0,0,0,0,0,0,0,0,0,0,0,0,0,0,0,0,0,0,0,0,0,0,0,0,0,0,0,0,0,0,0,0,0,0,0,0,0,0,0,0,0,0,0,0,0,0,0,0,0,0,0,0,0,0,0,0,0,0,0,0,0,0,0,0,0,0,0,0,0,0,0,0,0,0,0,0,0,0,0,0,0,0,0,0,0,0,0,0,0,0,0,0,0,0,0,0,0,0,0,0,0,0,0,0,0,0,0,0,0,0,0,0,0,0,0,0,0,0,0,0,0,0,0,0,0,0,0,0,0,0,0,0,0,0,0,0,0,0,0,0,0,0,0,0,0,0,0,0,0,0,0,0,0,0,0,0,0,0,0,0,0,0,0,0,0,0,0,0,0,0,0,0,0,0,0,0,0,0,0,0,0,0,0,0,0,0,0,0,0,0,0,0,0,0,0,0,0,0,0,0,0,0,0,0,0,0,0,0,0,0,0,0,0,0,0,0,0,0,0,0,0,0,0,0,0,0,0,0,0,0,0,0,0,0,0,0,0,0,0,0,0,0,0,0,0,0,0,0,0,0,0,0,0,0,0,0,0,0,0,0,0,0,0,0,0,0,0,0,0,0,0,0,0,0,0,0,0,0,0,0,0,0,0,0,0,0,0,0,0,0,0,0,0,0,0,0,0,0,0,0,0,0,0,0,0,0,0,0,0,0,0,0,0,0,0,0,0,0,0,0,0,0,0,0,0,0,0,0,0,0,0,0,0,0,0,0,0,0,0,0,0,0,0,0,0,0,0,0,0,0,0,0,0,0,0,0,0,0,0,0,0,0,0,0,0,0,0,0,0,0,0,0,0,0,0,0,0,0,0,0,0,0,0,0,0,0,0,0,0,0,0,0,0,0,0,0,0,0,0,0,0,0,0,0,0,0,0,0,0,0,0,0,0,0,0,0,0,0,0,0,0,0,0,0,0,0,0,0,0,0,0,0,0,0,0,0,0,0,0,0,0,0,0,0,0,0,0,0,0,0,0,0,0,0,0,0,0,0,0,0,0,0,0,0,0,0,0,0,0,0,0,0,0,0,0,0,0,0,0,0,0,0,0,0,0,0,0,0,0,0,0,0,0,0,0,0,0,0,0,0,0,0,0,0,0,0,0,0,0,0,0,0,0,0,0,0,0,0,0,0,0,0,0,0,0,0,0,0,0,0,0,0,0,0,0,0,0,0,0,0,0,0,0,0,0,0,0,0,0,0,0,0,0,0,0,0,0,0,0,0,0,0,0,0,0,0,0,0,0,0,0,0,0,0,0,0,0,0,0,0,0,0,0,0,0,0,0,0,0,0,0,0,0,0,0,0,0,0,0,0,0,0,0,0,0,0,0,0,0,0,0,0,0,0,0,0,0,0,0,0,0,0,0,0,0,0,0,0,0,0,0,0,0,0,0,0,0,0,0,0,0,0,0,0,0,0,0,0,0,0,0,0,0,0,0,0,0,0,0,0,0,0,0,0,0,0,0,0,0,0,0,0,0,0,0,0,0,0,0,0,0,0,0,0,0,0,0,0,0,0,0,0,0,0,0,0,0,0,0,0,0,0,0,0,0,0,0,0,0,0,0,0,0,0,0,0,0,0,0,0,0,0,0,0,0,0,0,0,0,0,0,0,0,0,0,0,0,0,0,0,0,0,0,0,0,0,0,0,0,0,0,0,0,0,0,0,0,0,0,0,0,0,0,0,0,0,0,0,0,0,0,0,0,0,0,0,0,0,0,0,0,0,0,0,0,0,0,0,0,0,0,0,0,0,0,0,0,0,0,0,0,0,0,0,0,0,0,0,0,0,0,0,0,0,0,0,0,0,0,0,0,0,0,0,0,0,0,0,0,0,0,0,0,0,0,0,0,0,0,0,0,0,0,0,0,0,0,0,0,0,0,0,0,0,0,0,0,0,0,0,0,0,0,0,0,0,0,0,0,0,0,0,0,0,0,0,0,0,0,0,0,0,0,0,0,0,0,0,0,0,0,0,0,0,0,0,0,0,0,0,0,0,0,0,0,0,0,0,0,0,0,0,0,0,0,0,0,0,0,0,0,0,0,0,0,0,0,0,0,0,0,0,0,0,0,0,0,0,0,0,0,0,0,0,0,0,0,0,0,0,0,0,0,0,0,0,0,0,0,0,0,0,0,0,0,0,0,0,0,0,0,0,0,0,0,0,0,0,0,0,0,0,0,0,0,0,0,0,0,0,0,0,0,0,0,0,0,0,0,0,0,0,0,0,0,0,0,0,0,0,0,0,0,0,0,0,0,0,0,0,0,0,0,0,0,0,0,0,0,0,0,0,0,0,0,0,0,0,0,0,0,0,0,0,0,0,0,0,0,0,0,0,0,0,0,0,0,0,0,0,0,0,0,0,0,0,0,0,0,0,0,0,0,0,0,0,0,0,0,0,0,0,0,0,0,0,0,0,0,0,0,0,0,0,0,0,0,0,0,0,0,0,0,0,0,0,0,0,0,0,0,0,0,0,0,0,0,0,0,0,0,0,0,0,0,0,0,0,0,0,0,0,0,0,0,0,0,0,0,0,0,0,0,0,0,0,0,0,0,0,0,0,0,0,0,0,0,0,0,0,0,0,0,0,0,0,0,0,0,0,0,0,0,0,0,0,0,0,0,0,0,0,0,0,0,0,0,0,0,0,0,0,0,0,0,0,0,0,0,0,0,0,0,0,0,0,0,0,0,0,0,0,0,0,0,0,0,0,0,0,0,0,0,0,0,0,0,0,0,0,0,0,0,0,0,0,0,0,0,0,0,0,0,0,0,0,0,0,0,0,0,0,0,0,0,0,0,0,0,0,0,0,0,0,0,0,0,0,0,0,0,0,0,0,0,0,0,0,0,0,0,0,0,0,0,0,0,0,0,0,0,0,0,0,0,0,0,0,0,0,0,0,0,0,0,0,0,0,0,0,0,0,0,0,0,0,0,0,0,0,0,0,0,0,0,0,0,0,0,0,0,0,0,0,0,0,0,0,0,0,0,0,0,0,0,0,0,0,0,0,0,0,0,0,0,0,0,0,0,0,0,0,0,0,0,0,0,0,0,0,0,0,0,0,0,0,0,0,0,0,0,0,0,0,0,0,0,0,0,0,0,0,0,0,0,0,0,0,0,0,0,0,0,0,0,0,0,0,0,0,0,0,0,0,0,0,0,0,0,0,0,0,0,0,0,0,0,0,0,0,0,0,0,0,0,0,0,0,0,0,0,0,0,0,0,0,0,0,0,0,0,0,0,0,0,0,0,0,0,0,0,0,0,0,0,0,0,0,0,0,0,0,0,0,0,0,0,0,0,0,0,0,0,0,0,0,0,0,0,0,0,0,0,0,0,0,0,0,0,0,0,0,0,0,0,0,0,0,0,0,0,0,0,0,0,0,0,0,0,0,0,0,0,0,0,0,0,0,0,0,0,0,0,0,0,0,0,0,0,0,0,0,0,0,0,0,0,0,0,0,0,0,0,0,0,0,0,0,0,0,0,0,0,0,0,0,0,0,0,0,0,0,0,0,0,0,0,0,0,0,0,0,0,0,0,0,0,0,0,0.6354473,0.013143382,-0.43844974,0.7002757,-0.5999694,0.7026042,-0.4104473,-0.25474876,-0.9738051,0.2912071,0.24653798,-1.2056679,0.75333947,-1.3687193,1.4233762,-0.22668505,0.20983456,-0.3489277,0.30382967,-0.13697916,0.34617034,-0.14022672,0.7954351,-0.44114584,-0.3700674,0.4157782,-0.6025429,-0.43900123,-0.8546875,0.8395527,-0.6787684,0.4078125,0.18581495,-0.24175858,0.4556066,0.35382965,-0.36737132,-0.09041054,-0.33802083,-0.2513787,0.09310662,0.6085478,0.25242034,0.0027879903,0.09126838,0.4641238,0.6824449,0.057567403,-0.8252757,-0.718413,0.55315566,0.12264093,0.051256128,-0.54935664,0.039797794,-0.24414828,0.022824755,-0.16976103,0.25174633,-0.033670343,0.02411152,-0.54960173,0.33789828,-0.11786152,0.34935662,0.116881125,0.45836398,-0.12135417,0.34500614,0.23673406,-0.15818015,0.26136643,0.08912378,-0.61663604,0.06559436,-0.5025429,-0.42000613,0.42018995,-0.46577817,-0.49617034,-0.7961091,0.076072305,-0.14408702,0.050275736,-0.27552083,-0.15536152,0.19568014,-0.0888174,-0.6683517,0.6524816,0.15922181,-0.06829044,-0.1522978,-0.16859682,-0.0037071079,-0.2532782,0.5567096,-0.2260723,0.083425246,0.10903799,0.40958947,0.107506126,-0.524663,-0.24702819,0.31467524,-0.43336397,0.2474571,-0.09874387,0.22110906,0.05983456,0.1462929,-0.1739277,-0.59175855,0.31369486,0.4080576,0.03403799,0.21081495,0.5092218,0.27074143,0.51473653,0.14292279,0.09420956,-0.17282476,-0.13397671,-0.4885723,-0.18011642,-0.021047793,-0.21351103,-0.06731005,0.3828125,0.1977022,0.11479779,0.34880516,-0.019148285,0.0077512255,-0.20174633,0.42080268,-0.010324755,0.16314338,0.051256128,0.09004289,-0.4140625,-0.07313113,0.04181985,0.12827818,0.7111826,0.35615808,-0.34114584,0.3020527,0.39304534,-0.07815564,-0.2407782,0.1669424,0.04708946,0.53753066,0.22821692,0.09623162,-0.013756127,-0.07239583,-0.095251225,0.18832721,-0.38679534,-0.3041973,-0.22264093,-0.40572917,0.17974877,0.015655637,0.029503677,-0.19096202,0.018780638,-0.18219976,0.5166973,0.24874388,0.23367034,0.30064338,-0.39090073,0.36387867,-0.063817404,0.2977022,0.0034007353,0.19488358,-0.40670955,0.4344669,0.2359375,-0.68795955,0.15413603,-0.045251224,0.38391545,0.22319241,-0.07012868,-0.27325368,-0.02913603,-0.27564338,0.073621325,-0.45364583,0.048682597,0.027359068,-0.079626225,0.1594669,-0.2056679,0.34574142,-0.14206494,-0.0009497549,0.15958945,0.28985906,0.17637868,0.0852022,-0.54010415,-0.15701593,-0.19476102,0.10162377,-0.16222426,0.14286152,0.0700674,0.08630515,0.18275122,-0.46755514,0.22619486,-0.39163604,-0.14549632,-0.34224877,-0.3794424,0.03936887,0.0062806373,-0.12662378,-0.17325367,-0.14898898,0.009283088,0.123498775,-0.17625612,-0.010508578,0.2554228,-0.47411153,0.14378063,0.4170037,0.28501838,0.011856617,0.368413,0.14016545,0.07545956,-0.10193015,0.14500612,0.23514093,0.068351716,-0.18360907,0.18526348,-0.14506741,-0.35137868,-0.28532475,0.08728554,0.38624388,-0.3462316,-0.18397671,-0.43844974,-0.28128064,0.18360907,0.21773897,0.18924633,-0.014123774,0.22025123,-0.3642463,-0.42239583,-0.10744485,-0.31124386,0.02711397,0.046844363,-0.11583946,-0.6532169,-0.18673407,0.038020834,-0.4470282,-0.07509191,-0.38636643,-0.21835172,-0.125337,0.19586398,0.16681986,-0.018045343,0.087898284,0.05615809,0.06387868,0.25922182,0.22092524,-0.32613358,-0.14757966,0.08538603,0.004564951,0.36969975,0.22913603,-0.30719975,-0.15438113,0.22907476,-0.4804228,0.45750612,0.44751838,0.1544424,-0.36234683,-0.33961397,-0.12521446,0.03746936,0.10940564,0.17356005,0.03091299,0.066636026,-0.4688419,0.38342524,-0.06620711,0.15860906,0.029748775,-0.15186888,0.34653798,0.065655634,0.32527575,0.56369483,-0.3736213,-0.42723653,-0.53844976,-0.25628063,-0.47889093,0.37594974,-0.32435662,-0.28293505,0.11412378,0.11724877,0.008547794,0.24335171,-0.0026654413,-0.44782475,-0.025827207,-0.6575674,-0.17239584,-0.22411151,-0.5959253,-0.4320772,-0.1611826,0.07784926,-0.58630514,0.114675246,0.10579044,-0.100153185,0.04856005,0.07545956,0.10088848,0.03526348,-0.30382967,-0.44886643,-0.1041973,0.06724878,-0.1505821,-0.0008884804,0.094883576,-0.47772673,0.2918811,-0.15456495,0.02141544,-0.3292586,-0.026868872,0.12166054,-0.20217524,0.06240809,0.06920956,-0.011795343,-0.05186887,0.094883576,-0.20689338,-0.013756127,-0.35713848,-0.13863358,0.13360907,-0.30113357,0.44329044,-0.07386642,-0.3097733,-0.5828125,-0.322212,0.0359375,-0.027297795,-0.45462623,-0.13440564,0.44310662,0.030606618,0.27215073,-0.13961397,0.07478554,-0.5628983,0.08201593,0.055545345,0.15958945,0.287163,-0.14132966,0.40965074,-0.31277573,-0.10358456,-0.3967218,0.5451287,-0.0763174,-0.49935663,0.06798407,-0.08483456,-0.19574142,-0.64543504,-0.023805147,0.25946692,-0.016942402,-0.01731005,0.06467524,0.1835478,0.12797181,-0.14145221,0.24090074,0.16884191,0.32104778,-0.020496324,-0.5863664,0.016452206,0.08936887,-0.05064338,0.44188112,0.2511336,-0.2535233,0.093351714,-0.20621936,-0.04610907,-0.22123162,-0.03943015,0.26822916,-0.2751532,0.07129289,-0.113694854,0.28195465,0.48673406,0.04898897,-0.38630515,-0.05168505,-0.08599877,0.09947917,-0.22717525,-0.035202205,-0.29929534,0.11234681,-0.12668505,-0.100337006,0.10971201,0.3580576,-0.20603554,-0.3905331,-0.026746323,0.17625612,-0.09304535,0.009283088,0.006464461,-0.39647672,0.039797794,-0.0356924,-0.20842524,-0.0856924,-0.4169424,-0.5377145,-0.14757966,-0.087530635,-0.043903187,0.030055147,-0.37931985,0.24188113,0.25015318,0.09862132,0.020680146,-0.57931983,-0.15683211,-0.018596813,-0.09610907,-0.02791054,-0.001194853,-0.34175858,-0.23599878,0.23814338,0.3333027,-0.37668505,0.38550857,0.58219975,0.007199755,0.07221201,0.08066789,0.22123162,-0.0027267158,-0.28514093,-0.060631126,9.191177e-05,-0.13244486,0.3955576,0.02208946,0.06204044,-0.15450367,0.15738358,0.18287377,-0.039920345,-0.28599876,0.105422795,-0.04175858,0.2087929,0.16890319,-0.2768076,0.025582109,-0.0056678923,-0.13998161,-0.026194854,0.17018995,-0.021783087,-0.14090073,0.072273284,0.18318015,0.11534926,-0.51920956,0.31253064,0.092432596,0.03036152,-0.009773284,0.13759191,-0.0424326,0.08465073,-0.13789828,0.44684437,0.0770527,-0.028584559,0.5206801,-0.015655637,-0.11951593,0.1643076,0.19610907,-0.1828125,0.13213848,0.3316483,0.07521446,0.4185968,-0.040165443,-0.2725184,0.086427696,0.26393995,0.11927083,-0.1734375,-0.30119485,-0.1239277,0.124846816,-0.21663603,-0.045618873,0.28434438,-0.1462929,0.17423406,0.37717524,-0.034099266,-0.2551777,-0.21755515,0.07447917,-0.14727329,-0.0029105393,-0.12662378,0.17196691,0.18446691,0.51314336,-0.09286152,0.14727329,0.3763174,-0.42570466,-0.29978552,-0.16755515,-0.31222427,-0.11007965,0.09310662,-0.11075368,0.3414522,-0.5953125,0.40787378,-0.064368874,-0.114981614,-0.5171875,0.03134191,-0.21810661,-0.16731004,0.62313116,0.15634191,0.22074142,-0.04856005,-0.20039828,-0.036856618,-0.04856005,0.17196691,0.4200674,0.12264093,-0.1179228,-0.20248161,0.101868875,0.060324755,-0.16510417,0.32337624,0.33367035,-0.21216299,0.26988357,-0.52264094,0.13201593,0.20891544,-0.19960171,0.060569853,0.06498162,0.14371936,0.03943015,-0.21749388,-0.10983456,-0.114430144,0.09304535,-0.2544424,-0.4780331,0.19304535,-0.14733456,-0.11657476,-0.006341912,-0.12490809,-0.2130821,-0.09954044,-0.1323223,-0.059099264,-0.15909927,-0.07405025,0.17135416,-0.23348652,-0.12981005,0.1138174,-0.016881127,0.33869484,-0.29666054,-0.20750612,-0.19518995,0.25052083,-0.14010416,0.14047182,-0.4095282,0.14721201,-0.27809435,-0.028645834,-0.03348652,-0.3390625,-0.18648897,-0.21816789,-0.22594975,-0.3888174,-0.1575674,-0.0989277,0.37098652,-0.001194853,0.044822305,-0.06773897,0.12711397,0.34543505,0.047457106,-0.06651348,-0.15052083,0.07576593,0.28697917,0.079626225,-0.36773896,0.3234375,0.03759191,-0.3335478,0.16253063,-0.13802083,0.012898284,-0.020435048,0.0026041667,-0.41559437,-0.01461397,-0.024479168,-0.3333027,0.0710478,0.44114584,-0.1018076,-0.12809436,0.0861826,0.06412377,-0.123866424,-0.07386642,0.046231616,0.11473652,-0.082077205,-0.06351103,-0.123314954,-0.07539828,0.16344975,0.06731005,0.4830576,0.15977329,-0.21645221,-0.44617033,-0.33973652,0.5015625,0.06951593,-0.07748162,0.32711396,0.15101103,0.07331495,0.001072304,0.02098652,-0.11731005,-0.49476102,-0.0484375,0.01461397,0.4005821,0.06853554,0.05505515,-0.001317402,0.05211397,0.171538,-0.30719975,0.04954044,0.28832722,-0.09163603,0.74390316,-0.32558212,0.3008272,0.025153186,-0.12760417,0.022273283,-0.23054534,-0.016636029,-0.24757966,-0.06259191,-0.12686887,-0.19175857,-0.47110906,0.14764093,0.13324142,-0.14408702,-0.08483456,-0.12784927,-0.38201594,0.17423406,0.07748162,0.40309435,0.09745711,-0.33795956,0.25064337,0.03624387,-0.44518995,-0.053890932,-0.31688112,0.29310662,0.09108456,0.26326594,0.19782476,0.021721814,0.067555144,0.3234988,-0.37233457,-0.21773897,-0.1967218,-0.034650736,-0.0356924,-0.038204655,0.053829655,0.009405637,-0.28514093,-0.36393994,-0.15799633,0.22025123,-0.15842524,0.1984375,0.3962929,0.10425858,-0.36228552,-0.1328125,-0.15560661,-0.09126838,-0.21075368,0.01596201,-0.01976103,-0.15021446,0.15015319,0.07178309,0.00039828432,0.21835172,-0.3350184,-0.08201593,-0.011550245,0.020925244,-0.22092524,0.3212316,-0.05076593,-0.019270834,0.31565565,0.1626532,-0.06547181,0.031219363,0.31583947,-0.65487134,-0.0171875,-0.22239584,-0.3044424,0.08630515,-0.12417279,-0.22791053,0.033118874,-0.2554228,-0.038633578,0.18550858,-0.009589461,-0.08060662,0.08219975,0.26559436,0.06106005,-0.078278184,-0.1938419,0.033302695,-0.13183211,-0.3304228,0.100704655,0.039307598,0.12129289,-0.17846201,0.08250613,0.26534927,0.23360907,0.42766544,0.1693321,0.01651348,0.097150736,-0.03201593,-0.119148284,-0.04188113,0.22398897,-0.065716915,-0.108976714,-0.039246324,-0.16516544,-0.25793505,0.071721815,0.15983456,0.14237133,-0.020925244,0.022518381,-0.27417278,0.22693014,-0.5163909,0.41626838,-0.15052083,0.2063419,0.21498162,-0.23998162,0.096966915,0.21400122,-0.08722427,-0.15431985,-0.051501226,0.07264093,0.121599264,-0.18563113,0.04083946,0.15125613,-0.47582722,-0.16639093,-0.08030024,0.11473652,0.013694853,0.15775123,-0.06492034,-0.07545956,0.06841299,0.016636029,0.08054534,0.16657476,0.004564951,-0.14224878,-0.12778799,0.0515625,0.17809436,0.28753063,0.3611826,-0.3467831,-0.37938112,0.16363358,-0.0012561275,0.3893076,0.026930148,0.30033702,-0.057077207,0.11571691,-0.12570466,0.21412377,0.19549632,-0.23213848,-0.12417279,-0.16387868,0.16228554,-0.034589462,-0.047702204,0.0859375,-0.34586397,-0.19856004,0.19273897,0.17717524,0.007077206,-0.0015012255,0.042248774,-0.09862132,-0.040104166,-0.01608456,0.35891545,0.18422182,-0.09353554,-0.2551777,-0.06657475,0.12545955,-0.4498468,0.14788602,0.24322917,-0.1421875,-0.3181679,0.1143076,0.04188113,-0.21737133,0.039675247,-0.0036458333,0.011427696,0.4386336,0.14837623,-0.12901348,0.010140931,0.107689954,0.4361826,0.07460172,0.09016544,-0.33648896,0.11639093,-0.30928308,0.05860907,-0.13115808,0.07068015,0.12417279,0.20150122,-0.45193014,-0.09537377,0.40848652,-0.396538,0.14396445,0.1750919,-0.01338848,0.24304534,0.2114277,0.36228552,0.02778799,-0.25186887,0.006709559,-0.019209558,0.06963848,-0.3111826,-0.100704655,0.07766544,-0.32411152,-0.026194854,0.15278798,-0.1820772,0.25787377,0.2147978,-0.18440564,-0.390962,-0.028707108,-0.04586397,-0.03091299,-0.079626225,-0.24574143,0.19874388,0.259038,-0.19641544,-0.16951594,-0.22356005,0.19114584,0.45928308,0.05168505,0.099356614,0.103155635,0.17196691,-0.20560662,0.39984682,0.09212623,-0.28704044,0.024540441,-0.24911152,-0.33416054,0.034283087,-0.15456495,0.07123162,0.1352022,-0.29598653,0.16927083,-0.14856005,-0.30719975,-0.2171875,0.23612133,0.2544424,-0.14414829,-0.013633578,0.052175246,-0.08446691,-0.21216299,-0.08048407,-0.22711398,-0.0019914217,-0.06136642,-0.26326594,0.17227328,-0.04433211,-0.16669731,-0.11786152,-0.13219975,0.16688113,0.20658702,0.024050245,-0.31148896,0.03661152,0.20836397,0.15168504,-0.06596201,-0.29071692,-0.06516544,-0.4736213,0.15186888,0.21884191,-1.5962316,-0.6494179,-0.38612133,1.5941483,-0.71106005,-0.3085478,-1.0355086,-0.4606924,-1.6256434,1.0939645,1.0566483,-0.15670955,0.3304228,0.4001532,-1.4468443,0.70768994,-0.41063112,0.79371935,-0.38336396,-1.2658395,-0.67545956,-0.26534927,1.027543,-1.5888174,0.41559437,-0.11271446,-0.92576593,1.4598346,-0.1974571,-1.6428615,-0.2743566,-0.5185968,0.52196693,0.13434437,-0.31253064,-1.3599571,0.001439951,-1.6714767,0.4085478,-0.59396446,0.16878064,0.64445466,-0.63894,-0.14764093,0.6373468,-0.51541054,0.07392769,-1.1995405,0.75382966,0.4438419,0.8045037,0.5687194,-1.5752758,-0.07159927,-1.547886,-0.0040134806,1.0873468,-0.57564336,0.15358455,0.6839767,-0.5121017,-0.1314032,0.18305759,0.22123162,-0.19518995,1.0958027,-0.13563113,0.9256434,-0.9718444,-0.84690565,0.95021445,0.44329044,-0.32735908,0.5766851,-0.7791973,0.3563419,-0.43661153,0.099969365,0.40695465,-1.2002145,0.6344669,-0.39984682,0.3318321,0.18403798,-0.122395836,0.6385723,-1.1780331,0.79849875,-0.35052082,0.19059436,-0.31289828,-0.40401348,-1.3337929,0.4950061,0.97693014,-0.032199755,0.5840993,1.5168198,-1.3791361,-0.9842218,0.7485601,-0.07178309,-1.2668811,-1.0366116,1.5619179,0.13924633,-1.0432905,-0.23189338,-1.2838541,0.041023284,0.74549633,-0.5440257,-0.3749081,0.55885416,0.5879596,-1.2541361,-0.017371323,-0.8588542,0.5727022,-0.90358454,1.7595894,0.8830576,-0.26761642,-1.0698836,-1.5289522,0.2676777,-0.8445159,0.30646446,
0,0,1,0,0,0,0,0,0,0,0,0,0,0,0,0,0,0,0,0,0,0,0,0,0,0,0,0,0,0,0,0,0,0,0,0,0,0,0,0,0,0,0,0,0,0,0,0,0,0,0,0,0,0,0,0,0,0,0,0,0,0,0,0,0,0,0,0,0,0,0,0,0,0,0,1,0,0,0,0,0,0,0,0,0,0,0,0,0,0,0,0,0,0,0,0,0,0,0,0,0,0,0,0,0,0,0,0,0,0,0,0,0,0,0,0,0,0,0,0,0,0,0,0,0,0,0,0,0,0,0,0,0,0,0,0,0,0,0,0,0,0,0,0,0,0,0,0,0,0,0,0,0,0,0,0,0,0,0,0,0,0,0,0,0,0,0,0,0,0,0,0,0,0,0,0,0,0,0,0,0,0,0,0,0,0,0,0,0,0,0,0,0,0,0,0,0,0,0,0,0,0,0,0,0,0,0,0,0,0,0,0,0,0,0,0,0,0,0,0,0,0,0,0,0,0,0,0,0,0,0,0,0,0,0,0,0,0,0,0,0,0,0,0,0,0,0,0,0,0,0,0,0,0,0,0,0,0,0,0,0,0,0,0,0,0,0,0,0,0,0,0,0,0,0,0,0,0,0,0,0,0,0,0,0,0,0,0,0,0,0,0,0,0,0,0,0,0,0,0,0,0,0,0,0,0,0,0,0,0,0,0,0,0,0,0,0,0,0,0,0,0,0,0,0,0,0,0,0,0,0,0,0,0,0,0,0,0,0,0,0,0,0,0,0,0,0,0,0,0,0,0,0,0,0,0,0,0,0,0,0,0,0,0,0,0,0,0,0,0,0,0,0,0,0,0,0,0,0,0,0,0,0,0,0,0,0,0,0,0,0,0,0,0,0,0,0,0,0,0,0,0,0,0,0,0,0,0,0,0,0,0,0,0,0,0,0,0,0,0,0,0,0,0,0,0,0,0,0,0,0,0,0,0,0,0,0,0,0,0,0,0,0,0,0,0,0,0,0,0,0,0,0,0,0,0,0,0,0,0,0,0,0,0,0,0,0,0,0,0,0,0,0,0,0,0,0,0,0,0,0,0,0,0,0,0,0,0,0,0,0,0,0,0,0,0,0,0,0,0,0,0,0,0,0,0,0,0,0,0,0,0,0,0,0,0,0,0,0,0,0,0,0,0,0,1,0,0,0,0,0,0,0,0,0,0,0,0,0,0,0,0,0,0,0,0,0,0,0,0,0,0,0,0,0,0,0,0,0,0,0,0,0,0,0,0,0,0,0,0,0,0,0,0,0,0,0,0,0,0,0,0,0,0,0,0,0,0,0,0,0,0,0,0,0,0,0,0,0,0,0,0,0,0,0,0,0,0,0,0,0,0,0,0,0,0,0,0,0,0,0,0,0,0,0,0,0,0,0,0,0,0,0,0,0,0,0,0,0,0,0,0,0,0,0,0,0,0,0,0,0,0,0,0,0,0,0,0,0,0,0,0,0,0,0,0,0,0,0,0,0,0,0,0,0,0,0,0,0,0,0,0,0,0,0,0,0,0,0,0,0,0,0,0,0,0,0,0,0,0,0,0,0,0,0,0,0,0,0,0,0,0,0,0,0,0,0,0,0,0,0,0,0,0,0,0,0,0,0,0,0,0,0,0,0,0,0,0,0,0,0,0,0,0,0,0,0,0,0,0,0,0,0,0,0,0,0,0,0,0,0,0,0,0,0,0,0,0,0,0,0,0,0,0,0,0,0,0,0,0,0,0,0,0,0,0,0,0,0,0,0,0,0,0,0,0,0,0,0,0,0,0,0,0,0,0,0,0,0,0,0,0,0,0,0,0,0,0,0,0,0,0,0,0,0,0,0,0,0,0,0,0,0,0,0,0,0,0,0,0,0,0,0,0,0,0,0,0,0,0,0,0,0,0,0,0,0,0,0,0,0,0,0,0,0,0,0,0,0,0,0,0,0,0,0,0,0,0,0,0,0,0,0,0,0,0,0,0,0,0,0,0,0,0,0,0,0,0,0,0,0,0,0,0,0,0,0,0,0,0,0,0,0,0,0,0,0,0,0,0,0,0,0,0,0,0,0,0,0,0,0,0,0,0,0,0,0,0,0,0,0,0,0,0,0,0,0,0,0,0,0,0,0,0,0,0,0,0,0,0,0,0,0,0,0,0,0,0,0,0,0,0,0,0,0,0,0,0,0,0,0,0,0,0,0,0,0,0,0,0,0,0,0,0,0,0,0,0,0,0,0,0,0,0,0,0,0,0,0,0,0,0,0,0,0,0,0,0,0,0,0,0,0,0,0,0,0,0,0,0,0,0,0,0,0,0,0,0,0,0,0,0,0,0,0,0,0,0,0,0,0,0,0,0,0,0,0,0,0,0,0,0,0,0,0,0,0,0,0,0,0,0,0,0,0,0,0,0,0,0,0,0,0,0,0,0,0,0,0,0,0,0,0,0,0,0,0,0,0,0,0,0,0,0,0,0,0,0,0,0,0,0,0,0,0,0,0,0,0,0,0,0,0,0,0,0,0,0,0,0,0,0,0,0,0,0,0,0,0,0,0,0,0,0,0,0,0,0,0,0,0,0,0,0,0,0,0,0,0,0,0,0,0,0,0,0,0,0,0,0,0,0,0,0,0,0,0,0,0,0,0,0,0,0,0,0,0,0,0,0,0,0,0,0,0,0,0,0,0,0,0,0,0,0,0,0,0,0,0,0,0,0,0,0,0,0,0,0,0,0,0,0,0,0,0,0,0,0,0,0,0,0,0,0,0,0,0,0,0,0,0,0,0,0,0,0,0,0,0,0,0,0,0,0,0,0,0,0,0,0,0,0,0,0,0,0,0,0,0,0,0,0,0,0,0,0,0,0,0,0,0,0,0,0,0,0,0,0,0,0,0,0,0,0,0,0,0,0,0,0,0,0,0,0,0,0,0,0,0,0,0,0,0,0,0,0,0,0,0,0,0,0,0,0,0,0,0,0,0,0,0,0,0,0,0,0,0,0,0,0,0,0,0,0,0,0,0,0,0,0,0,0,0,0,0,0,0,0,0,0,0,0,0,0,0,0,0,0,0,0,0,0,0,0,0,0,0,0,0,0,0,0,0,0,0,0,0,0,0,0,0,0,0,0,0,0,0,0,0,0,0,0,0,0,0,0,0,0,0,0,0,0,0,0,0,0,0,0,0,0,0,0,0,0,0,0,0,0,0,0,0,0,0,0,0,0,0,0,0,0,0,0,0,0,0,0,0,0,0,0,0,0,0,0,0,0,0,0,0,0,0,0,0,0,0,0,0,0,0,0,0,0,0,0,0,0,0,0,0,0,0,0,0,0,0,0,0,0,0,0,0,0,0,0,0,0,0,0,0,0,0,0,0,0,0,0,0,0,0,0,0,0,0,0,0,0,0,0,0,0,0,0,0,0,0,0,0,0,0,0,0,0,0,0,0,0,0,0,0,0,0,0,0,0,0,0,0,0,0,0,0,0,0,0,0,0,0,0,0,0,0,0,0,0,0,0,0,0,0,0,0,0,0,0,0,0,0,0,0,0,0,0,0,0,0,0,0,0,0,0,0,0,0,0,0,0,0,0,0,0,0,0,0,0,0,0,0,0,0,0,0,0,0,0,0,0,0,0,0,0,0,0,0,0,0,0,0,0,0,0,0,0,0,0,0,0,0,0,0,0,0,0,0,0,0,0,0,0,0,0,0,0,0,0,0,0,0,0,0,0,0,0,0,0,0,0,0,0,0,0,0,0,0,0,0,0,0,0,0,0,0,0,0,0,0,0,0,0,0,0,0,0,0,0,0,0,0,0,0,0,0,0,0,0,0,0,0,0,0,0,0,0,0,0,0,0,0,0,0,0,0,0,0,0,0,0,0,0,0,0,0,0,0,0,0,0,0,0,0,0,0,0,0,0,0,0,0,0,0,0,0,0,0,0,0,0,0,0,0,0,0,0,0,0,0,0,0,0,0,0,0,0,0,0,0,0,0,0,0,0,0,0,0,0,0,0,0,0,0,0,0,0,0,0,0,0,0,0,0,0,0,0,0,0,0,0,0,0,0,0,0,0,0,0,0,0,0,0,0,0,0,0,0,0,0,0,0,0,0,0,0,0,0,0,0,0,0,0,0,0,0,0,0,0,0,0,0,0,0,0,0,0,0,0,0,0,0,0,0,0,0,0,0,0,0,0,0,0,0,0,0,0,0,0,0,0,0,0,0,0,0,0,0,0,0,0,0,0,0,0,0,0,0,0,0,0,0,0,0,0,0,0,0,0,0,0,0,0,0,0,0,0,0,0,0,0,0,0,0,0,0,0,0,0,0,0,0,0,0,0,0,0,0,0,0,0,0,0,0,0,0,0,0,0,0,0,0,0,0,0,0,0,0,0,0,0,0,0,0,0,0,0,0,0,0,0,0,0,0,0,0,0,0,0,0,0,0,0,0,0,0,0,0,0,0,0,0,0,0,0,0,0,0,0,0,0,0,0,0,0,0,0,0,0,0,0,0,0,0,0,0,0,0,0,0,0,0,0,0,0,0,0,0,0,0,0,0,0,0,0,0,0,0,0,0,0,0,0,0,0,0,0,0,0,0,0,0,0,0,0,0,0,0,0,0,0,0,0,0,0,0,0,0,0,0,0,0,0,0,0,0,0,0,0,0,0,0,0,0,0,0,0,0,0,0,0,0,0,0,0,0,0,0,0,0,0,0,0,0,0,0,0,0,0,0,0,0,0,0,0,0,0,0,0,0,0,0,0,0,0,0,0,0,0,0,0,0,0,0,0,0,0,0,0,0,0,0,0,0,0,0,0,0,0,0,0,0,0,0,0,0,0,0,0,0,0,0,0,0,0,0,0,0,0,0,0,0,0,0,0,0,0,0,0,0,0,0,0,0,0,0,0,0,0,0,0,0,0,0,0,0,0,0,0,0,0,0,0,0,0,0,0,0,0,0,0,0,0,0,0,0,0,0,0,0,0,0,0,0,0,0,0,0,0,0,0,0,0,0,0,0,0,0,0,0,0,0,0,0,0,0,0,0,0,0,0,0,0,0,0,0,0,0,0,0,0,0,0,0,0,0,0,0,0,0,0,0,0,0,0,0,0,0,0,0,0,0,0,0,0,0,0,0,0,0,0,0,0,0,0,0,0,0,0,0,0,0,0,0,0,0,0,0,0,0,0,0,0,0,0,0,0,0,0,0,0,0,0,0,0,0,0,0,0,0,0,0,0,0,0,0,0,0,0,0,0,0,0,0,0,0,0,0,0,0,0,0,0,0,0,0,0,0,0,0,0,0,0,0,0,0,0,0,0,0,0,0,0,0,0,0,0,0,0,0,0,0,0,0,0,0,0,0,0,0,0,0,0,0,0,0,0,0,0,0,0,0,0,0,0,0,0,0,0,0,0,0,0,0,0,0,0,0,0,0,0,0,0,0,0,0,0,0,0,0,0,0,0,0,0,0,0,0,0,0,0,0,0,0,0,0,0,0,0,0,0,0,0,0,0,0,0,0,0,0,0,0,0,0,0,0,0,0,0,0,0,0,0,0,0,0,0,0,0,0,0,0,0,0,0,0,0,0,0,0,0,0,0,0,0,0,0,0,0,0,0,0,0,0,0,0,0,0,0,0,0,0,0,0,0,0,0,0,0,0,0,0,0,0,0,0,0,0,0,0,0,0,0,0,0,0,0,0,0,0,0,0,0,0,0,0,0,0,0,0,0,0,0,0,0,0,0,0,0,0,0,0,0,0,0,0,0,0,0,0,0,0,0,0,0,0,0,0,0,0,0,0,0,0,0,0,0,0,0,0,0,0,0,0,0,0,0,0,0,0,0,0,0,0,0,0,0,0,0,0,0,0,0,0,0,0,0,0,0,0,0,0,0,0,0,0,0,0,0,0,0,0,0,0,0,0,0,0,0,0,0,0,0,0,0,0,0,0,0,0,0,0,0,0,0,0,0,0,0,0,0,0,0,0,0,0,0,0,0,0,0,0,0,0,0,0,0,0,0,0,0,0,0,0,0,0,0,0,0,0,0,0,0,0,0,0,0,0,0,0,0,0,0,0,0,0,0,0,0,0,0,0,0,0,0,0,0,0,0,0,0,0,0,0,0,0,0,0,0,0,0,0,0,0,0,0,0,0,0,0,0,0,0,0,0,0,0,0,0,0,0,0,0,0,0,0,0,0,0,0,0,0,0,0,0,0,0,0,0,0,0,0,0,0,0,0,0,0,0,0,0,0,0,0,0,0,0,0,0,0,0,0,0,0,0,0,0,0,0,0,0,0,0,0,0,0,0,0,0,0,0,0,0,0,0,0,0,0,0,0,0,0,0,0,0,0,0,0,0,0,0,0,0,0,0,0,0,0,0,0,0,0,0,0,0,0,0,0,0,0,0,0,0,0,0,0,0,0,0,0,0,0,0,0,0,0,0,0,0,0,0,0,0,0,0,0,0,0,0,0,0,0,0,0,0,0,0,0,0,0,0,0,0,0,0,0,0,0,0,0,0,0,0,0,0,0,0,0,0,0,0,0,0,0,0,0,0,0,0,0,0,0,0,0,0,0,0,0,0,0,0,0,0,0,0,0,0,0,0,0,0,0,0,0,0,0,0,0,0,0,0,0,0,0,0,0,0,0,0,0,0,0,0,0,0,0,0,0,0,0,0,0,0,0,0,0,0,0,0,0,0,0,0,0,0,0,0,0,0,0,0,0,0,0,0,0,0,0,0,0,0,0,0,0,0,0,0,0,0,0,0,0,0,0,0,0,0,0,0,0,0,0,0,0,0,0,0,0,0,0,0,0,0,0,0,0,0,0,0,0,0,0,0,0,0,0,0,0,0,0,0,0,0,0,0,0,0,0,0,0,0,0,0,0,0,0,0,0,0,0,0,0,0,0,0,0,0,0,0,0,0,0,0,0,0,0,0,0,0,0,0,0,0,0,0,0,0,0,0,0,0,0,0,0,0,0,0,0,0,0,0,0,0,0,0,0,0,0,0,0,0,0,0,0,0,0,0,0,0,0,0,0,0,0,0,0,0,0,0,0,0,0,0,0,0,0,0,0,0,0,0,0,0,0,0,0,0,0,0,0,0,0,0,0,0,0,0,0,0,0,0,0,0,0,0,0,0,0,0,0,0,0,0,0,0,0,0,0,0,0,0,0,0,0,0,0,0,0,0,0,0,0,0,0,0,0,0,0,0,0,0,0,0,0,0,0,0,0,0,0,0,0,0,0,0,0,0,0,0,0,0,0,0,0,0,0,0,0,0,0,0,0,0,0,0,0,0,0,0,0,0,0,0,0,0,0,0,0,0,0,0,0,0,0,0,0,0,0,0,0,0,0,0,0,0,0,0,0,0,0,0,0,0,0,0,0,0,0,0,0,0,0,0,0,0,0,0,0,0,0,0,0,0,0,0,0,0,0,0,0,0,0,0,0,0,0,0,0,0,0,0,0,0,0,0,0,0,0,0,0,0,0,0,0,0,0,0,0,0,0,0,0,0,0,0,0,0,0,0,0,0,0,0,0,0,0,0,0,0,0,0,0,0,0,0,0,0,0,0,0,0,0,0,0,0,0,0,0,0,0,0,0,0,0,0,0,0,0,0,0,0,0,0,0,0,0,0,0,0,0,0,0,0,0,0,0,0,0,0,0,0,0,0,0,0,0,0,0,0,0,0,0,0,0,0,0,0,0,0,0,0,0,0,0,0,0,0,0,0,0,0,0,0,0,0,0,0,0,0,0,0,0,0,0,0,0,0,0,0,0,0,0,0,0,0,0,0,0,0,0,0,0,0,0,0,0,0,0,0,0,0,0,0,0,0,0,0,0,0,0,0,0,0,0,0,0,0,0,0,0,0,0,0,0,0,0,0,0,0,0,0,0,0,0,0,0,0,0,0,0,0,0,0,0,0,0,0,0,0,0,0,0,0,0,0,0,0,0,0,0,0,0,0,0,0,0,0,0,0,0,0,0,0,0,0,0,0,0,0,0,0,0,0,0,0,0,0,0,0,0,0,0,0,0,0,0,0,0,0,0,0,0,0,0,0,0,0,0,0,0,0,0,0,0,0,0,0,0,0,0,0,0,0,0,0,0,0,0,0,0,0,0,0,0,0,0,0,0,0,0,0,0,0,0,0,0,0,0,0,0,0,0,0,0,0,0,0,0,0,0,0,0,0,0,0,0,0,0,0,0,0,0,0,0,0,0,0,0,0,0,0,0,0,0,0,0,0,0,0,0,0,0,0,0,0,0,0,0,0,0,0,0,0,0,0,0,0,0,0,0,0,0,0,0,0,0,0,0,0,0,0,0,0,0,0,0,0,0,0,0,0,0,0,0,0,0,0,0,0,0,0,0,0,0,0,0,0,0,0,0,0,0,0,0,0,0,0,0,0,0,0,0,0,0,0,0,0,0,0,0,0,0,0,0,0,0,0,0,0,0,0,0,0,0,0,0,0,0,0,0,0,0,0,0,0,0,0,0,0,0,0,0,0,0,0,0,0,0,0,0,0,0,0,0,0,0,0,0,0,0,0,0,0,0,0,0,0,0,0,0,0,0,0,0,0,0,0,0,0,0,0,0,0,0,0,0,0,0,0,0,0,0,0,0,0,0,0,0,0,0,0,0,0,0,0,0,0,0,0,0,0,0,0,0,0,0,0,0,0,0,0,0,0,0,0,0,0,0.3092504,0.85769486,-0.20196527,0.44394323,-0.11778227,1.0861915,0.11416544,-0.47333783,-0.11647508,-0.19438358,0.7458517,-0.69524634,-0.32259274,-1.5476907,-0.0978607,0.029720997,-0.7733117,0.14355107,0.24619159,0.36289746,-0.023612337,0.48138112,1.1112896,-1.3692856,-0.054514296,0.40540728,0.49126348,0.29298896,-0.8434816,1.2512635,-0.03997835,-0.6898084,0.6153419,0.54161644,-0.33723325,-0.21043587,0.41894975,0.87066215,0.8928844,0.031080473,-0.3812071,0.11630923,-0.105808415,-0.82946855,-0.6503313,-0.51809597,-0.50345546,-0.25995222,0.253355,-0.16086724,0.3202308,-0.38868424,0.04911969,0.36796936,0.6152896,0.015446487,-0.59574306,0.10318505,0.5130674,0.3087798,0.10323734,0.5655118,-0.85529864,0.28723735,0.23165564,0.8869236,1.2724923,0.055289622,-0.18685417,-0.931743,0.49487132,0.26438767,-0.097076386,-0.51610905,-0.76159924,0.24425694,0.43793014,0.845721,0.8890674,-0.33712867,-0.32154697,0.5402569,0.21387786,-0.09268423,0.07808701,-0.92573,0.39657068,-0.2519522,-0.3332594,-0.08023979,0.01821773,0.73774713,0.6676295,0.17403473,0.8171197,-0.11297181,-0.36494568,-0.42591298,0.521172,-0.6743836,-0.2573901,-0.3588803,0.501355,-0.045939133,0.8874988,-0.11558619,-0.39699796,-0.7577823,0.5821393,-0.63767767,0.8408583,0.30187786,0.45382556,-0.46063194,0.25105432,-0.2406058,-0.19987378,0.4595772,0.595368,-0.011952206,-0.029363971,0.25183865,-0.75166464,0.4015903,-0.6077169,0.1998125,0.3783746,-0.30486724,-0.3226973,0.45293668,0.3152112,0.10376021,0.45853147,-0.37880188,-0.23098488,0.38726348,0.09549878,0.58904123,-0.16756006,0.10762949,-0.016292075,0.13628308,0.0751589,0.33680597,0.48624387,0.3509759,-0.21310253,0.09518505,0.15996936,0.59202164,-0.16478881,-0.024867238,0.41210008,-0.06910253,-0.15328553,0.70151186,0.5173027,0.10647917,-0.1989326,-0.36222672,0.47798243,0.5703746,-0.30899796,0.24206087,-0.809913,-0.055455472,0.73560333,0.05727655,-0.40295875,0.64765567,-0.015769199,0.56383866,0.033224266,0.0229759,0.3013027,-0.36452737,-0.28097183,0.1324661,0.32969487,-0.52871037,0.25027,-0.23746854,0.33508047,-0.31924632,0.25978637,0.27108046,-0.23061888,0.7517602,0.27970794,-0.466279,-0.22497182,-0.24091953,0.3501393,-0.43647507,-0.94993913,-0.21216136,-0.6322921,0.20556414,-0.4220437,-0.31924632,0.119864784,-0.72855353,0.11374714,0.3783746,-0.35840973,-0.2738607,-0.24285416,-0.16546854,0.00075367646,0.015760213,0.36420465,-0.31208292,-0.06439665,0.6701916,0.60033536,-0.38246202,-0.32342932,-0.34978226,-0.5765535,0.38140726,-0.13148162,0.23845302,-0.7475339,0.18292361,-0.5234816,-0.25440973,0.6411197,-0.12865809,0.17000858,0.09560335,-0.28050122,0.22036152,-0.7013117,-0.42769077,0.75798243,0.3519171,-0.24588685,0.13926348,-0.19668423,-0.21765155,-0.57765156,-0.118095994,-0.21101102,-0.038671162,0.5279171,0.07128962,0.06292361,0.21189094,-0.5780176,0.2978517,0.03615237,-0.22810906,0.14872754,0.80843997,0.028884396,-0.11020057,0.2587406,0.53356415,0.64049226,0.16974714,0.05779943,-0.17749469,0.5875772,0.15003473,0.20211315,-0.024762664,-0.13718097,0.2768844,0.2705053,0.17210008,-0.4578607,-0.17336397,-0.014252859,0.39437458,-0.06575613,0.2832112,0.056230802,0.3101393,-0.05488031,-0.1438215,0.40467525,-0.06157312,-0.3092071,0.329538,-0.077416256,-0.02852737,-0.6287365,-0.09362541,0.2663746,0.19944648,0.017276552,0.066583745,-0.074488156,-0.081599265,0.42360336,0.494453,0.24509354,0.052256946,-0.36844894,-0.5141221,0.54893667,-0.68274957,-0.5951156,-0.1113509,0.08091054,0.22752492,0.61785173,0.32389092,0.028727533,0.11876675,0.2781916,-0.27804372,-0.1037692,0.37743342,-0.65247506,-0.35203063,0.24880597,0.46360335,0.1476295,-0.21995221,0.3656164,-0.10073652,-0.29226592,0.49450532,-0.11867116,0.08038767,-0.051324755,0.562636,0.6899563,-0.47705024,-0.16055351,0.05989093,0.028832108,0.07996936,0.07845302,-0.3968411,0.043420345,-0.4287888,0.20253146,-0.18659273,0.43787786,-0.2911156,0.33335498,0.17314583,0.30637458,0.22867525,-0.28191298,0.37534192,0.31777328,0.5513419,0.023289625,-0.33210906,0.57978636,0.04629616,-0.51276267,-0.09200449,-0.032971814,0.11871446,0.1505053,-0.36180842,-0.20557313,-0.43997836,-0.009808415,-0.09163848,-0.18057966,-0.51621366,0.03202165,0.05471446,0.53225696,-0.005520833,0.53345954,0.3400478,0.03311969,-0.07908946,0.273538,0.073904,0.29471445,-0.345547,-0.3672986,-0.29001758,0.4469759,0.3092504,-0.07558619,0.03955106,-0.29927248,-0.20034437,-0.38246202,0.15285826,-0.09305024,-0.3589849,-0.43485418,-0.15276267,0.87379944,-0.462828,0.09811316,0.5410935,0.25110662,0.20870139,-0.38528553,-0.034645017,0.13079289,0.2798125,0.09277982,0.45795628,-0.031455472,-0.19072345,0.11249224,-0.52745545,0.41058373,0.42057067,-0.28201756,0.45382556,0.3118648,0.22945955,0.067890935,-0.37623978,-0.14925939,-0.41163847,0.054296162,-0.0068803104,0.14606087,0.15834844,-0.3294424,-0.47281495,0.10454453,0.048596814,0.053041257,-0.045468546,0.14506741,-0.2974424,-0.04797835,-0.2073509,-0.37671039,-0.23035744,-0.100265935,-0.13822672,-0.5172071,-0.18570384,-0.02894567,-0.1951679,0.7841262,0.58470136,-0.41205677,-0.12473652,-0.6176516,0.2465053,0.062400736,0.16932884,0.2667929,-0.41838357,-0.57252735,-0.106069855,0.10260989,0.21372099,-0.087403186,0.32713276,0.27657068,0.01863603,-0.18863195,-0.25388685,0.50543344,-0.05665809,0.055498775,-0.22324632,-0.52640975,0.5964661,0.34898898,0.37680596,-0.060579658,-0.3525012,-0.095194034,0.06260989,0.0158125,0.15892361,-0.466645,0.636989,0.21074061,0.11322427,0.15243995,0.17565563,0.1552112,0.58684516,-0.59375614,0.23798244,-0.09979534,0.31672752,-0.6952986,-0.102305144,0.43427002,-0.835011,0.12378635,-0.5766058,0.47887132,-0.081965275,0.09874061,-0.056396652,-0.38821363,0.46574715,-0.069677696,0.47996935,0.13403472,0.05393015,-0.036422793,-0.14512868,-0.041180965,0.67583865,-0.52541625,0.10799551,0.12577328,-0.079403184,0.562636,-0.57148165,-0.086095996,0.18224387,0.054191586,0.54114586,-0.08855351,-0.28667116,-0.5133901,0.41649222,-0.0003966503,0.26287133,-0.25932476,0.09361642,0.3494073,-0.13148162,-0.39532477,0.2149236,-0.06549469,0.09513276,-0.16750777,0.108832106,0.24059682,0.16551185,-0.1471156,0.41220465,0.4507406,-0.20044895,-0.31746855,0.23840074,-0.058331292,-0.063873775,0.35860988,-0.1496777,-0.47626594,-0.018958742,-0.033808414,0.10057067,-0.32536396,-0.101573125,0.19667524,0.34046608,-0.18308946,0.04394322,-0.25263193,0.077721,0.47421774,-0.15668423,-0.13174306,0.39573407,0.39238766,0.6903746,-0.37822673,-0.10016136,-0.55741626,-0.24635744,0.22532883,-0.5595078,0.6069759,-0.09080188,0.22736806,0.20148571,-0.5470633,-0.17435743,-0.11412214,-0.2642398,-0.21791299,0.29136807,0.027368056,0.28676674,-0.34481496,0.16122426,-0.25822672,-0.18345547,-0.43030515,0.26611316,-0.5565274,-0.26193914,0.29445302,0.10449224,-0.58240974,-0.12797835,0.18475367,-0.015507761,0.24389093,-0.22052737,0.48221773,-0.17603064,-0.27846202,0.48938113,0.18940727,-0.270462,0.25785172,-0.17440972,0.1294857,-0.29634437,-0.34146854,0.5495641,-0.3560045,0.53827,-0.2065143,-0.26742932,0.17361642,-0.3058607,0.022557598,0.42773408,-0.39051428,-0.51736397,-0.41101104,-0.07025286,-0.19616136,0.10804779,-0.12891953,-0.30685416,-0.2330764,-0.1732071,-0.81226593,0.23416544,-0.50105023,0.23128963,0.083995506,-0.2693117,-0.378279,-0.122854166,-0.5209195,-0.043324754,-0.14972998,0.04843995,0.32169485,0.44389093,0.08974714,0.31625694,0.4642308,0.09445302,0.29900205,0.16122426,0.115943216,0.23406087,-0.15793914,-0.22622672,-0.06031822,-0.18972999,-0.18952084,-0.3618607,-0.08254044,-0.17676267,-0.0680045,0.0646491,-0.36165154,-0.48891953,0.27745956,0.09544649,0.3383223,0.26433536,-0.01681495,-0.100997955,-0.00081495097,0.23996936,-0.20191298,0.11128963,-0.087403186,0.080492236,0.018426878,0.342087,-0.15898488,0.49821773,0.40425694,0.2111589,-0.26429206,0.0024791667,-0.49545547,-0.4645535,-0.24975613,-0.4268019,-0.45273653,0.018897468,-0.105180964,0.09921119,-0.34298488,-0.17942934,-0.06183456,-0.064553514,0.50041384,-0.39898488,0.05670139,0.06579943,0.6154465,-0.22967769,-0.5662529,0.07552492,-0.30481496,0.11615237,0.15996936,0.33853146,0.24598244,-0.29043588,-0.011952206,-0.25393912,0.3783223,-0.16703717,0.23186478,-0.11731169,-0.75652736,-0.35663193,-0.08363848,0.10402165,-0.1345143,0.06966871,-0.13174306,-0.362279,-0.5534947,-0.25817442,-0.5242137,0.19944648,0.042270016,0.6312896,0.0933027,-0.46518096,-0.05681495,0.39338112,0.22083211,-0.29749468,-0.03323325,0.33570793,-0.3463313,-0.33901104,0.42407393,0.34982556,-0.10178227,-0.22868423,0.36540726,0.037773285,0.09931577,0.06229616,-0.721913,-0.59145546,-0.050226714,-0.31924632,-0.02246201,0.7232635,0.39442688,-0.34742934,-0.1463313,0.22663602,-0.030148285,0.68331575,-0.40452737,-0.3041875,0.09084518,-0.44374305,0.045773283,0.18726347,0.021354984,0.5331981,-0.11244894,0.20608701,0.104596816,-0.25393912,0.21994323,0.037198123,-0.056501225,0.41811314,-0.18737704,-0.2531548,-0.21822672,-0.26324633,0.20331576,0.28561643,0.084361516,0.13027002,-0.38031822,0.15301512,0.2887014,0.16143341,0.114008576,0.26830924,-0.83480185,-0.61430514,0.6995772,0.2444661,0.24708048,-0.0465143,0.20237459,0.1720478,-0.08374306,-0.7571548,0.026792891,0.2048321,-0.09467116,0.18773407,0.4312896,-0.18680188,-0.17132476,0.041067403,-0.35746855,0.1206491,0.20378636,0.25847918,-0.08698489,-0.25242278,-0.42308947,0.12979943,-0.15480188,0.17429616,0.12441381,-0.601547,-0.0076123364,-0.024971813,-0.16766462,0.30083212,-0.20515482,0.1442308,-0.1256254,-0.10852737,0.16619158,0.12734191,0.34773406,0.5206491,-0.017651552,-0.10528554,-0.13514175,-0.16635743,-0.21969077,0.57523733,-0.5475339,-0.4271679,-0.14340319,0.30057067,-0.13101102,0.4448844,-0.5030895,-0.1921875,0.42501512,-0.065808415,0.1392112,-0.15574306,-0.274279,-0.028370507,0.21236151,0.05325041,0.5761785,-0.6292594,-0.2668019,-0.27380842,-0.11710253,0.321538,-0.3576777,0.55123734,-0.4280045,-0.43192607,-0.28363848,0.14302818,0.17790401,0.29053146,-0.103246324,-0.17650123,0.019158905,0.25398242,-0.32076266,-0.019115604,0.780989,0.10538113,0.24849224,-0.43898487,0.33994323,0.1665576,0.7684922,-0.19312868,0.47233537,0.8192112,0.118557595,0.06585172,-0.0029064543,-0.40510252,-0.0012332516,0.26925042,-0.5087888,-0.3037169,0.2937733,0.09361642,-0.19548161,-0.019847631,0.058008578,0.013302696,0.34370792,-0.08572999,0.070819035,-0.46199143,0.3682308,-0.1370764,0.20540728,-0.24494568,0.13811316,-0.45843586,0.11442688,-0.16588685,0.23249224,0.47029617,0.21126348,0.5656687,0.37534192,0.09460989,0.031132761,0.22742034,0.5590282,-0.2768411,-0.25812215,0.095917076,-0.6368411,-0.30868423,0.19500205,0.4085968,0.10250531,0.064701386,-0.33765155,-0.45022672,-0.15171692,-0.25556004,0.015969362,0.17257068,-0.011795343,0.12728962,0.22935498,-0.39359927,-0.08541626,0.13440074,-0.20447508,-0.18518096,0.0037340687,-0.73974305,-0.04389992,0.0890674,-0.15610906,-0.16473652,0.15714583,-0.07495874,0.66151184,0.00049223856,-0.123167895,-0.024292076,0.25675368,-0.11736397,-0.05163848,-0.27370384,0.03955106,0.25178635,0.19902818,0.15777329,0.3408321,-0.14769077,0.59275365,-0.37189993,0.38527656,-0.34010908,-0.047873773,0.42187786,0.061093546,-0.08175613,0.445721,0.1774857,-0.13430515,0.024335375,0.5712112,0.017119689,-0.018749591,-0.14701103,-0.557364,-0.4031156,-0.26559925,0.27955106,0.16012622,0.39928964,0.5349236,0.11636152,0.20796937,0.048544526,-0.31626594,-0.35987377,-0.17697181,0.1653027,-0.31956005,-0.07820057,0.11165564,0.022662174,0.5535903,-0.69969076,-0.024030637,0.2810674,0.15934192,0.04389093,-0.029468546,-0.13414828,-0.022043709,0.433904,0.05131577,-0.52614826,-0.011533905,0.14245303,-0.13357311,-0.23359926,-0.2554032,0.015132762,-0.2962398,0.46083212,-0.07694567,0.14062296,0.4676295,-0.1766058,0.361538,0.50658375,0.38511968,-0.22993913,-0.34905025,-0.9900437,-1.8905927,1.0936164,-0.50659275,-0.014775735,-0.33346856,1.4860348,-0.19098489,1.0041001,-1.8421222,0.5152635,0.43583864,1.4092243,-0.34727246,-1.8869326,1.1383224,1.4069237,1.213721,1.6073942,-1.7945927,-1.2905927,0.35165563,0.43348572,-0.9217038,-1.6134685,1.1704268,-1.6414946,1.3006753,-1.7029326,-1.2162398,-1.4630371,-0.9572071,1.347002,1.8476557,-1.8323444,1.3456949,0.5841785,-1.0565013,-1.5093117,-1.4856254,0.8659563,0.023132762,-1.7896254,-1.06356,1.3929105,1.2998387,-1.7661483,0.1311589,1.6750543,-0.10910253,-1.8511679,-0.67757314,-1.3234293,0.36221772,-1.8944098,1.1301655,1.8135118,1.7082046,1.6727537,-0.6965535,-1.8039522,0.28389093,0.40294975,0.46893668,-0.7000045,-1.2562398,0.84002167,-1.6874554,-0.5761875,-1.176658,0.69942033,0.78224385,-1.216292,0.9716295,0.7499824,0.15798244,0.36891055,-0.96756005,-0.57796526,1.4443616,-1.6245012,-1.0137823,-0.40248814,-0.34821364,-0.20029208,0.5986622,-0.39532477,0.8455641,1.3192896,-1.4516908,-0.63626593,0.5778517,0.031655636,0.13936806,0.45476675,-0.72672343,-0.36620057,-1.6904881,1.0364138,0.72394323,-1.0685797,0.03693668,1.0598387,0.039969362,0.5188713,1.4402831,0.77978635,-0.23365155,1.0203615,-0.49472344,-0.84630513,1.119342,0.03955106,0.015707925,0.30658373,1.6405445,-1.4575993,-0.87323326,0.98579943,1.4907929,1.2777733,-0.867011,-0.3648411,0.5883615,-0.13859273,-1.1249456,-0.58559924,-0.73556006,0.630087,
0,0,0,0,0,0,0,0,0,0,0,0,0,0,0,0,0,0,0,0,0,0,0,0,0,0,0,0,0,0,0,0,0,0,0,0,0,0,0,0,0,0,0,0,0,0,0,0,0,0,0,0,0,0,0,0,0,0,0,0,0,0,0,0,0,0,0,0,0,0,0,0,0,0,0,0,0,0,0,0,0,0,0,0,0,0,0,0,0,0,0,0,0,0,0,0,0,0,0,0,0,0,0,0,0,0,0,0,0,0,0,0,0,0,0,0,0,0,0,0,0,0,0,0,0,0,0,0,0,0,0,0,0,0,0,0,0,0,0,0,0,0,0,0,0,0,0,0,0,0,0,0,0,0,0,0,0,0,0,0,0,0,0,0,0,0,0,0,0,0,0,0,0,0,0,0,0,0,0,0,0,0,0,0,0,0,0,0,0,0,0,0,0,0,0,0,0,0,0,0,0,0,0,0,0,0,0,0,0,0,0,0,0,0,0,0,0,0,0,0,0,0,0,0,0,0,0,0,0,0,0,0,0,0,0,0,0,0,0,0,0,0,0,0,0,0,0,0,0,0,0,0,0,0,0,0,0,0,0,0,0,0,0,0,0,0,0,0,0,0,0,0,0,0,0,0,0,0,0,0,0,0,0,0,0,0,0,0,0,0,0,0,0,0,0,0,0,0,0,0,0,0,0,0,0,0,0,0,0,0,0,0,0,0,0,0,0,0,0,0,0,0,0,0,0,0,0,0,0,0,0,0,0,0,0,0,0,0,0,0,0,0,0,0,0,0,0,0,0,0,0,0,0,0,0,0,0,0,0,0,0,0,0,0,0,0,0,0,0,0,0,0,0,0,0,0,0,0,0,0,0,0,0,0,0,0,0,0,0,0,0,0,0,0,0,0,0,0,0,0,0,0,0,0,0,0,0,0,0,0,0,0,0,0,0,0,0,0,0,0,0,0,0,0,0,0,0,0,0,0,0,0,0,0,0,0,0,0,0,0,0,0,0,0,0,0,0,0,0,0,0,0,0,0,0,0,0,0,0,0,0,0,0,0,0,0,0,0,0,0,0,0,0,0,0,0,0,0,0,0,0,0,0,0,0,0,0,0,0,0,0,0,0,0,0,0,0,0,0,0,0,0,0,0,0,0,0,0,0,0,0,0,0,0,0,0,0,0,0,0,0,0,0,0,0,0,0,0,0,0,0,0,0,0,0,0,0,0,0,0,0,0,0,0,0,0,0,0,0,0,0,0,0,0,0,0,0,0,0,0,0,0,0,0,0,0,0,0,0,0,0,0,0,0,0,0,0,0,0,0,0,0,0,0,0,0,0,0,0,0,0,0,0,0,0,0,0,0,0,0,0,0,0,0,0,0,0,0,0,0,0,0,0,0,0,0,0,0,0,0,0,0,0,0,0,0,0,0,0,0,0,0,0,0,0,0,0,0,0,0,0,0,0,0,0,0,0,0,0,0,0,0,0,0,0,0,0,0,0,0,0,0,0,0,0,0,0,0,0,0,0,0,0,0,0,0,0,0,0,0,0,0,0,0,0,0,0,0,0,0,0,0,0,0,0,0,0,0,0,0,0,0,0,0,0,0,0,0,0,0,0,0,0,0,0,0,0,0,0,0,0,0,0,0,0,0,0,0,0,0,0,0,0,0,0,0,0,0,0,0,0,0,0,0,0,0,0,0,0,0,0,0,0,0,0,0,0,0,0,0,0,0,0,0,0,0,0,0,0,0,0,0,0,0,0,0,0,0,0,0,0,0,0,0,0,0,0,0,0,0,0,0,0,0,0,0,0,0,0,0,0,0,0,0,0,0,0,0,0,0,0,0,0,0,0,0,0,0,0,0,0,0,0,0,0,0,0,0,0,0,0,0,0,0,0,0,0,0,0,0,0,0,0,0,0,0,0,0,0,0,0,0,0,0,0,0,0,0,0,0,0,0,0,0,0,0,0,0,0,0,0,0,0,0,0,0,0,0,0,0,0,0,0,0,0,0,0,0,0,0,0,0,0,0,0,0,0,0,0,0,0,0,0,0,0,0,0,0,0,0,0,0,0,0,0,0,0,0,0,0,0,0,0,0,0,0,0,0,0,0,0,0,0,0,0,0,0,0,0,0,0,0,0,0,0,0,0,0,0,0,0,0,0,0,0,0,0,0,0,0,0,0,0,0,0,0,0,0,0,0,0,0,0,0,0,0,0,0,0,0,0,0,0,0,0,0,0,0,0,0,0,0,0,0,0,0,0,0,0,0,0,0,0,0,0,0,0,0,0,0,0,0,0,0,0,0,0,0,0,0,0,0,0,0,0,0,0,0,0,0,0,0,0,0,0,0,0,0,0,0,0,0,0,0,0,0,0,0,0,0,0,0,0,0,0,0,0,0,0,0,0,0,0,0,0,0,0,0,0,0,0,0,0,0,0,0,0,0,0,0,0,0,0,0,0,0,0,0,0,0,0,0,0,0,0,0,0,0,0,0,0,0,0,0,0,0,0,0,0,0,0,0,0,0,0,0,0,0,0,0,0,0,0,0,0,0,0,0,0,0,0,0,0,0,0,0,0,0,0,0,0,0,0,0,0,0,0,0,0,0,0,0,0,0,0,0,0,0,0,0,0,0,0,0,0,0,0,0,0,0,0,0,0,0,0,0,0,0,0,0,0,0,0,0,0,0,0,0,0,0,0,0,0,0,0,0,0,0,0,0,0,0,0,0,0,0,0,0,0,0,0,0,0,0,0,0,0,0,0,0,0,0,0,0,0,0,0,0,0,0,0,0,0,0,0,0,0,0,0,0,0,0,0,0,0,0,0,0,0,0,0,0,0,0,0,0,0,0,0,0,0,0,0,0,0,0,0,0,0,0,0,0,0,0,0,0,0,0,0,0,0,0,0,0,0,0,0,0,0,0,0,0,0,0,0,0,0,0,0,0,0,0,0,0,0,0,0,0,0,0,0,0,0,0,0,0,0,0,0,0,0,0,0,0,0,0,0,0,0,0,0,0,0,0,0,0,0,0,0,0,0,0,0,0,0,0,0,0,0,0,0,0,0,0,0,0,0,0,0,0,0,0,0,0,0,0,0,0,0,0,0,0,0,0,0,0,0,0,0,0,0,0,0,0,0,0,0,0,0,0,0,0,0,0,0,0,0,0,0,0,0,0,0,0,0,0,0,0,0,0,0,0,0,0,0,0,0,0,0,0,0,0,0,0,0,0,0,0,0,0,0,0,0,0,0,0,0,0,0,0,0,0,0,0,0,0,0,0,0,0,0,0,0,0,0,0,0,0,0,0,0,0,0,0,0,0,0,0,0,0,0,0,0,0,0,0,0,0,0,0,0,0,0,0,0,0,0,0,0,0,0,0,0,0,0,0,0,0,0,0,0,0,0,0,0,0,0,0,0,0,0,0,0,0,0,0,0,0,0,0,0,0,0,0,0,0,0,0,0,0,0,0,0,0,0,0,0,0,0,0,0,0,0,0,0,0,0,0,0,0,0,0,0,0,0,0,0,0,0,0,0,0,0,0,0,0,0,0,0,0,0,0,0,0,0,0,0,0,0,0,0,0,0,0,0,0,0,0,0,0,0,0,0,0,0,0,0,0,0,0,0,0,0,0,0,0,0,0,0,0,0,0,0,0,0,0,0,0,0,0,0,0,0,0,0,0,0,0,0,0,1,0,0,0,0,0,0,0,0,0,0,0,0,0,0,0,0,0,0,0,0,0,0,0,0,0,0,0,0,0,0,0,0,0,0,0,0,0,0,0,0,0,0,0,0,0,0,0,0,0,0,0,0,0,0,0,0,0,0,0,0,0,0,0,0,0,0,0,0,0,0,0,0,0,0,0,0,0,0,0,0,0,0,0,0,0,0,0,0,0,0,0,0,0,0,0,0,0,0,0,0,0,0,0,0,0,0,0,0,0,0,0,0,0,0,0,0,0,0,0,0,0,0,0,0,0,0,0,0,0,0,0,0,0,0,0,0,0,0,0,0,0,0,0,0,0,0,0,0,0,0,0,0,0,0,0,0,0,0,0,0,0,0,0,0,0,0,0,0,0,0,0,0,0,0,0,0,0,0,0,0,0,0,0,0,0,0,0,0,0,0,0,0,0,0,0,0,0,0,0,0,0,0,0,0,0,0,0,0,0,0,0,0,0,0,0,0,0,0,0,0,0,0,0,0,0,0,0,0,0,0,0,0,0,0,0,0,0,0,0,0,0,0,0,0,0,0,0,0,0,0,0,0,0,0,0,0,0,0,0,0,0,0,0,0,0,0,0,0,0,0,0,0,0,0,0,0,0,0,0,0,0,0,0,0,0,0,0,0,0,0,0,0,0,0,0,0,0,0,0,0,0,0,0,0,0,0,0,0,0,0,0,0,0,0,0,0,0,0,0,0,0,0,0,0,0,0,0,0,0,0,0,0,0,0,0,0,0,0,0,0,0,0,0,0,0,0,0,0,0,0,0,0,0,0,0,0,0,0,0,0,0,0,0,0,0,0,0,0,0,0,0,0,0,0,0,0,0,0,0,0,0,0,0,0,0,0,0,0,0,0,0,0,0,0,0,0,0,0,0,0,0,0,0,0,0,0,0,0,0,0,0,0,0,0,0,0,0,0,0,0,0,0,0,0,0,0,0,0,0,0,0,0,0,0,0,0,0,0,0,0,0,0,0,0,0,0,0,0,0,0,0,0,0,0,0,0,0,0,0,0,0,0,0,0,0,0,0,0,0,0,0,0,0,0,0,0,0,0,0,0,0,0,0,0,0,0,0,0,0,0,0,0,0,0,0,0,0,0,0,0,0,0,0,0,0,0,0,0,0,0,0,0,0,0,0,0,0,0,0,0,0,0,0,0,0,0,0,0,0,0,0,0,0,0,0,0,0,0,0,0,0,0,0,0,0,0,0,0,0,0,0,0,0,0,0,0,0,0,0,0,0,0,0,0,0,0,0,0,0,0,0,0,0,0,0,0,0,0,0,0,0,0,0,0,0,0,0,0,0,0,0,0,0,0,0,0,0,0,0,0,0,0,0,0,0,0,0,0,0,0,0,0,0,0,0,0,0,0,0,0,0,0,0,0,0,0,0,0,0,0,0,0,0,0,0,0,0,0,0,0,0,0,0,0,0,0,0,0,0,0,0,0,0,0,0,0,0,0,0,0,0,0,0,0,0,0,0,0,0,0,0,0,0,0,0,0,0,0,0,0,0,0,0,0,0,0,0,0,0,0,0,0,0,0,0,0,0,0,0,0,0,0,0,0,0,0,0,0,0,0,0,0,0,0,0,0,0,0,0,0,0,0,0,0,0,0,0,0,0,0,0,0,0,0,0,0,0,0,0,0,0,0,0,0,0,0,0,0,0,0,0,0,0,0,0,0,0,0,0,0,0,0,0,0,0,0,0,0,0,0,0,0,0,0,0,0,0,0,0,0,0,0,0,0,0,0,0,0,0,0,0,0,0,0,0,0,0,0,0,0,0,0,0,0,0,0,0,0,0,0,0,0,0,0,0,0,0,0,0,0,0,0,0,0,0,0,0,0,0,0,0,0,0,0,0,0,0,0,0,0,0,0,0,0,0,0,0,0,0,0,0,0,0,0,0,0,0,0,0,0,0,0,0,0,0,0,0,0,0,0,0,0,0,0,0,0,0,0,0,0,0,0,0,0,0,0,0,0,0,0,0,0,0,0,0,0,0,0,0,0,0,0,0,0,0,0,0,0,0,0,0,0,0,0,0,0,0,0,0,0,0,0,0,0,0,0,0,0,0,0,0,0,0,0,0,0,0,0,0,0,0,0,0,0,0,0,0,0,0,0,0,0,0,0,0,0,0,0,0,0,0,0,0,0,0,0,0,0,0,0,0,0,0,0,0,0,0,0,0,0,0,0,0,0,0,0,0,0,0,0,0,0,0,0,0,0,0,0,0,0,0,0,0,0,0,0,0,0,0,0,0,0,0,0,0,0,0,0,0,0,0,0,0,0,0,0,0,0,0,0,0,0,0,0,0,0,0,0,0,0,0,0,0,0,0,0,0,0,0,0,0,0,0,0,0,0,0,0,0,0,0,0,0,0,0,0,0,0,0,0,0,0,0,0,0,0,0,0,0,0,0,0,0,0,0,0,0,0,0,0,0,0,0,0,0,0,0,0,0,0,0,0,0,0,0,0,0,0,0,0,0,0,0,0,0,0,0,0,0,0,0,0,0,0,0,0,0,0,0,0,0,0,0,0,0,0,0,0,0,0,0,0,0,0,0,0,0,0,0,0,0,0,0,0,0,0,0,0,0,0,0,0,0,0,0,0,0,0,0,0,0,0,0,0,0,0,0,0,0,0,0,0,0,0,0,0,0,0,0,0,0,0,0,0,0,0,0,0,0,0,0,0,0,0,0,0,0,0,0,0,0,0,0,0,0,0,0,0,0,0,0,0,0,0,0,0,0,0,0,0,0,0,0,0,0,0,0,0,0,0,0,0,0,0,0,0,0,0,0,0,0,0,0,0,0,0,0,0,0,0,0,0,0,0,0,0,0,0,0,0,0,0,0,0,0,0,0,0,0,0,0,0,0,0,0,0,0,0,0,0,0,0,0,0,0,0,0,0,0,0,0,0,0,0,0,0,0,0,0,0,0,0,0,0,0,0,0,0,0,0,0,0,0,0,0,0,0,0,0,0,0,0,0,0,0,0,0,0,0,0,0,0,0,0,0,0,0,0,0,0,0,0,0,0,0,0,0,0,0,0,0,0,0,0,0,0,0,0,0,0,0,0,0,0,0,0,0,0,0,0,0,0,0,0,0,0,0,0,0,0,0,0,0,0,0,0,0,0,0,0,0,0,0,0,0,0,0,0,0,0,0,0,0,0,0,0,0,0,0,0,0,0,0,0,0,0,0,0,0,0,0,0,0,0,0,0,0,0,0,0,0,0,0,0,0,0,0,0,0,0,0,0,0,0,0,0,0,0,0,0,0,0,0,0,0,0,0,0,0,0,0,0,0,0,0,0,0,0,0,0,0,0,0,0,0,0,0,0,0,0,0,0,0,0,0,0,0,0,0,0,0,0,0,0,0,0,0,0,0,0,0,0,0,0,0,0,0,0,0,0,0,0,0,0,0,0,0,0,0,0,0,0,0,0,0,0,0,0,0,0,0,0,0,0,0,0,0,0,0,0,0,0,0,0,0,0,0,0,0,0,0,0,0,0,0,0,0,0,0,0,0,0,0,0,0,0,0,0,0,0,0,0,0,0,0,0,0,0,0,0,0,0,0,0,0,0,0,0,0,0,0,0,0,0,0,0,0,0,0,0,0,0,0,0,0,0,0,0,0,0,0,0,0,0,0,0,0,0,0,0,0,0,0,0,0,0,0,0,0,0,0,0,0,0,0,0,0,0,0,0,0,0,0,0,0,0,0,0,0,0,0,0,0,0,0,0,0,0,0,0,0,0,0,0,0,0,0,0,0,0,0,0,0,0,0,0,0,0,0,0,0,0,0,0,0,0,0,0,0,0,0,0,0,0,0,0,0,0,0,0,0,0,0,0,0,0,0,0,0,0,0,0,0,0,0,0,0,0,0,0,0,0,0,0,0,0,0,0,0,0,0,0,0,0,0,0,0,0,0,0,0,0,0,0,0,0,0,0,0,0,0,0,0,0,0,0,0,0,0,0,0,0,0,0,0,0,0,0,0,0,0,0,0,0,0,0,0,0,0,0,0,0,0,0,0,0,0,0,0,0,0,0,0,0,0,0,0,0,0,0,0,0,0,0,0,0,0,0,0,0,0,0,0,0,0,0,0,0,0,0,0,0,0,0,0,0,0,0,0,0,0,0,0,0,0,0,0,0,0,0,0,0,0,0,0,0,0,0,0,0,0,0,0,0,0,0,0,0,0,0,0,0,0,0,0,0,0,0,0,0,0,0,0,0,0,0,0,0,0,0,0,0,0,0,0,0,0,0,0,0,0,0,0,0,0,0,0,0,0,0,0,0,0,0,0,0,0,0,0,0,0,0,0,0,0,0,0,0,0,0,0,0,0,0,0,0,0,0,0,0,0,0,0,0,0,0,0,0,0,0,0,0,0,0,0,0,0,0,0,0,0,0,0,0,0,0,0,0,0,0,0,0,0,0,0,0,0,0,0,0,0,0,0,0,0,0,0,0,0,0,0,0,0,0,0,0,0,0,0,0,0,0,0,0,0,0,0,0,0,0,0,0,0,0,0,0,0,0,0,0,0,0,0,0,0,0,0,0,0,0,0,0,0,0,0,0,0,0,0,0,0,0,0,0,0,0,0,0,0,0,0,0,0,0,0,0,0,0,0,0,0,0,0,0,0,0,0,0,0,0,0,0,0,0,0,0,0,0,0,0,0,0,0,0,0,0,0,0,0,0,0,0,0,0,0,0,0,0,0,0,0,0,0,0,0,0,0,0,0,0,0,0,0,0,0,0,0,0,0,0,0,0,0,0,0,0,0,0,0,0,0,0,0,0,0,0,0,0,0,0,0,0,0,0,0,0,0,0,0,0,0,0,0,0,0,0,0,0,0,0,0,0,0,0,0,0,0,0,0,0,0,0,0,0,0,0,0,0,0,0,0,0,0,0,0,0,0,0,0,0,0,0,0,0,0,0,0,0,0,0,0,0,0,0,0,0,0,0,0,0,0,0,0,0,0,0,0,0,0,0,0,0,0,0,0,0,0,0,0,0,0,0.3475772,0.5075772,0.7936426,0.1787406,0.1842831,-0.59956,0.6853027,-0.33174306,0.6406491,0.69450533,-1.4144098,-1.2671156,1.1669236,0.22443995,-1.274645,0.9791066,0.3484661,-1.21373,-0.22732475,0.19740728,-0.36426592,0.24373406,0.8528321,-0.42868423,0.5392635,-0.081599265,-0.16912867,0.18391708,0.06705433,0.09183864,-0.016292075,0.22694975,0.48347265,0.06872753,-0.3087888,-0.4961352,0.25999552,-0.8605274,0.34616545,0.9313158,-0.5068019,0.18260989,0.5292243,0.44164255,-0.68933785,0.5829759,-0.04541626,-0.9383836,0.09387786,0.48859683,0.8204661,0.15144649,0.6587929,0.3091981,0.3013027,-0.34094566,-0.1008411,0.40802166,-1.1971549,0.969538,-0.7677692,1.0219301,-0.82026595,0.76556414,-0.7779653,0.02810008,-0.7475862,0.09492361,-0.18235743,-0.29127246,-0.4300437,0.32676676,-0.34795222,-0.68274957,-0.25895873,-1.0631417,-0.20468423,0.68242687,0.49225694,0.017904004,1.217904,0.5725184,0.478453,-0.14183456,-0.07888031,-0.6496515,-0.566828,0.2730674,-0.70397836,-0.2598999,0.5294334,-0.76400447,-0.46491954,0.35955107,0.21058375,-0.9080045,-0.4280045,1.0948191,0.11442688,0.19892362,0.16723734,-0.34193912,0.25983864,-0.674645,0.2566491,-0.6191156,0.12964256,-0.51108944,-0.11072345,-0.47145548,-0.8638215,0.016387664,-0.1745143,0.011734068,0.4087014,0.3432896,0.20587786,-0.4313509,-0.45472345,0.3837079,-0.53759927,-0.3395862,-0.05294567,0.047446486,-0.73054045,-0.21890645,-0.26617444,0.41570792,0.38762948,-0.4541483,-0.35657966,0.20519812,0.060622957,0.5690151,0.60807395,0.47113276,0.0646491,-0.6280045,-0.007350899,-0.26528555,0.46857068,-0.37122017,-0.13205679,0.07296283,0.46940726,0.13905433,-0.5437692,-0.34701103,-1.0895993,0.0629759,-0.77074957,0.019681782,0.7070543,0.58098894,0.16922426,-0.11710253,-0.6648672,0.8326491,-0.05231822,0.4271589,-0.53603065,0.4722308,-0.28044894,-0.44588685,0.07850531,-0.2721352,-0.18664502,-0.12724632,-0.17341626,-0.58282804,-0.29503718,-0.57519406,0.4364138,0.6016949,-0.16389991,-0.8296777,-0.47187376,-0.666279,-0.26298487,0.2591589,-0.1589326,-0.0013901144,0.5063746,0.1568844,-0.25880188,0.3652504,-0.6660176,-0.07370384,0.09058374,0.086609885,0.35615236,0.35421774,0.46161643,-0.13796528,0.50815237,-0.4031156,-0.5978346,-0.4506973,-0.27035743,-0.39265808,0.059943218,0.65732884,-0.18324633,-0.008030637,0.6897994,-0.45341626,-0.2448411,0.669355,-0.7286058,0.1492504,-0.3332071,0.16587786,0.50700206,-0.32071036,-0.11956005,0.3644138,-0.005886846,-0.3837169,-0.078095995,0.044047795,-0.3357692,0.15071446,0.5049105,0.6163354,0.41189092,-0.15391299,0.33189094,-0.6017038,-0.045677695,-0.030984886,0.5804138,-1.3905666,0.05691054,-0.43020058,0.40263602,-0.24301103,0.49596936,0.09675368,0.20849223,-0.44510254,-0.2629326,-0.5545927,-0.5646842,0.63034844,-0.43835744,-0.8029587,0.58240074,-0.06559926,-0.8177561,-0.19992606,1.1212243,0.16420466,-0.15746854,0.21523733,-0.116161354,0.63996935,0.23003472,0.23427002,0.15458374,-0.46267116,0.12875368,-0.8924228,0.63165563,-0.026854167,0.11735498,-0.014409722,0.33492362,0.2263746,0.1269759,0.19860989,-0.090958744,0.25868833,-0.22141626,0.28247917,0.29142034,0.7282308,-0.21482803,-0.101625405,0.62287134,0.581355,-0.6596908,0.7597602,-0.5356646,0.27202165,-0.32201755,-0.14601757,-0.3803705,-0.112919524,-1.0629326,0.14208701,-0.02742933,-1.1345665,-0.22905025,-0.9224359,-0.4738084,-0.13043587,0.1745576,0.41236153,0.18475367,-0.14005677,0.20713276,0.5678125,-0.19856659,-0.052997958,0.69189095,-0.3113509,-0.29226592,0.03050531,-0.086095996,-0.5516123,0.05105433,-0.060893383,0.0131981205,0.39411315,-0.3080045,0.34898898,0.1905576,-0.10695874,0.1429759,0.1282308,0.6960217,0.20347263,0.4970674,0.25785172,-0.7871679,0.010426879,0.072387666,0.24666217,0.04394322,-0.11035743,0.54820466,0.60258377,0.33680597,0.74475366,0.038819037,-0.19025286,-0.034435865,-0.17707638,0.3197602,0.3130151,-0.22010908,0.24598244,-0.16159926,-0.23161234,-0.56217444,0.37800857,0.30987787,-0.2819653,0.4045184,0.5997079,-0.9118215,-0.41174304,-0.098435864,-0.54941624,-0.21686724,-0.31506333,-0.7158476,0.12174714,0.106531456,-0.32389992,0.28101513,1.0052505,0.6072896,0.5788975,0.32221773,0.08770792,-0.26068422,-0.61644894,0.4241785,0.30161643,-0.16034436,0.5095118,-0.2435862,-0.3370764,-0.25425285,0.23740727,-0.65775615,-0.38010907,0.20446609,0.193904,0.32676676,-0.3821483,-0.49885416,0.50475365,-0.65937704,0.43902817,0.24619159,-0.53989995,0.60305434,0.31542033,0.66940725,-0.26193914,-0.37106332,-0.45059273,-0.07454044,-0.37817442,-0.08384763,-0.98612213,0.12383864,-0.50962543,0.3632635,0.21314584,-0.3388019,-0.13603064,-0.22612214,0.18951185,0.07510662,0.38010007,-0.20457965,0.2414857,0.92101514,-0.4195339,-0.02591299,-0.08180842,-0.37608293,0.5925968,-0.31239665,-0.13247508,0.10449224,-0.3967888,-0.29425287,-0.016082926,0.25345957,-0.26403064,-0.0014946895,0.11866217,-0.043533906,0.51620466,-0.107115604,-0.62089336,-0.19438358,-0.06005678,-0.36384764,0.31212622,0.40854454,-1.0010763,0.516989,-0.09927247,-0.1884228,-0.46779534,0.15610008,-0.41127247,0.24593015,0.058060866,0.14747263,0.114322305,-0.16499795,-0.35490644,0.48807395,0.059211195,-0.06005678,0.18606086,0.63505435,-0.0038476307,-0.50068426,0.6996295,-0.45556006,0.021145834,-0.20614828,0.036100082,-0.056292076,-0.025337826,-0.59961236,0.225904,-0.32332477,-0.39281496,0.45811316,-0.31255352,-0.49085417,0.15170792,-0.18408293,-0.027481617,-0.5420437,-0.8245535,-0.63093257,0.10752492,0.69304127,0.36938113,0.20446609,-0.2869849,0.48859683,-0.72107637,0.07087132,0.16504125,0.024753677,0.47735497,0.63374716,0.7724138,-0.49090645,0.10794322,0.31641382,0.5068452,-0.32097182,-0.10727247,-0.37372997,0.273904,0.32436153,0.12326348,0.43850532,-0.6254947,0.67468834,-0.8486581,-0.037677698,0.27677983,-0.13294567,0.70396936,-0.19349469,-0.3597692,-0.25796527,-0.36782148,0.07871446,-0.40421364,0.5154203,0.31259683,1.0900086,0.50862294,0.16054453,-0.28165156,0.026740605,0.0081785135,0.3715772,0.29366872,-0.015612337,0.5770151,0.051211193,0.39745957,-0.13843587,0.3779563,-0.09880188,0.47913277,-0.5401091,-0.41749468,-0.3320045,-0.43025285,-0.6449457,-0.055194035,0.23845302,0.10098897,-0.119298615,0.080805965,-0.1677169,-0.12426593,0.04436152,0.21549878,-0.07715482,0.032230802,-0.6166581,-0.012475082,-0.28918096,0.11515891,0.14177328,0.35928962,-0.3682398,0.6755772,-0.6077692,-0.6392986,0.42349878,1.0756818,-0.26173,0.18438767,0.09351185,-0.12708946,0.31379944,0.50386477,-0.019481618,-0.37189993,-0.45440972,0.253355,-0.009442402,0.41900206,-0.6920045,-0.62946856,0.26114583,-0.60954696,-0.34680188,0.33126348,-0.119612336,0.19359028,-0.330279,-0.53346854,-0.2397692,0.11385172,0.0928844,0.47573406,0.20681904,0.16127655,-0.027481617,0.5285968,0.59301513,-0.0004489379,0.33874062,-0.07694567,-0.20745547,0.27840075,-0.77854043,-0.4945666,0.5374334,0.77816546,0.46072754,0.48802164,0.17769486,0.17910662,-0.5067496,-0.19124633,0.51003474,0.09042688,-0.22685416,0.23353799,0.13942035,-0.5487888,-0.07108946,-1.0345927,-0.0966058,-0.3702267,0.08891054,0.9436556,0.2393942,-0.65561235,0.3547406,-0.8603705,0.28927654,-0.74952084,1.0294596,0.07740727,-0.58988684,-0.025860703,-0.13498488,-1.1535993,0.31955105,0.18794322,0.750453,-0.50601757,0.09492361,0.100779824,0.41570792,0.229721,0.16362949,0.41063604,-0.16546854,0.9281785,0.0545576,-0.02789992,0.55113274,-0.22957312,-0.35454044,-0.07987378,0.5683877,0.3656687,0.8487014,-0.71778226,0.0035249183,-0.50026596,-0.93718094,-0.062043708,0.09874061,-0.08572999,1.0482831,-0.0078737745,0.28216544,-0.3138084,-0.60510254,0.5690151,-0.05880188,-0.16332476,0.14919811,-0.13644893,0.31636152,-0.17085417,0.46433538,-0.7016254,-0.0797692,-0.17064501,0.22203472,-0.08091953,-0.072292075,0.10961642,-0.054514296,0.28765565,-0.13686724,0.18940727,-0.31035742,-0.2577561,0.6819563,1.0578517,0.03228309,-0.09425286,-0.23574306,0.03395629,-0.46392608,0.19400857,0.43066218,-0.05901103,-0.021729983,-0.41252738,0.8072896,-0.10784763,-0.06120711,0.16132884,-0.18152083,-0.08086724,0.050949756,-0.030095996,0.0021131537,0.10998243,0.4743223,-0.19396527,0.5699563,0.96540725,-1.1880568,-0.65430516,0.47421774,-0.2288411,-0.6225143,-0.4764228,-0.11229207,-0.55542934,0.6452504,-0.7483705,0.04692361,0.39123735,-0.1484228,-0.50486726,0.0013811274,-0.6024359,-0.0112201795,-0.11877573,-0.69942933,0.47620466,-0.37257966,0.32138112,-0.79673654,0.05837459,0.03050531,-0.18230514,-0.31731167,0.425538,0.3648844,-0.29095873,0.47060987,0.030714462,-0.08923325,0.5639432,0.68629616,0.22496283,-0.55281496,-0.7040829,-0.94701105,-0.026488153,0.3253027,0.07458374,-0.20348161,-0.03349469,0.84383863,-0.19631822,0.13131577,0.38862297,-0.22230515,0.38893667,-0.6535731,-0.23647508,0.43845302,-0.07276266,-0.5951156,-0.24630515,-0.22497182,0.9118125,-0.79992604,0.24477983,-0.15040973,-0.2755339,-0.5494685,0.16043995,0.6053027,0.10475367,0.34271446,0.32389092,0.5732504,-0.27323326,-0.26570383,-0.3930764,0.12629616,-0.12505025,-0.15501103,0.17413929,-0.3500437,0.61607397,-0.6197953,0.38109353,-0.21901102,-0.67715484,0.11615237,0.6444138,-0.22136398,-0.12808293,-0.5588803,-0.60369074,-0.5916646,0.30815238,0.84169483,-0.27380842,0.046191584,-0.22742933,-0.19532475,0.17293668,0.65633535,-0.12620057,0.010479167,-0.32541627,-0.30774304,-0.49739012,-0.4865143,-0.100370504,-0.18031822,0.62527657,0.46752492,0.46370792,0.29152492,0.03683211,0.41189092,0.27704126,0.5590805,0.04347263,0.008701389,0.25508046,-0.5154816,-0.24118097,0.36953798,0.21084517,0.48336807,-0.3314816,-0.3429326,-0.03825286,0.19735499,0.02747263,0.40493667,0.18893668,-0.72369075,0.08765563,0.25262296,-0.68494564,0.36132884,-0.20023979,-0.60708946,0.44640073,-0.4310372,-0.4158215,0.17094976,-0.29927248,0.23369485,0.34224388,0.29842687,-0.15255351,0.6928844,0.16033538,0.26559028,-0.2889718,-0.2590633,0.09183864,0.07761642,0.123002045,0.2747406,-0.682645,-0.70690644,0.12305433,0.2839955,0.5254596,-0.0054162582,0.27427003,-0.6848411,-0.12933783,0.00028308824,-0.2338607,0.18574715,0.9193942,-0.04274959,0.09994322,-0.14204371,-0.57048815,0.42611316,0.3846491,-0.28290644,-0.18952084,-0.41252738,-0.26936397,-0.0726058,-0.20839664,-0.3286058,-0.41880187,-0.014618873,-0.30622673,0.009956291,-0.41634437,0.3626883,0.18569486,0.33424386,0.24619159,-0.084213644,0.30412623,0.08551185,-0.05278881,-0.13948162,0.6010674,-0.09697182,-0.033390116,0.2511589,0.050113153,0.39928964,-0.25890645,0.32410008,0.030975899,0.034113154,-0.36463195,-0.2663313,0.45643994,-0.0023835783,0.35918504,-0.10920711,0.1362308,-0.007350899,0.093982436,-0.8387234,0.21654452,-0.32620057,0.37168178,0.265904,-0.18894567,0.04200858,0.10966871,-0.08055352,-0.30214828,0.76681906,0.2979563,0.25481904,0.21027002,0.4730151,0.0069236113,0.15651838,0.5325184,0.03484518,-0.21723326,-0.27574307,0.22768179,0.11730269,0.14820465,-0.20912868,0.7517602,0.4474465,-0.22105025,-0.18905024,0.19108048,-0.34220058,0.3076295,0.31139418,-0.23495874,0.44807392,0.31996936,0.008126225,0.90987784,-0.012684232,-0.38737705,0.11934191,-0.24206986,0.007969363,0.49785173,-0.17765155,0.10773407,-0.18931168,0.17335498,0.49492362,0.1787406,0.9678648,-0.5388542,-0.14805678,-0.054775734,0.20838766,-0.478828,-0.627011,-0.20123325,0.20854452,0.067577206,-0.14894567,0.40378636,0.54579943,0.01643995,0.6521001,0.23144649,-0.63908947,-0.7156908,-0.64792603,0.2213027,-0.37812215,-0.4814424,-0.6648672,-0.84844893,0.20744649,0.26438767,0.27233538,-0.09948162,0.13340726,0.44593015,0.40221772,-1.0963967,-0.47522017,0.32331577,0.2966491,-0.2746973,0.21576022,0.3012504,-0.23532476,-0.09827901,0.07317198,0.19505434,-0.34910253,0.38653144,-0.22988684,0.35913277,-0.55156004,0.1311589,0.14193015,0.44132885,0.07787786,0.20959027,0.0061392975,0.22177328,0.13800858,0.5001001,0.6734857,1.5320477,0.07489747,-0.11689338,0.12932885,-0.9679261,-0.5798999,0.75536805,-0.5866973,0.14402165,0.37884519,-0.34507638,-0.83997834,-0.36750776,-0.25393912,-0.14345548,-0.34857965,1.2096949,-0.19417442,0.10417851,-0.1749326,-0.51982147,-0.6920568,0.6545053,-0.390462,0.69262296,-0.6385143,0.07400858,-0.17707638,-0.49006987,-0.008971814,-0.37435743,0.908623,-0.54434437,1.4307667,-0.1307496,-1.2462006,-0.14643587,-0.020631945,-0.37054044,0.10067525,0.34224388,-0.7147496,-0.042069852,0.11510662,-0.5789065,-0.71783453,0.16362949,0.4432112,-0.29775614,0.64854455,0.3488321,0.542087,-0.14204371,0.6065576,0.4411197,0.008439951,0.12749878,-0.33420056,-0.4110633,0.6008583,0.014243873,-0.1879522,-0.58057964,-0.3480568,0.7826099,0.24953799,0.7313158,0.5063223,0.4225576,-0.37064502,-0.04191299,0.10088439,0.047917075,-0.17184763,0.34742033,0.5695903,-0.3058607,-0.2637692,-1.0974424,0.2490674,-0.87830514,0.47840074,0.48702818,0.8013811,0.08519812,-0.002069853,0.015289624,0.5669236,-0.7083705,0.4541393,0.5649367,1.155002,0.7399432,0.49785173,0.14736806,-0.25592607,0.61602163,-0.5711156,-0.31699795,0.62820464,0.8167014,0.89889747,-0.48525938,-0.7950633,0.04368178,-0.44515482,0.9803615,0.074949756,0.14182557,0.801538,-0.72829205,-0.6876646,0.0789759,-0.354279,0.03547263,0.38417852,0.30491054,-0.09247508,0.44457066,-0.16813521,0.6090674,0.011838644,1.0638125,-0.66267115,-0.41189992,
0,0,1,0,0,0,0,0,0,0,0,0,0,0,0,0,0,1,0,0,0,0,0,0,0,0,0,0,0,0,1,0,0,0,0,0,0,0,0,0,0,0,0,0,0,0,0,0,0,0,0,0,0,0,0,1,0,0,0,0,0,0,0,0,0,0,0,0,0,0,0,0,0,0,0,0,0,0,0,0,0,0,0,0,0,0,0,0,0,0,0,0,0,0,0,0,0,0,0,0,0,0,0,0,0,0,0,0,0,0,0,0,0,0,0,0,0,0,0,0,0,0,0,0,0,0,0,0,0,0,0,0,0,0,0,0,0,0,0,0,0,0,0,0,0,0,0,0,0,0,0,0,0,0,0,0,0,0,0,0,0,0,0,0,0,0,0,0,0,0,0,0,0,0,0,0,0,0,0,0,0,0,0,0,0,0,0,0,0,0,0,0,0,0,0,0,0,0,0,0,0,0,0,0,0,0,0,0,0,0,0,0,0,0,0,0,0,0,0,0,0,0,0,0,0,0,0,0,0,0,0,0,0,0,0,0,0,0,0,0,0,0,0,0,0,0,0,0,0,0,0,0,0,0,0,0,0,0,0,0,0,0,0,0,0,0,0,0,0,0,0,0,0,0,0,0,0,0,0,0,0,0,0,0,0,0,0,0,0,0,0,0,0,0,0,0,0,0,0,0,0,0,0,0,0,0,0,0,0,0,0,0,0,0,0,0,0,0,0,0,0,0,0,0,0,0,0,0,0,0,0,0,0,0,0,0,0,0,0,0,1,0,0,0,0,0,0,0,0,0,0,0,0,0,0,0,0,0,0,0,0,0,0,0,0,0,0,0,0,0,0,0,0,0,0,0,0,0,0,0,0,0,0,0,0,0,0,0,0,0,0,0,0,0,0,0,0,0,0,0,0,0,0,0,0,0,0,0,0,0,0,0,0,0,0,0,0,0,0,0,0,0,0,0,0,0,0,0,0,0,0,0,0,0,0,0,0,0,0,0,0,0,0,0,0,0,0,0,0,0,0,0,0,0,0,0,0,0,0,0,0,0,0,0,0,0,0,0,0,0,0,0,0,0,0,0,0,0,0,0,0,0,0,0,0,0,0,0,0,0,0,0,0,0,0,0,0,0,0,0,0,0,0,0,0,0,0,0,0,0,0,0,0,0,0,0,0,0,0,0,0,0,0,0,0,0,0,0,0,0,0,0,0,0,0,0,0,0,0,0,0,0,0,0,0,0,0,0,0,0,0,0,0,0,0,0,0,0,0,0,0,0,0,0,0,0,0,0,0,0,0,0,0,0,0,0,0,0,0,0,0,0,0,0,0,0,0,0,0,0,0,0,0,0,0,0,0,0,0,0,0,0,0,0,0,0,0,0,0,0,0,0,0,0,0,0,0,0,0,0,0,0,0,0,0,0,0,0,0,0,0,0,0,0,0,0,0,0,0,0,0,0,0,0,0,0,0,0,0,0,0,0,0,0,0,0,0,0,0,0,0,0,0,0,0,0,0,0,0,0,0,0,0,0,0,0,0,0,0,0,0,0,0,0,0,0,0,0,0,0,0,0,0,0,0,0,0,0,0,0,0,0,0,0,0,0,0,0,0,0,0,0,0,0,0,0,0,0,0,0,0,0,0,0,0,0,0,0,0,0,0,0,0,0,0,0,0,0,0,0,0,0,0,0,0,0,0,0,0,0,0,0,0,0,0,0,0,0,0,0,0,0,0,0,0,0,0,0,0,0,0,0,0,0,0,0,0,0,0,0,0,0,0,0,0,0,0,0,0,0,0,0,0,0,0,0,0,0,0,0,0,0,0,0,0,0,0,0,0,0,0,0,0,0,0,0,0,0,0,0,0,0,0,0,0,0,0,0,0,0,0,0,0,0,0,0,0,0,0,0,0,0,0,0,0,0,0,0,0,0,0,0,0,0,0,0,0,0,0,0,0,0,0,0,0,0,0,0,0,0,0,0,0,0,0,0,0,0,0,0,0,0,0,0,0,0,0,0,0,0,0,0,0,0,0,0,0,0,0,0,0,0,0,0,0,0,0,0,0,0,0,0,0,0,0,0,0,0,0,0,0,0,0,0,0,0,0,0,0,0,0,0,0,0,0,0,0,0,0,0,0,0,0,0,0,0,0,0,0,0,0,0,0,0,0,0,0,0,0,0,0,0,0,0,0,0,0,0,0,0,0,0,0,0,0,0,0,0,0,0,0,0,0,0,0,0,0,0,0,0,0,0,0,0,0,0,0,0,0,0,0,0,0,0,0,0,0,0,0,0,0,0,0,0,0,0,0,0,0,0,0,0,0,0,0,0,0,0,0,0,0,0,0,0,0,0,0,0,0,0,0,0,0,0,0,0,0,0,0,0,0,0,0,0,0,0,0,0,0,0,0,0,0,0,0,0,0,0,0,0,0,0,0,0,0,0,0,0,0,0,0,0,0,0,0,0,0,0,0,0,0,0,0,0,0,0,0,0,0,0,0,0,0,0,0,0,0,0,0,0,0,0,0,0,0,0,0,0,0,0,0,0,0,0,0,0,0,0,0,0,0,0,0,0,0,0,0,0,0,0,0,0,0,0,0,0,0,0,0,0,0,0,0,0,0,0,0,0,0,0,0,0,0,0,0,0,0,0,0,0,0,0,0,0,0,0,0,0,0,0,0,0,0,0,0,0,0,0,0,0,0,0,0,0,0,0,0,0,0,0,0,0,0,0,0,0,0,0,0,0,0,0,0,0,0,0,0,0,0,0,0,0,0,0,0,0,0,0,0,0,0,0,0,0,0,0,0,0,0,0,0,0,0,0,0,0,0,0,0,0,0,0,0,0,0,0,0,0,0,0,0,0,0,0,0,0,0,0,0,0,0,0,0,0,0,0,0,0,0,0,0,0,0,0,0,0,0,0,0,0,0,0,0,0,0,0,0,0,0,0,0,0,0,0,0,0,0,0,0,0,0,0,0,0,0,0,0,0,0,0,0,0,0,0,0,0,0,0,0,0,0,0,0,0,1,0,0,0,0,0,0,0,0,0,0,0,0,0,0,0,0,0,0,0,0,0,0,0,0,0,0,0,0,0,0,0,0,0,0,0,0,0,0,0,0,0,0,0,0,0,0,0,0,0,0,0,0,0,0,0,0,0,0,0,0,0,0,0,0,0,0,0,0,0,0,0,0,0,0,0,0,0,0,0,0,0,0,0,0,0,0,0,0,0,0,0,0,0,0,0,0,0,0,0,0,0,0,0,0,0,0,0,0,0,0,0,0,0,0,0,0,0,0,0,0,0,0,0,0,0,0,0,0,0,0,0,0,0,0,0,0,0,0,0,0,0,0,0,0,0,0,0,0,0,0,0,0,0,0,0,0,0,0,0,0,0,0,0,0,0,0,0,0,0,0,0,0,0,0,0,0,0,0,0,0,0,0,0,0,0,0,0,0,0,0,0,0,0,0,0,0,0,0,0,0,0,0,0,0,0,0,0,0,0,0,0,0,0,0,0,0,0,0,0,0,0,0,0,0,0,0,0,0,0,0,0,0,0,0,0,0,0,0,0,0,0,0,0,0,0,0,0,0,0,0,0,0,0,0,0,0,0,0,0,0,0,0,0,0,0,0,0,0,0,0,0,0,0,0,0,0,0,0,0,0,0,0,0,0,0,0,0,0,0,0,0,0,0,0,0,0,0,0,0,0,0,0,0,0,0,0,0,0,0,0,0,0,0,0,0,0,0,0,0,0,0,0,0,0,0,0,0,0,0,0,0,0,0,0,0,0,0,0,0,0,0,0,0,0,0,0,0,0,0,0,0,0,0,0,0,0,0,0,0,0,0,0,0,0,0,0,0,0,0,0,0,0,0,0,0,0,0,0,0,0,0,0,0,0,0,0,0,0,0,0,0,0,0,0,0,0,0,0,0,0,0,0,0,0,0,0,0,0,0,0,0,0,0,0,0,0,0,0,0,0,0,0,0,0,0,0,0,0,0,0,0,0,0,0,0,0,0,0,0,0,0,0,0,0,0,0,0,0,0,0,0,0,0,0,0,0,0,0,0,0,0,0,0,0,0,0,0,0,0,0,0,0,0,0,0,0,0,0,0,0,0,0,0,0,0,0,0,0,0,0,0,0,0,0,0,0,0,0,0,0,0,0,0,0,0,0,0,0,0,0,0,0,0,0,0,0,0,0,0,0,0,0,0,0,0,0,0,0,0,0,0,0,0,0,0,0,0,0,0,0,0,0,0,0,0,0,0,0,0,0,0,0,0,0,0,0,0,0,0,0,0,0,0,0,0,0,0,0,0,0,0,0,0,0,0,0,0,0,0,0,0,0,0,0,0,0,0,0,0,0,0,0,0,0,0,0,0,0,0,0,0,0,0,0,0,0,0,0,0,0,0,0,0,0,0,0,0,0,0,0,0,0,0,0,0,0,0,0,0,0,0,0,0,0,0,0,0,0,0,0,0,0,0,0,0,0,0,0,0,0,0,0,0,0,0,0,0,0,0,0,0,0,0,0,0,0,0,0,0,0,0,0,0,0,0,0,0,0,0,0,0,0,0,0,0,0,0,0,0,0,0,0,0,0,0,0,0,0,0,0,0,0,0,0,0,0,0,0,0,0,0,0,0,0,0,0,0,0,0,0,0,0,0,0,0,0,0,0,0,0,0,0,0,0,0,0,0,0,0,0,0,0,0,0,0,0,0,0,0,0,0,0,0,0,0,0,0,0,0,0,0,0,0,0,0,0,0,0,0,0,0,0,0,0,0,0,0,0,0,0,0,0,0,0,0,0,0,0,0,0,0,0,0,0,0,0,0,0,0,0,0,0,0,0,0,0,0,0,0,0,0,0,0,0,0,0,0,0,0,0,0,0,0,0,0,0,0,0,0,0,0,0,0,0,0,0,0,0,0,0,0,0,0,0,0,0,0,0,0,0,0,0,0,0,0,0,0,0,0,0,0,0,0,0,0,0,0,0,0,0,0,0,0,0,0,0,0,0,0,0,0,0,0,0,0,0,0,0,0,0,0,0,0,0,0,0,0,0,0,0,0,0,0,0,0,0,0,0,0,0,0,0,0,0,0,0,0,0,0,0,0,0,0,0,0,0,0,0,0,0,0,0,0,0,0,0,0,0,0,0,0,0,0,0,0,0,0,0,0,0,0,0,0,0,0,0,0,0,0,0,0,0,0,0,0,0,0,0,0,0,0,0,0,0,0,0,0,0,0,0,0,0,0,0,0,0,0,0,0,0,0,0,0,0,0,0,0,0,0,0,0,0,0,0,0,0,0,0,0,0,0,0,0,0,0,0,0,0,0,0,0,0,0,0,0,0,0,0,0,0,0,0,0,0,0,0,0,0,0,0,0,0,0,0,0,0,0,0,0,0,0,0,0,0,0,0,0,0,0,0,0,0,0,0,0,0,0,0,0,0,0,0,0,0,0,0,0,0,0,0,0,0,0,0,0,0,0,0,0,0,0,0,0,0,0,0,0,0,0,0,0,0,0,0,0,0,0,0,0,0,0,0,0,0,0,0,0,0,0,0,0,0,0,0,0,0,0,0,0,0,0,0,0,0,0,0,0,0,0,0,0,0,0,0,0,0,0,0,0,0,0,0,0,0,0,0,0,0,0,0,0,0,0,0,0,0,0,0,0,0,0,0,0,0,0,0,0,0,0,0,0,0,0,0,0,0,0,0,0,0,0,0,0,0,0,0,0,0,0,0,0,0,0,0,0,0,0,0,0,0,0,0,0,0,0,0,0,0,0,0,0,0,0,0,0,0,0,0,0,0,0,0,0,0,0,0,0,0,0,0,0,0,0,0,0,0,0,0,0,0,0,0,0,0,0,0,0,0,0,0,0,0,0,0,0,0,0,0,0,0,0,0,0,0,0,0,0,0,0,0,0,0,0,0,0,0,0,0,0,0,0,0,0,0,0,0,0,0,0,0,0,0,0,0,0,0,0,0,0,0,0,0,0,0,0,0,0,0,0,0,0,0,0,0,0,0,0,0,0,0,0,0,0,0,0,0,0,0,0,0,0,0,0,0,0,0,0,0,0,0,0,0,0,0,0,0,0,0,0,0,0,0,0,0,0,0,0,0,0,0,0,0,0,0,0,0,0,0,0,0,0,0,0,0,0,0,0,0,0,0,0,0,0,0,0,0,0,0,0,0,0,0,0,0,0,0,0,0,0,0,0,0,0,0,0,0,0,0,0,0,0,0,0,0,0,0,0,0,0,0,0,0,0,0,0,0,0,0,0,0,0,0,0,0,0,0,0,0,0,0,0,0,0,0,0,0,0,0,0,0,0,0,0,0,0,0,0,0,0,0,0,0,0,0,0,0,0,0,0,0,0,0,0,0,0,0,0,0,0,0,0,0,0,0,0,0,0,0,0,0,0,0,0,0,0,0,0,0,0,0,0,0,0,0,0,0,0,0,0,0,0,0,0,0,0,0,0,0,0,0,0,0,0,0,0,0,0,0,0,0,0,0,0,0,0,0,0,0,0,0,0,0,0,0,0,0,0,0,0,0,0,0,0,0,0,0,0,0,0,0,0,0,0,0,0,0,0,0,0,0,0,0,0,0,0,0,0,0,0,0,0,0,0,0,0,0,0,0,0,0,0,0,0,0,0,0,0,0,0,0,0,0,0,0,0,0,0,0,0,0,0,0,0,0,0,0,0,0,0,0,0,0,0,0,0,0,0,0,0,0,0,0,0,0,0,0,0,0,0,0,0,0,0,0,0,0,0,0,0,0,0,0,0,0,0,0,0,0,0,0,0,0,0,0,0,0,0,0,0,0,0,0,0,0,0,0,0,0,0,0,0,0,0,0,0,0,0,0,0,0,0,0,0,0,0,0,0,0,0,0,0,0,0,0,0,0,0,0,0,0,0,0,0,0,0,0,0,0,0,0,0,0,0,0,0,0,0,0,0,0,0,0,0,0,0,0,0,0,0,0,0,0,0,0,0,0,0,0,0,0,0,0,0,0,0,0,0,0,0,0,0,0,0,0,0,0,0,0,0,0,0,0,0,0,0,0,0,0,0,0,0,0,0,0,0,0,0,0,0,0,0,0,0,0,0,0,0,0,0,0,0,0,0,0,0,0,0,0,0,0,0,0,0,0,0,0,0,0,0,0,0,0,0,0,0,0,0,0,0,0,0,0,0,0,0,0,0,0,0,0,0,0,0,0,0,0,0,0,0,0,0,0,0,0,0,0,0,0,0,0,0,0,0,0,0,0,0,0,0,0,0,0,0,0,0,0,0,0,0,0,0,0,0,0,0,0,0,0,0,0,0,0,0,0,0,0,0,0,0,0,0,0,0,0,0,0,0,0,0,0,0,0,0,0,0,0,0,0,0,0,0,0,0,0,0,0,0,0,0,0,0,0,0,0,0,0,0,0,0,0,0,0,0,0,0,0,0,0,0,0,0,0,0,0,0,0,0,0,0,0,0,0,0,0,0,0,0,0,0,0,0,0,0,0,0,0,0,0,0,0,0,0,0,0,0,0,0,0,0,0,0,0,0,0,0,0,0,0,0,0,0,0,0,0,0,0,0,0,0,0,0,0,0,0,0,0,0,0,0,0,0,0,0,0,0,0,0,0,0,0,0,0,0,0,0,0,0,0,0,0,0,0,0,0,0,0,0,0,0,0,0,0,0,0,0,0,0,0,0,0,0,0,0,0,0,0,0,0,0,0,0,0,0,0,0,0,0,0,0,0,0,0,0,0,0,0,0,0,0,0,0,0,0,0,0,0,0,0,0,0,0,0,0,0,0,0,0,0,0,0,0,0,0,0,0,0,0,0,0,0,0,0,0,0,0,0,0,0,0,0,0,0,0,0,0,0,0,0,0,0,0,0,0,0,0,0,0,0,0,0,0,0,0,0,0,0,0,0,0,0,0,0,0,0,0,0,0,0,0,0,0,0,0,0,0,0,0,0,0,0,0,0,0,0,0,0,0,0,0,0,0,0,0,0,0,0,0,0,0,0,0,0,0,0,0,0,0,0,0,0,0,0,0,0,0,0,0,0,0,0,0,0,0,0,0,0,0,0,0,0,0,0,0,0,0,0,0,0,0,0,0,0,0,0,0,0,0,0,0,0,0,0,0,0,0,0,0,0,0,0,0,0,0,0,0,0,0,0,0,0,0,0,0,0,0,0,0,0,0,0,0,0,0,0,0,0,0,0,0,0,0,0,0,0,0,0,0,0,0,0,0,0,0,0,0,0,0,0,0,0,0,0,0,0,0,0,0,0,0,0,0,0,0,0,0,0,0,0,0,0,0,0,0,0,0,0,0,0,0,0,0,0,0,0,0,0,0,0,0,0,0,0,0,0,0,0,0,0,0,0,0,0,0,0,0,0,0,0,0,0,0,0,0,0,0,0,0,0,0,0,0,0,0,0,0,0,0,0,0,0,0,0,0,0,0,0,0,0,0,0,0,0,0,0,0,0,0,0,0,0,0,0,0,0,0,0,0,0,0,0,0,0,0,0,0,0,0,0,0,0,0,0,0,0,0,0,0,0,0,0,0,0,0,0,0,0,0,0,0,0,0,0,0,0,0,0,0,0,0,0,0,0,0,0,0,0,0,0,0,0,0,0,0,0,0,0,0,0,0,0,0,0,0,0,0,0,0,0,0,0,0,0,0,0,0,0,0,0,0,0,0,0,0,0,0,0,0,0,0,0,0,0,0,0,0,0,0,0.11119011,0.67953926,-0.57374346,0.98142415,-0.78272516,0.17322679,-0.73930955,0.83387196,-0.6453943,0.6510004,0.52965945,0.582082,0.09479542,0.06413128,-0.17096043,0.7378315,-0.28056195,-0.23411034,-0.33197245,-0.5296195,0.26451078,-0.45047972,0.4085209,1.2831066,-0.7812071,-0.203345,-1.0246986,0.051683467,0.07253103,-0.46151072,0.3801844,0.14286627,0.5736822,-0.21548921,0.80351144,0.041664492,-0.04698826,0.25540262,-0.022295026,-0.318209,1.0047005,-0.6322381,0.39880553,0.52874863,-0.57688075,-0.055388007,0.7849915,0.64836913,-0.20739307,-0.0069123576,0.40983653,0.013226795,0.34597823,-0.27094778,0.12525715,0.31268284,0.55607307,0.3850421,0.4019428,-0.6340597,-0.12562203,0.8032078,0.027091438,0.14671193,-0.49197245,-0.17622292,0.9114937,0.5556683,0.67721164,-0.55471754,0.3673318,0.11432736,-0.40058726,0.3392989,-0.44552085,0.60576314,0.22969738,-0.09455309,-0.8210806,-0.024723869,-0.25829756,0.7810446,-0.3868238,-0.009442402,-0.99069476,-0.10983456,-0.4507833,0.3388941,0.586636,0.10521921,0.22170244,-0.6608782,0.51427674,0.4523413,0.34779984,-0.14363594,-0.20638105,-0.3107201,0.14903957,-0.06874664,0.024561394,0.47389725,0.071316615,0.15541528,-1.0130603,0.09661705,-0.036260873,0.1393242,-0.23269351,0.0991471,-0.4500749,0.75341654,-0.16772197,0.74967206,0.25216419,-0.30151072,-0.21903127,0.28343552,0.29031724,0.66334695,0.34223375,-0.23552716,-0.7473045,-0.10426846,0.05117746,-0.014300087,-0.15325011,0.18061453,-0.120966755,-0.5414601,0.34122172,-0.20395221,-0.29422417,0.12566197,-0.6727188,0.10744564,0.39809713,0.33504844,-0.053768776,-0.41941077,-0.19413564,-0.5740471,-0.12794967,0.024055384,0.20965943,-0.07542596,-0.069151446,0.47076,0.4070029,-0.38206732,0.38524452,0.4081161,-0.020169789,0.13132927,0.74440956,-0.3519092,-0.38388896,0.12161389,-0.23319952,-0.4038257,0.16330902,0.48705348,-0.49085924,-0.5308339,0.5788435,0.55000097,-0.2506062,0.21218948,-0.47466695,-0.33338928,-0.11904392,-0.11863911,-0.094856694,-0.2316815,-0.27307302,0.19468157,0.2813103,0.112505734,-0.2258118,-0.10578649,0.06888777,-0.1581078,-0.026849106,-0.21640003,0.698464,-0.036969285,-0.0002330408,0.06959618,0.29517493,0.24416924,0.4935304,0.56133556,0.20965943,-0.07552716,-0.0047871205,-0.16124506,0.2945677,0.03174672,-0.455135,0.72325844,0.4698492,-0.27519825,0.17251839,0.068179354,0.6941123,-0.04425581,-0.21953727,-0.18856953,-0.32650754,-0.36557144,-0.25303507,-0.14869604,0.06170244,-0.27540067,0.21461833,-0.5626113,0.5508106,-0.20324379,-0.066216595,0.09398581,0.53016543,-0.1749073,0.27351776,-0.21326277,-0.18411666,-0.22793703,0.2198808,0.29092446,0.29780617,0.022942165,0.050772652,-0.3931995,0.35235393,-0.035350055,0.12384033,0.2536822,-0.039802935,0.18759745,0.35923564,-0.39117548,-0.036058467,0.37836277,-0.3107201,0.29051965,-0.040005337,0.6041439,0.48513067,-0.10791173,0.23425147,0.5457505,-0.1407011,-0.5083671,0.16452344,0.105826415,-0.1348314,0.05643995,-0.041826967,-0.03150439,0.023650577,-0.13290857,0.09287259,0.13780618,0.034479167,-0.39512235,0.23748992,-0.023104642,-0.26872134,-0.0720863,0.080829576,-0.21963848,0.38767335,-0.52830386,0.20945702,0.32847032,-0.35970172,-0.8493159,0.44444755,0.19022869,-0.1811818,-0.2940218,0.24922933,0.2832331,0.2648144,0.14408068,-0.3933007,0.14914078,-0.31578016,0.3219934,-0.06378775,-0.16124506,-0.44035953,-0.15405974,0.17322679,-0.26173842,-0.023914255,-0.72797495,0.24578847,0.5662945,0.47915974,0.17848928,-0.20769668,-0.19059357,0.173328,-1.0311755,0.2541882,0.14428309,-0.066115394,-0.42851892,-0.124711215,-0.0022570763,-0.25657713,-0.2612324,-0.17541331,-0.5581584,0.16371383,0.031038307,0.35194913,0.7964273,0.19974166,0.5278378,-0.27195978,-0.3691135,0.08983654,-0.24777257,-0.008531586,-0.25202304,-0.19362962,-0.29159293,0.25773028,-0.07906922,0.40184158,0.17292319,0.6480655,0.49616164,0.15885614,-0.4432944,-0.25364226,0.104713194,-0.48134625,-0.18796232,-0.1063937,0.37704715,-0.14606479,0.023043366,0.11038049,0.33180997,-0.32832918,-0.20617865,-0.21670362,0.10218315,-0.2430161,0.5213609,-0.24878459,-0.14505278,-0.44906288,-0.103661254,0.06726854,0.5611332,0.04318252,-0.10032159,0.29568094,0.4770345,-0.116109066,-0.2997903,-0.23380673,0.13011484,0.2308106,0.069292575,0.04419454,-0.20587504,0.10946968,-0.2503026,-0.47537535,-0.2895689,0.3452698,0.0007789769,0.056541152,-0.20051135,-0.2543507,-0.18421786,0.025775814,0.2991218,-0.119954735,0.32411864,0.7002856,-0.037677698,-0.14444557,0.01808448,-0.26851892,-0.16276309,-0.023408247,-0.46424317,0.49525082,-0.0050907256,0.047939003,0.005029451,-0.04253538,-0.5749579,0.051582266,0.15096241,-0.13139054,-0.19241521,-0.04294019,-0.37184593,-0.17278206,0.5097227,0.2926449,0.026585428,-0.38793704,0.24032357,0.44444755,0.22160125,-0.33794335,-0.2088099,-0.07562836,0.6024235,-0.21741204,-0.18391426,-0.32306668,-0.5185885,0.252569,0.008773916,-0.4268997,0.30954558,-0.013490473,-0.026039492,0.26299277,0.53046906,0.11189852,-0.5640281,-0.26335764,0.6065728,-0.18583709,-0.18988515,-0.050732724,0.089634135,0.36419454,0.10036152,-0.45847467,0.4126702,0.15885614,-0.57060623,0.20449814,-0.054072384,-0.013490473,-0.16215588,0.38929257,-0.022295026,0.16543426,-0.2890629,0.5102287,0.15227802,-0.3068744,-0.37822166,0.2760478,0.150254,-0.048303884,-0.21933487,-0.010252016,-0.14849363,-0.260018,-0.02421786,0.6410826,-0.08008124,-0.34300345,-0.028367134,-0.061662517,0.06433369,-0.2203469,0.21168347,0.14003262,-0.22743101,-0.016830131,0.6881414,-0.0668238,0.28910282,0.20996304,-0.3349073,0.036705606,-0.5750591,-0.17915778,-0.36567265,-0.10001799,0.015352032,-0.3399674,0.04682578,-0.00013183903,-0.2836992,0.008065504,-0.21700723,-0.36476183,-0.44410402,-0.18452147,-0.08817738,0.11108891,-0.19737409,-0.039904136,-0.010555621,-0.35504645,-0.54328173,-0.3467479,0.19306234,-0.1641799,0.17241718,-0.12734246,-0.04648225,0.35306233,0.057249565,-0.119853534,-0.106596105,-0.5059383,-0.58487564,0.23607309,-0.27954993,0.688951,-0.0033702957,-0.0377789,-0.06743102,-0.25890476,0.035895992,0.22028562,0.045307755,-0.3690123,-0.11560306,0.3621705,-0.058727663,0.0762755,-0.17703253,0.12677518,0.15865374,0.3563008,0.06959618,-0.24008124,-0.2949326,0.0881161,-0.03454044,-0.07036587,-0.22368655,0.25722426,0.12039947,-0.06813943,0.4259276,-0.2550591,-0.5074563,0.0592736,-0.40514132,0.44556075,-0.18431906,-0.37680483,0.30782515,0.69127864,-0.6268744,0.24578847,-0.55471754,0.17130396,-0.2900749,-0.078765616,0.45750257,0.10380238,-0.039094523,-0.2896701,-0.107405715,0.3165285,0.030734701,0.55819833,-0.038082503,0.06150004,-0.12673526,-0.047899075,-0.38216853,0.034377966,0.1339605,0.24639568,0.17150636,0.14681314,-0.12886049,0.11129131,-0.44167516,0.08113319,0.62316984,0.015959242,-0.42953095,0.052796688,-0.042029373,-0.111251384,0.0058390656,0.15136722,-0.06500217,0.19124071,0.19275874,0.3177429,0.060184415,0.08265121,-0.12329439,0.23222743,-0.37984088,0.34972268,0.14337227,-0.23077068,0.31855252,-0.23583077,-0.31588137,0.30802757,-0.40574855,-0.058221657,-0.059334874,0.34142414,-0.35676688,0.123131916,-0.16205467,-0.12268718,-0.103560045,-0.046279848,-0.3819661,0.3043843,0.28920403,-0.08848099,0.34618062,-0.39724758,0.09560504,-0.24554613,0.24356203,0.062512055,-0.20476182,-0.22864544,-0.40807617,0.5662945,-0.006001542,0.01818568,-0.3527188,-0.4093918,-0.33399647,0.51589596,0.04490295,-0.36557144,-0.1639775,-0.013085666,0.07263223,0.36439693,-0.24483772,0.28080428,0.4872559,0.20146209,0.40963414,-0.1975765,-0.03960053,-0.45827225,0.11958986,0.46104464,0.3509371,-0.53832287,-0.21882887,-0.30535638,0.25216419,0.48847032,-0.15416093,0.08143679,-0.018044552,0.16310662,-0.08412931,0.4652951,-0.015008499,0.19508637,-0.29260495,0.36935583,0.59614897,-0.07168149,-0.051845945,-0.295641,0.24427044,-0.21174474,0.19154431,0.043486126,0.05522553,-0.0018522692,-0.07623557,-0.46839243,0.4069017,-0.13118814,0.19589598,-0.24331969,-0.006811156,-0.59337664,0.1328473,0.4258264,0.116452605,-0.5187909,-0.12268718,0.5115443,0.17737606,-0.21336398,0.15409966,-0.2891641,-0.19170679,0.09317619,-0.027456317,0.47248045,0.17474481,0.35842603,0.32604146,-0.33763975,0.10238556,-0.32549554,-0.26973337,-0.08605214,0.037211616,-0.02371185,-0.1929212,0.38595292,-0.039094523,-0.0005366461,-0.09141584,-0.17207365,0.28039947,-0.6005619,0.49798328,0.29790738,-0.08139686,0.07769232,0.30124703,-0.020270992,0.27220213,0.26339757,0.0249662,-0.2496954,-0.11762709,0.097932674,0.25145575,-0.18502748,0.43969107,-0.33156765,0.18142414,0.04621857,0.22403008,0.22079162,-0.20091616,0.19407436,-0.15375613,-0.10254803,-0.09910717,-0.13675423,-0.2774247,-0.09161824,0.12566197,0.21694596,-0.05214955,0.27938744,-0.21710844,-0.2199421,-0.2663937,0.18243615,-0.2096195,0.22281566,0.040247668,-0.09708314,-0.31405973,-0.2659889,-0.055792812,-0.21852526,-0.29685542,0.17727487,0.31268284,-0.033123616,-0.09647592,-0.18583709,-0.10862014,-0.5641293,-0.010555621,-0.09060622,0.027496245,-0.5812324,0.19437796,-0.29958788,0.3336316,-0.1635727,-0.10305404,0.10623122,0.04449814,0.04378973,-0.21569161,-0.28572324,0.077894725,0.05805918,-0.0551856,-0.17430009,-0.38307935,-0.049518302,0.024257788,-0.43003696,-0.017639745,0.033365946,0.14367588,0.11230333,0.3271547,0.3460794,0.0062438725,-0.51079595,-0.060549296,0.2246373,-0.19120078,0.39971635,-0.026343098,0.0017909947,0.105826415,-0.11621027,0.012619584,0.093378596,0.1846626,0.094289415,-0.057108436,-0.4783102,-0.26902494,-0.13290857,-0.04688706,0.18729384,0.04662338,-0.020270992,-0.35494524,-0.12450881,-0.2321875,0.16128498,-0.086355746,-0.12167516,-0.14687441,0.23232862,0.21269548,-0.14312994,-0.2142748,-0.27681747,-0.06550819,0.57712305,-0.27044177,-0.115299456,0.01575684,0.07536468,-0.14819004,-0.12309199,0.10420719,-0.28714007,0.14802755,0.4890775,-0.47254172,0.093378596,-0.5909478,-0.15567896,-0.42720333,0.2355671,0.45972902,-0.22996107,0.07728752,0.39850193,-0.3403722,0.23921035,-0.36466062,0.4989953,-0.318715,-0.11165619,-0.22560939,-0.18016979,0.28050068,0.13517493,-0.16175106,-0.4784114,-0.0892906,0.20621857,-0.20668465,-0.024723869,0.641791,-0.695894,-0.2144772,0.05583274,0.15966576,0.09702186,0.028204657,0.4245108,0.2477113,0.12292951,0.09054495,0.31298643,-0.5462166,-0.017538544,-0.10720331,0.40983653,-0.07158029,-0.0835221,-0.3576777,-0.33075804,0.22979859,-0.592061,-0.23866442,0.59331536,-0.22024569,-0.045065425,-0.57222545,0.050772652,-0.023307044,0.17474481,-0.2672033,0.090443745,-0.46252275,0.073239446,-0.061156508,0.12890042,-0.34695032,-0.08190287,-0.38803822,0.14600351,0.3683438,-0.22824062,0.27442858,0.044599343,-0.11459104,-0.2733766,0.25762907,0.043992132,0.3389953,0.2142135,-0.5174753,-0.28552082,0.2706841,-0.5779939,-0.098095156,-0.22611539,0.11139251,0.24255,0.01869169,-0.41779155,0.1961996,-0.26264924,-0.12116916,0.031443115,0.12363793,-0.15122609,0.3210826,-0.34280103,-0.261536,-0.0492147,-0.118031904,-0.44572324,0.18223375,-0.063281745,-0.52617866,-0.2896701,0.15966576,0.120197065,-0.65025204,-0.077956,-0.111251384,-0.22216852,-0.16195346,-0.11722229,0.007761899,0.26299277,-0.14262393,-0.24655814,-0.48023304,0.51235396,-0.0028642868,0.41702187,-0.08858219,0.2715949,0.09165817,0.18162654,0.12353673,-0.38014448,-0.46819004,-0.05731084,0.26906487,-0.1804734,-0.19028997,-0.08676056,0.6608169,-0.16569793,-0.012883262,0.26380238,0.31521288,-0.33136523,-0.017234938,0.050266642,0.052796688,-0.3175006,0.087610096,-0.038588513,-0.21700723,0.12171509,-0.03727289,-0.48519194,-0.19605847,0.10552281,0.072126225,0.15055759,-0.43661508,0.21279669,0.024864998,0.036300797,-0.33733615,-0.19160558,0.29072204,0.3614621,-0.10983456,0.029823884,-0.027253913,-0.10244683,0.0819428,-0.26335764,-0.2437245,-0.11145379,-0.09657713,0.13213888,-0.25809515,0.414593,-0.09920837,0.14883716,0.012012374,-0.020372193,0.21036784,-0.3575765,0.18739504,0.38868538,0.40072837,-0.1516309,0.045105353,-0.0377789,-0.26872134,1.0254469,-0.11590666,-1.2500749,-0.10234563,0.51458037,0.10309397,-0.64013183,0.5942262,0.9257632,-0.25910717,1.3604248,0.58855885,-0.076943986,-1.2828643,0.60444754,0.12869802,-0.10113121,-0.13199775,-0.060245693,0.9606778,0.6928979,-1.3289111,0.6660794,0.24578847,1.0621831,-0.53893006,-0.15486935,1.0120883,-0.40645695,0.53117746,0.08639567,-0.4318586,0.37654117,0.08639567,0.7948081,-0.16478711,-0.64195347,0.3056999,-0.1979813,0.6209434,0.14286627,-0.37812045,-0.85083395,0.78316987,-0.7407264,0.83458036,-1.0128579,0.6536316,0.7618163,-0.44683644,-0.95061886,0.8938846,-0.30242154,0.12960882,-0.43681747,-0.3807517,-0.37356636,-0.7676461,0.67953926,-0.42244682,-0.39562836,-0.44602683,-0.73202306,-1.0457486,0.7055481,0.007863101,0.033871956,0.20166449,-0.6339585,-0.6135158,-0.44167516,-0.23977764,-0.19008756,-0.7119851,0.61598456,-0.20466062,0.02101933,0.18142414,0.6369333,0.019501304,0.15035519,-0.92774725,-0.17632413,-0.40969542,0.54686373,0.47865373,-0.20850629,-0.14970806,-0.20607744,0.5753014,1.039514,0.04439694,0.2877872,0.9656367,0.009988338,-0.028974343,0.3230054,0.6251939,-0.5847745,-0.7957802,0.1280908,-0.074717544,-0.70388895,0.24983653,-0.06601419,0.17140517,-1.1640534,-0.39745,-0.13381937,-0.5196005,0.46812874,-0.0017510673,-0.11954993,0.48381504,-0.27610907,0.0934798,-0.5645341,-0.23411034,0.89813507,-0.008329183,0.07364425,-0.35747528,-0.085546136,-0.0067099542,0.94863474,0.20905222,1.1708739,0.20520656,
0,0,0,0,0,0,0,0,0,0,0,0,0,0,0,0,0,0,0,0,0,0,0,0,0,0,0,0,0,0,0,0,0,0,0,0,0,0,0,0,0,0,0,0,0,0,0,0,0,0,0,0,0,0,0,0,0,0,0,0,0,0,0,1,0,0,0,0,0,0,0,0,0,0,0,0,0,0,0,0,0,0,0,0,0,0,0,0,0,0,0,0,0,0,0,0,0,0,0,0,0,0,0,0,0,0,0,0,0,0,0,0,0,0,0,0,0,0,0,0,0,0,0,0,0,0,0,0,0,0,0,0,0,0,0,0,0,0,0,0,0,0,0,0,0,0,0,0,0,0,0,0,0,0,0,0,0,0,0,0,0,0,0,0,0,0,0,0,0,0,0,0,0,0,0,0,0,0,0,0,0,0,0,0,0,0,0,0,0,0,0,0,0,0,0,0,0,0,0,0,0,0,0,0,0,0,0,0,0,0,0,0,0,0,0,0,0,0,0,0,0,0,0,0,0,0,0,0,0,0,0,0,0,0,0,0,0,0,0,0,0,0,0,0,0,0,0,0,0,0,0,0,0,0,0,0,0,0,0,0,0,0,0,0,0,0,0,0,0,0,0,0,0,0,0,0,0,0,0,0,0,0,0,0,0,0,0,0,0,0,0,0,0,0,0,0,0,0,0,0,0,0,0,0,0,0,0,0,0,0,0,0,0,0,0,0,0,0,0,0,0,0,0,0,0,0,0,0,0,0,0,0,0,0,0,1,0,0,0,0,0,0,0,0,0,0,0,0,0,0,0,0,0,0,0,0,0,0,0,0,0,0,0,0,0,0,0,0,0,0,0,0,0,0,0,0,0,0,0,0,0,0,0,0,0,0,0,0,0,0,0,0,0,0,0,0,0,0,0,0,0,0,0,0,0,0,0,0,0,0,0,0,0,0,0,0,0,0,0,0,0,0,0,0,0,0,0,0,0,0,0,0,0,0,0,0,0,0,0,0,0,0,0,0,0,0,0,0,0,0,0,0,0,0,0,0,0,0,0,0,0,0,0,0,0,0,0,0,0,0,0,0,0,0,0,0,0,0,0,0,0,0,0,0,0,0,0,0,0,0,0,0,0,0,0,0,0,0,0,0,0,0,0,0,0,0,0,0,0,0,0,0,0,0,0,0,0,0,0,0,0,0,0,0,0,0,0,0,0,0,0,0,0,0,0,0,0,0,0,0,0,0,0,0,0,0,0,0,0,0,0,0,0,0,0,0,0,0,0,0,0,0,0,0,0,0,0,0,0,0,0,0,0,0,0,0,0,0,0,0,0,0,0,0,0,0,0,0,0,0,0,0,0,0,0,0,0,0,0,0,0,0,0,0,0,0,0,0,0,0,0,0,0,0,0,0,0,0,0,0,0,0,0,0,0,0,0,0,0,0,0,0,0,0,0,0,0,0,0,0,0,0,0,0,0,0,0,0,0,0,0,0,0,0,0,0,0,0,0,0,0,0,0,0,0,0,0,0,0,0,0,0,0,0,0,0,0,0,0,0,0,0,0,0,0,0,0,0,0,0,0,0,0,0,0,0,0,0,0,0,0,0,0,0,0,0,0,0,0,0,0,0,0,0,0,0,0,0,0,0,0,0,0,0,0,0,0,0,0,0,0,0,0,0,0,0,0,0,0,0,0,0,0,0,0,0,0,0,0,0,0,0,0,0,0,0,0,0,0,0,0,0,0,0,0,0,0,0,0,0,0,0,0,0,0,0,0,0,0,0,0,0,0,0,0,0,0,0,0,0,0,0,0,0,0,0,0,0,0,0,0,0,0,0,0,0,0,0,0,0,0,0,0,0,0,0,0,0,0,0,0,0,0,0,0,0,0,0,0,0,0,0,0,0,0,0,0,0,0,0,0,0,0,0,0,0,0,0,0,0,0,0,0,0,0,0,0,0,0,0,0,0,0,0,0,0,0,0,0,0,0,0,0,0,0,0,0,0,0,0,0,0,0,0,0,0,0,0,0,0,0,0,0,0,0,0,0,0,0,0,0,0,0,0,0,0,0,0,0,0,0,0,0,0,0,0,0,0,0,0,0,0,0,0,0,0,0,0,0,0,0,0,0,0,0,0,0,0,0,0,0,0,0,0,0,0,0,0,0,0,0,0,0,0,0,0,0,0,0,0,0,0,0,0,0,0,0,0,0,0,0,0,0,0,0,0,0,0,0,0,0,0,0,0,0,0,0,0,0,0,0,0,0,0,0,0,0,0,0,0,0,0,0,0,0,0,0,0,0,0,0,0,0,0,0,0,0,0,0,0,0,0,0,0,0,0,0,0,0,0,0,0,0,0,0,0,0,0,0,0,0,0,0,0,0,0,0,0,0,0,0,0,0,0,0,0,0,0,0,0,0,0,0,0,0,0,0,0,0,0,0,0,0,0,0,0,0,0,0,0,0,0,0,0,0,0,0,0,0,0,0,0,0,0,0,0,0,0,0,0,0,0,0,0,0,0,0,0,0,0,0,0,0,0,0,0,0,0,0,0,0,0,0,0,0,0,0,0,0,0,0,0,0,0,0,0,0,0,0,0,0,0,0,0,0,0,0,0,0,0,0,0,0,0,0,0,0,0,0,0,0,0,0,0,0,0,0,0,0,0,0,0,0,0,0,0,0,0,0,0,0,0,0,0,0,0,0,0,0,0,0,0,0,0,0,0,0,0,0,0,0,0,0,0,0,0,0,0,0,0,0,0,0,0,0,0,0,0,0,0,0,0,0,0,0,0,0,0,0,0,0,0,0,0,0,0,0,0,0,0,0,0,0,0,0,0,0,0,0,0,0,0,0,0,0,0,0,0,0,0,0,0,0,0,0,0,0,0,0,0,0,0,0,0,0,0,0,0,0,0,0,0,0,0,0,0,0,0,0,0,0,0,0,0,0,0,0,0,0,0,0,0,0,0,0,0,0,0,0,0,0,0,0,0,0,0,0,0,0,0,0,0,0,0,0,0,0,0,0,0,0,0,0,0,0,0,0,0,0,0,0,0,0,0,0,0,0,0,0,0,0,0,0,0,0,0,0,0,0,0,0,0,0,0,0,0,0,0,0,0,0,0,0,0,0,0,0,0,0,0,0,0,0,0,0,0,0,0,0,0,0,0,0,0,0,0,0,0,0,0,0,0,0,0,0,0,0,0,0,0,0,0,0,0,0,0,0,0,0,0,0,0,0,0,0,0,0,0,0,0,0,0,0,0,0,0,0,0,0,0,0,0,0,0,0,0,0,0,0,0,0,0,0,0,0,0,0,0,0,0,0,0,0,0,0,0,0,0,0,0,0,0,0,0,0,0,0,0,0,0,0,0,0,0,0,0,0,0,0,0,0,0,0,0,0,0,0,0,0,0,0,0,0,0,0,0,0,0,0,0,0,0,0,0,0,0,0,0,0,0,0,0,0,0,0,0,0,0,0,0,0,0,0,0,0,0,0,0,0,0,0,0,0,0,0,0,0,0,0,0,0,0,0,0,0,0,0,0,0,0,0,0,0,0,0,0,0,0,0,0,0,0,0,0,0,0,0,0,0,0,0,0,0,0,0,0,0,0,0,0,0,0,0,0,0,0,0,0,0,0,0,0,0,0,0,0,0,0,0,0,0,0,0,0,0,0,0,0,0,0,0,0,0,0,0,0,0,0,0,0,0,0,0,0,0,0,0,0,0,0,0,0,0,0,0,0,0,0,0,0,0,0,0,0,0,0,0,0,0,0,0,0,0,0,0,0,0,0,0,0,0,0,0,0,0,0,0,0,0,0,0,0,0,0,0,0,0,0,0,0,0,0,0,0,0,0,0,0,0,0,0,0,0,0,0,0,0,0,0,0,0,0,0,0,0,0,0,0,0,0,0,0,0,0,0,0,0,0,0,0,0,0,0,0,0,0,0,0,0,0,0,0,0,0,0,0,0,0,0,0,0,0,0,0,0,0,0,0,0,0,0,0,0,0,0,0,0,0,0,0,0,0,0,0,0,0,0,0,0,0,0,0,0,0,0,0,0,0,0,0,0,0,0,0,0,0,0,0,0,0,0,0,0,0,0,0,0,0,0,0,0,0,0,0,0,0,0,0,0,0,0,0,0,0,0,0,0,0,0,0,0,0,0,0,0,0,0,0,0,0,0,0,0,0,0,0,0,0,0,0,0,0,0,0,0,0,0,0,0,0,0,0,0,0,0,0,0,0,0,0,0,0,0,0,0,0,0,0,0,0,0,0,0,0,0,0,0,0,0,0,0,0,0,0,0,0,0,0,0,0,0,0,0,0,0,0,0,0,0,0,0,0,0,0,0,0,0,0,0,0,0,0,0,0,0,0,0,0,0,0,0,0,0,0,0,0,0,0,0,0,0,0,0,0,0,0,0,0,0,0,0,0,0,0,0,0,0,0,0,0,0,0,0,0,0,0,0,0,0,0,0,0,0,0,0,0,0,0,0,0,0,0,0,0,0,0,0,0,0,0,0,0,0,0,0,0,0,0,0,0,0,0,0,0,0,0,0,0,0,0,0,0,0,0,0,0,0,0,0,0,0,0,0,0,0,0,0,0,0,0,0,0,0,0,0,0,0,0,0,0,0,0,0,0,0,0,0,0,0,0,0,0,0,0,0,0,0,0,0,0,0,0,0,0,0,0,0,0,0,0,0,0,0,0,0,0,0,0,0,0,0,0,0,0,0,0,0,0,0,0,0,0,0,0,0,0,0,0,0,0,0,0,0,0,0,0,0,0,0,0,0,0,0,0,0,0,0,0,0,0,0,0,0,0,0,0,0,0,0,0,0,0,0,0,0,0,0,0,0,0,0,0,0,0,0,0,0,0,0,0,0,0,0,0,0,0,0,0,0,0,0,0,0,0,0,0,0,0,0,0,0,0,0,0,0,0,0,0,0,0,0,0,0,0,0,0,0,0,0,0,0,0,0,0,0,0,0,0,0,0,0,0,0,0,0,0,0,0,0,0,0,0,0,0,0,0,0,0,0,0,0,0,0,0,0,0,0,0,0,0,0,0,0,0,0,0,0,0,0,0,0,0,0,0,0,0,0,0,0,0,0,0,0,0,0,0,0,0,0,0,0,0,0,0,0,0,0,0,0,0,0,0,0,0,0,0,0,0,0,0,0,0,0,0,0,0,0,0,0,0,0,0,0,0,0,0,0,0,0,0,0,0,0,0,0,0,0,0,0,0,0,0,0,0,0,0,0,0,0,0,0,0,0,0,0,0,0,0,0,0,0,0,0,0,0,0,0,0,0,0,0,0,0,0,0,0,0,0,0,0,0,0,0,0,0,0,0,0,0,0,0,0,0,0,0,0,0,0,0,0,0,0,0,0,0,0,0,0,0,0,0,0,0,0,0,0,0,0,0,0,0,0,0,0,0,0,0,0,0,0,0,0,0,0,0,0,0,0,0,0,0,0,0,0,0,0,0,0,0,0,0,0,0,0,0,0,0,0,0,0,0,0,0,0,0,0,0,0,0,0,0,0,0,0,0,0,0,0,0,0,0,0,0,0,0,0,0,0,0,0,0,0,0,0,0,0,0,0,0,0,0,0,0,0,0,0,0,0,0,0,0,0,0,0,0,0,0,0,0,0,0,0,0,0,0,0,0,0,0,0,0,0,0,0,0,0,0,0,0,0,0,0,0,0,0,0,0,0,0,0,0,0,0,0,0,0,0,0,0,0,0,0,0,0,0,0,0,0,0,0,0,0,0,0,0,0,0,0,0,0,0,0,0,0,0,0,0,0,0,0,0,0,0,0,0,0,0,0,0,0,0,0,0,0,0,0,0,0,0,0,0,0,0,0,0,0,0,0,0,0,0,0,0,0,0,0,0,0,0,0,0,0,0,0,0,0,0,0,0,0,0,0,0,0,0,0,0,0,0,0,0,0,0,0,0,0,0,0,0,0,0,0,0,0,0,0,0,0,0,0,0,0,0,0,0,0,0,0,0,0,0,0,0,0,0,0,0,0,0,0,0,0,0,0,0,0,0,0,0,0,0,0,0,0,0,0,0,0,0,0,0,0,0,0,0,0,0,0,0,0,0,0,0,0,0,0,0,0,0,0,0,0,0,0,0,0,0,0,0,0,0,0,0,0,0,0,0,0,0,0,0,0,0,0,0,0,0,0,0,0,0,0,0,0,0,0,0,0,0,0,0,0,0,0,0,0,0,0,0,0,0,0,0,0,0,0,0,0,0,0,0,0,0,0,0,0,0,0,0,0,0,0,0,0,0,0,0,0,0,0,0,0,0,0,0,0,0,0,0,0,0,0,0,0,0,0,0,0,0,0,0,0,0,0,0,0,0,0,0,0,0,0,0,0,0,0,0,0,0,0,0,0,0,0,0,0,0,0,0,0,0,0,0,0,0,0,0,0,0,0,0,0,0,0,0,0,0,0,0,0,0,0,0,0,0,0,0,0,0,0,0,0,0,0,0,0,0,0,0,0,0,0,0,0,0,0,0,0,0,0,0,0,0,0,0,0,0,0,0,0,0,0,0,0,0,0,0,0,0,0,0,0,0,0,0,0,0,0,0,0,0,0,0,0,0,0,0,0,0,0,0,0,0,0,0,0,0,0,0,0,0,0,0,0,0,0,0,0,0,0,0,0,0,0,0,0,0,0,0,0,0,0,0,0,0,0,0,0,0,0,0,0,0,0,0,0,0,0,0,0,0,0,0,0,0,0,0,0,0,0,0,0,0,0,0,0,0,0,0,0,0,0,0,0,0,0,0,0,0,0,0,0,0,0,0,0,0,0,0,0,0,0,0,0,0,0,0,0,0,0,0,0,0,0,0,0,0,0,0,0,0,0,0,0,0,0,0,0,0,0,0,0,0,0,0,0,0,0,0,0,0,0,0,0,0,0,0,0,0,0,0,0,0,0,0,0,0,0,0,0,0,0,0,0,0,0,0,0,0,0,0,0,0,0,0,0,0,0,0,0,0,0,0,0,0,0,0,0,0,0,0,0,0,0,0,0,0,0,0,0,0,0,0,0,0,0,0,0,0,0,0,0,0,0,0,0,0,0,0,0,0,0,0,0,0,0,0,0,0,0,0,0,0,0,0,0,0,0,0,0,0,0,0,0,0,0,0,0,0,0,0,0,0,0,0,0,0,0,0,0,0,0,0,0,0,0,0,0,0,0,0,0,0,0,0,0,0,0,0,0,0,0,0,0,0,0,0,0,0,0,0,0,0,0,0,0,0,0,0,0,0,0,0,0,0,0,0,0,0,0,0,0,0,0,0,0,0,0,0,0,0,0,0,0,0,0,0,0,0,0,0,0,0,0,0,0,0,0,0,0,0,0,0,0,0,0,0,0,0,0,0,0,0,0,0,0,0,0,0,0,0,0,0,0,0,0,0,0,0,0,0,0,0,0,0,0,0,0,0,0,0,0,0,0,0,0,0,0,0,0,0,0,0,0,0,0,0,0,0,0,0,0,0,0,0,0,0,0,0,0,0,0,0,0,0,0,0,0,0,0,0,0,0,0,0,0,0,0,0,0,0,0,0,0,0,0,0,0,0,0,0,0,0,0,0,0,0,0,0,0,0,0,0,0,0,0,0,0,0,0,0,0,0,0,0,0,0,0,0,0,0,0,0,0,0,0,0,0,0,0,0,0,0,0,0,0,0,0,0,0,0,0,0,0,0,0,0,0,0,0,0,0,0,0,0,0,0,0,0,0,0,0,0,0,0,0,0,0,0,0,0,0,0,0,0,0,0,0,0,0,0,0,0,0,0,0,0,0,0,0,0,0,0,0,0,0,0,0,0,0,0,0,0,0,0,0,0,0,0,0,0,0,0,0,0,0,0,0,0,0,0,0,0,0,0,0,0,0,0,0,0,0,0,0,0,0,0,0,0,0,0,0,0,0,0,0,0,0,0,0,0,0,0,0,0,0,0,0,0,0,0,0,0,0,0,0,0,0,0,0,0,0,0,0,0,0,0,0,0,0,0,0,0,0,0,0,0,0,0,0,0,0,0,0,0,0,0,0,0,0,0,0,0,0,0,0,0,0,0,0,0,0,0,0,0,0,0,0,0,0,0,0,0,0,0,0,0,0,0,0,0,0,0,0,0,0,0,0,0,0,0,0,0,0,0,0,0,0,0,0,0,0,0,0,0,0,0,0,0,0,0,0,0,0,0,0,0,0,0,0,0,0,0,0,0,0,0,0,0,0,0,0,0,0,0,0,0,0,0,0,0,0,0,0,0,0,0,0,0,0,0,0,0,0,0,0,0,0,0,0,0,0,0,0,0,0,0,0,0,0,0,0,0,0,0,0,0,0,0,0,0,0,0,0,0,0,0,0,0,0,0,0,0,0,0,0,0,0,0,0,0,0,0,0,0,0,0,0,0,0,0,0,0,0,0,0,0,0,0,0,0,0,0,0,0,0,0,0,0,0,0,0,0,0,0,0,0,0,0,0,0,0,0,0,0,0,0,0,0,0,0,0,0,0,0,0,0,0,0,0,0,0,0,0,0,0,0,0,0,0,0,0,0,0,0,0,0,0,0,0,0,0,0,0,0,0,0,0,0,0,0,0,0,0,0,0,0,0,0,0,0,0,0,0,0,0,0,0,0,0,0,0,0,0,0,0,0,0,0,0,0,0,0,0,0,0,0,0,0,0,0,0,0,0,0,0,0,0,0,0,0,0,0,0,0,0,0,0,0,0,0,0,-0.9880856,-0.77292526,-1.1765614,0.42494118,0.70699364,0.80730164,0.110795,-0.48654556,0.04907161,-1.5741874,-1.4467739,-0.3384575,0.27078298,-0.34849432,-0.9583358,-0.95605195,-1.5125842,-0.34687158,-0.3277596,-0.6964772,0.54490215,0.19361372,-0.50812167,0.50012714,0.4620834,-0.19313408,0.1551493,0.35113758,0.34290376,-0.2658559,0.09432741,0.29854947,-0.4546321,0.3373745,-0.106829524,1.0584624,-0.23382224,0.06944574,-0.2116451,-0.3570286,-0.18201546,0.37523794,0.34344468,0.86313516,-0.16428576,0.11163641,0.3077449,0.18946677,0.46767277,0.35991228,0.41310135,0.30467975,0.06788312,-0.42007422,0.3091272,-0.11524362,-0.07185093,-0.6419058,-0.031944092,-0.7345209,-0.15683328,-0.27132505,0.020583892,-0.038795568,0.5679207,-0.025513321,0.12503885,-0.054782346,0.52909565,-0.03428802,-0.75429404,-0.21639304,0.00069057074,-0.25377566,-0.03002087,0.25677952,0.5425582,-0.612156,0.61299616,0.27967787,0.7240021,0.05928872,-0.63860023,0.5640742,0.19072889,-0.78632766,0.10496523,0.005678926,0.10063798,0.0023733894,1.1695884,0.056704395,0.04997312,-0.48378092,-0.13333392,0.1554498,-0.46172398,-0.36796692,0.30540097,-0.053039428,-0.7206377,0.37481722,0.19048849,0.35552493,0.2275105,0.8014719,-0.079844326,0.07972295,0.7230405,-0.12510014,0.63583446,0.27619204,-0.039216273,0.12786359,-0.12612183,-0.3026976,0.03404644,-0.04787077,0.54959,0.99090916,-0.25485748,0.641544,-0.1314708,0.76685387,-0.90911335,0.30473986,0.15220435,-0.56623906,-0.15959792,-0.23310103,-0.3186243,-0.1577949,-0.66678745,-0.3391787,-0.16897361,-0.5637148,0.4256023,-0.51899993,0.09637084,0.0011112754,0.061993252,-0.24746509,-0.14637576,-1.013328,0.29704696,0.15172355,-0.29079768,-0.15052271,-0.37055126,-0.11836886,0.5787388,0.3715718,-0.3475327,-0.40540963,0.22180092,-0.45968056,-0.16128074,0.18724304,-0.2923002,0.43010986,-0.14721717,-0.17883013,-0.90719014,0.42361897,0.20244852,0.22258224,-0.10785124,0.23862912,-0.099617444,0.28556773,0.40396607,-0.06289594,-0.013072482,0.12203382,0.41111803,0.43053055,-0.437864,-0.3552256,1.0841253,0.13008732,0.3358119,0.064036675,0.32451296,-0.036091037,-0.13501674,0.33280686,-0.63301086,0.47278133,0.042400435,0.08332899,-0.028518355,-0.042702112,-0.608009,0.018239966,-0.7006241,0.41364226,0.45787635,-0.06133332,-0.47716984,0.9003976,0.78290075,-0.42380044,-0.3204874,-0.54129726,-0.42578378,-0.26783922,0.18616123,-0.90226185,-0.68662065,0.1749825,0.10484503,-0.31411675,-0.0236502,0.7194946,0.38509443,0.050453924,-0.39885867,0.1374196,0.15725282,-0.09517,-0.40847477,-0.5272337,-0.5070399,-0.8487122,-0.01012755,-0.054842446,0.18664204,-0.50127023,0.31543776,0.5947857,0.05544228,0.42157555,-0.21068348,-0.14637576,-0.31273443,-1.4206903,-0.15545097,0.19361372,-0.6268806,0.068544224,0.16704921,-0.32265103,-0.15142421,0.13357314,-1.1879203,0.017158154,0.011328389,-0.58499044,-0.1585762,-0.3212687,-0.3127945,-0.16230245,-0.86752367,0.25870275,-0.9237178,0.2747496,-0.13766117,-0.42337975,0.5614298,-0.8853736,0.47656766,0.43948555,-0.84751016,-0.32475454,-0.7324775,0.5619707,-0.5439417,0.10526574,-1.0376086,-0.58763486,0.12455805,-0.13928388,0.2721653,-0.6607774,0.34626943,-0.61510086,0.8211248,-0.48071578,-0.1043053,0.957974,0.43750224,-0.55788505,0.0033951008,0.02575255,0.19301271,-1.0714452,0.54772687,0.032724228,0.021064697,-0.031944092,0.27745414,0.3362927,-0.20882036,-0.2828644,0.58174384,-0.43239486,0.8876562,-0.26886094,0.5574031,-0.2859896,-0.376381,0.20280913,0.42043364,0.1833365,0.26116687,-0.3194056,-0.6286836,0.5234462,-0.5269933,0.048590805,-0.22775207,-0.3368348,0.3552244,0.17287898,-0.12858596,-0.0867559,-0.1945765,0.44880116,0.29464296,-0.06319644,0.14583369,-0.051897515,0.12756309,-0.07575748,0.5046347,0.038794395,-0.22348492,0.41959223,0.4525274,-0.4638876,-0.59166163,0.38455355,-0.7458198,0.3280589,-0.14613536,-0.34248424,0.6405223,-0.17973164,0.51839775,-0.7250851,-0.10292298,-0.35306197,-0.43095243,-1.0995122,0.02400963,-0.2477656,-0.06818479,0.15809423,-0.356668,-0.015957315,-0.018541643,-0.010307851,0.3814884,0.71895367,-0.88026506,-0.17955133,0.16248158,-0.35793012,0.064156875,0.15683211,0.26074615,0.028937886,-0.08128674,-0.94325054,-0.23165861,0.17221788,0.33346796,0.3076247,-0.035730433,0.008022852,0.6513404,0.29536414,-0.0053795967,0.24115334,-0.52963775,0.061993252,-0.65620977,-0.58499044,-0.23640656,0.12221412,-0.40486875,0.21729338,0.36952838,0.23141704,0.2376675,-0.89276594,-0.27336848,-0.109173454,-0.13327383,0.013852617,-0.080084726,-0.47843197,0.020223288,-0.18297707,-0.535167,-0.24349844,-0.14391164,0.11349952,-0.256961,-0.5156944,-0.61924785,-0.42428127,0.14763671,0.6778448,-0.5723092,-0.7827817,0.104604624,0.4623238,-0.29632694,-0.74666125,0.3354513,0.017037952,0.58282566,0.4364204,-0.71102154,-0.31784296,0.0004501681,-1.2769295,-0.109534055,0.35083705,0.12900549,-0.1410869,-0.38707894,0.43083104,0.6661252,-0.04420463,-0.1039447,0.8130713,-0.7442572,0.20521314,-0.025994126,-0.4893703,0.10111879,0.60217804,0.48432064,0.033144932,0.25275278,0.6776645,0.10117889,-0.45781744,0.15520939,-0.033807214,-0.030201172,-0.34122214,-0.19265328,-0.022147683,0.07966285,0.26327038,-0.06463885,0.27619204,-0.21116428,0.11866818,0.024370234,-0.08711651,-0.18237607,-0.12528042,-0.14583486,-0.00015083859,0.20208791,0.31940442,-0.05688587,-0.72117853,0.12377674,-0.26832002,0.200345,0.06788312,0.4621435,-0.20004566,0.7583196,0.28839248,-0.016979026,0.4796929,-0.16067973,-0.6691915,0.25792143,0.021545503,-0.29849055,-0.13315362,0.45012337,0.50313216,0.7877689,-0.90719014,-0.061814126,1.0145288,-0.069927715,-0.20785876,-0.5447831,-0.16897361,0.264232,0.39146513,-0.66276073,-0.4027652,-0.6536254,0.31922412,-0.01018765,-0.27126494,0.25756082,-0.36279827,-0.17961143,0.25563762,0.17792745,-0.23490405,-0.48558393,0.34825274,0.7034477,0.2019076,0.17636482,0.5330623,0.42932853,0.14216754,0.25191137,0.87196994,0.1284646,0.4518062,0.373495,0.7143259,-0.21693395,0.22540697,-0.27775583,0.23069583,-0.5979121,-0.63974214,-0.32186973,0.043241844,-0.63018614,0.27943748,-0.3472322,-0.16530748,0.08675473,0.14529277,-0.04083899,-0.61203575,-0.13369453,-0.21038298,-0.32475454,-0.44928312,-0.24319795,0.34392548,-0.030982481,-0.24175553,0.13705899,-0.28292447,-0.48714656,0.091923386,0.57122624,0.54051477,0.27757436,0.5873933,-0.36604372,0.017098052,-0.2590044,-0.003696778,0.90676826,0.050814528,0.1839375,0.24944724,-0.9210133,-0.14276972,0.018901072,-0.6100524,0.34043965,0.15070184,0.072090164,-0.89919674,-0.44116953,-0.680851,0.029178288,0.77106094,-0.043243017,0.9702346,0.8190213,0.44279107,0.6517611,0.29404193,0.12786359,-0.15599187,-0.054902546,-0.35865134,-0.7606046,0.1392226,0.1390423,0.3980762,-0.5182787,-0.5152737,-0.030141072,0.09883496,-0.011509865,0.49976653,0.52849466,0.48383984,0.13567667,-0.41400403,0.5508521,-0.6075282,0.41406298,-0.35811043,0.47296163,-0.176366,0.4871454,-0.35065794,-0.51996154,0.019742483,0.3978358,0.4424305,0.273788,-0.39861828,-0.41670856,-0.09703311,0.2804592,-0.24079391,0.114521235,-0.4734436,-0.30047387,0.6205689,-0.83398753,0.7383662,-0.22847328,-0.77142274,0.2749299,0.5241674,-0.2942234,0.64707327,0.095469326,0.32289025,-0.035069328,0.15755332,0.343024,0.30882668,0.7171506,0.37674046,-0.43395746,0.13964331,-0.35829073,0.016196543,-0.41442475,0.31609887,-0.39453143,0.3356917,0.43077096,0.5700242,-0.21513093,0.22690949,0.27943748,-0.29013658,-0.36832753,0.031762615,-0.23268032,0.32902053,-0.20900066,0.58150345,0.37595916,-0.48636526,0.32337105,0.061272044,0.09847436,0.5314997,0.4183301,-0.22462684,-0.14162782,0.5200204,-0.0865155,0.102561206,-0.40931618,-0.10322349,0.35985216,-0.23165861,-0.34290496,-0.33028382,-0.19307399,-0.23400255,-0.9876048,0.40054032,-0.13351423,-0.1225759,0.26086637,-0.4619043,0.2737279,0.37000918,0.055141777,-0.110495664,-0.83801425,-0.27090436,-0.5081818,0.18760365,0.06325537,-0.43461856,0.009525369,-0.23111771,-0.049192984,-0.49796468,0.122574724,-0.8483516,-0.065660566,-0.84029806,0.28382483,-0.65993595,0.09210369,0.31243274,-0.14463285,-0.06710298,0.3811278,0.0039961077,-0.18964824,-0.08525339,0.20244852,-1.051612,0.49435747,-0.20263,0.35696733,-0.71060085,-0.27973914,-0.36027405,0.17251839,0.14541298,-0.07377416,-0.4207954,-0.97979176,-0.039456677,-0.22324452,0.35774866,0.22624838,-0.5577648,-0.47037846,-0.001713456,0.42331848,0.2744491,0.4885277,-0.10520681,-0.07257214,0.39092422,0.23027512,0.2093,0.33406898,-0.037413254,-0.45451188,-0.25353527,-0.098776035,0.43215328,-0.06740349,-0.10779113,0.099736474,-0.050935905,-0.390685,-0.7615662,0.1652462,0.68241245,-0.2670579,-0.5568633,-0.27150536,-0.58306724,-0.9780488,-0.016498221,0.28658944,0.29380155,-0.9354975,0.69311035,-0.21410921,-0.059289895,0.4439931,0.29921058,-0.53955436,-0.8615737,0.08621382,-0.28003964,0.18423802,-0.11145727,0.0074218456,-0.69371253,0.4542703,0.8034552,0.31694028,-0.24620298,0.5175563,0.19812126,-0.46923655,0.5246482,0.21621157,0.19547684,-0.77508885,-0.2743902,-0.08952054,0.33088365,-0.26844022,0.068544224,-0.16242264,0.6791069,-0.24752519,0.0660801,-0.13351423,0.2722855,0.37607935,-0.014214395,0.0570049,0.1922314,0.017278355,-0.67231673,-0.22913438,0.30299693,0.29885,0.38623637,0.26669613,0.39212623,-0.98970836,0.062474057,-0.2134481,0.4979635,0.191991,0.44777945,-0.31622025,-0.732778,0.0027940942,0.19517633,-1.08022,0.07329218,0.033565637,-0.3378565,0.23965083,-0.023409797,-0.47500622,-0.57886016,0.8597695,-0.96879333,0.6449096,0.020704094,0.16127956,0.13297214,-0.09000134,0.13417415,0.015655637,-1.4604168,-0.5658183,0.042220134,-0.49333692,-0.4022844,0.60957044,-0.09991795,-0.8435435,0.273788,0.92491865,-0.25359535,-0.47626832,-0.0039371806,0.6965962,-0.30119509,0.53907233,-0.20599563,-0.050515197,-0.3917668,-0.55824566,0.2742688,-0.3200667,0.42283767,-0.11548402,-0.38557643,-0.2952451,0.01499453,-0.8048988,-0.12786476,-0.09883614,0.010006174,0.7047699,-0.53997505,-0.842041,-0.21687385,-0.41190052,0.33833614,0.23177764,0.65819186,1.0959051,-0.39687535,0.14210744,-0.49544045,0.5694833,0.3252943,-0.5916015,-0.27138516,-0.1946366,-0.8297204,0.61113304,-0.13633895,0.45583293,0.22402465,0.17528301,0.15737301,0.2371867,-0.7837434,-0.40282533,-0.45138666,0.14992054,-0.36297858,0.43732193,-0.34296507,-0.21374862,0.25984466,0.52224416,-0.3487347,-0.20719764,0.24433868,-0.20845975,0.18754356,0.21687268,0.0392752,-0.579942,0.39531156,-0.061754026,0.5732095,0.33298716,-0.10887295,-0.35780993,-0.21891727,0.26573452,0.57549334,-0.391286,-0.13111019,0.67874634,0.44182947,0.7707604,0.08230728,-0.1043654,-0.43035144,-0.43089232,0.071248755,0.13687868,0.48119542,0.2647128,-0.29236028,-0.506499,0.604522,0.22690949,-0.5071,0.2731269,-0.24319795,-0.3115324,0.03386614,-0.4817976,0.3625567,-0.63204926,0.40450695,-0.7633692,0.31453627,0.30281663,0.022927819,-0.69347215,-0.08308976,0.20401113,-0.11740724,0.22306305,-0.42235804,-0.9575545,0.62669915,0.16638811,0.19794096,-0.28538862,-0.14385153,-0.15539086,-0.046909157,0.24319677,0.5399138,-0.49417832,0.049612515,-0.29500473,-0.027136039,0.006820839,0.4878065,0.007181443,-0.030922381,1.1944702,-0.1678918,-0.54285985,-0.1861023,0.16849163,-0.50511664,-0.20599563,0.21747369,0.7399889,-0.5873945,-0.12413852,-0.4183313,-0.13375463,-0.26297107,-0.6444901,-0.6740596,-0.15310705,0.4248811,0.6781453,0.51232755,0.5920811,-0.25335497,-0.03368701,-0.09054224,0.34873354,-0.2665771,-0.42410097,-0.07479587,0.5144912,-0.23262022,-0.056525264,0.43762243,-0.62153167,-0.043002617,-0.93681973,-0.5278948,-0.04793087,-0.40294552,0.032604028,-0.55764467,-0.2858093,0.673157,-0.28262398,-0.20659664,0.69196844,-0.26249024,0.2541351,-0.37824413,0.018059663,0.026954563,-0.07046862,-0.49327683,0.09234409,-0.28635022,-0.28508812,0.21627167,-0.28743204,0.3803465,-1.0777558,-0.45102605,1.3040937,1.6365707,0.037111577,0.8418595,1.3784984,-0.5549401,-0.25299436,1.1703697,-0.5167762,-1.5861474,-0.65723145,-0.109654255,0.28580815,-0.44886243,0.14895892,0.39320803,0.47458434,0.14228775,1.0907965,0.615881,0.09540922,1.2703773,-0.64977896,0.8581468,-1.2998278,0.30071312,-0.6863202,-0.96302366,-0.18129425,-0.7591021,0.56533635,-0.73902845,0.8392752,-1.249223,0.5962281,-0.54057604,-0.35083824,-0.017219428,0.5360673,0.17720623,-0.64521134,-1.027692,-0.5881157,0.5896771,0.023168221,-1.6595904,-1.037248,-0.5462255,1.1569673,-0.12702335,-0.48648545,1.4138376,-0.6569309,-0.4012026,0.47728887,0.6252567,1.1313044,-0.60157824,0.13255143,-0.564436,0.13976352,-0.798468,0.55349654,-0.6270609,0.7148668,0.65855247,0.307805,-0.16662969,1.0557578,1.0222217,-0.76306874,0.108150564,0.90682834,1.2981439,-1.2205551,0.23039533,-0.64539164,0.9747421,0.3623764,-0.39645466,0.4995261,-0.29121837,-0.44988415,0.9208919,1.0031698,0.14324936,0.60253865,0.8056188,-0.16110043,-0.3211485,0.32938114,-1.2546321,-0.41712928,0.7763498,0.15250486,0.4614223,-0.45841843,-0.5794011,-0.16067973,-0.5156343,0.27402842,-0.21729456,0.9226949,0.8217258,0.86013013,-0.47031838,-0.8144548,0.1475165,0.42013314,-0.050996006,-0.3316661,-0.51539385,-0.30798647,0.15196395,1.2601001,1.0534139,0.46755257,1.2072716,-0.445617,-0.30389962,-0.5362488,-0.08982103,-0.50115,-0.39080518,0.3440457,-0.8022544,
0,0,0,0,0,0,0,0,0,0,0,0,0,0,0,0,0,0,0,0,0,1,0,0,1,0,0,0,0,0,0,0,0,0,0,0,0,0,0,0,0,0,0,0,0,0,0,0,0,0,0,0,0,0,0,0,0,0,0,0,0,0,0,0,0,0,0,0,0,0,0,0,0,0,1,0,0,0,0,0,0,0,0,0,0,0,0,0,0,0,0,0,0,0,0,0,0,0,0,0,0,0,0,0,0,0,0,0,0,0,0,0,0,0,0,0,0,0,0,0,0,0,0,0,0,0,0,0,0,0,0,1,0,0,0,0,0,0,0,0,0,0,0,0,0,0,0,0,0,0,0,0,0,0,0,0,0,0,0,0,0,0,0,0,0,0,0,0,0,0,0,0,0,0,0,0,0,0,0,0,0,0,0,0,0,0,0,0,0,0,0,0,0,0,0,0,0,0,0,0,0,0,0,0,0,0,0,0,0,0,0,0,0,0,0,0,0,0,0,0,0,0,0,0,0,0,0,0,0,0,0,0,0,0,0,0,0,0,0,0,0,0,0,0,0,0,0,0,0,0,0,0,0,0,0,0,0,0,0,0,0,0,0,0,0,0,0,0,0,0,0,0,0,0,0,0,0,0,0,0,0,0,0,0,0,0,0,0,0,0,0,0,0,0,0,0,0,0,0,0,0,0,0,0,0,0,0,0,0,0,0,0,0,0,0,0,0,0,0,0,0,0,0,0,0,0,0,0,0,0,0,0,0,0,0,0,0,0,0,0,0,0,0,0,0,0,0,0,0,0,0,0,0,0,0,0,0,0,0,0,0,0,0,0,0,0,0,0,0,0,0,0,0,0,0,0,0,0,0,0,0,0,0,0,0,0,0,0,0,0,0,0,0,0,0,0,0,0,0,0,0,0,0,0,0,0,0,0,0,0,0,0,0,0,0,0,0,0,0,0,0,0,0,0,0,0,0,0,0,0,0,0,0,0,0,0,0,0,0,0,0,0,0,0,0,0,0,0,0,0,0,0,0,0,0,0,0,0,0,0,0,0,0,0,0,0,0,0,0,0,0,0,0,0,0,0,0,0,0,0,0,0,0,0,0,0,0,0,0,0,0,0,0,0,0,0,0,0,0,0,0,0,0,0,0,0,0,0,0,0,0,0,0,0,0,0,0,0,0,0,0,0,0,0,0,0,0,0,0,0,0,0,0,0,0,0,0,0,0,0,0,0,0,0,0,0,0,0,0,0,0,0,0,0,0,0,0,0,0,0,0,0,0,0,0,0,0,0,0,0,0,0,0,0,0,0,0,0,0,0,0,0,0,0,0,0,0,0,0,0,0,0,0,0,0,0,0,0,0,0,0,0,0,0,0,0,0,0,0,0,0,0,0,0,0,0,0,0,0,0,0,0,0,0,0,0,0,0,0,0,0,0,0,0,0,0,0,0,0,0,0,0,0,0,0,0,0,0,0,0,0,0,0,0,0,0,0,0,0,0,0,0,0,0,0,0,0,0,0,0,0,0,0,0,0,0,0,0,0,0,0,0,0,0,0,0,0,0,0,0,0,0,0,0,0,0,0,0,0,0,0,0,0,0,0,0,0,0,0,0,0,0,0,0,0,0,0,0,0,0,0,0,0,0,0,0,0,0,0,0,0,0,0,0,0,0,0,0,0,0,0,0,0,0,0,0,0,0,0,0,0,0,0,0,0,0,0,0,0,0,0,0,0,0,0,0,0,0,0,0,0,0,0,0,0,0,0,0,0,0,0,0,0,0,0,0,0,0,0,0,0,0,0,0,0,0,0,0,0,0,0,0,0,0,0,0,0,0,0,0,0,0,0,0,0,0,0,0,0,0,0,0,0,0,0,0,0,0,0,0,0,0,0,0,0,0,0,0,0,0,0,0,0,0,0,0,0,0,0,0,0,0,0,0,0,0,0,0,0,0,0,0,0,0,0,0,0,0,0,0,0,0,0,0,0,0,0,0,0,0,0,0,0,0,0,0,0,0,0,0,0,0,0,0,0,0,0,0,0,0,0,0,0,0,0,0,0,0,0,0,0,0,0,0,0,0,0,0,0,0,0,0,0,0,0,0,0,0,0,0,0,0,0,0,0,0,0,0,0,0,0,0,0,0,0,0,0,0,0,0,0,0,0,0,0,0,0,0,0,0,0,0,0,0,0,0,0,0,0,0,0,0,0,0,0,0,0,0,0,0,0,0,0,0,0,0,0,0,0,0,0,0,0,0,0,0,0,0,0,0,0,0,0,0,0,0,0,0,0,0,0,0,0,0,0,0,0,0,0,0,0,0,0,0,0,0,0,0,0,0,0,0,0,0,0,0,0,0,0,0,0,0,0,0,0,0,0,0,0,0,0,0,0,0,0,0,0,0,0,0,0,0,0,0,0,0,0,0,0,0,0,0,0,0,0,0,0,0,0,0,0,0,0,0,0,0,0,0,0,0,0,0,0,0,0,0,0,0,0,0,0,0,0,0,0,0,0,0,0,0,0,0,0,0,0,0,0,0,0,0,0,0,0,0,0,0,0,0,0,0,0,0,0,0,0,0,0,0,0,0,0,0,0,0,0,0,0,0,0,0,0,0,0,0,0,0,0,0,0,0,0,0,0,0,0,0,0,0,0,0,0,0,0,0,0,0,0,0,0,0,0,0,0,0,0,0,0,0,0,0,0,0,0,0,0,0,0,0,0,0,0,0,0,0,0,0,0,0,0,0,0,0,0,0,0,0,0,0,0,0,0,0,0,0,0,0,0,0,0,0,0,0,0,0,0,0,0,0,0,0,0,0,0,0,0,0,0,0,0,0,0,0,0,0,0,0,0,0,0,0,0,0,0,0,0,0,0,0,0,0,0,0,0,0,0,0,0,0,0,0,0,0,0,0,0,0,0,0,0,0,0,0,0,0,0,0,0,0,0,0,0,0,0,0,0,0,0,0,0,0,0,0,0,0,0,0,0,0,0,0,0,0,0,0,0,0,0,0,0,0,0,0,0,0,0,0,0,0,0,0,0,0,0,0,0,0,0,0,0,0,0,0,0,0,0,0,0,0,0,0,0,0,0,0,0,0,0,0,0,0,0,0,0,0,0,0,0,0,0,0,0,0,0,0,0,0,0,0,0,0,0,0,0,0,0,0,0,0,0,0,0,0,0,0,0,0,0,0,0,0,0,0,0,0,0,0,0,0,0,0,0,0,0,0,0,0,0,0,0,0,0,0,0,0,0,0,0,0,0,0,0,0,0,0,0,0,0,0,0,0,0,0,0,0,0,0,0,0,0,0,0,0,0,0,0,0,0,0,0,0,0,0,0,0,0,0,0,0,0,0,0,0,0,0,0,0,0,0,0,0,0,0,0,0,0,0,0,0,0,0,0,0,0,0,0,0,0,0,0,0,0,0,0,0,0,0,0,0,0,0,0,0,0,0,0,0,0,0,0,0,0,0,0,0,0,0,0,0,0,0,0,0,0,0,0,0,0,0,0,0,0,0,0,0,0,0,0,0,0,0,0,0,0,0,0,0,0,0,0,0,0,0,0,0,0,0,0,0,0,0,0,0,0,0,0,0,0,0,0,0,0,0,0,0,0,0,0,0,0,0,0,0,0,0,0,0,0,0,0,0,0,0,0,0,0,0,0,0,0,0,0,0,0,0,0,0,0,0,0,0,0,0,0,0,0,0,0,0,0,0,0,0,0,0,0,0,0,0,0,0,0,0,0,0,0,0,0,0,0,0,0,0,0,0,0,0,0,0,0,0,0,0,0,0,0,0,0,0,0,0,0,0,0,0,0,0,0,0,0,0,0,0,0,0,0,0,0,0,0,0,0,0,0,0,0,0,0,0,0,0,0,0,0,0,0,0,0,0,0,0,0,0,0,0,0,0,0,0,0,0,0,0,0,0,0,0,0,0,0,0,0,0,0,0,0,0,0,0,0,0,0,0,0,0,0,0,0,0,0,0,0,0,0,0,0,0,0,0,0,0,0,0,0,0,0,0,0,0,0,0,0,0,0,0,0,0,0,0,0,0,0,0,0,0,0,0,0,0,0,0,0,0,0,0,0,0,0,0,0,0,0,0,0,0,0,0,0,0,0,0,0,0,0,0,0,0,0,0,0,0,0,0,0,0,0,0,0,0,0,0,0,0,0,0,0,0,0,0,0,0,0,0,0,0,0,0,0,0,0,0,0,0,0,0,0,0,0,0,0,0,0,0,0,0,0,0,0,0,0,0,0,0,0,0,0,0,0,0,0,0,0,0,0,0,0,0,0,0,0,0,0,0,0,0,0,0,0,0,0,0,0,0,0,0,0,0,0,0,0,0,0,0,0,0,0,0,0,0,0,0,0,0,0,0,0,0,0,0,0,0,0,0,0,0,0,0,0,0,0,0,0,0,0,0,0,0,0,0,0,0,0,0,0,0,0,0,0,0,0,0,0,0,0,0,0,0,0,0,0,0,0,0,0,0,0,0,0,0,0,0,0,0,0,0,0,0,0,0,0,0,0,0,0,0,0,0,0,0,0,0,0,0,0,0,0,0,0,0,0,0,0,0,0,0,0,0,0,0,0,0,0,0,0,0,0,0,0,0,0,0,0,0,0,0,0,0,0,0,0,0,0,0,0,0,0,0,0,0,0,0,0,0,0,0,0,0,0,0,0,0,0,0,0,0,0,0,0,0,0,0,0,0,0,0,0,0,0,0,0,0,0,0,0,0,0,0,0,0,0,0,0,0,0,0,0,0,0,0,0,0,0,0,0,0,0,0,0,0,0,0,0,0,0,0,0,0,0,0,0,0,0,0,0,0,0,0,0,0,0,0,0,0,0,0,0,0,0,0,0,0,0,0,0,0,0,0,0,0,0,0,0,0,0,0,0,0,0,0,0,0,0,0,0,0,0,0,0,0,0,0,0,0,0,0,0,0,0,0,0,0,0,0,0,0,0,0,0,0,0,0,0,0,0,0,0,0,0,0,0,0,0,0,0,0,0,0,0,0,0,0,0,0,0,0,0,0,0,0,0,0,0,0,0,0,0,0,0,0,0,0,0,0,0,0,0,0,0,0,0,0,0,0,0,0,0,0,0,0,0,0,0,0,0,0,0,0,0,0,0,0,0,0,0,0,0,0,0,0,0,0,0,0,0,0,0,0,0,0,0,0,0,0,0,0,0,0,0,0,0,0,0,0,0,0,0,0,0,0,0,0,0,0,0,0,0,0,0,0,0,0,0,0,0,0,0,0,0,0,0,0,0,0,0,0,0,0,0,0,0,0,0,0,0,0,0,0,0,0,0,0,0,0,0,0,0,0,0,0,0,0,0,0,0,0,0,0,0,0,0,0,0,0,0,0,0,0,0,0,0,0,0,0,0,0,0,0,0,0,0,0,0,0,0,0,0,0,0,0,0,0,0,0,0,0,0,0,0,0,0,0,0,0,0,0,0,0,0,0,0,0,0,0,0,0,0,0,0,0,0,0,0,0,0,0,0,0,0,0,0,0,0,0,0,0,0,0,0,0,0,0,0,0,0,0,0,0,0,0,0,0,0,0,0,0,0,0,0,0,0,0,0,0,0,0,0,0,0,0,0,0,0,0,0,0,0,0,0,0,0,0,0,0,0,0,0,0,0,0,0,0,0,0,0,0,0,0,0,0,0,0,0,0,0,0,0,0,0,0,0,0,0,0,0,0,0,0,0,0,0,0,0,0,0,0,0,0,0,0,0,0,0,0,0,0,0,0,0,0,0,0,0,0,0,0,0,0,0,0,0,0,0,0,0,0,0,0,0,0,0,0,0,0,0,0,0,0,0,0,0,0,0,0,0,0,0,0,0,0,0,0,0,0,0,0,0,0,0,0,0,0,0,0,0,0,0,0,0,0,0,0,0,0,0,0,0,0,0,0,0,0,0,0,0,0,0,0,0,0,0,0,0,0,0,0,0,0,0,0,0,0,0,0,0,0,0,0,0,0,0,0,0,0,0,0,0,0,0,0,0,0,0,0,0,0,0,0,0,0,0,0,0,0,0,0,0,0,0,0,0,0,0,0,0,0,0,0,0,0,0,0,0,0,0,0,0,0,0,0,0,0,0,0,0,0,0,0,0,0,0,0,0,0,0,0,0,0,0,0,0,0,0,0,0,0,0,0,0,0,0,0,0,0,0,0,0,0,0,0,0,0,0,0,0,0,0,0,0,0,0,0,0,0,0,0,0,0,0,0,0,0,0,0,0,0,0,0,0,0,0,0,0,0,0,0,0,0,0,0,0,0,0,0,0,0,0,0,0,0,0,0,0,0,0,0,0,0,0,0,0,0,0,0,0,0,0,0,0,0,0,0,0,0,0,0,0,0,0,0,0,0,0,0,0,0,0,0,0,0,0,0,0,0,0,0,0,0,0,0,0,0,0,0,0,0,0,0,0,0,0,0,0,0,0,0,0,0,0,0,0,0,0,0,0,0,0,0,0,0,0,0,0,0,0,0,0,0,0,0,0,0,0,0,0,0,0,0,0,0,0,0,0,0,0,0,0,0,0,0,0,0,0,0,0,0,0,0,0,0,0,0,0,0,0,0,0,0,0,0,0,0,0,0,0,0,0,0,0,0,0,0,0,0,0,0,0,0,0,0,0,0,0,0,0,0,0,0,0,0,0,0,0,0,0,0,0,0,0,0,0,0,0,0,0,0,0,0,0,0,0,0,0,0,0,0,0,0,0,0,0,0,0,0,0,0,0,0,0,0,0,0,0,0,0,0,0,0,0,0,0,0,0,0,0,0,0,0,0,0,0,0,0,0,0,0,0,0,0,0,0,0,0,0,0,0,0,0,0,0,0,0,0,0,0,0,0,0,0,0,0,0,0,0,0,0,0,0,0,0,0,0,0,0,0,0,0,0,0,0,0,0,0,0,0,0,0,0,0,0,0,0,0,0,0,0,0,0,0,0,0,0,0,0,0,0,0,0,0,0,0,0,0,0,0,0,0,0,0,0,0,0,0,0,0,0,0,0,0,0,0,0,0,0,0,0,0,0,0,0,0,0,0,0,0,0,0,0,0,0,0,0,0,0,0,0,0,0,0,0,0,0,0,0,0,0,0,0,0,0,0,0,0,0,0,0,0,0,0,0,0,0,0,0,0,0,0,0,0,0,0,0,0,0,0,0,0,0,0,0,0,0,0,0,0,0,0,0,0,0,0,0,0,0,0,0,0,0,0,0,0,0,0,0,0,0,0,0,0,0,0,0,0,0,0,0,0,0,0,0,0,0,0,0,0,0,0,0,0,0,0,0,0,0,0,0,0,0,0,0,0,0,0,0,0,0,0,0,0,0,0,0,0,0,0,0,0,0,0,0,0,0,0,0,0,0,0,0,0,0,0,0,0,0,0,0,0,0,0,0,0,0,0,0,0,0,0,0,0,0,0,0,0,0,0,0,0,0,0,0,0,0,0,0,0,0,0,0,0,0,0,0,0,0,0,0,0,0,0,0,0,0,0,0,0,0,0,0,0,0,0,0,0,0,0,0,0,0,0,0,0,0,0,0,0,0,0,0,0,0,0,0,0,0,0,0,0,0,0,0,0,0,0,0,0,0,0,0,0,0,0,0,0,0,0,0,0,0,0,0,0,0,0,0,0,0,0,0,0,0,0,0,0,0,0,0,0,0,0,0,0,0,0,0,0,0,0,0,0,0,0,0,0,0,0,0,0,0,0,0,0,0,0,0,0,0,0,0,0,0,0,0,0,0,0,0,0,0,0,0,0,0,0,0,0,0,0,0,0,0,0,0,0,0,0,0,0,0,0,0,0,0,0,0,0,0,0,0,0,0,0,0,0,0,0,0,0,0,0,0,0,0,0,0,0,0,0,0,0,0,0,0,0,0,0,0,0,0,0,0,0,0,0,0,0,0,0,0,0,0,0,0,0,0,0,0,0,0,0,0,0,0,0,0,0,0,0,0,0,0,0,0,0,0,0,0,0,0,0,0,0,0,0,0,0,0,0,0,0,0,0,0,0,0,0,0,0,0,0,0,0,0,0,0,0,0,0,0,0,0,0,0,0,0,0,0,0,0,0,0,0,0,0,0,0,0,0,0,0,0,0,0,0,0,0,0,0,0,0,0,0,0,0,0,0,0,0,0,0,0,0,0,0,0,0,0,0,0,0,0,0,0,0,0,0,0,0,0,0,0,0,0,0,0,0,0,0,0,0,0,0,0,0,0,0,0,0,0,0,0,0,0,0,0,0,0,0,0,0,0,0,0,0,0,0,0,0,0,0,0,0,0,0,0,0,0,0,0,0,0,0,0,0,0,0,0,0,0,0,0,0,0,0,0,0,0,0,0,0,0,0,0,0,0,0,0,0,0,0,0,0,0,0,0,0,0,0,0,0,0,0,0,0,0,0,0,0,0,0,0,0,0,0,0,0,0,0,0,0,0,0,0,0,0,0,0,0,0,0,0,0,0,0,0,0,0,0,0,0,0,0,0,0,0,0,0,0,0,0,0,0,0,0,0,0,0,0,0,0,0,0,0,0,0,0,0,0,0,0,0,0,0,0,0,0,0,0,0,0,0,0,0,0,0,0,0,0,0,0,0,0,0,0,0,0,0,0,0,0,0,0,0,0,0,0,0,0,0,0,0,0,0,0,0,0,0,0,0,0,0,0,0,0,0,0,0,0,0,0,0,0,0,0,0,0,0,0,0,0,0,0,0,0,0,-0.46035632,-0.3089173,-0.6864514,-0.25074515,0.3462372,1.2362605,0.86803186,-0.022682682,1.3712687,-0.4303663,0.6384273,0.43392083,-0.6601303,0.76242864,0.6420431,-0.6277475,0.5781814,-1.80023,-1.2018651,0.6104579,-0.8076345,-0.85527825,-0.28690335,-0.7399442,-0.8305524,-0.49417487,-1.1319416,-0.2535102,-0.16582659,-1.13024,0.009115258,0.096905224,0.23255162,0.44833094,-1.1205091,-0.25016025,-0.4606222,-0.2177774,-0.75568366,-0.09595619,-0.01444074,0.48246855,-0.44169232,-0.21070528,0.3797899,-0.48141316,0.29811493,0.57148147,-0.7586614,0.50703484,-0.36506885,-0.33300504,0.6896337,0.49810162,0.4051538,-0.55473983,0.059258163,-0.27025995,-0.06559395,0.62757987,-0.31349027,0.27812156,-0.21761787,-0.105740175,0.15241869,-0.58887744,-0.19762452,0.047400404,0.6737347,0.4480119,0.54074705,-0.36023003,0.4137148,0.7927377,0.39122227,0.76641667,-0.47141647,-0.28934935,-0.09053247,0.10679555,-0.310353,-0.14960857,0.6792648,-0.7529718,0.03314982,-0.5815926,0.6402884,-0.06984785,-0.25935933,-0.31391564,0.29885936,-0.24484287,-0.14152615,0.82543963,-0.6344474,0.084249854,-0.0664979,0.014007249,0.020122238,0.13901888,-0.21990435,-0.26675048,-0.57478637,0.73398066,0.047825795,0.16799861,0.104774944,-0.83735865,0.16411692,0.6623024,-0.13955872,0.05032496,0.016187375,0.043518715,0.38468188,0.18001589,0.30773938,-0.29668733,0.4071744,-0.0030083708,-0.38118052,-0.23144306,-0.40829918,0.6685769,0.06505411,-0.056926616,0.8906839,-0.61642146,0.015283421,0.16736053,0.1746985,0.15794876,-0.23351684,-0.39091134,-0.25196815,0.4635918,-0.2687179,0.12955394,0.31273773,-0.31678703,-0.3716624,-0.12695652,-0.8359761,-0.21953213,0.08722759,-0.14237693,0.30795208,-0.06378604,-0.19432774,-0.24505556,-0.09489272,-0.09654111,-0.32162586,-0.67374283,-0.3049293,-0.21320444,0.43961045,-0.5652151,0.12062074,-0.1091433,0.6376829,0.29157454,-0.6758166,0.03596803,-0.034327745,-0.03650787,0.24584506,-0.18964845,-0.049216412,-0.07697314,0.2990189,0.42169085,-0.36613232,0.70313984,0.30630368,0.5091618,0.31555593,-0.49024,-0.19629517,0.13864666,0.7381814,0.051867004,0.16268122,-0.15263948,0.5362272,-0.13131678,0.551435,-0.11531146,-0.021087468,-0.32811305,0.09780917,0.5712688,-0.5298013,-0.1213201,-0.30434436,0.30337915,0.37968355,0.4711425,-0.26281562,-0.047461677,0.020760324,-0.07883423,-0.20166573,-0.36246333,0.14577195,-0.13094456,-0.5843577,-0.04916324,0.54680884,0.45726416,-0.37692663,-0.18672389,-0.545009,-0.27142978,-0.21097115,1.1671877,0.3127909,-0.37772423,0.67511725,-0.12110741,0.21846056,0.49969685,-0.44972157,0.17549612,-0.5510177,0.28200325,0.66309994,0.5375566,-0.015557391,-0.6015328,0.11110263,-0.15737195,0.21075036,-0.4707252,-0.003540109,0.66251504,0.16539308,-1.1468302,-0.25802997,0.18618405,0.38734058,-0.10254975,0.063512065,0.26987964,0.30300692,-0.053842533,-0.46482292,0.13428642,-0.69283223,-0.83374286,-0.2934969,-0.6981496,0.12301356,-0.40532142,0.28498098,-0.3355574,-0.5585152,0.55350876,0.2538743,0.10089326,-0.111642465,-0.37974483,0.10387099,0.12264135,-0.1572656,0.39085007,0.15938444,-0.055384576,-0.25670063,0.039743375,0.29545623,0.21032496,0.23467857,-0.03007384,-0.39612237,-0.029063538,0.18070716,0.38601124,-0.63232046,0.5259115,0.09164102,-0.16114728,-0.5678738,-0.15997747,-0.22352017,0.5580817,0.3375699,0.045432974,0.36224255,0.22936119,-0.2965278,0.44886267,0.07100958,-0.03831578,0.24323955,-0.071443066,0.4295074,-0.042250644,0.09360845,0.11487797,0.15927811,0.30359182,-0.28738192,-0.46211106,-0.041399863,-0.63769096,0.38181052,0.29524353,-0.20288873,-0.31311804,-0.17172888,0.56015545,0.31571546,-0.62546104,-0.30902365,-0.08643808,-0.09436098,-0.8864381,0.13662606,0.48746687,-0.6307252,-0.21192828,0.3359747,0.030969694,-0.31710607,0.1054662,0.32422328,-0.16247663,-0.61456037,0.33172077,0.68803847,0.7000026,0.2468022,0.19756325,0.3026347,0.07074371,0.25132197,0.034638688,0.14550608,-0.11520512,-0.4431812,0.08738711,0.35761642,0.21229239,0.15709798,-0.69139653,0.17086999,-0.060382914,0.44019535,-0.34130016,0.05463204,-0.044909336,-0.32003063,0.43450576,-0.028957192,0.20378458,0.4222226,-0.3455009,-0.26153943,0.3322525,0.2670614,0.07350875,-0.16481628,0.3066759,0.0036915296,0.124874644,0.07558253,-0.0034337612,0.019005587,-0.042569686,-0.31205457,0.54308665,-0.1190868,-0.19858165,-0.27414164,0.3393778,-0.45487943,-0.19661422,-0.30806652,-0.19485949,0.21314317,0.70441604,-0.34768102,-0.51363647,-0.22304161,0.016719114,-0.13227391,0.20176397,0.03575534,0.11647318,-0.0898412,-0.1483324,0.13067059,0.5816377,0.4434921,0.004648658,0.2019235,0.044209976,0.19862673,0.3919667,-0.37384254,-0.31816956,-0.35023338,-0.07335732,0.13731731,-0.39208114,0.3786201,-0.12185184,0.35458553,0.59514385,-0.2932842,-0.0724002,-0.18847863,-0.096115716,0.29418007,0.5547317,-0.15625529,-0.715697,-0.3416724,0.3450674,-0.07378271,0.10403051,-0.011941571,0.14056093,-0.5277807,-0.30216423,-0.6760293,0.2922658,0.1854928,0.6919733,-0.083566695,0.044103626,0.58972013,-0.26797348,0.48954064,0.3181083,-0.035019007,-0.28429782,-0.4496152,0.20351872,-0.54091465,0.035595816,0.13497767,-0.38399872,-0.015344695,0.036180727,-0.24271591,0.2019235,0.24605776,0.10381782,0.2707304,0.14470848,-0.18635167,0.07638013,-0.1919881,0.049633704,0.15114251,-0.3050888,-0.119724885,0.039211635,-0.39458033,0.0419235,-0.50028986,0.44062075,-0.33119714,-0.26807982,-0.2100672,-0.7561622,0.03575534,0.21117574,0.029002264,-0.029488929,-0.22038291,0.028151482,-0.19363649,0.0137945535,-0.019811295,-0.22357334,-0.122330405,-0.35996416,0.45726416,-0.4496152,0.57982975,0.3690488,-0.033317443,-0.9465245,-0.4235069,-0.27493924,0.3404413,-0.16189171,-0.2577641,-0.21325763,0.26876298,0.24345225,0.34559914,-0.26988775,0.13316976,0.46678227,-0.3546468,-0.24260956,0.022568233,0.2996038,0.21324952,0.24956724,0.34559914,0.16145822,0.47980985,-0.015025652,0.096586175,0.146091,-0.008538447,0.110783584,-0.51023334,0.18783244,0.45949745,0.45869985,0.08786567,-0.31247994,0.77231896,-0.21017355,-0.057352006,0.17161442,-0.07458032,0.3958484,0.06430967,-0.4175514,0.23526348,-0.37091798,0.027088007,0.22271445,-0.10286879,-0.032785706,-0.46338722,-0.20278238,-0.18145968,0.038679898,0.027726093,-0.24946898,-0.12296849,0.107699506,0.17039143,-0.017205779,-0.2857867,-0.4025564,0.09180053,0.29056424,-0.37261954,0.37994942,-0.20459029,-0.6635866,-0.29339057,-0.7338824,-0.35677373,-0.47556403,-0.070911326,-0.41239354,0.5185735,-0.60350025,-0.5885052,-0.83634835,-0.06564712,-0.31428787,0.021345235,0.16805178,-0.16167903,-0.32577342,-0.388678,-0.45966506,0.100840084,0.19798864,-0.0742081,-0.8169399,-0.3901137,0.2873738,-0.59174883,0.16108601,-0.075696975,0.4461508,0.14869651,-0.1520014,0.44748017,0.10886933,0.29646653,-0.0677209,0.19548947,0.020122238,-0.15014032,-0.23229384,-0.34656438,0.6825616,-0.1481197,-0.47864813,0.26179722,0.09440605,-0.394793,0.20027511,0.10014883,-0.18640485,0.26472178,-0.00056237535,-0.026511196,-0.24627855,-0.074527144,0.4305709,0.37925816,-0.46976808,0.420202,-0.26685682,0.35713786,0.0285237,-0.2224567,0.0090089105,-0.066551074,-0.20900372,0.31773606,0.22877628,-0.067189164,-0.0044972375,0.15630037,-0.16189171,-0.47944573,-0.3985152,0.30917507,-0.11999076,0.3560212,-0.37830913,-0.46599275,-0.43254644,0.00023523181,-0.34523502,-0.30088806,-0.031137317,-0.27690667,0.1615114,0.04389093,0.42264798,0.36426315,0.46407038,-0.036880087,-0.25824267,-0.5389472,-0.4423304,-0.5617056,-0.31960526,0.29056424,0.09259814,-0.06591299,0.09020532,0.31454563,-0.48683688,0.6684705,0.09041802,-0.5115627,0.5984938,-0.20815293,0.123970695,-0.3507651,0.03532995,-0.11680033,-0.37235367,-0.030020667,-0.108664736,0.14800526,0.07186036,0.015230247,0.4051538,-0.1783756,0.33427313,-0.18177873,-0.0096550975,-0.21814962,-0.122755796,-0.29993093,-0.1976777,0.16145822,0.11402719,0.019590499,0.096692525,0.24770615,-0.021193814,0.35490456,-0.13892063,-0.2665378,0.17055096,-0.2606355,-0.20735534,0.39313653,0.35208634,-0.4299409,-0.3298146,-0.33140984,0.5164466,-0.045706943,0.27408037,-0.039432433,-0.1357302,-0.10079501,0.2922658,-0.27228054,-0.24494922,0.21665265,-0.25047928,0.1589059,0.25924486,0.056227256,0.1361475,-0.021193814,0.38936117,0.16432962,0.68750674,-0.34698975,-0.2324002,0.15587498,-0.23883423,0.43083677,-0.16481628,0.09031167,0.39446586,-0.6703397,0.07579522,-0.03650787,0.16039476,-0.21559727,-0.30604592,0.5596769,0.40201655,-0.18597946,-0.057564702,0.16347884,0.22165099,-0.2821709,0.09403384,-0.29620877,0.13380785,0.011827122,-0.008963837,-0.0050821495,0.14008236,-0.20677042,-0.08829916,0.17310329,-0.0014663301,0.18453567,0.22372477,0.13901888,0.29519036,-0.6549193,0.217982,0.04218937,0.5794576,0.22234224,0.57174736,-0.1359429,0.33320963,0.3142266,0.5288361,-0.32710275,-0.14992762,0.013475511,0.12673573,-0.6285451,0.16119236,-0.36969498,0.030650653,0.08095308,0.23903883,-0.36724898,0.56403714,0.15098299,-0.19012702,-0.6199841,-0.34358662,-0.37660757,0.16587165,0.05165431,-0.051875103,0.37362173,-0.3200838,-0.10239022,-0.4073952,0.06978658,-0.035816614,0.60551274,-0.19406188,0.6809664,-0.65933275,-0.47673386,-0.25340384,-0.05267271,0.1765596,-0.023054898,0.28748018,0.18395075,-0.15572356,-0.24101435,-0.21416157,0.553881,0.010869994,-0.4372789,0.024110273,-0.03496583,0.5722259,-0.14375944,0.6357155,-0.038794346,-0.7599376,0.32890257,0.68931466,0.1726779,-0.26861155,0.46178392,0.2169717,0.07228575,0.21404713,0.2596171,0.32363835,0.008743042,-0.38958198,0.035010904,0.24951406,0.260202,0.5003881,0.3181083,0.46295375,0.40488794,0.018101633,0.18480153,0.46949413,0.06494776,-0.33651453,-0.16970827,0.26355195,-0.49257967,0.1426347,0.30316645,0.21133527,0.29460546,0.18203649,0.24786568,0.012890599,0.2953499,-0.080642134,0.038414028,-0.13785715,-0.08930947,-0.3641649,0.12567225,0.35979655,-0.24914995,-0.60871124,0.3939873,-0.3403962,-0.3345471,0.13545623,0.72451574,0.09594809,0.09052437,-0.027361976,-0.03900704,-0.29732543,0.04585836,-0.43754476,0.27711126,0.107805856,-0.026138978,0.59487796,-0.26813298,0.52282745,-0.7304793,0.32337248,-0.39590967,-0.063573346,0.31449246,-0.35002068,0.251641,0.42259482,0.29056424,-0.55676043,-0.29333737,-0.68001735,-0.040442735,-0.19469996,0.2779089,-0.04873785,0.0010860128,0.19325617,-0.34130016,-0.31614894,-0.24452382,-0.34656438,-0.045760114,0.3339009,0.20208302,-0.2811074,0.03984972,0.6464034,0.72834426,-0.45727223,-0.48561388,-0.4898146,-0.47588307,-0.1590735,0.06590489,0.5381415,-0.24877773,0.29253167,-0.5521875,0.45710462,-0.122862145,-0.6658731,0.0036915296,0.56951404,-0.21187511,0.0015114032,-0.18438424,0.16358519,0.0015645771,-0.2731845,-0.30673718,0.3054529,-0.30716258,0.37463203,-0.0855873,-0.107920304,-0.12642479,0.48108602,0.025386445,-0.38846534,0.5369185,-0.07628188,0.5002286,0.49666592,-0.3465112,-0.16492262,-0.015078826,-0.27350354,-0.15391564,-0.26903695,-0.1146202,0.056865342,0.1612987,-0.110100426,0.28349212,-0.06256304,-0.2634537,-0.09446733,-0.11552416,0.0374569,-0.48694324,-0.27233374,-0.12105423,-0.030233363,0.08786567,-0.41095784,-0.23075181,0.49964368,-0.18555407,-0.30567372,0.3891485,0.09637348,0.12545955,0.07584839,0.13625385,-0.5253347,0.13854031,-0.23266606,-0.35204127,-0.15513864,-0.16784719,0.07951739,-0.18741515,-0.31247994,-0.23335733,0.43700492,-0.030233363,0.15656623,-0.66512865,-0.5928123,0.19873308,-0.13035965,0.8431997,0.0498464,-0.14971492,-0.10451718,0.10264799,0.02113254,-0.63412833,-0.16917653,-0.21203463,-0.048684675,0.17001921,-0.22745503,-0.0654876,-0.38341382,0.25924486,-0.49135667,-0.018428776,-0.20698312,-0.5028422,0.082282424,-0.110206775,-0.010931268,-0.38516855,-0.5437329,-0.33699307,-0.33763117,0.113814496,0.38313985,-0.0088574905,-0.26536795,0.03596803,-0.0945205,0.12338578,0.5510096,-0.2647299,-0.019332731,-0.59977806,0.46056092,-0.087288864,-0.1146202,-0.22809312,-0.23197481,0.32682878,-0.16976145,0.7133492,-0.45642146,-0.46732208,-0.1830549,0.25180054,0.36378458,-0.7023503,-0.7255873,1.3653665,0.3127909,0.17241204,-0.19964513,-0.679911,0.007945434,-0.06676377,-0.4754577,0.51123554,0.49273106,-0.5964281,-0.3485318,0.14922826,-0.44844538,0.3643163,-0.124297835,-0.17965177,0.14922826,0.45997602,-0.10318783,-0.18815958,-0.15418153,-0.5680333,0.09562905,0.2041568,-0.49529153,0.40036815,-0.07133672,-0.19906022,-0.18231046,0.41387433,-0.038209435,-0.7434005,-0.20230381,-0.6403497,0.619657,0.0016709247,-0.0843643,-0.02741515,0.4557221,0.7933758,0.217982,-0.7201636,1.0037314,0.27147484,0.29008567,0.40254828,-0.36448395,0.2674868,-0.18013033,-0.17582326,0.3066759,0.20506075,0.094831444,-0.1994856,0.010763646,0.12833095,0.17953733,-0.21697979,0.5351106,0.43610096,0.3607537,-0.047302157,0.12088661,0.059045468,-0.019439079,-0.3341217,-0.103241004,-0.17454709,0.09844726,0.13646653,0.34783244,-0.07814296,-0.039698303,0.13550942,-0.35640153,-0.17156935,-0.12248993,-0.5161888,-0.42802665,-0.2977508,-0.26318783,-0.38905025,0.43817475,0.036393423,-0.2749924,-0.1897548,0.40775934,0.11041137,-0.08441748,-0.25638157,-0.003540109,0.100733735,-0.21171558,-0.27079168,0.21665265,-0.17651452,-0.25196815,-0.32970828,0.22537315,-0.3895288,0.09233227,-0.25468,-0.07500571,-0.99225396,-0.27791697,-0.17991765,0.13274437,-0.08351352,-0.15987112,0.007147827,-0.27063218,0.063618414,0.20548615,-0.30838558,0.2175566,-0.17257966,-0.77764446,0.30497435,0.0060311775,
1,0,0,0,0,0,0,0,0,0,0,0,0,0,0,0,0,0,0,1,0,0,0,0,0,0,0,0,0,0,0,0,0,0,0,0,0,0,0,0,0,0,0,0,0,0,0,0,0,0,0,0,0,0,0,0,0,0,0,0,0,0,0,0,0,0,0,0,0,0,0,0,0,0,0,0,0,0,0,0,0,0,0,0,0,0,0,0,0,0,0,0,0,0,0,0,0,0,0,0,0,0,0,0,0,0,0,0,0,0,0,0,0,0,0,0,0,0,0,0,0,0,0,0,0,0,0,0,0,0,0,0,0,0,0,0,0,0,0,0,0,0,0,0,0,0,0,0,0,0,0,0,0,0,0,0,0,0,0,0,0,0,0,0,0,0,0,0,0,0,0,0,0,0,0,0,0,0,0,0,0,0,0,0,0,0,0,0,0,0,0,0,0,0,0,0,0,0,0,0,0,0,0,0,0,0,0,0,0,0,0,0,0,0,0,0,0,0,0,0,0,0,0,0,0,0,0,0,0,0,0,0,0,0,0,0,0,0,0,0,0,0,0,0,0,0,0,0,0,0,0,0,0,0,0,0,0,0,0,0,0,0,0,0,0,0,0,0,0,0,0,0,0,0,0,0,0,0,0,0,0,0,0,0,0,0,0,0,0,0,0,0,0,0,0,0,0,0,0,0,0,0,0,0,0,0,0,0,0,0,0,0,0,0,0,0,0,0,1,0,0,0,0,0,0,0,0,0,0,0,0,0,0,0,0,0,0,0,0,0,0,0,0,0,0,0,0,0,0,0,0,0,0,0,0,0,0,0,0,0,0,0,0,0,0,0,0,0,0,0,0,0,0,0,0,0,0,0,0,0,0,0,0,0,0,0,0,0,0,0,0,0,0,0,0,0,0,0,0,0,0,0,0,0,0,0,0,0,0,0,0,0,0,0,0,0,0,0,0,0,0,0,0,0,0,0,0,0,0,0,0,0,0,0,0,0,0,0,0,0,0,0,0,0,0,0,0,0,0,0,0,0,0,0,0,0,0,0,0,0,0,0,0,0,0,0,0,0,0,0,0,0,0,0,0,0,0,0,0,0,0,0,0,0,0,0,0,0,0,0,0,0,0,0,0,0,0,0,0,0,0,0,0,0,0,0,0,0,0,0,0,0,0,0,0,0,0,0,0,0,0,0,0,0,0,0,0,0,0,0,0,0,0,0,0,0,0,0,0,0,0,0,0,0,0,0,0,0,0,0,0,0,0,0,0,0,0,0,0,0,0,0,0,0,0,0,0,0,0,0,0,0,0,0,0,0,0,0,0,0,0,0,0,0,0,0,0,0,0,0,0,0,0,0,0,0,0,0,0,0,0,0,0,0,0,0,0,0,0,0,0,0,0,0,0,0,0,0,0,0,0,0,0,0,0,0,0,0,0,0,0,0,0,0,0,0,0,0,0,0,0,0,0,0,0,0,0,0,0,0,0,0,0,0,0,0,0,0,0,0,0,0,0,0,0,0,0,0,0,0,0,0,0,0,0,0,0,0,0,0,0,0,0,0,0,0,0,0,0,0,0,0,0,0,0,0,0,0,0,0,0,0,0,0,0,0,0,0,0,0,0,0,0,0,0,0,0,0,0,0,0,0,0,0,0,0,0,0,0,0,0,0,0,0,0,0,0,0,0,0,0,0,0,0,0,0,0,0,0,0,0,0,0,0,0,0,0,0,0,0,0,0,0,0,0,0,0,0,0,0,0,0,0,0,0,0,0,0,0,0,0,0,0,0,0,0,0,0,0,0,0,0,0,0,0,0,0,0,0,0,0,0,0,0,0,0,0,0,0,0,0,0,0,0,0,0,0,0,0,0,0,0,0,0,0,0,0,0,0,0,0,0,0,0,0,0,0,0,0,0,0,0,0,0,0,0,0,0,0,0,0,0,0,0,0,0,0,0,0,0,0,0,0,0,0,0,0,0,0,0,0,0,0,0,0,0,0,0,0,0,0,0,0,0,0,0,0,0,0,0,0,0,0,0,0,0,0,0,0,0,0,0,0,0,0,0,0,0,0,0,0,0,0,0,0,0,0,0,0,0,0,0,0,0,0,0,0,0,0,0,0,0,0,0,0,0,0,0,0,0,0,0,0,0,0,0,0,0,0,0,0,0,0,0,0,0,0,0,0,0,0,0,0,0,0,0,0,0,0,0,0,0,0,0,0,0,0,0,0,0,0,0,0,0,0,0,0,0,0,0,0,0,0,0,0,0,0,0,0,0,0,0,0,0,0,0,0,0,0,0,0,0,0,0,0,0,0,0,0,0,0,0,0,0,0,0,0,0,0,0,0,0,0,0,0,0,0,0,0,0,0,0,0,0,0,0,0,0,0,0,0,0,0,0,0,0,0,0,0,0,0,0,0,0,0,0,0,0,0,0,0,0,0,0,0,0,0,0,0,0,0,0,0,0,0,0,0,0,0,0,0,0,0,0,0,0,0,0,0,0,0,0,0,0,0,0,0,0,0,0,0,0,0,0,0,0,0,0,0,0,0,0,0,0,0,0,0,0,0,0,0,0,0,0,0,0,0,0,0,0,0,0,0,0,0,0,0,0,0,0,0,0,0,0,0,0,0,0,0,0,0,0,0,0,0,0,0,0,0,0,0,0,0,0,0,0,0,0,0,0,0,0,0,0,0,0,0,0,0,0,0,0,0,0,0,0,0,0,0,0,0,0,0,0,0,0,0,0,0,0,0,0,0,0,0,0,0,0,0,0,0,0,0,0,0,0,0,0,0,0,0,0,0,0,0,0,0,0,0,0,0,0,0,0,0,0,0,0,0,0,0,0,0,0,0,0,0,0,0,0,0,0,0,0,0,0,0,0,0,0,0,0,0,0,0,0,0,0,0,0,0,0,0,0,0,0,0,0,0,0,0,0,0,0,0,0,0,0,0,0,0,0,0,0,0,0,0,0,0,0,0,0,0,0,0,0,0,0,0,0,0,0,0,0,0,0,0,0,0,0,0,0,0,0,0,0,0,0,0,0,0,0,0,0,0,0,0,0,0,0,0,0,0,0,0,0,0,0,0,0,0,0,0,0,0,0,0,0,0,0,0,0,0,0,0,0,0,0,0,0,0,0,0,0,0,0,0,0,0,0,0,0,0,0,0,0,0,0,0,0,0,0,0,0,0,0,0,0,0,0,0,0,0,0,0,0,0,0,0,0,0,0,0,0,0,0,0,0,0,0,0,0,0,0,0,0,0,0,0,0,0,0,0,0,0,0,0,0,0,0,0,0,0,0,0,0,0,0,0,0,0,0,0,0,0,0,0,0,0,0,0,0,0,0,0,0,0,0,0,0,0,0,0,0,0,0,0,0,0,0,0,0,0,0,0,0,0,0,0,0,0,0,0,0,0,0,0,0,0,0,0,0,0,0,0,0,0,0,0,0,0,0,0,0,0,0,0,0,0,0,0,0,0,0,0,0,0,0,0,0,0,0,0,0,0,0,0,0,0,0,0,0,0,0,0,0,0,0,0,0,0,0,0,0,0,0,0,0,0,0,0,0,0,0,0,0,0,0,0,0,0,0,0,0,0,0,0,0,0,0,0,0,0,0,0,0,0,0,0,0,0,0,0,0,0,0,0,0,0,0,0,0,0,0,0,0,0,0,0,0,0,0,0,0,0,0,0,0,0,0,0,0,0,0,0,0,0,0,0,0,0,0,0,0,0,0,0,0,0,0,0,0,0,0,0,0,0,0,0,0,0,0,0,0,0,0,0,0,0,0,0,0,0,0,0,0,0,1,0,0,0,0,0,0,0,0,0,0,0,0,0,0,0,0,0,0,0,0,0,0,0,0,0,0,0,0,0,0,0,0,0,0,0,0,0,0,0,0,0,0,0,0,0,0,0,0,0,0,0,0,0,0,0,0,0,0,0,0,0,0,0,0,0,0,0,0,0,0,0,0,0,0,0,0,0,0,0,0,0,0,0,0,0,0,0,0,0,0,0,0,0,0,0,0,0,0,0,0,0,0,0,0,0,0,0,0,0,0,0,0,0,0,0,0,0,0,0,0,0,0,0,0,0,0,0,0,0,0,0,0,0,0,0,0,0,0,0,0,0,0,0,0,0,0,0,0,0,0,0,0,0,0,0,0,0,0,0,0,0,0,0,0,0,0,0,0,0,0,0,0,0,0,0,0,0,0,0,0,0,0,0,0,0,0,0,0,0,0,0,0,0,0,0,0,0,0,0,0,0,0,0,0,0,0,0,0,0,0,0,0,0,0,0,0,0,0,0,0,0,0,0,0,0,0,0,0,0,0,0,0,0,0,0,0,0,0,0,0,0,0,0,0,0,0,0,0,0,0,0,0,0,0,0,0,0,0,0,0,0,0,0,0,0,0,0,0,0,0,0,0,0,0,0,0,0,0,0,0,0,0,0,0,0,0,0,0,0,0,0,0,0,0,0,0,0,0,0,0,0,0,0,0,0,0,0,0,0,0,0,0,0,0,0,0,0,0,0,0,0,0,0,0,0,0,0,0,0,0,0,0,0,0,0,0,0,0,0,0,0,0,0,0,0,0,0,0,0,0,0,0,0,0,0,0,0,0,0,0,0,0,0,0,0,0,0,0,0,0,0,0,0,0,0,0,0,0,0,0,0,0,0,0,0,0,0,0,0,0,0,0,0,0,0,0,0,0,0,0,0,0,0,0,0,0,0,0,0,0,0,0,0,0,0,0,0,0,0,0,0,0,0,0,0,0,0,0,0,0,0,0,0,0,0,0,0,0,0,0,0,0,0,0,0,0,0,0,0,0,0,0,0,0,0,0,0,0,0,0,0,0,0,0,0,0,0,0,0,0,0,0,0,0,0,0,0,0,0,0,0,0,0,0,0,0,0,0,0,0,0,0,0,0,0,0,0,0,0,0,0,0,0,0,0,0,0,0,0,0,0,0,0,0,0,0,0,0,0,0,0,0,0,0,0,0,0,0,0,0,0,0,0,0,0,0,0,0,0,0,0,0,0,0,0,0,0,0,0,0,0,0,0,0,0,0,0,0,0,0,0,0,0,0,0,0,0,0,0,0,0,0,0,0,0,0,0,0,0,0,0,0,0,0,0,0,0,0,0,0,0,0,0,0,0,0,0,0,0,0,0,0,0,0,0,0,0,0,0,0,0,0,0,0,0,0,0,0,0,0,0,0,0,0,0,0,0,0,0,0,0,0,0,0,0,0,0,0,0,0,0,0,0,0,0,0,0,0,0,0,0,0,0,0,0,0,0,0,0,0,0,0,0,0,0,0,0,0,0,0,0,0,0,0,0,0,0,0,0,0,0,0,0,0,0,0,0,0,0,0,0,0,0,0,0,0,0,0,0,0,0,0,0,0,0,0,0,0,0,0,0,0,0,0,0,0,0,0,0,0,0,0,0,0,0,0,0,0,0,0,0,0,0,0,0,0,0,0,0,0,0,0,0,0,0,0,0,0,0,0,0,0,0,0,0,0,0,0,0,0,0,0,0,0,0,0,0,0,0,0,0,0,0,0,0,0,0,0,0,0,0,0,0,0,0,0,0,0,0,0,0,0,0,0,0,0,0,0,0,0,0,0,0,0,0,0,0,0,0,0,0,0,0,0,0,0,0,0,0,0,0,0,0,0,0,0,0,0,0,0,0,0,0,0,0,0,0,0,0,0,0,0,0,0,0,0,0,0,0,0,0,0,0,0,0,0,0,0,0,0,0,0,0,0,0,0,0,0,0,0,0,0,0,0,0,0,0,0,0,0,0,0,0,0,0,0,0,0,0,0,0,0,0,0,0,0,0,0,0,0,0,0,0,0,0,0,0,0,0,0,0,0,0,0,0,0,0,0,0,0,0,0,0,0,0,0,0,0,0,0,0,0,0,0,0,0,0,0,0,0,0,0,0,0,0,0,0,0,0,0,0,0,0,0,0,0,0,0,0,0,0,0,0,0,0,0,0,0,0,0,0,0,0,0,0,0,0,0,0,0,0,0,0,0,0,0,0,0,0,0,0,0,0,0,0,0,0,0,0,0,0,0,0,0,0,0,0,0,0,0,0,0,0,0,0,0,0,0,0,0,0,0,0,0,0,0,0,0,0,0,0,0,0,0,0,0,0,0,0,0,0,0,0,0,0,0,0,0,0,0,0,0,0,0,0,0,0,0,0,0,0,0,0,0,0,0,0,0,0,0,0,0,0,0,0,0,0,0,0,0,0,0,0,0,0,0,0,0,0,0,0,0,0,0,0,0,0,0,0,0,0,0,0,0,0,0,0,0,0,0,0,0,0,0,0,0,0,0,0,0,0,0,0,0,0,0,0,0,0,0,0,0,0,0,0,0,0,0,0,0,0,0,0,0,0,0,0,0,0,0,0,0,0,0,0,0,0,0,0,0,0,0,0,0,0,0,0,0,0,0,0,0,0,0,0,0,0,0,0,0,0,0,0,0,0,0,0,0,0,0,0,0,0,0,0,0,0,0,0,0,0,0,0,0,0,0,0,0,0,0,0,0,0,0,0,0,0,0,0,0,0,0,0,0,0,0,0,0,0,0,0,0,0,0,0,0,0,0,0,0,0,0,0,0,0,0,0,0,0,0,0,0,0,0,0,0,0,0,0,0,0,0,0,0,0,0,0,0,0,0,0,0,0,0,0,0,0,0,0,0,0,0,0,0,0,0,0,0,0,0,0,0,0,0,0,0,0,0,0,0,0,0,0,0,0,0,0,0,0,0,0,0,0,0,0,0,0,0,0,0,0,0,0,0,0,0,0,0,0,0,0,0,0,0,0,0,0,0,0,0,0,0,0,0,0,0,0,0,0,0,0,0,0,0,0,0,0,0,0,0,0,0,0,0,0,0,0,0,0,0,0,0,0,0,0,0,0,0,0,0,0,0,0,0,0,0,0,0,0,0,0,0,0,0,0,0,0,0,0,0,0,0,0,0,0,0,0,0,0,0,0,0,0,0,0,0,0,0,0,0,0,0,0,0,0,0,0,0,0,0,0,0,0,0,0,0,0,0,0,0,0,0,0,0,0,0,0,0,0,0,0,0,0,0,0,0,0,0,0,0,0,0,0,0,0,0,0,0,0,0,0,0,0,0,0,0,0,0,0,0,0,0,0,0,0,0,0,0,0,0,0,0,0,0,0,0,0,0,0,0,0,0,0,0,0,0,0,0,0,0,0,0,0,0,0,0,0,0,0,0,0,0,0,0,0,0,0,0,0,0,0,0,0,0,0,0,0,0,0,0,0,0,0,0,0,0,0,0,0,0,0,0,0,0,0,0,0,0,0,0,0,0,0,0,0,0,0,0,0,0,0,0,0,0,0,0,0,0,0,0,0,0,0,0,0,0,0,0,0,0,0,0,0,0,0,0,0,0,0,0,0,0,0,0,0,0,0,0,0,0,0,0,0,0,0,0,0,0,0,0,0,0,0,0,0,0,0,0,0,0,0,0,0,0,0,0,0,0,0,0,0,0,0,0,0,0,0,0,0,0,0,0,0,0,0,0,0,0,0,0,0,0,0,0,0,0,0,0,0,0,0,0,0,0,0,0,0,0,0,0,0,0,0,0,0,0,0,0,0,0,0,0,0,0,0,0,0,0,0,0,0,0,0,0,0,0,0,0,0,0,0,0,0,0,0,0,0,0,0,0,0,0,0,0,0,0,0,0,0,0,0,0,0,0,0,0,0,0,0,0,0,0,0,0,0,0,0,0,0,0,0,0,0,0,0,0,0,0,0,0,0,0,0,0,0,0,0,0,0,0,0,0,0,0,0,0,0,0,0,0,0,0,0,0,0,0,0,0,0,0,0,0,0,0,0,0,0,0,0,0,0,0,0,0,0,0,0,0,0,0,0,0,0,0,0,0,0,0,0,0,0,0,0,0,0,0,0,0,0,0,0,0,0,0,0,0,0,0,0,0,0,0,0,0,0,0,0,0,0,0,0,0,0,0,0,0,0,0,0,0,0,0,0,0,0,0,0,0,0,0,0,0,0,0,0,0,0,0,0,0,0,0,0,0,0,0,0,0,0,0,0,0,0,0,0,0,0,0,0,0,0,0,0,0,0,0,0,0,0,0,0,0,0,0,0,0,0,0,0,0,0,0,0,0,0,0,0,0,0,0,0,0,0,0,0,0,0,0,0,0,0,0,0,0,0,0,0,0,0,0,0,0,0,0,0,0,0,0,0,0,0,0,0,0,0,0,0,0,0,0,0,0,0,0,0,0,0,0,0,0,0,0,0,0,0,0,0,0,0,0,0,0,0,0,0,0,0,0,0,0,0,0,0,0,0,0,0,0,0,0,0,0,0,0,0,0,0,0,0,0,0,0,0,0,0,0,0,0,0,0,0,0,0,0,0,0,0,0,0,0,0,0,0,0,0,0,0,0,0,0,0,0,0,0,0,0,0,0,0,0,0,0,0,0,0,0,0,0,0,0,0,0,0,0,0,0,0,0,0,0,0,0,0,0,0,0,0,0,0,0,0,0,0,0,0,0,0,0,0,0,0,0,0,0,0,0,0,0,0,0,0,0,0,0,0,0,0,0,0,0,0,0,0,0,0,0,0,0,0,0,0,0,0,0,0,0,0,0,0,0,0,0,0,0,0,0,0,0,0,0,0,0,0,0,0,0,0,0,0,0,0,0,0,0,0,0,0,0,0,0,0,0,0,0,0,0,0,0,0,0,0,0,0,0,0.5085478,-0.88744897,-0.7441483,1.6378778,0.39939746,0.56622756,0.66206086,-0.5351614,-0.26473653,-0.5032169,0.47431576,-0.06653391,-1.1891646,-0.6296058,-0.07217116,0.59768176,0.5868158,-0.24913195,0.669087,0.22619486,0.120475896,1.2636131,-0.1913705,0.96385825,-1.0465993,0.14433211,0.32815564,0.82423407,1.0189236,-0.024540441,0.8716197,0.79956084,-0.071926065,-0.21179534,0.55895627,0.6972733,-0.27723652,0.9462112,-0.87208945,0.48632556,-0.6644914,0.2703125,0.5801981,-0.21220385,0.83787787,0.31418505,0.99139094,-0.09627247,-0.29635417,-0.3057496,-0.056566585,-0.5245404,0.5292177,-1.2470077,-0.546681,1.0649203,0.556587,0.05315564,0.2580576,0.13910335,-0.44537377,0.82823735,0.94784516,-0.28834763,0.41099876,-0.4934947,0.19588439,0.7353452,0.44024715,0.09686479,0.74188113,-0.9737235,-0.24390319,0.7989073,0.11189747,0.18077001,-0.23548815,-0.86408293,-0.121435866,0.7003779,0.77260005,-0.505913,-0.12641953,-0.45011234,-0.37821692,0.7444955,0.05675041,0.1313419,0.766636,0.08689747,0.46557394,-0.024050245,0.64049226,-0.76449144,-0.036877044,-0.34610906,-0.38164827,0.719087,-0.08360907,-0.10713848,0.54212624,0.2953942,0.28126022,0.62415236,0.052583743,0.22586806,-0.019148285,0.5964563,0.08599877,-0.089981616,-0.5162888,-0.031076388,0.31688112,-0.76073325,-0.28189337,0.7893484,0.07938113,0.30331904,0.30168504,0.71140724,-0.6425143,0.2961295,-0.31007966,-0.060243055,-0.6286254,-0.26342934,-0.0012561275,-0.93597835,-0.8706189,-0.115390114,-1.029279,-0.22061887,-0.19333129,-1.1264195,-0.23140319,0.20683211,-0.2795241,0.17733864,0.83060664,0.18085171,-0.3642463,0.3472733,-0.7424326,-0.45256332,0.719087,0.8167994,-1.0413705,0.97268176,-1.0502757,0.030933416,-0.0548509,0.609038,-0.22527574,-0.7964359,0.0326491,-0.7786254,0.062224265,1.3400837,0.654953,-0.6874489,0.35242033,0.722355,0.05274714,-0.78589666,0.27897263,-0.5760927,0.09686479,0.6078125,0.22390728,0.25070465,0.8386949,-1.0613868,0.35380924,-0.047906455,-0.41547182,0.10029616,0.21418504,0.5213746,0.64923406,0.0016033497,-0.18720384,0.6087929,-0.04708946,0.9994792,-0.42543912,0.39155433,-0.77543914,-0.98614174,0.6075674,0.17791054,-0.22854371,0.17358047,-0.72225285,-0.42233455,-0.09708946,0.047109887,-0.04349469,-0.26155025,-0.2432496,-0.0067299837,0.17643996,0.33199552,-0.18565156,-0.0040339055,0.42431578,0.9185968,0.2696589,-0.8730699,0.1703125,-0.122743055,-0.03132149,-0.11882149,0.73795956,0.1938419,0.5892668,0.38967526,-0.7664522,0.19947916,-0.111468546,0.234038,0.7586295,-0.4029718,0.13183211,0.32292688,-0.15387051,-0.1671875,0.90225697,0.112387665,0.24376021,-0.19578227,-0.23597835,-0.39422998,0.18199551,-0.76293916,-0.04610907,-0.21857639,0.52341706,-0.30354372,-0.17429534,-0.8648182,0.12897263,-0.1166156,-0.31489992,0.9845282,-0.043984886,-0.40901756,1.0847733,0.329953,-0.10844567,0.32750204,0.40348244,0.8304432,0.019658905,-0.25125614,0.14049225,-0.1799326,-0.33891952,-0.38908294,-0.88581496,0.6154922,-0.3179228,0.9051981,-0.43385416,0.48142362,-0.19472018,-0.45591298,0.022436682,-0.03622345,-0.8154718,-0.27421364,0.3315053,-0.37004697,0.17880923,0.59743667,-0.015390114,-0.2294424,0.108057596,0.05397263,0.11418505,0.1935151,0.22276348,-0.4765829,-0.5552594,0.12660335,0.3864073,0.3580576,0.27782884,-0.89431167,-0.14594567,0.024560867,0.6744792,-0.768413,-0.38336396,-0.04725286,0.132404,0.533221,0.41541055,0.02545956,0.6556066,-0.19896854,-0.021680964,0.32864583,0.35062295,-0.08083129,0.22072099,-0.15705678,-0.47135416,0.56328636,-0.32584763,-0.368413,-0.18434437,0.4431883,0.20421773,-0.35027573,-0.53287375,0.17733864,0.24212623,0.52341706,-0.8033803,-0.6180862,0.544087,-0.010079657,0.57652164,-0.09521037,0.2922896,0.21532884,0.12496936,-0.11931168,0.45331904,-0.25011232,0.39637458,-0.56980187,0.61312294,-0.09872345,-0.59749794,-0.4698836,-0.5976614,0.23027982,-0.21359272,0.39122754,0.0325674,-0.49700776,0.17799224,-0.46269405,0.28877655,0.7917994,0.04939747,-0.5923509,-1.0496222,-0.9671058,-0.3795241,0.16067198,0.3691687,-0.076419525,-0.30003065,0.2443321,0.3216197,0.10920139,-0.09030841,0.73918504,0.21753472,-0.40820056,-0.10811887,-0.24790646,-0.43614176,1.4038092,-0.06857639,-0.33883783,0.5513582,-0.32176265,-0.2663705,-0.25256333,0.21279617,0.19588439,0.11663603,0.6203125,-0.14839666,0.020966094,0.89817196,0.0699857,0.10462622,1.1585478,1.039185,-0.41996527,0.00903799,0.03526348,0.86696285,-0.36645222,0.2701491,0.044822305,0.08542688,-0.07200776,-0.048069853,-0.2414522,-0.040063318,0.06492034,0.066799425,0.36802492,-0.0545241,0.122354984,-0.26563522,-0.4412888,-0.88524306,0.54694647,-0.22764501,0.26246935,-0.28099468,-0.8269097,0.003073938,-0.5948019,-0.5149816,-0.42364174,0.2454759,0.002338644,0.58142364,-0.2675143,-0.9695568,0.31018177,0.695721,0.44179943,0.40732232,0.47742033,0.2187602,0.46827,0.07733864,0.16238767,0.38943014,-0.1306679,0.14751838,-0.23802084,-0.43736723,0.21083538,0.39065564,0.37970793,-0.077971816,-0.1423509,0.52341706,0.7081393,0.09964257,0.52938116,0.42390728,0.57505107,0.28640726,0.49572098,0.12153799,0.009691585,-0.14357638,-0.010814951,0.070721,0.44351512,0.2705576,-0.3176777,0.21287785,-0.16391952,-0.18728554,0.8413909,0.10928309,0.32627654,-0.1921875,0.64898896,-0.20117442,0.3321589,0.08616217,0.36222425,0.7093648,-0.17233455,0.42603144,-0.23981822,-0.28556985,-0.79700774,-0.15852737,0.29065564,0.061162174,0.3605086,-0.25190973,-0.13360907,0.1438419,-0.36138684,-0.52650124,-0.30926266,0.29212624,-0.491779,0.12137459,0.021783087,-0.13981822,0.04049224,-0.10133783,0.9766033,-0.060406454,0.20217524,-0.2826287,-0.6032169,-0.38532475,0.093760215,-0.20248161,0.7388582,-0.5550143,-0.290962,0.43559027,0.10699551,-0.3544424,0.088694856,-0.68785745,0.40045956,-0.48197508,-0.090553515,0.20585172,-0.4570568,0.27578637,-0.09422998,-0.071762666,-0.5180045,-1.0638379,0.44008374,-0.20885417,-0.19422999,-0.27208945,-0.6508476,-0.22584763,-0.28957313,0.10527982,0.5866524,-0.043086194,0.17260008,-0.27225286,0.028073939,-0.10133783,-0.3806679,-0.7412888,0.28926674,-0.21081495,0.9842831,0.1828942,-0.049295343,0.14768179,0.18632556,-0.023805147,-0.26547182,0.12341707,0.7458027,0.2931883,0.56304127,0.5080576,0.22807394,0.12962623,-0.20795548,-0.31016135,-0.9156352,0.19130923,0.4576491,-0.15239991,-0.6089359,0.6455576,-0.5616319,0.544087,-0.04856005,-0.20248161,-0.10150123,-0.016288808,-0.26138684,0.621538,0.27872753,0.076439954,-0.23663194,0.43534517,-0.06408293,0.07145629,0.7198223,-0.86244893,0.35250205,0.58036155,-0.54463845,0.7092014,0.15094976,0.3556883,0.5631229,-0.2922692,-0.57372344,-0.39888686,0.17096609,-0.048233252,-0.17764501,0.44841707,-0.088674426,-0.40754697,0.039920345,0.2573223,0.47456086,-0.15640318,0.32987133,-0.11465482,-0.084180966,-0.47674632,-0.005586193,0.4566687,-0.3448836,0.15609682,-0.5037888,-0.46980187,-0.37429535,0.2835478,0.4586295,-0.26277575,0.26189747,0.29792687,0.60029614,-0.0055044936,0.16010009,-0.74978554,0.08673407,-0.017595997,0.37880924,0.18036152,-0.502645,0.50952816,-0.39128882,0.21230596,0.26622754,0.076439954,-0.2684947,-0.1797692,-0.08655024,0.61532885,-0.18140319,-0.2419424,0.05299224,0.6314236,0.04915237,-0.022661356,-0.47356004,0.6165543,-0.48336396,0.359855,0.012632761,0.115737334,0.31720793,-0.15542279,-0.6711091,-0.28393587,-0.5455372,0.15478963,0.09474061,-0.20027573,-0.10043913,0.23003472,0.23763277,0.61769813,-0.14741626,0.16524714,-0.3671875,0.17545956,0.5288909,0.03771446,-0.2671058,0.4819138,-0.5582006,0.4705576,0.20274714,-0.047988154,0.15045956,-0.3175143,-0.33189338,-0.19700776,5.1062092e-05,0.1708027,-0.03622345,0.13011642,-0.30803716,0.295721,0.038449753,-0.40133783,0.07578636,0.56377655,0.3328125,0.7189236,-0.13271038,-0.351828,-0.58099467,0.15993668,0.24727328,0.9511949,-0.06637051,0.51304126,0.58460987,-0.3424326,0.25470793,0.015737336,-0.0921875,0.4484988,-0.05730188,-0.2424326,-0.8655535,0.74751836,-0.10583129,-0.4657169,-0.22249795,-0.4314032,-0.022743056,0.22970793,-0.3391646,0.13027982,0.13542688,0.1959661,-0.10329861,-0.40787378,-0.5448019,-0.33932802,-0.08581495,-0.15427901,-0.47061887,0.66181576,0.67889094,-0.6195568,-0.4555862,0.043841913,-0.38916463,-0.52217114,-0.10003064,-0.06204044,0.5510315,0.2194138,-0.41506332,-0.750194,0.23420139,0.04073734,-0.47200775,-0.6801777,0.08918505,-0.65762866,-0.31408292,0.033057597,-0.019148285,0.29139093,-0.037857436,0.16189747,-0.9390012,0.034446485,-0.12266136,-0.5432496,-0.04619077,0.21050858,0.18934844,-0.49455678,-0.65918094,-0.24537377,-0.11056985,0.582404,0.18616217,-0.16171364,0.33910334,-0.6810764,0.8138583,0.7100184,0.28379288,-0.054197304,-0.76081496,-0.72200775,0.83640724,-0.9128574,0.0324857,0.3068321,0.006341912,0.28060663,0.24637459,-0.18940972,-0.7525633,0.53951186,-0.021762663,0.60062295,0.7609988,-0.35820058,-0.13622345,0.42978963,0.18910335,0.6104269,0.25209355,-0.0029718138,-0.0028901144,0.5067504,0.2951491,0.29000205,0.014838643,-0.18998162,-0.533364,-0.18981822,0.052011847,-0.3668607,-0.0797692,0.2687602,0.10544322,0.20527983,0.004462827,-0.073233254,0.6138582,-0.08973652,-0.61016136,-0.3183313,-0.08426266,-0.35550448,-0.39570057,0.20274714,0.7208844,-0.203462,0.8200674,0.113694854,0.47358048,-0.24390319,-0.111631945,0.44261643,-0.47102737,0.49980596,-1.1918607,-0.39382148,0.16475694,-0.045046978,-0.30313522,-0.10926266,-0.1562398,0.40944648,-0.26481822,0.010671977,-0.06849469,-0.23998162,0.56777984,-0.23949142,-0.1307496,-0.4662888,-0.11571691,0.48820466,0.10871119,-0.051909722,-0.6821385,-0.29512867,0.25405434,-0.1282169,-0.22617443,-0.65820056,0.09768178,0.6583027,-0.10754698,-0.27650124,1.0377145,-1.0338541,0.1310151,-0.056566585,0.60054123,0.6641033,-0.080177695,-0.46244892,-0.0672692,-1.1686581,-0.73401755,0.2967014,-0.16024305,-0.028053513,0.028319037,-0.018903187,0.41867852,0.46083537,0.5029922,0.26590073,0.6044628,-0.3029718,0.046129495,-0.18328227,-0.7800143,-0.29594567,-0.20885417,-0.51228553,-0.44676265,-0.31400123,0.19277982,-0.19888684,0.43992034,0.115737334,-0.27380514,0.123662174,0.41099876,-0.03213848,-0.5777267,-0.23581494,-0.815962,0.8865707,-0.6394097,0.3574857,0.36402166,-0.29455677,-0.6184947,0.07929943,0.052665442,0.23722427,-0.50836396,-0.37110907,-0.10084763,0.61541057,-0.19921364,0.3592014,0.69359684,0.12153799,0.13902165,-0.3059947,0.15103145,0.10233864,-0.10174632,0.62766546,0.20021446,-0.0421058,-0.6802594,-0.23442607,0.072273284,-0.8170241,-0.14782475,0.017126225,0.02415237,-0.04578227,0.009446487,0.5574857,-0.077971816,0.8732537,0.11900531,-0.12241626,0.03763276,0.31238768,-0.08238358,-0.47200775,-0.30084762,-0.37584764,-0.10068423,-0.49561888,-0.27413195,-0.055586193,-0.27127248,0.5150021,0.18379289,-0.23597835,-0.5406352,0.23902164,-0.5421058,0.16696283,0.11908701,-0.13744894,0.2951491,0.22872753,0.04310662,0.5329759,0.42464256,0.1459661,-0.041942403,-0.60673,0.53077,0.48779616,-0.3082823,0.0708844,0.051031455,0.194904,-0.52323323,-0.1800143,-0.12078227,0.02268178,0.6960478,-0.29888684,0.26230597,-0.09798815,0.6263583,0.8060968,0.9959661,-0.28614175,0.2591197,-0.019393383,0.319904,-0.107465275,-0.16187704,-0.062367238,0.5583844,-0.19112541,-0.86465484,-0.09643587,-0.2063215,0.051439952,0.4800347,-0.14766136,0.16206087,0.37480596,0.3587929,0.7372243,-0.1939032,-0.9657986,0.06467524,-0.13875613,-0.38556984,0.13469158,0.23003472,-0.532547,-0.1537888,-0.76269406,0.0710478,-0.16808619,-0.120863974,0.30242035,-0.32707313,0.55005103,0.13518178,-0.1434947,-0.024948938,0.27742034,-0.6604065,-0.43083128,-0.23524305,0.34719157,-0.22429535,0.049969364,-0.08744894,0.3093648,0.6237439,-0.06489992,-0.08254698,-0.37731823,0.82464254,-0.33973652,-0.033118874,0.37529615,-0.13360907,0.36492035,0.13036151,-0.7061581,-0.38197508,0.5297896,0.84923404,0.44228962,-0.31220385,0.108629495,0.18608047,0.52774715,1.19327,-1.7725797,-1.7783803,-0.23712213,-0.815962,-0.69504696,-0.5482333,-0.17045547,1.6099367,0.24286152,-0.24431169,0.011080474,-0.13050449,0.47676674,-0.5390012,-0.27388686,0.92921776,-1.2074653,1.0310152,-1.3630208,-0.2927594,0.40250203,-0.4171058,0.8112439,-0.0545241,0.3605086,-1.497743,0.3185968,-1.3621222,-1.1375307,0.13126022,0.18501838,-0.657547,1.5929432,-0.70280844,0.68681574,-0.317596,-0.6196385,-1.5088542,-0.9433313,-0.42535743,0.8798713,0.12807393,-1.5791973,0.91876024,-0.13344567,-1.1432496,0.75233865,0.42333537,0.20446283,-0.0143280225,-1.6728247,1.0914726,-0.66106004,-0.96882147,-0.29406658,0.080770016,1.229708,-0.27584764,-0.10762867,-0.7811581,0.20552492,0.40405434,-0.47192606,0.6870609,0.43812296,-0.78507966,-1.1356516,-0.21171364,0.020475898,-0.23728554,-0.09112541,-1.4017463,0.35389093,0.87921774,-0.029115604,1.3641851,0.58510005,0.89817196,0.4709661,1.252257,0.5070772,-0.6640012,-1.4922692,-0.21931168,0.5502962,0.19849877,-1.1971712,0.819904,0.9351001,0.87407064,0.6368158,-0.5047692,-0.7679228,-0.33704045,-0.5728248,0.12643994,1.3439236,-0.39659926,0.3947406,1.057159,0.8931883,-1.2323018,0.01402165,1.3390217,0.14106414,-1.3574653,-0.9742953,0.19988766,1.1094465,1.004953,0.19179943,-0.9574653,-0.26146856,0.90438116,-0.29872346,-0.5803411,-1.3029718,-0.96114177,
1,1,0,0,0,0,0,0,0,0,0,0,0,0,0,0,0,0,0,0,0,0,0,0,0,0,0,0,0,0,0,0,0,0,0,0,0,0,0,0,0,0,0,0,0,0,0,0,0,0,0,0,0,0,0,0,0,0,0,0,0,0,0,0,0,0,0,0,0,0,0,0,0,0,0,0,0,0,0,0,0,0,0,0,0,0,0,0,0,0,0,0,0,0,0,0,0,0,0,0,0,0,0,0,0,0,0,0,0,0,0,0,0,0,0,0,0,0,0,0,0,0,0,0,0,0,0,0,0,0,0,0,0,0,0,0,0,0,0,0,0,0,0,0,0,0,0,0,0,0,0,0,0,0,0,0,0,0,0,0,0,0,0,0,0,0,0,0,0,0,0,0,0,0,0,0,0,0,0,0,0,0,0,0,0,0,0,0,0,0,0,0,0,0,0,0,0,0,0,0,0,0,0,0,0,0,0,0,0,0,0,0,0,0,0,0,0,0,0,0,0,0,0,0,0,0,0,0,0,0,0,0,0,0,0,0,0,0,0,0,0,0,0,0,0,0,0,0,0,0,0,0,0,0,0,0,0,0,0,0,0,0,0,0,0,0,0,0,0,0,0,0,0,0,0,0,0,0,0,0,0,0,0,0,0,0,0,0,0,0,0,0,0,0,0,0,0,0,0,0,0,0,0,0,0,0,0,0,0,0,0,0,0,0,0,0,0,0,0,0,0,0,0,0,0,0,0,0,0,0,0,0,0,0,0,0,0,0,0,0,0,0,0,0,0,0,0,0,0,0,0,0,0,0,0,0,0,0,0,0,0,0,0,0,0,0,0,0,0,0,0,0,0,0,0,0,0,0,0,0,0,0,0,0,0,0,0,0,0,0,0,0,0,0,0,0,0,0,0,0,0,0,0,0,0,0,0,0,0,0,0,0,0,0,0,0,0,0,0,0,0,0,0,0,0,0,0,0,0,0,0,0,0,0,0,0,0,0,0,0,0,0,0,0,0,0,0,0,0,0,0,0,0,0,0,0,0,0,0,0,0,0,0,0,0,0,0,0,0,0,0,0,0,0,0,0,0,0,0,0,0,0,0,0,0,0,0,0,0,0,0,0,0,0,0,0,0,0,0,0,0,0,0,0,0,0,0,0,0,0,0,0,0,0,0,0,0,0,0,0,0,0,0,0,0,0,0,0,0,0,0,0,0,0,0,0,0,0,0,0,0,0,0,0,0,0,0,0,0,0,0,0,0,0,0,0,0,0,0,0,0,0,0,0,0,0,0,0,0,0,0,0,0,0,0,0,0,0,0,0,0,0,0,0,0,0,0,0,0,0,0,0,0,0,0,0,0,0,0,0,0,0,0,0,0,0,0,0,0,0,0,0,0,0,0,0,0,0,0,0,0,0,0,0,0,0,0,0,0,0,0,0,0,0,0,0,0,0,0,0,0,0,0,0,0,0,0,0,0,0,0,0,0,0,0,0,0,0,0,0,0,0,0,0,0,0,0,0,0,0,0,0,0,0,0,0,0,0,0,0,0,0,0,0,0,0,0,0,0,0,0,0,0,0,0,0,0,0,0,0,0,0,0,0,0,0,0,0,0,0,0,0,0,0,0,0,0,0,0,0,0,0,0,0,0,0,0,0,0,0,0,0,0,0,0,0,0,0,0,0,0,0,0,0,0,0,0,0,0,0,0,0,0,0,0,0,0,0,0,0,0,0,0,0,0,0,0,0,0,0,0,0,0,0,0,0,0,0,0,0,0,0,0,0,0,0,0,0,0,0,0,0,0,0,0,0,0,0,0,0,0,0,0,0,0,0,0,0,0,0,0,0,0,0,0,0,0,0,0,0,0,0,0,0,0,0,0,0,0,0,0,0,0,0,0,0,0,0,0,0,0,0,0,0,0,0,0,0,0,0,0,0,0,0,0,0,0,0,0,0,0,0,0,0,0,0,0,0,0,0,0,0,0,0,0,0,0,0,0,0,0,0,0,0,0,0,0,0,0,0,0,0,0,0,0,0,0,0,0,0,0,0,0,0,0,0,0,0,0,0,0,0,0,0,0,0,0,0,0,0,0,0,0,0,0,0,0,0,0,0,0,0,0,0,0,0,0,0,0,0,0,0,0,0,0,0,0,0,0,0,0,0,0,0,0,0,0,0,0,0,0,0,0,0,0,0,0,0,0,0,0,0,0,0,0,0,0,0,0,0,0,0,0,0,0,0,0,0,0,0,0,0,0,0,0,0,0,0,0,0,0,0,0,0,0,0,0,0,0,0,0,0,0,0,0,0,0,0,0,0,0,0,0,0,0,0,0,0,0,0,0,0,0,0,0,0,0,0,0,0,0,0,0,0,0,0,0,0,0,0,0,0,0,0,0,0,0,0,0,0,0,0,0,0,0,0,0,0,0,0,0,0,0,0,0,0,0,0,0,0,0,0,0,0,0,0,0,0,0,0,0,0,0,0,0,0,0,0,0,0,0,0,0,0,0,0,0,0,0,0,0,0,0,0,0,0,0,0,0,0,0,0,0,0,0,0,0,0,0,0,0,0,0,0,0,0,0,0,0,0,0,0,0,0,0,0,0,0,0,0,0,0,0,0,0,0,0,0,0,0,0,0,0,0,0,0,0,0,0,0,0,0,0,0,0,0,0,0,0,0,0,0,0,0,0,0,0,0,0,0,0,0,0,0,0,0,0,0,0,0,0,0,0,0,0,0,0,0,0,0,0,0,0,0,0,0,0,0,0,0,0,0,0,0,0,0,0,0,0,0,0,0,0,0,0,0,0,0,0,0,0,0,0,0,0,0,0,0,0,0,0,0,0,0,0,0,0,0,0,0,0,0,0,0,0,0,0,0,0,0,0,0,0,0,0,0,0,0,0,0,0,0,0,0,0,0,0,0,0,0,0,0,0,0,0,0,0,0,0,0,0,0,0,0,0,0,0,0,0,0,0,0,0,0,0,0,0,0,0,0,0,0,0,0,0,0,0,0,0,0,0,0,0,0,0,0,0,0,0,0,0,0,0,0,0,0,0,0,0,0,0,0,0,0,0,0,0,0,0,0,0,0,0,0,0,0,0,0,0,0,0,0,0,0,0,0,0,0,0,0,0,0,0,0,0,0,0,0,0,0,0,0,0,0,0,0,0,0,0,0,0,0,0,0,0,0,0,0,0,0,0,0,0,0,0,0,0,0,0,0,0,0,0,0,0,0,0,0,0,0,0,0,0,0,0,0,0,0,0,0,0,0,0,0,0,0,0,0,0,0,0,0,0,0,0,0,0,0,0,0,0,0,0,0,0,0,0,0,0,0,0,0,0,0,0,0,0,0,0,0,0,0,0,0,0,0,0,0,0,0,0,0,0,0,0,0,0,0,0,0,0,0,0,0,0,0,0,0,0,0,0,0,0,0,0,0,0,0,0,0,0,0,0,0,0,0,0,0,0,0,0,0,0,0,0,0,0,0,0,0,0,0,0,0,0,0,0,0,0,0,0,0,0,0,0,0,0,0,0,0,0,0,0,0,0,0,0,0,0,0,0,0,0,0,0,0,0,0,0,0,0,0,0,0,0,0,0,0,0,0,0,0,0,0,0,0,0,0,0,0,0,0,0,0,0,0,0,0,0,0,0,0,0,0,0,0,0,0,0,0,0,0,0,0,0,0,0,0,0,0,0,0,0,0,0,0,0,0,0,0,0,0,0,0,0,0,0,0,0,0,0,0,0,0,0,0,0,0,0,0,0,0,0,0,0,0,0,0,0,0,0,0,0,0,0,0,0,0,0,0,0,0,0,0,0,0,0,0,0,0,0,0,0,0,0,0,0,0,0,0,0,0,0,0,0,0,0,0,0,0,0,0,0,0,0,0,0,0,0,0,0,0,0,0,0,0,0,0,0,0,0,0,0,0,0,0,0,0,0,0,0,0,0,0,0,0,0,0,0,0,0,0,0,0,0,0,0,0,0,0,0,0,0,0,0,0,0,0,0,0,0,0,0,0,0,0,0,0,0,0,0,0,0,0,0,0,0,0,0,0,0,0,0,0,0,0,0,0,0,0,0,0,0,0,0,0,0,0,0,0,0,0,0,0,0,0,0,0,0,0,0,0,0,0,0,0,0,0,0,0,0,0,0,0,0,0,0,0,0,0,0,0,0,0,0,0,0,0,0,0,0,0,0,0,0,0,0,0,0,0,0,0,0,0,0,0,0,0,0,0,0,0,0,0,0,0,0,0,0,0,0,0,0,0,0,0,0,0,0,0,0,0,0,0,0,0,0,0,0,0,0,0,0,0,0,0,0,0,0,0,0,0,0,0,0,0,0,0,0,0,0,0,0,0,0,0,0,0,0,0,0,0,0,0,0,0,0,0,0,0,0,0,0,0,0,0,0,0,0,0,0,0,0,0,0,0,0,0,0,0,0,0,0,0,0,0,0,0,0,0,0,0,0,0,0,0,0,0,0,0,0,0,0,0,0,0,0,0,0,0,0,0,0,0,0,0,0,0,0,0,0,0,0,0,0,0,0,0,0,0,0,0,0,0,0,0,0,0,0,0,0,0,0,0,0,0,0,0,0,0,0,0,0,0,0,0,0,0,0,0,0,0,0,0,0,0,0,0,0,0,0,0,0,0,0,0,0,0,0,0,0,0,0,0,0,0,0,0,0,0,0,0,0,0,0,0,0,0,0,0,0,0,0,0,0,0,0,0,0,0,0,0,0,0,0,0,0,0,0,0,0,0,0,0,0,0,0,0,0,0,0,0,0,0,0,0,0,0,0,0,0,0,0,0,0,0,0,0,0,0,0,0,0,0,0,0,0,0,0,0,0,0,0,0,0,0,0,0,0,0,0,0,0,0,0,0,0,0,0,0,0,0,0,1,0,0,0,0,0,0,0,0,0,0,0,0,0,0,0,0,0,0,0,0,0,0,0,0,0,0,0,0,0,0,0,0,0,0,0,0,0,0,0,0,0,0,0,0,0,0,0,0,0,0,0,0,0,0,0,0,0,0,0,0,0,0,0,0,0,0,0,0,0,0,0,0,0,0,0,0,0,0,0,0,0,0,0,0,0,0,0,0,0,0,0,0,0,0,0,0,0,0,0,0,0,0,0,0,0,0,0,0,0,0,0,0,0,0,0,0,0,0,0,0,0,0,0,0,0,0,0,0,0,0,0,0,0,0,0,0,0,0,0,0,0,0,0,0,0,0,0,0,0,0,0,0,0,0,0,0,0,0,0,0,0,0,0,0,0,0,0,0,0,0,0,0,0,0,0,0,0,0,0,0,0,0,0,0,0,0,0,0,0,0,0,0,0,0,0,0,0,0,0,0,0,0,0,0,0,0,0,0,0,0,0,0,0,0,0,0,0,0,0,0,0,0,0,0,0,0,0,0,0,0,0,0,0,0,0,0,0,0,0,0,0,0,0,0,0,0,0,0,0,0,0,0,0,0,0,0,0,0,0,0,0,0,0,0,0,0,0,0,0,0,0,0,0,0,0,0,0,0,0,0,0,0,0,0,0,0,0,0,0,0,0,0,0,0,0,0,0,0,0,0,0,0,0,0,0,0,0,0,0,0,0,0,0,0,0,0,0,0,0,0,0,0,0,0,0,0,0,0,0,0,0,0,0,0,0,0,0,0,0,0,0,0,0,0,0,0,0,0,0,0,0,0,0,0,0,0,0,0,0,0,0,0,0,0,0,0,0,0,0,0,0,0,0,0,0,0,0,0,0,0,0,0,0,0,0,0,0,0,0,0,0,0,0,0,0,0,0,0,0,0,0,0,0,0,0,0,0,0,0,0,0,0,0,0,0,0,0,0,0,0,0,0,0,0,0,0,0,0,0,0,0,0,0,0,0,0,0,0,0,0,0,0,0,0,0,0,0,0,0,0,0,0,0,0,0,0,0,0,0,0,0,0,0,0,0,0,0,0,0,0,0,0,0,0,0,0,0,0,0,0,0,0,0,0,0,0,0,0,0,0,0,0,0,0,0,0,0,0,0,0,0,0,0,0,0,0,0,0,0,0,0,0,0,0,0,0,0,0,0,0,0,0,0,0,0,0,0,0,0,0,0,0,0,0,0,0,0,0,0,0,0,0,0,0,0,0,0,0,0,0,0,0,0,0,0,0,0,0,0,0,0,0,0,0,0,0,0,0,0,0,0,0,0,0,0,0,0,0,0,0,0,0,0,0,0,0,0,0,0,0,0,0,0,0,0,0,0,0,0,0,0,0,0,0,0,0,0,0,0,0,0,0,0,0,0,0,0,0,0,0,0,0,0,0,0,0,0,0,0,0,0,0,0,0,0,0,0,0,0,0,0,0,0,0,0,0,0,0,0,0,0,0,0,0,0,0,0,0,0,0,0,0,0,0,0,0,0,0,0,0,0,0,0,0,0,0,0,0,0,0,0,0,0,0,0,0,0,0,0,0,0,0,0,0,0,0,0,0,0,0,0,0,0,0,0,0,0,0,0,0,0,0,0,0,0,0,0,0,0,0,0,0,0,0,0,0,0,0,0,0,0,0,0,0,0,0,0,0,0,0,0,0,0,0,0,0,0,0,0,0,0,0,0,0,0,0,0,0,0,0,0,0,0,0,0,0,0,0,0,0,0,0,0,0,0,0,0,0,0,0,0,0,0,0,0,0,0,0,0,0,0,0,0,0,0,0,0,0,0,0,0,0,0,0,0,0,0,0,0,0,0,0,0,0,0,0,0,0,0,0,0,0,0,0,0,0,0,0,0,0,0,0,0,0,0,0,0,0,0,0,0,0,0,0,0,0,0,0,0,0,0,0,0,0,0,0,0,0,0,0,0,0,0,0,0,0,0,0,0,0,0,0,0,0,0,0,0,0,0,0,0,0,0,0,0,0,0,0,0,0,0,0,0,0,0,0,0,0,0,0,0,0,0,0,0,0,0,0,0,0,0,0,0,0,0,0,0,0,0,0,0,0,0,0,0,0,0,0,0,0,0,0,0,0,0,0,0,0,0,0,0,0,0,0,0,0,0,0,0,0,0,0,0,0,0,0,0,0,0,0,0,0,0,0,0,0,0,0,0,0,0,0,0,0,0,0,0,0,0,0,0,0,0,0,0,0,0,0,0,0,0,0,0,0,0,0,0,0,0,0,0,0,0,0,0,0,0,0,0,0,0,0,0,0,0,0,0,0,0,0,0,0,0,0,0,0,0,0,0,0,0,0,0,0,0,0,0,0,0,0,0,0,0,0,0,0,0,0,0,0,0,0,0,0,0,0,0,0,0,0,0,0,0,0,0,0,0,0,0,0,0,0,0,0,0,0,0,0,0,0,0,0,0,0,0,0,0,0,0,0,0,0,0,0,0,0,0,0,0,0,0,0,0,0,0,0,0,0,0,0,0,0,0,0,0,0,0,0,0,0,0,0,0,0,0,0,0,0,0,0,0,0,0,0,0,0,0,0,0,0,0,0,0,0,0,0,0,0,0,0,0,0,0,0,0,0,0,0,0,0,0,0,0,0,0,0,0,0,0,0,0,0,0,0,0,0,0,0,0,0,0,0,0,0,0,0,0,0,0,0,0,0,0,0,0,0,0,0,0,0,0,0,0,0,0,0,0,0,0,0,0,0,0,0,0,0,0,0,0,0,0,0,0,0,0,0,0,0,0,0,0,0,0,0,0,0,0,0,0,0,0,0,0,0,0,0,0,0,0,0,0,0,0,0,0,0,0,0,0,0,0,0,0,0,0,0,0,0,0,0,0,0,0,0,0,0,0,0,0,0,0,0,0,0,0,0,0,0,0,0,0,0,0,0,0,0,0,0,0,0,0,0,0,0,0,0,0,0,0,0,0,0,0,0,0,0,0,0,0,0,0,0,0,0,0,0,0,0,0,0,0,0,0,0,0,0,0,0,0,0,0,0,0,0,0,0,0,0,0,0,0,0,0,0,0,0,0,0,0,0,0,0,0,0,0,0,0,0,0,0,0,0,0,0,0,0,0,0,0,0,0,0,0,0,0,0,0,0,0,0,0,0,0,0,0,0,0,0,0,0,0,0,0,0,0,0,0,0,0,0,0,0,0,0,0,0,0,0,0,0,0,0,0,0,0,0,0,0,0,0,0,0,0,0,0,0,0,0,0,0,0,0,0,0,0,0,0,0,0,0,0,0,0,0,0,0,0,0,0,0,0,0,0,0,0,0,0,0,0,0,0,0,0,0,0,0,0,0,0,0,0,0,0,0,0,0,0,0,0,0,0,0,0,0,0,0,0,0,0,0,0,0,0,0,0,0,0,0,0,0,0,0,0,0,0,0,0,0,0,0,0,0,0,0,0,0,0,0,0,0,0,0,0,0,0,0,0,0,0,0,0,0,0,0,0,0,0,0,0,0,0,0,0,0,0,0,0,0,0,0,0,0,0,0,0,0,0,0,0,0,0,0,0,0,0,0,0,0,0,0,0,0,0,0,0,0,0,0,0,0,0,0,0,0,0,0,0,0,0,0,0,0,0,0,0,0,0,0,0,0,0,0,0,0,0,0,0,0,0,0,0,0,0,0,0,0,0,0,0,0,0,0,0,0,0,0,0,0,0,0,0,0,0,0,0,0,0,0,0,0,0,0,0,0,0,0,0,0,0,0,0,0,0,0,0,0,0,0,0,0,0,0,0,0,0,0,0,0,0,0,0,0,0,0,0,0,0,0,0,0,0,0,0,0,0,0,0,0,0.69379103,-0.41283122,0.47159347,-0.035694715,-0.71153635,0.20433488,-0.25404468,-0.12603877,-0.82444793,0.6517637,0.6539834,-0.41246128,0.17769781,-1.0859352,0.4832842,-0.3795349,-0.31331217,-1.2824576,-0.10657892,-0.14076316,0.67388725,-0.32463294,0.7844311,0.2704836,0.62719834,-0.010537482,-0.25937212,-0.39810684,-0.04457374,0.058496926,-0.46625334,-0.187674,0.031859856,-0.06825113,-0.027851578,0.6899435,0.29356906,-0.5674002,0.68387616,0.4542054,-0.0021024093,-0.15067807,0.110587195,-0.77716714,0.41809738,0.06826385,0.1870208,-0.39100364,-0.08378942,-0.6004746,-0.8157169,0.32915914,0.24606629,0.17444217,-0.54105914,-0.38530627,-0.13610166,-0.20728184,0.07610699,0.19005445,0.5062957,0.44133082,0.033783644,0.0023371023,0.20403892,0.13544846,-0.33558372,0.14536338,0.2705576,0.303262,-0.18197662,-0.33528775,-0.21986045,-0.48874688,-0.36362663,0.13552245,-0.37650123,-0.10591299,0.29201522,-0.017566709,-0.38441837,0.32923314,0.14040591,0.3843571,-0.04590559,0.5202801,-0.09363034,-0.16998994,-0.2930384,-0.32522488,0.045400366,-0.07772209,-0.8077258,0.3933841,0.09756463,-0.17909095,-0.11627185,-0.25434065,0.0012272244,-0.38353044,0.70733154,0.6159516,0.19863752,0.18983248,0.01217802,0.22394273,-0.55652344,-0.012313286,0.17118652,0.65938485,-0.060777955,-0.17960888,0.020983052,0.105333775,0.044734437,-0.015198968,0.39530787,-0.3175297,0.25339147,-0.38419637,-0.28023782,-0.1994387,0.06537817,-0.32737064,0.27188945,0.34469745,0.22275886,0.21868931,0.08535597,-0.3847883,-0.016382838,0.14181176,0.25827494,-0.2685471,-0.14712645,-0.2740965,-0.25589448,0.26426828,-0.120341405,-0.05508058,0.33456054,0.049691893,0.44480842,-0.16370064,0.065304175,0.40374294,0.20529677,0.33012104,0.14099786,0.0044828663,0.0034469801,0.0169135,-0.14165106,0.2823963,-0.54335284,0.3014122,-0.009945546,0.20070928,-0.039246324,0.0141758,0.10881139,-0.24464773,0.19205223,0.35564825,0.3177644,0.041256823,-0.08985676,0.1641573,-0.23525076,-0.07387451,0.12523758,-0.03436286,-0.44990116,-0.044795714,-0.23377092,0.18346918,-0.1893758,0.60359496,-0.2140151,-0.08460333,0.09660273,-0.23924632,-0.24753341,-0.073578544,-0.16621636,0.23481953,0.028974172,-0.044203777,-0.5076888,-0.13728555,-0.32152528,0.48461604,0.088389635,-0.3258168,-0.05700437,0.081730366,-0.0403562,0.121464,0.06219652,0.23407961,0.21713547,-0.41320118,-0.42444795,-0.08238358,0.14802708,0.13123092,0.16245548,0.36756092,-0.0030643037,-0.12226519,-0.16066697,0.1077755,0.07270336,0.004556858,-0.24886526,-0.11967548,-0.31863958,0.248656,0.22645845,-0.33284602,0.157794,-0.24294591,0.66826385,0.22564454,-0.18441835,0.23282175,-0.3049511,-0.052490868,0.0841721,-0.11420008,-0.10990855,0.20973629,-0.16540244,0.0106981825,0.10725756,-0.20461813,-0.035620723,0.08831564,0.002559078,-0.11553193,-0.3195275,-0.07639024,-0.18256857,0.4150637,0.11532267,-0.13558373,-0.5895238,-0.46462554,-0.06691928,0.17370225,0.20625867,-0.024004,0.17510809,-0.3687321,-0.91886157,0.124867626,-0.09303841,-0.25064108,-0.21157336,0.06648804,-0.015568928,0.21439777,-0.06173985,0.07262937,0.042588674,-0.15874317,0.15002486,0.16489722,0.18028753,-0.05937211,-0.15045609,0.148841,-0.0038042222,0.14018394,-0.23902434,0.02534857,-0.015198968,0.13692829,0.055685233,0.3376682,-0.070988834,0.077734806,0.22224091,-0.04191003,-0.015790904,-0.13846941,0.31376883,-0.39818084,-0.067511216,0.15801598,0.10636966,-0.053304777,-0.15607947,-0.27024892,0.1823593,-0.5822726,-0.17006393,0.11095715,-0.09348236,-0.06136989,-0.21031551,0.32560754,0.095122896,-0.29429626,-0.029849358,0.35801598,-0.22148828,0.15816396,0.0007832732,-0.29622006,-0.12988636,0.033117715,-0.08208761,-0.24368584,0.038741097,-0.23377092,0.20389093,0.05753503,0.18805668,-0.051972922,-0.15511757,0.5899805,-0.28534326,-0.39270544,-0.34882826,-0.20365624,-0.14438877,0.04562234,0.07351727,-0.078979954,-0.1576333,-0.2713588,0.27973258,-0.20417418,0.1277533,-0.1249289,0.45361346,0.3023741,-0.2285915,-0.050271112,0.21602559,-0.15149197,0.0496179,0.038667105,0.38036153,0.102226116,0.04036892,-0.24627554,-0.15570952,0.14225571,-0.41275725,0.06730196,-0.025557829,0.28298822,0.26523018,0.12634747,0.046584234,0.20766452,0.12804927,0.1987855,0.26833785,0.16082767,0.16267747,0.12028013,0.18117543,0.19619578,-0.0757983,-0.23280904,-0.20424818,0.057387047,0.18679881,-0.022154205,0.06515619,-0.11819564,-0.2495312,-0.25707835,0.005000809,-0.0676592,0.06855982,0.15202263,-0.2922245,-0.17657521,-0.46802917,0.07795678,-0.31368214,-0.30273134,-0.037692495,-0.07091484,0.2024111,-0.13166216,-0.07750011,0.08424609,0.09800858,-0.18330848,-0.15770729,0.30910736,0.030971952,-0.12137729,-0.07594629,-0.0058759945,0.21003225,0.6412568,0.25908887,-0.22208022,0.13855612,0.2805465,-0.2385064,0.21313992,0.07085357,0.18021354,0.07803077,-0.024151985,0.0075905244,-0.106060974,0.28653985,0.16911475,0.08409811,-0.11656782,0.27891868,0.2714455,-0.24316789,0.11169707,-0.3557835,-0.4314772,-0.2567084,0.35113475,-0.018454611,0.012547979,0.03563344,0.30133823,0.034671545,-0.009797563,-0.16444056,-0.007799783,0.5358924,-0.25656042,0.01891128,0.046732217,-0.16621636,0.08343218,-0.24760741,0.04554835,-0.026445732,-0.10065957,0.1870208,0.1860589,0.026828408,0.10548176,0.23267376,-0.18989375,-0.15141799,-0.24501769,0.012104028,-0.11923152,-0.17983086,0.01617358,-0.018528603,-0.016604815,0.045770325,-0.433031,0.076402955,-0.16355266,-0.3230051,0.3686708,-0.08933882,-0.27350456,-0.10073356,-0.05744832,0.21062419,-0.5035452,0.10718357,0.38006556,-0.00609797,-0.035250764,0.14588131,-0.0015104745,0.17828974,-0.1821246,-0.28874686,-0.18145868,-0.05056708,-0.118935555,0.20929234,0.06500821,-0.28105173,-0.06173985,-0.24657151,-0.055598523,0.111475095,0.06271446,-0.07483641,0.26878178,0.13374665,-0.22563182,-0.18686008,0.19382803,-0.27002695,-0.19921672,0.26752394,0.16497122,-0.21290523,-0.11834362,-0.1540077,0.07632896,-0.04257596,0.18842663,0.14869301,-0.29622006,0.036151383,-0.07380052,-0.031329196,0.06737595,0.120428115,0.11428679,-0.2375445,0.025940506,0.46367636,-0.0558205,-0.03710056,0.099118456,-0.24006024,0.3259035,0.07884469,-0.33654562,-0.12914644,-0.14512868,0.31635857,0.0009312569,-0.08334547,0.32560754,-0.14475872,-0.2868231,-0.26802915,-0.013423164,0.22231491,0.027050383,0.43208182,-0.17413348,0.037187267,-0.01882457,-0.19144759,0.04318061,-0.35097402,0.38391313,-0.07624225,0.15357646,-0.32825854,-0.21919453,0.104741834,0.12286984,-0.08105172,0.06582212,-0.033400968,-0.016752798,0.25087577,0.09882249,-0.23451084,0.008478426,0.01580362,-0.12063737,0.0064806463,0.0009312569,0.091127336,-0.020896342,-0.11346016,-0.20506208,0.29097936,-0.08556523,-0.28911683,0.339666,0.15557425,0.02890018,-0.11286823,-0.044795714,0.053835437,0.11302893,0.10503781,0.035189487,0.09438298,0.015507653,0.5053338,-0.10043759,0.24525239,0.030749977,-0.1557835,0.3333027,-0.17191373,-0.08060777,-0.05337877,0.030232035,0.0044088745,-0.17561333,-0.025261862,0.105333775,-0.31235027,0.2559072,-0.3886359,-0.16044499,0.106665626,-0.15533955,-0.049975142,-0.038506404,-0.13358594,0.15009885,0.043698553,-0.34668252,0.1278273,-0.10502509,0.091941245,-0.11153637,0.19730565,0.117246464,0.20744254,0.20248508,0.112289004,-0.37065586,0.21543366,0.203225,-0.25996405,0.0678199,-0.1304783,-0.09903175,0.3088114,0.08136041,0.221501,0.44081286,0.19501191,-0.14431477,0.25072777,-0.12818454,0.23015805,-0.11708576,-0.5046551,0.024534661,-0.06721525,-0.048199337,0.366895,0.11339889,0.054427374,0.4041129,0.023498775,-0.16925003,-0.016234854,0.15291055,0.07758682,0.16756094,-0.1548956,0.29926643,0.12619948,-0.09067067,0.4658961,-0.19921672,0.030675985,-0.1739855,0.35416842,-0.039172333,0.12264787,0.2676719,-0.01727074,0.22187096,0.14158979,-0.12707466,-0.28445536,-0.13380793,-0.018676586,0.19937743,-0.1213033,0.025274578,-0.2957021,0.1968617,0.069299735,0.07573703,-0.11819564,-0.09821784,0.044216495,-0.23954229,0.009070362,0.33700228,-0.30243537,0.049025968,0.18901856,-0.0015844663,0.1478051,0.1906464,-0.040874146,0.1387041,0.05746104,-0.01682679,0.081286415,0.080398515,0.1631954,0.02645845,0.09763862,0.3449934,-0.34357485,0.2405909,0.041330814,-0.113608144,-0.10939061,-0.10539505,0.17377624,-0.102509364,0.016025597,-0.21630885,-0.011499376,-0.13735953,-0.2376185,0.05006185,-0.10369323,0.096750714,-0.10465513,-0.21349716,-0.08090374,-0.20373023,0.12975109,0.38102746,0.2024111,-0.0023243849,0.018615311,0.04406851,0.15638816,-0.025853796,-0.4812737,0.15801598,-0.1893758,-0.28608316,0.14595531,-0.1457946,0.10089426,-0.040060233,-0.11383012,-0.15297182,0.13722427,0.32612547,-0.051750947,0.39175627,-0.4019544,-0.11471802,0.1614936,-0.2203784,-0.08423337,0.26530418,0.14543736,-0.036138665,-0.34734842,-0.15334177,-0.11301621,-0.11101843,-0.086971074,0.0141758,0.1704466,-0.12596479,0.0021891186,-0.09836582,-0.08319749,-0.012683245,-0.019490497,-0.4258538,-0.21593888,-0.16347866,0.090609394,-0.004396157,0.33374664,-0.0047661164,0.20403892,-0.124336965,0.15742405,-0.10754081,0.1596438,0.16289943,-0.19966067,-0.20972358,-0.26270175,0.05997676,-0.21616086,-0.12529886,-0.51412606,-0.3005116,-0.20668991,0.23844513,0.3195402,0.027272359,-0.06255376,0.17089055,-0.059668075,0.11036522,0.09497491,0.33352467,0.1614196,0.0032250045,0.022314904,-0.010759457,0.042958632,-0.059816062,-0.010981433,-0.22622375,0.012326003,-0.05500659,0.23763122,0.13633636,0.01854132,-0.07024892,0.21661752,-0.039394308,-0.094074294,-0.09222449,-0.088746876,-0.011721351,0.23985098,0.3686708,-0.0921505,-0.042427972,0.3369283,-0.3930754,0.20574073,-0.1413551,0.14277366,-0.109168634,-0.133142,0.048582014,0.08276626,-0.02718565,-0.17176574,0.21735746,0.1159886,0.08069448,-0.02163626,0.12220392,-0.06270175,-0.086157165,0.21513769,0.14580733,-0.22252417,-0.2814217,0.058570918,0.22571853,-0.0621838,0.16304742,0.13359867,-0.10228739,-0.10191743,0.34025794,-0.18412238,0.095122896,0.2969727,-0.022968113,-0.52700067,0.1068876,0.064490266,0.37917766,0.40729457,-0.018528603,-0.030441292,-0.044795714,-0.22629775,0.091497295,0.027568327,-0.067437224,-0.0339929,-0.016308846,0.19634376,4.3354605e-05,0.21587761,-0.029849358,0.1641573,-0.16799216,-0.020674367,-0.18116271,-0.22703767,0.2887596,-0.078166045,-0.035620723,0.12738335,-0.07698217,0.069299735,-0.2759463,0.28905556,0.09956241,-0.008539701,-0.4621838,-0.11878757,-0.06758521,0.12708738,-0.014755017,0.26989168,0.230528,-0.0012884989,0.10096825,0.2932731,-0.08748902,0.08912955,-0.06906504,-0.19196552,0.03681731,0.00070928136,-0.2440558,-0.16703026,-0.09880977,-0.25323078,-0.14105913,-0.3348438,0.08136041,0.15283655,0.27447918,-0.07653822,0.06937373,-0.039690275,0.15808997,-0.063959606,-0.028739478,-0.15681939,-0.14320488,-0.04782938,0.07388723,0.06323241,-0.19337137,-0.11530995,-0.060481988,0.15616618,-0.32411498,-0.13306801,0.11302893,-0.08889486,-0.060777955,0.07403521,0.15942182,0.004186899,-0.082605556,0.2871318,0.13626237,0.10992127,0.24436449,-0.0046181325,-0.16939801,-0.14512868,-0.18745202,-0.26003805,0.048877984,0.06863381,0.06463825,-0.016974773,-0.07084085,-0.077648096,-0.13780348,-0.033326976,-0.28837693,-0.24412979,-0.016604815,-0.07409649,-0.2494572,0.33071297,0.15949582,-0.25522858,-0.058928158,0.03407961,-0.22844352,0.1704466,0.08905556,-0.17265365,-0.11109242,-0.20299031,-0.3257428,-0.26173985,-0.027111659,-0.3839744,-0.24738543,-0.2830495,-0.030663267,0.12383174,-0.116345845,0.13204484,-0.29370433,0.16045772,-0.18190263,0.073739246,-0.3666603,0.25790498,0.14188576,0.1005243,-0.058040258,0.117690414,-0.27350456,-0.06669731,-0.020230416,-0.09644203,0.3597918,0.19308811,-0.18774799,-0.0303673,0.1478051,-0.06529146,0.11702449,0.03637336,0.09075738,0.046214275,-0.07616826,0.0053707687,-0.0030643037,0.22579253,0.37488613,0.40988427,0.15298453,-0.09155857,-0.12152527,0.022314904,0.07100155,0.10355797,0.05065379,0.11117913,0.100746274,-0.0052840593,-0.35459962,-0.00062257214,0.042144723,0.19301413,0.28261828,-0.14327888,-0.043315876,0.22838224,0.018763296,-0.20239837,-0.09022672,0.24214472,0.0022631104,-0.6822356,0.27884468,-0.8294054,0.39922944,-0.7947772,-1.9566714,0.5870948,-0.8266677,-0.006541921,-0.7221172,-0.15104802,0.03333969,0.39005446,-0.26603138,1.8110682,-0.05101103,-0.16791818,0.2987485,1.2263844,0.7503948,0.45997676,-0.2742445,0.40026534,-0.8028423,-0.4305153,-0.4766862,0.24162678,0.7330067,0.7359664,0.8057407,0.33567044,1.0860219,0.21928124,-1.0714328,0.2969727,0.31569263,-0.09799586,-0.09533215,-0.3749474,-0.06107392,-0.28726703,-0.43110722,0.45220762,-0.24412979,0.52020615,0.26463825,-0.24294591,-0.029775366,1.1725184,0.22002116,-0.22548383,0.6994884,0.99967337,-0.24605358,0.43489352,-0.7067269,-0.040134225,-0.69459224,-1.0123873,-0.35622746,0.36830086,0.24014695,-0.15385972,0.0015231918,-1.0614439,0.2714455,-0.91390413,0.6598288,0.5716305,-0.09548014,0.339518,-0.46906504,-0.97050786,-1.40558,0.70992124,-0.35260186,0.62986207,-0.92078537,0.3068876,-0.39633104,0.6101062,0.6057407,0.7294551,-0.47246867,-0.41660482,-0.08408539,0.0241647,0.033413682,0.993902,0.14010994,0.7862809,0.3141388,0.6204651,-0.33565772,-0.61268324,0.85561126,0.23518948,0.020095149,0.8981566,0.35083878,0.014693743,-0.5769452,-1.1261867,-0.9284805,0.6501358,-0.26218382,0.21018024,-0.48423338,-0.75778127,-0.49429628,0.7205761,-0.45448864,-0.33758152,-0.10813274,-0.34076315,-0.38619417,-0.2913366,-0.122487165,0.5280493,0.43311772,-0.07727814,-0.56961995,-0.25952008,-0.41527295,0.047324155,0.3278273,0.14795308,-0.058706183,
0,0,1,0,0,0,0,1,0,0,0,0,0,0,0,0,0,0,0,0,0,0,0,0,0,0,0,0,0,0,0,0,0,0,0,0,0,0,0,0,0,0,0,0,0,0,0,0,0,0,0,0,0,0,0,0,0,0,0,0,0,0,0,0,0,0,0,0,0,0,0,0,0,0,0,0,0,0,0,0,0,0,0,0,0,0,0,0,0,0,0,0,0,0,0,0,0,0,0,0,0,0,0,0,0,0,0,0,0,0,0,0,0,0,0,0,0,0,0,0,0,0,0,0,0,0,0,0,0,0,0,0,0,0,0,0,0,0,0,0,0,0,0,0,0,0,0,0,0,0,0,0,0,0,0,0,0,0,0,0,0,0,0,0,0,0,0,0,0,0,0,0,0,0,0,0,0,0,0,0,0,0,0,0,0,0,0,0,0,0,0,0,0,0,0,0,0,0,0,0,0,0,0,0,0,0,0,0,0,0,0,0,0,0,0,0,0,0,0,0,0,0,0,0,0,0,0,0,0,0,0,0,0,0,0,0,0,0,0,0,0,0,0,0,0,0,0,0,0,0,0,0,0,0,0,0,0,0,0,0,0,0,0,0,0,0,0,0,0,0,0,0,0,0,0,0,0,0,0,0,0,0,0,0,0,0,0,0,0,0,0,0,0,0,0,0,0,0,0,0,0,0,0,0,0,0,0,0,0,0,0,0,0,0,0,0,0,0,0,0,0,0,0,0,0,0,0,0,0,0,0,0,0,0,0,0,0,0,0,0,0,0,0,0,0,0,0,0,0,0,0,0,0,0,0,0,0,0,0,0,0,0,0,0,0,0,0,0,0,0,0,0,0,0,0,0,0,0,0,0,0,0,0,0,0,0,0,0,0,0,0,0,0,0,0,0,0,0,0,0,0,0,0,0,0,0,0,0,0,0,0,0,0,0,0,0,0,0,0,0,0,0,0,0,0,0,0,0,0,0,0,0,0,0,0,0,0,0,0,0,0,0,0,0,0,0,0,0,0,0,0,0,0,0,0,0,0,0,0,0,0,0,0,0,0,0,0,0,0,0,0,0,0,0,0,0,0,0,0,0,0,0,0,0,0,0,0,0,0,0,0,0,0,0,0,0,0,0,0,0,0,0,0,0,0,0,0,0,0,0,0,0,0,0,0,0,0,0,0,0,0,0,0,0,0,0,0,0,0,0,0,0,0,0,0,0,0,0,0,0,0,0,0,0,0,0,0,0,0,0,0,0,0,0,0,0,0,0,0,0,0,0,0,0,0,0,0,0,0,0,0,0,0,0,0,0,0,0,0,0,0,0,0,0,0,0,0,0,0,0,0,0,0,0,0,0,0,0,0,0,0,0,0,0,0,0,0,0,0,0,0,0,0,0,0,0,0,0,0,0,0,0,0,0,0,0,0,0,0,0,0,0,0,0,0,0,0,0,0,0,0,0,0,0,0,0,0,0,0,0,0,0,0,0,0,0,0,0,0,0,0,0,0,0,0,0,0,0,0,0,0,0,0,0,0,0,0,0,0,0,0,0,0,0,0,0,0,0,0,0,0,0,0,0,0,0,0,0,0,0,0,0,0,0,0,0,0,0,0,0,0,0,0,0,0,0,0,0,0,0,0,0,0,0,0,0,0,0,0,0,0,0,0,0,0,0,0,0,0,0,0,0,0,0,0,0,0,0,0,0,0,0,0,0,0,0,0,0,0,0,0,0,0,0,0,0,0,0,0,0,0,0,0,0,0,0,0,0,0,0,0,0,0,0,0,0,0,0,0,0,0,0,0,0,0,0,0,0,0,0,0,0,0,0,0,0,0,0,0,0,0,0,0,0,0,0,0,0,0,0,0,0,0,0,0,0,0,0,0,0,0,0,0,0,0,0,0,0,0,0,0,0,0,0,0,0,0,0,0,0,0,0,0,0,0,0,0,0,0,0,0,0,0,0,0,0,0,0,0,0,0,0,0,0,0,0,0,0,0,0,0,0,0,0,0,0,0,0,0,0,0,0,0,0,0,0,0,0,0,0,0,0,0,0,0,0,0,0,0,0,0,0,0,0,0,0,0,0,0,0,0,0,0,0,0,0,0,0,0,0,0,0,0,0,0,0,0,0,0,0,0,0,0,0,0,0,0,0,0,0,0,0,0,0,0,0,0,0,0,0,0,0,0,0,0,0,0,0,0,0,0,0,0,0,0,0,0,0,0,0,0,0,1,0,0,0,0,0,0,0,0,0,0,0,0,0,0,0,0,0,0,0,0,0,0,0,0,0,0,0,0,0,0,0,0,0,0,0,0,0,0,0,0,0,0,0,0,0,0,0,0,0,0,0,0,0,0,0,0,0,0,0,0,0,0,0,0,0,0,0,0,0,0,0,0,0,0,0,0,0,0,0,0,0,0,0,0,0,0,0,0,0,0,0,0,0,0,0,0,0,0,0,0,0,0,0,0,0,0,0,0,0,0,0,0,0,0,0,0,0,0,0,0,0,0,0,0,0,0,0,0,0,0,0,0,0,0,0,0,0,0,0,0,0,0,0,0,0,0,0,0,0,0,0,0,0,0,0,0,0,0,0,0,0,0,0,0,0,0,0,0,0,0,0,0,0,0,0,0,0,0,0,0,0,0,0,0,0,0,0,0,0,0,0,0,0,0,0,0,0,0,0,0,0,0,0,0,0,0,0,0,0,0,0,0,0,0,0,0,0,0,0,0,0,0,0,0,0,0,0,0,0,0,0,0,0,0,0,0,0,0,0,0,0,0,0,0,0,0,0,0,0,0,0,0,0,0,0,0,0,0,0,0,0,0,0,0,0,0,0,0,0,0,0,0,0,0,0,0,0,0,0,0,0,0,0,0,0,0,0,0,0,0,0,0,0,0,0,0,0,0,0,0,0,0,0,0,0,0,0,0,0,0,0,0,0,0,0,0,0,0,0,0,0,0,0,0,0,0,0,0,0,0,0,0,0,0,0,0,0,0,0,0,0,0,0,0,0,0,0,0,0,0,0,0,0,0,0,0,0,0,0,0,0,0,0,0,0,0,0,0,0,0,0,0,0,0,0,0,0,0,0,0,0,0,0,0,0,0,0,0,0,0,0,0,0,0,0,0,0,0,0,0,0,0,0,0,0,0,0,0,0,0,0,0,0,0,0,0,0,0,0,0,0,0,0,0,0,0,0,0,0,0,0,0,0,0,0,0,0,0,0,0,0,0,0,0,0,0,0,0,0,0,0,0,0,0,0,0,0,0,0,0,0,0,0,0,0,0,0,0,0,0,0,0,0,0,0,0,0,0,0,0,0,0,0,0,0,0,0,0,0,0,0,0,0,0,0,0,0,0,0,0,0,0,0,0,0,0,0,0,0,0,0,0,0,0,0,0,0,0,0,0,0,0,0,0,0,0,0,0,0,0,0,0,0,0,0,0,0,0,0,0,0,0,0,0,0,0,0,0,0,0,0,0,0,0,0,0,0,0,0,0,0,0,0,0,0,0,0,0,0,0,0,0,0,0,0,0,0,0,0,0,0,0,0,0,0,0,0,0,0,0,0,0,0,0,0,0,0,0,0,0,0,0,0,0,0,0,0,0,0,0,0,0,0,0,0,0,0,0,0,0,0,0,0,0,0,0,0,0,0,0,0,0,0,0,0,0,0,0,0,0,0,0,0,0,0,0,0,0,0,0,0,0,0,0,0,0,0,0,0,0,0,0,0,0,0,0,0,0,0,0,0,0,0,0,0,0,0,0,0,0,0,0,0,0,0,0,0,0,0,0,0,0,0,0,0,0,0,0,0,0,0,0,0,0,0,0,0,0,0,0,0,0,0,0,0,0,0,0,0,0,0,0,0,0,0,0,0,0,0,0,0,0,0,0,0,0,0,0,0,0,0,0,0,0,0,0,0,0,0,0,0,0,0,0,0,0,0,0,0,0,0,0,0,0,0,0,0,0,0,0,0,0,0,0,0,0,0,0,0,0,0,0,0,0,0,0,0,0,0,0,0,0,0,0,0,0,0,0,0,0,0,0,0,0,0,0,0,0,0,0,0,0,0,0,0,0,0,0,0,0,0,0,0,0,0,0,0,0,0,0,0,0,0,0,0,0,0,0,0,0,0,0,0,0,0,0,0,0,0,0,0,0,0,0,0,0,0,0,0,0,0,0,0,0,0,0,0,0,0,0,0,0,0,0,0,0,0,0,0,0,0,0,0,0,0,0,0,0,0,0,0,0,0,0,0,0,0,0,0,0,0,0,0,0,0,0,0,0,0,0,0,0,0,0,0,0,0,0,0,0,0,0,0,0,0,0,0,0,0,0,0,0,0,0,0,0,0,0,0,0,0,0,0,0,0,0,0,0,0,0,0,0,0,0,0,0,0,0,0,0,0,0,0,0,0,0,0,0,0,0,0,0,0,0,0,0,0,0,0,0,0,0,0,0,0,0,0,0,0,0,0,0,0,0,0,0,0,0,0,0,0,0,0,0,0,0,0,0,0,0,0,0,0,0,0,0,0,0,0,0,0,0,0,0,0,0,0,0,0,0,0,0,0,0,0,0,0,0,0,0,0,0,0,0,0,0,0,0,0,0,0,0,0,0,0,0,0,0,0,0,0,0,0,0,0,0,0,0,0,0,0,0,0,0,0,0,0,0,0,0,0,0,0,0,0,0,0,0,0,0,0,0,0,0,0,0,0,0,0,0,0,0,0,0,0,0,0,0,0,0,0,0,0,0,0,0,0,0,0,0,0,0,0,0,0,0,0,0,0,0,0,0,0,0,0,0,0,0,0,0,0,0,0,0,0,0,0,0,0,0,0,0,0,0,0,0,0,0,0,0,0,0,0,0,0,0,0,0,0,0,0,0,0,0,0,0,0,0,0,0,0,0,0,0,0,0,0,0,0,0,0,0,0,0,0,0,0,0,0,0,0,0,0,0,0,0,0,0,0,0,0,0,0,0,0,0,0,0,0,0,0,0,0,0,0,0,0,0,0,0,0,0,0,0,0,0,0,0,0,0,0,0,0,0,0,0,0,0,0,0,0,0,0,0,0,0,0,0,0,0,0,0,0,0,0,0,0,0,0,0,0,0,0,0,0,0,0,0,0,0,0,0,0,0,0,0,0,0,0,0,0,0,0,0,0,0,0,0,0,0,0,0,0,0,0,0,0,0,0,0,0,0,0,0,0,0,0,0,0,0,0,0,0,0,0,0,0,0,0,0,0,0,0,0,0,0,0,0,0,0,0,0,0,0,0,0,0,0,0,0,0,0,0,0,0,0,0,0,0,0,0,0,0,0,0,0,0,0,0,0,0,0,0,0,0,0,0,0,0,0,0,0,0,0,0,0,0,0,0,0,0,0,0,0,0,0,0,0,0,0,0,0,0,0,0,0,0,0,0,0,0,0,0,0,0,0,0,0,0,0,0,0,0,0,0,0,0,0,0,0,0,0,0,0,0,0,0,0,0,0,0,0,0,0,0,0,0,0,0,0,0,0,0,0,0,0,0,0,0,0,0,0,0,0,0,0,0,0,0,0,0,0,0,0,0,0,0,0,0,0,0,0,0,0,0,0,0,0,0,0,0,0,0,0,0,0,0,0,0,0,0,0,0,0,0,0,0,0,0,0,0,0,0,0,0,0,0,0,0,0,0,0,0,0,0,0,0,0,0,0,0,0,0,0,0,0,0,0,0,0,0,0,0,0,0,0,0,0,0,0,0,0,0,0,0,0,0,0,0,0,0,0,0,0,0,0,0,0,0,0,0,0,0,0,0,0,0,0,0,0,0,0,0,0,0,0,0,0,0,0,0,0,0,0,0,0,0,0,0,0,0,0,0,0,0,0,0,0,0,0,0,0,0,0,0,0,0,0,0,0,0,0,0,0,0,0,0,0,0,0,0,0,0,0,0,0,0,0,0,0,0,0,0,0,0,0,0,0,0,0,0,0,0,0,0,0,0,0,0,0,0,0,0,0,0,0,0,0,0,0,0,0,0,0,0,0,0,0,0,0,0,0,0,0,0,0,0,0,0,0,0,0,0,0,0,0,0,0,0,0,0,0,0,0,0,0,0,0,0,0,0,0,0,0,0,0,0,0,0,0,0,0,0,0,0,0,0,0,0,0,0,0,0,0,0,0,0,0,0,0,0,0,0,0,0,0,0,0,0,0,0,0,0,0,0,0,0,0,0,0,0,0,0,0,0,0,0,0,0,0,0,0,0,0,0,0,0,0,0,0,0,0,0,0,0,0,0,0,0,0,0,0,0,0,0,0,0,0,0,0,0,0,0,0,0,0,0,0,0,0,0,0,0,0,0,0,0,0,0,0,0,0,0,0,0,0,0,0,0,0,0,0,0,0,0,0,0,0,0,0,0,0,0,0,0,0,0,0,0,0,0,0,0,0,0,0,0,0,0,0,0,0,0,0,0,0,0,0,0,0,0,0,0,0,0,0,0,0,0,0,0,0,0,0,0,0,0,0,0,0,0,0,0,0,0,0,0,0,0,0,0,0,0,0,0,0,0,0,0,0,0,0,0,0,0,0,0,0,0,0,0,0,0,0,0,0,0,0,0,0,0,0,0,0,0,0,0,0,0,0,0,0,0,0,0,0,0,0,0,0,0,0,0,0,0,0,0,0,0,0,0,0,0,0,0,0,0,0,0,0,0,0,0,0,0,0,0,0,0,0,0,0,0,0,0,0,0,0,0,0,0,0,0,0,0,0,0,0,0,0,0,0,0,0,0,0,0,0,0,0,0,0,0,0,0,0,0,0,0,0,0,0,0,0,0,0,0,0,0,0,0,0,0,0,0,0,0,0,0,0,0,0,0,0,0,0,0,0,0,0,0,0,0,0,0,0,0,0,0,0,0,0,0,0,0,0,0,0,0,0,0,0,0,0,0,0,0,0,0,0,0,0,0,0,0,0,0,0,0,0,0,0,0,0,0,0,0,0,0,0,0,0,0,0,0,0,0,0,0,0,0,0,0,0,0,0,0,0,0,0,0,0,0,0,0,0,0,0,0,0,0,0,0,0,0,0,0,0,0,0,0,0,0,0,0,0,0,0,0,0,0,0,0,0,0,0,0,0,0,0,0,0,0,0,0,0,0,0,0,0,0,0,0,0,0,0,0,0,0,0,0,0,0,0,0,0,0,0,0,0,0,0,0,0,0,0,0,0,0,0,0,0,0,0,0,0,0,0,0,0,0,0,0,0,0,0,0,0,0,0,0,0,0,0,0,0,0,0,0,0,0,0,0,0,0,0,0,0,0,0,0,0,0,0,0,0,0,0,0,0,0,0,0,0,0,0,0,0,0,0,0,0,0,0,0,0,0,0,0,0,0,0,0,0,0,0,0,0,0,0,0,0,0,0,0,0,0,0,0,0,0,0,0,0,0,0,0,0,0,0,0,0,0,0,0,0,0,0,0,0,0,0,0,0,0,0,0,0,0,0,0,0,0,0,0,0,0,0,0,0,0,0,0,0,0,0,0,0,0,0,0,0,0,0,0,0,0,0,0,0,0,0,0,0,0,0,0,0,0,0,0,0,0,0,0,0,0,0,0,0,0,0,0,0,0,0,0,0,0,0,0,0,0,0,0,0,0,0,0,0,0,0,0,0,0,0,0,0,0,0,0,0,0,0,0,0,0,0,0,0,0,0,0,0,0,0,0,0,0,0,0,0,0,0,0,0,0,0,0,0,0,0,0,0,0,0,0,0,0,0,0,0,0,0,0,0,0,0,0,0,0,0,0,0,0,0,0,0,0,0,0,0,0,0,0,0,0,0,0,0,0,0,0,0,0,0,0,0,0,0,0,0,0,0,0,0,0,0,0,0,0,0,0,0,0,0,0,0,0,0,0,0,0,0,0,0,0,0,0,0,0,0,0,0,0,0,0,0,0,0,0,0,0,0,0,0,0,0,0,0,0,0,0,0,0,0,0,0,0,0,0,0,0,0,0,0,0,0,0,0,0,0,0,0,0,0,0,0,0,0,0,0,0,0,0,0,0,0,0,0,0,0,0,0,0,0,0,0,0,0,0,0,0,0,0,0,0,0,0,0,0,0,0,0,0,0,0,0,0,0,0,0,0,0,0,0,0,0,0,0,0,0,0,0,0,0,0,0,0,0,0,0,0,0,0,0,0,0,0,0,0,0,0,0,0,0,0,0,0,0,0,0,0,0,0,0,0,0,0,0,0,0,0,0,0,0,0,0,0,0,0,0,0,0,0,0,0,0,0,0,0,0,0,0,0,0,0,0,0,0,0,0,0,0,0,0,0,0,0,0,0,0,0,0,0,0,0,0,0,0,0,0,0,0,0,0,0,0,0,0,0,0,0,0,0,0,0,0,0,0,0,0,0,0,0,0,0,0,0,0,0,0,0,0,0,0,0,0,0,0,0,0,0,0,0,0,0,0,0,0,0,0,0,0,0,0,0,0,0,0,0,0,0,0,0,0,0,0,0,0,0,0,0,0,0,0,0,0,0,0,0,0,0,0,0,0,0,0,0,0,0,0,0,0,0,0,0,0,0,0,0,0,0,0,0,0,0,0,0,0,0,0,0,0,0,0,0,0,0,0,0,0,0,0,0,0,0,0,0,0,0,0,0,0,0,0,0,0,0,0,0,0,0,0,0,0,0,0,0,0,0,0,0,0,0,0,0,0,0,0,0,0,0,0,0,0,0,0,0,0,0,0,0,0,0,0,0,0,0,0.2503746,0.81147265,-0.5816777,1.1898779,-0.0414424,-0.09728554,-0.04363848,1.5229497,-0.9115078,-0.22570384,1.0021654,-0.40201756,0.5484661,1.2240217,1.0812765,-0.68034434,-1.1884228,-1.3881091,-0.3070633,-0.21101102,-1.0923705,0.21795629,-0.08363848,0.34161642,-0.32933784,0.051158905,0.1290674,-0.5956908,0.073381126,0.2638648,-0.7958999,0.8483354,0.053668708,-0.3484228,0.29910663,0.4684138,0.03118505,0.84927654,0.4604138,-0.5318999,0.39160335,-0.30403063,0.49785173,-0.13467117,-0.013207108,-0.5570502,0.273538,-0.8774685,0.17168178,0.20054452,-0.122540444,0.590087,-0.88285416,0.21518505,0.1694857,0.6486491,-0.72541624,-1.0266973,-0.21346855,0.17978635,0.08796936,-0.32557312,-0.31997836,-0.294462,0.4322308,0.35494974,-0.30518097,-0.7889457,-0.65006983,-0.86910254,-0.9471679,-0.07490645,0.2596295,-0.27945548,-0.029729983,0.5027667,0.041171975,-0.48583457,0.8246491,-0.091586195,0.8178517,-0.9122398,0.46987787,-0.08593913,0.5651981,0.35128963,0.5736687,-0.6641352,0.40179944,-0.707377,0.3863223,-0.13812214,-0.28625286,-0.84756005,-0.8235078,-0.45989993,-0.22580841,-0.59908944,-1.5389065,-0.17205678,0.05387786,-0.089651555,0.17189093,0.20817852,0.369904,1.0245445,0.618636,-0.6363182,0.12159028,0.22109355,0.75583863,-0.55239666,-0.4566058,0.075995505,-0.7702267,0.44598243,-0.4865143,-0.48970383,0.013093546,-1.0604751,0.48462296,0.5143746,0.22250532,-0.40578228,0.22527656,-0.2894947,1.4671066,1.3061131,-0.8546712,-0.7221744,0.9990805,-0.05033129,-1.079926,1.3678648,1.0289366,0.7607537,-0.32667115,-0.19877574,-0.36285415,-0.23929861,1.2103223,0.4440478,0.29827002,-0.065180965,1.4476033,-0.30099794,-0.025180964,0.25387785,-0.2123705,-0.39527246,0.3493027,-0.10397835,1.0516295,0.38475367,-0.2308803,1.2541393,0.50527656,0.2554465,0.052309234,0.60535496,0.0032634805,-0.6257038,-0.9650502,-0.8901221,-0.24724633,-0.6093378,-0.6665927,0.05973407,0.5464269,-0.7761875,-0.81210905,-0.34915483,1.3018779,-0.30387378,-0.6654947,-0.24389991,-0.19448815,0.4709759,-0.5589849,-0.35793912,0.0037340687,0.77419156,0.63955104,-0.3244228,0.5483092,-0.15234436,-0.2393509,0.273172,0.08938113,0.34857067,0.35777327,-0.75882804,-0.65388685,-0.41268423,-0.7397953,-0.28154698,0.31280595,0.23427002,-0.18638358,0.7141132,-1.0067234,0.32315892,-0.03971691,-0.45854044,-1.2158737,-0.15971692,0.6839432,-0.7822006,0.046819035,-0.73634434,-0.1997692,-0.06319404,1.7506622,0.7723615,0.78349876,-0.25242278,0.57131577,-0.12008292,-1.1576254,-0.8527888,-0.19333783,-0.19103718,-0.31244895,-0.5395862,0.7788452,0.4940347,-0.6435862,0.19149877,-0.068684235,-0.30810907,-1.0687366,-0.20614828,-0.18089338,0.048596814,-0.68118095,-0.24091953,0.18224387,0.4570674,1.069355,1.0773027,1.2272112,1.1705315,0.011681781,0.7822962,-0.03438358,0.39552492,0.13445303,0.4591589,-0.5521352,-0.090017565,-0.53012216,-0.22204371,1.181721,-0.13263194,-0.6977561,0.5711066,-0.42481494,-0.03694567,-0.142096,-0.75569075,0.21769485,0.60305434,-0.70272344,-0.40050122,-0.8178084,-0.27657965,0.42156413,-0.45948163,-0.03710253,0.46496284,-0.31914175,0.9316295,-0.13989992,0.9133288,-0.6402398,-0.3004228,-0.5184097,-0.8309849,0.4583746,-0.39156005,-0.09122018,-0.37984762,-0.5966842,-0.045520835,0.063707925,0.68718505,-1.196109,-1.1890502,0.1530674,0.2174857,0.28849223,0.44132885,-0.27898487,-0.1239522,-0.033860702,0.02836152,0.011629494,-0.38497183,0.25309354,0.413721,0.4827406,-0.8361614,-0.28928554,-0.06654044,1.051368,-0.18450123,-0.6964489,0.20242688,-0.9437169,0.2633419,0.17863603,0.22621773,0.2410674,-0.041180965,1.1932243,0.0071327616,0.20268832,0.109773286,-0.10539012,0.1943223,0.16849224,0.9106622,0.40577328,-0.65090644,0.40545955,-0.65048814,-0.5363966,-0.1526058,0.67871445,0.7282831,0.35249224,0.23866217,0.16838767,-0.3672986,0.2616687,0.42579943,0.095028184,0.7175641,-0.17226593,-0.02288031,1.021355,-0.14674959,0.025694853,0.43756413,-0.20463194,-0.5158476,-0.39663196,0.6141393,-0.49393913,-0.13048816,-0.021311684,0.27369484,0.3871589,-0.12008292,0.5647798,-0.3803705,-1.0951418,-1.3017823,0.12854452,-0.046723448,-0.7620699,0.40854454,-0.21064502,-1.3009456,-0.17341626,0.2912635,-0.088448934,-0.23610906,-0.21650122,1.057904,-0.7361352,-0.6191156,-0.6093378,0.7347667,0.36927655,-0.08562541,0.598819,-0.09916789,0.41821772,0.25460988,-0.2936777,0.8797602,0.22198243,0.19327655,0.22203472,0.27536806,-0.15783456,0.5345576,-0.4219914,-0.58267117,-0.3488411,0.69262296,0.32514584,-0.1799522,-1.211377,0.22757721,-0.53090644,-0.07380842,0.14553799,-1.2654947,-0.11454044,-0.54565156,0.10611315,-0.4853117,-1.0100175,0.1193942,0.31573406,0.011838644,-0.1505143,-0.078095995,0.98480594,1.0001785,0.45738113,-0.18199143,-0.07961234,-0.4961875,-0.2818084,-0.018435866,-0.7287627,-0.09817443,-0.25252736,-0.22889338,0.49931577,0.35667524,0.40854454,-0.23569077,0.029302696,0.13612622,0.5433942,-0.054984886,-0.1277692,-0.23333782,-0.45310253,0.16253145,0.36843994,-0.51809597,0.62072754,-0.1323705,-0.16928554,0.68331575,-0.4310372,0.3016687,1.0941916,0.46606088,-0.02267116,0.36179942,-0.43987378,-0.1623313,0.785904,0.70600855,0.7272896,-0.34465808,1.0662178,-0.08656658,-0.690279,0.036466096,0.62517196,0.17267525,-0.5257823,0.56587785,0.23024388,-0.054775734,0.01989093,0.32619157,-0.049965277,0.56383866,0.49612623,-0.438096,0.14684518,-0.118043706,0.31003472,0.054975897,-0.31161234,-0.58010906,0.2608844,0.6782439,-1.0618346,-0.70732474,0.38459682,-0.17048815,-0.5210764,0.6073419,0.49800858,-0.21639664,0.034060866,0.5883615,-0.19720711,0.018740604,0.44922426,0.2958125,-0.22716789,0.32127655,0.44556412,0.42527655,0.07217851,0.337538,-0.5159522,0.31123734,0.1593942,0.11798243,0.963002,-0.024762664,0.48101512,-0.017180964,-0.017756127,0.12849224,-0.31542933,-1.1930242,0.7360739,-0.8809195,-0.0726058,-0.21446201,-0.33833128,-0.13503717,-1.1785405,-0.98230517,0.36342034,0.32509354,-0.24850123,0.20425695,0.1526491,-0.2688934,-1.040815,0.2073942,-0.7319522,-0.4545143,0.13983865,0.97931576,0.9150543,-0.5395862,0.7968844,-0.93942934,-0.43239665,0.21957721,0.7530151,0.87798244,-0.025390115,-0.29885417,0.23113276,-0.210279,0.25476676,0.4734857,-0.417547,0.3340347,0.31578636,0.25785172,0.42595628,-0.31281495,0.40284517,-0.14533782,0.45220464,0.18313277,-0.97142935,-0.25299796,-0.8230895,-0.022723448,0.7095119,-0.18706332,0.24174714,0.2372504,0.81508046,-0.4397169,0.912806,-0.24708946,-0.028893383,-0.146279,0.09440073,0.1597602,-0.3573117,-0.4258607,-0.6934686,0.13225694,0.7697994,-0.7161614,0.3143223,-0.045259394,0.3581393,0.2899563,-0.37080187,0.6124138,-0.05613521,0.3585576,0.773355,0.14203472,0.37387785,-0.0721875,0.28305432,0.580623,0.17006087,0.01063603,-0.16379534,0.6599955,0.093041256,-0.5361875,0.7325184,0.056230802,-0.34319404,0.2970674,-0.6077692,1.0707668,-0.26706332,-0.072292075,0.120439954,-0.31213522,-0.93085414,-0.016396651,0.2919955,-0.64128554,-0.18423979,-0.2856254,-0.8641352,0.21356413,0.2419563,0.03050531,0.18961643,0.29612622,-0.18606985,-0.4250764,0.5079432,0.17643996,-0.7759783,-0.37942934,0.8148713,-0.13137704,-0.38742933,0.17853145,-0.23156005,0.37691054,-0.0705143,-0.04212214,-0.3840829,-0.39166462,0.115995504,0.22935498,-0.024239788,0.16430923,0.67338115,-0.5959522,0.0019562908,0.52122426,-0.29691952,-0.09556005,-0.1791679,0.3648321,0.13105433,-0.5067496,-0.42905024,0.04007394,-0.23537704,-0.09085417,-0.39454043,0.002060866,-0.35532475,0.06057067,-0.7899391,0.11840074,0.12310662,1.2739563,-0.45932475,0.44629616,0.13508047,0.0558125,0.7254596,0.72749877,-0.012370506,-0.7662529,0.6416426,0.8290936,0.014923611,-0.9593509,-0.7498869,-0.6710895,-0.2663313,-1.0042137,-0.81393915,0.894087,-0.14580841,-0.5140176,-0.24761234,-0.37043586,-0.36886725,-1.1014162,0.08953799,-0.07020057,0.07453145,0.24812622,-0.0746973,0.22433537,-0.109991424,0.34731576,0.20389093,0.53068835,-0.27108946,-0.134096,-0.53775615,-0.85200447,-0.5520829,0.7471066,-0.6123705,-0.009860703,-0.23929861,0.85351187,0.38260987,0.626636,-0.41472346,0.44749877,-0.7841875,0.5766491,-0.7060698,-0.3773378,0.40122426,-0.6307235,0.30318505,0.053773284,-0.110305145,-0.06282802,0.22945955,-0.30638358,-0.38821363,0.6573811,-0.45854044,0.078243874,0.09283211,-0.8891287,-0.4843705,-0.49038357,-0.06795221,-0.80233127,-0.5185143,-0.04128554,0.4058256,-0.80337703,-0.19574305,0.50742036,-0.009024101,-0.4077692,0.21565564,-0.1357692,0.43834844,-0.0873509,0.28545955,0.4798125,-0.083272465,-0.29189992,1.040074,0.3875772,0.50606084,-0.6363705,-0.34277573,0.32525042,0.4765184,0.65764254,0.13476674,-0.28630516,-0.3004751,0.30145955,-0.6893901,-0.103507765,-0.5803182,-0.30810907,0.286453,0.17596936,-0.35417444,-0.12740318,-0.17937705,-0.099952206,-0.85556006,0.72582555,-0.40013522,0.14752492,-0.24165155,-0.18894567,0.021773284,-0.51454043,0.24373406,-0.10816135,0.4553419,0.066949755,-0.80337703,0.010792892,-0.6044228,-0.41786072,-1.0405536,-0.079350896,-0.53420055,-0.054357436,0.22234845,0.24185172,0.05691054,0.2646491,0.65089744,0.35338113,0.40002164,0.50731575,0.21816544,-0.36384764,0.21612622,-0.20750776,-0.4607365,0.77962947,1.0276295,-0.10810907,-0.58267117,0.06653146,0.17774715,-0.75124633,-0.30612215,0.13021773,-0.9463836,-0.23333782,0.14386478,-0.0013378268,-0.2713509,-0.50575614,-0.26863194,-0.07689338,0.17806086,-0.4560829,-0.73132473,-0.2241875,0.04326348,0.10810008,-0.04191299,0.20572099,-0.09378227,-0.75067115,-0.38450122,0.21016544,0.37534192,0.53717196,-0.23474959,0.3392112,-1.0062006,-0.086409725,-0.7506189,0.7851197,0.061093546,0.22553799,-0.05472345,-0.008710376,0.4058256,0.079185046,-0.2823313,-0.07501103,-0.95663196,-0.27532476,0.2519955,-0.25995222,1.0005445,0.2469759,-0.46481496,0.5813027,-0.085207105,-0.3792202,-0.2098607,-0.66554695,0.961172,-0.20196527,-0.88761234,-0.28159925,0.049694855,0.9101916,0.39955106,-0.22988684,-0.2650241,0.47411317,0.5879955,0.24378635,-0.7440829,0.33429617,0.43364257,-0.32248816,0.48315892,-0.07438358,0.16849224,0.65502816,0.21460989,0.18977329,0.46658373,-0.61848813,-0.57169074,-0.33817443,0.13131577,-0.17153391,-0.40682802,0.5683877,-0.83820057,0.49717197,0.62977326,-0.32656658,-1.2364228,0.2708713,0.33555105,-0.29681495,-0.10878881,0.2845184,0.24979943,0.4541916,0.36336806,-0.19328554,0.2284138,-0.16170384,0.09994322,-0.2494424,0.059577204,0.32551184,-0.07208292,-0.6667496,-0.3433509,-0.039664622,-0.091952205,-1.1611286,-0.58010906,0.5362308,0.62313277,-0.11516789,-0.30324632,-0.6102267,0.32498896,0.7330413,0.60969484,-0.024867238,-0.5499914,0.027524918,-0.13519403,0.38130268,0.14804779,-0.18905024,-0.43840972,-0.4494947,0.6076034,0.26559028,0.33121118,0.2427406,-0.038984887,0.5281785,1.2714465,-0.0675339,0.056387663,-0.57979536,-0.3320568,-0.018645016,0.34156415,-0.873181,-0.4389326,0.7568321,0.73523736,-0.230096,0.17743342,0.76582557,0.3203354,-0.049128678,-0.7784359,-0.117991425,0.24462296,-0.26779535,-0.27710253,0.43594322,0.19615237,0.817172,0.15196936,0.17466217,-0.32588685,-0.63997835,0.48880595,0.70109355,0.1261393,0.56357723,0.62773407,0.18851838,0.03442688,0.091420345,0.1290674,0.579002,0.44457066,0.25136805,0.390087,0.2439955,0.35657066,0.11374714,-0.5828803,0.8654857,0.43714583,0.42245302,-0.16091953,0.2856687,-0.2621483,0.79468834,-0.97550774,-0.4448934,0.08195629,0.41643995,-0.18905024,0.07735498,0.87510663,0.31212622,0.19437459,-0.7563182,-0.689547,0.03008701,0.14736806,-0.14471038,-0.092213646,0.018792892,-0.8183313,0.47709355,0.43578637,0.4571197,-0.0052593956,0.05272753,0.33811316,0.015917076,0.45487133,-0.39328554,0.6420086,0.40838766,-0.20023979,0.097590275,0.28054452,-0.14659272,0.29769486,0.36634845,0.33173406,0.1653027,-1.8847365,1.9474204,-1.9385405,-1.8793509,-0.071664624,1.8927798,1.6775118,-1.3827758,-1.4204751,-1.1538607,-1.544449,-1.9436123,-1.8877169,0.09006087,-1.8435339,0.33701512,1.3820348,-0.1774424,1.1261916,-0.15663195,1.2476033,-1.747168,-1.231194,-0.07527247,-1.6405013,1.9260347,-1.5812594,1.0694072,0.41178635,0.6054073,0.3779563,-0.81352085,1.7376425,-0.65378225,0.24179943,-1.4491286,-0.81268424,1.7764922,-1.2996385,0.4461393,-1.4232463,1.8111066,1.4005969,0.46600857,0.14391707,-1.4855732,-1.6043705,1.7351328,-0.49163848,-1.0044751,-1.8156646,0.75594324,1.2181132,-1.0367365,-0.26701102,-1.4306189,-1.7536515,0.9808844,-1.6035339,-1.3845012,1.7452242,0.7145315,0.45696282,0.8508975,1.5587145,-1.3120829,0.044727534,-1.7342006,-1.7476385,-1.5509326,1.3918648,-1.7153771,-1.3361875,-0.48907638,1.4763615,-0.18701103,1.6874988,0.5471589,0.44713277,-1.8167104,0.1421393,-1.3270372,-0.46481496,-0.5478999,-0.6524228,1.8103223,-1.4242921,1.6504792,1.579002,-0.77691954,-0.64803064,0.32932884,0.7350805,-1.5063313,-1.6663836,1.5472112,0.86245304,0.4478648,-1.4891809,0.681538,1.1644661,-1.8677953,1.5351328,0.42851838,-1.3012071,0.013616421,-1.1636385,1.7403092,-1.4451026,-0.57252735,-1.2653902,1.8094335,1.0104269,0.85398245,1.425904,-1.155743,-0.850279,1.0886492,-1.8698869,1.4599432,-0.06413521,-1.2276385,1.0665314,-0.7171025,-1.0531548,-0.2280045,-1.3110895,0.35202166,
0,0,0,0,0,0,0,0,0,0,0,0,1,0,0,0,0,0,0,0,0,0,0,0,0,0,0,0,0,0,0,0,0,0,0,0,0,0,0,0,0,0,0,0,0,0,0,0,0,0,0,0,0,0,0,0,0,0,0,0,0,0,0,0,0,0,0,0,0,0,0,0,0,0,0,0,0,0,0,0,0,0,0,0,0,0,0,0,0,0,0,0,0,0,0,0,0,0,0,0,0,0,0,0,0,0,0,0,0,0,0,0,0,0,0,0,0,0,0,0,0,0,0,0,0,0,0,0,0,0,0,0,0,0,0,0,0,0,0,0,0,0,0,0,0,0,0,0,0,0,0,0,0,0,0,0,0,0,0,0,0,0,0,0,0,0,0,0,0,0,0,0,0,0,0,0,0,0,0,0,0,0,0,0,0,0,0,0,0,0,0,0,0,0,0,0,0,0,0,0,0,0,0,0,0,0,0,0,0,0,0,0,0,0,0,0,0,0,0,0,0,0,0,0,0,0,0,0,0,0,0,0,0,0,0,0,0,0,0,0,0,0,0,0,0,0,0,0,0,0,0,0,0,0,0,0,0,0,0,0,0,0,0,0,0,0,0,0,0,0,0,0,0,0,0,0,0,0,0,0,0,0,0,0,0,0,0,0,0,0,0,0,0,0,0,0,0,0,0,0,0,0,0,0,0,0,0,0,0,0,0,0,0,0,0,0,0,0,0,0,0,0,0,0,0,0,0,0,0,0,0,0,0,0,0,0,0,0,0,0,0,0,0,0,0,0,0,0,0,0,0,0,0,0,0,0,0,0,0,0,0,0,0,0,0,0,0,0,0,0,0,0,0,0,0,0,0,0,0,0,0,0,0,0,0,0,0,0,0,0,0,0,0,0,0,0,0,0,0,0,0,0,0,0,0,0,0,0,0,0,0,0,0,0,0,0,0,0,0,0,0,0,0,0,0,0,0,0,0,0,0,0,0,0,0,0,0,0,0,0,0,0,0,0,0,0,0,0,0,0,0,0,0,0,0,0,0,0,0,0,0,0,0,0,0,0,0,0,0,0,0,0,0,0,0,0,0,0,0,0,0,0,0,0,0,0,0,0,0,0,0,0,0,0,0,0,0,0,0,0,0,0,0,0,0,0,0,0,0,0,0,0,0,0,0,0,0,0,0,0,0,0,0,0,0,0,0,0,0,0,0,0,0,0,0,0,0,0,0,0,0,0,0,0,0,0,0,0,0,0,0,0,0,0,0,0,0,0,0,0,0,0,0,0,0,0,0,0,0,0,0,0,0,0,0,0,0,0,0,0,0,0,0,0,0,0,0,0,0,0,0,0,0,0,0,0,0,0,0,0,0,0,0,0,0,0,0,0,0,0,0,0,0,0,0,0,0,0,0,0,0,0,0,0,0,0,0,0,0,0,0,0,0,0,0,0,0,0,0,0,0,0,0,0,0,0,0,0,0,0,0,0,0,0,0,0,0,0,0,0,0,0,0,0,0,0,0,0,0,0,0,0,0,0,0,0,0,0,0,0,0,0,0,0,0,0,0,0,0,0,0,0,0,0,0,0,0,0,0,0,0,0,0,0,0,0,0,0,0,0,0,0,0,0,0,0,0,0,0,0,0,0,0,0,0,0,0,0,0,0,0,0,0,0,0,0,0,0,0,0,0,0,0,0,0,0,0,0,0,0,0,0,0,0,0,0,0,0,0,0,0,0,0,0,0,0,0,0,0,0,0,0,0,0,0,0,0,0,0,0,0,0,0,0,0,0,0,0,0,0,0,0,0,0,0,0,0,0,0,0,0,0,0,0,0,0,0,0,0,0,0,0,0,0,0,0,0,0,0,0,0,0,0,0,0,0,0,0,0,0,0,0,0,0,0,0,0,0,0,0,0,0,0,0,0,0,0,0,0,0,0,0,0,0,0,0,0,0,0,0,0,0,0,0,0,0,0,0,0,0,0,0,0,0,0,0,0,0,0,0,0,0,0,0,0,0,0,0,0,0,0,0,0,0,0,0,0,0,0,0,0,0,0,0,0,0,0,0,0,0,0,0,0,0,0,0,0,0,0,0,0,0,0,0,0,0,0,0,0,0,0,0,0,0,0,0,0,0,0,0,0,0,0,0,0,0,0,0,0,0,0,0,0,0,0,0,0,0,0,0,0,0,0,0,0,0,0,0,0,0,0,0,0,0,0,0,0,0,0,0,0,0,0,0,0,0,0,0,0,0,0,0,0,0,0,0,0,0,0,0,0,0,0,0,0,0,0,0,0,0,0,0,0,0,0,0,0,0,0,0,0,0,0,0,0,0,0,0,0,0,0,0,0,0,0,0,0,0,0,0,0,0,0,0,0,0,0,0,0,0,0,0,0,0,0,0,0,0,0,0,0,0,0,0,0,0,0,0,0,0,0,0,0,0,0,0,0,0,0,0,0,0,0,0,0,0,0,0,0,0,0,0,0,0,0,0,0,0,0,0,0,0,0,0,0,0,0,0,0,0,0,0,0,0,0,0,0,0,0,0,0,0,0,0,0,0,0,0,0,0,0,0,0,0,0,0,0,0,0,0,0,0,0,0,0,0,0,0,0,0,0,0,0,0,0,0,0,0,0,0,0,0,0,0,0,0,0,0,0,0,0,0,0,0,0,0,0,0,0,0,0,0,0,0,0,0,0,0,0,0,0,0,0,0,0,0,0,0,0,0,0,0,0,0,0,0,0,0,0,0,0,0,0,0,0,0,0,0,0,0,0,0,0,0,0,0,0,0,0,0,0,0,0,0,0,0,0,0,0,0,0,0,0,0,0,0,0,0,0,0,0,0,0,0,0,0,0,0,0,0,0,0,0,0,0,0,0,0,0,0,0,0,0,0,0,0,0,0,0,0,0,0,0,0,0,0,0,0,0,0,0,0,0,0,0,0,0,0,0,0,0,0,0,0,0,0,0,0,0,0,0,0,0,0,0,0,0,0,0,0,0,0,0,0,0,0,0,0,0,0,0,0,0,0,0,0,0,0,0,0,0,0,0,0,0,0,0,0,0,0,0,0,0,0,0,0,0,0,0,0,0,0,0,0,0,0,0,0,0,0,0,0,0,0,0,0,0,0,0,0,0,0,0,0,0,0,0,0,0,0,0,0,0,0,0,0,0,0,0,0,0,0,0,0,0,0,0,0,0,0,0,0,0,0,0,0,0,0,0,0,0,0,0,0,0,0,0,0,0,0,0,0,0,0,0,0,0,0,0,0,0,0,0,0,0,0,0,0,0,0,0,0,0,0,0,0,0,0,0,0,0,0,0,0,0,0,0,0,0,0,0,0,0,0,0,0,0,0,0,0,0,0,0,0,0,0,0,0,0,0,0,0,0,0,0,0,0,0,0,0,0,0,0,0,0,0,0,0,0,0,0,0,0,0,0,0,0,0,0,0,0,0,0,0,0,0,0,0,0,0,0,0,0,0,0,0,0,0,0,0,0,0,0,0,0,0,0,0,0,0,0,0,0,0,0,0,0,0,0,0,0,0,0,0,0,0,0,0,0,0,0,0,0,0,0,0,0,0,0,0,0,0,0,0,0,0,0,0,0,0,0,0,0,0,0,0,0,0,0,0,0,0,0,0,0,0,0,0,0,0,0,0,0,0,0,0,0,0,0,0,0,0,0,0,0,0,0,0,0,0,0,0,0,0,0,0,0,0,0,0,0,0,0,0,0,0,0,0,0,0,0,0,0,0,0,0,0,0,0,0,0,0,0,0,0,0,0,0,0,0,0,0,0,0,0,0,0,0,0,0,0,0,0,0,0,0,0,0,0,0,0,0,0,0,0,0,0,0,0,0,0,0,0,0,0,0,0,0,0,0,0,0,0,0,0,0,0,0,0,0,0,0,0,0,0,0,0,0,0,0,0,0,0,0,0,0,0,0,0,0,0,0,0,0,0,0,0,0,0,0,0,0,0,0,0,0,0,0,0,0,0,0,0,0,0,0,0,0,0,0,0,0,0,0,0,0,0,0,0,0,0,0,0,0,0,0,0,0,0,0,0,0,0,0,0,0,0,0,0,0,0,0,0,0,0,0,0,0,0,0,0,0,0,0,0,0,0,0,0,0,0,0,0,0,0,0,0,0,0,0,0,0,0,0,0,0,0,0,0,0,0,0,0,0,0,0,0,0,0,0,0,0,0,0,0,0,0,0,0,0,0,0,0,0,0,0,0,0,0,0,0,0,0,0,0,0,0,0,0,0,0,0,0,0,0,0,0,0,0,0,0,0,0,0,0,0,0,0,0,0,0,0,0,0,0,0,0,0,0,0,0,0,0,0,0,0,0,0,0,0,0,0,0,0,0,0,0,0,0,0,0,0,0,0,0,0,0,0,0,0,0,0,0,0,0,0,0,0,0,0,0,0,0,0,0,0,0,0,0,0,0,0,0,0,0,0,0,0,0,0,0,0,0,0,0,0,0,0,0,0,0,0,0,0,0,0,0,0,0,0,0,0,0,0,0,0,0,0,0,0,0,0,0,0,0,0,0,0,0,0,0,0,0,0,0,0,0,0,0,0,0,0,0,0,0,0,0,0,0,0,0,0,0,0,0,0,0,0,0,0,0,0,0,0,0,0,0,0,0,0,0,0,0,0,0,0,0,0,0,0,0,0,0,0,0,0,0,0,0,0,0,0,0,0,0,0,0,0,0,0,0,0,0,0,0,0,0,0,0,0,0,0,0,0,0,0,0,0,0,0,0,0,0,0,0,0,0,0,0,0,0,0,0,0,0,0,0,0,0,0,0,0,0,0,0,0,0,0,0,0,0,0,0,0,0,0,0,0,0,0,0,0,0,0,0,0,0,0,0,0,0,0,0,0,0,0,0,0,0,0,0,0,0,0,0,0,0,0,0,0,0,0,0,0,0,0,0,0,0,0,0,0,0,0,0,0,0,0,0,0,0,0,0,0,0,0,0,0,0,0,0,0,0,0,0,0,0,0,0,0,0,0,0,0,0,0,0,0,0,0,0,0,0,0,0,0,0,0,0,0,0,0,0,0,0,0,0,0,0,0,0,0,0,0,0,0,0,0,0,0,0,0,0,0,0,0,0,0,0,0,0,0,0,0,0,0,0,0,0,0,0,0,0,0,0,0,0,0,0,0,0,0,0,0,0,0,0,0,0,0,0,0,0,0,0,0,0,0,0,0,0,0,0,0,0,0,0,0,0,0,0,0,0,0,0,0,0,0,0,0,0,0,0,0,0,0,0,0,0,0,0,0,0,0,0,0,0,0,0,0,0,0,0,0,0,0,0,0,0,0,0,0,0,0,0,0,0,0,0,0,0,0,0,0,0,0,0,0,0,0,0,0,0,0,0,0,0,0,0,0,0,0,0,0,0,0,0,0,0,0,0,0,0,0,0,0,0,0,0,0,0,0,0,0,0,0,0,0,0,0,0,0,0,0,0,0,0,0,0,0,0,0,0,0,0,0,0,0,0,0,0,0,0,0,0,0,0,0,0,0,0,0,0,0,0,0,0,0,0,0,0,0,0,0,0,0,0,0,0,0,0,0,0,0,0,0,0,0,0,0,0,0,0,0,0,0,0,0,0,0,0,0,0,0,0,0,0,0,0,0,0,0,0,0,0,0,0,0,0,0,0,0,0,0,0,0,0,0,0,0,0,0,0,0,0,0,0,0,0,0,0,0,0,0,0,0,0,0,0,0,0,0,0,0,0,0,0,0,0,0,0,0,0,0,0,0,0,0,0,0,0,0,0,0,0,0,0,0,0,0,0,0,0,0,0,0,0,0,0,0,0,0,0,0,0,0,0,0,0,0,0,0,0,0,0,0,0,0,0,0,0,0,0,0,0,0,0,0,0,0,0,0,0,0,0,0,0,0,0,0,0,0,0,0,0,0,0,0,0,0,0,0,0,0,0,0,0,0,0,0,0,0,0,0,0,0,0,0,0,0,0,0,0,0,0,0,0,0,0,0,0,0,0,0,0,0,0,0,0,0,0,0,0,0,0,0,0,0,0,0,0,0,0,0,0,0,0,0,0,0,0,0,0,0,0,0,0,0,0,0,0,0,0,0,0,0,0,0,0,0,0,0,0,0,0,0,0,0,0,0,0,0,0,0,0,0,0,0,0,0,0,0,0,0,0,0,0,0,0,0,0,0,0,0,0,0,0,0,0,0,0,0,0,0,0,0,0,0,0,0,0,0,0,0,0,0,0,0,0,0,0,0,0,0,0,0,0,0,0,0,0,0,0,0,0,0,0,0,0,0,0,0,0,0,0,0,0,0,0,0,0,0,0,0,0,0,0,0,0,0,0,0,0,0,0,0,0,0,0,0,0,0,0,0,0,0,0,0,0,0,0,0,0,0,0,0,0,0,0,0,0,0,0,0,0,0,0,0,0,0,0,0,0,0,0,0,0,0,0,0,0,0,0,0,0,0,0,0,0,0,0,0,0,0,0,0,0,0,0,0,0,0,0,0,0,0,0,0,0,0,0,0,0,0,0,0,0,0,0,0,0,0,0,0,0,0,0,0,0,0,0,0,0,0,0,0,0,0,0,0,0,0,0,0,0,0,0,0,0,0,0,0,0,0,0,0,0,0,0,0,0,0,0,0,0,0,0,0,0,0,0,0,0,0,0,0,0,0,0,0,0,0,0,0,0,0,0,0,0,0,0,0,0,0,0,0,0,0,0,0,0,0,0,0,0,0,0,0,0,0,0,0,0,0,0,0,0,0,0,0,0,0,0,0,0,0,0,0,0,0,0,0,0,0,0,0,0,0,0,0,0,0,0,0,0,0,0,0,0,0,0,0,0,0,0,0,0,0,0,0,0,0,0,0,0,0,0,0,0,0,0,0,0,0,0,0,0,0,0,0,0,0,0,0,0,0,0,0,0,0,0,0,0,0,0,0,0,0,0,0,0,0,0,0,0,0,0,0,0,0,0,0,0,0,0,0,0,0,0,0,0,0,0,0,0,0,0,0,0,0,0,0,0,0,0,0,0,0,0,0,0,0,0,0,0,0,0,0,0,0,0,0,0,0,0,0,0,0,0,0,0,0,0,0,0,0,0,0,0,0,0,0,0,0,0,0,0,0,0,0,0,0,0,0,0,0,0,0,0,0,0,0,0,0,0,0,0,0,0,0,0,0,0,0,0,0,0,0,0,0,0,0,0,0,0,0,0,0,0,0,0,0,0,0,0,0,0,0,0,0,0,0,0,0,0,0,0,0,0,0,0,0,0,0,0,0,0,0,0,0,0,0,0,0,0,0,0,0,0,0,0,0,0,0,0,0,0,0,0,0,0,0,0,0,0,0,0,0,0,0,0,0,0,0,0,0,0,0,0,0,0,0,0,0,0,0,0,0,0,0,0,0,0,0,0,0,0,0,0,0,0,0,0,0,0,0,0,0,0,0,0,0,0,0,0,0,0,0,0,0,0,0,0,0,0,0,0,0,0,0,0,0,0,0,0,0,0,0,0,0,0,0,0,0,0,0,0,0,0,0,0,0,0,0,0,0,0,0,0,0,0,0,0,0,0,0,0,0,0,0,0,0,0,0,0,0,0,0,0,0,0,0,0,0,0,0,0,0,0,0,0,0,0,0,0,0,0,0,0,0,0,0,0,0,0,0,0,0,0,0,0,0,0,0,0,0,0,0,0,0,0,0,0,0,0,0,0,0,0,0,0,0,0,0,0,0,0,0,0,0,0,0,0,0,0,0,0,0,0,0,0,0,0,0,0,0,0,0,0,0,0,0,0,0,0,0,0,0,0,0,0,0,0,0,0,0,0,0,0,0,0,0,0,0,0,0,0,0,0,0,0,0,0,0,0,0,0,0,0,0,0,0,0,0,0,0,0,0,0,0,0,0,0,0,0,0,0,0,0,0,0,0,0,0,0,0,0,0,0,0,0,0,0,0,0,0,0,0,0,0,0,0,0,0,0,0,0,0,0,0,0,0,0,0,0,0,0,0,0,0,0,0,0,0,0,0,0,0,0,0,0,0,0,0,0,0,0,0,0,0,0,0,0,0,0,0,0,0,0,0,0,0,0,0,0,0,0,0,0,0,0,0,0,0,0,0,0,0,0,0,0,0,0,0,0,0,0,0,0,0,0,0,0,0,0,0,0,0,0,0,0,0,0,0,0,0,0,0,0,0,0,0,0,0,0,0,0,0,0,0,0,0,0,0,0,0,0,0,0,0,0,0,0,0,0,0,0,0,0,0,0,0,0,0,0,0,0,0,0,0,0,0,0,0,0,0,0,0,0,0,0,0,0,0,0,0,0,0,0,0,0,0,0,0,0,0,0,0,0,0,0,0,0,0,0,0,0,0,0,0,0,0,0,0,0,0,0,0,0,0,0,0,0,0,0,0,0,0,0,0,0,0,0,0,0,0,0,0,0,0,0,0,0,0,0,0,0,0,0,0,0,0,0,0,0,0,0,0,0,0,0,0,0,0,0,0,0,0,0,0,0,0,0,0,0,0,0,0,0,0,0,0,0,0,0,0,0,0,0,0,0,0,0,0,0,0,0,0,0,0,0,0,0,0,0,0,0,0,0,0,0,0,0,0,0,0,0,0,0,0,0,0,0,0,0,0,0,0,0,0,0,0,0,0,0,0,0,0,0,0,0,0,0,0,0,0,0,0,0,0,0,0,0,0,0,0,0,0,0,0,0,0,0,0,0,0,0,0,0,0,0,0,-0.07584763,0.23996936,-0.26727247,1.2817994,0.06585172,-0.14099796,1.0107929,-1.0181744,0.56127656,-0.2473509,-0.44389993,0.15824388,-0.63621366,0.62245303,-0.21273652,-0.21101102,1.0070804,0.060675245,0.638453,0.5803092,-0.5183051,0.40796936,-0.037677698,0.23160335,0.5233158,0.101720996,0.30606088,0.36221772,0.56383866,0.3817733,0.06977329,0.099786356,0.03359028,0.0709759,-0.49341625,-0.36081496,-0.02225286,-0.24761234,0.8493288,-0.44170383,0.45230922,0.109511845,-0.3753509,0.7614334,0.35081902,0.561538,-0.29210907,0.50773406,0.37220466,-0.8803444,0.5422962,-0.20034437,0.28932884,-0.1155339,-0.026435865,0.19719812,0.5514465,-0.5338346,0.28289747,-0.32588685,-0.33174306,0.30224386,-0.1833509,0.32749876,0.6987929,0.469721,-0.54910254,0.18077981,0.43521118,0.37894976,-0.00970384,0.34396937,0.0115249185,0.57016546,-0.3513509,-0.36567768,-0.6414424,0.7804138,-0.3971548,0.3143223,-0.17718096,-0.21524632,0.545172,0.86862296,0.374453,0.5604922,0.13978636,-0.45310253,0.07777329,0.3160478,-0.13221364,-0.402279,0.7304269,0.14872754,0.49628308,0.06783865,-0.47485417,-0.58800447,-0.24682802,0.798087,0.03892361,-0.557364,0.31406087,0.33910662,0.1029759,-0.30941626,0.03228309,-0.79197836,0.5265576,0.2928844,-0.30580842,0.060466096,0.36598244,-0.7095208,-0.03589992,-0.26235744,0.45408702,-0.20426594,0.16545956,-0.59501106,0.013302696,0.39087132,0.015969362,-0.86638355,-0.03699796,0.3307406,0.112126224,0.27228308,-0.490279,-0.20510253,-1.0198476,-0.22727247,-0.1912986,0.44430923,0.27751184,0.5090935,-0.43574306,-0.6565535,0.047498774,0.17084518,0.1518125,-0.6757953,-0.0029064543,0.28258374,-0.060631946,-0.07349469,-0.2456254,0.30276674,-0.46742934,-0.25435743,0.094348446,0.20091054,-0.6093378,0.29298896,0.02334191,-0.09791299,-0.8287888,0.16953799,0.072126225,0.3450674,0.28300205,0.011211193,-0.18152083,-1.1291287,-0.28850123,0.045093548,0.39113277,-0.6321875,-0.09299796,0.19176021,-0.11182149,-0.3863836,-0.20379534,0.24310662,0.42281905,0.092100084,-0.4856777,-0.045729984,-0.28306332,0.30177328,-0.40201756,-0.4309326,-0.84886724,-0.36756006,-0.47370383,0.06480596,-0.2577561,-0.329547,0.3808844,0.108884394,0.33304125,-0.012004494,-0.5387496,0.14020465,-0.14016135,0.3509759,0.12833537,0.0473942,0.058008578,-0.7779653,0.60922426,0.013459559,0.7508713,0.0047798203,-0.16091953,-0.5561091,0.0953942,0.10841381,0.0119955065,-0.33252737,0.020047795,-0.23861887,0.2486491,-0.3341483,0.25429615,0.6466622,0.55542034,0.25246608,-0.1484228,-0.1454424,-0.06539012,0.43829617,-0.22397836,0.44849223,-0.0675339,-0.06444894,0.5414073,0.6870805,-0.24050122,-0.2275339,0.086923614,0.30015236,0.29298896,0.249904,-0.37184763,0.95249224,-0.13226593,0.13696283,0.6407014,0.19672753,0.018270016,0.24566871,0.31400856,0.036727533,0.38281903,-0.39443585,0.019315768,-0.4818607,-0.029050246,0.4195249,-0.6805012,0.41037458,-0.24531168,-0.7191417,-0.4708803,-0.5399522,0.117930144,0.06621773,0.018897468,0.11834845,-0.037311684,0.3812504,0.021145834,-0.02246201,-0.009128677,0.15531577,-0.16881496,0.018060867,-0.06889338,-0.010435866,0.1842308,0.32368177,0.17434844,0.05466217,-0.10695874,-0.09796528,0.35610008,0.2679955,-0.75956005,-0.13880187,-0.38690645,-0.46136397,0.45936805,0.174087,0.59578633,0.1825576,-0.11396528,0.11191708,-0.13336398,0.14093669,-0.4758999,0.16645302,-0.33383456,-0.02439665,0.3228452,0.46982557,-0.24996528,0.30187786,0.3484138,0.19338113,0.43149877,-0.641181,0.9404661,0.17230923,0.20451838,-0.036631946,-0.32546854,-0.31375614,0.19494976,-0.4002398,0.35793015,0.14234845,0.025067402,-0.6132071,1.0562308,-0.39328554,0.502453,0.15447916,-0.2874032,-0.08698489,0.32514584,-0.107377045,-0.58282804,0.41053146,-0.46366462,0.20687133,0.08111969,0.5112373,0.25011316,-0.13268423,0.51118505,0.073067404,0.33058375,0.12603472,0.15808702,0.15657067,-0.40897182,0.22370793,0.49727654,-0.2187496,-0.40238357,0.33084518,-0.60222673,-0.21069731,0.06815237,-0.16384763,-0.41603065,-0.47020057,0.66867524,0.4427929,0.6299824,0.62574714,-0.111873776,-0.17388685,-0.085102536,-0.42136398,0.253721,-0.46434435,0.6895903,0.43583864,0.35881904,-0.06183456,0.018060867,0.31583863,-0.38016135,-0.6367888,-0.19433129,0.0553942,-0.70659274,0.09602165,0.28734192,-0.11506332,-0.3921875,0.49905434,-0.0658607,-0.12552084,0.6271589,-0.4077692,-0.049128678,-0.75830513,-0.32452738,-0.117729984,0.04195629,-0.08620057,-0.30988684,-0.6268019,0.3165184,-0.08991299,-0.29299796,-0.055612337,-0.22293259,0.15871446,0.6087014,0.65502816,0.28943342,0.5281785,0.27040073,0.13251838,0.4595772,0.4734334,0.01884518,0.28258374,-0.3512986,0.1968321,-0.23673652,-0.007560049,-0.32274958,0.3294334,-0.2999522,-0.41399142,-0.501364,0.053616423,0.50872755,-0.5732594,0.8549759,0.06705433,-0.09540319,-0.03522018,0.11698897,-0.2822267,0.26825693,-0.100004494,-0.8692071,0.1412504,-0.26518098,-0.5733117,0.24305433,-0.38193914,0.73398244,0.20629616,-0.3905666,-0.5880568,-0.23103717,0.1644661,-0.35783455,0.47296283,0.26271448,0.31494975,0.5484661,-0.2313509,0.18025695,0.080805965,0.89361644,0.13523734,0.2708713,-0.4279522,-0.33796528,0.58496284,-0.0004489379,-0.5858607,0.104073934,0.24389093,-0.033599265,-0.16133782,0.19803472,0.17481904,0.11798243,-0.19040972,-0.35945547,0.74057066,-0.33430514,-0.30523324,-0.09048815,0.18496282,0.5066883,-0.34063193,0.026688317,0.47463602,-0.06884109,0.41607395,-0.34695876,-0.5672986,0.25628307,0.08514583,-0.22905025,-0.01942933,0.006819036,0.23479289,-0.92076266,-0.1871679,-0.43077573,0.68545955,0.07928962,-0.5724228,-0.3117692,-0.34769076,-0.35914174,-0.30366462,-0.21221365,-0.0713509,-0.76358616,-0.08912867,0.3249367,-0.17106332,-0.034958743,-0.018226715,0.07416544,0.03160335,0.16049224,0.18203472,-0.11040972,0.3905576,-0.1210241,-0.39626592,0.318087,-0.16923325,0.63908046,0.45408702,-0.34047508,-0.18857966,0.4179563,-0.34643587,-0.5277692,0.053093545,-0.5971548,-0.34831822,0.4165968,0.054139297,-0.5210764,-0.29754698,-0.0011286765,0.28802165,0.10799551,0.317721,-0.28389993,-1.0185404,-0.29843587,0.2793419,-0.39788684,-0.020997958,-0.16227901,-0.27495873,0.6473419,0.09518505,-0.5750372,-0.26073653,0.18355106,-0.8358999,0.08671446,-0.09247508,0.3207014,-0.33582148,0.25011316,-0.06732476,0.05257067,-0.00797835,-0.09059273,-0.21707639,0.20352492,0.3013027,-0.3374424,-0.11882802,0.4293027,0.36666217,0.2010674,0.14391707,0.013459559,0.04587786,0.18569486,-0.19213521,0.24676675,-0.68756,0.27332884,-0.12750776,-0.19323325,-0.57650125,-0.46925938,-0.63265806,-0.33127245,0.3736687,-0.15814829,0.4087014,-0.020893382,0.16833538,0.43228307,-0.15166463,0.17042688,0.35787785,0.83745956,-0.67715484,-0.44614828,0.07374714,0.23453145,-0.18486723,-0.03004371,-0.36630514,0.057694852,0.30616543,0.3517602,-0.24227901,-0.03605678,-0.040448938,0.099786356,0.027629493,0.43667525,1.0428975,0.3282831,0.13989092,0.11379943,0.3488321,-0.63150775,-0.15454043,-0.33937705,0.26919812,-0.22115482,-0.25226593,-0.3079522,0.26067525,0.42224386,0.04870139,-0.11454044,-0.5293901,0.09544649,-0.09263194,-0.020527368,-0.43699795,-0.19297181,-0.6035339,0.5511851,0.27066216,0.12525041,0.39066216,-0.07637051,0.047864787,0.35118505,-0.53158617,0.3463223,-0.037939135,0.17952491,0.23902819,0.07311969,0.022400735,-0.0957692,-0.16949469,0.021459559,0.33811316,-0.2305143,-0.22382149,0.38077983,0.06715891,0.2242308,0.5917602,0.017642565,-0.5004751,-0.88546854,0.10726348,-0.25101104,-0.2886058,0.03636152,-0.2288411,-0.37388685,-0.57038355,0.14522426,0.31113276,-0.60222673,-0.29576918,-0.28442279,-0.7098346,-0.17362541,-0.20280188,0.12457067,0.10098897,-0.08217443,-0.3585143,-0.34941626,-0.33043587,0.45021772,-0.3636385,-0.5601875,-0.21728554,0.27557722,-0.16724633,0.055917077,-0.2368411,0.04932884,0.0040477943,-0.055926062,0.1198125,-0.885364,0.21769485,-0.11229207,-0.8212594,0.7308975,0.36174715,0.19060989,-0.370279,-0.0095469775,0.1850674,-0.12599142,0.44174713,0.31233537,-0.3378084,0.035838645,0.07186479,0.19547263,-0.34162542,0.2444661,-0.029939134,-0.17561233,0.2246491,0.10663603,-0.104135215,-0.24923325,0.5722569,-0.15746854,0.012832108,0.039028186,-0.6882921,0.24891055,0.23887132,-0.05472345,0.2899563,-0.46580842,-0.12510253,0.201538,0.4507406,0.3850674,-0.12557311,-0.09848815,-0.48844895,0.11610008,-0.4928411,0.07479289,0.337904,-0.41665807,0.059368055,0.40535498,0.453721,0.04650531,-0.13294567,0.4764661,0.15317197,-1.1092594,0.8032635,0.18443996,0.5038125,0.29696283,0.21518505,0.15134192,-0.043586195,0.23207393,-0.23271038,-0.25979534,0.56718504,-0.11490645,-0.22847508,-0.4557692,0.38914582,-0.27846202,0.44734192,-0.10821364,-0.4911679,-0.19119404,0.14647916,0.3328844,0.40190402,0.40216544,-0.34507638,0.34778637,-0.8995339,-0.5155862,0.0052504083,0.5338256,-0.34392607,0.31970793,-0.42711562,-0.32003063,-0.39239666,-0.0776777,0.35787785,0.20713276,-0.049128678,-0.23082802,-0.6308803,0.08415237,-0.33289337,-0.0070894607,0.28812623,-0.2423313,0.12666218,0.2752112,-0.16881496,-0.0241875,-0.2258607,-0.49979535,0.058270015,0.10036152,0.37267524,0.33142033,0.3400478,0.33277982,0.16347264,0.61037457,-0.32165155,0.02491054,0.1454857,-0.3551156,-0.17488031,-0.036109067,-0.013886847,-0.25681496,-0.0477692,0.08357721,-0.13812214,0.21178636,0.58825696,0.100727536,-0.12369077,-0.20897181,-0.4081875,-0.39778227,-0.47328553,0.19610009,0.47991708,-0.641181,-0.40599144,0.25147262,-0.025180964,0.3407798,-0.015612337,-0.4300437,0.12195629,0.050060865,0.078191586,-0.5316908,-0.9093117,0.031080473,0.2865053,-0.29749468,0.1644661,0.12389093,-0.39830515,-0.018958742,0.20101511,0.15416545,0.087237336,0.48253146,0.31160334,-0.28572997,-0.22570384,0.40770793,0.026583742,-0.30999142,-0.08280188,0.2802308,-0.40306333,0.6424792,0.29215237,-0.32008293,0.6927275,-0.37937704,0.17863603,-0.47328553,0.08603472,-0.05603064,0.12713276,0.2296687,0.23908047,0.23568179,0.5781654,0.4691981,-0.7978346,-0.3034032,-0.15156005,0.45267525,-0.023246324,-0.1947496,-0.11129861,0.4478648,-0.12625286,0.029930146,0.4633942,-0.41210908,0.55280596,-0.08625286,0.07934191,0.18491054,-0.1841875,0.36179942,0.3269236,0.20959027,0.35949877,-0.16086724,-0.03563848,-0.0032724673,0.13011315,-0.5442921,0.39447916,-0.5458607,0.9672896,0.10360335,-0.29127246,0.03374714,0.37691054,-0.27663195,-0.38272345,-0.11882802,0.23019159,-0.75438356,0.21429616,-0.056239787,-0.39553392,-0.08891953,-0.16682802,-0.25650123,0.02987786,-0.03699796,-0.088710375,0.5798909,0.2865053,0.5466883,-0.48301104,0.48415238,-0.24348162,0.5115511,-0.05556005,-0.23668423,0.0052504083,-0.134096,0.046243872,-0.2207888,-0.2725535,-0.15746854,0.0013811274,-0.24327247,-0.4052594,-0.17169076,-0.21644893,-0.12264501,0.07829616,0.08708047,-0.7161091,0.032073937,-0.294096,-0.34779534,0.49779943,-0.15542933,0.6013811,0.57968175,-0.1320045,0.26532885,-0.17770384,-0.24515481,0.034322303,-0.48421365,-0.57132477,-0.4453117,0.038191587,-0.05916789,-0.5394293,-0.25796527,0.13340726,-0.02763848,-0.092579655,0.103707924,-0.020265931,-0.23537704,-0.0801875,0.40179944,-0.008030637,-0.08463194,0.36493668,-0.24588685,-0.079403184,0.09654453,-0.30099794,-0.48698488,0.17779943,0.2958125,0.020988971,-0.58125937,0.12410008,-0.18256658,0.80660987,0.3043354,0.30428308,-0.015455474,-0.7858607,0.0022700164,-0.6198999,-0.029416258,-0.14659272,0.0734857,-0.2603705,-0.047612336,-0.5907757,-0.24306332,-0.14800449,0.013250409,-0.23940319,0.673904,-0.08792606,0.32718503,-0.4453117,-0.39537704,0.25011316,-0.69482803,0.29523733,-0.4663313,-0.31485417,0.30538112,0.20791708,0.3155249,-0.080658086,-0.2191156,0.43207395,0.24551184,0.1795772,-0.43961233,0.27782556,-0.63537705,0.15322426,0.11128963,-0.02570384,-0.13017443,-0.07391299,0.22428308,-0.18957312,0.01257067,0.30606088,-0.2573901,-0.01336397,0.053041257,0.21701512,-0.5433509,1.5773288,0.24352492,0.25638765,1.6984792,-0.17153391,-0.55830514,0.5597602,1.174453,-0.45404372,-0.37090644,0.35913277,-0.2814424,0.02229616,-0.8044228,1.135708,0.16132884,0.61183864,-0.26852736,-1.5724751,-0.45054045,1.4047276,-0.46152082,-1.0677431,0.29037458,-0.32050124,-0.8677431,-0.6473509,0.061302695,1.0631328,-0.83145547,-0.48112866,0.74360335,-0.8006581,0.31672752,-0.051586192,-0.5955862,0.47029617,0.66077983,0.23761642,1.1874204,0.5831851,-0.21315482,0.53356415,-0.69467115,1.0545576,0.47081903,1.3362831,0.07311969,-1.166096,-0.21838358,0.40765563,0.43887132,0.8972766,0.71359026,0.28708047,-0.16541626,-1.0576515,-0.7841352,1.3631066,-0.3960045,-0.3778607,-0.4637692,0.4810674,0.03395629,0.05518505,0.67468834,-0.40766463,0.0086491015,-0.10152084,-0.010958741,0.7841785,-0.27663195,0.96049225,-0.4649718,-0.9905143,-0.08008292,0.49340728,-0.4536254,-0.59433126,-0.7820437,-0.34727246,0.07787786,0.10773407,-0.8430633,-0.9837169,-0.52583456,-0.5583574,1.4965445,-1.2113248,0.6709759,0.3556295,-0.67495877,-0.15945548,-1.2358999,0.17774715,-0.101573125,0.46428308,-0.9828803,-1.1426189,-0.41017443,-0.32374305,0.81220466,1.1802046,-0.52510256,1.2213027,-0.63767767,0.273904,0.10470139,-0.9547496,1.4737995,-0.07950776,1.2808583,-0.22183456,-0.31454045,-0.5810502,0.8159171,0.41340727,-0.5796385,1.0755773,-1.164841,0.24718505,0.10088439,0.09905433,1.1805184,-1.0145665,0.48608702,-0.4653378,
0,0,0,0,0,0,0,0,0,0,0,0,0,0,0,0,0,0,0,0,0,0,0,0,0,0,0,0,0,0,0,0,0,0,0,0,0,0,0,0,0,0,0,0,0,0,0,0,0,0,0,0,0,0,0,0,0,0,0,0,0,0,0,0,0,0,0,0,0,0,0,0,0,0,0,0,0,0,0,0,0,0,0,0,0,0,0,0,1,0,0,0,0,0,0,0,0,0,0,0,0,0,0,0,0,0,0,0,0,0,0,0,0,0,0,0,0,0,0,0,0,0,0,0,0,0,0,0,0,0,0,0,0,0,0,0,0,0,0,0,0,0,0,0,0,0,0,0,0,0,0,0,0,0,0,0,0,0,0,0,0,0,0,0,0,0,0,0,0,0,0,0,0,0,0,0,0,0,0,0,0,0,0,0,1,0,0,0,0,0,0,0,0,0,0,0,0,0,0,0,0,0,0,0,0,0,0,0,0,0,0,0,0,0,0,0,0,0,0,0,0,0,0,0,0,0,0,0,0,0,0,0,0,0,0,0,0,0,0,0,0,0,0,0,0,0,0,0,0,0,0,0,0,0,0,0,0,0,0,0,0,0,0,0,0,0,0,0,0,0,0,0,0,0,0,0,0,0,0,0,0,0,0,0,0,0,0,0,0,0,0,0,0,0,0,0,0,0,0,0,0,0,0,0,0,0,0,0,0,0,0,0,0,0,0,0,0,0,0,0,0,0,0,0,0,0,0,0,0,0,0,0,0,0,0,0,0,0,0,0,0,0,0,0,0,0,0,0,0,0,0,0,0,0,0,0,0,0,0,0,0,0,0,0,1,0,0,0,0,0,0,0,0,0,0,0,0,0,0,0,1,0,0,0,0,0,0,0,0,0,0,0,0,0,0,0,0,0,0,0,0,0,0,0,0,0,0,0,0,0,0,0,0,0,0,0,0,0,0,0,0,0,0,0,0,0,0,0,0,0,0,0,0,0,0,0,0,0,0,0,0,0,0,0,0,0,0,0,0,0,0,0,0,0,0,0,0,0,0,0,0,0,0,0,0,0,0,0,0,0,0,0,0,0,0,0,0,0,0,0,0,0,0,0,0,0,0,0,0,0,0,0,0,0,0,0,0,0,0,0,0,0,0,0,0,0,0,0,0,0,0,0,0,0,0,0,0,0,0,0,0,0,0,0,0,0,0,0,0,0,0,0,0,0,0,0,0,0,0,0,0,0,0,0,0,0,0,0,0,0,0,0,0,0,0,0,0,0,0,0,0,0,0,0,0,0,0,0,0,0,0,0,0,0,0,0,0,0,0,0,0,0,0,0,0,0,0,0,0,0,0,0,0,0,0,0,0,0,0,0,0,0,0,0,0,0,0,0,0,0,0,0,0,0,0,0,0,0,0,0,0,0,0,0,0,0,0,0,0,0,0,0,0,0,0,0,0,0,0,0,0,0,0,0,0,0,0,0,0,0,0,0,0,0,0,0,0,0,0,0,0,0,0,0,0,0,0,0,0,0,0,0,0,0,0,0,0,0,0,0,0,0,0,0,0,0,0,0,0,0,0,0,0,0,0,0,0,0,0,0,0,0,0,0,0,0,0,0,0,0,0,0,0,0,0,0,0,0,0,0,0,0,0,0,0,0,0,0,0,0,0,0,0,0,0,0,0,0,0,0,0,0,0,0,0,0,0,0,0,0,0,0,0,0,0,0,0,0,0,0,0,0,0,0,0,0,0,0,0,0,0,0,0,0,0,0,0,0,0,0,0,0,0,0,0,0,0,0,0,0,0,0,0,0,0,0,0,0,0,0,0,0,0,0,0,0,0,0,0,0,0,0,0,0,0,0,0,0,0,0,0,0,0,0,0,0,0,0,0,0,0,0,0,0,0,0,0,0,0,0,0,0,0,0,0,0,0,0,0,0,0,0,0,0,0,0,0,0,0,0,0,0,0,0,0,0,0,0,0,0,0,0,0,0,0,0,0,0,0,0,0,0,0,0,0,0,0,0,0,0,0,0,0,0,0,0,0,0,0,0,0,0,0,0,0,0,0,0,0,0,0,0,0,0,0,0,0,0,0,0,0,0,0,0,0,0,0,0,0,0,0,0,0,0,0,0,0,0,0,0,0,0,0,0,0,0,0,0,0,0,0,0,0,0,0,0,0,0,0,0,0,0,0,0,0,0,0,0,0,0,0,0,0,0,0,0,0,0,0,0,0,0,0,0,0,0,0,0,0,0,0,0,0,0,0,0,0,0,0,0,0,0,0,0,0,0,0,0,0,0,0,0,0,0,0,0,0,0,0,0,0,0,0,0,0,0,0,0,0,0,0,0,0,0,0,0,0,0,0,0,0,0,0,0,0,0,0,0,0,0,0,0,0,0,0,0,0,0,0,0,0,0,0,0,0,0,0,0,0,0,0,0,0,0,0,0,0,0,0,0,0,0,0,0,0,0,0,0,0,0,0,0,0,0,0,0,0,0,0,0,0,0,0,0,0,0,0,0,0,0,0,0,0,0,0,0,0,0,0,0,0,0,0,0,0,0,0,0,0,0,0,0,0,0,0,0,0,0,0,0,0,0,0,0,0,0,0,0,0,0,0,0,0,0,0,0,0,0,0,0,0,0,0,0,0,0,0,0,0,0,0,0,0,0,0,0,0,0,0,0,0,0,0,0,0,0,0,0,0,0,0,0,0,0,0,0,0,0,0,0,0,0,0,0,0,0,0,0,0,0,0,0,0,0,0,0,0,0,0,0,0,0,0,0,0,0,0,0,0,0,0,0,0,0,0,0,0,0,0,0,0,0,0,0,0,0,0,0,0,0,0,0,0,0,0,0,0,0,0,0,0,0,0,0,0,0,0,0,0,0,0,0,0,0,0,0,0,0,0,0,0,0,0,0,0,0,0,0,0,0,0,0,0,0,0,0,0,0,0,0,0,0,0,0,0,0,0,0,0,0,0,0,0,0,0,0,0,0,0,0,0,0,0,0,0,0,0,0,0,0,0,0,0,0,0,0,0,0,0,0,0,0,0,0,0,0,0,0,0,0,0,0,0,0,0,0,0,0,0,0,0,0,0,0,0,0,0,0,0,0,0,0,0,0,0,0,0,0,0,0,0,0,0,0,0,0,0,0,0,0,0,0,0,0,0,0,0,0,0,0,0,0,0,0,0,0,0,0,0,0,0,0,0,0,0,0,0,0,0,0,0,0,0,0,0,0,0,0,0,0,0,0,0,0,0,0,0,0,0,0,0,0,0,0,0,0,0,0,0,0,0,0,0,0,0,0,0,0,0,0,0,0,0,0,0,0,0,0,0,0,0,0,0,0,0,0,0,0,0,0,0,0,0,0,0,0,0,0,0,0,0,0,0,0,0,0,0,0,0,0,0,0,0,0,0,0,0,0,0,0,0,0,0,0,0,0,0,0,0,0,0,0,0,0,0,0,0,0,0,0,0,0,0,0,0,0,0,0,0,0,0,0,0,0,0,0,0,0,0,0,0,0,0,0,0,0,0,0,0,0,0,0,0,0,0,0,0,0,0,0,0,0,0,0,0,0,0,0,0,0,0,0,0,0,0,0,0,0,0,0,0,0,0,0,0,0,0,0,0,0,0,0,0,0,0,0,0,0,0,0,0,0,0,0,0,0,0,0,0,0,0,0,0,0,0,0,0,0,0,0,0,0,0,0,0,0,0,0,0,0,0,0,0,0,0,0,0,0,0,0,0,0,0,0,0,0,0,0,0,0,0,0,0,0,0,0,0,0,0,0,0,0,0,0,0,0,0,0,0,0,0,0,0,0,0,0,0,0,0,0,0,0,0,0,0,0,0,0,0,0,0,0,0,0,0,0,0,0,0,0,0,0,0,0,0,0,0,0,0,0,0,0,0,0,0,0,0,0,0,0,0,0,0,0,0,0,0,0,0,0,0,0,0,0,0,0,0,0,0,0,0,0,0,0,0,0,0,0,0,0,0,0,0,0,0,0,0,0,0,0,0,0,0,0,0,0,0,0,0,0,0,0,0,0,0,0,0,0,0,0,0,0,0,0,0,0,0,0,0,0,0,0,0,0,0,0,0,0,0,0,0,0,0,0,0,0,0,0,0,0,0,0,0,0,0,0,0,0,0,0,0,0,0,0,0,0,0,0,0,0,0,0,0,0,0,0,0,0,0,0,0,0,0,0,0,0,0,0,0,0,0,0,0,0,0,0,0,0,0,0,0,0,0,0,0,0,0,0,0,0,0,0,0,0,0,0,0,0,0,0,0,0,0,0,0,0,0,0,0,0,0,0,0,0,0,0,0,0,0,0,0,0,0,0,0,0,0,0,0,0,0,0,0,0,0,0,0,0,0,0,0,0,0,0,0,0,0,0,0,0,0,0,0,0,0,0,0,0,0,0,0,0,0,0,0,0,0,0,0,0,0,0,0,0,0,0,0,0,0,0,0,0,0,0,0,0,0,0,0,0,0,0,0,0,0,0,0,0,0,0,0,0,0,0,0,0,0,0,0,0,0,0,0,0,0,0,0,0,0,0,0,0,0,0,0,0,0,0,0,0,0,0,0,0,0,0,0,0,0,0,0,0,0,0,0,0,0,0,0,0,0,0,0,0,0,0,0,0,0,0,0,0,0,0,0,0,0,0,0,0,0,0,0,0,0,0,0,0,0,0,0,0,0,0,0,0,0,0,0,0,0,0,0,0,0,0,0,0,0,0,0,0,0,0,0,0,0,0,0,0,0,0,0,0,0,0,0,0,0,0,0,0,0,0,0,0,0,0,0,0,0,0,0,0,0,0,0,0,0,0,0,0,0,0,0,0,0,0,0,0,0,0,0,0,0,0,0,0,0,0,0,0,0,0,0,0,0,0,0,0,0,0,0,0,0,0,0,0,0,0,0,0,0,0,0,0,0,0,0,0,0,0,0,0,0,0,0,0,0,0,0,0,0,0,0,0,0,0,0,0,0,0,0,0,0,0,0,0,0,0,0,0,0,0,0,0,0,0,0,0,0,0,0,0,0,0,0,0,0,0,0,0,0,0,0,0,0,0,0,0,0,0,0,0,0,0,0,0,0,0,0,0,0,0,0,0,0,0,0,0,0,0,0,0,0,0,0,0,0,0,0,0,0,0,0,0,0,0,0,0,0,0,0,0,0,0,0,0,0,0,0,0,0,0,0,0,0,0,0,0,0,0,0,0,0,0,0,0,0,0,0,0,0,0,0,0,0,0,0,0,0,0,0,0,0,0,0,0,0,0,0,0,0,0,0,0,0,0,0,0,0,0,0,0,0,0,0,0,0,0,0,0,0,0,0,0,0,0,0,0,0,0,0,0,0,0,0,0,0,0,0,0,0,0,0,0,0,0,0,0,0,0,0,0,0,0,0,0,0,0,0,0,0,0,0,0,0,0,0,0,0,0,0,0,0,0,0,0,0,0,0,0,0,0,0,0,0,0,0,0,0,0,0,0,0,0,0,0,0,0,0,0,0,0,0,0,0,0,0,0,0,0,0,0,0,0,0,0,0,0,0,0,0,0,0,0,0,0,0,0,0,0,0,0,0,0,0,0,0,0,0,0,0,0,0,0,0,0,0,0,0,0,0,0,0,0,0,0,0,0,0,0,0,0,0,0,0,0,0,0,0,0,0,0,0,0,0,0,0,0,0,0,0,0,0,0,0,0,0,0,0,0,0,0,0,0,0,0,0,0,0,0,0,0,0,0,0,0,0,0,0,0,0,0,0,0,0,0,0,0,0,0,0,0,0,0,0,0,0,0,0,0,0,0,0,0,0,0,0,0,0,0,0,0,0,0,0,0,0,0,0,0,0,0,0,0,0,0,0,0,0,0,0,0,0,0,0,0,0,0,0,0,0,0,0,0,0,0,0,0,0,0,0,0,0,0,0,0,0,0,0,0,0,0,0,0,0,0,0,0,0,0,0,0,0,0,0,0,0,0,0,0,0,0,0,0,0,0,0,0,0,0,0,0,0,0,0,0,0,0,0,0,0,0,0,0,0,0,0,0,0,0,0,0,0,0,0,0,0,0,0,0,0,0,0,0,0,0,0,0,0,0,0,0,0,0,0,0,0,0,0,0,0,0,0,0,0,0,0,0,0,0,0,0,0,0,0,0,0,0,0,0,0,0,0,0,0,0,0,0,0,0,0,0,0,0,0,0,0,0,0,0,0,0,0,0,0,0,0,0,0,0,0,0,0,0,0,0,0,0,0,0,0,0,0,0,0,0,0,0,0,0,0,0,0,0,0,0,0,0,0,0,0,0,0,0,0,0,0,0,0,0,0,0,0,0,0,0,0,0,0,0,0,0,0,0,0,0,0,0,0,0,0,0,0,0,0,0,0,0,0,0,0,0,0,0,0,0,0,0,0,0,0,0,0,0,0,0,0,0,0,0,0,0,0,0,0,0,0,0,0,0,0,0,0,0,0,0,0,0,0,0,0,0,0,0,0,0,0,0,0,0,0,0,0,0,0,0,0,0,0,0,0,0,0,0,0,0,0,0,0,0,0,0,0,0,0,0,0,0,0,0,0,0,0,0,0,0,0,0,0,0,0,0,0,0,0,0,0,0,0,0,0,0,0,0,0,0,0,0,0,0,0,0,0,0,0,0,0,0,0,0,0,0,0,0,0,0,0,0,0,0,0,0,0,0,0,0,0,0,0,0,0,0,0,0,0,0,0,0,0,0,0,0,0,0,0,0,0,0,0,0,0,0,0,0,0,0,0,0,0,0,0,0,0,0,0,0,0,0,0,0,0,0,0,0,0,0,0,0,0,0,0,0,0,0,0,0,0,0,0,0,0,0,0,0,0,0,0,0,0,0,0,0,0,0,0,0,0,0,0,0,0,0,0,0,0,0,0,0,0,0,0,0,0,0,0,0,0,0,0,0,0,0,0,0,0,0,0,0,0,0,0,0,0,0,0,0,0,0,0,0,0,0,0,0,0,0,0,0,0,0,0,0,0,0,0,0,0,0,0,0,0,0,0,0,0,0,0,0,0,0,0,0,0,0,0,0,0,0,0,0,0,0,0,0,0,0,0,0,0,0,0,0,0,0,0,0,0,0,0,0,0,0,0,0,0,0,0,0,0,0,0,0,0,0,0,0,0,0,0,0,0,0,0,0,0,0,0,0,0,0,0,0,0,0,0,0,0,0,0,0,0,0,0,0,0,0,0,0,0,0,0,0,0,0,0,0,0,0,0,0,0,0,0,0,0,0,0,0,0,0,0,0,0,0,0,0,0,0,0,0,0,0,0,0,0,0,0,0,0,0,0,0,0,0,0,0,0,0,0,0,0,0,0,0,0,0,0,0,0,0,0,0,0,0,0,0,0,0,0,0,0,0,0,0,0,0,0,0,0,0,0,0,0,0,0,0,0,0,0,0,0,0,0,0,0,0,0,0,0,0,0,0,0,0,0,0,0,0,0,0,0,0,0,0,0,0,0,0,0,0,0,0,0,0,0,0,0,0,0,0,0,0,0,0,0,0,0,0,0,0,0,0,0,0,0,0,0,0,0,0,0,0,0,0,0,0,0,0,0,0,0,0,0,0,0,0,0,0,0,0,0,0,0,0,0,0,0,0,0,0,0,0,0,0,0,0,0,0,0,0,0,0,0,0,0,0,0,0,0,0,0,0,0,0,0,0,0,0,0,0,0,0,0,0,0,0,0,0,0,0,0,0,0,0,0,0,0,0,0,0,0,0,0,0,0,0,0,0,0,0,0,0,0,0,0,0,0,0,0,0,0,0,0,0,0,0,0,0,0,0,0,0,0,0,0,0,0,0,0,0,0,0,0,0,0,0,0,0,0,0,0,0,0,0,0,0,0,0,0,0,0,0,0,0,0,0,0,0,0,0,0,0,0,0,0,0,0,0,0,0,0,0,0,0,0,0,0,0,0,0,0,0,0,0,0,0,0,0,0,0,0,0,0,0,0,0,0,0,0,0,0,0,0,0,0,0,0,0,0,0,0,0,0,0,0,0,0,0,0,0,0,0,0,0,0,0,0,0,0,0,0,0,0,0,0,0,0,0,0,0,0,0,0,0,0,0,0,0,0,0,0,0,0,0,0,0,0,0,0,0,0,0,0,0,0,0,0,0,0,0,0,0,0,0,0,0,0,0,0,0,0,0,0,0,0,0,0,0,0,0,0,0,0,0,0,0,0,0,0,0,0,0,0,0,0,0,0,0,0,0,0,0,0,0,0,0,0,0,0,0,0,0,0,0,0,0,0,0,0,0,0,0,0,0,0,0,0,0,0,0,0,0,0,0,0,0,0,0,0,0,0,0,0,0,0,0,0,0,0,0,0,0,0,0,0,0,0,0,0,0,0,0,0,0,0,0,0,0,0,0,0,0,0,0,0,0,0,0,0,0,0,0,0,0,0,0,0,0,0,0,0,0,0,0,0,0,0,0,0,0,0,0,0,0,0,0,0,0,0,0,0,0,0,0,0,0,0,0,0,0,0,0,0,0,0,0,0,0,0,0,0,0,0,0,0,0,0,0,0,0,0,0,0,0,0,0,0,0,0,0,0,0,0,0,0,0,0,0,0,0,0,0,0,0,0,0,0,0,0,0,0,0,0,0,0,0,0,0,0,0,0,0,0,0,0,0,0,0,0,0,0,0,0,0,0,0,0,0,0,0,0,0,0,0,0,0,0,0,0,0,0,0,0,0,0,0,0,0,0,0,-0.25502983,0.5180053,-0.67026234,-0.18528424,-0.24867754,-0.015457635,-0.39853978,0.010729369,1.0272259,-0.33164626,-0.40411425,-0.57627434,1.2421668,-0.37390846,0.39290404,0.30721292,0.45253783,0.8598624,0.15968415,-0.02336559,0.548989,-0.55112445,0.09045713,0.1752408,-0.57381123,-0.010920282,0.5908623,-0.28277248,0.74850285,0.55767477,0.49207762,-0.2029151,-0.21717535,0.0531212,0.17977814,-0.08403647,-0.4227822,-0.08170298,0.36192042,1.0228182,-0.17011653,0.24018975,0.19248272,-0.076906346,0.16098054,0.42946216,-0.75141615,-0.27551273,-0.7996417,0.08838291,0.15825814,0.24524565,0.59578854,-0.2962549,0.7033886,-0.24828862,0.075419046,-1.020157,-1.1390357,-0.47632298,-0.20304474,0.22878155,0.4259619,0.39251515,0.70364785,0.5552116,0.37138405,0.05701036,-0.15676375,0.23889336,0.69016546,0.223596,-0.41020727,0.007747681,-0.4382092,0.6571076,-0.39024293,-0.068090916,0.041453727,-0.3026072,0.32964042,-0.948078,0.76807827,0.049102403,0.45201927,-0.71135783,-0.08235117,0.6283278,-0.2998848,-0.24880718,0.061936628,-0.7777328,-0.56590325,-0.2985884,0.22139214,-0.08027695,0.3490862,0.5619528,-0.69372696,-0.24167705,-0.32788673,-0.27551273,0.1581285,0.28828567,0.22152178,-0.32801637,0.41572046,0.062325545,-0.4076145,-0.14626302,-0.1730982,0.15968415,0.24446782,-0.32425687,0.16409187,0.27169195,0.13764559,-0.034255236,0.864659,0.17550007,-0.117612876,-0.30584818,0.09758725,0.18405622,-0.046830185,1.0486163,0.4728911,-0.52558565,0.24913481,-0.124743,0.2423936,0.049750596,-0.50160253,-0.3486289,0.05156554,-0.83905184,-0.23000957,0.048065294,0.30967605,-0.4616738,-0.11709432,0.35854983,0.06582579,0.18288948,0.2842669,0.71375966,0.28374833,0.18677863,-0.5194926,-0.3243865,0.5527485,0.27000663,0.40599754,-0.01779113,0.2400601,-0.14742976,0.06997422,-0.18839557,-0.52817845,-0.38959473,0.31836185,-0.36574122,-0.14963362,-0.0700355,0.079178564,0.07230772,0.17238875,0.83808315,0.075159766,0.33690017,0.23980083,-0.104649015,0.49713352,0.017859494,0.12999691,0.18561189,0.31343558,-0.22702788,0.04456505,-0.30973732,-0.3072742,-0.17063507,0.06738145,-0.19630353,-0.060053322,0.6349394,0.056621443,-0.46647045,0.008914429,-0.17530207,0.08358628,-0.1388736,-0.16350496,0.017211301,-0.01688366,-0.21613824,0.17381477,-0.16661628,0.3038423,-0.41020727,-0.14859651,0.19546442,0.4682241,-0.37520483,-0.0017159395,0.1957237,-0.10568612,-0.0005491918,0.1756297,-0.16156037,0.42609155,-0.12331697,0.34364137,-0.014550164,-0.016494744,0.35167897,-0.44650608,0.13816415,-0.08909238,-0.26954934,-0.53349364,0.22229962,0.06310338,-0.58638614,0.58282465,-0.21652715,0.08721616,0.39484864,0.12312606,-0.021291373,0.25056085,-0.077165626,-0.06523887,-0.2609932,-0.41292968,-0.115020104,0.67616445,0.044176135,0.26209867,0.23617095,0.2339671,0.1591656,0.33352956,0.083715916,0.43762937,0.019933712,-0.2858838,-0.06472032,0.045342885,-0.46841502,-0.072368994,-0.10737143,0.33262208,0.35258645,0.079308204,0.09784653,-0.26371562,-0.01960607,0.10718051,-0.51041794,-0.19254401,0.33249244,-0.35977784,0.07853037,0.5895659,-0.2415474,0.21166925,0.11068075,-0.35303664,0.23772661,-0.20265582,0.19157526,-0.13705868,-0.2700679,0.027582392,-0.46906322,0.44424096,-0.4593403,0.10199497,-0.45882174,-0.18774737,0.11884799,0.37216187,0.41494262,0.3672356,-0.14017,-0.04605235,0.015785275,0.5552116,-0.14392953,-0.04345958,-0.5259746,0.06388121,-0.55618036,-0.50536203,-0.16117145,0.06815928,0.02589709,-0.050460067,-0.019476432,-0.03386632,-0.17659846,0.08475303,-0.22456475,0.3803291,0.113403164,-0.6051838,0.052084092,0.45331565,-0.01960607,0.5571562,0.269877,0.00035827863,-0.11346444,-0.30208865,0.39420044,-0.007549678,-0.061738625,-0.5237707,0.32147318,-0.12422445,-0.23065777,-0.06536851,0.16785139,-0.23558404,-0.57510763,-0.44261694,0.13440463,-0.024143422,0.027193476,-0.22197197,0.6412917,0.1420533,-0.14159602,-0.049552593,-0.06731309,0.37281007,-0.1965628,0.28919315,0.2350042,0.6259943,-0.2895137,-0.40865162,0.12092221,-0.10814926,-0.13187313,0.32302883,-0.4921389,-0.1851546,-0.18061726,0.059862413,-0.1898216,0.19105671,0.50115234,-0.18722883,-0.6746701,0.07490049,0.08488267,-0.65613174,0.0856605,-0.10335263,0.3661985,0.3051387,-0.11372372,-0.002234494,0.30034208,-0.12344661,0.049361683,-0.15572664,-0.052534282,0.24576421,-0.09492612,0.21957721,-0.13524373,-0.12915072,-0.078850925,0.26339507,-0.21587896,0.1101622,0.26858062,0.19520514,0.18690827,-0.00016027589,0.33923367,0.2225589,-0.1408182,-0.2223609,-0.080665864,-0.37987182,0.46809447,0.13881233,-0.061868265,-0.02634728,-0.23532476,0.0343236,0.15968415,0.4246655,-0.10127841,0.28322977,-0.023884146,0.10458774,0.49298507,0.1722591,0.07464121,0.10030966,-0.015716912,0.066733256,0.19883503,0.08047495,-0.30338505,-0.023495229,0.4041826,0.05597325,0.007229126,0.10692123,-0.11592758,-0.44469115,-0.14367025,0.2420047,0.017859494,0.31291702,-0.36107424,0.16875887,-0.33216482,0.21400274,-0.10879745,-0.04618199,0.2869893,-0.06627598,-0.15028182,-0.007549678,0.84028697,-0.049811874,-0.007549678,0.13647884,-0.23558404,0.019415157,-0.3569258,0.21724372,0.14373861,0.41118312,-0.0626461,-0.155597,0.16798103,-0.017531853,0.017859494,-0.21393438,0.33288136,0.25237578,-0.3545923,-0.1008895,-0.26228958,-0.2941807,-0.006512569,0.27104375,0.4426853,-0.3693711,-0.20148908,0.43685156,-0.38907617,-0.072498634,-0.06134971,-0.18554352,0.26326543,-0.012735223,-0.05084898,-0.26241922,-0.20097052,-0.038922228,0.35427174,-0.4179856,-0.038144395,0.087993994,0.04482433,-0.10140805,0.21581769,0.17977814,0.29515654,0.0011361104,0.3404004,-0.24102886,-0.41241112,0.1283116,-0.34162843,0.07490049,0.1933902,0.15216511,0.44294456,-0.41954124,0.22891119,-0.018050408,-0.08662924,-0.0455338,0.2031131,0.5225427,0.14970198,-0.5592917,-0.05408995,0.14672029,0.13181186,-0.22975029,-0.19682208,0.6473847,-0.36613014,-0.25075176,-0.016235467,-0.4532473,-0.067702,-0.2331209,-0.38752052,-0.08325864,-0.26073393,-0.2046004,0.109643646,0.06297374,0.30358303,0.035231072,-0.26851225,0.11729232,0.12999691,-0.40852198,-0.022069205,-0.16493098,0.120144375,-0.12655795,0.44864866,0.11495883,-0.10011166,0.23668951,-0.06329429,0.50335616,0.09330918,0.3765696,-0.6335746,-0.6193144,0.13388607,0.03549035,-0.26747513,-0.096092865,0.085790135,-0.37792724,-0.070554055,0.09071641,0.040286977,0.16681428,-0.2590486,0.42920288,-0.17750593,0.10886581,0.20026106,-0.0056050983,-0.33903566,-0.025958363,0.16396223,0.07580797,-0.7039684,-0.039959338,-0.3495364,-0.008457148,-0.07314683,0.34571558,-0.7786403,0.27402544,0.12947835,-0.22975029,0.20661335,0.027323114,-0.100370936,0.30993533,-0.30014408,0.1923531,-0.030884631,0.24602349,0.1796485,0.49596676,0.16072127,0.32964042,0.03237902,-0.33877638,-0.061868265,0.2711734,-0.015976189,0.524228,-0.106463954,0.03899059,-0.5087326,0.19624226,-0.11151986,-0.063683204,0.037564564,0.1490538,0.25989482,-0.45609933,-0.068609476,0.25795025,-0.27719805,0.56869406,0.3534939,0.030304803,-0.039051864,-0.111130945,0.5006338,-0.023884146,-0.27836478,-0.5815895,0.14386824,0.041194446,0.12662631,-0.0928519,-0.04708946,-0.31271902,-0.37377882,-0.034125596,0.21970685,0.73748356,-0.020124625,-0.26190066,0.11936654,-0.16181965,-0.021032095,0.18988995,0.047157824,-0.31207082,-0.46024778,0.018248409,0.26145047,-0.10075986,0.19766828,-0.064072125,-0.25917825,-0.5216965,0.45072287,-0.4432651,-0.15093,0.26482108,-0.08611069,0.084104836,-0.40009546,-0.031273548,0.024082148,-0.0301068,0.07127061,-0.32918313,-0.051367536,0.28284085,-0.117612876,0.044176135,-0.051237896,0.44424096,0.1997425,-0.66403973,0.2379859,-0.0837772,-0.24258451,0.49129978,0.0343236,-0.4293938,-0.08818491,0.14879452,-0.007160762,-0.034384876,0.13440463,0.14892416,-0.22884282,-0.08235117,0.027323114,0.3205657,-0.30079228,0.19598298,0.03691637,-0.37805688,0.27519217,-0.16259748,0.1158663,0.15553573,0.03989806,-0.07949912,-0.30182937,0.12947835,-0.66779923,0.17264803,0.18729718,0.010859008,0.06323302,-0.37442702,0.16474007,-0.3093484,0.3279551,0.12144076,-0.9143719,-0.063683204,0.07853037,0.035101432,-0.22456475,-0.07444321,0.050787706,-0.249585,0.2538018,0.08475303,-0.04436705,0.3672356,0.12986727,0.08488267,0.37916237,-0.5797746,-0.09142587,0.212836,-0.006771846,0.6883505,0.055713974,0.2950269,-0.2307874,-0.054867778,-0.14561482,-0.32866457,0.41403514,0.20622443,-0.2707161,0.30825004,0.13271932,-0.22728716,0.18885285,-0.042941026,-0.12215023,-0.042163193,0.20933576,0.8336754,-0.4046328,-0.715247,-0.028680775,0.002302858,-0.09350009,-0.035681263,0.0013953877,-0.051497173,0.096550144,0.47133544,-0.4921389,0.055325057,0.34778982,-0.23623222,-0.034514513,-0.12357625,-0.26358598,0.3997749,-0.35005495,0.40923852,0.24317144,0.025767451,-0.03205138,0.16564754,-0.041126084,0.5117827,-0.4388574,-0.4783972,0.06738145,-0.1767281,0.22631842,0.13181186,0.18042634,-0.4811196,-0.09090732,-0.19526641,0.029267693,0.041194446,0.22346637,0.0033399672,-0.33890602,-0.3965952,-0.45415476,-0.33838746,0.24719024,-0.41046655,0.075419046,0.2105025,0.2819334,0.47574314,0.300731,0.15540609,-0.47489694,0.3917373,-0.5290859,0.1544986,-0.1002413,-0.038922228,0.27584037,-0.19111799,-0.39102075,-0.4251157,-0.19980377,0.5278579,-0.09868564,0.020452267,-0.15443026,-0.25347418,0.13479353,-0.258919,-0.5818488,0.07503013,0.017989133,-0.2415474,-0.22767608,0.24744952,-0.031662464,0.05415831,0.011247924,-0.3357947,-0.2183421,-0.01960607,-0.21549004,-0.10581576,-0.21069342,-0.08286972,-0.21743463,-0.3975027,-0.07651743,0.12494101,0.59760344,-0.42900488,-0.30001444,-0.21328619,0.10458774,0.1990943,0.08877183,-0.3784458,0.24446782,0.59164006,0.23150396,-0.117742516,-0.08598105,-0.12850252,0.25082013,0.22541094,-0.20382257,-0.14833723,0.07204844,0.04508361,0.03886095,-0.02906969,-0.065887064,0.058306746,-0.3908911,0.24057867,0.17277765,-0.15935652,0.0930499,0.111717865,0.101217136,-0.32762745,-0.19176617,0.14697957,0.6061596,-0.049811874,-0.09440756,-0.2781055,0.09784653,-0.6469274,0.0012657491,-0.352907,-0.26280814,-0.23415801,0.064140484,0.6253461,-0.34914747,-0.0015863008,0.08034532,0.08475303,0.49946702,0.0050252695,0.36710596,0.39964527,0.113403164,0.1950755,0.48442894,0.24278252,0.117940515,0.15903597,-0.08403647,-0.009883174,-0.043070663,0.13725667,0.23435602,0.43140674,-0.027773304,0.13803451,-0.21484186,0.26067266,0.29917532,0.23409674,0.1631844,-0.3978916,0.102902435,-0.38052002,-0.24102886,-0.029458607,-0.53854954,-0.24076958,0.2624876,-0.20252618,-0.27525344,0.11042148,-0.11644613,0.022007931,0.60706705,-0.3761123,-0.25645584,-0.14833723,0.25133866,0.109773286,0.2937305,-0.09648178,0.16123982,-0.17698736,-0.096222505,0.2783035,0.14399788,0.0025621355,0.06984459,-0.18476568,0.145035,-0.2969031,-0.07496177,0.17757429,-0.16894977,0.18211164,-0.28692093,0.21257672,-0.4656926,-0.038922228,0.67279387,-0.32503468,0.096290864,-0.022976676,-0.27823514,-0.111001305,-0.038274035,-0.59183097,0.32756618,-0.29949588,0.41572046,0.07217808,0.023433955,-0.37883472,-0.054349225,-0.647446,0.13271932,-0.032699574,-0.29314357,-0.15093,-0.05940513,-0.3070149,0.13038583,-0.52390033,-0.5035471,-0.4579143,-0.010531367,0.2675435,0.43348095,0.17135164,-0.26967898,0.15786922,-0.04047789,0.12364462,-0.4190227,0.11910727,0.011636839,0.2675435,-0.23208378,0.3060462,-0.31829348,0.2766182,0.09317954,-0.2606043,-0.2291021,-0.050589703,-0.11618685,0.3336592,0.07360411,-0.12318734,0.40314552,-0.013513055,0.27039555,-0.59027535,-0.1589676,-0.1680423,0.18535261,0.18314876,0.24770878,0.1756297,-0.35264772,-0.024013784,-0.27447563,0.43788865,0.3258809,-0.19980377,0.19650152,0.7838942,0.17951886,-0.30027372,0.19131598,0.022267208,-0.17867267,-0.30040336,-0.45609933,0.12520029,0.11768124,-0.4673779,0.18120417,-0.40476245,0.02771203,0.18613043,-0.51288104,0.47807664,0.348438,-0.17919123,0.49959666,-0.36872292,0.0913646,-0.41604102,-0.04695982,0.034712516,-0.16130109,0.1490538,0.21659552,0.60965985,-0.86122006,-0.01960607,-1.2882497,-0.3623706,0.7027404,0.718297,1.6868273,-0.09738925,-0.13822542,0.1319415,1.4852391,-1.4049245,0.4044419,-0.17180182,-0.46997067,-1.2345793,0.3359927,-0.7695656,0.0074884035,-0.47048923,-0.3928357,-0.17400569,1.4420695,-0.508603,0.07671543,-1.1592593,0.8596031,-0.029458607,-0.83127356,-0.31245974,-0.71861756,0.50970846,1.0318929,-0.0045679896,-0.58392304,-0.6674103,0.7702821,-1.1969842,-0.35122168,-0.035421982,-0.68698573,1.3692126,0.4175354,0.44177783,-0.49330562,0.28037772,-0.07379502,-0.4724338,-0.39802125,-0.52714133,-0.8320514,-0.5815895,0.35803127,-0.5428276,-0.78265905,0.524228,1.3176165,0.63610613,1.1674949,0.4356848,-0.8254398,0.73268694,1.6349717,0.38758886,1.1295108,-1.0160086,-0.7707323,0.5292839,0.80839586,0.6071967,-1.3181963,-0.43561643,-0.17465387,0.4299807,-0.5604584,0.44864866,-0.5585139,-0.54930955,0.52137595,0.083975196,0.8567511,0.7608185,-0.11618685,-0.02816222,-0.3763716,-0.17322785,-0.27291995,1.1634761,-0.5297341,-0.7234142,-1.558287,1.3454888,-1.0218424,-0.8791102,0.38110694,-0.30675563,-0.63227826,-0.5963684,-0.258919,-0.7446749,1.012836,0.051695175,-1.1106448,-0.9344659,-1.0507518,-0.83464414,1.2013305,-0.43639427,-0.2808279,-0.8749618,-1.2229118,0.5307099,1.2918184,0.7158339,0.57374996,0.12092221,0.24667168,-1.2213562,-0.35446265,0.23863408,0.31654692,0.14153475,-1.162241,0.40625682,-0.41241112,0.9266263,0.6393471,
0,0,0,0,1,0,0,0,0,1,1,0,0,0,0,0,0,0,0,0,0,0,0,0,0,0,0,0,0,0,0,0,0,0,1,0,0,1,0,0,0,0,0,0,0,0,0,0,0,0,0,0,0,0,0,0,0,0,0,0,0,0,0,0,0,0,0,0,0,0,0,0,0,0,0,0,0,0,0,0,0,0,0,0,0,0,0,0,0,0,0,0,0,0,0,0,0,0,0,0,0,0,0,0,0,0,0,0,0,0,0,0,0,0,0,0,0,0,0,0,0,0,0,0,0,0,0,0,0,0,0,0,0,0,0,0,0,0,0,0,0,0,0,0,0,0,0,0,0,0,0,0,0,0,0,0,0,0,0,0,0,0,0,0,0,0,0,0,0,0,0,0,0,0,0,0,0,0,0,0,0,0,0,0,0,0,0,0,0,0,0,0,0,0,0,0,0,0,0,0,0,0,0,0,0,0,0,0,0,0,0,0,0,0,0,0,0,0,0,0,0,0,0,0,0,0,0,0,0,0,0,0,0,0,0,0,0,0,0,0,0,0,0,0,0,0,0,0,0,0,0,0,0,0,0,0,0,0,0,0,0,0,0,0,0,0,0,0,0,0,0,0,0,0,0,0,0,0,0,0,0,0,0,0,0,0,0,0,0,0,0,0,0,0,0,0,0,0,0,0,0,0,0,0,0,0,0,0,0,0,0,0,0,0,0,0,0,0,0,0,0,0,0,0,0,0,0,0,0,0,0,0,0,0,0,0,0,0,0,0,0,0,0,0,0,0,0,0,0,0,0,0,0,0,0,0,0,0,0,0,0,0,0,0,0,0,0,0,0,0,0,0,0,0,0,0,0,0,0,0,0,0,0,0,0,0,0,0,0,0,0,0,0,0,0,0,0,0,0,0,0,0,0,0,0,0,0,0,0,0,0,0,0,0,0,0,0,0,0,0,0,0,0,0,0,0,0,0,0,0,0,0,0,0,0,0,0,0,0,0,0,0,0,0,0,0,0,0,0,0,0,0,0,0,0,0,0,0,0,0,0,0,0,0,0,0,0,0,0,0,0,0,0,0,0,0,0,0,0,0,0,0,0,0,0,0,0,0,0,0,0,0,0,0,0,0,0,0,0,0,0,0,0,0,0,0,0,0,0,0,0,0,0,0,0,0,0,0,0,0,0,0,0,0,0,0,0,0,0,0,0,0,0,0,0,0,0,0,0,0,0,0,0,0,0,0,0,0,0,0,0,0,0,0,0,0,0,0,0,0,0,0,0,0,0,0,0,0,0,0,0,0,0,0,0,0,0,0,0,0,0,0,0,0,0,0,0,0,0,0,0,0,0,0,0,0,0,0,0,0,0,0,0,0,0,0,0,0,0,0,0,0,0,0,0,0,0,0,0,0,0,0,0,0,0,0,0,0,0,0,0,0,0,0,0,0,0,0,0,0,0,0,0,0,0,0,0,0,0,0,0,0,0,0,0,0,0,0,0,0,0,0,0,0,0,0,0,0,0,0,0,0,0,0,0,0,0,0,0,0,0,0,0,0,0,0,0,0,0,0,0,0,0,0,0,0,0,0,0,0,0,0,0,0,0,0,0,0,0,0,0,0,0,0,0,0,0,0,0,0,0,0,0,0,0,0,0,0,0,0,0,0,0,0,0,0,0,0,0,0,0,0,0,0,0,0,0,0,0,0,0,0,0,0,0,0,0,0,0,0,0,0,0,0,0,0,0,0,0,0,0,0,0,0,0,0,0,0,0,0,0,0,0,0,0,0,0,0,0,0,0,0,0,0,0,0,0,0,0,0,0,0,0,0,0,0,0,0,0,0,0,0,0,0,0,0,0,0,0,0,0,0,0,0,0,0,0,0,0,0,0,0,0,0,0,0,0,0,0,0,0,0,0,0,0,0,0,0,0,0,0,0,0,0,0,0,0,0,0,0,0,0,0,0,0,0,0,0,0,0,0,0,0,0,0,0,0,0,0,0,0,0,0,0,0,0,0,0,0,0,0,0,0,0,0,0,0,0,0,0,0,0,0,0,0,0,0,0,0,0,0,0,0,0,0,0,0,0,0,0,0,0,0,0,0,0,0,0,0,0,0,0,0,0,0,0,0,0,0,0,0,0,0,0,0,0,0,0,0,0,0,0,0,0,0,0,0,0,0,0,0,0,0,0,0,0,0,0,0,0,0,0,0,0,0,0,0,0,0,0,0,0,0,0,0,0,0,0,0,0,0,0,0,0,0,0,0,0,0,0,0,0,0,0,0,0,0,0,0,0,0,0,0,0,0,0,0,0,0,0,0,0,0,0,0,0,0,0,0,0,0,0,0,0,0,0,0,0,0,0,0,0,0,0,0,0,0,0,0,0,0,0,0,0,0,0,0,0,0,0,0,0,0,0,0,0,0,0,0,0,0,0,0,0,0,0,0,0,0,0,0,0,0,0,0,0,0,0,0,0,0,0,0,0,0,0,0,0,0,0,0,0,0,0,0,0,0,0,0,0,0,0,0,0,0,0,0,0,0,0,0,0,0,0,0,0,0,0,0,0,0,0,0,0,0,0,0,0,0,0,0,0,0,0,0,0,0,0,0,0,0,0,0,0,0,0,0,0,0,0,0,0,0,0,0,0,0,0,0,0,0,0,0,0,0,0,0,0,0,0,0,0,0,0,0,0,0,0,0,0,0,0,0,0,0,0,0,0,0,0,0,0,0,0,0,0,0,0,0,0,0,0,0,0,0,0,0,0,0,0,0,0,0,0,0,0,0,0,0,0,0,0,0,0,0,0,0,0,0,0,0,0,0,0,0,0,0,0,0,0,0,0,0,0,0,0,0,0,0,0,0,0,0,0,0,0,0,0,0,0,0,0,0,0,0,0,0,0,0,0,0,0,0,0,0,0,0,0,0,0,0,0,0,0,0,0,0,0,0,0,0,0,0,0,0,0,0,0,0,0,0,0,0,0,0,0,0,0,0,0,0,0,0,0,0,0,0,0,0,0,0,0,0,0,0,0,0,0,0,0,0,0,0,0,0,0,0,0,0,0,0,0,0,0,0,0,0,0,0,0,0,0,0,0,0,0,0,0,0,0,0,0,0,0,0,0,0,0,0,0,0,0,0,0,0,0,0,0,0,0,0,0,0,0,0,0,0,0,0,0,0,0,0,0,0,0,0,0,0,0,0,0,0,0,0,0,0,0,0,0,0,0,0,0,0,0,0,0,0,0,0,0,0,0,0,0,0,0,0,0,0,0,0,0,0,0,0,0,0,0,0,0,0,0,0,0,0,0,0,0,0,0,0,0,0,0,0,0,0,0,0,0,0,0,0,0,0,0,0,0,0,0,0,0,0,0,0,0,0,0,0,0,0,0,0,0,0,0,0,0,0,0,0,0,0,0,0,0,0,0,0,0,0,0,0,0,0,0,0,0,0,0,0,0,0,0,0,0,0,0,0,0,0,0,0,0,0,0,0,0,0,0,0,0,0,0,0,0,0,0,0,0,0,0,0,0,0,0,0,0,0,0,0,0,0,0,0,0,0,0,0,0,0,0,0,0,0,0,0,0,0,0,0,0,0,0,0,0,0,0,0,0,0,0,0,0,0,0,0,0,0,0,0,0,0,0,0,0,0,0,0,0,0,0,0,0,0,0,0,0,0,0,0,0,0,0,0,0,0,0,0,0,0,0,0,0,0,0,0,0,0,0,0,0,0,0,0,0,0,0,0,0,0,0,0,0,0,0,0,0,0,0,0,0,0,0,0,0,0,0,0,0,0,0,0,0,0,0,0,0,0,0,0,0,0,0,0,0,0,0,0,0,0,0,0,0,0,0,0,0,0,0,0,0,0,0,0,0,0,0,0,0,0,0,0,0,0,0,0,0,0,0,0,0,0,0,0,0,0,0,0,0,0,0,0,0,0,0,0,0,0,0,0,0,0,0,0,0,0,0,0,0,0,0,0,0,0,0,0,0,0,0,0,0,0,0,0,0,0,0,0,0,0,0,0,0,0,0,0,0,0,0,0,0,0,0,0,0,0,0,0,0,0,0,0,0,0,0,0,0,0,0,0,0,0,0,0,0,0,0,0,0,0,0,0,0,0,0,0,0,0,0,0,0,0,0,0,0,0,0,0,0,0,0,0,0,0,0,0,0,0,0,0,0,0,0,0,0,0,0,0,0,0,0,0,0,0,0,0,0,0,0,0,0,0,0,0,0,0,0,0,0,0,0,0,0,0,0,0,0,0,0,0,0,0,0,0,0,0,0,0,0,0,0,0,0,0,0,0,0,0,0,0,0,0,0,0,0,0,0,0,0,0,0,0,0,0,0,0,0,0,0,0,0,0,0,0,0,0,0,0,0,0,0,0,0,0,0,0,0,0,0,0,0,0,0,0,0,0,0,0,0,0,0,0,0,0,0,0,0,0,0,0,0,0,0,0,0,0,0,0,0,0,0,0,0,0,0,0,0,0,0,0,0,0,0,0,0,0,0,0,0,0,0,0,0,0,0,0,0,0,0,0,0,0,0,0,0,0,0,0,0,0,0,0,0,0,0,0,0,0,0,0,0,0,0,0,0,0,0,0,0,0,0,0,0,0,0,0,0,0,0,0,0,0,0,0,0,0,0,0,0,0,0,0,0,0,0,0,0,0,0,0,0,0,0,0,0,0,0,0,0,0,0,0,0,0,0,0,0,0,0,0,0,0,0,0,0,0,0,0,0,0,0,0,0,0,0,0,0,0,0,0,0,0,0,0,0,0,0,0,0,0,0,0,0,0,0,0,0,0,0,0,0,0,0,0,0,0,0,0,0,0,0,0,0,0,0,0,0,0,0,0,0,0,0,0,0,0,0,0,0,0,0,0,0,0,0,0,0,0,0,0,0,0,0,0,0,0,0,0,0,0,0,0,0,0,0,0,0,0,0,0,0,0,0,0,0,0,0,0,0,0,0,0,0,0,0,0,0,0,0,0,0,0,0,0,0,0,0,0,0,0,0,0,0,0,0,0,0,0,0,0,0,0,0,0,0,0,0,0,0,0,0,0,0,0,0,0,0,0,0,0,0,0,0,0,0,0,0,0,0,0,0,0,0,0,0,0,0,0,0,0,0,0,0,0,0,0,0,0,0,0,0,0,0,0,0,0,0,0,0,0,0,0,0,0,0,0,0,0,0,0,0,0,0,0,0,0,0,0,0,0,0,0,0,0,0,0,0,0,0,0,0,0,0,0,0,0,0,0,0,0,0,0,0,0,0,0,0,0,0,0,0,0,0,0,0,0,0,0,0,0,0,0,0,0,0,0,0,0,0,0,0,0,0,0,0,0,0,0,0,0,0,0,0,0,0,0,0,0,0,0,0,0,0,0,0,0,0,0,0,0,0,0,0,0,0,0,0,0,0,0,0,0,0,0,0,0,0,0,0,0,0,0,0,0,0,0,0,0,0,0,0,0,0,0,0,0,0,0,0,0,0,0,0,0,0,0,0,0,0,0,0,0,0,0,0,0,0,0,0,0,0,0,0,0,0,0,0,0,0,0,0,0,0,0,0,0,0,0,0,0,0,0,0,0,0,0,0,0,0,0,0,0,0,0,0,0,0,0,0,0,0,0,0,0,0,0,0,0,0,0,0,0,0,0,0,0,0,0,0,0,0,0,0,0,0,0,0,0,0,0,0,0,0,0,0,0,0,0,0,0,0,0,0,0,0,0,0,0,0,0,0,0,0,0,0,0,0,0,0,0,0,0,0,0,0,0,0,0,0,0,0,0,0,0,0,0,0,0,0,0,0,0,0,0,0,0,0,0,0,0,0,0,0,0,0,0,0,0,0,0,0,0,0,0,0,0,0,0,0,0,0,0,0,0,0,0,0,0,0,0,0,0,0,0,0,0,0,0,0,0,0,0,0,0,0,0,0,0,0,0,0,0,0,0,0,0,0,0,0,0,0,0,0,0,0,0,0,0,0,0,0,0,0,0,0,0,0,0,0,0,0,0,0,0,0,0,0,0,0,0,0,0,0,0,0,0,0,0,0,0,0,0,0,0,0,0,0,0,0,0,0,0,0,0,0,0,0,0,0,0,0,0,0,0,0,0,0,0,0,0,0,0,0,0,0,0,0,0,0,0,0,0,0,0,0,0,0,0,0,0,0,0,0,0,0,0,0,0,0,0,0,0,0,0,0,0,0,0,0,0,0,0,0,0,0,0,0,0,0,0,0,0,0,0,0,0,0,0,0,0,0,0,0,0,0,0,0,0,0,0,0,0,0,0,0,0,0,0,0,0,0,0,0,0,0,0,0,0,0,0,0,0,0,0,0,0,0,0,0,0,0,0,0,0,0,0,0,0,0,0,0,0,0,0,0,0,0,0,0,0,0,0,0,0,0,0,0,0,0,0,0,0,0,0,0,0,0,0,0,0,0,0,0,0,0,0,0,0,0,0,0,0,0,0,0,0,0,0,0,0,0,0,0,0,0,0,0,0,0,0,0,0,0,0,0,0,0,0,0,0,0,0,0,0,0,0,0,0,0,0,0,0,0,0,0,0,0,0,0,0,0,0,0,0,0,0,0,0,0,0,0,0,0,0,0,0,0,0,0,0,0,0,0,0,0,0,0,0,0,0,0,0,0,0,0,0,0,0,0,0,0,0,0,0,0,0,0,0,0,0,0,0,0,0,0,0,0,0,0,0,0,0,0,0,0,0,0,0,0,0,0,0,0,0,0,0,0,0,0,0,0,0,0,0,0,0,0,0,0,0,0,0,0,0,0,0,0,0,0,0,0,0,0,0,0,0,0,0,0,0,0,0,0,0,0,0,0,0,0,0,0,0,0,0,0,0,0,0,0,0,0,0,0,0,0,0,0,0,0,0,0,0,0,0,0,0,0,0,0,0,0,0,0,0,0,0,0,0,0,0,0,0,0,0,0,0,0,0,0,0,0,0,0,0,0,0,0,0,0,0,0,0,0,0,0,0,0,0,0,0,0,0,0,0,0,0,0,0,0,0,0,0,0,0,0,0,0,0,0,0,0,0,0,0,0,0,0,0,0,0,0,0,0,0,0,0,0,0,0,0,0,0,0,0,0,0,0,0,0,0,0,0,0,0,0,0,0,0,0,0,0,0,0,0,0,0,0,0,0,0,0,0,0,0,0,0,0,0,0,0,0,0,0,0,0,0,0,0,0,0,0,0,0,0,0,0,0,0,0,0,0,0,0,0,0,0,0,0,0,0,0,0,0,0,0,0,0,0,0,0,0,0,0,0,0,0,0,0,0,0,0,0,0,0,0,0,0,0,0,0,0,0,0,0,0,0,0,0,0,0,0,0,0,0,0,0,0,0,0,0,0,0,0,0,0,0,0,0,0,0,0,0,0,0,0,0,0,0,0,0,0,0,0,0,0,0,0,0,0,0,0,0,0,0,0,0,0,0,0,0,0,0,0,0,0,0,0,0,0,0,0,0,0,0,0,0,0,0,0,0,0,0,0,0,0,0,0,0,0,0,0,0,0,0,0,0,0,0,0,0,0,0,0,0,0,0,0,0,0,0,0,0,0,0,0,0,0,0,0,0,0,0,0,0,0,0,0,0,0,0,0,0,0,0,0,0,0,0,0,0,0,0,0,0,0,0,0,0,0,0,0,0,0,0,0,0,0,0,0,0,0,0,0,0,0,0,0,0,0,0,0,0,0,0,0,0,0,0,0,0,0,0,0,0,0,0,0,0,0,0,0,0,0,0,0,0,0,0,0,0,0,0,0,0,0,0,0,0,0,0,0,0,0,0,0,0,0,0,0,0,0,0,0,0,0,0,0,0,0,0,0,0,0,0,0,0,0,0,0,0,0,0,0,0,0,0,0,0,0,0,0,0,0,0,0,0,0,0,0,0,0,0,0,0,0,0,0,0,0,0,0,0,0,0,0,0,0,0,0,0,0,0,0,0,0,0,0,0,0,0,0,0,0,0,0,0,0,0,0,0,0,0,0,0,0,0,0,0,0,0,0,0,0,0,0,0,0,0,0,0,0,0,0,0,0,0,0,0,0,0,0,0,0,0,0,0,0,0,0,0,0,0,0,0,0,0,0,0,0,0,0,0,0,0,0,0,0,0,0,0,0,0,0,0,0,0,0,0,0,0,0,0,0,0,0,0,0,0,0,0,0,0,0,0,0,0,0,0,0,0,0,0,0,0,0,0,0,0,0,0,0,0,0,0,0,0,0,0,0,0,0,0,0,0,0,0,0,0,0,0,0,0,0,0,0,0,0,0,0,0,0,0,0,0,0,0,0,0,0,0,0,0,0,0,0,0,0,0,0,0,0,0,0,0,0,0,0,0,0,0,0,0,0,0,0,0,0,0,0,0,0,0,0,0,0,0,0,0,0,0,0,0,0,0,0,0,0,0,0,0,0,0,0,0,0,0,0,0,0,0,0,0,0,0,0,0,0,0,0,0,0,0,0,0,0,0,0,0,0,0,0,0,0,0,0,0,0,0,0,0,0,0,0,0,0,0,0,0,0,0,0,0,0,0,0,0,0,0,0,0,0,0,0,0,0,0,0,0,0,0,0,0,0,0,0,0,0,0,0,0,0,0,0,0,0,0,0,0,0,0,0,0,0,0,0,0,0,0,0,0,0,0,0,0,0,0,0,0,0,0,0,0,0,0,0,0,0,0,0,0,0,0,0,0,0,0,0,0,0,0,0,0,0,0,0,0,0,0,0,-1.6112351,1.133627,1.0044806,-0.7074462,0.4002642,1.7251058,-0.37154767,-0.58219194,-1.9907722,-0.089784436,0.18348698,0.54297394,0.7731966,0.95671415,0.15176061,0.42939588,1.9162896,0.4886027,-0.13531001,1.4632747,-0.048976533,-1.4931753,0.08323635,0.587556,-0.3266118,-1.6788158,1.9381088,-0.08400528,0.017306823,-0.090020314,0.3608716,0.68615544,-0.5765307,0.89054877,-1.5724323,1.8859785,0.0949126,-0.8078148,-0.559665,0.24033499,1.9712505,-0.8266855,0.8451411,0.5301183,0.55476815,2.006633,0.067432135,-0.3192994,-0.25443134,1.0733588,-0.34501073,0.6990111,-0.5798331,0.39448506,-0.4313442,-0.677489,-0.09509182,0.5130167,0.7624638,0.45062542,-0.34052894,0.48789507,0.052453514,-0.5531782,0.024737164,0.014712102,0.280907,0.85198176,0.13312578,-0.2244741,-0.010999235,-0.23945272,-0.9182084,-0.50175554,-0.19487068,0.6644541,0.068257734,0.0723857,0.5149038,-0.6602695,-0.4636603,0.61456466,0.5876739,0.8673142,0.17157485,-0.7520283,-0.48430014,-0.015834853,-0.2933522,0.6354404,0.5662085,1.0643952,0.37643996,0.20094238,0.309331,0.008107355,0.6810839,0.09231788,0.08594902,0.18690729,-0.25183663,0.042074624,-0.413535,0.98903024,0.010466193,0.8518638,-0.06596017,0.69582665,0.9647342,0.17758988,-0.6704125,0.010702077,0.4902539,-0.12410553,-0.20324455,0.5728132,0.6678744,-0.5378458,0.05846855,0.19646059,0.85646355,-0.2565543,-0.43995398,0.7941902,-0.3207147,-0.48099777,-0.093676515,0.2364429,-0.34076482,-0.2829733,0.06931921,-0.3131664,-0.10063509,-0.9387303,-0.37485003,0.23844792,1.1962541,0.08359018,-0.09827625,-0.25407752,-0.37260914,0.032757215,-0.2317865,-0.022085775,0.29541385,-0.13707913,0.3552104,-0.6481215,0.42727292,-0.3733168,-0.54704523,0.53766656,0.18961996,-0.5564806,-0.096035354,0.29647532,0.020019488,0.01954772,-0.35232314,-0.13542795,0.42927793,-0.226715,-0.2512469,0.34553918,0.5494607,-0.21138255,0.43069324,-0.38098302,-0.35373843,0.6807301,-0.098512135,0.08465166,-0.89355856,0.3625228,-0.38546482,-0.27743003,-0.46719855,0.20990597,0.45156896,0.7090362,0.1736978,0.11555244,0.104937665,0.28043523,-0.6425782,0.5974631,-0.07669288,0.21037774,-0.36836323,-0.13825856,-0.27707618,-0.07952349,-0.02857258,-0.29476747,0.20601389,-0.27153292,-0.17482056,0.36004603,-0.28226563,0.19952708,0.575408,-0.18000999,0.3177049,-0.2776659,0.25236505,-0.16597492,-0.6109697,0.15895507,-0.64706,-0.07398022,-0.06312956,0.6205797,0.1992912,-0.12917703,-0.06902666,0.04608465,0.48164412,0.6863913,-0.25525695,0.47822383,0.08347224,-0.049802125,0.30638245,-0.58596605,-0.12115698,-0.7743193,0.41076106,0.61491853,-0.640927,0.44850245,-0.38027537,-0.008404513,0.3497851,0.09243582,0.42420644,0.3006033,0.05764296,-0.06596017,-0.50895,-0.43570808,0.66881794,0.43812358,-0.7479003,0.38127556,0.070616566,0.22429489,-0.480526,-0.028808463,0.8248551,0.51537555,0.07474454,-0.2411039,-0.12386965,0.59451455,0.38269088,-0.19027095,-1.0151567,-0.90759367,-0.58337134,-0.3581023,0.45522514,-0.8086404,0.19799383,0.3453033,0.0490332,-0.54775286,0.16449833,-0.13129999,-0.51944685,0.84101313,0.098922625,0.19728619,-0.32555032,0.08205693,-0.86348337,0.22382312,-0.07515964,-0.39195162,1.0133263,0.32407373,-0.4011511,-0.020080762,-0.41094026,-1.1097461,-0.08860502,-0.047915053,-0.36977854,-0.5096576,0.25826216,-0.61262095,0.14032024,-0.40138698,-0.48713073,-0.104880996,0.28102493,-0.35031813,-0.3353395,-0.18166119,0.12911576,0.41323784,0.60300636,0.50511456,-0.22270498,0.2811429,-0.6952982,-0.8673755,-0.5969347,0.0031537944,0.35874867,0.6487678,0.5747003,-0.23355563,0.32041755,-0.48512572,-0.12469524,-0.47415712,-1.0695279,-0.17222583,-0.9732873,1.2303394,-0.5527064,-0.4608297,0.20011678,0.1824255,-0.058529828,-0.11455224,-0.098040365,-0.35314873,-1.1963154,-0.077754356,-0.37709093,-0.3840495,0.1801846,-0.33262682,-0.09697889,-0.16927728,0.1795949,0.19292234,-0.50694495,0.82638836,0.97051334,-0.09815831,0.66834617,0.035233993,-0.07173932,-0.376973,-0.5923349,-0.1121934,0.023911571,-0.22317673,0.14185348,-0.015481028,-0.20182925,-0.40858144,-0.22412027,0.39814126,-0.53359985,-0.23190443,-0.046027984,0.577295,-0.10252216,0.118500985,-0.5716951,0.1292337,-0.30349517,0.49426392,0.9064709,-0.19298361,-0.22305879,0.69842136,-0.19840893,0.46065047,-1.0558467,0.9635548,-0.43193394,0.51738054,-0.37001443,-0.5874993,0.2868041,0.58826363,0.93194634,-0.19227596,0.37242994,0.43918505,-0.20878783,0.16768277,0.16237538,-0.15418072,-0.65720296,-0.5948117,0.045141116,-0.10971662,-0.052160963,-0.1318897,0.4388312,0.92404425,0.07108834,0.12003423,0.21297246,-0.011588945,0.10340442,0.25519568,0.21509542,-0.29559308,-0.16338019,-0.25820547,0.2488268,0.02509099,-0.7296193,0.25967747,-0.20371632,-0.66687423,0.07509836,-0.05522745,-0.14108917,-0.13766885,1.0485909,-0.054165974,0.32218668,0.19964503,-3.0637257e-05,-0.29063952,0.4536919,-0.39843842,-0.28816274,-0.3109255,0.07568807,-0.5051758,0.124044254,-0.50352466,0.32041755,0.4365903,0.120505996,0.9948094,-0.082472034,-0.4245036,-0.024562554,0.56998265,0.6232924,0.829219,-0.06784724,-0.7553306,0.2080189,0.3436521,-0.5615521,0.02756777,0.55771667,0.6411016,0.04372581,0.092553765,-0.2872192,-0.1383765,0.52032906,-0.14049946,0.20448065,-0.3562152,0.17523104,-0.18614298,-0.7453056,-0.041782074,-0.18838388,-0.57405394,0.31334102,0.49662277,-0.6588542,-0.68326813,-1.0567902,0.264631,0.2536624,-0.092497095,-0.33569333,0.037592832,-0.07598523,-0.10110686,0.20047061,-0.37650123,-0.40917113,-0.020080762,0.5586602,0.62635887,-0.22329468,0.62635887,-0.57263863,-0.49668404,-0.75957656,-0.16326225,-0.020316646,-0.06678576,-0.9929836,0.024973048,-0.63208133,0.22382312,-0.25136486,-0.03824382,-0.8636013,0.38481382,-0.44927138,-0.05133537,0.79784644,0.36629695,0.15010943,0.40403837,0.24670385,0.18301521,-0.15901634,0.09326141,-0.44809195,0.84360784,0.9905635,-0.053576265,-0.06902666,0.2209925,0.23314053,-0.032464664,0.21615689,-0.3707221,-0.40586877,-0.19050683,-0.007225094,0.26899487,0.29482415,0.48223385,0.3414112,0.6736536,1.0128546,-1.2361798,-1.4843296,-0.11172163,0.72731715,-0.3662403,0.45746604,0.108947694,-0.39548987,-0.295711,0.34636477,0.40451014,-0.17128229,0.010584135,-0.39938197,-0.636917,0.08665667,-0.2464113,-0.18130736,0.18277933,0.382455,0.7371063,-0.05121743,-0.42414975,-0.40563288,0.04466935,-0.79153883,-0.9583087,-0.15123217,0.29116794,-0.14840156,-0.28037858,-1.2082276,-0.19027095,-0.37225533,-0.24004243,-0.23803742,0.35285157,-0.29700837,0.27854815,0.31204367,-0.26988173,0.04974085,-0.6789043,0.7320348,-0.08636412,-0.9183264,0.6094932,0.114844784,-0.5229851,0.4663117,-0.21987437,0.2110854,0.020845082,-0.34854898,0.022142442,-0.3994999,-0.0012100564,0.060473565,0.06342211,0.12345455,-0.6370349,0.688986,0.08559519,0.123690434,0.55406046,0.52705175,-0.17541026,0.20471652,-0.36859912,0.41382754,0.3264326,-0.97446674,-0.4445537,-0.12634642,-0.07681082,0.5415586,0.4173658,-0.27224058,-1.0940598,0.34943125,-0.4082276,0.25873393,0.23148935,0.23738644,0.7650586,0.86920124,0.06672449,-0.24546775,-0.38664424,-0.004276546,0.018722126,0.11508067,-0.09520976,0.6216412,0.23148935,-0.25171867,-0.07409816,-0.581956,0.19221468,-0.38157272,0.24387324,-0.23756565,0.5974631,-0.9356638,-0.4896075,0.042192567,-0.10641424,0.32183284,0.64487576,0.37313756,0.1416176,-0.1324794,0.5798898,-0.29016775,-0.45870674,-0.4571735,-0.43087244,-0.71145624,-0.14840156,0.3887059,-0.7062668,-0.11750078,-0.1296488,1.0352635,-0.40527904,0.34836978,1.0684052,-0.29252657,-0.26186168,-0.17375907,-0.37296298,-0.053694207,-0.2878089,-0.21397726,-0.2484163,0.53318477,-0.18154325,-0.65543383,1.1918904,-0.00050240493,-0.019491052,-0.29641867,-0.6212307,-0.18496355,-0.5629674,-0.14498125,0.056227654,0.41158664,0.59038657,-0.61851805,-0.4797004,0.23337641,-0.21256196,-0.059001595,0.6374454,0.4196067,-0.7118101,-0.40445346,0.11083476,0.34518534,0.29458827,0.89727145,0.26946664,0.46784493,0.12722869,-0.07303668,0.42514995,-0.7948412,0.089369334,0.44508216,-0.0224396,-0.014773376,-0.19817305,-0.6498906,0.4725626,-0.7660634,-0.374968,-0.08553852,0.75515145,0.7335681,0.52587235,-0.49255607,-0.15866251,-0.0063995006,1.1339809,0.06766802,-0.3109255,-0.6038932,0.051392037,-0.104880996,0.49709454,-0.42249858,-0.34807724,0.016009463,-0.41164792,-0.05180714,0.6288356,-0.630784,-0.022675484,0.6481781,-0.4768698,-0.6747763,-0.60931855,0.6210515,-0.5936323,0.4466154,0.77638096,0.32383785,-0.32142234,0.5695109,0.41724786,0.09196406,-0.032582607,0.2581442,0.18454845,0.15069912,0.1264031,-0.29689044,-0.15937017,0.40321276,-0.6305481,-0.36730176,0.85846853,0.2437553,0.7801551,-0.3446569,0.44413862,-0.5278207,0.12758252,0.2536624,-0.5668595,-0.24169362,0.23561731,-0.15311924,0.022142442,0.0912564,0.17346191,0.31086424,-0.38888514,-0.1726976,-0.13660738,-1.079435,-0.06348339,-0.34076482,0.6997187,-0.25183663,-0.16868757,-0.01618868,-0.04402297,-0.74471587,-0.39431044,1.3073555,-0.7115742,-0.29523924,0.24894474,0.016009463,0.33032465,-0.30644372,-0.31151524,0.6644541,-0.1726976,-0.2736559,0.10187118,0.3653534,-0.009583932,-0.41554,-0.399264,-0.40917113,-0.5713413,0.35568216,-0.12151081,-0.81725013,0.16815454,0.43930298,0.4084022,-0.1706926,-0.3581023,-0.6629821,-0.013240132,-0.080584966,-0.21079284,-0.41530412,-0.054165974,-0.23308386,-0.0029791852,-0.54657346,-0.50765264,-0.43110833,-0.61568743,-0.22978148,-0.022085775,-1.0116184,0.045730826,-0.60778534,0.07427277,-0.43995398,0.6744792,0.50511456,0.89396906,-0.21267991,-0.39324898,0.067078315,0.50027895,-0.19498862,-0.75438714,-0.039305296,-0.6228819,0.68320686,-0.5140215,-0.22376645,-0.26728702,-0.24688306,-0.19557834,-0.54032254,-0.43912837,0.2035371,0.14916588,1.1909468,0.15506297,0.4703217,-0.021731948,-1.3147291,-0.050981544,0.21320835,0.1801846,0.34695446,-0.5708695,0.18773289,0.23007403,-0.23721182,0.25201124,0.041484915,0.47586498,0.36617902,-1.2983352,-0.32024294,0.2465859,-0.13271528,-0.07905172,0.32584286,0.37219405,0.22830491,1.0320791,0.20471652,-0.9600778,0.0650733,0.050566442,0.4753932,0.31334102,-0.36895293,1.1436521,0.67129475,-1.180865,0.06389388,-0.018193692,0.36688665,-0.34902075,-0.15854457,1.0544881,0.345893,0.9151986,-0.45387113,0.15636034,0.123336606,0.99575293,-0.46071175,0.45923516,0.4486204,0.51030403,0.013296799,-0.16090341,-1.0400424,0.18572788,-0.07103167,0.015419753,-0.7263169,-0.55129117,-0.40846348,0.10352236,-1.1155252,0.2136801,0.632256,-0.5990576,0.28786558,0.51549345,-0.69199586,-0.19616804,0.08877962,0.40592542,-0.16750816,-0.5357228,1.1929518,-0.17458467,0.024147455,-0.5445685,0.31428456,0.54179454,-0.010999235,-0.051571254,0.6896937,-0.5545935,0.4216117,0.015537695,-0.6155695,-0.68055546,-0.09792242,-0.4124735,0.123336606,0.869673,-0.029634058,0.16402656,-0.35704082,1.3481634,-0.02302931,0.536723,-0.15488838,-0.18755828,-0.20041394,-0.0815285,0.2189875,-0.32708356,0.28468114,0.35485658,-0.35975346,-0.37661916,-0.06395516,0.13218224,-0.8544019,-0.49137664,-0.42308828,-0.33156535,-0.15748309,-0.478521,0.049976733,1.2480307,-0.2740097,0.028629247,-0.22789441,-0.21527463,0.009286774,0.16603158,0.028865132,-0.23296592,0.6390966,-1.0288379,0.78298575,-0.677371,-1.0274227,0.24599619,0.6582032,-0.2616258,0.47692648,0.26522073,-0.39490017,-0.34206218,-0.40280226,0.3980233,1.0698204,0.13100283,-0.03788999,0.3247814,-0.48170543,0.22382312,0.36299458,0.45074335,0.40769455,0.61751324,0.08087751,0.3911827,0.0007949561,-0.17210789,-0.88259,-0.368835,-0.5025811,0.7991438,-0.4482099,-1.3751154,-0.7680684,-0.20866989,0.63426095,0.8881899,0.36299458,0.0045690974,-0.9905068,-0.47769538,-0.21621816,-0.51095504,-0.4896075,-1.1775627,-1.1122229,-0.95488834,0.4906077,-0.19357331,0.07120628,-0.3994999,0.32088932,-0.6272457,0.37242994,0.19445558,0.73073745,0.020373315,0.77189916,-1.7936913,-1.7675081,-0.014301609,-0.23567858,1.9627587,-1.7276437,1.9852856,-1.7923939,0.41830933,-0.6481215,-1.0545493,-1.1529129,-1.9695426,-1.9226018,-1.516056,1.5254301,-1.6875435,1.9070901,0.85988384,-1.1618764,-1.3652083,1.6991585,-0.92670023,1.3213905,1.2853004,1.206869,-0.15087834,0.51407814,0.9170857,-1.9577484,-1.9247247,-0.06949843,-0.1887377,-1.9274374,1.2663116,1.5269634,0.9519965,0.24870886,0.32926318,-1.5602843,-0.16090341,0.4358827,0.4187811,-1.4541365,-0.7020209,-0.6843296,-0.7263169,1.4421631,-1.7052348,0.5783565,0.6523061,0.9486941,0.3365756,0.23667878,-1.790035,-0.46425,-1.5579253,0.26073894,-1.2647218,1.0083728,0.90139943,0.58413565,-0.22942767,-0.6730072,0.32289433,1.1678302,-0.880467,0.96567774,-1.2877204,-0.7878826,0.38127556,-0.26693317,-0.5998832,-1.9039669,-0.018901343,0.95294005,-0.55294234,0.82355773,-0.3684812,-1.1720195,0.092081994,0.8437258,0.4536919,-0.39372075,-0.9598419,0.4196067,-0.09143562,0.17971283,-1.3494041,-0.78823644,0.14987354,-0.42143708,-0.57476157,0.12852605,-0.26858437,1.5070311,-0.46483973,-0.50659114,0.8315778,-0.12033139,-0.3795677,-0.6974212,-0.22966354,-0.044966508,0.8354699,0.71210265,1.27386,-1.2653115,-0.47250596,-0.5741719,0.8622427,-1.0031266,0.2744202,0.101753235,-0.1785947,-0.35067195,-0.26044637,1.3542963,-0.78446233,-1.1491387,-0.46377823,0.2730049,-1.1077411,-0.42249858,-0.80522007,
0,0,0,0,0,0,0,0,0,0,0,0,0,0,0,0,0,0,0,0,0,0,0,0,0,0,0,0,0,0,0,0,0,0,0,0,0,0,0,0,0,0,0,1,0,0,0,0,0,0,0,0,0,0,0,0,0,0,0,0,1,0,0,0,0,0,0,0,0,0,0,0,0,0,0,0,0,0,0,0,0,0,0,0,0,0,0,0,0,0,0,0,0,0,0,0,0,0,0,0,0,0,0,0,0,0,0,0,0,0,0,0,0,0,0,0,0,0,0,0,0,0,0,0,0,0,0,0,0,0,0,0,0,0,0,0,0,0,0,0,0,0,0,0,0,0,0,0,0,0,0,0,0,0,0,0,0,0,0,0,0,0,0,0,0,0,0,0,0,0,0,0,0,0,0,0,0,0,0,0,0,0,0,0,0,0,0,0,0,0,0,0,0,0,0,0,0,0,0,0,0,0,0,0,0,0,0,0,0,0,0,0,0,0,0,0,0,0,0,0,0,0,0,0,0,0,0,0,0,0,0,0,0,0,0,0,0,0,0,0,0,0,0,0,0,0,0,0,0,0,0,0,0,0,0,0,0,0,0,0,0,0,0,0,0,0,0,0,0,0,0,0,0,0,0,0,0,0,0,0,0,0,0,0,0,0,0,0,0,0,0,0,0,0,0,0,0,0,0,0,0,0,0,0,0,0,0,0,0,0,0,0,0,0,0,0,0,0,0,0,0,0,0,0,0,0,0,0,0,0,0,0,0,0,0,0,0,0,0,0,0,0,0,0,0,0,0,0,0,0,0,0,0,0,0,0,0,0,0,0,0,0,0,0,0,0,0,0,0,0,0,0,0,0,0,0,0,0,0,0,0,0,0,0,0,0,0,0,0,0,0,0,0,0,0,0,0,0,0,0,0,0,0,0,0,0,0,0,0,0,0,0,0,0,0,0,0,0,0,0,0,0,0,0,0,0,0,0,0,0,0,0,0,0,0,0,0,0,0,0,0,0,0,0,0,0,0,0,0,0,0,0,0,0,0,0,0,0,0,0,0,0,0,0,0,0,0,0,0,0,0,0,0,0,0,0,0,0,0,0,0,0,0,0,0,0,0,0,0,0,0,0,0,0,0,0,0,0,0,0,0,0,0,0,0,0,0,0,0,0,0,0,0,0,0,0,0,0,0,0,0,0,0,0,0,0,0,0,0,0,0,0,0,0,0,0,0,0,0,0,0,0,0,0,0,0,0,0,0,0,0,0,0,0,0,0,0,0,0,0,0,0,0,0,0,0,0,0,0,0,0,0,0,0,0,0,0,0,0,0,0,0,0,0,0,0,0,0,0,0,0,0,0,0,0,0,0,0,0,0,0,0,0,0,0,0,0,0,0,0,0,0,0,0,0,0,0,0,0,0,0,0,0,0,0,0,0,0,0,0,0,0,0,0,0,0,0,0,0,0,0,0,0,0,0,0,0,0,0,0,0,0,0,0,0,0,0,0,0,0,0,0,0,0,0,0,0,0,0,0,0,0,0,0,0,0,0,0,0,0,0,0,0,0,0,0,0,0,0,0,0,0,0,0,0,0,0,0,0,0,0,0,0,0,0,0,0,0,0,0,0,0,0,0,0,0,0,0,0,0,0,0,0,0,0,0,0,0,0,0,0,0,0,0,0,0,0,0,0,0,0,0,0,0,0,0,0,0,0,0,0,0,0,0,0,0,0,0,0,0,0,0,0,0,0,0,0,0,0,0,0,0,0,0,0,0,0,0,0,0,0,0,0,0,0,0,0,0,0,0,0,0,0,0,0,0,0,0,0,0,0,0,0,0,0,0,0,0,0,0,0,0,0,0,0,0,0,0,0,0,0,0,0,0,0,0,0,0,0,0,0,0,0,0,0,0,0,0,0,0,0,0,0,0,0,0,0,0,0,0,0,0,0,0,0,0,0,0,0,0,0,0,0,0,0,0,0,0,0,0,0,0,0,0,0,0,0,0,0,0,0,0,0,0,0,0,0,0,0,0,0,0,0,0,0,0,0,0,0,0,0,0,0,0,0,0,0,0,0,0,0,0,0,0,0,0,0,0,0,0,0,0,0,0,0,0,0,0,0,0,0,0,0,0,0,0,0,0,0,0,0,0,0,0,0,0,0,0,0,0,0,0,0,0,0,0,0,0,0,0,0,0,0,0,0,0,0,0,0,0,0,0,0,0,0,0,0,0,0,0,0,0,0,0,0,0,0,0,0,0,0,0,0,0,0,0,0,0,0,0,0,0,0,0,0,0,0,0,0,0,0,0,0,0,0,0,0,0,0,0,0,0,0,0,0,0,0,0,0,0,0,0,0,0,0,0,0,0,0,0,0,0,0,0,0,0,0,0,0,0,0,0,0,0,0,0,0,0,0,0,0,0,0,0,0,0,0,0,0,0,0,0,0,0,0,0,0,0,0,0,0,0,0,0,0,0,0,0,0,0,0,0,0,0,0,0,0,0,0,0,0,0,0,0,0,0,0,0,0,0,0,0,0,0,0,0,0,0,0,0,0,0,0,0,0,0,0,0,0,0,0,0,0,0,0,0,0,0,0,0,0,0,0,0,0,0,0,0,0,0,0,0,0,0,0,0,0,0,0,0,0,0,0,0,0,0,0,0,0,0,0,0,0,0,0,0,0,0,0,0,0,0,0,0,0,0,0,0,0,0,0,0,0,0,0,0,0,0,0,0,0,0,0,0,0,0,0,0,0,0,0,0,0,0,0,0,0,0,0,0,0,0,0,0,0,0,0,0,0,0,0,0,0,0,0,0,0,0,0,0,0,0,0,0,0,0,0,0,0,0,0,0,0,0,0,0,0,0,0,0,0,0,0,0,0,0,0,0,0,0,0,0,0,0,0,0,0,0,0,0,0,0,0,0,0,0,0,0,0,0,0,0,0,0,0,0,0,0,0,0,0,0,0,0,0,0,0,0,0,0,0,0,0,0,0,0,0,0,0,0,0,0,0,0,0,0,0,0,0,0,0,0,0,0,0,0,0,0,0,0,0,0,0,0,0,0,0,0,0,0,0,0,0,0,0,0,0,0,0,0,0,0,0,0,0,0,0,0,0,0,0,0,0,0,0,0,0,0,0,0,0,0,0,0,0,0,0,0,0,0,0,0,0,0,0,0,0,0,0,0,0,0,0,0,0,0,0,0,0,0,0,0,0,0,0,0,0,0,0,0,0,0,0,0,0,0,0,0,0,0,0,0,0,0,0,0,0,0,0,0,0,0,0,0,0,0,0,0,0,0,0,0,0,0,0,0,0,0,0,0,0,0,0,0,0,0,0,0,0,0,0,0,0,0,0,0,0,0,0,0,0,0,0,0,0,0,0,0,0,0,0,0,0,0,0,0,0,0,0,0,0,0,0,0,0,0,0,0,0,0,0,0,0,0,0,0,0,0,0,0,0,0,0,0,0,0,0,0,0,0,0,0,0,0,0,0,0,0,0,0,0,0,0,0,0,0,0,0,0,0,0,0,0,0,0,0,0,0,0,0,0,0,0,0,0,0,0,0,0,0,0,0,0,0,0,0,0,0,0,0,0,0,0,0,0,0,0,0,0,0,0,0,0,0,0,0,0,0,0,0,0,0,0,0,0,0,0,0,0,0,0,0,0,0,0,0,0,0,0,0,0,0,0,0,0,0,0,0,0,0,0,0,0,0,0,0,0,0,0,0,0,0,0,0,0,0,0,0,0,0,0,0,0,0,0,0,0,0,0,0,0,0,0,0,0,0,0,0,0,0,0,0,0,0,0,0,0,0,0,0,0,0,0,0,0,0,0,0,0,0,0,0,0,0,0,0,0,0,0,0,0,0,0,0,0,0,0,0,0,0,0,0,0,0,0,0,0,0,0,0,0,0,0,0,0,0,0,0,0,0,0,0,0,0,0,0,0,0,0,0,0,0,0,0,0,0,0,0,0,0,0,0,0,0,0,0,0,0,0,0,0,0,0,0,0,0,0,0,0,0,0,0,0,0,0,0,0,0,0,0,0,0,0,0,0,0,0,0,0,0,0,0,0,0,0,0,0,0,0,0,0,0,0,0,0,0,0,0,0,0,0,0,0,0,0,0,0,0,0,0,0,0,0,0,0,0,0,0,0,0,0,0,0,0,0,0,0,0,0,0,0,0,0,0,0,0,0,0,0,0,0,0,0,0,0,0,0,0,0,0,0,0,0,0,0,0,0,0,0,0,0,0,0,0,0,0,0,0,0,0,0,0,0,0,0,0,0,0,0,0,0,0,0,0,0,0,0,0,0,0,0,0,0,0,0,0,0,0,0,0,0,0,0,0,0,0,0,0,0,0,0,0,0,0,0,0,0,0,0,0,0,0,0,0,0,0,0,0,0,0,0,0,0,0,0,0,0,0,0,0,0,0,0,0,0,0,0,0,0,0,0,0,0,0,0,0,0,0,0,0,0,0,0,0,0,0,0,0,0,0,0,0,0,0,0,0,0,0,0,0,0,0,0,0,0,0,0,0,0,0,0,0,0,0,0,0,0,0,0,0,0,0,0,0,0,0,0,0,0,0,0,0,0,0,0,0,0,0,0,0,0,0,0,0,0,0,0,0,0,0,0,0,0,0,0,0,0,0,0,0,0,0,0,0,0,0,0,0,0,0,0,0,0,0,0,0,0,0,0,0,0,0,0,0,0,0,0,0,0,0,0,0,0,0,0,0,0,0,0,0,0,0,0,0,0,0,0,0,0,0,0,0,0,0,0,0,0,0,0,0,0,0,0,0,0,0,0,0,0,0,0,0,0,0,0,0,0,0,0,0,0,0,0,0,0,0,0,0,0,0,0,0,0,0,0,0,0,0,0,0,0,0,0,0,0,0,0,0,0,0,0,0,0,0,0,0,0,0,0,0,0,0,0,0,0,0,0,0,0,0,0,0,0,0,0,0,0,0,0,0,0,0,0,0,0,0,0,0,0,0,0,0,0,0,0,0,0,0,0,0,0,0,0,0,0,0,0,0,0,0,0,0,0,0,0,0,0,0,0,0,0,0,0,0,0,0,0,0,0,0,0,0,0,0,0,0,0,0,0,0,0,0,0,0,0,0,0,0,0,0,0,0,0,0,0,0,0,0,0,0,0,0,0,0,0,0,0,0,0,0,0,0,0,0,0,0,0,0,0,0,0,0,0,0,0,0,0,0,0,0,0,0,0,0,0,0,0,0,0,0,0,0,0,0,0,0,0,0,0,0,0,0,0,0,0,0,0,0,0,0,0,0,0,0,0,0,0,0,0,0,0,0,0,0,0,0,0,0,0,0,0,0,0,0,0,0,0,0,0,0,0,0,0,0,0,0,0,0,0,0,0,0,0,0,0,0,0,0,0,0,0,0,0,0,0,0,0,0,0,0,0,0,0,0,0,0,0,0,0,0,0,0,0,0,0,0,0,0,0,0,0,0,0,0,0,0,0,0,0,0,0,0,0,0,0,0,0,0,0,0,0,0,0,0,0,0,0,0,0,0,0,0,0,0,0,0,0,0,0,0,0,0,0,0,0,0,0,0,0,0,0,0,0,0,0,0,0,0,0,0,0,0,0,0,0,0,0,0,0,0,0,0,0,0,0,0,0,0,0,0,0,0,0,0,0,0,0,0,0,0,0,0,0,0,0,0,0,0,0,0,0,0,0,0,0,0,0,0,0,0,0,0,0,0,0,0,0,0,0,0,0,0,0,0,0,0,0,0,0,0,0,0,0,0,0,0,0,0,0,0,0,0,0,0,0,0,0,0,0,0,0,0,0,0,0,0,0,0,0,0,0,0,0,0,0,0,0,0,0,0,0,0,0,0,0,0,0,0,0,0,0,0,0,0,0,0,0,0,0,0,0,0,0,0,0,0,0,0,0,0,0,0,0,0,0,0,0,0,0,0,0,0,0,0,0,0,0,0,0,0,0,0,0,0,0,0,0,0,0,0,0,0,0,0,0,0,0,0,0,0,0,0,0,0,0,0,0,0,0,0,0,0,0,0,0,0,0,0,0,0,0,0,0,0,0,0,0,0,0,0,0,0,0,0,0,0,0,0,0,0,0,0,0,0,0,0,0,0,0,0,0,0,0,0,0,0,0,0,0,0,0,0,0,0,0,0,0,0,0,0,0,0,0,0,0,0,0,0,0,0,0,0,0,0,0,0,0,0,0,0,0,0,0,0,0,0,0,0,0,0,0,0,0,0,0,0,0,0,0,0,0,0,0,0,0,0,0,0,0,0,0,0,0,0,0,0,0,0,0,0,0,0,0,0,0,0,0,0,0,0,0,0,0,0,0,0,0,0,0,0,0,0,0,0,0,0,0,0,0,0,0,0,0,0,0,0,0,0,0,0,0,0,0,0,0,0,0,0,0,0,0,0,0,0,0,0,0,0,0,0,0,0,0,0,0,0,0,0,0,0,0,0,0,0,0,0,0,0,0,0,0,0,0,0,0,0,0,0,0,0,0,0,0,0,0,0,0,0,0,0,0,0,0,0,0,0,0,0,0,0,0,0,0,0,0,0,0,0,0,0,0,0,0,0,0,0,0,0,0,0,0,0,0,0,0,0,0,0,0,0,0,0,0,0,0,0,0,0,0,0,0,0,0,0,0,0,0,0,0,0,0,0,0,0,0,0,0,0,0,0,0,0,0,0,0,0,0,0,0,0,0,0,0,0,0,0,0,0,0,0,0,0,0,0,0,0,0,0,0,0,0,0,0,0,0,0,0,0,0,0,0,0,0,0,0,0,0,0,0,0,0,0,0,0,0,0,0,0,0,0,0,0,0,0,0,0,0,0,0,0,0,0,0,0,0,0,0,0,0,0,0,0,0,0,0,0,0,0,0,0,0,0,0,0,0,0,0,0,0,0,0,0,0,0,0,0,0,0,0,0,0,0,0,0,0,0,0,0,0,0,0,0,0,0,0,0,0,0,0,0,0,0,0,0,0,0,0,0,0,0,0,0,0,0,0,0,0,0,0,0,0,0,0,0,0,0,0,0,0,0,0,0,0,0,0,0,0,0,0,0,0,0,0,0,0,0,0,0,0,0,0,0,0,0,0,0,0,0,0,0,0,0,0,0,0,0,0,0,0,0,0,0,0,0,0,0,0,0,0,0,0,0,0,0,0,0,0,0,0,0,0,0,0,0,0,0,0,0,0,0,0,0,0,0,0,0,0,0,0,0,0,0,0,0,0,0,0,0,0,0,0,0,0,0,0,0,0,0,0,0,0,0,0,0,0,0,0,0,0,0,0,0,0,0,0,0,0,0,0,0,0,0,0,0,0,0,0,0,0,0,0,0,0,0,0,0,0,0,0,0,0,0,0,0,0,0,0,0,0,0,0,0,0,0,0,0,0,0,0,0,0,0,0,0,0,0,0,0,0,0,0,0,0,0,0,0,0,0,0,0,0,0,0,0,0,0,0,0,0,0,0,0,0,0,0,0,0,0,0,0,0,0,0,0,0,0,0,0,0,0,0,0,0,0,0,0,0,0,0,0,0,0,0,0,0,0,0,0,0,0,0,0,0,0,0,0,0,0,0,0,0,0,0,0,0,0,0,0,0,0,0,0,0,0,0,0,0,0,0,0,0,0,0,0,0,0,0,0,0,0,0,0,0,0,0,0,0,0,0,0,0,0,0,0,0,0,0,0,0,0,0,0,0,0,0,0,0,0,0,0,0,0,0,0,0,0,0,0,0,0,0,0,0,0,0,0,0,0,0,0,0,0,0,0,0,0,0,0,0,0,0,0,0,0,0,0,0,0,0,0,0,0,0,0,0,0,0,0,0,0,0,0,0,0,0,0,0,0,0,0,0,0,0,0,0,0,0,0,0,0,0,0,0,0,0,0,0,0,0,0,0,0,0,0,0,0,0,0,0,0,0,0,0,0,0,0,0,0,0,0,0,0,0,0,0,0,0,0,0,0,0,0,0,0,0,0,0,0,0,0,0,0,0,0,0,0,0,0,0,0,0,0,0,0,0,0,0,0,0,0,0,0,0,0,0,0,0,0,0,0,0,0,0,0,0,0,0,0,0,0,0,0,0,0,0,0,0,0,0,0,0,0,0,0,0,0,0,0,0,0,0,0,0,0,0,0,0,0,0,0,0,0,0,0,0,0,0,0,0,0,0,0,0,0,0,0,0,0,0,0,0,0,0,0,0,0,0,0,0,0,0,0,0,0,0,0,0,0,0,0,0,0,0,0,0,0,0,0,0,0,0,0,0,0,0,0,0,0,0,0,0,0,0,0,0,0,0,0,0,0,0,0,0,0,0,0,0,0,0,0,0,0,0,0,0,0,0,0,0,0,0,0,0,0,0,0,0,0,0,0,0,0,0,0,0,0,0,0,0,0,0,0,0,0,0,0,0,0,0,0,0,0,0,0,0,0,0,0,0,0,0,0,0,0,0,0,0,0,0,0,0,0,0,0,0,0,0,0,0,0,0,0,0,0,0,0,0,0,0,0,0,0,0,0,0,0,0,0,0,0,0,0,0,0,0,0,0,0,0,0,0,0,0,0,0,0,0,0,0,0,0,0,0,0,0,0,0,0,0,0,0,0,0,0,0,0,0,0,0,0,0,0,0,0,0,0,0,0,0,0,0,0,0,0,0,0,0,0,0,0,0,0,0,0,0,0,0,0,0,0,0,0,0,0,0,0,0,0,0,0,0,0,0,0,0,0,0,0,0,0,0,0,-0.5061909,0.7916939,-0.5431216,1.0952913,-0.4964333,-0.30152825,0.27849337,0.98721653,-0.04264296,-0.034491036,-0.6113013,0.7555043,0.14781559,1.0372397,0.8734602,-0.4054035,-0.36501443,-0.5399102,-0.69245,-0.17443237,0.08840537,-1.6482011,0.18696952,-0.08871367,0.52416265,-1.1708196,0.49130794,1.0111783,0.36347097,0.84060544,0.6190214,-0.021151526,-0.44665715,-0.22741985,0.15658508,-0.07846201,0.47623923,0.82368404,-0.022016125,-0.27349058,-0.98678374,-0.3198083,-0.16628045,0.46018243,-0.8580822,-0.0036125425,1.1419796,0.010715079,-0.19036567,-0.6940557,-1.2291182,-0.89921236,-0.083773114,1.4660802,1.0415627,1.8733058,-0.12972032,0.49760717,0.28886855,0.3451909,0.7600744,0.4511659,-0.914034,0.37186992,0.5428133,0.5145286,-0.62155294,-0.06660467,-0.07525065,0.23761025,-1.1062218,0.9249655,-0.22198525,-0.750131,1.1839743,-0.90896994,-0.50668496,-0.599444,0.34086794,-0.048695143,-0.75778884,-0.4335647,0.54429543,-0.22136767,0.9789411,0.27725822,0.90260947,0.540096,0.31616512,0.3096189,1.0865217,-0.0022538889,-0.732345,-0.012999604,0.45363617,0.15954942,-0.9171219,-0.4885284,0.48957875,-0.15368202,-0.8694455,-0.22704932,-0.69343805,-0.22519661,1.3860432,-0.025968572,0.49538392,0.3943495,-0.34920463,0.7065928,0.61062247,0.8214608,-0.15491717,0.09989217,-0.13132599,-0.42010167,0.014049956,0.25514922,0.11767818,-0.26805595,1.0954148,0.5144051,0.45165995,0.75636894,0.20833744,-0.5698006,0.21846558,-0.0033655146,0.4909374,0.8913697,0.2893626,0.5171224,0.8469047,-0.69170886,-0.04955974,-0.10316481,-0.31425017,-0.17159155,-0.44542202,-0.018557733,1.065895,0.10001568,-0.7866911,0.23761025,0.5394784,0.5156402,-0.89007235,0.4616646,0.16720729,-0.20951034,0.027512979,-0.019175302,-0.2312488,0.62482655,-0.4619729,0.28158122,-0.73148036,-0.07426254,0.46425837,-0.41392595,0.27367634,1.345407,0.18277004,0.47772142,0.9299061,-0.07525065,-0.32870132,-0.41269082,0.98202896,0.077536136,-0.175544,0.6190214,-0.7213522,0.6014824,-0.026092086,-0.503103,-0.6863978,-0.2463175,0.40521872,0.78391254,0.31912947,-0.19802353,0.054068483,-0.07117469,-0.053388674,0.22031829,-0.28312466,-0.4471512,-0.50421464,-0.7844679,-0.45110366,-0.4081208,-0.6024083,-0.31128585,0.34790823,-0.23804206,0.061973378,-0.27398464,-0.68516266,0.36297694,-0.33401242,0.8424582,0.7231437,0.014544011,-0.61525375,-0.27608436,0.53490835,0.74710536,0.63273144,-0.9686272,-0.14985308,0.98277,0.6087697,0.3882973,0.021460794,-0.54497427,0.079882905,-0.26793244,-0.73889124,-0.43220603,0.21191934,0.78490067,0.5630696,0.4751276,1.2641349,0.69498247,0.5183575,0.17103621,0.117554665,-0.28942388,0.43387395,-0.9489885,-0.28300115,-0.3620501,0.2645363,-0.6465028,-0.3603209,-0.5491738,-0.06956901,0.091987275,0.6574342,0.26873577,-0.052524075,0.5192221,-0.33870596,-0.022880722,0.1345996,0.6995525,0.53737867,0.3486493,0.6679329,-0.1587461,0.4942723,-0.20333463,0.09211078,0.10260947,-0.02498046,-0.23446016,0.407936,-0.7571713,0.4148528,-0.26150972,0.12471847,0.100756764,0.4041071,-0.09674208,0.4659876,-0.19308297,0.15003884,0.16844243,0.17857057,0.22007126,0.2521849,0.46413487,0.11298465,0.84604007,-0.21704468,0.007256687,0.41509983,-0.38798803,0.07864776,0.6074111,0.46956947,-1.0618802,-0.3206729,-1.0800368,-0.64279735,-0.25558105,-0.41219676,0.33926225,0.6668213,0.15473238,-0.08414365,-0.076979846,-0.29819337,0.9418869,0.1407753,0.18388167,0.65681666,-0.48297027,-0.093160175,-0.2825071,0.2257529,0.21500719,-0.024733432,-0.30054012,-0.12119784,0.5767796,0.39496705,0.003427754,0.2346459,0.17980571,-1.2903811,0.19413333,0.61062247,-0.4336882,0.0047864076,-0.10909347,0.898904,0.6916476,0.24477406,0.46845785,0.84023494,-0.10872293,0.050733607,0.121630624,0.12027197,-0.13157302,-0.5809168,0.025166214,-0.4282536,1.0127839,-0.1570169,-0.6646593,-1.2407285,0.2504557,1.1353098,0.894087,0.6969587,0.1513975,0.22884075,-0.5972207,-0.78520894,0.23205212,-0.25483996,1.0195773,-0.17504993,0.6403893,0.12533605,-0.9341668,0.25811356,-0.3436465,-0.0028714587,0.4819209,-0.025598029,-0.22704932,-0.7822446,-0.17764373,0.4175701,0.7552573,-0.59857935,0.062220406,-0.8545003,-0.7398793,-0.20802817,-0.045360263,0.29170936,-0.5610311,0.40064868,-0.8369613,0.25403762,-0.25286373,-0.24162397,-0.57745844,0.0042923517,-0.5670833,-0.09612451,0.3239465,0.4712987,-0.05857626,0.6306317,0.31283027,-0.19555326,-0.42318952,-0.23211339,-0.1438009,0.2106842,-0.3374708,-0.17332074,0.34531444,-0.21642712,-0.7112241,0.65397584,0.15102695,-1.3233594,-0.3489576,0.20932555,-0.69504374,-0.96652746,0.5661574,0.05641525,0.659781,-0.031650215,-0.13651358,0.79749906,-0.11329295,-0.044372153,0.4158409,0.77156115,-0.005959308,-0.47741213,-0.5185423,0.1673308,-0.29572308,0.5505946,0.2567549,-0.47197753,0.8228195,-0.20308761,0.31221268,0.48760253,-0.2331015,0.39842543,0.23353429,0.39595515,-0.4656783,-0.7043073,-0.2216147,0.63248444,-0.6529255,-0.3832945,0.70609874,0.49241957,-0.19357704,0.008862369,-0.9561523,-0.004724168,0.49007282,-0.17332074,-0.5607841,0.40991223,0.07815371,0.37273455,0.5415781,1.34973,0.29949075,0.5996297,0.06024418,-0.12095082,-0.24483533,0.02911866,0.1770884,-0.69059724,0.41139442,0.4447432,-0.15763447,-0.15269391,-0.16418071,-0.35908577,0.4520305,-0.39700454,0.49612498,0.42843932,-1.4949203,-0.1853016,0.7351245,0.59913564,0.15707913,0.39743733,0.385827,-0.09291314,0.18820466,-0.64625573,-0.2498994,0.30035535,-0.37563664,-0.6821983,0.085317515,-0.70541894,0.020225653,-0.40355077,0.7647679,0.114837356,-0.012752577,0.44634885,-0.00089523505,-0.7889144,0.01170319,-1.0032111,0.69053596,-0.2932528,0.47525114,0.18524033,0.24749136,0.03788815,0.09285187,-0.19048919,0.7834185,-0.34228787,-0.21704468,0.44548425,0.13756393,-0.097606674,-0.44134605,-0.26780894,-0.6989962,0.46425837,-0.28559494,-0.80645335,0.6316198,-0.14787686,1.2139882,-0.86104655,-0.8378259,-0.5495443,-0.046595406,-0.40762675,0.6149454,0.07271909,-0.71258277,0.093345925,0.12385388,-0.34932816,-0.6529255,0.4530186,-0.202223,0.8592561,-0.58980983,0.33308655,-0.73296255,-0.834491,-0.7581594,-0.031897243,-0.39181694,0.37977484,-0.40688565,0.23884538,-0.012011493,0.7765017,-0.32301968,0.3169062,0.35877746,-0.40120402,-0.017693136,-0.6389684,-0.4229425,0.2558903,0.92002493,0.74253535,0.18449923,0.089640506,-0.688127,0.7873709,-1.0749727,-0.05474733,-0.30103418,-0.43702307,-1.0973288,-0.16368665,-0.3267251,0.22995238,-0.6836805,-0.29522902,0.74846405,0.9743711,0.7269726,0.3934849,0.5165048,-0.856106,0.15646157,0.5384903,0.46499947,-0.20160544,-0.4418401,-0.503103,-0.36871985,-0.052277047,0.105820835,0.76563245,-0.048695143,0.6180333,0.31789434,-0.22791392,0.94423366,-0.77903324,0.29343855,0.52132183,0.63124925,0.4899493,1.2344915,-0.31375614,0.81392646,0.25626084,0.076548025,0.008738855,-1.011363,0.46586406,-0.27880168,-0.26990867,-0.038814023,-0.82300425,-0.19370055,0.1549794,-0.31857318,-0.48544055,-0.67491096,-0.44295174,-0.392311,-0.11341646,-0.45283285,0.4494367,0.010838592,-0.5348461,-0.383171,0.47698033,-0.1552877,0.14114584,-0.13886034,-0.15244688,0.13978718,0.05085712,-0.5092788,-0.7612473,-0.43689957,0.44906616,-0.010405811,0.30245507,1.0138955,-0.3991043,0.10088028,-0.16553935,0.49834824,-1.3189129,-0.47728863,0.26688305,0.12175414,-0.3541452,-0.7088773,0.1612786,0.726108,-0.10279426,-0.24310614,-0.54633296,0.016396722,-0.16220449,0.28442204,0.26873577,-0.40663862,0.68559545,0.7984872,-0.35846817,-0.2649681,-0.0064533637,0.1921571,-0.48889893,0.4307861,-0.37600717,-0.30239284,-1.0749727,-0.05104191,-0.12218595,0.27330577,-0.1986411,0.013555899,-0.48754027,-0.053512186,0.7296899,-0.4382582,0.10384461,0.3318514,0.14806262,-0.3655085,0.4175701,0.62025654,0.30393726,0.4491897,-0.25545752,-0.13515492,-0.2269258,-0.4780297,0.3132008,-0.8773504,-0.54188645,-0.12650895,-0.20901628,0.101003796,0.042581685,-0.16924478,0.07704208,-0.6600893,-0.16257502,0.19586252,0.43560314,0.02133728,-0.09661856,0.4025014,-0.38267693,-0.6143891,-0.2216147,-0.3090626,0.23785727,-0.15343499,0.1956155,-0.32017887,0.3598891,-0.43936983,0.6344606,-0.6374863,0.850116,-0.17097397,0.28541017,0.051598202,-0.7491429,-0.69319105,0.25169083,0.20043254,-0.6100662,-0.0783385,-0.45258585,-0.03436752,-0.45246232,-0.62772864,-0.23001365,0.54713625,-0.8729039,0.10569733,0.5899956,0.9323763,-0.7569243,0.48142684,0.084576435,0.5598582,0.7387064,-0.3894702,-0.5749882,0.038999777,1.2071949,-0.10131209,0.29924372,0.007380201,0.6043232,-0.458638,0.35235474,-0.3312951,0.007750743,-0.049930282,-0.67626965,-0.31313854,-0.54040426,0.19153954,-0.2631154,-0.7801449,0.63569576,0.26404223,0.007874257,0.3433382,-0.74679613,0.31542405,0.5562763,0.117801696,0.75933325,-0.15158229,-0.07068063,0.37977484,0.6146984,0.25811356,0.7474759,1.057496,-0.21877389,0.38175106,0.7331483,0.7645208,-0.4849465,0.38780323,1.3907367,0.3388917,-0.054623812,-0.16714504,0.41633496,0.2539141,0.21117826,0.083958864,-0.50569683,0.14719802,-0.41133216,-0.84585434,0.09507512,1.0545317,0.6133397,-0.0025009166,-0.20135841,-0.039308082,0.5104526,-0.69158536,-0.8192988,0.081612095,-0.26682082,-0.06475196,0.40904763,0.03875275,-0.86438143,-0.43838173,0.24502109,-0.7109771,0.35198417,0.48636737,-0.12687948,0.7861358,0.06086175,-0.6114248,0.5020537,0.7109158,0.8886524,-0.102176696,0.49748364,0.6822606,0.6624983,0.45413023,0.29492074,-0.37328985,0.05839147,0.07136044,0.3910146,-0.2526167,-0.6647828,-0.9129224,-0.46431965,-0.44900393,-0.17838481,-0.047707032,-0.68429804,-0.03609672,0.21290745,-0.2844833,-1.0295196,0.56035227,-0.7166587,-0.40058646,0.6253206,-0.69924325,0.0046628937,-0.10859942,0.053944968,0.93138826,-0.17159155,-0.1835724,0.3819981,-0.07821498,0.02071971,0.48340306,0.6448358,0.15707913,0.114466816,0.13744041,0.21117826,0.42411634,0.20339687,-0.004724168,-1.1188202,-0.12712651,-0.051535964,0.1770884,-0.25125805,-0.503103,-0.3655085,-0.035108607,0.2787404,0.04529899,-0.20419924,-0.28040737,-0.031156158,-0.560043,-0.13157302,-0.67911047,-0.11699837,-0.66243607,-1.0538518,-0.034861576,0.21216637,0.53478485,0.21228988,-0.0377024,-0.09031935,-0.13601953,-0.06277574,-0.3974986,-0.06882792,0.10964977,0.44881913,0.27219415,-0.34759897,-0.860429,0.1559675,-0.6607069,-0.014234744,-0.14627118,-0.29547605,-0.23260745,-0.5788171,0.34976092,0.64631796,0.40324247,-0.19197135,0.7524165,-0.19641785,-0.35834467,-0.15652284,-0.5548554,0.95782024,0.064073116,0.14596288,-0.6802221,0.4378264,-0.49593922,-0.16652746,-0.13824277,0.007009659,0.24823245,-0.60747236,-0.18777187,0.25996628,-0.30041662,0.5881429,-0.76495266,-0.025351001,-0.7521072,0.067407995,-0.20790465,0.5887605,-0.2844833,-0.008553102,0.12879443,-0.10785834,-0.31289154,0.2521849,-0.16430423,-0.058082204,-0.5495443,-0.42603034,0.123236306,0.32493463,-0.24557641,-0.05573544,0.11125545,-0.5411453,0.038876265,0.37298155,0.01577915,-1.01618,-0.16813315,-0.37353688,0.4827855,0.37569886,0.14892721,0.4899493,-0.5870926,-0.022757208,-0.7141884,-0.914034,-0.0073179617,0.41275305,0.3115951,-0.7530953,0.2814577,-0.65959525,0.5063766,0.6986879,0.2159953,0.03467679,-0.61216587,0.11804872,0.3407444,-0.16529234,0.23217563,-0.18950108,0.09124619,-0.14219522,-0.012011493,0.36100072,0.7815658,0.57752067,-0.8101588,-0.13972494,-0.1544231,0.43683827,0.31369486,0.04962198,-0.6432914,-0.18233725,-0.18369591,-0.8021304,0.58085555,-0.18159617,0.4332564,-0.0836496,0.5137875,0.10767355,-0.06376385,0.8301068,-0.03090913,0.69028896,-0.60771936,0.6421185,-0.4754359,0.45808268,-0.3443876,0.28565717,-0.44332227,1.0523084,0.8956927,-0.094148286,-0.68108666,-0.26385647,-0.21272169,-0.28510088,-0.99333,0.02689541,-0.85203004,-0.9021767,0.6364369,0.06469069,-0.042519443,0.5277446,0.60815215,-1.58595,0.75760406,-0.13157302,-1.8311253,1.3619579,0.19289818,1.1508726,0.18054679,1.2816739,0.7520459,-1.1736604,0.5522003,1.6226959,0.19228062,-1.3275588,1.5048636,0.53046185,-0.6772578,-0.5656011,0.46117052,1.0366222,0.02380756,-0.8420254,1.2083066,1.6208432,-1.8086457,0.84035844,0.44190237,-0.72863954,-0.47321266,-0.24619399,0.84332275,0.03788815,1.0377338,1.1430912,0.9933922,-0.18147266,0.009850481,0.8546861,0.0790183,0.26317763,-0.64712036,-1.0396477,1.1996605,-0.6052491,0.3849624,0.5005715,-0.829674,0.7268491,-0.9188511,0.13571122,0.2644128,-0.17900239,0.75908625,0.1081676,-0.75247777,1.1658177,-0.058699775,0.022201877,1.5504403,0.90248597,0.7199323,0.9846228,-0.7123357,-0.8809323,-0.50680846,1.1669294,0.79305255,-0.36266765,-0.74506694,0.6576813,-0.70640707,-0.9629456,-0.70640707,0.8210903,1.1755754,-0.04733649,-0.45727935,-1.100046,-1.4247643,-0.79237276,0.35704824,-0.029179934,0.22056532,-1.0716379,0.26922983,1.2703105,0.5104526,-0.43961686,-0.10464697,0.31023645,-1.1401881,-0.69170886,1.0818282,-1.4983786,-0.5220007,-0.7732281,0.827513,0.105820835,0.48797306,1.1422266,-0.6448971,-0.020163415,1.0821987,-1.1151148,1.4457004,0.67522025,-0.6308165,0.5634401,-0.6103132,-0.23594232,0.8606147,-0.052400563,-0.50063276,-0.4177549,-0.82164556,-0.26892054,-0.11316944,-0.904647,-0.08327906,1.0542846,-0.8512889,0.82319,0.08099453,-0.7822446,1.1269108,-0.2825071,0.6863365,
0,0,0,0,0,0,1,0,1,0,0,0,0,0,0,0,0,0,0,0,0,0,0,0,0,0,0,0,0,0,0,0,0,0,0,0,0,0,0,0,0,0,0,0,0,0,0,0,0,0,0,0,0,0,0,0,0,0,0,0,0,0,0,0,0,0,0,0,0,0,0,0,0,0,0,0,0,0,0,0,0,0,0,0,0,0,0,0,0,0,0,0,0,0,0,0,0,0,0,0,0,0,0,0,0,0,0,0,0,0,0,0,0,0,0,0,0,0,0,0,0,0,0,0,0,0,0,0,0,0,0,0,0,0,0,0,0,0,0,0,0,0,0,0,0,0,0,0,0,0,0,0,0,0,0,0,0,0,0,0,0,0,0,0,0,0,0,0,0,0,0,0,0,0,0,0,0,0,0,0,0,0,0,0,0,0,0,0,0,0,0,0,0,0,0,0,0,0,0,0,0,0,0,0,0,0,0,0,0,0,0,0,0,0,0,0,0,0,0,0,0,0,0,0,0,0,0,0,0,0,0,0,0,0,0,0,0,0,0,0,0,0,0,0,0,0,0,0,0,0,0,0,0,0,0,0,0,0,0,0,0,0,0,0,0,0,0,0,0,0,0,0,0,0,0,0,0,0,0,0,0,0,0,0,0,0,0,0,0,0,0,0,0,0,0,0,0,0,0,0,0,0,0,0,0,0,0,0,0,0,0,0,0,0,0,0,0,0,0,0,0,0,0,0,0,0,0,0,0,0,0,0,0,0,0,0,0,0,0,0,0,0,0,0,0,0,0,0,0,0,0,0,0,0,0,0,0,0,0,0,0,0,0,0,0,0,0,0,0,0,0,0,0,0,0,0,0,0,0,0,0,0,0,0,0,0,0,0,0,0,0,0,0,0,0,0,0,0,0,0,0,0,0,0,0,0,0,0,0,0,0,0,0,0,0,0,0,0,0,0,0,0,0,0,0,0,0,0,0,0,0,0,0,0,0,0,0,0,0,0,0,0,0,0,0,0,0,0,0,0,0,0,0,0,0,0,0,0,0,0,0,0,0,0,0,0,0,0,0,0,0,0,0,0,0,0,0,0,0,0,0,0,0,0,0,0,0,0,0,0,0,0,0,0,0,0,0,0,0,0,0,0,0,0,0,0,0,0,0,0,0,0,0,0,0,0,0,0,0,0,0,0,0,0,0,0,0,0,0,0,0,0,0,0,0,0,0,0,0,0,0,0,0,0,0,0,0,0,0,0,0,0,0,0,0,0,0,0,0,0,0,0,0,0,0,0,0,0,0,0,0,0,0,0,0,0,0,0,0,0,0,0,0,0,0,0,0,0,0,0,0,0,0,0,0,0,0,0,0,0,0,0,0,0,0,0,0,0,0,0,0,0,0,0,0,0,0,0,0,0,0,0,0,0,0,0,0,0,0,0,0,0,0,0,0,0,0,0,0,0,0,0,0,0,0,0,0,0,0,0,0,0,0,0,0,0,0,0,0,0,0,0,0,0,0,0,0,0,0,0,0,0,0,0,0,0,0,0,0,0,0,0,0,0,0,0,0,0,0,0,0,0,0,0,0,0,0,0,0,0,0,0,0,0,0,0,0,0,0,0,0,0,0,0,0,0,0,0,0,0,0,0,0,0,0,0,0,0,0,0,0,0,0,0,0,0,0,0,0,0,0,0,0,0,0,0,0,0,0,0,0,0,0,0,0,0,0,0,0,0,0,0,0,0,0,0,0,0,0,0,0,0,0,0,0,0,0,0,0,0,0,0,0,0,0,0,0,0,0,0,0,0,0,0,0,0,0,0,0,0,0,0,0,0,0,0,0,0,0,0,0,0,0,0,0,0,0,0,0,0,0,0,0,0,0,0,0,0,0,0,0,0,0,0,0,0,0,0,0,0,0,0,0,0,0,0,0,0,0,0,0,0,0,0,0,0,0,0,0,0,0,0,0,0,0,0,0,0,0,0,0,0,0,0,0,0,0,0,0,0,0,0,0,0,0,0,0,0,0,0,0,0,0,0,0,0,0,0,0,0,0,0,0,0,0,0,0,0,0,0,0,0,0,0,0,0,0,0,0,0,0,0,0,0,0,0,0,0,0,0,0,0,0,0,0,0,0,0,0,0,0,0,0,0,0,0,0,0,0,0,0,0,0,0,0,0,0,0,0,0,0,0,0,0,0,0,0,0,0,0,0,0,0,0,0,0,0,0,0,0,0,0,0,0,0,0,0,0,0,0,0,0,0,0,0,0,0,0,0,0,0,0,0,0,0,0,0,0,0,0,0,0,0,0,0,0,0,0,0,0,0,0,0,0,0,0,0,0,0,0,0,0,0,0,0,0,0,0,0,0,0,0,0,0,0,0,0,0,0,0,0,0,0,0,0,0,0,0,0,0,0,0,0,0,0,0,0,0,0,0,0,0,0,0,0,0,0,0,0,0,0,0,0,0,0,0,0,0,0,0,0,0,0,0,0,0,0,0,0,0,0,0,0,0,0,0,0,0,0,0,0,0,0,0,0,0,0,0,0,0,0,0,0,0,0,0,0,0,0,0,0,0,0,0,0,0,0,0,0,0,0,0,0,0,0,0,0,0,0,0,0,0,0,0,0,0,0,0,0,0,0,0,0,0,0,0,0,0,0,0,0,0,0,0,0,0,0,0,0,0,0,0,0,0,0,0,0,0,0,0,0,0,0,0,0,0,0,0,0,0,0,0,0,0,0,0,0,0,0,0,0,0,0,0,0,0,0,0,0,0,0,0,0,0,0,0,0,0,0,0,0,0,0,0,0,0,0,0,0,0,0,0,0,0,0,0,0,0,0,0,0,0,0,0,0,0,0,0,0,0,0,0,0,0,0,0,0,0,0,0,0,0,0,0,0,0,0,0,0,0,0,0,0,0,0,0,0,0,0,0,0,0,0,0,0,0,0,0,0,0,0,0,0,0,0,0,0,0,0,0,0,0,0,0,0,0,0,0,0,0,0,0,0,0,0,0,0,0,0,0,0,0,0,0,0,0,0,0,0,0,0,0,0,0,0,0,0,0,0,0,0,0,0,0,0,0,0,0,0,0,0,0,0,0,0,0,0,0,0,0,0,0,0,0,0,0,0,0,0,0,0,0,0,0,0,0,0,0,0,0,0,0,0,0,0,0,0,0,0,0,0,0,0,0,0,0,0,0,0,0,0,0,0,0,0,0,0,0,0,0,0,0,0,0,0,0,0,0,0,0,0,0,0,0,0,0,0,0,0,0,0,0,0,0,0,0,0,0,0,0,0,0,0,0,0,0,0,0,0,0,0,0,0,0,0,0,0,0,0,0,0,0,0,0,0,0,0,0,0,0,0,0,0,0,0,0,0,0,0,0,0,0,0,0,0,0,0,0,0,0,0,0,0,0,0,0,0,0,0,0,0,0,0,0,0,0,0,0,0,0,0,0,0,0,0,0,0,0,0,0,0,0,0,0,0,0,0,0,0,0,0,0,0,0,0,0,0,0,0,0,0,0,0,0,0,0,0,0,0,0,0,0,0,0,0,0,0,0,0,0,0,0,0,0,0,0,0,0,0,0,0,0,0,0,0,0,0,0,0,0,0,0,0,0,0,0,0,0,0,0,0,0,0,0,0,0,0,0,0,0,0,0,0,0,0,0,0,0,0,0,0,0,0,0,0,0,0,0,0,0,0,0,0,0,0,0,0,0,0,0,0,0,0,0,0,0,0,0,0,0,0,0,0,0,0,0,0,0,0,0,0,0,0,0,0,0,0,0,0,0,0,0,0,0,0,0,0,0,0,0,0,0,0,0,0,0,0,0,0,0,0,0,0,0,0,0,0,0,0,0,0,0,0,0,0,0,0,0,0,0,0,0,0,0,0,0,0,0,0,0,0,0,0,0,0,0,0,0,0,0,0,0,0,0,0,0,0,0,0,0,0,0,0,0,0,0,0,0,0,0,0,0,0,0,0,0,0,0,0,0,0,0,0,0,0,0,0,0,0,0,0,0,0,0,0,0,0,0,0,0,0,0,0,0,0,0,0,0,0,0,0,0,0,0,0,0,0,0,0,0,0,0,0,0,0,0,0,0,0,0,0,0,0,0,0,0,0,0,0,0,0,0,0,0,0,0,0,0,0,0,0,0,0,0,0,0,0,0,0,0,0,0,0,0,0,0,0,0,0,0,0,0,0,0,0,0,0,0,0,0,0,0,0,0,0,0,0,0,0,0,0,0,0,0,0,0,0,0,0,0,0,0,0,0,0,0,0,0,0,0,0,0,0,0,0,0,0,0,0,0,0,0,0,0,0,0,0,0,0,0,0,0,0,0,0,0,0,0,0,0,0,0,0,0,0,0,0,0,0,0,0,0,0,0,0,0,0,0,0,0,0,0,0,0,0,0,0,0,0,0,0,0,0,0,0,0,0,0,0,0,0,0,0,0,0,0,0,0,0,0,0,0,0,0,0,0,0,0,0,0,0,0,0,0,0,0,0,0,0,0,0,0,0,0,0,0,0,0,0,0,0,0,0,0,0,0,0,0,0,0,0,0,0,0,0,0,0,0,0,0,0,0,0,0,0,0,0,0,0,0,0,0,0,0,0,0,0,0,0,0,0,0,0,0,0,0,0,0,0,0,0,0,0,0,0,0,0,0,0,0,0,0,0,0,0,0,0,0,0,0,0,0,0,0,0,0,0,0,0,0,0,0,0,0,0,0,0,0,0,0,0,0,0,0,0,0,0,0,0,0,0,0,0,0,0,0,0,0,0,0,0,0,0,0,0,0,0,0,0,0,0,0,0,0,0,0,0,0,0,0,0,0,0,0,0,0,0,0,0,0,0,0,0,0,0,0,0,0,0,0,0,0,0,0,0,0,0,0,0,0,0,0,0,0,0,0,0,0,0,0,0,0,0,0,0,0,0,0,0,0,0,0,0,0,0,0,0,0,0,0,0,0,0,0,0,0,0,0,0,0,0,0,0,0,0,0,0,0,0,0,0,0,0,0,0,0,0,0,0,0,0,0,0,0,0,0,0,0,0,0,0,0,0,0,0,0,0,0,0,0,0,0,0,0,0,0,0,0,0,0,0,0,0,0,0,0,0,0,0,0,0,0,0,0,0,0,0,0,0,0,0,0,0,0,0,0,0,0,0,0,0,0,0,0,0,0,0,0,0,0,0,0,0,0,0,0,0,0,0,0,0,0,0,0,0,0,0,0,0,0,0,0,0,0,0,0,0,0,0,0,0,0,0,0,0,0,0,0,0,0,0,0,0,0,0,0,0,0,0,0,0,0,0,0,0,0,0,0,0,0,0,0,0,0,0,0,0,0,0,0,0,0,0,0,0,0,0,0,0,0,0,0,0,0,0,0,0,0,0,0,0,0,0,0,0,0,0,0,0,0,0,0,0,0,0,0,0,0,0,0,0,0,0,0,0,0,0,0,0,0,0,0,0,0,0,0,0,0,0,0,0,0,0,0,0,0,0,0,0,0,0,0,0,0,0,0,0,0,0,0,0,0,0,0,0,0,0,0,0,0,0,0,0,0,0,0,0,0,0,0,0,0,0,0,0,0,0,0,0,0,0,0,0,0,0,0,0,0,0,0,0,0,0,0,0,0,0,0,0,0,0,0,0,0,0,0,0,0,0,0,0,0,0,0,0,0,0,0,0,0,0,0,0,0,0,0,0,0,0,0,0,0,0,0,0,0,0,0,0,0,0,0,0,0,0,0,0,0,0,0,0,0,0,0,0,0,0,0,0,0,0,0,0,0,0,0,0,0,0,0,0,0,0,0,0,0,0,0,0,0,0,0,0,0,0,0,0,0,0,0,0,0,0,0,0,0,0,0,0,0,0,0,0,0,0,0,0,0,0,0,0,0,0,0,0,0,0,0,0,0,0,0,0,0,0,0,0,0,0,0,0,0,0,0,0,0,0,0,0,0,0,0,0,0,0,0,0,0,0,0,0,0,0,0,0,0,0,0,0,0,0,0,0,0,0,0,0,0,0,0,0,0,0,0,0,0,0,0,0,0,0,0,0,0,0,0,0,0,0,0,0,0,0,0,0,0,0,0,0,0,0,0,0,0,0,0,0,0,0,0,0,0,0,0,0,0,0,0,0,0,0,0,0,0,0,0,0,0,0,0,0,0,0,0,0,0,0,0,0,0,0,0,0,0,0,0,0,0,0,0,0,0,0,0,0,0,0,0,0,0,0,0,0,0,0,0,0,0,0,0,0,0,0,0,0,0,0,0,0,0,0,0,0,0,0,0,0,0,0,0,0,0,0,0,0,0,0,0,0,0,0,0,0,0,0,0,0,0,0,0,0,0,0,0,0,0,0,0,0,0,0,0,0,0,0,0,0,0,0,0,0,0,0,0,0,0,0,0,0,0,0,0,0,0,0,0,0,0,0,0,0,0,0,0,0,0,0,0,0,0,0,0,0,0,0,0,0,0,0,0,0,0,0,0,0,0,0,0,0,0,0,0,0,0,0,0,0,0,0,0,0,0,0,0,0,0,0,0,0,0,0,0,0,0,0,0,0,0,0,0,0,0,0,0,0,0,0,0,0,0,0,0,0,0,0,0,0,0,0,0,0,0,0,0,0,0,0,0,0,0,0,0,0,0,0,0,0,0,0,0,0,0,0,0,0,0,0,0,0,0,0,0,0,0,0,0,0,0,0,0,0,0,0,0,0,0,0,0,0,0,0,0,0,0,0,0,0,0,0,0,0,0,0,0,0,0,0,0,0,0,0,0,0,0,0,0,0,0,0,0,0,0,0,0,0,0,0,0,0,0,0,0,0,0,0,0,0,0,0,0,0,0,0,0,0,0,0,0,0,0,0,0,0,0,0,0,0,0,0,0,0,0,0,0,0,0,0,0,0,0,0,0,0,0,0,0,0,0,0,0,0,0,0,0,0,0,0,0,0,0,0,0,0,0,0,0,0,0,0,0,0,0,0,0,0,0,0,0,0,0,0,0,0,0,0,0,0,0,0,0,0,0,0,0,0,0,0,0,0,0,0,0,0,0,0,0,0,0,0,0,0,0,0,0,0,0,0,0,0,0,0,0,0,0,0,0,0,0,0,0,0,0,0,0,0,0,0,0,0,0,0,0,0,0,0,0,0,0,0,0,0,0,0,0,0,0,0,0,0,0,0,0,0,0,0,0,0,0,0,0,0,0,0,0,0,0,0,0,0,0,0,0,0,0,0,0,0,0,0,0,0,0,0,0,0,0,0,0,0,0,0,0,0,0,0,0,0,0,0,0,0,0,0,0,0,0,0,0,0,0,0,0,0,0,0,0,0,0,0,0,0,0,0,0,0,0,0,0,0,0,0,0,0,0,0,0,0,0,0,0,0,0,0,0,0,0,0,0,0,0,0,0,0,0,0,0,0,0,0,0,0,0,0,0,0,0,0,0,0,0,0,0,0,0,0,0,0,0,0,0,0,0,0,0,0,0,0,0,0,0,0,0,0,0,0,0,0,0,0,0,0,0,0,0,0,0,0,0,0,0,0,0,0,0,0,0,0,0,0,0,0,0,0,0,0,0,0,0,0,0,0,0,0,0,0,0,0,0,0,0,0,0,0,0,0,0,0,0,0,0,0,0,0,0,0,0,0,0,0,0,0,0,0,0,0,0,0,0,0,0,0,0,0,0,0,0,0,0,0,0,0,0,0,0,0,0,0,0,0,0,0,0,0,0,0,0,0,0,0,0,0,0,0,0,0,0,0,0,0,0,0,0,0,0,0,0,0,0,0,0,0,0,0,0,0,0,0,0,0,0,0,0,0,0,0,0,0,0,0,0,0,0,0,0,0,0,0,0,0,0,0,0,0,0,0,0,0,0,0,0,0,0,0,0,0,0,0,0,0,0,0,0,0,0,0,0,0,0,0,0,0,0,0,0,0,0,0,0,0,0,0,0,0,0,0,0,0,0,0,0,0,0,0,0,0,0,0,0,0,0,0,0,0,0,0,0,0,0,0,0,0,0,0,0,0,0,0,0,0,0,0,0,0,0,0,0,0,0,0,0,0,0,0,0,0,0,0,0,0,0,0,0,0,0,0,0,0,0,0,0,0,0,0,0,0,0,0,0,0,0,0,0,0,0,0,0,0,0,0,0,0,0,0,0,0,0,0,0,0,0,0,0,0,0,0,0,0,0,0,0,0,0,0,0,0,0,0,0,0,0,0,0,0,0,0,0,0,0,0,0,0,0,0,0,0,0,0,0,0,0,0,0,0,0,0,0,0,0,0,0,0,0,0,0,0,0,0,0,0,0,0,0,0,0,0,0,0,0,0,0,0,0,0,0,0,0,0,0,0,0,0,0,0,0,0,0,0,0,0,0,0,0,0,0,0,0,0,0,0,0,0,0,0,0,0,0,0,0,0,0,0,0,0,0,0,0,0,0,0,0,0,0,0,0,0,0,0,0,0,0,0,0,0,0,0,0,0,0,0,0,0,0,0,0,0,0,0,0,0,0,0,0,0,0,0,0,0,0,0,0,0,0,0,0,0,0,0,0,0,0,0,0,0,0,0,0,0,0,0,0,0,0,0,0,0,0,0,0,0,0,0,0,0,0,0,0,0,0,0,0,0,0,0,0,0,0,0,0,0,0,0,0,0,0,0,0,0,0,0,0,0,0,0,0,0,0,0,0,0,0,0,0,0,0,0,0,0,0,0,0,0,0,0,0,0,0,0,0,0,0,0,0,-0.990066,-0.56447935,1.7223095,0.50630176,-0.36351505,-0.73092103,-0.33304253,0.5167807,1.4396994,-0.31523475,0.51105905,-0.053132534,0.07370771,0.5302169,0.44548526,1.0184844,-0.32288504,-0.25949705,0.48277232,-0.26682588,-0.86284,0.44413522,-0.83763915,0.4089054,-0.38961598,-0.3422357,0.6902297,0.81565565,0.29010114,-0.1407571,0.045163833,-0.60215217,0.17219694,0.38248304,0.6213773,0.7086804,0.34802464,0.8902297,-1.1136276,-0.11664909,-1.3877516,0.8182272,0.7756042,-0.3732868,-1.0527468,0.5199308,-0.6233029,0.52803105,0.646321,0.14153156,0.27203622,0.3086161,0.5489247,-0.42902452,-0.17277253,0.48193657,-0.7006414,-0.055061173,-0.25788984,-0.32905668,-0.19501618,0.06310019,-0.09704124,-0.059882775,0.22028437,-0.22728875,0.52385235,-0.3658937,-0.31028458,-0.48771948,0.75072473,-0.25673267,-0.41661695,0.6803294,0.81919146,0.30456597,-0.76730806,-0.7996449,-0.24329647,0.033913434,-0.57752985,0.58936185,-0.6569898,-0.5788156,-0.42465293,-0.1986163,-0.6292174,0.39219052,1.0195773,0.8008051,-0.45364684,0.39797643,0.49286553,-0.6195099,-0.93034244,0.51318055,0.80704105,0.60466236,0.5915476,-0.74043566,0.16994686,0.3145949,-0.37431544,0.37335414,-0.10250573,0.0101911565,-0.112148926,-0.07987635,-0.115813345,-0.3450001,0.15458202,0.035970647,-0.09279823,0.2797508,0.709709,-0.09022672,0.4849581,-0.11009171,-0.78383005,-0.11851344,0.031213336,0.6089697,-0.4758262,0.85995007,0.66136444,-0.59456617,-0.0096738385,0.23526348,0.15278196,-1.0348104,-0.2806478,-0.3776584,-0.26573297,-0.050818164,1.1028944,-0.037574835,-0.51960635,0.761718,-0.530471,-0.07949062,-0.50989884,-0.47016886,-0.043039314,-0.07004028,-0.17778699,-0.58440864,0.63931364,-0.14384292,-0.3905803,0.3192879,0.92854536,-0.12429936,-0.123785056,1.0375779,-0.0060094222,0.4636145,-0.1975234,0.47036472,0.57425416,0.10411594,0.70501596,-0.16357933,-0.14988598,-0.46007565,-0.33394256,0.2223416,0.19501919,0.3944406,0.6270989,0.4035695,-0.28186926,-0.0014449735,-0.82516724,0.15329626,-0.349886,0.6098697,-0.017838417,-0.18061566,-0.11510617,-0.43050316,0.30257303,0.02202015,-0.5869159,-0.24516082,-0.22626014,1.0677289,-0.050818164,0.13053831,0.18505454,-0.3513646,0.03635638,0.03397772,-0.26502582,-0.5840872,-0.22034565,0.3011587,-0.08347648,-0.5202492,-0.45551118,0.6292847,-0.17167963,-0.08231929,0.2694647,0.5372243,0.942753,0.70077294,-0.19141604,-0.11902774,0.130024,-0.32339934,-0.05846844,0.03166335,-0.5738011,-0.25326112,0.49968007,0.49164405,0.22844896,-0.3079702,0.30302304,-0.2816764,0.35747498,0.30893755,0.1713612,0.47910792,-0.23577477,0.04111369,-0.8143669,0.7433959,-0.39662337,-0.17894417,0.23738499,-0.15798628,0.24657817,-0.43641764,-0.14275002,0.16473953,0.15008187,0.25319985,-0.26206857,-0.014688304,0.35541776,-0.3079702,0.09029402,-0.10649158,-0.39083746,0.31105906,-0.5747012,-0.17547262,0.7424959,0.65101403,0.022598742,-0.005495118,0.72918826,0.064835966,-0.10340576,0.10842323,-0.0377677,-0.42716017,-0.08527654,-0.42548868,-1.0296674,-0.29389113,-0.006330862,0.3473175,0.31780928,-0.17360826,-0.08270502,0.32661673,-0.83153176,-0.21025243,-0.27151892,0.014627029,0.5439745,-0.25956133,-0.076340504,0.4559642,0.27287197,-0.50970596,-0.16505796,0.1520748,-0.044646516,0.2812294,-0.49929133,-0.98157996,-0.70404863,-0.39334467,0.2978157,0.032884825,-1.079362,-0.19283038,-0.5497574,0.05686425,-1.21996,0.16345377,0.3273882,-0.10655587,-0.2956912,-0.27023315,0.40324804,0.18981186,-0.14705731,-0.93734986,-0.1905803,0.39714068,-0.79578763,-0.19418043,-0.12082781,-1.1936661,-0.97585833,-0.6960126,-0.78698015,0.18646888,0.4404708,0.48894396,0.65866435,0.115559205,-0.21018814,0.35940364,0.385826,-0.19051601,0.00061224285,0.18389736,0.42401308,0.07531491,-0.056732662,0.040920824,0.43879932,-0.109963134,-1.1134347,-0.178237,-0.2945983,0.20491955,0.37701854,0.7579893,-0.9755369,0.024334518,-0.40150926,-0.5619078,0.42349878,-0.494084,0.0115412045,0.6238202,0.010834036,0.48579386,0.18724033,-0.37373683,0.6088411,-0.07646908,0.45750713,0.1483461,0.10154442,-0.546093,0.2920298,-0.0071666064,0.18601887,-0.11112032,-0.45750412,-0.019895632,0.24362092,-0.11600621,-0.020988528,0.30418023,0.5869189,0.32770965,0.8351349,-0.34789306,0.42504168,-0.68874806,-0.38884452,0.14474596,0.16480382,0.16872539,-0.19823058,0.2791079,0.29980865,-0.031146035,-0.18775162,0.013598421,0.80434096,-0.36820808,-0.40369505,-0.3487931,-0.030374577,-0.15959348,0.96403235,-1.2848908,0.21166979,-0.09395542,0.24709247,-0.4415607,0.0058195717,0.58724034,0.12790251,0.19514777,0.47512203,0.3162664,0.09337984,-0.12532797,0.6984586,-0.39508045,-0.03481045,-0.32282072,-0.5014771,0.32725963,0.4400208,-0.75155747,0.9267453,0.7945049,0.3011587,0.08566528,-0.2918339,0.86220014,-0.4758905,-0.21629551,0.5718755,-0.16820808,-0.37605122,0.07730784,0.45744285,-0.054482583,0.06599315,-0.43326753,-0.38119426,-0.089198105,-0.23474616,0.8144342,-0.346543,0.048635386,-0.3192849,0.76718247,-0.047539476,-0.23898917,-0.5080988,-0.2313389,-0.18717304,-0.09768412,-0.07441186,-0.09524118,0.590969,0.5183236,0.26914325,0.9360028,0.23012044,-0.16390078,-0.03423186,-0.42478153,-0.03905346,-0.069333114,-0.4458037,-0.7541933,-0.073318966,-0.34069282,-0.134264,-0.18659444,-0.20543084,-0.051139604,0.2764078,-0.49414828,-0.1696224,0.13561706,0.72179514,0.13593851,0.481808,-0.1756012,0.19894075,-0.20549512,0.49106547,-0.050110996,0.25409988,1.0195773,0.2823866,-0.17572977,0.75175333,0.35798928,0.26406452,0.8963371,-0.009288111,0.001640851,-0.14159283,-0.066183,0.2694647,-0.39032316,-0.054418296,-0.32012063,-0.20498082,-0.012116783,-0.09813414,0.9214094,0.48752964,-0.037960563,0.082193725,0.20164084,-0.13259251,-0.3128561,0.22105584,0.016812822,-0.19514474,0.2598215,0.12732391,0.87737215,0.33021688,0.16499668,-0.2999985,0.5470603,-0.5499503,0.096915685,-0.4934411,0.12783821,0.35342485,-0.68058354,-0.41340256,0.21501276,-0.22915311,0.8924155,-0.6968484,0.4201558,-0.1369641,-0.38293004,0.076472096,0.4764078,-0.73683554,0.38319018,0.7169092,0.43552062,0.12764536,-0.053711127,0.08720819,-0.4656044,0.38608316,0.21989864,0.31543064,0.14731748,0.23269196,0.47827217,0.6125698,0.57824004,0.0866296,-0.28354076,0.007619636,0.21835573,-0.6561541,0.2142413,0.85429275,0.21867718,-0.0009306694,-0.45043245,0.46702176,-0.15907918,-0.09633408,-0.27486187,0.39476204,0.049599707,-0.38338006,-0.31742054,0.20761964,-0.09491974,0.38537598,0.45789286,0.3515605,-0.3756012,1.0087125,0.35779643,0.5977193,-0.77065104,0.31967363,0.3076518,-0.080969244,0.32918826,0.07222909,0.37328985,-0.65184677,0.20337662,-0.32282072,0.2029266,-0.62838167,0.22632745,0.07968649,-0.31092745,0.8371278,0.56229657,0.8042124,-0.21533118,0.39469776,-0.20581655,0.70077294,0.7763114,0.38801178,-0.4362248,-0.6837979,-0.64323217,0.40080512,-0.03410328,-0.10353433,0.19199765,-0.23358898,0.08521526,-0.23648193,-0.48000494,-0.13773556,0.5603037,0.11382343,-0.28251216,-0.1122775,0.4586,0.10115869,-0.41860986,0.11896647,0.40581957,0.9124734,-0.19392328,0.6276775,-0.21995991,0.06959328,-0.00048065334,0.22954185,0.08887968,-0.18241572,-0.5224993,-0.30031994,-0.7084202,0.23590636,-0.3846015,-0.80568796,-0.29215536,-1.0920911,-0.056861237,-0.20549512,0.02330591,-0.08212642,-0.44393936,-0.3058487,-0.26149,-0.8528754,0.061943006,0.018548599,-0.2915125,0.82909185,-0.30835593,-0.051782485,0.45679995,-0.26714733,-0.1482145,0.075572066,-0.110348865,0.2110269,-0.3086131,0.2920298,0.037642136,-0.77797985,-0.60420936,-0.08662659,0.25307125,0.17624709,0.09775142,-0.83217466,0.7084875,-0.22266002,-0.32796377,-0.43114603,-0.10269859,0.0106411725,0.009676852,0.055707067,-0.27036172,0.25467846,-0.12095638,0.6068482,0.16878968,0.0009336829,0.4071696,-0.2506253,0.24445666,0.25422844,0.068821825,-1.0621328,0.10443738,0.23237053,-0.086176574,-0.6698474,-0.14840737,-0.27132604,0.5252024,0.069657564,0.2800722,0.19624066,-0.07589049,0.80369806,-0.48701233,-0.6422679,0.38466883,0.019962935,-0.088233784,-0.3041129,-0.45531833,-0.105398685,0.56146085,0.2754435,-0.20600942,0.37869003,-0.60729516,1.0224701,-0.42863882,0.35059616,-0.0014449735,-0.03031029,0.513502,-0.39475903,0.4513355,-0.14956455,0.21957721,-0.42465293,0.073064834,-0.25782555,-0.15046458,0.3074589,-0.5132418,-0.87537616,-0.40420935,-0.54275,-0.63519615,0.21661995,-0.5491145,-0.37225822,0.913502,-0.35181463,0.085922435,0.09453703,0.71465915,0.56461096,-0.016295504,-0.2500467,-0.53972846,0.27460775,0.20491955,0.59521204,-0.5631293,0.4050481,-0.054289717,-0.7068773,0.30958042,-0.028831666,-0.333814,-0.07454044,-0.81533116,0.29395843,1.1346527,0.10430881,0.25853574,0.16962542,0.4119912,-0.44753948,0.7284168,-0.05840415,0.72558814,0.79444057,-0.28096923,-0.10707018,0.59399056,0.16467525,0.033399127,-0.51375616,0.21758428,-0.43313897,-0.29241252,-0.6437465,0.35323197,-0.08842665,-0.14120711,-0.35586476,-0.44400364,0.5387029,-0.2796192,0.33896005,0.39791214,0.6308919,-0.5197349,-0.55528617,-0.8555112,0.84027797,0.94204587,-0.7395999,0.13838145,-0.138057,-0.1433929,0.1514962,-0.109063104,-0.040853523,-0.6865623,0.45898575,-0.10797021,0.52597386,0.10244445,0.76248944,0.29652995,0.36191085,-0.13413543,0.23719212,-0.11144176,0.5474461,0.4045338,-0.39617336,-0.62182426,-0.30025566,0.56859684,0.40074083,-0.11709911,0.14680319,-0.5284138,0.045485273,0.25641423,-0.27550477,-0.33625692,0.052042652,0.43397772,0.46708605,0.31980222,-0.1883945,-0.16402934,-0.32063493,-0.6325604,-0.45358256,-0.55753624,0.25467846,-0.5578577,0.009676852,-0.36094353,0.012055509,-0.6693331,0.568854,-0.02227429,0.84837824,-0.08752662,-0.02420293,-0.30597728,-1.195209,0.21469131,0.37598994,-0.64972526,0.35554636,-0.934264,0.22806323,-0.19797342,0.07415773,-0.6848265,0.1193522,-0.22908881,-0.009930991,0.06207158,0.12083082,-0.5986806,0.03526348,0.12025223,-0.07807628,0.07010758,0.3327241,-0.06335433,-0.81603837,0.04979257,-0.40575227,-0.75509334,1.0934441,-0.117034815,0.5615251,-0.17167963,0.41179836,0.070300445,0.3331741,0.5334313,0.06830752,0.2587929,0.27351484,-0.16126497,0.28849396,0.16769679,-0.010381007,0.32005936,-0.50212,-0.6339104,0.23725641,0.031213336,0.77322555,0.18537599,0.9803615,0.50463027,0.001062259,-0.19000171,0.6685647,-0.1562505,0.31780928,-0.011409615,-0.08424793,0.4700433,-0.02548869,-0.5482145,0.09190122,0.02690604,0.09485847,-0.32127783,0.8546142,-0.21218108,0.1691754,0.53670996,-0.4148169,-0.028574513,-0.38582298,-0.5118918,-0.08688374,0.69280124,0.33130977,-0.3278352,-0.58595157,0.22934899,0.6654788,-0.15310039,-0.069333114,0.122245155,-0.34795734,-0.3268709,-0.12603514,0.7021873,0.14095297,0.27390057,0.46811464,-0.38376576,-0.32603514,-0.37579405,0.7867903,-0.19501618,0.015591349,0.07827216,-0.17598692,0.30083725,0.15001757,0.08817251,0.037384983,-0.5648651,-0.48476222,-0.086176574,0.016427094,-0.23378184,-0.1535504,-0.26586157,-0.7347783,0.35445344,0.43153477,0.08174371,0.29858717,-0.6212457,-0.1804228,-0.14377862,0.11896647,0.02491311,-0.1165848,-0.378237,0.13085975,-0.18646587,0.5493747,0.092994116,0.58325446,-0.058854166,-1.0223386,-0.027674481,0.15541777,0.30289447,0.18055439,-0.2790406,-0.4366748,0.15715355,0.087465346,-0.04843951,0.3338813,-0.44734663,0.0044695237,0.6985872,0.1360028,-1.1290567,0.018741462,0.0003550908,0.37213266,0.14841038,-0.43596762,0.57553995,0.25467846,-0.5749583,-0.3475716,0.10154442,-0.13355683,0.25776428,0.18306161,0.3638395,-0.87492615,0.17791857,-0.08000492,0.5907762,-0.74307144,0.4218273,-0.39887345,0.2517212,0.2850867,-0.4666973,-0.86148995,-0.09434115,-0.008709518,0.069143265,-0.33728555,-0.14320004,-0.060139928,0.5565107,0.13741712,-0.21571691,0.4393779,-0.040532082,0.43995652,-0.22947454,0.5671825,-0.44548225,0.4072339,0.45422843,0.46663603,-0.52314216,0.861943,0.06490026,-0.32802805,0.5601108,0.73291695,1.7116376,1.8550642,0.21359842,-0.79996634,1.0994872,-1.1901302,-1.8360319,0.9396029,-1.7300853,1.496337,0.17232552,0.6582786,-1.6371891,1.2227273,-1.0026665,1.5888475,1.1156877,-1.546093,-1.1925732,0.8791722,-1.2159741,-0.59520906,1.6609787,-1.6145598,-1.7452573,0.9199308,0.7196093,-0.72822094,-1.3708439,-1.2387964,0.41031975,-1.3817085,0.48026508,-0.69048387,0.2212487,-1.2857265,0.66592884,1.0232416,0.735167,1.314402,1.3538105,0.35921076,-0.2024093,-1.2967198,-1.2944055,1.2386707,0.8196415,-1.6747975,-0.40543082,-0.56139356,-1.5508503,-1.6783978,-1.6809692,-0.5118918,-1.1786227,-1.0046594,0.8951799,-1.600995,-1.350336,0.35631782,1.6242702,-1.0283173,0.70585173,1.433592,-0.74853593,1.0697862,-0.06264716,0.23102047,0.9333027,1.6012552,0.9784329,1.3528463,-0.30700588,-1.0357748,-0.6805192,-0.7665366,1.5181308,-1.2830265,-1.7767584,0.30193016,1.3472532,-0.09144819,-1.2991627,1.2735791,-0.60543084,0.19508347,-1.0911268,0.888944,1.0389922,0.7991336,0.6950513,-0.1701367,1.1587608,0.8769864,-1.4513967,-0.4034379,-0.5377356,-1.3802942,-0.8350033,-0.25563976,-0.07589049,-0.8840551,-0.4667616,-1.3019271,0.40331233,0.91157335,-0.5165848,-1.0121168,-0.07248323,-0.518192,-1.3506575,0.67814356,0.04047081,0.5489247,-1.3335569,-0.32449222,-0.54474294,1.022663,0.52134514,-1.2801977,-0.20594513,1.3426244,-0.95387185,-0.74962884,1.7105447,-0.6805192,-1.6409178,
0,0,0,0,0,0,0,0,0,0,0,0,0,0,0,0,0,0,0,0,0,0,0,0,0,0,0,0,0,0,0,0,0,0,0,0,0,0,0,0,0,0,0,0,0,0,0,0,0,0,0,0,0,0,0,0,0,0,0,0,0,0,0,0,0,0,0,0,0,0,0,0,0,0,0,0,0,0,0,0,0,0,0,0,0,0,0,0,0,0,0,0,0,0,0,0,0,0,0,0,0,0,0,0,0,0,0,0,0,0,0,0,0,0,0,0,0,0,0,0,0,0,0,0,0,0,0,0,0,0,0,0,0,0,0,0,0,0,0,0,0,0,0,0,0,0,0,0,0,0,0,0,0,0,0,0,0,0,0,0,0,0,0,0,0,0,0,0,0,0,0,0,0,0,0,0,0,0,0,0,1,0,0,0,0,0,0,0,0,0,0,0,0,0,0,0,0,0,0,0,0,0,0,0,0,0,0,0,0,0,0,0,0,0,0,0,0,0,0,0,0,0,0,0,0,0,0,0,0,0,0,0,0,0,0,0,0,0,0,0,0,0,0,0,0,0,0,0,0,0,0,0,0,0,0,0,0,0,0,0,0,0,0,0,0,0,0,0,0,0,0,0,0,0,0,0,0,0,0,0,0,0,0,0,0,0,0,0,0,0,0,0,0,0,0,0,0,0,0,0,0,0,0,0,0,0,0,0,0,0,0,0,0,0,0,0,0,0,0,0,0,0,0,0,0,0,0,0,0,0,0,0,0,0,0,0,0,0,0,0,0,0,0,0,0,0,0,0,0,0,0,0,0,0,0,0,0,0,0,0,0,0,0,0,0,0,0,0,0,0,0,0,0,0,0,0,0,0,0,0,0,0,0,0,0,0,0,0,0,0,0,0,0,0,0,0,0,0,0,0,0,0,0,0,0,0,0,0,0,0,0,0,0,0,0,0,0,0,0,0,0,0,0,0,0,0,0,0,0,0,0,0,0,0,0,0,0,0,0,0,0,0,0,0,0,0,0,0,0,0,0,0,0,0,0,0,0,0,0,0,0,0,0,0,0,0,0,0,0,0,0,0,0,0,0,0,0,0,0,0,0,0,0,0,0,0,0,0,0,0,0,0,0,0,0,0,0,0,0,0,0,0,0,0,0,0,0,0,0,0,0,0,0,0,0,0,0,0,0,0,0,0,0,0,0,0,0,0,0,0,0,0,0,0,0,0,0,0,0,0,0,0,0,0,0,0,0,0,0,0,0,0,0,0,0,0,0,0,0,0,0,0,0,0,0,0,0,0,0,0,0,0,0,0,0,0,0,0,0,0,0,0,0,0,0,0,0,0,0,0,0,0,0,0,0,0,0,0,0,0,0,0,0,0,0,0,0,0,0,0,0,0,0,0,0,0,0,0,0,0,0,0,0,0,0,0,0,0,0,0,0,0,0,0,0,0,0,0,0,0,0,0,0,0,0,0,0,0,0,0,0,0,0,0,0,0,0,0,0,0,0,0,0,0,0,0,0,0,0,0,0,0,0,0,0,0,0,0,0,0,0,0,0,0,0,0,0,0,0,0,0,0,0,0,0,0,0,0,0,0,0,0,0,0,0,0,0,0,0,0,0,0,0,0,0,0,0,0,0,0,0,0,0,0,0,0,0,0,0,0,0,0,0,0,0,0,0,0,0,0,0,0,0,0,0,0,0,0,0,0,0,0,0,0,0,0,0,0,0,0,0,0,0,0,0,0,0,0,0,0,0,0,0,0,0,0,0,0,0,0,0,0,0,0,0,0,0,0,0,0,0,0,0,0,0,0,0,0,0,0,0,0,0,0,0,0,0,0,0,0,0,0,0,0,0,0,0,0,0,0,0,0,0,0,0,0,0,0,0,0,0,0,0,0,0,0,0,0,0,0,0,0,0,0,0,0,0,0,0,0,0,0,0,0,0,0,0,0,0,0,0,0,0,0,0,0,0,0,0,0,0,0,0,0,0,0,0,0,0,0,0,0,0,0,0,0,0,0,0,0,0,0,0,0,0,0,0,0,0,0,0,0,0,0,0,0,0,0,0,0,0,0,0,0,0,0,0,0,0,0,0,0,0,0,0,0,0,0,0,0,0,0,0,0,0,0,0,0,0,0,0,0,0,0,0,0,0,0,0,0,0,0,0,0,0,0,0,0,0,0,0,0,0,0,0,0,0,0,0,0,0,0,0,0,0,0,0,0,0,0,0,0,0,0,0,0,0,0,0,0,0,0,0,0,0,0,0,0,0,0,0,0,0,0,0,0,0,0,0,0,0,0,0,0,0,0,0,0,0,0,0,0,0,0,0,0,0,0,0,0,0,0,0,0,0,0,0,0,0,0,0,0,0,0,0,0,0,0,0,0,0,0,0,0,0,0,0,0,0,0,0,0,0,0,0,0,0,0,0,0,0,0,0,0,0,0,0,0,0,0,0,0,0,0,0,0,0,0,0,0,0,0,0,0,0,0,0,0,0,0,0,0,0,0,0,0,0,0,0,0,0,0,0,0,0,0,0,0,0,0,0,0,0,0,0,0,0,0,0,0,0,0,0,0,0,0,0,0,0,0,0,0,0,0,0,0,0,0,0,0,0,0,0,0,0,0,0,0,0,0,0,0,0,0,0,0,0,0,0,0,0,0,0,0,0,0,0,0,0,0,0,0,0,0,0,0,0,0,0,0,0,0,0,0,0,0,0,0,0,0,0,0,0,0,0,0,0,0,0,0,0,0,0,0,0,0,0,0,0,0,0,0,0,0,0,0,0,0,0,0,0,0,0,0,0,0,0,0,0,0,0,0,0,0,0,0,0,0,0,0,0,0,0,0,0,0,0,0,0,0,0,0,0,0,0,0,0,0,0,0,0,0,0,0,0,0,0,0,0,0,0,0,0,0,0,0,0,0,0,0,0,0,0,0,0,0,0,0,0,0,0,0,0,0,0,0,0,0,0,0,0,0,0,0,0,0,0,0,0,0,0,0,0,0,0,0,0,0,0,0,0,0,0,0,0,0,0,0,0,0,0,0,0,0,0,0,0,0,0,0,0,0,0,0,0,0,0,0,0,0,0,0,0,0,0,0,0,0,0,0,0,0,0,0,0,0,0,0,0,0,0,0,0,0,0,0,0,0,0,0,0,0,0,0,0,0,0,0,0,0,0,0,0,0,0,0,0,0,0,0,0,0,0,0,0,0,0,0,0,0,0,0,0,0,0,0,0,0,0,0,0,0,0,0,0,0,0,0,0,0,0,0,0,0,0,0,0,0,0,0,0,0,0,0,0,0,0,0,0,0,0,0,0,0,0,0,0,0,0,0,0,0,0,0,0,0,0,0,0,0,0,0,0,0,0,0,0,0,0,0,0,0,0,0,0,0,0,0,0,0,0,0,0,0,0,0,0,0,0,0,0,0,0,0,0,0,0,0,0,0,0,0,0,0,0,0,0,0,0,0,0,0,0,0,0,0,0,0,0,0,0,0,0,0,0,0,0,0,0,0,0,0,0,0,0,0,0,0,0,0,0,0,0,0,0,0,0,0,0,0,0,0,0,0,0,0,0,0,0,0,0,0,0,0,0,0,0,0,0,0,0,0,0,0,0,0,0,0,0,0,0,0,0,0,0,0,0,0,0,0,0,0,0,0,0,0,0,0,0,0,0,0,0,0,0,0,0,0,0,0,0,0,0,0,0,0,0,0,0,0,0,0,0,0,0,0,0,0,0,0,0,0,0,0,0,0,0,0,0,0,0,0,0,0,0,0,0,0,0,0,0,0,0,0,0,0,0,0,0,0,0,0,0,0,0,0,0,0,0,0,0,0,0,0,0,0,0,0,0,0,0,0,0,0,0,0,0,0,0,0,0,0,0,0,0,0,0,0,0,0,0,0,0,0,0,0,0,0,0,0,0,0,0,0,0,0,0,0,0,0,0,0,0,0,0,0,0,0,0,0,0,0,0,0,0,0,0,0,0,0,0,0,0,0,0,0,0,0,0,0,0,0,0,0,0,0,0,0,0,0,0,0,0,0,0,0,0,0,0,0,0,0,0,0,0,0,0,0,0,0,0,0,0,0,0,0,0,0,0,0,0,0,0,0,0,0,0,0,0,0,0,0,0,0,0,0,0,0,0,0,0,0,0,0,0,0,0,0,0,0,0,0,0,0,0,0,0,0,0,0,0,0,0,0,0,0,0,0,0,0,0,0,0,0,0,0,0,0,0,0,0,0,0,0,0,0,0,0,0,0,0,0,0,0,0,0,0,0,0,0,0,0,0,0,0,0,0,0,0,0,0,0,0,0,0,0,0,0,0,0,0,0,0,0,0,0,0,0,0,0,0,0,0,0,0,0,0,0,0,0,0,0,0,0,0,0,0,0,0,0,0,0,0,0,0,0,0,0,0,0,0,0,0,0,0,0,0,0,0,0,0,0,0,0,0,0,0,0,0,0,0,0,0,0,0,0,0,0,0,0,0,0,0,0,0,0,0,0,0,0,0,0,0,0,0,0,0,0,0,0,0,0,0,0,0,0,0,0,0,0,0,0,0,0,0,0,0,0,0,0,0,0,0,0,0,0,0,0,0,0,0,0,0,0,0,0,0,0,0,0,0,0,0,0,0,0,0,0,0,0,0,0,0,0,0,0,0,0,0,0,0,0,0,0,0,0,0,0,0,0,0,0,0,0,0,0,0,0,0,0,0,0,0,0,0,0,0,0,0,0,0,0,0,0,0,0,0,0,0,0,0,0,0,0,0,0,0,0,0,0,0,0,0,0,0,0,0,0,0,0,0,0,0,0,0,0,0,0,0,0,0,0,0,0,0,0,0,0,0,0,0,0,0,0,0,0,0,0,0,0,0,0,0,0,0,0,0,0,0,0,0,0,0,0,0,0,0,0,0,0,0,0,0,0,0,0,0,0,0,0,0,0,0,0,0,0,0,0,0,0,0,0,0,0,0,0,0,0,0,0,0,0,0,0,0,0,0,0,0,0,0,0,0,0,0,0,0,0,0,0,0,0,0,0,0,0,0,0,0,0,0,0,0,0,0,0,0,0,0,0,0,0,0,0,0,0,0,0,0,0,0,0,0,0,0,0,0,0,0,0,0,0,0,0,0,0,0,0,0,0,0,0,0,0,0,0,0,0,0,0,0,0,0,0,0,0,0,0,0,0,0,0,0,0,0,0,0,0,0,0,0,0,0,0,0,0,0,0,0,0,0,0,0,0,0,0,0,0,0,0,0,0,0,0,0,0,0,0,0,0,0,0,0,0,0,0,0,0,0,0,0,0,0,0,0,0,0,0,0,0,0,0,0,0,0,0,0,0,0,0,0,0,0,0,0,0,0,0,0,0,0,0,0,0,0,0,0,0,0,0,0,0,0,0,0,0,0,0,0,0,0,0,0,0,0,0,0,0,0,0,0,0,0,0,0,0,0,0,0,0,0,0,0,0,0,0,0,0,0,0,0,0,0,0,0,0,0,0,0,0,0,0,0,0,0,0,0,0,0,0,0,0,0,0,0,0,0,0,0,0,0,0,0,0,0,0,0,0,0,0,0,0,0,0,0,0,0,0,0,0,0,0,0,0,0,0,0,0,0,0,0,0,0,0,0,0,0,0,0,0,0,0,0,0,0,0,0,0,0,0,0,0,0,0,0,0,0,0,0,0,0,0,0,0,0,0,0,0,0,0,0,0,0,0,0,0,0,0,0,0,0,0,0,0,0,0,0,0,0,0,0,0,0,0,0,0,0,0,0,0,0,0,0,0,0,0,0,0,0,0,0,0,0,0,0,0,0,0,0,0,0,0,0,0,0,0,0,0,0,0,0,0,0,0,0,0,0,0,0,0,0,0,0,0,0,0,0,0,0,0,0,0,0,0,0,0,0,0,0,0,0,0,0,0,0,0,0,0,0,0,0,0,0,0,0,0,0,0,0,0,0,0,0,0,0,0,0,0,0,0,0,0,0,0,0,0,0,0,0,0,0,0,0,0,0,0,0,0,0,0,0,0,0,0,0,0,0,0,0,0,0,0,0,0,0,0,0,0,0,0,0,0,0,0,0,0,0,0,0,0,0,0,0,0,0,0,0,0,0,0,0,0,0,0,0,0,0,0,0,0,0,0,0,0,0,0,0,0,0,0,0,0,0,0,0,0,0,0,0,0,0,0,0,0,0,0,0,0,0,0,0,0,0,0,0,0,0,0,0,0,0,0,0,0,0,0,0,0,0,0,0,0,0,0,0,0,0,0,0,0,0,0,0,0,0,0,0,0,0,0,0,0,0,0,0,0,0,0,0,0,0,0,0,0,0,0,0,0,0,0,0,0,0,0,0,0,0,0,0,0,0,0,0,0,0,0,0,0,0,0,0,0,0,0,0,0,0,0,0,0,0,0,0,0,0,0,0,0,0,0,0,0,0,0,0,0,0,0,0,0,0,0,0,0,0,0,0,0,0,0,0,0,0,0,0,0,0,0,0,0,0,0,0,0,0,0,0,0,0,0,0,0,0,0,0,0,0,0,0,0,0,0,0,0,0,0,0,0,0,0,0,0,0,0,0,0,0,0,0,0,0,0,0,0,0,0,0,0,0,0,0,0,0,0,0,0,0,0,0,0,0,0,0,0,0,0,0,0,0,0,0,0,0,0,0,0,0,0,0,0,0,0,0,0,0,0,0,0,0,0,0,0,0,0,0,0,0,0,0,0,0,0,0,0,0,0,0,0,0,0,0,0,0,0,0,0,0,0,0,0,0,0,0,0,0,0,0,0,0,0,0,0,0,0,0,0,0,0,0,0,0,0,0,0,0,0,0,0,0,0,0,0,0,0,0,0,0,0,0,0,0,0,0,0,0,0,0,0,0,0,0,0,0,0,0,0,0,0,0,0,0,0,0,0,0,0,0,0,0,0,0,0,0,0,0,0,0,0,0,0,0,0,0,0,0,0,0,0,0,0,0,0,0,0,0,0,0,0,0,0,0,0,0,0,0,0,0,0,0,0,0,0,0,0,0,0,0,0,0,0,0,0,0,0,0,0,0,0,0,0,0,0,0,0,0,0,0,0,0,0,0,0,0,0,0,0,0,0,0,0,0,0,0,0,0,0,0,0,0,0,0,0,0,0,0,0,0,0,0,0,0,0,0,0,0,0,0,0,0,0,0,0,0,0,0,0,0,0,0,0,0,0,0,0,0,0,0,0,0,0,0,0,0,0,0,0,0,0,0,0,0,0,0,0,0,0,0,0,0,0,0,0,0,0,0,0,0,0,0,0,0,0,0,0,0,0,0,0,0,0,0,0,0,0,0,0,0,0,0,0,0,0,0,0,0,0,0,0,0,0,0,0,0,0,0,0,0,0,0,0,0,0,0,0,0,0,0,0,0,0,0,0,0,0,0,0,0,0,0,0,0,0,0,0,0,0,0,0,0,0,0,0,0,0,0,0,0,0,0,0,0,0,0,0,0,0,0,0,0,0,0,0,0,0,0,0,0,0,0,0,0,0,0,0,0,0,0,0,0,0,0,0,0,0,0,0,0,0,0,0,0,0,0,0,0,0,0,0,0,0,0,0,0,0,0,0,0,0,0,0,0,0,0,0,0,0,0,0,0,0,0,0,0,0,0,0,0,0,0,0,0,0,0,0,0,0,0,0,0,0,0,0,0,0,0,0,0,0,0,0,0,0,0,0,0,0,0,0,0,0,0,0,0,0,0,0,0,0,0,0,0,0,0,0,0,0,0,0,0,0,0,0,0,0,0,0,0,0,0,0,0,0,0,0,0,0,0,0,0,0,0,0,0,0,0,0,0,0,0,0,0,0,0,0,0,0,0,0,0,0,0,0,0,0,0,0,0,0,0,0,0,0,0,0,0,0,0,0,0,0,0,0,0,0,0,0,0,0,0,0,0,0,0,0,0,0,0,0,0,0,0,0,0,0,0,0,0,0,0,0,0,0,0,0,0,0,0,0,0,0,0,0,0,0,0,0,0,0,0,0,0,0,0,0,0,0,0,0,0,0,0,0,0,0,0,0,0,0,0,0,0,0,0,0,0,0,0,0,0,0,0,0,0,0,0,0,0,0,0,0,0,0,0,0,0,0,0,0,0,0,0,0,0,0,0,0,0,0,0,0,0,0,0,0,0,0,0,0,0,0,0,0,0,0,0,0,0,0,0,0,0,0,0,0,0,0,0,0,0,0,0,0,0,0,0,0,0,0,0,0,0,0,0,0,0,0,0,0,0,0,0,0,0,0,0,0,0,0,0,0,0,0,0,0,0,0,0,0,0,0,0,0,0,0,0,0,0,0,0,0,0,0,0,0,0,0,0,0,0,0,0,0,0,0,0,0,0,0,0,0,0,0,0,0,0,0,0,0,0,0,0,0,0,0,0,0,0,0,0,0,0,0,0,0,0,0,0,0,0,0,0,0,0,0,0,0,0,0,0,0,0,0,0,0,0,0,0,0,0,0,0,0,0,0,0,0,0,0,0,0,0,0,0,0,0,0,0,0,0,0,0,0,0,0,0,0,0,0,0,0,0,0,0,0,0,0,0,0,0,0,0,0,0,0,0,0,0,0,0,0,0,0,0,0,0,0,0,0,0,0,0,0,0,0,0,0,0,0,0,0,0,0,0,0,0,0,0,0,0,0,0,0,0,0,0,0,0,0,0,0,0,0,0,0,0,0,0,0,0,0,0,0,0,0,0,0,0,0,0,0,0,0,-0.016173793,0.7037196,-0.62382656,0.2691489,-0.25717893,-0.017849026,0.11457054,-0.41503158,-0.72304606,-0.4158692,0.11510357,-0.30423775,0.061648402,0.07626862,-0.3130708,-0.25893033,0.33303618,-0.39051226,0.2725755,-0.23639081,-0.18567693,-0.12437863,-0.010234331,0.29694253,0.047865804,0.39669505,-0.44076926,-0.5622237,0.28833792,0.17921932,-0.031707775,-0.39728934,0.22650658,0.34529585,0.48144662,0.18005693,-0.02028573,0.30844072,-0.39371043,-0.14516675,-0.18301179,-0.43650502,-0.53382087,0.39326844,0.051292416,-0.11181438,-0.52346486,0.34285915,0.374917,-0.16823928,0.5381761,0.03987037,-0.835972,-0.3255589,-0.42904264,-0.041149996,0.66587454,-0.6148412,-0.16709708,-0.4006398,-0.06193812,0.0052235033,0.6214047,0.27927643,-0.22512107,0.08959434,0.21066801,0.26153418,-0.0061985413,0.673337,0.0841879,0.4991127,-0.41213802,-0.01678297,-0.178976,-0.005132484,0.22909558,-0.12605385,-0.02378849,0.30821228,0.4073556,-0.15674108,-0.41328022,-0.18209803,-0.26334685,-0.1329071,0.2907746,0.15576605,-0.032240804,0.44489607,0.03545385,0.067359425,-0.30103958,-0.11447953,-0.16488881,-0.22253206,0.40430975,0.09302095,0.37788674,0.52142376,0.09484848,0.018244633,-0.28032762,0.0429924,0.35846928,-0.1124997,0.15348165,0.31179118,0.121804506,0.042763956,0.2273442,0.39897946,-0.35190576,-0.35883513,0.28803334,-0.04686102,0.4503025,-0.07442622,-0.108311616,-0.3490883,-0.042749085,0.2967902,0.4729943,0.059287846,-0.1851439,0.27463147,-0.2441578,-0.3946242,0.10512832,0.21249554,-0.11128135,0.45121628,-0.5714375,-0.0035333976,-0.011376535,-0.3028671,-0.2533716,0.44421074,-0.35693145,0.3554234,-0.06841061,0.25414792,-0.32380754,0.086243875,-0.13443002,0.010858378,0.11891092,-0.2791854,-0.19953568,-0.0499069,0.030580442,0.024184097,0.33981326,-0.107474,0.494087,-0.061785825,-0.22428344,-0.09909784,-0.042672936,-0.29860288,0.3973042,-0.2788808,-0.03254539,-0.21994306,0.09165031,0.24066992,-0.14554748,-0.13732362,-0.33454424,0.38923264,0.031494204,-0.105418034,0.07505027,-0.0015535766,-0.24027431,-0.17821454,0.2980086,0.21439922,0.43073273,-0.14029334,-0.19268246,-0.13336398,0.3022728,0.25726995,-0.22314124,0.41748315,-0.43376374,0.2498837,0.52614486,0.25886905,0.16254313,-0.021123346,0.58508265,-0.41579306,-0.03528668,0.035529993,0.24402039,0.13619629,0.047104333,0.08898516,-0.48059413,0.030275853,-0.27332208,-0.28916067,0.24737085,-0.46506014,-0.30233407,0.12743938,0.36052525,0.08860443,-0.18491547,0.361439,0.23054236,0.5571367,-0.111357495,0.6517112,0.02715383,-0.058206916,0.012000583,0.03339788,0.12020542,-0.34863144,-0.24164495,0.049845625,-0.42257014,0.0083455285,0.21249554,-0.26098627,0.27021495,0.03134191,-0.1278814,-0.41419396,0.21912032,-0.13937958,0.01938684,0.32976186,0.073831916,0.125688,0.39227852,-0.19390081,-0.05287663,-0.72692955,0.39837027,0.36882526,0.13391188,-0.16618331,0.2903939,-0.12110431,0.15173025,-0.18491547,-0.17615856,0.114265956,-0.10663638,-0.21164306,-0.11234741,-0.07945192,0.15310091,0.13155131,-0.15011631,-0.18978888,0.060353905,-0.1653457,-0.1249878,0.4161125,0.04146946,-0.18331638,0.063399784,0.12941921,-0.47206566,0.12705864,0.35161605,-0.3044662,-0.19831733,-0.012747181,-0.3426158,0.07771541,0.019310692,-0.18438244,0.019919867,-0.19694668,-0.44168302,-0.039779354,0.42509785,-0.054018833,0.15987799,0.15294862,-0.47061887,-0.28276432,0.5211192,0.40583268,0.31628385,-0.274312,0.17251839,0.16071561,-0.23601007,0.3216903,-0.09696572,0.20183496,-0.27278906,-0.11851531,-0.16831543,-0.45455188,0.3165123,-0.26761106,0.10505217,0.024945566,-0.18019435,-0.19991642,-0.16268055,0.32785818,0.061419964,-0.30728364,0.05251077,0.12728709,0.034235496,-0.08112715,-0.42713895,-0.2264917,-0.26266152,-0.4690198,-0.15072548,0.042763956,-0.27751017,-0.19336778,-0.3362195,-0.13031809,-0.09445287,-0.0059701004,0.38093263,0.0741365,-0.112423554,0.005680385,-0.18186958,-0.11790614,-0.15460898,0.20777443,-0.014955442,0.2596305,-0.14250161,-0.012366446,-0.58735216,-0.25116333,0.27722046,0.08449249,-0.30241022,0.42989513,0.014437286,0.36730233,-0.1877329,0.36273348,-0.32000017,-0.27667254,0.32557377,-0.14714657,-0.024854548,-0.121789634,-0.01952426,-0.3065983,-0.2277862,0.5163219,-0.25375232,0.008421675,0.44230708,-0.0058939536,-0.504885,0.05342453,-0.11851531,-0.06955282,0.22132859,-0.19915494,-0.20341918,0.29945537,-0.41175726,0.5432779,-0.13869426,0.23891853,-0.3785572,0.28917554,-0.1689246,0.11342834,-0.042901378,-0.29388177,-0.38838014,-0.18209803,0.042763956,0.052053887,0.50939256,0.11106778,0.26442778,0.1295715,-0.1502686,0.021975836,0.003624417,0.13612014,0.043296985,0.122870564,0.08989893,-0.47153264,0.15127338,0.03545385,0.2755452,0.044134602,0.005832679,0.023955656,0.14007978,0.3076031,0.3638757,0.35085458,-0.086381294,0.11708339,-0.13709517,0.1558422,-0.002695781,-0.17075212,-0.024473812,-0.31512678,0.109392546,-0.11143365,-0.09277764,-0.39713705,-0.016630676,0.14327794,-0.22489262,0.2270396,0.13779537,-0.6746166,-0.1753971,-0.11036759,0.11182925,-0.02203711,-0.3732269,0.56307614,-0.47495925,0.21203865,-0.26266152,-0.022113256,0.35839313,0.024412539,0.026240066,0.21607445,0.55218714,0.053652972,0.023727216,0.21797812,-0.4084068,-0.047165606,-0.12742451,-0.07092346,0.2322176,-0.089274876,-0.03231695,-0.0735886,0.074364945,0.06362823,0.038575873,0.36456102,0.068806216,0.58965147,-0.385182,-0.25588444,-0.047698636,-0.23814219,0.31468475,0.45068324,-0.33530572,-0.14250161,0.2223185,0.22574511,0.09614298,0.17312756,-0.020361876,-0.26601198,-0.13161258,-0.30987263,0.00857397,-0.22687244,-0.327158,-0.1588732,-0.042292204,-0.10983456,0.1744982,-0.004751749,0.12919076,-0.049526162,0.029514385,0.5799808,-0.08919873,-0.17912829,0.12317515,-0.21354672,0.14860824,-0.5324502,0.04740892,0.11205769,0.5907175,-0.23966514,0.2801902,0.075583294,-0.057217006,-0.37733886,0.4238795,0.16208625,-0.27903312,0.40217763,-0.18240261,-0.15133466,0.061039228,0.24683782,-0.043205965,-0.09529049,-0.13640985,-0.27164686,-0.21575499,0.040022664,-0.5703714,0.36494175,-0.5163832,0.53452104,-0.18095583,0.25331032,-0.30263868,0.10116868,-0.39546183,-0.034449063,0.113885224,-0.30507538,-0.28086063,0.0005023915,0.08791911,0.5535578,-0.09445287,0.13558711,-0.09011249,0.12119533,-0.16755396,0.34141234,-0.36782047,-0.33066076,-0.23738073,0.13406417,0.16627432,0.07718238,-0.08630515,-0.3762728,-0.064298674,-0.03604815,0.28772873,-0.12163734,0.13741463,0.07337504,0.274403,-0.2167449,0.26130575,-0.2992882,-0.40421873,-0.14075023,0.19673312,-0.3599012,-0.2982983,-0.0034572505,-0.03284998,-0.16321358,0.09888427,0.3711858,0.29260215,-0.23349723,0.70562327,0.17944776,0.1934588,0.10116868,0.3186444,0.17122388,-0.07640604,-0.2041045,-0.21552655,-0.14646125,0.2121148,-0.2704285,0.20419551,-0.20951094,-0.25702664,0.00880241,-0.46361336,0.030808883,-0.6260348,-0.29350105,0.08898516,-0.2982983,0.14365868,-0.4377234,-0.17090443,0.25094974,0.10627052,0.1957432,-0.40909213,0.15721284,0.04641901,-0.15628421,-0.121941924,0.14068896,-0.029347219,-0.4713042,-0.20075403,-0.017315999,-0.11531714,0.2348066,-0.2682964,-0.15445668,0.10352923,-0.2978414,0.5572128,-0.24476698,0.037281375,-0.16123375,0.35983992,-0.038256414,0.45883095,0.028067593,0.24805617,0.28742415,0.17251839,-0.052191306,0.22011024,-0.345814,-0.068791345,-0.14577593,-0.01777288,-0.12963277,-0.06490785,-0.19001731,0.08898516,0.07276586,-0.08935103,-0.2016678,-0.4537904,-0.2407312,0.14518163,0.34034628,-0.011909564,0.3100398,0.6085359,-0.40147743,0.20640378,0.19368725,0.30265355,-0.51044375,0.1633046,0.15173025,-0.56488883,-0.48836112,0.099493444,0.061800696,-0.3330213,0.18477805,0.23693871,0.11220999,0.0793145,-0.08577212,0.14746603,-0.3148222,0.23747174,-0.045490373,0.16383763,0.07337504,-0.19207329,0.21234325,-0.20372376,0.21424691,0.16383763,-0.12224651,-0.090721674,-0.13229792,0.06370437,0.47520256,-0.03909403,0.23198916,0.20061661,0.022204276,-0.22938529,-0.032926127,0.15599449,-0.22786236,-0.5464612,0.12424121,0.11761642,0.15599449,0.17305142,-0.17958517,0.09797051,-0.53298324,0.010020762,0.3979134,0.043296985,-0.17874756,-0.02203711,-0.33941767,-0.20037329,-0.43642887,0.06743557,-0.36827734,0.69633335,-0.106864825,-0.823027,0.53307426,-0.09490976,0.09637142,0.50390995,0.12850544,0.11891092,-0.7531241,-0.29867902,-0.24857433,-0.1026006,-0.0072645987,-0.22169445,0.395629,-0.4852391,-0.076329894,-0.2992882,-0.035667416,-0.22481647,-0.21468893,0.19749458,-0.08897029,0.14815135,-0.038180266,-0.2751496,-0.19374852,0.089289755,0.20114964,0.05570894,0.06149611,0.13398802,-0.08805653,-0.36294708,0.30265355,-0.1742549,-0.028281162,0.09515307,-0.0975749,-0.35624614,0.02486942,-0.04564267,0.20381479,0.012609758,-0.09475746,0.07718238,0.009640027,-0.33370662,-0.12795754,0.27006266,0.302882,-0.29738453,0.33669123,-0.09963086,-0.07739595,-0.0015535766,0.17343214,0.30173978,-0.14105481,-0.16603102,0.31019208,0.11632192,0.16383763,-0.14463373,0.23800477,0.024488686,-0.2994405,-0.15095392,0.12363203,0.07588789,0.25407177,0.1482275,-0.09445287,0.29168838,0.23663412,-0.10945383,0.09568609,0.24676166,-0.09551893,-0.20265771,0.13642472,-0.027138956,0.31529394,0.09469619,0.24721855,0.4580695,-0.18727602,-0.444272,0.27798194,-0.033230714,0.12561186,-0.096128106,-0.62169445,-0.10397124,0.112438425,-0.05135369,0.4037767,0.08913746,0.22170933,-0.44609955,0.24181212,0.16932021,-0.4325454,0.45479518,0.16437066,-0.20090632,0.16787341,0.081903495,0.044134602,0.32290864,0.3275536,0.3212334,-0.13526765,0.09066039,0.3281628,-0.5304704,0.3325793,-0.33698094,0.112971455,-0.23920825,-0.3419305,0.34948394,-0.21240452,0.23450202,-0.15689339,-0.20242926,-0.059501417,-0.089655615,0.28049478,0.14601924,0.2945058,-0.13557224,0.078324586,0.11464669,-0.20128706,0.35907844,-0.26403216,0.050530948,-0.25055414,-0.18384941,-0.11303273,0.07162365,0.09332554,-0.010082036,0.11007787,0.14898898,0.27828652,-0.39439577,0.022280423,0.12469809,-0.25847343,-0.4562271,0.20571846,0.31179118,0.22795337,-0.031936213,-0.11409879,0.3038719,0.4365199,0.06774016,0.31955817,-0.28367808,-0.13008966,-0.04038853,0.34697106,-0.13397315,-0.33210754,0.23891853,0.12637332,-0.12909974,-0.0949859,-0.38495353,-0.13998875,-0.2853533,0.06446584,-0.14897409,-0.09925013,0.015960226,0.008421675,-0.28413495,-0.08843726,0.05144471,0.35214907,0.07360347,-0.21385132,-0.096128106,-0.074730806,-0.19154026,-0.0936914,0.13094214,-0.15445668,0.08487323,0.19033678,-0.33842775,-0.16367047,0.3713381,0.048246536,-0.22474033,0.15881193,0.40385285,0.012152877,-0.23205043,0.10756502,-0.3426158,0.12020542,0.17114773,0.22079556,-0.08897029,-0.041911468,-0.3044662,-0.17235121,0.110458605,0.01611252,-0.4661262,-0.052800484,0.05593738,0.16467525,0.024184097,-0.2357055,0.23335981,0.076344766,0.089289755,0.038804315,-0.23958899,0.5409935,0.12873387,0.12172836,0.07352733,0.047789656,0.19391568,0.16063945,0.12713479,-0.36683056,-0.103666656,0.013751963,-0.21506967,-0.043434408,0.44162175,0.33067563,0.07268971,-0.058054622,-0.2806322,-0.3231222,-0.04884084,-0.043510552,0.30577558,-0.035895858,-0.25984406,-0.044195876,-0.20539899,0.4180162,-0.19945954,0.06096308,-0.011681123,0.12881002,-0.13047038,-0.08706661,-0.17920445,0.44116488,-0.32746258,0.07802,-0.30324784,-0.041530732,0.19802761,0.0729943,0.08129432,-0.16625945,-0.012899474,0.28651038,-0.20829259,0.007279471,-0.16070072,0.13170362,-0.3096442,-0.035972003,-0.22222748,0.06994842,0.21074416,0.029971266,-0.3028671,-0.12095202,-0.26349914,-0.16481267,0.32405084,-0.3944719,-0.18148886,0.11160081,-0.12658688,-0.6765203,-0.39698476,-0.24895506,-0.029575659,-0.3385039,0.34499127,0.4001978,-0.13382085,0.06149611,-0.5476034,0.112819165,-0.11531714,-0.2647175,-0.23639081,0.118377894,-0.08607671,0.45129243,-0.019067379,-0.12102816,-0.13237406,0.16962479,-0.2954047,0.4215951,0.12111918,-0.07336016,-0.12491166,0.10071179,-0.065060146,0.04565754,0.09652371,-0.007036158,0.12736323,-0.04533808,0.042078633,-0.28185055,-0.62991834,-0.36941954,-0.28017533,0.20647992,0.9944487,-0.2366954,0.33950868,-0.11539329,-1.281051,0.3877097,-0.35807365,1.3468568,-0.2622808,-0.32159927,-0.46665922,-0.25024956,0.6534626,-0.38914162,-0.75891125,0.1457908,-0.10656024,0.0022537718,-0.3403314,-0.4022389,0.63366437,0.36280966,-0.009853596,-0.32411212,0.17152847,-0.28641936,0.07451724,0.04794195,-0.46148124,0.01359967,0.13551095,0.37704912,0.19932212,0.27303237,0.08601543,0.15744129,-0.36309937,0.050759386,-0.586743,-1.102791,-0.62382656,-0.99390084,-0.025768312,0.8428401,0.36707386,0.34323987,-0.45630324,0.50002646,-0.6465945,-0.43003255,0.1555376,0.5566798,-0.32517818,-0.6657074,0.2530057,-0.013737091,-0.6836019,0.1505119,0.7568702,0.11594119,-0.7144415,-0.79340583,0.13033296,-0.26220465,0.70684165,-0.5242263,-0.12163734,-0.13724747,0.13771921,0.353672,-0.4539427,-1.0255018,0.19886523,0.8091831,-0.057750035,-0.33827546,-0.24278715,-0.4265298,-0.08501065,-0.11562173,-0.5632897,-0.4526482,-0.5883421,0.5103063,0.20145422,0.22802952,-0.9000878,0.92797244,0.49149802,-0.20113477,-0.5616906,-0.12491166,-0.2543615,-0.06894364,-0.33393508,-0.18004206,-0.19671825,-0.24126422,-0.0625473,-0.6631184,0.5586596,-0.36294708,0.068425484,-0.3983554,-0.13222177,0.4747457,0.52576417,0.28156084,0.6542241,0.62650657,-0.07480696,-0.41038662,0.2273442,0.02258501,0.15736514,0.26168647,0.6412029,0.064694285,0.40903085,0.13878527,-0.11021529,0.74110776,-0.27895698,-0.42919493,
0,0,0,0,0,0,0,0,0,0,0,0,0,0,1,0,0,0,0,0,0,0,0,0,0,0,0,0,0,0,0,0,0,0,0,0,0,0,0,0,0,0,0,0,0,0,0,0,0,0,0,0,0,0,0,0,0,0,0,0,0,0,0,0,0,0,0,0,0,0,0,0,0,0,0,0,0,0,0,0,0,0,0,0,0,0,0,0,0,0,0,0,0,0,0,0,0,0,0,0,0,0,0,0,0,0,0,0,0,0,0,0,0,0,0,0,0,0,0,0,0,0,0,0,0,0,0,0,0,0,0,0,0,0,0,0,0,0,0,0,0,0,0,0,0,0,0,0,0,0,0,0,0,0,0,0,0,0,0,0,0,0,0,0,0,0,0,0,0,0,0,0,0,0,0,0,0,0,0,0,0,0,0,0,0,0,0,0,0,0,0,0,0,0,0,0,0,0,0,0,0,0,0,0,0,0,0,0,0,0,0,0,0,0,0,0,0,0,0,0,0,0,0,0,0,0,0,0,0,0,0,0,0,0,0,0,0,0,0,0,0,0,0,0,0,0,0,0,0,0,0,0,0,0,0,0,0,0,0,0,0,0,0,0,0,0,0,0,0,0,0,0,0,0,0,0,0,0,0,0,0,0,0,0,0,0,0,0,0,0,0,0,0,0,0,0,0,0,0,0,0,0,0,0,0,0,0,0,0,0,0,0,0,0,0,0,0,0,0,0,0,0,0,0,0,0,0,0,0,0,0,0,0,0,0,0,0,0,0,0,0,0,0,0,0,0,0,0,0,0,0,0,0,0,0,0,0,0,0,0,0,0,0,0,0,0,0,0,0,0,0,0,0,0,0,0,0,0,0,0,0,0,0,0,0,0,0,0,0,0,0,0,0,0,0,0,0,0,0,0,0,0,0,0,0,0,0,0,0,0,0,0,0,0,0,0,0,0,0,0,0,0,0,0,0,0,0,0,0,0,0,0,0,0,0,0,0,0,0,0,0,0,0,0,0,0,0,0,0,0,0,0,0,0,0,0,0,0,0,0,0,0,0,0,0,0,0,0,0,0,0,0,0,0,0,0,0,0,0,0,0,0,0,0,0,0,0,0,0,0,0,0,0,0,0,0,0,0,0,0,0,0,0,0,0,0,0,0,0,0,0,0,0,0,0,0,0,0,0,0,0,0,0,0,0,0,0,0,0,0,0,0,0,0,0,0,0,0,0,0,0,0,0,0,0,0,0,0,0,0,0,0,0,0,0,0,0,0,0,0,0,0,0,0,0,0,0,0,0,0,0,0,0,0,0,0,0,0,0,0,0,0,0,0,0,0,0,0,0,0,0,0,0,0,0,0,0,0,0,0,0,0,0,0,0,0,0,0,0,0,0,0,0,0,0,0,0,0,0,0,0,0,0,0,0,0,0,0,0,0,0,0,0,0,0,0,0,0,0,0,0,0,0,0,0,0,0,0,0,0,0,0,0,0,0,0,0,0,0,0,0,0,0,0,0,0,0,0,0,0,0,0,0,0,0,0,0,0,0,0,0,0,0,0,0,0,0,0,0,0,0,0,0,0,0,0,0,0,0,0,0,0,0,0,0,0,0,0,0,0,0,0,0,0,0,0,0,0,0,0,0,0,0,0,0,0,0,0,0,0,0,0,0,0,0,0,0,0,0,0,0,0,0,0,0,0,0,0,0,0,0,0,0,0,0,0,0,0,0,0,0,0,0,0,0,0,0,0,0,0,0,0,0,0,0,0,0,0,0,0,0,0,0,0,0,0,0,0,0,0,0,0,0,0,0,0,0,0,0,0,0,0,0,0,0,0,0,0,0,0,0,0,0,0,0,0,0,0,0,0,0,0,0,0,0,0,0,0,0,0,0,0,0,0,0,0,0,0,0,0,0,0,0,0,0,0,0,0,0,0,0,0,0,0,0,0,0,0,0,0,0,0,0,0,0,0,0,0,0,0,0,0,0,0,0,0,0,0,0,0,0,0,0,0,0,0,0,0,0,0,0,0,0,0,0,0,0,0,0,0,0,0,0,0,0,0,0,0,0,0,0,0,0,0,0,0,0,0,0,0,0,0,0,0,0,0,0,0,0,0,0,0,0,0,0,0,0,0,0,0,0,0,0,0,0,0,0,0,0,0,0,0,0,0,0,0,0,0,0,0,0,0,0,0,0,0,0,0,0,0,0,0,0,0,0,0,0,0,0,0,0,0,0,0,0,0,0,0,0,0,0,0,0,0,0,0,0,0,0,0,0,0,0,0,0,0,0,0,0,0,0,0,0,0,0,0,0,0,0,0,0,0,0,0,0,0,0,0,0,0,0,0,0,0,0,0,0,0,0,0,0,0,0,0,0,0,0,0,0,0,0,0,0,0,0,0,0,0,0,0,0,0,0,0,0,0,0,0,0,0,0,0,0,0,0,0,0,0,0,0,0,0,0,0,0,0,0,0,0,0,0,0,0,0,0,0,0,0,0,0,0,0,0,0,0,0,0,0,0,0,0,0,0,0,0,0,0,0,0,0,0,0,0,0,0,0,0,0,0,0,0,0,0,0,0,0,0,0,0,0,0,0,0,0,0,0,0,0,0,0,0,0,0,0,0,0,0,0,0,0,0,0,0,0,0,0,0,0,0,0,0,0,0,0,0,0,0,0,0,0,0,0,0,0,0,0,0,0,0,0,0,0,0,0,0,0,0,0,0,0,0,0,0,0,0,0,0,0,0,0,0,0,0,0,0,0,0,0,0,0,0,0,0,0,0,0,0,0,0,0,0,0,0,0,0,0,0,0,0,0,0,0,0,0,0,0,0,0,0,0,0,0,0,0,0,0,0,0,0,0,0,0,0,0,0,0,0,0,0,0,0,0,0,0,0,0,0,0,0,0,0,0,0,0,0,0,0,0,0,0,0,0,0,0,0,0,0,0,0,0,0,0,0,0,0,0,0,0,0,0,0,0,0,0,0,0,0,0,0,0,0,0,0,0,0,0,0,0,0,0,0,0,0,0,0,0,0,0,0,0,0,0,0,0,0,0,0,0,0,0,0,0,0,0,0,0,0,0,0,0,0,0,0,0,0,0,0,0,0,0,0,0,0,0,0,0,0,0,0,0,0,0,0,0,0,0,0,0,0,0,0,0,0,0,0,0,0,0,0,0,0,0,0,0,0,0,0,0,0,0,0,0,0,0,0,0,0,0,0,0,0,0,0,0,0,0,0,0,0,0,0,0,0,0,0,0,0,0,0,0,0,0,0,0,0,0,0,0,0,0,0,0,0,0,0,0,0,0,0,0,0,0,0,0,0,0,0,0,0,0,0,0,0,0,0,0,0,0,0,0,0,0,0,0,0,0,0,0,0,0,0,0,0,0,0,0,0,0,0,0,0,0,0,0,0,0,0,0,0,0,0,0,0,0,0,0,0,0,0,0,0,0,0,0,0,0,0,0,0,0,0,0,0,0,0,0,0,0,0,0,0,0,0,0,0,0,0,0,0,0,0,0,0,0,0,0,0,0,0,0,0,0,0,0,0,0,0,0,0,0,0,0,0,0,0,0,0,0,0,0,0,0,0,0,0,0,0,0,0,0,0,0,0,0,0,0,0,0,0,0,0,0,0,0,0,0,0,0,0,0,0,0,0,0,0,0,0,0,0,0,0,0,0,0,0,0,0,0,0,0,0,0,0,0,0,0,0,0,0,0,0,0,0,0,0,0,0,0,0,0,0,0,0,0,0,0,0,0,0,0,0,0,0,0,0,0,0,0,0,0,0,0,0,0,0,0,0,0,0,0,0,0,0,0,0,0,0,0,0,0,0,0,0,0,0,0,0,0,0,0,0,0,0,0,0,0,0,0,0,0,0,0,0,0,0,0,0,0,0,0,0,0,0,0,0,0,0,0,0,0,0,0,0,0,0,0,0,0,0,0,0,0,0,0,0,0,0,0,0,0,0,0,0,0,0,0,0,0,0,0,0,0,0,0,0,0,0,0,0,0,0,0,0,0,0,0,0,0,0,0,0,0,0,0,0,0,0,0,0,0,0,0,0,0,0,0,0,0,0,0,0,0,0,0,0,0,0,0,0,0,0,0,0,0,0,0,0,0,0,0,0,0,0,0,0,0,0,0,0,0,0,0,0,0,0,0,0,0,0,0,0,0,0,0,0,0,0,0,0,0,0,0,0,0,0,0,0,0,0,0,0,0,0,0,0,0,0,0,0,0,0,0,0,0,0,0,0,0,0,0,0,0,0,0,0,0,0,0,0,0,0,0,0,0,0,0,0,0,0,0,0,0,0,0,0,0,0,0,0,0,0,0,0,0,0,0,0,0,0,0,0,0,0,0,0,0,0,0,0,0,0,0,0,0,0,0,0,0,0,0,0,0,0,0,0,0,0,0,0,0,0,0,0,0,0,0,0,0,0,0,0,0,0,0,0,0,0,0,0,0,0,0,0,0,0,0,0,0,0,0,0,0,0,0,0,0,0,0,0,0,0,0,0,0,0,0,0,0,0,0,0,0,0,0,0,0,0,0,0,0,0,0,0,0,0,0,0,0,0,0,0,0,0,0,0,0,0,0,0,0,0,0,0,0,0,0,0,0,0,0,0,0,0,0,0,0,0,0,0,0,0,0,0,0,0,0,0,0,0,0,0,0,0,0,0,0,0,0,0,0,0,0,0,0,0,0,0,0,0,0,0,0,0,0,0,0,0,0,0,0,0,0,0,0,0,0,0,0,0,0,0,0,0,0,0,0,0,0,0,0,0,0,0,0,0,0,0,0,0,0,0,0,0,0,0,0,0,0,0,0,0,0,0,0,0,0,0,0,0,0,0,0,0,0,0,0,0,0,0,0,0,0,0,0,0,0,0,0,0,0,0,0,0,0,0,0,0,0,0,0,0,0,0,0,0,0,0,0,0,0,0,0,0,0,0,0,0,0,0,0,0,0,0,0,0,0,0,0,0,0,0,0,0,0,0,0,0,0,0,0,0,0,0,0,0,0,0,0,0,0,0,0,0,0,0,0,0,0,0,0,0,0,0,0,0,0,0,0,0,0,0,0,0,0,0,0,0,0,0,0,0,0,0,0,0,0,0,0,0,0,0,0,0,0,0,0,0,0,0,0,0,0,0,0,0,0,0,0,0,0,0,0,0,0,0,0,0,0,0,0,0,0,0,0,0,0,0,0,0,0,0,0,0,0,0,0,0,0,0,0,0,0,0,0,0,0,0,0,0,0,0,0,0,0,0,0,0,0,0,0,0,0,0,0,0,0,0,0,0,0,0,0,0,0,0,0,0,0,0,0,0,0,0,0,0,0,0,0,0,0,0,0,0,0,0,0,0,0,0,0,0,0,0,0,0,0,0,0,0,0,0,0,0,0,0,0,0,0,0,0,0,0,0,0,0,0,0,0,0,0,0,0,0,0,0,0,0,0,0,0,0,0,0,0,0,0,0,0,0,0,0,0,0,0,0,0,0,0,0,0,0,0,0,0,0,0,0,0,0,0,0,0,0,0,0,0,0,0,0,0,0,0,0,0,0,0,0,0,0,0,0,0,0,0,0,0,0,0,0,0,0,0,0,0,0,0,0,0,0,0,0,0,0,0,0,0,0,0,0,0,0,0,0,0,0,0,0,0,0,0,0,0,0,0,0,0,0,0,0,0,0,0,0,0,0,0,0,0,0,0,0,0,0,0,0,0,0,0,0,0,0,0,0,0,0,0,0,0,0,0,0,0,0,0,0,0,0,0,0,0,0,0,0,0,0,0,0,0,0,0,0,0,0,0,0,0,0,0,0,0,0,0,0,0,0,0,0,0,0,0,0,0,0,0,0,0,0,0,0,0,0,0,0,0,0,0,0,0,0,0,0,0,0,0,0,0,0,0,0,0,0,0,0,0,0,0,0,0,0,0,0,0,0,0,0,0,0,0,0,0,0,0,0,0,0,0,0,0,0,0,0,0,0,0,0,0,0,0,0,0,0,0,0,0,0,0,0,0,0,0,0,0,0,0,0,0,0,0,0,0,0,0,0,0,0,0,0,0,0,0,0,0,0,0,0,0,0,0,0,0,0,0,0,0,0,0,0,0,0,0,0,0,0,0,0,0,0,0,0,0,0,0,0,0,0,0,0,0,0,0,0,0,0,0,0,0,0,0,0,0,0,0,0,0,0,0,0,0,0,0,0,0,0,0,0,0,0,0,0,0,0,0,0,0,0,0,0,0,0,0,0,0,0,0,0,0,0,0,0,0,0,0,0,0,0,0,0,0,0,0,0,0,0,0,0,0,0,0,0,0,0,0,0,0,0,0,0,0,0,0,0,0,0,0,0,0,0,0,0,0,0,0,0,0,0,0,0,0,0,0,0,0,0,0,0,0,0,0,0,0,0,0,0,0,0,0,0,0,0,0,0,0,0,0,0,0,0,0,0,0,0,0,0,0,0,0,0,0,0,0,0,0,0,0,0,0,0,0,0,0,0,0,0,0,0,0,0,0,0,0,0,0,0,0,0,0,0,0,0,0,0,0,0,0,0,0,0,0,0,0,0,0,0,0,0,0,0,0,0,0,0,0,0,0,0,0,0,0,0,0,0,0,0,0,0,0,0,0,0,0,0,0,0,0,0,0,0,0,0,0,0,0,0,0,0,0,0,0,0,0,0,0,0,0,0,0,0,0,0,0,0,0,0,0,0,0,0,0,0,0,0,0,0,0,0,0,0,0,0,0,0,0,0,0,0,0,0,0,0,0,0,0,0,0,0,0,0,0,0,0,0,0,0,0,0,0,0,0,0,0,0,0,0,0,0,0,0,0,0,0,0,0,0,0,0,0,0,0,0,0,0,0,0,0,0,0,0,0,0,0,0,0,0,0,0,0,0,0,0,0,0,0,0,0,0,0,0,0,0,0,0,0,0,0,0,0,0,0,0,0,0,0,0,0,0,0,0,0,0,0,0,0,0,0,0,0,0,0,0,0,0,0,0,0,0,0,0,0,0,0,0,0,0,0,0,0,0,0,0,0,0,0,0,0,0,0,0,0,0,0,0,0,0,0,0,0,0,0,0,0,0,0,0,0,0,0,0,0,0,0,0,0,0,0,0,0,0,0,0,0,0,0,0,0,0,0,0,0,0,0,0,0,0,0,0,0,0,0,0,0,0,0,0,0,0,0,0,0,0,0,0,0,0,0,0,0,0,0,0,0,0,0,0,0,0,0,0,0,0,0,0,0,0,0,0,0,0,0,0,0,0,0,0,0,0,0,0,0,0,0,0,0,0,0,0,0,0,0,0,0,0,0,0,0,0,0,0,0,0,0,0,0,0,0,0,0,0,0,0,0,0,0,0,0,0,0,0,0,0,0,0,0,0,0,0,0,0,0,0,0,0,0,0,0,0,0,0,0,0,0,0,0,0,0,0,0,0,0,0,0,0,0,0,0,0,0,0,0,0,0,0,0,0,0,0,0,0,0,0,0,0,0,0,0,0,0,0,0,0,0,0,0,0,0,0,0,0,0,0,0,0,0,0,0,0,0,0,0,0,0,0,0,0,0,0,0,0,0,0,0,0,0,0,0,0,0,0,0,0,0,0,0,0,0,0,0,0,0,0,0,0,0,0,0,0,0,0,0,0,0,0,0,0,0,0,0,0,0,0,0,0,0,0,0,0,0,0,0,0,0,0,0,0,0,0,0,0,0,0,0,0,0,0,0,0,0,0,0,0,0,0,0,0,0,0,0,0,0,0,0,0,0,0,0,0,0,0,0,0,0,0,0,0,0,0,0,0,0,0,0,0,0,0,0,0,0,0,0,0,0,0,0,0,0,0,0,0,0,0,0,0,0,0,0,0,0,0,0,0,0,0,0,0,0,0,0,0,0,0,0,0,0,0,0,0,0,0,0,0,0,0,0,0,0,0,0,0,0,0,0,0,0,0,0,0,0,0,0,0,0,0,0,0,0,0,0,0,0,0,0,0,0,0,0,0,0,0,0,0,0,0,0,0,0,0,0,0,0,0,0,0,0,0,0,0,0,0,0,0,0,0,0,0,0,0,0,0,0,0,0,0,0,0,0,0,0,0,0,0,0,0,0,0,0,0,0,0,0,0,0,0,0,0,0,0,0,0,0,0,0,0,0,0,0,0,0,0,0,0,0,0,0,0,0,0,0,0,0,0,0,0,0,0,0,0,0,0,0,0,0,0,0,0,0,0,0,0,0,0,0,0,0,0,0,0,0,0,0,0,0,0,0,0,0,0,0,0,0,0,0,0,0,0,0,0,0,0,0,0,0,0,0,0,0,0,0,0,0,0,0,0,0,0,0,0,0,0,0,0,0,0,0,0,0,0,0,0,0,0,0,0,0,0,0,0,0,0,0,0,0,0,0,0,0,0,0,0,0,0,0,0,0,0,0,0,0,0,0,0,0,0,0,0,0,0,0,0,0,0,0,0,0,0,0,0,0,0,0,0,0,0,0,0,0,0,0,0,0,0,0,0,0,0,0,0,0,0,0,0,0,0,0,0,0,0,0,0,0,0,0,0,0,0,0,0,0,0,0,0,0,0,0,0,0,0,0,0,0,0,0,0,0,0,0,0,0,0,0,0,0,0,0,0,0,0,0,0,0,0,0,0,0,0,0,0,0,0,0,0,0,0,0,0,0,0,0,0,0,0,0,0,0,0,0,0,0,0,0,0,0,0,0,0,0,0,0,0,0,0,0,0,0,0.17078464,-0.75734746,-0.44857553,-0.5260987,-0.70517,0.47328207,0.14783314,0.5826732,-1.2001132,0.10481972,0.3865122,0.18762673,-0.6531576,1.3284317,-1.4555517,-0.30095944,0.2871933,0.76479906,0.5788754,0.20488164,0.03654315,-0.29030928,0.49301374,0.4289477,1.1158414,1.3220747,0.10622323,-0.14888513,-0.1318779,0.14667732,-0.35776025,-0.43454045,0.9909291,0.29264224,0.36521187,-1.2257066,0.64673924,0.6430241,-1.0136117,-0.15961784,0.12884448,-0.32869938,-0.5203196,0.06023768,0.38642964,0.17928825,-1.1049223,-0.7576777,-0.16308533,0.38849363,0.13875161,0.48079497,-0.4699584,0.81061953,0.3489477,0.23534603,0.98581046,-1.083622,-0.003167892,-1.0178221,-0.93212557,0.5124977,0.19530477,-0.030660152,-0.059968717,-0.12725458,0.43637803,-0.18785313,0.33540797,0.5648404,0.7040354,0.2578022,0.03546988,-0.031650864,-0.28056726,-0.19668698,-0.22574787,0.5927454,0.6525184,0.35654315,0.1324771,-0.28428245,-0.87697595,-0.55334336,-0.95185727,0.41103232,0.025975555,-0.30087686,0.31774026,-0.28931856,-0.51594394,-0.26983455,-0.41051567,-0.4423836,-0.023972847,-0.03594395,-0.14739905,-0.114870675,0.37610972,-0.057904735,-0.43833816,-0.3846746,0.84364325,-0.17679018,0.6156969,-0.9066147,-0.17720298,0.018875452,0.2592057,0.17697659,0.24550083,-0.6771823,0.16847298,0.64137286,0.559474,0.09119743,-0.23004095,-0.15994808,-0.34240422,0.45338526,0.38411796,0.30684242,0.13495389,-0.21815242,-0.4088645,-0.16795634,0.418958,0.5614554,-0.13526283,-0.42603683,0.29949465,-0.6282247,-0.37196046,-0.07532475,-0.42298213,-0.29815242,0.37049568,0.4358001,-0.18075304,0.4638703,-0.42372516,0.34209526,-0.16382837,-0.06417924,-0.0991844,0.2137155,-0.30640835,0.13974233,0.01920569,0.5887,-0.013652928,-0.53707916,0.66093946,-0.49819368,1.1426731,-0.1786065,-0.116769545,-0.50867873,-0.21361165,-0.022817016,0.22717266,-0.32869938,-0.22318853,0.4894637,0.45487133,0.33194047,-0.2106395,0.06411797,-0.78550017,0.72261125,-0.5350977,-0.07672826,0.50250804,-0.061702464,0.16541828,-0.1018263,-0.014148285,-0.5005053,-0.00217718,-0.30153733,0.27142447,0.31864843,-0.34966943,0.5213316,0.40583107,-0.36221847,0.2909085,-0.58595425,-0.55780154,0.32120776,-0.25802857,0.34440693,-0.39268285,0.034148928,0.18027896,0.5218269,0.5567495,0.6346856,-0.2785033,-0.9043856,-0.42521122,0.321538,0.4467805,-0.49257967,0.096068434,-0.50694495,-0.115448594,0.09111487,-0.18265189,0.2173481,-0.57868904,-0.78805953,0.19695595,-0.53485006,0.10448948,-0.27858585,0.005831076,-0.70029896,-0.5303918,0.3842831,0.12562467,-0.16985519,0.27571756,-0.28865808,0.21322013,0.11893737,-0.6977396,0.16525316,-0.31978297,0.33970106,-0.5858717,-0.53014416,0.80632645,-0.6295456,0.38188887,-0.25398317,0.29743066,0.73681146,-0.64440626,0.06609939,0.73218817,0.41656378,-0.18785313,-0.28667668,0.29710042,0.51753384,0.17549051,0.33037183,-0.90801823,-0.7803815,-0.47474685,-0.15953527,-0.6666148,-0.26760545,0.30535635,0.19546989,0.026223233,-0.73505646,-0.2374713,-0.0067179436,-0.016790183,0.19679083,-0.115613714,-0.54781187,-0.22170246,-0.041723102,-0.21163023,0.08269382,0.4890509,0.34473717,-0.1075229,0.75010353,0.94601685,-0.23862714,0.8124358,0.6371623,0.4485968,0.15006225,0.09895801,-0.20312661,-0.30888513,-0.5402164,-0.5781111,0.28281766,0.107544184,-0.5095043,0.13767834,-0.18166119,-0.55573756,-0.29906055,0.28050599,0.5475029,0.033488456,0.3322707,0.174087,0.29363292,0.43092912,-0.37699658,0.3951809,1.1842005,0.2884317,-0.49018544,-0.46343622,-0.09893673,-0.16589235,0.013013738,-0.6317747,-0.67173344,0.33780217,-0.8500616,0.14964944,-0.32696563,-0.5760471,0.038194336,-0.116686985,-0.11346717,0.6801758,-0.18339492,-0.45212558,0.77809113,0.4358827,-0.2728067,-0.07780153,0.025562758,0.31121808,0.2941283,-0.12733714,0.17499517,0.58193016,-0.403333,0.6682872,-0.8834156,0.08104263,-0.66256934,0.033075657,-0.18075304,-0.7895456,0.25871032,0.754892,-0.7906189,0.92529446,-0.16225974,0.22122839,0.21718298,0.09202303,-0.19222878,-0.13245581,1.1273172,-0.39499453,-0.62905025,-0.14120711,0.26473716,0.58845234,-0.038007934,0.69355035,0.9328073,1.1266567,-0.17522156,0.017224265,-1.1049223,-0.6704125,0.11026864,0.26267317,0.36645028,-0.07961784,0.22725523,-0.85584074,-0.061289668,-0.10190886,-0.29782218,-0.3095456,0.3038703,-0.023642609,-0.73381805,-0.5161916,0.8323326,0.5534472,-0.64250743,-0.07078399,-0.11074271,-0.4126622,0.07592396,-0.49381804,0.28446886,0.3728899,0.30287957,-0.4234775,-0.16539699,-0.4953041,-0.012662216,-0.40201205,0.23427276,-0.18636706,0.1227351,0.012848619,0.3036226,-0.5269244,-0.18545891,-0.38029894,-0.010267995,0.46997967,0.19472684,0.27472684,0.47212622,0.109938405,-0.3166457,0.9257898,-0.06228038,0.44430372,0.05016544,-0.20296149,0.096398674,-0.6429202,0.15130064,-0.36898834,0.15683211,0.42457205,0.37850395,0.7397836,0.13255966,0.32492292,-0.06698626,0.09813242,0.026966266,-0.09943208,0.38329238,-0.7492567,0.19571756,0.5741696,0.4122707,-0.07086655,-0.34496355,-0.050474394,0.23468557,-0.6522494,-0.79548985,-0.15458173,-0.47425148,0.42696628,-0.18108326,-0.69641864,-0.34826595,0.27274543,-1.1807944,-0.7901235,-0.03734746,0.3546443,-0.056583785,0.13379805,-0.007295859,0.3684317,0.31575882,-0.10190886,0.025975555,-0.13394189,-0.22178502,-0.15202238,0.40484035,0.46461332,0.45932952,-0.21055695,-0.77014416,-0.83429277,-0.06971072,-0.051382545,0.6390612,-0.11718234,-0.32787377,0.45767835,-0.092331976,0.35266286,0.04661539,0.11662571,-0.49579948,0.36686307,-0.7247365,0.19241518,-0.42653218,0.1952222,0.12306534,-0.29460236,0.39072272,0.21561436,0.06543892,0.7428383,0.65243584,0.81648123,0.024076689,0.5403202,-0.5226312,0.27555245,-0.03445788,0.10448948,-0.13972104,-0.29955593,-0.14153734,0.014417247,0.35225007,0.19282798,-0.6691741,0.0069869068,-0.23342589,-0.48605746,0.18787442,-0.24655282,0.23295182,-0.40201205,-0.24325044,0.57235324,0.03794666,-0.11272413,0.12760611,0.1426319,-0.8198449,0.52380836,-0.060298957,0.22032024,-0.32184693,-0.45790473,-0.18389028,-0.33885416,-0.32217717,0.19249775,-0.07276542,0.12149671,0.76290023,-0.031238068,0.22675987,0.8585865,0.17565563,0.5384214,0.19307566,0.07146575,-0.6372236,-0.40630513,-0.15854457,-0.3499171,-0.5262639,0.71575886,0.083684534,0.3178228,0.19505708,-0.19437532,0.15633675,-0.07804921,0.24723458,-0.82331234,0.34762675,-0.1684517,-0.24250741,-0.30938047,-0.5399687,0.30626452,-0.3674197,-0.19313693,0.31790537,-0.7784827,0.13569692,0.1881221,-0.03222878,-0.13129999,-0.43561372,0.1355318,-0.01092847,0.22320981,-0.42339492,-0.5014961,0.30271447,-0.070618875,-0.040237036,-0.1424455,0.5311562,1.1373894,-0.74760544,0.70048535,-0.21204302,0.06139351,0.44587237,0.24764737,-0.26281703,-0.09357037,-0.14789441,-0.07466428,-0.80490166,-0.15903993,0.25763705,0.72888577,0.22585171,-0.5983382,0.3901448,0.081868224,0.107544184,0.19728619,-0.8227345,-0.4347881,0.107048824,0.13322014,0.3212903,-0.2799068,0.48087752,0.45338526,0.024984842,0.22477844,0.37454107,0.37743068,-0.2671101,0.09920569,-0.46508738,-0.32655284,-0.522301,0.07608908,0.18729651,-0.08597491,0.22296214,-0.48746097,-0.29063952,0.9501448,-0.102651894,0.3609188,0.87410766,0.21181662,-0.013075013,0.018545214,-0.024303082,0.0480189,-0.504138,0.19208495,-0.32828656,0.02267318,-0.12188822,0.09037184,0.28785378,0.05305502,0.23518091,0.64484036,0.6364193,0.10044408,-0.24861681,0.054788765,-0.25200173,-0.4159646,-0.026036829,0.23394252,0.13322014,0.17623356,-0.6005673,-0.4092773,-0.059060566,-0.89645994,-0.514623,0.4467805,0.472539,-0.22607811,0.6620127,0.35332334,-0.32836914,0.13957721,-0.13179535,0.25078464,-0.52552086,0.06733778,0.14890641,-0.17522156,0.0094636865,-0.45154765,-0.39937016,0.024737164,-0.27965912,-0.09745066,-0.44717202,0.059824884,0.32929856,0.130248,-0.33951464,-0.24927728,0.03175471,-0.20263125,-0.081599265,0.72145545,-0.08911216,-0.13163023,0.22420053,-0.11594395,-0.22748162,-0.049318563,0.32888576,-0.0973681,0.14535636,-0.003910926,-0.5341896,0.2814967,0.17177534,0.024241809,-0.3024455,-0.07111423,-0.4528686,0.16244614,-0.03875097,-0.3390193,-0.48746097,0.085088044,0.32814273,0.45850393,0.3657898,-0.027853135,-0.0969553,0.40244615,-0.24787377,-0.2494424,-0.078874804,-0.3462845,-0.62640834,0.1820127,-0.26372516,0.046780508,-0.24770865,-0.033962525,0.24285895,0.18341622,-0.115366034,-0.60246617,0.58036155,-0.584881,0.3950158,-0.10232166,-0.4565838,-0.36197078,0.06023768,0.7988135,-0.12147543,-0.41348782,-0.39408636,-0.6113,0.018049859,0.3075029,0.2354286,0.094417244,-0.42686242,0.2372449,0.24046472,-0.40325046,-0.094065726,0.33961847,-0.41439596,-0.05328141,0.95386,-0.96085626,0.1796185,-0.30888513,0.4837671,-0.12073239,0.35002097,0.4002996,-1.0046953,-0.106779866,-0.51701725,-0.4664909,-0.23714106,0.0449642,-0.42834848,0.3659549,0.1668218,0.33986616,0.940733,0.1700416,-0.13773961,-0.34661475,-0.34909153,0.098792896,0.37610972,-0.49423084,-0.12717202,-0.4390812,0.05643995,-0.19594395,0.69668764,-0.06442692,0.08640899,-0.18983456,0.13858649,-0.4139006,0.35348845,-0.6996385,0.41334397,-0.16217718,0.0604028,0.008472974,0.039928082,-0.06434436,0.4417444,0.08021704,0.24574852,-0.44552085,0.1519611,0.76603746,0.5804441,0.33945337,0.23055759,0.04182695,-0.74744034,0.14420053,-0.57992744,-0.06228038,-0.04593363,-0.06095943,0.45561436,-0.36816272,-0.14929792,-0.45394188,0.2536742,0.29016545,-0.28081495,0.06576916,0.4888032,-0.037760254,-0.34801826,-0.49811113,1.0440973,-0.65076333,0.2847991,0.014664926,0.019783605,-0.069628164,-0.15408637,-0.36849296,-0.030742712,-0.11363229,-0.3899584,0.261022,0.31328204,-0.15854457,0.8211045,-0.1353454,-0.26422054,0.26027897,-0.09530412,-0.68403476,0.14197142,-0.10991712,-0.19610907,0.2615999,-0.16704819,-0.5111555,-0.36147544,0.18465461,0.041249033,0.302054,0.026801148,-0.37237325,-0.10859617,-0.37220815,0.6454183,0.16649155,-0.30665603,0.15105295,0.1877093,0.3596804,-0.04609875,0.28933984,-0.55656314,0.9231479,-0.081269026,0.30436563,0.02795698,0.094664924,0.30494356,0.46898898,-0.46847233,-0.042053342,-0.07788409,-0.4528686,0.4352222,0.12323046,-0.8865528,0.16715203,-0.31821433,-0.4479976,0.5123326,0.6405473,0.37280735,0.47732747,0.6288239,0.27860713,-0.19792537,0.27588266,0.1682253,-0.06847233,-0.34190887,0.42614067,-0.08688306,-0.2224455,0.040093202,0.5499797,-0.44717202,-0.014973878,-0.26496357,0.26473716,-0.030742712,-0.64671797,0.25664634,0.22387029,0.3818063,-0.113879964,0.24327174,0.14188887,0.22172375,-0.067894414,-0.32465395,-0.59024733,0.78940177,0.31022736,0.5508878,-0.49423084,-0.7180492,-0.33216685,0.6403822,-0.019184403,0.6506195,0.13528413,0.025975555,-0.11049503,-0.022569338,0.11266286,0.44777122,0.20471652,-0.37220815,-0.15606779,0.0776577,-0.7511555,-0.26785314,-0.010763352,-0.080525994,0.047440983,-0.47821432,0.24054728,-0.0624455,0.21999,-0.09076335,-0.14624323,0.85404575,0.16170311,0.021765029,0.0201964,-0.34661475,-0.37658378,0.08962881,0.5624461,-0.22830722,0.22857617,-0.18430309,0.1527867,0.4705576,-0.031485744,-0.12684178,0.53090847,-0.33893672,0.18052664,0.09383933,-0.09043311,-0.06475716,-0.75313693,-0.3635394,0.5617031,-0.18777058,0.06841105,0.0059961947,-0.044282444,-0.5349326,-0.2074197,-0.23821433,-0.4748294,0.19844201,0.06453077,-0.03470556,-0.18859617,-0.6401957,-0.12717202,-0.19883353,0.20521188,0.09276606,-0.41150638,0.52711076,0.3235194,-0.18157862,0.19778153,-0.22013384,0.27043375,-0.1814135,-0.6068418,0.39476812,0.3489477,-0.23276542,0.021847587,-0.070206076,-0.15854457,0.17598587,-0.11437532,-0.44180566,-0.13518028,-0.4703712,0.12851426,-0.35833818,0.17210558,-0.45947337,-0.4407324,0.16434501,0.25400445,-0.41158894,-0.44890577,-0.32118648,0.042322304,-0.65513897,-0.46880257,-0.22153735,-0.15127935,0.0137567725,0.11233263,-0.012579657,-0.4094424,0.052229423,0.058338817,0.034891963,0.5980292,0.45809114,0.9763161,-0.40201205,-0.92386967,0.76892704,0.2699384,-0.27189854,-0.16242486,-0.4031679,0.0577609,-0.48019576,-0.84188825,-0.60708946,0.06354006,-0.31458172,0.11646059,0.9479983,-0.30475715,-0.05724426,0.026883708,0.23592396,0.35059887,0.52851427,-0.253075,0.19637804,0.09144511,0.273571,-0.102817014,-0.18694498,-0.49068078,0.23559372,0.0067392285,0.29751322,0.0030240584,0.54783314,-0.35206366,0.19092911,0.19943273,0.13322014,0.46354005,-0.08704818,0.8534678,0.47270414,-0.8360265,0.46023768,-0.18100071,-0.5502886,-0.09365293,0.009793924,0.11728618,-0.32209462,0.67712104,-0.054354683,-0.25324014,0.2577196,-0.3452938,-0.034292765,0.053137578,-0.34364262,-0.3504125,0.6137981,-0.5296488,-0.067564175,0.20124903,-0.08440628,-0.081021346,0.27959785,0.32442757,-0.045273155,0.2577196,-0.1601132,-0.18958688,-0.39045376,-0.117760256,0.18118711,-0.22715138,-0.061619904,-0.1416199,0.65194046,0.34663603,0.3492779,0.17829753,0.20339558,0.49499518,0.48872066,0.094334684,0.07650187,-0.14376645,-0.24952497,-0.6624868,0.2027351,-0.2770998,-0.9219708,-0.5034775,0.25788474,-0.0067179436,-0.09026799,0.054623645,0.5657485,-0.4219914,0.34523252,0.16343686,0.10638835,0.7244276,-0.07837945,-0.15210494,0.28595492,-0.32671794,0.336151,-0.034292765,0.07947401,-0.34157863,-0.09035055,-0.44428244,-0.5318779,-0.18389028,-0.51800793,0.7180705,-0.43536603,-0.4749945,-0.019266963,-0.18281701,0.17235327,0.27406636,0.28438628,-0.14128967,0.42531508,-0.11924633,0.5889477,
0,0,0,0,0,0,0,0,0,0,0,0,0,0,0,0,0,0,0,0,0,0,0,0,0,0,0,0,0,0,0,0,0,0,0,0,0,0,0,0,0,0,0,0,0,0,0,0,0,0,0,0,0,0,0,0,0,0,0,0,0,0,0,0,0,0,0,0,0,0,0,0,0,0,1,0,0,0,0,0,0,0,0,0,0,0,0,0,0,0,0,0,0,0,0,0,0,0,0,0,0,0,0,0,0,0,0,0,0,0,0,0,0,0,0,0,0,0,0,0,0,0,0,0,0,0,0,0,0,0,0,1,0,0,0,0,0,0,0,0,0,0,0,0,0,0,0,0,0,0,0,0,0,0,0,0,0,0,0,0,0,0,0,0,0,0,0,0,0,0,0,0,0,0,0,0,0,0,0,0,0,0,0,0,0,0,0,0,0,0,0,0,0,0,0,0,0,0,0,0,0,0,0,0,0,0,0,0,0,0,0,0,0,0,0,0,0,0,0,0,0,0,0,0,0,0,0,0,0,0,0,0,0,0,0,0,0,0,0,0,0,0,0,0,0,0,0,0,0,0,0,0,0,0,0,0,0,0,0,0,0,0,0,0,0,0,0,0,0,0,0,0,0,0,0,0,0,0,0,0,0,0,0,0,0,0,0,0,0,0,0,0,0,0,0,0,0,0,0,0,0,0,0,0,0,0,0,0,0,0,0,0,0,0,0,0,0,0,0,0,0,0,0,0,0,0,0,0,0,0,0,0,0,0,0,0,0,0,0,0,0,0,0,0,0,0,0,0,0,0,0,0,0,0,0,0,0,0,0,0,0,0,0,0,0,0,0,0,0,0,0,0,0,0,0,0,0,0,0,0,0,0,0,0,0,0,0,0,0,0,0,0,0,0,0,0,0,0,0,0,0,0,0,0,0,0,0,0,0,0,0,0,0,0,0,0,0,0,0,0,0,0,0,0,0,0,0,0,0,0,0,0,0,0,0,0,0,0,0,0,0,0,0,0,0,0,0,0,0,0,0,0,0,0,0,0,0,0,0,0,0,0,0,0,0,0,0,0,0,0,0,0,0,0,0,0,0,0,0,0,0,0,0,0,0,0,0,0,0,0,0,0,0,0,0,0,0,0,0,0,0,0,0,0,0,0,0,0,0,0,0,0,0,0,0,0,0,0,0,0,0,0,0,0,0,0,0,0,0,0,0,0,0,0,0,0,0,0,0,0,0,0,0,0,0,0,0,0,0,0,0,0,0,0,0,0,0,0,0,0,0,0,0,0,0,0,0,0,0,0,0,0,0,0,0,0,0,0,0,0,0,0,0,0,0,0,0,0,0,0,0,0,0,0,0,0,0,0,0,0,0,0,0,0,0,0,0,0,0,0,0,0,0,0,0,0,0,0,0,0,0,0,0,0,0,0,0,0,0,0,0,0,0,0,0,0,0,0,0,0,0,0,0,0,0,0,0,0,0,0,0,0,0,0,0,0,0,0,0,0,0,0,0,0,0,0,0,0,0,0,0,0,0,0,0,0,0,0,0,0,0,0,0,0,0,0,0,0,0,0,0,0,0,0,0,0,0,0,0,0,0,0,0,0,0,0,0,0,0,0,0,0,0,0,0,0,0,0,0,0,0,0,0,0,0,0,0,0,0,0,0,0,0,0,0,0,0,0,0,0,0,0,0,0,0,0,0,0,0,0,0,0,0,0,0,0,0,0,0,0,0,0,0,0,0,0,0,0,0,0,0,0,0,0,0,0,0,0,0,0,0,0,0,0,0,0,0,0,0,0,0,0,0,0,0,0,0,0,0,0,0,0,0,0,0,0,0,0,0,0,0,0,0,0,0,0,0,0,0,0,0,0,0,0,0,0,0,0,0,0,0,0,0,0,0,0,0,0,0,0,0,0,0,0,0,0,0,0,0,0,0,0,0,0,0,0,0,0,0,0,0,0,0,0,0,0,0,0,0,0,0,0,0,0,0,0,0,0,0,0,0,0,0,0,0,0,0,0,0,0,0,0,0,0,0,0,0,0,0,0,0,0,0,0,0,0,0,0,0,0,0,0,0,0,0,0,0,0,0,0,0,0,0,0,0,0,0,0,0,0,0,0,0,0,0,0,0,0,0,0,0,0,0,0,0,0,0,0,0,0,0,0,0,0,0,0,0,0,0,0,0,0,0,0,0,0,0,0,0,0,0,0,0,0,0,0,0,0,0,0,0,0,0,0,0,0,0,0,0,0,0,0,0,0,0,0,0,0,0,0,0,0,0,0,0,0,0,0,0,0,0,0,0,0,0,0,0,0,0,0,0,0,0,0,0,0,0,0,0,0,0,0,0,0,0,0,0,0,0,0,0,0,0,0,0,0,0,0,0,0,0,0,0,0,0,0,0,0,0,0,0,0,0,0,0,0,0,0,0,0,0,0,0,0,0,0,0,0,0,0,0,0,0,0,0,0,0,0,0,0,0,0,0,0,0,0,0,0,0,0,0,0,0,0,0,0,0,0,0,0,0,0,0,0,0,0,0,0,0,0,0,0,0,0,0,0,0,0,0,0,0,0,0,0,0,0,0,0,0,0,0,0,0,0,0,0,0,0,0,0,0,0,0,0,0,0,0,0,0,0,0,0,0,0,0,0,0,0,0,0,0,0,0,0,0,0,0,0,0,0,0,0,0,0,0,0,0,0,0,0,0,0,0,0,0,0,0,0,0,0,0,0,0,0,0,0,0,0,0,0,0,0,0,0,0,0,0,0,0,0,0,0,0,0,0,0,0,0,0,0,0,0,0,0,0,0,0,0,0,0,0,0,0,0,0,0,0,0,0,0,0,0,0,0,0,0,0,0,0,0,0,0,0,0,0,0,0,0,0,0,0,0,0,0,0,0,0,0,0,0,0,0,0,0,0,0,0,0,0,0,0,0,0,0,0,0,0,0,0,0,0,0,0,0,0,0,0,0,0,0,0,0,0,0,0,0,0,0,0,0,0,0,0,0,0,0,0,0,0,0,0,0,0,0,0,0,0,0,0,0,0,0,0,0,0,0,0,0,0,0,0,0,0,0,0,0,0,0,0,0,0,0,0,0,0,0,0,0,0,0,0,0,0,0,0,0,0,0,0,0,0,0,0,0,0,0,0,0,0,0,0,0,0,0,0,0,0,0,0,0,0,0,0,0,0,0,0,0,0,0,0,0,0,0,0,0,0,0,0,0,0,0,0,0,0,0,0,0,0,0,0,0,0,0,0,0,0,0,0,0,0,0,0,0,0,0,0,0,0,0,0,0,0,0,0,0,0,0,0,0,0,0,0,0,0,0,0,0,0,0,0,0,0,0,0,0,0,0,0,0,0,0,0,0,0,0,0,0,0,0,0,0,0,0,0,0,0,0,0,0,0,0,0,0,0,0,0,0,0,0,0,0,0,0,0,0,0,0,0,0,0,0,0,0,0,0,0,0,0,0,0,0,0,0,0,0,0,0,0,0,0,0,0,0,0,0,0,0,0,0,0,0,0,0,0,0,0,0,0,0,0,0,0,0,0,0,0,0,0,0,0,0,0,0,0,0,0,0,0,0,0,0,0,0,0,0,0,0,0,0,0,0,0,0,0,0,0,0,0,0,0,0,0,0,0,0,0,0,0,0,0,0,0,0,0,0,0,0,0,0,0,0,0,0,0,0,0,0,0,0,0,0,0,0,0,0,0,0,0,0,0,0,0,0,0,0,0,0,0,0,0,0,0,0,0,0,0,0,0,0,0,0,0,0,0,0,0,0,0,0,0,0,0,0,0,0,0,0,0,0,0,0,0,0,0,0,0,0,0,0,0,0,0,0,0,0,0,0,0,0,0,0,0,0,0,0,0,0,0,0,0,0,0,0,0,0,0,0,0,0,0,0,0,0,0,0,0,0,0,0,0,0,0,0,0,0,0,0,0,0,0,0,0,0,0,0,0,0,0,0,0,0,0,0,0,0,0,0,0,0,0,0,0,0,0,0,0,0,0,0,0,0,0,0,0,0,0,0,0,0,0,0,0,0,0,0,0,0,0,0,0,0,0,0,0,0,0,0,0,0,0,0,0,0,0,0,0,0,0,0,0,0,0,0,0,0,0,0,0,0,0,0,0,0,0,0,0,0,0,0,0,0,0,0,0,0,0,0,0,0,0,0,0,0,0,0,0,0,0,0,0,0,0,0,0,0,0,0,0,0,0,0,0,0,0,0,0,0,0,0,0,0,0,0,0,0,0,0,0,0,0,0,0,0,0,0,0,0,0,0,0,0,0,0,0,0,0,0,0,0,0,0,0,0,0,0,0,0,0,0,0,0,0,0,0,0,0,0,0,0,0,0,0,0,0,0,0,0,0,0,0,0,0,0,0,0,0,0,0,0,0,0,0,0,0,0,0,0,0,0,0,0,0,0,0,0,0,0,0,0,0,0,0,0,0,0,0,0,0,0,0,0,0,0,0,0,0,0,0,0,0,0,0,0,0,0,0,0,0,0,0,0,0,0,0,0,0,0,0,0,0,0,0,0,0,0,0,0,0,0,0,0,0,0,0,0,0,0,0,0,0,0,0,0,0,0,0,0,0,0,0,0,0,0,0,0,0,0,0,0,0,0,0,0,0,0,0,0,0,0,0,0,0,0,0,0,0,0,0,0,0,0,0,0,0,0,0,0,0,0,0,0,0,0,0,0,0,0,0,0,0,0,0,0,0,0,0,0,0,0,0,0,0,0,0,0,0,0,0,0,0,0,0,0,0,0,0,0,0,0,0,0,0,0,0,0,0,0,0,0,0,0,0,0,0,0,0,0,0,0,0,0,0,0,0,0,0,0,0,0,0,0,0,0,0,0,0,0,0,0,0,0,0,0,0,0,0,0,0,0,0,0,0,0,0,0,0,0,0,0,0,0,0,0,0,0,0,0,0,0,0,0,0,0,0,0,0,0,0,0,0,0,0,0,0,0,0,0,0,0,0,0,0,0,0,0,0,0,0,0,0,0,0,0,0,0,0,0,0,0,0,0,0,0,0,0,0,0,0,0,0,0,0,0,0,0,0,0,0,0,0,0,0,0,0,0,0,0,0,0,0,0,0,0,0,0,0,0,0,0,0,0,0,0,0,0,0,0,0,0,0,0,0,0,0,0,0,0,0,0,0,0,0,0,0,0,0,0,0,0,0,0,0,0,0,0,0,0,0,0,0,0,0,0,0,0,0,0,0,0,0,0,0,0,0,0,0,0,0,0,0,0,0,0,0,0,0,0,0,0,0,0,0,0,0,0,0,0,0,0,0,0,0,0,0,0,0,0,0,0,0,0,0,0,0,0,0,0,0,0,0,0,0,0,0,0,0,0,0,0,0,0,0,0,0,0,0,0,0,0,0,0,0,0,0,0,0,0,0,0,0,0,0,0,0,0,0,0,0,0,0,0,0,0,0,0,0,0,0,0,0,0,0,0,0,0,0,0,0,0,0,0,0,0,0,0,0,0,0,0,0,0,0,0,0,0,0,0,0,0,0,0,0,0,0,0,0,0,0,0,0,0,0,0,0,0,0,0,0,0,0,0,0,0,0,0,0,0,0,0,0,0,0,0,0,0,0,0,0,0,0,0,0,0,0,0,0,0,0,0,0,0,0,0,0,0,0,0,0,0,0,0,0,0,0,0,0,0,0,0,0,0,0,0,0,0,0,0,0,0,0,0,0,0,0,0,0,0,0,0,0,0,0,0,0,0,0,0,0,0,0,0,0,0,0,0,0,0,0,0,0,0,0,0,0,0,0,0,0,0,0,0,0,0,0,0,0,0,0,0,0,0,0,0,0,0,0,0,0,0,0,0,0,0,0,0,0,0,0,0,0,0,0,0,0,0,0,0,0,0,0,0,0,0,0,0,0,0,0,0,0,0,0,0,0,0,0,0,0,0,0,0,0,0,0,0,0,0,0,0,0,0,0,0,0,0,0,0,0,0,0,0,0,0,0,0,0,0,0,0,0,0,0,0,0,0,0,0,0,0,0,0,0,0,0,0,0,0,0,0,0,0,0,0,0,0,0,0,0,0,0,0,0,0,0,0,0,0,0,0,0,0,0,0,0,0,0,0,0,0,0,0,0,0,0,0,0,0,0,0,0,0,0,0,0,0,0,0,0,0,0,0,0,0,0,0,0,0,0,0,0,0,0,0,0,0,0,0,0,0,0,0,0,0,0,0,0,0,0,0,0,0,0,0,0,0,0,0,0,0,0,0,0,0,0,0,0,0,0,0,0,0,0,0,0,0,0,0,0,0,0,0,0,0,0,0,0,0,0,0,0,0,0,0,0,0,0,0,0,0,0,0,0,0,0,0,0,0,0,0,0,0,0,0,0,0,0,0,0,0,0,0,0,0,0,0,0,0,0,0,0,0,0,0,0,0,0,0,0,0,0,0,0,0,0,0,0,0,0,0,0,0,0,0,0,0,0,0,0,0,0,0,0,0,0,0,0,0,0,0,0,0,0,0,0,0,0,0,0,0,0,0,0,0,0,0,0,0,0,0,0,0,0,0,0,0,0,0,0,0,0,0,0,0,0,0,0,0,0,0,0,0,0,0,0,0,0,0,0,0,0,0,0,0,0,0,0,0,0,0,0,0,0,0,0,0,0,0,0,0,0,0,0,0,0,0,0,0,0,0,0,0,0,0,0,0,0,0,0,0,0,0,0,0,0,0,0,0,0,0,0,0,0,0,0,0,0,0,0,0,0,0,0,0,0,0,0,0,0,0,0,0,0,0,0,0,0,0,0,0,0,0,0,0,0,0,0,0,0,0,0,0,0,0,0,0,0,0,0,0,0,0,0,0,0,0,0,0,0,0,0,0,0,0,0,0,0,0,0,0,0,0,0,0,0,0,0,0,0,0,0,0,0,0,0,0,0,0,0,0,0,0,0,0,0,0,0,0,0,0,0,0,0,0,0,0,0,0,0,0,0,0,0,0,0,0,0,0,0,0,0,0,0,0,0,0,0,0,0,0,0,0,0,0,0,0,0,0,0,0,0,0,0,0,0,0,0,0,0,0,0,0,0,0,0,0,0,0,0,0,0,0,0,0,0,0,0,0,0,0,0,0,0,0,0,0,0,0,0,0,0,0,0,0,0,0,0,0,0,0,0,0,0,0,0,0,0,0,0,0,0,0,0,0,0,0,0,0,0,0,0,0,0,0,0,0,0,0,0,0,0,0,0,0,0,0,0,0,0,0,0,0,0,0,0,0,0,0,0,0,0,0,0,0,0,0,0,0,0,0,0,0,0,0,0,0,0,0,0,0,0,0,0,0,0,0,0,0,0,0,0,0,0,0,0,0,0,0,0,0,0,0,0,0,0,0,0,0,0,0,0,0,0,0,0,0,0,0,0,0,0,0,0,0,0,0,0,0,0,0,0,0,0,0,0,0,0,0,0,0,0,0,0,0,0,0,0,0,0,0,0,0,0,0,0,0,0,0,0,0,0,0,0,0,0,0,0,0,0,0,0,0,0,0,0,0,0,0,0,0,0,0,0,0,0,0,0,0,0,0,0,0,0,0,0,0,0,0,0,0,0,0,0,0,0,0,0,0,0,0,0,0,0,0,0,0,0,0,0,0,0,0,0,0,0,0,0,0,0,0,0,0,0,0,0,0,0,0,0,0,0,0,0,0,0,0,0,0,0,0,0,0,0,0,0,0,0,0,0,0,0,0,0,0,0,0,0,0,0,0,0,0,0,0,0,0,0,0,0,0,0,0,0,0,0,0,0,0,0,0,0,0,0,0,0,0,0,0,0,0,0,0,0,0,0,0,0,0,0,0,0,0,0,0,0,0,0,0,0,0,0,0,0,0,0,0,0,0,0,0,0,0,0,0,0,0,0,0,0,0,0,0,0,0,0,0,0,0,0,0,0,0,0,0,0,0,0,0,0,0,0,0,0,0,0,0,0,0,0,0,0,0,0,0,0,0,0,0,0,0,0,0,0,0,0,0,0,0,0,0,0,0,0,0,0,0,0,0,0,0,0,0,0,0,0,0,0,0,0,0,0,0,0,0,0,0,0,0,0,0,0,0,0,0,0,0,0,0,0,0,0,0,0,0,0,0,0,0,0,0,0,0,0,0,0,0,0,0,0,0,0,0,0,0,0,0,0,0,0,0,0,0,0,0,0,0,0,0,0,0,0,0,0,0,0,0,0,0,0,0,0,0,0,0,0,0,0,0,0,0,0,0,0,0,0,0,0,0,0,0,0,0,0,0,0,0,0,0,0,0,0,0,0,0,0,0,0,0,0,0,0,0,0,0,0,0,0,0,0,0,0,0,0,0,0,0,0,0,0,0,0,0,0,0,0,0,0,0,0,0,0,0,0,0,0,0,0,0,0,0,0,0,0,0,0,0,0,0,0,0,0,0,0,0,0,0,0,0,0,0,0,0,0,0,0,0,0,0,0,0,0,0,0,0,0,0,0,0,0,0,0,0,0,0,0,0,0,0,0,0,0,0,0,0,0,0,0,0,0,0,0,0,0,0,0,0,0,0,0,0,0,0,0,0,0,0,0,0,0,0,0,0,0,0,0,0,0,0,0,0,0,0,0,0,0,0,0,0,0,0,0,0,0,0,0,0,0,0,0,0,0,0,0,0,0,0,0,0,0,0,0,0,0,0,0,0,0,0,0,0,0,0,0,0,0,0,0,0,0,0,0,0,0,0,0,0,0,0,0,0,0,0,-0.7493117,0.0941393,-0.85414827,0.16927655,0.11374714,1.6129367,0.4196818,-0.6981744,1.3804138,-0.88457966,-0.7298607,0.7597602,0.02015237,0.084936686,-0.25603065,-1.0103836,-0.41247508,-1.3931286,-0.6885535,0.62156415,-0.0797692,0.17027001,-0.30868423,0.22998244,-0.2577561,-0.526096,-0.34199142,0.16430923,-0.33984762,-0.7315862,0.22621773,-0.3930764,0.7495641,0.41257066,-1.1810503,0.7648844,-0.14439665,0.48436153,-0.46434435,-0.2754816,0.24232231,-0.26826593,-0.5877953,-0.48081496,-0.27631822,-0.61984766,0.12807393,0.22553799,0.636989,0.3534857,0.20514584,0.067263484,0.7811458,-0.4038999,0.01989093,0.018322304,-0.28839666,-0.33848816,0.6850935,0.13340726,-0.49012214,-0.18852738,-0.06664502,-0.27108946,-0.4060437,-0.26910254,0.3190282,0.30679289,-0.49336398,-0.0035339051,-0.056448936,-0.7506189,0.81089747,-0.45054045,0.37215236,0.30783865,-0.02763848,0.010531454,0.47155106,0.26527655,0.6633942,0.373721,-0.19077574,-0.102096,-0.19223979,-0.30314174,0.060256943,-0.018697305,0.008544526,-0.004684232,0.06015237,0.26098898,0.15871446,-0.19459273,0.5037602,-0.2801352,-0.11281495,-0.015821487,0.46616545,-0.47616136,-0.06047508,0.17460988,0.1867929,0.7333027,-0.54193914,-0.55956006,-0.004422794,-0.6122137,-0.1479522,0.38245302,-0.29603064,0.3934857,-0.34256658,0.46820465,-0.04797835,0.14794321,1.0165446,0.59212625,0.2512112,0.63824385,-0.9987757,0.17811315,0.08640073,-0.1614424,0.27406088,0.23824388,0.37455758,0.0012765523,-0.09315482,0.17968178,0.09000858,0.42647916,-0.60369074,-0.3045535,0.473904,-0.42350775,0.478087,0.6425837,0.5006229,0.49528962,-0.080292076,-0.37848815,0.5314726,-0.14518097,-0.64457965,0.18752491,0.33738112,0.47322425,-0.006305147,-0.14800449,0.088178515,-0.3480045,-0.28337705,0.24007393,0.03808701,0.029825572,-0.590462,-0.28661886,-0.15506332,0.5738779,0.030348448,-0.3892071,-1.4229848,0.44410008,-0.0027495916,-0.033599265,-0.3353509,0.049381126,-0.20677574,-0.20395221,0.15353799,0.04310662,0.47698897,0.33659682,0.42266217,0.23249224,0.14010008,0.15301512,-0.42559928,0.374087,-0.550096,0.10909355,-0.04782149,0.31756413,0.30182558,-0.09571691,-0.29697183,0.109145835,-0.72003067,0.67583865,0.24169485,0.13931577,-0.11197835,-0.22873652,-0.2115339,0.43285826,0.0318125,0.27745956,-0.7160045,0.11923733,0.21142034,0.31698897,-0.32829207,-0.12280188,-0.6221483,-0.45122018,-0.18706332,0.1291197,-0.20661888,0.56425697,-0.56975615,-0.24123324,-0.17393914,0.44676673,0.2313942,0.56159025,0.13356413,0.2503223,-0.3155339,0.6264269,-0.30078882,-0.042435866,-0.44975612,-0.026854167,0.06287132,0.12901512,0.68776023,-0.11203064,0.12943341,0.38517198,0.28498897,-0.07203063,-0.09122018,0.5987145,-0.12212214,-0.16248815,0.0633942,0.057433415,-0.6136254,0.053145833,-0.1395339,-0.42131168,-0.7968411,-0.93843585,0.33518505,0.2554465,-0.4876646,0.06015237,-0.014932598,-0.5747234,0.21262296,-0.09529861,-0.33739012,0.27860987,-0.5727365,-0.58110255,0.24660988,0.10940727,-0.48959926,-0.3791156,0.22768179,-0.23072344,0.17769486,0.07829616,-0.41362542,0.104073934,-0.118984886,-0.2779914,0.28577328,-0.62847507,0.15275368,0.35782558,0.10857067,-0.2313509,0.30945957,-0.9115078,0.26663604,0.38438767,-0.3247888,0.6843615,-0.027324755,-0.52112865,-0.6414424,0.5784269,-0.69681495,0.13879289,0.79442686,0.7452766,-0.04855351,0.053564135,0.65863603,0.42355105,0.19620466,-0.0317692,-0.1403705,0.12938112,0.76974714,0.3711589,-0.24552083,-0.022095997,0.1349759,0.19887133,-0.034331292,0.5395249,-0.6448934,-0.9218084,-0.070357434,0.05403472,-0.36332476,-0.33697182,-0.5601875,0.1909759,0.14564256,-0.289913,0.2616687,0.3698517,-0.12761234,0.067943215,0.050740603,0.39698896,0.13764256,0.034060866,0.56143343,-0.27412215,0.16776021,-0.34157312,0.035629492,-0.121599264,0.49722427,-0.003690768,0.6284138,0.13894975,-0.32086724,0.2941916,-0.08301103,-0.36212215,-0.0034816177,0.047551062,0.5361785,0.35683212,0.11996936,-0.6136777,-0.18136397,0.30914584,-0.2705143,0.2267406,-0.12698488,0.3724138,0.67353797,-0.034069855,0.86302817,0.13063604,0.009224265,-0.42261887,-0.48724633,0.50956416,-0.633181,-0.111926064,-0.53723323,0.028936682,-0.011690768,0.052832108,-0.16954698,-0.38565156,-0.6123182,0.28838766,0.31280595,0.11620466,-0.07914175,0.13523734,-0.14021364,0.26538113,0.24629617,0.03505433,0.42020467,-0.7535993,-0.41074958,-0.4776777,-0.43359926,-0.1155339,-0.51333785,0.26318505,0.5186099,-0.41482803,-0.87025285,0.49309355,0.2587406,-0.12463194,-0.19987378,-0.458279,-0.9561614,-0.43370384,0.094662175,-0.21352084,-0.33315483,-0.2671679,0.07029616,0.2751066,-0.1311156,-0.74978226,-0.61184764,0.00457067,-0.10199142,-0.21540318,0.37152493,0.29037458,-0.561547,0.14517197,-0.23192607,0.010531454,0.09701511,-0.62533784,-0.110566586,0.020832108,0.3623223,0.6900086,-0.081965275,-0.38732475,0.58438766,0.23108047,-0.080344364,0.52038765,-0.2692594,0.217904,0.040544525,-0.4582267,0.10511969,0.07060988,0.10125041,-0.2646058,0.4334334,-0.20437051,0.085354984,0.36132884,-0.10507639,-0.6895993,0.08718505,0.5984007,-0.57346857,0.2639171,0.76723737,-0.17477573,-0.3222267,0.026008578,0.28959027,-0.47610906,0.15965563,-0.158462,0.60033536,-0.40782148,0.44263604,-0.12823978,0.49016544,-0.013259395,-0.14465809,-0.39663196,0.49257067,0.21654452,-0.12541626,0.37717196,0.5601785,-0.79715484,-0.4940437,-0.07610907,-0.5965797,0.21544649,0.69335496,0.12028309,-0.22654045,0.36321118,-0.0022267157,0.07777329,-0.91072345,-0.6544097,-0.14403063,-0.17294566,0.46559027,0.5405707,0.54072756,-0.5392725,0.5748713,-0.41958618,-0.107115604,-0.6199522,0.32854453,0.5700086,0.06140727,0.45194322,-0.5488934,0.14177328,-0.7342006,-0.22512868,0.11745956,0.88300204,-0.62345546,0.55965567,-0.35234436,-0.7803182,0.09936806,-0.16243586,0.13591708,-0.14852737,-0.4688411,0.4083354,0.3631066,0.20373407,-0.6157692,0.2957079,0.25272754,-0.4106973,-0.029363971,0.49476674,0.20697589,-0.23312868,0.0030543301,-0.35830516,0.05989093,0.96206087,0.09994322,-0.48463196,-0.6551418,-0.2696777,-0.09948162,-0.75035745,0.6934073,0.24545956,-0.0017038399,-0.83966464,0.47955108,0.057851717,0.06517198,-0.06110253,0.21842688,-0.31229207,0.1336687,-0.030409722,0.21178636,0.5968321,-0.015560049,-0.23772998,0.27970794,0.1863223,-0.47281495,-0.1921875,0.34663603,0.37340727,-0.3337823,-0.34931168,0.47949877,0.733721,-0.31731167,0.66966873,0.06585172,0.14820465,-0.15020058,0.30266216,0.10600858,-0.54225284,0.23196936,0.08964256,-0.26612213,0.4254857,0.6683092,0.0318125,-0.21519403,-0.3000568,-0.30617443,-0.24546854,0.8454596,-0.018645016,-0.09357312,0.469721,-0.21671037,0.07808701,-0.12217443,-0.5711156,0.44274062,0.45936805,0.325721,0.30987787,0.14098898,0.4844661,-0.27694568,-0.16254044,-0.32457966,-0.5126058,0.8355249,-0.13414828,-0.6267496,0.060466096,0.51034844,0.14757721,0.1909759,-0.13095874,-0.36975613,0.49215236,-0.36374307,-0.065442406,0.1733027,0.14726348,-0.026017565,-0.34993914,-0.11558619,-0.62491953,0.09921119,0.34747264,-0.17874959,0.59243995,-0.062148284,-0.5966842,-0.039141748,0.09863603,-0.25247508,-0.13054045,-0.31108946,-0.4346973,0.5665576,-0.3681875,0.06679289,-0.34110254,-0.15945548,-0.158096,-0.5526581,0.24169485,-0.69477576,0.27610007,0.37827003,0.20786479,0.6393942,0.051368054,0.08859681,-0.33754697,0.56974715,0.8263746,0.0009628268,-0.11250123,-0.6344359,0.31155106,-0.18789992,0.023185048,-0.6755339,-0.2978607,-0.031926062,0.2781393,-0.3613901,0.2839432,-0.5187234,0.20179942,0.5429236,-0.38763848,-0.20023979,0.023080474,0.79657066,-0.42659274,-0.050645016,-0.39710253,-0.003324755,0.42093667,0.22062296,0.8553419,-0.36620057,0.2802308,-0.014775735,-0.33310252,-0.1463313,0.3285968,0.8368844,0.2958648,0.41638768,0.084309235,-0.032344364,0.373721,0.34998244,-0.20013522,-0.2798738,0.20760335,0.06119812,0.34308046,0.26904127,-0.6269587,-0.22972998,-0.056448936,-0.15124632,0.06841381,0.23662296,-1.2938869,0.17675367,0.20467524,0.44331577,0.09246609,-0.096762665,-0.32311562,0.72378635,0.069564134,0.15573406,-0.5036646,0.5033942,0.005982435,-0.11182149,-0.5556385,0.5722569,-0.4112202,0.7417733,-0.11103717,0.48802164,-0.1980437,0.11155106,-0.34559926,0.020309232,-0.13148162,-0.48620057,0.17759028,-0.85043585,-0.102096,-0.040919527,0.124675244,0.35745955,0.032701388,0.42726347,0.50820464,-0.46277574,-0.40494567,-0.3623313,-0.21059273,-0.5933901,0.6469759,0.1724661,0.09753799,0.4512635,-0.4221483,-0.12672345,-0.30601758,0.36430922,-0.46110255,0.4625053,-0.686462,0.5559432,-0.12233129,-0.32259274,0.41152492,-0.87867117,-0.0067757354,-0.09268423,-0.20363848,-0.47501102,0.012204657,-0.22549468,0.10449224,0.15536806,0.04394322,-0.073599264,-0.19652736,0.5085184,-0.81655353,-0.24191299,0.6695641,-0.33974305,0.11285825,0.14904127,0.4499563,0.30412623,-0.023560049,-0.20238358,-0.13623978,0.3808844,0.47991708,0.18177329,0.5377994,0.006348448,0.14867525,-0.035324756,0.4511066,0.0970674,-0.14141625,0.043420345,-0.30826592,0.7602831,-0.023664623,-0.329547,0.05926348,0.33774713,-0.13299796,-0.060893383,-0.70141625,0.38611317,-0.041233253,-0.2578607,-0.55072343,0.12927656,-0.07046201,-0.06826593,0.3386883,0.22757721,0.6512635,-0.06831822,-0.31103718,0.838087,0.1985576,0.74820465,-0.40536398,-0.3294424,0.38627002,-0.1623313,0.31562948,0.19385171,-0.08797835,0.34360334,-0.055455472,-0.5996646,0.03568178,-0.008135213,0.027995506,0.007028186,0.8309759,0.5320478,-0.20071037,0.46825695,0.4491197,0.893355,0.23108047,0.6557602,-0.059481617,-0.31746855,-0.5266712,-0.34413522,0.20247917,-0.2839522,-0.113860704,0.08671446,0.5569367,-0.21179534,0.52697587,0.22747263,0.59542036,-0.25806984,0.69827,-0.13566463,-0.27710253,-0.5470633,0.14130269,0.4389236,0.11374714,-0.04541626,0.041224264,-0.28243586,0.37142035,-0.008239788,-0.1092594,-0.060841095,0.34548572,0.27322426,-0.1559522,-0.26852736,-0.40050122,-0.18638358,0.5125445,-0.5751417,-0.13848816,-0.0021221405,0.03573407,0.26250532,-0.8274816,-0.16280188,0.90945953,-0.19375613,0.41173407,0.060936682,0.79327655,0.3648844,-0.06821364,0.5830282,0.1396295,0.45079288,-0.14821364,-0.26173,0.18532884,0.5892504,-0.5784882,-0.4187496,0.39955106,-0.042279005,0.7186622,-0.6287365,-0.25189993,-0.45294568,-0.050488155,-0.011899918,0.28922427,0.40556413,-0.44322017,-0.0049979575,-0.21189992,0.013145833,0.38559029,-0.38695875,0.30355105,0.31160334,0.11735498,-0.24097182,0.12007394,0.4106883,-0.23757312,-1.0649195,0.07489747,0.61194324,0.13717198,-0.55987376,0.69027,0.03745956,0.2591589,-0.30476266,-0.45508945,-0.16118096,-0.03908946,-0.019795343,-0.19333783,0.0055118464,-0.38178226,-0.17880188,-0.20468423,-1.0223575,-0.23412214,-0.28599143,0.20640074,-1.0285274,-0.12322018,-0.62852734,0.43024388,-0.067377046,0.47259682,-0.20076266,-0.21095875,-0.49885416,-0.005050245,-0.048710376,-0.022566585,-0.88661885,0.22872753,-0.6666973,0.547002,-0.44416136,-0.045259394,0.48953798,0.5762831,-0.28044894,-0.09357312,0.058949754,-0.4734424,0.5240478,-0.14319403,0.035315767,0.52681905,0.86234844,-0.46852738,-0.4427496,0.035420343,-0.081337824,0.028675245,-0.3311679,0.41643995,-0.0023312909,-0.33085418,-0.466279,-0.033756126,0.44708046,-0.6596908,-0.3445535,0.25298896,0.28838766,-0.6768411,-0.2275339,0.2494857,0.37094975,0.072753675,-0.57650125,-0.15025286,0.48608702,0.0012765523,-0.11339012,0.05147263,0.8764661,0.3783746,-0.2935731,-0.27020058,-0.32128555,0.017799428,-0.23924632,-0.16332476,-0.28389993,-0.44139013,-0.025337826,0.5712112,0.62647915,-0.498279,0.16859682,0.21006086,-0.13503717,-0.6223574,0.28519812,0.57863605,-0.12724632,0.22104126,-0.31239665,-0.5026712,-0.07600449,0.00054452615,-0.17671038,-0.72196525,-0.65503716,-0.21739012,-0.12996528,-0.49545547,-0.43558618,0.029930146,0.24091054,0.28932884,-0.065442406,-0.37550777,-0.23657966,-0.28954697,-0.3929718,-0.0031156046,0.54349875,0.23343341,-0.433913,-0.78141624,0.32587785,-0.6723444,0.18621773,0.34668833,-1.4058869,-0.5857561,0.8713419,1.3934857,-0.289913,-0.62319404,-0.19365156,0.013616421,0.22454453,-0.11412214,0.19704126,-0.04949469,-0.5192986,0.28483212,-0.0083443625,-0.7865927,0.6729105,0.42538112,-0.5105143,-0.0010241013,-0.010069853,0.013250409,-0.346279,0.18668832,-0.68923324,0.879185,0.15766871,-0.29948163,-0.5748803,0.86951184,-0.6608934,-0.6761091,-0.4755339,-0.009651552,-0.5653117,-0.19778228,-0.4759522,0.057904005,-0.17739011,0.13528962,0.2730674,0.7733027,0.30574715,-0.42152083,0.17000858,0.023446487,0.38815236,-0.36703718,0.23374714,-0.5904097,0.8524661,-0.14235744,-0.84667116,0.48666218,0.28253144,-0.15359926,-0.20484109,0.3134857,-0.33488032,0.05105433,0.053302698,0.526087,-0.120605804,-0.5144359,0.89361644,-0.27281496,-0.6172333,0.0718125,0.5622177,-0.12233129,-0.036213644,0.09094975,0.1598125,0.13555107,0.10166871,-0.64797837,0.48634845,-0.94889337,-0.63783455,-0.22612214,-1.0614686,-0.37676266,-0.05315482,-0.01838358,-0.82010907,0.0326491,0.2359955,-0.3926058,0.2708713,-0.11265809,0.6253811,0.84038764,0.28352493,-0.47459272,-0.4250764,-0.24264501,0.016544526,0.5340347,0.24227002,0.60922426,0.5333027,-0.52154696,0.265904,0.8629236,-0.34444892,0.85769486,0.63662297,0.2183223,-0.931743,0.7376426,0.10857067,0.3816164,-0.22868423,0.21696283,-0.21503717,-0.32337704,-0.82444894,0.4493811,-0.3875862,-0.75495875,-0.19637051,-0.25216135,
0,0,0,0,0,0,0,0,0,0,0,0,0,0,0,0,0,0,0,0,0,0,0,0,0,0,0,0,0,0,0,0,0,0,0,0,0,0,0,0,0,0,0,0,0,0,0,0,0,0,1,0,0,0,0,0,0,0,0,0,0,0,0,0,0,0,0,0,0,0,0,0,0,0,0,0,0,0,0,0,0,0,0,0,0,0,0,0,0,0,0,0,0,0,0,0,0,0,0,0,0,0,0,0,0,0,0,0,0,0,0,0,0,0,0,0,0,0,0,0,0,0,0,0,0,0,0,0,0,0,0,0,0,0,0,0,0,0,0,0,0,0,0,0,0,0,0,0,0,0,0,0,0,0,0,0,0,0,0,0,0,0,0,0,0,0,0,0,0,0,0,0,0,0,0,0,0,0,0,0,0,0,0,0,0,0,0,0,0,0,0,0,0,0,0,0,0,0,0,0,0,0,0,0,0,0,0,0,0,0,0,0,0,0,0,0,0,0,0,0,0,0,0,0,0,0,0,0,0,0,0,0,0,0,0,0,0,0,0,0,0,0,0,0,0,0,0,0,0,0,0,0,0,0,0,0,0,0,0,0,0,0,0,0,0,0,0,0,0,0,0,0,0,0,0,0,0,0,0,0,0,0,0,0,0,0,0,0,0,0,0,0,0,0,0,0,0,0,0,0,0,0,0,0,0,0,0,0,0,0,0,0,0,0,0,0,0,0,0,0,0,0,0,0,0,0,0,0,0,0,0,0,0,0,0,0,0,0,0,0,0,0,0,0,0,0,0,0,0,0,0,0,0,0,0,0,0,0,0,0,0,0,0,0,0,0,0,0,0,0,0,0,0,0,0,0,0,0,0,0,0,0,0,0,0,0,0,0,0,0,0,0,0,0,0,0,0,0,0,0,0,0,0,0,0,0,0,0,0,0,0,0,0,0,0,0,0,0,0,0,0,0,0,0,0,0,0,0,0,0,0,0,0,0,0,0,0,0,0,0,0,0,0,0,0,0,0,0,0,0,0,0,0,0,0,0,0,0,0,0,0,0,0,0,0,0,0,0,0,0,0,0,0,0,0,0,0,0,0,0,0,0,0,0,0,0,0,0,0,0,0,0,0,1,0,0,0,0,0,0,0,0,0,0,0,0,0,0,0,0,0,0,0,0,0,0,0,0,0,0,0,0,0,0,0,0,0,0,0,0,0,0,0,0,0,0,0,0,0,0,0,0,0,0,0,0,0,0,0,0,0,0,0,0,0,0,0,0,0,0,0,0,0,0,0,0,0,0,0,0,0,0,0,0,0,0,0,0,0,0,0,0,0,0,0,0,0,0,0,0,0,0,0,0,0,0,0,0,0,0,0,0,0,0,0,0,0,0,0,0,0,0,0,0,0,0,0,0,0,0,0,0,0,0,0,0,0,0,0,0,0,0,0,0,0,0,0,0,0,0,0,0,0,0,0,0,0,0,0,0,0,0,0,0,0,0,0,0,0,0,0,0,0,0,0,0,0,0,0,0,0,0,0,0,0,0,0,0,0,0,0,0,0,0,0,0,0,0,0,0,0,0,0,0,0,0,0,0,0,0,0,0,0,0,0,0,0,0,0,0,0,0,0,0,0,0,0,0,0,0,0,0,0,0,0,0,0,0,0,0,0,0,0,0,0,0,0,0,0,0,0,0,0,0,0,0,0,0,0,0,0,0,0,0,0,0,0,0,0,0,0,0,0,0,0,0,0,0,0,0,0,0,0,0,0,0,0,0,0,0,0,0,0,0,0,0,0,0,0,0,0,0,0,0,0,0,0,0,0,0,0,0,0,0,0,0,0,0,0,0,0,0,0,0,0,0,0,0,0,0,0,0,0,0,0,0,0,0,0,0,0,0,0,0,0,0,0,0,0,0,0,0,0,0,0,0,0,0,0,0,0,0,0,0,0,0,0,0,0,0,0,0,0,0,0,0,0,0,0,0,0,0,0,0,0,0,0,0,0,0,0,0,0,0,0,0,0,0,0,0,0,0,0,0,0,0,0,0,0,0,0,0,0,0,0,0,0,0,0,0,0,0,0,0,0,0,0,0,0,0,0,0,0,0,0,0,0,0,0,0,0,0,0,0,0,0,0,0,0,0,0,0,0,0,0,0,0,0,0,0,0,0,0,0,0,0,0,0,0,0,0,0,0,0,0,0,0,0,0,0,0,0,0,0,0,0,0,0,0,0,0,0,0,0,0,0,0,0,0,0,0,0,0,0,0,0,0,0,0,0,0,0,0,0,0,0,0,0,0,0,0,0,0,0,0,0,0,0,0,0,0,0,0,0,0,0,0,0,0,0,0,0,0,0,0,0,0,0,0,0,0,0,0,0,0,0,0,0,0,0,0,0,0,0,0,0,0,0,0,0,1,0,0,0,0,0,0,0,0,0,0,0,0,0,0,0,0,0,0,0,0,0,0,0,0,0,0,0,0,0,0,0,0,0,0,0,0,0,0,0,0,0,0,0,0,0,0,0,0,0,0,0,0,0,0,0,0,0,0,0,0,0,0,0,0,0,0,0,0,0,0,0,0,0,0,0,0,0,0,0,0,0,0,0,0,0,0,0,0,0,0,0,0,0,0,0,0,0,0,0,0,0,0,0,0,0,0,0,0,0,0,0,0,0,0,0,0,0,0,0,0,0,0,0,0,0,0,0,0,0,0,0,0,0,0,0,0,0,0,0,0,0,0,0,0,0,0,0,0,0,0,0,0,0,0,0,0,0,0,0,0,0,0,0,0,0,0,0,0,0,0,0,0,0,0,0,0,0,0,0,0,0,0,0,0,0,0,0,0,0,0,0,0,0,0,0,0,0,0,0,0,0,0,0,0,0,0,0,0,0,0,0,0,0,0,0,0,0,0,0,0,0,0,0,0,0,0,0,0,0,0,0,0,0,0,0,0,0,0,0,0,0,0,0,0,0,0,0,0,0,0,0,0,0,0,0,0,0,0,0,0,0,0,0,0,0,0,0,0,0,0,0,0,0,0,0,0,0,0,0,0,0,0,0,0,0,0,0,0,0,0,0,0,0,0,0,0,0,0,0,0,0,0,0,0,0,0,0,0,0,0,0,0,0,0,0,0,0,0,0,0,0,0,0,0,0,0,0,0,0,0,0,0,0,0,0,0,0,0,0,0,0,0,0,0,0,0,0,0,0,0,0,0,0,0,0,0,0,0,0,0,0,0,0,0,0,0,0,0,0,0,0,0,0,0,0,0,0,0,0,0,0,0,0,0,0,0,0,0,0,0,0,0,0,0,0,0,0,0,0,0,0,0,0,0,0,0,0,0,0,0,0,0,0,0,0,0,0,0,0,0,0,0,0,0,0,0,0,0,0,0,0,0,0,0,0,0,0,0,0,0,0,0,0,0,0,0,0,0,0,0,0,0,0,0,0,0,0,0,0,0,0,0,0,0,0,0,0,0,0,0,0,0,0,0,0,0,0,0,0,0,0,0,0,0,0,0,0,0,0,0,0,0,0,0,0,0,0,0,0,0,0,0,0,0,0,0,0,0,0,0,0,0,0,0,0,0,0,0,0,0,0,0,0,0,0,0,0,0,0,0,0,0,0,0,0,0,0,0,0,0,0,0,0,0,0,0,0,0,0,0,0,0,0,0,0,0,0,0,0,0,0,0,0,0,0,0,0,0,0,0,0,0,0,0,0,0,0,0,0,0,0,0,0,0,0,0,0,0,0,0,0,0,0,0,0,0,0,0,0,0,0,0,0,0,0,0,0,0,0,0,0,0,0,0,0,0,0,0,0,0,0,0,0,0,0,0,0,0,0,0,0,0,0,0,0,0,0,0,0,0,0,0,0,0,0,0,0,0,0,0,0,0,0,0,0,0,0,0,0,0,0,0,0,0,0,0,0,0,0,0,0,0,0,0,0,0,0,0,0,0,0,0,0,0,0,0,0,0,0,0,0,0,0,0,0,0,0,0,0,0,0,0,0,0,0,0,0,0,0,0,0,0,0,0,0,0,0,0,0,0,0,0,0,0,0,0,0,0,0,0,0,0,0,0,0,0,0,0,0,0,0,0,0,0,0,0,0,0,0,0,0,0,0,0,0,0,0,0,0,0,0,0,0,0,0,0,0,0,0,0,0,0,0,0,0,0,0,0,0,0,0,0,0,0,0,0,0,0,0,0,0,0,0,0,0,0,0,0,0,0,0,0,0,0,0,0,0,0,0,0,0,0,0,0,0,0,0,0,0,0,0,0,0,0,0,0,0,0,0,0,0,0,0,0,0,0,0,0,0,0,0,0,0,0,0,0,0,0,0,0,0,0,0,0,0,0,0,0,0,0,0,0,0,0,0,0,0,0,0,0,0,0,0,0,0,0,0,0,0,0,0,0,0,0,0,0,0,0,0,0,0,0,0,0,0,0,0,0,0,0,0,0,0,0,0,0,0,0,0,0,0,0,0,0,0,0,0,0,0,0,0,0,0,0,0,0,0,0,0,0,0,0,0,0,0,0,0,0,0,0,0,0,0,0,0,0,0,0,0,0,0,0,0,0,0,0,0,0,0,0,0,0,0,0,0,0,0,0,0,0,0,0,0,0,0,0,0,0,0,0,0,0,0,0,0,0,0,0,0,0,0,0,0,0,0,0,0,0,0,0,0,0,0,0,0,0,0,0,0,0,0,0,0,0,0,0,0,0,0,0,0,0,0,0,0,0,0,0,0,0,0,0,0,0,0,0,0,0,0,0,0,0,0,0,0,0,0,0,0,0,0,0,0,0,0,0,0,0,0,0,0,0,0,0,0,0,0,0,0,0,0,0,0,0,0,0,0,0,0,0,0,0,0,0,0,0,0,0,0,0,0,0,0,0,0,0,0,0,0,0,0,0,0,0,0,0,0,0,0,0,0,0,0,0,0,0,0,0,0,0,0,0,0,0,0,0,0,0,0,0,0,0,0,0,0,0,0,0,0,0,0,0,0,0,0,0,0,0,0,0,0,0,0,0,0,0,0,0,0,0,0,0,0,0,0,0,0,0,0,0,0,0,0,0,0,0,0,0,0,0,0,0,0,0,0,0,0,0,0,0,0,0,0,0,0,0,0,0,0,0,0,0,0,0,0,0,0,0,0,0,0,0,0,0,0,0,0,0,0,0,0,0,0,0,0,0,0,0,0,0,0,0,0,0,0,0,0,0,0,0,0,0,0,0,0,0,0,0,0,0,0,0,0,0,0,0,0,0,0,0,0,0,0,0,0,0,0,0,0,0,0,0,0,0,0,0,0,0,0,0,0,0,0,0,0,0,0,0,0,0,0,0,0,0,0,0,0,0,0,0,0,0,0,0,0,0,0,0,0,0,0,0,0,0,0,0,0,0,0,0,0,0,0,0,0,0,0,0,0,0,0,0,0,0,0,0,0,0,0,0,0,0,0,0,0,0,0,0,0,0,0,0,0,0,0,0,0,0,0,0,0,0,0,0,0,0,0,0,0,0,0,0,0,0,0,0,0,0,0,0,0,0,0,0,0,0,0,0,0,0,0,0,0,0,0,0,0,0,0,0,0,0,0,0,0,0,0,0,0,0,0,0,0,0,0,0,0,0,0,0,0,0,0,0,0,0,0,0,0,0,0,0,0,0,0,0,0,0,0,0,0,0,0,0,0,0,0,0,0,0,0,0,0,0,0,0,0,0,0,0,0,0,0,0,0,0,0,0,0,0,0,0,0,0,0,0,0,0,0,0,0,0,0,0,0,0,0,0,0,0,0,0,0,0,0,0,0,0,0,0,0,0,0,0,0,0,0,0,0,0,0,0,0,0,0,0,0,0,0,0,0,0,0,0,0,0,0,0,0,0,0,0,0,0,0,0,0,0,0,0,0,0,0,0,0,0,0,0,0,0,0,0,0,0,0,0,0,0,0,0,0,0,0,0,0,0,0,0,0,0,0,0,0,0,0,0,0,0,0,0,0,0,0,0,0,0,0,0,0,0,0,0,0,0,0,0,0,0,0,0,0,0,0,0,0,0,0,0,0,0,0,0,0,0,0,0,0,0,0,0,0,0,0,0,0,0,0,0,0,0,0,0,0,0,0,0,0,0,0,0,0,0,0,0,0,0,0,0,0,0,0,0,0,0,0,0,0,0,0,0,0,0,0,0,0,0,0,0,0,0,0,0,0,0,0,0,0,0,0,0,0,0,0,0,0,0,0,0,0,0,0,0,0,0,0,0,0,0,0,0,0,0,0,0,0,0,0,0,0,0,0,0,0,0,0,0,0,0,0,0,0,0,0,0,0,0,0,0,0,0,0,0,0,0,0,0,0,0,0,0,0,0,0,0,0,0,0,0,0,0,0,0,0,0,0,0,0,0,0,0,0,0,0,0,0,0,0,0,0,0,0,0,0,0,0,0,0,0,0,0,0,0,0,0,0,0,0,0,0,0,0,0,0,0,0,0,0,0,0,0,0,0,0,0,0,0,0,0,0,0,0,0,0,0,0,0,0,0,0,0,0,0,0,0,0,0,0,0,0,0,0,0,0,0,0,0,0,0,0,0,0,0,0,0,0,0,0,0,0,0,0,0,0,0,0,0,0,0,0,0,0,0,0,0,0,0,0,0,0,0,0,0,0,0,0,0,0,0,0,0,0,0,0,0,0,0,0,0,0,0,0,0,0,0,0,0,0,0,0,0,0,0,0,0,0,0,0,0,0,0,0,0,0,0,0,0,0,0,0,0,0,0,0,0,0,0,0,0,0,0,0,0,0,0,0,0,0,0,0,0,0,0,0,0,0,0,0,0,0,0,0,0,0,0,0,0,0,0,0,0,0,0,0,0,0,0,0,0,0,0,0,0,0,0,0,0,0,0,0,0,0,0,0,0,0,0,0,0,0,0,0,0,0,0,0,0,0,0,0,0,0,0,0,0,0,0,0,0,0,0,0,0,0,0,0,0,0,0,0,0,0,0,0,0,0,0,0,0,0,0,0,0,0,0,0,0,0,0,0,0,0,0,0,0,0,0,0,0,0,0,0,0,0,0,0,0,0,0,0,0,0,0,0,0,0,0,0,0,0,0,0,0,0,0,0,0,0,0,0,0,0,0,0,0,0,0,0,0,0,0,0,0,0,0,0,0,0,0,0,0,0,0,0,0,0,0,0,0,0,0,0,0,0,0,0,0,0,0,0,0,0,0,0,0,0,0,0,0,0,0,0,0,0,0,0,0,0,0,0,0,0,0,0,0,0,0,0,0,0,0,0,0,0,0,0,0,0,0,0,0,0,0,0,0,0,0,0,0,0,0,0,0,0,0,0,0,0,0,0,0,0,0,0,0,0,0,0,0,0,0,0,0,0,0,0,0,0,0,0,0,0,0,0,0,0,0,0,0,0,0,0,0,0,0,0,0,0,0,0,0,0,0,0,0,0,0,0,0,0,0,0,0,0,0,0,0,0,0,0,0,0,0,0,0,0,0,0,0,0,0,0,0,0,0,0,0,0,0,0,0,0,0,0,0,0,0,0,0,0,0,0,0,0,0,0,0,0,0,0,0,0,0,0,0,0,0,0,0,0,0,0,0,0,0,0,0,0,0,0,0,0,0,0,0,0,0,0,0,0,0,0,0,0,0,0,0,0,0,0,0,0,0,0,0,0,0,0,0,0,0,0,0,0,0,0,0,0,0,0,0,0,0,0,0,0,0,0,0,0,0,0,0,0,0,0,0,0,0,0,0,0,0,0,0,0,0,0,0,0,0,0,0,0,0,0,0,0,0,0,0,0,0,0,0,0,0,0,0,0,0,0,0,0,0,0,0,0,0,0,0,0,0,0,0,0,0,0,0,0,0,0,0,0,0,0,0,0,0,0,0,0,0,0,0,0,0,0,0,0,0,0,0,0,0,0,0,0,0,0,0,0,0,0,0,0,0,0,0,0,0,0,0,0,0,0,0,0,0,0,0,0,0,0,0,0,0,0,0,0,0,0,0,0,0,0,0,0,0,0,0,0,0,0,0,0,0,0,0,0,0,0,0,0,0,0,0,0,0,0,0,0,0,0,0,0,0,0,0,0,0,0,0,0,0,0,0,0,0,0,0,0,0,0,0,0,0,0,0,0,0,0,0,0,0,0,0,0,0,0,0,0,0,0,0,0,0,0,0,0,0,0,0,0,0,0,0,0,0,0,0,0,0,0,0,0,0,0,0,0,0,0,0,0,0,0,0,0,0,0,0,0,0,0,0,0,0,0,0,0,0,0,0,0,0,0,0,0,0,0,0,0,0,0,0,0,0,0,0,0,0,0,0,0,0,0,0,0,0,0,0,0,0,0,0,0,0,0,0,0,0,0,0,0,0,0,0,0,0,0,0,0,0,0,0,0,0,0,0,0,0,0,0,0,0,0,0,0,0,0,0,0,0,0,0,0,0,0,0,0,0,0,0,0,0,0,0,0,0,0,0,0,0,0,0,0,0,0,0,0,0,0,0,0,0,0,0,0,0,0,0,0,0,0,0,0,0,0,0,0,0,0,0,0,0,0,0,0,0,0,0,0,0,0,0,0,0,0,0,0,0,0,0,0,0,0,0,0,0,0,0,0,0,0,0,0,0,0,0,0,0,0,0,0,0,0,0,0,0,0,0,0,0,0,0,0,0,0,0,0,0,0,0,0,0,0,0,0,0,0,0,0,0,0,0,0,0,0,0,0,0,0,0,0,0,0,0,0,0,0,0,0,-0.07004371,0.38360336,-0.24525939,-1.824449,0.57335496,-1.2914293,-0.19888031,0.98935497,-0.18282802,0.61638767,-1.1100438,0.5144269,-0.2423313,-0.8204751,0.92017853,-0.4604751,1.1134334,0.09711969,1.4195249,-0.18423979,-0.23375612,-0.37048817,-0.47542933,0.66104126,-0.13650122,0.40650532,-0.14857966,-0.47119403,0.28179944,0.95996934,1.5457472,1.1701132,1.8790282,1.3932242,0.47923735,0.46245304,-0.6829587,-0.35339013,-1.4189065,0.21868832,0.03134191,-0.6076123,-0.2775731,0.019995507,-1.1884228,-0.3500437,0.065015115,0.7499824,-0.62722015,-0.92191297,0.10057067,-1.2090241,0.892989,0.4953419,0.5243092,-0.5280829,-0.19030514,-0.64792603,-1.537547,0.4592112,-0.26617444,0.54030925,-0.4924751,1.4686229,0.19725041,-0.18178228,-0.910828,0.9330413,-1.07156,0.50815237,-0.206096,-0.034017567,-0.7046581,0.33142033,-0.3327888,-0.029207109,-0.12180842,-0.094828025,0.22616544,-0.13796528,-0.5336777,0.44791707,0.99510664,0.113381125,-0.56876266,0.060936682,0.60692364,1.1581916,-0.13221364,-0.4493901,-0.035795342,-0.9416777,-0.56431824,0.44708046,0.101407275,-1.1119261,0.38391706,-0.025128676,0.08901511,-0.06920711,-0.438096,0.31311968,1.0687275,0.8196295,0.031498775,0.7205968,0.0722308,-0.5085274,-0.30157313,-0.5240568,-0.35694566,0.6681524,-0.23642279,-0.19454044,-1.2483444,-0.058383577,-0.23145548,0.4124138,0.11379943,-0.1992986,-0.26570383,-0.41932476,-0.7016254,0.13722427,0.7106099,-0.16756006,-0.36290646,0.19442688,-0.7957953,-0.18340318,0.2705053,-0.75652736,0.5475249,-0.4876646,-0.5594032,-0.82115483,-0.20484109,-0.5822006,-0.29629207,0.13152492,-0.22455351,-0.25890645,0.5849105,0.019420343,-0.87626594,-0.5585143,-0.63192606,-0.7620699,-0.66554695,0.37816545,-0.2654947,0.96838766,-0.5182006,1.2503746,0.8861916,-0.19542933,0.2743746,-0.31349468,0.8266883,0.5821916,-0.14429207,-0.5046058,-0.105442405,-0.15563849,0.013354984,0.5862177,0.6720216,-0.19982149,-0.2793509,0.6597341,-0.35271037,-0.9108803,-0.33697182,-0.13388684,-0.5129718,-0.13189992,0.95421773,-0.33728555,0.041642565,0.3567798,-0.42026594,-0.027743056,0.9838125,0.05602165,0.09670139,-0.3576777,0.47489747,0.02402165,0.0570674,-0.2073509,0.34030923,-0.20484109,-0.1989326,0.060518384,-0.44593912,-0.02439665,-0.38742933,0.20796937,-0.36301103,0.09555106,-0.23840973,-0.2987496,-0.068056785,-0.38063195,-0.29179534,0.16692361,-0.25033128,-1.1349326,-0.102828026,-0.5167365,-0.6828019,0.87955105,-0.38570383,0.3948452,0.72336805,-0.22779535,0.55986476,-0.6742267,-0.51208293,0.35610008,0.21058375,0.6330151,-0.56949466,0.26783866,-0.30784762,-1.0143051,1.2031589,-0.90868425,0.7339302,-0.96682805,-0.49122018,0.9593419,0.06736805,-0.5026712,0.012413807,0.26872754,-0.18157312,-0.36379534,0.21356413,1.0476556,0.024858251,1.0153942,-0.10638358,-0.5404228,-0.64729863,0.22945955,-0.40400448,0.26344648,-0.038828023,0.06830923,0.14109355,1.0965445,-0.06308946,-0.23046201,0.07902819,-0.15396528,0.13168178,-0.52327245,0.09136806,-0.27945548,-0.5285535,-0.8615208,0.60713273,0.5251981,1.5246753,-0.8415993,0.24410008,0.45121118,0.72477984,-0.11276266,0.045302697,-0.41571692,-0.58225286,0.18193014,-0.7880045,-0.07731168,-0.17090645,0.082740605,0.16561642,-0.0136254085,0.73440075,0.41732883,-0.89221364,-0.04342933,0.16279289,-0.8448411,-0.5033509,0.7400478,-0.39495873,0.6557079,0.25905433,0.7105053,0.63505435,0.7847014,-0.9649457,0.19338113,0.16676675,-0.74115485,0.4894857,0.16634844,0.06773407,-0.88620055,0.43134192,-0.58695877,0.93079287,-0.18387377,0.06747263,0.12718505,-0.86188686,0.64770794,0.3228452,0.19437459,0.2752112,-0.068788804,0.030766748,-0.3800045,0.14914583,-0.75616133,1.0541916,0.07249224,-0.6942006,-0.49937704,0.07829616,0.04070139,0.14109355,0.20744649,-0.82016134,0.636989,0.37361643,0.42067525,0.5260347,-0.91474956,-0.8987496,0.7829759,0.43338114,0.8675249,-0.12165155,-0.51422673,-0.049128678,0.86616546,-0.24803063,-0.4110633,-0.39956003,0.5106622,0.7465314,0.3333027,0.5003092,0.26668832,0.9413027,-0.14047508,-0.5275078,0.41853145,-0.045520835,0.6948713,0.12174714,-0.5023574,0.51913273,0.41983864,-0.32546854,0.98579943,-0.83579534,-1.2338607,0.20849223,-0.31616136,0.10376021,0.96091056,0.35719812,-0.7392725,0.11630923,0.08111969,0.030609885,-0.49372998,0.4701393,-0.09310253,0.8373027,-0.50199145,-0.6238738,0.3091981,0.34527656,0.76049227,0.8751589,0.1787929,0.38752493,-0.15537705,0.25403473,-0.87323326,0.30198243,-0.21848816,-0.19877574,-0.41017443,0.84033537,-0.5582529,-0.22816135,-0.2439522,-0.58397835,-1.0779914,0.6608321,-0.31961232,0.390087,-1.3795339,0.46266216,0.34198242,-0.7818869,0.64054453,-1.5396907,0.34407395,0.76096284,0.9053288,0.5628452,-0.07250123,0.40127656,-0.56708944,-0.2881352,0.36666217,-0.05357312,-0.91846204,-0.8427496,0.53142035,-0.34084108,0.5771197,0.3661393,0.57178634,-0.45644894,-0.43966463,-0.19171691,0.7401001,-0.75365156,0.22747263,-0.7597692,0.2486491,-0.47924632,-0.56463194,-0.28536397,-0.10345548,-0.083899915,0.051577207,0.014923611,0.17806086,0.22266217,-0.4843705,-0.79197836,-0.50105023,1.209172,0.71531576,-0.79945546,0.46281904,-0.20745547,0.67986476,-0.33482802,-0.2835339,-0.71537703,-0.43626595,-0.12578227,0.8734334,-0.2271156,-0.56667113,0.21502818,-0.62936395,-0.46350777,0.3025053,-0.73759925,-0.21676266,0.15202165,0.37806088,-0.038514297,-1.4379914,-0.13932475,0.08932884,-0.16583456,0.938636,0.10475367,-0.086409725,-0.6383051,-0.37775612,0.39766872,-0.45634437,-0.32389992,-0.17712867,0.39322427,-0.8013901,-0.78099793,-0.3871156,-0.4435339,0.3274465,-0.10408293,0.2213027,0.90595627,-0.13545547,-0.17142934,-0.31673652,-0.5075339,0.44587785,0.011368056,-0.8289457,0.37602165,-0.35956004,1.2253288,-0.16750777,-0.747011,0.42370793,-0.17759927,-0.6148803,-0.7849195,-0.7294424,-0.1370241,-0.96625286,-0.5282398,0.25612622,-0.5437692,0.42313275,0.3013027,-0.37189993,-0.32170385,-0.048082925,0.68012625,0.13429616,0.2196295,-0.8189064,-0.25592607,1.1202831,0.4558648,0.28096282,-0.15877573,-0.57822675,-0.89174306,0.5518125,0.5468975,0.025276553,0.039080475,0.057015114,-0.5387496,-0.1185143,-0.66010904,0.4351589,0.053982433,0.35165563,-0.64557314,-0.42978227,-0.31501102,0.1707406,-0.79527247,-0.13864502,-0.78695875,-0.13006985,-1.2491287,0.01753799,-0.36421365,-0.060265932,0.098531455,-0.16808292,-0.17608292,0.26825693,0.0793942,0.4226099,0.08995629,-0.4018084,1.3794204,-0.5945404,0.08551185,-0.9019914,-0.2140437,0.1324661,-0.2671156,-0.87250125,-0.14366463,0.20760335,-0.64803064,-0.092579655,-0.17519404,-1.0889195,-0.28829208,1.2354203,-0.023194036,-0.20839664,0.2251197,-0.62314177,-0.33446202,-0.31757313,-0.526096,-0.35997835,0.92535496,0.36817852,0.040805966,-0.3643705,0.28127655,-0.020004494,0.9067406,-1.0854685,0.042949755,0.84164256,0.6215118,1.3232112,0.7451197,-0.84928554,0.7471589,-0.29733783,-0.36724633,-0.5381221,0.55050534,0.30308047,-1.1890502,-0.35919404,-0.07156005,-0.83391297,-0.88029206,0.12917198,-0.2731287,-0.34769076,-0.10434436,-0.6201091,1.0195773,0.2722308,-0.1892594,0.0718125,0.7602831,0.5405707,-0.0553509,-0.8407627,-0.42308947,-0.14481495,-0.654828,-0.36243588,0.23128963,-0.5477431,0.24608701,0.67008704,0.31662294,-0.0016515523,-0.27229208,0.42438766,0.5947929,0.3033942,0.13084517,-1.0228803,1.3107145,-0.97519404,0.40974715,-0.41174304,-0.2258607,-1.0536255,0.29236153,0.31824386,0.56117195,-0.0473509,-0.66999143,-0.2910633,-0.46648815,-0.20165156,0.08195629,-0.1327888,0.0015379902,-1.0481352,0.00070138887,-0.31877574,-0.29221365,0.77419156,0.46376023,-0.22152083,0.47484517,-0.41006985,-0.70701104,0.25994322,0.11489747,-0.47788686,0.20091054,-0.66570383,0.20070139,0.48477983,-0.6493378,-0.5198738,-0.42805678,0.286453,-0.69979537,0.9737733,-0.83950776,0.6090674,-0.09461887,0.5036556,0.82757723,-0.32426593,0.46909353,0.2733811,-0.15783456,1.4197863,0.79960334,-0.23067117,-0.5925535,-0.23406985,0.24713276,-0.55156004,0.3607537,1.1725184,-0.11684109,-0.8490241,-0.23542933,0.54318506,-0.94863194,0.14898898,-0.09686724,-0.76499796,-0.5629587,-0.38706332,0.113694854,1.0459301,0.63045305,-0.27276266,0.15092361,-0.45890644,0.092100084,1.3857472,-0.5153248,0.8971197,0.7027668,-0.054566585,-1.2489195,0.253355,0.72509354,-0.38026592,0.39688438,-0.24740319,0.75134194,-0.18366462,0.50229615,0.7742439,0.013250409,0.048649102,-0.027481617,-0.22816135,-0.07971691,0.099786356,1.174819,-0.538279,0.12394322,-0.7282398,0.27860987,-0.44599143,-0.03370384,0.72765565,-0.47103718,-1.0112724,-0.32588685,-0.4491287,0.7143746,-1.3398999,-0.040501226,-0.09655351,-0.61352086,-0.638096,0.9858517,0.36974713,0.66491055,-0.5554816,-0.07830515,-0.80133784,-0.050435867,-1.3858607,0.3741393,-0.09315482,0.185904,-1.0731809,0.63735497,-0.04034436,0.72995627,0.17413929,0.95960337,1.0916295,-0.78742933,-0.46225286,-0.63234437,-0.2835862,0.43243995,0.46313277,-0.560815,0.1913419,-0.24112868,-0.26068422,-0.0839522,-0.16248815,-0.3079522,-1.6132594,-0.093520835,0.61738116,0.7799955,-0.5984097,-0.095194034,0.14151184,0.254087,-0.8922659,0.68875366,0.44430923,-0.12714174,0.76049227,-0.5868019,-0.012056781,-0.37456658,-0.032867238,-0.5176254,-0.36834437,-0.34622672,0.11134191,0.6915249,-0.8486581,0.5018256,-0.43480188,-0.04844894,0.6066099,-0.8220437,-0.59490645,-0.46016136,0.4974857,-0.53634435,-1.0596907,0.79411316,-0.42737705,1.0092243,-0.44452736,-0.3963705,-0.14115483,0.06559028,-0.018488154,-0.21759926,-0.23835744,0.9490935,0.9578779,0.14783864,1.3394727,0.20535499,0.17220466,-1.2006581,-0.8480829,-0.49901104,-0.94146854,0.13189094,-0.09927247,-0.22047508,0.20237459,0.83118504,-0.3690241,0.35500205,-1.246462,-0.013729984,-0.052213643,-0.390096,0.6027929,0.013459559,0.37471446,-0.70068425,-0.071664624,0.3808321,-0.80159926,-0.14664501,-0.34596527,0.38496283,-0.19788684,0.46020466,0.27531576,0.030400734,-0.05880188,0.22266217,0.22240074,0.07751185,0.30538112,0.115890935,0.18799551,0.7313158,0.51045305,0.03552492,-0.186279,1.1643615,-0.06533783,0.72796935,-0.33514175,1.52227,0.21685825,0.2730151,-0.709364,-0.2687365,-0.6721875,-0.112919524,0.3223223,0.09847917,0.8891197,-1.0544097,-0.40886724,-0.2136254,0.9758125,0.4368321,-1.2625666,0.9122308,0.06292361,-0.50978225,-0.008710376,-0.21043587,0.33952492,0.111707926,-0.6376254,-0.9677692,-0.12473652,-0.9926058,-0.9694424,0.30778635,-0.03715482,0.55285823,-0.5499914,0.6302962,0.94281906,-0.7345143,-0.044788808,0.99568176,1.2226099,-0.8769457,0.1964138,0.04828309,1.1179302,0.034688316,0.85053146,0.73513275,-0.5464359,1.0341654,0.15311968,-0.739377,0.33345956,-0.273913,0.82470137,0.23970793,-0.174096,0.2903223,0.7501393,0.59155107,-0.08803064,-0.36076266,-0.6182267,-0.5196123,0.07327655,-0.043272465,-0.24933782,-0.63924634,0.5107145,-0.67757314,-0.41310254,-0.19433129,-0.3071156,0.45157722,0.37596935,1.0041524,-1.0549849,-0.58099794,0.66308045,-0.47333783,0.2911066,0.21382557,1.2089106,-0.56243587,-0.24201757,-0.056867238,-1.3166319,-0.13963848,0.81827,-0.06821364,-0.43992606,0.61440074,-0.8865666,0.1703223,-0.049546976,0.37654454,-0.38512868,0.015080474,0.95060986,-0.19579534,-0.3825143,0.29523733,0.47698897,-1.2643443,0.14020465,-0.87830514,-0.50157315,0.36294976,0.20179942,-0.48761234,0.10224387,-0.5976777,-1.5480567,0.9152635,-0.24850123,0.010897467,-0.40661886,-0.013991422,0.19719812,-0.43689337,0.8903223,-1.3160045,-0.42209598,-0.49399143,-0.1761875,0.6848321,0.137904,0.3076295,-0.10654044,-0.4705143,-0.33519402,0.48634845,-0.3601352,-0.03501103,-0.06345548,0.053145833,0.2444661,0.8318648,0.8041001,0.38182557,-0.29718095,0.5580347,-0.023926063,0.2558125,0.34527656,0.29942036,-0.45691952,0.4048844,-0.04515482,-0.9219653,0.46689746,-0.7003705,0.37638766,0.8131458,-1.0162921,-0.7328411,-0.57006985,1.1630543,-0.71286726,-0.93812215,1.8585315,-1.515168,0.5841785,-0.1778607,-1.7608149,-0.5902529,1.3346099,0.8385053,0.046871323,1.3581393,0.21429616,0.0768844,-0.052370507,1.6396034,-0.36792606,-0.52583456,0.893721,-0.31919405,-1.8189064,-0.4250764,-0.25937703,-1.3498346,1.5043354,0.14694975,0.3989236,1.7310543,-1.6520568,-0.37739012,0.87076676,-0.7692332,1.3356557,0.07447917,-0.5900437,-1.2870371,0.90595627,1.5111327,-1.1941744,0.67798245,1.1599171,-1.3636385,-1.5468541,0.38977328,-0.2086058,-1.2578607,0.6996295,-1.611377,0.4393942,0.8842047,-0.8661221,1.7738779,0.4826883,0.53717196,1.0959693,-1.4839522,1.3733027,1.6056687,-1.0500176,-0.8405535,-1.2942005,0.7653027,-1.121181,1.2881262,-0.8969718,-0.4915339,-0.26340318,1.1316295,0.59583867,-0.5765535,-1.4374163,-1.3411548,0.918819,1.2227144,0.38025695,-1.7107234,-0.14057966,0.30313277,1.8992635,1.2623484,-1.0721875,1.0706621,-1.4605796,-1.12573,-1.7954293,-1.02173,-1.2859391,1.140989,1.6959693,-1.1745666,-0.68850124,0.34485826,-0.84510255,-0.98408294,1.6245445,-0.030566584,1.0490152,-0.16107638,1.2912635,-0.63020056,-1.5155339,0.6010674,1.4662178,0.88043994,1.4880216,-0.79239666,1.6094334,-0.6368411,1.5095118,0.48566872,1.2465053,0.40294975,0.16331577,1.5989759,1.5365446,1.0853027,1.0531459,-0.32348162,0.10705433,1.740989,0.7215903,-0.83919406,0.90982556,1.3268713,-1.4277953,
